entrez,4932.YHR206W,4932.YAL017W,4932.YDL047W,4932.YNL006W,4932.YDL120W,4932.YNL212W,4932.YBR160W,4932.YLR362W,4932.YJL095W,4932.YDL240W,4932.YDR490C,4932.YLR350W,4932.YPL087W,4932.YPL196W,4932.YIL042C,4932.YHR205W,4932.YKL166C,4932.YNR047W,4932.YEL009C,4932.YGL173C,4932.YMR162C,4932.YPR159W,4932.YER083C,4932.YBR183W,4932.YHR079C,4932.YHR042W,4932.YMR186W,4932.YCR091W,4932.YFL026W,4932.YMR296C,4932.YNL234W,4932.YJL139C,4932.YHR030C,4932.YLR425W,4932.YJL005W,4932.YGR038W,4932.YHL003C,4932.YOR171C,4932.YOL002C,4932.YMR031C,4932.YER093C,4932.YLR305C,4932.YPR149W,4932.YBR162C,4932.YNL027W,4932.YJL128C,4932.YJL062W,4932.YLR240W,4932.YHR186C,4932.YDL167C,4932.YJL115W,4932.YBR181C,4932.YOL078W,4932.YNR072W,4932.YLR260W,4932.YGL085W,4932.YNL123W,4932.YMR028W,4932.YBR028C,4932.YER166W,4932.YDL079C,4932.YHR099W,4932.YBR136W,4932.YJL201W,4932.YKL203C,4932.YDR208W,4932.YGL180W,4932.YNL267W,4932.YLR371W,4932.YLR206W,4932.YFL039C,4932.YAL048C,4932.YDL177C,4932.YML121W,4932.YNL135C,4932.YOR101W,4932.YKR031C,4932.YNR006W,4932.YPL203W,4932.YGR086C,4932.YLL019C,4932.YDR404C,4932.YDL161W,4932.YBR097W,4932.YLR300W,4932.YMR139W,4932.YKL212W,4932.YBR127C,4932.YKL062W,4932.YDR501W,4932.YCR027C,4932.YMR086W,4932.YNL241C,4932.YMR104C,4932.YOL045W,4932.YLR325C,4932.YLR229C,4932.YNL307C,4932.YER177W,4932.YJR059W,4932.YKL008C,4932.YKL129C,4932.YIL033C,4932.YGL190C,4932.YMR036C,4932.YJL164C,4932.YOL128C,4932.YBL103C,4932.YDR093W,4932.YMR307W,4932.YKL004W,4932.YBR036C,4932.YJL140W,4932.YIL147C,4932.YCR009C,4932.YNL047C,4932.YGR206W,4932.YDL160C,4932.YMR037C,4932.YNL207W,4932.YGR033C,4932.YKL126W,4932.YPR163C,4932.YDR049W,4932.YML019W,4932.YDL029W,4932.YLR453C,4932.YDR101C,4932.YIL048W,4932.YDR072C,4932.YNL298W,4932.YGL059W,4932.YIL110W,4932.YGR229C,4932.YLR098C,4932.YPR165W,4932.YDL236W,4932.YLR006C,4932.YPL240C,4932.YGR152C,4932.YPL090C,4932.YOL041C,4932.YJL034W,4932.YPR006C,4932.YIL007C,4932.YDR477W,4932.YLR095C,4932.YJL035C,4932.YPL004C,4932.YMR109W,4932.YBR109C,4932.YDL039C,4932.YLR342W,4932.YHL007C,4932.YBR058C-A,4932.YJR066W,4932.YGL207W,4932.YER019W,4932.YIL105C,4932.YDR017C,4932.YKR070W,4932.YML052W,4932.YDL222C,4932.YBL105C,4932.YDR099W,4932.YNL294C,4932.YNL270C,4932.YER125W,4932.YOL113W,4932.YBR034C,4932.YNL323W,4932.YDR173C,4932.YMR058W,4932.YGR131W,4932.YGR143W,4932.YDR466W,4932.YDR310C,4932.YDL159W,4932.YDR062W,4932.YNL128W,4932.YFL033C,4932.YNL098C,4932.YOL058W,4932.YOL034W,4932.YPR001W,4932.YLR035C,4932.YBR117C,4932.YMR129W,4932.YDR054C,4932.YPR110C,4932.YMR239C,4932.YMR106C,4932.YDR076W,4932.YOR391C,4932.YKL178C,4932.YER148W,4932.YMR300C,4932.YKL130C,4932.YPR111W,4932.YCR092C,4932.YPR135W,4932.YOL012C,4932.YKR099W,4932.YER019C-A,4932.YOR197W,4932.YGR061C,4932.YGR085C,4932.YJL060W,4932.YIR004W,4932.YPL106C,4932.YMR301C,4932.YLL002W,4932.YLL026W,4932.YDR188W,4932.YPL126W,4932.YOR196C,4932.YPL212C,4932.YPL127C,4932.YJL194W,4932.YOR390W,4932.YOR063W,4932.YCL064C,4932.YNL072W,4932.YPL211W,4932.YKL042W,4932.YPL018W,4932.YLL001W,4932.YAR002W,4932.YGR082W,4932.YBR118W,4932.YLR058C,4932.YDL131W,4932.YDL130W,4932.YMR108W,4932.YMR217W,4932.YBR009C,4932.YGR192C,4932.YER012W,4932.YPR004C,4932.YGR281W,4932.YKL197C,4932.YOL055C,4932.YLR079W,4932.YHR064C,4932.YKL173W,4932.YPR045C,4932.YOL140W,4932.YBR112C,4932.YKR079C,4932.YLR383W,4932.YJL088W,4932.YLR032W,4932.YCL043C,4932.YBR244W,4932.YBR159W,4932.YDR011W,4932.YMR127C,4932.YML095C,4932.YDR036C,4932.YOR191W,4932.YPR047W,4932.YIR027C,4932.YBR248C,4932.YDL064W,4932.YLR186W,4932.YBL080C,4932.YOR083W,4932.YBR115C,4932.YER056C,4932.YAL015C,4932.YKL195W,4932.YBR114W,4932.YHL012W,4932.YER164W,4932.YGL070C,4932.YDR385W,4932.YIR002C,4932.YHL011C,4932.YMR322C,4932.YLR163C,4932.YHL035C,4932.YDR167W,4932.YNL209W,4932.YPR024W,4932.YAR007C,4932.YAL038W,4932.YBR029C,4932.YER165W,4932.YDL042C,4932.YLR293C,4932.YLR160C,4932.YBR092C,4932.YDR013W,4932.YGL122C,4932.YGL013C,4932.YKL060C,4932.YFL008W,4932.YOR001W,4932.YGL255W,4932.YMR278W,4932.YOL127W,4932.YOR025W,4932.YKR010C,4932.YGR218W,4932.YHR028C,4932.YDR121W,4932.YML028W,4932.YKL194C,4932.YDR254W,4932.YDR012W,4932.YNR019W,4932.YDR146C,4932.YOR375C,4932.YPR119W,4932.YOR133W,4932.YER055C,4932.YGL169W,4932.YKL085W,4932.YML007W,4932.YGL120C,4932.YOR156C,4932.YER052C,4932.YJL130C,4932.YJL069C,4932.YDR258C,4932.YDL084W,4932.YML008C,4932.YNL250W,4932.YNL141W,4932.YEL026W,4932.YMR039C,4932.YNL031C,4932.YGL143C,4932.YOR046C,4932.YKL192C,4932.YLR182W,4932.YGL010W,4932.YNL188W,4932.YGL058W,4932.YNL273W,4932.YOL123W,4932.YBL042C,4932.YER183C,4932.YDR454C,4932.YHR024C,4932.YLL024C,4932.YNL030W,4932.YMR189W,4932.YDR127W,4932.YMR032W,4932.YCR057C,4932.YCL027W,4932.YEL069C,4932.YDR234W,4932.YHR023W,4932.YGL056C,4932.YDR453C,4932.YLL048C,4932.YJL157C,4932.YOR020C,4932.YIR008C,4932.YLR180W,4932.YOR153W,4932.YHR047C,4932.YOR286W,4932.YNL186W,4932.YDL192W,4932.YER099C,4932.YLR409C,4932.YOL039W,4932.YEL021W,4932.YKL081W,4932.YKL190W,4932.YCL004W,4932.YCL028W,4932.YEL046C,4932.YCR031C,4932.YBL063W,4932.YBL064C,4932.YOL126C,4932.YKR101W,4932.YOR285W,4932.YHR046C,4932.YPL081W,4932.YHR022C,4932.YBR208C,4932.YMR167W,4932.YDR214W,4932.YOL149W,4932.YER095W,4932.YOR151C,4932.YDR321W,4932.YDR103W,4932.YGL163C,4932.YMR120C,4932.YDR019C,4932.YGL030W,4932.YCR053W,4932.YJL111W,4932.YCL029C,4932.YIL078W,4932.Q0085,4932.YBR088C,4932.YGR258C,4932.YCR012W,4932.YNL007C,4932.YNL225C,4932.YJL112W,4932.YJR010W,4932.YPR080W,4932.YLR318W,4932.YPR191W,4932.YMR089C,4932.YBL032W,4932.YML032C,4932.YML056C,4932.YNL247W,4932.YGL009C,4932.YER070W,4932.YDR227W,4932.YOR117W,4932.YGR211W,4932.YJR057W,4932.YOR202W,4932.YDR009W,4932.YOR310C,4932.YOR201C,4932.YGL201C,4932.YDR533C,4932.YHR119W,4932.YGL008C,4932.YAL062W,4932.YGL116W,4932.YEL042W,4932.YMR284W,4932.YMR042W,4932.YPL097W,4932.YNL330C,4932.YFL037W,4932.YIL162W,4932.YBL055C,4932.YGR233C,4932.YKL205W,4932.YML035C,4932.YPR060C,4932.YGL115W,4932.YGL006W,4932.YMR043W,4932.YGR124W,4932.YML058W,4932.YHR203C,4932.YIL010W,4932.YDL229W,4932.YDR510W,4932.YEL060C,4932.YOR005C,4932.YNL026W,4932.YJL008C,4932.YNL268W,4932.YKL117W,4932.YNR016C,4932.YNL220W,4932.YHR008C,4932.YMR084W,4932.YDR207C,4932.YEL061C,4932.YER090W,4932.YBL013W,4932.YNL159C,4932.YMR085W,4932.YMR061W,4932.YGL221C,4932.YOR245C,4932.YJR145C,4932.YGL112C,4932.YAR073W,4932.YOR330C,4932.YGR127W,4932.YOR136W,4932.YIL142W,4932.YGR128C,4932.YEL063C,4932.YAR050W,4932.YGL026C,4932.YBR084W,4932.YML124C,4932.YGL220W,4932.YPL164C,4932.YPL187W,4932.YLR446W,4932.YDR318W,4932.YDR091C,4932.YHR005C,4932.YJR144W,4932.YKL113C,4932.YPL059W,4932.YGR140W,4932.YMR080C,4932.YPL169C,4932.YOL086C,4932.YJR103W,4932.YKL114C,4932.YKL029C,4932.YJR017C,4932.YLR008C,4932.YIL015W,4932.YMR190C,4932.YDR092W,4932.YPL146C,4932.YPL279C,4932.YML096W,4932.YLR420W,4932.YLR359W,4932.YLR335W,4932.YDR408C,4932.YJR016C,4932.YLR441C,4932.YBR111C,4932.YBR002C,4932.YGL090W,4932.YML051W,4932.YPL167C,4932.YLR138W,4932.YIL145C,4932.YJR149W,4932.YBL039C,4932.YKL003C,4932.YGR188C,4932.YLR442C,4932.YIR022W,4932.YDL200C,4932.YNL206C,4932.YAL046C,4932.YMR303C,4932.YKL024C,4932.YPL124W,4932.YLR378C,4932.YLR245C,4932.YBR044C,4932.YDL003W,4932.YDR050C,4932.YPL258C,4932.YDR098C,4932.YNL229C,4932.YKL001C,4932.YAL040C,4932.YGR012W,4932.YKL134C,4932.YGR254W,4932.YLR355C,4932.YGR231C,4932.YLR028C,4932.YDL137W,4932.YDR409W,4932.YJL092W,4932.YBR284W,4932.YDL028C,4932.YLR113W,4932.YOR316C,4932.YDR097C,4932.YNL313C,4932.YLR158C,4932.YBR179C,4932.YDR052C,4932.YKR072C,4932.YNL118C,4932.YJR105W,4932.YBR263W,4932.YBR021W,4932.YDR074W,4932.YJR019C,4932.YGR252W,4932.YJL070C,4932.YJR104C,4932.YLR377C,4932.YLR244C,4932.YOL061W,4932.YBR130C,4932.YNR033W,4932.YLR220W,4932.YPL015C,4932.YNR057C,4932.YDR293C,4932.YML030W,4932.YBR020W,4932.YPR088C,4932.YDL220C,4932.YBL019W,4932.YDR174W,4932.YER026C,4932.YLR289W,4932.YDL059C,4932.YAL029C,4932.YAL005C,4932.YPL117C,4932.YLL015W,4932.YGR072W,4932.YOL023W,4932.YLR157C,4932.YOR185C,4932.YBR019C,4932.YHR055C,4932.YHR164C,4932.YDR283C,4932.YHR031C,4932.YMR203W,4932.YPL227C,4932.YDR394W,4932.YJR109C,4932.YLR130C,4932.YLR045C,4932.YGL172W,4932.YGL063W,4932.YPL248C,4932.YKL078W,4932.YOR184W,4932.YDL033C,4932.YMR229C,4932.YOR074C,4932.YOL001W,4932.YOL135C,4932.YLR288C,4932.YJL074C,4932.YLR155C,4932.YDL143W,4932.YHR077C,4932.YHR053C,4932.YLL013C,4932.YER133W,4932.YBR214W,4932.YHL022C,4932.YAR015W,4932.YDR287W,4932.YDR155C,4932.YBR101C,4932.YLR394W,4932.YCL030C,4932.YIR037W,4932.YER069W,4932.YNL191W,4932.YNL082W,4932.YPR033C,4932.YKL185W,4932.YBR039W,4932.YER178W,4932.YER021W,4932.YPL206C,4932.YLR044C,4932.YLR153C,4932.YCR084C,4932.YJL076W,4932.YDR263C,4932.YDR481C,4932.YOL043C,4932.YJL052W,4932.YER179W,4932.YHR074W,4932.YMR224C,4932.YOR095C,4932.YDR398W,4932.YDR047W,4932.YOL044W,4932.YOR180C,4932.YDR375C,4932.YPR035W,4932.Q0105,4932.YLR089C,4932.YGR098C,4932.YBR018C,4932.YDL185W,4932.YBR236C,4932.YEL018W,4932.YPR120C,4932.YNR050C,4932.YBR235W,4932.Q0110,4932.YEL019C,4932.YMR201C,4932.YOL069W,4932.YLR284C,4932.YPR121W,4932.YER087C-B,4932.YPR145W,4932.Q0115,4932.YKR069W,4932.YAR019C,4932.YLR175W,4932.YBL091C,4932.YGR184C,4932.YJL030W,4932.YKL184W,4932.YDL078C,4932.YNR073C,4932.Q0120,4932.YLR281C,4932.YBR080C,4932.YDR110W,4932.YNR008W,4932.YDR135C,4932.YDR111C,4932.YAR075W,4932.YIL094C,4932.YFR027W,4932.YNL131W,4932.YMR024W,4932.YER041W,4932.YKL181W,4932.YEL037C,4932.YDR242W,4932.Q0130,4932.YHR124W,4932.YFR028C,4932.YMR001C,4932.YDR399W,4932.YJL056C,4932.YOR254C,4932.YFR004W,4932.YLR197W,4932.YNL178W,4932.YMR267W,4932.YER042W,4932.YOR278W,4932.YBR082C,4932.YDR354W,4932.YDR113C,4932.YLR060W,4932.YOR144C,4932.YOR386W,4932.YNL262W,4932.YBL072C,4932.YGR204W,4932.YDR268W,4932.YLR195C,4932.YLR062C,4932.YER174C,4932.YOR361C,4932.YDL182W,4932.YLL053C,4932.YLR086W,4932.YJL143W,4932.YER040W,4932.YML106W,4932.Q0160,4932.YFR047C,4932.YGL154C,4932.YDR224C,4932.YOR033C,4932.YER170W,4932.YEL032W,4932.YMR262W,4932.YPR102C,4932.YIL099W,4932.YJR064W,4932.YDR440W,4932.YDR004W,4932.YHR168W,4932.YLL036C,4932.YDR441C,4932.YJL121C,4932.YPR018W,4932.YDR005C,4932.YOR274W,4932.YER171W,4932.YHR144C,4932.YIL160C,4932.YDR489W,4932.YER086W,4932.YNL064C,4932.YFR025C,4932.YJL013C,4932.YPR019W,4932.YPL093W,4932.YGR208W,4932.YNL088W,4932.YCR066W,4932.YKL209C,4932.YDR226W,4932.YEL058W,4932.YGL175C,4932.YLR081W,4932.YBL075C,4932.YGR090W,4932.YPL094C,4932.YOL139C,4932.YHR166C,4932.YOR272W,4932.YNL281W,4932.YDR007W,4932.YDR225W,4932.YHL008C,4932.YCL018W,4932.YPL281C,4932.YML021C,4932.YOL090W,4932.YML130C,4932.YNL103W,4932.YER081W,4932.YDR325W,4932.YNL104C,4932.YIL066C,4932.YFR031C,4932.YJR069C,4932.YMR271C,4932.YOR323C,4932.YJR045C,4932.YBL045C,4932.YKR104W,4932.YJL101C,4932.YNL102W,4932.YPL089C,4932.YGR029W,4932.YGL238W,4932.YHR216W,4932.YJR152W,4932.YGR220C,4932.YLR304C,4932.YKL216W,4932.YJL127C,4932.YOR347C,4932.YBL068W,4932.YBR186W,4932.YPL194W,4932.YJR068W,4932.YJL126W,4932.YCR047C,4932.YOR346W,4932.YFL001W,4932.YFR034C,4932.YJR043C,4932.YPL086C,4932.YJL103C,4932.YDR217C,4932.YGL236C,4932.YGL018C,4932.YNR001C,4932.YPL280W,4932.YPR181C,4932.YGL103W,4932.YMR297W,4932.YML022W,4932.YCR046C,4932.YOR236W,4932.YDR305C,4932.YIL046W,4932.YJL129C,4932.YPL153C,4932.YGL211W,4932.YBL002W,4932.YPL043W,4932.YHR129C,4932.YCR005C,4932.YJL019W,4932.YMR072W,4932.YDR328C,4932.YPL020C,4932.YOR259C,4932.YPL154C,4932.YGL234W,4932.YGL125W,4932.YLR303W,4932.YIL023C,4932.YNL121C,4932.YNL036W,4932.YBR073W,4932.YDL106C,4932.YML004C,4932.YJR048W,4932.YPL198W,4932.YGL148W,4932.YKL104C,4932.YNL037C,4932.YHR018C,4932.YIL020C,4932.YJR133W,4932.YMR292W,4932.YIL021W,4932.YBR182C,4932.YBL023C,4932.YBR072W,4932.YNL277W,4932.YOR232W,4932.YGL256W,4932.YIL069C,4932.YDR439W,4932.YNL169C,4932.YML085C,4932.YML061C,4932.YGR044C,4932.YJL109C,4932.YPL132W,4932.YJR006W,4932.YPR186C,4932.YKL211C,4932.YOL051W,4932.YBR011C,4932.YCR008W,4932.YDR502C,4932.YLR347C,4932.YLR432W,4932.YPL110C,4932.YML060W,4932.YPL024W,4932.YPL266W,4932.YBR010W,4932.YBL005W,4932.YKL014C,4932.YDL017W,4932.YDL102W,4932.YLR259C,4932.YAL035W,4932.YLR126C,4932.YML063W,4932.YNL328C,4932.YEL070W,4932.YIR034C,4932.YLR103C,4932.YGR285C,4932.YDR191W,4932.YBL003C,4932.YKR080W,4932.YPL131W,4932.YDR419W,4932.YBR278W,4932.YER103W,4932.YLR233C,4932.YNL216W,4932.YLR451W,4932.YBR031W,4932.YPR073C,4932.YDR086C,4932.YKL145W,4932.YER102W,4932.YMR207C,4932.YJR009C,4932.YPR183W,4932.YGR133W,4932.YPL028W,4932.YIL116W,4932.YLR452C,4932.YGR267C,4932.YLR234W,4932.YDL125C,4932.YDL101C,4932.YPR074C,4932.YOR303W,4932.YPR160W,4932.YJL081C,4932.YER016W,4932.YBR143C,4932.YNL238W,4932.YDR172W,4932.YLR340W,4932.YDR040C,4932.YFL022C,4932.YOR326W,4932.YOR108W,4932.YPL001W,4932.YGR155W,4932.YBR166C,4932.YDL014W,4932.YBR275C,4932.YGR132C,4932.YLR014C,4932.YER017C,4932.YOL097C,4932.YJR007W,4932.YKL035W,4932.YOR349W,4932.YBR274W,4932.YFL045C,4932.YMR319C,4932.YBR189W,4932.YAL054C,4932.YOR093C,4932.YDR200C,4932.YLR023C,4932.YNL127W,4932.YJL083W,4932.YAL056W,4932.YGL021W,4932.YBR125C,4932.YPL177C,4932.YDR417C,4932.YMR029C,4932.YOL011W,4932.YDR102C,4932.YBR261C,4932.YJL165C,4932.YOL088C,4932.YER152C,4932.YOL101C,4932.YHR209W,4932.YBL009W,4932.YBR151W,4932.YFR008W,4932.YKR019C,4932.YLR238W,4932.YDL012C,4932.YDR518W,4932.YMR006C,4932.YMR026C,4932.YBR280C,4932.YDR265W,4932.YBR046C,4932.YIR007W,4932.YGL039W,4932.YLR413W,4932.YIL165C,4932.YIL001W,4932.YDR199W,4932.YHR134W,4932.YOR288C,4932.YDR443C,4932.YIL005W,4932.YOR155C,4932.YKL027W,4932.YML082W,4932.YHR009C,4932.YGR059W,4932.YMR008C,4932.YHL014C,4932.YLR120C,4932.YDL156W,4932.YJR090C,4932.YGL162W,4932.YKL068W,4932.YPL129W,4932.YNL097C,4932.YNL182C,4932.YOL145C,4932.YOR064C,4932.YAL016W,4932.YKR050W,4932.YDL048C,4932.YDR295C,4932.YDR382W,4932.YKL151C,4932.YER169W,4932.YPL235W,4932.YAL019W,4932.YDL154W,4932.YLR142W,4932.YER120W,4932.YDL155W,4932.YHR065C,4932.YLR167W,4932.YKL043W,4932.YPL128C,4932.YBR202W,4932.YOL054W,4932.YAR003W,4932.YLR055C,4932.YDR034C,4932.YJR094C,4932.YAL013W,4932.YGL073W,4932.YGL097W,4932.YOR061W,4932.YMR125W,4932.YKL198C,4932.YGR088W,4932.YCR096C,4932.YGR040W,4932.YBR221C,4932.YLR056W,4932.YLR274W,4932.YCL067C,4932.YJR093C,4932.YBR245C,4932.YER168C,4932.YJL197W,4932.YPR022C,4932.YER167W,4932.YHR171W,4932.YPL239W,4932.YOL032W,4932.YDR169C,4932.YKR056W,4932.YGR062C,4932.YJL041W,4932.YLR077W,4932.YJL089W,4932.YPR023C,4932.YPL216W,4932.YDR059C,4932.YIR026C,4932.YDR277C,4932.YGR063C,4932.YBR223C,4932.YDR253C,4932.YMR213W,4932.YPR133C,4932.YHR084W,4932.YGR109C,4932.YDR122W,4932.YJL176C,4932.YOR267C,4932.YKR034W,4932.YDR123C,4932.YER078C,4932.YCR052W,4932.YOL103W,4932.YNL251C,4932.YDR497C,4932.YJL153C,4932.YOR048C,4932.YJR073C,4932.YIL083C,4932.YLR185W,4932.YLR052W,4932.YGL012W,4932.YGL254W,4932.YBL061C,4932.YCR051W,4932.YML113W,4932.YHR027C,4932.YNL167C,4932.YKL170W,4932.YCL024W,4932.YER161C,4932.YGL035C,4932.YNL189W,4932.YGL253W,4932.YBL084C,4932.YER051W,4932.YLR183C,4932.YBR093C,4932.YER162C,4932.YDR233C,4932.YAR042W,4932.YDL194W,4932.YMR124W,4932.YGR108W,4932.YMR165C,4932.YOR372C,4932.YDR018C,4932.YDL083C,4932.YNL271C,4932.YER075C,4932.YDR320C,4932.YDR259C,4932.YOL016C,4932.YLR096W,4932.YNL053W,4932.YMR033W,4932.YFR037C,4932.YDR213W,4932.YGL031C,4932.YHR155W,4932.YJL110C,4932.YBL088C,4932.YPL190C,4932.YOR043W,4932.YIL084C,4932.YOR176W,4932.YLL022C,4932.YMR143W,4932.YMR276W,4932.YDR212W,4932.YHR178W,4932.YPL082C,4932.YOR042W,4932.YIL061C,4932.YFR038W,4932.YDR128W,4932.YMR277W,4932.YHR020W,4932.YMR011W,4932.YBR173C,4932.YLR319C,4932.YLR403W,4932.YNL201C,4932.YBR087W,4932.YML057W,4932.YOR311C,4932.YNL223W,4932.YNR011C,4932.YKR008W,4932.YGR123C,4932.YBR066C,4932.YBR042C,4932.YNL246W,4932.YNL222W,4932.YJL006C,4932.YBL056W,4932.YDR448W,4932.YMR199W,4932.YJR032W,4932.YLR449W,4932.YCR010C,4932.YGR232W,4932.YBL054W,4932.YBR198C,4932.YGR148C,4932.YML059C,4932.YNL136W,4932.YNL112W,4932.YOR116C,4932.YCR033W,4932.YBL079W,4932.YMR176W,4932.YML010W,4932.YOL108C,4932.YPL031C,4932.YBR083W,4932.YML123C,4932.YPL165C,4932.YPL141C,4932.YGL004C,4932.YLR448W,4932.YIL035C,4932.YOR113W,4932.YNL244C,4932.YGL003C,4932.YMR280C,4932.YBR062C,4932.YBR195C,4932.YKL139W,4932.YGL245W,4932.YML016C,4932.YLR009W,4932.YJR121W,4932.YNL025C,4932.YHR115C,4932.YKL116C,4932.YFR041C,4932.YPL055C,4932.YGL244W,4932.YDR536W,4932.YOR244W,4932.YHR029C,4932.YJR035W,4932.YMR172W,4932.YOR026W,4932.YPR065W,4932.YJR127C,4932.YDL116W,4932.YNL317W,4932.YBR133C,4932.YGR274C,4932.YGL092W,4932.YML097C,4932.YPL120W,4932.YNR052C,4932.YNL090W,4932.YBR289W,4932.YAL021C,4932.YGR056W,4932.YPR066W,4932.YIL148W,4932.YPL230W,4932.YLR226W,4932.YAL020C,4932.YKR092C,4932.YDL138W,4932.YLR223C,4932.YHL020C,4932.YML099C,4932.YDR180W,4932.YIL036W,4932.YLR247C,4932.YIR023W,4932.YBR158W,4932.YBL016W,4932.YGL209W,4932.YBR267W,4932.YJL090C,4932.YOR208W,4932.YML074C,4932.YDL006W,4932.YOL066C,4932.YNL314W,4932.YOR209C,4932.YBR049C,4932.YKL112W,4932.YLR357W,4932.YBL015W,4932.YCR018C,4932.YLR115W,4932.YPR068C,4932.YGL208W,4932.YDL136W,4932.YNR032W,4932.YKR094C,4932.YKL049C,4932.YDR096W,4932.YFL031W,4932.YPR086W,4932.YPL016W,4932.YPL149W,4932.YGR255C,4932.YMR304W,4932.YPL101W,4932.YBR175W,4932.YKL022C,4932.YDR075W,4932.YJL093C,4932.YBR240C,4932.YHR090C,4932.YER028C,4932.YPL256C,4932.YDL134C,4932.YIL101C,4932.YIR042C,4932.YPR040W,4932.YPL038W,4932.YIL126W,4932.YNL116W,4932.YDL002C,4932.YHR207C,4932.YGL150C,4932.YJL180C,4932.YPL116W,4932.YKL032C,4932.YNL280C,4932.YDL168W,4932.YDR392W,4932.YER159C,4932.YOR295W,4932.YHR165C,4932.YER111C,4932.YER025W,4932.YBR237W,4932.YPR013C,4932.YPL008W,4932.YLR399C,4932.YLR024C,4932.YER027C,4932.YHL025W,4932.YLR375W,4932.YMR312W,4932.YDL169C,4932.YBR103W,4932.YDR176W,4932.YLL039C,4932.YIR019C,4932.YER023W,4932.YPL139C,4932.YPR015C,4932.YLR131C,4932.YOL111C,4932.YOR098C,4932.YGL086W,4932.YDR043C,4932.YHL027W,4932.YGL194C,4932.YLR176C,4932.YIR013C,4932.YNL309W,4932.YML081W,4932.YMR113W,4932.YER154W,4932.YDL188C,4932.YCR060W,4932.YDL140C,4932.YGR270W,4932.YOR290C,4932.YGR052W,4932.YOL068C,4932.YPR034W,4932.YDL056W,4932.YDL165W,4932.YGL192W,4932.YMR005W,4932.YMR223W,4932.YAL024C,4932.YAR018C,4932.YHL024W,4932.YMR116C,4932.YDR288W,4932.YDR289C,4932.YJL187C,4932.YER130C,4932.YER045C,4932.YCR081W,4932.YDR026C,4932.YNL288W,4932.YML102W,4932.YGR207C,4932.YIL095W,4932.YJR060W,4932.YGL242C,4932.YER043C,4932.YDR485C,4932.YJL141C,4932.YGL048C,4932.YML126C,4932.YOR230W,4932.YNL021W,4932.YGL133W,4932.YOL116W,4932.YLR085C,4932.YDR245W,4932.YHR014W,4932.YJL057C,4932.YKR048C,4932.YER088C,4932.YGL156W,4932.YBR081C,4932.YML127W,4932.YGL131C,4932.YGL240W,4932.YMR136W,4932.YER089C,4932.YPL209C,4932.YDL074C,4932.YNL068C,4932.YKR001C,4932.YBL030C,4932.YJL168C,4932.YOR251C,4932.YDR139C,4932.YBL078C,4932.YKR002W,4932.YDL070W,4932.YHR120W,4932.YMR068W,4932.YEL056W,4932.YMR020W,4932.YPR104C,4932.YBR217W,4932.YGL044C,4932.YPR127W,4932.YOR141C,4932.YPL181W,4932.YMR069W,4932.YDR247W,4932.YMR263W,4932.YDR334W,4932.YBL052C,4932.YDR359C,4932.YLR418C,4932.YGL043W,4932.YOR140W,4932.YDR335W,4932.YMR179W,4932.YOL004W,4932.YMR047C,4932.YOL006C,4932.YFR001W,4932.YGL151W,4932.YKR029C,4932.YGL066W,4932.YCR065W,4932.YJL014W,4932.YNL172W,4932.YMR076C,4932.YNL236W,4932.YAL034W-A,4932.YPR093C,4932.YDR216W,4932.YFL024C,4932.YML069W,4932.YNL322C,4932.YDR432W,4932.YMR077C,4932.YBL021C,4932.YNR023W,4932.YOR215C,4932.YGR002C,4932.YOR213C,4932.YDR303C,4932.YGL237C,4932.YGR244C,4932.YNR002C,4932.YDR436W,4932.YKL108W,4932.YEL055C,4932.YOR128C,4932.YLR438W,4932.YDL108W,4932.YOR369C,4932.YKL215C,4932.YIL131C,4932.YBR095C,4932.YMR182C,4932.YJL105W,4932.YFL003C,4932.YIL153W,4932.YOR124C,4932.YLR433C,4932.YNR007C,4932.YLR348C,4932.YGR200C,4932.YKL018W,4932.YGL233W,4932.YOR039W,4932.YML027W,4932.YJL106W,4932.YOR233W,4932.YKL213C,4932.YPL150W,4932.YOR123C,4932.YPL042C,4932.YOR038C,4932.YLR216C,4932.YDR524C,4932.YGR116W,4932.YGR225W,4932.YJR132W,4932.YMR075W,4932.YBR169C,4932.YKL101W,4932.YPR187W,4932.YIL112W,4932.YDR081C,4932.YPL049C,4932.YNL329C,4932.YBR059C,4932.YDR190C,4932.YKL103C,4932.YAL032C,4932.YPR031W,4932.YHR082C,4932.YDL126C,4932.YPL021W,4932.YMR070W,4932.YPL179W,4932.YLR321C,4932.YNL217W,4932.YBR089C-A,4932.YGR067C,4932.YDR192C,4932.YLR454W,4932.YLR430W,4932.YJR119C,4932.YML041C,4932.YNL107W,4932.YLR015W,4932.YOR304W,4932.YGR157W,4932.YJL080C,4932.YDL149W,4932.YPL138C,4932.YLR210W,4932.YLR231C,4932.YGR240C,4932.YDL013W,4932.YBR276C,4932.YDL122W,4932.YIL113W,4932.YPL026C,4932.YLR013W,4932.YOR217W,4932.YBL008W,4932.YPL135W,4932.YFL021W,4932.YCL061C,4932.YMR091C,4932.YDR390C,4932.YPR161C,4932.YPR052C,4932.YPL111W,4932.YKL005C,4932.YBL017C,4932.YGR060W,4932.YJL084C,4932.YPR054W,4932.YMR110C,4932.YNL287W,4932.YMR009W,4932.YCR075C,4932.YHR002W,4932.YGR284C,4932.YLR069C,4932.YOL092W,4932.YOR132W,4932.YDR141C,4932.YFL038C,4932.YDR137W,4932.YNL181W,4932.YHL029C,4932.YAL023C,4932.YKL094W,4932.YNL297C,4932.YHL031C,4932.YOR357C,4932.YMR269W,4932.YML131W,4932.YPL195W,4932.YDR108W,4932.YFL025C,4932.YNR028W,4932.YKL161C,4932.YLR083C,4932.YLR039C,4932.YJR111C,4932.YIL006W,4932.YLR330W,4932.YDR264C,4932.YML038C,4932.YEL044W,4932.YOR069W,4932.YDR090C,4932.YFR051C,4932.YNL079C,4932.YDR068W,4932.YMR275C,4932.YLR262C,4932.YBR164C,4932.YOR219C,4932.YPL259C,4932.YDR170C,4932.YJL036W,4932.YBR147W,4932.YMR130W,4932.YNL197C,4932.YDR238C,4932.YJL204C,4932.YAL030W,4932.YJL053W,4932.YER100W,4932.YOR338W,4932.YCR094W,4932.YOL018C,4932.YAL026C,4932.YML111W,4932.YFL017C,4932.YKL172W,4932.YER020W,4932.YPL237W,4932.YLR277C,4932.YLR398C,4932.YKL021C,4932.YHL013C,4932.YPL226W,4932.YOL121C,4932.YHR066W,4932.YER002W,4932.YNL073W,4932.YDL145C,4932.YNL061W,4932.YPL009C,4932.YGR093W,4932.YPR100W,4932.YIL008W,4932.YLR275W,4932.YBR107C,4932.YLR372W,4932.YGL099W,4932.YKR052C,4932.YPR112C,4932.YPR029C,4932.YLR276C,4932.YJL050W,4932.YGL195W,4932.YGR095C,4932.YER122C,4932.YJL098W,4932.YER110C,4932.YHR041C,4932.YGR180C,4932.YHR052W,4932.YIR001C,4932.YJL196C,4932.YGL181W,4932.YER155C,4932.YML093W,4932.YLL008W,4932.YKR054C,4932.YMR259C,4932.YDR165W,4932.YDR395W,4932.YML092C,4932.YCL055W,4932.YPR143W,4932.YPR046W,4932.YDL031W,4932.YOR096W,4932.YPR010C,4932.YCL054W,4932.YDL020C,4932.YPR132W,4932.YDR496C,4932.YGR183C,4932.YNL308C,4932.YFR009W,4932.YMR236W,4932.YDL077C,4932.YHR085W,4932.YKL099C,4932.YOL142W,4932.YPL204W,4932.YKR057W,4932.YAL002W,4932.YBR247C,4932.YMR128W,4932.YDR120C,4932.YOL021C,4932.YPL217C,4932.YHR181W,4932.YNL022C,4932.YDR158W,4932.YER048W-A,4932.YGL025C,4932.YOR122C,4932.YOR243C,4932.YLR196W,4932.YGL243W,4932.YDR341C,4932.YOL115W,4932.YML005W,4932.YDL063C,4932.YJR084W,4932.YBL060W,4932.YMR049C,4932.YDR145W,4932.YHR003C,4932.YDL051W,4932.YDR473C,4932.YJL189W,4932.YLR170C,4932.YPL207W,4932.YDR463W,4932.YHR111W,4932.YOR023C,4932.YKR024C,4932.YHR135C,4932.YOR253W,4932.YGL241W,4932.YDL060W,4932.YJL033W,4932.YJL166W,4932.YKL191W,4932.YDL097C,4932.YOR168W,4932.YLR074C,4932.YOR179C,4932.YJL010C,4932.YNL175C,4932.YNL272C,4932.YNL163C,4932.YOL124C,4932.YKR038C,4932.YKR026C,4932.YLR419W,4932.YHL019C,4932.YCR044C,4932.YLL011W,4932.YDR465C,4932.YJL133W,4932.YKR028W,4932.YDL081C,4932.YMR131C,4932.YBL076C,4932.YIL096C,4932.YLL034C,4932.YHR154W,4932.YGL078C,4932.YDR346C,4932.YHR069C,4932.YJL039C,4932.YHR021C,4932.YJL026W,4932.YCL017C,4932.YFL036W,4932.YER082C,4932.YPL160W,4932.YKR007W,4932.YFL023W,4932.YPL040C,4932.YOR335C,4932.YDR336W,4932.YDR457W,4932.YGL105W,4932.YNL248C,4932.YFR033C,4932.YPR180W,4932.YIL076W,4932.YGR159C,4932.YGL213C,4932.YLR316C,4932.YGL129C,4932.YCR034W,4932.YOR226C,4932.YNR026C,4932.YPR095C,4932.YBR077C,4932.YPL183C,4932.YGR027C,4932.YOL093W,4932.YGR245C,4932.YNL137C,4932.YLR447C,4932.YMR060C,4932.YMR290C,4932.YLL040C,4932.YGR105W,4932.YGL029W,4932.YLR435W,4932.YJR002W,4932.YDR449C,4932.YKL009W,4932.YPL263C,4932.YGR118W,4932.YOR355W,4932.YHR200W,4932.YFR040W,4932.YGL136C,4932.YLR106C,4932.YLR336C,4932.YBL024W,4932.YIL044C,4932.YGR103W,4932.YNL255C,4932.YBR061C,4932.YFL005W,4932.YOR341W,4932.YNL132W,4932.YML014W,4932.YJR139C,4932.YOR309C,4932.YMR308C,4932.YBR023C,4932.YLR129W,4932.YMR309C,4932.YPL012W,4932.YGR271W,4932.YGR162W,4932.YDR083W,4932.YER105C,4932.YDL005C,4932.YBR146W,4932.YBL004W,4932.YPL178W,4932.YBR279W,4932.YGR163W,4932.YDR407C,4932.YKR081C,4932.YLR212C,4932.YNR041C,4932.YER006W,4932.YNL119W,4932.YLR221C,4932.YDL112W,4932.YIL103W,4932.YDL148C,4932.YGR278W,4932.YGR145W,4932.YKL110C,4932.YPL125W,4932.YLR222C,4932.YIL128W,4932.YBR079C,4932.YDR060W,4932.YKR082W,4932.YOR207C,4932.YOR206W,4932.YNL204C,4932.YGR264C,4932.YNR046W,4932.YJR117W,4932.YLR243W,4932.YBR142W,4932.YKL144C,4932.YBR154C,4932.YDL147W,4932.YLR002C,4932.YDR280W,4932.YGL229C,4932.YNR032C-A,4932.YAR035W,4932.YGR100W,4932.YPL104W,4932.YKR086W,4932.YNR012W,4932.YER013W,4932.YNL249C,4932.YKL141W,4932.YGR101W,4932.YNL085W,4932.YDR109C,4932.YML120C,4932.YLR299W,4932.YDL166C,4932.YKL188C,4932.YDR296W,4932.YMR205C,4932.YLR397C,4932.YMR261C,4932.YGL224C,4932.YGL062W,4932.YLR209C,4932.YKL067W,4932.YCL040W,4932.YGL248W,4932.YCL001W-B,4932.YHR202W,4932.YDR402C,4932.YOR320C,4932.YLR459W,4932.YJL213W,4932.YIL155C,4932.YDR400W,4932.YKR055W,4932.YML049C,4932.YHR183W,4932.YFL018C,4932.YHR073W,4932.YFR053C,4932.YOR353C,4932.YER141W,4932.YGL231C,4932.YML073C,4932.YGR286C,4932.YGL037C,4932.YML018C,4932.YDL019C,4932.YLL032C,4932.YCL010C,4932.YLL043W,4932.YDR243C,4932.YDL238C,4932.YOL087C,4932.YBR252W,4932.YHL032C,4932.YFL030W,4932.YLR017W,4932.YOR289W,4932.YDR516C,4932.YMR015C,4932.YOR252W,4932.YLL041C,4932.YLR345W,4932.YLR200W,4932.YOR360C,4932.YHR012W,4932.YBR218C,4932.YLR100W,4932.YFL056C,4932.YPR062W,4932.YLR146C,4932.YOL072W,4932.YJR008W,4932.YDR456W,4932.YER005W,4932.YDR171W,4932.YDL093W,4932.YKR085C,4932.YBR153W,4932.YMR105C,4932.YGL065C,4932.YDL132W,4932.YER015W,4932.YPR026W,4932.YGR194C,4932.YKL069W,4932.YER123W,4932.YBR006W,4932.YJL085W,4932.YKL152C,4932.YPR113W,4932.YPL249C,4932.YDR021W,4932.YPR154W,4932.YGR185C,4932.YPR021C,4932.YMR235C,4932.YGR077C,4932.YGR283C,4932.YDR142C,4932.YKR043C,4932.YGR170W,4932.YLR174W,4932.YDL065C,4932.YNR074C,4932.YOL143C,4932.YML070W,4932.YMR169C,4932.YDR256C,4932.YOR388C,4932.YER175C,4932.YOR340C,4932.YOR231W,4932.YEL024W,4932.YNL154C,4932.YHR148W,4932.YJL068C,4932.YHR038W,4932.YOR120W,4932.YOR374W,4932.YDR379W,4932.YDR244W,4932.YHR001W,4932.YGL252C,4932.YER065C,4932.YDR487C,4932.YOR131C,4932.YOR143C,4932.YDR451C,4932.YKL095W,4932.YHR169W,4932.YBL041W,4932.YKL092C,4932.YJL047C,4932.YOR275C,4932.YDR236C,4932.YLR191W,4932.YIL074C,4932.YER073W,4932.YCR020C,4932.YJR065C,4932.YKR003W,4932.YGL141W,4932.YPL084W,4932.YBL099W,4932.YDR117C,4932.YMR023C,4932.YOR187W,4932.YFR030W,4932.YCR036W,4932.YNL333W,4932.YAL060W,4932.YGL106W,4932.YFL059W,4932.YBL033C,4932.YJL125C,4932.YBR196C,4932.YLR404W,4932.YDL219W,4932.YBR296C,4932.YGL019W,4932.YPL061W,4932.YLR328W,4932.YDR531W,4932.YOR127W,4932.YGR003W,4932.YGR136W,4932.YDR329C,4932.YMR192W,4932.YPL140C,4932.YOR126C,4932.YDL205C,4932.YJR014W,4932.YMR096W,4932.YHR128W,4932.YMR170C,4932.YLL051C,4932.YKL106W,4932.YDR316W,4932.YPL262W,4932.YJR036C,4932.YOR100C,4932.YLR324W,4932.YNL122C,4932.YBR170C,4932.YJR156C,4932.YFL029C,4932.YDL201W,4932.YPL145C,4932.YGR263C,4932.YIL003W,4932.YGL091C,4932.YKL220C,4932.YHR094C,4932.YCR019W,4932.YBR256C,4932.YPR188C,4932.YFL053W,4932.YGR043C,4932.YPL023C,4932.YPR141C,4932.YAL022C,4932.YGR144W,4932.YLR354C,4932.YLR258W,4932.YIR031C,4932.YKL010C,4932.YIL017C,4932.YHR208W,4932.YGL205W,4932.YPL147W,4932.YKR097W,4932.YDL244W,4932.YER126C,4932.YAL041W,4932.YPL112C,4932.YKL156W,4932.YDR196C,4932.YOR107W,4932.YDL091C,4932.YDR150W,4932.YCR106W,4932.YGL174W,4932.YPL214C,4932.YOR216C,4932.YIR005W,4932.YIL109C,4932.YIL149C,4932.YDR364C,4932.YGR005C,4932.YML114C,4932.YOR308C,4932.YDL226C,4932.YKR062W,4932.YNL153C,4932.YLR291C,4932.YGR089W,4932.YGR078C,4932.YDL181W,4932.YKL053C-A,4932.YGL127C,4932.YBR231C,4932.YHR158C,4932.YPL241C,4932.YIR018W,4932.YOR195W,4932.YEL003W,4932.YDR356W,4932.YBR193C,4932.YJR082C,4932.YOR154W,4932.YGR282C,4932.YER007W,4932.YNL215W,4932.YGL071W,4932.YFR023W,4932.YNR067C,4932.YNL243W,4932.YBR135W,4932.YGL016W,4932.YPR184W,4932.YPL174C,4932.YNL048W,4932.YOR269W,4932.YOL130W,4932.YGR104C,4932.YML094W,4932.YLL029W,4932.YOR014W,4932.YJR143C,4932.YLR090W,4932.YOR198C,4932.YMR214W,4932.YOR336W,4932.YER001W,4932.YJR131W,4932.YMR161W,4932.YGR181W,4932.YJR142W,4932.YGL184C,4932.YKL054C,4932.YJR135W-A,4932.YGL128C,4932.YEL054C,4932.YJL073W,4932.YPL224C,4932.YOR099W,4932.YGL225W,4932.YGR014W,4932.YPL085W,4932.YBR283C,4932.YPL050C,4932.YDR435C,4932.YJL183W,4932.YBR161W,4932.YCL009C,4932.YOR321W,4932.YDR057W,4932.YDR058C,4932.YLR067C,4932.YDR414C,4932.YAL012W,4932.YGR161C,4932.YMR149W,4932.YBR004C,4932.YOR085W,4932.YJR147W,4932.YFL016C,4932.YDL055C,4932.YDR044W,4932.YBR015C,4932.YJR013W,4932.YGR227W,4932.YDR483W,4932.YNL080C,4932.YJL162C,4932.YNL278W,4932.YJL186W,4932.YHR098C,4932.YKL201C,4932.YOL155C,4932.YGL038C,4932.YOR002W,4932.YJR097W,4932.YEL036C,4932.YML029W,4932.YDR498C,4932.YML115C,4932.YDL195W,4932.YPL121C,4932.YDR418W,4932.YMR013C,4932.YIL039W,4932.YKL073W,4932.YDL052C,4932.YEL002C,4932.YBR084C-A,4932.YDR221W,4932.YJR137C,4932.YNR030W,4932.YBR220C,4932.YLR344W,4932.YNL219C,4932.YDR517W,4932.YGR199W,4932.YFL041W,4932.YDR378C,4932.YBR243C,4932.YAL058W,4932.YOR276W,4932.YGL022W,4932.YDL098C,4932.YJL209W,4932.YFL044C,4932.YCR032W,4932.YDL100C,4932.YBR205W,4932.YDL095W,4932.YER116C,4932.YNL077W,4932.YBR229C,4932.YJR075W,4932.YOR067C,4932.YLR037C,4932.YDL092W,4932.YGL055W,4932.YBL040C,4932.YBR207W,4932.YJL002C,4932.YBR219C,4932.YKL120W,4932.YLR144C,4932.YOR089C,4932.YLR460C,4932.YGL064C,4932.YOR076C,4932.YLR048W,4932.YOR040W,4932.YKR087C,4932.YPL103C,4932.YHL004W,4932.YDR272W,4932.YIL009W,4932.YDL058W,4932.YLR143W,4932.YBR227C,4932.YKL040C,4932.YJL172W,4932.YMR246W,4932.YMR234W,4932.YKL064W,4932.YER047C,4932.YKL150W,4932.YNL093W,4932.YER176W,4932.YKL171W,4932.YPL119C,4932.YGL094C,4932.YDL066W,4932.YER057C,4932.YJL055W,4932.YGL158W,4932.YOR037W,4932.YHR015W,4932.YOR351C,4932.YKR059W,4932.YHR112C,4932.YNL045W,4932.YHR039C,4932.YMR038C,4932.YNL055C,4932.YHR037W,4932.YER053C,4932.YFR006W,4932.YDL171C,4932.YDR332W,4932.YMR056C,4932.YKR014C,4932.YGL033W,4932.YJR078W,4932.YOL100W,4932.YJR077C,4932.YOR383C,4932.YIL051C,4932.YLL058W,4932.YDR129C,4932.YBL068W-A,4932.YFR014C,4932.YMR035W,4932.YHR032W,4932.YBL022C,4932.YGR028W,4932.YFR044C,4932.YMR150C,4932.YBR281C,4932.YFR055W,4932.YJR130C,4932.YNR035C,4932.YJL138C,4932.YBL069W,4932.YIL043C,4932.YNR038W,4932.YOL080C,4932.YJL102W,4932.YFL002C,4932.YCR059C,4932.YEL030W,4932.YDR338C,4932.YOR007C,4932.YMR152W,4932.YOR212W,4932.YPL074W,4932.YNL256W,4932.YNL014W,4932.YPL056C,4932.YGR214W,4932.YIL143C,4932.YCR102C,4932.YJR025C,4932.YOR367W,4932.YMR291W,4932.YMR074C,4932.YML125C,4932.YBR085W,4932.YDL215C,4932.YOR027W,4932.YNL134C,4932.YMR293C,4932.YLR107W,4932.YDR427W,4932.YHR193C,4932.YLR249W,4932.YLR104W,4932.YKL017C,4932.YBR022W,4932.YBR155W,4932.YML087C,4932.YPL252C,4932.YBR026C,4932.YPL045W,4932.YLR248W,4932.YOR317W,4932.YLR369W,4932.YDR292C,4932.YKL157W,4932.YNL009W,4932.YHR091C,4932.YDR194C,4932.YKL046C,4932.YGR276C,4932.YBR264C,4932.YGL206C,4932.YER101C,4932.YIL137C,4932.YKR084C,4932.YIL114C,4932.YOR204W,4932.YPL184C,4932.YOL104C,4932.YIL159W,4932.YCR048W,4932.YER038C,4932.YIL026C,4932.YHR152W,4932.YOR134W,4932.YLR007W,4932.YLR307W,4932.YCR011C,4932.YFR017C,4932.YHR191C,4932.YIR010W,4932.YLR263W,4932.YNL210W,4932.YOR293W,4932.YGL183C,4932.YDR002W,4932.YNL067W,4932.YMR101C,4932.YGL251C,4932.YMR274C,4932.YDR248C,4932.YNR056C,4932.YOR073W,4932.YCR017C,4932.YGL017W,4932.YKR067W,4932.YMR017W,4932.YDL234C,4932.YLR315W,4932.YPL189W,4932.YPR167C,4932.YNR058W,4932.YFL058W,4932.YCR095C,4932.YIL072W,4932.YDR387C,4932.YHR132W-A,4932.YNL157W,4932.YNL012W,4932.YCL016C,4932.YLR272C,4932.YLR389C,4932.YIL073C,4932.YMR306W,4932.YDR374C,4932.YDR201W,4932.YOR045W,4932.YGL130W,4932.YNL106C,4932.YGL126W,4932.YIL002C,4932.YOR109W,4932.YGR130C,4932.YGR154C,4932.YPR122W,4932.YMR202W,4932.YDR284C,4932.YHL002W,4932.YOR270C,4932.YGL161C,4932.YLR351C,4932.YNL194C,4932.YDR270W,4932.YBR200W,4932.YDR297W,4932.YNL084C,4932.YLR396C,4932.YLR178C,4932.YDR153C,4932.YDL142C,4932.YNL180C,4932.YIR006C,4932.YIL118W,4932.YLR179C,4932.YLL038C,4932.YPL019C,4932.YLR370C,4932.YHR161C,4932.YKR078W,4932.YBR234C,4932.YOR291W,4932.YMR004W,4932.YBR003W,4932.YNL094W,4932.YGL084C,4932.YDR177W,4932.YDR166C,4932.YOR181W,4932.YIR003W,4932.YPR036W,4932.YOR094W,4932.YBR126C,4932.YLR087C,4932.YCL034W,4932.YDR388W,4932.YDR038C,4932.YCR088W,4932.YHR016C,4932.YER031C,4932.YJL020C,4932.YMR231W,4932.YOR036W,4932.YNL020C,4932.YJL154C,4932.YGL167C,4932.YDR039C,4932.YGR217W,4932.YDR430C,4932.YDR345C,4932.YIL062C,4932.YOR371C,4932.YMR154C,4932.YBR108W,4932.YGR080W,4932.YJL024C,4932.YHR132C,4932.YLR093C,4932.YDR322W,4932.YDR323C,4932.YOR188W,4932.YJL134W,4932.YLR429W,4932.YLL021W,4932.YNL293W,4932.YJR058C,4932.YBL058W,4932.YPL161C,4932.YBL057C,4932.YNL138W,4932.YBR171W,4932.YOR322C,4932.YBR260C,4932.YKL204W,4932.YOR008C,4932.YMR054W,4932.YHR107C,4932.YIL041W,4932.YDL208W,4932.YMR055C,4932.YNL233W,4932.YEL031W,4932.YMR083W,4932.YFL004W,4932.YOR211C,4932.YDR523C,4932.YPL032C,4932.YIL034C,4932.YML001W,4932.YHR201C,4932.YGL210W,4932.YPL057C,4932.YFR024C-A,4932.YBL037W,4932.YCR028C,4932.YAL044W-A,4932.YLL050C,4932.YKL127W,4932.YIL068C,4932.YHR114W,4932.YHR102W,4932.YLR337C,4932.YBL047C,4932.YDL216C,4932.YKL007W,4932.YCR038C,4932.YCR002C,4932.YGR055W,4932.YLR310C,4932.YGR020C,4932.YMR092C,4932.YOL098C,4932.YOL062C,4932.YPL036W,4932.YDL117W,4932.YGR178C,4932.YNL304W,4932.YIL124W,4932.YJR005W,4932.YKL135C,4932.YJR125C,4932.YGR041W,4932.YPL249C-A,4932.YNR065C,4932.YGR261C,4932.YOL065C,4932.YBR177C,4932.YOR329C,4932.YGR048W,4932.YPR171W,4932.YKL013C,4932.YLR110C,4932.YIL138C,4932.YDL146W,4932.YBR288C,4932.YLR025W,4932.YDR294C,4932.YOR339C,4932.YGR167W,4932.YBL007C,4932.YLR038C,4932.YGR241C,4932.YER114C,4932.YCL073C,4932.YLR268W,4932.YGL216W,4932.YNL183C,4932.YKL045W,4932.YLR166C,4932.YNL290W,4932.YIL107C,4932.YDR381W,4932.YCL001W-A,4932.YJL087C,4932.YFR019W,4932.YHR172W,4932.YGL096W,4932.YOL031C,4932.YHR086W,4932.YDR386W,4932.YJL065C,4932.YER142C,4932.YDR495C,4932.YDL199C,4932.YCR093W,4932.YCR077C,4932.YDR365C,4932.YHR004C,4932.YKL084W,4932.YDR363W,4932.YMR146C,4932.YFR016C,4932.YDR255C,4932.YFL007W,4932.YDL040C,4932.YML116W,4932.YDR343C,4932.YDR389W,4932.YMR233W,4932.YLR071C,4932.YOL148C,4932.YIR009W,4932.YML117W,4932.YJR052W,4932.YCR079W,4932.YER098W,4932.YDL190C,4932.YEL022W,4932.YJR160C,4932.YFR013W,4932.YMR088C,4932.YIL030C,4932.YPR190C,4932.YJR033C,4932.YBR172C,4932.YNL139C,4932.YIL079C,4932.YEL065W,4932.YNL004W,4932.YNL113W,4932.YOR358W,4932.YDR206W,4932.YOR224C,4932.YJR031C,4932.YOL081W,4932.YBR060C,4932.YML013W,4932.YIL144W,4932.YNL001W,4932.YKL119C,4932.YOR298C-A,4932.YBL035C,4932.YLR422W,4932.YPR198W,4932.YIL038C,4932.YLR116W,4932.YPR175W,4932.YLR117C,4932.YKR090W,4932.YDL247W,4932.YOR090C,4932.YDL224C,4932.YHR092C,4932.YDR073W,4932.YDR291W,4932.YNL312W,4932.YHL040C,4932.YDL025C,4932.YKR095W,4932.YAL043C,4932.YMR227C,4932.YBR212W,4932.YPL029W,4932.YGL087C,4932.YOL158C,4932.YOR160W,4932.YDR020C,4932.YAL007C,4932.YBR215W,4932.YGR070W,4932.YKL079W,4932.YMR137C,4932.YDR397C,4932.YDL164C,4932.YDR069C,4932.YIR039C,4932.YDR266C,4932.YHL047C,4932.YBR017C,4932.YBL097W,4932.YER151C,4932.YML103C,4932.YMR048W,4932.YDR159W,4932.YCL011C,4932.YOR058C,4932.YNL261W,4932.YER173W,4932.YJL011C,4932.YGR091W,4932.YMR044W,4932.YMR287C,4932.YER172C,4932.YJR063W,4932.YOR164C,4932.YMR288W,4932.YCR042C,4932.YPR129W,4932.YAR002C-A,4932.YBR293W,4932.YNL126W,4932.YMR078C,4932.YJR042W,4932.YDR301W,4932.YBL067C,4932.YNL124W,4932.YIL150C,4932.YOR344C,4932.YNR003C,4932.YPR091C,4932.YDR416W,4932.YKL210W,4932.YDL214C,4932.YNL305C,4932.YOL076W,4932.YNL218W,4932.YPR189W,4932.YPL022W,4932.YJR112W,4932.YPL003W,4932.YBR298C,4932.YOL094C,4932.YIL115C,4932.YML065W,4932.YLR016C,4932.YBR055C,4932.YOL095C,4932.YNL325C,4932.YKL168C,4932.YGR047C,4932.YGR289C,4932.YKL056C,4932.YDR041W,4932.YHR141C,4932.YOR150W,4932.YNL292W,4932.YHR072W-A,4932.YER146W,4932.YPR025C,4932.YDR064W,4932.YLR287C-A,4932.YGL076C,4932.YLR387C,4932.YDR161W,4932.YOL120C,4932.YOR294W,4932.YBR249C,4932.YKR063C,4932.YHL001W,4932.YER007C-A,4932.YPR016C,4932.YNL096C,4932.YBR119W,4932.YDR298C,4932.YER036C,4932.YHR174W,4932.YBR106W,4932.YGR094W,4932.YLR264W,4932.YHR089C,4932.YHL015W,4932.YHR088W,4932.YHR197W,4932.YOR182C,4932.YLR043C,4932.YJL063C,4932.YJR070C,4932.YNL070W,4932.YAL025C,4932.YPR166C,4932.YBL092W,4932.YMR247C,4932.YHL033C,4932.YCR072C,4932.YNL081C,4932.YIR012W,4932.YBL093C,4932.YPR131C,4932.YER131W,4932.YDR471W,4932.YDR023W,4932.YAL003W,4932.YPR144C,4932.YHR170W,4932.YDR252W,4932.YMR310C,4932.YOL033W,4932.YNL306W,4932.YIR038C,4932.YLR150W,4932.YER068W,4932.YDR037W,4932.YDR025W,4932.YMR242C,4932.YMR121C,4932.YLR075W,4932.YDL184C,4932.YMR230W,4932.YFR031C-A,4932.YBR091C,4932.YOR145C,4932.YDL075W,4932.YMR158W,4932.YJL177W,4932.YCL059C,4932.YHR026W,4932.YKL082C,4932.YHR147C,4932.YOR241W,4932.YDL193W,4932.YMR123W,4932.YNL069C,4932.YDL061C,4932.YLR292C,4932.YDR450W,4932.YOR167C,4932.YLR061W,4932.YHR013C,4932.YCL037C,4932.YKL180W,4932.YEL027W,4932.YNL177C,4932.YNL284C,4932.YDR333C,4932.YDL082W,4932.YHR011W,4932.YMR286W,4932.YKL080W,4932.YMR142C,4932.YGL189C,4932.YOR056C,4932.YDL133C-A,4932.YHR156C,4932.YML009C,4932.YNL162W,4932.YGL068W,4932.YHR010W,4932.YER074W,4932.YNL185C,4932.YFR032C-A,4932.YJR094W-A,4932.YOL114C,4932.YHR039C-A,4932.YLR406C,4932.YEL034W,4932.YFL034C-A,4932.YLR262C-A,4932.YER056C-A,4932.YBL087C,4932.YDR116C,4932.YLL045C,4932.YDR237W,4932.YEL051W,4932.YHR005C-A,4932.YDR312W,4932.YOR312C,4932.YJL136C,4932.YNR036C,4932.YDR337W,4932.YLL060C,4932.YNL224C,4932.YMR260C,4932.YNL016W,4932.YIL052C,4932.YNL005C,4932.YMR188C,4932.YDL209C,4932.YDR447C,4932.YNR037C,4932.YGL102C,4932.YGR271C-A,4932.YNL147W,4932.YJR010C-A,4932.YML026C,4932.YPL079W,4932.YBL026W,4932.YOR332W,4932.YBL038W,4932.YJR123W,4932.YNL110C,4932.YMR193W,4932.YOR234C,4932.YCR003W,4932.YOR210W,4932.YML025C,4932.YBR191W,4932.YML024W,4932.YHR019C,4932.YNL002C,4932.YLR109W,4932.YMR194W,4932.YLR421C,4932.YEL050C,4932.YKL006W,4932.YPL271W,4932.YJR047C,4932.YDR500C,4932.YGL147C,4932.YGR201C,4932.YGL111W,4932.YGL123W,4932.YGL135W,4932.YEL020W-A,4932.YPR041W,4932.YDL007W,4932.YBR121C,4932.YKL028W,4932.YDL213C,4932.YDR515W,4932.YHL030W,4932.YHR143W-A,4932.YDR429C,4932.YPL048W,4932.YBR035C,4932.YDL202W,4932.YOR091W,4932.YPL037C,4932.YPL013C,4932.YBL028C,4932.YJR113C,4932.YPR043W,4932.YER117W,4932.YLR029C,4932.YOL077C,4932.YAL059W,4932.YOL064C,4932.YOL040C,4932.YIL133C,4932.YHR081W,4932.YER009W,4932.YLR333C,4932.YDR071C,4932.YBR048W,4932.YPL143W,4932.YPR044C,4932.YBL027W,4932.YNR053C,4932.YPR182W,4932.YIL018W,4932.YPL234C,4932.YNL302C,4932.YPL183W-A,4932.YPL247C,4932.YLR367W,4932.YNL301C,4932.YJL190C,4932.YIL016W,4932.YBR251W,4932.YLR388W,4932.YNL227C,4932.YPL243W,4932.YKL059C,4932.YKL132C,4932.YGR034W,4932.YLR147C,4932.YJL191W,4932.YDR087C,4932.YML078W,4932.YPL220W,4932.YKL165C,4932.YOL010W,4932.YNL062C,4932.YPL213W,4932.YGL077C,4932.YDR151C,4932.YDL230W,4932.YLR384C,4932.YGL171W,4932.YJL097W,4932.YLR022C,4932.YER049W,4932.YPR137W,4932.YOL147C,4932.YHR076W,4932.YMR016C,4932.YDR299W,4932.YDR361C,4932.YBR233W,4932.YHR196W,4932.YML080W,4932.YLR068W,4932.YIL091C,4932.YER156C,4932.YDL153C,4932.YAL036C,4932.YHR062C,4932.YGR280C,4932.YDR373W,4932.YOL022C,4932.YPR157W,4932.YDL150W,4932.YFR015C,4932.YNL056W,4932.YNL044W,4932.YNL032W,4932.YMR014W,4932.YHR146W,4932.YFL009W,4932.YKR025W,4932.YNL151C,4932.YLR192C,4932.YOR287C,4932.YDL191W,4932.YLL035W,4932.YJR041C,4932.YOR262W,4932.YPR200C,4932.YJR089W,4932.YNL173C,4932.YHR034C,4932.YLL010C,4932.YJL122W,4932.YMR156C,4932.YBL098W,4932.YOR078W,4932.YNL075W,4932.YDR422C,4932.YOR119C,4932.YJL148W,4932.YDR324C,4932.YIL064W,4932.YLR401C,4932.YDR412W,4932.YMR285C,4932.YOR006C,4932.YPL152W,4932.YGL246C,4932.YGR203W,4932.YJR110W,4932.YOR004W,4932.YOR257W,4932.YPL242C,4932.YPL265W,4932.YER107C,4932.YLR019W,4932.YHR070W,4932.YMR093W,4932.YPR164W,4932.YGR187C,4932.YGR175C,4932.YPL058C,4932.YNR054C,4932.YPR032W,4932.YCR087C-A,4932.YER127W,4932.YLR136C,4932.YIL019W,4932.YIL104C,4932.YGR251W,4932.YFL010C,4932.YKL143W,4932.YIL127C,4932.YPR173C,4932.YKL048C,4932.YMR226C,4932.YHR068W,4932.YDR380W,4932.YOR065W,4932.YJL071W,4932.YMR323W,4932.YGR193C,4932.YBR104W,4932.YMR118C,4932.YER003C,4932.YDL021W,4932.YKL055C,4932.YNL071W,4932.YDR178W,4932.YLR164W,4932.YPR069C,4932.YIR036C,4932.YCR083W,4932.YDR035W,4932.YCL044C,4932.YLL018C,4932.YCL045C,4932.YHR137W,4932.YPL091W,4932.YEL012W,4932.YNL168C,4932.YLL055W,4932.YDR001C,4932.YOR362C,4932.YJL045W,4932.YHR025W,4932.YDR232W,4932.YEL039C,4932.YDR148C,4932.YKL071W,4932.YDR211W,4932.YOL027C,4932.YHL018W,4932.YOR142W,4932.YMR250W,4932.YOR032C,4932.YPL060W,4932.YDR368W,4932.YJR051W,4932.YJR088C,4932.YKR016W,4932.YDR347W,4932.YEL047C,4932.YLR070C,4932.YGR209C,4932.YHR057C,4932.YOR260W,4932.YOR393W,4932.YMR289W,4932.YMR241W,4932.YKL109W,4932.YCR037C,4932.YPL064C,4932.YGL202W,4932.YCR024C,4932.YMR272C,4932.YKL107W,4932.YBR041W,4932.YGR256W,4932.YJL200C,4932.YCR069W,4932.YAL061W,4932.YLR426W,4932.YJR159W,4932.YOR356W,4932.YHR104W,4932.YOR246C,4932.YER091C,4932.YDR304C,4932.YMR062C,4932.YBL036C,4932.YPL078C,4932.YJL203W,4932.YEL062W,4932.YBR291C,4932.YGR019W,4932.YLR201C,4932.YIR035C,4932.YDL114W,4932.YNL316C,4932.YKL148C,4932.YJR101W,4932.YKL100C,4932.YBR001C,4932.YDL212W,4932.YJR148W,4932.YLR027C,4932.YGR037C,4932.YNL239W,4932.YNR043W,4932.YPL017C,4932.YDL246C,4932.YKL026C,4932.YPR051W,4932.YNL117W,4932.YIL125W,4932.YNL202W,4932.YOR327C,4932.YPL268W,4932.YGR277C,4932.YML042W,4932.YDR486C,4932.YOR106W,4932.YPL051W,4932.YER136W,4932.YJR102C,4932.YJL004C,4932.YBL102W,4932.YDR152W,4932.YKL002W,4932.YCL008C,4932.YDR027C,4932.YDR164C,4932.YGL212W,4932.YLR208W,4932.YPL218W,4932.YDR189W,4932.YGL020C,4932.YGL137W,4932.YDL072C,4932.YML012W,4932.YKL179C,4932.YOR370C,4932.YAL042W,4932.YPL065W,4932.YNL049C,4932.YLR417W,4932.YBL050W,4932.YGL054C,4932.YLR026C,4932.YGR172C,4932.YPL232W,4932.YHL016C,4932.YER145C,4932.YMR314W,4932.YHL034C,4932.YPR178W,4932.YDR482C,4932.YLR298C,4932.YCL031C,4932.YLR151C,4932.YLR172C,4932.YBL074C,4932.YGL049C,4932.YPR118W,4932.YDR119W-A,4932.YNL274C,4932.YML105C,4932.YER050C,4932.YOR261C,4932.YOL005C,4932.YOR163W,4932.YPR193C,4932.YNL230C,4932.YFR052W,4932.YKL019W,4932.YDR405W,4932.YGR054W,4932.YBR025C,4932.YKL016C,4932.YPL113C,4932.YDL004W,4932.YLR246W,4932.YAL053W,4932.YKR046C,4932.YIR029W,4932.YDL087C,4932.YNR064C,4932.YPR037C,4932.YPL063W,4932.YJL210W,4932.YPR067W,4932.YLR251W,4932.YOL119C,4932.YOR292C,4932.YKR009C,4932.YER024W,4932.YMR079W,4932.YJL167W,4932.YBR222C,4932.YBR192W,4932.YGL259W,4932.YKR066C,4932.YGR239C,4932.YPR128C,4932.YHR160C,4932.YPR103W,4932.YGL153W,4932.YDR319C,4932.YDR468C,4932.YMR208W,4932.YBR058C,4932.YGL067W,4932.YKL091C,4932.YDR479C,4932.YML054C,4932.YCR021C,4932.YLL028W,4932.YLL009C,4932.YGR121C,4932.YLR411W,4932.YDR030C,4932.YBR176W,4932.YNL283C,4932.YLL018C-A,4932.YMR021C,4932.YMR073C,4932.YGR065C,4932.YOL105C,4932.YLR214W,4932.YMR251W,4932.YIL121W,4932.YMR216C,4932.YOL089C,4932.YBR271W,4932.YLR332W,4932.YPR156C,4932.YBL104C,4932.YPR138C,4932.YCL057W,4932.YML086C,4932.YNR013C,4932.YPL070W,4932.YKR017C,4932.YKL051W,4932.YBR024W,4932.YLR059C,4932.YLR439W,4932.Q0250,4932.YML091C,4932.YPL005W,4932.YMR228W,4932.YMR066W,4932.Q0275,4932.YKR053C,4932.YDL030W,4932.YGL178W,4932.YER153C,4932.YGR224W,4932.YMR090W,4932.YGL014W,4932.YOR283W,4932.YLL027W,4932.YGL160W,4932.YOR173W,4932.YKR076W,4932.YDR032C,4932.YKL175W,4932.YGR083C,4932.YER010C,4932.YKL088W,4932.YKL041W,4932.YLR295C,4932.YCR071C,4932.YPL215W,4932.YOL056W,4932.YAL039C,4932.YKL086W,4932.YKL087C,4932.YPR048W,4932.YLR380W,4932.YJR096W,4932.YNL299W,4932.YNL142W,4932.YDR231C,4932.YGL011C,4932.YCL001W,4932.YDR342C,4932.YDR369C,4932.YNL054W,4932.YHR179W,4932.YLR092W,4932.YNL076W,4932.YJL001W,4932.YGL187C,4932.YMR197C,4932.YER094C,4932.YGR234W,4932.YFL011W,4932.YIL164C,4932.YFL014W,4932.YDR423C,4932.YDR205W,4932.YNL331C,4932.YLR205C,4932.YNL003C,4932.YNR039C,4932.YHR007C,4932.YBL011W,4932.YGL027C,4932.YDR513W,4932.YHR096C,4932.YPR042C,4932.YAL044C,4932.YBR131W,4932.YNR051C,4932.YFL054C,4932.YDR519W,4932.YKR071C,4932.YLR376C,4932.YDR183W,4932.YDL035C,4932.YGL040C,4932.YHR163W,4932.YLR154C,4932.YER048C,4932.YHL028W,4932.YDL010W,4932.YOL049W,4932.YOL151W,4932.YKR042W,4932.YHR051W,4932.YLR395C,4932.YER044C,4932.YCL033C,4932.YBR149W,4932.YJR062C,4932.YHR210C,4932.YMR243C,4932.YCL035C,4932.YGL157W,4932.YEL013W,4932.YDR330W,4932.YMR002W,4932.YER087W,4932.YPL208W,4932.YDR353W,4932.YPL180W,4932.YGL045W,4932.YMR177W,4932.YNL065W,4932.YOR297C,4932.YOR031W,4932.YER061C,4932.YEL011W,4932.YJR155W,4932.YEL053C,4932.YBR098W,4932.YPL170W,4932.YDR363W-A,4932.YBR295W,4932.YNL259C,4932.YGR135W,4932.YMR030W,4932.YHR106W,4932.YPL171C,4932.YNL015W,4932.YGR008C,4932.YML110C,4932.YOR368W,4932.YOR125C,4932.YLR327C,4932.YPL069C,4932.YIL132C,4932.YBL029C-A,4932.YGR248W,4932.YOL052C-A,4932.YOR147W,4932.YBR230C,4932.YDL104C,4932.YDR080W,4932.YML081C-A,4932.YDR529C,4932.YOR307C,4932.YBR014C,4932.YPL156C,4932.YAL010C,4932.YDL124W,4932.YLR364W,4932.YMR318C,4932.YPR185W,4932.YDL232W,4932.YJL072C,4932.YNL291C,4932.YDL024C,4932.YOL059W,4932.YDR055W,4932.YDL178W,4932.YER037W,4932.YCR073W-A,4932.YLR286C,4932.YJL173C,4932.YDR045C,4932.YLL006W,4932.YHL036W,4932.YDL174C,4932.YOR070C,4932.YGR087C,4932.YCR024C-A,4932.YMR145C,4932.YDR376W,4932.YPL092W,4932.YKL182W,4932.YMR220W,4932.YGL155W,4932.YEL015W,4932.YER062C,4932.YNL066W,4932.YKR039W,4932.YGR092W,4932.YDR138W,4932.YJR076C,4932.YJL158C,4932.YNL052W,4932.YNL161W,4932.YPR008W,4932.YPL075W,4932.YDL080C,4932.YIL031W,4932.YJR153W,4932.YIL053W,4932.YHR215W,4932.YFR021W,4932.YEL071W,4932.YKL096W-A,4932.YCR004C,4932.YNL111C,4932.YGL159W,4932.YGR031W,4932.YPL047W,4932.YCR105W,4932.YPL254W,4932.YGR186W,4932.YML075C,4932.YKL038W,4932.YHR190W,4932.YER118C,4932.YAL034C,4932.YBR145W,4932.YBR068C,4932.YOL084W,4932.YLR134W,4932.YGR253C,4932.YLR450W,4932.YBR105C,4932.YMR065W,4932.YNL200C,4932.YPL098C,4932.YMR164C,4932.YPL099C,4932.YIR024C,4932.YGR106C,4932.YJR001W,4932.YIL130W,4932.YEL007W,4932.YCR028C-A,4932.YKR058W,4932.YML098W,4932.YCR045C,4932.YPL095C,4932.YLR003C,4932.YER182W,4932.YPL100W,4932.YPL096W,4932.YHR058C,4932.YPL002C,4932.YML055W,4932.YNL195C,4932.YBR204C,4932.YMR107W,4932.YDL045C,4932.YHR162W,4932.YKR088C,4932.YHR001W-A,4932.YDL022W,4932.YNL083W,4932.YKR089C,4932.YDR046C,4932.YDL067C,4932.YPL109C,4932.YBR269C,4932.YGL191W,4932.YDL198C,4932.YNL092W,4932.YJL066C,4932.YJL163C,4932.YER054C,4932.YMR012W,4932.YER150W,4932.YGL121C,4932.YJR095W,4932.YMR256C,4932.YOL008W,4932.YDR377W,4932.YKR049C,4932.YCL025C,4932.YML128C,4932.Q0045,4932.YEL020C,4932.YJL144W,4932.YIL087C,4932.YKL093W,4932.YIL097W,4932.YER096W,4932.YPL172C,4932.YDR204W,4932.YGR113W,4932.YMR174C,4932.YPL186C,4932.YNL115C,4932.YPR192W,4932.YGR110W,4932.YHR204W,4932.YEL041W,4932.YKR105C,4932.YMR175W,4932.YKL217W,4932.YJL116C,4932.YGR202C,4932.YPL188W,4932.YHR116W,4932.YBL049W,4932.YOL077W-A,4932.YBR050C,4932.YML100W,4932.YHR139C,4932.YNR017W,4932.YDL204W,4932.YMR196W,4932.YHR138C,4932.YIL111W,4932.YOR081C,4932.YDR070C,4932.YPL133C,4932.YCL057C-A,4932.YIL136W,4932.YBR241C,4932.YLR356W,4932.YPR020W,4932.YBR037C,4932.YMR315W,4932.YDL130W-A,4932.YBL059C-A,4932.YOL083W,4932.YLR149C,4932.YPL223C,4932.YPL222W,4932.YGR021W,4932.YDL110C,4932.YDR508C,4932.YGL119W,4932.YLR253W,4932.YIL151C,4932.YDR175C,4932.YHR176W,4932.YJL100W,4932.YCR073C,4932.YGL083W,4932.YER143W,4932.YPR106W,4932.YOR035C,4932.YOR034C,4932.YFL040W,4932.YNR031C,4932.YOL060C,4932.YKR096W,4932.YOL156W,4932.YPR003C,4932.YCL069W,4932.YBR211C,4932.YJR091C,4932.YMR279C,4932.YOR157C,4932.YKR011C,4932.YJL046W,4932.YGR246C,4932.YDR119W,4932.YKR106W,4932.YOR249C,4932.YJR158W,4932.YJL214W,4932.YMR183C,4932.YDL227C,4932.YOR378W,4932.YML112W,4932.YNL318C,4932.YJL219W,4932.YDL245C,4932.YKR083C,4932.YHR189W,4932.YDR410C,4932.YBR052C,4932.YLR306W,4932.YNL334C,4932.YNL332W,4932.YFL060C,4932.YNR027W,4932.YNL231C,4932.YEL029C,4932.YGL101W,4932.YNR071C,4932.YBR268W,4932.YLR118C,4932.YOR111W,4932.YHR072W,4932.YNL264C,4932.YOR080W,4932.YJL207C,4932.YMR095C,4932.YDL085W,4932.YBR242W,4932.YGR205W,4932.YOR130C,4932.YOR057W,4932.YLR290C,4932.YOL071W,4932.YBL089W,4932.YER004W,4932.YGR010W,4932.YER060W,4932.YGL185C,4932.YDR140W,4932.YLR382C,4932.YHR087W,4932.YGR173W,4932.YMR321C,4932.YBR139W,4932.YGR171C,4932.YEL006W,4932.YMR281W,4932.YPR081C,4932.YGR238C,4932.YPL273W,4932.YOR221C,4932.YLL062C,4932.YLR137W,4932.YPL231W,4932.YPL148C,4932.YKL189W,4932.YBR213W,4932.YLR133W,4932.YGL196W,4932.YPR058W,4932.YMR178W,4932.YHR033W,4932.YNL063W,4932.YDR300C,4932.YKL218C,4932.YNR029C,4932.YJR049C,4932.YIL047C,4932.YJR024C,4932.YLR239C,4932.YGR007W,4932.YJL218W,4932.YOL052C,4932.YIL134W,4932.YNL129W,4932.YOL096C,4932.YPL105C,4932.YDR162C,4932.YOR281C,4932.YDR056C,4932.YHL039W,4932.YKL074C,4932.YDR494W,4932.YLL044W,4932.YLR051C,4932.YNL010W,4932.YDR484W,4932.YFR010W,4932.YNL160W,4932.YGR210C,4932.YDR339C,4932.YFL017W-A,4932.YPR176C,4932.YFR050C,4932.YKR060W,4932.YER014W,4932.YHR040W,4932.YOR194C,4932.YML071C,4932.YGR195W,4932.YDR257C,4932.YOR021C,4932.YJR030C,4932.YNL078W,4932.YIL063C,4932.YGR081C,4932.YJL025W,4932.YLR405W,4932.YKR006C,4932.YOR359W,4932.YDL207W,4932.YDR424C,4932.YCR035C,4932.YMR067C,4932.YBL014C,4932.YNL221C,4932.YOR159C,4932.YPL030W,4932.YDR539W,4932.YGR165W,4932.YDR538W,4932.YBL101C,4932.YJL208C,4932.YKL155C,4932.YJR129C,4932.YER029C,4932.YDR184C,4932.YDL111C,4932.YBR238C,4932.YML109W,4932.YGL197W,4932.YDL141W,4932.YPR125W,4932.YNL192W,4932.YOL067C,4932.YLR285W,4932.YDR372C,4932.YBR038W,4932.YGR292W,4932.YGR074W,4932.YKR021W,4932.YCL032W,4932.YML017W,4932.YDR267C,4932.YLL031C,4932.YGR119C,4932.YGL023C,4932.YDR028C,4932.YFR022W,4932.YOR239W,4932.YJR022W,4932.YGR138C,4932.YPR072W,4932.YNL039W,4932.YOR018W,4932.YIL065C,4932.YNL232W,4932.YLR410W,4932.YGL232W,4932.YGR068C,4932.YPL157W,4932.YPR030W,4932.YDR061W,4932.YDR506C,4932.YGR158C,4932.YBR140C,4932.YML043C,4932.YKL058W,4932.YLR011W,4932.YKL142W,4932.YBR053C,4932.YLR188W,4932.YKL065C,4932.YJR122W,4932.YLR270W,4932.YCR039C,4932.YJL151C,4932.YIL070C,4932.YLR237W,4932.YML072C,4932.YJR085C,4932.YPL122C,4932.YNL315C,4932.YFR011C,4932.YNR044W,4932.YPL246C,4932.YPL221W,4932.YMR251W-A,4932.YOR273C,4932.YPL123C,4932.YCR030C,4932.YBR056W,4932.YCL005W-A,4932.YOL122C,4932.YLR361C,4932.YLR034C,4932.YMR140W,4932.YHR050W,4932.YOL020W,4932.YOR071C,4932.YHR061C,4932.YLR393W,4932.YOR049C,4932.YKL193C,4932.YJR100C,4932.YOR373W,4932.YDR507C,4932.YGR036C,4932.YER018C,4932.YKR093W,4932.YDL015C,4932.YOR328W,4932.YDR331W,4932.YBR054W,4932.YBR187W,4932.YJL094C,4932.YOR175C,4932.YDL123W,4932.YDL135C,4932.YBR257W,4932.YNL041C,4932.YLR436C,4932.YGL226W,4932.YOR192C,4932.YLR360W,4932.YHR194W,4932.YOL110W,4932.YIL106W,4932.YBR290W,4932.YJL096W,4932.YNL252C,4932.YLR438C-A,4932.YNL263C,4932.YDR460W,4932.YOL038W,4932.YGR221C,4932.YOR103C,4932.YDL217C,4932.YAL033W,4932.YDL103C,4932.YPL210C,4932.YDR322C-A,4932.YDR349C,4932.YGL227W,4932.YLR242C,4932.YLR373C,4932.YGL200C,4932.YJL212C,4932.YLR314C,4932.YBL082C,4932.YKL077W,4932.YDR425W,4932.YKL196C,4932.YBR102C,4932.YNL133C,4932.YKL160W,4932.YFR003C,4932.YIR033W,4932.YOR319W,4932.YPR108W,4932.YMR100W,4932.YJR118C,4932.YDL113C,4932.YMR240C,4932.YML067C,4932.YER112W,4932.YKR035W-A,4932.YKL154W,4932.YKL176C,4932.YLR189C,4932.YPR049C,4932.YKR036C,4932.YLR423C,4932.YML036W,4932.YNL242W,4932.YOR028C,4932.YGR057C,4932.YIL146C,4932.YPR194C,4932.YIL129C,4932.YDR160W,4932.YMR313C,4932.YPL115C,4932.YGR076C,4932.YMR200W,4932.YHL023C,4932.YER066W,4932.YGL179C,4932.YJL058C,4932.YDR006C,4932.YOL138C,4932.YOR348C,4932.YNL257C,4932.YGR009C,4932.YGL124C,4932.YGR262C,4932.YKL125W,4932.YER129W,4932.YKL124W,4932.YLR148W,4932.YDL210W,4932.YML064C,4932.YML088W,4932.YOL073C,4932.YPR094W,4932.YDR505C,4932.YJL091C,4932.YDR276C,4932.YBR078W,4932.YPL053C,4932.YFR049W,4932.YDL203C,4932.YLL061W,4932.YGR249W,4932.YDR260C,4932.YBR099C,4932.YER039C,4932.YIR028W,4932.YBR228W,4932.YJR044C,4932.YGR112W,4932.YDR480W,4932.YIL156W,4932.YDR384C,4932.YOR222W,4932.YCR101C,4932.YMR115W,4932.YDR512C,4932.YCL047C,4932.YGL144C,4932.YCR086W,4932.YJL131C,4932.YPR139C,4932.YIL050W,4932.YPR007C,4932.YGR230W,4932.YBR286W,4932.YLR165C,4932.YDL175C,4932.YBR282W,4932.YLR424W,4932.YGR169C,4932.YDL036C,4932.YDR130C,4932.YDR462W,4932.YDR115W,4932.YIL075C,4932.YMR264W,4932.YBL051C,4932.YHR108W,4932.YIL022W,4932.YGL080W,4932.YKL012W,4932.YOR052C,4932.YPR169W,4932.YJL054W,4932.YFR005C,4932.YNR015W,4932.YMR097C,4932.YNL011C,4932.YOR205C,4932.YKR013W,4932.YMR298W,4932.YDR452W,4932.YNR034W,4932.YMR171C,4932.YKL034W,4932.YBR069C,4932.YKL020C,4932.YOL013C,4932.YHL010C,4932.YPL155C,4932.YBR122C,4932.YPL269W,4932.YKL025C,4932.YDR311W,4932.YLR005W,4932.YGR058W,4932.YPL134C,4932.YGR243W,4932.YDR470C,4932.YBR297W,4932.YLR215C,4932.YMR018W,4932.YGR288W,4932.YAL067C,4932.YLR121C,4932.YDR144C,4932.YLR076C,4932.YOR178C,4932.YDR228C,4932.YGR250C,4932.YER139C,4932.YBR045C,4932.YMR311C,4932.YOL133W,4932.YAR014C,4932.YPR055W,4932.YDR085C,4932.YGR179C,4932.YGR156W,4932.YOR271C,4932.YOR077W,4932.YJL193W,4932.YMR302C,4932.YDR143C,4932.YPL118W,4932.YJL198W,4932.YMR266W,4932.YIL098C,4932.YGR125W,4932.YNL320W,4932.YGL104C,4932.YBR294W,4932.YHR117W,4932.YAR071W,4932.YMR098C,4932.YGR287C,4932.YPR140W,4932.YGL219C,4932.YPL267W,4932.YOR161C,4932.YLR207W,4932.YDL043C,4932.YLR099C,4932.YDR503C,4932.YNL130C,4932.YHR123W,4932.YDR147W,4932.YDR434W,4932.YER144C,4932.YGL095C,4932.YMR117C,4932.YLL004W,4932.YKL057C,4932.YOL146W,4932.YLR381W,4932.YDR499W,4932.YGL168W,4932.YDR118W,4932.YMR198W,4932.YPR162C,4932.YLR320W,4932.YLR135W,4932.YDL115C,4932.YMR138W,4932.YGL093W,4932.YFR002W,4932.YJR053W,4932.YJL124C,4932.YLR128W,4932.YDL008W,4932.YGL198W,4932.YBR201W,4932.YMR040W,4932.YPL006W,4932.YDR411C,4932.YOR086C,4932.YPR133W-A,4932.YNL245C,4932.YFL027C,4932.YKL075C,4932.YCL058C,4932.YBR265W,4932.YOR068C,4932.YJL048C,4932.YJL012C,4932.YMR022W,4932.YNL087W,4932.YDR358W,4932.YJR099W,4932.YNL311C,4932.YDR393W,4932.YGR150C,4932.YLR177W,4932.YJR072C,4932.YEL066W,4932.YJR140C,4932.YPL151C,4932.YHR071W,4932.YHR136C,4932.YGR032W,4932.YDR309C,4932.YHR101C,4932.YKR061W,4932.YMR238W,4932.YDL069C,4932.YGR142W,4932.YJL078C,4932.YOL157C,4932.YDL057W,4932.YGL142C,4932.YLR308W,4932.YGL203C,4932.YJL221C,4932.YEL052W,4932.YOR003W,4932.YBR299W,4932.YMR041C,4932.YMR119W,4932.YLR252W,4932.YHL021C,4932.YBR086C,4932.YER067W,4932.YOR220W,4932.YNR034W-A,4932.YJL155C,4932.YOL136C,4932.YGL166W,4932.YLL005C,4932.YER035W,4932.YDL189W,4932.YER032W,4932.YML104C,4932.YIL093C,4932.YJR086W,4932.YNL145W,4932.YGR260W,4932.YLR273C,4932.YOL154W,4932.YCR107W,4932.YHR075C,4932.YOR047C,4932.YPR002W,4932.YDR163W,4932.YDR168W,4932.Q0065,4932.YNL310C,4932.YLR203C,4932.YGR189C,4932.YPR061C,4932.YCR020C-A,4932.YJL104W,4932.YEL040W,4932.YNL275W,4932.YML129C,4932.YPR010C-A,4932.Q0060,4932.Q0070,4932.Q0080,4932.YBR185C,4932.YNR020C,4932.YDR379C-A,4932.YOL028C,4932.YKL015W,4932.YKR098C,4932.YPL076W,4932.YNL100W,4932.YER132C,4932.YOL009C,4932.YLR193C,4932.YJR092W,4932.YHR113W,4932.YMR244C-A,4932.YDR511W,4932.YBL090W,4932.YNL240C,4932.YGL001C,4932.YCR063W,4932.YLL052C,4932.YGR084C,4932.YGL134W,4932.YDL235C,4932.YPR152C,4932.YNR018W,4932.YDR077W,4932.YPL202C,4932.YPR107C,4932.YHR122W,4932.YBL066C,4932.YCL039W,4932.YDR126W,4932.YOR382W,4932.YGR191W,4932.YBR132C,4932.YMR135C,4932.YFR029W,4932.YJL156C,4932.YDR313C,4932.YBR065C,4932.YHR097C,4932.YKL140W,4932.YPL270W,4932.YDR308C,4932.YPL173W,4932.YDR493W,4932.YIL157C,4932.YBL085W,4932.YOR158W,4932.YDR197W,4932.YGR174C,4932.YNL289W,4932.YPL046C,4932.YER072W,4932.YIL009C-A,4932.YIR017C,4932.YGR097W,4932.YJR040W,4932.YLL057C,4932.YMR099C,4932.YCR023C,4932.YNL199C,4932.YLR312W-A,4932.YPR028W,4932.YPR070W,4932.YDR082W,4932.YOL003C,4932.YGL100W,4932.YER079W,4932.YGR129W,4932.YGR013W,4932.YMR273C,4932.YDR088C,4932.YJR050W,4932.YFR042W,4932.YNL321W,4932.YIL120W,4932.YDR326C,4932.YJL079C,4932.YPL274W,4932.YHR006W,4932.YAL009W,4932.YMR184W,4932.YDR421W,4932.YPL175W,4932.YOL102C,4932.YDR063W,4932.YOR054C,4932.YNL148C,4932.YHR100C,4932.YOL082W,4932.YOR011W,4932.YDR182W,4932.YDR156W,4932.YLR278C,4932.YDL170W,4932.YCR068W,4932.YNL156C,4932.YCR001W,4932.YPR201W,4932.YBL043W,4932.YPL088W,4932.YOR162C,4932.YHR177W,4932.YER109C,4932.YOR337W,4932.YKR065C,4932.YBR111W-A,4932.Q0140,4932.YFL057C,4932.YLR057W,4932.YMR173W,class
854295,0,0,0,0,0.25,0,0.49,0.196,0,0,0,0,0,0,0,0.229,0,0,0.908,0.152,0,0,0,0,0.172,0,0.445,0,0.354,0,0,0,0,0,0,0,0,0.151,0,0,0,0,0,0,0,0.161,0,0,0,0,0.223,0.179,0,0,0.151,0,0,0,0,0,0,0,0.544,0,0.152,0,0,0,0,0,0.739,0,0,0,0.171,0.229,0.177,0,0,0,0,0,0,0,0,0,0.233,0,0.271,0,0,0,0.349,0,0,0,0.26,0,0,0,0.297,0,0.158,0,0,0,0,0,0,0,0.534,0,0,0,0,0,0,0,0.288,0,0,0,0,0,0,0,0.171,0.229,0,0,0,0,0,0,0,0,0,0,0.478,0,0.442,0,0.338,0,0,0.229,0,0,0,0,0.53,0,0,0,0,0.387,0,0,0,0,0,0,0,0.256,0,0,0.261,0,0,0.381,0,0,0.445,0,0,0,0,0,0,0,0.163,0.339,0.487,0.244,0.242,0.284,0.227,0.161,0.157,0.236,0.21,0.366,0.309,0.174,0.177,0.229,0.981,0.256,0.2,0.198,0.3,0.175,0.883,0.297,0.309,0.981,0.169,0.163,0.155,0.256,0.169,0.159,0.611,0.185,0.214,0.165,0.362,0.195,0.26,0.154,0.3,0.184,0.454,0.179,0.572,0.254,0.173,0.237,0.284,0.185,0.865,0.402,0.154,0.463,0.947,0.401,0.74,0.192,0.161,0.155,0.195,0.273,0.315,0.37,0.15,0.195,0.154,0.405,0.186,0.205,0.563,0.862,0.169,0.195,0.157,0.169,0.195,0.222,0.565,0.275,0.324,0.307,0.762,0.335,0.178,0.171,0.194,0.942,0.214,0.408,0.425,0.247,0.191,0.258,0.193,0.199,0.153,0.214,0.174,0.176,0.17,0.173,0.358,0.239,0.314,0.293,0.444,0.244,0.694,0.193,0.182,0.158,0.285,0.15,0.276,0.207,0.161,0.171,0.323,0.17,0.228,0.154,0.272,0.306,0.194,0.229,0.287,0.176,0.227,0.237,0.321,0.558,0.163,0.385,0.199,0.49,0.188,0.173,0.228,0.18,0.163,0.2,0.408,0.157,0.237,0.157,0.344,0.319,0.373,0.501,0.223,0.484,0.154,0.169,0.255,0.265,0.171,0.78,0.366,0.167,0.165,0.195,0.355,0.326,0.153,0.29,0.401,0.213,0.325,0.169,0.212,0.315,0.299,0.221,0.169,0.3,0.267,0.207,0.229,0.247,0.161,0.181,0.437,0.167,0.185,0.226,0.214,0.68,0.173,0.183,0.993,0.168,0.29,0.152,0.481,0.418,0.239,0.175,0.217,0.162,0.445,0.185,0.246,0.206,0.163,0.201,0.28,0.17,0.451,0.58,0.173,0.182,0.15,0.466,0.955,0.253,0.151,0.294,0.188,0.157,0.184,0.259,0.551,0.507,0.784,0.196,0.152,0.232,0.392,0.53,0.154,0.153,0.21,0.157,0.692,0.307,0.418,0.173,0.301,0.611,0.211,0.17,0.307,0.962,0.153,0.171,0.196,0.178,0.174,0.256,0.337,0.16,0.403,0.157,0.546,0.155,0.155,0.279,0.351,0.616,0.219,0.639,0.157,0.193,0.39,0.373,0.33,0.186,0.286,0.351,0.332,0.187,0.303,0.274,0.337,0.4,0.266,0.21,0.315,0.152,0.177,0.785,0.26,0.225,0.193,0.222,0.244,0.166,0.2,0.225,0.258,0.181,0.195,0.333,0.191,0.302,0.56,0.173,0.179,0.516,0.199,0.954,0.192,0.26,0.425,0.197,0.15,0.217,0.481,0.157,0.224,0.259,0.394,0.229,0.312,0.374,0.195,0.322,0.309,0.634,0.36,0.297,0.187,0.19,0.163,0.743,0.513,0.18,0.2,0.154,0.243,0.181,0.949,0.224,0.996,0.347,0.489,0.515,0.176,0.229,0.774,0.714,0.266,0.238,0.152,0.36,0.172,0.151,0.62,0.154,0.201,0.194,0.15,0.175,0.173,0.394,0.491,0.28,0.195,0.4,0.436,0.273,0.362,0.735,0.69,0.206,0.173,0.181,0.266,0.42,0.162,0.859,0.15,0.232,0.435,0.193,0.239,0.234,0.169,0.245,0.186,0.172,0.366,0.161,0.151,0.161,0.34,0.694,0.235,0.183,0.216,0.258,0.193,0.196,0.213,0.157,0.214,0.252,0.16,0.161,0.192,0.198,0.167,0.557,0.8,0.224,0.51,0.234,0.193,0.167,0.212,0.328,0.204,0.165,0.154,0.357,0.228,0.275,0.164,0.191,0.312,0.68,0.387,0.184,0.33,0.321,0.362,0.192,0.276,0.157,0.185,0.53,0.182,0.771,0.275,0.194,0.222,0.258,0.305,0.552,0.267,0.19,0.309,0.185,0.297,0.34,0.68,0.178,0.313,0.3,0.387,0.996,0.246,0.232,0.203,0.173,0.868,0.178,0.172,0.225,0.381,0.17,0.173,0.193,0.469,0.297,0.15,0.151,0.166,0.188,0.275,0.251,0.151,0.2,0.605,0.209,0.165,0.221,0.301,0.182,0.284,0.572,0.262,0.173,0.41,0.357,0.163,0.18,0.467,0.196,0.183,0.173,0.228,0.184,0.161,0.15,0.193,0.254,0.412,0.242,0.273,0.229,0.28,0.15,0.167,0.351,0.154,0.195,0.327,0.402,0.586,0.189,0.17,0.189,0.154,0.196,0.449,0.273,0.359,0.178,0.302,0.372,0.198,0.193,0.45,0.338,0.271,0.151,0.213,0.213,0.26,0.367,0.263,0.964,0.17,0.333,0.423,0.161,0.276,0.16,0.312,0.167,0.151,0.684,0.358,0.382,0.154,0.154,0.471,0.258,0.928,0.164,0.353,0.217,0.356,0.171,0.21,0.313,0.212,0.181,0.167,0.857,0.685,0.361,0.29,0.191,0.524,0.217,0.157,0.191,0.171,0.183,0.177,0.396,0.221,0.748,0.169,0.331,0.194,0.175,0.332,0.264,0.357,0.177,0.154,0.168,0.489,0.356,0.254,0.16,0.223,0.244,0.257,0.345,0.705,0.158,0.297,0.187,0.228,0.845,0.361,0.16,0.204,0.158,0.252,0.301,0.175,0.96,0.192,0.203,0.959,0.215,0.305,0.324,0.187,0.25,0.159,0.195,0.155,0.196,0.177,0.584,0.576,0.254,0.151,0.176,0.225,0.157,0.333,0.216,0.276,0.239,0.31,0.539,0.214,0.16,0.407,0.429,0.236,0.214,0.205,0.15,0.227,0.163,0.15,0.593,0.221,0.552,0.378,0.348,0.154,0.294,0.281,0.171,0.267,0.174,0.229,0.747,0.445,0.359,0.188,0.283,0.18,0.161,0.156,0.459,0.234,0.309,0.151,0.197,0.255,0.48,0.175,0.257,0.274,0.208,0.691,0.999,0.406,0.795,0.155,0.263,0.197,0.163,0.789,0.24,0.558,0.258,0.242,0.264,0.223,0.764,0.554,0.879,0.434,0.25,0.181,0.188,0.23,0.738,0.234,0.231,0.16,0.358,0.162,0.154,0.382,0.203,0.214,0.178,0.191,0.174,0.644,0.161,0.185,0.18,0.181,0.168,0.312,0.215,0.365,0.156,0.203,0.447,0.169,0.155,0.178,0.575,0.228,0.229,0.45,0.442,0.155,0.162,0.52,0.166,0.345,0.159,0.229,0.702,0.172,0.592,0.196,0.343,0.228,0.334,0.193,0.165,0.151,0.163,0.159,0.22,0.166,0.605,0.297,0.194,0.206,0.674,0.258,0.155,0.503,0.15,0.327,0.259,0.329,0.163,0.158,0.271,0.509,0.154,0.714,0.185,0.309,0.328,0.242,0.153,0.187,0.238,0.393,0.337,0.169,0.53,0.191,0.173,0.164,0.261,0.191,0.181,0.186,0.176,0.369,0.2,0.151,0,0,0,0,0,0,0,0,0,0,0,0,0,0,0,0,0,0,0,0,0,0,0,0,0,0,0,0,0,0,0,0,0,0,0,0,0,0,0,0,0,0,0,0,0,0,0,0,0,0,0,0,0,0,0,0,0,0,0,0,0,0,0,0,0,0,0,0,0,0,0,0,0,0,0,0,0,0,0,0,0,0,0,0,0,0,0,0,0,0,0,0,0,0,0,0,0,0,0,0,0,0,0,0,0,0,0,0,0,0,0,0,0,0,0,0,0,0,0,0,0,0,0,0,0,0,0,0,0,0,0,0,0,0,0,0,0,0,0,0,0,0,0,0,0,0,0,0,0,0,0,0,0,0,0,0,0,0,0,0,0,0,0,0,0,0,0,0,0,0,0,0,0,0,0,0,0,0,0,0,0,0,0,0,0,0,0,0,0,0,0,0,0,0,0,0,0,0,0,0,0,0,0,0,0,0,0,0,0,0,0,0,0,0,0,0,0,0,0,0,0,0,0,0,0,0,0,0,0,0,0,0,0,0,0,0,0,0,0,0,0,0,0,0,0,0,0,0,0,0,0,0,0,0,0,0,0,0,0,0,0,0,0,0,0,0,0,0,0,0,0,0,0,0,0,0,0,0,0,0,0,0,0,0,0,0,0,0,0,0,0,0,0,0,0,0,0,0,0,0,0,0,0,0,0,0,0,0,0,0,0,0,0,0,0,0,0,0,0,0,0,0,0,0,0,0,0,0,0,0,0,0,0,0,0,0,0,0,0,0,0,0,0,0,0,0,0,0,0,0,0,0,0,0,0,0,0,0,0,0,0,0,0,0,0,0,0,0,0,0,0,0,0,0,0,0,0,0,0,0,0,0,0,0,0,0,0,0,0,0,0,0,0,0,0,0,0,0,0,0,0,0,0,0,0,0,0,0,0,0,0,0,0,0,0,0,0,0,0,0,0,0,0,0,0,0,0,0,0,0,0,0,0,0,0,0,0,0,0,0,0,0,0,0,0,0,0,0,0,0,0,0,0,0,0,0,0,0,0,0,0,0,0,0,0,0,0,0,0,0,0,0,0,0,0,0,0,0,0,0,0,0,0,0,0,0,0,0,0,0,0,0,0,0,0,0,0,0,0,0,0,0,0,0,0,0,0,0,0,0,0,0,0,0,0,0,0,0,0,0,0,0,0,0,0,0,0,0,0,0,0,0,0,0,0,0,0,0,0,0,0,0,0,0,0,0,0,0,0,0,0,0,0,0,0,0,0,0,0,0,0,0,0,0,0,0,0,0,0,0,0,0,0,0,0,0,0,0,0,0,0,0,0,0,0,0,0,0,0,0,0,0,0,0,0,0,0,0,0,0,0,0,0,0,0,0,0,0,0,0,0,0,0,0,0,0,0,0,0,0,0,0,0,0,0,0,0,0,0,0,0,0,0,0,0,0,0,0,0,0,0,0,0,0,0,0,0,0,0,0,0,0,0,0,0,0,0,0,0,0,0,0,0,0,0,0,0,0,0,0,0,0,0,0,0,0,0,0,0,0,0,0,0,0,0,0,0,0,0,0,0,0,0,0,0,0,0,0,0,0,0,0,0,0,0,0,0,0,0,0,0,0,0,0,0,0,0,0,0,0,0,0,0,0,0,0,0,0,0,0,0,0,0,0,0,0,0,0,0,0,0,0,0,0,0,0,0,0,0,0,0,0,0,0,0,0,0,0,0,0,0,0,0,0,0,0,0,0,0,0,0,0,0,0,0,0,0,0,0,0,0,0,0,0,0,0,0,0,0,0,0,0,0,0,0,0,0,0,0,0,0,0,0,0,0,0,0,0,0,0,0,0,0,0,0,0,0,0,0,0,0,0,0,0,0,0,0,0,0,0,0,0,0,0,0,0,0,0,0,0,0,0,0,0,0,0,0,0,0,0,0,0,0,0,0,0,0,0,0,0,0,0,0,0,0,0,0,0,0,0,0,0,0,0,0,0,0,0,0,0,0,0,0,0,0,0,0,0,0,0,0,0,0,0,0,0,0,0,0,0,0,0,0,0,0,0,0,0,0,0,0,0,0,0,0,0,0,0,0,0,0,0,0,0,0,0,0,0,0,0,0,0,0,0,0,0,0,0,0,0,0,0,0,0,0,0,0,0,0,0,0,0,0,0,0,0,0,0,0,0,0,0,0,0,0,0,0,0,0,0,0,0,0,0,0,0,0,0,0,0,0,0,0,0,0,0,0,0,0,0,0,0,0,0,0,0,0,0,0,0,0,0,0,0,0,0,0,0,0,0,0,0,0,0,0,0,0,0,0,0,0,0,0,0,0,0,0,0,0,0,0,0,0,0,0,0,0,0,0,0,0,0,0,0,0,0,0,0,0,0,0,0,0,0,0,0,0,0,0,0,0,0,0,0,0,0,0,0,0,0,0,0,0,0,0,0,0,0,0,0,0,0,0,0,0,0,0,0,0,0,0,0,0,0,0,0,0,0,0,0,0,0,0,0,0,0,0,0,0,0,0,0,0,0,0,0,0,0,0,0,0,0,0,0,0,0,0,0,0,0,0,0,0,0,0,0,0,0,0,0,0,0,0,0,0,0,0,0,0,0,0,0,0,0,0,0,0,0,0,0,0,0,0,0,0,0,0,0,0,0,0,0,0,0,0,0,0,0,0,0,0,0,0,0,0,0,0,0,0,0,0,0,0,0,0,0,0,0,0,0,0,0,0,0,0,0,0,0,0,0,0,0,0,0,0,0,0,0,0,0,0,0,0,0,0,0,0,0,0,0,0,0,0,0,0,0,0,0,0,0,0,0,0,0,0,0,0,0,0,0,0,0,0,0,0,0,0,0,0,0,0,0,0,0,0,0,0,0,0,0,0,0,0,0,0,0,0,0,0,0,0,0,0,0,0,0,0,0,0,0,0,0,0,0,0,0,0,0,0,0,0,0,0,0,0,0,0,0,0,0,0,0,0,0,0,0,0,0,0,0,0,0,0,0,0,0,0,0,0,0,0,0,0,0,0,0,0,0,0,0,0,0,0,0,0,0,0,0,0,0,0,0,0,0,0,0,0,0,0,0,0,0,0,0,0,0,0,0,0,0,0,0,0,0,0,0,0,0,0,0,0,0,0,0,0,0,0,0,0,0,0,0,0,0,0,0,0,0,0,0,0,0,0,0,0,0,0,0,0,0,0,0,0,0,0,0,0,0,0,0,0,0,0,0,0,0,0,0,0,0,0,0,0,0,0,0,0,0,0,0,0,0,0,0,0,0,0,0,0,0,0,0,0,0,0,0,0,0,0,0,0,0,0,0,0,0,0,0,0,0,0,0,0,0,0,0,0,0,0,0,0,0,0,0,0,0,0,0,0,0,0,0,0,0,0,0,0,0,0,0,0,0,0,0,0,0,0,0,0,0,0,0,0,0,0,0,0,0,0,0,0,0,0,0,0,0,0,0,0,0,0,0,0,0,0,0,0,0,0,0,0,0,0,0,0,0,0,0,0,0,0,0,0,0,0,0,0,0,0,0,0,0,0,0,0,0,0,0,0,0,0,0,0,0,0,0,0,0,0,0,0,0,0,0,0,0,0,0,0,0,0,0,0,0,0,0,0,0,0,0,0,0,0,0,0,0,0,0,0,0,0,0,0,0,0,0,0,0,0,0,0,0,0,0,0,0,0,0,0,0,0,0,0,0,0,0,0,0,0,0,0,0,0,0,0,0,0,0,0,0,0,0,0,0,0,0,0,0,0,0,0,0,0,0,0,0,0,0,0,0,0,0,0,0,0,0,0,0,0,0,0,0,0,0,0,0,0,0,0,0,0,0,0,0,0,0,0,0,0,0,0,0,0,0,0,0,0,0,0,0,0,0,0,0,0,0,0,0,0,0,0,0,0,0,0,0,0,0,0,0,0,0,0,0,0,0,0,0,0,0,0,0,0,0,0,0,0,0,0,0,0,0,0,0,0,0,0,0,0,0,0,0,0,0,0,0,0,0,0,0,0,0,0,0,0,0,0,0,0,0,0,0,0,0,0,0,0,0,0,0,0,0,0,0,0,0,0,0,0,0,0,0,0,0,0,0,0,0,0,0,0,0,0,0,0,0,0,0,0,0,0,0,0,0,0,0,0,0,0,0,0,0,0,0,0,0,0,0,0,0,0,0,0,0,0,0,0,0,0,0,0,0,0,0,0,0,0,0,0,0,0,0,0,0,0,0,0,0,0,0,0,0,0,0,0,0,0,0,0,0,0,0,0,0,0,0,0,0,0,0,0,0,0,0,0,0,0,0,0,0,0,0,0,0,0,0,0,0,0,0,0,0,0,0,0,0,0,0,0,0,0,0,0,0,0,0,0,0,0,0,0,0,0,0,0,0,0,0,0,0,0,0,0,0,0,0,0,0,0,0,0,0,0,0,0,0,0,0,0,0,0,0,0,0,0,0,0,0,0,0,0,0,0,0,0,0,0,0,0,0,0,0,0,0,0,0,0,0,0,0,0,0,0,0,0,0,0,0,0,0,0,0,0,0,0,0,0,0,0,0,0,0,0,0,0,0,0,0,0,0,0,0,0,0,0,0,0,0,0,0,0,0,0,0,0,0,0,0,0,0,0,0,0,0,0,0,0,0,0,0,0,0,0,0,0,0,0,0,0,0,0,0,0,0,0,0,0,0,0,0,0,0,0,0,0,0,0,0,0,0,0,0,0,0,0,0,0,0,0,0,0,0,0,0,0,0,0,0,0,0,0,0,0,0,0,0,0,0,0,0,0,0,0,0,0,0,0,0,0,0,0,0,0,0,0,0,0,0,0,0,0,0,0,0,0,0,0,0,0,0,0,0,0,0,0,0,0,0,0,0,0,0,0,0,0,0,0,0,0,0,0,0,0,0,0,0,0,0,0,0,0,0,0,0,0,0,0,0,0,0,0,0,0,0,0,0,0,0,0,0,0,0,0,0,0,0,0,0,0,0,0,0,0,0,0,0,0,0,0,0,0,0,0,0,0,0,0,0,0,0,0,0,0,0,0,0,0,0,0,0,0,0,0,0,0,0,0,0,0,0,0,0,0,0,0,0,0,0,0,0,0,0,0,0,0,0,0,0,0,0,0,0,0,0,0,0,0,0,0,0,0,0,0,0,0,0,0,0,0,0,0,0,0,0,0,0,0,0,0,0,0,0,0,0,0,0,0,0,0,0,0,0,0,0,0,0,0,0,0,0,0,0,0,0,0,0,0,0,0,0,0,0,0,0,0,0,0,0,0,0,0,0,0,0,0,0,0,0,0,0,0,0,0,0,0,0,0,0,0,0,0,0,0,0,0,0,0,0,0,0,0,0,0,0,0,0,0,0,0,0,0,0,0,0,0,0,0,0,0,0,0,0,0,0,0,0,0,0,0,0,0,0,0,0,0,0,0,0,0,0,0,0,0,0,0,0,0,0,0,0,0,0,0,0,0,0,0,0,0,0,0,0,0,0,0,0,0,0,0,0,0,0,0,0,0,0,0,0,0,0,0,0,0,0,0,0,0,0,0,0,0,0,0,0,0,0,0,0,0,0,0,0,0,0,0,0,0,0,0,0,0,0,0,0,0,0,0,0,0,0,0,0,0,0,0,0,0,0,0,0,0,0,0,0,0,0,0,0,0,0,0,0,0,0,0,0,0,0,0,0,0,0,0,0,0,0,0,0,0,0,0,0,0,0,0,0,0,0,0,0,0,0,0,0,0,0,0,0,0,0,0,0,0,0,0,0,0,0,0,0,0,0,0,0,0,0,0,0,0,0,0,0,0,0,0,0,0,0,0,0,0,0,0,0,0,0,0,0,0,0,0,0,0,0,0,0,0,0,0,0,0,0,0,0,0,0,0,0,0,0,0,0,0,0,0,0,0,0,0,0,0,0,0,0,0,0,0,0,0,0,0,0,0,0,0,0,0,0,0,0,0,0,0,0,0,0,0,0,0,0,0,0,0,0,0,0,0,0,0,0,0,0,0,0,0,0,0,0,0,0,0,0,0,0,0,0,0,0,0,0,0,0,0,0,0,0,0,0,0,0,0,0,0,0,0,0,0,0,0,0,0,0,0,0,0,0,0,0,0,0,0,0,0,0,0,0,0,0,0,0,0,0,0,0,0,0,0,0,0,0,0,0,0,0,0,0,0,0,0,0,0,0,0,0,0,0,0,0,0,0,0,0,0,0,0,0,0,0,0,0,0,0,0,0,0,0,0,0,0,0,0,0,0,0,0,0,0,0,0,0,0,0,0,0,0,0,0,0,0,0,0,0,0,0,0,0,0,0,0,0,0,0,0,0,0,0,0,0,0,0,0,0,0,0,0,0,0,0,0,0,0,0,0,0,0,0,0,0,0,0,0,0,0,0,0,0,0,0,0,0,0,0,0,0,0,0,0,0,0,0,0,0,0,0,0,0,0,0,0,0,0,0,0,0,0,0,0,0,0,0,0,0,0,0,0,0,0,0,0,0,0,0,0,0,0,0,0,0,0,0,0,0,0,0,0,0,0,0,0,0,0,0,0,0,0,0,0,0,0,0,0,0,0,0,0,0,0,0,0,0,0,0,0,0,0,0,0,0,0,0,0,0,0,0,0,0,0,0,0,0,0,0,0,0,0,0,0,0,0,0,0,0,0,0,0,0,0,0,0,0,0,0,0,0,0,0,0,0,0,0,0,0,0,0,0,0,0,0,0,0,0,0,0,0,0,0,0,0,0,0,0,0,0,0,0,0,0,0,0,0,0,0,0,0,0,0,0,0,0,0,0,0,0,0,0,0,0,0,0,0,0,0,0,0,0,0,0,0,0,0,0,0,0,0,0,0,0,0,0,0,0,0,0,0,0,0,0,0,0,0,0,0,0,0,0,0,0,0,0,0,0,0,0,0,0,0,0,0,0,0,0,0,0,0,0,0,0,0,0,0,0,0,0,0,0,0,0,0,0,0,0,0,0,0,0,0,0,0,0,0,0,0,0,0,0,0,0,0,0,0,0,0,0,0,0,0,0,0,0,0,0,0,0,0,0,0,0,0,0,0,0,0,0,0,0,0,0,0,0,0,0,0,0,0,0,0,0,0,0,0,0,0,0,0,0,0,0,0,0,0,0,0,0,0,0,0,0,0,0,0,0,0,0,0,0,0,0,0,0,0,0,0,0,0,0,0,0,0,0,0,0,0,0,0,0,0,0,0,0,0,0,0,0,0,0,0,0,0,0,0,0,0,0,0,0,0,0,0,0,0,0,0,0,0,0,0,0,0,0,0,0,0,0,0,0,0,0,0,0,0,0,0,0,0,0,0,0,0,0,0,0,0,0,0,0,0,0,0,0,0,0,0,0,0,0,0,0,0,0,0,0,0,0,0,0,0,0,0,0,0,0,0,0,0,0,0,0,0,0,0,0,0,0,0,0,0,0,0,0,0,0,0,0,0,0,0,0,0,0,0,0,0
854053,0.368,0.285,0.276,0.311,0.198,0.175,0.308,0.901,0.938,0.168,0.966,0.521,0.274,0.338,0.557,0.968,0.178,0.932,0.16,0.353,0.274,0.192,0.208,0.445,0.278,0.9,0.185,0.926,0.312,0.742,0.483,0.353,0.495,0.169,0.234,0.542,0.347,0.376,0.317,0.313,0.558,0.312,0.501,0.196,0.161,0.155,0.379,0.312,0.442,0.194,0.165,0.317,0.36,0.192,0.224,0.153,0.289,0.24,0.545,0.313,0.367,0.256,0.275,0.407,0.589,0.359,0.162,0.296,0.379,0.154,0.58,0.262,0.25,0.155,0.215,0.172,0.178,0.733,0.186,0.942,0.194,0.167,0.152,0.19,0.163,0.393,0.249,0.152,0.229,0.258,0.53,0.536,0.193,0.965,0.285,0.248,0.91,0.348,0.168,0.166,0.44,0.153,0.314,0.169,0.903,0.151,0.404,0.239,0.338,0.388,0.171,0.24,0.31,0.234,0.645,0.167,0.171,0.402,0.194,0.151,0.279,0.969,0.193,0.196,0.353,0.156,0.173,0.198,0.197,0.332,0.221,0.681,0.297,0.363,0.228,0.933,0.209,0.279,0.915,0.174,0.321,0.197,0.168,0.193,0.199,0.901,0.297,0.302,0.93,0.593,0.913,0.315,0.406,0.246,0.258,0.664,0.292,0.61,0.883,0.429,0.226,0.221,0.221,0.981,0.168,0.353,0.26,0.183,0.203,0.293,0.228,0.205,0.195,0.307,0.276,0.852,0.203,0.155,0.54,0.542,0.167,0,0,0,0,0,0,0,0,0,0,0,0,0,0,0,0,0,0,0,0,0,0,0,0,0,0,0,0,0,0,0,0,0,0,0,0,0,0,0,0,0,0,0,0,0,0,0,0,0,0,0,0,0,0,0,0,0,0,0,0,0,0,0,0,0,0,0,0,0,0,0,0,0,0,0,0,0,0,0,0,0,0,0,0,0,0,0,0,0,0,0,0,0,0,0,0,0,0,0,0,0,0,0,0,0,0,0,0,0,0,0,0,0,0,0,0,0,0,0,0,0,0,0,0,0,0,0,0,0,0,0,0,0,0,0,0,0,0,0,0,0,0,0,0,0,0,0,0,0,0,0,0,0,0,0,0,0,0,0,0,0,0,0,0,0,0,0,0,0,0,0,0,0,0,0,0,0,0,0,0,0,0,0,0,0,0,0,0,0,0,0,0,0,0,0,0,0,0,0,0,0,0,0,0,0,0,0,0,0,0,0,0,0,0,0,0,0,0,0,0,0,0,0,0,0,0,0,0,0,0,0,0,0,0,0,0,0,0,0,0,0,0,0,0,0,0,0,0,0,0,0,0,0,0,0,0,0,0,0,0,0,0,0,0,0,0,0,0,0,0,0,0,0,0,0,0,0,0,0,0,0,0,0,0,0,0,0,0,0,0,0,0,0,0,0,0,0,0,0,0,0,0,0,0,0,0,0,0,0,0,0,0,0,0,0,0,0,0,0,0,0,0,0,0,0,0,0,0,0,0,0,0,0,0,0,0,0,0,0,0,0,0,0,0,0,0,0,0,0,0,0,0,0,0,0,0,0,0,0,0,0,0,0,0,0,0,0,0,0,0,0,0,0,0,0,0,0,0,0,0,0,0,0,0,0,0,0,0,0,0,0,0,0,0,0,0,0,0,0,0,0,0,0,0,0,0,0,0,0,0,0,0,0,0,0,0,0,0,0,0,0,0,0,0,0,0,0,0,0,0,0,0,0,0,0,0,0,0,0,0,0,0,0,0,0,0,0,0,0,0,0,0,0,0,0,0,0,0,0,0,0,0,0,0,0,0,0,0,0,0,0,0,0,0,0,0,0,0,0,0,0,0,0,0,0,0,0,0,0,0,0,0,0,0,0,0,0,0,0,0,0,0,0,0,0,0,0,0,0,0,0,0,0,0,0,0,0,0,0,0,0,0,0,0,0,0,0,0,0,0,0,0,0,0,0,0,0,0,0,0,0,0,0,0,0,0,0,0,0,0,0,0,0,0,0,0,0,0,0,0,0,0,0,0,0,0,0,0,0,0,0,0,0,0,0,0,0,0,0,0,0,0,0,0,0,0,0,0,0,0,0,0,0,0,0,0,0,0,0,0,0,0,0,0,0,0,0,0,0,0,0,0,0,0,0,0,0,0,0,0,0,0,0,0,0,0,0,0,0,0,0,0,0,0,0,0,0,0,0,0,0,0,0,0,0,0,0,0,0,0,0,0,0,0,0,0,0,0,0,0,0,0,0,0,0,0,0,0,0,0,0,0,0,0,0,0,0,0,0,0,0,0,0,0,0,0,0,0,0,0,0,0,0,0,0,0,0,0,0,0,0,0,0,0,0,0,0,0,0,0,0,0,0,0,0,0,0,0,0,0,0,0,0,0,0,0,0,0,0,0,0,0,0,0,0,0,0,0,0,0,0,0,0,0,0,0,0,0,0,0,0,0,0,0,0,0,0,0,0,0,0,0,0,0,0,0,0,0,0,0,0,0,0,0,0,0,0,0,0,0,0,0,0,0,0,0,0,0,0,0,0,0,0,0,0,0,0,0,0,0,0,0,0,0,0,0,0,0,0,0,0,0,0,0,0,0,0,0,0,0,0,0,0,0,0,0,0,0,0,0,0,0,0,0,0,0,0,0,0,0,0,0,0,0,0,0,0,0,0,0,0,0,0,0,0,0,0,0,0,0,0,0,0,0,0,0,0,0,0,0,0,0,0,0,0,0,0,0,0,0,0,0,0,0,0,0,0,0,0,0,0,0,0,0,0,0,0,0,0,0,0,0,0,0,0,0,0,0,0,0,0,0,0,0,0,0,0,0,0,0,0,0,0,0,0,0,0,0,0,0,0,0,0,0,0,0,0,0,0,0,0,0,0,0,0,0,0,0,0,0,0,0,0,0,0,0,0,0,0,0,0,0,0,0,0,0,0,0,0,0,0,0,0,0,0,0,0,0,0,0,0,0,0,0,0,0,0,0,0,0,0,0,0,0,0,0,0,0,0,0,0,0,0,0,0,0,0,0,0,0,0,0,0,0,0,0,0,0,0,0,0,0,0,0,0,0,0,0,0,0,0,0,0,0,0,0,0,0,0,0,0,0,0,0,0,0,0,0,0,0,0,0,0,0,0,0,0,0,0,0,0,0,0,0,0,0,0,0,0,0,0,0,0,0,0,0,0,0,0,0,0,0,0,0,0,0,0,0,0,0,0,0,0,0,0,0,0,0,0,0,0,0,0,0,0,0,0,0,0,0,0,0,0,0,0,0,0,0,0,0,0,0,0,0,0,0,0,0,0,0,0,0,0,0,0,0,0,0,0,0,0,0,0,0,0,0,0,0,0,0,0,0,0,0,0,0,0,0,0,0,0,0,0,0,0,0,0,0,0,0,0,0,0,0,0,0,0,0,0,0,0,0,0,0,0,0,0,0,0,0,0,0,0,0,0,0,0,0,0,0,0,0,0,0,0,0,0,0,0,0,0,0,0,0,0,0,0,0,0,0,0,0,0,0,0,0,0,0,0,0,0,0,0,0,0,0,0,0,0,0,0,0,0,0,0,0,0,0,0,0,0,0,0,0,0,0,0,0,0,0,0,0,0,0,0,0,0,0,0,0,0,0,0,0,0,0,0,0,0,0,0,0,0,0,0,0,0,0,0,0,0,0,0,0,0,0,0,0,0,0,0,0,0,0,0,0,0,0,0,0,0,0,0,0,0,0,0,0,0,0,0,0,0,0,0,0,0,0,0,0,0,0,0,0,0,0,0,0,0,0,0,0,0,0,0,0,0,0,0,0,0,0,0,0,0,0,0,0,0,0,0,0,0,0,0,0,0,0,0,0,0,0,0,0,0,0,0,0,0,0,0,0,0,0,0,0,0,0,0,0,0,0,0,0,0,0,0,0,0,0,0,0,0,0,0,0,0,0,0,0,0,0,0,0,0,0,0,0,0,0,0,0,0,0,0,0,0,0,0,0,0,0,0,0,0,0,0,0,0,0,0,0,0,0,0,0,0,0,0,0,0,0,0,0,0,0,0,0,0,0,0,0,0,0,0,0,0,0,0,0,0,0,0,0,0,0,0,0,0,0,0,0,0,0,0,0,0,0,0,0,0,0,0,0,0,0,0,0,0,0,0,0,0,0,0,0,0,0,0,0,0,0,0,0,0,0,0,0,0,0,0,0,0,0,0,0,0,0,0,0,0,0,0,0,0,0,0,0,0,0,0,0,0,0,0,0,0,0,0,0,0,0,0,0,0,0,0,0,0,0,0,0,0,0,0,0,0,0,0,0,0,0,0,0,0,0,0,0,0,0,0,0,0,0,0,0,0,0,0,0,0,0,0,0,0,0,0,0,0,0,0,0,0,0,0,0,0,0,0,0,0,0,0,0,0,0,0,0,0,0,0,0,0,0,0,0,0,0,0,0,0,0,0,0,0,0,0,0,0,0,0,0,0,0,0,0,0,0,0,0,0,0,0,0,0,0,0,0,0,0,0,0,0,0,0,0,0,0,0,0,0,0,0,0,0,0,0,0,0,0,0,0,0,0,0,0,0,0,0,0,0,0,0,0,0,0,0,0,0,0,0,0,0,0,0,0,0,0,0,0,0,0,0,0,0,0,0,0,0,0,0,0,0,0,0,0,0,0,0,0,0,0,0,0,0,0,0,0,0,0,0,0,0,0,0,0,0,0,0,0,0,0,0,0,0,0,0,0,0,0,0,0,0,0,0,0,0,0,0,0,0,0,0,0,0,0,0,0,0,0,0,0,0,0,0,0,0,0,0,0,0,0,0,0,0,0,0,0,0,0,0,0,0,0,0,0,0,0,0,0,0,0,0,0,0,0,0,0,0,0,0,0,0,0,0,0,0,0,0,0,0,0,0,0,0,0,0,0,0,0,0,0,0,0,0,0,0,0,0,0,0,0,0,0,0,0,0,0,0,0,0,0,0,0,0,0,0,0,0,0,0,0,0,0,0,0,0,0,0,0,0,0,0,0,0,0,0,0,0,0,0,0,0,0,0,0,0,0,0,0,0,0,0,0,0,0,0,0,0,0,0,0,0,0,0,0,0,0,0,0,0,0,0,0,0,0,0,0,0,0,0,0,0,0,0,0,0,0,0,0,0,0,0,0,0,0,0,0,0,0,0,0,0,0,0,0,0,0,0,0,0,0,0,0,0,0,0,0,0,0,0,0,0,0,0,0,0,0,0,0,0,0,0,0,0,0,0,0,0,0,0,0,0,0,0,0,0,0,0,0,0,0,0,0,0,0,0,0,0,0,0,0,0,0,0,0,0,0,0,0,0,0,0,0,0,0,0,0,0,0,0,0,0,0,0,0,0,0,0,0,0,0,0,0,0,0,0,0,0,0,0,0,0,0,0,0,0,0,0,0,0,0,0,0,0,0,0,0,0,0,0,0,0,0,0,0,0,0,0,0,0,0,0,0,0,0,0,0,0,0,0,0,0,0,0,0,0,0,0,0,0,0,0,0,0,0,0,0,0,0,0,0,0,0,0,0,0,0,0,0,0,0,0,0,0,0,0,0,0,0,0,0,0,0,0,0,0,0,0,0,0,0,0,0,0,0,0,0,0,0,0,0,0,0,0,0,0,0,0,0,0,0,0,0,0,0,0,0,0,0,0,0,0,0,0,0,0,0,0,0,0,0,0,0,0,0,0,0,0,0,0,0,0,0,0,0,0,0,0,0,0,0,0,0,0,0,0,0,0,0,0,0,0,0,0,0,0,0,0,0,0,0,0,0,0,0,0,0,0,0,0,0,0,0,0,0,0,0,0,0,0,0,0,0,0,0,0,0,0,0,0,0,0,0,0,0,0,0,0,0,0,0,0,0,0,0,0,0,0,0,0,0,0,0,0,0,0,0,0,0,0,0,0,0,0,0,0,0,0,0,0,0,0,0,0,0,0,0,0,0,0,0,0,0,0,0,0,0,0,0,0,0,0,0,0,0,0,0,0,0,0,0,0,0,0,0,0,0,0,0,0,0,0,0,0,0,0,0,0,0,0,0,0,0,0,0,0,0,0,0,0,0,0,0,0,0,0,0,0,0,0,0,0,0,0,0,0,0,0,0,0,0,0,0,0,0,0,0,0,0,0,0,0,0,0,0,0,0,0,0,0,0,0,0,0,0,0,0,0,0,0,0,0,0,0,0,0,0,0,0,0,0,0,0,0,0,0,0,0,0,0,0,0,0,0,0,0,0,0,0,0,0,0,0,0,0,0,0,0,0,0,0,0,0,0,0,0,0,0,0,0,0,0,0,0,0,0,0,0,0,0,0,0,0,0,0,0,0,0,0,0,0,0,0,0,0,0,0,0,0,0,0,0,0,0,0,0,0,0,0,0,0,0,0,0,0,0,0,0,0,0,0,0,0,0,0,0,0,0,0,0,0,0,0,0,0,0,0,0,0,0,0,0,0,0,0,0,0,0,0,0,0,0,0,0,0,0,0,0,0,0,0,0,0,0,0,0,0,0,0,0,0,0,0,0,0,0,0,0,0,0,0,0,0,0,0,0,0,0,0,0,0,0,0,0,0,0,0,0,0,0,0,0,0,0,0,0,0,0,0,0,0,0,0,0,0,0,0,0,0,0,0,0,0,0,0,0,0,0,0,0,0,0,0,0,0,0,0,0,0,0,0,0,0,0,0,0,0,0,0,0,0,0,0,0,0,0,0,0,0,0,0,0,0,0,0,0,0,0,0,0,0,0,0,0,0,0,0,0,0,0,0,0,0,0,0,0,0,0,0,0,0,0,0,0,0,0,0,0,0,0,0,0,0,0,0,0,0,0,0,0,0,0,0,0,0,0,0,0,0,0,0,0,0,0,0,0,0,0,0,0,0,0,0,0,0,0,0,0,0,0,0,0,0,0,0,0,0,0,0,0,0,0,0,0,0,0,0,0,0,0,0,0,0,0,0,0,0,0,0,0,0,0,0,0,0,0,0,0,0,0,0,0,0,0,0,0,0,0,0,0,0,0,0,0,0,0,0,0,0,0,0,0,0,0,0,0,0,0,0,0,0,0,0,0,0,0,0,0,0,0,0,0,0,0,0,0,0,0,0,0,0,0,0,0,0,0,0,0,0,0,0,0,0,0,0,0,0,0,0,0,0,0,0,0,0,0,0,0,0,0,0,0,0,0,0,0,0,0,0,0,0,0,0,0,0,0,0,0,0,0,0,0,0,0,0,0,0,0,0,0,0,0,0,0,0,0,0,0,0,0,0,0,0,0,0,0,0,0,0,0,0,0,0,0,0,0,0,0,0,0,0,0,0,0,0,0,0,0,0,0,0,0,0,0,0,0,0,0,0,0,0,0,0,0,0,0,0,0,0,0,0,0,0,0,0,0,0,0,0,0,0,0,0,0,0,0,0,0,0,0,0,0,0,0,0,0,0,0,0,0,0,0,0,0,0,0,0,0,0,0,0,0,0,0,0,0,0,0,0,0,0,0,0,0,0,0,0,0,0,0,0,0,0,0,0,0,0,0,0,0,0,0,0,0,0,0,0,0,0,0,0,0,0,0,0,0,0,0,0,0,0,0,0,0,0,0,0,0,0,0,0,0,0,0,0,0,0,0,0,0,0,0,0,0,0,0,0,0,0,0,0,0,0,0,0,0,0,0,0,0,0,0,0,0,0,0,0,0,0,0,0,0,0,0,0,0,0,0,0,0,0,0,0,0,0,0,0,0,0,0,0,0,0,0,0,0,0,0,0,0,0,0,0,0,0,0,0,0,0,0,0,0,0,0,0,0,0,0,0,0,0,0,0,0,0,0,0,0,0,0,0,0,0,0,0,0,0,0,0,0,0,0,0,0,0,0,0,0,0,0,0,0,0,0,0,0,0,0,0,0,0,0,0,0,0,0,0,0,0,0,0,0,0,0,0,0,0,0,0,0,0,0,0,0,0,0,0,0,0,0,0,0,0,0,0,0,0,0,0,0,0,0,0,0,0,0,0,0,0,0,0,0,0,0,0,0,0,0,0,0,0,0,0,0,0,0,0,0,0,0,0,0,0,0,0,0,0,0,0,0,0,0,0,0,0,0,0,0,0,0,0,0,0,0,0,0,0,0,0,0,0,0,0,0,0,0,0,0,0,0,0,0,0,0,0,0,0,0,0,0,0,0,0,0,0,0,0,0,0,0,0,0,0,0,0,0,0,0,0,0,0,0,0,0,0,0,0,0,0,0,0,0,0,0,0,0,0,0,0,0,0,0,0,0,0,0,0,0,0,0,0,0,0,0,0,0,0,0,0,0,0,0,0,0,0,0,0,0,0,0,0,0,0,0,0,0,0,0,0,0,0,0,0,0,0,0,0,0,0,0,0,0,0,0,0,0,0,0,0,0,0,0,0,0,0,0,0,0,0,0,0,0,0,0,0,0,0,0,0,0,0,0,0,0,0,0,0,0,0,0,0,0,0,0,0,0,0,0,0,0,0,0,0,0,0,0,0,0,0,0,0,0,0,0,0,0,0,0,0,0,0,0,0,0,0,0,0,0,0,0,0,0,0,0,0,0,0,0,0,0,0,0,0,0,0,0,0,0,0,0,0,0,0,0,0,0,0,0,0,0,0,0,0,0,0,0,0,0,0,0,0,0,0,0,0,0,0,0,0,0,0,0,0,0,0,0,0,0,0,0,0,0,0,0,0,0,0,0,0,0,0,0,0,0,0,0,0,0,0,0,0,0,0,0,0,0,0,0,0,0,0,0,0,0,0,0,0,0,0,0,0,0,0,0,0,0,0,0,0,0,0,0,0,0,0,0,0,0,0,0,0,0,0,0,0,0,0,0,0,0,0,0,0,0,0,0,0,0,0,0,0,0,0,0,0,0,0,0,0,0,0,0,0,0,0,0,0,0,0,0,0,0,0,0,0,0,0,0,0,0,0,0,0,0,0,0,0,0,0,0,0,0,0,0,0,0,0,0,0,0,0,0,0,0,0,0,0,0,0,0,0,0,0,0,0,0,0,0,0,0,0,0,0,0,0,0,0,0,0,0,0,0,0,0,0,0,0,0,0,0,0,0,0,0,0,0,0,0,0,0,0,0,0,0,0,0,0,0,0,0,0,0,0,0,0,0,0,0,0,0,0,0,0,0,0,0,0,0,0,0,0,0,0,0,0,0,0,0,0,0,0,0,0,0,0,0,0,0,0,0,0,0,0,0,0,0,0,0,0,0,0,0,0,0,0,0,0,0,0,0,0,0,0,0,0,0,0,0,0,0,0,0,0,0,0,0,0,0,0,0,0,0,0,0,0,0,0,0,0,0,0,0,0,0,0,0,0,0,0,0,0,0,0,0,0,0,0,0,0,0,0,0,0,0,0,0,0,0,0,0,0,0,0,0,0,0,0,0,0,0,0,0,0,0,0,0,0,0,0,0,0,0,0,0,0,0,0,0,0,0,0,0,0,0,0,0,0,0,0,0,0,0,0,0,0,0,0,0,0,0,0,0,0,0,0,0,0,0,0,0,0,0,0,0,0,0,0,0,0,0,0,0,0,0,0,0,0,0,0,0,0,0,0,0,0,0,0,0,0,0,0,0,0,0,0,0,0,0,0,0,0,0,0,0,0,0,0,0,0,0,0,0,0,0,0,0,0,0,0,0,0,0,0,0,0,0,0,0,0,0,0,0,0,0,0,0,0,0,0,0,0,0,0,0,0,0,0,0,0,0,0,0,0,0,0,0,0,0,0,0,0,0,0,0,0,0,0,0,0,0,0,0,0,0,0,0,0,0,0,0,0,0,0,0,0,0,0,0,0,0,0,0,0,0,0,0,0,0,0,0,0,0,0,0,0,0,0,0,0,0,0,0,0,0,0,0,0,0,0,0,0,0,0,0,0,0,0,0,0,0,0,0,0,0,0,0,0,0,0,0,0,0,0,0,0,0,0,0,0,0,0,0,0,0,0,0,0,0,0,0,0,0,0,0,0,0,0,0,0,0,0,0,0
854177,0,0,0,0,0,0,0,0,0,0,0,0,0,0,0,0,0,0,0,0,0,0,0,0,0,0,0,0,0,0,0,0,0,0,0,0,0,0,0.572,0,0,0,0,0,0,0,0,0,0,0,0,0,0,0,0,0,0,0,0,0,0,0,0,0,0,0,0,0,0,0,0,0,0,0,0,0,0,0,0,0,0,0,0,0,0,0,0,0,0,0,0,0,0,0,0,0,0,0,0,0,0,0,0,0,0,0,0,0,0,0,0,0,0,0,0,0,0,0,0,0,0,0,0,0,0,0,0,0,0,0,0,0,0,0,0,0,0,0,0,0,0,0,0,0,0,0,0,0,0,0,0,0,0,0,0,0,0,0,0,0,0,0,0,0,0,0,0,0,0,0,0,0,0,0,0,0,0,0,0,0,0,0,0,0,0,0,0,0,0,0,0,0,0,0,0,0,0,0,0,0,0,0,0,0,0,0,0,0,0,0,0,0,0,0,0,0,0,0,0,0,0,0,0,0,0,0,0,0,0,0,0,0,0,0,0,0,0,0,0,0,0,0,0,0,0,0,0,0,0,0,0,0,0.194,0,0,0,0,0,0,0,0,0,0,0,0,0,0,0,0,0,0,0,0,0,0,0,0,0,0,0,0,0,0,0,0,0,0,0,0,0,0,0,0,0,0,0,0,0,0,0,0,0,0,0,0,0,0,0,0,0,0,0,0,0,0,0,0,0,0,0,0,0,0,0,0,0,0,0,0,0,0,0,0,0,0,0,0,0,0,0,0,0,0,0,0,0,0,0,0,0,0,0,0,0,0,0,0,0,0,0,0,0,0,0,0,0,0,0,0,0,0,0,0,0,0,0,0,0,0,0,0,0,0,0,0,0,0,0,0,0,0,0,0,0,0,0,0,0,0,0,0,0,0,0,0,0,0,0,0,0,0,0,0,0,0,0,0,0,0,0,0,0,0,0,0,0,0,0,0,0,0,0,0,0,0,0,0,0,0,0,0,0,0,0,0,0,0,0,0,0,0,0,0,0,0,0,0,0,0,0,0,0,0,0,0,0,0,0,0,0.761,0,0,0,0,0,0,0,0.737,0,0,0,0,0,0,0,0,0,0,0,0,0,0,0,0,0,0,0,0,0,0,0,0,0,0,0,0,0,0,0,0,0,0,0,0,0,0,0,0,0,0,0,0,0,0,0,0,0,0,0,0,0,0,0,0,0,0,0,0,0,0,0,0,0,0,0,0,0,0,0,0,0,0,0,0,0,0,0,0,0,0,0,0,0,0,0,0,0,0,0,0,0,0.337,0,0,0,0,0,0,0,0,0,0,0,0,0,0,0,0,0,0,0,0,0,0,0,0,0,0,0,0,0,0,0,0,0,0,0,0,0,0,0,0,0,0,0,0,0,0,0,0,0,0,0,0,0,0,0,0,0,0,0,0,0,0,0,0,0,0,0,0,0,0,0,0,0,0,0,0,0,0,0,0,0,0,0,0,0,0,0,0,0,0,0,0,0,0,0,0,0,0,0,0,0,0,0,0,0,0,0,0,0,0,0,0,0,0,0,0,0,0,0,0,0,0,0,0,0,0,0,0,0,0,0,0,0,0,0,0,0,0,0,0,0,0,0.252,0,0,0,0,0,0,0,0,0,0,0,0,0,0,0,0,0,0,0,0,0,0,0.551,0,0,0,0,0,0,0,0,0,0,0,0,0,0,0,0,0,0,0,0,0,0,0,0,0,0,0,0,0,0,0,0,0,0,0,0,0,0,0,0,0,0,0,0,0,0,0,0,0,0,0,0,0,0,0,0,0,0,0,0,0,0,0,0,0,0,0,0,0,0,0,0,0,0,0,0,0,0,0,0,0,0,0,0,0,0,0,0,0,0,0,0,0,0,0,0,0,0,0,0,0,0,0,0,0,0,0,0,0,0,0,0,0,0,0,0,0,0,0,0,0,0,0,0,0,0,0,0,0,0,0,0,0,0,0,0,0,0,0,0,0,0,0,0,0,0,0,0,0,0,0,0,0,0,0,0,0,0,0,0,0,0,0,0,0,0,0,0,0,0,0,0,0,0,0,0,0,0,0,0,0,0,0,0,0,0,0,0,0,0,0,0,0,0,0,0,0,0.218,0,0,0,0,0,0,0,0,0,0,0,0,0,0,0,0,0,0,0,0,0,0,0,0,0,0,0,0,0,0,0,0,0,0,0,0,0,0.683,0.229,0.683,0.272,0.228,0.288,0.19,0.276,0.394,0.293,0.297,0.515,0.808,0.226,0.263,0.616,0.681,0.539,0.445,0.445,0.68,0.195,0.355,0.22,0.446,0.445,0.482,0.211,0.26,0.192,0.571,0.153,0.306,0.634,0.781,0.351,0.514,0.33,0.514,0.336,0.511,0.286,0.445,0.62,0.68,0.445,0.392,0,0,0,0,0,0,0,0,0,0,0,0,0,0,0,0,0,0,0,0,0,0,0,0,0,0,0,0,0,0,0,0,0,0,0,0,0,0,0,0,0,0,0,0,0,0,0,0,0,0,0,0,0,0,0,0,0,0,0,0,0,0,0,0,0,0,0,0,0,0,0,0,0,0,0,0,0,0,0,0,0,0,0,0,0,0,0,0,0,0,0,0,0,0,0,0,0,0,0,0,0,0,0,0,0,0,0,0,0,0,0,0,0,0,0,0,0,0,0,0,0,0,0,0,0,0,0,0,0,0,0,0,0,0,0,0,0,0,0,0,0,0,0,0,0,0,0,0,0,0,0,0,0,0,0,0,0,0,0,0,0,0,0,0,0,0,0,0,0,0,0,0,0,0,0,0,0,0,0,0,0,0,0,0,0,0,0,0,0,0,0,0,0,0,0,0,0,0,0,0,0,0,0,0,0,0,0,0,0,0,0,0,0,0,0,0,0,0,0,0,0,0,0,0,0,0,0,0,0,0,0,0,0,0,0,0,0,0,0,0,0,0,0,0,0,0,0,0,0,0,0,0,0,0,0,0,0,0,0,0,0,0,0,0,0,0,0,0,0,0,0,0,0,0,0,0,0,0,0,0,0,0,0,0,0,0,0,0,0,0,0,0,0,0,0,0,0,0,0,0,0,0,0,0,0,0,0,0,0,0,0,0,0,0,0,0,0,0,0,0,0,0,0,0,0,0,0,0,0,0,0,0,0,0,0,0,0,0,0,0,0,0,0,0,0,0,0,0,0,0,0,0,0,0,0,0,0,0,0,0,0,0,0,0,0,0,0,0,0,0,0,0,0,0,0,0,0,0,0,0,0,0,0,0,0,0,0,0,0,0,0,0,0,0,0,0,0,0,0,0,0,0,0,0,0,0,0,0,0,0,0,0,0,0,0,0,0,0,0,0,0,0,0,0,0,0,0,0,0,0,0,0,0,0,0,0,0,0,0,0,0,0,0,0,0,0,0,0,0,0,0,0,0,0,0,0,0,0,0,0,0,0,0,0,0,0,0,0,0,0,0,0,0,0,0,0,0,0,0,0,0,0,0,0,0,0,0,0,0,0,0,0,0,0,0,0,0,0,0,0,0,0,0,0,0,0,0,0,0,0,0,0,0,0,0,0,0,0,0,0,0,0,0,0,0,0,0,0,0,0,0,0,0,0,0,0,0,0,0,0,0,0,0,0,0,0,0,0,0,0,0,0,0,0,0,0,0,0,0,0,0,0,0,0,0,0,0,0,0,0,0,0,0,0,0,0,0,0,0,0,0,0,0,0,0,0,0,0,0,0,0,0,0,0,0,0,0,0,0,0,0,0,0,0,0,0,0,0,0,0,0,0,0,0,0,0,0,0,0,0,0,0,0,0,0,0,0,0,0,0,0,0,0,0,0,0,0,0,0,0,0,0,0,0,0,0,0,0,0,0,0,0,0,0,0,0,0,0,0,0,0,0,0,0,0,0,0,0,0,0,0,0,0,0,0,0,0,0,0,0,0,0,0,0,0,0,0,0,0,0,0,0,0,0,0,0,0,0,0,0,0,0,0,0,0,0,0,0,0,0,0,0,0,0,0,0,0,0,0,0,0,0,0,0,0,0,0,0,0,0,0,0,0,0,0,0,0,0,0,0,0,0,0,0,0,0,0,0,0,0,0,0,0,0,0,0,0,0,0,0,0,0,0,0,0,0,0,0,0,0,0,0,0,0,0,0,0,0,0,0,0,0,0,0,0,0,0,0,0,0,0,0,0,0,0,0,0,0,0,0,0,0,0,0,0,0,0,0,0,0,0,0,0,0,0,0,0,0,0,0,0,0,0,0,0,0,0,0,0,0,0,0,0,0,0,0,0,0,0,0,0,0,0,0,0,0,0,0,0,0,0,0,0,0,0,0,0,0,0,0,0,0,0,0,0,0,0,0,0,0,0,0,0,0,0,0,0,0,0,0,0,0,0,0,0,0,0,0,0,0,0,0,0,0,0,0,0,0,0,0,0,0,0,0,0,0,0,0,0,0,0,0,0,0,0,0,0,0,0,0,0,0,0,0,0,0,0,0,0,0,0,0,0,0,0,0,0,0,0,0,0,0,0,0,0,0,0,0,0,0,0,0,0,0,0,0,0,0,0,0,0,0,0,0,0,0,0,0,0,0,0,0,0,0,0,0,0,0,0,0,0,0,0,0,0,0,0,0,0,0,0,0,0,0,0,0,0,0,0,0,0,0,0,0,0,0,0,0,0,0,0,0,0,0,0,0,0,0,0,0,0,0,0,0,0,0,0,0,0,0,0,0,0,0,0,0,0,0,0,0,0,0,0,0,0,0,0,0,0,0,0,0,0,0,0,0,0,0,0,0,0,0,0,0,0,0,0,0,0,0,0,0,0,0,0,0,0,0,0,0,0,0,0,0,0,0,0,0,0,0,0,0,0,0,0,0,0,0,0,0,0,0,0,0,0,0,0,0,0,0,0,0,0,0,0,0,0,0,0,0,0,0,0,0,0,0,0,0,0,0,0,0,0,0,0,0,0,0,0,0,0,0,0,0,0,0,0,0,0,0,0,0,0,0,0,0,0,0,0,0,0,0,0,0,0,0,0,0,0,0,0,0,0,0,0,0,0,0,0,0,0,0,0,0,0,0,0,0,0,0,0,0,0,0,0,0,0,0,0,0,0,0,0,0,0,0,0,0,0,0,0,0,0,0,0,0,0,0,0,0,0,0,0,0,0,0,0,0,0,0,0,0,0,0,0,0,0,0,0,0,0,0,0,0,0,0,0,0,0,0,0,0,0,0,0,0,0,0,0,0,0,0,0,0,0,0,0,0,0,0,0,0,0,0,0,0,0,0,0,0,0,0,0,0,0,0,0,0,0,0,0,0,0,0,0,0,0,0,0,0,0,0,0,0,0,0,0,0,0,0,0,0,0,0,0,0,0,0,0,0,0,0,0,0,0,0,0,0,0,0,0,0,0,0,0,0,0,0,0,0,0,0,0,0,0,0,0,0,0,0,0,0,0,0,0,0,0,0,0,0,0,0,0,0,0,0,0,0,0,0,0,0,0,0,0,0,0,0,0,0,0,0,0,0,0,0,0,0,0,0,0,0,0,0,0,0,0,0,0,0,0,0,0,0,0,0,0,0,0,0,0,0,0,0,0,0,0,0,0,0,0,0,0,0,0,0,0,0,0,0,0,0,0,0,0,0,0,0,0,0,0,0,0,0,0,0,0,0,0,0,0,0,0,0,0,0,0,0,0,0,0,0,0,0,0,0,0,0,0,0,0,0,0,0,0,0,0,0,0,0,0,0,0,0,0,0,0,0,0,0,0,0,0,0,0,0,0,0,0,0,0,0,0,0,0,0,0,0,0,0,0,0,0,0,0,0,0,0,0,0,0,0,0,0,0,0,0,0,0,0,0,0,0,0,0,0,0,0,0,0,0,0,0,0,0,0,0,0,0,0,0,0,0,0,0,0,0,0,0,0,0,0,0,0,0,0,0,0,0,0,0,0,0,0,0,0,0,0,0,0,0,0,0,0,0,0,0,0,0,0,0,0,0,0,0,0,0,0,0,0,0,0,0,0,0,0,0,0,0,0,0,0,0,0,0,0,0,0,0,0,0,0,0,0,0,0,0,0,0,0,0,0,0,0,0,0,0,0,0,0,0,0,0,0,0,0,0,0,0,0,0,0,0,0,0,0,0,0,0,0,0,0,0,0,0,0,0,0,0,0,0,0,0,0,0,0,0,0,0,0,0,0,0,0,0,0,0,0,0,0,0,0,0,0,0,0,0,0,0,0,0,0,0,0,0,0,0,0,0,0,0,0,0,0,0,0,0,0,0,0,0,0,0,0,0,0,0,0,0,0,0,0,0,0,0,0,0,0,0,0,0,0,0,0,0,0,0,0,0,0,0,0,0,0,0,0,0,0,0,0,0,0,0,0,0,0,0,0,0,0,0,0,0,0,0,0,0,0,0,0,0,0,0,0,0,0,0,0,0,0,0,0,0,0,0,0,0,0,0,0,0,0,0,0,0,0,0,0,0,0,0,0,0,0,0,0,0,0,0,0,0,0,0,0,0,0,0,0,0,0,0,0,0,0,0,0,0,0,0,0,0,0,0,0,0,0,0,0,0,0,0,0,0,0,0,0,0,0,0,0,0,0,0,0,0,0,0,0,0,0,0,0,0,0,0,0,0,0,0,0,0,0,0,0,0,0,0,0,0,0,0,0,0,0,0,0,0,0,0,0,0,0,0,0,0,0,0,0,0,0,0,0,0,0,0,0,0,0,0,0,0,0,0,0,0,0,0,0,0,0,0,0,0,0,0,0,0,0,0,0,0,0,0,0,0,0,0,0,0,0,0,0,0,0,0,0,0,0,0,0,0,0,0,0,0,0,0,0,0,0,0,0,0,0,0,0,0,0,0,0,0,0,0,0,0,0,0,0,0,0,0,0,0,0,0,0,0,0,0,0,0,0,0,0,0,0,0,0,0,0,0,0,0,0,0,0,0,0,0,0,0,0,0,0,0,0,0,0,0,0,0,0,0,0,0,0,0,0,0,0,0,0,0,0,0,0,0,0,0,0,0,0,0,0,0,0,0,0,0,0,0,0,0,0,0,0,0,0,0,0,0,0,0,0,0,0,0,0,0,0,0,0,0,0,0,0,0,0,0,0,0,0,0,0,0,0,0,0,0,0,0,0,0,0,0,0,0,0,0,0,0,0,0,0,0,0,0,0,0,0,0,0,0,0,0,0,0,0,0,0,0,0,0,0,0,0,0,0,0,0,0,0,0,0,0,0,0,0,0,0,0,0,0,0,0,0,0,0,0,0,0,0,0,0,0,0,0,0,0,0,0,0,0,0,0,0,0,0,0,0,0,0,0,0,0,0,0,0,0,0,0,0,0,0,0,0,0,0,0,0,0,0,0,0,0,0,0,0,0,0,0,0,0,0,0,0,0,0,0,0,0,0,0,0,0,0,0,0,0,0,0,0,0,0,0,0,0,0,0,0,0,0,0,0,0,0,0,0,0,0,0,0,0,0,0,0,0,0,0,0,0,0,0,0,0,0,0,0,0,0,0,0,0,0,0,0,0,0,0,0,0,0,0,0,0,0,0,0,0,0,0,0,0,0,0,0,0,0,0,0,0,0,0,0,0,0,0,0,0,0,0,0,0,0,0,0,0,0,0,0,0,0,0,0,0,0,0,0,0,0,0,0,0,0,0,0,0,0,0,0,0,0,0,0,0,0,0,0,0,0,0,0,0,0,0,0,0,0,0,0,0,0,0,0,0,0,0,0,0,0,0,0,0,0,0,0,0,0,0,0,0,0,0,0,0,0,0,0,0,0,0,0,0,0,0,0,0,0,0,0,0,0,0,0,0,0,0,0,0,0,0,0,0,0,0,0,0,0,0,0,0,0,0,0,0,0,0,0,0,0,0,0,0,0,0,0,0,0,0,0,0,0,0,0,0,0,0,0,0,0,0,0,0,0,0,0,0,0,0,0,0,0,0,0,0,0,0,0,0,0,0,0,0,0,0,0,0,0,0,0,0,0,0,0,0,0,0,0,0,0,0,0,0,0,0,0,0,0,0,0,0,0,0,0,0,0,0,0,0,0,0,0,0,0,0,0,0,0,0,0,0,0,0,0,0,0,0,0,0,0,0,0,0,0,0,0,0,0,0,0,0,0,0,0,0,0,0,0,0,0,0,0,0,0,0,0,0,0,0,0,0,0,0,0,0,0,0,0,0,0,0,0,0,0,0,0,0,0,0,0,0,0,0,0,0,0,0,0,0,0,0,0,0,0,0,0,0,0,0,0,0,0,0,0,0,0,0,0,0,0,0,0,0,0,0,0,0,0,0,0,0,0,0,0,0,0,0,0,0,0,0,0,0,0,0,0,0,0,0,0,0,0,0,0,0,0,0,0,0,0,0,0,0,0,0,0,0,0,0,0,0,0,0,0,0,0,0,0,0,0,0,0,0,0,0,0,0,0,0,0,0,0,0,0,0,0,0,0,0,0,0,0,0,0,0,0,0,0,0,0,0,0,0,0,0,0,0,0,0,0,0,0,0,0,0,0,0,0,0,0,0,0,0,0,0,0,0,0,0,0,0,0,0,0,0,0,0,0,0,0,0,0,0,0,0,0,0,0,0,0,0,0,0,0,0,0,0,0,0,0,0,0,0,0,0,0,0,0,0,0,0,0,0,0,0,0,0,0,0,0,0,0,0,0,0,0,0,0,0,0,0,0,0,0,0,0,0,0,0,0,0,0,0,0,0,0,0,0,0,0,0,0,0,0,0,0,0,0,0,0,0,0,0,0,0,0,0,0,0,0,0,0,0,0,0,0,0,0,0,0,0,0,0,0,0,0,0,0,0,0,0,0,0,0,0,0,0,0,0,0,0,0,0,0,0,0,0,0,0,0,0,0,0,0,0,0,0,0,0,0,0,0,0,0,0,0,0,0,0,0,0,0,0,0,0,0,0,0,0,0,0,0,0,0,0,0,0,0,0,0,0,0,0,0,0,0,0,0,0,0,0,0,0,0,0,0,0,0,0,0,0,0,0,0,0,0,0,0,0,0,0,0,0,0,0,0,0,0,0,0,0,0,0,0,0,0,0,0,0,0,0,0,0,0,0,0,0,0,0,0,0,0,0,0,0,0,0,0,0,0,0,0,0,0,0,0,0,0,0,0,0,0,0,0,0,0,0,0,0,0,0,0,0,0,0,0,0,0,0,0,0,0,0,0,0,0,0,0,0,0,0,0,0,0,0,0,0,0,0,0,0,0,0,0,0,0,0,0,0,0,0,0,0,0,0,0,0,0,0,0,0,0,0,0,0,0,0,0,0,0,0,0,0,0,0,0,0,0,0,0,0,0,0,0,0,0,0,0,0,0,0,0,0,0,0,0,0,0,0,0,0,0,0,0,0,0,0,0,0,0,0,0,0,0,0,0,0,0,0,0,0,0,0,0,0,0,0,0,0,0,0,0,0,0,0,0,0,0,0,0,0,0,0,0,0,0,0,0,0,0,0,0,0,0,0,0,0,0,0,0,0,0,0,0,0,0,0,0,0,0,0,0,0,0,0,0,0,0,0,0,0,0,0,0,0,0,0,0,0,0,0,0,0,0,0,0,0,0,0,0,0,0,0,0,0,0,0,0,0,0,0,0,0,0,0,0,0,0,0,0,0,0,0,0,0,0,0,0,0,0,0,0,0,0,0,0,0,0,0,0,0,0,0,0,0,0,0,0,0,0,0,0,0,0,0,0,0,0,0,0,0,0,0,0,0
855386,0,0.152,0.41,0,0,0,0.446,0.294,0,0,0,0,0,0,0,0.703,0.171,0,0.542,0.27,0,0,0,0,0.248,0,0.577,0,0,0,0,0,0.157,0,0,0,0,0,0,0,0,0.219,0,0,0.3,0.389,0,0.195,0,0,0.807,0.356,0,0,0,0,0,0,0.308,0,0.192,0.298,0.791,0,0.257,0,0.542,0.191,0,0,0.474,0,0,0.172,0,0.377,0,0,0.21,0,0,0,0,0,0,0.537,0,0,0.764,0,0.196,0,0,0.18,0.152,0,0.181,0.513,0.751,0.165,0,0,0.218,0,0,0.168,0.157,0.168,0,0.305,0,0.297,0,0,0,0,0,0,0.834,0,0,0.314,0,0,0,0,0.171,0.17,0,0,0,0,0,0,0,0.158,0.495,0,0.574,0.221,0.375,0,0,0,0,0.746,0,0,0,0,0.405,0,0,0,0,0.492,0.732,0,0,0.242,0,0,0,0.2,0.735,0,0,0.187,0,0.971,0,0.247,0,0,0,0,0.54,0,0,0.212,0.412,0.546,0.443,0,0,0.212,0,0,0,0,0.298,0.16,0.608,0,0.175,0.796,0.283,0.39,0,0.235,0,0.988,0.367,0,0,0,0,0,0,0.174,0,0.77,0,0.348,0,0,0,0.415,0.222,0,0,0.236,0,0,0,0,0,0,0,0,0.153,0,0,0.316,0.171,0.945,0.209,0,0,0,0,0,0.444,0,0.163,0,0,0.931,0,0,0.442,0.243,0.167,0,0,0,0.917,0.239,0,0.203,0,0,0,0.925,0,0,0.55,0,0,0,0,0,0,0.708,0,0,0,0,0,0,0,0,0.154,0,0,0,0,0,0.992,0,0,0.202,0,0,0.573,0,0.37,0.775,0,0,0,0.569,0,0.522,0,0,0,0,0,0,0,0.61,0,0.229,0,0,0.152,0,0,0.193,0.161,0,0,0,0,0.273,0,0.187,0,0,0,0.997,0,0,0,0.665,0,0,0.787,0,0.553,0,0,0,0,0,0.931,0,0,0.202,0,0,0,0.29,0,0,0,0,0,0,0.16,0,0.525,0,0,0.319,0,0,0,0.312,0.485,0,0.162,0,0,0,0,0,0,0,0.394,0,0.231,0.15,0,0,0.16,0,0,0.69,0.181,0,0,0.272,0,0,0,0,0.359,0,0,0,0.191,0,0.424,0,0,0,0,0.173,0.172,0,0,0.461,0.557,0,0,0,0,0.831,0,0,0.162,0.224,0,0,0,0,0,0.954,0.438,0,0.373,0,0.422,0.681,0,0,0.188,0.17,0,0.305,0,0,0,0.166,0,0.744,0,0.302,0.205,0,0,0.937,0,0,0,0,0,0,0.327,0,0.242,0,0.992,0,0,0,0,0,0,0,0,0.218,0,0,0,0,0,0.317,0,0,0,0,0,0.182,0,0,0,0,0,0,0.21,0,0,0.659,0,0.644,0,0,0,0,0,0.506,0,0.181,0.167,0,0,0,0,0,0,0.188,0,0,0.258,0,0,0,0.377,0,0.56,0,0,0,0,0,0.871,0,0.173,0,0,0,0,0,0,0,0,0.225,0,0,0,0.45,0,0.456,0,0,0.184,0,0.255,0,0,0,0,0,0,0.747,0,0.244,0,0,0,0.437,0,0,0,0.164,0,0.164,0,0.981,0,0.156,0,0,0,0.441,0,0,0.675,0,0,0,0.35,0,0,0.377,0.428,0.217,0,0,0.407,0,0,0,0,0,0,0,0.377,0,0,0.159,0,0,0,0,0,0,0,0.254,0,0,0,0,0,0,0,0.193,0,0,0.6,0,0.341,0,0,0,0.467,0,0.557,0,0,0.95,0,0,0.341,0,0.223,0,0,0,0.983,0,0,0,0,0,0.258,0.837,0,0,0.158,0,0.196,0,0,0.174,0,0,0,0,0,0,0,0,0,0,0,0,0,0.271,0.201,0.344,0,0,0,0,0.279,0,0,0,0,0,0,0,0,0,0,0,0,0,0,0,0,0,0.21,0,0,0,0,0.356,0.249,0,0.251,0,0,0.35,0,0,0.193,0.513,0,0,0.283,0,0.205,0,0.183,0,0,0,0.578,0,0,0,0.195,0.553,0.274,0,0,0,0.2,0,0,0,0,0,0.223,0,0.518,0,0,0,0,0.974,0,0,0.162,0,0,0,0.376,0.76,0,0,0.254,0,0,0.653,0,0.187,0.157,0,0.444,0,0,0,0,0,0,0,0.176,0.267,0,0.289,0,0,0,0.15,0.164,0,0,0,0,0,0,0,0.966,0,0.162,0,0,0.288,0,0,0.248,0,0,0,0.175,0.164,0,0,0,0,0,0,0.216,0.325,0,0,0,0,0,0,0,0.47,0,0,0.163,0,0.166,0,0,0,0,0.641,0,0.759,0,0.612,0,0,0,0,0,0,0,0,0,0,0,0,0.547,0.739,0,0.964,0,0.153,0,0,0.363,0,0.218,0.189,0,0,0,0,0,0,0,0.216,0,0,0,0,0,0,0,0,0,0,0,0.56,0.667,0.189,0,0,0,0,0,0,0.156,0.204,0,0.458,0,0,0,0.222,0,0,0,0,0,0,0,0.289,0,0,0,0.945,0.561,0,0.154,0.176,0,0,0,0.216,0,0,0,0.812,0.222,0.67,0.963,0,0,0,0,0,0.172,0.707,0,0,0,0,0.17,0,0,0.203,0,0,0,0,0,0.36,0.183,0,0.617,0,0,0,0.542,0.203,0,0,0,0.228,0.162,0,0,0,0.557,0,0,0.178,0.541,0,0,0,0,0,0,0,0.355,0,0,0,0.317,0,0.183,0,0,0,0,0,0,0.25,0,0,0,0,0,0,0,0,0,0,0,0,0,0,0.186,0,0,0,0,0,0,0,0,0,0,0,0.276,0,0,0,0.195,0,0,0,0,0,0,0,0.154,0.221,0.617,0.439,0.565,0.175,0.247,0.998,0.206,0.331,0.507,0.231,0.431,0.225,0.96,0.312,0.185,0.544,0.403,0.216,0.191,0.153,0.153,0.162,0.172,0.276,0.241,0.361,0.214,0.211,0.308,0.221,0.339,0.818,0.983,0.345,0.374,0.321,0.614,0.165,0.195,0.204,0.215,0.164,0.591,0.192,0.189,0.175,0.628,0.155,0.181,0.298,0.297,0.373,0.285,0.151,0.772,0.171,0.151,0.171,0.16,0.226,0.998,0.26,0.165,0.251,0.202,0.199,0.373,0.233,0.719,0.405,0.192,0.165,0.165,0.441,0.237,0.221,0.323,0.385,0.198,0.269,0.701,0.246,0.726,0.198,0.411,0.289,0.196,0.163,0.16,0.222,0.33,0.285,0.198,0.161,0.692,0.175,0.165,0.161,0.334,0.173,0.192,0.239,0.792,0.978,0.196,0.168,0.168,0.285,0.172,0.192,0.189,0.467,0.192,0.188,0.307,0.391,0.389,0.206,0.242,0.288,0.165,0.298,0.168,0.621,0.22,0.161,0.565,0.338,0.71,0.293,0.2,0.996,0.152,0.384,0.329,0.271,0.41,0.196,0.552,0.287,0.577,0.414,0.204,0.167,0.32,0.197,0.185,0.449,0.4,0.15,0.203,0.264,0.196,0.366,0.169,0.469,0.29,0.232,0.189,0.329,0.237,0.22,0.38,0.243,0.185,0.637,0.34,0.214,0.276,0.953,0.256,0.161,0.157,0.27,0.178,0.172,0.995,0.312,0.988,0.302,0.163,0.662,0.253,0.211,0.371,0.165,0.224,0.286,0.723,0.238,0.23,0.241,0.223,0.179,0.942,0.215,0.314,0.251,0.161,0.212,0.225,0.162,0.163,0.205,0.211,0.176,0.172,0.917,0.185,0.254,0.74,0.268,0.318,0.35,0.163,0.225,0.687,0.233,0.171,0.291,0.152,0.164,0.158,0.609,0.246,0.654,0.151,0.274,0.359,0.483,0.174,0.257,0.176,0.295,0.536,0.625,0.31,0.383,0.194,0.454,0.385,0.231,0.222,0.25,0.448,0.389,0.183,0.403,0.205,0.479,0.208,0.345,0.464,0.446,0.189,0.174,0.217,0.861,0.601,0.203,0.156,0.274,0.654,0.548,0.52,0.381,0.522,0.534,0.58,0.183,0.201,0.479,0.195,0.368,0.559,0.218,0.823,0.222,0.184,0.282,0.553,0.195,0.193,0.265,0.695,0.162,0.416,0.368,0.213,0.366,0.966,0.29,0.3,0.161,0.32,0.197,0.601,0.178,0.608,0.214,0.161,0.232,0.182,0.629,0.361,0.182,0.376,0.231,0.245,0.194,0.979,0.163,0.33,0.634,0.518,0.996,0.222,0.466,0.309,0.161,0.229,0.258,0.351,0.957,0.174,0.174,0.922,0.256,0.396,0.151,0.28,0.178,0.472,0.195,0.81,0.178,0.98,0.367,0.358,0.202,0.274,0.345,0.349,0.301,0.196,0.194,0.313,0.152,0.175,0.363,0.246,0.358,0.587,0.242,0.205,0.199,0.175,0.228,0.184,0.276,0.19,0.297,0.209,0.153,0.359,0.554,0.981,0.453,0.152,0.194,0.191,0.552,0.239,0.281,0.959,0.364,0.515,0.313,0.984,0.186,0.174,0.479,0.17,0.484,0.574,0.583,0.351,0.979,0.189,0.276,0.486,0.166,0.416,0.196,0.285,0.962,0.706,0.478,0.447,0.159,0.157,0.161,0.994,0.304,0.211,0.992,0.464,0.726,0.288,0.284,0.252,0.597,0.247,0.227,0.999,0.171,0.668,0.443,0.258,0.942,0.359,0.293,0.355,0.163,0.151,0.392,0.267,0.189,0.771,0.159,0.672,0.196,0.581,0.287,0.684,0.257,0.166,0.369,0.445,0.212,0.57,0.196,0.169,0.251,0.35,0.197,0.279,0.557,0.429,0.342,0.22,0.474,0.992,0.223,0.428,0.204,0.356,0.214,0.194,0.762,0.193,0.199,0.222,0.202,0.582,0.212,0.87,0.165,0.226,0.165,0.212,0.478,0.302,0.631,0.192,0.798,0.268,0.399,0.997,0.167,0.598,0.214,0.937,0.225,0.192,0.247,0.198,0.437,0.374,0.168,0.201,0.199,0.155,0.174,0.278,0.251,0.417,0.28,0.495,0.222,0.16,0.155,0.215,0.79,0.21,0.51,0.263,0.862,0.346,0.47,0.331,0.154,0.191,0.176,0.314,0.584,0.168,0.2,0.191,0.165,0.328,0.152,0.378,0.32,0.174,0.396,0.221,0.175,0.458,0.636,0.562,0,0,0,0,0,0,0,0,0,0,0,0,0,0,0,0,0,0,0,0,0,0,0,0,0,0,0,0,0,0,0,0,0,0,0,0,0,0,0,0,0,0,0,0,0,0,0,0,0,0,0,0,0,0,0,0,0,0,0,0,0,0,0,0,0,0,0,0,0,0,0,0,0,0,0,0,0,0,0,0,0,0,0,0,0,0,0,0,0,0,0,0,0,0,0,0,0,0,0,0,0,0,0,0,0,0,0,0,0,0,0,0,0,0,0,0,0,0,0,0,0,0,0,0,0,0,0,0,0,0,0,0,0,0,0,0,0,0,0,0,0,0,0,0,0,0,0,0,0,0,0,0,0,0,0,0,0,0,0,0,0,0,0,0,0,0,0,0,0,0,0,0,0,0,0,0,0,0,0,0,0,0,0,0,0,0,0,0,0,0,0,0,0,0,0,0,0,0,0,0,0,0,0,0,0,0,0,0,0,0,0,0,0,0,0,0,0,0,0,0,0,0,0,0,0,0,0,0,0,0,0,0,0,0,0,0,0,0,0,0,0,0,0,0,0,0,0,0,0,0,0,0,0,0,0,0,0,0,0,0,0,0,0,0,0,0,0,0,0,0,0,0,0,0,0,0,0,0,0,0,0,0,0,0,0,0,0,0,0,0,0,0,0,0,0,0,0,0,0,0,0,0,0,0,0,0,0,0,0,0,0,0,0,0,0,0,0,0,0,0,0,0,0,0,0,0,0,0,0,0,0,0,0,0,0,0,0,0,0,0,0,0,0,0,0,0,0,0,0,0,0,0,0,0,0,0,0,0,0,0,0,0,0,0,0,0,0,0,0,0,0,0,0,0,0,0,0,0,0,0,0,0,0,0,0,0,0,0,0,0,0,0,0,0,0,0,0,0,0,0,0,0,0,0,0,0,0,0,0,0,0,0,0,0,0,0,0,0,0,0,0,0,0,0,0,0,0,0,0,0,0,0,0,0,0,0,0,0,0,0,0,0,0,0,0,0,0,0,0,0,0,0,0,0,0,0,0,0,0,0,0,0,0,0,0,0,0,0,0,0,0,0,0,0,0,0,0,0,0,0,0,0,0,0,0,0,0,0,0,0,0,0,0,0,0,0,0,0,0,0,0,0,0,0,0,0,0,0,0,0,0,0,0,0,0,0,0,0,0,0,0,0,0,0,0,0,0,0,0,0,0,0,0,0,0,0,0,0,0,0,0,0,0,0,0,0,0,0,0,0,0,0,0,0,0,0,0,0,0,0,0,0,0,0,0,0,0,0,0,0,0,0,0,0,0,0,0,0,0,0,0,0,0,0,0,0,0,0,0,0,0,0,0,0,0,0,0,0,0,0,0,0,0,0,0,0,0,0,0,0,0,0,0,0,0,0,0,0,0,0,0,0,0,0,0,0,0,0,0,0,0,0,0,0,0,0,0,0,0,0,0,0,0,0,0,0,0,0,0,0,0,0,0,0,0,0,0,0,0,0,0,0,0,0,0,0,0,0,0,0,0,0,0,0,0,0,0,0,0,0,0,0,0,0,0,0,0,0,0,0,0,0,0,0,0,0,0,0,0,0,0,0,0,0,0,0,0,0,0,0,0,0,0,0,0,0,0,0,0,0,0,0,0,0,0,0,0,0,0,0,0,0,0,0,0,0,0,0,0,0,0,0,0,0,0,0,0,0,0,0,0,0,0,0,0,0,0,0,0,0,0,0,0,0,0,0,0,0,0,0,0,0,0,0,0,0,0,0,0,0,0,0,0,0,0,0,0,0,0,0,0,0,0,0,0,0,0,0,0,0,0,0,0,0,0,0,0,0,0,0,0,0,0,0,0,0,0,0,0,0,0,0,0,0,0,0,0,0,0,0,0,0,0,0,0,0,0,0,0,0,0,0,0,0,0,0,0,0,0,0,0,0,0,0,0,0,0,0,0,0,0,0,0,0,0,0,0,0,0,0,0,0,0,0,0,0,0,0,0,0,0,0,0,0,0,0,0,0,0,0,0,0,0,0,0,0,0,0,0,0,0,0,0,0,0,0,0,0,0,0,0,0,0,0,0,0,0,0,0,0,0,0,0,0,0,0,0,0,0,0,0,0,0,0,0,0,0,0,0,0,0,0,0,0,0,0,0,0,0,0,0,0,0,0,0,0,0,0,0,0,0,0,0,0,0,0,0,0,0,0,0,0,0,0,0,0,0,0,0,0,0,0,0,0,0,0,0,0,0,0,0,0,0,0,0,0,0,0,0,0,0,0,0,0,0,0,0,0,0,0,0,0,0,0,0,0,0,0,0,0,0,0,0,0,0,0,0,0,0,0,0,0,0,0,0,0,0,0,0,0,0,0,0,0,0,0,0,0,0,0,0,0,0,0,0,0,0,0,0,0,0,0,0,0,0,0,0,0,0,0,0,0,0,0,0,0,0,0,0,0,0,0,0,0,0,0,0,0,0,0,0,0,0,0,0,0,0,0,0,0,0,0,0,0,0,0,0,0,0,0,0,0,0,0,0,0,0,0,0,0,0,0,0,0,0,0,0,0,0,0,0,0,0,0,0,0,0,0,0,0,0,0,0,0,0,0,0,0,0,0,0,0,0,0,0,0,0,0,0,0,0,0,0,0,0,0,0,0,0,0,0,0,0,0,0,0,0,0,0,0,0,0,0,0,0,0,0,0,0,0,0,0,0,0,0,0,0,0,0,0,0,0,0,0,0,0,0,0,0,0,0,0,0,0,0,0,0,0,0,0,0,0,0,0,0,0,0,0,0,0,0,0,0,0,0,0,0,0,0,0,0,0,0,0,0,0,0,0,0,0,0,0,0,0,0,0,0,0,0,0,0,0,0,0,0,0,0,0,0,0,0,0,0,0,0,0,0,0,0,0,0,0,0,0,0,0,0,0,0,0,0,0,0,0,0,0,0,0,0,0,0,0,0,0,0,0,0,0,0,0,0,0,0,0,0,0,0,0,0,0,0,0,0,0,0,0,0,0,0,0,0,0,0,0,0,0,0,0,0,0,0,0,0,0,0,0,0,0,0,0,0,0,0,0,0,0,0,0,0,0,0,0,0,0,0,0,0,0,0,0,0,0,0,0,0,0,0,0,0,0,0,0,0,0,0,0,0,0,0,0,0,0,0,0,0,0,0,0,0,0,0,0,0,0,0,0,0,0,0,0,0,0,0,0,0,0,0,0,0,0,0,0,0,0,0,0,0,0,0,0,0,0,0,0,0,0,0,0,0,0,0,0,0,0,0,0,0,0,0,0,0,0,0,0,0,0,0,0,0,0,0,0,0,0,0,0,0,0,0,0,0,0,0,0,0,0,0,0,0,0,0,0,0,0,0,0,0,0,0,0,0,0,0,0,0,0,0,0,0,0,0,0,0,0,0,0,0,0,0,0,0,0,0,0,0,0,0,0,0,0,0,0,0,0,0,0,0,0,0,0,0,0,0,0,0,0,0,0,0,0,0,0,0,0,0,0,0,0,0,0,0,0,0,0,0,0,0,0,0,0,0,0,0,0,0,0,0,0,0,0,0,0,0,0,0,0,0,0,0,0,0,0,0,0,0,0,0,0,0,0,0,0,0,0,0,0,0,0,0,0,0,0,0,0,0,0,0,0,0,0,0,0,0,0,0,0,0,0,0,0,0,0,0,0,0,0,0,0,0,0,0,0,0,0,0,0,0,0,0,0,0,0,0,0,0,0,0,0,0,0,0,0,0,0,0,0,0,0,0,0,0,0,0,0,0,0,0,0,0,0,0,0,0,0,0,0,0,0,0,0,0,0,0,0,0,0,0,0,0,0,0,0,0,0,0,0,0,0,0,0,0,0,0,0,0,0,0,0,0,0,0,0,0,0,0,0,0,0,0,0,0,0,0,0,0,0,0,0,0,0,0,0,0,0,0,0,0,0,0,0,0,0,0,0,0,0,0,0,0,0,0,0,0,0,0,0,0,0,0,0,0,0,0,0,0,0,0,0,0,0,0,0,0,0,0,0,0,0,0,0,0,0,0,0,0,0,0,0,0,0,0,0,0,0,0,0,0,0,0,0,0,0,0,0,0,0,0,0,0,0,0,0,0,0,0,0,0,0,0,0,0,0,0,0,0,0,0,0,0,0,0,0,0,0,0,0,0,0,0,0,0,0,0,0,0,0,0,0,0,0,0,0,0,0,0,0,0,0,0,0,0,0,0,0,0,0,0,0,0,0,0,0,0,0,0,0,0,0,0,0,0,0,0,0,0,0,0,0,0,0,0,0,0,0,0,0,0,0,0,0,0,0,0,0,0,0,0,0,0,0,0,0,0,0,0,0,0,0,0,0,0,0,0,0,0,0,0,0,0,0,0,0,0,0,0,0,0,0,0,0,0,0,0,0,0,0,0,0,0,0,0,0,0,0,0,0,0,0,0,0,0,0,0,0,0,0,0,0,0,0,0,0,0,0,0,0,0,0,0,0,0,0,0,0,0,0,0,0,0,0,0,0,0,0,0,0,0,0,0,0,0,0,0,0,0,0,0,0,0,0,0,0,0,0,0,0,0,0,0,0,0,0,0,0,0,0,0,0,0,0,0,0,0,0,0,0,0,0,0,0,0,0,0,0,0,0,0,0,0,0,0,0,0,0,0,0,0,0,0,0,0,0,0,0,0,0,0,0,0,0,0,0,0,0,0,0,0,0,0,0,0,0,0,0,0,0,0,0,0,0,0,0,0,0,0,0,0,0,0,0,0,0,0,0,0,0,0,0,0,0,0,0,0,0,0,0,0,0,0,0,0,0,0,0,0,0,0,0,0,0,0,0,0,0,0,0,0,0,0,0,0,0,0,0,0,0,0,0,0,0,0,0,0,0,0,0,0,0,0,0,0,0,0,0,0,0,0,0,0,0,0,0,0,0,0,0,0,0,0,0,0,0,0,0,0,0,0,0,0,0,0,0,0,0,0,0,0,0,0,0,0,0,0,0,0,0,0,0,0,0,0,0,0,0,0,0,0,0,0,0,0,0,0,0,0,0,0,0,0,0,0,0,0,0,0,0,0,0,0,0,0,0,0,0,0,0,0,0,0,0,0,0,0,0,0,0,0,0,0,0,0,0,0,0,0,0,0,0,0,0,0,0,0,0,0,0,0,0,0,0,0,0,0,0,0,0,0,0,0,0,0,0,0,0,0,0,0,0,0,0,0,0,0,0,0,0,0,0,0,0,0,0,0,0,0,0,0,0,0,0,0,0,0,0,0,0,0,0,0,0,0,0,0,0,0,0,0,0,0,0,0,0,0,0,0,0,0,0,0,0,0,0,0,0,0,0,0,0,0,0,0,0,0,0,0,0,0,0,0,0,0,0,0,0,0,0,0,0,0,0,0,0,0,0,0,0,0,0,0,0,0,0,0,0,0,0,0,0,0,0,0,0,0,0,0,0,0,0,0,0,0,0,0,0,0,0,0,0,0,0,0,0,0,0,0,0,0,0,0,0,0,0,0,0,0,0,0,0,0,0,0,0,0,0,0,0,0,0,0,0,0,0,0,0,0,0,0,0,0,0,0,0,0,0,0,0,0,0,0,0,0,0,0,0,0,0,0,0,0,0,0,0,0,0,0,0,0,0,0,0,0,0,0,0,0,0,0,0,0,0,0,0,0,0,0,0,0,0,0,0,0,0,0,0,0,0,0,0,0,0,0,0,0,0,0,0,0,0,0,0,0,0,0,0,0,0,0,0,0,0,0,0,0,0,0,0,0,0,0,0,0,0,0,0,0,0,0,0,0,0,0,0,0,0,0,0,0,0,0,0,0,0,0,0,0,0,0,0,0,0,0,0,0,0,0,0,0,0,0,0,0,0,0,0,0,0,0,0,0,0,0,0,0,0,0,0,0,0,0,0,0,0,0,0,0,0,0,0,0,0,0,0,0,0,0,0,0,0,0,0,0,0,0,0,0,0,0,0,0,0,0,0,0,0,0,0,0,0,0,0,0,0,0,0,0,0,0,0,0,0,0,0,0,0,0,0,0,0,0,0,0,0,0,0,0,0,0,0,0,0,0,0,0,0,0,0,0,0,0,0,0,0,0,0,0,0,0,0,0,0,0,0,0,0,0,0,0,0,0,0,0,0,0,0,0,0,0,0,0,0,0,0
855022,0,0,0,0,0,0,0,0,0,0,0,0.193,0,0,0,0,0,0,0,0,0.485,0,0,0,0,0,0,0,0,0,0,0,0.181,0,0,0,0,0,0,0,0,0.22,0,0,0,0,0,0,0,0,0,0,0,0,0,0,0,0,0,0.392,0,0,0,0,0,0,0,0,0,0,0,0,0,0,0,0.168,0,0,0,0,0,0,0,0,0,0,0.208,0,0,0,0,0,0,0,0,0,0,0,0,0,0,0,0,0,0,0,0,0,0.396,0.169,0.706,0,0,0,0,0,0,0,0,0,0,0,0,0,0.254,0,0,0,0.833,0,0,0,0,0,0,0,0,0,0,0,0,0,0,0,0,0,0,0,0,0,0,0,0,0,0,0,0,0,0,0,0,0,0,0,0,0,0,0,0,0,0.347,0,0,0,0,0,0,0,0,0,0,0,0,0,0,0,0,0,0,0,0.922,0,0,0,0,0,0,0,0,0,0,0,0,0,0,0,0,0,0,0,0,0,0,0,0,0,0,0,0,0,0,0,0,0,0,0,0,0,0,0,0,0,0,0,0,0,0,0,0,0,0,0,0,0,0,0,0,0,0,0,0,0,0,0,0,0,0,0,0,0,0,0,0,0,0,0,0,0,0,0,0,0,0,0,0,0,0,0,0,0,0,0,0,0,0,0,0,0,0,0,0,0,0,0,0,0,0,0,0,0,0,0,0,0,0,0,0,0,0,0,0,0,0,0,0,0,0,0,0,0,0,0,0,0,0,0,0,0,0,0,0,0,0,0,0.19,0,0,0,0,0,0,0,0,0,0,0,0,0,0,0,0,0,0,0,0,0,0,0,0,0,0,0,0,0,0,0,0.213,0,0,0,0,0,0,0,0,0,0,0,0,0,0,0,0,0,0,0,0,0,0,0,0,0,0,0,0,0,0,0,0,0,0,0,0,0,0,0,0,0,0,0,0,0,0,0,0,0,0,0,0,0,0,0,0,0,0,0,0,0,0.196,0,0,0,0,0,0,0,0,0,0,0,0,0,0,0,0.309,0,0,0,0,0,0,0,0,0,0,0,0,0,0,0,0,0,0,0,0,0,0,0,0,0,0,0,0,0,0,0,0,0,0,0,0,0,0,0,0,0,0,0,0,0,0,0,0.224,0,0,0,0,0,0,0,0,0,0,0,0,0,0,0,0,0,0,0,0,0,0,0,0,0,0,0,0,0,0,0,0,0,0,0,0,0,0,0,0,0,0,0,0,0,0,0,0,0,0,0,0,0,0,0,0,0,0,0,0,0,0,0,0,0.181,0,0,0,0,0,0,0,0,0,0,0,0,0,0,0,0,0,0,0,0,0,0,0,0,0,0,0,0,0,0,0,0,0,0,0,0,0,0,0,0,0,0,0,0,0,0,0,0,0,0,0,0,0,0,0,0,0,0,0,0,0,0,0,0,0,0,0,0,0,0,0,0,0,0,0,0,0,0,0,0,0,0,0,0,0,0,0,0,0,0,0,0,0,0,0,0,0,0,0,0,0,0,0,0,0,0,0,0.19,0,0,0,0,0,0,0,0,0,0,0,0,0,0,0,0,0,0,0,0,0,0,0,0,0,0,0,0,0,0,0,0,0,0,0,0,0,0,0,0,0,0,0,0,0,0,0,0,0,0,0,0,0,0,0,0,0,0,0,0,0,0,0,0,0,0,0,0,0,0,0,0.441,0,0,0,0,0,0,0,0,0,0,0,0,0,0,0,0,0,0,0,0,0,0,0,0,0,0,0,0,0,0,0,0,0,0,0,0,0,0,0,0,0,0,0,0,0,0,0,0,0,0.345,0,0,0,0,0,0,0,0,0,0,0,0,0,0,0,0,0,0,0,0,0,0,0,0,0,0,0,0,0,0,0,0,0,0,0,0,0,0,0,0,0,0,0,0,0,0,0,0,0,0,0,0,0,0,0,0,0,0,0,0,0,0,0,0,0,0,0,0,0,0,0,0,0,0,0,0,0,0,0,0,0.445,0,0,0,0,0,0,0,0,0,0,0,0,0,0,0,0,0,0,0,0,0,0,0,0,0,0,0,0,0,0,0,0,0,0,0,0,0,0,0,0,0,0,0,0,0,0,0,0,0,0,0,0,0.297,0,0,0,0,0,0,0,0,0,0,0,0,0,0,0.194,0,0,0,0,0,0,0,0,0,0,0,0,0.216,0,0,0,0,0,0,0,0,0,0,0,0,0,0,0,0,0,0,0,0,0,0,0,0,0,0,0,0,0,0,0,0,0,0,0,0,0,0,0,0,0,0,0,0,0,0,0,0,0,0,0,0,0,0,0,0,0,0,0,0,0,0,0,0,0,0,0,0,0,0,0,0,0,0,0,0,0,0,0,0,0,0,0,0,0,0,0,0,0,0,0,0,0,0,0,0,0,0,0,0,0,0,0,0,0,0,0,0,0,0,0,0,0.181,0,0,0,0,0,0,0,0,0,0,0,0,0,0,0,0,0,0,0,0,0,0,0,0,0,0,0,0,0,0,0,0,0,0,0,0,0,0,0,0,0.152,0,0.194,0,0,0,0,0,0,0,0,0,0,0,0,0,0,0,0,0,0,0,0,0,0,0,0,0,0,0,0,0,0,0,0,0,0.22,0,0,0,0,0,0,0,0,0,0,0,0,0,0,0,0,0,0,0,0,0,0,0,0,0,0,0,0,0,0,0,0,0,0,0,0,0,0,0,0,0,0,0,0,0,0,0,0,0,0,0,0,0,0,0,0,0,0,0,0,0,0,0,0,0,0,0,0,0,0,0,0,0,0,0,0,0,0,0,0,0,0,0,0,0,0,0,0,0,0,0,0,0,0,0,0,0,0,0,0,0,0,0,0,0,0,0,0,0,0,0,0,0,0,0,0,0,0,0,0,0,0,0,0.181,0,0,0,0,0,0,0,0,0,0,0,0,0,0,0,0,0,0,0,0,0,0,0,0,0,0,0,0,0,0,0,0,0,0,0,0,0,0,0,0,0,0,0,0,0,0,0,0,0,0,0,0.196,0,0,0,0,0,0,0,0,0,0,0,0,0,0,0,0,0,0,0,0,0,0,0,0,0,0,0,0,0,0,0,0,0,0,0,0,0,0,0,0,0,0,0,0,0.173,0,0,0,0,0,0.288,0,0,0,0,0,0,0,0,0,0,0,0,0,0,0,0,0,0,0,0,0,0,0,0,0,0,0,0,0,0,0,0,0,0,0,0,0,0,0,0,0,0,0,0,0,0,0,0,0,0,0,0,0,0,0,0,0,0,0,0,0,0,0,0,0,0,0,0,0,0,0,0,0,0,0,0,0,0,0,0,0,0,0,0,0,0,0,0,0,0,0,0,0,0,0,0,0,0,0,0,0,0,0,0,0,0,0,0,0,0,0,0,0,0,0,0,0,0,0,0,0,0,0.292,0,0,0,0,0,0,0,0,0,0,0,0,0,0,0,0,0,0,0,0,0,0,0,0,0,0,0,0,0,0,0,0,0,0,0,0,0,0,0,0,0.194,0,0,0,0,0,0,0,0,0,0,0,0,0,0,0,0,0,0,0,0,0,0,0.222,0.715,0.192,0.351,0.181,0.177,0.219,0.941,0.712,0.155,0.296,0.181,0.532,0.211,0.833,0.266,0.616,0.697,0.539,0.193,0.264,0.631,0.242,0.54,0.539,0.536,0.22,0.22,0.22,0.266,0.181,0.22,0.309,0.639,0.19,0.179,0.197,0.63,0.446,0.706,0.653,0.243,0.186,0.239,0.276,0.31,0.241,0.192,0.286,0.181,0.336,0.502,0.261,0.198,0.22,0.417,0.159,0.22,0.199,0.681,0.565,0.199,0.561,0.334,0.152,0.254,0.202,0,0,0,0,0,0,0,0,0,0,0,0,0,0,0,0,0,0,0,0,0,0,0,0,0,0,0,0,0,0,0,0,0,0,0,0,0,0,0,0,0,0,0,0,0,0,0,0,0,0,0,0,0,0,0,0,0,0,0,0,0,0,0,0,0,0,0,0,0,0,0,0,0,0,0,0,0,0,0,0,0,0,0,0,0,0,0,0,0,0,0,0,0,0,0,0,0,0,0,0,0,0,0,0,0,0,0,0,0,0,0,0,0,0,0,0,0,0,0,0,0,0,0,0,0,0,0,0,0,0,0,0,0,0,0,0,0,0,0,0,0,0,0,0,0,0,0,0,0,0,0,0,0,0,0,0,0,0,0,0,0,0,0,0,0,0,0,0,0,0,0,0,0,0,0,0,0,0,0,0,0,0,0,0,0,0,0,0,0,0,0,0,0,0,0,0,0,0,0,0,0,0,0,0,0,0,0,0,0,0,0,0,0,0,0,0,0,0,0,0,0,0,0,0,0,0,0,0,0,0,0,0,0,0,0,0,0,0,0,0,0,0,0,0,0,0,0,0,0,0,0,0,0,0,0,0,0,0,0,0,0,0,0,0,0,0,0,0,0,0,0,0,0,0,0,0,0,0,0,0,0,0,0,0,0,0,0,0,0,0,0,0,0,0,0,0,0,0,0,0,0,0,0,0,0,0,0,0,0,0,0,0,0,0,0,0,0,0,0,0,0,0,0,0,0,0,0,0,0,0,0,0,0,0,0,0,0,0,0,0,0,0,0,0,0,0,0,0,0,0,0,0,0,0,0,0,0,0,0,0,0,0,0,0,0,0,0,0,0,0,0,0,0,0,0,0,0,0,0,0,0,0,0,0,0,0,0,0,0,0,0,0,0,0,0,0,0,0,0,0,0,0,0,0,0,0,0,0,0,0,0,0,0,0,0,0,0,0,0,0,0,0,0,0,0,0,0,0,0,0,0,0,0,0,0,0,0,0,0,0,0,0,0,0,0,0,0,0,0,0,0,0,0,0,0,0,0,0,0,0,0,0,0,0,0,0,0,0,0,0,0,0,0,0,0,0,0,0,0,0,0,0,0,0,0,0,0,0,0,0,0,0,0,0,0,0,0,0,0,0,0,0,0,0,0,0,0,0,0,0,0,0,0,0,0,0,0,0,0,0,0,0,0,0,0,0,0,0,0,0,0,0,0,0,0,0,0,0,0,0,0,0,0,0,0,0,0,0,0,0,0,0,0,0,0,0,0,0,0,0,0,0,0,0,0,0,0,0,0,0,0,0,0,0,0,0,0,0,0,0,0,0,0,0,0,0,0,0,0,0,0,0,0,0,0,0,0,0,0,0,0,0,0,0,0,0,0,0,0,0,0,0,0,0,0,0,0,0,0,0,0,0,0,0,0,0,0,0,0,0,0,0,0,0,0,0,0,0,0,0,0,0,0,0,0,0,0,0,0,0,0,0,0,0,0,0,0,0,0,0,0,0,0,0,0,0,0,0,0,0,0,0,0,0,0,0,0,0,0,0,0,0,0,0,0,0,0,0,0,0,0,0,0,0,0,0,0,0,0,0,0,0,0,0,0,0,0,0,0,0,0,0,0,0,0,0,0,0,0,0,0,0,0,0,0,0,0,0,0,0,0,0,0,0,0,0,0,0,0,0,0,0,0,0,0,0,0,0,0,0,0,0,0,0,0,0,0,0,0,0,0,0,0,0,0,0,0,0,0,0,0,0,0,0,0,0,0,0,0,0,0,0,0,0,0,0,0,0,0,0,0,0,0,0,0,0,0,0,0,0,0,0,0,0,0,0,0,0,0,0,0,0,0,0,0,0,0,0,0,0,0,0,0,0,0,0,0,0,0,0,0,0,0,0,0,0,0,0,0,0,0,0,0,0,0,0,0,0,0,0,0,0,0,0,0,0,0,0,0,0,0,0,0,0,0,0,0,0,0,0,0,0,0,0,0,0,0,0,0,0,0,0,0,0,0,0,0,0,0,0,0,0,0,0,0,0,0,0,0,0,0,0,0,0,0,0,0,0,0,0,0,0,0,0,0,0,0,0,0,0,0,0,0,0,0,0,0,0,0,0,0,0,0,0,0,0,0,0,0,0,0,0,0,0,0,0,0,0,0,0,0,0,0,0,0,0,0,0,0,0,0,0,0,0,0,0,0,0,0,0,0,0,0,0,0,0,0,0,0,0,0,0,0,0,0,0,0,0,0,0,0,0,0,0,0,0,0,0,0,0,0,0,0,0,0,0,0,0,0,0,0,0,0,0,0,0,0,0,0,0,0,0,0,0,0,0,0,0,0,0,0,0,0,0,0,0,0,0,0,0,0,0,0,0,0,0,0,0,0,0,0,0,0,0,0,0,0,0,0,0,0,0,0,0,0,0,0,0,0,0,0,0,0,0,0,0,0,0,0,0,0,0,0,0,0,0,0,0,0,0,0,0,0,0,0,0,0,0,0,0,0,0,0,0,0,0,0,0,0,0,0,0,0,0,0,0,0,0,0,0,0,0,0,0,0,0,0,0,0,0,0,0,0,0,0,0,0,0,0,0,0,0,0,0,0,0,0,0,0,0,0,0,0,0,0,0,0,0,0,0,0,0,0,0,0,0,0,0,0,0,0,0,0,0,0,0,0,0,0,0,0,0,0,0,0,0,0,0,0,0,0,0,0,0,0,0,0,0,0,0,0,0,0,0,0,0,0,0,0,0,0,0,0,0,0,0,0,0,0,0,0,0,0,0,0,0,0,0,0,0,0,0,0,0,0,0,0,0,0,0,0,0,0,0,0,0,0,0,0,0,0,0,0,0,0,0,0,0,0,0,0,0,0,0,0,0,0,0,0,0,0,0,0,0,0,0,0,0,0,0,0,0,0,0,0,0,0,0,0,0,0,0,0,0,0,0,0,0,0,0,0,0,0,0,0,0,0,0,0,0,0,0,0,0,0,0,0,0,0,0,0,0,0,0,0,0,0,0,0,0,0,0,0,0,0,0,0,0,0,0,0,0,0,0,0,0,0,0,0,0,0,0,0,0,0,0,0,0,0,0,0,0,0,0,0,0,0,0,0,0,0,0,0,0,0,0,0,0,0,0,0,0,0,0,0,0,0,0,0,0,0,0,0,0,0,0,0,0,0,0,0,0,0,0,0,0,0,0,0,0,0,0,0,0,0,0,0,0,0,0,0,0,0,0,0,0,0,0,0,0,0,0,0,0,0,0,0,0,0,0,0,0,0,0,0,0,0,0,0,0,0,0,0,0,0,0,0,0,0,0,0,0,0,0,0,0,0,0,0,0,0,0,0,0,0,0,0,0,0,0,0,0,0,0,0,0,0,0,0,0,0,0,0,0,0,0,0,0,0,0,0,0,0,0,0,0,0,0,0,0,0,0,0,0,0,0,0,0,0,0,0,0,0,0,0,0,0,0,0,0,0,0,0,0,0,0,0,0,0,0,0,0,0,0,0,0,0,0,0,0,0,0,0,0,0,0,0,0,0,0,0,0,0,0,0,0,0,0,0,0,0,0,0,0,0,0,0,0,0,0,0,0,0,0,0,0,0,0,0,0,0,0,0,0,0,0,0,0,0,0,0,0,0,0,0,0,0,0,0,0,0,0,0,0,0,0,0,0,0,0,0,0,0,0,0,0,0,0,0,0,0,0,0,0,0,0,0,0,0,0,0,0,0,0,0,0,0,0,0,0,0,0,0,0,0,0,0,0,0,0,0,0,0,0,0,0,0,0,0,0,0,0,0,0,0,0,0,0,0,0,0,0,0,0,0,0,0,0,0,0,0,0,0,0,0,0,0,0,0,0,0,0,0,0,0,0,0,0,0,0,0,0,0,0,0,0,0,0,0,0,0,0,0,0,0,0,0,0,0,0,0,0,0,0,0,0,0,0,0,0,0,0,0,0,0,0,0,0,0,0,0,0,0,0,0,0,0,0,0,0,0,0,0,0,0,0,0,0,0,0,0,0,0,0,0,0,0,0,0,0,0,0,0,0,0,0,0,0,0,0,0,0,0,0,0,0,0,0,0,0,0,0,0,0,0,0,0,0,0,0,0,0,0,0,0,0,0,0,0,0,0,0,0,0,0,0,0,0,0,0,0,0,0,0,0,0,0,0,0,0,0,0,0,0,0,0,0,0,0,0,0,0,0,0,0,0,0,0,0,0,0,0,0,0,0,0,0,0,0,0,0,0,0,0,0,0,0,0,0,0,0,0,0,0,0,0,0,0,0,0,0,0,0,0,0,0,0,0,0,0,0,0,0,0,0,0,0,0,0,0,0,0,0,0,0,0,0,0,0,0,0,0,0,0,0,0,0,0,0,0,0,0,0,0,0,0,0,0,0,0,0,0,0,0,0,0,0,0,0,0,0,0,0,0,0,0,0,0,0,0,0,0,0,0,0,0,0,0,0,0,0,0,0,0,0,0,0,0,0,0,0,0,0,0,0,0,0,0,0,0,0,0,0,0,0,0,0,0,0,0,0,0,0,0,0,0,0,0,0,0,0,0,0,0,0,0,0,0,0,0,0,0,0,0,0,0,0,0,0,0,0,0,0,0,0,0,0,0,0,0,0,0,0,0,0,0,0,0,0,0,0,0,0,0,0,0,0,0,0,0,0,0,0,0,0,0,0,0,0,0,0,0,0,0,0,0,0,0,0,0,0,0,0,0,0,0,0,0,0,0,0,0,0,0,0,0,0,0,0,0,0,0,0,0,0,0,0,0,0,0,0,0,0,0,0,0,0,0,0,0,0,0,0,0,0,0,0,0,0,0,0,0,0,0,0,0,0,0,0,0,0,0,0,0,0,0,0,0,0,0,0,0,0,0,0,0,0,0,0,0,0,0,0,0,0,0,0,0,0,0,0,0,0,0,0,0,0,0,0,0,0,0,0,0,0,0,0,0,0,0,0,0,0,0,0,0,0,0,0,0,0,0,0,0,0,0,0,0,0,0,0,0,0,0,0,0,0,0,0,0,0,0,0,0,0,0,0,0,0,0,0,0,0,0,0,0,0,0,0,0,0,0,0,0,0,0,0,0,0,0,0,0,0,0,0,0,0,0,0,0,0,0,0,0,0,0,0,0,0,0,0,0,0,0,0,0,0,0,0,0,0,0,0,0,0,0,0,0,0,0,0,0,0,0,0,0,0,0,0,0,0,0,0,0,0,0,0,0,0,0,0,0,0,0,0,0,0,0,0,0,0,0,0,0,0,0,0,0,0,0,0,0,0,0,0,0,0,0,0,0,0,0,0,0,0,0,0,0,0,0,0,0,0,0,0,0,0,0,0,0,0,0,0,0,0,0,0,0,0,0,0,0,0,0,0,0,0,0,0,0,0,0,0,0,0,0,0,0,0,0,0,0,0,0,0,0,0,0,0,0,0,0,0,0,0,0,0,0,0,0,0,0,0,0,0,0,0,0,0,0,0,0,0,0,0,0,0,0,0,0,0,0,0,0,0,0,0,0,0,0,0,0,0,0,0,0,0,0,0,0,0,0,0,0,0,0,0,0,0,0,0,0,0,0,0,0,0,0,0,0,0,0,0,0,0,0,0,0,0,0,0,0,0,0,0,0,0,0,0,0,0,0,0,0,0,0,0,0,0,0,0,0,0,0,0,0,0,0,0,0,0,0,0,0,0,0,0,0,0,0,0,0,0,0,0,0,0,0,0,0,0,0,0,0,0,0,0,0,0,0,0,0,0,0,0,0,0,0,0,0,0,0,0,0,0,0,0,0,0,0,0,0,0,0,0,0,0,0,0,0,0,0,0,0,0,0,0,0,0,0,0,0,0,0,0,0,0,0,0,0,0,0,0,0,0,0,0,0,0,0,0,0,0,0,0,0,0,0,0,0,0,0,0,0,0,0,0,0,0,0,0,0,0,0,0,0,0,0,0,0,0,0,0,0,0,0,0,0,0,0,0,0,0,0,0,0,0,0,0,0,0,0,0,0,0
854973,0,0,0,0,0,0,0,0,0,0,0,0,0,0,0,0,0,0,0,0,0,0,0,0,0,0,0.206,0,0,0,0,0,0,0,0.26,0,0,0,0,0,0,0,0,0,0,0,0,0,0,0,0,0,0,0,0,0,0,0,0,0,0,0,0,0,0,0.261,0,0,0,0,0.17,0,0,0,0,0,0,0,0,0,0,0,0,0,0,0,0.207,0,0,0,0,0,0.481,0,0.399,0,0,0,0,0,0,0,0,0,0,0,0,0,0,0,0,0,0,0,0,0,0,0,0,0,0,0,0,0,0,0,0,0,0,0,0,0,0,0,0,0,0,0,0.206,0,0,0,0,0,0,0.161,0,0,0,0,0,0,0,0,0,0,0,0,0,0,0,0,0,0,0,0,0,0,0,0,0,0,0,0,0,0,0,0,0,0,0,0,0,0,0,0,0,0,0,0,0,0,0,0,0,0,0.259,0,0,0,0,0,0,0,0,0.654,0,0,0,0,0,0,0,0,0,0,0,0,0,0,0,0,0,0,0,0,0,0,0,0,0.208,0,0,0,0.733,0,0,0,0,0,0,0,0,0,0,0,0,0,0,0,0,0,0,0,0,0,0,0,0,0,0,0.234,0,0,0,0,0,0,0.274,0,0,0,0,0,0,0,0,0.455,0,0,0,0,0,0,0.224,0.517,0,0,0,0,0,0,0,0,0,0,0,0.438,0,0.366,0,0,0,0,0.317,0,0,0,0,0,0,0,0.302,0,0,0.904,0,0,0,0,0,0.355,0,0,0,0,0,0.259,0.977,0,0,0,0.208,0,0.24,0,0,0,0,0,0,0,0,0.49,0,0,0,0,0,0,0,0,0,0,0,0,0,0,0,0,0,0,0,0,0,0,0,0.455,0,0,0.173,0,0,0,0,0,0,0,0,0,0,0,0.216,0,0,0.288,0,0,0,0,0,0,0,0,0.927,0,0,0.191,0,0,0,0,0,0,0,0,0,0,0,0,0,0,0,0,0,0.944,0,0,0,0,0,0,0.242,0,0,0,0,0,0,0,0,0.176,0,0.162,0,0,0,0,0,0,0,0.161,0,0,0.154,0,0,0,0,0,0,0,0.206,0,0,0,0,0,0,0,0.163,0.993,0,0,0,0,0,0,0,0,0,0,0.318,0,0,0.516,0.163,0,0.345,0,0,0,0,0.201,0,0,0,0,0,0.541,0,0,0.238,0,0,0,0,0,0,0.366,0.45,0,0.411,0,0,0,0.26,0,0,0,0,0.208,0.996,0,0.943,0,0,0.581,0,0,0,0,0,0,0,0.45,0,0,0,0,0,0,0,0,0.473,0,0,0.412,0,0,0.25,0,0.241,0,0,0,0,0,0,0,0,0.936,0,0,0,0.656,0,0,0,0,0,0,0,0,0,0,0.997,0.208,0,0,0,0.178,0.763,0,0.548,0,0.65,0,0,0,0,0,0,0,0,0,0,0.159,0,0,0,0,0,0,0,0,0,0.161,0,0,0,0,0,0,0,0,0,0,0,0,0,0,0,0,0,0,0,0,0.308,0,0,0,0,0,0,0,0,0,0,0,0,0.528,0.335,0,0,0,0,0,0,0,0,0,0,0,0,0,0,0,0,0,0,0,0.195,0,0,0,0,0.234,0.232,0,0,0,0,0,0.462,0,0,0,0,0,0,0,0,0,0,0,0,0,0,0,0,0,0,0,0,0,0,0,0,0,0.455,0,0,0,0.192,0,0,0.224,0,0,0.298,0.194,0,0,0,0,0.65,0,0.68,0,0,0,0,0.972,0,0,0,0,0,0,0,0,0,0,0,0,0,0,0,0,0,0,0,0,0.3,0,0,0,0,0,0,0,0,0,0,0,0,0.989,0,0,0,0,0,0,0,0,0,0.966,0,0,0,0,0,0.202,0,0,0,0,0,0,0,0,0,0.26,0,0.164,0.997,0,0,0,0,0,0,0,0,0,0,0,0,0,0,0,0.171,0.203,0,0,0,0,0,0,0,0.91,0,0,0,0,0,0,0,0,0,0,0.937,0,0,0,0.427,0,0.381,0.455,0,0,0,0,0,0,0,0,0,0,0,0.159,0,0,0,0,0,0,0,0.966,0,0.289,0,0,0,0,0,0,0,0,0,0,0,0,0,0,0,0.347,0,0,0,0,0,0,0,0,0,0,0,0,0.476,0,0,0.548,0,0,0,0,0.198,0,0,0,0,0,0,0,0,0,0,0,0,0,0,0,0,0,0,0,0.949,0,0.429,0,0,0,0,0,0,0,0,0,0.204,0,0,0,0,0,0,0,0,0,0,0,0,0,0,0,0,0,0,0,0,0,0,0,0,0,0.203,0,0,0,0,0,0,0,0,0.216,0,0,0,0,0,0,0,0,0,0,0,0.279,0,0,0,0,0,0,0,0,0,0,0,0,0,0,0,0,0,0,0,0,0,0,0,0,0,0,0,0,0,0,0,0,0,0,0,0,0,0,0,0,0,0,0,0,0,0,0,0,0,0,0.185,0,0,0,0,0,0.977,0,0,0,0,0,0,0,0,0,0,0,0,0,0,0,0,0,0,0,0,0,0,0,0.155,0,0,0,0,0,0,0,0,0,0,0,0,0,0,0,0,0,0,0,0,0,0,0,0,0,0,0,0,0,0,0,0,0,0,0,0,0,0,0,0,0,0,0,0,0,0,0,0,0,0,0,0,0,0,0,0,0,0,0,0,0,0,0,0,0,0,0,0,0,0,0,0.154,0,0,0,0,0,0,0,0,0,0,0,0.222,0,0,0,0.192,0,0,0.289,0,0,0,0,0,0,0,0,0,0,0,0,0,0,0,0,0,0,0,0,0,0,0,0,0,0,0,0,0,0.258,0,0,0,0,0,0,0,0,0,0,0,0,0,0,0,0,0.16,0,0,0,0,0,0,0,0,0,0,0,0,0,0,0,0,0,0,0,0,0,0,0,0,0.199,0,0,0,0,0,0,0,0.195,0,0,0,0,0,0,0,0,0,0,0,0,0,0,0,0,0,0,0,0,0,0,0,0,0,0,0,0,0,0,0,0,0,0,0,0,0,0,0,0,0,0,0,0,0,0,0,0,0,0,0,0.165,0,0,0,0,0,0,0,0,0,0,0,0,0,0,0,0,0,0,0,0,0,0,0,0,0,0,0,0,0,0,0,0,0,0,0,0,0,0,0,0,0,0,0,0,0,0,0,0,0,0,0.246,0,0,0,0,0,0,0,0,0,0,0,0,0,0,0,0,0,0,0,0,0,0,0,0,0,0,0,0,0,0,0,0,0,0,0,0,0,0,0,0,0,0,0,0,0,0,0,0,0,0,0,0,0,0,0,0,0,0,0,0,0,0,0,0,0,0,0,0,0,0.354,0,0,0,0,0,0,0,0,0,0,0,0,0,0,0.192,0,0,0,0,0,0,0,0,0,0,0,0,0,0,0,0,0,0,0,0,0,0,0,0,0,0,0,0,0,0,0,0,0,0,0,0,0,0,0,0,0,0,0,0,0,0,0,0,0,0,0,0,0,0,0,0,0,0,0,0,0,0,0,0,0,0,0,0,0,0,0.193,0,0,0,0,0,0,0,0,0,0,0,0,0,0,0,0,0,0,0,0,0,0,0,0,0,0,0,0,0,0,0,0,0,0,0,0,0,0,0,0,0,0,0,0,0,0.199,0,0,0,0,0,0,0,0,0,0,0,0,0,0,0,0,0,0,0,0,0.152,0.72,0,0,0,0,0,0,0,0,0,0,0,0,0,0,0,0,0,0,0,0,0,0,0,0,0,0,0,0,0,0,0,0,0,0.188,0,0,0,0,0,0,0,0,0,0,0.165,0,0,0,0,0,0,0,0,0,0,0,0,0,0,0,0,0,0,0,0,0,0,0,0,0,0,0,0,0,0,0,0,0,0,0,0,0,0.238,0,0,0,0,0,0,0,0,0,0,0,0,0,0,0,0,0,0,0,0,0,0,0,0,0,0,0,0,0,0,0,0.211,0,0,0,0,0,0,0,0,0,0,0,0,0,0,0,0,0,0,0,0,0,0,0,0,0,0,0,0,0,0.178,0,0,0,0,0,0,0,0,0,0,0.26,0,0,0,0,0,0.309,0,0,0,0,0.199,0,0,0,0,0,0,0,0,0,0,0,0,0,0,0,0,0,0,0,0,0,0,0,0,0,0,0,0,0,0,0,0,0,0,0,0,0,0,0,0.662,0,0,0,0,0,0,0,0,0,0.192,0,0,0,0,0,0,0,0,0,0,0,0,0,0,0,0,0,0,0,0,0,0.225,0,0,0,0,0,0,0,0,0,0,0,0,0,0,0,0,0,0,0,0,0,0,0,0,0,0,0,0,0,0,0,0,0.167,0,0,0,0,0,0,0,0,0.182,0,0,0,0,0,0,0,0,0,0,0,0,0.193,0,0,0,0,0,0,0,0,0,0,0,0,0,0,0,0,0,0,0,0,0,0,0,0,0.178,0,0,0,0,0,0.254,0.158,0.197,0.16,0.425,0.168,0.182,0.165,0.165,0.308,0.182,0.228,0.159,0.914,0.25,0.309,0.928,0.225,0.226,0.795,0.452,0.952,0.481,0.2,0.902,0.274,0.252,0.179,0.346,0.308,0.155,0.24,0.509,0.19,0.173,0.165,0.152,0.224,0.224,0.153,0.183,0.15,0.195,0.19,0.224,0.202,0.224,0.173,0.198,0.151,0.243,0.828,0.191,0.215,0.195,0.176,0.518,0.166,0.198,0.191,0.159,0.16,0.428,0.195,0.901,0.457,0.452,0.164,0.353,0.175,0.21,0.199,0.2,0.424,0.926,0.211,0.276,0.398,0.19,0,0,0,0,0,0,0,0,0,0,0,0,0,0,0,0,0,0,0,0,0,0,0,0,0,0,0,0,0,0,0,0,0,0,0,0,0,0,0,0,0,0,0,0,0,0,0,0,0,0,0,0,0,0,0,0,0,0,0,0,0,0,0,0,0,0,0,0,0,0,0,0,0,0,0,0,0,0,0,0,0,0,0,0,0,0,0,0,0,0,0,0,0,0,0,0,0,0,0,0,0,0,0,0,0,0,0,0,0,0,0,0,0,0,0,0,0,0,0,0,0,0,0,0,0,0,0,0,0,0,0,0,0,0,0,0,0,0,0,0,0,0,0,0,0,0,0,0,0,0,0,0,0,0,0,0,0,0,0,0,0,0,0,0,0,0,0,0,0,0,0,0,0,0,0,0,0,0,0,0,0,0,0,0,0,0,0,0,0,0,0,0,0,0,0,0,0,0,0,0,0,0,0,0,0,0,0,0,0,0,0,0,0,0,0,0,0,0,0,0,0,0,0,0,0,0,0,0,0,0,0,0,0,0,0,0,0,0,0,0,0,0,0,0,0,0,0,0,0,0,0,0,0,0,0,0,0,0,0,0,0,0,0,0,0,0,0,0,0,0,0,0,0,0,0,0,0,0,0,0,0,0,0,0,0,0,0,0,0,0,0,0,0,0,0,0,0,0,0,0,0,0,0,0,0,0,0,0,0,0,0,0,0,0,0,0,0,0,0,0,0,0,0,0,0,0,0,0,0,0,0,0,0,0,0,0,0,0,0,0,0,0,0,0,0,0,0,0,0,0,0,0,0,0,0,0,0,0,0,0,0,0,0,0,0,0,0,0,0,0,0,0,0,0,0,0,0,0,0,0,0,0,0,0,0,0,0,0,0,0,0,0,0,0,0,0,0,0,0,0,0,0,0,0,0,0,0,0,0,0,0,0,0,0,0,0,0,0,0,0,0,0,0,0,0,0,0,0,0,0,0,0,0,0,0,0,0,0,0,0,0,0,0,0,0,0,0,0,0,0,0,0,0,0,0,0,0,0,0,0,0,0,0,0,0,0,0,0,0,0,0,0,0,0,0,0,0,0,0,0,0,0,0,0,0,0,0,0,0,0,0,0,0,0,0,0,0,0,0,0,0,0,0,0,0,0,0,0,0,0,0,0,0,0,0,0,0,0,0,0,0,0,0,0,0,0,0,0,0,0,0,0,0,0,0,0,0,0,0,0,0,0,0,0,0,0,0,0,0,0,0,0,0,0,0,0,0,0,0,0,0,0,0,0,0,0,0,0,0,0,0,0,0,0,0,0,0,0,0,0,0,0,0,0,0,0,0,0,0,0,0,0,0,0,0,0,0,0,0,0,0,0,0,0,0,0,0,0,0,0,0,0,0,0,0,0,0,0,0,0,0,0,0,0,0,0,0,0,0,0,0,0,0,0,0,0,0,0,0,0,0,0,0,0,0,0,0,0,0,0,0,0,0,0,0,0,0,0,0,0,0,0,0,0,0,0,0,0,0,0,0,0,0,0,0,0,0,0,0,0,0,0,0,0,0,0,0,0,0,0,0,0,0,0,0,0,0,0,0,0,0,0,0,0,0,0,0,0,0,0,0,0,0,0,0,0,0,0,0,0,0,0,0,0,0,0,0,0,0,0,0,0,0,0,0,0,0,0,0,0,0,0,0,0,0,0,0,0,0,0,0,0,0,0,0,0,0,0,0,0,0,0,0,0,0,0,0,0,0,0,0,0,0,0,0,0,0,0,0,0,0,0,0,0,0,0,0,0,0,0,0,0,0,0,0,0,0,0,0,0,0,0,0,0,0,0,0,0,0,0,0,0,0,0,0,0,0,0,0,0,0,0,0,0,0,0,0,0,0,0,0,0,0,0,0,0,0,0,0,0,0,0,0,0,0,0,0,0,0,0,0,0,0,0,0,0,0,0,0,0,0,0,0,0,0,0,0,0,0,0,0,0,0,0,0,0,0,0,0,0,0,0,0,0,0,0,0,0,0,0,0,0,0,0,0,0,0,0,0,0,0,0,0,0,0,0,0,0,0,0,0,0,0,0,0,0,0,0,0,0,0,0,0,0,0,0,0,0,0,0,0,0,0,0,0,0,0,0,0,0,0,0,0,0,0,0,0,0,0,0,0,0,0,0,0,0,0,0,0,0,0,0,0,0,0,0,0,0,0,0,0,0,0,0,0,0,0,0,0,0,0,0,0,0,0,0,0,0,0,0,0,0,0,0,0,0,0,0,0,0,0,0,0,0,0,0,0,0,0,0,0,0,0,0,0,0,0,0,0,0,0,0,0,0,0,0,0,0,0,0,0,0,0,0,0,0,0,0,0,0,0,0,0,0,0,0,0,0,0,0,0,0,0,0,0,0,0,0,0,0,0,0,0,0,0,0,0,0,0,0,0,0,0,0,0,0,0,0,0,0,0,0,0,0,0,0,0,0,0,0,0,0,0,0,0,0,0,0,0,0,0,0,0,0,0,0,0,0,0,0,0,0,0,0,0,0,0,0,0,0,0,0,0,0,0,0,0,0,0,0,0,0,0,0,0,0,0,0,0,0,0,0,0,0,0,0,0,0,0,0,0,0,0,0,0,0,0,0,0,0,0,0,0,0,0,0,0,0,0,0,0,0,0,0,0,0,0,0,0,0,0,0,0,0,0,0,0,0,0,0,0,0,0,0,0,0,0,0,0,0,0,0,0,0,0,0,0,0,0,0,0,0,0,0,0,0,0,0,0,0,0,0,0,0,0,0,0,0,0,0,0,0,0,0,0,0,0,0,0,0,0,0,0,0,0,0,0,0,0,0,0,0,0,0,0,0,0,0,0,0,0,0,0,0,0,0,0,0,0,0,0,0,0,0,0,0,0,0,0,0,0,0,0,0,0,0,0,0,0,0,0,0,0,0,0,0,0,0,0,0,0,0,0,0,0,0,0,0,0,0,0,0,0,0,0,0,0,0,0,0,0,0,0,0,0,0,0,0,0,0,0,0,0,0,0,0,0,0,0,0,0,0,0,0,0,0,0,0,0,0,0,0,0,0,0,0,0,0,0,0,0,0,0,0,0,0,0,0,0,0,0,0,0,0,0,0,0,0,0,0,0,0,0,0,0,0,0,0,0,0,0,0,0,0,0,0,0,0,0,0,0,0,0,0,0,0,0,0,0,0,0,0,0,0,0,0,0,0,0,0,0,0,0,0,0,0,0,0,0,0,0,0,0,0,0,0,0,0,0,0,0,0,0,0,0,0,0,0,0,0,0,0,0,0,0,0,0,0,0,0,0,0,0,0,0,0,0,0,0,0,0,0,0,0,0,0,0,0,0,0,0,0,0,0,0,0,0,0,0,0,0,0,0,0,0,0,0,0,0,0,0,0,0,0,0,0,0,0,0,0,0,0,0,0,0,0,0,0,0,0,0,0,0,0,0,0,0,0,0,0,0,0,0,0,0,0,0,0,0,0,0,0,0,0,0,0,0,0,0,0,0,0,0,0,0,0,0,0,0,0,0,0,0,0,0,0,0,0,0,0,0,0,0,0,0,0,0,0,0,0,0,0,0,0,0,0,0,0,0,0,0,0,0,0,0,0,0,0,0,0,0,0,0,0,0,0,0,0,0,0,0,0,0,0,0,0,0,0,0,0,0,0,0,0,0,0,0,0,0,0,0,0,0,0,0,0,0,0,0,0,0,0,0,0,0,0,0,0,0,0,0,0,0,0,0,0,0,0,0,0,0,0,0,0,0,0,0,0,0,0,0,0,0,0,0,0,0,0,0,0,0,0,0,0,0,0,0,0,0,0,0,0,0,0,0,0,0,0,0,0,0,0,0,0,0,0,0,0,0,0,0,0,0,0,0,0,0,0,0,0,0,0,0,0,0,0,0,0,0,0,0,0,0,0,0,0,0,0,0,0,0,0,0,0,0,0,0,0,0,0,0,0,0,0,0,0,0,0,0,0,0,0,0,0,0,0,0,0,0,0,0,0,0,0,0,0,0,0,0,0,0,0,0,0,0,0,0,0,0,0,0,0,0,0,0,0,0,0,0,0,0,0,0,0,0,0,0,0,0,0,0,0,0,0,0,0,0,0,0,0,0,0,0,0,0,0,0,0,0,0,0,0,0,0,0,0,0,0,0,0,0,0,0,0,0,0,0,0,0,0,0,0,0,0,0,0,0,0,0,0,0,0,0,0,0,0,0,0,0,0,0,0,0,0,0,0,0,0,0,0,0,0,0,0,0,0,0,0,0,0,0,0,0,0,0,0,0,0,0,0,0,0,0,0,0,0,0,0,0,0,0,0,0,0,0,0,0,0,0,0,0,0,0,0,0,0,0,0,0,0,0,0,0,0,0,0,0,0,0,0,0,0,0,0,0,0,0,0,0,0,0,0,0,0,0,0,0,0,0,0,0,0,0,0,0,0,0,0,0,0,0,0,0,0,0,0,0,0,0,0,0,0,0,0,0,0,0,0,0,0,0,0,0,0,0,0,0,0,0,0,0,0,0,0,0,0,0,0,0,0,0,0,0,0,0,0,0,0,0,0,0,0,0,0,0,0,0,0,0,0,0,0,0,0,0,0,0,0,0,0,0,0,0,0,0,0,0,0,0,0,0,0,0,0,0,0,0,0,0,0,0,0,0,0,0,0,0,0,0,0,0,0,0,0,0,0,0,0,0,0,0,0,0,0,0,0,0,0,0,0,0,0,0,0,0,0,0,0,0,0,0,0,0,0,0,0,0,0,0,0,0,0,0,0,0,0,0,0,0,0,0,0,0,0,0,0,0,0,0,0,0,0,0,0,0,0,0,0,0,0,0,0,0,0,0,0,0,0,0,0,0,0,0,0,0,0,0,0,0,0,0,0,0,0,0,0,0,0,0,0,0,0,0,0,0,0,0,0,0,0,0,0,0,0,0,0,0,0,0,0,0,0,0,0,0,0,0,0,0,0,0,0,0,0,0,0,0,0,0,0,0,0,0,0,0,0,0,0,0,0,0,0,0,0,0,0,0,0,0,0,0,0,0,0,0,0,0,0,0,0,0,0,0,0,0,0,0,0,0,0,0,0,0,0,0,0,0,0,0,0,0,0,0,0,0,0,0,0,0,0,0,0,0,0,0,0,0,0,0,0,0,0,0,0,0,0,0,0,0,0,0,0,0,0,0,0,0,0,0,0,0,0,0,0,0,0,0,0,0,0,0,0,0,0,0,0,0,0,0,0,0,0,0,0,0,0,0,0,0,0,0,0,0,0,0
851100,0,0,0.893,0,0,0,0,0.207,0.259,0,0,0,0,0,0,0,0,0,0,0,0,0,0,0,0,0,0,0,0,0,0,0,0,0.281,0,0,0,0,0,0,0,0,0,0,0,0,0,0.241,0,0,0,0,0,0,0,0,0,0.458,0.162,0,0,0.211,0,0,0.238,0,0,0.332,0,0,0.201,0,0,0,0,0,0,0,0,0,0,0,0,0,0,0,0,0,0,0,0,0,0,0,0,0,0,0,0,0,0,0,0,0,0,0,0,0,0,0,0,0,0.297,0,0,0,0,0,0,0,0,0,0,0,0,0,0,0.345,0,0,0,0,0,0.282,0,0,0,0,0,0,0,0.232,0,0,0,0,0,0,0,0,0.15,0,0.196,0,0,0.226,0.285,0,0,0,0,0,0,0,0,0,0,0,0,0.235,0,0,0,0,0,0,0,0.183,0,0,0,0,0,0,0,0,0,0,0,0,0.155,0,0,0,0,0,0,0,0,0,0,0,0.185,0,0,0.183,0,0,0,0,0,0.592,0,0,0.899,0,0.168,0,0,0,0,0,0.2,0,0,0,0,0,0,0,0,0,0,0,0.171,0.802,0,0,0,0,0,0,0,0,0.565,0,0,0,0.489,0,0,0,0,0,0,0,0,0,0,0.152,0,0,0,0,0,0,0,0,0,0,0,0,0,0,0,0.159,0,0.152,0,0,0,0,0,0,0,0.418,0,0,0,0,0,0,0,0,0,0,0,0.208,0,0,0,0,0,0.168,0,0,0.17,0,0,0,0,0,0,0,0.197,0,0,0,0,0.174,0,0,0,0.173,0,0,0,0,0,0,0,0.769,0,0,0,0.276,0,0,0.22,0,0,0,0,0,0,0,0.802,0,0,0,0.722,0,0,0,0,0,0,0,0,0,0,0,0,0,0,0,0,0,0.339,0,0,0,0,0,0,0,0,0,0,0,0,0,0,0,0,0,0,0,0,0,0.431,0,0,0,0,0,0,0,0,0,0,0,0,0,0,0,0,0,0,0.293,0,0.314,0,0.181,0,0,0.277,0,0,0,0.229,0,0,0,0,0,0,0,0,0,0,0,0,0.19,0,0,0,0,0,0,0,0,0,0,0,0,0,0,0,0,0,0,0,0,0,0,0,0.177,0,0,0.172,0,0,0,0,0,0,0,0,0,0,0,0,0,0,0,0,0,0,0,0,0,0,0,0,0.224,0,0,0,0,0,0.382,0,0,0,0,0,0.177,0,0,0,0,0,0,0,0,0,0,0.168,0,0.233,0,0,0,0,0,0.187,0,0,0,0,0,0,0,0,0.159,0,0,0.368,0,0,0,0,0,0,0,0,0,0,0,0,0,0,0.35,0,0,0,0,0,0,0,0,0,0,0.205,0,0,0,0,0,0.223,0,0,0,0,0,0,0,0,0,0,0.703,0,0.199,0,0,0,0,0,0,0,0,0,0,0,0,0,0,0,0,0,0,0,0,0,0,0,0.203,0,0,0,0,0.191,0.194,0,0,0,0.309,0,0,0,0,0,0,0.193,0,0,0.648,0,0,0.167,0,0,0,0,0,0,0,0,0,0,0,0,0,0,0,0,0,0,0,0,0,0,0,0,0,0,0,0.277,0,0,0,0.307,0,0,0,0,0,0,0.215,0,0,0,0,0,0,0,0,0,0,0,0,0,0,0,0,0,0,0,0,0,0,0,0,0,0,0,0,0,0,0,0,0,0,0,0,0,0,0,0,0,0,0,0,0.155,0,0,0,0,0,0,0,0,0,0,0,0,0.289,0,0,0,0,0,0,0,0,0,0,0,0,0,0,0,0,0,0,0,0,0,0.536,0,0,0,0,0,0,0,0,0,0,0,0,0,0,0,0,0,0,0,0,0,0,0,0,0,0,0,0,0,0,0,0.341,0.204,0,0,0,0,0,0,0,0,0.831,0,0,0,0.19,0,0,0,0,0,0,0,0,0,0,0,0,0,0,0,0,0,0,0,0,0,0,0,0,0,0,0,0,0.177,0,0.172,0,0,0,0,0,0,0,0.158,0,0.403,0,0,0.999,0,0,0,0.194,0,0,0,0,0,0,0,0,0,0,0,0,0.933,0,0.253,0,0,0,0,0.268,0,0.229,0,0,0,0,0,0,0,0,0.358,0,0,0,0,0,0,0,0,0,0,0.297,0,0,0,0,0,0,0,0,0,0.224,0,0,0.27,0,0,0,0,0.199,0,0,0,0.329,0,0,0,0,0.167,0.785,0,0.683,0,0,0,0.353,0,0.192,0,0,0,0,0,0,0,0,0,0,0,0,0.208,0,0,0,0,0,0,0,0.188,0,0,0,0,0,0,0,0,0,0,0,0,0,0,0,0,0,0,0,0,0,0.212,0,0.273,0,0,0.309,0,0,0,0,0,0.157,0,0.191,0,0,0,0,0,0,0,0,0,0,0,0,0,0,0,0,0,0,0,0.223,0,0,0,0,0,0,0,0,0,0,0,0,0,0,0,0,0,0,0,0,0,0,0,0,0,0,0,0.197,0,0,0,0,0,0,0,0,0,0,0,0.266,0,0,0,0,0,0,0,0,0,0.324,0.644,0,0,0,0,0,0.195,0,0,0,0,0,0.206,0,0.165,0,0.268,0,0,0,0.479,0,0,0,0,0,0,0.898,0,0,0,0,0,0,0,0,0.159,0,0,0.404,0,0,0,0,0,0,0,0.199,0,0,0,0,0,0,0,0,0,0,0,0,0,0,0,0,0,0,0,0,0,0,0,0.15,0,0,0,0,0,0,0,0,0,0,0,0,0,0,0,0,0,0,0,0,0,0,0,0,0,0,0,0.272,0,0,0,0,0,0,0,0,0,0,0,0,0,0,0.171,0.246,0,0,0,0,0,0,0,0,0,0,0,0.216,0,0,0,0,0,0,0,0,0,0,0,0,0.16,0,0,0.517,0,0,0,0,0,0.162,0.201,0,0,0,0,0,0,0,0.202,0.41,0,0.233,0,0.309,0,0,0,0,0,0,0,0.161,0,0,0,0,0,0,0,0.521,0.156,0,0.163,0,0,0,0,0,0.22,0.206,0,0,0,0,0,0,0,0,0,0,0,0,0,0,0,0,0,0,0.179,0,0,0,0,0.206,0.633,0.208,0,0,0,0,0,0,0,0,0,0,0,0.263,0,0,0,0,0,0,0,0.218,0,0,0,0,0,0.2,0,0,0,0,0,0.269,0,0,0,0,0,0,0.999,0.206,0,0,0,0,0.255,0,0,0,0,0,0,0,0,0,0,0,0,0,0,0,0,0,0.199,0,0,0.216,0.232,0,0,0,0,0,0,0,0,0.37,0.995,0,0,0,0,0,0,0.173,0,0,0,0.172,0,0,0,0,0,0,0,0,0,0,0.166,0,0.457,0,0,0,0,0,0.171,0,0,0,0,0,0,0,0,0,0,0,0,0,0,0.218,0,0,0.489,0,0,0,0,0,0,0.209,0,0,0.285,0.174,0,0,0,0,0,0.41,0,0,0.209,0,0.186,0,0,0,0,0.268,0,0,0,0,0.276,0,0,0,0,0,0,0,0,0,0,0,0,0,0,0,0.429,0.38,0,0.692,0,0.246,0.162,0,0,0,0.395,0,0,0,0,0,0,0,0,0,0,0,0,0,0,0.249,0,0,0,0,0.358,0,0,0.216,0,0,0.733,0,0,0,0,0.893,0,0,0,0,0,0,0.42,0,0,0,0.195,0,0,0,0,0.999,0,0,0,0,0,0,0,0,0,0,0,0,0.172,0.162,0,0.367,0,0,0,0.297,0,0,0,0,0,0.182,0,0,0,0,0,0,0,0,0,0,0,0,0,0,0,0,0,0.347,0,0,0,0,0,0,0,0,0,0,0,0,0,0,0,0,0,0,0,0,0.208,0,0,0,0,0,0,0,0,0,0,0,0,0,0,0,0,0,0,0,0,0,0,0,0,0,0.215,0.288,0,0,0,0,0,0,0,0,0.155,0,0,0,0,0,0,0,0,0,0,0.154,0,0,0,0,0,0,0.394,0,0,0.426,0,0.249,0,0,0,0,0,0,0,0,0,0,0.186,0,0.456,0.219,0.247,0.289,0.455,0.183,0.212,0.229,0.22,0.192,0.329,0.487,0.176,0.189,0.175,0.926,0.193,0.66,0.173,0.157,0.203,0.36,0.233,0.413,0.537,0.247,0.22,0.256,0.811,0.621,0.206,0.169,0.15,0.611,0.167,0.45,0.256,0.685,0.911,0.666,0.904,0.56,0.206,0.193,0.154,0.647,0.172,0.29,0.171,0.916,0.426,0.191,0.195,0.907,0.362,0.281,0.276,0.293,0.206,0.173,0.217,0.173,0.927,0.218,0.22,0.206,0.218,0.459,0.197,0.386,0.169,0.216,0.288,0.176,0.199,0.203,0.232,0.304,0.428,0.15,0.194,0.224,0.173,0.297,0.163,0.408,0.161,0.282,0.205,0.173,0.179,0.698,0.265,0.194,0.912,0.272,0.213,0.162,0.235,0.227,0.214,0.384,0.426,0.586,0.196,0.275,0.242,0.219,0.245,0.189,0.536,0.172,0.487,0.644,0.219,0.258,0.396,0.252,0.16,0.154,0.233,0.754,0.396,0.28,0.667,0.685,0.7,0.334,0.235,0.206,0.258,0.203,0.19,0.24,0.383,0.264,0.204,0.31,0.275,0.272,0.179,0.309,0.191,0.162,0.285,0.19,0.181,0.191,0.232,0.21,0.168,0.655,0.173,0.18,0.228,0.334,0.163,0.194,0.165,0.238,0.635,0.397,0.207,0.196,0.183,0.194,0.177,0.199,0.316,0.173,0.186,0.883,0.649,0.166,0.175,0.167,0.193,0.492,0.164,0.91,0.629,0.732,0.463,0.351,0.263,0.167,0.545,0.857,0.755,0.72,0.258,0.171,0.212,0.162,0.773,0.292,0.589,0.174,0.21,0.301,0.208,0.199,0.209,0.251,0.309,0.206,0.196,0.242,0.241,0.649,0.313,0.24,0.816,0.201,0.189,0.566,0.894,0.22,0.219,0.992,0.502,0.227,0.65,0.224,0.905,0.231,0.316,0.415,0.171,0.188,0.411,0.254,0.206,0.418,0.212,0.306,0.254,0.909,0.179,0.269,0.335,0,0,0,0,0,0,0,0,0,0,0,0,0,0,0,0,0,0,0,0,0,0,0,0,0,0,0,0,0,0,0,0,0,0,0,0,0,0,0,0,0,0,0,0,0,0,0,0,0,0,0,0,0,0,0,0,0,0,0,0,0,0,0,0,0,0,0,0,0,0,0,0,0,0,0,0,0,0,0,0,0,0,0,0,0,0,0,0,0,0,0,0,0,0,0,0,0,0,0,0,0,0,0,0,0,0,0,0,0,0,0,0,0,0,0,0,0,0,0,0,0,0,0,0,0,0,0,0,0,0,0,0,0,0,0,0,0,0,0,0,0,0,0,0,0,0,0,0,0,0,0,0,0,0,0,0,0,0,0,0,0,0,0,0,0,0,0,0,0,0,0,0,0,0,0,0,0,0,0,0,0,0,0,0,0,0,0,0,0,0,0,0,0,0,0,0,0,0,0,0,0,0,0,0,0,0,0,0,0,0,0,0,0,0,0,0,0,0,0,0,0,0,0,0,0,0,0,0,0,0,0,0,0,0,0,0,0,0,0,0,0,0,0,0,0,0,0,0,0,0,0,0,0,0,0,0,0,0,0,0,0,0,0,0,0,0,0,0,0,0,0,0,0,0,0,0,0,0,0,0,0,0,0,0,0,0,0,0,0,0,0,0,0,0,0,0,0,0,0,0,0,0,0,0,0,0,0,0,0,0,0,0,0,0,0,0,0,0,0,0,0,0,0,0,0,0,0,0,0,0,0,0,0,0,0,0,0,0,0,0,0,0,0,0,0,0,0,0,0,0,0,0,0,0,0,0,0,0,0,0,0,0,0,0,0,0,0,0,0,0,0,0,0,0,0,0,0,0,0,0,0,0,0,0,0,0,0,0,0,0,0,0,0,0,0,0,0,0,0,0,0,0,0,0,0,0,0,0,0,0,0,0,0,0,0,0,0,0,0,0,0,0,0,0,0,0,0,0,0,0,0,0,0,0,0,0,0,0,0,0,0,0,0,0,0,0,0,0,0,0,0,0,0,0,0,0,0,0,0,0,0,0,0,0,0,0,0,0,0,0,0,0,0,0,0,0,0,0,0,0,0,0,0,0,0,0,0,0,0,0,0,0,0,0,0,0,0,0,0,0,0,0,0,0,0,0,0,0,0,0,0,0,0,0,0,0,0,0,0,0,0,0,0,0,0,0,0,0,0,0,0,0,0,0,0,0,0,0,0,0,0,0,0,0,0,0,0,0,0,0,0,0,0,0,0,0,0,0,0,0,0,0,0,0,0,0,0,0,0,0,0,0,0,0,0,0,0,0,0,0,0,0,0,0,0,0,0,0,0,0,0,0,0,0,0,0,0,0,0,0,0,0,0,0,0,0,0,0,0,0,0,0,0,0,0,0,0,0,0,0,0,0,0,0,0,0,0,0,0,0,0,0,0,0,0,0,0,0,0,0,0,0,0,0,0,0,0,0,0,0,0,0,0,0,0,0,0,0,0,0,0,0,0,0,0,0,0,0,0,0,0,0,0,0,0,0,0,0,0,0,0,0,0,0,0,0,0,0,0,0,0,0,0,0,0,0,0,0,0,0,0,0,0,0,0,0,0,0,0,0,0,0,0,0,0,0,0,0,0,0,0,0,0,0,0,0,0,0,0,0,0,0,0,0,0,0,0,0,0,0,0,0,0,0,0,0,0,0,0,0,0,0,0,0,0,0,0,0,0,0,0,0,0,0,0,0,0,0,0,0,0,0,0,0,0,0,0,0,0,0,0,0,0,0,0,0,0,0,0,0,0,0,0,0,0,0,0,0,0,0,0,0,0,0,0,0,0,0,0,0,0,0,0,0,0,0,0,0,0,0,0,0,0,0,0,0,0,0,0,0,0,0,0,0,0,0,0,0,0,0,0,0,0,0,0,0,0,0,0,0,0,0,0,0,0,0,0,0,0,0,0,0,0,0,0,0,0,0,0,0,0,0,0,0,0,0,0,0,0,0,0,0,0,0,0,0,0,0,0,0,0,0,0,0,0,0,0,0,0,0,0,0,0,0,0,0,0,0,0,0,0,0,0,0,0,0,0,0,0,0,0,0,0,0,0,0,0,0,0,0,0,0,0,0,0,0,0,0,0,0,0,0,0,0,0,0,0,0,0,0,0,0,0,0,0,0,0,0,0,0,0,0,0,0,0,0,0,0,0,0,0,0,0,0,0,0,0,0,0,0,0,0,0,0,0,0,0,0,0,0,0,0,0,0,0,0,0,0,0,0,0,0,0,0,0,0,0,0,0,0,0,0,0,0,0,0,0,0,0,0,0,0,0,0,0,0,0,0,0,0,0,0,0,0,0,0,0,0,0,0,0,0,0,0,0,0,0,0,0,0,0,0,0,0,0,0,0,0,0,0,0,0,0,0,0,0,0,0,0,0,0,0,0,0,0,0,0,0,0,0,0,0,0,0,0,0,0,0,0,0,0,0,0,0,0,0,0,0,0,0,0,0,0,0,0,0,0,0,0,0,0,0,0,0,0,0,0,0,0,0,0,0,0,0,0,0,0,0,0,0,0,0,0,0,0,0,0,0,0,0,0,0,0,0,0,0,0,0,0,0,0,0,0,0,0,0,0,0,0,0,0,0,0,0,0,0,0,0,0,0,0,0,0,0,0,0,0,0,0,0,0,0,0,0,0,0,0,0,0,0,0,0,0,0,0,0,0,0,0,0,0,0,0,0,0,0,0,0,0,0,0,0,0,0,0,0,0,0,0,0,0,0,0,0,0,0,0,0,0,0,0,0,0,0,0,0,0,0,0,0,0,0,0,0,0,0,0,0,0,0,0,0,0,0,0,0,0,0,0,0,0,0,0,0,0,0,0,0,0,0,0,0,0,0,0,0,0,0,0,0,0,0,0,0,0,0,0,0,0,0,0,0,0,0,0,0,0,0,0,0,0,0,0,0,0,0,0,0,0,0,0,0,0,0,0,0,0,0,0,0,0,0,0,0,0,0,0,0,0,0,0,0,0,0,0,0,0,0,0,0,0,0,0,0,0,0,0,0,0,0,0,0,0,0,0,0,0,0,0,0,0,0,0,0,0,0,0,0,0,0,0,0,0,0,0,0,0,0,0,0,0,0,0,0,0,0,0,0,0,0,0,0,0,0,0,0,0,0,0,0,0,0,0,0,0,0,0,0,0,0,0,0,0,0,0,0,0,0,0,0,0,0,0,0,0,0,0,0,0,0,0,0,0,0,0,0,0,0,0,0,0,0,0,0,0,0,0,0,0,0,0,0,0,0,0,0,0,0,0,0,0,0,0,0,0,0,0,0,0,0,0,0,0,0,0,0,0,0,0,0,0,0,0,0,0,0,0,0,0,0,0,0,0,0,0,0,0,0,0,0,0,0,0,0,0,0,0,0,0,0,0,0,0,0,0,0,0,0,0,0,0,0,0,0,0,0,0,0,0,0,0,0,0,0,0,0,0,0,0,0,0,0,0,0,0,0,0,0,0,0,0,0,0,0,0,0,0,0,0,0,0,0,0,0,0,0,0,0,0,0,0,0,0,0,0,0,0,0,0,0,0,0,0,0,0,0,0,0,0,0,0,0,0,0,0,0,0,0,0,0,0,0,0,0,0,0,0,0,0,0,0,0,0,0,0,0,0,0,0,0,0,0,0,0,0,0,0,0,0,0,0,0,0,0,0,0,0,0,0,0,0,0,0,0,0,0,0,0,0,0,0,0,0,0,0,0,0,0,0,0,0,0,0,0,0,0,0,0,0,0,0,0,0,0,0,0,0,0,0,0,0,0,0,0,0,0,0,0,0,0,0,0,0,0,0,0,0,0,0,0,0,0,0,0,0,0,0,0,0,0,0,0,0,0,0,0,0,0,0,0,0,0,0,0,0,0,0,0,0,0,0,0,0,0,0,0,0,0,0,0,0,0,0,0,0,0,0,0,0,0,0,0,0,0,0,0,0,0,0,0,0,0,0,0,0,0,0,0,0,0,0,0,0,0,0,0,0,0,0,0,0,0,0,0,0,0,0,0,0,0,0,0,0,0,0,0,0,0,0,0,0,0,0,0,0,0,0,0,0,0,0,0,0,0,0,0,0,0,0,0,0,0,0,0,0,0,0,0,0,0,0,0,0,0,0,0,0,0,0,0,0,0,0,0,0,0,0,0,0,0,0,0,0,0,0,0,0,0,0,0,0,0,0,0,0,0,0,0,0,0,0,0,0,0,0,0,0,0,0,0,0,0,0,0,0,0,0,0,0,0,0,0,0,0,0,0,0,0,0,0,0,0,0,0,0,0,0,0,0,0,0,0,0,0,0,0,0,0,0,0,0,0,0,0,0,0,0,0,0,0,0,0,0,0,0,0,0,0,0,0,0,0,0,0,0,0,0,0,0,0,0,0,0,0,0,0,0,0,0,0,0,0,0,0,0,0,0,0,0,0,0,0,0,0,0,0,0,0,0,0,0,0,0,0,0,0,0,0,0,0,0,0,0,0,0,0,0,0,0,0,0,0,0,0,0,0,0,0,0,0,0,0,0,0,0,0,0,0,0,0,0,0,0,0,0,0,0,0,0,0,0,0,0,0,0,0,0,0,0,0,0,0,0,0,0,0,0,0,0,0,0,0,0,0,0,0,0,0,0,0,0,0,0,0,0,0,0,0,0,0,0,0,0,0,0,0,0,0,0,0,0,0,0,0,0,0,0,0,0,0,0,0,0,0,0,0,0,0,0,0,0,0,0,0,0,0,0,0,0,0,0,0,0,0,0,0,0,0,0,0,0,0,0,0,0,0,0,0,0,0,0,0,0,0,0,0,0,0,0,0,0,0,0,0,0,0,0,0,0,0,0,0,0,0,0,0,0,0,0,0,0,0,0,0,0,0,0,0,0,0,0,0,0,0,0,0,0,0,0,0,0,0,0,0,0,0,0,0,0,0,0,0,0,0,0,0,0,0,0,0,0,0,0,0,0,0,0,0,0,0,0,0,0,0,0,0,0,0,0,0,0,0,0,0,0,0,0,0,0,0,0,0,0,0,0,0,0,0,0,0,0,0,0,0,0,0,0,0,0,0,0,0,0,0,0,0,0,0,0,0,0,0,0,0,0,0,0,0,0,0,0,0,0,0,0,0,0,0,0,0,0,0,0,0,0,0,0,0,0,0,0,0,0,0,0,0,0,0,0,0,0,0,0,0,0,0,0,0,0,0,0,0,0,0,0,0,0,0,0,0,0,0,0,0,0,0,0,0,0,0,0,0,0,0,0,0,0,0,0,0,0,0,0,0,0,0,0,0,0,0,0,0,0,0,0,0,0,0,0,0,0,0,0,0,0,0,0,0,0,0,0,0,0,0,0,0,0,0,0,0,0,0,0,0,0,0,0,0,0,0,0,0,0,0,0,0,0,0,0,0,0,0,0,0,0,0,0,0,0,0,0,0,0,0
851583,0,0.321,0,0,0,0,0.199,0,0,0,0,0,0,0,0,0,0,0,0.281,0,0,0,0,0,0.265,0.302,0,0,0,0,0,0,0,0,0,0,0,0.183,0,0,0,0,0,0,0.201,0.2,0,0,0,0,0,0,0,0,0.183,0,0,0,0,0,0.463,0.229,0,0,0,0,0,0,0,0,0.253,0,0,0,0,0.186,0.182,0.165,0,0,0.192,0,0,0,0,0.429,0,0,0.191,0,0,0,0.188,0,0.321,0,0,0.429,0.235,0,0,0,0,0.278,0,0,0.429,0,0,0,0,0,0,0,0,0,0,0,0.191,0,0,0,0,0,0,0,0,0,0,0,0,0,0,0,0,0,0,0,0,0,0,0,0.468,0.217,0,0,0,0,0,0,0.191,0,0,0,0,0,0,0,0,0.157,0,0,0,0,0.218,0,0,0.209,0,0.217,0,0.157,0,0,0,0,0,0.2,0.177,0.164,0,0,0,0,0.246,0,0.487,0,0,0,0,0,0,0,0,0,0,0,0,0,0,0,0,0,0,0.186,0,0,0,0,0,0,0,0,0,0,0,0,0,0,0,0,0,0,0,0,0,0,0,0,0.314,0.163,0.365,0,0.228,0,0.475,0,0,0,0.373,0.465,0,0,0,0,0,0,0,0,0,0,0,0,0,0,0,0,0,0,0.18,0.223,0,0,0,0,0,0,0,0,0,0,0,0,0,0,0,0,0,0,0,0,0,0.165,0,0.386,0,0,0,0,0,0,0.354,0,0,0.653,0,0,0,0,0,0,0,0,0,0,0,0.257,0,0,0,0.191,0,0,0,0,0,0.207,0,0,0,0,0.19,0,0,0,0.37,0,0.153,0,0,0,0.188,0,0.221,0,0,0,0,0,0,0,0,0.367,0,0,0,0,0,0,0,0,0,0,0.256,0,0,0,0,0,0,0,0,0,0.152,0,0.215,0,0,0,0.927,0,0,0.17,0,0,0,0,0,0.184,0,0.152,0,0,0,0.165,0,0,0,0,0,0,0,0,0,0.151,0,0,0,0,0.257,0,0,0,0.608,0,0,0,0,0.171,0.218,0,0.165,0,0,0,0,0.155,0,0,0,0,0.387,0,0,0,0,0,0,0,0,0.15,0,0,0.168,0,0.153,0,0,0,0,0.223,0,0,0,0,0,0,0,0,0,0,0,0,0,0,0,0,0,0.272,0.177,0,0,0,0,0,0,0,0,0,0.213,0.201,0,0,0,0,0,0,0,0,0,0,0,0.191,0,0.203,0,0,0,0,0,0,0,0,0,0,0,0,0,0,0.455,0.161,0.343,0.197,0,0,0,0,0,0,0,0,0,0,0.176,0,0,0.235,0,0,0.153,0,0,0,0,0.46,0,0,0,0.15,0,0,0,0,0.942,0,0,0.932,0,0,0.589,0.525,0,0,0,0,0,0,0.154,0,0,0,0.215,0,0,0,0,0,0,0,0,0,0,0,0,0,0.194,0.314,0,0,0,0.16,0,0,0.747,0,0,0,0,0,0,0,0,0,0,0,0,0,0,0,0.164,0,0,0,0,0,0,0,0,0,0.408,0,0,0,0,0,0,0,0.19,0,0.194,0,0,0,0.152,0,0.197,0,0.479,0,0,0,0,0,0,0,0,0,0,0,0,0,0,0,0,0,0,0,0.24,0,0,0,0,0,0,0,0,0.191,0,0,0,0,0,0,0.468,0,0,0,0.539,0,0.172,0,0.175,0.267,0.29,0,0,0,0,0,0,0,0,0,0,0,0,0,0,0.2,0,0,0,0,0,0,0,0,0,0,0,0.485,0,0,0.188,0,0,0,0,0,0,0,0,0,0,0,0,0.181,0,0,0,0,0,0,0.191,0,0,0,0,0,0.174,0.151,0,0,0,0.155,0,0,0,0,0,0,0,0,0,0,0.192,0,0,0,0,0.307,0,0.192,0,0,0,0.307,0,0,0,0,0,0,0,0,0,0.319,0.748,0,0,0,0,0,0,0,0,0,0,0,0,0,0,0.223,0,0,0.307,0,0,0,0,0,0,0,0.152,0,0,0,0,0,0,0,0.248,0,0,0,0.289,0,0,0,0,0.2,0.307,0,0,0,0,0,0,0,0,0,0,0,0,0,0.495,0,0.379,0,0,0,0,0.197,0.24,0,0,0,0,0,0,0,0,0,0.289,0,0,0,0,0.319,0,0.259,0.301,0,0,0,0,0,0,0.253,0.246,0,0,0.486,0,0.438,0,0,0.153,0,0,0,0.244,0,0.183,0,0,0,0.429,0,0.169,0.412,0,0,0.279,0,0,0,0,0,0,0,0,0,0.161,0.203,0,0.191,0,0,0,0.191,0.183,0,0,0,0,0,0,0.249,0,0,0.169,0,0,0,0,0,0,0,0.223,0,0,0,0,0,0,0,0,0.153,0,0,0,0,0,0,0,0,0.286,0,0,0,0.151,0.468,0,0.261,0,0,0.401,0,0,0.181,0,0.752,0.19,0,0,0,0.161,0.428,0,0,0,0.179,0,0,0,0,0,0,0,0,0,0.165,0,0,0,0,0,0,0.296,0,0.166,0,0,0,0,0,0,0,0,0,0,0,0,0,0,0.154,0,0,0,0.166,0,0,0,0,0,0,0,0,0.331,0,0.512,0,0,0,0,0,0,0,0,0,0,0,0,0,0,0,0,0,0,0,0,0,0,0,0.152,0,0.191,0,0,0,0,0.191,0,0,0.157,0.291,0.241,0,0,0.246,0,0,0,0.181,0,0,0,0.189,0,0,0,0,0,0,0,0,0,0,0,0,0,0,0,0,0,0,0.207,0,0,0.191,0,0,0,0,0,0.191,0,0,0,0,0,0.156,0,0,0,0,0,0.191,0,0,0,0,0,0,0,0,0,0,0,0,0,0,0,0,0,0,0,0,0,0.191,0,0,0,0,0,0,0,0,0.198,0,0,0,0,0,0,0,0,0.161,0,0,0,0.165,0,0.545,0,0,0,0,0,0,0,0,0.253,0,0,0,0,0,0,0,0,0,0,0,0,0.181,0,0,0,0,0,0.207,0,0,0,0,0,0,0,0,0,0,0,0,0,0.152,0,0.191,0,0,0,0,0,0,0,0,0,0,0,0,0,0,0,0,0.165,0,0,0,0,0,0,0.199,0,0,0,0,0,0,0,0.191,0.178,0,0,0,0.171,0.181,0,0,0,0,0,0,0,0,0,0,0,0,0,0,0,0,0.235,0.191,0,0,0,0,0,0,0,0,0,0,0,0.152,0,0.309,0.191,0,0,0,0,0,0,0,0,0,0,0,0,0,0.216,0,0,0,0,0,0.207,0,0,0,0,0.152,0,0,0,0,0,0,0,0.26,0,0.291,0,0,0,0,0,0,0,0,0,0,0,0,0,0.191,0,0,0,0,0,0.191,0.28,0,0,0,0,0,0,0,0,0.321,0,0,0,0,0,0,0,0.191,0,0.158,0,0,0,0.191,0,0,0.212,0,0.264,0,0,0,0.191,0.191,0.181,0,0,0.191,0.191,0,0,0,0,0.191,0,0,0,0,0,0,0.28,0,0,0,0.174,0,0,0,0,0,0,0,0,0,0,0,0.191,0,0,0,0,0,0,0,0,0,0.244,0,0.168,0,0,0,0,0.156,0,0,0,0,0,0,0,0,0.16,0,0.181,0,0,0,0,0,0.308,0,0,0,0,0.264,0,0,0.158,0,0,0.171,0.283,0.308,0,0,0,0,0,0,0,0,0,0,0,0.268,0.567,0,0,0,0,0,0,0,0,0,0,0.308,0,0,0,0,0,0,0.258,0,0,0,0,0,0,0,0,0,0.152,0,0,0,0,0,0,0,0,0,0,0,0,0.308,0,0.191,0,0,0,0,0,0,0,0,0,0,0.231,0.327,0,0,0,0,0,0,0,0,0,0,0,0,0,0,0,0.154,0,0,0,0.215,0,0.304,0,0,0.181,0,0.152,0,0.191,0,0,0,0,0.191,0,0,0,0,0,0.152,0,0.207,0,0,0,0,0,0,0.318,0,0,0,0,0,0,0,0,0,0,0,0,0,0.196,0,0,0,0,0,0,0,0.428,0,0,0,0,0,0,0,0,0,0,0,0,0,0,0,0,0,0,0,0,0,0,0,0,0,0,0,0,0,0,0,0,0,0,0,0,0,0,0,0,0,0,0,0,0,0,0,0,0,0,0,0,0,0,0,0,0,0,0,0,0,0,0,0,0,0,0,0,0,0,0,0,0,0,0,0,0,0,0,0,0,0,0,0,0,0,0,0,0,0,0,0,0,0,0,0,0,0,0,0,0,0,0,0,0,0,0,0,0,0,0,0,0,0,0,0,0,0,0,0,0,0,0,0.243,0,0,0,0,0.277,0,0,0,0,0,0,0,0,0,0,0,0,0,0,0.183,0,0,0,0,0,0,0,0,0,0,0,0,0,0,0.202,0,0,0,0,0,0,0,0,0,0,0,0,0,0,0.171,0,0,0,0,0,0,0.161,0,0,0,0,0.208,0,0,0,0.153,0,0,0,0,0,0.152,0,0,0,0,0,0.273,0.165,0,0.179,0,0,0,0,0,0,0,0,0,0,0,0,0,0,0,0,0,0,0,0,0,0.157,0,0,0,0,0,0,0,0,0,0,0,0,0,0,0,0,0,0,0,0,0,0,0,0.166,0,0,0,0,0,0,0,0,0,0,0,0,0,0,0,0,0,0,0,0,0,0,0,0,0,0,0,0,0,0,0,0,0,0,0,0,0,0,0,0,0,0,0,0,0,0,0,0,0,0,0,0,0,0,0,0.933,0,0,0,0,0,0,0,0,0,0.196,0,0.307,0.152,0,0,0,0.2,0.212,0,0,0,0,0,0,0,0,0,0.922,0,0,0,0.258,0,0.154,0.204,0,0,0,0,0,0,0,0,0,0,0,0.315,0,0,0.553,0.201,0.183,0,0,0,0,0,0,0,0,0,0,0,0,0,0,0,0,0,0.901,0,0,0,0,0.174,0.156,0.19,0.24,0.186,0.168,0.154,0.202,0.191,0.202,0.254,0.151,0.183,0.621,0.183,0.18,0.151,0.221,0.378,0.17,0.298,0.776,0.161,0.272,0.211,0.232,0.514,0.737,0.372,0.387,0.618,0.166,0.164,0.2,0.453,0.202,0.202,0.683,0.169,0.155,0.424,0.178,0.522,0.167,0.19,0.275,0.499,0.188,0.53,0.327,0.202,0.192,0.289,0.162,0.19,0.201,0.363,0.297,0.289,0.168,0.396,0.179,0.167,0.179,0.201,0.188,0.165,0.154,0.272,0.302,0.571,0.172,0.48,0.191,0.172,0.191,0.192,0.255,0.68,0.154,0.206,0.231,0.187,0.162,0.476,0.178,0.19,0.183,0.22,0.183,0.2,0.237,0.216,0.152,0.172,0.9,0.194,0.378,0.156,0.166,0.161,0.183,0.194,0.371,0.187,0.18,0.394,0.199,0.406,0.167,0.201,0.21,0.21,0.357,0.182,0.188,0.536,0.191,0.762,0.225,0.153,0.391,0.242,0.161,0.31,0.163,0.161,0.195,0.165,0.164,0.297,0.169,0.449,0.481,0.159,0.184,0.309,0.2,0.215,0.401,0,0,0,0,0,0,0,0,0,0,0,0,0,0,0,0,0,0,0,0,0,0,0,0,0,0,0,0,0,0,0,0,0,0,0,0,0,0,0,0,0,0,0,0,0,0,0,0,0,0,0,0,0,0,0,0,0,0,0,0,0,0,0,0,0,0,0,0,0,0,0,0,0,0,0,0,0,0,0,0,0,0,0,0,0,0,0,0,0,0,0,0,0,0,0,0,0,0,0,0,0,0,0,0,0,0,0,0,0,0,0,0,0,0,0,0,0,0,0,0,0,0,0,0,0,0,0,0,0,0,0,0,0,0,0,0,0,0,0,0,0,0,0,0,0,0,0,0,0,0,0,0,0,0,0,0,0,0,0,0,0,0,0,0,0,0,0,0,0,0,0,0,0,0,0,0,0,0,0,0,0,0,0,0,0,0,0,0,0,0,0,0,0,0,0,0,0,0,0,0,0,0,0,0,0,0,0,0,0,0,0,0,0,0,0,0,0,0,0,0,0,0,0,0,0,0,0,0,0,0,0,0,0,0,0,0,0,0,0,0,0,0,0,0,0,0,0,0,0,0,0,0,0,0,0,0,0,0,0,0,0,0,0,0,0,0,0,0,0,0,0,0,0,0,0,0,0,0,0,0,0,0,0,0,0,0,0,0,0,0,0,0,0,0,0,0,0,0,0,0,0,0,0,0,0,0,0,0,0,0,0,0,0,0,0,0,0,0,0,0,0,0,0,0,0,0,0,0,0,0,0,0,0,0,0,0,0,0,0,0,0,0,0,0,0,0,0,0,0,0,0,0,0,0,0,0,0,0,0,0,0,0,0,0,0,0,0,0,0,0,0,0,0,0,0,0,0,0,0,0,0,0,0,0,0,0,0,0,0,0,0,0,0,0,0,0,0,0,0,0,0,0,0,0,0,0,0,0,0,0,0,0,0,0,0,0,0,0,0,0,0,0,0,0,0,0,0,0,0,0,0,0,0,0,0,0,0,0,0,0,0,0,0,0,0,0,0,0,0,0,0,0,0,0,0,0,0,0,0,0,0,0,0,0,0,0,0,0,0,0,0,0,0,0,0,0,0,0,0,0,0,0,0,0,0,0,0,0,0,0,0,0,0,0,0,0,0,0,0,0,0,0,0,0,0,0,0,0,0,0,0,0,0,0,0,0,0,0,0,0,0,0,0,0,0,0,0,0,0,0,0,0,0,0,0,0,0,0,0,0,0,0,0,0,0,0,0,0,0,0,0,0,0,0,0,0,0,0,0,0,0,0,0,0,0,0,0,0,0,0,0,0,0,0,0,0,0,0,0,0,0,0,0,0,0,0,0,0,0,0,0,0,0,0,0,0,0,0,0,0,0,0,0,0,0,0,0,0,0,0,0,0,0,0,0,0,0,0,0,0,0,0,0,0,0,0,0,0,0,0,0,0,0,0,0,0,0,0,0,0,0,0,0,0,0,0,0,0,0,0,0,0,0,0,0,0,0,0,0,0,0,0,0,0,0,0,0,0,0,0,0,0,0,0,0,0,0,0,0,0,0,0,0,0,0,0,0,0,0,0,0,0,0,0,0,0,0,0,0,0,0,0,0,0,0,0,0,0,0,0,0,0,0,0,0,0,0,0,0,0,0,0,0,0,0,0,0,0,0,0,0,0,0,0,0,0,0,0,0,0,0,0,0,0,0,0,0,0,0,0,0,0,0,0,0,0,0,0,0,0,0,0,0,0,0,0,0,0,0,0,0,0,0,0,0,0,0,0,0,0,0,0,0,0,0,0,0,0,0,0,0,0,0,0,0,0,0,0,0,0,0,0,0,0,0,0,0,0,0,0,0,0,0,0,0,0,0,0,0,0,0,0,0,0,0,0,0,0,0,0,0,0,0,0,0,0,0,0,0,0,0,0,0,0,0,0,0,0,0,0,0,0,0,0,0,0,0,0,0,0,0,0,0,0,0,0,0,0,0,0,0,0,0,0,0,0,0,0,0,0,0,0,0,0,0,0,0,0,0,0,0,0,0,0,0,0,0,0,0,0,0,0,0,0,0,0,0,0,0,0,0,0,0,0,0,0,0,0,0,0,0,0,0,0,0,0,0,0,0,0,0,0,0,0,0,0,0,0,0,0,0,0,0,0,0,0,0,0,0,0,0,0,0,0,0,0,0,0,0,0,0,0,0,0,0,0,0,0,0,0,0,0,0,0,0,0,0,0,0,0,0,0,0,0,0,0,0,0,0,0,0,0,0,0,0,0,0,0,0,0,0,0,0,0,0,0,0,0,0,0,0,0,0,0,0,0,0,0,0,0,0,0,0,0,0,0,0,0,0,0,0,0,0,0,0,0,0,0,0,0,0,0,0,0,0,0,0,0,0,0,0,0,0,0,0,0,0,0,0,0,0,0,0,0,0,0,0,0,0,0,0,0,0,0,0,0,0,0,0,0,0,0,0,0,0,0,0,0,0,0,0,0,0,0,0,0,0,0,0,0,0,0,0,0,0,0,0,0,0,0,0,0,0,0,0,0,0,0,0,0,0,0,0,0,0,0,0,0,0,0,0,0,0,0,0,0,0,0,0,0,0,0,0,0,0,0,0,0,0,0,0,0,0,0,0,0,0,0,0,0,0,0,0,0,0,0,0,0,0,0,0,0,0,0,0,0,0,0,0,0,0,0,0,0,0,0,0,0,0,0,0,0,0,0,0,0,0,0,0,0,0,0,0,0,0,0,0,0,0,0,0,0,0,0,0,0,0,0,0,0,0,0,0,0,0,0,0,0,0,0,0,0,0,0,0,0,0,0,0,0,0,0,0,0,0,0,0,0,0,0,0,0,0,0,0,0,0,0,0,0,0,0,0,0,0,0,0,0,0,0,0,0,0,0,0,0,0,0,0,0,0,0,0,0,0,0,0,0,0,0,0,0,0,0,0,0,0,0,0,0,0,0,0,0,0,0,0,0,0,0,0,0,0,0,0,0,0,0,0,0,0,0,0,0,0,0,0,0,0,0,0,0,0,0,0,0,0,0,0,0,0,0,0,0,0,0,0,0,0,0,0,0,0,0,0,0,0,0,0,0,0,0,0,0,0,0,0,0,0,0,0,0,0,0,0,0,0,0,0,0,0,0,0,0,0,0,0,0,0,0,0,0,0,0,0,0,0,0,0,0,0,0,0,0,0,0,0,0,0,0,0,0,0,0,0,0,0,0,0,0,0,0,0,0,0,0,0,0,0,0,0,0,0,0,0,0,0,0,0,0,0,0,0,0,0,0,0,0,0,0,0,0,0,0,0,0,0,0,0,0,0,0,0,0,0,0,0,0,0,0,0,0,0,0,0,0,0,0,0,0,0,0,0,0,0,0,0,0,0,0,0,0,0,0,0,0,0,0,0,0,0,0,0,0,0,0,0,0,0,0,0,0,0,0,0,0,0,0,0,0,0,0,0,0,0,0,0,0,0,0,0,0,0,0,0,0,0,0,0,0,0,0,0,0,0,0,0,0,0,0,0,0,0,0,0,0,0,0,0,0,0,0,0,0,0,0,0,0,0,0,0,0,0,0,0,0,0,0,0,0,0,0,0,0,0,0,0,0,0,0,0,0,0,0,0,0,0,0,0,0,0,0,0,0,0,0,0,0,0,0,0,0,0,0,0,0,0,0,0,0,0,0,0,0,0,0,0,0,0,0,0,0,0,0,0,0,0,0,0,0,0,0,0,0,0,0,0,0,0,0,0,0,0,0,0,0,0,0,0,0,0,0,0,0,0,0,0,0,0,0,0,0,0,0,0,0,0,0,0,0,0,0,0,0,0,0,0,0,0,0,0,0,0,0,0,0,0,0,0,0,0,0,0,0,0,0,0,0,0,0,0,0,0,0,0,0,0,0,0,0,0,0,0,0,0,0,0,0,0,0,0,0,0,0,0,0,0,0,0,0,0,0,0,0,0,0,0,0,0,0,0,0,0,0,0,0,0,0,0,0,0,0,0,0,0,0,0,0,0,0,0,0,0,0,0,0,0,0,0,0,0,0,0,0,0,0,0,0,0,0,0,0,0,0,0,0,0,0,0,0,0,0,0,0,0,0,0,0,0,0,0,0,0,0,0,0,0,0,0,0,0,0,0,0,0,0,0,0,0,0,0,0,0,0,0,0,0,0,0,0,0,0,0,0,0,0,0,0,0,0,0,0,0,0,0,0,0,0,0,0,0,0,0,0,0,0,0,0,0,0,0,0,0,0,0,0,0,0,0,0,0,0,0,0,0,0,0,0,0,0,0,0,0,0,0,0,0,0,0,0,0,0,0,0,0,0,0,0,0,0,0,0,0,0,0,0,0,0,0,0,0,0,0,0,0,0,0,0,0,0,0,0,0,0,0,0,0,0,0,0,0,0,0,0,0,0,0,0,0,0,0,0,0,0,0,0,0,0,0,0,0,0,0,0,0,0,0,0,0,0,0,0,0,0,0,0,0,0,0,0,0,0,0,0,0,0,0,0,0,0,0,0,0,0,0,0,0,0,0,0,0,0,0,0,0,0,0,0,0,0,0,0,0,0,0,0,0,0,0,0,0,0,0,0,0,0,0,0,0,0,0,0,0,0,0,0,0,0,0,0,0,0,0,0,0,0,0,0,0,0,0,0,0,0,0,0,0,0,0,0,0,0,0,0,0,0,0,0,0,0,0,0,0,0,0,0,0,0,0,0,0,0,0,0,0,0,0,0,0,0,0,0,0,0,0,0,0,0,0,0,0,0,0,0,0,0,0,0,0,0,0,0,0,0,0,0,0,0,0,0,0,0,0,0,0,0,0,0,0,0,0,0,0,0,0,0,0,0,0,0,0,0,0,0,0,0,0,0,0,0,0,0,0,0,0,0,0,0,0,0,0,0,0,0,0,0,0,0,0,0,0,0,0,0,0,0,0,0,0,0,0,0,0,0,0,0,0,0,0,0,0,0,0,0,0
851222,0,0,0,0,0,0,0,0,0,0,0,0,0,0,0,0,0,0,0,0,0,0,0,0,0,0,0,0,0,0,0,0,0,0,0,0,0,0,0,0,0,0,0,0,0,0,0,0,0,0,0.323,0,0,0,0,0,0,0,0,0,0,0.199,0,0,0,0,0,0,0,0,0.924,0,0,0,0,0,0,0,0,0.218,0,0,0,0,0,0,0,0,0,0,0,0,0,0,0,0,0,0.269,0,0,0,0,0,0,0,0,0,0,0,0,0,0,0,0,0,0,0,0,0,0,0,0,0,0,0,0,0,0,0,0,0,0,0,0,0,0,0,0,0,0,0,0,0.195,0,0,0,0,0,0,0,0,0,0.192,0,0,0,0,0,0,0,0,0,0,0,0,0,0,0,0,0,0,0,0,0,0,0,0,0,0,0,0,0,0,0,0,0,0,0,0,0,0,0,0,0,0,0,0,0,0,0,0,0.788,0,0,0,0,0,0,0,0,0,0.323,0,0,0,0,0,0,0,0,0,0,0,0,0,0,0,0,0,0,0,0,0,0,0,0,0,0,0,0,0,0,0,0,0,0,0,0,0,0,0,0,0,0,0,0,0,0,0,0.171,0,0,0,0,0,0,0,0,0,0,0,0,0,0,0.543,0,0,0,0,0,0,0,0,0,0,0,0,0,0,0,0,0,0,0,0,0,0,0,0,0,0,0,0,0,0,0,0,0,0,0,0,0,0,0,0,0,0,0,0,0,0,0,0,0,0,0,0,0,0,0,0,0,0,0.198,0,0,0,0,0.22,0,0,0,0,0,0,0,0,0,0,0,0,0,0,0,0,0,0,0,0,0,0,0,0,0,0,0.296,0,0,0,0,0,0,0,0,0,0,0,0,0,0,0,0,0,0,0,0,0,0,0,0,0,0,0,0,0,0,0,0,0,0,0,0,0,0,0,0,0,0.202,0,0,0,0,0,0,0,0,0,0,0,0,0.183,0,0,0,0,0,0,0,0,0,0,0,0,0,0,0,0,0,0,0,0,0,0,0,0,0,0,0,0,0,0,0,0,0,0,0,0,0,0,0,0,0,0,0,0,0.352,0,0,0,0,0,0,0,0,0,0,0,0,0,0,0,0,0,0,0,0.246,0,0,0,0,0,0,0,0,0,0,0,0,0,0,0,0,0,0,0,0,0,0,0,0,0,0,0,0,0,0,0,0,0,0,0,0,0,0,0,0,0,0,0,0,0,0,0,0,0,0,0,0,0,0,0,0,0,0,0,0,0,0,0,0,0,0,0,0,0,0,0,0,0,0,0,0,0,0,0,0,0,0,0,0,0,0,0,0,0,0,0,0,0,0,0,0,0,0,0,0,0,0,0,0,0,0,0,0,0,0,0,0,0,0,0,0,0,0,0,0,0,0,0,0,0,0,0,0,0,0,0,0,0,0,0.167,0,0,0,0,0,0,0,0,0,0,0,0,0,0,0,0,0,0,0,0,0,0,0,0,0,0,0,0,0,0,0,0,0,0,0,0,0,0,0,0,0,0,0,0,0,0,0,0,0,0,0.186,0,0,0,0,0,0,0,0,0,0,0,0,0,0,0,0,0,0,0,0,0,0,0,0,0,0,0,0,0,0,0,0,0,0,0,0,0,0,0,0,0,0,0,0,0,0,0,0,0,0,0,0,0,0,0,0,0,0,0,0,0,0,0,0,0,0,0,0,0,0,0,0,0,0.651,0,0,0,0,0,0.481,0,0,0,0,0,0,0,0,0,0,0,0,0,0,0,0,0,0,0,0,0,0,0,0,0,0,0,0,0,0,0,0,0,0,0,0,0.28,0,0,0,0,0,0,0,0,0,0,0,0,0,0,0,0,0,0,0,0,0,0,0,0,0,0,0,0,0.28,0,0,0,0,0,0,0,0,0,0,0,0,0,0,0,0,0,0,0,0,0,0,0,0,0,0,0,0,0,0,0,0,0,0,0,0,0,0,0,0,0,0,0,0,0.185,0,0,0,0,0,0,0,0,0,0,0,0,0,0,0,0,0,0,0,0,0,0,0,0,0,0,0,0,0,0,0.309,0,0,0,0,0,0,0,0,0,0,0,0,0,0,0,0,0,0,0,0,0,0,0,0,0.179,0,0,0,0,0,0,0,0,0,0,0,0,0,0,0,0,0,0,0,0,0,0,0,0,0,0,0,0.956,0,0,0,0,0,0,0,0,0,0,0,0,0,0,0,0,0,0,0,0,0.536,0,0,0,0,0,0,0,0,0,0,0,0,0,0,0,0,0,0,0,0,0,0,0,0,0,0,0,0,0,0,0,0,0,0,0,0,0,0,0,0,0,0,0,0,0,0,0,0,0,0,0,0,0,0,0,0,0,0,0.931,0.166,0,0,0,0,0,0,0.214,0,0,0,0.968,0,0,0,0,0,0,0,0,0,0,0,0,0.169,0,0,0,0,0,0,0,0,0,0,0,0,0,0,0,0,0.209,0,0,0,0,0,0,0,0,0,0,0,0,0,0.22,0,0,0,0,0,0,0,0,0,0,0,0,0,0,0,0,0,0,0,0,0,0,0,0,0,0,0.907,0,0,0,0,0,0,0,0,0,0,0,0,0,0,0,0,0,0,0,0,0,0,0,0,0,0,0,0,0,0,0,0,0,0,0,0,0,0,0,0,0,0,0,0,0,0,0,0,0,0,0,0,0,0,0,0,0,0,0,0,0,0,0,0,0,0,0,0,0,0,0,0,0.199,0,0,0,0,0,0,0,0,0,0,0,0,0,0,0,0,0.189,0,0,0,0,0,0,0,0,0,0,0,0,0,0,0,0,0,0,0,0,0,0,0,0,0,0,0.22,0,0,0,0,0,0,0,0,0,0,0,0,0,0,0,0,0,0,0,0,0.178,0,0,0,0,0,0,0,0,0,0,0,0,0,0,0,0,0,0,0,0,0,0,0,0,0,0,0,0,0,0,0,0,0,0,0,0,0,0,0,0.208,0,0,0,0,0,0,0,0,0,0,0,0,0,0,0,0,0,0,0,0,0.9,0,0.901,0,0,0,0,0,0.169,0,0,0,0.199,0,0,0,0,0.954,0,0,0,0,0.191,0,0.507,0,0,0,0,0,0,0,0.733,0,0.194,0,0,0,0,0,0,0,0,0,0,0,0.358,0,0,0,0,0,0,0,0,0,0,0,0,0,0,0,0,0,0,0,0,0,0,0,0,0,0,0,0,0.988,0,0,0,0,0,0,0,0.984,0,0,0,0,0,0,0,0,0,0,0,0,0.339,0.22,0,0,0,0.284,0,0,0,0,0.209,0,0,0,0,0,0,0,0,0.727,0.197,0,0,0.181,0.964,0,0,0,0.496,0,0,0,0,0,0,0,0,0.199,0,0.197,0,0,0,0.371,0,0,0,0,0,0,0,0,0,0.177,0,0.955,0,0,0,0,0,0,0,0,0,0,0,0,0,0,0,0,0,0,0,0,0,0,0,0,0,0,0,0,0,0,0,0,0,0,0,0,0,0,0,0,0.194,0,0,0,0,0,0,0,0,0.975,0,0,0.21,0,0,0,0,0,0,0,0,0,0,0,0,0,0.992,0.971,0.157,0,0,0,0,0,0,0,0,0,0,0,0,0,0,0,0,0,0,0,0.208,0,0,0,0,0,0,0,0,0,0,0,0,0,0,0,0,0,0,0,0,0,0,0,0,0,0,0,0,0,0,0,0.263,0,0,0,0,0,0,0,0,0,0,0.72,0,0,0,0,0,0,0,0,0,0,0,0,0,0,0,0,0,0,0,0,0,0,0,0,0,0,0,0,0,0,0,0,0,0,0,0,0,0,0,0,0,0,0,0,0,0,0,0,0,0,0,0,0,0,0,0,0,0,0,0,0,0,0,0,0,0,0,0.229,0,0,0,0,0,0,0,0,0,0,0,0,0,0,0,0,0,0.165,0,0,0,0,0,0,0,0,0,0,0,0,0,0,0,0,0.22,0,0,0,0,0,0,0,0,0,0,0,0,0,0,0,0,0,0,0,0,0,0,0,0,0,0,0,0,0,0,0,0,0,0,0,0,0,0,0,0,0,0,0,0,0,0,0.193,0,0,0,0,0,0,0,0,0,0,0,0,0,0,0,0,0,0,0,0,0,0,0,0,0,0,0,0,0,0,0,0,0,0.22,0,0,0,0,0,0,0,0,0,0,0,0,0,0,0,0,0,0,0,0,0,0,0,0,0,0,0,0,0,0,0,0,0,0,0,0,0,0,0,0,0,0,0,0,0,0,0,0,0,0,0,0,0,0,0,0,0,0,0,0,0,0,0,0,0,0,0,0,0,0,0,0,0,0,0,0,0,0,0,0,0,0,0,0,0,0,0,0,0,0,0,0,0,0,0,0,0,0,0,0,0,0,0,0,0,0,0,0,0,0,0,0,0,0,0,0,0,0,0,0,0,0,0,0,0,0,0,0,0,0,0,0,0,0,0,0,0,0,0,0,0,0,0,0,0,0,0,0,0.488,0,0,0,0,0,0,0,0,0,0,0,0,0,0,0,0,0,0,0,0,0,0,0,0,0,0,0,0,0,0,0.357,0,0,0,0,0,0,0,0,0,0,0,0,0,0,0,0,0,0,0,0,0,0,0,0,0,0,0,0,0,0,0,0,0,0,0,0,0,0,0,0,0,0,0,0,0,0,0,0,0,0,0,0,0,0,0,0,0,0,0,0,0,0,0,0,0,0,0,0,0,0.22,0,0,0,0,0,0,0,0,0,0,0,0,0,0,0,0,0,0,0,0,0,0,0,0,0,0,0,0,0,0,0,0,0,0,0,0,0,0,0,0,0,0,0,0,0,0,0,0,0,0,0,0,0,0,0.276,0.247,0.218,0.189,0.196,0.22,0.206,0.62,0.192,0.22,0.192,0.198,0.197,0.225,0.191,0.501,0.22,0.191,0.441,0.192,0.22,0.614,0.987,0.198,0.536,0.192,0.192,0.487,0.198,0.167,0.186,0.218,0.305,0.589,0.72,0.199,0.22,0.445,0.22,0.297,0.217,0.394,0.16,0.197,0.253,0.719,0.483,0.705,0.171,0.311,0,0,0,0,0,0,0,0,0,0,0,0,0,0,0,0,0,0,0,0,0,0,0,0,0,0,0,0,0,0,0,0,0,0,0,0,0,0,0,0,0,0,0,0,0,0,0,0,0,0,0,0,0,0,0,0,0,0,0,0,0,0,0,0,0,0,0,0,0,0,0,0,0,0,0,0,0,0,0,0,0,0,0,0,0,0,0,0,0,0,0,0,0,0,0,0,0,0,0,0,0,0,0,0,0,0,0,0,0,0,0,0,0,0,0,0,0,0,0,0,0,0,0,0,0,0,0,0,0,0,0,0,0,0,0,0,0,0,0,0,0,0,0,0,0,0,0,0,0,0,0,0,0,0,0,0,0,0,0,0,0,0,0,0,0,0,0,0,0,0,0,0,0,0,0,0,0,0,0,0,0,0,0,0,0,0,0,0,0,0,0,0,0,0,0,0,0,0,0,0,0,0,0,0,0,0,0,0,0,0,0,0,0,0,0,0,0,0,0,0,0,0,0,0,0,0,0,0,0,0,0,0,0,0,0,0,0,0,0,0,0,0,0,0,0,0,0,0,0,0,0,0,0,0,0,0,0,0,0,0,0,0,0,0,0,0,0,0,0,0,0,0,0,0,0,0,0,0,0,0,0,0,0,0,0,0,0,0,0,0,0,0,0,0,0,0,0,0,0,0,0,0,0,0,0,0,0,0,0,0,0,0,0,0,0,0,0,0,0,0,0,0,0,0,0,0,0,0,0,0,0,0,0,0,0,0,0,0,0,0,0,0,0,0,0,0,0,0,0,0,0,0,0,0,0,0,0,0,0,0,0,0,0,0,0,0,0,0,0,0,0,0,0,0,0,0,0,0,0,0,0,0,0,0,0,0,0,0,0,0,0,0,0,0,0,0,0,0,0,0,0,0,0,0,0,0,0,0,0,0,0,0,0,0,0,0,0,0,0,0,0,0,0,0,0,0,0,0,0,0,0,0,0,0,0,0,0,0,0,0,0,0,0,0,0,0,0,0,0,0,0,0,0,0,0,0,0,0,0,0,0,0,0,0,0,0,0,0,0,0,0,0,0,0,0,0,0,0,0,0,0,0,0,0,0,0,0,0,0,0,0,0,0,0,0,0,0,0,0,0,0,0,0,0,0,0,0,0,0,0,0,0,0,0,0,0,0,0,0,0,0,0,0,0,0,0,0,0,0,0,0,0,0,0,0,0,0,0,0,0,0,0,0,0,0,0,0,0,0,0,0,0,0,0,0,0,0,0,0,0,0,0,0,0,0,0,0,0,0,0,0,0,0,0,0,0,0,0,0,0,0,0,0,0,0,0,0,0,0,0,0,0,0,0,0,0,0,0,0,0,0,0,0,0,0,0,0,0,0,0,0,0,0,0,0,0,0,0,0,0,0,0,0,0,0,0,0,0,0,0,0,0,0,0,0,0,0,0,0,0,0,0,0,0,0,0,0,0,0,0,0,0,0,0,0,0,0,0,0,0,0,0,0,0,0,0,0,0,0,0,0,0,0,0,0,0,0,0,0,0,0,0,0,0,0,0,0,0,0,0,0,0,0,0,0,0,0,0,0,0,0,0,0,0,0,0,0,0,0,0,0,0,0,0,0,0,0,0,0,0,0,0,0,0,0,0,0,0,0,0,0,0,0,0,0,0,0,0,0,0,0,0,0,0,0,0,0,0,0,0,0,0,0,0,0,0,0,0,0,0,0,0,0,0,0,0,0,0,0,0,0,0,0,0,0,0,0,0,0,0,0,0,0,0,0,0,0,0,0,0,0,0,0,0,0,0,0,0,0,0,0,0,0,0,0,0,0,0,0,0,0,0,0,0,0,0,0,0,0,0,0,0,0,0,0,0,0,0,0,0,0,0,0,0,0,0,0,0,0,0,0,0,0,0,0,0,0,0,0,0,0,0,0,0,0,0,0,0,0,0,0,0,0,0,0,0,0,0,0,0,0,0,0,0,0,0,0,0,0,0,0,0,0,0,0,0,0,0,0,0,0,0,0,0,0,0,0,0,0,0,0,0,0,0,0,0,0,0,0,0,0,0,0,0,0,0,0,0,0,0,0,0,0,0,0,0,0,0,0,0,0,0,0,0,0,0,0,0,0,0,0,0,0,0,0,0,0,0,0,0,0,0,0,0,0,0,0,0,0,0,0,0,0,0,0,0,0,0,0,0,0,0,0,0,0,0,0,0,0,0,0,0,0,0,0,0,0,0,0,0,0,0,0,0,0,0,0,0,0,0,0,0,0,0,0,0,0,0,0,0,0,0,0,0,0,0,0,0,0,0,0,0,0,0,0,0,0,0,0,0,0,0,0,0,0,0,0,0,0,0,0,0,0,0,0,0,0,0,0,0,0,0,0,0,0,0,0,0,0,0,0,0,0,0,0,0,0,0,0,0,0,0,0,0,0,0,0,0,0,0,0,0,0,0,0,0,0,0,0,0,0,0,0,0,0,0,0,0,0,0,0,0,0,0,0,0,0,0,0,0,0,0,0,0,0,0,0,0,0,0,0,0,0,0,0,0,0,0,0,0,0,0,0,0,0,0,0,0,0,0,0,0,0,0,0,0,0,0,0,0,0,0,0,0,0,0,0,0,0,0,0,0,0,0,0,0,0,0,0,0,0,0,0,0,0,0,0,0,0,0,0,0,0,0,0,0,0,0,0,0,0,0,0,0,0,0,0,0,0,0,0,0,0,0,0,0,0,0,0,0,0,0,0,0,0,0,0,0,0,0,0,0,0,0,0,0,0,0,0,0,0,0,0,0,0,0,0,0,0,0,0,0,0,0,0,0,0,0,0,0,0,0,0,0,0,0,0,0,0,0,0,0,0,0,0,0,0,0,0,0,0,0,0,0,0,0,0,0,0,0,0,0,0,0,0,0,0,0,0,0,0,0,0,0,0,0,0,0,0,0,0,0,0,0,0,0,0,0,0,0,0,0,0,0,0,0,0,0,0,0,0,0,0,0,0,0,0,0,0,0,0,0,0,0,0,0,0,0,0,0,0,0,0,0,0,0,0,0,0,0,0,0,0,0,0,0,0,0,0,0,0,0,0,0,0,0,0,0,0,0,0,0,0,0,0,0,0,0,0,0,0,0,0,0,0,0,0,0,0,0,0,0,0,0,0,0,0,0,0,0,0,0,0,0,0,0,0,0,0,0,0,0,0,0,0,0,0,0,0,0,0,0,0,0,0,0,0,0,0,0,0,0,0,0,0,0,0,0,0,0,0,0,0,0,0,0,0,0,0,0,0,0,0,0,0,0,0,0,0,0,0,0,0,0,0,0,0,0,0,0,0,0,0,0,0,0,0,0,0,0,0,0,0,0,0,0,0,0,0,0,0,0,0,0,0,0,0,0,0,0,0,0,0,0,0,0,0,0,0,0,0,0,0,0,0,0,0,0,0,0,0,0,0,0,0,0,0,0,0,0,0,0,0,0,0,0,0,0,0,0,0,0,0,0,0,0,0,0,0,0,0,0,0,0,0,0,0,0,0,0,0,0,0,0,0,0,0,0,0,0,0,0,0,0,0,0,0,0,0,0,0,0,0,0,0,0,0,0,0,0,0,0,0,0,0,0,0,0,0,0,0,0,0,0,0,0,0,0,0,0,0,0,0,0,0,0,0,0,0,0,0,0,0,0,0,0,0,0,0,0,0,0,0,0,0,0,0,0,0,0,0,0,0,0,0,0,0,0,0,0,0,0,0,0,0,0,0,0,0,0,0,0,0,0,0,0,0,0,0,0,0,0,0,0,0,0,0,0,0,0,0,0,0,0,0,0,0,0,0,0,0,0,0,0,0,0,0,0,0,0,0,0,0,0,0,0,0,0,0,0,0,0,0,0,0,0,0,0,0,0,0,0,0,0,0,0,0,0,0,0,0,0,0,0,0,0,0,0,0,0,0,0,0,0,0,0,0,0,0,0,0,0,0,0,0,0,0,0,0,0,0,0,0,0,0,0,0,0,0,0,0,0,0,0,0,0,0,0,0,0,0,0,0,0,0,0,0,0,0,0,0,0,0,0,0,0,0,0,0,0,0,0,0,0,0,0,0,0,0,0,0,0,0,0,0,0,0,0,0,0,0,0,0,0,0,0,0,0,0,0,0,0,0,0,0,0,0,0,0,0,0,0,0,0,0,0,0,0,0,0,0,0,0,0,0,0,0,0,0,0,0,0,0,0,0,0,0,0,0,0,0,0,0,0,0,0,0,0,0,0,0,0,0,0,0,0,0,0,0,0,0,0,0,0,0,0,0,0,0,0,0,0,0,0,0,0,0,0,0,0,0,0,0,0,0,0,0,0,0,0,0,0,0,0,0,0,0,0,0,0,0,0,0,0,0,0,0,0,0,0,0,0,0,0,0,0,0,0,0,0,0,0,0,0,0,0,0,0,0,0,0,0,0,0,0,0,0,0,0,0,0,0,0,0,0,0,0,0,0,0,0,0,0,0,0,0,0,0,0,0,0,0,0,0,0,0,0,0,0,0,0,0,0,0,0,0,0,0,0,0,0,0,0,0,0,0,0,0,0,0,0,0,0,0,0,0,0,0,0,0,0,0,0,0,0,0,0,0,0,0,0,0,0,0,0,0,0,0,0,0,0,0,0,0,0,0,0,0,0,0,0,0,0,0,0,0,0,0,0,0,0,0,0,0,0,0,0,0,0,0,0,0,0,0,0,0,0,0,0,0,0,0,0,0,0,0,0,0,0,0,0,0,0,0,0,0,0,0,0,0,0,0,0,0,0,0,0,0,0,0,0,0,0,0,0,0,0,0,0,0,0,0,0,0,0,0,0,0,0,0,0,0,0,0,0
852795,0.192,0,0,0,0,0,0.269,0,0,0,0.153,0,0,0,0,0,0,0,0,0,0,0,0,0,0,0,0.245,0,0,0,0,0,0,0,0,0,0,0,0,0,0,0,0,0,0,0.268,0,0,0,0,0,0,0,0,0,0,0,0,0,0,0,0,0,0,0,0,0,0,0,0,0.224,0,0.163,0,0,0,0,0,0,0,0,0,0,0,0,0,0,0,0,0,0,0,0,0,0,0,0,0,0.267,0,0,0.183,0.275,0,0,0,0,0,0,0,0,0,0,0,0,0,0,0.208,0,0,0,0,0,0,0,0.191,0,0,0,0,0,0,0,0,0,0,0,0,0.243,0,0,0,0.172,0,0,0,0,0,0,0.183,0,0,0,0,0,0,0,0,0,0,0,0,0,0,0.267,0,0,0,0,0,0,0,0,0,0,0.153,0,0.268,0,0,0,0,0,0,0,0,0,0,0,0,0.224,0,0,0,0,0,0.54,0,0,0,0,0,0.192,0,0.432,0.192,0,0,0,0.185,0,0,0,0.166,0,0,0,0,0,0,0,0,0,0,0,0,0,0,0,0.211,0.159,0,0,0,0.183,0,0,0,0.248,0,0.181,0,0,0.172,0.205,0,0,0.176,0,0,0,0,0,0,0,0,0,0,0.197,0,0,0.183,0,0,0,0.19,0,0,0.615,0.163,0,0,0,0,0,0.205,0.314,0,0,0,0,0,0.172,0,0,0,0,0.213,0,0,0,0,0,0,0,0.219,0,0,0,0,0.158,0,0,0,0,0,0,0,0,0,0,0,0.218,0,0.205,0,0,0.39,0,0.282,0,0,0,0,0,0.208,0,0.173,0.276,0,0,0,0,0,0,0,0,0,0,0,0,0,0,0,0,0.185,0,0,0,0,0,0,0,0,0.183,0,0,0,0,0,0,0,0,0.22,0,0,0,0,0,0,0,0,0,0,0,0,0,0,0,0.39,0,0,0.155,0,0,0.203,0,0,0,0,0,0,0,0,0.219,0,0,0,0.166,0,0,0,0.156,0.15,0,0,0,0,0,0.211,0,0,0,0,0,0,0,0,0,0,0,0,0,0,0.234,0,0,0,0,0,0,0.218,0.202,0,0,0,0,0,0.186,0,0.165,0,0,0,0,0,0,0,0,0,0,0,0.216,0,0,0,0,0.294,0,0.188,0,0.192,0,0,0,0,0,0,0,0,0,0,0,0,0,0,0.162,0,0,0.166,0,0,0,0.282,0,0.186,0,0,0,0,0,0,0,0,0.15,0,0,0.299,0,0,0,0,0.191,0,0,0,0.178,0,0,0,0,0,0.258,0,0,0,0,0,0,0,0,0,0,0,0,0,0,0,0,0.356,0,0,0,0,0,0,0,0,0.166,0,0,0,0,0,0,0,0,0,0,0,0.243,0.306,0,0,0,0,0,0,0,0,0,0,0,0,0,0,0,0,0,0,0,0,0,0,0,0,0,0,0,0,0,0,0,0,0.234,0,0,0,0,0,0,0,0.183,0.185,0,0,0,0,0,0,0.223,0,0.299,0,0,0,0,0,0,0,0,0,0,0,0.282,0,0,0,0,0,0,0,0,0,0.166,0,0,0,0,0,0,0,0.155,0,0,0,0.188,0,0,0,0,0,0,0,0,0,0,0,0,0,0,0.15,0,0.163,0,0,0,0.192,0,0,0.205,0,0.197,0,0.307,0,0,0,0.163,0,0,0,0,0,0,0,0,0,0,0.197,0,0,0,0,0,0,0,0,0,0,0,0.39,0,0,0,0.181,0,0,0,0,0,0,0,0,0.224,0.15,0,0,0.158,0,0,0,0.265,0.297,0,0,0,0,0,0,0,0,0,0,0,0,0,0,0,0,0.445,0,0,0,0,0,0,0.557,0,0,0,0,0,0,0,0,0.15,0,0,0.165,0,0,0.166,0,0,0.177,0,0,0,0,0,0,0.265,0.183,0.219,0,0,0,0,0,0,0,0,0,0,0,0,0,0,0,0.172,0,0,0.216,0,0,0,0,0,0,0,0,0,0,0,0,0,0,0,0,0,0,0,0,0.172,0,0,0,0,0,0,0,0,0,0,0,0.186,0,0,0,0.181,0,0,0,0,0,0,0,0,0,0,0,0,0,0,0,0,0,0,0,0,0,0.153,0,0,0,0.173,0,0.309,0.191,0,0,0,0,0,0,0,0.194,0,0.151,0,0,0,0,0.19,0,0,0,0,0,0,0.169,0,0,0,0,0,0,0,0,0,0,0,0,0,0.186,0,0,0,0,0,0,0,0,0,0,0,0,0,0,0,0.26,0,0,0,0,0,0,0.166,0,0,0,0,0,0,0,0,0,0,0.304,0,0,0,0.172,0,0,0,0,0,0,0,0,0,0,0,0,0.219,0,0,0,0.261,0.153,0,0,0,0,0.191,0,0.169,0,0.211,0,0,0,0.183,0,0,0,0,0,0,0.243,0,0,0,0,0,0,0,0,0,0,0,0,0,0,0,0,0,0,0,0,0,0,0,0,0,0,0,0,0,0,0,0,0,0,0,0,0,0,0,0,0,0.198,0,0,0,0,0,0,0,0,0,0,0,0,0.151,0,0,0,0,0,0,0,0,0,0,0,0.202,0.176,0,0,0,0,0,0,0,0.166,0,0,0,0,0,0,0.208,0,0,0,0,0,0,0,0,0,0,0,0,0,0,0,0.227,0,0,0,0,0,0,0,0,0,0,0,0,0,0,0,0,0,0.151,0,0,0,0.242,0,0,0,0,0,0,0,0,0,0,0,0,0,0,0,0,0.157,0,0,0,0,0,0,0,0,0,0,0,0,0,0,0,0.252,0,0,0,0,0,0,0,0.176,0,0,0,0,0,0,0,0,0,0,0,0,0,0,0,0.206,0,0.21,0,0,0.191,0,0,0,0,0,0,0,0,0,0,0,0,0,0.166,0,0,0,0,0,0.202,0,0,0,0,0,0,0,0,0,0,0,0.282,0,0,0,0,0,0,0,0,0,0,0.254,0,0,0,0,0.23,0,0.217,0,0.208,0,0,0,0,0,0,0.269,0,0,0,0,0,0,0,0,0,0.202,0,0,0,0,0,0,0,0,0,0,0,0,0,0,0,0,0,0,0,0,0,0,0,0.283,0.455,0,0,0,0,0,0,0,0,0,0,0,0,0,0,0,0,0,0,0,0,0,0,0,0,0,0,0,0,0,0,0,0,0,0,0,0,0,0,0,0,0,0,0,0,0,0,0.166,0,0,0,0,0,0.192,0,0,0,0,0,0,0,0,0,0,0,0,0,0,0,0,0,0,0,0,0,0,0,0,0,0,0,0,0,0,0.208,0,0.265,0,0,0,0,0,0,0,0.202,0,0.427,0,0.173,0,0,0,0,0,0,0,0,0,0,0,0,0,0,0.151,0,0.176,0,0,0,0,0,0.191,0,0,0,0,0,0,0,0,0,0.177,0,0,0,0,0,0,0,0,0,0,0,0,0,0,0,0,0,0,0,0,0,0,0,0,0.21,0,0,0,0,0,0,0,0,0,0,0,0,0,0.214,0,0,0.223,0,0,0,0,0,0,0,0,0,0,0,0.191,0,0,0,0,0,0,0,0,0,0,0,0,0,0,0,0,0,0,0,0,0.166,0,0,0,0,0,0,0,0,0,0,0,0,0,0.188,0,0,0,0,0,0,0,0,0,0,0,0,0,0,0,0,0,0,0,0,0.192,0,0,0,0,0,0,0,0,0,0,0,0,0,0,0,0,0,0,0.202,0,0,0.172,0,0.157,0,0,0,0.181,0,0,0,0,0,0,0.181,0,0,0,0,0,0,0,0,0,0.299,0,0,0,0,0,0,0,0,0,0,0,0,0,0,0,0,0,0,0,0,0,0,0,0,0,0,0,0,0,0,0,0,0,0.193,0,0,0,0,0.162,0.205,0,0,0,0,0,0,0,0,0,0,0,0,0,0,0,0.159,0,0,0,0,0,0,0,0,0,0,0,0,0,0,0,0,0,0.248,0,0,0,0,0,0,0,0,0,0,0,0,0,0,0,0,0,0,0,0,0,0,0,0,0,0,0.15,0,0,0,0,0,0,0,0,0,0,0,0,0,0,0,0,0,0.208,0,0,0,0,0,0,0,0,0,0,0,0,0,0,0.22,0.192,0,0,0,0,0,0,0,0.208,0,0,0,0,0,0,0,0,0,0,0,0,0,0,0,0,0,0,0.282,0,0,0,0,0,0,0,0,0,0,0,0.378,0.173,0,0,0,0,0,0,0,0,0,0,0,0,0,0,0,0,0.208,0,0,0,0,0.208,0,0,0,0,0,0,0,0,0,0.205,0,0,0,0.282,0,0,0,0,0,0,0,0,0.179,0,0.181,0,0.208,0,0,0,0,0,0,0,0,0,0,0,0.179,0,0,0,0,0,0,0,0,0,0,0,0,0,0,0,0,0,0,0,0,0,0,0,0,0.208,0,0,0,0,0,0,0,0,0,0,0,0,0,0,0,0,0,0,0,0,0.248,0,0,0,0,0,0,0,0,0,0,0,0,0,0,0,0,0,0,0,0,0,0,0.198,0.184,0,0,0,0,0,0,0,0,0,0,0,0,0,0,0,0,0,0,0,0,0.173,0,0.208,0,0,0,0,0,0,0,0,0,0,0.282,0,0.282,0,0,0,0,0,0,0,0,0,0,0,0.181,0,0,0.157,0,0,0,0,0,0.328,0,0,0,0,0,0,0,0,0,0,0,0,0,0,0,0,0,0,0,0,0,0.437,0,0.208,0,0,0,0,0,0,0,0,0,0,0,0,0,0,0,0.157,0,0,0,0,0,0,0,0,0,0,0,0,0,0,0,0.199,0,0,0,0,0.193,0,0,0,0,0.208,0,0,0.252,0,0,0,0,0,0,0.204,0,0.339,0.171,0,0.193,0.227,0,0,0,0.268,0,0,0,0,0.177,0,0.193,0,0,0,0,0,0,0,0,0,0,0.208,0,0,0,0,0,0,0,0.193,0,0.191,0,0,0,0.248,0,0.188,0.22,0,0,0,0,0,0,0,0,0,0,0,0,0,0.193,0,0,0,0,0,0,0,0.268,0,0,0,0,0,0.193,0,0,0,0,0,0,0,0,0,0,0.269,0.164,0,0,0,0,0,0,0,0,0,0,0,0,0,0,0,0,0,0,0,0,0,0.248,0,0,0,0,0,0,0,0,0,0,0,0,0,0,0,0,0,0,0,0,0,0,0,0,0,0,0,0,0,0,0,0,0,0,0,0,0,0,0,0,0,0,0,0,0,0.213,0,0,0,0,0,0,0,0,0.161,0,0,0.157,0,0,0,0,0,0,0,0,0,0,0,0.151,0,0,0,0,0,0,0,0,0,0,0,0,0,0,0,0,0,0,0,0,0,0.151,0,0.292,0,0,0,0,0,0,0,0,0,0,0,0,0,0,0,0,0,0,0,0,0,0,0,0,0,0,0,0,0,0.172,0,0,0,0,0,0,0,0,0,0,0,0,0,0,0,0,0,0,0,0,0,0,0,0,0,0,0,0,0,0,0,0,0,0,0.325,0,0,0.201,0.251,0.198,0.208,0.211,0.214,0.154,0.173,0.193,0.214,0.154,0.199,0.248,0.154,0.41,0.232,0.197,0.199,0.162,0.161,0.181,0.201,0.251,0.299,0.21,0.208,0.183,0.204,0.154,0.161,0.217,0.201,0.213,0.532,0.208,0.151,0.22,0.193,0.19,0.265,0.193,0.223,0.157,0.411,0.161,0.214,0.281,0.424,0.57,0.153,0.223,0.161,0.154,0.151,0.232,0.198,0.21,0.348,0.173,0.154,0.181,0.197,0.348,0.197,0.151,0.151,0.615,0.208,0.198,0.201,0.208,0.183,0.225,0.208,0.163,0.185,0.173,0.176,0.198,0.248,0.181,0.159,0.15,0.731,0.214,0.161,0.198,0.61,0.248,0.21,0.193,0.201,0.214,0.351,0.176,0.198,0.158,0.183,0.248,0.241,0.15,0.817,0.299,0.186,0.176,0.201,0.317,0.198,0.205,0.217,0.199,0.172,0.163,0.22,0.204,0.173,0.208,0.68,0.183,0.25,0.277,0.198,0.22,0.211,0.265,0.208,0,0,0,0,0,0,0,0,0,0,0,0,0,0,0,0,0,0,0,0,0,0,0,0,0,0,0,0,0,0,0,0,0,0,0,0,0,0,0,0,0,0,0,0,0,0,0,0,0,0,0,0,0,0,0,0,0,0,0,0,0,0,0,0,0,0,0,0,0,0,0,0,0,0,0,0,0,0,0,0,0,0,0,0,0,0,0,0,0,0,0,0,0,0,0,0,0,0,0,0,0,0,0,0,0,0,0,0,0,0,0,0,0,0,0,0,0,0,0,0,0,0,0,0,0,0,0,0,0,0,0,0,0,0,0,0,0,0,0,0,0,0,0,0,0,0,0,0,0,0,0,0,0,0,0,0,0,0,0,0,0,0,0,0,0,0,0,0,0,0,0,0,0,0,0,0,0,0,0,0,0,0,0,0,0,0,0,0,0,0,0,0,0,0,0,0,0,0,0,0,0,0,0,0,0,0,0,0,0,0,0,0,0,0,0,0,0,0,0,0,0,0,0,0,0,0,0,0,0,0,0,0,0,0,0,0,0,0,0,0,0,0,0,0,0,0,0,0,0,0,0,0,0,0,0,0,0,0,0,0,0,0,0,0,0,0,0,0,0,0,0,0,0,0,0,0,0,0,0,0,0,0,0,0,0,0,0,0,0,0,0,0,0,0,0,0,0,0,0,0,0,0,0,0,0,0,0,0,0,0,0,0,0,0,0,0,0,0,0,0,0,0,0,0,0,0,0,0,0,0,0,0,0,0,0,0,0,0,0,0,0,0,0,0,0,0,0,0,0,0,0,0,0,0,0,0,0,0,0,0,0,0,0,0,0,0,0,0,0,0,0,0,0,0,0,0,0,0,0,0,0,0,0,0,0,0,0,0,0,0,0,0,0,0,0,0,0,0,0,0,0,0,0,0,0,0,0,0,0,0,0,0,0,0,0,0,0,0,0,0,0,0,0,0,0,0,0,0,0,0,0,0,0,0,0,0,0,0,0,0,0,0,0,0,0,0,0,0,0,0,0,0,0,0,0,0,0,0,0,0,0,0,0,0,0,0,0,0,0,0,0,0,0,0,0,0,0,0,0,0,0,0,0,0,0,0,0,0,0,0,0,0,0,0,0,0,0,0,0,0,0,0,0,0,0,0,0,0,0,0,0,0,0,0,0,0,0,0,0,0,0,0,0,0,0,0,0,0,0,0,0,0,0,0,0,0,0,0,0,0,0,0,0,0,0,0,0,0,0,0,0,0,0,0,0,0,0,0,0,0,0,0,0,0,0,0,0,0,0,0,0,0,0,0,0,0,0,0,0,0,0,0,0,0,0,0,0,0,0,0,0,0,0,0,0,0,0,0,0,0,0,0,0,0,0,0,0,0,0,0,0,0,0,0,0,0,0,0,0,0,0,0,0,0,0,0,0,0,0,0,0,0,0,0,0,0,0,0,0,0,0,0,0,0,0,0,0,0,0,0,0,0,0,0,0,0,0,0,0,0,0,0,0,0,0,0,0,0,0,0,0,0,0,0,0,0,0,0,0,0,0,0,0,0,0,0,0,0,0,0,0,0,0,0,0,0,0,0,0,0,0,0,0,0,0,0,0,0,0,0,0,0,0,0,0,0,0,0,0,0,0,0,0,0,0,0,0,0,0,0,0,0,0,0,0,0,0,0,0,0,0,0,0,0,0,0,0,0,0,0,0,0,0,0,0,0,0,0,0,0,0,0,0,0,0,0,0,0,0,0,0,0,0,0,0,0,0,0,0,0,0,0,0,0,0,0,0,0,0,0,0,0,0,0,0,0,0,0,0,0,0,0,0,0,0,0,0,0,0,0,0,0,0,0,0,0,0,0,0,0,0,0,0,0,0,0,0,0,0,0,0,0,0,0,0,0,0,0,0,0,0,0,0,0,0,0,0,0,0,0,0,0,0,0,0,0,0,0,0,0,0,0,0,0,0,0,0,0,0,0,0,0,0,0,0,0,0,0,0,0,0,0,0,0,0,0,0,0,0,0,0,0,0,0,0,0,0,0,0,0,0,0,0,0,0,0,0,0,0,0,0,0,0,0,0,0,0,0,0,0,0,0,0,0,0,0,0,0,0,0,0,0,0,0,0,0,0,0,0,0,0,0,0,0,0,0,0,0,0,0,0,0,0,0,0,0,0,0,0,0,0,0,0,0,0,0,0,0,0,0,0,0,0,0,0,0,0,0,0,0,0,0,0,0,0,0,0,0,0,0,0,0,0,0,0,0,0,0,0,0,0,0,0,0,0,0,0,0,0,0,0,0,0,0,0,0,0,0,0,0,0,0,0,0,0,0,0,0,0,0,0,0,0,0,0,0,0,0,0,0,0,0,0,0,0,0,0,0,0,0,0,0,0,0,0,0,0,0,0,0,0,0,0,0,0,0,0,0,0,0,0,0,0,0,0,0,0,0,0,0,0,0,0,0,0,0,0,0,0,0,0,0,0,0,0,0,0,0,0,0,0,0,0,0,0,0,0,0,0,0,0,0,0,0,0,0,0,0,0,0,0,0,0,0,0,0,0,0,0,0,0,0,0,0,0,0,0,0,0,0,0,0,0,0,0,0,0,0,0,0,0,0,0,0,0,0,0,0,0,0,0,0,0,0,0,0,0,0,0,0,0,0,0,0,0,0,0,0,0,0,0,0,0,0,0,0,0,0,0,0,0,0,0,0,0,0,0,0,0,0,0,0,0,0,0,0,0,0,0,0,0,0,0,0,0,0,0,0,0,0,0,0,0,0,0,0,0,0,0,0,0,0,0,0,0,0,0,0,0,0,0,0,0,0,0,0,0,0,0,0,0,0,0,0,0,0,0,0,0,0,0,0,0,0,0,0,0,0,0,0,0,0,0,0,0,0,0,0,0,0,0,0,0,0,0,0,0,0,0,0,0,0,0,0,0,0,0,0,0,0,0,0,0,0,0,0,0,0,0,0,0,0,0,0,0,0,0,0,0,0,0,0,0,0,0,0,0,0,0,0,0,0,0,0,0,0,0,0,0,0,0,0,0,0,0,0,0,0,0,0,0,0,0,0,0,0,0,0,0,0,0,0,0,0,0,0,0,0,0,0,0,0,0,0,0,0,0,0,0,0,0,0,0,0,0,0,0,0,0,0,0,0,0,0,0,0,0,0,0,0,0,0,0,0,0,0,0,0,0,0,0,0,0,0,0,0,0,0,0,0,0,0,0,0,0,0,0,0,0,0,0,0,0,0,0,0,0,0,0,0,0,0,0,0,0,0,0,0,0,0,0,0,0,0,0,0,0,0,0,0,0,0,0,0,0,0,0,0,0,0,0,0,0,0,0,0,0,0,0,0,0,0,0,0,0,0,0,0,0,0,0,0,0,0,0,0,0,0,0,0,0,0,0,0,0,0,0,0,0,0,0,0,0,0,0,0,0,0,0,0,0,0,0,0,0,0,0,0,0,0,0,0,0,0,0,0,0,0,0,0,0,0,0,0,0,0,0,0,0,0,0,0,0,0,0,0,0,0,0,0,0,0,0,0,0,0,0,0,0,0,0,0,0,0,0,0,0,0,0,0,0,0,0,0,0,0,0,0,0,0,0,0,0,0,0,0,0,0,0,0,0,0,0,0,0,0,0,0,0,0,0,0,0,0,0,0,0,0,0,0,0,0,0,0,0,0,0,0,0,0,0,0,0,0,0,0,0,0,0,0,0,0,0,0,0,0,0,0,0,0,0,0,0,0,0,0,0,0,0,0,0,0,0,0,0,0,0,0,0,0,0,0,0,0,0,0,0,0,0,0,0,0,0,0,0,0,0,0,0,0,0,0,0,0,0,0,0,0,0,0,0,0,0,0,0,0,0,0,0,0,0,0,0,0,0,0,0,0,0,0,0,0,0,0,0,0,0,0,0,0,0,0,0,0,0,0,0,0,0,0,0,0,0,0,0,0,0,0,0,0,0,0,0,0,0,0,0,0,0,0,0,0,0,0,0,0,0,0,0,0,0,0,0,0,0,0,0,0,0,0,0,0,0,0,0,0,0,0,0,0,0,0,0,0,0,0,0,0,0,0,0,0,0,0,0,0,0,0,0,0,0,0,0,0,0,0,0,0,0,0,0,0,0,0,0,0,0,0,0,0,0,0,0,0,0,0,0,0,0,0,0,0,0,0,0,0,0,0,0,0,0,0,0,0,0,0,0,0,0,0,0,0,0,0,0,0,0,0,0,0,0,0,0,0,0,0,0,0,0,0,0,0,0,0,0,0,0,0,0,0,0,0,0,0,0,0,0,0,0,0,0,0,0,0,0,0,0,0,0,0,0,0,0,0,0,0,0
856115,0,0,0,0,0,0,0.319,0,0,0,0,0,0,0,0,0,0,0,0,0,0,0,0,0,0,0,0,0,0,0,0,0,0,0,0,0,0,0,0,0,0,0,0,0,0,0,0,0,0,0,0,0,0,0,0,0,0,0,0,0,0,0,0.392,0,0,0,0,0,0,0,0,0,0,0,0,0,0,0,0,0,0,0,0,0,0,0,0,0,0,0,0,0,0,0,0,0,0,0,0,0,0,0,0,0.529,0,0,0,0,0,0,0,0,0,0,0,0,0,0,0,0,0,0,0,0,0,0,0,0,0,0,0,0,0,0,0,0,0,0,0,0,0,0,0,0,0,0,0,0,0,0,0,0,0,0,0,0,0,0,0,0,0,0,0,0,0,0,0,0,0,0,0,0,0,0,0,0,0,0,0,0,0,0,0,0.449,0,0,0,0,0,0,0,0,0,0,0,0,0,0,0,0,0,0,0,0,0,0,0,0,0,0,0,0,0,0,0,0,0,0,0.229,0,0,0,0,0,0.169,0.446,0,0,0,0,0,0,0,0,0,0,0,0,0,0,0,0,0,0,0,0,0,0,0,0.448,0,0,0,0,0,0,0,0,0,0,0,0,0,0,0,0,0,0,0,0,0,0,0,0,0,0,0,0,0,0,0,0,0,0,0,0,0,0,0,0,0,0,0,0,0,0,0.971,0,0,0,0,0,0,0,0,0,0,0,0.331,0,0,0,0,0.39,0,0,0,0,0,0,0,0,0,0,0,0,0,0,0,0,0,0,0,0,0,0,0,0,0,0,0,0,0,0,0,0,0,0,0,0,0,0,0,0,0,0,0,0,0,0,0,0,0,0,0,0,0,0,0,0,0.39,0,0,0,0,0,0,0,0,0,0,0,0,0,0,0,0,0,0,0.392,0,0,0,0.309,0,0,0,0.152,0,0,0,0,0,0,0,0,0.194,0,0,0,0,0,0,0,0.163,0,0,0,0,0,0,0,0,0,0,0,0,0,0,0,0,0,0.68,0,0,0,0,0,0,0,0,0,0,0,0,0.284,0,0,0,0,0,0,0,0,0,0,0,0,0,0,0,0,0,0,0,0,0,0,0,0,0,0,0,0,0,0,0,0,0,0,0,0,0,0,0,0.157,0,0,0,0,0.161,0,0,0,0,0,0.394,0,0,0,0,0,0,0,0,0,0,0,0,0,0,0,0,0,0,0,0,0,0,0,0,0,0,0,0,0,0,0.332,0,0,0,0,0,0,0,0,0,0,0,0.848,0,0,0,0,0,0,0,0,0,0,0,0,0,0,0,0,0,0,0,0,0,0,0,0.354,0,0,0,0,0,0,0,0,0,0,0,0,0,0,0,0,0,0,0,0,0,0,0,0,0,0,0,0,0,0,0,0,0,0,0,0,0,0,0,0,0,0,0,0,0,0,0,0,0,0.254,0,0,0,0,0,0,0,0,0.972,0,0,0,0,0,0,0,0.962,0,0,0,0,0.653,0.293,0,0,0,0.226,0,0,0,0,0,0,0,0,0,0.276,0,0,0,0,0.932,0,0,0,0,0,0,0,0,0,0,0,0.95,0,0,0,0,0.34,0,0,0,0.258,0,0,0,0,0,0,0,0,0,0,0,0,0.272,0,0,0,0,0,0,0,0,0,0,0,0,0,0,0,0,0,0,0,0,0.917,0.309,0.975,0,0,0,0,0,0,0,0,0,0,0,0.684,0,0,0,0,0,0,0,0,0,0,0,0,0,0.552,0,0,0,0,0,0,0,0,0,0,0,0,0,0,0,0,0,0,0,0,0,0,0,0,0,0,0,0,0,0,0,0,0,0,0,0,0,0,0,0,0,0,0,0,0,0,0,0,0,0,0,0.333,0,0,0,0,0,0,0.445,0,0,0.552,0,0,0,0,0,0,0,0,0,0,0,0,0,0,0,0,0,0,0,0.482,0,0,0,0.446,0,0,0,0,0,0,0,0,0,0,0,0,0,0,0,0,0,0,0,0,0,0,0,0,0,0,0,0,0,0,0,0,0,0,0,0,0,0,0,0,0,0,0,0,0,0,0.342,0,0,0,0,0,0,0,0,0,0,0,0,0,0,0,0,0,0,0,0,0,0,0,0,0,0,0,0,0,0,0,0,0,0,0.778,0,0,0,0,0,0,0,0,0,0,0,0,0,0,0,0,0,0,0,0,0,0,0,0,0,0,0,0,0,0,0,0,0,0.22,0,0,0,0,0,0,0,0,0,0,0,0,0,0,0,0,0,0,0,0,0,0,0,0,0,0,0,0,0,0,0,0,0,0,0,0,0,0,0,0,0,0,0,0,0,0,0,0,0,0,0,0,0,0,0,0,0,0,0,0,0,0,0,0,0,0,0,0,0,0,0,0,0,0,0,0,0,0,0,0,0,0,0,0,0,0,0,0,0,0,0,0,0,0,0,0,0,0,0,0.611,0,0,0.319,0,0,0,0,0,0,0,0,0,0.3,0,0,0,0,0,0,0,0,0,0,0,0,0,0,0,0,0,0,0,0,0,0,0,0,0,0,0,0,0,0,0,0,0,0,0,0,0,0,0,0.355,0,0,0,0,0,0,0,0,0,0,0,0,0,0,0,0,0,0,0,0,0,0,0,0,0,0,0,0,0,0,0,0.216,0,0,0,0,0,0,0.19,0,0,0,0,0,0,0,0,0,0,0,0,0,0,0,0,0,0.311,0,0,0,0,0,0,0,0,0,0,0,0,0,0,0,0,0,0,0,0,0,0,0,0,0,0,0,0,0,0,0,0,0,0,0,0,0,0,0,0,0,0,0,0,0,0,0,0,0,0,0,0,0,0,0,0,0,0,0,0,0,0,0,0,0,0,0,0,0,0,0,0,0,0,0,0,0,0,0,0,0,0,0,0,0,0,0,0,0,0,0,0,0,0,0,0,0,0,0,0,0,0,0,0,0,0,0,0,0,0,0,0,0,0,0,0,0,0.22,0,0,0,0,0,0,0,0,0,0,0,0,0,0,0,0.449,0,0,0,0,0,0,0,0,0,0,0,0,0,0,0,0,0,0,0,0,0,0,0,0,0,0,0,0,0,0,0,0,0,0,0,0,0,0,0,0,0,0,0,0,0,0,0,0,0,0,0,0,0,0,0,0,0,0,0,0,0,0,0,0,0,0,0,0,0,0,0,0,0,0,0,0,0,0,0,0,0,0,0,0,0,0,0,0,0,0,0,0,0,0,0,0,0,0,0,0,0,0,0,0,0,0,0,0,0.656,0,0,0,0,0,0,0,0,0,0,0.341,0,0,0,0,0,0,0,0,0,0,0,0,0,0,0,0,0,0,0,0,0,0,0,0,0,0,0,0,0,0,0,0,0,0,0,0,0,0,0,0,0,0.88,0,0,0,0,0,0,0,0,0,0,0,0,0,0,0,0,0,0,0,0,0,0,0,0,0,0,0,0,0,0.276,0.682,0,0,0,0,0,0,0,0,0,0,0.163,0,0,0,0,0,0,0,0,0,0,0,0,0,0,0,0,0,0,0,0,0,0,0,0,0,0,0,0,0,0,0,0,0,0,0,0,0,0,0,0,0,0,0,0,0,0,0,0,0,0,0,0,0,0,0,0,0,0,0,0,0,0,0,0,0,0,0,0,0,0,0,0,0,0,0,0,0,0,0,0,0,0,0,0,0,0,0,0,0,0,0,0,0,0,0,0,0,0,0,0,0,0,0,0,0,0,0,0,0,0,0,0,0,0,0,0,0,0,0,0,0,0,0,0,0,0,0,0,0,0,0,0,0,0,0,0,0,0,0,0,0,0,0,0,0,0,0,0,0.38,0,0,0,0,0,0,0,0,0,0,0,0,0,0,0,0,0,0,0,0,0,0,0,0,0,0,0,0,0.228,0,0,0,0,0,0,0,0,0,0,0,0,0,0,0,0.74,0,0,0,0,0,0,0,0,0,0,0,0,0,0,0,0,0,0,0,0,0,0,0,0,0,0,0,0,0,0,0,0,0,0,0,0,0,0,0,0,0,0,0,0,0,0,0,0,0,0,0,0,0,0,0,0,0,0,0,0,0,0,0,0,0,0,0,0,0,0,0,0,0,0,0,0,0,0,0,0,0,0,0,0,0,0,0,0.33,0,0,0,0,0,0,0,0,0,0,0,0,0,0,0,0,0,0,0,0,0,0,0,0,0,0,0,0,0,0,0,0,0,0,0,0,0,0,0,0,0,0,0,0,0,0,0,0,0,0,0,0,0,0,0,0,0,0,0,0,0,0,0,0,0,0,0,0,0,0.196,0,0,0,0,0,0,0,0,0,0,0,0,0,0,0,0,0,0,0,0,0,0,0,0,0,0,0,0,0,0,0,0,0,0,0,0,0,0,0,0,0,0,0,0,0,0,0,0,0,0,0,0,0,0,0,0,0,0,0,0,0,0,0,0,0,0,0,0,0,0,0,0,0,0,0,0,0,0,0,0,0,0,0,0,0,0,0,0,0,0,0,0,0,0,0,0,0,0,0,0,0,0,0,0,0,0,0,0,0,0,0,0,0,0,0,0,0,0,0,0,0,0,0,0,0,0,0,0,0,0,0,0,0,0,0,0,0,0,0,0,0,0,0,0,0,0,0,0,0,0,0,0,0,0,0,0,0,0,0,0,0,0,0,0,0,0,0,0,0,0,0,0,0,0,0,0,0,0,0,0,0,0,0,0,0,0,0,0,0,0,0,0,0,0,0,0,0,0,0,0,0,0,0,0,0,0.195,0,0,0,0,0,0,0,0,0,0,0,0,0,0,0,0,0,0,0,0,0,0,0,0,0,0,0,0,0,0,0,0,0,0,0,0,0,0,0,0,0,0,0,0,0,0,0,0,0,0,0,0,0,0,0,0,0,0,0,0.37,0,0,0,0,0,0,0,0.333,0,0.298,0,0,0,0,0,0,0,0,0,0,0,0,0.333,0,0,0,0,0,0,0,0,0,0,0,0,0,0,0,0,0,0,0,0,0,0,0,0,0,0,0,0,0,0,0,0,0,0,0,0,0,0,0,0,0,0,0,0,0,0,0,0,0,0,0,0,0,0,0,0,0,0,0,0,0.339,0,0,0,0,0,0,0,0,0,0,0,0,0,0,0,0,0,0,0,0,0,0,0,0,0,0,0,0,0,0,0,0,0,0,0,0,0,0,0,0,0,0,0,0,0,0,0,0,0,0,0,0,0,0,0,0,0,0,0,0,0,0,0,0,0,0,0,0,0,0,0,0,0,0,0.894,0,0,0,0,0,0,0,0,0,0,0,0,0,0.68,0,0,0,0,0,0,0,0,0,0,0,0,0,0,0,0,0,0,0,0,0,0,0,0,0,0,0,0,0,0,0,0,0,0,0,0,0,0,0,0,0,0,0,0,0,0,0,0,0,0,0,0,0,0,0,0,0,0,0,0,0,0,0,0,0,0,0,0,0,0,0,0,0,0,0,0,0,0,0.192,0.61,0.229,0.195,0.191,0.971,0.191,0.22,0.228,0.16,0.191,0.15,0.196,0.256,0.889,0.19,0.169,0.853,0.171,0.22,0.244,0.68,0.194,0.203,0.226,0.692,0.229,0.229,0.206,0.208,0.634,0.31,0.227,0.22,0.156,0.196,0.288,0.948,0.333,0.197,0.161,0.43,0.192,0.712,0.196,0.539,0.195,0.211,0,0,0,0,0,0,0,0,0,0,0,0,0,0,0,0,0,0,0,0,0,0,0,0,0,0,0,0,0,0,0,0,0,0,0,0,0,0,0,0,0,0,0,0,0,0,0,0,0,0,0,0,0,0,0,0,0,0,0,0,0,0,0,0,0,0,0,0,0,0,0,0,0,0,0,0,0,0,0,0,0,0,0,0,0,0,0,0,0,0,0,0,0,0,0,0,0,0,0,0,0,0,0,0,0,0,0,0,0,0,0,0,0,0,0,0,0,0,0,0,0,0,0,0,0,0,0,0,0,0,0,0,0,0,0,0,0,0,0,0,0,0,0,0,0,0,0,0,0,0,0,0,0,0,0,0,0,0,0,0,0,0,0,0,0,0,0,0,0,0,0,0,0,0,0,0,0,0,0,0,0,0,0,0,0,0,0,0,0,0,0,0,0,0,0,0,0,0,0,0,0,0,0,0,0,0,0,0,0,0,0,0,0,0,0,0,0,0,0,0,0,0,0,0,0,0,0,0,0,0,0,0,0,0,0,0,0,0,0,0,0,0,0,0,0,0,0,0,0,0,0,0,0,0,0,0,0,0,0,0,0,0,0,0,0,0,0,0,0,0,0,0,0,0,0,0,0,0,0,0,0,0,0,0,0,0,0,0,0,0,0,0,0,0,0,0,0,0,0,0,0,0,0,0,0,0,0,0,0,0,0,0,0,0,0,0,0,0,0,0,0,0,0,0,0,0,0,0,0,0,0,0,0,0,0,0,0,0,0,0,0,0,0,0,0,0,0,0,0,0,0,0,0,0,0,0,0,0,0,0,0,0,0,0,0,0,0,0,0,0,0,0,0,0,0,0,0,0,0,0,0,0,0,0,0,0,0,0,0,0,0,0,0,0,0,0,0,0,0,0,0,0,0,0,0,0,0,0,0,0,0,0,0,0,0,0,0,0,0,0,0,0,0,0,0,0,0,0,0,0,0,0,0,0,0,0,0,0,0,0,0,0,0,0,0,0,0,0,0,0,0,0,0,0,0,0,0,0,0,0,0,0,0,0,0,0,0,0,0,0,0,0,0,0,0,0,0,0,0,0,0,0,0,0,0,0,0,0,0,0,0,0,0,0,0,0,0,0,0,0,0,0,0,0,0,0,0,0,0,0,0,0,0,0,0,0,0,0,0,0,0,0,0,0,0,0,0,0,0,0,0,0,0,0,0,0,0,0,0,0,0,0,0,0,0,0,0,0,0,0,0,0,0,0,0,0,0,0,0,0,0,0,0,0,0,0,0,0,0,0,0,0,0,0,0,0,0,0,0,0,0,0,0,0,0,0,0,0,0,0,0,0,0,0,0,0,0,0,0,0,0,0,0,0,0,0,0,0,0,0,0,0,0,0,0,0,0,0,0,0,0,0,0,0,0,0,0,0,0,0,0,0,0,0,0,0,0,0,0,0,0,0,0,0,0,0,0,0,0,0,0,0,0,0,0,0,0,0,0,0,0,0,0,0,0,0,0,0,0,0,0,0,0,0,0,0,0,0,0,0,0,0,0,0,0,0,0,0,0,0,0,0,0,0,0,0,0,0,0,0,0,0,0,0,0,0,0,0,0,0,0,0,0,0,0,0,0,0,0,0,0,0,0,0,0,0,0,0,0,0,0,0,0,0,0,0,0,0,0,0,0,0,0,0,0,0,0,0,0,0,0,0,0,0,0,0,0,0,0,0,0,0,0,0,0,0,0,0,0,0,0,0,0,0,0,0,0,0,0,0,0,0,0,0,0,0,0,0,0,0,0,0,0,0,0,0,0,0,0,0,0,0,0,0,0,0,0,0,0,0,0,0,0,0,0,0,0,0,0,0,0,0,0,0,0,0,0,0,0,0,0,0,0,0,0,0,0,0,0,0,0,0,0,0,0,0,0,0,0,0,0,0,0,0,0,0,0,0,0,0,0,0,0,0,0,0,0,0,0,0,0,0,0,0,0,0,0,0,0,0,0,0,0,0,0,0,0,0,0,0,0,0,0,0,0,0,0,0,0,0,0,0,0,0,0,0,0,0,0,0,0,0,0,0,0,0,0,0,0,0,0,0,0,0,0,0,0,0,0,0,0,0,0,0,0,0,0,0,0,0,0,0,0,0,0,0,0,0,0,0,0,0,0,0,0,0,0,0,0,0,0,0,0,0,0,0,0,0,0,0,0,0,0,0,0,0,0,0,0,0,0,0,0,0,0,0,0,0,0,0,0,0,0,0,0,0,0,0,0,0,0,0,0,0,0,0,0,0,0,0,0,0,0,0,0,0,0,0,0,0,0,0,0,0,0,0,0,0,0,0,0,0,0,0,0,0,0,0,0,0,0,0,0,0,0,0,0,0,0,0,0,0,0,0,0,0,0,0,0,0,0,0,0,0,0,0,0,0,0,0,0,0,0,0,0,0,0,0,0,0,0,0,0,0,0,0,0,0,0,0,0,0,0,0,0,0,0,0,0,0,0,0,0,0,0,0,0,0,0,0,0,0,0,0,0,0,0,0,0,0,0,0,0,0,0,0,0,0,0,0,0,0,0,0,0,0,0,0,0,0,0,0,0,0,0,0,0,0,0,0,0,0,0,0,0,0,0,0,0,0,0,0,0,0,0,0,0,0,0,0,0,0,0,0,0,0,0,0,0,0,0,0,0,0,0,0,0,0,0,0,0,0,0,0,0,0,0,0,0,0,0,0,0,0,0,0,0,0,0,0,0,0,0,0,0,0,0,0,0,0,0,0,0,0,0,0,0,0,0,0,0,0,0,0,0,0,0,0,0,0,0,0,0,0,0,0,0,0,0,0,0,0,0,0,0,0,0,0,0,0,0,0,0,0,0,0,0,0,0,0,0,0,0,0,0,0,0,0,0,0,0,0,0,0,0,0,0,0,0,0,0,0,0,0,0,0,0,0,0,0,0,0,0,0,0,0,0,0,0,0,0,0,0,0,0,0,0,0,0,0,0,0,0,0,0,0,0,0,0,0,0,0,0,0,0,0,0,0,0,0,0,0,0,0,0,0,0,0,0,0,0,0,0,0,0,0,0,0,0,0,0,0,0,0,0,0,0,0,0,0,0,0,0,0,0,0,0,0,0,0,0,0,0,0,0,0,0,0,0,0,0,0,0,0,0,0,0,0,0,0,0,0,0,0,0,0,0,0,0,0,0,0,0,0,0,0,0,0,0,0,0,0,0,0,0,0,0,0,0,0,0,0,0,0,0,0,0,0,0,0,0,0,0,0,0,0,0,0,0,0,0,0,0,0,0,0,0,0,0,0,0,0,0,0,0,0,0,0,0,0,0,0,0,0,0,0,0,0,0,0,0,0,0,0,0,0,0,0,0,0,0,0,0,0,0,0,0,0,0,0,0,0,0,0,0,0,0,0,0,0,0,0,0,0,0,0,0,0,0,0,0,0,0,0,0,0,0,0,0,0,0,0,0,0,0,0,0,0,0,0,0,0,0,0,0,0,0,0,0,0,0,0,0,0,0,0,0,0,0,0,0,0,0,0,0,0,0,0,0,0,0,0,0,0,0,0,0,0,0,0,0,0,0,0,0,0,0,0,0,0,0,0,0,0,0,0,0,0,0,0,0,0,0,0,0,0,0,0,0,0,0,0,0,0,0,0,0,0,0,0,0,0,0,0,0,0,0,0,0,0,0,0,0,0,0,0,0,0,0,0,0,0,0,0,0,0,0,0,0,0,0,0,0,0,0,0,0,0,0,0,0,0,0,0,0,0,0,0,0,0,0,0,0,0,0,0,0,0,0,0,0,0,0,0,0,0,0,0,0,0,0,0,0,0,0,0,0,0,0,0,0,0,0,0,0,0,0,0,0,0,0,0,0,0,0,0,0,0,0,0,0,0,0,0,0,0,0,0,0,0,0,0,0,0,0,0,0,0,0,0,0,0,0,0,0,0,0,0,0,0,0,0,0,0,0,0,0,0,0,0,0,0,0,0,0,0,0,0,0,0,0,0,0,0,0,0,0,0,0,0,0,0,0,0,0,0,0,0,0,0,0,0,0,0,0,0,0,0,0,0,0,0,0,0,0,0,0,0,0,0,0,0,0,0,0,0,0,0,0,0,0,0,0,0,0,0,0,0,0,0,0,0,0,0,0,0,0,0,0,0,0,0,0,0,0,0,0,0,0,0,0,0,0,0,0,0,0,0,0,0,0,0,0,0,0,0,0,0,0
851464,0,0,0,0,0,0,0,0,0,0,0,0,0,0,0,0,0,0,0,0,0,0,0,0,0,0,0,0,0,0,0,0.366,0,0,0,0,0,0,0,0,0,0,0,0,0,0,0,0,0,0,0,0,0,0,0,0,0,0,0,0,0,0,0,0,0,0,0,0,0,0,0.192,0,0,0,0,0,0,0,0,0,0,0,0,0,0,0,0,0,0,0,0,0,0,0,0.457,0,0,0,0,0,0,0,0,0,0,0,0,0,0,0.383,0,0.254,0,0,0,0,0,0,0,0,0,0,0,0,0.419,0,0,0,0,0,0,0,0,0,0,0,0,0,0,0,0,0,0.211,0,0,0,0,0,0,0,0,0,0,0,0,0,0,0,0,0,0,0,0,0,0,0,0,0,0,0,0,0,0,0,0,0,0,0,0,0,0,0,0,0,0,0,0,0,0,0,0,0,0,0,0,0,0,0,0,0,0,0,0,0.177,0,0,0,0,0,0,0,0,0,0,0,0,0,0,0,0,0,0,0,0,0,0,0,0,0,0,0,0,0,0,0,0,0,0,0,0,0,0,0,0,0,0,0,0,0,0,0,0,0.275,0,0,0,0,0,0,0,0,0,0,0,0,0,0,0,0,0,0,0,0,0,0,0,0,0.334,0,0,0,0,0,0,0,0,0,0,0,0,0,0,0,0,0,0,0,0,0,0,0,0,0,0,0,0,0,0,0,0,0,0,0,0,0,0,0,0,0,0,0,0,0,0,0,0,0,0,0,0,0,0,0,0,0,0,0,0,0,0,0,0,0,0,0,0,0,0,0,0.21,0,0,0,0,0,0,0,0,0,0,0,0,0,0,0,0,0,0,0,0,0,0,0,0,0,0,0,0,0,0,0,0,0,0,0,0,0,0,0,0,0,0,0,0,0,0,0,0,0,0,0,0,0,0,0,0.178,0,0,0.278,0,0,0,0,0,0,0,0,0,0,0,0,0,0,0,0,0,0,0,0,0,0,0,0,0,0,0,0,0,0,0,0,0,0,0.276,0,0,0,0,0,0,0,0,0,0,0,0,0,0,0,0,0,0,0,0,0,0,0,0,0,0,0,0,0,0,0,0,0,0,0,0,0,0,0,0,0,0,0,0,0,0,0,0,0,0,0,0,0,0,0,0,0,0,0.197,0,0,0,0,0,0,0,0,0,0,0,0,0,0,0,0,0,0,0,0,0,0,0,0,0,0,0,0,0,0,0,0,0,0.287,0,0,0,0,0,0,0,0,0,0,0,0,0,0,0,0,0,0,0,0,0,0,0,0,0,0,0,0,0,0,0,0,0,0.3,0,0,0,0,0,0.313,0,0,0,0,0,0,0,0,0,0,0,0,0,0,0,0,0,0,0,0,0,0,0,0,0,0,0,0,0,0,0,0,0,0,0,0,0,0,0.186,0,0,0,0,0,0,0,0,0,0,0,0,0,0,0,0,0,0,0,0,0,0,0,0,0,0,0,0,0,0,0,0,0,0,0,0,0,0,0,0,0,0,0,0,0,0,0,0,0,0,0,0,0,0,0,0,0,0,0,0,0,0,0,0,0,0,0,0,0,0,0,0,0,0,0,0,0,0,0,0,0,0,0,0,0,0,0,0,0,0,0,0,0,0,0,0,0,0,0,0.302,0,0,0,0,0,0,0,0,0,0,0,0,0,0,0,0,0,0,0,0,0,0,0,0.184,0,0.156,0,0,0,0,0,0,0,0,0,0,0,0,0,0,0,0,0,0,0,0,0,0,0,0,0,0.19,0,0,0,0,0,0,0,0,0,0,0,0,0,0,0,0,0,0,0,0,0,0,0,0,0,0,0,0,0,0,0,0,0,0,0,0,0,0,0,0,0,0,0,0,0,0,0,0,0,0,0,0.313,0,0,0,0,0,0,0,0,0,0,0,0.239,0,0,0,0,0,0,0,0,0,0,0,0,0,0,0,0,0,0,0,0,0,0,0,0,0,0,0,0,0,0,0,0,0,0,0,0,0,0,0,0,0,0,0,0,0,0,0,0,0,0,0,0,0,0,0,0,0,0,0,0,0,0,0,0,0,0,0,0,0,0,0,0,0,0,0,0,0,0,0,0,0,0,0,0,0,0,0,0,0,0,0,0,0,0,0,0,0,0,0,0,0,0,0.457,0,0,0,0,0,0,0,0,0,0.192,0,0,0.159,0,0.233,0,0,0,0,0,0,0,0,0,0,0,0,0,0,0,0,0,0,0,0.272,0,0,0,0,0,0,0,0,0,0,0,0,0,0,0,0,0,0,0,0,0,0,0,0,0,0,0,0,0.167,0,0,0,0,0,0,0,0,0,0.613,0,0,0,0,0,0,0,0,0,0,0,0,0,0,0,0,0,0,0,0,0,0,0,0,0,0,0,0,0,0,0,0,0,0,0,0,0,0,0,0,0,0,0,0,0,0,0,0,0,0,0,0,0,0,0,0,0,0,0,0,0,0,0,0,0,0,0,0,0,0,0,0,0,0,0,0,0,0,0,0,0,0,0,0,0,0,0,0,0,0,0,0,0,0,0,0,0,0,0,0,0,0,0,0,0,0.331,0,0,0,0,0,0,0,0,0,0,0,0,0,0,0,0,0,0,0,0,0,0,0,0,0,0,0,0,0,0,0,0,0.226,0,0,0,0,0,0,0,0,0.254,0,0,0,0,0,0,0,0,0,0,0,0.165,0,0,0,0,0,0,0,0,0,0,0,0,0.192,0,0,0,0,0,0,0,0,0,0,0,0,0,0,0,0,0,0,0.27,0,0,0,0,0,0,0,0,0,0,0,0,0,0,0,0,0,0,0.217,0,0.183,0,0,0,0,0,0,0,0,0,0.165,0,0,0,0,0,0,0,0,0,0,0,0,0,0,0,0,0,0,0,0,0,0,0,0,0,0,0,0,0,0,0,0,0,0,0,0,0,0,0,0,0,0,0,0,0,0,0,0,0,0,0,0,0,0,0,0,0,0,0,0,0,0,0,0,0,0,0,0,0,0,0,0,0,0,0,0,0,0,0,0,0,0,0,0,0,0,0,0,0,0,0,0,0,0,0,0,0,0,0,0,0,0,0,0,0,0,0,0,0,0,0,0,0,0,0,0,0,0,0,0,0,0,0,0,0,0,0,0,0,0,0,0,0,0,0,0,0,0,0.191,0,0,0,0,0,0,0,0,0,0,0,0,0,0,0,0,0,0,0,0,0,0.932,0,0,0,0,0,0,0,0,0,0,0,0,0,0,0,0,0,0,0.674,0,0,0,0,0,0,0,0,0,0,0,0,0,0,0,0,0,0,0,0,0,0,0,0,0,0,0,0,0.196,0,0,0,0,0,0,0,0,0,0,0,0,0,0,0,0,0,0,0,0,0,0,0,0,0,0,0,0,0,0,0,0,0,0,0,0,0,0,0,0,0,0,0.229,0,0,0,0,0,0,0,0,0,0,0,0,0,0,0,0,0,0,0,0,0,0,0,0,0,0,0,0,0,0,0,0,0,0,0,0,0,0,0,0,0,0.204,0,0,0,0,0,0,0,0,0,0,0,0,0,0,0,0,0,0,0,0,0,0,0,0,0,0,0,0,0,0,0,0,0,0,0,0,0,0.209,0,0,0,0,0,0,0,0,0.989,0,0,0.198,0,0,0,0,0,0,0,0,0,0,0,0,0,0,0,0,0,0,0,0,0,0,0,0,0,0,0.175,0,0,0,0,0.151,0,0,0,0,0,0,0,0,0,0,0,0,0,0,0,0,0,0,0.193,0,0,0,0,0,0,0,0,0,0,0,0,0,0,0,0,0,0,0,0,0,0,0,0,0,0,0,0,0,0,0,0,0,0,0,0,0,0,0,0,0,0,0,0,0,0,0,0,0,0,0,0,0,0,0,0,0,0,0,0,0,0,0,0,0,0,0.196,0,0,0,0,0,0,0,0,0,0,0,0,0,0,0,0,0,0,0,0,0,0,0,0,0,0,0,0,0,0,0,0,0,0,0,0,0,0,0,0,0,0,0,0,0,0,0,0,0,0,0,0,0,0,0,0.229,0,0,0,0,0.181,0,0,0,0,0,0,0,0,0,0,0,0,0,0,0,0,0,0,0,0,0,0,0,0,0,0,0,0,0,0,0,0,0,0,0,0,0,0,0,0,0,0,0,0,0,0,0,0,0,0,0,0,0,0,0,0,0,0,0,0,0,0,0,0,0,0,0,0,0,0,0,0,0,0,0,0,0,0,0,0,0,0,0,0,0.276,0,0,0,0,0,0,0,0,0,0,0,0,0,0,0,0,0,0,0,0,0,0,0,0,0,0,0,0,0,0,0,0,0,0,0,0.254,0,0,0,0,0,0,0,0,0,0,0.668,0,0,0.354,0,0,0,0,0,0,0,0,0,0,0,0,0,0,0,0,0,0,0,0,0,0,0,0,0,0,0,0,0,0,0,0,0,0,0,0,0,0,0,0,0,0,0,0,0,0,0,0,0,0,0,0,0,0,0,0,0,0,0,0,0,0,0,0,0,0,0,0,0,0,0,0,0,0,0,0,0,0,0,0,0,0,0,0,0,0,0,0,0,0,0,0,0,0,0,0,0,0,0,0,0,0,0,0,0,0,0,0,0,0,0,0,0,0,0,0,0,0,0,0.171,0,0,0,0,0,0,0,0,0,0,0,0,0,0,0,0,0,0,0,0,0,0,0,0,0,0,0,0,0,0,0,0,0.662,0,0,0,0,0,0,0,0,0,0,0,0,0,0,0,0,0,0,0,0,0,0,0,0,0,0,0.167,0,0.229,0,0,0,0,0,0,0,0,0,0,0.293,0,0,0,0,0,0,0.194,0,0,0,0,0,0,0,0,0,0,0,0,0,0,0,0,0,0,0,0,0,0,0,0,0,0,0,0,0,0,0,0,0,0.489,0,0,0,0,0,0,0.881,0.19,0.198,0.195,0.403,0.315,0.43,0.178,0.256,0.299,0.192,0.229,0.196,0.178,0.171,0.178,0.514,0.553,0.383,0.268,0.181,0.191,0.801,0.271,0.816,0.335,0.229,0.99,0.607,0.22,0.258,0.276,0.192,0.396,0.454,0.743,0.208,0.254,0.178,0.367,0.152,0.295,0.738,0.379,0.62,0.445,0.178,0.392,0.616,0.21,0.335,0.164,0.621,0.464,0.178,0.739,0.258,0.193,0.781,0.179,0.448,0.169,0.298,0.255,0.227,0.5,0.368,0.192,0.205,0.232,0.578,0.212,0.195,0.322,0.278,0.678,0.29,0.219,0.501,0.245,0.196,0.306,0.481,0.317,0.351,0.219,0.195,0.316,0.913,0.158,0.178,0.256,0.904,0.496,0.338,0.354,0.196,0.234,0.229,0.184,0.212,0.7,0,0,0,0,0,0,0,0,0,0,0,0,0,0,0,0,0,0,0,0,0,0,0,0,0,0,0,0,0,0,0,0,0,0,0,0,0,0,0,0,0,0,0,0,0,0,0,0,0,0,0,0,0,0,0,0,0,0,0,0,0,0,0,0,0,0,0,0,0,0,0,0,0,0,0,0,0,0,0,0,0,0,0,0,0,0,0,0,0,0,0,0,0,0,0,0,0,0,0,0,0,0,0,0,0,0,0,0,0,0,0,0,0,0,0,0,0,0,0,0,0,0,0,0,0,0,0,0,0,0,0,0,0,0,0,0,0,0,0,0,0,0,0,0,0,0,0,0,0,0,0,0,0,0,0,0,0,0,0,0,0,0,0,0,0,0,0,0,0,0,0,0,0,0,0,0,0,0,0,0,0,0,0,0,0,0,0,0,0,0,0,0,0,0,0,0,0,0,0,0,0,0,0,0,0,0,0,0,0,0,0,0,0,0,0,0,0,0,0,0,0,0,0,0,0,0,0,0,0,0,0,0,0,0,0,0,0,0,0,0,0,0,0,0,0,0,0,0,0,0,0,0,0,0,0,0,0,0,0,0,0,0,0,0,0,0,0,0,0,0,0,0,0,0,0,0,0,0,0,0,0,0,0,0,0,0,0,0,0,0,0,0,0,0,0,0,0,0,0,0,0,0,0,0,0,0,0,0,0,0,0,0,0,0,0,0,0,0,0,0,0,0,0,0,0,0,0,0,0,0,0,0,0,0,0,0,0,0,0,0,0,0,0,0,0,0,0,0,0,0,0,0,0,0,0,0,0,0,0,0,0,0,0,0,0,0,0,0,0,0,0,0,0,0,0,0,0,0,0,0,0,0,0,0,0,0,0,0,0,0,0,0,0,0,0,0,0,0,0,0,0,0,0,0,0,0,0,0,0,0,0,0,0,0,0,0,0,0,0,0,0,0,0,0,0,0,0,0,0,0,0,0,0,0,0,0,0,0,0,0,0,0,0,0,0,0,0,0,0,0,0,0,0,0,0,0,0,0,0,0,0,0,0,0,0,0,0,0,0,0,0,0,0,0,0,0,0,0,0,0,0,0,0,0,0,0,0,0,0,0,0,0,0,0,0,0,0,0,0,0,0,0,0,0,0,0,0,0,0,0,0,0,0,0,0,0,0,0,0,0,0,0,0,0,0,0,0,0,0,0,0,0,0,0,0,0,0,0,0,0,0,0,0,0,0,0,0,0,0,0,0,0,0,0,0,0,0,0,0,0,0,0,0,0,0,0,0,0,0,0,0,0,0,0,0,0,0,0,0,0,0,0,0,0,0,0,0,0,0,0,0,0,0,0,0,0,0,0,0,0,0,0,0,0,0,0,0,0,0,0,0,0,0,0,0,0,0,0,0,0,0,0,0,0,0,0,0,0,0,0,0,0,0,0,0,0,0,0,0,0,0,0,0,0,0,0,0,0,0,0,0,0,0,0,0,0,0,0,0,0,0,0,0,0,0,0,0,0,0,0,0,0,0,0,0,0,0,0,0,0,0,0,0,0,0,0,0,0,0,0,0,0,0,0,0,0,0,0,0,0,0,0,0,0,0,0,0,0,0,0,0,0,0,0,0,0,0,0,0,0,0,0,0,0,0,0,0,0,0,0,0,0,0,0,0,0,0,0,0,0,0,0,0,0,0,0,0,0,0,0,0,0,0,0,0,0,0,0,0,0,0,0,0,0,0,0,0,0,0,0,0,0,0,0,0,0,0,0,0,0,0,0,0,0,0,0,0,0,0,0,0,0,0,0,0,0,0,0,0,0,0,0,0,0,0,0,0,0,0,0,0,0,0,0,0,0,0,0,0,0,0,0,0,0,0,0,0,0,0,0,0,0,0,0,0,0,0,0,0,0,0,0,0,0,0,0,0,0,0,0,0,0,0,0,0,0,0,0,0,0,0,0,0,0,0,0,0,0,0,0,0,0,0,0,0,0,0,0,0,0,0,0,0,0,0,0,0,0,0,0,0,0,0,0,0,0,0,0,0,0,0,0,0,0,0,0,0,0,0,0,0,0,0,0,0,0,0,0,0,0,0,0,0,0,0,0,0,0,0,0,0,0,0,0,0,0,0,0,0,0,0,0,0,0,0,0,0,0,0,0,0,0,0,0,0,0,0,0,0,0,0,0,0,0,0,0,0,0,0,0,0,0,0,0,0,0,0,0,0,0,0,0,0,0,0,0,0,0,0,0,0,0,0,0,0,0,0,0,0,0,0,0,0,0,0,0,0,0,0,0,0,0,0,0,0,0,0,0,0,0,0,0,0,0,0,0,0,0,0,0,0,0,0,0,0,0,0,0,0,0,0,0,0,0,0,0,0,0,0,0,0,0,0,0,0,0,0,0,0,0,0,0,0,0,0,0,0,0,0,0,0,0,0,0,0,0,0,0,0,0,0,0,0,0,0,0,0,0,0,0,0,0,0,0,0,0,0,0,0,0,0,0,0,0,0,0,0,0,0,0,0,0,0,0,0,0,0,0,0,0,0,0,0,0,0,0,0,0,0,0,0,0,0,0,0,0,0,0,0,0,0,0,0,0,0,0,0,0,0,0,0,0,0,0,0,0,0,0,0,0,0,0,0,0,0,0,0,0,0,0,0,0,0,0,0,0,0,0,0,0,0,0,0,0,0,0,0,0,0,0,0,0,0,0,0,0,0,0,0,0,0,0,0,0,0,0,0,0,0,0,0,0,0,0,0,0,0,0,0,0,0,0,0,0,0,0,0,0,0,0,0,0,0,0,0,0,0,0,0,0,0,0,0,0,0,0,0,0,0,0,0,0,0,0,0,0,0,0,0,0,0,0,0,0,0,0,0,0,0,0,0,0,0,0,0,0,0,0,0,0,0,0,0,0,0,0,0,0,0,0,0,0,0,0,0,0,0,0,0,0,0,0,0,0,0,0,0,0,0,0,0,0,0,0,0,0,0,0,0,0,0,0,0,0,0,0,0,0,0,0,0,0,0,0,0,0,0,0,0,0,0,0,0,0,0,0,0,0,0,0,0,0,0,0,0,0,0,0,0,0,0,0,0,0,0,0,0,0,0,0,0,0,0,0,0,0,0,0,0,0,0,0,0,0,0,0,0,0,0,0,0,0,0,0,0,0,0,0,0,0,0,0,0,0,0,0,0,0,0,0,0,0,0,0,0,0,0,0,0,0,0,0,0,0,0,0,0,0,0,0,0,0,0,0,0,0,0,0,0,0,0,0,0,0,0,0,0,0,0,0,0,0,0,0,0,0,0,0,0,0,0,0,0,0,0,0,0,0,0,0,0,0,0,0,0,0,0,0,0,0,0,0,0,0,0,0,0,0,0,0,0,0,0,0,0,0,0,0,0,0,0,0,0,0,0,0,0,0,0,0,0,0,0,0,0,0,0,0,0,0,0,0,0,0,0,0,0,0,0,0,0,0,0,0,0,0,0,0,0,0,0,0,0,0,0,0,0,0,0,0,0,0,0,0,0,0,0,0,0,0,0,0,0,0,0,0,0,0,0,0,0,0,0,0,0,0,0,0,0,0,0,0,0,0,0,0,0,0,0,0,0,0,0,0,0,0,0,0,0,0,0,0,0,0,0,0,0,0,0,0,0,0,0,0,0,0,0,0,0,0,0,0,0,0,0,0,0,0,0,0,0,0,0,0,0,0,0,0,0,0,0,0,0,0,0,0,0,0,0,0,0,0,0,0,0,0,0,0,0,0,0,0,0,0,0,0,0,0,0,0,0,0,0,0,0,0,0,0,0,0,0,0,0,0,0,0,0,0,0,0,0,0,0,0,0,0,0,0,0,0,0,0,0,0,0,0,0,0,0,0,0,0,0,0,0,0,0,0,0,0,0,0,0,0,0,0,0,0,0,0,0,0,0,0,0,0,0,0,0,0,0,0,0,0,0,0,0,0,0,0,0,0,0,0,0,0,0,0,0,0,0,0,0,0,0,0,0,0,0,0,0,0,0,0,0,0,0,0,0,0,0,0,0,0,0,0,0,0,0,0,0,0,0,0,0,0,0,0,0,0,0,0,0,0,0,0,0,0,0,0,0,0,0,0,0,0,0,0,0,0,0,0,0,0,0,0,0,0,0,0,0,0,0,0,0,0,0,0,0,0,0,0,0,0,0,0,0,0,0,0,0,0,0,0,0,0,0,0,0,0,0,0,0,0,0,0,0,0,0,0,0,0,0,0,0,0,0,0,0,0,0,0,0,0,0,0,0,0,0,0,0,0,0,0,0,0,0,0,0,0,0,0,0,0,0,0,0,0,0,0,0,0,0,0,0,0,0,0,0,0,0,0,0,0,0,0,0,0,0,0,0,0,0,0,0,0,0,0,0,0,0,0,0,0,0,0,0,0,0,0,0,0,0,0,0,0,0,0,0,0,0,0,0,0,0,0,0,0,0,0,0,0,0,0,0,0,0,0,0,0,0,0,0,0,0,0,0,0,0,0,0,0,0,0,0,0,0,0,0,0,0,0,0,0,0,0,0,0,0,0,0,0,0,0,0,0,0,0,0,0,0,0,0,0,0,0,0,0,0,0,0,0,0,0,0,0,0,0,0,0,0,0,0
853756,0,0,0,0,0,0,0,0,0,0,0.357,0,0,0,0,0,0,0,0,0,0,0,0,0,0,0,0,0,0,0,0,0,0,0,0,0,0,0,0,0.808,0,0,0.481,0,0,0,0,0,0,0,0,0,0,0,0,0,0,0,0,0,0,0,0,0,0,0,0,0,0,0,0,0,0,0,0,0,0,0,0,0.945,0,0,0,0,0,0,0,0,0,0,0,0.762,0,0,0,0,0,0,0,0,0,0,0,0,0,0,0,0,0,0,0,0,0,0,0,0,0,0,0,0,0,0,0,0,0,0,0,0,0,0,0,0,0,0,0,0,0,0,0,0,0.194,0,0,0,0,0,0,0,0.921,0,0,0,0,0,0,0,0.284,0,0,0,0,0,0,0,0,0,0,0,0,0,0,0,0,0,0,0,0,0,0,0,0,0,0,0,0,0,0,0,0,0,0,0,0,0,0,0,0,0,0,0,0,0,0,0,0,0,0,0,0,0,0,0,0,0,0,0,0,0,0,0,0,0,0,0,0,0,0,0,0,0,0,0,0,0,0,0,0,0,0,0,0,0,0,0,0,0,0,0,0,0,0,0,0,0,0,0,0,0,0,0,0,0,0,0,0,0,0,0,0,0,0,0,0,0,0,0,0,0,0,0,0,0,0,0,0,0,0,0,0,0,0,0,0,0,0,0,0,0,0,0,0,0,0,0,0,0,0,0,0,0,0,0,0,0,0,0,0,0,0,0,0,0,0,0,0,0,0,0,0,0,0,0,0,0,0,0,0,0,0,0,0,0,0,0,0,0,0,0,0,0,0,0,0,0,0,0,0,0,0,0,0,0,0,0,0,0,0,0,0,0,0,0,0,0,0,0,0,0,0,0,0,0,0,0,0,0,0,0,0,0,0,0,0,0,0,0,0,0,0,0,0,0,0,0,0,0,0,0,0,0,0,0,0,0,0,0,0,0,0,0,0,0,0,0,0,0,0,0,0,0,0,0,0,0,0,0,0,0,0,0,0,0,0,0,0,0,0,0.245,0,0,0,0,0,0,0,0,0,0,0,0,0,0,0,0,0,0,0,0,0,0,0,0,0,0,0,0,0,0,0,0,0,0,0,0,0,0,0,0,0,0,0,0,0,0,0,0,0,0,0,0,0,0,0,0,0,0,0,0,0,0,0,0,0,0,0,0,0,0,0,0,0,0,0,0,0,0,0,0,0,0,0,0,0,0,0,0,0,0,0,0,0,0,0,0,0,0,0,0,0,0,0,0,0,0,0,0,0,0,0,0,0,0,0,0,0,0,0,0,0,0,0,0,0,0,0,0,0,0,0,0,0,0,0,0,0,0,0,0,0,0,0,0,0,0,0,0,0,0,0,0,0,0,0,0,0,0,0,0,0,0,0,0,0,0,0,0,0,0,0,0,0,0,0,0,0,0,0,0,0,0,0,0,0,0,0,0,0,0,0,0,0,0,0,0,0,0,0,0,0,0,0,0,0,0,0,0,0,0,0,0,0,0,0,0,0,0,0,0,0,0,0,0,0,0,0,0,0,0,0,0,0,0,0,0,0,0,0,0,0,0,0,0,0,0,0,0,0,0,0,0,0,0,0,0,0,0,0,0,0,0,0,0,0,0,0,0,0,0,0,0,0,0,0,0,0,0,0,0,0,0,0,0,0,0,0,0,0,0.304,0,0,0,0,0,0,0,0,0,0.293,0,0,0,0,0,0,0,0,0,0,0,0,0,0,0,0,0,0,0,0,0,0,0,0,0,0,0,0,0,0,0,0,0,0,0,0,0,0,0,0,0,0,0,0,0,0,0,0,0,0,0,0,0,0,0,0,0,0,0,0,0,0,0,0,0,0,0,0,0,0,0,0,0,0,0,0,0,0,0,0,0,0,0,0,0,0,0,0,0,0,0,0,0,0,0,0,0,0,0,0,0,0,0,0,0,0,0,0,0,0,0,0,0,0,0,0,0,0,0,0,0,0,0,0,0,0,0,0,0,0,0,0,0,0,0,0,0,0,0,0,0,0,0,0,0,0,0,0,0.398,0,0,0,0,0,0,0,0,0,0,0,0,0,0,0,0,0,0,0,0,0,0.155,0,0,0,0,0,0,0,0,0,0,0,0,0,0,0,0,0,0,0,0,0,0,0,0,0,0,0,0,0,0,0,0,0,0,0,0,0,0,0,0,0,0,0,0,0,0,0,0,0,0,0,0,0,0,0,0,0,0,0,0,0,0,0,0,0,0,0,0,0,0,0,0,0,0,0,0,0.61,0,0,0,0,0,0,0,0,0,0,0,0,0,0,0,0,0,0,0,0,0,0,0,0,0,0,0,0,0,0,0,0,0,0,0,0,0,0,0,0,0,0,0,0,0,0,0,0,0,0,0,0,0,0,0,0,0,0,0,0,0,0,0,0,0,0,0,0,0,0,0,0,0,0,0,0,0,0,0,0,0,0,0,0,0,0,0,0,0,0,0,0,0,0,0,0,0,0,0,0,0,0,0,0,0,0,0,0,0,0,0,0,0,0,0,0,0,0,0,0,0,0,0,0,0,0,0,0,0,0,0,0,0,0,0,0,0,0,0,0,0,0,0,0,0,0,0,0,0,0,0,0,0,0,0,0,0,0,0,0,0,0,0,0,0,0,0,0,0,0,0,0,0,0,0,0,0,0,0,0,0,0,0,0,0,0,0,0,0,0,0,0,0,0,0,0,0,0,0,0,0,0,0,0,0,0,0,0,0,0,0,0,0,0,0,0,0,0,0,0,0,0,0,0,0,0,0,0,0,0,0,0,0,0,0,0,0,0,0,0,0,0,0,0,0,0,0,0,0,0,0,0,0,0,0,0,0,0,0,0,0,0,0,0,0,0,0,0,0,0,0,0,0,0,0,0,0,0.338,0,0,0,0,0,0,0,0,0,0,0,0,0,0,0,0,0,0,0,0,0,0,0,0,0,0,0,0,0,0,0,0,0,0,0,0,0,0,0,0,0,0,0,0,0,0,0,0,0,0,0,0,0,0,0,0,0,0,0,0,0,0,0,0,0,0,0.194,0,0,0,0,0,0,0,0,0,0,0,0,0,0,0,0,0,0,0,0,0,0,0,0,0,0,0,0,0,0,0,0,0,0,0,0,0,0,0,0,0,0,0,0,0,0,0,0,0,0,0,0,0,0,0,0,0,0,0,0.194,0,0,0,0,0,0,0,0,0,0,0,0,0,0,0,0,0,0,0,0,0,0,0,0,0,0,0,0,0,0,0,0,0,0,0,0,0,0,0,0,0,0,0,0,0,0,0,0,0,0,0,0,0,0,0,0,0,0,0,0,0,0,0,0,0,0,0,0,0,0,0,0,0,0,0,0,0,0,0,0,0,0,0,0,0,0,0,0,0,0,0,0,0,0,0,0,0,0,0,0,0,0,0,0,0,0,0,0,0,0,0,0,0,0,0,0,0,0,0,0,0,0,0,0,0,0,0,0,0,0,0,0,0,0,0,0,0,0,0,0,0,0,0,0,0,0,0,0,0,0,0,0,0,0,0,0,0,0,0,0,0,0,0,0,0,0,0,0,0,0,0,0,0,0,0,0,0,0,0,0,0,0,0,0,0,0,0,0,0,0,0,0,0,0,0,0,0,0,0,0,0,0,0,0,0,0,0,0,0,0,0,0,0,0,0,0,0,0,0,0,0,0,0,0,0,0,0,0,0,0,0,0,0,0,0,0,0,0,0,0,0,0,0,0,0,0,0,0,0,0,0,0,0,0,0,0,0,0,0,0,0,0,0,0,0,0,0,0,0,0,0,0,0,0,0,0,0,0,0,0,0,0,0,0,0,0,0,0,0,0,0,0,0,0,0,0,0,0,0,0,0,0,0,0,0,0,0,0,0,0,0,0,0,0,0,0,0,0,0,0,0,0,0,0,0,0,0,0,0,0,0,0,0,0,0,0,0,0,0,0,0,0,0,0,0,0,0,0,0,0,0,0,0,0,0,0,0,0,0,0,0,0,0,0,0,0,0,0,0,0,0,0.303,0,0,0,0,0,0,0,0,0,0,0,0,0,0,0,0,0,0,0,0,0,0,0,0,0,0,0,0,0,0,0,0,0,0,0,0,0,0,0,0,0,0,0,0,0,0,0,0,0,0,0,0,0,0,0,0,0,0,0,0,0,0,0,0,0,0,0,0,0,0,0,0,0,0,0,0,0,0,0,0,0,0,0,0,0,0,0,0,0,0,0,0,0,0,0,0,0,0,0,0,0,0,0,0,0,0,0,0,0,0,0,0,0,0,0,0,0,0,0,0,0,0,0,0,0,0,0,0,0,0,0,0,0,0,0,0,0,0,0,0,0,0,0,0,0,0,0,0,0,0,0,0,0,0,0,0,0,0,0,0,0,0,0,0,0,0,0,0,0,0,0,0,0,0,0,0,0,0,0,0,0,0,0,0,0,0,0,0,0,0,0,0,0,0,0,0,0,0,0,0,0,0,0,0,0,0,0,0,0,0,0,0,0,0,0,0,0,0,0,0,0,0,0,0,0,0,0,0,0,0,0,0,0,0,0,0,0,0,0,0,0,0,0,0,0,0,0,0,0,0,0,0,0,0,0,0,0,0,0,0,0,0,0,0,0,0,0,0,0,0,0,0,0,0,0,0,0,0,0,0,0,0,0,0,0,0,0,0,0,0,0,0,0,0,0,0,0,0,0,0,0,0,0,0,0,0,0,0,0,0,0,0,0,0,0,0,0,0,0,0,0,0,0,0,0,0,0,0,0,0,0,0,0,0,0,0,0,0,0,0,0,0,0,0,0,0,0,0,0,0,0,0,0,0,0,0,0,0,0,0,0,0,0,0,0,0,0,0,0,0,0.616,0,0,0,0,0,0,0,0,0,0,0,0,0,0,0,0,0,0,0,0,0,0,0,0,0,0,0,0,0,0,0,0,0,0,0,0,0,0,0,0,0,0,0,0,0,0,0,0,0,0,0,0,0,0,0,0,0,0,0,0,0,0,0,0,0,0,0,0,0,0,0,0,0,0,0,0,0,0,0,0,0,0,0,0,0,0,0,0,0,0,0,0,0,0,0,0,0,0,0,0,0,0,0,0,0,0,0,0,0,0,0,0,0,0,0,0,0,0,0,0,0,0,0,0,0,0,0,0,0,0,0,0,0,0,0,0,0,0,0,0,0,0,0,0,0,0,0,0,0,0,0,0,0,0,0,0,0,0,0,0,0,0,0,0,0,0,0,0,0,0,0,0,0,0,0,0,0,0,0,0,0,0,0,0,0,0,0,0,0,0,0,0,0,0,0,0,0,0,0,0,0,0,0,0,0,0,0,0,0,0,0,0,0,0,0,0,0,0,0,0,0,0,0,0,0,0,0,0,0,0,0,0,0,0,0,0,0,0,0,0,0,0,0,0,0,0,0,0,0,0,0,0,0,0,0,0,0,0,0,0,0,0,0.22,0.196,0.229,0.392,0.191,0.66,0.48,0.833,0.196,0,0,0,0,0,0,0,0,0,0,0,0,0,0,0,0,0,0,0,0,0,0,0,0,0,0,0,0,0,0,0,0,0,0,0,0,0,0,0,0,0,0,0,0,0,0,0,0,0,0,0,0,0,0,0,0,0,0,0,0,0,0,0,0,0,0,0,0,0,0,0,0,0,0,0,0,0,0,0,0,0,0,0,0,0,0,0,0,0,0,0,0,0,0,0,0,0,0,0,0,0,0,0,0,0,0,0,0,0,0,0,0,0,0,0,0,0,0,0,0,0,0,0,0,0,0,0,0,0,0,0,0,0,0,0,0,0,0,0,0,0,0,0,0,0,0,0,0,0,0,0,0,0,0,0,0,0,0,0,0,0,0,0,0,0,0,0,0,0,0,0,0,0,0,0,0,0,0,0,0,0,0,0,0,0,0,0,0,0,0,0,0,0,0,0,0,0,0,0,0,0,0,0,0,0,0,0,0,0,0,0,0,0,0,0,0,0,0,0,0,0,0,0,0,0,0,0,0,0,0,0,0,0,0,0,0,0,0,0,0,0,0,0,0,0,0,0,0,0,0,0,0,0,0,0,0,0,0,0,0,0,0,0,0,0,0,0,0,0,0,0,0,0,0,0,0,0,0,0,0,0,0,0,0,0,0,0,0,0,0,0,0,0,0,0,0,0,0,0,0,0,0,0,0,0,0,0,0,0,0,0,0,0,0,0,0,0,0,0,0,0,0,0,0,0,0,0,0,0,0,0,0,0,0,0,0,0,0,0,0,0,0,0,0,0,0,0,0,0,0,0,0,0,0,0,0,0,0,0,0,0,0,0,0,0,0,0,0,0,0,0,0,0,0,0,0,0,0,0,0,0,0,0,0,0,0,0,0,0,0,0,0,0,0,0,0,0,0,0,0,0,0,0,0,0,0,0,0,0,0,0,0,0,0,0,0,0,0,0,0,0,0,0,0,0,0,0,0,0,0,0,0,0,0,0,0,0,0,0,0,0,0,0,0,0,0,0,0,0,0,0,0,0,0,0,0,0,0,0,0,0,0,0,0,0,0,0,0,0,0,0,0,0,0,0,0,0,0,0,0,0,0,0,0,0,0,0,0,0,0,0,0,0,0,0,0,0,0,0,0,0,0,0,0,0,0,0,0,0,0,0,0,0,0,0,0,0,0,0,0,0,0,0,0,0,0,0,0,0,0,0,0,0,0,0,0,0,0,0,0,0,0,0,0,0,0,0,0,0,0,0,0,0,0,0,0,0,0,0,0,0,0,0,0,0,0,0,0,0,0,0,0,0,0,0,0,0,0,0,0,0,0,0,0,0,0,0,0,0,0,0,0,0,0,0,0,0,0,0,0,0,0,0,0,0,0,0,0,0,0,0,0,0,0,0,0,0,0,0,0,0,0,0,0,0,0,0,0,0,0,0,0,0,0,0,0,0,0,0,0,0,0,0,0,0,0,0,0,0,0,0,0,0,0,0,0,0,0,0,0,0,0,0,0,0,0,0,0,0,0,0,0,0,0,0,0,0,0,0,0,0,0,0,0,0,0,0,0,0,0,0,0,0,0,0,0,0,0,0,0,0,0,0,0,0,0,0,0,0,0,0,0,0,0,0,0,0,0,0,0,0,0,0,0,0,0,0,0,0,0,0,0,0,0,0,0,0,0,0,0,0,0,0,0,0,0,0,0,0,0,0,0,0,0,0,0,0,0,0,0,0,0,0,0,0,0,0,0,0,0,0,0,0,0,0,0,0,0,0,0,0,0,0,0,0,0,0,0,0,0,0,0,0,0,0,0,0,0,0,0,0,0,0,0,0,0,0,0,0,0,0,0,0,0,0,0,0,0,0,0,0,0,0,0,0,0,0,0,0,0,0,0,0,0,0,0,0,0,0,0,0,0,0,0,0,0,0,0,0,0,0,0,0,0,0,0,0,0,0,0,0,0,0,0,0,0,0,0,0,0,0,0,0,0,0,0,0,0,0,0,0,0,0,0,0,0,0,0,0,0,0,0,0,0,0,0,0,0,0,0,0,0,0,0,0,0,0,0,0,0,0,0,0,0,0,0,0,0,0,0,0,0,0,0,0,0,0,0,0,0,0,0,0,0,0,0,0,0,0,0,0,0,0,0,0,0,0,0,0,0,0,0,0,0,0,0,0,0,0,0,0,0,0,0,0,0,0,0,0,0,0,0,0,0,0,0,0,0,0,0,0,0,0,0,0,0,0,0,0,0,0,0,0,0,0,0,0,0,0,0,0,0,0,0,0,0,0,0,0,0,0,0,0,0,0,0,0,0,0,0,0,0,0,0,0,0,0,0,0,0,0,0,0,0,0,0,0,0,0,0,0,0,0,0,0,0,0,0,0,0,0,0,0,0,0,0,0,0,0,0,0,0,0,0,0,0,0,0,0,0,0,0,0,0,0,0,0,0,0,0,0,0,0,0,0,0,0,0,0,0,0,0,0,0,0,0,0,0,0,0,0,0,0,0,0,0,0,0,0,0,0,0,0,0,0,0,0,0,0,0,0,0,0,0,0,0,0,0,0,0,0,0,0,0,0,0,0,0,0,0,0,0,0,0,0,0,0,0,0,0,0,0,0,0,0,0,0,0,0,0,0,0,0,0,0,0,0,0,0,0,0,0,0,0,0,0,0,0,0,0,0,0,0,0,0,0,0,0,0,0,0,0,0,0,0,0,0,0,0,0,0,0,0,0,0,0,0,0,0,0,0,0,0,0,0,0,0,0,0,0,0,0,0,0,0,0,0,0,0,0,0,0,0,0,0,0,0,0,0,0,0,0,0,0,0,0,0,0,0,0,0,0,0,0,0,0,0,0,0,0,0,0,0,0,0,0,0,0,0,0,0,0,0,0,0,0,0,0,0,0,0,0,0,0,0,0,0,0,0,0,0,0,0,0,0,0,0,0,0,0,0,0,0,0,0,0,0,0,0,0,0,0,0,0,0,0,0,0,0,0,0,0,0,0,0,0,0,0,0,0,0,0,0,0,0,0,0,0,0,0,0,0,0,0,0,0,0,0,0,0,0,0,0,0,0,0,0,0,0,0,0,0,0,0,0,0,0,0,0,0,0,0,0,0,0,0,0,0,0,0,0,0,0,0,0,0,0,0,0,0,0,0,0,0,0,0,0,0,0,0,0,0,0,0,0,0,0,0,0,0,0,0,0,0,0,0,0,0,0,0,0,0,0,0,0,0,0,0,0,0,0,0,0,0,0,0,0,0,0,0,0,0,0,0,0,0,0,0,0,0,0,0,0,0,0,0,0,0,0,0,0,0,0,0,0,0,0,0,0,0,0,0,0,0,0,0,0,0,0,0,0,0,0,0,0,0,0,0,0,0,0,0,0,0,0,0,0,0,0,0,0,0,0,0,0,0,0,0,0,0,0,0,0,0,0,0,0,0,0,0,0,0,0,0,0,0,0,0,0,0,0,0,0,0,0,0,0,0,0,0,0,0,0,0,0,0,0,0,0,0,0,0,0,0,0,0,0,0,0,0,0,0,0,0,0,0,0,0,0,0,0,0,0,0,0,0,0,0,0,0,0,0,0,0,0,0,0,0,0,0,0,0,0,0,0,0,0,0,0,0,0,0,0,0,0,0,0,0,0,0,0,0,0,0,0,0,0,0,0,0,0,0,0,0,0,0,0,0,0,0,0,0,0,0,0,0,0,0,0,0,0,0,0,0,0,0,0,0,0,0,0,0,0,0,0,0,0,0,0,0,0,0,0,0,0,0,0,0,0,0,0,0,0,0,0,0,0,0,0,0,0,0,0,0,0,0,0,0,0,0,0,0,0,0,0,0,0,0,0,0,0,0,0,0,0,0,0,0,0,0,0,0,0,0,0,0,0,0,0,0,0,0,0,0,0,0,0,0,0,0,0,0,0,0,0,0,0,0,0,0,0,0,0,0,0,0,0,0,0,0,0,0,0,0,0,0,0,0,0,0,0,0,0,0,0,0,0,0,0,0,0,0,0,0,0,0,0,0,0,0,0,0,0,0,0,0,0,0,0,0,0,0,0,0,0,0,0,0,0,0,0,0,0,0,0,0,0,0,0,0,0,0,0,0,0,0,0,0,0,0,0,0,0,0,0,0,0,0,0,0,0,0,0,0,0,0,0,0,0,0,0,0,0,0,0,0,0,0,0,0,0,0,0,0,0,0,0,0,0,0
850367,0,0,0.174,0,0,0,0.172,0,0.302,0.335,0,0.239,0,0,0,0,0,0,0,0,0.167,0.641,0.156,0,0,0.328,0,0,0.285,0.519,0,0,0.572,0,0,0.16,0,0,0,0.301,0,0,0.292,0.191,0,0.256,0,0,0,0,0.23,0,0,0,0,0,0,0,0,0.323,0,0,0,0.28,0.228,0.455,0,0,0.243,0.811,0.946,0.156,0,0,0,0,0,0,0,0.739,0,0,0.824,0,0,0,0.396,0.156,0,0,0,0,0,0.16,0,0,0.835,0,0.173,0,0,0.777,0,0.58,0,0,0,0,0.167,0,0,0.344,0,0,0,0,0,0,0,0,0,0,0,0,0,0.932,0,0,0,0.43,0.262,0,0,0,0,0.29,0,0,0,0.472,0,0,0,0,0,0,0,0,0.42,0.86,0.615,0,0,0,0.195,0,0,0,0.379,0,0,0.758,0.191,0.366,0.168,0.201,0,0.529,0,0,0,0,0,0,0.171,0,0.199,0,0.253,0.153,0,0.171,0,0,0,0,0,0,0.185,0,0,0.158,0,0,0.276,0,0,0,0,0,0,0,0,0,0,0.24,0,0,0,0,0,0,0,0,0,0,0,0,0,0,0,0,0,0,0,0,0.632,0,0.23,0,0,0,0,0,0,0,0,0,0.267,0,0,0,0,0,0,0,0,0,0,0,0,0,0,0,0,0,0,0,0,0,0,0,0,0.161,0,0,0,0,0,0,0,0,0,0,0,0,0,0,0,0,0,0,0.17,0,0,0,0,0,0,0,0,0,0,0,0,0,0,0,0,0,0,0,0,0,0,0,0,0,0,0,0,0,0,0,0,0,0,0,0,0,0,0,0,0,0,0,0,0,0,0,0,0,0,0,0,0,0,0,0.303,0,0,0,0,0,0,0,0,0,0,0.657,0,0.786,0,0,0.241,0,0,0,0.194,0,0,0,0,0,0,0,0.199,0,0,0,0.29,0,0.471,0,0,0.228,0,0,0,0,0,0,0,0,0,0.187,0,0,0,0,0,0,0,0,0,0,0,0,0,0.426,0,0,0,0,0,0,0,0,0,0,0,0,0,0,0,0,0,0,0,0,0,0,0,0,0,0,0,0,0,0,0.437,0.34,0,0,0.158,0,0,0,0,0,0,0,0,0,0,0,0.189,0,0,0,0,0,0,0,0,0,0,0,0,0,0,0,0,0,0,0,0,0,0,0,0,0,0,0,0,0,0,0,0,0,0,0.233,0,0,0,0.175,0,0,0.446,0,0,0,0,0,0,0,0,0,0,0,0,0,0,0,0,0,0,0.294,0,0,0,0,0,0,0,0,0,0,0,0,0,0,0,0,0,0,0,0,0,0,0,0,0,0,0,0,0,0,0,0,0,0,0,0,0,0,0,0,0,0,0,0,0,0,0,0.235,0,0.577,0,0,0,0,0.233,0,0,0,0,0,0.214,0,0,0,0,0,0,0,0,0,0,0,0,0,0,0,0,0,0,0,0,0,0,0,0.454,0,0,0,0,0,0,0,0,0,0,0,0,0,0,0,0,0,0,0,0,0,0,0,0,0,0,0,0,0,0,0,0,0,0,0,0,0,0,0,0,0.294,0,0,0,0,0,0,0,0,0,0,0,0,0,0,0,0,0,0,0,0,0,0,0,0,0,0,0,0,0,0,0,0,0,0,0,0.181,0,0,0,0,0,0,0,0,0,0,0,0,0,0,0,0,0,0,0,0,0,0,0,0,0,0,0,0,0,0,0,0,0,0,0,0,0,0.308,0,0,0,0,0,0,0,0,0,0,0,0,0,0,0.221,0,0,0,0,0,0,0,0,0,0,0,0,0,0,0,0,0,0,0,0,0,0,0,0,0,0,0,0,0,0,0,0,0,0,0,0,0,0,0,0,0,0,0,0,0,0,0,0,0,0,0,0,0,0,0,0,0,0,0,0,0,0,0,0,0,0,0,0,0,0,0,0,0,0,0,0,0,0,0,0,0,0,0,0,0,0,0,0,0,0,0,0,0,0,0,0,0,0,0,0,0,0,0,0,0,0,0,0,0,0,0,0,0,0,0,0,0,0,0,0,0,0,0,0,0,0.261,0,0,0,0,0,0,0,0,0,0,0,0,0,0,0,0,0,0,0,0,0,0,0,0,0,0,0,0,0,0,0,0,0,0,0,0,0,0,0,0,0,0,0,0,0,0,0.682,0,0,0,0,0,0,0,0,0.284,0,0,0,0,0,0,0,0,0,0,0,0,0,0,0,0,0,0,0,0,0,0,0,0,0,0,0,0,0,0,0.157,0,0,0,0,0,0,0,0,0,0,0,0,0,0.2,0,0,0.244,0,0.568,0,0,0,0,0,0,0,0,0,0,0,0,0,0,0,0,0,0,0,0.205,0,0,0.285,0,0,0,0,0,0,0,0,0,0,0,0,0,0,0,0,0,0.43,0,0,0,0,0,0,0.205,0,0,0,0,0,0,0,0,0,0,0,0,0,0,0,0,0,0,0,0,0,0,0,0,0.208,0,0,0,0.182,0,0,0,0,0,0,0,0,0,0,0,0,0,0,0,0,0,0,0,0,0,0,0.201,0,0,0,0,0,0,0,0.177,0,0.166,0,0,0,0,0,0,0,0,0,0,0,0,0,0,0,0,0,0,0,0.157,0,0.282,0,0,0,0,0,0,0,0,0,0,0,0,0,0,0.252,0,0.244,0,0,0,0,0,0,0,0,0.222,0,0,0,0,0,0,0,0,0,0,0,0,0,0,0,0.196,0,0,0.192,0,0,0,0,0,0.692,0,0.404,0,0.527,0,0,0,0,0,0,0,0,0,0,0,0.273,0,0,0,0.157,0,0,0,0,0,0,0,0,0,0,0,0.248,0,0,0,0.468,0,0,0,0,0,0,0,0,0,0,0.225,0,0.198,0.328,0,0,0,0,0.201,0,0,0,0,0,0,0,0,0,0,0.204,0,0,0,0,0,0,0,0,0,0,0,0,0,0,0,0,0,0,0,0,0,0,0,0,0,0,0,0,0,0,0,0,0,0,0,0,0,0.187,0,0,0.232,0.265,0,0,0,0,0,0,0,0,0,0,0,0,0,0,0,0,0,0.358,0,0,0,0,0,0,0,0,0,0,0,0,0,0,0,0,0,0,0,0.288,0,0,0,0,0,0,0,0,0,0,0,0,0,0,0,0,0.198,0.157,0,0,0,0,0,0,0,0,0,0,0,0,0,0,0,0,0,0,0.199,0,0,0,0,0,0,0,0,0.22,0,0,0,0,0.376,0,0,0,0,0,0,0,0,0,0.163,0,0,0,0,0,0,0,0.169,0,0,0,0,0,0,0,0,0,0,0,0,0,0,0,0,0,0,0,0,0,0,0,0.198,0,0,0.251,0,0,0,0,0.181,0.169,0,0,0,0,0,0,0.199,0,0,0,0,0,0.191,0,0,0,0,0,0,0,0,0.878,0,0,0,0,0,0,0,0,0,0,0,0,0,0,0,0.28,0,0,0,0.231,0,0,0,0,0,0,0,0,0.211,0,0,0,0,0,0,0,0.164,0,0,0,0,0,0,0,0,0.204,0,0.382,0,0,0,0,0,0,0,0,0,0,0,0,0,0,0,0,0,0,0.221,0,0,0,0,0,0.601,0,0,0,0,0.177,0,0,0,0,0.248,0,0,0,0,0,0.16,0,0,0,0,0,0,0,0,0,0,0,0.226,0,0.155,0,0,0,0,0,0,0,0,0,0,0,0,0,0,0,0,0,0,0,0,0,0,0,0,0,0,0,0,0,0,0,0,0,0,0,0,0,0,0,0.218,0,0,0,0,0,0,0,0,0.165,0,0,0,0,0,0,0.218,0,0.64,0,0,0,0,0,0.291,0,0.267,0,0,0.229,0,0,0,0,0.192,0,0,0,0.566,0,0,0,0.348,0,0,0.497,0,0,0,0.2,0,0,0,0.169,0,0,0,0.21,0,0.386,0.247,0,0,0,0,0.173,0,0,0,0,0,0,0,0,0,0,0,0,0,0,0,0,0,0,0,0.222,0,0,0.865,0,0,0,0.319,0,0,0,0,0,0,0,0,0,0,0.192,0,0,0,0,0,0,0,0,0.282,0,0.27,0,0,0,0,0,0,0,0,0,0,0,0,0,0,0,0,0,0,0,0.2,0,0,0,0,0,0,0,0,0,0,0.304,0,0,0,0,0.189,0,0,0.162,0,0,0,0,0,0,0,0.21,0,0,0,0,0,0.164,0,0,0,0,0,0,0.181,0,0,0,0,0,0,0,0,0,0,0,0,0,0,0,0,0,0,0,0,0,0,0,0,0,0,0,0,0,0,0,0,0,0,0,0,0,0,0.154,0,0,0,0,0,0,0,0,0,0.406,0,0,0,0,0,0,0,0,0,0.402,0,0,0,0,0,0,0,0,0,0,0,0,0,0,0,0,0,0,0,0,0.175,0,0.689,0,0,0,0,0,0,0.255,0,0,0,0,0,0,0,0,0,0,0,0,0,0,0,0,0,0,0,0,0,0,0,0,0,0,0,0,0,0,0,0,0,0,0,0,0,0,0,0,0,0,0,0,0,0,0,0,0,0,0,0,0,0,0,0,0,0,0,0,0,0,0,0,0,0,0,0,0,0,0,0,0,0,0,0,0,0,0,0,0.172,0,0,0,0,0,0,0,0,0,0,0,0,0,0,0,0.195,0,0,0,0,0,0,0,0,0,0,0,0,0,0.328,0,0.256,0,0,0,0.289,0,0,0,0,0,0,0,0,0,0,0,0,0.55,0,0,0,0,0,0,0,0,0.958,0,0.289,0,0,0,0,0,0,0,0,0,0,0,0,0,0,0,0,0,0,0,0,0.207,0,0,0,0,0,0.152,0,0,0,0,0,0,0,0,0,0,0,0.261,0,0.176,0,0,0,0,0,0.542,0,0,0.153,0,0,0,0,0,0,0,0,0,0,0,0,0,0,0,0,0,0,0,0,0.215,0,0.331,0.234,0.964,0.179,0,0,0,0,0,0,0,0,0,0,0,0,0,0,0,0,0,0,0.181,0,0,0,0,0,0,0,0,0,0,0,0.164,0,0,0,0,0,0.18,0,0,0,0,0,0,0,0.659,0,0,0,0,0,0,0,0,0,0.288,0,0,0,0,0,0,0,0,0,0.209,0,0.151,0.283,0,0,0,0,0,0,0,0,0.264,0.553,0,0,0,0,0,0,0,0,0,0.901,0,0,0,0.514,0,0,0,0,0.199,0,0,0,0,0,0,0,0,0,0,0,0,0,0,0,0,0,0,0,0,0,0,0,0,0.219,0,0.176,0,0,0,0,0,0,0,0,0,0,0,0,0,0,0,0,0.255,0,0,0,0,0,0,0,0,0,0,0,0,0,0.205,0,0,0,0,0,0,0,0,0,0,0,0,0,0,0,0,0,0,0,0,0,0,0,0,0,0,0,0,0,0,0,0,0,0.288,0,0,0.192,0,0,0,0,0,0,0,0,0,0.531,0.647,0,0,0,0,0,0,0,0,0,0,0,0,0,0,0,0,0,0,0,0,0.336,0,0,0,0,0,0,0,0,0,0,0,0,0,0,0,0,0,0,0,0,0,0,0,0.338,0,0,0.645,0,0,0,0,0.869,0,0.528,0,0,0,0,0.224,0,0,0,0,0.497,0,0,0,0,0,0,0,0,0,0,0,0,0,0,0,0,0,0,0,0,0,0.235,0,0,0,0,0,0,0,0,0,0,0,0,0,0,0,0,0,0,0,0,0,0,0,0,0.186,0,0,0,0.161,0,0.159,0.851,0,0,0,0,0,0,0,0.268,0,0,0,0,0,0,0,0.376,0,0,0,0,0,0,0,0,0,0,0,0,0,0,0,0.196,0,0,0,0,0,0,0,0,0,0,0,0,0,0,0,0,0,0.164,0,0,0,0,0,0,0.935,0,0.747,0.785,0,0,0.598,0.17,0.286,0.355,0.184,0.156,0.306,0.22,0.204,0.601,0.711,0.907,0.305,0.169,0.221,0.197,0.177,0.879,0.17,0.169,0.185,0.448,0.285,0.753,0.307,0.501,0.163,0.165,0.314,0.708,0.242,0.157,0.491,0.973,0.244,0.212,0.606,0.199,0.224,0.244,0.964,0.218,0.957,0.59,0.364,0.711,0.169,0.193,0.374,0.334,0.322,0.218,0.251,0.152,0.264,0.208,0.22,0.266,0.86,0.261,0.205,0.336,0.222,0.219,0.167,0.19,0.199,0.584,0.812,0.336,0.305,0.605,0.195,0.169,0.159,0.193,0.209,0.195,0.199,0.338,0.201,0.548,0.358,0.258,0.27,0.227,0.348,0.323,0.452,0.435,0.162,0.259,0.59,0.242,0.176,0.308,0.772,0.476,0.548,0.163,0.275,0.526,0.169,0.188,0.956,0.162,0.918,0.907,0.181,0.202,0.25,0.339,0.154,0.15,0.155,0.42,0.362,0.28,0.19,0.399,0.175,0.223,0.197,0.359,0.359,0.335,0.196,0.282,0.423,0.212,0.2,0.279,0.466,0.579,0.351,0.351,0.288,0.301,0.399,0.274,0.389,0.277,0.157,0.7,0.862,0.208,0.721,0.251,0.182,0.264,0.157,0,0,0,0,0,0,0,0,0,0,0,0,0,0,0,0,0,0,0,0,0,0,0,0,0,0,0,0,0,0,0,0,0,0,0,0,0,0,0,0,0,0,0,0,0,0,0,0,0,0,0,0,0,0,0,0,0,0,0,0,0,0,0,0,0,0,0,0,0,0,0,0,0,0,0,0,0,0,0,0,0,0,0,0,0,0,0,0,0,0,0,0,0,0,0,0,0,0,0,0,0,0,0,0,0,0,0,0,0,0,0,0,0,0,0,0,0,0,0,0,0,0,0,0,0,0,0,0,0,0,0,0,0,0,0,0,0,0,0,0,0,0,0,0,0,0,0,0,0,0,0,0,0,0,0,0,0,0,0,0,0,0,0,0,0,0,0,0,0,0,0,0,0,0,0,0,0,0,0,0,0,0,0,0,0,0,0,0,0,0,0,0,0,0,0,0,0,0,0,0,0,0,0,0,0,0,0,0,0,0,0,0,0,0,0,0,0,0,0,0,0,0,0,0,0,0,0,0,0,0,0,0,0,0,0,0,0,0,0,0,0,0,0,0,0,0,0,0,0,0,0,0,0,0,0,0,0,0,0,0,0,0,0,0,0,0,0,0,0,0,0,0,0,0,0,0,0,0,0,0,0,0,0,0,0,0,0,0,0,0,0,0,0,0,0,0,0,0,0,0,0,0,0,0,0,0,0,0,0,0,0,0,0,0,0,0,0,0,0,0,0,0,0,0,0,0,0,0,0,0,0,0,0,0,0,0,0,0,0,0,0,0,0,0,0,0,0,0,0,0,0,0,0,0,0,0,0,0,0,0,0,0,0,0,0,0,0,0,0,0,0,0,0,0,0,0,0,0,0,0,0,0,0,0,0,0,0,0,0,0,0,0,0,0,0,0,0,0,0,0,0,0,0,0,0,0,0,0,0,0,0,0,0,0,0,0,0,0,0,0,0,0,0,0,0,0,0,0,0,0,0,0,0,0,0,0,0,0,0,0,0,0,0,0,0,0,0,0,0,0,0,0,0,0,0,0,0,0,0,0,0,0,0,0,0,0,0,0,0,0,0,0,0,0,0,0,0,0,0,0,0,0,0,0,0,0,0,0,0,0,0,0,0,0,0,0,0,0,0,0,0,0,0,0,0,0,0,0,0,0,0,0,0,0,0,0,0,0,0,0,0,0,0,0,0,0,0,0,0,0,0,0,0,0,0,0,0,0,0,0,0,0,0,0,0,0,0,0,0,0,0,0,0,0,0,0,0,0,0,0,0,0,0,0,0,0,0,0,0,0,0,0,0,0,0,0,0,0,0,0,0,0,0,0,0,0,0,0,0,0,0,0,0,0,0,0,0,0,0,0,0,0,0,0,0,0,0,0,0,0,0,0,0,0,0,0,0,0,0,0,0,0,0,0,0,0,0,0,0,0,0,0,0,0,0,0,0,0,0,0,0,0,0,0,0,0,0,0,0,0,0,0,0,0,0,0,0,0,0,0,0,0,0,0,0,0,0,0,0,0,0,0,0,0,0,0,0,0,0,0,0,0,0,0,0,0,0,0,0,0,0,0,0,0,0,0,0,0,0,0,0,0,0,0,0,0,0,0,0,0,0,0,0,0,0,0,0,0,0,0,0,0,0,0,0,0,0,0,0,0,0,0,0,0,0,0,0,0,0,0,0,0,0,0,0,0,0,0,0,0,0,0,0,0,0,0,0,0,0,0,0,0,0,0,0,0,0,0,0,0,0,0,0,0,0,0,0,0,0,0,0,0,0,0,0,0,0,0,0,0,0,0,0,0,0,0,0,0,0,0,0,0,0,0,0,0,0,0,0,0,0,0,0,0,0,0,0,0,0,0,0,0,0,0,0,0,0,0,0,0,0,0,0,0,0,0,0,0,0,0,0,0,0,0,0,0,0,0,0,0,0,0,0,0,0,0,0,0,0,0,0,0,0,0,0,0,0,0,0,0,0,0,0,0,0,0,0,0,0,0,0,0,0,0,0,0,0,0,0,0,0,0,0,0,0,0,0,0,0,0,0,0,0,0,0,0,0,0,0,0,0,0,0,0,0,0,0,0,0,0,0,0,0,0,0,0,0,0,0,0,0,0,0,0,0,0,0,0,0,0,0,0,0,0,0,0,0,0,0,0,0,0,0,0,0,0,0,0,0,0,0,0,0,0,0,0,0,0,0,0,0,0,0,0,0,0,0,0,0,0,0,0,0,0,0,0,0,0,0,0,0,0,0,0,0,0,0,0,0,0,0,0,0,0,0,0,0,0,0,0,0,0,0,0,0,0,0,0,0,0,0,0,0,0,0,0,0,0,0,0,0,0,0,0,0,0,0,0,0,0,0,0,0,0,0,0,0,0,0,0,0,0,0,0,0,0,0,0,0,0,0,0,0,0,0,0,0,0,0,0,0,0,0,0,0,0,0,0,0,0,0,0,0,0,0,0,0,0,0,0,0,0,0,0,0,0,0,0,0,0,0,0,0,0,0,0,0,0,0,0,0,0,0,0,0,0,0,0,0,0,0,0,0,0,0,0,0,0,0,0,0,0,0,0,0,0,0,0,0,0,0,0,0,0,0,0,0,0,0,0,0,0,0,0,0,0,0,0,0,0,0,0,0,0,0,0,0,0,0,0,0,0,0,0,0,0,0,0,0,0,0,0,0,0,0,0,0,0,0,0,0,0,0,0,0,0,0,0,0,0,0,0,0,0,0,0,0,0,0,0,0,0,0,0,0,0,0,0,0,0,0,0,0,0,0,0,0,0,0,0,0,0,0,0,0,0,0,0,0,0,0,0,0,0,0,0,0,0,0,0,0,0,0,0,0,0,0,0,0,0,0,0,0,0,0,0,0,0,0,0,0,0,0,0,0,0,0,0,0,0,0,0,0,0,0,0,0,0,0,0,0,0,0,0,0,0,0,0,0,0,0,0,0,0,0,0,0,0,0,0,0,0,0,0,0,0,0,0,0,0,0,0,0,0,0,0,0,0,0,0,0,0,0,0,0,0,0,0,0,0,0,0,0,0,0,0,0,0,0,0,0,0,0,0,0,0,0,0,0,0,0,0,0,0,0,0,0,0,0,0,0,0,0,0,0,0,0,0,0,0,0,0,0,0,0,0,0,0,0,0,0,0,0,0,0,0,0,0,0,0,0,0,0,0,0,0,0,0,0,0,0,0,0,0,0,0,0,0,0,0,0,0,0,0,0,0,0,0,0,0,0,0,0,0,0,0,0,0,0,0,0,0,0,0,0,0,0,0,0,0,0,0,0,0,0,0,0,0,0,0,0,0,0,0,0,0,0,0,0,0,0,0,0,0,0,0,0,0,0,0,0,0,0,0,0,0,0,0,0,0,0,0,0,0,0,0,0,0,0,0,0,0,0,0,0,0,0,0,0,0,0,0,0,0,0,0,0,0,0,0,0,0,0,0,0,0,0,0,0,0,0,0,0,0,0,0,0,0,0,0,0,0,0,0,0,0,0,0,0,0,0,0,0,0,0,0,0,0,0,0,0,0,0,0,0,0,0,0,0,0,0,0,0,0,0,0,0,0,0,0,0,0,0,0,0,0,0,0,0,0,0,0,0,0,0,0,0,0,0,0,0,0,0,0,0,0,0,0,0,0,0,0,0,0,0,0,0,0,0,0,0,0,0,0,0,0,0,0,0,0,0,0,0,0,0,0,0,0,0,0,0,0,0,0,0,0,0,0,0,0,0,0,0,0,0,0,0,0,0,0,0,0,0,0,0,0,0,0,0,0,0,0,0,0,0,0,0,0,0,0,0,0,0,0,0,0,0,0,0,0,0,0,0,0,0,0,0,0,0,0,0,0,0,0,0,0,0,0,0
852547,0.184,0.154,0,0,0,0,0.173,0,0,0.298,0,0,0,0,0,0,0,0,0,0,0,0,0,0,0.154,0,0,0,0,0,0,0,0,0,0,0,0,0,0,0,0,0.218,0,0,0.248,0,0,0.204,0.162,0,0.831,0,0,0.184,0,0,0,0,0,0,0,0.314,0.154,0,0,0,0.156,0.221,0,0,0.265,0,0,0,0,0,0,0,0,0,0.21,0.248,0,0,0,0,0,0,0.248,0,0,0,0,0,0,0,0,0,0,0.155,0,0,0,0,0,0,0,0,0,0,0,0,0,0,0,0,0,0.15,0.643,0,0,0,0,0,0,0.252,0,0,0,0,0.162,0,0,0,0,0,0,0,0,0,0.156,0,0.307,0,0,0.155,0.996,0,0,0,0,0,0,0.162,0,0,0.826,0,0,0.227,0,0,0,0,0,0,0,0.193,0.162,0.299,0,0,0,0,0,0,0,0,0,0,0,0,0,0.336,0,0,0,0.219,0.158,0.823,0,0.254,0,0,0,0.378,0,0,0,0.162,0.502,0.769,0.308,0,0,0.16,0,0,0,0,0,0,0,0,0.182,0,0,0.19,0.544,0,0,0,0,0,0,0,0,0,0,0,0,0,0,0,0,0.818,0,0,0,0.155,0.187,0,0,0,0.445,0,0,0.347,0,0.353,0,0.521,0,0,0,0,0.437,0,0,0.503,0,0,0,0.169,0,0.16,0,0,0,0,0,0.449,0,0.737,0.246,0,0.262,0,0,0.576,0,0,0,0.163,0.492,0,0,0,0.282,0,0,0,0,0.195,0,0,0.424,0.241,0,0,0,0.204,0,0,0,0.945,0,0,0,0,0,0.187,0,0.232,0,0,0,0,0,0.341,0.242,0,0.172,0,0,0.225,0,0.282,0,0,0,0.879,0,0.242,0,0.254,0,0,0.198,0.369,0,0,0,0,0,0,0.818,0,0,0,0,0,0.184,0.36,0,0,0,0,0,0,0.448,0,0,0,0,0.152,0,0,0,0,0,0,0,0,0,0,0,0.389,0,0,0,0,0,0,0,0,0.215,0,0,0.418,0.467,0,0,0.458,0,0,0,0,0,0.151,0,0,0.458,0.272,0,0,0,0,0,0,0.216,0,0.15,0,0.211,0,0.166,0,0.472,0,0,0,0,0,0,0.194,0,0.766,0,0.718,0,0,0.263,0,0.382,0,0,0.628,0,0.442,0,0.217,0.211,0,0,0,0.151,0.29,0,0,0,0,0,0.503,0,0.229,0,0,0,0,0.202,0.265,0,0,0.203,0.339,0,0,0,0,0,0,0,0,0,0,0.225,0,0,0,0,0,0.206,0,0,0,0,0.216,0,0,0,0.272,0,0,0.32,0,0.217,0.287,0,0,0,0,0,0,0,0,0.439,0.158,0,0,0,0,0,0,0,0,0,0,0,0,0,0.229,0,0,0,0,0,0.226,0.504,0,0,0.289,0,0,0,0,0,0,0.204,0.228,0,0,0,0,0,0.232,0,0,0,0,0,0,0,0.242,0.258,0,0.297,0,0,0.28,0.218,0,0.181,0,0,0.155,0,0,0.22,0,0,0.759,0,0,0,0.23,0,0,0,0,0,0,0.189,0,0,0,0,0,0.456,0,0,0,0.2,0,0,0,0,0,0,0,0,0,0.278,0.203,0.251,0,0,0,0,0,0.275,0.175,0,0,0.294,0,0,0.162,0.234,0,0,0,0.373,0,0,0.185,0,0.153,0,0,0.188,0,0,0,0,0.184,0,0,0,0,0.193,0.173,0,0,0,0,0,0,0,0.161,0,0.365,0.165,0,0,0.26,0,0.38,0,0,0,0,0,0,0,0,0,0.186,0,0,0,0,0.17,0,0,0,0,0,0.312,0,0,0,0,0,0,0,0,0,0.162,0.185,0.203,0,0,0,0,0.173,0,0.226,0.155,0,0,0,0.243,0,0,0.272,0,0,0,0,0,0,0.258,0,0.248,0.238,0,0,0,0.407,0,0,0.168,0,0,0,0.255,0,0.531,0,0,0,0,0,0,0,0,0,0.422,0,0.244,0,0,0,0,0.468,0.365,0,0.921,0,0,0,0,0.443,0.316,0,0,0,0,0.237,0,0,0.302,0,0,0,0,0,0,0.208,0.683,0,0,0.491,0,0.152,0,0,0,0,0.195,0,0,0,0.17,0,0,0,0.62,0,0,0,0.207,0.364,0,0.584,0.494,0.277,0,0.472,0.525,0,0,0,0,0,0,0,0.716,0.15,0,0.331,0,0,0,0,0,0.27,0,0,0.196,0,0.399,0,0,0.233,0,0,0,0,0,0.782,0,0,0,0,0,0,0,0,0,0,0,0,0,0.281,0,0.684,0,0.299,0,0,0.345,0,0,0,0,0,0,0,0,0,0,0.48,0.234,0,0,0,0,0,0,0,0,0,0,0.347,0.15,0.678,0,0,0,0,0,0,0,0,0.307,0.187,0.169,0,0,0.187,0,0.299,0.425,0.233,0,0.203,0,0.21,0.165,0.239,0,0.743,0,0.206,0,0.478,0.169,0,0,0,0,0,0,0.287,0.235,0.198,0.621,0,0,0.233,0.197,0,0.162,0,0,0,0,0,0,0,0,0,0,0.158,0,0,0,0,0.381,0,0.222,0,0,0,0.58,0.159,0,0,0.176,0,0,0,0.253,0,0.222,0,0,0,0.188,0,0,0,0,0,0,0,0.233,0,0,0,0,0,0,0,0,0,0,0,0,0,0,0,0,0,0,0.233,0,0,0,0,0,0,0,0,0,0,0.156,0,0,0,0,0,0,0,0,0,0.174,0,0,0,0.163,0,0,0,0,0,0.165,0,0,0,0.454,0.202,0.189,0.175,0.395,0.17,0.201,0.344,0.426,0,0,0.248,0,0,0,0.313,0.327,0.698,0.162,0,0.266,0.224,0.3,0,0,0,0.588,0.158,0.211,0.251,0.314,0,0,0,0,0,0.249,0.155,0,0.189,0,0,0,0.893,0.154,0,0,0,0.185,0.248,0,0.198,0,0,0,0,0,0.182,0.181,0,0.525,0.724,0.168,0,0,0.656,0.177,0.187,0.798,0,0.288,0.17,0.155,0.716,0.171,0.182,0,0,0.816,0.184,0.161,0,0.193,0.174,0,0,0,0.394,0,0.187,0,0,0,0,0.261,0,0,0,0.248,0.663,0,0.252,0.189,0,0,0.41,0,0.186,0.184,0,0.17,0,0.445,0,0,0.18,0,0.159,0,0,0.155,0,0.326,0.918,0,0,0.735,0.244,0.155,0,0,0,0,0.465,0,0,0,0,0.818,0,0,0.343,0.185,0.153,0,0,0.183,0,0,0,0.242,0,0,0,0.232,0.752,0,0.187,0,0.493,0,0,0,0.151,0.232,0,0.486,0,0,0,0.266,0,0,0.269,0.165,0.581,0.222,0.27,0.391,0.222,0,0.168,0.191,0,0.289,0,0.161,0,0,0.248,0,0.263,0,0,0.546,0,0,0.176,0,0.194,0.176,0,0,0.181,0.288,0.333,0,0.363,0,0.359,0,0.197,0,0.248,0.378,0.162,0.244,0.403,0.175,0,0,0,0,0.75,0,0.59,0,0,0.187,0,0,0.29,0.184,0.159,0,0,0.232,0.261,0.175,0,0.202,0,0.248,0,0.297,0,0,0,0,0,0,0.353,0,0.869,0,0.182,0.218,0.588,0,0,0,0,0.428,0.393,0,0,0.424,0,0,0.226,0,0.324,0,0.211,0,0,0.377,0.187,0.232,0,0,0.61,0,0.187,0.595,0,0.763,0.289,0.557,0,0.626,0.441,0,0,0,0.362,0.25,0.188,0.274,0,0.245,0.248,0.254,0.63,0,0,0.481,0.187,0,0,0.257,0,0,0,0,0,0.187,0.187,0.266,0,0,0.187,0.248,0.592,0.721,0.182,0,0.248,0,0,0,0,0.517,0.528,0.646,0,0.21,0.538,0.264,0,0,0,0,0.166,0,0,0,0,0,0.212,0.187,0.261,0,0.223,0,0.297,0,0,0.591,0,0,0.424,0.216,0,0,0,0.48,0.965,0,0.261,0,0,0.195,0.312,0,0,0.768,0,0.426,0.205,0.182,0,0.168,0.364,0.19,0.752,0.211,0.89,0,0,0,0.182,0.365,0.162,0,0.825,0.237,0.19,0,0.223,0,0.348,0.198,0,0.155,0,0.615,0.808,0.299,0.293,0.706,0.183,0,0,0.738,0.175,0.379,0,0,0.407,0,0.185,0,0.187,0.355,0,0,0,0.248,0.283,0.654,0.186,0,0,0.248,0.326,0,0.516,0.199,0.61,0.239,0,0,0.176,0,0.264,0,0,0,0,0,0,0,0.187,0.344,0.162,0,0.224,0,0,0,0,0,0,0,0.23,0,0.155,0,0.155,0,0.297,0.392,0,0,0.646,0.253,0.189,0.334,0,0,0.41,0,0,0,0.187,0,0.417,0,0,0.426,0.155,0.174,0.182,0.336,0.176,0.304,0,0.791,0.248,0,0,0.219,0.41,0.446,0.417,0.158,0.89,0,0,0,0.582,0.17,0,0,0,0,0,0,0.155,0.182,0.323,0.279,0,0.182,0.184,0.888,0.309,0,0.508,0,0,0,0,0,0,0,0,0,0,0,0,0,0,0,0.18,0,0,0,0,0,0,0,0,0,0,0,0.186,0,0,0,0,0,0.152,0,0,0.174,0,0,0.182,0,0,0,0,0,0,0,0,0,0,0.202,0,0,0,0,0.195,0,0,0,0,0,0,0,0,0,0,0,0,0,0.165,0.165,0,0,0.168,0,0,0,0,0.181,0,0,0,0,0,0,0,0,0,0,0,0,0.308,0.416,0.182,0,0,0.198,0.17,0,0,0,0,0,0,0,0.165,0.291,0.309,0,0,0.203,0,0,0,0,0.337,0,0.57,0,0,0,0,0,0.182,0,0,0.168,0,0,0,0.178,0,0,0.224,0.232,0,0.196,0.228,0,0,0,0,0,0,0,0.427,0,0,0.189,0,0.164,0,0,0,0,0,0,0,0,0,0,0,0,0,0.228,0,0,0.227,0.178,0.178,0,0,0,0,0,0,0,0,0,0,0,0,0,0.333,0,0,0,0,0,0.198,0,0.202,0,0,0,0.244,0,0,0,0.181,0,0,0,0,0,0,0,0,0,0,0,0.28,0,0,0,0,0,0,0,0,0,0,0,0,0,0,0,0,0,0,0,0,0,0,0,0,0,0,0,0,0,0,0,0,0,0.198,0,0.168,0.324,0,0,0,0,0,0,0.52,0.3,0,0,0,0.17,0,0.201,0,0.281,0.182,0.153,0,0.27,0,0,0.18,0,0.257,0,0,0,0,0,0,0,0,0,0,0.161,0.177,0.185,0,0,0,0.199,0.171,0,0.428,0.685,0,0,0,0,0,0,0.443,0.437,0.272,0,0,0,0.198,0,0,0,0,0.302,0.207,0.292,0,0,0,0,0,0,0.154,0,0,0,0,0,0,0,0,0,0,0,0,0.158,0,0,0,0,0,0,0,0,0.214,0,0,0,0,0,0,0,0,0,0,0,0,0,0.299,0,0.181,0,0.205,0.183,0,0,0,0,0,0,0,0,0,0,0,0,0,0,0,0,0,0,0,0,0.189,0,0,0,0,0,0,0.182,0,0,0,0,0,0,0.181,0,0,0,0,0,0,0,0,0,0,0,0,0,0,0,0,0,0,0,0,0,0,0,0,0,0,0,0,0,0,0,0,0,0,0,0.153,0,0.274,0,0.168,0,0.311,0,0,0.182,0,0,0,0,0,0,0.221,0,0.193,0,0,0,0,0,0,0,0,0,0,0,0,0,0,0,0,0,0,0,0,0,0,0.183,0,0,0,0,0,0,0,0,0.207,0,0,0,0,0,0.193,0,0,0,0,0,0.168,0,0,0,0,0,0,0,0,0,0,0,0,0,0,0,0,0,0,0,0.433,0,0,0,0,0,0,0,0,0,0,0,0,0.168,0,0,0,0,0,0,0,0.205,0.162,0.341,0,0,0.243,0,0,0,0,0,0,0,0,0.275,0,0,0,0,0,0,0,0.181,0,0,0,0,0.226,0,0,0,0,0,0.234,0.241,0,0,0,0,0,0,0.16,0,0,0,0,0,0,0,0,0,0,0,0,0,0,0,0,0,0,0,0,0,0,0,0,0,0,0,0,0,0,0,0,0,0,0,0,0,0.162,0,0,0,0.25,0,0,0,0,0,0,0,0,0,0,0,0,0,0,0,0,0,0,0,0,0,0,0.195,0,0,0,0.362,0,0,0,0,0,0,0,0,0,0,0,0,0,0,0,0,0,0,0,0,0,0,0.162,0,0,0,0,0,0,0,0,0,0,0,0,0,0.179,0,0,0,0,0,0,0,0,0,0,0,0,0,0,0,0,0.173,0,0,0.327,0.195,0.262,0.163,0,0,0,0,0,0,0,0.162,0,0,0,0,0,0,0,0,0,0.177,0.211,0,0,0,0,0,0,0,0,0,0,0,0,0,0,0,0,0,0.235,0,0,0,0.162,0,0,0.318,0,0,0.384,0,0,0,0,0,0,0.235,0,0.188,0,0,0.183,0,0,0,0.195,0,0,0.211,0,0,0,0,0,0,0,0.188,0,0,0,0,0,0,0,0,0,0,0,0,0,0,0,0,0,0,0,0,0,0,0,0,0.203,0.196,0,0.18,0,0,0.226,0,0,0,0,0,0,0,0,0,0,0,0,0,0,0,0.182,0,0,0,0,0,0,0,0,0,0,0,0.451,0,0,0,0,0.184,0,0,0,0.181,0.259,0,0,0,0,0,0,0,0.161,0,0.161,0.26,0,0,0,0,0,0,0,0,0,0,0,0,0,0.203,0.161,0,0,0,0,0,0,0,0,0,0,0.167,0,0,0,0,0,0,0,0.152,0,0,0,0,0,0,0,0,0,0,0,0,0,0,0,0,0,0.162,0,0,0.614,0,0,0,0,0,0,0,0,0,0,0,0,0.166,0,0,0,0,0,0,0,0,0,0,0,0,0,0,0,0.175,0,0,0,0,0.163,0,0,0,0,0,0,0,0,0,0,0,0,0,0,0,0,0,0,0,0,0,0.171,0,0,0.163,0,0,0,0.154,0.162,0,0,0,0,0,0,0,0,0,0,0,0,0.199,0,0,0,0,0,0,0,0,0,0,0,0,0.221,0,0,0,0.167,0,0.184,0,0.175,0.233,0.214,0.173,0.189,0.171,0.15,0.158,0.168,0.166,0.213,0.184,0.274,0.196,0.235,0.916,0.155,0.263,0.184,0.459,0.207,0.161,0.152,0.434,0.351,0.396,0.236,0.167,0.191,0.231,0.184,0.195,0.163,0.25,0.193,0.559,0.165,0.196,0.202,0.157,0.162,0.193,0.235,0.184,0.999,0.184,0.202,0.489,0.182,0.166,0.227,0.294,0.184,0.153,0.294,0.565,0.162,0.227,0.235,0.16,0.204,0.168,0.229,0.158,0.203,0.25,0.271,0.17,0.184,0.154,0.167,0.295,0.182,0.258,0.184,0.167,0.196,0.184,0.55,0.17,0.353,0.184,0.233,0.241,0.186,0.185,0.196,0.274,0.226,0.184,0.19,0.207,0.808,0.519,0.184,0.27,0.165,0.333,0.39,0.151,0.243,0.151,0.184,0.219,0.249,0.19,0.159,0.181,0.175,0.153,0.183,0.265,0.234,0.398,0.175,0.997,0.189,0.239,0.315,0.208,0.179,0.244,0.15,0.273,0.184,0.184,0.177,0.162,0.245,0.162,0.151,0.249,0.219,0.416,0.152,0.19,0.166,0.233,0.428,0.162,0.163,0.183,0.273,0.193,0.201,0.184,0.164,0.175,0.307,0.152,0.194,0.197,0.18,0.233,0.238,0.184,0,0,0,0,0,0,0,0,0,0,0,0,0,0,0,0,0,0,0,0,0,0,0,0,0,0,0,0,0,0,0,0,0,0,0,0,0,0,0,0,0,0,0,0,0,0,0,0,0,0,0,0,0,0,0,0,0,0,0,0,0,0,0,0,0,0,0,0,0,0,0,0,0,0,0,0,0,0,0,0,0,0,0,0,0,0,0,0,0,0,0,0,0,0,0,0,0,0,0,0,0,0,0,0,0,0,0,0,0,0,0,0,0,0,0,0,0,0,0,0,0,0,0,0,0,0,0,0,0,0,0,0,0,0,0,0,0,0,0,0,0,0,0,0,0,0,0,0,0,0,0,0,0,0,0,0,0,0,0,0,0,0,0,0,0,0,0,0,0,0,0,0,0,0,0,0,0,0,0,0,0,0,0,0,0,0,0,0,0,0,0,0,0,0,0,0,0,0,0,0,0,0,0,0,0,0,0,0,0,0,0,0,0,0,0,0,0,0,0,0,0,0,0,0,0,0,0,0,0,0,0,0,0,0,0,0,0,0,0,0,0,0,0,0,0,0,0,0,0,0,0,0,0,0,0,0,0,0,0,0,0,0,0,0,0,0,0,0,0,0,0,0,0,0,0,0,0,0,0,0,0,0,0,0,0,0,0,0,0,0,0,0,0,0,0,0,0,0,0,0,0,0,0,0,0,0,0,0,0,0,0,0,0,0,0,0,0,0,0,0,0,0,0,0,0,0,0,0,0,0,0,0,0,0,0,0,0,0,0,0,0,0,0,0,0,0,0,0,0,0,0,0,0,0,0,0,0,0,0,0,0,0,0,0,0,0,0,0,0,0,0,0,0,0,0,0,0,0,0,0,0,0,0,0,0,0,0,0,0,0,0,0,0,0,0,0,0,0,0,0,0,0,0,0,0,0,0,0,0,0,0,0,0,0,0,0,0,0,0,0,0,0,0,0,0,0,0,0,0,0,0,0,0,0,0,0,0,0,0,0,0,0,0,0,0,0,0,0,0,0,0,0,0,0,0,0,0,0,0,0,0,0,0,0,0,0,0,0,0,0,0,0,0,0,0,0,0,0,0,0,0,0,0,0,0,0,0,0,0,0,0,0,0,0,0,0,0,0,0,0,0,0,0,0,0,0,0,0,0,0,0,0,0,0,0,0,0,0,0,0,0,0,0,0,0,0,0,0,0,0,0,0,0,0,0,0,0,0,0,0,0,0,0,0,0,0,0,0,0,0,0,0,0,0,0,0,0,0,0,0,0,0,0,0,0,0,0,0,0,0,0,0,0,0,0,0,0,0,0,0,0,0,0,0,0,0,0,0,0,0,0,0,0,0,0,0,0,0,0,0,0,0,0,0,0,0,0,0,0,0,0,0,0,0,0,0,0,0,0,0,0,0,0,0,0,0,0,0,0,0,0,0,0,0,0,0,0,0,0,0,0,0,0,0,0,0,0,0,0,0,0,0,0,0,0,0,0,0,0,0,0,0,0,0,0,0,0,0,0,0,0,0,0,0,0,0,0,0,0,0,0,0,0,0,0,0,0,0,0,0,0,0,0,0,0,0,0,0,0,0,0,0,0,0,0,0,0,0,0,0,0,0,0,0,0,0,0,0,0,0,0,0,0,0,0,0,0,0,0,0,0,0,0,0,0,0,0,0,0,0,0,0,0,0,0,0,0,0,0,0,0,0,0,0,0,0,0,0,0,0,0,0,0,0,0,0,0,0,0,0,0,0,0,0,0,0,0,0,0,0,0,0,0,0,0,0,0,0,0,0,0,0,0,0,0,0,0,0,0,0,0,0,0,0,0,0,0,0,0,0,0,0,0,0,0,0,0,0,0,0,0,0,0,0,0,0,0,0,0,0,0,0,0,0,0,0,0,0,0,0,0,0,0,0,0,0,0,0,0,0,0,0,0,0,0,0,0,0,0,0,0,0,0,0,0,0,0,0,0,0,0,0,0,0,0,0,0,0,0,0,0,0,0,0,0,0,0,0,0,0,0,0,0,0,0,0,0,0,0,0,0,0,0,0,0,0,0,0,0,0,0,0,0,0,0,0,0,0,0,0,0,0,0,0,0,0,0,0,0,0,0,0,0,0,0,0,0,0,0,0,0,0,0,0,0,0,0,0,0,0,0,0,0,0,0,0,0,0,0,0,0,0,0,0,0,0,0,0,0,0,0,0,0,0,0,0,0,0,0,0,0,0,0,0,0,0,0,0,0,0,0,0,0,0,0,0,0,0,0,0,0,0,0,0,0,0,0,0,0,0,0,0,0,0,0,0,0,0,0,0,0,0,0,0,0,0,0,0,0,0,0,0,0,0,0,0,0,0,0,0,0,0,0,0,0,0,0,0,0,0,0,0,0,0,0,0,0,0,0,0,0,0,0,0,0,0,0,0,0,0,0,0,0,0,0,0,0,0,0,0,0,0,0,0,0,0,0,0,0,0,0,0,0,0,0,0,0,0,0,0,0,0,0,0,0,0,0,0,0,0,0,0,0,0,0,0,0,0,0,0,0,0,0,0,0,0,0,0,0,0,0,0,0,0,0,0,0,0,0,0,0,0,0,0,0,0,0,0,0,0,0,0,0,0,0,0,0,0,0,0,0,0,0,0,0,0,0,0,0,0,0,0,0,0,0,0,0,0,0,0,0,0,0,0,0,0,0,0,0,0,0,0,0,0,0,0,0,0,0,0,0,0,0,0,0,0,0,0,0,0,0,0,0,0,0,0,0,0,0,0,0,0,0,0,0,0,0,0,0,0,0,0,0,0,0,0,0,0,0,0,0,0,0,0,0,0,0,0,0,0,0,0,0,0,0,0,0,0,0,0,0,0,0,0,0,0,0,0,0,0,0,0,0,0,0,0,0,0,0,0,0,0,0,0,0,0,0,0,0,0,0,0,0,0,0,0,0,0,0,0,0,0,0,0,0,0,0,0,0,0,0,0,0,0,0,0,0,0,0,0,0,0,0,0,0,0,0,0,0,0,0,0,0,0,0,0,0,0,0,0,0,0,0,0,0,0,0,0,0,0,0,0,0,0,0,0,0,0,0,0,0,0,0,0,0,0,0,0,0,0,0,0,0,0,0,0,0,0,0,0,0,0,0,0,0,0,0,0,0,0,0,0,0,0,0,0,0,0,0,0,0,0,0,0,0,0,0,0,0,0,0,0,0,0,0,0,0,0,0,0,0,0,0,0,0,0,0,0,0,0,0,0,0,0,0,0,0,0,0,0,0,0,0,0,0,0,0,0,0,0,0,0,0,0,0,0,0,0,0,0,0,0,0,0,0,0,0,0,0,0,0,0,0,0,0,0,0,0,0,0,0,0,0,0,0,0,0,0,0,0,0,0,0,0,0,0,0,0,0,0,0,0,0,0,0,0,0,0,0,0,0,0,0,0,0,0,0,0,0,0,0,0,0,0,0,0,0,0,0,0,0,0,0,0,0,0,0,0,0,0,0,0,0,0,0,0,0,0,0,0,0,0,0,0
853755,0,0,0,0,0.258,0,0,0,0,0,0,0,0,0,0,0,0,0,0,0,0,0,0,0,0,0,0,0,0,0,0,0,0,0,0,0,0,0,0,0,0,0,0,0,0,0,0,0,0,0,0,0,0,0,0,0,0,0,0,0,0,0,0,0,0,0,0,0,0,0,0.447,0,0,0.232,0,0,0.309,0,0,0,0,0,0,0,0,0,0,0,0,0,0,0,0.726,0,0,0,0,0,0.193,0,0,0,0,0,0,0,0,0,0,0,0,0,0,0,0,0,0,0,0,0,0,0,0,0,0,0,0,0,0,0,0,0,0,0,0,0,0,0,0,0,0,0,0,0,0.179,0,0,0,0,0,0,0,0,0,0,0,0,0,0,0.225,0,0,0,0,0.167,0,0,0.193,0,0.154,0,0.164,0,0,0,0,0,0,0,0,0,0,0.945,0,0.908,0,0.541,0,0,0,0,0,0,0,0,0,0.457,0,0,0,0,0,0,0,0,0,0,0.621,0,0.297,0,0,0,0,0,0.248,0,0,0,0,0,0.432,0,0,0,0,0,0,0,0,0.741,0,0,0.175,0,0.192,0.428,0,0.549,0,0,0,0,0.168,0,0,0.228,0,0,0,0.434,0,0.217,0.537,0,0,0,0,0,0,0,0,0.178,0,0,0,0,0.241,0,0,0,0,0,0,0,0,0,0,0,0.202,0,0,0.181,0,0,0.639,0,0,0,0,0.908,0,0,0,0,0.548,0,0,0,0.158,0,0,0,0,0,0,0.207,0.213,0,0,0,0,0.978,0,0,0,0,0.988,0,0,0,0.837,0.969,0,0,0,0,0,0,0,0,0,0,0,0.324,0,0,0,0,0,0,0,0,0,0,0.238,0.192,0.629,0.307,0,0,0,0,0.326,0,0,0.207,0,0,0,0,0.155,0,0.411,0,0,0,0,0,0,0.206,0.3,0,0.309,0,0.305,0,0,0.155,0.979,0,0,0,0,0,0.17,0,0,0,0,0.442,0.914,0,0,0.153,0,0,0.297,0.398,0,0.241,0,0,0,0.765,0,0,0,0,0,0,0.205,0,0,0,0,0,0,0,0,0,0,0.307,0,0,0,0,0,0,0,0,0.987,0,0,0,0,0,0,0,0,0,0,0,0,0.51,0,0,0,0.973,0,0,0,0.168,0.179,0,0.171,0,0,0,0,0,0.939,0.189,0.683,0,0,0,0,0,0,0,0,0,0,0,0,0,0,0.816,0.175,0,0,0,0.561,0.178,0,0,0,0,0.224,0,0,0,0,0,0,0,0,0,0,0,0,0.714,0,0,0,0,0,0,0,0.453,0.185,0.721,0,0,0,0,0,0,0,0,0,0,0,0,0,0,0,0,0,0,0,0,0,0.286,0,0,0.307,0.378,0,0.969,0,0,0,0.339,0,0.923,0,0.699,0,0.403,0,0,0,0,0,0,0,0,0,0,0,0,0,0,0,0,0.821,0,0,0,0,0,0.36,0.519,0.156,0,0,0,0,0,0,0,0,0,0,0,0,0,0,0,0,0,0.177,0,0,0,0,0,0,0.226,0,0,0,0,0,0,0,0.671,0,0,0,0,0,0,0.459,0,0,0,0,0,0,0,0,0,0,0,0,0.277,0,0,0,0,0.197,0,0,0.514,0.537,0,0,0,0,0,0.357,0.524,0.375,0,0,0.193,0,0,0,0.889,0,0.415,0,0,0,0.668,0,0,0.195,0,0,0.89,0.176,0.944,0,0,0,0,0,0,0.152,0,0,0,0,0,0,0,0,0.981,0,0,0,0,0,0,0,0.336,0.984,0,0,0,0,0,0,0,0.944,0,0,0,0,0,0,0,0,0,0,0,0,0,0,0,0,0,0,0,0,0,0,0,0.219,0,0,0,0,0,0,0,0,0,0,0,0,0,0,0,0,0,0.24,0,0,0,0,0,0,0,0,0,0,0.205,0,0,0,0,0.157,0.67,0,0,0,0,0,0,0,0.283,0,0,0,0,0,0,0,0,0,0,0,0,0,0.177,0,0,0.227,0,0,0,0,0,0,0,0.695,0.704,0,0,0,0,0,0,0,0,0.295,0.203,0,0.173,0.191,0,0.805,0,0,0,0,0,0,0,0.485,0.615,0,0.633,0,0,0,0,0,0,0,0,0,0,0.229,0,0,0,0,0.926,0,0,0,0,0.157,0,0,0,0,0,0,0,0,0,0.436,0.911,0,0,0,0,0,0,0,0,0.928,0,0,0.167,0,0,0.316,0.467,0,0.361,0.543,0.817,0,0,0,0,0,0,0,0,0,0,0,0,0,0,0,0,0,0,0,0,0,0.428,0,0,0,0.155,0,0,0,0,0,0.243,0,0,0,0,0,0.502,0,0,0,0,0,0,0,0,0,0,0.196,0,0,0,0.198,0,0,0,0,0.258,0,0,0,0,0.415,0,0,0.321,0.927,0,0.202,0,0,0,0.557,0.634,0.206,0,0,0,0,0,0,0,0,0,0,0,0,0.93,0,0,0,0,0,0,0,0,0,0,0,0,0,0.181,0,0,0,0,0,0,0,0,0,0,0,0,0,0,0,0.196,0.331,0,0,0,0,0,0,0,0,0,0,0,0,0,0,0,0,0,0,0,0,0,0.196,0,0.196,0,0,0.437,0,0,0,0,0,0,0,0,0,0,0,0,0,0,0,0,0,0,0,0,0,0.161,0,0,0.339,0,0,0,0.153,0,0,0,0,0,0,0,0,0,0,0,0,0,0,0.643,0,0,0.445,0,0,0,0,0,0,0,0,0,0,0,0,0,0,0,0,0,0,0,0,0,0,0,0,0,0,0.195,0,0,0,0,0,0,0,0,0,0,0,0,0,0,0,0,0.8,0,0,0,0,0,0,0,0,0,0,0,0,0,0,0.225,0,0,0,0,0,0,0,0,0,0,0,0,0,0,0,0,0,0,0,0,0,0.436,0,0,0,0,0,0,0,0,0,0,0,0,0,0,0,0,0,0,0,0,0,0,0,0,0,0,0,0,0,0,0,0,0,0,0,0,0,0,0.302,0,0,0,0.189,0,0,0,0,0,0,0,0,0,0,0,0,0.19,0,0,0,0,0,0,0,0,0,0,0,0,0,0,0,0,0,0,0,0,0.87,0,0,0,0,0,0,0,0,0,0,0,0,0,0,0,0,0,0,0,0,0,0,0,0,0,0,0,0,0,0,0,0,0,0,0,0,0,0,0,0,0,0,0,0,0,0,0,0,0,0,0.15,0,0,0,0.171,0,0,0,0,0,0,0,0,0,0,0,0,0,0,0,0,0,0,0,0,0,0,0,0,0,0,0,0,0,0,0,0,0,0,0.212,0,0,0,0.573,0,0,0,0,0,0,0,0,0,0,0,0,0,0,0,0,0,0,0,0,0.205,0,0,0,0,0,0,0,0,0,0,0,0,0,0,0,0,0,0,0,0,0,0,0,0,0,0,0,0,0,0,0,0,0,0,0,0,0,0,0,0,0,0.232,0,0,0,0.201,0,0,0,0,0,0,0,0,0,0,0,0,0,0,0,0,0,0,0,0,0,0,0,0,0,0,0,0.929,0,0,0,0,0,0,0,0,0,0,0,0,0,0,0,0,0,0,0,0,0,0,0,0,0,0,0,0,0,0,0,0,0,0,0,0,0,0,0,0,0,0,0,0.313,0,0,0,0,0,0,0,0,0.304,0,0,0,0,0,0.483,0,0.443,0,0,0,0,0,0,0,0,0,0,0,0,0.432,0,0,0,0,0,0,0,0,0,0,0.175,0,0,0,0,0,0.277,0,0,0,0,0,0,0,0,0.227,0,0,0,0,0,0,0,0,0,0,0,0,0,0,0.19,0,0,0,0,0,0,0,0,0,0,0.185,0,0,0,0,0,0,0,0,0,0,0,0,0,0,0,0.574,0,0,0,0,0,0.295,0,0,0.453,0,0,0,0,0,0,0,0,0.153,0,0,0,0,0,0,0,0.183,0,0,0,0.165,0,0,0,0,0,0,0,0,0,0,0,0,0,0,0,0,0,0,0,0,0,0,0,0,0,0,0,0,0,0,0,0,0,0,0,0,0,0,0,0,0,0,0,0,0,0,0.323,0,0,0,0,0,0,0,0,0,0,0,0,0,0,0,0,0,0,0,0,0,0,0,0,0,0,0,0,0,0,0,0,0,0,0,0,0,0,0,0.176,0,0,0,0,0,0,0,0,0,0,0,0,0,0,0,0,0,0,0,0,0,0,0.227,0,0,0.237,0,0,0,0,0,0,0,0,0,0,0,0,0,0,0,0,0,0,0,0,0,0,0,0,0,0,0,0,0,0,0,0,0,0,0,0,0,0,0,0.173,0,0,0,0,0,0,0,0,0,0,0,0,0,0,0,0,0,0,0.446,0,0,0,0,0,0,0,0,0,0,0,0,0,0,0,0,0,0,0,0,0,0,0,0,0,0,0,0,0,0,0,0,0,0,0,0,0,0,0,0,0,0.186,0,0,0,0,0,0,0.386,0,0,0,0,0.211,0,0.204,0,0,0,0,0,0,0,0,0,0,0,0,0,0,0,0,0,0,0,0,0,0,0,0,0,0,0,0,0,0,0,0,0,0,0,0.176,0,0,0,0,0,0,0,0,0,0,0,0,0,0,0.194,0,0,0,0.156,0,0,0.695,0,0,0,0,0.834,0,0,0,0.15,0,0,0,0.955,0.217,0.306,0.229,0,0,0,0,0,0,0,0,0,0,0,0.309,0.369,0,0.216,0,0,0,0,0,0,0,0,0,0,0,0,0,0,0,0.198,0.538,0.331,0,0.216,0,0,0.633,0,0,0,0,0.954,0,0,0,0.252,0,0,0,0,0,0,0,0,0.625,0,0,0.235,0,0,0,0,0,0,0,0,0,0,0,0,0.249,0,0,0,0,0,0,0.958,0,0.467,0,0,0.198,0.643,0,0,0,0,0.29,0,0,0,0,0.226,0.198,0,0,0,0,0.182,0,0,0,0,0,0,0,0,0,0,0,0.171,0,0.225,0,0,0,0,0,0.264,0,0,0.194,0,0,0,0.438,0,0,0,0,0.753,0,0,0.231,0,0.223,0,0,0,0,0,0,0,0,0,0,0,0,0.215,0.231,0,0,0,0.914,0,0,0,0,0,0,0,0.167,0,0,0,0,0,0,0,0,0,0,0.667,0,0,0,0,0.691,0,0.16,0.183,0,0.321,0.542,0,0.928,0,0,0,0,0,0.161,0,0,0,0,0,0,0,0,0,0,0,0,0,0,0,0,0,0,0,0,0,0,0,0,0,0,0,0,0,0,0,0,0,0,0,0,0,0,0,0,0,0,0,0,0,0,0,0,0,0.162,0,0,0,0,0,0,0,0,0,0,0,0.919,0,0,0,0,0,0,0,0,0,0,0,0,0,0,0,0.436,0,0,0,0,0,0.922,0,0,0,0,0,0,0.181,0,0,0,0,0,0,0,0,0,0.446,0,0,0,0,0,0,0,0,0,0,0,0,0,0,0,0,0,0,0,0,0,0,0,0,0,0,0,0,0,0,0,0,0,0,0,0,0,0,0,0,0,0,0,0,0,0,0.309,0,0,0,0,0.376,0,0,0,0,0,0,0,0,0,0,0,0,0,0,0,0,0,0,0,0,0,0,0,0,0,0,0,0.958,0.184,0,0,0,0,0,0,0.222,0,0,0.31,0,0.932,0,0.366,0.9,0,0,0,0,0,0,0,0,0.49,0.222,0,0,0,0,0,0,0,0.83,0,0,0.924,0.437,0,0,0,0,0,0,0,0.175,0,0.173,0,0,0,0,0,0,0,0,0,0,0,0,0,0,0,0,0.5,0.985,0,0,0,0,0,0,0,0,0,0,0,0,0,0.246,0,0,0,0.173,0,0.322,0.958,0,0,0,0,0,0,0,0.322,0,0,0,0,0,0,0,0,0,0,0,0,0,0,0,0,0,0,0,0,0,0,0,0,0,0,0.426,0,0,0,0,0,0,0,0,0,0,0.228,0,0,0,0,0,0,0,0,0,0,0,0,0,0,0,0,0,0,0,0,0,0,0,0,0,0,0,0,0.907,0,0,0,0,0,0,0,0,0,0,0,0,0,0,0,0,0,0,0,0,0,0,0,0,0,0,0,0,0,0,0,0,0,0,0,0,0,0,0,0,0,0,0,0,0,0,0,0,0,0,0,0,0,0,0,0,0,0,0,0,0,0,0,0,0,0,0,0,0,0,0,0,0,0,0,0,0,0,0,0,0,0,0,0,0,0,0,0,0,0,0,0,0,0,0,0.632,0,0,0,0,0,0,0,0,0,0,0,0,0,0,0,0,0,0,0,0.153,0,0,0,0,0,0,0,0,0,0,0,0,0,0,0,0,0,0,0,0,0,0,0,0,0,0,0.478,0,0,0,0,0,0,0,0,0,0,0,0,0,0,0,0,0,0,0,0,0,0,0,0,0,0,0,0,0,0,0,0,0,0,0,0,0,0,0,0,0,0,0,0,0,0,0,0,0,0,0,0,0,0,0,0,0,0,0,0,0,0,0,0,0,0,0,0,0,0,0,0,0,0,0,0,0,0,0,0,0,0,0,0,0,0,0,0,0,0,0,0.156,0,0,0,0,0.184,0,0,0,0,0,0,0,0,0,0,0,0,0,0,0,0,0,0,0,0,0,0,0,0,0,0,0,0,0,0,0,0,0,0,0,0,0,0,0,0,0,0,0,0,0,0,0,0,0,0,0,0,0,0,0,0,0,0,0,0,0,0,0,0,0,0,0,0,0,0,0,0,0,0,0.192,0,0,0,0,0,0,0,0,0.695,0,0,0,0,0,0,0,0,0.214,0,0,0,0,0,0,0,0,0,0,0,0,0,0,0,0,0,0,0,0,0,0,0,0,0,0.311,0.461,0,0,0,0,0,0,0,0,0,0,0,0,0,0,0,0,0,0,0,0,0,0,0,0,0,0,0,0,0,0,0,0,0,0,0,0,0,0,0,0,0,0,0,0,0,0,0,0,0,0,0,0,0,0,0,0,0,0,0,0,0,0,0,0,0,0,0,0,0,0,0,0,0,0,0,0,0,0,0,0,0,0,0,0,0,0,0,0,0,0,0,0,0,0,0,0.231,0,0.15,0,0,0,0,0,0,0,0,0,0,0,0,0,0,0,0,0,0,0,0,0,0,0.3,0,0,0,0,0,0,0,0,0,0,0,0,0,0,0,0,0,0,0,0,0,0,0,0,0,0,0,0,0,0,0,0,0,0,0,0,0,0,0,0,0,0,0,0,0.192,0,0,0,0,0,0,0,0,0,0,0,0,0,0,0,0,0,0,0,0,0,0,0,0,0,0,0,0,0,0,0,0,0,0,0,0,0,0,0,0,0,0,0,0,0,0,0,0,0,0,0,0,0,0,0,0,0,0,0,0,0,0,0,0,0,0,0,0,0,0,0,0,0,0,0,0.185,0,0,0,0,0,0,0,0,0,0,0,0,0,0,0,0,0,0,0,0,0.153,0.258,0.909,0.164,0.901,0.695,0.18,0.165,0.695,0.838,0.18,0.474,0.233,0.605,0.605,0.252,0.165,0.214,0.192,0.197,0.237,0.172,0.86,0.714,0.15,0.358,0.397,0.332,0.429,0.781,0.192,0.467,0.489,0.213,0.153,0.181,0.17,0.367,0.244,0.822,0.215,0.286,0.187,0.593,0.185,0.221,0.169,0.247,0.456,0.214,0.165,0.181,0.695,0.206,0.259,0.269,0.18,0.185,0.893,0.264,0.463,0.662,0.243,0.273,0.306,0.165,0.438,0.153,0.438,0.301,0.207,0.153,0.649,0.165,0.901,0.185,0.178,0.225,0.331,0.153,0.472,0.16,0.165,0.153,0.938,0.781,0.169,0.315,0.332,0.39,0.359,0.866,0.435,0.692,0.165,0.352,0.438,0.555,0.187,0.16,0.913,0.474,0.15,0.159,0.288,0.276,0,0,0,0,0,0,0,0,0,0,0,0,0,0,0,0,0,0,0,0,0,0,0,0,0,0,0,0,0,0,0,0,0,0,0,0,0,0,0,0,0,0,0,0,0,0,0,0,0,0,0,0,0,0,0,0,0,0,0,0,0,0,0,0,0,0,0,0,0,0,0,0,0,0,0,0,0,0,0,0,0,0,0,0,0,0,0,0,0,0,0,0,0,0,0,0,0,0,0,0,0,0,0,0,0,0,0,0,0,0,0,0,0,0,0,0,0,0,0,0,0,0,0,0,0,0,0,0,0,0,0,0,0,0,0,0,0,0,0,0,0,0,0,0,0,0,0,0,0,0,0,0,0,0,0,0,0,0,0,0,0,0,0,0,0,0,0,0,0,0,0,0,0,0,0,0,0,0,0,0,0,0,0,0,0,0,0,0,0,0,0,0,0,0,0,0,0,0,0,0,0,0,0,0,0,0,0,0,0,0,0,0,0,0,0,0,0,0,0,0,0,0,0,0,0,0,0,0,0,0,0,0,0,0,0,0,0,0,0,0,0,0,0,0,0,0,0,0,0,0,0,0,0,0,0,0,0,0,0,0,0,0,0,0,0,0,0,0,0,0,0,0,0,0,0,0,0,0,0,0,0,0,0,0,0,0,0,0,0,0,0,0,0,0,0,0,0,0,0,0,0,0,0,0,0,0,0,0,0,0,0,0,0,0,0,0,0,0,0,0,0,0,0,0,0,0,0,0,0,0,0,0,0,0,0,0,0,0,0,0,0,0,0,0,0,0,0,0,0,0,0,0,0,0,0,0,0,0,0,0,0,0,0,0,0,0,0,0,0,0,0,0,0,0,0,0,0,0,0,0,0,0,0,0,0,0,0,0,0,0,0,0,0,0,0,0,0,0,0,0,0,0,0,0,0,0,0,0,0,0,0,0,0,0,0,0,0,0,0,0,0,0,0,0,0,0,0,0,0,0,0,0,0,0,0,0,0,0,0,0,0,0,0,0,0,0,0,0,0,0,0,0,0,0,0,0,0,0,0,0,0,0,0,0,0,0,0,0,0,0,0,0,0,0,0,0,0,0,0,0,0,0,0,0,0,0,0,0,0,0,0,0,0,0,0,0,0,0,0,0,0,0,0,0,0,0,0,0,0,0,0,0,0,0,0,0,0,0,0,0,0,0,0,0,0,0,0,0,0,0,0,0,0,0,0,0,0,0,0,0,0,0,0,0,0,0,0,0,0,0,0,0,0,0,0,0,0,0,0,0,0,0,0,0,0,0,0,0,0,0,0,0,0,0,0,0,0,0,0,0,0,0,0,0,0,0,0,0,0,0,0,0,0,0,0,0,0,0,0,0,0,0,0,0,0,0,0,0,0,0,0,0,0,0,0,0,0,0,0,0,0,0,0,0,0,0,0,0,0,0,0,0,0,0,0,0,0,0,0,0,0,0,0,0,0,0,0,0,0,0,0,0,0,0,0,0,0,0,0,0,0,0,0,0,0,0,0,0,0,0,0,0,0,0,0,0,0,0,0,0,0,0,0,0,0,0,0,0,0,0,0,0,0,0,0,0,0,0,0,0,0,0,0,0,0,0,0,0,0,0,0,0,0,0,0,0,0,0,0,0,0,0,0,0,0,0,0,0,0,0,0,0,0,0,0,0,0,0,0,0,0,0,0,0,0,0,0,0,0,0,0,0,0,0,0,0,0,0,0,0,0,0,0,0,0,0,0,0,0,0,0,0,0,0,0,0,0,0,0,0,0,0,0,0,0,0,0,0,0,0,0,0,0,0,0,0,0,0,0,0,0,0,0,0,0,0,0,0,0,0,0,0,0,0,0,0,0,0,0,0,0,0,0,0,0,0,0,0,0,0,0,0,0,0,0,0,0,0,0,0,0,0,0,0,0,0,0,0,0,0,0,0,0,0,0,0,0,0,0,0,0,0,0,0,0,0,0,0,0,0,0,0,0,0,0,0,0,0,0,0,0,0,0,0,0,0,0,0,0,0,0,0,0,0,0,0,0,0,0,0,0,0,0,0,0,0,0,0,0,0,0,0,0,0,0,0,0,0,0,0,0,0,0,0,0,0,0,0,0,0,0,0,0,0,0,0,0,0,0,0,0,0,0,0,0,0,0,0,0,0,0,0,0,0,0,0,0,0,0,0,0,0,0,0,0,0,0,0,0,0,0,0,0,0,0,0,0,0,0,0,0,0,0,0,0,0,0,0,0,0,0,0,0,0,0,0,0,0,0,0,0,0,0,0,0,0,0,0,0,0,0,0,0,0,0,0,0,0,0,0,0,0,0,0,0,0,0,0,0,0,0,0,0,0,0,0,0,0,0,0,0,0,0,0,0,0,0,0,0,0,0,0,0,0,0,0,0,0,0,0,0,0,0,0,0,0,0,0,0,0,0,0,0,0,0,0,0,0,0,0,0,0,0,0,0,0,0,0,0,0,0,0,0,0,0,0,0,0,0,0,0,0,0,0,0,0,0,0,0,0,0,0,0,0,0,0,0,0,0,0,0,0,0,0,1
854844,0.255,0.223,0.665,0,0,0,0.519,0,0.161,0.202,0,0,0,0,0,0.187,0,0,0.341,0,0,0.157,0,0,0.223,0,0,0,0,0,0,0,0.329,0,0,0,0,0,0,0,0.208,0.197,0,0,0.492,0.19,0,0.196,0,0,0,0,0,0,0,0,0,0.185,0,0,0.639,0.202,0.199,0,0.243,0,0,0.208,0,0,0,0,0,0,0,0.203,0,0,0,0,0.32,0,0,0,0,0.556,0.169,0,0,0,0,0,0,0,0.223,0,0.173,0.793,0.243,0.263,0,0,0,0.214,0.35,0,0.64,0,0,0.234,0,0,0,0,0,0,0,0,0,0.382,0,0.598,0.207,0,0,0,0,0.993,0,0,0.271,0,0.188,0,0,0.173,0,0,0,0,0.221,0.928,0.28,0,0,0.263,0,0,0,0,0.28,0,0,0,0,0.196,0,0,0,0,0,0,0,0.384,0.243,0,0,0.214,0,0.248,0,0,0,0,0,0,0,0.19,0,0.194,0,0,0,0,0,0,0,0,0,0.312,0.351,0,0,0,0,0,0,0,0,0,0,0,0,0,0,0,0.293,0,0,0.365,0,0,0,0.3,0.411,0,0,0,0.471,0,0.944,0,0,0.963,0,0,0,0,0,0,0,0,0,0,0.251,0,0,0,0,0,0,0,0.195,0.37,0,0,0,0.285,0,0,0,0,0,0,0.591,0,0,0,0,0,0,0,0,0.167,0.248,0,0,0,0,0,0,0,0,0,0.222,0,0,0.57,0,0,0,0,0.292,0,0,0.477,0,0,0,0,0,0,0,0,0,0,0,0.185,0,0,0.925,0,0,0.95,0,0,0,0,0,0,0,0,0,0.464,0,0,0.247,0,0,0.596,0,0,0,0.341,0,0,0,0,0.371,0.193,0,0,0,0.904,0,0,0,0,0.155,0,0,0,0,0,0,0.274,0,0,0,0.164,0.603,0,0,0,0,0,0,0,0,0,0,0,0,0,0,0,0,0,0.465,0,0,0,0.338,0,0,0,0,0.161,0,0,0,0,0,0,0,0,0,0,0,0,0,0,0,0,0,0,0,0,0,0,0,0,0,0,0,0,0,0,0,0,0,0,0,0.231,0,0.179,0,0,0,0,0,0,0,0,0,0.46,0,0,0,0,0.537,0,0.192,0,0,0,0,0.251,0.194,0,0,0,0,0,0,0,0,0,0,0,0,0,0.27,0,0,0,0,0,0,0,0,0,0,0,0,0.224,0,0,0,0,0,0,0,0,0,0,0,0,0,0.3,0.267,0,0,0,0,0.217,0,0,0,0,0,0.943,0.199,0,0,0,0.444,0,0.979,0,0,0.155,0,0,0,0,0,0,0.351,0,0,0,0,0,0,0,0,0,0,0,0,0,0,0,0,0.357,0,0,0,0,0,0,0,0,0.311,0,0,0,0,0.187,0,0,0,0,0,0,0,0,0,0,0,0,0,0,0,0,0,0.329,0,0,0.331,0,0,0,0,0,0.165,0,0,0,0,0,0,0,0,0.237,0,0.15,0,0,0,0,0,0,0,0,0,0,0,0,0,0,0,0.326,0,0,0,0,0,0,0,0,0,0,0,0,0,0,0,0,0.207,0,0,0,0.717,0,0,0.436,0,0,0,0,0,0,0.298,0,0,0,0.397,0,0,0,0,0,0,0,0,0,0,0,0,0,0,0,0,0,0,0,0,0,0,0,0,0,0,0,0,0,0.472,0.293,0,0,0,0,0,0,0,0.179,0,0,0,0,0.248,0,0,0,0,0,0,0,0,0,0,0,0,0,0.502,0,0,0,0,0,0,0,0,0,0,0,0,0,0,0,0,0,0,0,0.204,0,0,0,0,0.24,0.259,0,0,0,0,0.252,0,0,0,0,0,0,0,0,0,0,0,0,0,0,0.266,0,0,0.153,0,0,0,0,0,0,0,0,0,0,0,0.195,0,0,0.282,0,0,0,0,0,0,0,0,0,0,0,0,0.209,0,0,0,0.181,0,0,0,0.992,0,0,0,0,0.264,0,0,0,0.272,0,0,0,0,0.986,0,0,0,0,0,0,0,0,0,0,0,0,0,0,0,0,0,0,0.278,0,0,0,0,0,0,0,0,0,0,0,0.151,0,0,0,0,0,0,0,0.291,0,0.204,0,0,0.351,0,0,0,0,0,0,0,0.903,0,0.161,0,0,0,0,0,0.184,0,0,0.936,0,0,0,0,0,0,0,0,0,0,0,0,0,0,0,0,0,0,0.197,0,0,0,0.172,0,0,0,0.156,0,0,0,0,0,0,0.159,0,0,0.217,0,0,0.331,0,0,0,0,0,0,0,0,0,0,0,0,0,0.485,0,0,0.272,0,0,0,0.916,0,0,0,0,0,0,0.476,0,0,0,0.637,0,0,0.272,0,0,0,0,0.188,0,0,0,0,0,0,0,0,0,0,0,0,0,0.184,0,0,0,0,0,0,0,0,0.685,0,0,0,0,0,0,0,0.307,0,0,0,0,0.214,0,0,0,0,0,0,0,0,0,0,0,0,0.251,0,0,0.727,0,0,0,0,0,0,0,0,0,0,0,0,0,0,0,0,0,0,0,0,0,0,0,0,0,0,0,0,0,0,0,0.157,0,0,0,0,0,0,0,0,0,0,0.181,0,0.152,0,0.22,0.492,0,0,0.384,0,0,0,0,0,0,0,0,0,0,0,0,0.363,0.156,0,0,0,0,0,0,0,0.743,0.194,0,0,0,0,0.263,0,0,0.93,0,0,0,0,0,0,0,0,0,0,0,0.477,0,0,0.178,0,0,0,0,0,0,0,0,0,0,0,0,0,0,0,0,0.263,0,0,0,0,0,0,0,0,0,0,0,0,0,0.909,0,0,0,0,0.172,0,0,0.35,0,0.263,0,0,0,0,0,0,0,0,0,0,0,0,0,0,0,0,0,0.24,0,0.739,0.167,0,0,0.263,0.362,0,0,0,0.554,0,0,0,0,0,0,0,0,0,0,0,0,0,0,0,0,0,0.159,0.203,0,0,0,0.196,0,0,0.427,0,0,0,0,0.443,0,0,0,0,0,0.461,0,0,0,0.265,0,0,0,0,0.263,0,0,0.684,0.179,0,0,0,0,0,0.273,0,0,0,0.263,0,0.18,0,0,0,0.192,0,0,0,0,0,0.75,0.993,0,0.195,0,0,0,0,0,0,0,0,0,0,0,0,0,0.181,0.17,0,0,0,0.164,0.218,0,0.173,0,0,0,0,0,0,0,0,0.247,0,0,0,0,0,0.35,0,0,0,0.937,0,0.985,0,0.878,0,0.532,0,0,0,0,0,0,0,0,0,0.158,0.198,0.931,0.372,0,0,0,0,0,0,0,0.183,0,0,0,0,0.37,0.552,0,0,0,0,0.399,0,0,0,0,0,0,0,0,0,0,0.169,0,0,0,0,0,0.27,0,0.273,0,0,0,0,0,0,0.198,0,0,0,0,0,0,0.201,0,0,0,0,0,0,0,0,0,0.262,0.206,0,0,0,0,0,0,0.396,0,0,0,0,0.263,0,0,0,0,0.27,0,0,0,0,0,0.176,0,0,0,0,0.35,0,0,0,0,0,0,0,0,0,0,0.204,0,0,0,0.176,0,0,0,0,0.191,0,0,0,0,0,0,0,0,0,0.659,0,0,0.218,0,0,0,0,0.201,0,0,0,0,0,0,0,0.225,0,0,0,0,0,0,0.263,0,0,0,0,0,0,0,0,0,0.174,0.552,0,0.968,0,0,0,0.213,0,0,0,0,0,0,0,0,0,0,0,0,0,0,0,0,0,0,0,0,0,0.59,0,0,0,0,0,0,0,0.218,0,0,0,0,0.329,0,0.345,0,0,0.252,0,0,0,0,0.448,0.263,0,0.263,0,0,0,0,0,0,0.155,0,0.161,0.301,0.271,0,0,0,0,0,0,0,0,0,0,0.647,0,0,0,0.477,0,0.216,0,0,0.272,0,0,0,0,0,0,0,0,0,0.171,0,0,0,0,0,0.322,0,0.345,0.263,0,0,0,0,0.295,0,0,0,0,0,0,0,0,0,0,0.291,0,0,0,0,0,0,0,0,0,0,0,0.158,0,0,0,0.191,0,0,0,0,0,0,0,0,0,0.329,0,0,0,0,0,0,0,0,0,0,0,0,0,0,0,0.165,0,0,0,0,0,0,0,0,0,0,0,0,0,0,0,0,0,0,0.93,0.199,0,0,0,0.403,0,0.924,0,0.92,0.904,0,0,0.96,0,0,0,0,0,0,0.321,0.934,0,0.511,0.263,0.361,0.712,0,0,0,0,0.201,0,0,0.97,0,0,0,0,0.253,0.931,0,0,0,0,0,0,0.908,0,0.932,0.366,0.631,0.937,0,0,0.92,0,0.249,0,0,0,0.915,0.266,0,0.386,0,0,0.567,0.24,0.315,0,0.277,0,0,0,0,0,0,0.309,0.629,0,0,0,0,0.403,0,0,0.975,0,0,0.171,0,0.276,0,0,0,0,0,0.585,0.908,0,0,0.567,0.498,0,0.235,0,0,0.987,0,0.485,0.48,0,0.78,0.461,0,0.195,0,0,0,0.272,0.482,0,0,0.16,0.722,0,0.261,0.956,0,0.962,0,0.268,0,0,0,0,0,0.193,0,0,0.267,0,0,0,0.194,0.464,0.812,0,0,0,0.533,0,0,0,0,0,0,0,0,0,0,0,0.578,0,0,0,0.981,0,0,0.912,0.506,0.405,0.221,0.998,0,0,0,0,0,0,0.955,0,0,0,0.981,0,0.242,0,0.253,0.613,0.241,0,0.245,0.155,0.315,0.376,0.174,0.577,0,0.359,0.783,0,0,0,0,0,0,0,0,0.974,0.192,0,0.996,0,0.919,0,0.281,0.346,0,0.634,0,0,0.302,0,0,0.967,0.245,0,0.924,0,0.16,0,0,0.172,0.286,0,0,0,0.948,0.176,0,0,0,0,0,0,0.251,0,0,0,0,0,0,0,0,0.277,0,0,0.19,0.982,0,0,0,0,0,0,0,0,0,0,0,0,0,0,0,0.173,0,0,0,0,0,0,0,0,0.177,0,0,0,0,0,0,0,0,0,0,0,0,0,0.151,0,0,0,0,0,0,0,0,0,0,0,0,0,0,0,0,0,0,0,0,0,0,0,0,0,0,0,0,0,0.908,0,0,0,0.154,0,0.262,0,0,0,0,0,0,0,0,0,0,0,0,0,0,0,0,0,0,0.376,0.192,0,0.908,0.659,0,0,0,0,0,0,0,0,0,0,0,0,0,0,0.631,0,0,0,0,0,0,0,0,0,0,0,0.194,0,0,0,0,0,0,0,0,0,0.224,0,0,0.183,0,0,0,0,0,0,0,0,0,0,0,0,0,0.19,0,0,0,0,0.384,0.194,0,0,0,0,0.185,0,0,0,0,0,0.268,0,0,0,0.151,0,0,0.193,0,0,0.224,0,0,0,0,0,0,0,0.168,0,0.206,0,0,0,0,0,0,0.995,0,0,0.159,0,0,0,0,0,0,0,0,0,0,0,0,0,0,0,0,0,0,0,0,0,0,0,0,0,0,0,0,0,0,0,0,0,0,0,0,0,0,0,0,0,0,0,0,0,0,0,0,0,0.206,0,0.295,0,0,0,0,0,0,0,0,0,0,0,0,0,0,0.445,0,0,0,0,0,0,0,0,0,0,0,0,0,0,0,0,0,0,0,0,0,0,0,0,0,0,0,0,0,0,0,0,0,0,0,0,0,0,0,0,0,0,0,0,0,0,0.948,0,0.302,0.27,0,0,0,0,0,0,0,0.15,0,0,0,0,0,0,0,0,0.229,0,0,0,0,0.169,0,0,0,0,0,0,0,0,0,0,0,0,0,0,0,0,0,0,0,0,0.19,0,0,0,0,0,0,0,0,0,0,0,0,0,0,0,0,0,0,0,0.285,0,0,0,0,0,0,0,0,0,0,0,0,0,0,0,0,0,0,0,0,0,0,0,0,0,0,0,0,0,0,0.232,0,0,0,0,0,0,0,0,0,0,0,0,0,0.925,0.314,0,0,0,0.278,0,0,0,0,0,0.237,0,0,0,0,0,0,0,0,0,0,0,0,0,0,0,0,0,0,0,0,0,0,0.279,0,0,0,0,0,0,0.278,0,0,0,0,0,0,0,0,0.515,0,0,0,0,0.285,0,0,0,0,0,0,0,0,0,0,0,0,0.266,0,0,0,0.188,0,0,0,0,0,0,0,0,0,0,0,0,0,0,0,0,0,0,0,0,0.15,0,0,0,0,0,0,0,0,0,0,0,0,0,0,0,0,0,0,0,0,0,0,0,0,0,0,0,0,0,0,0,0,0,0,0,0.173,0,0.173,0,0,0,0,0,0,0,0,0,0,0,0,0,0,0,0,0,0,0,0,0,0,0,0,0,0,0,0,0,0,0,0,0,0,0,0,0,0,0,0,0,0,0,0,0,0,0,0,0,0,0,0,0,0,0,0,0,0,0,0,0,0,0,0.338,0.195,0,0,0,0,0,0,0.204,0,0,0,0,0,0,0,0,0,0,0.429,0,0,0,0.204,0,0,0,0,0,0.154,0.165,0,0,0,0,0,0,0,0,0,0,0,0,0,0,0,0,0,0,0,0,0,0,0,0,0,0,0,0,0,0,0,0,0,0,0,0,0,0,0,0,0,0,0,0,0,0,0,0,0,0,0,0,0,0,0,0,0,0,0.156,0.155,0,0,0,0,0,0,0,0,0,0,0,0,0,0,0,0,0.589,0,0,0,0,0,0,0,0.461,0.22,0,0,0,0,0,0,0,0,0,0,0,0.2,0,0,0,0,0,0,0,0,0,0,0,0,0.188,0,0.497,0,0,0,0,0,0,0,0,0,0,0,0,0,0,0,0,0,0,0,0,0,0,0,0,0,0.219,0,0,0,0.197,0,0,0,0,0.167,0,0,0,0,0,0,0,0.271,0,0,0,0,0,0,0,0,0,0,0,0.244,0,0,0.262,0,0,0,0,0,0,0,0,0,0,0,0,0,0,0,0.243,0,0,0,0,0,0,0,0,0,0,0,0,0,0.372,0,0,0.947,0.403,0.772,0,0.932,0,0.724,0.903,0,0.989,0.151,0,0,0.909,0,0.231,0,0,0.467,0,0.937,0.297,0,0,0,0.348,0,0.948,0,0,0,0.426,0.793,0,0.95,0,0,0.168,0.909,0,0,0.552,0.997,0,0,0,0,0.235,0,0,0,0,0,0,0.399,0,0,0.907,0,0.301,0.62,0,0.908,0.609,0,0,0,0,0,0.237,0,0,0,0,0,0,0,0,0.902,0,0,0,0,0.248,0,0,0.265,0.402,0,0.282,0,0,0,0,0,0.416,0.33,0,0,0,0,0,0,0,0,0,0.901,0.172,0,0.163,0,0,0,0.767,0,0.167,0,0,0,0.901,0.168,0,0,0,0,0,0,0,0,0.248,0,0,0,0,0,0,0,0,0.944,0,0.233,0,0,0,0,0,0,0.971,0,0,0,0,0.224,0,0,0.903,0,0,0.971,0,0.904,0,0.307,0,0,0,0.76,0,0,0,0,0,0,0,0.154,0,0,0.908,0,0,0,0,0.963,0.953,0,0,0.307,0.151,0,0,0,0.174,0,0,0.901,0.967,0,0.901,0,0,0,0,0,0,0,0,0,0.156,0.968,0,0.167,0,0,0,0,0.925,0,0,0.156,0.387,0.257,0.157,0.165,0.226,0.735,0.199,0.562,0.307,0.698,0.156,0.211,0.204,0.493,0.198,0.291,0.322,0.231,0.236,0.238,0.216,0.252,0.153,0.293,0.193,0.24,0.235,0.2,0.402,0.315,0.169,0.168,0.333,0.161,0.449,0.171,0.198,0.162,0.169,0.25,0.234,0.219,0.941,0.211,0.386,0.15,0.347,0.15,0.198,0.2,0.155,0.819,0.227,0.267,0.181,0.333,0.198,0.242,0.173,0.28,0.179,0.171,0.173,0.158,0.156,0.339,0.31,0.347,0.56,0.738,0.2,0.171,0.231,0.331,0.155,0.15,0.272,0.22,0.175,0.181,0.155,0.25,0.188,0.316,0.295,0.226,0.473,0.183,0.302,0.218,0.535,0.243,0.156,0.215,0,0,0,0,0,0,0,0,0,0,0,0,0,0,0,0,0,0,0,0,0,0,0,0,0,0,0,0,0,0,0,0,0,0,0,0,0,0,0,0,0,0,0,0,0,0,0,0,0,0,0,0,0,0,0,0,0,0,0,0,0,0,0,0,0,0,0,0,0,0,0,0,0,0,0,0,0,0,0,0,0,0,0,0,0,0,0,0,0,0,0,0,0,0,0,0,0,0,0,0,0,0,0,0,0,0,0,0,0,0,0,0,0,0,0,0,0,0,0,0,0,0,0,0,0,0,0,0,0,0,0,0,0,0,0,0,0,0,0,0,0,0,0,0,0,0,0,0,0,0,0,0,0,0,0,0,0,0,0,0,0,0,0,0,0,0,0,0,0,0,0,0,0,0,0,0,0,0,0,0,0,0,0,0,0,0,0,0,0,0,0,0,0,0,0,0,0,0,0,0,0,0,0,0,0,0,0,0,0,0,0,0,0,0,0,0,0,0,0,0,0,0,0,0,0,0,0,0,0,0,0,0,0,0,0,0,0,0,0,0,0,0,0,0,0,0,0,0,0,0,0,0,0,0,0,0,0,0,0,0,0,0,0,0,0,0,0,0,0,0,0,0,0,0,0,0,0,0,0,0,0,0,0,0,0,0,0,0,0,0,0,0,0,0,0,0,0,0,0,0,0,0,0,0,0,0,0,0,0,0,0,0,0,0,0,0,0,0,0,0,0,0,0,0,0,0,0,0,0,0,0,0,0,0,0,0,0,0,0,0,0,0,0,0,0,0,0,0,0,0,0,0,0,0,0,0,0,0,0,0,0,0,0,0,0,0,0,0,0,0,0,0,0,0,0,0,0,0,0,0,0,0,0,0,0,0,0,0,0,0,0,0,0,0,0,0,0,0,0,0,0,0,0,0,0,0,0,0,0,0,0,0,0,0,0,0,0,0,0,0,0,0,0,0,0,0,0,0,0,0,0,0,0,0,0,0,0,0,0,0,0,0,0,0,0,0,0,0,0,0,0,0,0,0,0,0,0,0,0,0,0,0,0,0,0,0,0,0,0,0,0,0,0,0,0,0,0,0,0,0,0,0,0,0,0,0,0,0,0,0,0,0,0,0,0,0,0,0,0,0,0,0,0,0,0,0,0,0,0,0,0,0,0,0,0,0,0,0,0,0,0,0,0,0,0,0,0,0,0,0,0,0,0,0,0,0,0,0,0,0,0,0,0,0,0,0,0,0,0,0,0,0,0,0,0,0,0,0,0,0,0,0,0,0,0,0,0,0,0,0,0,0,0,0,0,0,0,0,0,0,0,0,0,0,0,0,0,0,0,0,0,0,0,0,0,0,0,0,0,0,0,0,0,0,0,0,0,0,0,0,0,0,0,0,0,0,0,0,0,0,0,0,0,0,0,0,0,0,0,0,0,0,0,0,0,0,0,0,0,0,0,0,0,0,0,0,0,0,0,0,0,0,0,0,0,0,0,0,0,0,0,0,0,0,0,0,0,0,0,0,0,0,0,0,0,0,0,0,0,0,0,0,0,0,0,0,0,0,0,0,0,0,0,0,0,0,0,0,0,0,0,0,0,0,0,0,0,0,0,0,0,0,0,0,0,0,0,0,0,0,0,0,0,0,0,0,0,0,0,0,0,0,0,0,0,0,0,0,0,0,0,0,0,0,0,0,0,0,0,0,0,0,0,0,0,0,0,0,0,0,0,0,0,0,0,0,0,0,0,0,0,0,0,0,0,0,0,0,0,0,0,0,0,0,0,0,0,0,0,0,0,0,0,0,0,0,0,0,0,0,0,0,0,0,0,0,0,0,0,0,0,0,0,0,0,0,0,0,0,0,0,0,0,0,0,0,0,0,0,0,0,0,0,0,0,0,0,0,0,0,0,0,0,0,0,0,0,0,0,0,0,0,0,0,0,0,0,0,0,0,0,0,0,0,0,0,0,0,0,0,0,0,0,0,0,0,0,0,0,0,0,0,0,0,0,0,0,0,0,0,0,0,0,0,0,0,0,0,0,0,0,0,0,0,0,0,0,0,0,0,0,0,0,0,0,0,0,0,0,0,0,0,0,0,0,0,0,0,0,0,0,0,0,0,0,0,0,0,0,0,0,0,0,0,0,0,0,0,0,0,0,0,0,0,0,0,0,0,0,0,0,0,0,0,0,0,0,0,0,0,0,0,0,0,0,0,0,0,0,0,0,0,0,0,0,0,0,0,0,0,0,0,0,0,0,0,0,0,0,0,0,0,0,0,0,0,0,0,0,0,0,0,0,0,0,0,0,0,0,0,0,0,0,0,0,0,0,0,0,0,0,0,0,0,0,0,0,0,0,0,0,0,0,0,0,0,0,0,0,0,0,0,0,0,0,0,0,0,0,0,0,0,0,0,0,0,0,0,0,0,0,0,0,0,0,0,0,0,0,0,0,0,0,0,0,0,0,0,0,0,0,0,0,0,0,0,0,0,0,0,0,0,0,0,0,0,0,0,0,0,0,0,0,0,0,0,0,0,0,0,0,0,0,0,0,0,0,0,0,0,0,0,0,0,0,0,0,0,0,0,0,0,0,0,0,0,0,0,0,0,0,0,0,0,0,0,0,0,0,0,0,0,0,0,0,0,0,0,0,0,0,0,0,0,0,0,0,0,0,0,0,0,0,0,0,0,0,0,0,0,0,0,0,0,0,0,0,0,0,0,0,0,0,0,0,0,0,0,0,0,0,0,0,0,0,0,0,0,0,0,0,0,0,0,0,0,0,0,0,0,0
851336,0,0,0,0,0,0,0,0,0,0,0,0,0,0,0,0,0,0,0,0,0,0,0,0,0,0,0,0,0,0,0,0,0,0,0.556,0,0,0,0,0,0,0,0,0,0,0,0,0,0,0,0,0.999,0,0,0,0,0,0,0,0,0,0,0,0,0,0.159,0,0,0,0,0.203,0,0,0,0,0.636,0,0,0,0,0,0,0,0,0,0,0,0,0,0,0,0,0,0,0,0.999,0,0,0,0,0,0,0,0,0,0,0,0,0,0,0,0,0,0,0,0,0,0.323,0,0,0,0,0.318,0,0,0,0,0.996,0,0,0.218,0,0,0,0,0,0,0,0,0,0.999,0.927,0.175,0,0.161,0,0,0,0,0,0,0,0,0,0,0,0,0,0,0,0,0,0,0,0,0,0,0,0,0,0,0,0,0,0,0,0,0,0,0,0,0.557,0,0,0,0,0,0,0,0.724,0,0,0,0.205,0,0,0,0,0,0,0,0,0,0.869,0,0,0.999,0.23,0,0.341,0,0,0,0.393,0,0,0.16,0,0,0,0.999,0,0.201,0.986,0,0,0,0,0,0.352,0.175,0,0.999,0,0.236,0,0.284,0,0,0,0,0,0,0.248,0.549,0,0,0,0,0,0,0,0,0,0.224,0,0,0,0,0,0,0,0,0.169,0.158,0,0,0,0,0,0,0,0,0,0.202,0.973,0,0.214,0.205,0,0,0,0.76,0,0,0.597,0,0.402,0,0.186,0,0,0,0,0,0,0,0.803,0,0,0.999,0,0,0.903,0.162,0,0.229,0.169,0,0.999,0,0,0,0,0.975,0,0,0.153,0,0,0,0,0,0,0,0,0,0,0,0.835,0,0,0.585,0.922,0.29,0,0,0,0,0,0,0,0,0.167,0,0.15,0,0,0,0,0,0,0,0,0,0,0,0,0,0.375,0,0,0,0,0,0.305,0.477,0,0,0.999,0.222,0.944,0,0,0,0,0.999,0,0,0.153,0,0,0,0.996,0,0,0,0.22,0,0.291,0.508,0,0,0,0,0,0.999,0.211,0.271,0,0.24,0,0,0,0.167,0,0,0,0,0.47,0,0,0,0,0,0,0.153,0,0,0,0,0,0,0,0,0.189,0.201,0,0.205,0,0.536,0,0,0,0,0,0.207,0,0,0,0,0,0,0,0,0,0,0,0,0,0.997,0,0.678,0.173,0,0,0,0.208,0,0.234,0,0,0,0,0,0,0,0,0,0,0,0,0,0.999,0,0,0,0,0,0.491,0,0,0,0,0,0,0,0,0,0,0,0.953,0,0,0,0,0,0,0.928,0,0,0.291,0,0,0,0,0,0,0.811,0,0,0.228,0,0,0.193,0,0.999,0,0.171,0,0,0,0.685,0,0,0.313,0.918,0,0,0,0,0,0,0,0.373,0,0.868,0,0,0,0,0,0,0.288,0,0,0,0,0,0,0,0,0,0,0,0,0,0,0,0,0,0,0,0,0,0,0,0.175,0,0,0,0,0,0,0,0.891,0,0,0,0,0,0.25,0,0,0,0.867,0,0,0,0,0.707,0,0,0.175,0,0,0,0.631,0,0,0,0,0,0,0,0,0,0.294,0.21,0,0,0,0.16,0,0,0,0,0.865,0,0,0,0,0,0,0.45,0,0,0.175,0,0,0,0,0,0.175,0.754,0,0,0,0,0,0,0,0,0.189,0,0,0,0,0,0,0,0,0,0,0.283,0.225,0,0,0,0,0,0,0,0,0,0,0,0,0,0.16,0,0,0,0,0,0,0,0,0,0,0,0.398,0,0,0,0,0.32,0.397,0,0,0,0.153,0,0,0.585,0,0,0,0,0,0,0,0,0.155,0,0,0.195,0.416,0,0,0,0,0,0,0,0.412,0,0.255,0.999,0,0,0,0.313,0,0,0.319,0,0,0,0.999,0,0,0,0.204,0,0.294,0,0,0,0,0,0.273,0,0,0,0,0,0.373,0,0,0.999,0,0.547,0,0.225,0.335,0,0,0,0,0,0,0,0,0,0,0,0.207,0,0,0,0.987,0,0,0,0,0.458,0,0,0,0,0,0.379,0.466,0,0.985,0,0,0,0,0,0.15,0,0,0,0,0,0,0,0,0,0,0.197,0,0,0,0,0,0,0,0,0,0,0,0.877,0,0,0,0.571,0,0,0,0,0,0,0,0.16,0,0,0,0,0,0,0,0,0.205,0,0.999,0,0,0.851,0,0,0,0,0,0.311,0,0.9,0,0,0,0.15,0,0,0.153,0,0.231,0,0,0,0,0,0,0,0,0,0.999,0,0,0,0,0,0,0,0.698,0,0,0,0,0.313,0,0.999,0,0,0,0,0,0,0,0,0,0,0,0,0,0,0.159,0,0,0,0,0.177,0,0,0,0,0,0,0.994,0,0.998,0,0,0,0,0.383,0,0,0.234,0.999,0,0,0,0,0.444,0,0.999,0,0.976,0.664,0.999,0,0.284,0,0,0,0,0,0.257,0.162,0,0,0,0,0,0,0,0.75,0,0.295,0.999,0.482,0.173,0,0,0.288,0,0,0.32,0,0.177,0,0,0,0.238,0,0,0,0.169,0,0.998,0,0,0,0,0,0,0,0,0,0,0.186,0,0,0,0,0,0,0,0,0,0,0,0,0,0,0,0,0,0,0,0,0,0,0,0,0,0,0,0,0,0,0,0,0,0,0,0,0,0,0,0,0,0,0,0,0,0,0,0,0,0,0,0,0.999,0,0,0.151,0,0,0,0,0,0,0.999,0,0,0,0,0,0,0,0,0,0,0,0,0,0,0,0,0,0,0,0,0,0,0,0,0.305,0,0,0,0,0,0.189,0,0.166,0,0,0,0,0,0,0.941,0,0,0,0,0,0,0,0,0,0,0,0,0,0,0,0,0,0,0,0,0,0,0.999,0,0,0,0,0,0,0,0,0.922,0,0,0,0,0,0,0,0,0,0,0,0,0,0,0,0,0,0,0.999,0,0,0,0,0,0,0,0,0,0,0.999,0,0,0,0.269,0,0,0.15,0,0.999,0.416,0.251,0,0,0,0,0,0,0,0,0,0,0,0,0,0,0,0,0,0.169,0,0,0,0,0,0,0,0,0,0,0,0,0,0,0,0,0.999,0,0,0,0.608,0,0,0.229,0,0,0,0,0,0,0,0,0.999,0,0,0.431,0,0,0,0,0,0.592,0,0.997,0.229,0,0,0,0,0,0,0,0,0,0,0,0,0,0,0,0,0,0,0,0,0,0,0,0,0.16,0,0,0.999,0,0,0,0,0,0.446,0,0,0,0,0,0,0,0,0,0.98,0,0,0,0,0.179,0,0,0,0.444,0,0,0,0,0,0,0.999,0,0.999,0,0,0,0,0,0,0,0,0,0,0,0,0,0,0,0,0,0,0,0,0,0,0,0,0,0,0,0,0,0,0,0,0,0,0,0,0,0.359,0,0,0,0,0,0,0,0,0,0,0,0,0.817,0,0,0,0,0,0.416,0,0,0,0,0,0,0,0,0,0.195,0,0,0,0.608,0,0,0,0,0,0,0,0,0,0,0,0,0,0.999,0,0,0,0,0,0,0,0,0,0,0,0,0,0,0,0,0.288,0.3,0,0,0,0,0,0,0,0,0,0,0,0,0,0,0,0,0,0,0,0,0,0.175,0,0,0.619,0,0,0,0,0,0,0,0.446,0,0,0,0,0,0.307,0,0,0,0,0,0,0,0,0,0,0,0,0,0.913,0,0,0,0,0.394,0,0,0,0,0,0,0,0,0,0,0,0,0,0,0,0,0,0,0,0,0,0,0,0,0,0,0.999,0,0,0,0,0,0,0.208,0,0,0,0,0,0,0,0,0,0,0,0,0,0,0,0.61,0,0,0,0,0,0,0.272,0,0.491,0,0,0,0,0,0.18,0,0,0,0,0,0,0,0,0,0,0,0,0,0,0,0.266,0,0,0,0,0,0.393,0,0,0,0,0,0,0,0,0,0,0,0,0,0,0,0,0,0,0,0,0,0,0,0,0,0,0,0,0,0,0,0,0.549,0,0,0,0,0,0,0,0,0,0,0,0,0,0,0,0,0,0,0,0,0,0,0,0,0,0,0,0,0,0,0,0,0,0,0,0,0,0,0,0,0,0.269,0,0,0,0,0,0,0,0,0,0,0,0.982,0,0.189,0,0.801,0.229,0,0.904,0.999,0.984,0.981,0,0,0.983,0,0,0.173,0,0.649,0,0.237,0.986,0,0,0,0,0.802,0,0,0,0,0,0,0,0.987,0,0,0,0,0,0.909,0,0,0,0,0,0,0.979,0,0.911,0.999,0.537,0.983,0,0.999,0.913,0,0,0,0,0,0.9,0,0,0,0.999,0,0.19,0,0,0,0,0,0,0,0,0,0,0,0.209,0,0,0,0,0,0,0,0.981,0,0,0.417,0,0.999,0,0,0,0,0,0,0,0.255,0,0,0,0,0,0,0.616,0.991,0,0,0,0,0.567,0.165,0,0,0,0.226,0,0,0,0,0,0.999,0.157,0.43,0,0.9,0,0.908,0,0,0,0.998,0,0,0,0,0,0,0,0.37,0,0,0,0.221,0.164,0.509,0,0,0,0.8,0,0,0,0,0,0,0,0,0.999,0,0.874,0.756,0,0,0.981,0,0,0.981,0.285,0,0,0.996,0,0.999,0,0.292,0,0,0.985,0,0.24,0,0.981,0.258,0,0,0.608,0,0,0,0.173,0,0,0,0.316,0,0,0,0.724,0,0,0.938,0,0,0,0,0,0.992,0,0,0.984,0,0.9,0.16,0,0,0,0,0,0,0,0,0.23,0.909,0,0.508,0.906,0,0.152,0,0,0,0,0,0,0,0.981,0,0,0.175,0,0,0.343,0,0,0,0,0,0,0,0,0,0,0,0,0,0,0.903,0,0,0,0,0.524,0,0,0,0,0,0,0,0,0,0,0,0,0,0,0,0,0,0,0,0.999,0.243,0,0,0,0,0,0,0,0,0,0.154,0,0,0,0,0,0,0,0.29,0,0,0,0,0,0,0,0,0,0,0,0.392,0,0,0,0,0,0,0,0,0,0,0,0,0,0,0,0,0,0,0,0,0.284,0,0,0,0.179,0,0,0,0,0,0,0,0,0,0,0,0,0,0,0,0,0.77,0,0.791,0,0,0,0,0,0,0,0,0,0,0,0,0,0,0,0,0,0.26,0,0,0,0,0,0,0,0,0.618,0,0,0.819,0,0,0,0,0,0,0,0,0,0,0,0,0,0,0,0,0,0,0,0,0,0,0,0,0.23,0,0,0,0,0,0,0.307,0,0,0,0.846,0,0,0,0,0,0,0,0,0,0,0,0,0,0,0,0,0,0,0,0,0,0,0,0,0,0,0,0,0,0.998,0,0,0.998,0,0,0,0,0,0,0,0,0,0,0,0,0,0,0,0,0,0,0,0,0,0,0,0,0,0,0,0,0,0,0,0,0,0,0,0,0,0,0.278,0,0,0,0,0,0,0,0,0,0,0.405,0,0,0,0,0,0,0,0,0,0,0,0,0,0,0,0,0.999,0,0,0,0,0,0,0.964,0,0,0,0,0,0,0,0,0,0,0,0,0,0,0,0,0,0,0,0,0,0,0,0,0,0,0,0,0,0,0,0,0,0,0,0,0,0,0,0.999,0,0,0,0,0,0.999,0,0,0,0,0.999,0,0,0,0,0,0,0,0.237,0.385,0,0,0,0,0,0,0,0,0,0,0,0,0,0.196,0.302,0,0,0.714,0,0,0,0,0,0,0.266,0.998,0,0,0,0.817,0,0,0,0,0,0,0,0,0,0,0,0,0,0,0,0,0,0,0,0,0,0,0.278,0,0.203,0,0,0,0,0,0,0,0,0,0,0.175,0,0,0,0,0,0,0,0,0,0,0,0,0,0,0,0,0,0,0,0,0,0.204,0,0,0.911,0,0.549,0,0,0,0,0,0,0,0,0,0,0,0.999,0,0,0,0,0,0,0,0.175,0,0,0,0,0,0,0.977,0.181,0,0,0,0,0,0,0,0,0,0,0,0.413,0,0,0,0,0,0,0,0,0,0.286,0.892,0,0,0.269,0,0,0,0,0,0,0,0,0,0,0,0,0,0,0,0.999,0,0.172,0.999,0.154,0,0,0,0,0,0,0,0,0,0,0,0,0,0,0,0,0,0,0,0,0,0,0,0,0,0,0,0,0,0,0,0,0,0,0,0,0,0,0,0,0,0,0,0,0,0,0,0,0,0,0,0,0,0,0,0,0,0,0,0,0,0,0,0,0,0,0,0,0,0,0,0,0,0,0,0,0,0,0,0,0.199,0,0,0,0,0,0,0,0,0,0,0,0,0,0,0,0,0,0,0,0,0,0,0,0,0,0,0,0,0,0,0,0,0,0,0,0,0,0,0.648,0,0,0,0,0,0,0,0,0,0,0,0.169,0,0,0.22,0,0,0,0,0,0.216,0,0,0,0,0,0,0,0,0.556,0,0,0,0,0,0,0,0.169,0,0.21,0,0,0,0.999,0,0,0,0,0,0,0,0,0,0,0,0,0,0,0,0,0,0,0,0,0,0,0,0,0,0,0,0,0,0,0,0.156,0,0,0.754,0.269,0,0,0,0,0,0,0,0,0,0,0,0.534,0,0,0,0,0,0,0,0,0,0,0,0.269,0,0,0,0,0,0,0,0,0,0,0,0,0,0,0,0.28,0,0,0,0.173,0,0,0,0,0,0.809,0,0.313,0,0,0,0,0,0,0,0,0,0,0.269,0,0,0,0,0,0,0,0,0,0.269,0,0,0,0,0,0,0,0,0,0,0,0,0,0,0,0,0,0,0,0,0,0,0.269,0,0,0,0,0,0,0,0,0.151,0,0,0,0,0,0,0,0,0,0,0,0,0,0,0,0,0,0,0,0,0.32,0,0.8,0,0,0,0,0,0,0,0,0,0,0,0,0,0,0.824,0.877,0.999,0.845,0.218,0.552,0.302,0.22,0.999,0.998,0.999,0.814,0.335,0.999,0.981,0.154,0.72,0.999,0.152,0.988,0.995,0.269,0.449,0.913,0.185,0.27,0.153,0.998,0.323,0.999,0.98,0.29,0.999,0.197,0.938,0.157,0.256,0.979,0.837,0.999,0.352,0.999,0.848,0.922,0.905,0.22,0.278,0.999,0.999,0.404,0.834,0.21,0.988,0.636,0.179,0.592,0.837,0.261,0.863,0.389,0.21,0.999,0.999,0.998,0.999,0.984,0.998,0.999,0.237,0.246,0.999,0.837,0.999,0.172,0.168,0.8,0.912,0.195,0.154,0.173,0.999,0.999,0.26,0.999,0.997,0.999,0.604,0.319,0.999,0.204,0.844,0.877,0.308,0.999,0.26,0.755,0.181,0.999,0.999,0.278,0.985,0.201,0.888,0.999,0.932,0.999,0.999,0.837,0.999,0.999,0.684,0.172,0.999,0.971,0.997,0.171,0.999,0.999,0.836,0.999,0.922,0.175,0.301,0.542,0.999,0.999,0.837,0.86,0.261,0.9,0.462,0.269,0.999,0.854,0.912,0.269,0.999,0.876,0.236,0.335,0.173,0.344,0.999,0.999,0.182,0.194,0.754,0.999,0.997,0.849,0.999,0.866,0.185,0.765,0.999,0.999,0.152,0.998,0.172,0.999,0.158,0.844,0.999,0.181,0.85,0.999,0.999,0.38,0.982,0.999,0.999,0.506,0.209,0.267,0.205,0.288,0.747,0.319,0.164,0.159,0.554,0.937,0.307,0.835,0.347,0.903,0.897,0.98,0.971,0.999,0.999,0.999,0.985,0.9,0.308,0.999,0.999,0.802,0.205,0.998,0.398,0.999,0.999,0.203,0.999,0.983,0.151,0.999,0.16,0.999,0.938,0.163,0.994,0.999,0.999,0.26,0.877,0.999,0.906,0.529,0.219,0.195,0.999,0.243,0.998,0.98,0.175,0.999,0,0,0,0,0,0,0,0,0,0,0,0,0,0,0,0,0,0,0,0,0,0,0,0,0,0,0,0,0,0,0,0,0,0,0,0,0,0,0,0,0,0,0,0,0,0,0,0,0,0,0,0,0,0,0,0,0,0,0,0,0,0,0,0,0,0,0,0,0,0,0,0,0,0,0,0,0,0,0,0,0,0,0,0,0,0,0,0,0,0,0,0,0,0,0,0,0,0,0,0,0,0,0,0,0,0,0,0,0,0,0,0,0,0,0,0,0,0,0,0,0,0,0,0,0,0,0,0,0,0,0,0,0,0,0,0,0,0,0,0,0,0,0,0,0,0,0,0,0,0,0,0,0,0,0,0,0,0,0,0,0,0,0,0,0,0,0,0,0,0,0,0,0,0,0,0,0,0,0,0,0,0,0,0,0,0,0,0,0,0,0,0,0,0,0,0,0,0,0,0,0,0,0,0,0,0,0,0,0,0,0,0,0,0,0,0,0,0,0,0,0,0,0,0,0,0,0,0,0,0,0,0,0,0,0,0,0,0,0,0,0,0,0,0,0,0,0,0,0,0,0,0,0,0,0,0,0,0,0,0,0,0,0,0,0,0,0,0,0,0,0,0,0,0,0,0,0,0,0,0,0,0,0,0,0,0,0,0,0,0,0,0,0,0,0,0,0,0,0,0,0,0,0,0,0,0,0,0,0,0,0,0,0,0,0,0,0,0,0,0,0,0,0,0,0,0,0,0,0,0,0,0,0,0,0,0,0,0,0,0,0,0,0,0,0,0,0,0,0,0,0,0,0,0,0,0,0,0,0,0,0,0,0,0,0,0,0,0,0,0,0,0,0,0,0,0,0,0,0,0,0,0,0,0,0,0,0,0,0,0,0,0,0,0,0,0,0,0,0,0,0,0,0,0,0,0,0,0,0,0,0,0,0,0,0,0,0,0,0,0,0,0,0,0,0,0,0,0,0,0,0,0,0,0,0,0,0,0,0,0,0,0,0,0,0,0,0,0,0,0,0,0,0,0,0,0,0,0,0,0,0,0,0,0,0,0,0,0,0,0,0,0,0,0,0,0,0,0,0,0,0,0,0,0,0,0,0,0,0,0,0,0,0,0,0,0,0,0,0,0,0,0,0,0,0,0,0,0,0,0,0,0,0,0,0,0,0,0,0,0,0,0,0,0,0,0,0,0,0,0,0,0,0,0,0,0,0,0,0,0,0,0,0,0,0,0,0,0,0,0,0,0,0,0,0,0,0,0,0,0,0,0,0,0,0,0,0,0,0,0,0,0,0,0,0,0,0,0,0,0,0,0,0,0,0,0,0,0,0,0,0,0,0,0,0,0,0,0,0,0,0,0,0,0,0,0,0,0,0,0,0,0,0,0,0,0,0,0,0,0,0,0,0,0,0,0,0,0,0,0,0,0,0,0,0,0,0,0,0,0,0,0,0,0,0,0,0,0,0,0,0,0,0,0,0,0,0,0,0,0,0,0,0,0,0,0,0,0,0,0,0,0,0,0,0,0,0,0,0,0,0,0,0,0,0,0,0,0,0,0,0,0,0,0,0,0,0,0,0,0,0,0,0,0,0,0,0,0,0,0,0,0,0,0,0,0,0,0,0,0,0,0,0,0,0,0,0,0,0,0,0,0,0,0,0,0,0,0,0,0,0,0,0,0,0,0,0,0,0,0,0,0,0,0,0,0,0,0,0,0,0,0,0,0,0,0,0,0,0,0,0,0,0,0,0,0,0,0,0,0,0,0,0,0,0,0,0,0,0,0,0,0,0,0,0,0,0,0,0,0,0,0,0,0,0,0,0,0,0,0,0,0,0,0,0,0,0,0,0,0,0,0,0,0,0,0,0,0,0,0,0,0,0,0,0,0,0,0,0,0,0,0,0,0,0,0,0,0,0,0,0,0,0,0,0,0,0,0,0,0,0,0,0,0,0,0,0,0,0,0,0,0,0,0,0,0,0,0,0,0,0,0,0,0,0,0,0,0,0,0,0,0,0,0,0,0,0,0,0,0,0,0,0,0,0,0,0,0,0,0,0,0,0,0,0,0,0,0,0,0,0,0,0,0,0,0,0,0,0,0,0,0,0,0,0,0,0,0,0,0,0,0,0,0,0,0,0,0,0,0,0,0,0,0,0,0,0,0,0,0,0,0,0,0,0,0,0,0,0,0,0,0,0,0,0,0,0,0,0,0,0,0,0,0,0,0,0,0,0,0,0,0,0,0,0,0,0,0,0,0,0,0,0,0,0,0,0,0,0,0,0,0,0,0,0,0,0,0,0,0,0,0,0,0,0,0,0,0,0,0,0,0,0,0,0,0,0,0,0,0,0,0,0,0,0,0,0,0,0,0,0,0,0,0,0,0,0,0,0,0,0,0,0,0,0,0,0,0,0,0,0,0,0,0,0,0,0,0,0,0,0,0,0,0,0,0,0,0,0,0,0,0,0,0,0,0,0,0,0,0,0,0,0,0,0,0,0,0,0,0,0,0,0,0,0,0,0,0,0,0,0,0,0,0,0,0,0,0,0,0,0,0,0,0,0,0,0,0,0,0,0,0,0,0,0,0,0,0,0,0,0,0,0,0,0,0,0,0,0,0,0,0,0,0,0,0,0,0,0,0,0,0,0,0,0,0,0,0,0,0,0,0,0,0,0,0,0,0,0,0,0,0,0,0,0,0,0,0,0,0,0,0,0,0,0,0,0,0,0,0,0,0,0,0,0,0,0,0,0,0,0,0,0,0,0,0,0,0,0,0,0,0,0,0,0,0,0,0,0,0,0,0,0,0,0,0,0,0,0,0,0,0,0,0,0,0,0,0,0,0,0,0,0,0,0,0,0,0,0,0,0,0,0,0,0,0,0,0,0,0,0,0,0,0,0,0,0,0,0,0,0,0,0,0,0,0,0,0,0,0,0,0,0,0,0,0,0,0,0,0,0,0,0,0,0,0,0,0,0,0,0,0,0,0,0,0
851459,0,0,0,0,0,0,0,0,0,0,0,0,0,0,0,0,0,0,0,0,0,0,0,0,0,0,0,0,0,0,0,0,0,0,0,0,0,0,0,0,0,0,0,0,0,0,0,0.394,0,0,0,0,0,0,0,0,0,0,0,0,0,0,0,0,0,0,0,0.514,0,0,0,0,0,0,0,0,0,0.214,0,0,0,0,0.156,0,0,0,0,0,0,0,0,0,0,0,0,0,0,0,0,0,0,0,0,0,0,0,0,0,0,0,0,0.297,0,0,0,0,0.426,0,0,0,0,0,0,0,0,0,0,0,0,0,0,0,0,0,0,0,0,0,0,0,0,0,0.303,0,0,0,0,0,0,0,0,0,0,0,0,0,0,0,0,0,0,0,0,0,0,0,0,0,0,0,0,0,0,0,0,0,0,0,0,0,0,0,0,0,0,0,0,0,0,0,0,0,0,0,0,0,0,0,0,0,0,0.22,0,0,0,0,0,0,0,0,0,0,0,0,0,0,0,0,0,0,0,0,0,0,0,0,0,0,0,0,0,0,0,0,0,0,0,0,0,0,0,0,0,0,0,0,0,0,0,0,0,0,0,0,0,0,0,0,0,0,0,0,0,0,0,0,0,0,0,0,0,0,0,0,0,0,0,0,0,0,0,0,0,0,0,0,0,0,0,0,0,0,0,0,0,0,0,0,0,0,0,0,0,0,0,0,0,0,0,0,0,0,0,0,0,0,0,0,0,0,0,0,0,0,0,0,0,0,0,0,0,0,0,0,0,0,0,0,0,0,0,0,0,0,0,0,0,0,0,0,0,0,0,0,0,0,0,0,0,0,0,0,0,0,0,0,0.335,0,0,0,0,0,0,0,0,0,0,0,0,0,0,0,0,0,0,0,0,0,0,0,0,0,0,0,0,0,0,0,0,0,0,0,0,0,0,0,0,0,0,0,0,0,0,0,0,0,0,0,0,0,0,0,0,0,0,0,0,0,0,0,0,0,0,0,0,0,0,0,0,0,0,0,0,0,0,0,0,0,0,0,0,0,0,0,0,0,0,0,0,0,0,0,0,0,0,0,0,0,0,0,0,0,0,0,0,0,0,0,0,0,0,0,0,0,0,0,0,0,0,0,0,0,0,0,0,0,0,0,0,0,0,0,0,0,0,0,0,0,0,0,0,0,0,0,0,0,0,0,0,0,0,0,0,0,0,0,0,0,0,0,0,0,0,0,0,0,0,0,0,0,0,0,0,0,0,0,0,0,0,0,0,0,0.667,0,0,0,0,0.154,0,0,0,0,0,0,0,0,0,0,0,0,0,0,0,0,0,0,0,0,0,0,0,0,0,0,0,0,0,0,0,0,0,0.293,0,0,0,0,0,0,0,0,0,0,0,0,0,0,0,0,0,0,0,0,0,0,0,0,0,0,0,0,0,0,0,0,0,0,0,0,0,0,0,0,0,0,0,0,0,0,0,0,0,0,0,0,0,0,0,0,0,0,0,0,0,0,0,0,0,0,0,0,0,0,0,0,0,0,0,0,0,0,0,0,0,0,0,0,0,0,0,0,0,0,0,0,0,0,0,0,0,0,0,0,0,0,0,0.339,0,0,0,0,0,0,0,0,0,0,0,0,0,0,0,0,0,0,0,0,0,0,0,0,0,0,0,0,0,0,0,0,0,0,0,0,0,0,0,0,0,0,0,0,0,0,0,0,0,0,0,0,0,0,0,0,0,0,0,0,0,0,0,0,0,0,0,0,0,0,0,0,0,0,0,0,0,0,0,0,0,0,0,0,0,0,0,0,0,0,0,0,0,0,0,0,0,0,0,0,0,0,0,0,0,0,0,0,0,0,0,0,0,0,0,0,0,0,0,0,0,0,0,0,0,0,0,0,0,0,0,0,0,0,0,0,0,0,0,0,0.703,0,0,0,0,0,0,0,0,0,0,0,0,0,0,0,0,0,0,0,0,0,0,0,0,0,0,0,0,0,0,0,0,0,0,0,0,0,0,0,0,0,0,0,0,0,0,0,0,0,0,0,0,0,0,0,0,0,0,0,0,0,0,0,0,0,0,0,0,0,0,0,0,0,0,0,0,0,0,0,0,0,0,0,0,0,0,0,0,0,0,0,0,0,0,0,0,0,0,0,0,0,0,0,0,0,0,0,0,0,0,0,0,0,0.352,0,0,0,0,0,0,0,0,0,0,0,0,0,0,0,0,0,0,0,0,0,0,0,0,0,0,0,0,0,0,0,0,0,0,0,0,0,0,0,0,0,0,0,0,0,0,0,0,0,0,0,0,0,0,0,0,0,0,0,0,0,0,0,0,0,0,0,0,0,0,0,0,0,0,0,0,0,0,0,0,0,0,0,0,0,0,0,0,0,0,0,0,0,0,0,0,0,0,0,0,0,0,0,0,0,0,0,0,0,0,0,0,0,0,0,0,0,0.197,0,0,0,0,0,0,0,0,0,0,0,0,0,0,0,0,0,0,0,0,0,0,0,0,0,0,0,0,0,0,0,0,0,0,0,0,0,0,0,0,0,0,0,0,0,0,0,0,0,0,0,0,0,0,0,0,0,0,0,0,0,0,0,0,0,0,0,0,0,0,0,0,0,0,0,0,0,0,0,0,0,0,0,0,0,0,0,0,0,0,0,0,0,0,0,0,0,0,0,0,0,0,0,0,0,0,0,0,0,0,0,0,0.22,0,0,0,0,0,0,0,0,0,0,0,0,0,0,0,0,0,0,0,0,0,0,0,0,0,0,0,0,0,0,0,0,0,0,0,0,0,0,0,0,0,0,0,0,0,0,0,0,0,0.195,0,0,0,0,0,0,0,0,0,0,0,0,0,0,0,0,0,0,0,0,0,0,0,0.266,0,0,0,0,0,0,0,0,0,0,0,0,0,0,0,0,0,0,0,0,0,0,0,0,0,0,0,0,0,0,0.21,0,0,0,0,0,0,0,0,0,0,0,0,0,0,0,0,0,0,0,0,0,0,0,0,0,0,0,0,0,0,0,0,0,0,0,0,0,0,0,0,0,0,0,0,0,0,0,0,0,0,0,0,0,0,0,0,0,0,0,0,0,0,0,0,0,0,0,0,0,0,0,0,0,0,0,0,0,0,0,0,0,0,0,0,0,0,0,0,0,0,0.196,0,0,0,0,0,0,0,0,0,0,0,0,0,0,0,0,0,0,0,0,0,0,0,0,0,0,0,0,0,0,0,0,0,0,0.171,0,0,0,0,0,0,0,0,0,0,0,0,0,0,0,0,0,0,0,0,0,0,0,0,0,0,0,0,0,0,0,0,0,0,0,0,0,0,0,0,0,0,0.256,0,0,0,0,0,0,0,0,0,0,0,0,0,0,0,0,0,0,0,0,0,0,0,0,0,0,0,0,0,0,0,0,0,0,0,0,0,0,0,0,0,0,0,0,0,0,0,0,0,0,0,0,0,0,0,0,0,0,0,0,0,0,0,0,0,0,0,0,0,0,0,0,0,0,0,0,0,0,0,0,0,0,0,0,0,0,0,0,0,0,0,0,0,0,0,0,0,0,0,0,0,0,0,0.274,0,0,0,0,0,0,0,0,0.705,0,0,0,0,0,0,0.482,0,0,0,0,0.298,0,0,0,0,0,0,0,0,0,0,0,0.418,0,0.318,0,0.203,0,0.258,0,0,0,0.39,0,0,0,0,0.15,0,0,0,0,0,0,0,0,0,0,0,0,0,0,0,0,0,0,0,0,0,0,0,0,0,0,0,0,0,0,0,0,0,0,0,0,0,0,0,0.192,0,0,0,0,0,0,0,0,0,0,0,0,0,0,0,0,0,0,0,0,0,0,0,0,0,0,0,0,0,0,0,0,0,0,0,0,0,0,0,0.297,0,0,0,0,0,0.237,0,0,0,0,0,0,0,0,0,0,0,0,0,0,0,0,0,0,0,0,0,0,0,0,0,0,0,0,0,0,0,0,0,0,0,0,0,0,0,0,0,0,0,0,0,0,0,0,0,0,0,0,0,0,0,0,0,0,0,0,0.195,0,0,0,0,0,0,0,0,0,0,0,0,0,0.201,0,0,0,0,0,0,0.381,0,0,0,0,0,0,0,0,0,0,0,0,0,0,0,0,0,0,0,0,0,0,0,0,0,0,0,0,0,0,0,0,0,0,0,0,0,0,0,0,0,0,0,0,0,0,0,0,0,0,0,0,0,0,0,0,0,0,0,0,0,0,0,0,0,0,0,0,0,0,0,0,0,0,0,0,0,0,0,0,0,0,0,0,0,0,0,0,0,0,0,0,0,0,0,0,0,0,0,0.297,0,0,0,0,0,0,0,0,0,0,0,0,0,0,0,0,0,0,0,0,0,0,0,0,0,0,0,0,0,0,0,0,0,0,0,0,0,0,0,0,0,0,0,0,0,0,0,0,0,0,0,0,0,0,0,0,0,0,0,0,0,0.336,0,0,0,0,0,0,0,0,0,0,0,0,0,0,0,0,0,0,0,0,0,0,0,0,0,0,0,0,0,0,0,0,0,0,0,0,0,0,0,0,0,0,0,0,0,0,0,0,0,0,0,0,0,0,0,0,0,0,0,0,0,0,0,0,0,0,0,0,0,0,0,0.197,0,0,0,0,0,0,0,0,0,0,0,0,0,0,0,0,0,0,0,0,0,0,0,0,0,0,0,0,0,0,0,0,0,0,0,0,0,0,0,0,0,0,0,0,0,0,0,0,0,0,0,0,0,0,0,0,0,0,0,0,0,0.276,0,0,0,0,0,0,0,0,0,0,0,0,0,0.386,0,0.827,0,0,0,0,0,0,0,0,0,0,0,0,0,0,0,0,0,0,0,0.195,0,0,0,0.199,0,0,0,0,0,0,0.207,0,0,0,0,0,0,0,0,0,0,0,0,0,0,0,0,0,0,0,0.273,0,0,0.276,0.237,0,0,0,0,0,0,0,0.239,0.21,0,0,0,0.359,0.276,0.354,0,0,0.3,0,0,0,0,0,0,0,0,0,0,0,0,0,0,0,0,0,0,0,0,0,0.252,0,0,0,0,0.318,0,0,0.511,0,0,0.197,0,0,0,0,0,0.29,0,0,0,0,0.987,0,0.317,0,0,0,0,0,0,0.354,0,0,0,0,0,0,0,0,0,0,0,0,0,0,0.276,0,0,0,0,0,0,0,0,0,0,0,0,0,0,0,0.829,0,0,0,0,0,0,0,0,0,0,0,0,0,0,0,0,0,0,0,0,0,0,0,0,0,0,0,0,0,0,0,0,0,0,0,0,0,0,0,0,0,0.336,0,0,0,0,0,0,0,0,0,0,0,0,0,0,0,0,0,0,0,0,0,0,0.174,0,0,0,0,0,0,0,0,0,0,0,0,0,0,0,0,0,0,0,0,0,0,0,0,0,0,0,0,0,0,0,0,0,0,0,0,0,0,0,0,0,0,0,0,0,0,0,0,0,0,0,0,0,0,0,0,0,0,0,0,0,0,0,0,0,0,0,0,0,0,0,0,0,0,0,0,0,0,0,0,0,0,0,0,0,0,0,0,0,0,0,0,0,0,0,0,0,0,0,0,0,0,0,0,0,0,0,0,0.34,0,0,0,0,0,0.351,0,0.176,0,0,0,0,0,0,0,0,0,0,0,0,0,0,0,0.154,0,0,0,0,0,0,0,0,0,0,0,0,0,0,0,0,0,0,0,0,0,0,0,0,0,0,0,0,0,0,0,0,0,0,0,0,0,0,0,0,0,0,0,0,0,0,0,0,0,0,0,0,0,0,0,0,0,0,0,0,0,0,0,0,0,0,0,0,0,0,0,0,0,0,0,0,0,0,0,0,0,0,0,0,0,0,0,0,0,0,0,0,0,0,0,0,0,0,0,0,0,0,0,0,0,0,0,0,0,0,0,0,0,0,0,0,0.165,0,0,0,0,0.511,0,0,0,0,0,0,0,0,0,0,0,0,0,0,0,0,0,0,0,0,0,0,0,0,0,0,0,0,0,0,0,0,0,0,0,0,0,0,0,0,0,0,0,0,0,0,0,0,0,0,0,0,0,0,0,0,0,0,0,0,0,0,0,0,0,0,0,0,0,0,0,0,0,0,0,0,0,0,0,0,0,0,0,0,0,0,0,0,0,0,0,0,0.22,0,0,0,0,0,0,0,0,0,0,0,0,0,0,0,0,0,0,0,0,0,0,0,0,0,0,0,0,0,0,0.215,0,0,0,0,0,0,0,0,0,0,0,0,0,0,0,0,0,0,0,0,0,0,0,0,0,0,0,0,0,0,0,0,0,0,0,0,0,0,0,0,0,0,0,0,0,0,0,0,0,0,0,0,0,0,0,0,0,0,0,0,0,0,0,0,0,0,0,0,0,0,0,0,0,0,0,0,0,0,0,0,0,0,0,0,0,0,0,0,0,0,0,0,0,0,0,0,0,0,0,0,0,0,0,0,0,0,0,0,0,0,0,0,0,0,0,0,0,0,0,0,0,0,0,0,0,0,0,0,0,0,0,0,0,0,0,0,0,0,0,0,0,0,0,0,0,0,0,0,0,0,0,0,0,0,0,0,0,0,0,0,0,0,0,0,0,0,0,0,0,0,0,0,0,0,0,0,0,0,0,0,0,0,0,0,0,0,0,0,0,0,0,0,0,0,0,0,0,0,0,0,0,0,0,0,0,0,0,0,0,0,0,0,0,0,0,0,0,0,0,0,0,0,0,0,0,0,0,0,0,0,0,0,0,0,0,0,0,0,0,0,0,0,0,0,0,0,0,0,0,0,0,0,0,0,0,0,0,0,0,0,0,0,0,0,0,0,0,0,0,0,0,0,0,0,0,0,0,0,0,0,0,0,0,0,0,0,0,0,0,0,0,0,0,0,0,0,0,0,0,0,0,0,0,0,0,0,0,0,0,0,0,0,0,0,0,0,0,0,0,0,0,0,0.22,0,0,0,0,0,0,0,0,0,0,0,0,0,0,0,0,0,0,0,0,0,0,0,0,0,0,0,0,0,0,0,0,0,0,0,0,0,0,0,0,0,0,0,0,0,0,0,0,0,0,0,0,0,0,0,0,0,0,0,0,0,0,0,0,0,0,0,0,0,0,0,0,0,0,0,0,0,0,0,0,0,0,0,0,0,0,0,0,0,0,0,0,0,0,0,0,0,0,0,0,0,0,0,0,0,0,0,0,0,0,0,0,0,0,0,0,0,0,0,0,0,0,0,0,0.68,0,0,0,0,0,0.313,0,0,0,0.164,0,0,0,0.181,0.27,0.506,0.309,0.276,0.438,0.427,0.167,0.29,0.338,0.192,0.313,0.379,0.448,0.351,0.763,0.196,0.22,0.394,0.396,0.657,0.218,0.48,0.309,0.764,0.252,0.227,0.22,0.698,0.196,0.211,0,0,0,0,0,0,0,0,0,0,0,0,0,0,0,0,0,0,0,0,0,0,0,0,0,0,0,0,0,0,0,0,0,0,0,0,0,0,0,0,0,0,0,0,0,0,0,0,0,0,0,0,0,0,0,0,0,0,0,0,0,0,0,0,0,0,0,0,0,0,0,0,0,0,0,0,0,0,0,0,0,0,0,0,0,0,0,0,0,0,0,0,0,0,0,0,0,0,0,0,0,0,0,0,0,0,0,0,0,0,0,0,0,0,0,0,0,0,0,0,0,0,0,0,0,0,0,0,0,0,0,0,0,0,0,0,0,0,0,0,0,0,0,0,0,0,0,0,0,0,0,0,0,0,0,0,0,0,0,0,0,0,0,0,0,0,0,0,0,0,0,0,0,0,0,0,0,0,0,0,0,0,0,0,0,0,0,0,0,0,0,0,0,0,0,0,0,0,0,0,0,0,0,0,0,0,0,0,0,0,0,0,0,0,0,0,0,0,0,0,0,0,0,0,0,0,0,0,0,0,0,0,0,0,0,0,0,0,0,0,0,0,0,0,0,0,0,0,0,0,0,0,0,0,0,0,0,0,0,0,0,0,0,0,0,0,0,0,0,0,0,0,0,0,0,0,0,0,0,0,0,0,0,0,0,0,0,0,0,0,0,0,0,0,0,0,0,0,0,0,0,0,0,0,0,0,0,0,0,0,0,0,0,0,0,0,0,0,0,0,0,0,0,0,0,0,0,0,0,0,0,0,0,0,0,0,0,0,0,0,0,0,0,0,0,0,0,0,0,0,0,0,0,0,0,0,0,0,0,0,0,0,0,0,0,0,0,0,0,0,0,0,0,0,0,0,0,0,0,0,0,0,0,0,0,0,0,0,0,0,0,0,0,0,0,0,0,0,0,0,0,0,0,0,0,0,0,0,0,0,0,0,0,0,0,0,0,0,0,0,0,0,0,0,0,0,0,0,0,0,0,0,0,0,0,0,0,0,0,0,0,0,0,0,0,0,0,0,0,0,0,0,0,0,0,0,0,0,0,0,0,0,0,0,0,0,0,0,0,0,0,0,0,0,0,0,0,0,0,0,0,0,0,0,0,0,0,0,0,0,0,0,0,0,0,0,0,0,0,0,0,0,0,0,0,0,0,0,0,0,0,0,0,0,0,0,0,0,0,0,0,0,0,0,0,0,0,0,0,0,0,0,0,0,0,0,0,0,0,0,0,0,0,0,0,0,0,0,0,0,0,0,0,0,0,0,0,0,0,0,0,0,0,0,0,0,0,0,0,0,0,0,0,0,0,0,0,0,0,0,0,0,0,0,0,0,0,0,0,0,0,0,0,0,0,0,0,0,0,0,0,0,0,0,0,0,0,0,0,0,0,0,0,0,0,0,0,0,0,0,0,0,0,0,0,0,0,0,0,0,0,0,0,0,0,0,0,0,0,0,0,0,0,0,0,0,0,0,0,0,0,0,0,0,0,0,0,0,0,0,0,0,0,0,0,0,0,0,0,0,0,0,0,0,0,0,0,0,0,0,0,0,0,0,0,0,0,0,0,0,0,0,0,0,0,0,0,0,0,0,0,0,0,0,0,0,0,0,0,0,0,0,0,0,0,0,0,0,0,0,0,0,0,0,0,0,0,0,0,0,0,0,0,0,0,0,0,0,0,0,0,0,0,0,0,0,0,0,0,0,0,0,0,0,0,0,0,0,0,0,0,0,0,0,0,0,0,0,0,0,0,0,0,0,0,0,0,0,0,0,0,0,0,0,0,0,0,0,0,0,0,0,0,0,0,0,0,0,0,0,0,0,0,0,0,0,0,0,0,0,0,0,0,0,0,0,0,0,0,0,0,0,0,0,0,0,0,0,0,0,0,0,0,0,0,0,0,0,0,0,0,0,0,0,0,0,0,0,0,0,0,0,0,0,0,0,0,0,0,0,0,0,0,0,0,0,0,0,0,0,0,0,0,0,0,0,0,0,0,0,0,0,0,0,0,0,0,0,0,0,0,0,0,0,0,0,0,0,0,0,0,0,0,0,0,0,0,0,0,0,0,0,0,0,0,0,0,0,0,0,0,0,0,0,0,0,0,0,0,0,0,0,0,0,0,0,0,0,0,0,0,0,0,0,0,0,0,0,0,0,0,0,0,0,0,0,0,0,0,0,0,0,0,0,0,0,0,0,0,0,0,0,0,0,0,0,0,0,0,0,0,0,0,0,0,0,0,0,0,0,0,0,0,0,0,0,0,0,0,0,0,0,0,0,0,0,0,0,0,0,0,0,0,0,0,0,0,0,0,0,0,0,0,0,0,0,0,0,0,0,0,0,0,0,0,0,0,0,0,0,0,0,0,0,0,0,0,0,0,0,0,0,0,0,0,0,0,0,0,0,0,0,0,0,0,0,0,0,0,0,0,0,0,0,0,0,0,0,0,0,0,0,0,0,0,0,0,0,0,0,0,0,0,0
855270,0,0,0,0,0,0,0.174,0,0,0,0,0,0,0,0,0,0,0,0,0,0,0,0,0,0,0,0,0,0,0,0,0,0,0,0,0,0,0,0,0,0.449,0,0,0,0,0,0,0,0,0,0,0.999,0,0,0,0,0,0,0,0,0,0.154,0.645,0,0,0,0,0,0,0,0.578,0,0,0,0.243,0,0,0,0,0,0,0.181,0,0,0,0,0,0,0,0,0,0,0,0,0,0.999,0.156,0,0,0,0,0,0,0,0,0,0,0,0,0,0,0,0,0,0,0,0,0.153,0,0.405,0,0,0.586,0,0,0,0,0.295,0,0,0,0,0,0,0,0,0.179,0,0,0,0.999,0.33,0.194,0,0,0,0,0,0,0,0.201,0,0,0,0,0.906,0,0,0,0,0,0,0,0,0,0,0,0,0,0,0,0,0,0,0,0,0,0,0,0,0,0,0,0,0,0,0,0,0.179,0.219,0,0,0,0,0,0.175,0,0,0,0,0,0,0.274,0.797,0,0,0.999,0,0,0,0,0,0,0,0,0,0,0.166,0,0,0.999,0,0,0.236,0,0,0,0,0,0.92,0,0,0.988,0,0.219,0.164,0.497,0,0,0,0,0,0,0,0.408,0,0,0,0,0,0,0,0,0,0,0,0,0,0,0,0,0,0,0,0.155,0,0,0,0,0,0,0,0,0,0,0.827,0,0,0,0,0,0,0.325,0,0,0,0,0.911,0,0,0,0,0,0.353,0,0,0,0,0,0,0.999,0,0,0,0,0,0,0,0,0.998,0,0,0,0,0.827,0.258,0,0,0,0,0,0,0,0,0,0.18,0,0,0.189,0.626,0,0.452,0,0.179,0,0,0,0,0,0,0,0,0,0,0,0,0.192,0,0,0,0,0,0,0,0,0,0,0,0,0.298,0,0,0,0,0,0,0.206,0.157,0,0.997,0.286,0.911,0,0,0,0,0.999,0,0,0,0,0,0,0.999,0,0,0,0,0,0.156,0,0,0,0,0,0,0.999,0,0.523,0,0,0.201,0,0,0.232,0.906,0,0,0,0.926,0,0.164,0,0,0.203,0.15,0,0,0,0,0.376,0,0,0,0,0,0,0,0,0,0,0,0,0,0,0,0,0,0.162,0,0,0,0,0,0,0,0,0,0.155,0,0.999,0,0.189,0.223,0,0,0.15,0,0,0.154,0,0,0,0,0,0,0,0,0,0,0,0,0,0.999,0,0,0,0,0,0.294,0,0,0,0,0,0,0.181,0,0,0,0,0.921,0,0,0,0,0,0.916,0,0,0,0,0,0,0,0,0,0,0,0,0,0,0,0,0,0,0.999,0.271,0,0,0,0,0,0,0,0.278,0,0,0,0,0,0,0,0,0,0,0.306,0,0,0,0,0,0,0,0,0,0,0,0,0,0.157,0,0,0,0,0,0,0,0,0,0,0,0,0,0,0.319,0,0,0,0,0,0,0,0,0,0.225,0,0,0,0,0,0,0,0,0,0.909,0,0,0,0,0,0,0,0,0,0,0,0.316,0,0,0,0,0.216,0,0,0,0,0.385,0,0,0,0,0,0,0,0,0,0,0,0,0,0,0,0,0.205,0.9,0,0,0,0,0,0,0,0,0.546,0,0,0,0,0,0,0,0,0,0,0,0,0,0,0,0,0,0,0,0.499,0,0,0,0,0,0,0,0,0,0,0,0,0,0,0,0,0,0,0,0,0,0,0,0,0,0,0.797,0,0,0,0,0.321,0,0,0,0,0,0,0,0,0,0,0,0,0,0,0,0,0.15,0,0,0,0.424,0,0.169,0,0,0,0,0,0,0.359,0.294,0.999,0,0,0,0,0,0,0,0,0,0,0.999,0,0,0,0,0,0.946,0,0,0,0,0,0.222,0,0,0,0,0,0,0,0,0.999,0,0.227,0,0,0,0,0,0,0,0,0,0,0,0,0,0,0,0,0,0,0,0,0,0,0,0,0,0,0,0,0,0,0.936,0,0.187,0,0,0,0,0,0,0,0,0,0,0,0,0,0,0,0,0,0,0,0,0,0,0,0,0,0,0,0,0.828,0,0,0,0,0,0,0,0,0,0,0,0,0,0,0,0,0,0,0,0,0,0,0.999,0,0.195,0,0,0,0,0,0,0,0,0,0.176,0,0,0,0,0,0.467,0,0.185,0,0,0,0,0,0,0,0,0.157,0.999,0,0,0,0,0,0,0,0,0,0,0,0,0,0,0.999,0,0,0,0,0,0,0,0,0,0,0,0,0,0,0.152,0,0,0,0,0,0.452,0,0,0,0,0,0.972,0,0.999,0,0,0,0,0.195,0,0.167,0,0.999,0,0.181,0,0,0,0,0.998,0,0.599,0.211,0.999,0,0.5,0,0,0,0,0,0,0,0.188,0,0,0,0,0,0,0.997,0,0.984,0.999,0,0,0,0,0,0,0,0.688,0,0.197,0,0,0,0.991,0,0,0.228,0,0,0.999,0,0,0,0,0,0,0,0,0,0,0,0,0,0,0,0,0,0,0,0,0,0,0,0,0,0,0,0,0,0,0,0,0,0,0,0,0,0,0,0,0,0,0,0,0,0,0,0,0,0,0,0,0,0,0,0,0,0,0,0.156,0,0,0,0.996,0,0,0,0,0,0,0,0,0,0.999,0,0,0,0,0,0,0,0,0,0,0,0,0.907,0,0,0,0,0,0,0,0,0,0,0,0,0,0,0,0.159,0,0,0,0,0,0,0,0,0,0,0,0,0,0,0,0.709,0,0,0,0,0,0,0,0,0,0,0,0,0,0,0,0,0,0.998,0,0,0,0,0,0,0,0,0.902,0,0,0,0,0,0.332,0,0,0,0,0,0,0,0,0,0,0,0,0.999,0,0,0,0,0,0,0,0.167,0.159,0,0.996,0,0,0,0.272,0,0,0,0.259,0.999,0.424,0.185,0,0,0,0,0,0,0,0,0,0,0,0,0,0,0,0,0,0,0,0,0,0,0,0,0,0,0,0,0,0,0,0,0,0,0.999,0,0,0.183,0,0,0,0,0,0,0,0,0,0,0,0,0.999,0.299,0,0.917,0,0,0,0,0,0.485,0,0.821,0,0,0,0,0,0,0,0,0,0,0,0,0,0,0,0,0,0.178,0.214,0,0,0,0,0,0,0,0,0,0.996,0,0,0,0,0,0,0,0,0,0,0,0,0,0,0,0,0,0,0,0,0,0,0,0.258,0,0,0,0,0,0,0,0.999,0,0.999,0,0,0,0,0,0,0,0,0,0,0,0,0,0,0.179,0,0,0,0,0,0,0,0,0,0,0,0,0,0,0,0,0,0,0,0,0,0,0.992,0,0,0,0,0,0,0,0,0,0,0,0,0.5,0,0,0,0,0,0.424,0,0,0,0,0,0,0,0,0,0,0,0,0,0,0,0,0,0,0,0,0,0,0,0,0,0,0,0.999,0.309,0,0,0,0,0,0.247,0,0,0,0,0,0,0.187,0,0,0.38,0,0,0,0,0,0,0,0,0,0,0,0,0,0,0,0,0,0,0,0,0,0,0.198,0,0,0.506,0,0,0,0,0,0.307,0,0.198,0,0,0,0,0,0,0,0,0,0,0,0,0,0,0,0,0,0,0,0,0,0,0,0,0,0,0,0,0,0,0,0,0,0,0.192,0,0,0,0,0,0,0,0,0,0,0,0,0,0,0,0,0.999,0,0,0,0,0,0,0,0,0,0,0,0,0.173,0,0,0,0,0,0,0,0,0,0,0,0,0.22,0,0,0,0,0,0.237,0,0,0,0,0,0,0,0,0,0,0.223,0,0,0,0,0,0,0,0,0,0.23,0,0,0,0,0,0,0,0.151,0,0,0,0,0,0,0,0,0,0,0,0,0,0,0,0,0,0.197,0.16,0,0,0,0,0,0,0,0,0,0,0,0,0.338,0,0,0,0,0,0,0,0,0,0,0,0,0,0,0,0,0,0,0,0,0,0,0,0,0,0,0,0,0,0,0,0,0,0,0,0,0,0,0,0,0,0.257,0,0,0,0,0,0,0,0,0,0,0,0.205,0,0.928,0,0,0,0,0.179,0.999,0,0.164,0,0,0,0.28,0,0.183,0,0.247,0,0,0,0,0.176,0,0.197,0,0.573,0,0,0,0.373,0,0,0.159,0,0,0,0,0,0,0,0,0,0,0,0,0,0,0,0.999,0,0.177,0,0.999,0,0,0.262,0,0,0,0,0,0,0,0.999,0,0.265,0,0,0,0,0,0,0,0,0,0,0,0.164,0,0,0,0,0,0,0,0.177,0,0,0.359,0,0.999,0,0,0,0,0,0,0,0,0,0.486,0,0,0,0,0.584,0.172,0,0,0,0,0.367,0,0,0,0,0,0,0,0,0,0,0.994,0,0.175,0,0,0,0.22,0,0,0,0.999,0,0,0,0,0,0,0,0,0,0,0,0,0,0,0,0,0,0,0,0,0,0,0,0,0,0,0.999,0.162,0,0.692,0,0,0.228,0,0,0,0.179,0,0,0.819,0,0.999,0,0.186,0,0,0,0,0,0,0.17,0.256,0,0,0,0,0,0,0.239,0,0,0,0.949,0.254,0,0.923,0,0,0,0,0,0.901,0,0,0,0.249,0,0,0,0,0,0,0,0,0,0,0,0,0,0.161,0.93,0,0,0,0.181,0,0,0.173,0,0,0,0.151,0.276,0,0,0,0,0,0,0,0,0,0.162,0,0,0,0,0,0,0,0,0,0,0,0,0.169,0,0,0,0,0.212,0,0,0.244,0,0,0,0,0,0,0,0,0,0,0,0,0,0,0,0,0.994,0,0,0,0,0,0,0,0,0,0,0,0,0,0,0,0,0,0,0,0,0,0,0,0,0,0,0,0.177,0,0,0,0,0,0,0,0,0,0,0,0,0,0,0,0,0,0,0,0,0,0.91,0.158,0,0,0,0,0,0,0,0,0,0,0,0,0,0,0,0,0,0.345,0,0,0,0.744,0,0,0,0,0,0,0,0,0,0,0,0,0,0,0,0,0,0,0,0,0,0,0,0,0,0,0,0,0,0.506,0,0.169,0,0,0,0,0,0,0,0,0,0,0,0,0,0,0,0,0,0,0,0,0,0,0,0,0.655,0,0.167,0,0,0,0,0,0,0,0,0,0,0,0,0,0,0,0,0,0,0,0,0,0,0,0,0,0,0,0,0,0,0,0,0,0,0,0,0,0,0.826,0,0,0.998,0,0,0,0,0,0,0,0,0,0,0,0,0,0,0,0,0,0,0,0,0,0,0,0,0,0,0,0,0,0,0,0,0,0,0,0,0,0,0.278,0,0,0,0,0,0,0.25,0,0,0.288,0.218,0,0,0,0,0,0,0,0,0,0,0.192,0.271,0,0,0,0,0.994,0,0,0,0,0,0,0.278,0,0,0,0,0,0,0,0,0,0,0,0,0,0,0,0,0,0,0.288,0,0,0,0,0,0,0,0,0,0,0,0,0,0,0,0,0,0,0,0,0.999,0,0,0,0,0,0.999,0,0,0,0,0.999,0,0,0,0,0,0,0,0.244,0,0,0,0,0,0,0,0,0,0,0,0,0,0,0.909,0,0,0,0,0,0,0,0,0,0,0.413,0.999,0,0,0,0.767,0,0,0,0,0,0,0,0,0,0,0,0,0,0.191,0,0,0,0,0,0,0,0,0,0,0.319,0,0,0,0,0,0,0,0,0,0,0.198,0,0,0,0,0,0,0,0,0,0,0,0,0,0,0,0,0,0,0,0,0,0.356,0,0,0.333,0,0.338,0.183,0,0,0,0,0,0,0,0,0,0,0.999,0,0,0,0,0,0,0,0.198,0,0.17,0,0,0,0,0.93,0.58,0,0.183,0,0,0,0,0,0,0,0,0,0,0,0,0,0,0,0,0,0,0,0,0.582,0,0.164,0.257,0,0,0,0,0,0,0,0,0,0,0,0,0,0,0,0.998,0,0,0.999,0,0,0,0,0,0,0,0,0,0,0,0,0,0,0,0,0,0,0,0,0,0,0,0,0,0,0,0,0,0,0,0,0,0,0,0,0,0,0,0,0,0,0,0,0,0,0,0,0,0,0,0,0,0,0,0,0,0,0,0,0,0,0,0,0,0,0,0,0,0,0,0,0,0,0,0,0,0,0,0,0,0,0,0,0,0,0,0,0,0,0,0,0,0,0,0,0,0,0,0,0,0,0,0,0,0,0,0,0,0,0,0,0,0,0,0,0,0,0,0,0.583,0,0,0,0,0,0,0,0,0,0,0,0,0,0,0,0,0,0,0,0,0,0,0,0,0.271,0,0,0.158,0,0,0,0,0,0,0,0,0,0,0,0,0,0,0,0.999,0,0,0,0,0,0,0,0,0,0,0,0,0,0,0,0,0,0,0,0,0,0,0,0,0,0.178,0,0,0,0.244,0,0,0,0,0.589,0.336,0.195,0.175,0,0,0,0.262,0.901,0,0,0,0,0.982,0,0,0,0,0,0,0,0,0,0,0,0.28,0,0,0,0,0,0,0,0,0,0,0,0,0,0,0,0.29,0.171,0.399,0,0,0,0,0,0,0,0.592,0,0,0,0,0,0,0,0,0,0,0,0,0.257,0,0,0,0,0,0,0,0,0,0.257,0,0,0,0,0,0,0,0,0,0,0,0,0,0,0.305,0,0,0,0,0,0,0,0.34,0,0,0,0,0,0,0,0,0,0,0,0,0,0,0,0,0,0,0,0,0,0,0,0,0,0,0,0,0,0,0,0,0,0,0,0,0,0,0,0,0,0,0,0,0,0,0.719,0.856,0.999,0.776,0,0.208,0.157,0,0.999,0.999,0.999,0,0,0.999,0.171,0,0,0.999,0.955,0.265,0.999,0.257,0.168,0,0,0,0,0.999,0.611,0.999,0.152,0,0.999,0,0,0.162,0,0,0.807,0.999,0.164,0.998,0.225,0.927,0,0,0,0.999,0.999,0.17,0.921,0,0.186,0.591,0,0.485,0.809,0,0.237,0,0,0.999,0.999,0.998,0.999,0.629,0,0.999,0,0.461,0.999,0.902,0.999,0.317,0,0,0.798,0,0,0,0.998,0.999,0,0.999,0.999,0.999,0,0.164,0.999,0,0.773,0.85,0,0.999,0,0.721,0,0.999,0.999,0.441,0.237,0,0,0.997,0.522,0.999,0.999,0.811,0.999,0.998,0,0,0.999,0.302,0.998,0.172,0.999,0.999,0.81,0.999,0.812,0.176,0.193,0,0.997,0.999,0.805,0.824,0,0,0.993,0.257,0.999,0,0.903,0.611,0.999,0.858,0,0,0.241,0,0.999,0.999,0,0,0.546,0.999,0.301,0,0.999,0,0.155,0.616,0.999,0.999,0,0.957,0,0.999,0,0.788,0.999,0,0.263,0.997,0.999,0.49,0,0.999,0.999,0.194,0.918,0.424,0.175,0,0,0.154,0,0.165,0.996,0.903,0,0.731,0,0.647,0,0,0.966,0.994,0.992,0.999,0.287,0,0,0.999,0.998,0,0,0.999,0,0.999,0.999,0,0.997,0,0,0.986,0,0.999,0.277,0,0.999,0.994,0.999,0,0.857,0.999,0,0.909,0,0,0.999,0,0.999,0,0,0.993,0,0,0,0,0,0,0,0,0,0,0,0,0,0,0,0,0,0,0,0,0,0,0,0,0,0,0,0,0,0,0,0.318,0,0,0,0,0,0,0,0,0,0,0,0.998,0,0,0,0,0,0,0,0,0,0,0,0,0,0,0.354,0,0,0,0,0,0,0,0,0,0,0,0,0,0,0,0,0,0,0,0,0,0,0,0,0,0,0,0,0,0,0,0,0.411,0,0,0,0,0,0,0,0,0,0,0,0,0,0,0,0,0,0,0.203,0,0,0,0,0.254,0,0,0,0,0,0,0,0,0,0,0,0,0,0,0,0,0,0,0,0,0,0,0,0,0,0,0,0,0,0,0,0,0,0,0,0,0,0,0,0,0,0,0,0,0,0,0,0,0,0,0,0,0,0,0,0,0,0,0,0,0,0,0,0,0,0,0,0,0,0,0,0,0,0,0,0,0,0,0,0,0,0,0,0,0,0,0,0,0,0,0,0.195,0,0,0,0,0,0,0,0,0,0,0,0,0,0,0,0,0,0,0,0,0,0,0,0,0.329,0.158,0.196,0.198,0.166,0.216,0.449,0.293,0.271,0.173,0.184,0.902,0.39,0.169,0.161,0.902,0.55,0.926,0.263,0.508,0.321,0.444,0.171,0.199,0.207,0.928,0.188,0.181,0.315,0.243,0.288,0.258,0,0,0,0,0,0,0,0,0,0,0,0,0,0,0,0,0,0,0,0,0,0,0,0,0,0,0,0,0,0,0,0,0,0,0,0,0,0,0,0,0,0,0,0,0,0,0,0,0,0,0,0,0,0,0,0,0,0,0,0,0,0,0,0,0,0,0,0,0,0,0,0,0,0,0,0,0,0,0,0,0,0,0,0,0,0,0,0,0,0,0,0,0,0,0,0,0,0,0,0,0,0,0,0,0,0,0,0,0,0,0,0,0,0,0,0,0,0,0,0,0,0,0,0,0,0,0,0,0,0,0,0,0,0,0,0,0,0,0,0,0,0,0,0,0,0,0,0,0,0,0,0,0,0,0,0,0,0,0,0,0,0,0,0,0,0,0,0,0,0,0,0,0,0,0,0,0,0,0,0,0,0,0,0,0,0,0,0,0,0,0,0,0,0,0,0,0,0,0,0,0,0,0,0,0,0,0,0,0,0,0,0,0,0,0,0,0,0,0,0,0,0,0,0,0,0,0,0,0,0,0,0,0,0,0,0,0,0,0,0,0,0,0,0,0,0,0,0,0,0,0,0,0,0,0,0,0,0,0,0,0,0,0,0,0,0,0,0,0,0,0,0,0,0,0,0,0,0,0,0,0,0,0,0,0,0,0,0,0,0,0,0,0,0,0,0,0,0,0,0,0,0,0,0,0,0,0,0,0,0,0,0,0,0,0,0,0,0,0,0,0,0,0,0,0,0,0,0,0,0,0,0,0,0,0,0,0,0,0,0,0,0,0,0,0,0,0,0,0,0,0,0,0,0,0,0,0,0,0,0,0,0,0,0,0,0,0,0,0,0,0,0,0,0,0,0,0,0,0,0,0,0,0,0,0,0,0,0,0,0,0,0,0,0,0,0,0,0,0,0,0,0,0,0,0,0,0,0,0,0,0,0,0,0,0,0,0,0,0,0,0,0,0,0,0,0,0,0,0,0,0,0,0,0,0,0,0,0,0,0,0,0,0,0,0,0,0,0,0,0,0,0,0,0,0,0,0,0,0,0,0,0,0,0,0,0,0,0,0,0,0,0,0,0,0,0,0,0,0,0,0,0,0,0,0,0,0,0,0,0,0,0,0,0,0,0,0,0,0,0,0,0,0,0,0,0,0,0,0,0,0,0,0,0,0,0,0,0,0,0,0,0,0,0,0,0,0,0,0,0,0,0,0,0,0,0,0,0,0,0,0,0,0,0,0,0,0,0,0,0,0,0,0,0,0,0,0,0,0,0,0,0,0,0,0,0,0,0,0,0,0,0,0,0,0,0,0,0,0,0,0,0,0,0,0,0,0,0,0,0,0,0,0,0,0,0,0,0,0,0,0,0,0,0,0,0,0,0,0,0,0,0,0,0,0,0,0,0,0,0,0,0,0,0,0,0,0,0,0,0,0,0,0,0,0,0,0,0,0,0,0,0,0,0,0,0,0,0,0,0,0,0,0,0,0,0,0,0,0,0,0,0,0,0,0,0,0,0,0,0,0,0,0,0,0,0,0,0,0,0,0,0,0,0,0,0,0,0,0,0,0,0,0,0,0,0,0,0,0,0,0,0,0,0,0,0,0,0,0,0,0,0,0,0,0,0,0,0,0,0,0,0,0,0,0,0,0,0,0,0,0,0,0,0,0,0,0,0,0,0,0,0,0,0,0,0,0,0,0,0,0,0,0,0,0,0,0,0,0,0,0,0,0,0,0,0,0,0,0,0,0,0,0,0,0,0,0,0,0,0,0,0,0,0,0,0,0,0,0,0,0,0,0,0,0,0,0,0,0,0,0,0,0,0,0,0,0,0,0,0,0,0,0,0,0,0,0,0,0,0,0,0,0,0,0,0,0,0,0,0,0,0,0,0,0,0,0,0,0,0,0,0,0,0,0,0,0,0,0,0,0,0,0,0,0,0,0,0,0,0,0,0,0,0,0,0,0,0,0,0,0,0,0,0,0,0,0,0,0,0,0,0,0,0,0,0,0,0,0,0,0,0,0,0,0,0,0,0,0,0,0,0,0,0,0,0,0,0,0,0,0,0,0,0,0,0,0,0,0,0,0,0,0,0,0,0,0,0,0,0,0,0,0,0,0,0,0,0,0,0,0,0,0,0,0,0,0,0,0,0,0,0,0,0,0,0,0,0,0,0,0,0,0,0,0,0,0,0,0,0,0,0,0,0,0,0,0,0,0,0,0,0,0,0,0,0,0,0,0,0,0,0,0,0,0,0,0,0,0,0,0,0,0,0,0,0,0,0,0,0,0,0,0,0,0,0,0,0,0,0,0,0,0,0,0,0,0,0,0,0,0,0,0,0,0,0,0,0,0,0,0,0,0,0,0,0,0,0,0,0,0,0,0,0,0,0,0,0,0,0,0,0
855032,0,0,0,0,0,0,0,0,0,0,0,0,0,0,0,0,0,0,0,0,0,0,0,0,0,0,0,0,0,0,0,0,0,0,0,0,0,0,0,0,0,0,0,0,0,0,0,0,0,0,0,0,0,0,0,0,0.177,0,0,0,0,0,0,0,0,0,0,0,0,0,0.18,0,0,0.254,0,0,0,0,0,0,0,0,0,0,0,0,0,0,0,0,0,0,0,0,0,0,0,0,0,0,0,0,0,0,0,0,0,0,0,0,0,0,0,0,0,0,0,0,0,0,0,0,0,0,0,0,0,0,0,0,0,0,0,0,0,0,0,0,0,0,0,0,0,0.404,0.177,0,0,0,0,0,0,0,0,0,0,0,0,0,0,0,0,0,0,0,0,0,0,0,0,0,0,0,0,0,0,0,0,0,0,0,0,0,0,0,0,0,0,0,0,0,0,0,0,0,0,0,0,0,0,0,0,0,0,0,0,0,0,0,0,0.206,0,0,0,0,0,0,0,0,0,0,0,0,0,0,0,0,0,0,0,0,0,0.185,0,0,0,0.224,0,0,0.243,0,0.768,0,0,0.16,0,0,0,0,0,0,0,0,0,0,0,0,0,0,0.169,0,0,0,0,0,0,0,0,0,0,0,0.36,0,0,0.203,0,0,0,0,0,0,0,0,0.16,0,0,0,0,0,0,0,0,0,0,0,0,0,0,0,0,0,0,0,0,0,0,0,0,0,0,0,0.262,0,0,0,0,0,0,0.234,0,0,0,0,0,0,0,0,0,0,0,0,0,0.304,0,0,0,0,0,0,0,0,0,0,0,0,0,0.173,0.224,0,0,0,0,0,0,0,0,0,0,0,0,0,0,0,0,0,0,0,0,0,0,0,0,0,0,0,0,0,0,0,0,0.267,0,0,0,0,0,0,0,0,0,0,0,0,0,0,0,0,0,0,0,0,0,0,0,0,0,0,0,0,0,0,0,0,0,0,0,0,0,0,0,0,0,0,0,0,0,0,0,0,0,0,0,0,0,0,0,0,0,0,0.162,0,0,0,0,0,0,0,0,0,0,0,0,0,0.173,0,0,0,0,0,0,0,0,0,0,0,0,0,0,0,0,0,0,0,0,0,0,0,0,0,0,0,0,0,0,0,0,0,0,0,0,0,0,0,0,0,0,0,0,0,0,0,0,0,0,0,0,0,0,0,0,0,0,0,0,0,0,0,0,0,0,0,0,0,0,0,0.414,0,0,0,0,0,0,0,0,0,0,0,0.16,0,0,0,0,0,0,0,0,0,0,0,0,0,0,0,0,0,0,0,0,0,0,0,0,0,0,0,0,0,0,0,0,0,0.541,0,0,0.22,0,0,0,0,0,0,0.179,0,0,0,0,0.7,0,0,0,0,0,0,0,0.181,0,0,0,0,0,0,0,0,0,0,0,0.307,0,0,0,0,0,0,0,0,0,0,0,0,0,0,0,0,0,0,0,0,0,0,0,0,0,0,0,0,0,0,0.589,0,0,0,0,0,0,0,0,0,0,0,0,0,0,0,0,0,0,0,0,0,0,0,0,0.61,0.236,0,0,0,0.456,0,0,0,0,0,0,0.272,0,0,0,0,0,0.264,0,0,0,0,0,0,0,0,0,0,0,0.278,0,0,0,0,0,0,0,0.456,0,0,0,0.166,0,0,0,0,0,0,0,0,0,0,0,0.296,0,0,0,0,0.254,0,0,0,0,0.616,0,0,0,0,0,0,0,0,0,0,0.185,0.63,0,0,0,0,0,0,0,0,0,0,0,0,0,0,0,0,0,0,0,0,0,0,0,0,0,0,0.514,0,0,0,0,0,0,0,0,0,0,0,0,0,0,0,0.181,0,0.293,0,0,0,0,0,0,0,0,0,0,0,0.252,0,0,0,0.185,0,0,0,0,0,0,0,0,0,0,0,0.163,0,0,0,0,0,0,0,0,0,0,0,0,0,0,0,0,0,0,0,0,0,0,0,0,0,0,0,0,0,0,0,0,0,0,0,0,0,0,0,0,0,0,0,0,0,0,0,0,0,0,0,0,0,0,0,0,0,0,0,0,0,0,0,0,0,0,0,0,0,0,0.467,0,0,0,0,0,0,0,0,0,0,0,0,0,0,0,0,0,0,0,0,0,0.304,0,0,0,0,0,0,0,0,0,0,0.497,0,0,0,0,0,0,0,0,0.16,0,0,0,0,0,0,0,0,0,0,0,0.182,0.332,0,0,0,0,0,0,0,0,0,0,0,0,0,0,0,0,0,0,0.185,0,0,0,0,0,0,0,0,0,0,0,0,0,0,0,0,0,0.202,0,0,0,0,0,0,0,0,0,0,0,0,0,0,0,0,0,0,0,0,0,0,0,0,0,0,0.876,0,0.719,0,0,0,0,0,0,0,0,0,0,0,0,0,0,0,0,0,0,0,0,0,0,0,0,0,0,0,0,0,0,0,0,0,0,0,0,0,0,0,0,0,0,0,0,0,0,0,0,0,0,0,0,0,0,0,0,0,0.614,0,0,0,0,0,0,0,0,0,0,0,0,0,0,0,0,0,0,0,0,0,0,0,0,0,0,0,0,0,0,0,0,0,0,0,0,0,0,0,0,0.494,0,0.494,0,0,0,0,0,0,0,0,0,0,0,0,0,0,0,0,0,0,0,0,0,0,0,0,0,0,0,0,0,0.228,0,0,0,0,0,0,0,0,0,0,0,0,0,0,0,0,0.408,0,0,0,0,0,0,0,0,0,0,0,0,0,0,0,0,0,0,0,0,0,0,0,0,0,0,0,0,0,0,0,0,0,0,0,0,0,0,0,0,0,0,0,0,0,0,0,0,0,0,0,0,0,0,0,0,0,0,0,0,0,0,0,0,0,0,0,0,0,0,0,0,0,0,0,0,0,0,0,0,0,0,0,0,0,0,0,0,0,0,0,0,0,0,0,0,0,0,0,0,0,0,0,0,0,0,0,0,0,0,0,0,0,0,0,0,0,0,0.623,0,0,0,0,0,0,0,0,0,0,0,0,0,0,0.275,0,0,0,0,0,0,0.248,0,0,0,0,0,0,0,0,0,0,0,0,0,0,0,0,0,0,0,0,0,0,0,0,0,0,0,0,0,0,0,0,0,0,0,0,0,0,0,0,0,0,0.181,0,0,0,0,0,0,0,0,0,0,0,0,0,0,0,0,0,0,0,0,0,0,0,0,0,0,0,0,0,0,0,0,0,0,0,0,0,0,0,0,0,0,0,0.252,0,0,0,0,0,0,0,0,0,0,0,0,0,0,0,0,0,0,0,0,0,0,0,0,0,0,0,0,0,0,0,0.616,0,0.155,0,0,0,0,0,0,0,0,0,0,0,0,0,0,0,0,0,0,0,0,0,0,0,0,0,0,0,0,0,0,0,0,0,0,0,0,0,0,0,0,0,0,0,0.224,0,0,0,0,0,0,0,0,0,0,0,0,0,0,0,0,0,0,0,0,0,0,0.167,0,0,0,0,0,0,0,0,0,0,0,0,0,0,0,0,0,0,0,0,0,0.194,0,0,0,0,0,0.843,0,0,0,0,0,0,0,0,0,0,0,0,0,0,0,0.309,0,0,0,0,0,0,0,0,0,0,0,0,0,0,0,0,0,0,0,0,0,0,0,0,0,0,0,0,0,0,0.226,0,0,0,0,0,0,0,0,0,0,0,0,0,0,0,0,0,0,0,0,0,0,0,0,0,0,0,0,0,0,0,0,0,0,0,0,0,0,0,0,0,0,0,0,0,0,0,0,0,0,0.154,0,0,0,0,0.272,0,0,0,0,0,0,0,0,0,0,0,0,0,0,0,0,0,0,0,0,0,0,0,0,0,0,0,0,0,0,0,0,0,0,0,0,0,0,0,0,0,0,0,0,0,0,0,0,0,0,0,0,0,0,0,0,0,0,0,0,0,0,0,0,0,0,0,0,0,0,0,0,0,0,0,0,0,0,0,0,0,0,0,0,0,0,0,0,0,0,0,0,0,0,0,0,0,0,0,0,0,0,0,0,0,0,0,0,0,0,0,0,0,0,0,0,0,0,0,0,0,0,0,0,0,0,0,0,0,0,0,0,0,0,0,0,0,0,0,0,0,0,0,0,0,0,0,0,0,0,0,0,0,0,0,0,0,0,0,0,0,0,0,0,0,0,0,0,0,0,0,0,0,0,0,0,0,0,0,0,0,0,0,0,0,0,0,0,0,0,0,0,0,0,0,0.309,0,0,0,0,0,0,0,0,0,0,0,0,0,0,0,0,0,0,0,0,0,0,0,0,0,0,0,0,0,0,0,0,0,0,0,0,0,0,0,0,0,0,0,0,0,0,0,0,0,0,0,0,0,0,0.254,0,0,0,0,0,0,0,0,0,0,0,0,0,0.709,0,0,0,0,0,0,0,0,0,0,0,0,0,0,0,0,0,0,0,0,0,0,0,0,0,0,0,0,0,0,0,0,0,0,0,0,0,0,0,0,0.653,0,0,0,0,0,0,0,0,0,0,0,0,0,0,0,0,0,0,0,0,0,0,0,0,0,0,0.795,0,0,0,0,0,0,0,0,0,0,0,0,0.198,0,0.61,0,0.829,0,0,0,0.746,0,0,0,0,0.618,0,0,0,0,0,0,0,0,0,0,0,0,0.656,0,0,0.421,0,0,0,0,0,0,0.612,0,0,0,0,0.904,0,0,0,0,0,0,0,0.245,0,0,0,0,0,0,0,0,0,0,0,0,0,0,0,0,0,0,0,0,0,0,0.919,0,0,0,0,0,0,0,0,0,0,0,0,0,0,0.63,0,0,0,0,0,0,0,0,0,0,0,0,0,0,0,0,0,0,0,0,0,0.222,0.771,0,0,0,0.452,0.797,0,0,0,0,0.611,0,0,0,0,0,0,0,0,0,0,0,0,0,0,0,0,0,0,0,0,0,0,0,0,0,0,0,0,0,0,0,0,0,0,0,0,0,0,0,0,0,0,0,0,0,0,0,0,0,0,0,0,0,0,0,0,0,0,0,0,0,0.43,0,0,0,0.429,0,0,0,0,0,0,0,0,0,0,0,0,0,0,0,0,0,0,0,0,0,0,0,0,0,0,0,0,0,0,0.19,0,0,0,0,0,0,0,0,0,0,0,0,0,0,0,0,0,0,0,0,0,0,0,0,0,0,0,0,0,0,0,0,0,0,0,0,0,0,0,0,0,0,0,0,0,0,0,0,0,0,0,0,0,0,0,0,0,0,0,0,0,0,0,0,0,0,0,0,0,0.474,0,0,0,0,0,0.433,0,0,0,0,0,0,0,0,0,0,0,0,0,0,0,0,0,0,0,0,0,0,0,0,0,0,0,0,0,0,0,0,0,0,0,0,0,0,0,0,0,0.162,0,0,0,0,0,0,0,0,0,0,0,0,0,0,0,0,0,0,0,0.155,0,0,0,0,0,0,0,0,0,0,0,0,0,0,0,0,0,0,0,0,0,0,0,0,0,0,0,0,0,0,0.425,0,0,0,0,0,0,0,0,0,0,0,0,0,0,0,0,0,0,0.219,0,0,0,0,0,0,0,0,0,0,0,0,0,0,0,0,0,0,0,0,0,0,0,0,0,0,0,0,0,0,0,0,0,0,0,0,0,0,0,0,0,0,0,0,0,0,0,0,0,0,0,0,0.153,0,0,0,0,0,0,0,0,0,0,0,0,0,0,0,0,0,0,0,0,0,0,0,0,0,0,0,0,0,0,0,0,0,0,0,0,0,0,0,0,0,0,0,0,0.238,0,0,0,0,0,0,0,0,0,0,0,0,0,0,0,0,0,0,0,0,0,0,0,0,0,0,0,0,0,0,0,0,0,0,0,0,0,0,0,0,0,0,0,0,0,0,0,0,0,0,0.238,0,0,0,0,0,0,0,0,0,0,0,0,0,0,0,0,0,0,0,0,0,0,0,0,0,0.157,0.164,0,0,0,0,0,0,0,0,0,0,0,0,0,0,0,0,0,0,0,0,0,0,0,0,0,0,0,0,0,0,0,0,0,0,0,0,0,0,0,0,0,0,0,0,0.319,0,0,0,0,0,0,0,0,0,0,0,0,0,0,0,0,0,0,0,0,0,0,0,0,0,0,0,0,0,0,0,0,0,0,0,0,0,0,0,0,0,0,0,0,0,0,0,0,0,0,0,0,0,0,0,0,0,0,0,0,0,0,0,0,0,0,0,0,0,0,0,0,0,0,0,0,0,0,0,0,0,0,0,0,0,0,0,0,0,0,0,0,0,0,0,0,0,0,0,0,0,0,0,0,0,0,0,0,0,0,0,0,0,0,0,0,0,0,0,0,0,0,0,0,0,0,0,0,0,0,0,0,0,0,0,0,0,0,0,0,0,0,0,0,0,0,0,0,0,0,0,0,0,0,0,0,0,0,0,0,0,0,0,0,0,0,0,0,0,0,0,0,0,0,0,0,0,0,0,0,0,0,0,0,0,0,0,0,0,0,0,0,0,0,0,0,0,0,0,0,0,0,0,0,0,0,0.246,0,0,0,0,0,0,0,0,0,0,0,0,0,0,0,0,0,0,0,0,0,0,0,0,0,0,0,0,0,0,0,0,0,0,0,0,0,0,0,0,0,0,0,0,0,0,0,0,0,0,0,0,0,0.246,0,0,0,0,0,0,0,0,0,0,0,0,0,0,0,0,0,0,0,0,0,0,0,0,0,0,0,0,0,0,0,0,0,0,0,0,0,0,0.537,0,0,0,0,0,0,0,0,0,0.228,0,0,0,0,0,0,0,0,0,0,0,0,0,0,0,0,0,0,0,0,0,0,0,0,0,0,0,0,0,0,0,0,0,0,0,0,0,0,0,0,0.169,0,0.169,0,0,0,0,0,0,0,0,0,0,0,0,0,0,0,0,0,0,0,0,0,0,0,0,0,0,0.912,0,0,0,0,0,0,0,0,0,0,0,0,0,0,0,0,0,0,0.222,0,0,0,0,0,0,0,0,0,0,0,0,0,0,0,0,0,0,0,0,0,0,0,0,0,0,0,0,0,0,0,0,0,0,0,0,0,0,0,0,0,0,0,0,0,0,0,0,0,0,0,0,0,0,0,0,0,0,0,0,0,0,0,0,0,0,0,0,0,0,0,0,0,0.211,0,0,0,0,0,0,0,0,0.183,0,0,0,0.194,0,0,0,0,0.164,0,0,0,0,0,0,0,0,0,0,0,0,0,0.459,0,0,0,0.459,0,0,0,0,0,0,0,0,0,0,0,0,0,0,0.17,0,0,0,0,0,0,0.29,0,0,0,0,0,0,0,0,0,0,0,0,0,0,0,0.164,0,0,0,0,0,0,0,0,0,0,0,0,0,0.757,0,0.696,0,0,0,0.669,0,0,0,0,0,0,0,0,0,0,0,0,0,0,0,0,0,0,0,0,0,0,0,0,0,0,0,0,0,0,0,0,0,0,0,0,0,0,0,0.166,0,0,0,0,0,0,0,0,0,0.616,0,0,0,0,0,0,0,0,0,0,0,0,0,0.162,0.235,0.223,0.287,0.163,0.34,0.811,0.616,0.462,0.218,0.462,0.947,0.211,0.158,0.258,0.317,0.195,0.278,0.532,0.739,0.766,0.68,0.591,0.994,0.197,0.196,0.156,0.244,0.171,0.158,0.61,0.365,0,0,0,0,0,0,0,0,0,0,0,0,0,0,0,0,0,0,0,0,0,0,0,0,0,0,0,0,0,0,0,0,0,0,0,0,0,0,0,0,0,0,0,0,0,0,0,0,0,0,0,0,0,0,0,0,0,0,0,0,0,0,0,0,0,0,0,0,0,0,0,0,0,0,0,0,0,0,0,0,0,0,0,0,0,0,0,0,0,0,0,0,0,0,0,0,0,0,0,0,0,0,0,0,0,0,0,0,0,0,0,0,0,0,0,0,0,0,0,0,0,0,0,0,0,0,0,0,0,0,0,0,0,0,0,0,0,0,0,0,0,0,0,0,0,0,0,0,0,0,0,0,0,0,0,0,0,0,0,0,0,0,0,0,0,0,0,0,0,0,0,0,0,0,0,0,0,0,0,0,0,0,0,0,0,0,0,0,0,0,0,0,0,0,0,0,0,0,0,0,0,0,0,0,0,0,0,0,0,0,0,0,0,0,0,0,0,0,0,0,0,0,0,0,0,0,0,0,0,0,0,0,0,0,0,0,0,0,0,0,0,0,0,0,0,0,0,0,0,0,0,0,0,0,0,0,0,0,0,0,0,0,0,0,0,0,0,0,0,0,0,0,0,0,0,0,0,0,0,0,0,0,0,0,0,0,0,0,0,0,0,0,0,0,0,0,0,0,0,0,0,0,0,0,0,0,0,0,0,0,0,0,0,0,0,0,0,0,0,0,0,0,0,0,0,0,0,0,0,0,0,0,0,0,0,0,0,0,0,0,0,0,0,0,0,0,0,0,0,0,0,0,0,0,0,0,0,0,0,0,0,0,0,0,0,0,0,0,0,0,0,0,0,0,0,0,0,0,0,0,0,0,0,0,0,0,0,0,0,0,0,0,0,0,0,0,0,0,0,0,0,0,0,0,0,0,0,0,0,0,0,0,0,0,0,0,0,0,0,0,0,0,0,0,0,0,0,0,0,0,0,0,0,0,0,0,0,0,0,0,0,0,0,0,0,0,0,0,0,0,0,0,0,0,0,0,0,0,0,0,0,0,0,0,0,0,0,0,0,0,0,0,0,0,0,0,0,0,0,0,0,0,0,0,0,0,0,0,0,0,0,0,0,0,0,0,0,0,0,0,0,0,0,0,0,0,0,0,0,0,0,0,0,0,0,0,0,0,0,0,0,0,0,0,0,0,0,0,0,0,0,0,0,0,0,0,0,0,0,0,0,0,0,0,0,0,0,0,0,0,0,0,0,0,0,0,0,0,0,0,0,0,0,0,0,0,0,0,0,0,0,0,0,0,0,0,0,0,0,0,0,0,0,0,0,0,0,0,0,0,0,0,0,0,0,0,0,0,0,0,0,0,0,0,0,0,0,0,0,0,0,0,0,0,0,0,0,0,0,0,0,0,0,0,0,0,0,0,0,0,0,0,0,0,0,0,0,0,0,0,0,0,0,0,0,0,0,0,0,0,0,0,0,0,0,0,0,0,0,0,0,0,0,0,0,0,0,0,0,0,0,0,0,0,0,0,0,0,0,0,0,0,0,0,0,0,0,0,0,0,0,0,0,0,0,0,0,0,0,0,0,0,0,0,0,0,0,0,0,0,0,0,0,0,0,0,0,0,0,0,0,0,0,0,0,0,0,0,0,0,0,0,0,0,0,0,0,0,0,0,0,0,0,0,0,0,0,0,0,0,0,0,0,0,0,0,0,0,0,0,0,0,0,0,0,0,0,0,0,0,0,0,0,0,0,0,0,0,0,0,0,0,0,0,0,0,0,0,0,0,0,0,0,0,0,0,0,0,0,0,0,0,0,0,0,0,0,0,0,0,0,0,0,0,0,0,0,0,0,0,0,0,0,0,0,0,0,0,0,0,0,0,0,0,0,0,0,0,0,0,0,0,0,0,0,0,0,0,0,0,0,0,0,0,0,0,0,0,0,0,0,0,0,0,0,0,0,0,0,0,0,0,0,0,0,0,0,0,0,0,0,0,0,0,0,0,0,0,0,0,0,0,0,0,0,0,0,0,0,0,0,0,0,0,0,0,0,0,0,0,0,0,0,0,0,0,0,0,0,0,0,0,0,0,0,0,0,0,0,0,0,0,0,0,0,0,0,0,0,0,0,0,0,0,0,0,0,0,0,0,0,0,0,0,0,0,0,0,0,0,0,0,0,0,0,0,0,0,0,0,0,0,0,0,0,0,0,0,0,0,0,0,0,0,0,0,0,0,0,0,0,0,0,0,0,0,0,0,0,0,0,0,0,0,0,0,0,0,0,0,0,0,0,0,0,0,0,0,0,0,0,0,0,0,0,0,0,0,0,0
856241,0,0,0,0,0,0,0,0,0,0,0,0,0,0,0,0,0,0,0,0,0,0,0,0,0,0,0,0,0,0,0,0,0,0,0,0,0,0,0,0,0,0,0,0,0,0,0,0,0,0,0,0,0,0,0,0,0,0,0,0,0,0,0,0,0.195,0,0,0,0,0,0,0,0,0,0,0,0,0,0,0,0,0,0,0,0,0,0,0,0,0.196,0,0,0,0,0,0,0,0,0,0,0,0,0,0,0,0,0,0,0,0,0,0,0,0,0,0,0,0,0,0,0,0,0,0,0,0,0,0,0,0,0,0,0,0,0,0,0,0,0,0,0,0,0,0,0,0,0,0,0,0,0,0,0,0,0,0,0,0,0.197,0,0,0,0.189,0,0,0,0,0,0,0,0,0,0.775,0,0,0,0,0,0,0,0,0,0,0,0,0,0,0,0,0,0,0,0,0,0,0,0,0,0,0,0,0,0,0,0,0,0,0,0,0,0,0,0,0,0,0,0,0,0,0,0,0,0,0,0,0,0,0,0,0,0,0,0,0,0,0,0,0,0,0.197,0,0,0,0,0,0,0,0,0,0,0,0,0,0.167,0,0.197,0,0,0,0,0,0,0,0,0,0,0,0,0,0,0,0,0,0,0,0,0,0,0,0,0,0,0,0,0,0,0,0,0,0,0,0,0,0,0,0,0,0,0,0,0,0,0,0,0,0,0,0,0,0,0,0,0,0,0,0,0,0,0,0,0,0,0,0,0.276,0,0,0,0,0,0,0,0,0,0,0,0,0,0,0,0,0,0,0,0,0,0,0,0,0,0,0,0,0,0,0,0,0,0,0,0,0,0,0,0,0,0,0,0,0,0,0,0,0,0,0,0,0,0,0,0,0,0,0,0,0,0,0,0,0,0,0,0,0,0,0,0,0,0,0,0,0,0,0,0,0,0,0,0,0,0,0,0,0,0,0,0,0,0,0,0,0,0,0,0,0,0,0,0,0,0,0,0,0,0,0,0,0,0,0,0,0,0,0,0,0,0.351,0,0,0,0,0,0,0,0,0,0,0,0,0,0,0,0,0,0,0,0,0,0,0,0,0,0,0,0,0,0,0,0,0,0,0,0,0,0,0,0,0,0,0,0,0,0,0.481,0,0,0,0,0,0,0,0,0,0,0,0,0,0,0,0,0,0,0,0,0,0,0,0,0,0,0,0,0,0,0,0,0,0,0,0,0,0,0,0,0,0,0,0,0,0,0,0,0,0,0,0,0,0,0,0,0,0,0,0,0,0,0,0,0,0,0,0,0,0,0,0,0,0,0,0,0,0,0,0.161,0,0,0,0,0,0,0,0,0,0,0,0,0,0,0,0,0,0,0,0,0,0,0,0,0,0,0,0.353,0,0,0,0,0,0,0,0,0,0,0,0,0,0,0,0,0,0,0,0,0,0,0,0,0.358,0,0,0,0,0,0,0,0,0,0,0,0,0,0,0,0,0,0,0,0,0,0,0,0,0,0,0,0,0,0,0,0,0,0,0,0,0,0,0,0,0,0,0,0,0,0,0,0,0,0,0,0,0,0,0,0,0,0,0,0,0,0,0,0,0,0,0,0,0,0,0,0,0,0,0,0,0,0,0,0,0,0,0,0,0,0,0,0,0,0,0,0,0,0,0,0,0,0,0,0,0,0,0,0,0,0,0,0,0,0,0,0,0,0,0,0,0,0,0,0,0,0,0,0,0,0,0,0,0,0,0,0,0,0,0,0,0,0,0,0,0,0,0,0,0,0,0,0,0,0,0,0,0,0,0,0,0,0,0,0,0,0,0,0,0,0,0,0,0,0,0,0,0,0,0,0,0,0,0,0,0,0,0,0,0,0,0,0,0,0,0,0,0,0,0,0,0,0,0,0,0,0,0,0,0,0,0,0,0,0,0,0,0,0,0,0,0,0,0,0,0,0,0,0,0,0,0,0,0,0,0,0,0,0,0,0,0,0,0,0,0,0,0,0,0,0,0,0,0,0,0,0,0,0,0,0,0,0,0,0,0,0,0.48,0,0,0,0,0,0,0,0,0,0,0,0,0,0,0,0,0,0,0,0,0,0,0,0,0,0,0,0,0,0,0,0,0,0,0,0,0,0,0,0,0,0,0,0,0,0,0,0,0,0,0,0,0,0,0,0,0,0,0,0,0,0,0,0,0,0,0,0,0,0,0,0,0,0,0,0,0,0,0,0,0.394,0,0,0,0,0,0,0,0,0,0,0,0,0,0,0,0,0,0,0,0,0,0,0,0,0,0,0,0,0,0,0,0,0,0,0,0.197,0,0,0,0,0,0,0,0,0,0,0,0,0,0,0,0,0,0,0,0,0,0.167,0,0,0,0,0,0,0,0,0,0,0,0,0,0,0,0,0,0,0,0,0,0,0,0,0,0,0,0,0,0,0,0,0,0,0,0,0,0,0,0,0,0,0,0,0,0,0,0,0,0,0,0,0,0,0,0,0,0,0,0,0,0,0,0,0,0,0,0,0,0,0,0,0,0,0.197,0,0,0,0,0,0,0,0,0,0,0,0,0,0,0,0,0,0,0,0,0,0,0,0,0,0,0,0,0,0,0,0,0,0,0,0,0,0,0,0,0,0,0,0,0,0,0,0,0,0,0,0,0,0,0,0,0,0,0,0,0,0,0,0,0,0,0,0,0,0,0,0,0,0,0,0,0,0,0,0,0,0,0,0,0,0,0,0,0,0,0,0,0,0,0,0.448,0,0,0,0,0,0.194,0,0,0,0,0,0,0,0,0,0,0,0,0,0,0,0,0,0,0,0,0,0,0,0,0,0,0,0,0,0,0,0,0,0,0,0,0,0,0,0,0,0,0,0,0,0,0,0,0,0,0,0,0,0,0,0,0,0,0,0,0,0,0,0.353,0,0,0,0,0,0,0,0,0,0,0,0,0,0,0,0,0,0,0,0,0,0,0,0,0,0,0,0,0,0,0,0,0,0,0,0,0,0,0,0,0,0,0,0,0,0,0,0,0,0,0,0,0,0,0,0,0,0,0,0,0,0,0,0,0,0,0,0,0,0,0,0,0.195,0,0,0,0,0,0,0,0,0,0,0,0,0,0,0,0,0,0,0,0,0,0,0,0,0,0,0,0,0,0,0,0,0,0,0,0,0,0,0,0,0,0,0,0,0,0,0,0,0,0,0,0,0,0,0,0,0,0,0,0,0,0,0,0,0,0,0,0,0,0,0,0,0,0,0,0,0,0,0,0,0,0,0,0,0,0,0,0,0.585,0,0,0,0,0,0,0,0,0,0,0,0,0,0,0,0,0,0,0,0,0,0,0,0,0,0,0,0,0,0,0,0,0,0,0,0,0,0,0,0,0,0,0,0,0,0,0,0,0,0,0,0,0,0,0,0,0,0,0,0,0,0,0,0,0,0,0,0,0,0,0,0,0,0,0,0,0,0,0,0,0,0,0,0,0,0,0,0,0,0,0,0,0,0,0,0,0,0,0,0,0,0,0,0,0,0,0,0,0,0,0,0,0,0,0,0,0,0,0,0,0,0,0,0,0,0,0,0,0,0,0,0,0,0,0,0,0,0,0,0,0,0,0,0,0,0,0,0,0,0,0,0,0,0,0,0,0,0,0,0,0,0,0,0,0,0,0,0,0,0,0,0,0,0,0,0,0,0,0,0,0,0,0,0,0,0,0,0,0,0,0,0,0,0,0,0,0,0,0,0,0,0,0,0,0,0,0,0,0,0,0,0,0,0,0,0,0,0,0,0,0,0,0,0,0,0,0,0,0,0,0,0,0,0,0,0,0,0,0,0,0,0,0,0,0,0,0,0,0,0,0,0,0,0,0,0,0,0,0,0,0,0,0,0,0,0,0,0,0,0,0,0,0.615,0,0,0,0,0,0,0,0,0,0,0,0,0,0,0,0,0,0,0,0,0,0,0,0,0,0,0,0,0,0,0,0,0,0,0,0,0,0,0,0,0,0,0,0,0,0,0,0,0,0,0,0,0,0,0,0,0,0,0,0,0,0,0,0,0,0,0,0,0,0,0,0,0,0,0,0,0,0,0,0,0,0,0,0,0,0,0,0,0,0,0,0,0,0,0,0,0,0,0,0,0,0,0,0,0,0,0,0,0,0,0,0,0,0,0,0,0,0,0,0,0,0,0,0,0,0,0,0,0,0,0,0,0,0,0,0,0,0,0,0,0,0,0,0,0,0,0,0,0,0,0,0,0,0,0,0,0,0,0,0,0,0,0,0,0,0,0,0,0,0,0,0,0,0,0,0,0,0,0,0,0,0,0,0,0,0,0,0,0,0,0,0,0,0,0,0,0,0,0,0,0,0,0,0,0,0,0,0,0,0,0,0,0,0,0,0,0,0,0,0,0,0,0,0,0,0,0,0,0,0,0,0,0,0,0,0,0,0.196,0,0,0,0,0,0,0,0,0,0,0,0,0,0,0,0,0,0,0,0,0,0,0,0,0,0,0,0,0,0,0,0,0,0,0,0,0,0,0,0,0,0,0,0,0,0,0,0,0,0,0,0,0,0,0,0,0,0,0,0,0,0,0,0,0,0,0,0,0,0,0,0,0,0,0,0,0,0,0,0,0,0,0,0,0,0,0,0,0,0,0,0,0,0,0.514,0,0,0,0.23,0,0,0,0,0,0,0,0,0,0,0,0,0,0,0,0,0,0,0,0,0.538,0,0,0,0,0,0,0,0,0,0,0,0,0,0,0,0,0,0,0,0,0,0,0,0,0,0,0,0,0,0,0,0,0,0,0,0,0,0,0,0,0,0,0,0,0,0,0,0,0,0,0,0,0,0,0,0,0,0,0,0,0,0,0,0,0,0,0,0,0,0,0,0,0,0,0,0,0,0,0,0,0,0,0,0,0,0,0,0,0,0,0,0,0,0,0,0,0,0,0,0,0,0,0,0,0,0,0,0,0,0,0,0,0,0,0,0,0,0,0,0,0,0,0,0,0,0,0,0,0,0,0,0,0,0,0,0,0,0,0,0,0,0,0,0,0,0,0,0,0,0,0,0,0,0,0,0,0,0,0,0,0,0,0,0,0,0,0,0,0,0,0,0,0,0,0,0,0,0,0,0,0,0,0,0,0,0,0,0,0,0,0,0,0,0,0,0,0,0,0,0,0,0,0,0,0,0,0,0.445,0,0,0,0,0,0,0,0,0,0,0,0,0,0,0,0,0,0,0,0,0,0,0,0,0,0,0,0,0,0,0,0,0,0,0,0,0,0,0,0,0,0,0,0,0,0,0,0,0,0,0,0,0,0,0,0,0,0,0,0,0,0,0,0,0,0,0,0,0,0,0,0,0,0,0,0,0,0,0,0,0,0,0,0.193,0,0,0,0,0,0,0,0,0,0,0,0,0,0,0,0,0,0,0,0,0,0,0,0,0,0,0,0,0,0,0,0,0,0,0,0,0,0,0,0,0,0,0,0,0.48,0,0,0,0,0,0,0,0,0,0,0,0,0,0,0,0,0,0,0,0,0,0,0,0.653,0,0,0,0,0,0,0,0,0,0,0,0,0,0,0,0,0,0,0,0,0,0,0,0,0,0,0.394,0,0,0,0,0,0,0,0,0,0,0.256,0,0,0,0,0,0,0,0,0,0,0,0,0,0,0,0,0,0,0,0,0,0,0,0,0,0,0,0,0,0,0,0,0,0,0,0,0,0,0,0,0,0,0,0,0,0,0,0,0,0,0,0,0,0,0,0,0,0,0,0,0,0,0,0,0,0,0,0,0,0,0,0,0,0,0,0,0,0,0,0,0,0,0,0,0,0,0,0,0,0,0,0,0,0,0,0,0,0,0,0,0,0,0,0,0,0,0,0,0,0,0,0,0,0,0,0,0,0,0,0,0,0,0,0,0,0,0,0,0,0,0,0,0,0,0,0,0,0,0,0,0,0,0,0,0,0,0,0,0,0,0,0,0,0,0,0,0,0,0,0,0,0,0,0,0,0,0,0,0,0,0,0,0,0,0,0,0,0,0,0,0,0,0,0,0,0,0,0,0,0,0,0,0,0,0,0,0,0,0,0,0,0,0,0,0,0,0,0,0,0,0,0,0,0,0,0,0,0,0,0,0,0,0,0,0,0,0,0,0,0,0,0,0,0,0,0,0,0,0,0,0,0,0,0,0,0,0,0,0,0,0,0,0,0,0,0,0,0,0,0,0,0,0,0,0,0,0,0,0,0,0,0,0,0,0,0,0,0,0,0,0,0,0,0,0,0,0,0,0,0,0,0,0,0,0,0,0,0,0,0,0,0,0,0,0,0,0,0,0,0,0,0,0,0.57,0,0,0,0,0,0,0,0,0,0,0,0,0,0,0,0,0,0,0,0.482,0,0,0,0,0,0,0,0,0,0,0,0,0,0,0,0,0,0,0,0,0,0,0,0,0,0,0,0,0,0,0,0,0,0,0,0,0,0,0,0,0,0,0,0,0,0,0,0,0,0,0,0,0,0,0,0,0,0,0,0,0,0,0,0,0,0,0,0,0,0,0,0,0,0,0,0,0,0,0,0,0,0,0,0,0,0,0,0,0,0,0,0,0,0,0,0,0,0,0,0,0,0,0,0,0,0,0,0,0,0,0,0,0,0,0,0,0,0,0,0,0,0,0,0,0,0,0,0,0,0,0,0,0,0,0,0,0,0,0,0,0,0,0,0,0,0,0,0,0,0,0,0,0,0,0,0,0,0.197,0,0,0,0,0,0,0,0,0,0,0,0,0,0,0,0,0,0,0,0,0,0,0,0,0,0,0,0,0,0,0,0,0,0,0,0,0,0,0,0,0,0,0,0,0,0,0,0,0,0,0,0,0,0,0,0,0,0,0,0,0,0,0,0,0,0,0,0,0.19,0,0,0,0,0,0,0,0.192,0,0,0,0,0,0,0,0,0,0,0,0,0,0,0,0,0,0,0,0,0,0,0,0,0,0,0,0,0,0,0,0,0,0,0,0,0,0,0,0,0,0,0,0,0,0,0,0,0,0,0,0,0,0,0,0,0,0,0,0,0,0,0,0,0,0,0,0,0,0,0,0,0,0,0,0,0,0,0,0,0,0,0,0,0,0,0,0,0,0,0,0,0,0,0,0,0,0,0,0,0,0.445,0,0,0,0,0,0,0,0,0,0,0,0,0,0,0,0,0,0,0,0,0,0,0,0,0,0,0,0,0,0,0,0,0,0,0,0,0,0,0,0,0,0,0,0,0,0,0,0,0.197,0.355,0,0,0,0,0,0,0,0,0,0,0,0,0,0,0,0,0,0,0,0,0,0,0,0,0,0,0,0,0,0,0,0,0,0,0,0,0,0,0,0,0,0,0,0,0,0,0,0,0,0,0,0,0,0,0,0,0,0,0,0,0,0,0.196,0.179,0.57,0.197,0.785,0.229,0.217,0.197,0.276,0.497,0.199,0.197,0.197,0.327,0.534,0.202,0.151,0.483,0.186,0.197,0.196,0.169,0.197,0.29,0.169,0.447,0.539,0.693,0.197,0.22,0,0,0,0,0,0,0,0,0,0,0,0,0,0,0,0,0,0,0,0,0,0,0,0,0,0,0,0,0,0,0,0,0,0,0,0,0,0,0,0,0,0,0,0,0,0,0,0,0,0,0,0,0,0,0,0,0,0,0,0,0,0,0,0,0,0,0,0,0,0,0,0,0,0,0,0,0,0,0,0,0,0,0,0,0,0,0,0,0,0,0,0,0,0,0,0,0,0,0,0,0,0,0,0,0,0,0,0,0,0,0,0,0,0,0,0,0,0,0,0,0,0,0,0,0,0,0,0,0,0,0,0,0,0,0,0,0,0,0,0,0,0,0,0,0,0,0,0,0,0,0,0,0,0,0,0,0,0,0,0,0,0,0,0,0,0,0,0,0,0,0,0,0,0,0,0,0,0,0,0,0,0,0,0,0,0,0,0,0,0,0,0,0,0,0,0,0,0,0,0,0,0,0,0,0,0,0,0,0,0,0,0,0,0,0,0,0,0,0,0,0,0,0,0,0,0,0,0,0,0,0,0,0,0,0,0,0,0,0,0,0,0,0,0,0,0,0,0,0,0,0,0,0,0,0,0,0,0,0,0,0,0,0,0,0,0,0,0,0,0,0,0,0,0,0,0,0,0,0,0,0,0,0,0,0,0,0,0,0,0,0,0,0,0,0,0,0,0,0,0,0,0,0,0,0,0,0,0,0,0,0,0,0,0,0,0,0,0,0,0,0,0,0,0,0,0,0,0,0,0,0,0,0,0,0,0,0,0,0,0,0,0,0,0,0,0,0,0,0,0,0,0,0,0,0,0,0,0,0,0,0,0,0,0,0,0,0,0,0,0,0,0,0,0,0,0,0,0,0,0,0,0,0,0,0,0,0,0,0,0,0,0,0,0,0,0,0,0,0,0,0,0,0,0,0,0,0,0,0,0,0,0,0,0,0,0,0,0,0,0,0,0,0,0,0,0,0,0,0,0,0,0,0,0,0,0,0,0,0,0,0,0,0,0,0,0,0,0,0,0,0,0,0,0,0,0,0,0,0,0,0,0,0,0,0,0,0,0,0,0,0,0,0,0,0,0,0,0,0,0,0,0,0,0,0,0,0,0,0,0,0,0,0,0,0,0,0,0,0,0,0,0,0,0,0,0,0,0,0,0,0,0,0,0,0,0,0,0,0,0,0,0,0,0,0,0,0,0,0,0,0,0,0,0,0,0,0,0,0,0,0,0,0,0,0,0,0,0,0,0,0,0,0,0,0,0,0,0,0,0,0,0,0,0,0,0,0,0,0,0,0,0,0,0,0,0,0,0,0,0,0,0,0,0,0,0,0,0,0,0,0,0,0,0,0,0,0,0,0,0,0,0,0,0,0,0,0,0,0,0,0,0,0,0,0,0,0,0,0,0,0,0,0,0,0,0,0,0,0,0,0,0,0,0,0,0,0,0,0,0,0,0,0,0,0,0,0,0,0,0,0,0,0,0,0,0,0,0,0,0,0,0,0,0,0,0,0,0,0,0,0,0,0,0,0,0,0,0,0,0,0,0,0,0,0,0,0,0,0,0,0,0,0,0,0,0,0,0,0,0,0,0,0,0,0,0,0,0,0,0,0,0,0,0,0,0,0,0,0,0,0,0,0,0,0,0,0,0,0,0,0,0,0,0,0,0,0,0,0,0,0,0,0,0,0,0,0,0,0,0,0,0,0,0,0,0,0,0,0,0,0,0,0,0,0,0,0,0,0,0,0,0,0,0,0,0,0,0,0,0,0,0,0,0,0,0,0,0,0,0,0,0,0,0,0,0,0,0,0,0,0,0,0,0,0,0,0,0,0,0,0,0,0,0,0,0,0,0,0,0,0,0,0,0,0,0,0,0,0,0,0,0,0,0,0,0,0,0,0,0,0,0,0,0,0,0,0,0,0,0,0,0,0,0,0,0,0,0,0,0,0,0,0,0,0,0,0,0,0,0,0,0,0,0,0,0,0,0,0,0,0,0,0,0,0,0,0,0,0,0,0,0,0,0,0,0,0,0,0,0,0,0,0,0,0,0,0,0,0,0,0,0,0,0,0,0,0,0,0,0,0,0,0,0,0,0,0,0,0,0,0,0,0,0,0,0,0,0,0,0,0,0,0,0,0,0,0,0,0,0,0,0,0,0,0,0,0,0,0,0,0,0,0,0,0,0,0,0,0,0,0,0,0,0,0,0,0,0,0,0,0,0,0,0,0,0,0,0,0,0,0,0,0,0,0,0,0,0,0,1
854182,0,0,0,0,0,0,0,0,0.197,0,0,0,0,0,0,0,0,0,0,0,0,0,0,0,0,0,0,0,0,0,0,0,0,0,0,0,0,0,0,0,0,0,0,0,0,0,0,0,0,0,0,0,0,0,0,0,0,0,0,0,0,0,0,0,0,0,0,0,0,0,0,0,0,0,0,0,0,0,0,0,0.216,0,0,0,0,0,0,0,0,0,0,0,0,0,0,0,0,0,0,0,0,0,0,0,0,0,0,0,0,0,0,0,0,0,0,0,0,0.285,0,0,0,0,0,0,0,0,0,0,0,0,0,0,0,0,0,0,0,0,0,0,0,0,0,0,0,0,0,0,0,0,0,0,0,0,0,0,0,0,0,0,0,0,0,0,0,0,0,0,0,0,0,0,0,0,0,0,0,0,0,0,0,0,0,0,0,0,0,0,0,0,0,0,0,0,0,0,0,0,0,0,0,0,0,0,0,0,0,0,0,0,0,0,0,0,0,0,0,0,0,0,0,0,0,0,0,0,0,0,0,0,0,0,0,0,0,0,0,0,0,0.198,0,0,0,0,0,0,0,0,0.173,0,0,0,0,0,0,0,0,0,0,0,0,0,0,0,0,0,0,0,0,0,0,0,0,0,0,0,0,0,0,0,0,0,0,0,0,0,0,0,0,0,0,0,0,0,0,0,0,0,0,0,0,0,0,0,0,0,0,0,0,0,0,0,0,0,0,0,0,0,0,0.175,0,0,0,0,0,0,0,0,0,0,0,0,0,0,0,0,0,0,0,0,0,0,0,0,0,0,0,0,0,0,0,0,0,0,0,0,0,0,0,0,0,0,0,0,0,0,0,0,0.258,0,0,0,0,0,0,0,0,0,0,0,0,0,0,0,0,0,0,0,0,0,0,0,0,0,0,0,0,0,0,0,0,0,0,0,0,0,0,0,0,0,0,0,0,0,0,0,0,0,0,0.169,0,0,0,0,0,0,0,0,0,0,0,0,0,0,0,0,0,0,0,0,0,0,0,0,0,0,0,0,0,0,0,0,0,0.192,0,0,0,0,0,0,0,0,0,0,0,0,0,0,0,0,0,0,0,0,0,0,0,0,0,0,0,0,0,0,0,0,0,0,0,0,0,0,0,0,0,0,0,0,0,0,0,0,0,0,0,0,0,0,0,0,0,0,0,0,0,0,0,0,0,0,0,0,0,0,0,0,0.617,0,0,0,0,0,0,0,0,0,0,0,0,0,0,0,0,0,0,0,0,0,0,0,0,0,0,0,0,0,0,0,0,0,0,0,0,0,0,0,0,0,0,0,0,0,0.799,0,0,0,0,0,0,0,0,0,0.189,0,0,0,0,0,0,0,0,0,0,0,0,0,0,0,0,0,0,0,0,0,0,0,0,0,0,0,0,0,0,0,0.346,0,0,0,0,0,0,0,0,0,0,0,0,0.435,0,0,0,0,0,0,0,0,0,0,0,0,0,0,0,0,0,0,0,0,0,0,0,0,0,0,0,0,0,0,0,0.173,0,0,0,0,0,0.78,0,0,0,0,0,0,0,0,0,0,0,0,0,0,0,0,0,0,0,0,0,0,0,0,0,0,0,0,0,0,0,0,0,0,0,0,0,0,0,0,0,0,0,0,0,0,0,0,0,0,0,0.173,0,0,0,0,0.188,0,0,0,0,0,0,0,0,0,0,0,0,0,0,0,0,0,0,0,0,0,0,0,0,0.286,0,0,0,0,0,0,0,0,0,0,0,0,0,0,0,0,0,0,0,0,0,0,0,0.173,0,0,0,0,0,0,0,0,0,0.256,0,0,0,0,0,0,0,0,0,0,0,0,0,0,0,0,0,0,0,0,0,0,0,0,0,0,0,0,0,0,0,0,0,0,0,0,0,0,0,0,0,0,0,0,0,0,0,0,0,0,0,0,0,0,0,0,0,0,0,0,0,0,0,0,0,0,0.263,0,0,0,0,0,0,0,0,0,0,0,0,0.235,0,0,0,0,0,0,0,0,0,0,0,0,0,0,0,0,0,0,0,0,0,0,0,0,0,0,0,0,0,0,0,0,0,0,0,0,0,0,0,0,0,0,0,0,0,0,0,0,0,0,0,0,0,0,0,0,0,0,0,0,0,0,0,0,0,0,0,0,0,0,0,0,0,0,0,0,0,0,0,0,0,0,0,0,0,0,0,0,0,0,0,0,0,0,0,0,0,0,0,0,0,0,0,0,0,0,0,0,0,0,0,0,0,0,0,0,0,0,0,0,0,0,0,0,0,0,0,0,0,0,0.275,0,0,0,0,0,0,0,0,0,0,0,0,0,0,0,0,0,0,0,0,0,0,0,0,0,0,0,0,0,0,0,0,0,0,0,0,0,0,0,0,0,0,0,0,0,0,0,0,0,0,0,0,0,0,0,0,0,0,0,0,0,0,0,0,0,0,0,0,0,0,0,0,0,0,0,0,0,0,0,0,0,0,0,0,0,0,0,0,0,0,0,0,0,0,0,0,0,0,0,0,0,0,0,0,0,0,0,0,0,0,0,0,0,0,0,0,0,0,0,0,0,0,0,0,0,0,0,0,0,0,0,0,0,0,0,0,0,0,0,0,0,0,0,0,0,0,0,0,0,0,0,0,0,0,0,0,0,0,0,0.339,0,0,0,0,0,0,0,0,0,0,0,0,0,0,0,0,0,0,0,0,0,0,0,0,0,0,0,0,0,0,0,0,0,0,0,0,0,0,0,0,0,0,0,0,0,0,0,0,0,0,0,0,0,0,0,0,0,0,0,0,0,0,0,0,0,0,0,0,0,0,0,0,0,0,0,0,0,0,0,0,0,0,0,0,0,0,0,0,0,0,0,0,0,0.229,0,0,0,0,0,0,0,0,0,0,0,0,0,0,0,0,0,0,0,0,0,0,0,0,0,0,0,0,0,0,0,0,0,0,0,0,0,0,0,0,0,0,0,0,0,0,0,0,0,0,0,0,0,0,0,0,0,0,0,0,0,0,0,0,0,0,0,0,0,0,0,0,0,0,0,0.402,0,0,0,0,0,0,0,0,0,0,0,0,0,0,0,0,0,0,0,0,0,0,0,0,0,0,0,0,0,0,0,0,0,0,0,0,0,0,0,0,0,0,0,0,0,0,0,0,0,0,0,0,0,0.227,0,0,0,0,0,0,0,0,0,0,0,0,0,0,0,0,0,0,0,0,0,0,0,0,0,0,0,0,0,0,0,0,0,0,0,0,0,0,0,0,0,0,0,0,0,0,0,0,0,0,0,0,0,0,0,0,0,0,0,0,0,0,0,0,0,0,0,0,0,0,0,0,0,0,0,0,0,0,0,0,0,0,0,0,0,0,0,0,0,0,0.193,0,0,0,0,0,0,0,0,0,0,0,0,0,0,0,0,0,0,0,0,0,0,0,0,0,0,0,0,0,0,0,0,0,0,0,0,0,0,0,0,0,0,0,0,0,0,0,0,0,0,0,0,0,0,0,0,0,0,0,0,0,0,0,0,0,0,0,0,0,0,0,0,0,0,0,0,0,0,0,0,0,0,0,0,0,0,0,0,0,0,0,0,0,0,0,0,0,0,0,0,0,0,0,0,0,0,0,0,0,0,0,0,0,0,0,0,0,0,0,0,0,0,0,0,0.337,0,0,0,0,0,0,0,0,0,0,0,0,0,0,0,0,0,0,0,0,0,0,0,0,0,0,0,0,0,0.158,0,0,0,0,0,0,0,0,0,0,0,0,0,0,0,0,0,0,0,0,0.194,0.274,0,0,0,0,0,0,0,0,0,0,0,0,0,0.483,0,0,0,0,0,0,0,0,0.219,0,0.347,0.349,0,0,0.215,0,0.173,0,0,0,0,0,0,0,0,0,0,0.645,0,0.222,0.279,0,0,0,0,0,0,0,0,0,0,0,0,0,0,0,0.21,0,0,0,0,0,0,0,0,0,0,0.197,0,0,0,0.645,0,0,0,0,0,0,0,0.236,0,0,0,0,0,0,0,0,0,0,0,0,0,0,0,0,0,0,0,0,0,0,0,0,0,0,0.475,0,0,0,0,0,0,0,0,0.288,0,0,0,0,0,0,0,0,0,0,0,0,0,0,0,0.197,0.177,0,0,0,0,0,0,0,0,0,0,0.38,0,0,0,0,0,0,0,0,0.2,0,0.221,0,0,0,0.29,0.177,0,0,0,0,0,0.191,0,0.214,0.355,0,0,0,0,0,0.197,0,0,0,0,0,0,0,0.175,0,0,0,0,0.38,0,0.198,0,0,0.206,0,0,0.179,0,0,0.258,0,0,0,0,0,0,0,0,0,0.175,0,0,0,0,0,0,0,0,0,0,0,0,0,0,0,0,0,0,0,0,0,0,0,0,0,0,0,0,0,0,0,0,0,0,0,0,0,0,0,0,0,0,0,0,0,0,0,0,0,0,0,0,0,0,0,0,0,0,0,0,0,0,0,0,0,0,0,0,0,0,0,0,0,0,0,0,0,0,0,0,0,0,0,0,0,0,0,0,0,0,0,0,0,0,0,0,0,0,0,0,0,0,0,0,0,0,0,0,0,0,0,0,0,0,0,0,0,0,0,0,0,0,0,0,0,0,0,0,0,0,0,0,0,0,0,0,0,0,0,0,0,0,0,0,0,0,0,0,0,0,0,0,0,0,0,0,0,0.15,0,0,0,0,0,0,0,0,0,0,0,0,0,0,0,0,0,0,0,0,0,0,0,0,0,0,0,0,0,0,0,0,0,0,0,0,0,0,0,0,0,0,0,0,0,0,0,0,0,0,0,0,0,0,0,0,0,0,0,0,0,0,0,0,0,0,0,0,0,0,0,0,0,0,0,0,0,0,0,0,0,0,0,0,0,0,0,0,0,0,0,0,0,0,0,0,0,0,0,0,0,0,0,0,0,0,0,0,0,0,0,0,0,0,0,0,0,0,0,0,0,0,0,0,0,0,0,0,0,0,0,0,0,0,0,0,0,0,0,0,0,0,0,0,0.763,0,0,0,0,0,0,0,0,0,0,0,0,0,0,0,0,0,0,0,0,0,0,0,0,0,0,0,0,0,0,0,0,0,0,0,0,0,0,0,0,0,0,0,0,0,0,0,0,0,0,0,0,0.807,0,0,0,0,0,0,0,0,0,0,0,0,0,0,0,0,0,0,0,0,0,0,0,0,0,0,0,0,0,0,0,0,0,0,0,0,0,0,0,0,0,0,0,0,0,0,0,0,0,0,0,0,0,0,0,0,0,0,0,0,0,0,0,0,0,0,0,0,0,0,0,0,0,0,0,0,0,0,0,0,0,0,0,0,0,0,0,0,0,0,0,0.191,0,0,0,0,0,0,0,0,0,0,0,0,0,0,0,0,0,0,0,0,0,0,0,0,0,0,0,0,0,0,0,0,0,0,0,0,0,0,0,0,0,0,0.384,0,0,0,0,0,0,0,0,0,0,0,0,0,0,0,0,0,0,0,0,0,0,0,0,0,0,0,0,0,0,0,0,0,0,0,0,0,0,0,0,0,0,0,0,0,0,0,0,0,0,0,0,0,0,0,0,0,0,0,0,0,0,0,0,0,0,0,0,0,0,0,0,0,0,0,0,0,0,0,0,0,0,0,0,0,0,0,0,0,0,0,0,0,0,0,0,0,0,0,0,0,0,0,0,0,0,0,0,0,0,0,0,0,0,0,0,0,0,0,0,0,0,0,0,0,0,0,0,0,0,0,0,0,0,0,0,0,0,0,0,0,0,0,0,0,0,0,0,0,0,0,0,0,0,0,0,0,0,0,0,0,0,0,0,0,0,0,0,0,0,0,0,0,0,0,0,0,0,0,0,0,0,0,0,0,0,0,0,0,0,0,0,0,0,0,0,0,0,0,0,0,0,0,0,0,0,0,0,0,0,0,0,0,0,0,0,0,0,0,0,0,0,0.207,0,0,0,0,0,0,0,0,0,0,0,0,0,0,0.26,0,0,0,0,0,0,0,0,0,0,0,0,0,0,0,0,0,0,0,0,0,0,0,0,0,0,0,0,0,0,0,0,0,0,0,0,0,0,0,0,0,0,0,0,0,0,0,0.258,0,0,0,0,0,0,0,0,0,0,0,0,0,0,0,0,0,0.958,0,0,0,0,0,0,0,0,0,0,0,0,0,0,0,0,0,0,0,0,0,0,0,0,0,0,0,0,0.819,0,0,0,0,0,0,0,0,0,0,0,0,0,0,0,0,0,0,0,0,0,0,0,0,0,0,0,0,0,0,0,0,0,0,0,0,0,0,0,0,0,0,0,0,0.299,0,0,0,0,0,0,0,0,0,0,0,0,0,0,0,0,0,0,0,0,0,0,0,0,0,0,0,0,0,0,0,0,0,0,0,0,0,0,0,0,0,0,0,0,0,0,0,0,0,0,0,0,0,0,0,0,0,0,0,0,0,0,0,0,0,0,0,0,0,0,0,0,0,0,0,0,0,0,0,0,0,0,0,0,0,0,0,0,0,0,0,0,0,0,0,0,0,0,0.225,0,0,0,0,0,0,0,0,0,0,0,0,0,0,0,0,0,0,0,0,0,0,0,0,0,0,0,0,0,0,0,0,0,0,0,0,0,0,0,0.266,0,0,0,0,0,0,0,0,0.355,0,0,0,0,0,0,0,0,0,0,0,0,0,0,0,0,0,0,0,0,0,0,0,0,0,0,0,0,0,0,0,0,0,0,0,0,0,0,0,0,0,0,0,0,0,0,0,0,0,0,0,0,0,0,0,0,0.219,0,0,0,0,0,0,0,0,0,0,0,0,0,0,0,0,0,0,0,0,0,0,0,0,0,0,0,0,0.219,0.177,0,0,0,0,0,0,0,0,0,0,0,0,0,0,0,0,0,0,0,0,0,0,0,0,0,0,0,0,0,0,0,0,0,0,0,0,0,0,0,0,0,0,0,0,0,0,0,0.177,0,0,0,0,0,0,0,0,0,0,0,0,0,0,0,0,0,0,0,0,0,0,0,0,0.225,0,0,0,0,0,0.159,0,0,0,0,0,0,0,0,0,0,0,0,0,0,0,0,0,0,0,0,0,0,0,0,0,0,0,0,0,0,0,0,0,0,0,0,0,0,0,0,0,0,0,0,0,0,0,0,0,0,0,0,0,0,0,0,0,0,0,0,0,0,0,0,0,0,0,0,0,0,0,0,0,0,0,0,0,0,0,0,0,0,0,0,0,0,0,0,0,0,0,0,0,0,0,0,0,0,0,0,0,0,0,0,0,0,0,0,0,0,0,0,0,0,0,0,0,0,0,0,0,0,0,0,0,0,0,0,0,0,0,0,0,0,0,0,0,0,0,0,0,0,0,0,0,0,0,0,0,0,0,0,0,0,0,0,0,0,0,0,0,0.22,0,0,0,0,0,0,0,0,0,0,0,0,0,0,0,0,0,0,0,0,0,0,0,0,0,0,0.179,0,0,0,0,0,0,0,0,0,0,0,0,0,0,0,0,0,0,0,0,0,0,0,0,0,0,0,0,0,0,0,0,0,0,0,0,0,0,0,0,0,0,0,0,0,0.282,0.214,0.299,0.613,0.196,0.531,0.227,0.685,0.194,0.199,0.4,0.717,0.198,0.201,0.445,0,0,0,0,0,0,0,0,0,0,0,0,0,0,0,0,0,0,0,0,0,0,0,0,0,0,0,0,0,0,0,0,0,0,0,0,0,0,0,0,0,0,0,0,0,0,0,0,0,0,0,0,0,0,0,0,0,0,0,0,0,0,0,0,0,0,0,0,0,0,0,0,0,0,0,0,0,0,0,0,0,0,0,0,0,0,0,0,0,0,0,0,0,0,0,0,0,0,0,0,0,0,0,0,0,0,0,0,0,0,0,0,0,0,0,0,0,0,0,0,0,0,0,0,0,0,0,0,0,0,0,0,0,0,0,0,0,0,0,0,0,0,0,0,0,0,0,0,0,0,0,0,0,0,0,0,0,0,0,0,0,0,0,0,0,0,0,0,0,0,0,0,0,0,0,0,0,0,0,0,0,0,0,0,0,0,0,0,0,0,0,0,0,0,0,0,0,0,0,0,0,0,0,0,0,0,0,0,0,0,0,0,0,0,0,0,0,0,0,0,0,0,0,0,0,0,0,0,0,0,0,0,0,0,0,0,0,0,0,0,0,0,0,0,0,0,0,0,0,0,0,0,0,0,0,0,0,0,0,0,0,0,0,0,0,0,0,0,0,0,0,0,0,0,0,0,0,0,0,0,0,0,0,0,0,0,0,0,0,0,0,0,0,0,0,0,0,0,0,0,0,0,0,0,0,0,0,0,0,0,0,0,0,0,0,0,0,0,0,0,0,0,0,0,0,0,0,0,0,0,0,0,0,0,0,0,0,0,0,0,0,0,0,0,0,0,0,0,0,0,0,0,0,0,0,0,0,0,0,0,0,0,0,0,0,0,0,0,0,0,0,0,0,0,0,0,0,0,0,0,0,0,0,0,0,0,0,0,0,0,0,0,0,0,0,0,0,0,0,0,0,0,0,0,0,0,0,0,0,0,0,0,0,0,0,0,0,0,0,0,0,0,0,0,0,0,0,0,0,0,0,0,0,0,0,0,0,0,0,0,0,0,0,0,0,0,0,0,0,0,0,0,0,0,0,0,0,0,0,0,0,0,0,0,0,0,0,0,0,0,0,0,0,0,0,0,0,0,0,0,0,0,0,0,0,0,0,0,0,0,0,0,0,0,0,0,0,0,0,0,0,0,0,0,0,0,0,0,0,0,0,0,0,0,0,0,0,0,0,0,0,0,0,0,0,0,0,0,0,0,0,0,0,0,0,0,0,0,0,0,0,0,0,0,0,0,0,0,0,0,0,0,0,0,0,0,0,0,0,0,0,0,0,0,0,0,0,0,0,0,0,0,0,0,0,0,0,0,0,0,0,0,0,0,0,0,0,0,0,0,0,0,0,0,0,0,0,0,0,0,0,0,0,0,0,0,0,0,0,0,0,0,0,0,0,0,0,0,0,0,0,0,0,0,0,0,0,0,0,0,0,0,0,0,0,0,0,0,0,0,0,0,0,0,0,0,0,0,0,0,0,0,0,0,0,0,0,0,0,0,0,0,0,0,0,0,0,0,0,0,0,0,0,0,0,0,0,0,0,0,0,0,0,0,0,0,0,0,0,0,0,0,0,0,0,0,0,0,0,0,0,0,0,0,0,0,0,0,0,0,0,0,0,0,0,0,0,0,0,0,0,0,0,0,0,0,0,0,0,0,0,0,0,0,0,0,0,0,0,0,0,0,0,0,0,0,0,0,0,0,0,0,0,0,0,0,0,0,0,0,0,0,0,0,0,0,0,0,0,0,0,0,0,0,0,0,0,0,0,0,0,0,0,0,0,0,0,0,0,0,0,0,0,0,0,0,0,0,0,0,0,0,0,0,0,0,0,0,0,0,0,0,0,0,0,0,0,0,0,0,0,0,0,0,0,0,0,0,0,0,0,0,0,0,0,0,0,0,0,0,0,0,0,0,0,0,0,0,0,0,0,0,0,0,0,0,0,0,0,0,0,0,0,0,0,0,0,0,0,0,0,0,0,0,0,0,0,0,0,0,0,0,0,0,0,0,0,0,0,0,0,0,0,0,0,0,0,0,0,0,0,0,0,0,0,0,0,0,0,0,0,0,0,0,0,0,0,0,0,0,0,0,0,0,0,0,0,0,0,0,0,0,0,0,0,0,0,0,0,0,0,0,0,0,0,0,0,0,0,0,0,0,0,0,0,0,0,0,0,0,0,0,0,0,0,0,0,0,0,0,0,0,0,0,0,0,0,0,0,0,0,0,0,0,0
854980,0.799,0,0,0,0,0,0.163,0,0.222,0,0,0,0,0.228,0,0,0,0,0,0,0,0,0,0,0.191,0.229,0.676,0,0,0,0,0,0.344,0.219,0.184,0,0,0,0.154,0.183,0,0,0,0,0,0.286,0,0,0,0,0,0,0,0,0,0,0.214,0,0,0,0,0,0.377,0,0,0,0,0,0.217,0,0.655,0,0,0,0.236,0.425,0,0,0,0.194,0,0,0,0,0.166,0.251,0.189,0.583,0.384,0,0,0,0.466,0,0,0,0,0,0.371,0.161,0,0,0.236,0,0,0,0,0.218,0,0,0,0,0,0.173,0,0,0,0,0.385,0,0,0,0,0,0,0,0,0.151,0,0,0.218,0,0,0.21,0,0,0,0.154,0.623,0,0,0,0.644,0,0.291,0.196,0,0,0,0,0.17,0,0.219,0,0,0,0,0,0,0,0,0,0,0,0.287,0,0,0.26,0,0,0,0,0,0,0,0,0,0,0,0.212,0.185,0,0.203,0,0.18,0,0.267,0,0,0.248,0,0,0.376,0.424,0,0,0,0,0,0,0,0,0,0,0.17,0.16,0,0.178,0.183,0.765,0,0.194,0.827,0.299,0,0.554,0,0,0,0,0.217,0,0,0,0,0,0,0,0,0,0.208,0,0.153,0.169,0.295,0,0.597,0,0.164,0,0.187,0,0,0.283,0.191,0,0,0,0,0,0,0.451,0.738,0.835,0,0,0,0,0,0,0,0,0,0,0,0,0,0.298,0,0,0,0,0,0,0,0.443,0,0,0.387,0.245,0,0,0.82,0,0.298,0.872,0,0,0.601,0,0,0,0,0,0,0.538,0,0.248,0.337,0,0,0.264,0,0,0.15,0,0,0.254,0,0,0,0,0.257,0,0.443,0.192,0,0.444,0.968,0,0,0,0,0,0.242,0,0,0.35,0,0,0,0,0,0,0.345,0,0,0,0.684,0,0,0,0,0.336,0,0.571,0,0,0.252,0,0,0,0.264,0.267,0,0.334,0.957,0,0,0.468,0,0.304,0,0,0.188,0,0.21,0.15,0,0,0.364,0.46,0,0,0.668,0,0,0,0.641,0.344,0,0.178,0,0,0,0,0.177,0,0,0.716,0.183,0,0,0.253,0,0.256,0,0,0.162,0,0.194,0,0.225,0,0.763,0.156,0,0,0,0.489,0,0.273,0,0,0.489,0,0.183,0,0.571,0,0.199,0.15,0.188,0.301,0,0,0,0,0.569,0,0,0.217,0,0,0,0,0,0,0,0,0,0.332,0,0,0,0.277,0,0,0,0.631,0,0.983,0.647,0.203,0.233,0,0.31,0,0,0.223,0.288,0.336,0.889,0,0,0,0,0,0,0,0.265,0,0,0.232,0,0,0,0.282,0,0.169,0,0.275,0,0,0,0,0,0,0,0,0,0,0,0,0.396,0.673,0,0,0,0.422,0.184,0,0.162,0.225,0,0,0.383,0.211,0,0,0,0,0.153,0,0.186,0,0,0.262,0,0,0,0,0,0,0,0.245,0,0,0,0.163,0.151,0,0,0,0,0,0,0,0.498,0,0.776,0,0.527,0.782,0,0,0.298,0,0.526,0,0.161,0,0.198,0,0.296,0,0,0.591,0,0.426,0,0,0.152,0,0,0,0,0.208,0,0.316,0,0.195,0,0.977,0,0,0,0,0,0.811,0,0,0,0,0.236,0.25,0,0.211,0,0,0,0.211,0,0.652,0,0,0,0,0,0,0.255,0.253,0,0.189,0,0,0,0.21,0,0.155,0,0,0,0,0,0,0,0.274,0.332,0,0,0.339,0,0,0.163,0,0.251,0,0,0.334,0,0.297,0,0.316,0,0,0,0.918,0,0,0,0.153,0,0.351,0.258,0,0.352,0.275,0.266,0.239,0,0,0.252,0,0.555,0.271,0,0.588,0,0,0.369,0,0.181,0.206,0.547,0,0.178,0,0,0.261,0,0,0.239,0,0,0,0,0,0,0.182,0,0,0,0,0.174,0,0,0,0,0,0.27,0.358,0,0,0,0,0.539,0,0.344,0.178,0,0,0.192,0,0,0,0,0.268,0,0.17,0,0,0,0,0.505,0,0,0,0.474,0.33,0.67,0,0.178,0,0,0,0.306,0.227,0,0,0.164,0.165,0,0,0.449,0,0,0,0,0,0,0,0,0,0,0,0,0,0,0,0,0,0.169,0,0.3,0,0,0,0.181,0,0,0,0,0,0.208,0,0,0.279,0,0,0,0,0,0.153,0.394,0,0.215,0,0.2,0,0.249,0,0,0,0,0,0.325,0.309,0,0,0.36,0.218,0.204,0.38,0.585,0,0,0,0,0.571,0,0.343,0,0,0.241,0.281,0,0.792,0.154,0,0,0,0,0,0.289,0.387,0,0,0.312,0,0,0.206,0,0.2,0,0,0,0,0,0.194,0,0.409,0,0,0.311,0.379,0,0.18,0.155,0,0.238,0.154,0.534,0,0,0.631,0,0,0,0.311,0.178,0,0,0,0,0,0.302,0,0,0.19,0.209,0,0.39,0,0,0.412,0.394,0,0,0,0.206,0,0,0,0,0.199,0,0,0.537,0,0.344,0.257,0,0,0,0,0.32,0,0,0,0,0,0,0,0.324,0,0.286,0,0,0.324,0.622,0,0.169,0,0,0,0,0,0.708,0,0.244,0.238,0.196,0,0,0,0,0,0.244,0.28,0,0.189,0,0.478,0.231,0,0,0,0,0,0.155,0,0,0.57,0,0,0.22,0,0,0,0.214,0.52,0.605,0.431,0,0,0,0.195,0,0.227,0.496,0.28,0,0,0,0,0,0.35,0,0,0.394,0.16,0,0,0,0.156,0,0,0.343,0,0.339,0,0,0,0,0,0,0,0,0,0,0,0,0,0,0,0,0,0.505,0,0,0,0,0.232,0,0,0,0,0.585,0,0,0,0,0,0,0,0,0.2,0,0,0,0.505,0,0.644,0,0,0,0,0,0,0,0,0,0,0,0,0,0,0,0,0,0.153,0,0,0,0,0.41,0,0,0,0,0,0.199,0.245,0,0.254,0,0,0,0,0,0,0,0,0,0.179,0,0,0,0.161,0.96,0,0.343,0.19,0,0,0,0.156,0,0,0,0,0,0.166,0.223,0,0,0,0,0,0,0,0,0,0,0,0,0,0,0,0,0,0,0,0.161,0,0,0,0,0,0,0.267,0,0.267,0,0,0.19,0,0,0,0,0,0,0,0,0,0.19,0,0.161,0,0,0.212,0.161,0,0,0,0,0,0,0,0,0,0,0.477,0,0,0,0,0.184,0.265,0,0,0.172,0,0.309,0,0,0.209,0,0,0,0,0,0,0.21,0,0,0.228,0.163,0,0,0,0,0,0,0,0,0,0.168,0,0,0.183,0.35,0,0,0,0,0,0,0,0,0,0,0.162,0,0,0,0,0,0,0,0,0.153,0,0.193,0,0,0,0,0,0.169,0,0,0,0,0,0.651,0.161,0.239,0,0,0,0,0,0,0,0,0,0,0,0,0.426,0,0,0,0,0,0.183,0.162,0,0,0,0,0,0.161,0,0,0,0,0,0,0.223,0.309,0,0,0,0,0,0.438,0,0,0.192,0,0,0,0,0,0,0,0,0,0.183,0,0.343,0,0,0.339,0.184,0,0,0,0,0,0,0,0,0,0,0,0,0,0,0,0,0,0,0.356,0,0,0,0,0,0.183,0.394,0,0,0,0,0,0,0,0,0,0,0.387,0,0,0,0.194,0,0,0,0,0.34,0,0,0,0,0,0,0,0.215,0,0,0.205,0,0,0,0.183,0.229,0,0,0,0,0.312,0,0,0,0,0,0.219,0,0,0,0,0,0.597,0,0,0,0,0,0,0,0,0,0,0.161,0,0,0,0,0,0,0,0.183,0,0,0.529,0,0,0,0,0,0,0,0,0,0,0,0,0,0,0,0,0,0,0,0,0,0,0,0.183,0,0,0,0,0,0,0,0,0,0,0,0,0,0,0.273,0,0,0.18,0.213,0.213,0,0,0.159,0,0,0.244,0,0,0,0,0,0,0,0.161,0.212,0,0,0,0,0,0,0,0,0,0,0,0,0,0,0.183,0,0.162,0,0,0,0,0,0,0,0,0,0,0,0,0,0,0,0,0,0,0.201,0,0,0,0,0.287,0,0,0.236,0,0,0,0,0,0,0,0,0,0,0.183,0,0,0,0,0,0,0.161,0,0.161,0,0,0,0,0,0,0,0,0.183,0,0,0,0,0,0,0.183,0,0,0,0,0,0.161,0.169,0.196,0,0.194,0,0,0,0,0,0,0,0.169,0,0,0,0,0,0,0,0,0,0,0.264,0,0,0,0,0.161,0,0,0,0.292,0,0,0,0.164,0,0,0.25,0,0,0,0,0.316,0.226,0,0,0,0,0,0.177,0,0,0,0,0,0,0,0,0.189,0,0.189,0,0.183,0.216,0,0,0,0.233,0.343,0,0.183,0.397,0,0,0,0,0,0.183,0,0,0.358,0,0,0.194,0,0.15,0,0,0,0,0,0,0,0,0,0,0,0,0,0,0,0,0,0,0.55,0,0,0,0,0,0,0,0,0,0,0,0,0,0,0,0.68,0,0,0,0,0.458,0.187,0,0,0,0.183,0,0,0,0,0,0.539,0,0.203,0,0,0.183,0,0,0,0,0,0,0.581,0,0,0,0.169,0.254,0.158,0,0.174,0.228,0,0,0,0,0,0,0,0,0,0.195,0.179,0,0,0,0,0,0,0,0.183,0.231,0,0,0.401,0,0,0,0.153,0,0,0,0,0,0,0,0,0,0,0,0,0.152,0,0.303,0,0,0,0,0,0,0,0,0,0,0,0.178,0,0,0,0,0,0,0,0.255,0,0,0,0,0,0.372,0,0.203,0,0,0,0,0.278,0,0.219,0,0,0,0.467,0.206,0,0,0,0,0.237,0,0,0,0.186,0,0,0,0.174,0,0,0.196,0,0,0,0.181,0,0,0,0,0,0,0,0,0,0,0,0,0,0,0,0,0,0,0,0.216,0,0.335,0,0,0,0,0,0,0,0.237,0,0,0,0,0,0,0,0,0,0,0,0,0,0,0,0,0,0,0,0,0,0,0,0,0,0.231,0,0,0,0,0,0.267,0,0,0,0,0,0,0,0,0,0.167,0,0,0,0,0,0,0.167,0,0,0,0,0,0,0,0,0,0.194,0,0,0,0.28,0.15,0.202,0,0,0,0.349,0,0,0,0.193,0,0,0,0,0,0.317,0.16,0,0,0,0,0,0,0,0.156,0,0,0,0.362,0.209,0,0,0.318,0,0,0,0,0.239,0,0,0,0.325,0,0,0,0,0.197,0.152,0,0,0,0,0,0,0.442,0,0,0.247,0.259,0,0,0.181,0,0,0,0,0,0,0.421,0,0,0,0.223,0,0,0.151,0,0.153,0.511,0,0.345,0,0.689,0.152,0,0,0,0,0,0,0,0,0,0.175,0,0.154,0,0.418,0.163,0,0.376,0.897,0,0,0,0,0.286,0,0,0.2,0.376,0.259,0.245,0,0,0,0.183,0,0,0,0,0,0,0,0.206,0,0.268,0,0,0,0,0.38,0,0,0,0,0,0.291,0,0,0.364,0.237,0,0,0,0,0,0,0,0.339,0,0,0,0,0.619,0,0,0,0,0,0,0,0,0,0.184,0,0,0,0.243,0,0.207,0,0.271,0.203,0,0,0,0,0,0,0,0,0,0.293,0.178,0,0.178,0,0,0,0,0.351,0.177,0,0,0,0.465,0,0,0,0,0.162,0,0,0.204,0,0,0,0,0,0,0,0,0,0,0,0,0,0,0,0,0,0,0,0,0,0,0,0.21,0,0,0,0,0,0,0,0,0,0,0,0,0,0,0,0,0,0,0.2,0,0,0,0,0,0,0,0,0,0,0,0.18,0.457,0.243,0,0.221,0.187,0.322,0,0.183,0,0,0.79,0,0,0,0,0,0,0,0.15,0,0,0,0,0,0,0,0,0,0.167,0,0.22,0,0,0,0.325,0,0,0,0,0,0,0.29,0.416,0,0,0,0,0.183,0.223,0,0,0,0,0,0,0,0.223,0,0,0,0,0,0,0,0,0,0.254,0,0,0,0.19,0.226,0,0,0,0,0,0,0,0,0,0.182,0,0,0,0,0,0,0,0,0,0,0.309,0,0,0,0,0,0.195,0,0,0,0,0,0,0,0,0,0,0.262,0.152,0,0,0.233,0.159,0,0,0,0.283,0,0,0,0,0,0,0,0,0,0,0,0,0,0,0,0,0,0,0,0.274,0,0.254,0,0.369,0.441,0,0.166,0,0.253,0,0,0,0,0,0,0.292,0,0,0,0.223,0,0.623,0,0,0.234,0,0.26,0,0.155,0,0,0.154,0.217,0,0,0,0,0.191,0,0,0.313,0,0,0,0,0,0,0,0,0.361,0,0,0,0,0,0,0,0,0.283,0.207,0,0,0,0,0,0,0,0,0,0,0,0,0,0,0,0,0.193,0,0,0,0.153,0.16,0,0,0,0,0,0,0,0.221,0,0,0,0,0,0,0,0.183,0,0,0,0,0,0,0.2,0,0,0,0,0,0.246,0,0,0,0,0,0,0,0,0,0,0,0,0,0.594,0,0,0,0,0,0,0,0,0.198,0,0,0.183,0,0,0,0,0,0,0,0,0,0,0,0,0.183,0,0,0.183,0,0.2,0,0.201,0,0,0,0,0.206,0,0,0,0,0,0.204,0,0,0,0,0,0,0,0.183,0.218,0,0,0.257,0,0,0,0.163,0,0.287,0,0,0,0,0.18,0,0,0,0,0,0,0,0.192,0,0,0.272,0,0,0,0,0,0,0,0,0,0.157,0,0,0,0,0,0,0,0,0,0,0,0,0,0,0,0,0,0,0,0,0,0,0,0.316,0,0,0,0,0,0,0,0,0,0,0,0,0,0.24,0.192,0,0,0,0,0,0,0,0,0,0,0,0,0.182,0.248,0,0,0,0,0,0,0,0,0,0,0,0,0,0.258,0,0,0,0,0,0.215,0,0,0,0,0,0,0.617,0,0,0,0,0,0,0,0,0,0,0,0,0,0,0,0,0,0,0,0,0.234,0,0,0,0,0,0,0,0,0,0.185,0.439,0,0,0,0,0.17,0.164,0,0,0,0,0,0,0,0,0,0,0,0,0,0,0,0,0,0,0,0,0,0,0,0,0,0,0,0,0,0,0,0,0,0,0,0,0.164,0,0,0,0,0,0,0,0,0,0,0,0,0,0,0,0,0,0,0,0.214,0,0,0,0.183,0,0,0,0,0,0,0,0,0,0,0,0,0.183,0,0,0,0,0,0,0.209,0,0,0,0,0,0,0,0,0,0,0,0,0,0.347,0,0,0,0,0,0,0,0,0,0.239,0,0,0,0,0,0,0,0.174,0,0.213,0,0,0,0,0.231,0,0,0,0,0.3,0,0,0,0,0,0,0.181,0,0,0,0,0,0,0,0,0,0.152,0,0,0.23,0,0.335,0,0.509,0,0,0,0,0,0,0,0,0.994,0.167,0.209,0,0,0,0,0,0,0,0.292,0,0,0,0.237,0,0,0.516,0.152,0,0,0,0,0,0.56,0,0,0,0.229,0,0,0.204,0,0,0,0,0,0.159,0,0,0,0,0,0.533,0,0,0,0.197,0,0,0.168,0,0.293,0,0,0,0,0,0.199,0,0,0,0,0,0,0.283,0,0,0,0,0,0.203,0,0,0.194,0,0,0,0,0,0.379,0,0,0,0,0.181,0,0.177,0,0.803,0,0.219,0,0.172,0,0.382,0,0.184,0,0,0.179,0,0,0,0,0,0.183,0,0,0.175,0.197,0,0.151,0,0.182,0,0,0,0.162,0,0,0,0,0,0,0.995,0,0,0,0,0,0.242,0,0.181,0.234,0,0.373,0.168,0.807,0,0.16,0.197,0,0,0,0,0,0,0.416,0,0,0,0,0,0,0,0,0,0,0,0,0,0,0,0,0,0,0,0,0,0,0,0,0,0,0,0,0,0,0,0,0,0,0.152,0.211,0.188,0,0,0,0,0,0,0,0.337,0.168,0,0,0,0,0,0.252,0.184,0.17,0,0,0,0,0,0,0,0,0,0,0,0,0,0,0,0,0,0,0,0,0,0,0,0,0,0,0,0,0,0.197,0,0,0,0,0.231,0.229,0,0,0,0,0.452,0,0,0,0,0,0,0,0,0,0,0,0,0,0,0,0,0,0,0,0,0,0,0,0,0,0,0,0,0,0.191,0,0,0,0,0,0,0,0.283,0,0,0,0,0,0,0.194,0,0.168,0,0,0.335,0,0.218,0.155,0,0.15,0,0.262,0.212,0.196,0,0,0.195,0.16,0.807,0,0,0,0,0,0.914,0.304,0,0,0,0.189,0.169,0,0,0.419,0.219,0.34,0.185,0,0,0.407,0.38,0,0,0.189,0.155,0,0,0.512,0.668,0,0.996,0.276,0,0.218,0.162,0,0,0,0,0,0,0,0,0,0.291,0.245,0.233,0,0,0,0,0.215,0.207,0.469,0.376,0,0,0.168,0,0,0,0,0,0.16,0,0,0.179,0.538,0,0,0,0.162,0.194,0,0,0,0.209,0,0.854,0,0,0,0.219,0,0,0,0,0,0.189,0,0,0,0,0,0,0,0,0,0,0,0,0,0,0,0,0,0.177,0,0,0,0,0,0,0,0,0,0,0,0,0,0.184,0.183,0,0,0,0,0.217,0,0,0,0,0,0,0,0,0,0,0,0,0,0.315,0,0,0,0,0.497,0,0.201,0,0,0,0,0,0,0,0,0,0.152,0,0,0,0,0,0,0.209,0,0.761,0,0.791,0,0,0,0.166,0,0,0,0,0.201,0,0,0,0.191,0,0,0,0.16,0,0,0,0,0,0,0,0,0,0,0.392,0,0,0,0,0.183,0,0,0,0.161,0.22,0,0,0,0,0,0,0,0,0,0,0,0,0,0,0,0,0,0,0,0,0.229,0.457,0.159,0.191,0.557,0.345,0.336,0.2,0.183,0.165,0.189,0.22,0.186,0.195,0.175,0.223,0.984,0.197,0.251,0.238,0.183,0.223,0.153,0.199,0.196,0.219,0.162,0.339,0.183,0.461,0.157,0.183,0.286,0.291,0.232,0.284,0.426,0.228,0.213,0.34,0.378,0.325,0.23,0.166,0.194,0.511,0.19,0.195,0.22,0.752,0.22,0.162,0.22,0.183,0.199,0.356,0.153,0.359,0.179,0.314,0.539,0.158,0.18,0.22,0.206,0.193,0.279,0.316,0.244,0.22,0.151,0.157,0.161,0.618,0.21,0.2,0.252,0.267,0.619,0.241,0.212,0.287,0.231,0.165,0.203,0.976,0.183,0.183,0.15,0.194,0.205,0.49,0.212,0.256,0.161,0.183,0.278,0.191,0.175,0.201,0.15,0.214,0.183,0.904,0.31,0.789,0.292,0.161,0.354,0.195,0.276,0.203,0.305,0.196,0.184,0.302,0.19,0.183,0.204,0.183,0.27,0.239,0.301,0.272,0.27,0.183,0.352,0.27,0.161,0.183,0.183,0,0,0,0,0,0,0,0,0,0,0,0,0,0,0,0,0,0,0,0,0,0,0,0,0,0,0,0,0,0,0,0,0,0,0,0,0,0,0,0,0,0,0,0,0,0,0,0,0,0,0,0,0,0,0,0,0,0,0,0,0,0,0,0,0,0,0,0,0,0,0,0,0,0,0,0,0,0,0,0,0,0,0,0,0,0,0,0,0,0,0,0,0,0,0,0,0,0,0,0,0,0,0,0,0,0,0,0,0,0,0,0,0,0,0,0,0,0,0,0,0,0,0,0,0,0,0,0,0,0,0,0,0,0,0,0,0,0,0,0,0,0,0,0,0,0,0,0,0,0,0,0,0,0,0,0,0,0,0,0,0,0,0,0,0,0,0,0,0,0,0,0,0,0,0,0,0,0,0,0,0,0,0,0,0,0,0,0,0,0,0,0,0,0,0,0,0,0,0,0,0,0,0,0,0,0,0,0,0,0,0,0,0,0,0,0,0,0,0,0,0,0,0,0,0,0,0,0,0,0,0,0,0,0,0,0,0,0,0,0,0,0,0,0,0,0,0,0,0,0,0,0,0,0,0,0,0,0,0,0,0,0,0,0,0,0,0,0,0,0,0,0,0,0,0,0,0,0,0,0,0,0,0,0,0,0,0,0,0,0,0,0,0,0,0,0,0,0,0,0,0,0,0,0,0,0,0,0,0,0,0,0,0,0,0,0,0,0,0,0,0,0,0,0,0,0,0,0,0,0,0,0,0,0,0,0,0,0,0,0,0,0,0,0,0,0,0,0,0,0,0,0,0,0,0,0,0,0,0,0,0,0,0,0,0,0,0,0,0,0,0,0,0,0,0,0,0,0,0,0,0,0,0,0,0,0,0,0,0,0,0,0,0,0,0,0,0,0,0,0,0,0,0,0,0,0,0,0,0,0,0,0,0,0,0,0,0,0,0,0,0,0,0,0,0,0,0,0,0,0,0,0,0,0,0,0,0,0,0,0,0,0,0,0,0,0,0,0,0,0,0,0,0,0,0,0,0,0,0,0,0,0,0,0,0,0,0,0,0,0,0,0,0,0,0,0,0,0,0,0,0,0,0,0,0,0,0,0,0,0,0,0,0,0,0,0,0,0,0,0,0,0,0,0,0,0,0,0,0,0,0,0,0,0,0,0,0,0,0,0,0,0,0,0,0,0,0,0,0,0,0,0,0,0,0,0,0,0,0,0,0,0,0,0,0,0,0,0,0,0,0,0,0,0,0,0,0,0,0,0,0,0,0,0,0,0,0,0,0,0,0,0,0,0,0,0,0,0,0,0,0,0,0,0,0,0,0,0,0,0,0,0,0,0,0,0,0,0,0,0,0,0,0,0,0,0,0,0,0,0,0,0,0,0,0,0,0,0,0,0,0,0,0,0,0,0,0,0,0,0,0,0,0,0,0,0,0,0,0,0,0,0,0,0,0,0,0,0,0,0,0,0,0,0,0,0,0,0,0,0,0,0,0,0,0,0,0,0,0,0,0,0,0,0,0,0,0,0,0,0,0,0,0,0,0,0,0,0,0,0,0,0,0,0,0,0,0,0,0,0,0,0,0,0,0,0,0,0,0,0,0,0,0,0,0,0,0,0,0,0,0,0,0,0,0,0,0,0,0,0,0,0,0,0,0,0,0,0,0,0,0,0,0,0,0,0,0,0,0,0,0,0,0,0,0,0,0,0,0,0,0,0,0,0,0,0,0,0,0,0,0,0,0,0,0,0,0,0,0,0,0,0,0,0,0,0,0,0,0,0,0,0,0,0,0,0,0,0,0,0,0,0,0,0,0,0,0,0,0,0,0,0,0,0,0,0,0,0,0,0,0,0,0,0,0,0,0,0,0,0,0,0,0,0,0,0,0,0,0,0,0,0,0,0,0,0,0,0,0,0,0,0,0,1
854068,0,0,0,0,0,0,0.304,0.215,0.349,0,0,0,0,0,0,0,0.156,0,0.366,0.194,0,0,0.18,0,0.276,0.356,0.294,0,0.309,0,0,0,0,0,0.355,0,0,0,0,0,0,0,0,0,0.335,0.173,0,0,0,0,0,0,0,0,0,0,0,0,0,0,0,0.372,0,0,0,0,0,0,0,0,0.689,0,0,0,0,0.229,0,0,0.198,0,0,0.198,0,0,0.252,0,0,0,0.373,0,0,0,0.478,0,0,0,0.153,0,0.2,0,0,0,0.22,0,0,0.2,0,0,0,0.189,0.229,0,0.223,0.238,0,0,0,0,0.524,0,0,0,0,0,0,0,0,0,0,0,0,0,0,0,0,0.165,0,0.226,0.379,0,0.236,0,0.296,0,0,0.476,0,0,0,0,0.296,0,0.203,0,0,0.198,0,0,0.15,0,0,0,0,0.171,0,0,0,0.219,0,0,0.153,0,0,0,0,0,0,0,0,0,0.259,0.19,0.258,0,0,0,0.298,0,0,0,0.42,0,0,0.158,0,0.482,0,0,0,0,0,0,0,0,0.159,0.261,0,0,0,0.377,0.217,0,0.399,0,0,0,0,0,0.375,0,0.519,0,0,0,0,0,0,0,0,0.542,0,0,0,0.213,0,0.356,0.971,0,0,0,0,0,0.19,0,0,0,0,0.411,0,0,0,0.159,0.271,0,0,0,0,0,0,0,0,0,0,0,0,0,0,0.446,0,0,0.156,0.565,0,0,0.493,0.215,0,0,0.158,0,0,0.369,0.409,0,0.428,0.987,0,0.229,0.649,0,0,0,0,0,0.169,0.985,0,0.203,0.291,0,0.233,0,0,0,0,0,0.422,0,0,0,0,0,0.313,0.192,0.298,0.161,0,0.56,0.367,0,0,0,0.19,0,0.197,0,0.161,0,0,0,0.297,0.572,0,0.171,0,0.19,0,0,0,0,0,0,0,0,0,0.475,0,0,0.182,0,0,0.258,0,0,0.262,0,0,0,0.223,0,0,0,0,0,0,0,0.173,0.339,0,0.194,0.826,0.227,0,0,0.193,0.208,0.234,0,0,0.346,0,0,0,0,0,0,0,0,0,0,0.252,0,0,0,0,0,0,0,0,0,0,0,0,0,0.987,0.169,0,0,0.303,0.894,0,0.233,0,0,0,0.347,0,0.628,0,0,0,0,0,0.771,0.29,0,0,0.405,0.158,0,0.844,0,0,0,0,0,0,0,0.151,0.558,0,0,0.15,0.366,0.217,0,0,0,0,0,0.194,0,0.232,0.225,0,0,0,0,0.155,0,0.196,0,0.283,0,0.171,0,0,0,0,0,0,0,0,0.257,0.421,0.159,0,0,0.199,0,0,0.401,0,0.544,0,0,0,0,0.394,0.171,0,0,0.243,0,0,0,0,0.152,0.177,0,0,0,0.229,0.292,0,0,0.191,0,0,0,0,0,0,0,0,0.32,0.252,0,0,0,0.38,0,0,0,0.341,0,0,0,0,0,0,0,0,0.982,0,0,0.172,0,0,0,0.98,0,0,0.162,0,0.194,0,0,0.981,0.6,0,0,0,0,0.237,0,0,0.395,0,0,0,0,0.22,0,0,0,0,0,0,0,0,0.399,0,0.269,0.194,0,0,0,0,0,0,0,0,0,0.849,0,0,0,0,0,0,0,0.623,0.523,0,0,0,0,0,0,0.678,0.483,0,0,0,0,0,0,0,0.211,0,0,0,0.691,0,0,0,0,0.155,0,0.64,0,0,0,0,0,0.512,0,0.372,0,0,0.214,0,0.217,0,0,0.414,0.195,0.242,0,0,0,0.229,0,0.482,0,0,0.997,0.619,0.182,0,0,0,0,0.87,0,0,0,0,0,0,0,0,0,0.271,0,0,0,0.335,0,0,0,0,0,0,0,0,0,0,0,0,0,0,0,0,0,0,0,0,0,0,0.184,0,0,0,0,0,0,0.16,0,0,0,0,0,0,0,0,0,0,0,0,0,0,0,0.412,0,0.158,0,0.322,0,0,0,0,0.336,0,0,0,0.206,0,0.33,0,0,0.193,0,0,0,0,0,0,0,0,0.181,0.227,0,0,0.154,0,0,0.405,0,0,0.194,0,0,0,0,0,0,0.198,0,0,0,0,0,0,0,0.153,0,0,0,0,0.155,0.395,0.169,0,0,0.173,0,0,0.485,0,0,0,0,0,0,0,0.769,0.482,0,0.78,0.294,0,0,0,0,0.357,0,0,0,0,0,0,0,0,0.203,0,0,0,0.219,0,0,0.522,0,0,0.331,0,0,0.68,0,0,0,0,0,0,0,0.176,0.338,0,0,0,0,0,0,0.474,0.158,0,0.329,0.327,0,0,0,0.193,0,0,0.309,0,0,0,0,0.269,0,0,0,0,0,0,0,0,0.54,0,0,0.375,0,0,0,0.796,0,0,0,0,0.309,0,0,0,0.699,0,0.465,0.399,0.194,0,0.989,0,0,0,0.358,0,0.15,0,0,0,0,0.681,0,0.354,0,0,0,0.162,0,0,0,0,0.334,0,0,0,0,0.354,0,0,0.232,0,0,0,0,0,0,0.461,0,0.204,0,0,0.169,0,0.46,0,0.201,0,0,0,0.29,0.192,0.952,0,0,0.368,0.273,0.318,0,0.199,0.173,0,0.436,0,0.224,0,0,0,0.193,0.207,0.41,0,0,0.274,0,0,0.254,0,0,0,0,0,0,0,0,0,0,0,0,0,0,0.54,0,0,0,0.565,0,0,0,0,0,0,0,0,0,0,0,0,0,0,0,0,0,0,0,0,0,0,0,0,0,0,0,0,0,0,0,0,0,0,0,0,0,0,0,0,0.194,0.551,0,0,0,0.226,0,0,0,0,0,0,0.412,0,0.183,0,0,0,0.241,0,0.187,0,0,0,0,0.227,0,0,0.328,0,0,0.164,0,0,0.494,0,0,0,0,0.44,0,0,0,0.398,0,0,0.269,0.196,0,0,0,0,0,0,0,0,0,0,0,0,0,0,0,0,0,0,0,0,0,0,0,0,0.173,0,0,0.194,0,0,0.455,0,0,0,0,0,0,0,0,0.555,0.223,0,0,0,0,0,0.225,0,0,0,0,0.37,0,0,0.446,0.439,0,0.575,0,0,0,0,0,0,0,0,0,0,0,0,0.152,0,0,0,0.255,0,0,0,0,0,0.447,0,0,0,0,0,0,0,0,0,0,0,0,0,0,0.565,0,0,0,0,0.15,0,0,0,0,0,0,0,0,0,0,0,0,0,0,0,0,0.194,0,0,0.408,0,0,0,0,0,0,0.42,0,0,0,0,0,0,0,0,0,0,0,0,0.551,0,0,0,0,0,0,0,0,0.375,0,0,0.214,0,0,0,0.258,0.196,0,0.309,0,0,0.361,0.195,0.63,0,0,0,0,0,0,0,0,0,0,0,0,0,0,0,0,0,0,0,0,0.164,0,0,0,0,0,0,0,0,0,0,0,0,0,0.228,0,0,0,0,0,0,0,0,0.227,0.368,0,0.418,0,0,0,0,0,0,0,0,0.258,0.196,0.543,0.565,0,0,0,0,0,0,0,0,0,0,0.155,0,0,0,0,0,0,0,0,0,0,0,0,0,0.212,0,0.88,0.449,0,0,0,0,0,0,0.286,0,0,0,0,0,0,0,0,0,0.367,0.281,0.466,0,0,0.28,0.208,0,0,0,0.294,0.213,0,0,0,0,0,0,0,0,0,0.536,0,0.368,0,0,0,0,0,0,0,0.419,0,0,0,0.164,0,0.197,0,0,0,0.295,0,0,0,0,0,0,0,0,0,0,0,0,0,0,0,0,0,0.294,0.217,0,0,0,0,0.4,0,0,0,0,0,0,0,0,0,0.167,0,0,0,0,0,0.552,0,0,0,0,0,0,0,0,0,0,0,0,0,0,0,0,0.339,0.475,0,0,0,0,0,0,0,0,0,0.166,0,0,0,0,0,0,0.151,0.422,0,0,0,0.382,0,0,0,0,0,0,0,0.235,0,0,0,0,0,0.634,0.559,0.267,0.238,0,0,0,0,0,0,0,0,0,0,0,0,0.309,0,0,0,0,0,0,0,0.352,0.523,0,0,0,0,0,0,0,0,0.193,0,0,0.299,0,0,0,0,0,0,0,0,0,0,0,0,0,0,0,0,0,0,0,0.212,0,0,0,0.566,0,0,0,0,0,0,0.438,0,0,0,0,0,0,0,0,0,0,0,0,0,0.224,0.259,0.45,0,0,0,0,0,0.741,0,0,0.194,0,0,0,0,0,0,0.218,0,0,0,0,0,0,0,0.317,0,0.172,0,0,0,0,0,0,0,0,0,0,0,0.243,0,0,0,0,0,0,0,0,0,0,0,0.66,0,0,0,0,0,0,0,0,0,0,0,0,0,0,0,0,0.273,0,0,0,0,0,0.234,0,0,0,0,0,0,0,0,0,0,0,0,0.165,0,0.178,0,0,0,0,0,0,0,0,0,0,0,0,0,0,0,0,0,0,0,0,0,0.192,0,0,0,0,0,0,0,0,0,0.19,0,0,0,0,0.369,0,0,0,0,0,0,0,0,0,0,0,0,0,0,0.189,0,0,0,0,0,0,0,0,0,0,0,0,0,0.421,0,0,0,0,0,0,0,0,0,0,0.169,0,0,0,0,0,0,0,0,0,0,0.2,0,0,0,0,0.17,0,0,0,0,0,0,0,0,0,0,0,0,0,0,0,0,0,0,0,0,0,0,0,0,0,0,0,0,0,0,0,0,0,0.6,0,0,0,0,0,0,0,0,0,0,0,0,0,0,0,0,0,0,0,0,0,0,0,0,0,0,0.2,0,0,0,0,0,0,0,0,0,0,0,0.316,0,0,0,0,0,0.368,0,0,0,0,0,0,0,0,0,0,0,0,0.339,0,0,0,0,0,0,0,0,0,0,0,0,0,0.15,0,0,0,0,0,0,0.227,0,0,0,0,0,0,0,0,0,0,0,0,0,0,0.333,0,0,0,0,0,0,0.152,0,0,0,0.272,0,0,0,0,0.213,0,0,0,0.154,0,0,0.492,0,0,0,0,0,0,0,0,0,0,0,0.476,0,0,0.529,0,0,0,0,0,0,0,0,0,0,0.655,0,0,0,0,0,0,0,0,0,0,0,0,0,0,0,0,0.259,0,0,0,0,0,0,0,0,0.161,0,0,0,0,0,0,0,0,0.381,0,0,0,0,0.967,0.177,0,0,0,0,0,0,0,0,0,0,0,0.212,0,0.152,0,0,0.958,0.343,0.468,0,0,0,0,0,0,0.51,0,0.221,0.96,0,0,0,0,0.385,0,0,0,0,0,0,0,0,0,0,0,0,0,0.876,0,0,0,0,0,0,0,0,0,0.227,0,0,0,0,0,0,0,0.924,0,0,0,0,0.967,0,0,0,0,0,0,0.171,0,0.336,0,0,0.165,0,0.836,0,0,0,0,0,0,0,0,0,0,0,0,0.187,0,0,0,0,0.359,0,0,0,0,0.322,0,0,0,0,0.552,0.233,0,0,0,0.188,0,0,0.35,0,0,0,0,0,0,0,0,0,0,0,0,0,0,0,0,0.323,0.332,0,0,0,0,0,0,0,0,0,0,0,0,0,0,0,0,0,0,0,0,0,0.333,0,0,0.191,0,0.167,0,0,0,0.174,0,0,0.192,0,0,0,0,0,0,0,0,0,0,0,0,0,0,0,0,0.313,0,0,0,0,0,0,0,0,0,0,0,0,0,0,0,0,0,0,0,0,0,0,0,0,0,0,0,0.504,0,0,0,0,0,0,0,0,0,0,0,0,0,0,0,0,0,0.157,0,0,0,0,0,0,0,0,0,0,0,0.153,0,0,0,0,0,0,0,0,0,0,0,0,0,0,0,0,0,0,0,0,0,0,0,0,0,0,0.357,0,0.569,0,0,0,0,0,0,0,0,0,0.32,0,0,0,0,0,0,0,0,0,0,0,0,0,0,0,0,0,0,0,0,0,0,0,0,0,0,0,0,0,0,0,0,0,0,0,0,0,0,0,0,0,0,0,0,0,0,0,0,0,0,0,0,0,0,0,0,0,0,0,0,0,0,0,0,0,0,0,0,0,0.181,0,0,0,0,0,0.2,0,0,0,0,0,0,0,0,0,0,0.171,0.246,0.186,0,0,0,0,0.6,0,0,0,0,0,0,0.17,0,0,0,0,0,0.179,0,0,0,0,0,0,0,0,0,0,0,0,0,0,0,0.177,0,0,0,0,0,0,0,0,0,0,0,0,0,0,0,0,0,0,0,0,0,0,0,0,0,0,0,0,0,0.153,0,0,0,0.551,0,0,0,0,0,0,0,0,0,0,0,0,0.195,0,0,0,0,0,0.159,0,0,0,0,0,0.227,0,0,0,0,0,0,0,0,0,0,0,0,0,0.153,0,0.551,0,0,0,0,0,0,0,0,0,0,0,0,0,0,0,0,0,0,0,0,0,0,0,0,0,0.169,0,0,0,0,0,0,0.23,0,0,0,0,0,0,0,0,0,0,0,0,0,0,0.606,0,0,0,0,0,0,0,0,0,0.191,0,0,0,0,0.157,0,0,0.982,0,0,0,0,0,0,0,0.15,0,0,0,0,0,0,0.281,0,0,0.301,0,0,0,0,0,0,0,0.159,0,0,0,0,0,0,0,0,0,0,0,0,0,0,0,0,0,0,0,0,0,0,0.701,0,0,0,0,0,0,0,0,0,0,0,0,0,0,0,0,0,0,0.378,0.39,0,0,0,0,0,0,0,0,0,0,0,0,0,0,0,0,0,0,0,0,0,0,0,0.194,0.342,0,0,0,0.493,0,0,0,0,0,0,0,0,0,0,0,0,0,0,0,0,0,0,0,0,0,0,0,0,0,0,0,0,0,0,0,0,0,0,0,0,0,0,0,0,0,0.205,0,0,0,0,0,0,0,0,0,0,0,0,0,0,0,0,0,0.252,0,0,0,0,0,0,0,0,0,0,0,0,0,0,0,0,0,0,0,0,0,0,0.203,0,0,0,0,0,0,0,0,0,0,0,0,0,0,0,0,0,0,0,0,0,0,0,0,0,0,0,0,0,0.497,0,0,0,0,0,0,0,0.173,0,0,0.194,0,0,0,0,0.181,0,0,0,0,0.242,0,0.191,0,0,0,0,0,0,0,0,0.981,0,0,0,0,0,0,0,0,0.455,0,0,0,0,0,0,0,0,0,0,0,0,0,0,0,0,0.226,0,0,0,0,0,0,0,0,0,0,0,0,0,0.482,0,0,0.635,0,0,0,0,0,0,0,0,0,0,0,0,0,0,0,0,0,0,0,0,0.169,0,0,0,0,0,0,0,0,0,0.173,0.59,0,0,0,0,0,0,0,0,0,0,0,0,0,0,0,0,0,0.152,0,0.152,0,0,0,0,0,0,0,0,0,0,0,0,0,0,0,0,0,0,0,0,0,0,0,0,0,0,0,0.425,0,0,0,0,0,0,0,0,0,0.291,0.521,0,0,0,0,0,0,0,0,0,0,0.474,0,0,0,0,0,0,0,0,0,0,0,0,0,0,0,0,0,0,0,0,0,0.225,0,0.578,0,0.293,0,0,0,0,0,0,0,0,0,0,0,0.608,0,0,0,0,0.151,0,0,0,0,0,0,0,0,0,0,0,0,0,0,0.156,0,0,0,0,0,0,0,0,0,0,0,0,0,0.291,0,0,0,0,0,0,0,0,0,0,0,0,0,0,0,0,0,0,0.201,0,0,0,0,0,0,0,0,0,0,0,0,0,0,0,0,0,0,0,0,0,0,0,0,0,0,0,0,0,0,0,0,0,0,0,0,0.152,0,0,0,0,0,0,0,0,0,0,0,0.229,0,0.24,0,0,0,0,0,0,0,0,0,0,0,0,0,0.948,0,0,0.266,0,0,0,0,0.33,0.168,0,0,0,0,0,0,0,0,0,0,0.261,0.212,0,0,0,0.216,0,0,0,0,0,0,0,0,0,0,0.175,0,0,0,0,0,0,0,0,0.164,0.206,0.454,0,0,0.347,0,0,0.193,0.191,0,0.368,0,0,0,0,0.272,0,0,0,0.183,0,0,0.634,0.177,0.461,0,0,0,0,0,0,0,0,0,0,0,0,0,0,0,0.163,0,0.331,0,0,0,0.161,0,0,0,0,0.407,0,0.214,0.194,0,0,0.272,0,0,0,0,0,0.18,0,0,0,0,0,0.659,0,0,0,0,0,0,0,0,0,0,0,0,0,0,0,0,0.193,0,0.169,0,0,0,0,0,0,0,0,0,0,0,0,0,0,0.244,0,0,0,0,0.151,0,0,0,0,0,0,0,0,0,0,0,0,0,0,0,0,0,0,0,0,0,0,0,0.164,0,0,0,0,0,0,0.437,0,0,0,0,0,0,0,0.228,0.608,0,0,0,0.196,0,0,0,0,0,0,0,0,0,0,0,0,0,0,0,0,0,0.18,0,0,0,0,0,0,0,0,0,0,0,0,0,0,0.236,0,0,0,0,0,0,0,0,0,0,0,0,0.421,0,0,0,0,0,0,0,0,0,0,0,0,0,0.282,0,0.152,0,0,0,0,0,0,0,0,0,0.449,0,0,0.377,0,0,0,0.376,0,0,0.2,0,0,0.445,0,0,0,0,0,0.193,0,0,0,0,0,0,0,0,0,0,0,0,0,0,0.15,0,0.305,0,0,0,0,0,0.53,0.341,0.365,0,0,0,0.165,0,0,0,0,0.502,0,0,0,0,0,0.16,0,0,0,0,0,0,0,0.306,0,0,0,0,0,0,0,0,0,0,0.237,0,0,0,0,0,0,0,0,0,0,0,0,0,0,0,0,0.229,0,0,0,0,0,0,0.311,0,0,0.197,0.154,0.184,0.54,0.192,0.207,0.159,0.206,0.34,0.192,0.301,0.22,0.251,0.308,0.189,0.967,0.205,0.368,0.514,0.22,0.155,0.193,0.198,0.194,0.22,0.162,0.204,0.167,0.213,0.217,0.151,0.22,0.375,0.212,0.514,0.933,0.28,0.364,0.374,0.152,0.609,0.362,0.269,0.217,0.158,0.386,0.155,0.369,0.279,0.526,0.446,0.207,0.151,0.183,0.207,0.565,0.98,0.325,0.332,0.977,0.152,0.25,0,0,0,0,0,0,0,0,0,0,0,0,0,0,0,0,0,0,0,0,0,0,0,0,0,0,0,0,0,0,0,0,0,0,0,0,0,0,0,0,0,0,0,0,0,0,0,0,0,0,0,0,0,0,0,0,0,0,0,0,0,0,0,0,0,0,0,0,0,0,0,0,0,0,0,0,0,0,0,0,0,0,0,0,0,0,0,0,0,0,0,0,0,0,0,0,0,0,0,0,0,0,0,0,0,0,0,0,0,0,0,0,0,0,0,0,0,0,0,0,0,0,0,0,0,0,0,0,0,0,0,0,0,0,0,0,0,0,0,0,0,0,0,0,0,0,0,0,0,0,0,0,0,0,0,0,0,0,0,0,0,0,0,0,0,0,0,0,0,0,0,0,0,0,0,0,0,0,0,0,0,0,0,0,0,0,0,0,0,0,0,0,0,0,0,0,0,0,0,0,0,0,0,0,0,0,0,0,0,0,0,0,0,0,0,0,0,0,0,0,0,0,0,0,0,0,0,0,0,0,0,0,0,0,0,0,0,0,0,0,0,0,0,0,0,0,0,0,0,0,0,0,0,0,0,0,0,0,0,0,0,0,0,0,0,0,0,0,0,0,0,0,0,0,0,0,0,0,0,0,0,0,0,0,0,0,0,0,0,0,0,0,0,0,0,0,0,0,0,0,0,0,0,0,0,0,0,0,0,0,0,0,0,0,0,0,0,0,0,0,0,0,0,0,0,0,0,0,0,0,0,0,0,0,0,0,0,0,0,0,0,0,0,0,0,0,0,0,0,0,0,0,0,0,0,0,0,0,0,0,0,0,0,0,0,0,0,0,0,0,0,0,0,0,0,0,0,0,0,0,0,0,0,0,0,0,0,0,0,0,0,0,0,0,0,0,0,0,0,0,0,0,0,0,0,0,0,0,0,0,0,0,0,0,0,0,0,0,0,0,0,0,0,0,0,0,0,0,0,0,0,0,0,0,0,0,0,0,0,0,0,0,0,0,0,0,0,0,0,0,0,0,0,0,0,0,0,0,0,0,0,0,0,0,0,0,0,0,0,0,0,0,0,0,0,0,0,0,0,0,0,0,0,0,0,0,0,0,0,0,0,0,0,0,0,0,0,0,0,0,0,0,0,0,0,0,0,0,0,0,0,0,0,0,0,0,0,0,0,0,0,0,0,0,0,0,0,0,0,0,0,0,0,0,0,0,0,0,0,0,0,0,0,0,0,0,0,0,0,0,0,0,0,0,0,0,0,0,0,0,0,0,0,0,0,0,0,0,0,0,0,0,0,0,0,0,0,0,0,0,0,0,0,0,0,0,0,0,0,0,0,0,0,0,0,0,0,0,0,0,0,0,0,0,0,0,0,0,0,0,0,0,0,0,0,0,0,0,0,0,0,0,0,0,0,0,0,0,0,0,0,0,0,0,0,0,0,0,0,0,0,0,0,0,0,0,0,0,0,0,0,0,0,0,0,0,0,0,0,0,0,0,0,0,0,0,0,0,0,0,0,0,0,0,0,0,0,0,0,0,0,0,0,0,0,0,0,0,0,0,0,0,0,0,0,0,0,0,0,0,0,0,0,0,0,0,0,0,0,0,0,0,0,0,0,0,0,0,0,0,0,0,0,0,0,0,0,0,0,0,0,0,0,0,0,0,0,0,0,0,0,0,0,0,0,0,0,0,0,0,0,0,0,0,0,0,0,0,0,0,0,0,0,0,0,0,0,0,0,0,0,0,0,0,0,0,0,0,0,0,0,0,0,0,0,0,0,0,0,0,0,0
856002,0,0,0.37,0,0,0,0,0,0.203,0,0,0,0,0,0,0,0.159,0,0,0,0,0,0,0,0,0.196,0,0,0,0,0,0,0,0.205,0,0,0,0,0,0,0,0,0,0,0,0,0,0,0,0,0.258,0,0,0,0,0,0,0,0.218,0,0,0,0,0,0,0,0,0,0.205,0,0,0,0,0,0,0,0,0,0,0,0.19,0,0,0,0,0,0,0,0,0,0,0,0,0,0,0,0.373,0.206,0,0,0,0,0,0,0,0,0,0,0,0,0,0,0,0,0,0,0,0,0,0,0,0,0,0,0,0,0,0,0,0,0.196,0,0,0.154,0,0,0,0,0,0,0,0.215,0,0,0,0,0,0,0,0,0,0,0,0,0,0,0,0,0,0,0,0,0,0,0,0,0,0,0,0.268,0,0,0,0,0,0,0,0,0,0,0,0,0,0,0,0,0,0,0,0,0,0,0,0,0,0.667,0,0,0,0,0.15,0,0,0,0,0,0,0,0,0,0,0.661,0,0,0,0,0,0.19,0,0,0,0,0,0,0,0,0,0,0,0,0,0,0,0,0,0.788,0,0,0,0,0,0,0,0,0,0,0,0,0,0,0,0,0,0,0,0,0,0,0,0,0,0,0,0,0,0,0,0,0,0,0,0,0,0,0,0,0,0,0,0,0,0,0,0,0,0,0,0.256,0,0,0,0,0,0,0,0,0,0,0,0,0,0,0,0,0,0,0.183,0,0,0,0,0,0,0,0,0,0,0,0,0,0,0,0,0,0,0,0,0,0,0,0,0.841,0,0,0,0,0,0,0.22,0,0,0,0,0,0,0,0.788,0,0,0,0,0,0,0,0,0,0,0,0,0,0.434,0,0,0,0,0,0,0,0,0,0,0.167,0,0,0,0,0,0,0,0,0,0,0,0,0,0,0,0,0,0,0,0,0,0,0,0,0,0,0,0,0,0,0,0,0,0,0,0,0,0.239,0,0,0,0,0,0,0,0,0,0,0,0,0,0,0,0,0,0,0,0,0,0,0,0,0,0,0,0.201,0,0,0,0,0,0,0,0,0,0,0,0,0,0,0,0,0,0,0,0,0,0,0,0,0,0,0,0,0,0,0,0,0,0,0,0,0,0,0,0,0,0,0,0,0,0,0,0,0,0,0,0,0,0,0,0,0,0,0,0,0,0,0,0,0,0,0,0,0,0,0,0,0,0,0,0,0,0,0,0,0,0,0,0,0,0,0,0,0,0,0.376,0,0,0,0.394,0,0,0,0,0,0,0,0,0,0,0.276,0,0,0,0,0,0,0,0,0,0,0,0,0,0,0,0,0,0,0,0,0,0,0,0,0,0,0,0.405,0,0,0,0,0,0,0,0,0,0,0,0,0,0,0,0,0,0,0,0,0,0,0,0,0,0,0,0,0,0,0,0,0,0,0,0,0,0,0,0,0,0,0,0,0,0,0,0,0,0,0,0,0,0,0,0,0,0,0,0,0,0,0,0,0,0,0,0,0,0,0,0,0,0,0,0,0,0,0,0,0,0,0,0,0,0,0,0,0,0,0,0,0,0,0,0,0,0,0,0.322,0,0,0,0,0,0,0,0,0,0,0,0,0,0,0,0,0,0,0,0,0,0,0,0,0,0,0,0,0,0,0,0.426,0,0,0,0,0,0,0,0,0,0,0,0,0,0,0,0,0,0,0,0,0,0,0,0,0,0,0,0,0,0,0,0,0,0,0,0,0,0,0,0,0,0,0,0,0,0,0,0,0,0,0,0,0,0,0,0,0,0,0,0,0,0,0,0,0,0,0,0,0.216,0,0,0,0,0,0,0,0,0,0,0,0,0,0,0,0,0,0,0,0,0,0,0,0,0,0,0,0,0,0,0,0,0,0,0,0,0,0,0,0,0,0,0,0.178,0.28,0,0,0,0,0,0,0,0,0.347,0,0,0.999,0,0,0,0,0,0,0,0,0,0,0,0,0,0,0,0,0.91,0,0,0,0,0,0,0.272,0,0,0,0,0,0,0,0,0,0,0,0,0,0,0,0,0,0,0,0,0,0,0,0,0,0,0,0,0,0,0,0,0,0,0,0,0,0,0,0.209,0,0,0,0.424,0,0.299,0,0,0,0.788,0,0,0,0,0,0,0,0,0,0,0,0,0,0,0,0,0,0,0,0,0,0,0,0,0,0,0,0,0,0,0,0,0,0,0,0,0,0,0,0,0,0,0,0,0,0,0,0,0,0,0,0,0,0,0,0,0,0,0,0,0,0,0,0,0,0,0,0,0,0,0,0,0,0,0,0,0,0,0,0,0,0,0,0,0,0,0,0,0,0,0,0,0,0,0,0,0,0,0,0,0,0,0,0,0,0,0,0,0,0,0,0,0,0.496,0,0,0,0,0,0,0,0,0,0.199,0,0.202,0,0,0,0,0,0,0.338,0,0,0,0,0,0,0,0,0,0,0,0,0,0.206,0.21,0,0,0,0,0,0,0,0,0,0,0,0,0,0.611,0,0,0,0,0,0,0,0,0,0,0,0.368,0,0,0,0,0,0,0,0,0,0,0,0,0,0,0,0,0,0,0,0,0,0,0,0,0,0,0,0,0,0,0,0.16,0,0,0,0,0,0,0,0,0,0,0,0,0,0,0,0,0,0,0,0,0,0,0,0,0,0,0,0.206,0,0,0,0,0,0,0,0,0,0,0,0,0,0,0.224,0.199,0,0,0,0,0,0,0,0,0,0,0,0.184,0,0,0,0,0,0,0,0,0,0,0.358,0,0,0,0,0.231,0,0,0,0,0,0,0,0,0,0,0,0,0,0.385,0,0,0,0,0,0,0,0,0,0,0,0.392,0,0,0,0,0,0,0,0,0,0,0,0,0,0,0,0,0,0,0.22,0.206,0,0,0,0,0,0,0,0,0,0,0,0,0,0,0,0,0,0,0,0.155,0,0,0,0.206,0.452,0,0,0,0,0,0,0,0,0,0,0,0,0,0.185,0,0,0,0,0,0,0,0,0,0,0,0,0,0,0,0,0,0,0,0,0,0,0,0,0,0,0.211,0,0,0,0,0,0,0,0,0,0,0,0,0,0,0,0,0,0,0.323,0,0,0,0.247,0,0,0,0.199,0,0,0,0,0,0,0,0,0,0.999,0,0,0.199,0,0.196,0,0,0,0,0,0,0,0,0.215,0,0,0,0,0,0,0,0,0,0,0.264,0,0,0,0,0.21,0,0,0.808,0.169,0,0,0,0.197,0,0,0,0,0,0,0,0,0,0,0,0,0,0,0,0,0,0,0,0.157,0,0,0,0,0,0,0.324,0,0,0.212,0,0,0,0,0,0,0.22,0,0,0,0,0.541,0,0,0,0,0,0,0,0,0,0,0,0,0.235,0,0,0,0.199,0,0.159,0.243,0.199,0,0,0,0,0.199,0,0,0,0,0,0,0,0,0,0,0,0,0,0,0,0,0,0,0.21,0.363,0,0,0,0,0,0.662,0,0,0,0,0,0,0,0,0,0,0,0,0,0,0,0,0,0,0,0,0.999,0,0,0,0,0,0,0,0,0,0,0,0,0,0,0,0.278,0,0,0,0,0,0,0,0,0,0,0,0,0,0,0,0,0,0,0.193,0,0,0,0,0,0,0,0,0,0,0,0,0,0,0.309,0,0,0,0,0,0,0,0,0,0,0,0,0,0,0,0,0,0,0,0,0,0,0,0,0,0,0,0,0,0,0,0,0,0,0,0,0,0,0,0,0,0,0,0,0,0,0,0,0,0,0,0,0,0,0.216,0,0,0,0,0,0,0,0,0,0,0,0,0,0,0,0,0,0,0,0,0,0,0,0,0.19,0,0,0,0,0,0,0,0,0,0,0.513,0,0,0,0,0,0.22,0,0,0.533,0,0.877,0,0,0,0,0,0,0.276,0,0,0,0,0,0.442,0.386,0.199,0,0,0.394,0,0,0,0,0,0,0,0,0.198,0,0,0,0,0,0,0,0,0.193,0,0,0,0,0.351,0.787,0,0,0,0,0.233,0,0,0,0,0,0,0,0,0,0,0,0.356,0.203,0,0,0,0.533,0,0,0,0,0,0,0,0,0,0,0,0.736,0,0.229,0.863,0,0,0,0,0,0,0,0,0,0,0,0,0,0,0,0.334,0,0.187,0,0,0,0.45,0,0,0,0,0.414,0.228,0,0,0.662,0,0,0,0,0,0,0,0,0,0,0,0,0.229,0,0,0,0,0,0,0,0,0,0,0,0.196,0.586,0,0,0,0.334,0,0,0,0,0.596,0,0,0,0,0,0,0.168,0,0,0,0,0,0,0,0,0,0.179,0,0,0,0.414,0,0,0,0,0,0,0,0.852,0.208,0,0,0,0,0,0,0,0.202,0,0,0.231,0,0,0.496,0.206,0.163,0,0,0,0.313,0,0.766,0,0,0,0,0,0,0.981,0,0,0,0,0,0,0,0,0,0,0.186,0,0,0,0,0,0,0,0,0.179,0,0,0,0,0,0,0,0,0,0,0,0,0,0,0,0,0,0,0,0,0,0,0,0,0,0,0,0,0,0.183,0,0,0,0,0,0.181,0,0,0,0,0,0,0,0,0,0,0,0,0,0,0,0,0,0,0,0,0,0,0,0,0,0,0,0,0,0,0,0,0,0,0,0,0,0,0,0,0,0,0,0,0,0,0,0,0,0,0,0,0,0,0,0,0,0,0,0,0,0,0,0,0,0,0,0,0,0,0,0,0,0,0,0,0,0,0,0,0,0,0,0,0,0,0,0,0,0,0,0,0,0,0,0,0,0,0,0,0,0,0,0,0,0,0,0,0,0,0,0,0,0,0,0,0,0,0,0,0,0,0,0,0,0,0,0,0,0,0,0,0,0,0,0,0,0,0,0,0,0,0,0,0,0,0,0,0,0,0,0,0,0,0,0,0,0,0,0,0,0,0,0,0,0,0,0.212,0,0,0,0,0,0,0,0,0,0,0,0,0.232,0,0,0,0,0,0,0,0,0,0,0,0,0,0,0,0,0,0,0.177,0,0,0,0,0,0.197,0,0,0,0,0,0,0,0,0,0,0,0,0,0,0,0,0,0,0,0,0,0,0,0,0,0,0,0,0,0,0,0,0,0,0,0,0,0,0,0,0,0,0,0.29,0,0,0,0,0,0,0,0,0,0,0,0,0,0,0,0,0,0,0,0,0,0,0.29,0,0,0,0,0,0,0,0,0,0,0,0,0,0,0,0,0,0,0,0,0,0,0,0,0,0,0,0,0,0,0,0,0,0,0,0,0,0,0,0,0,0,0,0,0,0,0,0,0,0,0,0,0,0,0,0,0,0,0,0,0,0,0,0,0,0,0,0,0,0,0,0.376,0,0,0,0,0,0,0,0,0,0,0,0,0,0,0,0,0,0,0,0,0,0,0,0,0,0,0,0,0,0,0,0,0,0,0,0,0,0,0,0,0,0,0,0,0,0,0,0,0,0,0,0,0,0.541,0,0,0,0,0,0,0,0,0,0,0,0,0,0,0,0,0,0,0,0,0,0,0,0,0,0,0,0,0,0,0,0,0,0,0,0,0,0,0,0,0,0,0,0,0,0,0,0,0,0,0,0,0.429,0,0,0,0,0,0,0,0,0,0,0,0,0,0,0,0,0,0,0,0,0,0,0,0,0,0,0,0,0,0,0,0,0,0,0,0,0,0,0,0,0,0,0,0,0,0,0,0,0,0,0,0,0.192,0,0,0,0,0,0,0,0,0.217,0,0,0.217,0,0,0,0,0,0,0,0,0,0,0,0,0,0,0,0,0,0,0,0,0,0,0,0.228,0,0,0,0,0,0,0,0,0,0,0,0,0,0,0,0,0,0,0,0,0,0,0,0,0,0,0,0,0,0,0,0,0,0,0,0,0.19,0,0,0.156,0,0,0,0,0,0,0,0,0,0,0,0,0,0,0,0,0,0,0,0,0,0,0,0,0,0,0,0,0,0,0,0,0,0,0,0,0,0,0,0,0,0,0,0,0.204,0,0,0,0,0,0,0,0,0,0.159,0,0,0,0,0,0,0,0,0,0,0,0,0,0,0,0,0,0,0,0,0,0,0,0,0,0,0,0.208,0,0,0.218,0,0,0,0,0,0,0,0,0,0,0,0,0,0,0,0,0,0,0,0,0,0,0,0,0,0,0,0,0,0,0,0,0,0,0,0,0,0,0,0,0,0,0,0,0,0,0,0,0,0,0,0,0,0,0,0,0,0,0,0,0,0.17,0,0,0,0,0,0,0,0,0,0,0,0,0,0,0,0,0,0,0,0,0,0,0,0,0,0,0,0,0,0,0,0,0,0,0,0,0,0,0,0,0,0,0,0,0,0,0,0,0,0,0,0,0,0,0,0,0,0,0,0,0,0,0,0,0,0,0.268,0,0,0,0,0,0,0,0,0,0,0,0,0,0,0,0,0,0,0,0,0,0,0,0,0,0,0,0,0,0,0,0,0,0,0,0,0,0,0,0,0,0,0,0,0,0,0,0,0,0,0,0,0,0,0,0,0,0,0,0,0,0,0,0,0,0,0,0,0,0,0,0,0,0,0,0,0,0,0,0,0,0,0,0,0,0,0,0,0,0,0,0,0,0,0,0,0,0,0,0,0,0,0,0,0,0,0,0,0,0,0,0,0,0,0,0,0,0,0,0,0,0,0,0,0,0,0,0,0,0,0,0,0,0,0,0,0,0,0,0,0,0,0,0,0,0,0,0,0,0,0,0,0,0,0,0,0,0,0,0,0,0,0,0,0,0,0,0,0,0,0,0,0,0,0,0,0,0,0,0,0.445,0,0,0,0,0,0,0.25,0,0,0,0,0,0,0,0,0,0,0,0,0,0,0,0,0,0,0,0,0,0,0,0,0,0,0,0,0,0,0,0,0,0,0,0,0,0,0,0,0,0,0,0,0,0,0,0,0,0,0,0,0,0,0,0,0,0,0,0,0,0,0,0,0,0,0,0,0,0,0,0,0,0,0,0,0.999,0,0,0,0,0,0,0,0,0,0,0,0,0,0,0,0,0,0,0,0,0,0,0,0,0,0,0,0,0,0,0,0,0,0,0,0,0,0,0,0,0,0,0,0,0,0,0,0,0,0,0,0,0,0,0,0,0,0,0,0,0,0.217,0,0,0,0,0,0,0,0,0,0,0,0,0,0,0,0,0,0,0,0,0,0,0,0,0,0,0,0,0,0,0,0,0,0,0,0,0,0,0,0,0,0,0,0,0,0,0,0,0,0,0,0,0,0,0,0,0,0,0,0,0,0,0,0,0,0,0,0,0,0,0,0,0,0,0,0,0,0,0,0,0,0,0,0,0,0,0,0,0,0,0,0,0,0,0,0,0,0,0,0,0,0,0,0,0,0,0,0,0,0,0,0,0,0,0,0,0,0,0,0,0,0,0,0,0,0,0,0,0,0,0,0,0,0,0,0,0,0,0.165,0,0,0,0,0,0,0,0,0.197,0,0,0,0,0,0,0,0,0,0,0,0,0,0,0,0,0,0,0,0,0,0,0,0,0,0,0,0,0,0,0,0,0,0,0,0,0,0,0,0,0,0,0.532,0,0,0,0,0,0,0,0,0,0,0,0,0,0,0,0,0,0,0,0,0,0,0,0,0,0,0,0,0,0,0,0,0,0,0,0,0,0,0,0,0,0,0,0,0,0,0,0,0,0,0,0,0,0,0,0,0,0,0,0,0,0,0,0,0,0,0,0,0,0,0,0,0,0,0,0,0.298,0,0,0,0,0,0,0,0,0,0,0,0,0,0,0,0,0,0,0,0,0,0,0,0,0,0,0,0,0,0,0,0,0,0,0,0,0,0,0,0,0,0,0,0,0,0,0,0,0,0,0,0,0,0,0,0,0,0,0.357,0,0,0,0,0,0,0,0,0,0,0,0,0,0,0,0,0,0,0,0,0,0,0,0,0,0,0,0,0,0,0,0,0,0,0,0,0,0,0,0,0,0,0,0,0,0,0,0,0,0,0,0,0,0,0,0,0,0.445,0,0,0,0,0,0,0,0,0,0,0,0,0,0,0,0,0,0,0,0,0,0,0,0,0,0,0,0,0,0,0,0,0,0,0,0,0,0,0,0,0,0,0,0,0,0,0,0,0,0,0,0,0,0,0,0,0,0,0,0,0,0,0,0,0.169,0,0,0,0,0.276,0,0,0,0,0,0,0,0,0,0.303,0.215,0.445,0.357,0.29,0.445,0.455,0.18,0.312,0.348,0.311,0.619,0.23,0.808,0.34,0.319,0.174,0.394,0.195,0.37,0.17,0.236,0.396,0,0,0,0,0,0,0,0,0,0,0,0,0,0,0,0,0,0,0,0,0,0,0,0,0,0,0,0,0,0,0,0,0,0,0,0,0,0,0,0,0,0,0,0,0,0,0,0,0,0,0,0,0,0,0,0,0,0,0,0,0,0,0,0,0,0,0,0,0,0,0,0,0,0,0,0,0,0,0,0,0,0,0,0,0,0,0,0,0,0,0,0,0,0,0,0,0,0,0,0,0,0,0,0,0,0,0,0,0,0,0,0,0,0,0,0,0,0,0,0,0,0,0,0,0,0,0,0,0,0,0,0,0,0,0,0,0,0,0,0,0,0,0,0,0,0,0,0,0,0,0,0,0,0,0,0,0,0,0,0,0,0,0,0,0,0,0,0,0,0,0,0,0,0,0,0,0,0,0,0,0,0,0,0,0,0,0,0,0,0,0,0,0,0,0,0,0,0,0,0,0,0,0,0,0,0,0,0,0,0,0,0,0,0,0,0,0,0,0,0,0,0,0,0,0,0,0,0,0,0,0,0,0,0,0,0,0,0,0,0,0,0,0,0,0,0,0,0,0,0,0,0,0,0,0,0,0,0,0,0,0,0,0,0,0,0,0,0,0,0,0,0,0,0,0,0,0,0,0,0,0,0,0,0,0,0,0,0,0,0,0,0,0,0,0,0,0,0,0,0,0,0,0,0,0,0,0,0,0,0,0,0,0,0,0,0,0,0,0,0,0,0,0,0,0,0,0,0,0,0,0,0,0,0,0,0,0,0,0,0,0,0,0,0,0,0,0,0,0,0,0,0,0,0,0,0,0,0,0,0,0,0,0,0,0,0,0,0,0,0,0,0,0,0,0,0,0,0,0,0,0,0,0,0,0,0,0,0,0,0,0,0,0,0,0,0,0,0,0,0,0,0,0,0,0,0,0,0,0,0,0,0,0,0,0,0,0,0,0,0,0,0,0,0,0,0,0,0,0,0,0,0,0,0,0,0,0,0,0,0,0,0,0,0,0,0,0,0,0,0,0,0,0,0,0,0,0,0,0,0,0,0,0,0,0,0,0,0,0,0,0,0,0,0,0,0,0,0,0,0,0,0,0,0,0,0,0,0,0,0,0,0,0,0,0,0,0,0,0,0,0,0,0,0,0,0,0,0,0,0,0,0,0,0,0,0,0,0,0,0,0,0,0,0,0,0,0,0,0,0,0,0,0,0,0,0,0,0,0,0,0,0,0,0,0,0,0,0,0,0,0,0,0,0,0,0,0,0,0,0,0,0,0,0,0,0,0,0,0,0,0,0,0,0,0,0,0,0,0,0,0,0,0,0,0,0,0,0,0,0,0,0,0,0,0,0,0,0,0,0,0,0,0,0,0,0,0,0,0,0,0,0,0,0,0,0,0,0,0,0,0,0,0,0,0,0,0,0,0,0,0,0,0,0,0,0,0,0,0,0,0,0,0,0,0,0,0,0,0,0,0,0,0,0,0,0,0,0,0,0,0,0,0,0,0,0,0,0,0,0,0,0,0,0,0,0,0,0,0,0,0,0,0,0,0,0,0,0,0,0,0,0,0,0,0,0,0,0,0,0,0,0,0,0,0,0,0,0,0,0,0,0,0,0,0,0,0,0,0,0,0,0,0,0,0,0,0,0,0,0,0,0,0,0,0,0,0,0,0,0,0,0,0,0,0,0,0,0,0,0,0,0,0,0,0,0,0,0,0,0,0,0,0,0,0,0,0,0,0
851474,0,0,0,0,0,0,0,0,0,0,0,0,0,0,0,0,0.21,0,0,0,0,0,0,0,0,0,0,0,0,0,0,0,0,0,0,0,0,0,0,0,0,0,0,0,0,0,0,0,0,0,0,0,0,0,0,0,0,0.477,0,0,0,0,0,0,0,0,0.413,0,0.288,0,0,0,0,0,0,0,0,0,0.244,0,0,0,0,0,0,0,0,0,0,0,0,0,0.2,0,0,0,0,0,0,0,0,0,0.3,0,0,0.241,0,0,0,0,0,0,0,0,0,0,0,0,0,0,0,0,0,0,0,0,0,0,0,0,0,0,0,0,0,0,0.232,0,0,0,0,0,0,0,0,0.441,0,0,0,0,0,0,0,0,0,0,0,0,0,0,0,0,0.386,0,0,0,0,0,0,0,0,0,0,0,0,0,0,0,0,0,0,0,0,0,0.334,0,0.885,0,0,0,0,0,0,0.24,0,0,0,0,0,0,0,0,0,0,0,0,0,0,0,0,0,0.193,0.169,0,0,0.226,0,0,0,0,0.219,0,0,0,0,0,0,0,0,0.232,0,0,0,0,0,0,0.166,0,0.711,0,0,0,0,0,0,0,0,0,0,0,0,0,0,0,0,0,0,0,0,0,0,0,0,0,0,0,0,0,0,0,0,0,0,0,0,0,0,0,0.36,0.182,0,0,0,0,0,0,0,0,0,0,0,0,0,0,0,0,0,0,0,0.357,0,0,0,0,0,0,0,0,0,0.265,0,0,0.172,0,0,0,0,0.423,0,0,0,0.153,0,0,0,0,0,0,0,0,0,0,0.183,0,0.191,0,0,0,0,0,0,0,0,0,0,0,0,0,0.192,0.235,0,0,0,0.243,0,0,0.258,0,0,0.24,0,0,0,0,0,0,0,0,0,0,0,0,0.173,0,0,0,0,0,0.21,0.28,0,0,0,0,0,0,0,0,0,0,0,0,0,0,0,0,0,0,0,0,0,0,0,0,0,0,0,0,0,0.232,0,0.92,0,0,0,0.176,0,0,0,0,0,0,0.157,0,0,0,0,0,0.183,0,0,0.4,0,0,0,0,0.179,0,0,0,0.162,0,0,0,0,0,0,0,0,0,0,0,0,0,0.253,0,0,0,0,0,0,0,0.328,0,0,0,0,0,0,0,0,0,0,0,0,0.176,0,0.221,0.525,0,0,0,0,0,0,0,0,0,0,0,0,0,0,0,0,0,0,0,0,0,0,0,0,0,0,0,0,0,0,0,0,0,0,0,0,0,0,0,0,0,0.163,0,0,0,0,0,0,0,0,0,0.156,0,0,0.327,0,0,0,0,0.178,0,0.541,0,0,0,0,0,0,0,0.304,0.295,0,0,0,0,0,0,0,0,0,0,0,0,0,0,0,0,0,0.334,0,0,0,0,0,0.196,0.319,0,0,0,0,0,0,0.333,0,0,0,0,0,0,0,0,0.21,0,0,0,0,0,0,0,0,0.239,0,0,0,0.171,0,0.176,0,0,0,0,0,0,0,0,0,0,0,0,0,0,0,0,0,0,0,0,0,0,0,0.178,0,0,0,0,0,0,0,0,0,0,0,0.172,0,0.312,0.248,0,0,0.219,0,0,0,0,0,0,0,0,0,0,0,0,0.273,0,0,0.158,0,0.906,0,0,0,0,0,0,0,0.178,0,0,0,0,0,0.16,0,0,0,0,0,0,0,0,0,0,0,0.178,0,0.906,0,0,0,0,0,0.343,0.176,0,0,0,0,0,0,0,0,0.181,0,0,0,0,0,0,0,0,0,0,0,0,0,0,0,0,0,0,0,0,0,0,0,0,0,0,0,0,0,0,0,0,0,0,0,0,0,0,0,0,0,0.312,0,0,0,0,0,0,0.245,0,0,0,0,0,0.735,0,0,0,0.194,0,0,0,0,0,0,0,0,0,0,0,0.179,0,0,0,0,0,0,0,0,0,0,0.177,0,0,0,0,0.191,0,0,0.217,0,0,0.205,0,0,0.914,0,0.191,0,0,0,0,0.176,0,0,0.436,0.325,0,0.398,0,0,0,0,0,0,0,0,0,0,0,0.161,0,0,0,0.186,0.268,0,0,0,0,0,0,0,0,0,0,0,0,0,0,0.3,0,0,0,0,0,0,0.169,0,0,0,0,0.21,0,0,0,0.446,0,0,0,0.366,0,0,0,0.175,0,0,0,0.27,0,0,0.25,0,0,0,0,0,0,0,0.947,0,0,0.166,0,0,0,0,0,0.176,0,0,0,0,0,0,0,0,0,0,0,0,0,0,0,0,0,0.205,0,0,0,0,0,0,0,0,0,0,0.265,0,0,0,0,0,0,0,0,0,0,0,0,0,0,0,0.335,0,0,0,0,0,0,0,0,0,0,0,0,0,0,0,0,0,0,0,0,0,0.211,0,0,0,0,0,0,0.697,0,0,0,0,0,0,0,0,0,0,0,0,0,0,0,0,0,0,0,0,0,0,0,0,0,0,0.258,0,0.239,0,0.26,0,0,0,0,0,0,0,0,0,0,0,0,0,0,0,0.192,0,0,0,0,0,0,0,0,0,0,0,0,0,0,0,0,0.173,0,0,0,0,0,0,0,0,0,0,0,0,0,0,0,0,0,0,0,0,0,0,0,0.475,0,0,0,0,0,0,0,0,0.151,0,0,0,0.16,0,0,0,0,0.909,0,0.152,0.451,0,0,0.483,0,0,0,0,0,0,0,0,0,0,0,0,0,0,0,0,0,0,0,0,0,0,0,0,0,0,0,0,0,0,0,0,0,0,0,0,0,0.315,0,0,0,0,0,0,0,0,0,0,0,0,0.347,0,0,0,0,0,0,0,0,0,0,0,0,0,0,0,0,0,0,0,0,0,0,0,0.161,0,0,0,0,0,0,0,0,0,0,0,0,0,0,0,0,0,0,0,0,0,0,0,0,0,0,0,0,0,0.365,0,0,0,0,0.178,0,0,0,0,0,0,0,0,0,0,0,0,0,0,0,0,0,0,0,0.274,0,0,0,0,0,0,0.17,0,0,0,0,0,0,0,0,0.157,0,0,0,0,0,0,0,0,0,0,0,0,0,0,0,0,0,0,0,0.246,0,0,0,0,0,0.448,0,0,0,0,0,0,0,0,0,0,0,0,0,0,0,0,0,0,0,0.224,0,0,0,0.258,0,0,0,0,0,0,0,0,0,0,0,0,0,0,0,0,0,0,0,0,0,0.461,0,0.307,0,0,0,0,0,0,0,0,0,0,0,0,0,0,0,0,0,0,0,0,0,0,0,0,0,0,0.426,0,0,0,0,0,0,0,0,0,0,0,0,0,0,0.169,0,0,0,0,0.177,0,0,0,0,0,0,0,0,0,0,0,0,0,0,0,0,0,0,0,0,0,0,0,0,0,0,0.359,0,0,0,0.177,0,0,0,0,0,0,0,0,0,0,0,0,0,0,0.478,0,0,0,0,0,0,0,0,0,0,0.186,0,0,0,0.157,0,0,0,0,0,0,0,0,0,0,0,0,0,0,0,0,0,0,0,0,0,0,0,0,0,0,0,0,0,0,0,0,0,0,0,0,0,0,0,0,0,0,0,0,0,0.155,0,0,0,0,0,0.508,0.157,0,0,0,0,0,0,0,0,0,0,0,0,0,0,0,0,0,0,0,0,0,0,0,0,0,0,0,0,0,0,0,0,0,0,0,0.234,0,0,0,0,0,0,0,0,0,0,0,0,0,0,0,0,0,0,0,0.291,0,0,0,0,0,0,0,0,0,0,0,0,0,0,0,0,0,0,0,0,0,0,0,0,0,0,0,0,0,0,0,0,0,0,0,0.42,0.212,0,0,0,0,0.184,0.377,0,0,0,0,0,0,0,0,0,0,0,0,0,0,0,0,0,0,0,0,0,0,0,0,0,0,0,0,0,0,0,0,0,0,0,0,0,0,0,0,0,0,0,0,0,0,0,0,0,0,0,0,0,0,0,0,0,0,0,0,0,0,0,0,0.222,0,0,0,0,0,0,0,0,0,0,0,0,0,0,0,0,0,0,0,0,0,0.25,0,0,0,0,0,0,0,0,0,0,0,0,0,0,0,0,0,0,0,0,0,0,0.904,0,0,0,0,0.211,0,0,0,0,0,0,0,0,0,0,0,0,0,0,0,0,0,0,0,0,0,0,0,0,0,0,0,0,0,0,0,0,0,0,0,0,0,0,0,0,0,0,0.909,0,0,0,0,0,0,0,0,0,0,0,0,0,0,0,0,0,0,0,0,0,0,0,0,0,0,0,0,0,0,0.155,0,0,0,0,0,0,0,0,0,0,0,0,0.902,0,0,0,0,0,0,0,0,0,0,0,0,0,0,0,0.179,0,0,0,0,0,0,0,0,0,0.184,0,0,0,0,0,0,0,0,0,0,0,0,0,0,0,0,0,0,0,0,0,0,0,0,0,0,0,0,0,0,0,0,0,0,0,0,0,0.359,0,0,0,0,0,0,0,0,0,0,0,0,0,0,0,0,0,0,0,0,0,0,0,0,0,0,0,0,0,0,0.163,0,0,0,0,0,0,0.932,0,0,0,0.166,0,0,0,0,0,0,0,0,0,0,0,0.18,0,0,0,0,0,0,0,0.937,0,0,0,0.31,0.207,0,0.29,0,0.902,0,0,0,0.234,0,0,0,0,0,0,0,0,0,0.596,0.718,0.153,0.202,0,0,0,0.956,0.655,0,0,0,0,0,0,0,0,0,0.25,0,0,0,0,0,0,0.248,0,0,0,0.351,0,0,0,0.155,0,0.298,0,0,0,0,0,0,0,0,0,0,0.267,0,0.504,0,0.288,0,0,0.951,0.315,0.258,0,0,0,0.946,0,0,0.159,0,0.214,0.929,0,0,0,0.161,0.383,0,0,0,0,0,0,0,0,0,0,0,0,0,0.94,0,0,0,0,0,0.275,0,0,0.191,0,0,0,0,0,0,0,0,0.201,0,0,0,0,0.939,0,0,0,0,0,0,0,0,0,0,0,0,0,0.925,0,0,0,0.187,0,0.693,0,0,0,0,0,0,0,0,0,0,0,0,0,0,0,0,0.793,0,0,0,0,0.519,0,0,0,0,0,0.242,0.228,0.37,0,0,0,0,0,0,0,0,0,0,0,0,0,0,0,0,0,0,0,0,0,0,0,0,0,0,0.163,0,0,0,0,0,0,0,0,0,0,0,0,0,0,0,0,0,0,0,0,0,0.453,0,0,0,0,0,0,0,0,0,0,0,0,0,0,0,0.218,0,0,0.198,0,0,0,0,0,0,0,0,0,0,0,0,0,0,0,0.169,0,0,0.296,0,0,0,0,0,0,0,0,0,0,0,0,0,0,0,0,0,0,0,0,0,0,0,0,0,0,0,0,0,0,0,0,0,0,0,0,0,0,0,0,0,0,0,0,0,0,0,0,0,0,0,0,0,0,0,0,0,0,0,0,0,0,0,0,0,0,0,0,0,0,0,0,0,0,0,0,0.302,0,0,0,0,0,0,0,0,0,0,0,0,0,0,0,0,0.27,0.178,0,0,0.233,0,0,0,0.153,0,0,0,0,0,0,0,0,0.15,0,0,0.234,0,0.191,0,0.224,0,0,0,0,0.234,0,0,0,0,0,0,0,0,0,0,0,0,0,0,0,0,0,0,0,0,0,0,0,0,0,0,0,0,0,0,0,0.275,0,0,0,0,0,0,0,0,0,0.151,0.268,0,0,0,0,0,0,0,0,0,0,0,0,0,0.189,0,0,0,0,0,0,0.217,0,0,0,0,0,0,0,0,0,0,0,0,0,0,0,0,0,0,0,0,0,0,0.263,0,0,0,0,0,0,0,0,0,0,0,0,0.309,0,0,0,0,0,0,0,0,0,0.268,0,0,0,0,0,0,0,0,0,0,0,0,0,0,0,0,0,0,0,0,0,0,0,0,0,0,0,0,0,0.653,0.157,0,0,0,0,0.306,0,0,0,0,0,0,0,0,0,0,0,0,0,0,0.224,0,0,0,0,0,0,0,0,0,0,0,0,0,0,0,0,0,0,0,0,0,0,0,0,0,0,0,0,0,0,0,0,0,0,0.209,0,0,0,0,0,0,0,0,0,0,0,0,0,0,0,0,0,0,0,0,0,0,0,0.173,0,0,0,0,0,0,0,0,0,0,0,0,0,0,0,0,0,0,0,0,0,0,0,0,0,0,0,0,0,0,0,0,0,0,0,0,0,0,0,0,0,0,0,0,0,0,0,0,0,0,0,0,0,0,0,0,0,0.9,0,0,0,0,0,0,0,0,0,0,0,0,0,0,0,0,0,0,0,0,0,0,0.317,0,0,0,0,0,0,0,0,0,0,0,0,0,0,0,0,0,0,0,0,0,0,0,0,0,0,0,0,0,0,0,0,0,0,0,0,0.554,0,0,0,0,0,0,0,0,0,0,0,0,0,0,0,0,0,0,0,0,0,0,0,0,0,0,0,0,0,0,0,0,0,0,0,0,0,0,0,0,0,0,0,0,0,0,0,0,0,0,0,0,0,0,0,0,0,0,0,0,0,0,0,0,0,0,0,0,0,0,0,0,0,0,0,0,0,0,0,0,0,0,0.285,0,0.166,0,0,0,0,0,0,0,0,0,0,0,0,0,0,0,0,0,0,0,0,0,0,0,0,0,0,0,0,0,0,0,0,0,0,0,0,0,0.188,0,0,0,0,0,0,0,0,0,0,0,0,0,0,0,0,0,0,0,0,0,0,0,0,0,0,0,0,0,0,0,0,0,0,0.292,0,0,0.193,0,0,0,0,0,0,0,0,0,0,0,0,0,0,0,0,0,0,0,0,0,0,0,0,0,0,0,0,0,0,0,0,0.356,0,0,0,0,0,0,0,0,0,0,0.17,0,0,0,0,0,0,0,0,0,0,0,0,0,0.177,0,0.179,0,0,0,0,0,0,0,0,0,0,0,0,0,0,0,0,0,0,0,0,0,0,0,0,0,0,0,0,0,0,0,0,0.215,0,0,0,0,0,0,0,0,0,0.483,0.229,0,0,0.246,0,0,0,0,0.307,0,0,0,0,0,0,0,0,0,0.154,0.184,0,0,0,0,0,0,0,0,0,0,0,0,0,0,0,0,0,0,0,0,0,0,0,0,0,0,0,0,0,0,0,0,0.177,0,0,0,0,0,0,0,0,0,0,0,0,0,0,0,0,0,0,0,0,0,0,0,0,0,0,0,0,0.179,0,0,0,0,0,0,0,0,0,0,0,0,0,0,0,0,0,0,0,0,0,0,0,0,0,0,0,0,0,0,0,0,0,0,0,0,0.414,0,0,0,0,0,0,0,0,0,0,0,0,0,0,0,0,0,0,0,0,0,0,0,0,0,0,0,0,0,0,0,0,0,0,0,0,0,0,0,0,0,0,0.189,0.938,0,0.211,0.357,0,0.485,0,0.325,0,0,0.936,0,0,0,0,0,0,0,0,0,0.198,0.157,0,0,0,0,0.933,0,0,0.464,0.288,0,0,0,0,0.181,0.312,0,0,0,0,0,0.176,0,0,0.388,0,0,0,0,0,0,0.551,0,0,0,0,0,0.666,0,0.876,0.44,0,0.289,0,0.172,0.719,0.168,0,0,0,0,0,0.171,0,0,0,0,0.194,0,0,0,0.922,0,0,0.298,0,0,0,0,0,0.154,0.236,0,0.322,0,0.574,0.256,0.284,0,0,0,0.882,0,0,0,0,0,0,0,0,0,0,0,0,0,0,0,0,0,0,0,0,0,0,0,0,0,0,0,0,0,0,0,0,0,0,0,0,0,0,0,0,0,0,0,0.179,0,0.184,0,0,0,0,0,0,0,0,0,0,0,0,0.383,0,0,0,0,0,0,0.305,0,0,0,0,0.158,0,0,0,0.414,0.41,0,0.224,0,0,0,0,0,0,0.173,0,0,0,0,0,0,0,0,0,0.882,0,0,0,0,0,0,0,0,0.901,0,0,0,0,0,0,0,0,0,0,0,0,0,0,0,0,0,0,0,0,0,0,0,0.928,0,0,0,0,0.911,0,0,0,0,0,0.233,0,0.281,0.154,0.401,0.538,0.609,0,0,0,0.191,0,0,0,0,0,0.308,0,0,0.309,0,0,0.389,0,0,0.9,0,0,0,0,0,0.439,0,0,0,0.939,0,0,0,0,0,0.189,0,0,0,0,0.347,0,0,0,0,0,0.922,0,0,0,0,0,0,0,0,0,0,0,0.412,0,0,0,0,0,0,0,0.902,0.904,0,0,0,0,0,0,0,0,0,0,0,0,0,0,0,0,0,0,0,0,0,0.204,0,0,0,0,0,0.206,0,0,0.552,0.218,0.379,0,0,0,0,0,0.171,0.224,0,0,0.441,0.239,0,0.267,0,0,0,0.915,0,0,0,0,0,0,0,0,0,0,0,0.239,0.166,0,0,0,0,0,0,0,0,0,0.831,0,0.419,0,0.818,0.159,0,0,0,0,0,0.276,0,0,0,0,0,0,0.901,0,0,0,0,0,0,0.194,0,0,0,0,0,0,0,0,0,0,0,0,0,0,0,0,0,0,0,0.478,0.196,0,0,0,0,0.251,0,0,0,0,0,0,0,0,0,0,0,0,0,0,0,0,0,0,0,0,0.834,0.27,0.857,0.187,0.298,0.173,0.9,0.166,0.201,0.16,0.232,0.908,0.206,0.171,0.903,0.492,0.171,0.213,0.276,0.165,0.179,0.154,0.538,0.386,0.904,0.267,0.169,0.317,0.158,0.615,0.916,0.179,0.175,0.189,0.549,0.25,0.241,0.929,0.345,0.274,0.745,0.517,0.238,0.182,0.248,0.288,0.154,0.274,0.533,0.389,0.3,0.296,0.263,0.904,0.353,0.618,0.192,0.215,0.246,0.179,0.482,0.246,0.237,0.905,0.207,0.732,0.262,0.343,0.789,0.438,0.248,0.36,0.222,0.168,0.242,0.512,0.607,0.337,0.728,0.538,0.156,0.205,0.175,0.399,0,0,0,0,0,0,0,0,0,0,0,0,0,0,0,0,0,0,0,0,0,0,0,0,0,0,0,0,0,0,0,0,0,0,0,0,0,0,0,0,0,0,0,0,0,0,0,0,0,0,0,0,0,0,0,0,0,0,0,0,0,0,0,0,0,0,0,0,0,0,0,0,0,0,0,0,0,0,0,0,0,0,0,0,0,0,0,0,0,0,0,0,0,0,0,0,0,0,0,0,0,0,0,0,0,0,0,0,0,0,0,0,0,0,0,0,0,0,0,0,0,0,0,0,0,0,0,0,0,0,0,0,0,0,0,0,0,0,0,0,0,0,0,0,0,0,0,0,0,0,0,0,0,0,0,0,0,0,0,0,0,0,0,0,0,0,0,0,0,0,0,0,0,0,0,0,0,0,0,0,0,0,0,0,0,0,0,0,0,0,0,0,0,0,0,0,0,0,0,0,0,0,0,0,0,0,0,0,0,0,0,0,0,0,0,0,0,0,0,0,0,0,0,0,0,0,0,0,0,0,0,0,0,0,0,0,0,0,0,0,0,0,0,0,0,0,0,0,0,0,0,0,0,0,0,0,0,0,0,0,0,0,0,0,0,0,0,0,0,0,0,0,0,0,0,0,0,0,0,0,0,0,0,0,0,0,0,0,0,0,0,0,0,0,0,0,0,0,0,0,0,0,0,0,0,0,0,0,0,0,0,0,0,0,0,0,0,0,0,0,0,0,0,0,0,0,0,0,0,0,0,0,0,0,0,0,0,0,0,0,0,0,0,0,0,0,0,0,0,0,0,0,0,0,0,0,0,0,0,0,0,0,0,0,0,0,0,0,0,0,0,0,0,0,0,0,0,0,0,0,0,0,0,0,0,0,0,0,0,0,0,0,0,0,0,0,0,0,0,0,0,0,0,0,0,0,0,0,0,0,0,0,0,0,0,0,0,0,0,0,0,0,0,0,0,0,0,0,0,0,0,0,0,0,0,0,0,0,0,0,0,0,0,0,0,0,0,0,0,0,0,0,0,0,0,0,0,0,0,0,0,0,0,0,0,0,0,0,0,0,0,0,0,0,0,0,0,0,0,0,0,0,0,0,0,0,0,0,0,0,0,0,0,0,0,0,0,0,0,0,0,0,0,0,0,0,0,0,0,0,0,0,0,0,0,0,0,0,0,0,0,0,0,0,0,0,0,0,0,0,0,0,0,0,0,0,0,0,0,0,0,0,0,0,0,0,0,0,0,0,0,0,0,0,0,0,0,0,0,0,0,0,0,0,0,0,0,0,0,0,0,0,0,0,0,0,0,0,0,0,0,0,0,0,0,0,0,0,0,0,0,0,0,0,0,0,0,0,0,0,0,0,0,0,0,0,0,0,0,0,0,0,0,0,0,0,0,0,0,0,0,0,0,0,0,0,0,0,0,0,0,0,0,0,0,0,0,0,0,0,0,0,0,0,0,0,0,0,0,0,0,0,0,0,0,0,0,0,0,0,0,0,0,0,0,0,0,0,0,0,0,0,0,0,0,0,0,0,0,0,0,0,0,0,1
855711,0,0,0,0,0,0,0,0,0,0,0,0.178,0,0.166,0,0,0.261,0.228,0,0,0,0,0,0,0,0,0,0.185,0,0,0,0,0,0,0.294,0,0,0,0,0,0,0,0,0,0,0,0.159,0,0,0,0,0,0,0,0,0,0,0,0,0,0,0,0,0,0,0.161,0,0,0,0.717,0.707,0,0,0,0,0,0,0.171,0.261,0,0.278,0,0.766,0.194,0,0.274,0,0,0,0,0,0,0,0.349,0,0,0,0.204,0,0,0,0.526,0.317,0,0,0.265,0,0,0,0,0,0,0,0,0.374,0,0,0,0,0,0,0,0,0,0,0.621,0,0,0,0,0.192,0,0,0,0,0,0,0,0,0,0,0,0.317,0,0,0,0,0,0,0.525,0,0,0.192,0,0,0.258,0,0,0,0.282,0,0,0,0,0,0,0,0.156,0,0,0,0,0,0,0,0,0,0,0,0.217,0,0,0,0,0,0,0,0,0,0,0,0,0,0,0,0,0,0,0.165,0,0,0,0,0,0,0,0,0,0,0.261,0,0,0,0,0,0,0,0,0,0,0,0,0,0,0,0,0.267,0,0,0,0,0,0,0,0,0,0,0,0,0.198,0,0,0,0.185,0,0,0,0,0,0,0,0,0,0,0,0,0,0,0,0,0,0,0,0,0,0,0,0,0,0,0,0,0,0,0,0,0,0,0,0,0,0,0.198,0,0,0,0.191,0,0,0,0,0,0,0,0,0,0,0,0,0,0,0,0,0,0,0,0,0,0,0,0.278,0,0,0,0,0,0,0,0,0,0,0,0,0,0,0,0,0,0,0,0,0,0,0.208,0,0,0,0,0,0,0,0,0,0,0,0.185,0,0,0,0.35,0,0,0,0,0,0,0,0,0,0,0,0,0,0,0,0,0,0,0,0,0,0,0,0,0,0,0,0,0,0,0,0,0,0,0,0.26,0,0,0,0,0,0,0,0.188,0,0,0,0,0,0,0,0,0.176,0,0,0,0,0,0,0,0,0,0,0,0,0,0,0,0,0,0,0,0,0,0,0,0,0,0,0,0,0,0,0,0,0,0,0,0,0,0,0,0,0,0,0,0,0,0,0,0,0,0.198,0,0,0.185,0.164,0,0,0,0,0,0,0,0,0,0,0,0,0,0,0,0,0,0,0,0,0,0,0,0,0,0,0,0,0,0,0,0,0,0,0,0,0,0,0,0,0,0,0,0,0,0,0,0,0,0,0,0,0,0,0,0,0,0,0,0,0,0,0,0,0,0,0,0,0,0,0,0,0,0,0,0,0,0,0,0,0,0,0,0,0,0,0,0,0,0,0,0,0,0,0,0,0,0,0,0,0,0,0,0,0,0.188,0,0,0,0,0,0,0,0,0,0,0,0,0,0,0,0,0,0,0,0.297,0,0.24,0,0,0,0,0,0,0,0,0.185,0,0,0,0,0,0,0,0,0,0,0,0,0,0,0,0,0,0,0,0,0,0,0,0,0,0,0,0,0,0,0,0,0,0,0.211,0,0,0,0,0,0,0,0,0,0,0,0,0,0,0,0,0,0,0,0,0,0,0,0,0,0,0,0,0,0.226,0,0,0,0,0,0,0,0,0,0,0,0,0,0,0,0,0,0,0,0,0,0,0,0,0,0,0,0,0,0,0,0,0,0,0,0,0,0,0,0,0,0,0,0,0,0,0,0,0,0,0,0,0,0,0,0,0,0.168,0,0,0.175,0,0,0,0,0,0,0,0,0,0,0,0,0,0,0,0,0,0,0,0,0,0,0,0,0,0,0,0,0,0,0,0,0,0,0,0,0,0,0,0,0.465,0,0,0,0,0,0,0,0,0,0,0,0,0,0,0,0,0,0,0.155,0.185,0,0,0,0,0,0,0,0,0,0,0,0,0,0,0,0,0,0,0,0,0,0,0,0.259,0,0,0,0,0,0,0,0,0,0,0,0,0,0,0,0,0,0,0,0,0,0,0,0,0,0.19,0,0,0,0,0,0,0,0,0,0,0,0,0,0,0,0,0,0,0,0,0,0,0,0,0,0,0,0,0,0,0,0,0.188,0,0,0,0,0,0,0,0,0,0,0,0,0,0,0,0,0,0,0.163,0,0,0,0,0,0,0,0,0,0,0,0.175,0.265,0,0,0,0,0,0,0,0,0,0,0,0,0,0,0,0,0,0,0,0,0,0,0,0,0,0,0,0.185,0,0,0,0,0,0,0,0,0,0,0,0,0,0,0,0,0,0,0,0,0,0,0,0,0,0,0,0,0,0,0.279,0,0,0,0,0,0,0,0,0,0,0,0,0,0,0,0,0,0,0,0,0,0,0.293,0,0,0,0,0,0,0,0,0,0.61,0,0,0,0,0,0,0,0.293,0,0,0,0,0,0,0,0,0,0,0,0,0,0,0,0,0,0,0,0,0,0,0,0,0,0,0,0.192,0,0,0,0,0,0,0,0,0,0,0,0,0,0,0,0,0,0,0,0.157,0,0,0,0,0,0,0,0,0,0,0,0,0,0.173,0,0,0,0,0,0,0,0.213,0,0,0,0,0,0,0,0,0,0,0,0,0,0,0,0,0,0.161,0,0,0,0,0,0,0,0,0,0,0,0,0.168,0,0,0,0,0.216,0,0.216,0,0,0,0,0,0,0,0,0,0,0,0,0,0,0,0,0,0,0,0,0,0,0,0,0,0,0,0,0,0.618,0,0,0,0.183,0.561,0.363,0,0.16,0.156,0,0,0,0,0,0,0,0,0,0,0,0,0,0,0.183,0,0,0,0.154,0,0,0,0,0,0,0,0,0,0,0,0.234,0,0.171,0,0,0,0,0,0,0,0,0,0,0,0,0,0,0,0,0,0,0,0,0,0,0,0,0,0.175,0,0.194,0,0,0,0,0,0,0,0,0,0,0,0,0,0.183,0,0,0,0,0,0,0.22,0,0,0,0,0,0,0,0,0,0,0,0,0,0,0,0,0.151,0,0,0,0,0,0,0,0,0,0,0,0,0,0,0,0,0,0,0,0,0.192,0,0,0,0,0.361,0,0.383,0,0,0,0,0,0.345,0,0,0,0,0,0,0,0,0,0,0,0,0,0,0,0,0,0,0,0.324,0,0,0,0,0,0,0,0,0,0,0,0,0,0,0,0,0,0,0,0,0,0,0,0,0,0,0,0,0,0,0,0,0,0,0,0,0,0,0,0,0,0,0,0,0,0,0,0,0,0,0,0,0,0,0,0,0,0,0,0,0,0,0,0,0,0,0,0,0,0,0,0,0,0,0,0,0,0,0,0,0,0,0,0.617,0,0,0,0,0.218,0,0,0,0,0.161,0,0,0,0,0.353,0,0,0,0,0,0,0,0,0.485,0,0,0,0.33,0,0,0,0,0,0,0,0,0,0,0,0,0,0,0,0,0,0,0,0,0,0,0,0,0,0,0,0,0,0,0,0,0,0,0,0,0,0,0,0,0,0,0,0,0,0,0,0,0,0,0,0,0,0,0,0,0,0,0,0,0,0,0.309,0,0,0,0,0,0,0,0,0,0.234,0,0,0,0,0,0,0,0,0.195,0,0,0,0.319,0,0,0,0,0,0,0,0.261,0.189,0,0,0,0,0,0.403,0,0,0,0,0,0,0,0,0,0,0,0.301,0,0,0,0,0,0,0,0,0,0,0,0,0,0,0,0,0,0,0,0,0.162,0,0,0,0,0,0,0,0,0,0.197,0,0,0,0,0,0,0,0,0,0,0,0,0,0,0,0,0.17,0,0.186,0,0,0,0,0,0,0,0,0.274,0,0,0,0,0,0,0,0,0,0.229,0,0,0,0,0,0,0,0,0,0,0,0,0,0,0,0,0,0.269,0,0,0,0,0,0.244,0,0,0,0,0,0,0,0,0,0,0,0,0,0,0,0,0,0,0,0,0,0,0,0,0,0,0,0,0.251,0,0,0,0,0,0,0,0,0,0,0,0,0.623,0,0,0,0,0,0,0,0,0,0,0,0,0,0,0,0,0,0,0,0,0,0,0,0,0,0,0.26,0,0,0,0,0,0,0,0,0.309,0,0,0,0,0,0,0,0,0,0,0,0,0,0,0,0,0,0,0,0.268,0,0,0,0,0,0.326,0,0,0,0,0,0,0,0,0,0,0,0,0,0,0,0,0,0,0,0,0,0,0,0,0,0,0,0,0,0,0,0,0,0,0,0,0,0,0,0,0,0,0,0,0,0,0,0,0,0,0.235,0,0,0,0,0,0,0,0,0,0,0,0,0,0,0,0,0,0,0,0,0,0,0,0,0,0,0,0,0,0,0,0,0,0,0,0,0,0,0,0,0,0,0,0,0,0,0,0,0,0.288,0,0,0,0,0,0,0,0,0,0,0,0,0,0,0,0,0,0,0,0,0,0,0,0.199,0,0,0,0,0,0,0,0,0,0,0,0,0,0,0,0,0,0,0,0.179,0,0,0,0,0,0,0,0,0,0,0,0,0,0,0,0,0,0,0,0,0,0,0,0,0,0,0,0,0,0.242,0,0,0,0,0,0,0,0,0,0,0,0,0,0,0,0,0,0,0,0,0.288,0,0,0,0,0,0,0,0,0,0,0,0.198,0,0,0,0,0,0,0,0,0,0,0,0,0,0,0,0,0,0,0,0,0,0.235,0,0,0,0,0,0,0,0,0,0,0,0,0,0,0,0,0,0,0,0,0,0,0,0,0,0,0.183,0.646,0,0,0,0,0,0,0,0,0,0,0,0,0,0,0,0,0,0,0,0,0.151,0,0,0,0,0,0,0,0,0,0,0,0,0,0,0,0,0,0,0,0,0,0,0,0,0,0,0,0,0,0,0,0,0,0,0,0,0,0,0,0,0,0,0,0,0,0,0,0,0,0,0.253,0,0,0,0,0,0,0,0,0,0,0,0,0,0,0,0,0,0,0,0.204,0,0,0,0,0,0,0,0,0,0,0,0,0,0,0,0,0,0,0,0,0,0,0,0,0,0,0,0,0,0,0,0,0,0,0,0,0,0,0,0,0,0,0,0.192,0,0,0,0,0,0,0.956,0,0,0,0,0,0,0,0,0,0,0,0,0,0,0,0,0,0,0,0,0,0,0,0,0,0,0,0,0,0,0.166,0,0,0,0,0,0,0,0,0,0,0,0,0,0,0,0,0,0,0,0,0,0,0,0,0,0.355,0,0,0,0.163,0,0,0,0,0,0,0,0,0,0,0,0,0.197,0,0,0,0,0,0,0,0,0,0,0,0,0,0,0,0,0,0,0.179,0,0,0,0,0,0,0,0,0,0,0,0,0,0,0.22,0,0,0,0,0,0,0,0,0,0,0,0,0,0,0,0,0,0,0,0,0,0,0,0,0,0,0,0,0,0.154,0,0,0,0,0,0,0,0,0,0,0,0,0,0,0,0,0,0,0.263,0,0,0,0,0,0,0,0,0,0,0.767,0,0,0,0,0,0,0,0,0,0,0,0,0,0,0,0,0,0,0,0,0.259,0,0,0,0,0,0,0,0,0,0,0,0,0.617,0,0,0,0,0,0,0,0.173,0,0.239,0.204,0,0,0,0,0,0,0,0,0,0,0,0.259,0,0,0,0,0,0,0,0,0.72,0,0,0,0,0,0,0,0.157,0,0,0,0,0,0,0,0,0,0,0,0,0,0,0,0.204,0,0,0,0,0,0,0,0,0,0,0,0,0,0,0,0,0,0,0,0,0,0,0,0,0,0,0,0,0,0,0,0,0.786,0,0.191,0.161,0,0,0,0,0,0,0,0,0,0,0,0,0,0.922,0,0,0.16,0,0,0.937,0,0,0.16,0,0,0.811,0,0.307,0,0,0,0.358,0,0.221,0,0.692,0.53,0,0.211,0,0,0.617,0.653,0,0.892,0.718,0,0.477,0,0,0,0.308,0,0,0,0,0,0,0,0,0.448,0,0.265,0,0,0,0,0,0,0.408,0,0.154,0.686,0,0,0,0.743,0,0,0,0,0,0,0,0,0.187,0,0,0,0,0,0.279,0.252,0,0.19,0,0,0,0,0.651,0.661,0,0,0.646,0,0,0.429,0,0.511,0.775,0.171,0,0,0,0,0,0,0.447,0,0.786,0,0,0,0,0,0.51,0.51,0.16,0,0,0,0.279,0,0,0.822,0,0.656,0,0,0,0,0,0,0,0,0.571,0.917,0,0.641,0.206,0,0,0,0,0,0,0,0,0,0,0,0,0,0,0,0,0,0,0,0,0,0,0,0,0,0,0,0,0,0,0,0,0,0,0,0,0,0,0,0,0.192,0,0,0,0,0,0,0,0,0,0,0,0,0,0,0,0,0.173,0,0,0,0,0.173,0,0,0,0,0,0,0,0,0,0,0,0,0,0,0,0,0,0,0,0,0,0,0,0,0,0,0,0,0,0,0,0,0,0,0,0,0,0.228,0,0,0,0,0,0.226,0,0,0,0,0,0,0,0,0,0,0,0,0,0,0,0,0,0,0,0,0,0,0,0,0,0,0,0,0,0,0,0,0.2,0,0,0,0,0,0,0,0,0,0,0,0,0,0,0,0,0,0,0,0,0,0,0,0,0,0,0,0,0,0,0,0,0,0,0,0,0,0,0,0,0,0.22,0,0,0,0,0,0,0,0,0,0,0,0,0,0,0.177,0,0,0,0,0.406,0,0,0,0,0,0,0,0,0,0,0,0,0,0,0,0,0,0,0,0,0,0,0,0,0,0,0,0,0,0,0,0,0,0,0,0,0,0,0,0,0,0,0,0,0,0,0,0,0,0,0,0,0,0,0,0,0,0,0,0,0,0,0.163,0,0,0,0,0,0,0,0,0,0,0,0,0,0,0,0,0,0,0,0,0,0,0,0,0,0,0,0,0,0,0,0,0,0,0,0,0,0,0,0,0,0,0,0,0,0,0,0,0,0,0,0,0,0,0,0,0,0,0,0,0,0,0,0,0,0,0,0,0,0,0,0,0,0,0,0,0,0,0,0,0,0,0,0,0,0,0,0,0,0,0,0,0,0,0,0,0,0,0,0,0,0,0,0,0,0,0,0,0,0,0,0,0,0,0,0,0,0,0,0,0,0,0,0,0,0,0,0,0,0,0,0,0,0,0,0,0,0,0,0,0,0,0,0,0,0,0,0,0,0,0,0,0,0,0,0,0.497,0,0,0,0,0,0,0,0,0,0,0,0,0,0,0,0,0,0,0,0,0.297,0.184,0,0,0,0,0,0,0,0,0,0,0,0,0,0,0,0,0,0,0,0,0,0,0,0,0,0,0,0,0,0,0,0,0,0,0,0,0,0,0,0,0,0,0,0,0,0,0,0,0,0,0,0,0,0,0,0,0,0,0,0,0,0,0,0,0,0,0,0,0,0,0,0,0,0,0,0,0,0,0,0,0,0,0,0.316,0,0,0,0,0,0,0,0,0,0,0,0,0,0,0,0,0,0,0,0,0,0,0,0,0,0,0,0,0,0,0,0,0,0,0,0,0,0,0,0,0,0,0,0,0,0,0,0,0,0,0,0,0,0,0,0,0,0,0,0,0,0,0,0,0,0,0,0,0,0,0,0,0,0,0,0,0,0,0,0,0,0,0,0,0,0,0,0,0,0,0,0,0,0,0,0,0,0,0,0,0,0,0,0,0,0,0,0.174,0,0,0,0,0,0,0,0,0,0,0,0,0.154,0,0,0,0,0,0,0,0,0,0,0,0,0,0,0.336,0,0,0,0,0,0,0,0,0,0,0,0,0,0,0,0,0,0,0,0,0,0,0,0,0,0,0,0,0,0,0,0,0,0,0,0,0,0,0,0,0,0,0,0,0,0,0,0,0,0,0,0,0,0,0,0,0,0,0,0,0,0,0,0,0,0,0,0,0,0,0,0,0,0,0,0,0,0,0,0,0,0,0,0,0,0,0,0,0,0,0,0,0,0,0,0,0,0,0,0,0,0,0,0,0,0,0,0,0,0,0,0,0,0,0,0,0,0,0,0,0,0,0,0,0,0,0,0,0,0,0,0,0,0,0,0,0,0,0,0,0,0,0,0,0,0,0,0,0,0,0,0,0,0,0,0,0,0,0,0,0,0,0,0,0,0,0,0,0,0,0,0,0,0,0,0,0,0,0,0,0,0,0,0,0,0,0,0,0,0,0,0,0,0,0,0,0,0,0,0,0,0,0.193,0,0,0,0,0,0,0,0,0,0,0,0,0,0,0,0,0,0,0.23,0,0,0,0,0.175,0,0,0,0,0,0,0,0,0,0,0,0,0,0,0,0,0,0,0,0,0,0,0,0,0,0,0,0,0,0,0,0,0,0,0,0,0,0,0,0,0,0,0,0,0,0,0,0,0,0,0,0,0,0,0,0,0,0,0,0,0,0,0,0,0,0,0,0,0,0,0,0,0,0,0,0,0,0,0,0,0,0,0,0,0,0,0,0.209,0,0,0,0,0,0,0,0,0,0,0,0,0,0,0,0,0,0,0,0,0,0,0,0,0,0,0,0,0,0,0,0,0,0,0,0,0,0,0,0,0,0,0,0,0,0,0,0,0.21,0.181,0.303,0.192,0.329,0.151,0.323,0.493,0.378,0.19,0.229,0.167,0.33,0.248,0.181,0,0,0,0,0,0,0,0,0,0,0,0,0,0,0,0,0,0,0,0,0,0,0,0,0,0,0,0,0,0,0,0,0,0,0,0,0,0,0,0,0,0,0,0,0,0,0,0,0,0,0,0,0,0,0,0,0,0,0,0,0,0,0,0,0,0,0,0,0,0,0,0,0,0,0,0,0,0,0,0,0,0,0,0,0,0,0,0,0,0,0,0,0,0,0,0,0,0,0,0,0,0,0,0,0,0,0,0,0,0,0,0,0,0,0,0,0,0,0,0,0,0,0,0,0,0,0,0,0,0,0,0,0,0,0,0,0,0,0,0,0,0,0,0,0,0,0,0,0,0,0,0,0,0,0,0,0,0,0,0,0,0,0,0,0,0,0,0,0,0,0,0,0,0,0,0,0,0,0,0,0,0,0,0,0,0,0,0,0,0,0,0,0,0,0,0,0,0,0,0,0,0,0,0,0,0,0,0,0,0,0,0,0,0,0,0,0,0,0,0,0,0,0,0,0,0,0,0,0,0,0,0,0,0,0,0,0,0,0,0,0,0,0,0,0,0,0,0,0,0,0,0,0,0,0,0,0,0,0,0,0,0,0,0,0,0,0,0,0,0,0,0,0,0,0,0,0,0,0,0,0,0,0,0,0,0,0,0,0,0,0,0,0,0,0,0,0,0,0,0,0,0,0,0,0,0,0,0,0,0,0,0,0,0,0,0,0,0,0,0,0,0,0,0,0,0,0,0,0,0,0,0,0,0,0,0,0,0,0,0,0,0,0,0,0,0,0,0,0,0,0,0,0,0,0,0,0,0,0,0,0,0,0,0,0,0,0,0,0,0,0,0,0,0,0,0,0,0,0,0,0,0,0,0,0,0,0,0,0,0,0,0,0,0,0,0,0,0,0,0,0,0,0,0,0,0,0,0,0,0,0,0,0,0,0,0,0,0,0,0,0,0,0,0,0,0,0,0,0,0,0,0,0,0,0,0,0,0,0,0,0,0,0,0,0,0,0,0,0,0,0,0,0,0,0,0,0,0,0,0,0,0,0,0,0,0,0,0,0,0,0,0,0,0,0,0,0,0,0,0,0,0,0,0,0,0,0,0,0,0,0,0,0,0,0,0,0,0,0,0,0,0,0,0,0,0,0,0,0,0,0,0,0,0,0,0,0,0,0,0,0,0,0,0,0,0,0,0,0,0,0,0,0,0,0,0,0,0,0,0,0,0,0,0,0,0,0,0,0,0,0,0,0,0,0,0,0,0,0,0,0,0,0,0,0,0,0,0,0,0,0,0,0,0,0,0,0,0,0,0,0,0,0,0,0,0,0,0,0,0,0,0,0,0,0,0,0,0,0,0,0,0,0,0,0,0,0,0,0,0,0,0,0,0,0,0,0,0,0,0,0,0,0,0,0,0,0,0,0,0,0,0,0,0,0,0,0,0,0,0,0,0,0,0,0,0,0,0,0,0,0,0,0,0,0,0,0,0,0,0,0,0,0,0,0,0,0,0,0,0
855710,0,0.152,0,0,0,0,0.255,0,0,0,0,0,0,0,0,0.188,0,0,0.246,0.234,0,0,0,0,0.172,0,0.739,0,0,0,0,0,0.193,0,0.215,0,0,0,0,0,0,0.236,0.169,0,0.212,0,0,0.258,0,0,0.306,0.167,0,0.158,0,0,0,0,0.157,0,0.23,0.422,0.233,0,0.214,0,0.515,0.199,0,0,0.17,0.187,0,0.301,0,0.175,0,0,0.166,0,0,0,0,0,0,0.23,0,0,0.212,0,0,0,0,0.157,0.152,0,0,0.195,0.911,0.191,0,0,0,0,0,0,0.195,0.3,0,0,0,0,0,0,0,0,0,0,0.212,0,0,0.157,0,0,0,0,0.306,0,0,0,0,0,0,0,0,0,0.192,0,0.972,0,0.154,0,0.312,0,0,0.646,0,0,0,0,0.271,0,0,0,0,0.279,0.164,0,0,0.304,0,0.156,0,0.259,0.911,0,0,0,0,0.514,0,0.168,0,0,0.15,0,0.248,0,0,0.267,0,0.15,0,0,0,0,0,0,0,0,0.288,0,0,0,0,0.266,0,0,0,0.299,0,0.869,0.438,0,0,0,0,0,0,0.256,0,0,0,0,0,0,0,0,0.352,0,0,0,0,0,0,0,0,0,0,0,0,0,0,0,0.166,0.872,0,0,0,0,0,0,0.159,0,0,0,0,0.706,0,0,0,0.203,0,0,0,0,0.526,0,0,0.203,0,0,0,0.191,0,0,0,0,0,0,0,0,0,0.401,0.225,0,0,0,0,0,0,0,0.156,0,0,0,0,0,0.896,0,0,0,0,0,0,0,0,0.507,0,0,0,0.474,0,0.183,0,0,0,0,0,0,0,0.258,0,0.174,0,0,0.192,0,0,0,0,0,0,0,0,0,0,0.184,0,0,0,0.987,0,0.233,0,0.333,0,0,0,0,0,0,0,0,0,0.161,0.736,0,0,0.17,0,0,0.158,0,0.216,0,0,0.154,0,0,0,0,0,0,0,0,0,0,0,0,0,0,0,0,0,0,0,0,0,0,0,0,0.175,0,0,0,0.188,0,0,0.228,0,0,0,0.3,0,0,0,0,0,0,0,0,0,0,0,0.15,0.154,0,0,0,0.456,0,0,0.183,0.258,0,0,0,0.156,0.19,0,0,0.162,0,0,0,0,0,0,0.808,0,0,0.29,0,0.193,0.389,0,0.981,0,0,0,0.288,0,0,0,0.19,0,0.612,0,0,0,0,0.156,0.364,0,0.158,0,0,0,0.165,0,0,0,0,0.945,0,0,0,0,0,0,0,0,0,0,0,0.3,0,0,0,0,0,0,0,0,0.423,0,0,0,0,0,0,0,0,0,0,0,0,0,0,0,0,0,0.202,0,0,0,0,0,0,0,0,0,0.203,0,0,0,0,0,0,0,0.177,0,0,0,0,0,0.168,0.537,0,0,0,0,0,0,0,0,0,0,0,0,0,0,0,0,0.184,0,0.298,0,0,0,0,0,0,0,0,0,0.25,0,0.191,0,0,0,0,0,0,0,0,0,0,0,0.926,0,0.239,0,0,0,0,0,0,0.75,0,0,0,0,0,0,0.162,0.2,0.219,0,0,0.185,0.161,0,0,0,0.169,0,0,0.254,0,0,0,0,0,0,0,0,0,0,0,0,0,0,0,0,0,0,0,0.167,0,0.607,0,0,0,0,0,0.214,0,0,0,0,0.909,0,0,0.257,0,0.205,0,0,0,0.9,0,0,0,0,0,0.259,0.869,0,0,0,0,0,0,0,0.168,0,0,0,0,0,0,0,0,0,0,0,0,0,0,0.222,0.42,0,0,0,0,0.261,0,0,0,0,0,0,0,0,0,0,0,0,0,0,0,0,0,0,0,0,0,0,0,0,0,0.251,0,0,0.314,0,0,0,0.205,0,0,0.279,0,0,0,0,0,0,0,0,0,0,0,0,0.232,0.157,0,0,0,0,0,0,0,0,0,0,0,0.159,0,0,0,0,0.98,0,0,0,0,0,0,0,0.309,0,0,0.153,0,0,0.175,0,0,0,0,0,0,0,0,0,0,0,0,0,0.2,0,0.188,0,0,0,0.173,0,0,0,0,0,0,0,0,0.976,0,0.166,0,0,0.863,0,0,0.174,0,0,0,0,0.157,0,0.808,0,0,0,0,0.562,0.599,0,0,0,0,0,0,0,0.185,0,0,0,0,0,0,0,0,0,0,0,0.608,0,0,0,0,0,0,0,0,0,0,0,0,0,0,0,0,0,0.967,0,0,0,0,0.2,0,0.163,0,0,0,0,0,0,0,0,0.194,0,0,0,0,0,0,0,0,0.21,0,0,0.229,0.592,0,0,0,0,0,0,0,0,0.21,0,0.212,0,0,0,0.212,0,0,0,0,0,0,0,0.318,0,0,0,0.728,0,0,0,0,0,0,0,0,0,0,0,0,0,0.49,0.95,0,0,0,0,0,0.282,0,0,0,0,0,0,0,0,0,0,0,0,0,0,0,0,0,0,0,0,0,0,0,0,0,0,0,0.313,0,0.182,0,0.247,0,0,0,0,0,0,0,0,0,0,0,0,0.194,0,0,0.253,0,0.268,0,0,0,0,0,0,0,0,0,0,0,0,0,0,0,0,0,0,0,0,0,0.268,0,0,0,0,0,0,0,0,0,0,0,0.276,0,0,0,0,0,0,0,0,0,0,0,0,0,0.614,0,0,0,0,0.932,0.204,0,0.443,0.293,0,0.212,0.997,0,0,0.322,0.153,0,0.195,0.163,0,0,0,0.273,0,0,0,0.171,0.181,0.19,0.169,0,0.901,0.912,0,0,0,0.191,0,0,0.193,0.268,0.57,0,0,0,0.48,0.154,0,0.433,0,0.471,0.285,0,0,0.162,0.152,0.165,0,0,0.942,0.252,0,0.176,0,0.282,0,0.215,0.293,0.179,0,0.174,0.191,0.25,0,0.282,0,0,0,0.301,0,0.314,0,0.279,0,0.183,0,0,0,0.212,0,0.338,0,0.173,0.779,0,0.191,0,0.633,0,0,0.15,0.742,0.9,0.161,0,0,0.299,0.158,0,0.182,0,0,0,0,0,0.191,0.153,0.22,0.186,0.191,0,0,0.246,0,0.286,0,0.575,0.374,0,0,0.948,0.16,0.266,0,0.364,0.262,0,0,0.285,0,0.251,0.216,0,0,0.158,0,0,0,0,0,0,0,0,0,0.571,0,0.212,0,0,0,0.235,0,0.278,0.263,0,0,0,0.276,0.901,0.265,0.275,0,0,0,0,0.969,0.162,0.932,0,0,0,0.3,0.594,0.467,0.198,0.21,0,0,0.212,0,0.276,0,0,0.651,0.229,0,0,0.171,0.256,0,0.203,0.248,0,0,0.157,0.158,0.685,0,0.216,0,0.208,0.404,0.212,0,0.278,0.295,0,0,0.288,0.297,0,0,0.327,0,0.365,0,0.716,0.233,0,0,0,0.158,0,0,0,0.165,0.238,0.254,0,0,0.193,0.212,0,0,0,0.549,0,0.189,0,0.172,0.351,0.182,0.327,0.152,0,0,0.897,0,0,0,0.716,0.531,0.322,0,0.33,0.262,0.561,0,0,0.157,0.233,0.158,0.154,0,0,0.422,0.212,0.217,0.209,0,0,0,0.245,0.519,0.203,0.281,0.456,0.66,0,0.438,0.36,0,0,0,0,0,0,0.307,0,0,0.231,0,0.85,0,0,0,0.212,0,0,0.933,0,0.849,0.445,0.155,0.925,0.212,0.272,0.287,0,0.164,0.47,0.443,0.98,0.798,0,0.901,0.212,0,0.152,0.209,0,0,0.157,0.667,0.191,0.976,0,0.438,0,0,0,0.274,0.301,0,0,0,0,0,0,0.212,0.238,0.58,0.239,0,0.175,0.157,0,0.188,0.276,0.16,0.389,0,0,0,0,0,0.328,0,0,0.212,0,0,0.455,0.9,0,0.634,0,0.906,0,0,0,0.302,0.322,0.254,0,0,0.719,0.152,0.71,0.154,0.183,0.625,0.21,0.312,0.708,0.639,0.21,0,0,0,0.633,0.952,0.274,0.191,0.956,0.417,0.588,0,0,0,0.626,0.183,0,0.988,0,0,0,0.256,0.953,0,0.29,0,0,0,0.18,0.197,0,0.656,0.276,0,0,0,0.248,0.262,0,0,0.245,0,0,0.201,0,0,0,0,0,0,0,0,0,0.22,0.277,0.908,0.212,0.392,0.191,0.207,0,0,0,0.184,0,0,0,0,0,0,0.198,0.507,0.685,0.194,0.246,0.235,0,0,0.566,0.209,0,0.946,0.256,0,0.153,0.925,0.385,0,0.175,0,0,0,0,0.185,0.191,0.94,0,0.212,0,0.244,0.181,0.2,0.212,0,0,0,0.395,0.34,0,0,0.367,0,0.186,0.224,0,0,0,0,0,0.176,0.231,0,0.191,0,0,0.235,0,0,0,0,0,0,0.242,0,0,0,0,0,0.158,0,0,0,0,0,0,0.391,0,0,0,0,0,0,0,0,0,0,0,0,0,0,0,0,0,0,0.193,0,0,0,0,0,0,0,0.358,0.222,0,0,0,0,0,0,0,0,0,0,0,0,0,0,0,0,0,0,0,0,0,0,0,0,0,0,0,0,0,0,0,0,0,0,0,0,0,0,0,0,0,0,0,0,0,0,0,0,0,0,0,0,0,0,0,0,0,0,0,0,0,0,0,0,0,0,0,0,0,0,0,0,0,0,0,0,0,0,0.22,0,0,0,0,0,0,0,0,0,0,0,0,0,0,0,0,0,0,0,0,0,0,0,0,0,0,0,0,0.283,0,0,0,0,0,0,0,0,0,0,0,0,0,0,0,0,0,0,0,0,0,0,0,0,0,0,0,0,0,0,0,0,0,0,0.209,0,0,0,0,0,0,0,0,0,0,0,0.191,0,0,0,0,0,0,0,0,0,0,0,0,0,0,0,0.221,0.34,0,0,0,0,0,0,0,0,0,0,0,0,0,0,0,0,0,0,0,0,0,0,0,0,0,0,0,0,0,0,0,0,0,0,0,0,0,0,0,0,0,0,0.204,0,0,0,0,0,0,0,0,0,0,0,0,0.162,0,0,0,0,0,0,0,0,0,0,0,0,0,0,0,0,0,0,0,0,0,0.208,0,0,0,0,0,0,0,0,0,0,0,0,0,0,0,0,0,0.152,0,0,0,0,0,0,0,0,0,0,0,0,0,0,0,0,0,0.236,0,0,0,0,0,0,0,0,0,0,0,0,0,0,0,0,0,0,0,0,0,0,0,0,0,0,0,0,0,0,0,0,0,0,0,0,0,0,0,0,0,0,0,0,0,0,0,0.233,0,0,0,0,0,0,0,0,0,0,0,0,0,0,0,0,0,0,0,0,0,0,0,0,0,0,0,0,0,0,0,0,0,0,0,0,0,0,0,0,0,0,0,0,0,0,0,0,0,0,0,0,0,0,0.163,0,0,0,0,0,0,0,0,0,0,0,0,0,0.173,0,0,0,0,0,0.152,0,0,0,0,0,0,0,0,0,0,0,0,0,0,0,0,0,0,0,0,0,0,0,0,0,0,0,0,0,0,0,0,0,0,0,0,0,0,0,0,0,0,0,0,0,0,0,0,0,0,0,0,0.158,0,0,0,0,0,0,0,0,0,0,0,0,0,0,0,0,0,0,0,0,0,0,0,0,0,0,0,0,0,0,0,0,0,0,0,0,0,0,0,0,0,0,0,0,0,0,0,0.241,0,0,0,0,0,0,0,0,0,0,0,0,0,0,0,0,0,0,0,0,0,0,0,0,0,0,0,0,0,0,0,0,0,0,0,0,0,0,0,0,0,0,0,0,0,0,0,0,0,0,0,0.197,0,0,0,0,0,0,0,0,0,0,0,0,0,0,0,0,0,0,0,0,0,0,0,0,0,0,0,0,0,0,0,0,0,0,0,0,0,0,0,0,0,0,0,0,0,0,0,0,0,0,0,0,0,0,0,0,0,0,0,0,0.166,0,0,0,0,0,0,0,0,0,0,0,0,0,0,0,0,0,0,0,0,0,0,0,0,0,0,0,0,0,0,0,0,0,0,0,0,0,0,0,0,0,0,0,0,0,0,0,0,0,0,0,0,0,0,0,0,0,0,0,0,0,0,0,0,0,0,0,0,0,0,0,0,0.217,0,0,0,0,0,0,0,0,0,0,0,0.292,0,0,0,0,0,0,0,0,0,0,0,0,0,0,0.339,0,0,0,0,0,0,0,0,0,0,0,0,0,0,0,0,0,0,0,0,0.15,0,0,0,0,0,0,0,0,0,0,0,0,0,0,0,0,0,0,0,0,0,0,0,0,0,0,0,0,0,0,0,0,0,0,0,0,0,0,0,0.197,0,0,0,0,0,0,0,0,0,0,0,0,0,0,0,0,0,0,0,0.189,0,0,0,0,0,0,0,0,0,0.22,0,0,0,0,0,0,0,0,0,0,0,0,0,0,0,0,0,0,0,0,0,0,0,0,0,0,0,0,0,0,0,0,0,0,0,0,0,0,0,0,0,0,0,0,0,0,0,0,0,0,0,0,0,0,0,0,0,0.15,0,0,0,0,0.158,0,0,0,0,0,0.297,0,0,0,0,0,0,0,0,0,0,0,0,0,0,0,0,0,0,0,0,0,0,0.201,0,0,0,0,0,0,0,0,0,0,0,0,0,0,0,0,0,0,0,0,0,0,0,0,0,0,0,0,0,0,0,0,0,0,0,0,0,0,0,0,0,0,0.211,0,0,0,0,0,0,0,0.252,0,0,0,0,0,0,0,0,0,0,0,0,0.192,0.158,0,0,0,0,0,0,0,0,0,0,0,0,0,0,0,0,0,0,0,0.158,0,0,0,0,0,0,0,0,0,0,0,0.158,0.158,0,0,0,0.536,0,0,0,0,0,0,0,0.158,0,0.158,0,0,0,0,0,0,0.158,0,0,0,0.21,0,0,0.2,0,0,0,0,0,0,0,0,0.193,0,0,0,0,0,0.158,0,0,0.158,0,0,0,0.221,0,0,0,0,0,0,0,0.158,0,0,0,0,0,0,0,0,0,0,0,0,0.158,0,0,0,0,0,0,0,0,0,0,0,0,0,0,0,0,0,0,0,0,0,0.158,0,0,0,0,0,0,0,0,0,0,0,0,0,0,0,0,0,0,0,0,0.166,0,0,0,0,0,0,0,0,0,0.158,0,0,0,0,0,0,0,0,0,0,0,0,0,0,0,0,0,0,0,0.601,0,0,0,0,0,0,0,0,0.186,0,0,0,0,0,0,0,0,0,0,0,0,0.171,0,0,0,0,0,0,0,0,0,0,0,0,0,0,0,0,0,0,0,0,0,0,0,0,0,0,0,0,0,0,0,0,0,0,0,0,0,0,0,0,0,0,0,0,0.275,0,0,0,0,0,0,0,0,0,0,0,0,0,0,0,0,0,0,0,0,0,0,0,0,0,0,0,0,0,0,0,0,0.171,0,0,0,0,0,0,0,0,0,0,0,0,0,0,0,0,0,0,0,0,0,0,0,0,0,0,0,0,0,0,0,0,0,0,0,0,0,0,0,0,0,0,0,0,0,0,0,0,0,0,0,0,0,0,0,0,0,0,0,0,0,0,0,0,0,0,0,0,0,0,0,0,0.669,0,0,0,0,0,0,0,0,0,0,0,0,0,0,0,0,0,0,0,0,0,0,0,0,0,0,0,0,0,0,0,0,0,0,0,0,0,0,0,0,0.162,0,0.285,0,0,0,0,0,0,0,0,0,0,0,0,0,0,0,0,0,0,0,0,0,0,0.298,0,0,0,0,0,0,0,0,0,0,0,0,0,0,0,0,0,0.174,0,0,0,0,0,0,0,0,0,0,0,0,0,0,0,0,0,0,0,0,0,0,0,0,0,0,0,0,0,0,0,0,0,0,0,0,0,0.162,0,0,0,0,0,0,0,0,0,0,0,0,0.167,0,0,0,0,0,0,0,0,0,0,0,0,0,0,0,0,0,0,0,0,0,0,0,0,0,0,0,0,0.192,0,0,0,0,0,0,0,0,0,0,0,0,0,0,0,0,0.165,0,0,0,0,0,0,0,0,0,0,0,0,0,0,0,0,0,0,0,0,0,0,0,0,0.192,0,0,0,0,0,0,0,0,0,0,0,0,0,0,0,0,0,0,0,0,0,0,0,0,0,0,0,0.43,0,0,0,0,0,0,0,0,0,0,0,0,0,0,0,0,0,0,0,0,0,0,0,0,0,0,0,0,0,0,0,0.237,0,0,0,0,0.276,0,0,0,0,0,0,0,0,0,0,0,0,0,0,0,0.163,0,0,0,0,0,0,0,0,0,0,0,0,0,0,0,0,0,0,0,0,0,0,0,0,0,0,0,0,0,0,0,0,0,0,0,0,0,0,0,0,0,0.39,0,0,0,0,0,0,0,0,0,0,0,0.211,0,0,0,0,0,0,0.236,0,0,0,0,0,0,0,0,0,0,0,0.309,0,0,0,0,0,0,0,0,0,0,0,0,0,0.158,0,0,0,0,0,0,0,0,0,0,0,0,0,0,0,0,0,0,0,0,0,0,0,0.187,0,0,0,0,0.158,0,0,0,0,0,0,0,0,0,0,0.158,0,0,0,0,0,0,0,0,0,0,0,0,0.158,0.163,0,0,0,0,0,0,0,0,0,0,0,0,0,0,0,0,0,0,0,0,0,0,0,0,0,0,0,0,0,0,0,0,0,0,0,0,0,0,0,0,0,0,0,0,0,0,0,0,0,0,0,0,0,0,0,0,0,0,0,0,0,0,0,0,0,0,0,0,0,0,0,0,0,0,0,0,0,0,0,0,0,0,0,0,0,0,0,0,0,0,0,0.194,0,0,0,0,0,0,0,0,0,0,0,0,0,0,0,0,0,0,0,0,0,0,0,0,0,0,0,0,0,0,0,0,0,0,0,0,0.204,0,0,0,0,0,0,0,0,0,0,0,0,0,0.167,0,0,0,0,0,0,0,0,0,0,0,0,0,0,0,0,0,0,0,0,0,0,0,0,0,0,0.162,0,0,0,0,0,0,0,0,0,0,0,0,0,0,0,0,0,0,0,0,0,0,0,0,0,0,0,0,0,0,0,0,0,0,0,0,0,0,0,0,0,0.158,0,0,0,0,0,0,0.251,0,0,0,0,0.242,0,0,0,0,0,0,0,0,0,0,0,0,0,0,0,0,0,0,0,0,0,0,0,0,0,0,0,0,0,0,0,0,0,0,0,0.158,0.296,0,0,0.158,0.354,0.158,0.169,0.156,0.158,0.198,0.394,0.16,0.163,0.158,0.158,0.585,0.158,0.158,0.199,0.231,0.158,0.219,0.158,0.158,0.158,0.197,0,0,0,0,0,0,0,0,0,0,0,0,0,0,0,0,0,0,0,0,0,0,0,0,0,0,0,0,0,0,0,0,0,0,0,0,0,0,0,0,0,0,0,0,0,0,0,0,0,0,0,0,0,0,0,0,0,0,0,0,0,0,0,0,0,0,0,0,0,0,0,0,0,0,0,0,0,0,0,0,0,0,0,0,0,0,0,0,0,0,0,0,0,0,0,0,0,0,0,0,0,0,0,0,0,0,0,0,0,0,0,0,0,0,0,0,0,0,0,0,0,0,0,0,0,0,0,0,0,0,0,0,0,0,0,0,0,0,0,0,0,0,0,0,0,0,0,0,0,0,0,0,0,0,0,0,0,0,0,0,0,0,0,0,0,0,0,0,0,0,0,0,0,0,0,0,0,0,0,0,0,0,0,0,0,0,0,0,0,0,0,0,0,0,0,0,0,0,0,0,0,0,0,0,0,0,0,0,0,0,0,0,0,0,0,0,0,0,0,0,0,0,0,0,0,0,0,0,0,0,0,0,0,0,0,0,0,0,0,0,0,0,0,0,0,0,0,0,0,0,0,0,0,0,0,0,0,0,0,0,0,0,0,0,0,0,0,0,0,0,0,0,0,0,0,0,0,0,0,0,0,0,0,0,0,0,0,0,0,0,0,0,0,0,0,0,0,0,0,0,0,0,0,0,0,0,0,0,0,0,0,0,0,0,0,0,0,0,0,0,0,0,0,0,0,0,0,0,0,0,0,0,0,0,0,0,0,0,0,0,0,0,0,0,0,0,0,0,0,0,0,0,0,0,0,0,0,0,0,0,0,0,0,0,0,0,0,0,0,0,0,0,0,0,0,0,0,0,0,0,0,0,0,0,0,0,0,0,0,0,0,0,0,0,0,0,0,0,0,0,0,0,0,0,0,0,0,0,0,0,0,0,0,0,0,0,0,0,0,0,0,0,0,0,0,0,0,0,0,0,0,0,0,0,0,0,0,0,0,0,0,0,0,0,0,0,0,0,0,0,0,0,0,0,0,0,0,0,0,0,0,0,0,0,0,0,0,0,0,0,0,0,0,0,0,0,0,0,0,0,0,0,0,0,0,0,0,0,0,0,0,0,0,0,0,0,0,0,0,0,0,0,0,0,0,0,0,0,0,0,0,0,0,0,0,0,0,0,0,0,0,0,0,0,0,0,0,0,0,0,0,0,0,0,0,0,0,0,0,0,0,0,0,0,0,0,0,0,0,0,0,0,0,0,0,0,0,0,0,0,0,0,0,0,0,0,0,0,0,0,0,0,0,0,0,0,0,0,0,0,0,0,0,0,0,0,0,0,0,0,0,0,0,0,0,0,0,0,0,0,0,0,0,0,0,0,0,0,0,0,0,0,0,0,0,0,0,0,0,0,0,0,0,0,0,0,0,0,0,0,0,0,0,0,0,0,0,0,0,0,0,0,0,0,0,0,0
854982,0,0.333,0,0,0,0,0,0,0,0,0,0,0,0,0,0,0,0,0,0,0,0,0,0,0,0,0,0,0,0,0,0,0,0,0,0,0,0,0,0,0,0,0,0,0,0,0,0,0,0,0,0.999,0,0,0,0,0,0,0,0,0,0,0.493,0,0,0,0,0,0,0,0.483,0,0,0,0.181,0,0,0,0,0,0,0.211,0,0,0,0,0,0,0,0,0,0,0,0,0,0.999,0,0,0,0,0,0,0,0,0,0,0,0,0,0,0,0,0,0,0,0,0,0,0,0.908,0,0,0.557,0,0,0,0,0.473,0,0,0,0,0,0,0,0,0,0,0.151,0,0.999,0.315,0,0,0,0,0,0,0,0,0,0,0,0,0,0.901,0.284,0,0,0,0,0,0,0,0,0,0,0,0,0.258,0,0,0,0,0,0,0,0,0,0,0,0,0,0,0,0,0,0,0,0.832,0,0,0,0.163,0,0.181,0,0,0,0,0,0,0,0.758,0,0.191,0.999,0,0,0,0,0.193,0.163,0.194,0.802,0,0,0,0,0,0.999,0,0,0.315,0,0,0,0,0,0.915,0,0,0.992,0,0.661,0,0.255,0,0,0,0,0,0,0.323,0.536,0,0,0,0,0,0,0,0,0,0,0,0,0,0,0,0.259,0.165,0,0,0.924,0,0,0,0,0,0,0,0,0,0,0.987,0,0.172,0.403,0,0,0,0.932,0,0,0.35,0,0.913,0,0.396,0,0,0,0,0,0.216,0,0,0,0,0.999,0,0,0,0,0,0.175,0.239,0,0.999,0,0,0,0,0.99,0.208,0,0,0,0.188,0,0,0.237,0.811,0.173,0.169,0.237,0,0,0.952,0,0,0.592,0.176,0.221,0,0,0,0,0,0,0,0,0.399,0,0,0.152,0,0,0,0.82,0,0,0,0,0,0.168,0,0,0.477,0,0.249,0,0,0,0.33,0.267,0,0.814,0.999,0,0.86,0,0,0,0,0.999,0,0,0,0,0,0,0.999,0,0,0,0,0,0.152,0.57,0,0,0,0,0,0.999,0,0.583,0,0.389,0.224,0.2,0,0.428,0.906,0,0,0,0.935,0,0,0,0,0,0.285,0.41,0,0,0,0.185,0,0,0,0,0.869,0.157,0,0.274,0,0,0,0,0,0,0,0.266,0,0,0,0,0,0,0,0,0.16,0,0,0,0,0.999,0,0.398,0.205,0,0,0,0.242,0,0,0,0.173,0,0,0,0,0,0.237,0,0,0,0,0,0.999,0,0,0.179,0,0,0.435,0.812,0,0,0.366,0,0.346,0,0,0,0,0,0.923,0,0,0,0,0,0.903,0,0,0.277,0.191,0,0,0,0,0,0,0,0,0,0,0,0,0.26,0,0.999,0.294,0,0,0,0,0,0,0,0.425,0.911,0,0,0,0,0,0,0,0.354,0,0.965,0,0.162,0,0.161,0,0,0,0,0,0,0,0.153,0.316,0,0.162,0,0,0,0,0,0,0,0,0,0,0,0,0,0.297,0,0,0,0,0,0,0,0,0,0.288,0,0,0,0,0,0,0,0,0,0.941,0,0,0,0,0.761,0,0,0,0,0,0,0.652,0,0.24,0.166,0,0,0.214,0,0,0,0.882,0.237,0,0,0,0,0,0,0,0,0.966,0,0,0.25,0,0,0,0.352,0.902,0,0,0,0,0,0,0,0,0.67,0,0.192,0,0,0,0,0.279,0.356,0.267,0.26,0,0,0,0,0,0,0,0,0,0.25,0.152,0,0,0.168,0.811,0.278,0,0,0,0,0,0,0,0,0,0,0,0,0,0,0,0,0,0,0,0,0.758,0,0,0,0,0.413,0.249,0,0,0,0,0,0,0.592,0,0,0,0,0,0,0,0,0,0,0,0.274,0.399,0,0.196,0,0,0,0,0,0,0.317,0.91,0.999,0,0,0,0,0,0,0.566,0,0,0,0.999,0,0.207,0,0.203,0,0.99,0,0,0,0,0,0.389,0,0.293,0,0,0,0.341,0,0,0.999,0,0.315,0,0.152,0,0.295,0,0.166,0,0,0,0,0,0,0,0,0,0,0,0,0.155,0,0.314,0,0,0.408,0,0,0,0,0.802,0,0.925,0.183,0.179,0,0,0,0,0,0.153,0,0,0,0,0,0,0,0,0,0,0,0,0,0,0,0,0,0,0,0,0,0,0.908,0,0.224,0,0.279,0,0,0,0,0,0.354,0,0,0,0,0,0,0,0,0,0,0.163,0,0.999,0,0.285,0.819,0,0,0,0,0,0.276,0,0,0.222,0,0,0,0,0,0,0,0.376,0,0,0.443,0,0,0,0,0,0,0.999,0.38,0,0,0,0,0,0.161,0.811,0,0,0,0,0.279,0,0.999,0,0,0.315,0,0,0.855,0,0,0,0.488,0,0.166,0,0.166,0.228,0.286,0,0,0,0.65,0,0,0,0,0,0.172,0.995,0,0.999,0,0,0,0,0.276,0,0,0,0.999,0,0,0,0,0.443,0,0.999,0,0.932,0.885,0.999,0,0.292,0,0,0,0.23,0,0,0.357,0.224,0,0.203,0.237,0,0,0.414,0.993,0,0.99,0.999,0,0.305,0,0,0,0,0,0.887,0,0.151,0,0,0.325,0.996,0,0,0,0.253,0,0.999,0,0,0,0,0,0,0,0.452,0,0,0,0,0,0,0.272,0,0,0,0,0.237,0.452,0,0,0,0,0,0,0,0,0,0,0,0,0,0,0,0,0,0,0,0,0,0,0,0,0,0,0,0.209,0,0,0,0,0,0,0,0,0,0,0,0,0,0,0.999,0,0,0,0,0,0,0,0,0,0.999,0,0,0,0,0,0,0,0,0,0,0,0,0.901,0,0,0,0,0,0,0,0,0,0,0,0.33,0,0,0,0.206,0,0,0,0,0,0,0,0,0,0,0,0,0,0,0,0,0,0,0,0,0,0,0,0,0,0,0,0,0,0.197,0,0,0,0.999,0,0,0,0,0,0,0.162,0,0.896,0,0,0,0,0,0,0,0,0,0,0,0,0,0,0,0,0,0,0.999,0,0,0,0,0,0,0,0.222,0,0,0.999,0,0,0,0.283,0,0,0,0,0.999,0.399,0.214,0,0,0,0,0,0,0,0.371,0,0,0,0.337,0,0,0,0,0,0,0,0,0,0,0,0.235,0,0,0,0,0,0.194,0,0,0,0,0.999,0,0,0.158,0.517,0,0,0.288,0,0,0,0,0,0,0,0,0.999,0,0,0.985,0,0,0,0,0,0.577,0,0.68,0.297,0,0,0,0,0,0,0,0,0,0,0,0,0,0,0,0,0,0,0,0,0,0,0,0,0,0,0,0.999,0,0,0,0.154,0,0.445,0,0,0,0,0,0,0,0,0,0,0,0,0,0,0.154,0,0,0,0.464,0,0,0,0,0,0,0.999,0,0.999,0,0,0,0.193,0,0,0,0,0,0,0,0,0,0,0,0,0,0,0,0,0,0,0,0,0,0,0,0.161,0,0,0,0,0,0,0,0,0,0.992,0,0,0,0,0,0,0,0,0,0,0,0,0.809,0,0.183,0,0,0,0.399,0,0,0,0,0,0,0,0,0,0,0,0,0,0.517,0,0,0,0,0,0,0,0,0,0,0,0,0,0.999,0,0,0,0,0,0,0,0,0,0,0,0,0,0.176,0,0,0.882,0,0,0,0,0,0,0,0,0,0.153,0,0,0,0,0,0,0,0,0,0,0,0,0,0,0,0.774,0,0,0,0,0,0,0,0.468,0,0,0,0,0,0,0,0,0,0,0,0,0,0,0,0,0,0,0,0.3,0,0,0,0,0.166,0,0,0,0,0,0,0,0,0,0,0,0,0,0,0,0,0,0,0,0,0,0,0,0,0,0,0.999,0,0,0,0,0.276,0,0,0,0,0,0,0,0,0,0,0,0,0,0,0,0,0,0,0.306,0,0,0,0,0,0.171,0,0.803,0,0,0,0,0,0.185,0,0,0,0,0,0,0,0,0,0,0,0,0,0,0,0.288,0,0,0,0,0.159,0.374,0,0,0,0,0,0,0,0,0,0,0,0,0,0,0,0,0,0,0,0,0,0,0,0,0,0,0,0,0,0,0,0,0.516,0,0,0,0,0,0,0,0,0,0,0,0,0,0,0,0,0,0,0,0,0,0,0,0,0,0,0,0,0,0.173,0,0,0,0,0,0,0,0,0,0,0,0.283,0,0,0,0,0,0,0,0,0,0,0,0.201,0,0.943,0,0.805,0,0,0,0.999,0.271,0,0.24,0,0.223,0.724,0,0.349,0,0,0,0.252,0,0,0.172,0,0.235,0,0,0,0,0,0.167,0,0,0,0,0,0,0,0.818,0,0,0,0.167,0,0,0,0,0,0,0.999,0.637,0,0,0.999,0.29,0.205,0,0,0,0,0,0.811,0,0,0.999,0,0.929,0,0,0,0.818,0,0,0.225,0,0,0,0,0.247,0,0.356,0,0,0,0,0,0.233,0,0,0.399,0,0.999,0,0,0,0,0,0,0,0,0,0.919,0,0,0,0,0.566,0.212,0,0,0,0,0.536,0,0.259,0,0,0,0,0.801,0,0,0,0.999,0.29,0.378,0,0,0,0.157,0,0,0,0.999,0,0,0,0.89,0.355,0,0,0.274,0.251,0,0,0.284,0.171,0,0,0,0.459,0.803,0,0,0.174,0,0,0,0,0,0.999,0,0,0.608,0,0,0.211,0,0,0,0.192,0.803,0.813,0.767,0,0.999,0,0.292,0,0,0,0,0.201,0,0.444,0.333,0,0,0.544,0.803,0.254,0,0.24,0.241,0,0.809,0.989,0.164,0,0.905,0.495,0,0,0.912,0,0.901,0,0,0,0.307,0,0,0.156,0,0,0.157,0,0.85,0,0.802,0,0,0.816,0,0.987,0,0,0.57,0.151,0,0.341,0.764,0,0,0.179,0,0.155,0,0,0,0,0,0,0,0.345,0,0,0,0,0,0,0,0,0,0,0,0,0,0,0,0,0,0,0,0.661,0,0,0.267,0,0,0,0,0,0,0,0,0,0,0,0,0,0,0,0,0.999,0,0,0,0,0,0,0,0,0,0,0,0,0,0,0,0,0,0,0.215,0,0.468,0,0,0,0,0,0,0.151,0,0.161,0,0,0,0,0,0,0,0,0,0,0,0.23,0,0,0,0,0,0,0,0.92,0,0.336,0,0,0,0,0,0,0,0,0,0,0,0,0,0,0,0.237,0.158,0,0,0,0.918,0,0.797,0,0,0,0,0,0,0,0,0,0,0,0,0,0,0,0,0,0.183,0,0,0,0,0,0,0,0,0.654,0.503,0,0.839,0,0,0,0,0,0,0,0,0.199,0,0,0,0,0,0,0,0,0,0,0,0,0,0,0.18,0.757,0,0.178,0,0,0,0.237,0,0,0,0,0.878,0,0,0,0,0,0,0,0,0,0,0,0,0,0,0,0,0.381,0,0,0,0,0,0,0,0,0,0,0,0,0.729,0,0,0.999,0,0,0,0,0,0,0,0,0,0,0,0,0,0,0,0,0,0.174,0,0,0,0,0,0,0,0,0,0,0,0.154,0,0,0,0,0,0,0,0,0,0,0,0,0,0,0,0,0,0,0,0.282,0,0,0,0,0.193,0,0,0,0,0,0,0.294,0,0,0,0,0.999,0,0,0,0,0,0,0.893,0,0,0,0,0,0,0,0,0,0,0,0,0,0,0,0,0.188,0,0,0,0,0,0,0,0,0,0,0,0,0,0,0,0,0,0,0,0,0,0,0.999,0,0,0,0,0,0.999,0,0,0,0,0.999,0,0,0,0,0,0.161,0,0.347,0,0,0,0,0,0,0,0,0,0,0,0,0,0,0.846,0,0,0,0,0,0,0,0,0,0,0.41,0.999,0,0,0,0.716,0,0,0,0,0,0,0,0,0,0,0,0,0,0,0,0,0,0,0,0,0,0.246,0,0,0.278,0,0,0,0,0,0,0.184,0,0,0,0,0,0,0,0,0,0,0,0,0,0,0,0,0,0,0,0,0,0,0,0,0,0.376,0,0,0,0,0.516,0.167,0,0,0,0,0,0.282,0,0,0,0,0.999,0,0,0,0,0,0,0,0,0,0,0,0,0.389,0,0.76,0.311,0,0,0,0,0,0,0,0,0,0,0,0.187,0,0,0.224,0,0,0,0,0,0,0.52,0.907,0,0,0.283,0,0,0,0,0,0,0,0,0,0,0,0,0,0,0,0.999,0,0,0.999,0,0,0,0,0,0,0,0,0,0,0,0,0,0,0,0,0,0,0,0,0.293,0,0,0,0,0,0,0,0,0,0,0,0.338,0,0,0,0,0,0,0,0,0.29,0,0,0,0,0,0,0,0,0,0,0,0,0,0,0,0,0,0,0,0,0,0,0,0,0,0,0,0,0,0,0,0,0,0,0,0,0,0,0,0,0,0,0,0,0,0,0,0,0,0,0,0,0,0,0,0,0,0,0,0,0,0,0,0,0,0,0,0,0,0,0,0,0,0,0,0.268,0,0,0.615,0,0,0,0,0,0,0,0,0,0,0,0,0,0,0,0,0,0,0,0,0,0,0,0,0.262,0,0,0,0,0,0,0,0,0,0,0,0,0,0,0,0,0,0,0.999,0,0,0,0,0,0,0,0,0,0,0,0,0,0,0,0,0,0,0,0,0,0,0,0,0,0,0,0,0,0.267,0,0,0,0,0.608,0.312,0,0,0,0,0,0,0.9,0,0,0,0,0.987,0,0,0,0,0,0,0,0,0,0,0,0.283,0,0,0,0,0,0,0,0,0,0,0,0,0,0,0,0.283,0,0,0,0.269,0,0,0,0,0,0.954,0,0,0,0,0,0.193,0,0,0,0,0,0,0.283,0,0,0,0,0,0,0,0,0,0.283,0,0,0,0,0,0,0,0,0,0,0,0,0,0,0,0,0,0,0.178,0,0,0,0.283,0,0,0,0,0,0,0,0,0.151,0,0,0,0,0,0,0,0,0,0,0,0,0,0,0,0,0,0,0,0,0,0.161,0.8,0,0,0,0,0,0,0,0,0,0,0,0,0,0,0.973,0.837,0.999,0.716,0.164,0,0,0.193,0.999,0.999,0.999,0,0,0.999,0.159,0.202,0,0.999,0.961,0,0.999,0.283,0.655,0,0.225,0.169,0.394,0.999,0.51,0.999,0.174,0,0.999,0.239,0.923,0.245,0,0,0.716,0.999,0,0.999,0,0,0,0,0,0.999,0.999,0.449,0.921,0.841,0,0.577,0,0.526,0.716,0,0.95,0,0.411,0.999,0.999,0.998,0.999,0.846,0.999,0.999,0,0.905,0.999,0.864,0.999,0.859,0.18,0,0.716,0,0,0,0.999,0.999,0,0.999,0.999,0.999,0,0.256,0.999,0.23,0.716,0.84,0,0.999,0.226,0.608,0,0.999,0.999,0.604,0.82,0,0.802,0.999,0.893,0.999,0.999,0.716,0.999,0.999,0.713,0,0.999,0.959,0.998,0,0.999,0.999,0.716,0.999,0.716,0.396,0,0,0.999,0.999,0.715,0.823,0.17,0,0.999,0.283,0.999,0.877,0.864,0.283,0.999,0.837,0,0.218,0,0,0,0.999,0,0,0.608,0.999,0.213,0.882,0.999,0.836,0.26,0.881,0.999,0.999,0.272,0.939,0,0.999,0.217,0.716,0.999,0,0.787,0.999,0.999,0.341,0,0.999,0.999,0.183,0.918,0.649,0.295,0,0.664,0.156,0,0.165,0.996,0.743,0,0.717,0.377,0.826,0.893,0,0.932,0.999,0.999,0.999,0.427,0,0,0.999,0.999,0,0,0.999,0,0.999,0.999,0,0.999,0,0,0.999,0.18,0.999,0.96,0,0.999,0.999,0.999,0,0.837,0.999,0,0.911,0,0,0.999,0,0.999,0,0,0.999,0,0.801,0,0.519,0,0,0,0,0,0,0,0,0.811,0,0,0,0,0,0,0.807,0,0,0,0,0.8,0.203,0,0,0,0.158,0,0,0,0,0,0,0,0,0,0,0,0.482,0,0.999,0,0,0,0,0,0,0,0,0,0,0,0.884,0.807,0,0.495,0.203,0.813,0.319,0,0,0,0,0,0,0,0,0,0,0,0,0,0,0,0.818,0,0,0,0,0,0,0,0.807,0,0.8,0,0,0,0.98,0.8,0,0,0,0.157,0,0,0,0.153,0,0,0,0,0,0,0,0,0,0.188,0,0,0,0,0.151,0,0,0,0,0,0,0,0,0.25,0,0,0,0,0,0,0,0,0,0,0,0,0,0,0,0,0,0,0,0.181,0,0,0.153,0,0,0,0,0,0,0,0,0,0,0,0,0,0,0,0,0,0,0,0,0,0,0,0.157,0,0,0,0,0,0,0,0,0.25,0,0,0,0,0,0,0.203,0,0,0,0,0,0,0,0.154,0,0,0,0,0,0,0,0,0,0,0,0,0,0,0,0,0,0.167,0,0,0,0,0,0,0,0,0,0,0,0,0,0,0,0,0,0,0,0,0,0,0,0,0,0.8,0.294,0,0,0.906,0,0,0,0.841,0.668,0.923,0,0.829,0,0,0,0,0,0.93,0.343,0.194,0,0,0,0,0,0,0,0,0,0,0,0,0,0,0,0,0,0,0,0,0,0,0,0,0,0,0,0,0.394,0.231,0.156,0,0,0,0,0.17,0.192,0,0,0,0,0,0,0,0,0,0,0,0,0,0,0,0,0,0.354,0,0,0,0,0,0,0,0,0,0,0,0,0,0,0,0,0,0,0.293,0,0,0,0,0,0,0,0,0,0,0,0,0,0,0,0,0,0,0,0,0,0,0,0,0,0,0,0,0,0,0,0,0,0,0,0,0,0,0,0,0.183,0,0,0,0,0,0,0,0,0,0,0,0,0,0,0,0.166,0,0,0,0,0.168,0,0,0,0,0,0,0,0,0,0,0,0,0,0,0,0.281,0,0,0,0,0,0,0,0,0,0,0,0,0.214,0.792,0,0,0,0,0,0,0,0,0,0,0,0,0,0,0,0,0,0,0,0,0,0,0,0,0,0,0.16,0,0,0,0.196,0,0,0.228,0,0,0,0,0,0,0,0,0,0,0,0,0,0,0,0,0,0,0,0,0,0,0,0,0,0,0,0,0,0,0,0,0,0,0,0,0,0,0,0,0,0,0,0,0,0,0,0,0.327,0,0,0,0,0,0,0,0,0,0,0,0,0,0,0,0,0,0,0,0,0,0,0,0,0,0,0,0,0,0,0,0,0,0,0,0,0,0,0,0,0,0,0,0,0,0,0,0,0,0,0,0,0,0,0,0,0,0,0,0,0,0,0.222,0,0,0,0,0,0,0,0,0,0,0,0,0,0,0,0,0,0,0,0,0,0,0,0,0,0,0,0,0,0,0,0,0,0.252,0,0,0,0,0,0,0,0,0,0,0,0,0,0,0,0,0,0,0,0,0,0,0,0,0,0,0,0,0,0,0,0,0,0,0,0,0,0,0,0,0,0,0,0,0,0,0,0,0,0,0,0,0,0,0,0,0,0,0,0,0,0,0,0,0,0,0,0,0,0,0,0,0,0,0,0,0,0,0,0,0,0,0,0,0,0,0,0,0,0,0,0,0,0,0,0,0,0,0,0,0,0,0,0,0,0,0.259,0,0.191,0,0,0.233,0,0,0,0,0.154,0,0,0,0,0,0,0,0,0,0,0,0.171,0,0.171,0,0,0,0,0,0,0,0,0,0,0,0,0.208,0.217,0.428,0.293,0.401,0.263,0.51,0.171,0.805,0.221,0.564,0.15,0.193,0.209,0.802,0.177,0.195,0.201,0.885,0,0,0,0,0,0,0,0,0,0,0,0,0,0,0,0,0,0,0,0,0,0,0,0,0,0,0,0,0,0,0,0,0,0,0,0,0,0,0,0,0,0,0,0,0,0,0,0,0,0,0,0,0,0,0,0,0,0,0,0,0,0,0,0,0,0,0,0,0,0,0,0,0,0,0,0,0,0,0,0,0,0,0,0,0,0,0,0,0,0,0,0,0,0,0,0,0,0,0,0,0,0,0,0,0,0,0,0,0,0,0,0,0,0,0,0,0,0,0,0,0,0,0,0,0,0,0,0,0,0,0,0,0,0,0,0,0,0,0,0,0,0,0,0,0,0,0,0,0,0,0,0,0,0,0,0,0,0,0,0,0,0,0,0,0,0,0,0,0,0,0,0,0,0,0,0,0,0,0,0,0,0,0,0,0,0,0,0,0,0,0,0,0,0,0,0,0,0,0,0,0,0,0,0,0,0,0,0,0,0,0,0,0,0,0,0,0,0,0,0,0,0,0,0,0,0,0,0,0,0,0,0,0,0,0,0,0,0,0,0,0,0,0,0,0,0,0,0,0,0,0,0,0,0,0,0,0,0,0,0,0,0,0,0,0,0,0,0,0,0,0,0,0,0,0,0,0,0,0,0,0,0,0,0,0,0,0,0,0,0,0,0,0,0,0,0,0,0,0,0,0,0,0,0,0,0,0,0,0,0,0,0,0,0,0,0,0,0,0,0,0,0,0,0,0,0,0,0,0,0,0,0,0,0,0,0,0,0,0,0,0,0,0,0,0,0,0,0,0,0,0,0,0,0,0,0,0,0,0,0,0,0,0,0,0,0,0,0,0,0,0,0,0,0,0,0,0,0,0,0,0,0,0,0,0,0,0,0,0,0,0,0,0,0,0,0,0,0,0,0,0,0,0,0,0,0,0,0,0,0,0,0,0,0,0,0,0,0,0,0,0,0,0,0,0,0,0,0,0,0,0,0,0,0,0,0,0,0,0,0,0,0,0,0,0,0,0,0,0,0,0,0,0,0,0,0,0,0,0,0,0,0,0,0,0,0,0,0,0,0,0,0,0,0,0,0,0,0,0,0,0,0,0,0,0,0,0,0,0,0,0,0,0,0,0,0,0,0,0,0,0,0,0,0,0,0,0,0,0,0,0,0,0,0,0,0,0,0,0,0,0,0,0,0,0,0,0,0,0,0,0,0,0,0,0,0,0,0,0,0,0,0,0,0,0,0,0,0,0,0,0,0,0,0,0,0,0,0
852565,0,0,0,0,0.459,0,0,0,0,0,0,0,0,0,0,0,0,0,0,0,0,0,0,0,0,0.325,0.154,0,0,0.87,0,0,0,0,0,0,0,0,0,0,0,0,0,0,0,0,0,0,0,0,0.466,0,0,0,0,0,0.237,0,0,0,0,0,0,0,0,0,0,0,0,0,0.248,0,0,0,0,0,0.169,0,0,0,0,0,0,0,0,0,0,0,0,0,0,0,0.569,0,0,0,0.199,0,0,0,0,0,0,0,0,0,0,0,0,0,0,0,0,0,0,0,0,0.357,0,0,0,0,0,0,0,0,0,0.302,0,0,0,0,0,0,0,0.29,0.552,0,0.152,0,0,0,0,0.426,0.233,0,0,0.205,0,0,0,0,0,0,0,0,0,0,0,0,0.239,0,0,0,0,0,0,0,0,0,0,0.181,0,0,0,0,0,0,0.848,0,0,0,0.318,0,0.466,0,0.484,0,0,0.259,0.172,0,0,0.166,0,0,0.611,0,0,0,0,0,0.552,0,0,0.708,0,0.245,0,0.156,0,0,0.184,0,0,0.373,0.186,0,0,0.252,0.203,0.945,0.403,0,0,0,0,0,0,0.184,0.938,0,0,0.151,0.679,0,0.36,0,0.283,0,0,0,0,0.174,0.182,0,0.339,0,0,0,0,0,0,0.205,0,0,0.175,0,0,0,0.346,0.166,0.178,0,0,0,0,0.189,0,0.154,0,0.219,0.174,0,0,0.283,0,0.211,0.166,0.188,0.206,0,0.29,0.173,0,0.33,0.315,0.369,0,0,0,0,0,0,0,0.265,0,0,0,0.259,0.338,0,0,0,0,0,0.208,0.334,0,0,0,0,0.463,0,0.302,0.288,0.353,0.355,0,0,0,0.569,0.296,0,0.184,0,0,0,0.164,0,0,0,0.349,0,0.514,0,0,0,0,0,0,0,0.824,0.562,0,0.207,0,0.982,0.439,0,0,0,0,0.266,0,0.226,0.208,0,0,0.455,0,0.525,0,0.27,0.15,0,0,0.211,0,0,0.228,0.2,0,0.203,0,0.989,0.157,0,0.205,0.328,0,0.15,0,0.164,0,0,0,0,0,0.259,0.225,0,0,0,0.981,0.992,0,0.475,0,0,0.336,0.311,0.467,0.158,0.58,0,0,0,0.219,0.195,0,0,0.176,0,0,0.214,0.448,0.207,0.306,0,0,0,0.263,0.398,0,0,0,0.153,0.166,0,0,0.291,0,0,0,0,0.39,0.164,0,0,0,0,0,0.208,0.313,0.226,0.22,0,0.312,0,0,0,0.246,0.176,0,0,0.174,0,0,0,0.292,0.586,0.251,0.251,0,0,0.352,0.933,0,0.251,0.319,0,0,0,0,0.214,0,0,0.406,0,0,0,0,0.969,0.982,0,0,0,0,0,0,0,0,0,0.18,0,0,0,0,0,0.315,0.198,0.457,0,0,0,0,0.285,0.443,0.252,0.188,0,0.742,0,0.957,0.401,0,0,0.203,0,0.183,0,0.155,0.311,0.163,0.315,0.382,0,0,0.333,0.169,0,0,0,0.457,0,0.296,0.214,0.195,0,0.769,0,0,0,0.314,0,0.389,0,0.296,0.443,0,0.981,0,0,0.166,0.208,0,0.171,0.223,0,0,0,0,0,0,0,0.202,0,0,0,0,0,0.208,0,0.262,0.236,0.235,0,0.463,0,0,0,0.15,0,0,0.403,0,0.236,0,0.902,0.412,0,0,0.207,0,0,0,0.268,0,0,0.34,0,0,0.269,0,0.188,0.153,0,0.194,0,0,0,0,0,0,0.881,0,0.285,0.97,0,0,0,0.166,0,0.621,0,0,0,0,0.226,0,0.924,0,0,0,0,0.529,0.205,0.674,0.251,0,0.289,0,0.345,0.314,0,0,0,0,0,0,0.159,0,0.154,0.311,0.225,0.235,0,0.532,0,0.405,0,0,0.17,0.704,0,0.449,0,0,0.213,0,0,0,0.236,0,0,0,0,0,0,0,0,0.553,0,0,0,0.157,0.265,0,0,0.553,0.362,0,0,0.342,0,0,0,0,0.449,0.214,0.192,0,0,0.181,0.158,0.211,0,0,0.186,0,0,0,0,0,0,0.375,0,0.227,0.383,0.238,0.166,0,0.351,0,0.311,0,0,0,0,0.992,0.331,0,0,0,0,0.175,0,0,0,0,0.228,0,0,0,0,0.159,0.259,0.29,0,0,0,0,0,0.225,0,0,0.334,0.385,0,0,0.305,0,0.179,0.302,0,0.946,0,0,0,0.173,0,0.976,0.413,0,0.157,0.29,0.255,0,0,0.194,0,0,0,0.243,0,0,0,0,0,0.209,0.212,0.425,0,0,0,0.483,0,0,0.306,0,0.289,0.228,0.404,0.216,0,0,0,0,0,0,0,0.214,0,0.203,0.22,0.29,0,0.33,0.241,0,0,0,0,0,0,0,0,0,0,0,0,0.256,0.187,0.433,0.166,0,0,0,0.334,0.279,0.976,0.257,0,0,0,0,0,0,0,0.433,0,0,0,0,0,0,0.73,0.973,0.438,0,0,0,0,0,0.38,0,0.163,0.537,0.251,0.34,0.37,0.289,0,0.451,0.259,0,0,0.152,0,0.322,0,0,0,0,0,0,0,0,0,0,0,0.583,0,0.451,0,0.525,0,0.214,0.432,0,0,0.318,0,0,0,0,0,0.204,0.252,0.406,0,0,0,0,0,0,0,0,0.982,0,0,0,0.194,0,0,0,0.168,0.19,0,0.174,0,0.296,0.311,0.234,0,0.249,0.325,0,0.825,0.162,0.542,0,0.484,0.194,0.25,0,0,0,0,0,0.332,0,0.4,0,0,0,0.952,0.165,0,0,0,0,0.176,0.331,0,0.174,0,0,0.297,0,0.169,0,0,0,0,0,0,0,0,0,0,0,0,0,0,0,0,0,0.153,0,0,0,0,0,0,0,0,0,0,0,0,0,0,0,0,0,0,0,0,0,0,0,0,0,0.162,0.233,0.416,0,0,0,0,0,0,0,0,0,0,0,0,0,0,0,0,0,0,0.167,0,0,0,0,0.226,0,0,0,0,0,0,0,0,0,0,0,0,0,0,0,0,0,0,0.25,0,0,0.377,0,0.358,0,0,0,0.174,0,0,0,0,0,0,0,0.167,0,0,0,0,0,0,0,0,0,0,0,0,0,0,0,0,0,0,0,0,0,0.154,0,0.161,0,0.161,0,0,0.19,0,0,0,0,0,0,0,0,0,0,0,0,0,0,0,0,0,0,0,0,0,0,0.43,0,0,0,0,0,0.153,0,0.281,0,0,0,0,0,0,0,0,0,0,0,0,0,0,0,0,0.235,0,0,0,0,0,0,0,0,0,0,0,0.332,0,0,0,0,0,0.167,0,0,0,0,0,0,0,0.153,0,0,0,0,0,0,0,0,0,0,0,0,0,0,0,0.201,0.224,0,0,0.348,0,0,0,0,0,0,0,0,0,0,0,0,0,0,0,0,0,0.264,0,0,0.431,0,0,0,0,0,0,0,0,0,0,0,0,0,0,0,0,0,0,0,0,0,0,0.199,0,0,0,0,0,0,0,0,0.783,0,0,0,0,0,0,0,0,0,0,0,0,0,0,0,0,0.25,0,0.414,0,0,0,0,0,0,0.153,0,0.175,0,0,0,0,0,0,0,0,0.15,0,0,0,0,0,0,0,0,0,0,0,0,0,0,0,0,0,0,0,0,0,0,0,0,0,0,0,0,0,0,0,0,0,0,0,0,0,0,0,0,0,0,0,0,0,0.533,0,0,0,0,0,0,0,0,0.153,0,0,0,0,0.744,0,0,0,0.224,0.164,0,0,0,0,0,0,0,0,0,0,0,0,0,0,0,0,0,0,0,0,0,0,0.199,0,0,0,0.827,0,0,0.17,0.175,0,0,0,0,0,0,0,0,0.336,0,0,0,0,0,0,0,0,0,0,0,0,0.279,0,0,0,0,0,0,0,0,0,0.25,0,0,0,0,0,0,0,0,0,0,0,0,0,0,0,0,0,0,0,0,0,0,0,0,0,0,0,0,0,0,0,0,0,0,0,0,0,0,0,0,0,0,0,0,0.338,0,0,0,0,0.694,0.307,0,0,0,0,0,0,0,0,0,0,0,0,0,0,0,0,0,0,0,0,0,0,0,0,0,0,0,0,0,0,0,0,0,0,0,0,0,0,0,0,0,0,0,0,0,0,0,0,0,0,0,0,0,0,0,0.348,0,0,0,0,0,0.279,0.198,0,0,0.281,0.226,0,0,0,0,0,0,0,0,0,0,0,0,0,0,0,0.277,0,0,0,0,0,0.169,0,0,0,0,0,0.23,0,0,0,0,0,0,0,0,0,0,0,0,0,0,0,0,0,0,0,0,0,0,0.205,0,0,0,0,0,0,0,0.337,0,0,0,0.157,0,0,0,0,0,0.19,0,0,0,0,0,0,0,0,0,0,0,0.195,0,0,0,0,0,0,0,0.163,0,0,0,0.41,0,0,0,0,0,0,0,0,0,0,0.238,0,0,0,0,0,0,0,0,0.154,0,0.189,0,0,0,0,0,0,0,0,0,0,0,0,0,0,0,0,0,0.275,0,0,0,0,0,0,0,0,0,0,0,0,0,0,0,0,0,0,0.15,0,0,0,0.471,0,0,0,0,0,0,0.351,0,0,0,0,0,0,0,0.162,0,0,0.196,0,0,0,0,0,0,0,0,0,0,0,0,0,0,0.196,0,0,0,0,0,0.182,0,0,0.154,0,0,0,0,0,0.238,0,0,0,0.282,0,0,0,0.157,0,0,0,0,0.189,0.642,0,0,0.384,0,0,0.249,0.323,0.315,0,0.228,0,0,0,0.181,0,0,0.205,0,0,0,0,0,0,0,0,0,0,0.168,0,0,0.159,0,0,0,0,0,0,0.256,0,0,0,0,0,0,0,0,0,0,0,0,0,0,0.261,0,0,0.34,0,0,0,0,0,0,0,0,0,0,0,0.24,0,0.151,0,0,0,0,0,0.246,0,0,0,0,0,0,0,0,0,0,0,0,0,0,0,0.225,0,0,0.28,0,0,0,0,0,0,0,0,0,0,0,0,0,0.41,0,0.314,0.449,0.164,0,0.173,0,0.164,0.208,0.242,0,0,0,0.392,0,0,0.18,0.435,0,0.465,0.188,0,0,0,0,0,0,0,0.213,0,0.199,0,0.195,0.786,0.279,0,0,0,0,0,0.243,0.177,0.225,0.279,0,0,0,0,0.171,0,0,0.164,0.986,0,0,0,0,0,0,0,0,0,0,0.435,0,0,0.205,0.213,0,0,0,0,0,0,0,0.177,0,0,0,0,0,0,0,0,0.175,0,0.194,0.282,0,0,0,0.405,0,0,0,0,0,0,0,0.203,0,0.426,0.173,0,0,0.25,0.281,0,0,0,0.153,0,0,0,0.268,0,0,0,0,0,0,0.582,0.314,0.315,0.246,0,0,0,0,0,0,0,0,0,0.483,0.158,0,0,0,0,0,0.545,0,0.313,0.511,0.283,0,0,0,0,0,0.24,0,0.481,0,0.173,0,0,0.153,0.282,0,0,0,0,0,0,0,0,0.444,0,0,0.314,0.159,0,0.821,0,0.355,0,0,0,0.203,0,0,0,0,0,0,0.163,0.163,0,0,0,0.602,0,0,0.448,0.979,0,0,0,0.467,0,0,0,0,0.392,0.33,0,0.338,0,0,0,0,0,0.446,0,0,0,0,0,0,0,0,0,0,0,0,0,0,0,0,0,0,0,0,0,0,0,0,0,0,0,0,0,0,0,0,0,0,0,0,0,0.177,0,0,0,0,0.161,0,0,0,0,0,0,0.172,0,0,0,0.162,0,0,0,0,0,0,0,0.262,0,0,0,0,0,0.157,0,0,0,0,0.289,0,0,0,0,0.441,0,0,0,0.2,0.21,0.262,0,0,0,0,0,0,0.435,0.194,0,0,0,0,0,0,0,0,0,0,0,0,0,0,0,0,0,0,0,0,0,0,0,0,0.153,0,0,0,0.155,0,0.158,0,0,0,0,0,0,0.302,0,0,0,0,0,0,0,0,0,0,0,0,0,0,0,0,0,0.247,0.428,0,0,0.158,0,0,0,0,0,0,0.19,0.18,0,0,0.191,0.18,0,0,0.307,0.383,0,0.21,0,0,0,0,0,0,0,0,0,0,0.312,0.396,0.201,0,0,0.177,0,0,0.233,0.16,0,0,0,0,0.156,0,0.409,0,0,0,0,0.275,0,0.156,0,0.648,0.233,0,0,0,0.297,0,0.211,0,0.835,0.297,0.21,0.233,0.233,0,0.181,0,0,0.158,0,0.23,0,0,0.216,0,0,0,0,0,0.602,0,0,0.19,0,0,0,0,0,0,0,0,0.287,0,0,0,0,0,0.286,0.157,0,0,0,0,0,0.18,0,0,0,0,0.228,0.326,0.16,0.203,0.309,0,0,0,0.54,0.234,0,0.366,0,0,0,0,0,0,0,0,0,0,0,0,0,0,0,0,0,0,0,0,0,0,0,0.203,0,0,0.192,0,0,0,0,0.153,0,0,0,0,0.203,0.307,0,0,0,0,0,0,0,0,0,0,0,0,0,0,0,0,0,0,0,0,0,0.173,0,0,0,0,0,0,0,0,0,0,0,0,0,0.153,0,0.281,0.199,0,0.199,0.153,0,0,0,0,0,0,0,0,0.281,0,0,0,0,0,0,0,0,0,0,0,0,0,0,0,0,0,0,0,0,0,0,0,0,0,0,0,0,0,0,0,0,0,0,0.187,0,0,0,0.177,0,0,0,0,0,0,0,0,0,0.396,0,0,0,0,0,0,0,0,0,0,0,0,0,0,0,0,0,0,0,0,0,0,0,0,0,0,0,0,0,0,0.246,0,0,0,0,0,0,0,0,0,0,0,0,0,0,0,0,0,0,0,0,0,0,0,0,0,0,0,0,0.374,0,0,0,0,0,0,0,0,0,0,0,0,0,0,0,0,0,0,0,0,0,0,0,0,0,0,0,0,0,0,0,0,0,0,0,0,0,0,0,0,0,0,0,0,0,0,0,0,0,0,0,0,0,0,0,0,0,0,0,0,0,0,0,0,0,0,0,0,0,0,0,0,0,0,0,0,0,0,0,0,0,0,0,0,0,0,0,0,0,0,0,0,0,0,0,0,0,0,0,0,0,0,0,0.314,0,0,0,0,0,0,0,0,0,0,0,0,0,0,0,0,0,0,0,0,0,0,0,0,0.154,0,0,0,0,0,0,0,0,0,0,0,0,0,0,0,0,0,0,0,0,0,0,0,0.183,0,0,0,0,0,0,0,0,0,0,0.166,0,0,0,0,0,0.263,0,0,0.156,0,0,0,0.282,0,0.163,0,0,0,0,0,0,0.153,0,0.156,0,0,0.451,0,0.238,0,0.493,0,0,0.263,0,0,0,0,0,0,0,0,0.205,0,0,0,0,0,0,0,0,0,0,0.366,0,0,0,0,0,0.196,0.157,0,0,0,0.628,0.196,0,0,0,0,0,0.709,0,0,0,0,0,0,0.172,0,0,0.975,0.203,0,0,0.182,0,0,0,0,0,0.182,0,0.172,0,0,0.277,0,0.359,0,0,0,0,0,0,0,0,0,0.269,0,0,0,0,0,0.16,0,0,0.184,0,0,0,0,0,0,0,0,0,0,0,0,0,0.289,0,0,0,0,0,0,0.196,0,0,0,0,0,0,0,0,0,0,0,0.571,0,0,0.415,0,0.204,0,0.157,0,0,0.259,0.163,0,0,0,0.316,0.153,0,0.167,0,0,0,0,0.195,0,0,0,0.2,0.27,0,0,0,0,0,0,0.205,0,0.26,0.276,0,0.403,0,0,0,0,0,0,0,0,0,0.344,0,0,0,0,0.196,0,0,0,0,0,0.428,0.172,0,0.232,0,0,0,0,0,0.214,0.182,0,0,0,0.978,0,0,0.157,0,0,0,0,0,0,0,0,0,0,0,0,0,0,0,0,0,0,0,0,0,0,0,0,0,0,0,0,0,0,0,0,0,0,0,0,0,0,0,0,0,0,0,0,0,0,0.175,0,0,0,0,0,0,0,0,0,0,0,0,0,0,0,0,0,0,0,0,0,0,0,0,0,0,0,0,0,0,0,0,0,0,0,0,0,0,0,0,0,0,0,0,0,0,0,0,0,0,0,0,0,0,0.179,0.196,0.212,0.283,0,0,0,0,0.459,0.301,0,0,0.213,0,0,0,0,0.171,0,0.153,0.544,0,0.163,0,0,0,0.223,0.432,0.965,0,0.49,0,0,0,0.537,0.306,0,0,0,0,0.223,0,0.204,0.251,0.223,0,0,0,0,0.212,0.494,0,0,0,0,0.209,0,0,0,0,0.195,0.287,0,0,0,0,0,0,0,0.859,0,0.238,0.202,0,0,0,0,0.456,0,0,0,0.391,0.223,0.259,0,0,0,0.392,0.517,0,0.194,0,0.776,0,0.205,0,0,0.394,0.459,0,0,0,0,0,0,0,0,0,0,0,0,0,0,0,0,0,0,0,0,0,0,0,0,0,0,0,0,0,0,0,0,0,0,0,0,0,0,0,0,0,0,0,0,0,0,0,0.201,0,0.359,0,0,0.244,0,0,0,0,0,0,0,0,0,0.268,0.473,0.208,0,0,0,0,0,0.214,0,0,0,0,0,0,0,0,0,0,0.281,0,0,0,0.24,0,0,0,0,0,0,0,0,0,0,0,0,0.657,0,0,0,0,0,0,0.413,0,0,0,0,0,0,0,0.173,0,0,0,0,0,0,0,0,0,0,0,0,0,0,0,0,0,0,0,0,0,0,0,0,0,0,0,0,0,0,0.254,0,0,0,0.173,0,0,0,0,0,0,0,0,0,0,0,0,0,0,0,0,0,0,0,0,0,0,0,0,0,0,0,0,0.271,0,0,0,0,0,0,0,0,0,0,0.203,0,0,0.153,0,0,0,0,0.902,0,0,0,0,0,0,0,0,0.2,0,0,0,0,0,0.807,0,0,0,0,0,0,0,0,0,0,0,0,0,0,0,0.318,0,0.266,0,0,0.157,0,0,0,0.577,0.306,0,0,0,0,0,0,0,0,0,0.266,0,0,0,0,0,0.395,0,0.276,0,0,0,0,0,0,0.165,0,0,0,0,0,0,0,0,0,0,0,0,0,0,0,0.246,0,0,0,0,0,0,0,0,0,0,0,0,0,0.164,0,0,0.347,0,0,0.154,0,0,0,0,0,0,0,0,0,0,0,0,0,0,0,0,0,0,0,0,0,0,0,0,0,0,0,0.154,0,0.267,0,0,0,0,0,0,0,0.154,0,0,0.154,0,0,0,0,0,0,0,0,0,0,0,0,0,0,0,0,0,0,0,0,0,0,0,0.203,0,0,0,0.246,0,0,0,0,0,0,0,0.173,0,0,0,0,0.188,0,0,0,0,0,0,0,0,0,0,0,0,0,0,0,0,0.339,0,0,0,0,0,0,0,0,0.28,0,0,0,0,0,0.28,0,0,0,0,0,0,0,0,0,0,0,0,0,0,0,0,0,0,0,0,0.181,0,0,0,0,0,0,0.173,0,0,0,0,0,0,0.193,0,0,0,0,0,0,0,0,0,0.167,0,0,0,0,0,0,0,0,0,0.386,0,0,0,0,0,0,0,0,0,0,0,0.16,0,0,0,0,0,0,0,0,0,0.502,0,0.502,0,0,0,0,0,0.268,0,0,0,0,0.334,0,0.535,0,0,0,0,0,0,0.282,0,0.281,0.176,0.378,0.218,0.242,0.22,0.254,0.228,0.205,0.319,0.223,0.159,0.22,0.366,0.22,0.205,0.347,0.224,0.196,0.163,0.319,0.191,0.222,0.203,0.265,0.186,0.265,0.251,0.167,0.28,0.24,0.312,0.435,0.182,0.185,0.326,0.205,0.179,0.418,0,0,0,0,0,0,0,0,0,0,0,0,0,0,0,0,0,0,0,0,0,0,0,0,0,0,0,0,0,0,0,0,0,0,0,0,0,0,0,0,0,0,0,0,0,0,0,0,0,0,0,0,0,0,0,0,0,0,0,0,0,0,0,0,0,0,0,0,0,0,0,0,0,0,0,0,0,0,0,0,0,0,0,0,0,0,0,0,0,0,0,0,0,0,0,0,0,0,0,0,0,0,0,0,0,0,0,0,0,0,0,0,0,0,0,0,0,0,0,0,0,0,0,0,0,0,0,0,0,0,0,0,0,0,0,0,0,0,0,0,0,0,0,0,0,0,0,0,0,0,0,0,0,0,0,0,0,0,0,0,0,0,0,0,0,0,0,0,0,0,0,0,0,0,0,0,0,0,0,0,0,0,0,0,0,0,0,0,0,0,0,0,0,0,0,0,0,0,0,0,0,0,0,0,0,0,0,0,0,0,0,0,0,0,0,0,0,0,0,0,0,0,0,0,0,0,0,0,0,0,0,0,0,0,0,0,0,0,0,0,0,0,0,0,0,0,0,0,0,0,0,0,0,0,0,0,0,0,0,0,0,0,0,0,0,0,0,0,0,0,0,0,0,0,0,0,0,0,0,0,0,0,0,0,0,0,0,0,0,0,0,0,0,0,0,0,0,0,0,0,0,0,0,0,0,0,0,0,0,0,0,0,0,0,0,0,0,0,0,0,0,0,0,0,0,0,0,0,0,0,0,0,0,0,0,0,0,0,0,0,0,0,0,0,0,0,0,0,0,0,0,0,0,0,0,0,0,0,0,0,0,0,0,0,0,0,0,0,0,0,0,0,0,0,0,0,0,0,0,0,0,0,0,0,0,0,0,0,0,0,0,0,0,0,0,0,0,0,0,0,0,0,0,0,0,0,0,0,0,0,0,0,0,0,0,0,0,0,0,0,0,0,0,0,0,0,0,0,0,0,0,0,0,0,0,0,0,0,0,0,0,0,0,0,0,0,0,0,0,0,0,0,0,0,0,0,0,0,0,0,0,0,0,0,0,0,0,0,0,0,0,0,0,0,0,0,0,0,0,0,0,0,0,0,0,0,0,0,0,0,0,0,0,0,0,0,0,0,0,0,0,0,0,0,0,0,0,0,0,0,0,0,0,0,0,0,0,0,0,0,0,0,0,0,0,0,0,0,0,0,0,0,0,0,0,0,0,0,0,0,0,0,0,0,0,0,0,0,0,0,0,0,0,0,0,0,0,0,0,0,0,0,0,0,0,0,0,0,0,0,0,0,0,0,0,0,0
852323,0,0,0,0,0,0,0,0,0,0,0,0,0,0.237,0,0,0,0,0,0,0,0,0,0,0,0.174,0,0,0,0.24,0,0,0,0,0,0,0,0,0,0,0,0,0,0,0,0,0,0,0,0,0,0,0,0,0,0,0,0,0.513,0,0,0,0,0,0,0,0,0,0,0,0,0,0,0,0.15,0,0,0,0,0,0,0.351,0,0,0,0,0,0,0,0,0,0,0,0.309,0,0,0,0,0,0,0,0,0,0,0,0,0,0,0,0,0,0.612,0,0,0,0,0,0,0,0,0,0,0,0,0,0,0,0,0,0,0,0,0,0,0,0,0,0,0,0,0,0,0,0,0,0,0,0,0,0,0,0,0,0,0,0,0,0,0,0,0,0,0,0,0,0,0,0,0,0.199,0,0,0,0,0,0,0,0,0.238,0,0,0,0,0,0.166,0,0,0,0,0,0.159,0,0,0,0,0,0,0,0,0,0,0,0,0,0,0,0,0,0,0.192,0,0,0,0,0,0,0,0,0,0,0,0.317,0.153,0,0,0,0,0,0,0,0,0,0,0,0.458,0,0,0.25,0,0,0,0.326,0,0,0,0,0.239,0.169,0.23,0,0,0,0,0,0.153,0,0,0,0,0,0,0,0,0,0,0,0,0,0,0,0,0,0,0,0,0,0,0,0,0,0,0,0,0,0,0.219,0,0,0,0,0,0,0,0,0,0.232,0,0,0,0,0.433,0,0,0,0,0,0,0,0,0,0,0,0,0,0,0,0,0.339,0,0,0,0,0,0,0,0,0,0,0.432,0,0,0,0,0,0,0,0,0,0.196,0,0,0,0,0,0,0,0,0,0,0,0,0,0,0,0,0,0,0,0,0.163,0,0.458,0,0,0.252,0,0,0,0,0,0,0,0,0,0,0,0,0,0.181,0,0,0.295,0,0.234,0,0,0,0,0,0,0,0,0,0,0,0,0,0.28,0,0,0,0,0.175,0,0.29,0,0,0,0.218,0,0,0.32,0,0,0,0.406,0,0,0,0,0.236,0.3,0.19,0,0,0,0,0,0,0,0,0,0,0,0,0,0.346,0,0,0,0,0,0,0,0,0,0,0,0,0,0,0,0,0,0,0,0,0,0,0,0,0,0.167,0,0,0,0.218,0,0,0,0,0,0,0,0,0,0.15,0.183,0,0,0,0,0,0,0,0,0,0,0,0,0,0,0,0,0,0,0,0,0,0,0,0,0,0,0,0,0,0,0,0,0,0,0,0,0,0,0,0,0,0,0,0,0,0,0,0,0.728,0,0,0,0,0,0,0,0.158,0,0,0,0,0,0,0.326,0,0,0,0,0,0,0.308,0,0,0,0,0,0,0,0,0,0,0,0,0,0,0,0,0,0,0,0.219,0,0,0,0,0.151,0,0,0,0,0.272,0,0,0.495,0,0,0,0,0,0.211,0,0,0.192,0,0,0,0,0,0,0,0,0,0.312,0,0,0,0,0,0,0,0,0,0,0,0,0,0,0.734,0,0,0,0,0,0,0,0,0,0,0,0,0,0,0,0,0,0,0,0,0,0,0.246,0.618,0,0,0,0,0,0,0.532,0,0.36,0,0,0,0,0,0,0,0,0,0.233,0,0.276,0,0,0,0,0,0,0,0,0,0,0,0,0,0,0,0,0,0,0,0.347,0,0,0,0,0,0,0,0,0,0.155,0,0,0,0,0,0,0,0,0,0,0,0,0,0.159,0,0,0,0,0.448,0,0,0,0.173,0.169,0,0,0,0,0,0,0,0,0,0,0,0,0.176,0,0,0,0.447,0,0,0,0,0,0,0,0,0,0,0,0.502,0.156,0,0,0,0,0,0,0,0,0,0,0,0,0,0,0,0,0.225,0,0,0,0,0.24,0.176,0,0,0,0,0,0,0,0,0,0,0,0,0,0,0,0,0,0,0,0,0,0,0,0.182,0.189,0,0,0,0.213,0,0,0,0,0,0,0,0,0,0,0,0,0,0,0,0,0,0,0,0,0,0,0,0,0,0,0,0,0,0,0,0,0,0,0,0.225,0,0.179,0,0,0.314,0,0,0.156,0.307,0,0,0.169,0,0,0,0,0,0.179,0,0,0,0,0,0,0,0,0,0,0,0.307,0,0,0.428,0,0,0.191,0,0,0.188,0,0.666,0.192,0,0,0,0,0,0,0,0,0,0,0,0,0,0,0,0,0,0.262,0,0,0,0.575,0,0,0,0,0,0,0,0,0,0,0,0,0,0.293,0,0,0,0,0,0,0,0,0,0.429,0,0,0,0,0,0,0.361,0,0,0,0,0,0,0,0,0,0,0,0.444,0,0,0,0.224,0,0,0,0,0,0,0,0.24,0,0,0,0,0,0.752,0,0,0,0,0,0,0,0,0,0,0,0,0,0.234,0,0,0,0,0,0,0,0,0,0,0,0,0,0,0,0,0,0,0,0,0,0,0,0,0,0,0,0,0,0,0,0,0,0,0,0,0,0,0,0,0,0,0,0.171,0,0.307,0,0,0,0,0,0,0,0,0,0,0,0,0,0,0.169,0,0,0,0.703,0,0,0,0,0.155,0,0,0,0.362,0,0,0,0,0,0,0,0,0,0,0,0,0,0,0.174,0,0,0,0.198,0,0,0,0,0,0,0,0,0,0,0,0,0,0,0,0,0,0,0,0,0,0,0,0,0,0,0,0,0,0,0.302,0,0,0,0,0,0,0,0,0.29,0,0,0,0,0,0,0,0,0,0,0,0,0.348,0,0,0,0,0,0,0,0,0,0,0,0.426,0,0,0,0,0,0,0,0,0,0,0,0,0,0,0,0.271,0,0,0,0,0,0,0,0,0,0,0,0,0,0,0,0,0,0,0,0,0,0,0,0,0,0,0,0,0,0,0,0,0,0,0,0,0,0,0,0,0,0,0.15,0,0,0,0,0,0,0,0,0,0,0,0,0,0,0,0.307,0,0,0,0,0,0,0,0,0,0,0,0,0,0,0,0,0,0,0,0,0,0,0,0,0.207,0.333,0,0,0,0,0,0,0,0,0,0,0,0,0,0,0,0,0,0,0,0,0,0,0,0,0,0,0,0,0,0,0,0,0,0,0,0,0,0.15,0,0,0,0.253,0,0,0,0,0,0,0,0,0.307,0,0,0,0,0,0.193,0,0,0,0,0,0,0,0,0,0,0,0,0,0,0,0,0,0,0,0,0,0,0,0,0,0,0,0,0,0,0,0,0,0,0,0,0,0,0,0,0,0,0,0,0,0,0.217,0,0,0,0,0,0,0,0,0,0,0,0,0,0,0,0.228,0,0,0,0.153,0,0,0,0,0,0,0,0,0,0,0,0,0,0,0,0,0,0,0,0,0,0,0,0,0,0,0,0,0,0,0,0,0,0,0,0,0,0,0,0,0,0,0,0,0,0,0,0,0,0,0,0,0,0,0,0,0,0,0,0,0,0,0,0,0,0,0,0.953,0,0,0,0,0,0,0,0,0,0,0,0,0,0,0,0,0,0,0,0,0,0,0,0,0,0,0,0,0,0,0,0,0,0,0,0,0,0,0,0,0,0,0,0,0,0,0.249,0,0,0,0,0,0,0,0,0,0,0,0,0,0,0,0,0,0,0.202,0,0,0,0,0,0,0,0,0,0,0,0,0,0,0.436,0,0,0,0,0,0,0,0,0,0,0,0,0,0,0,0,0,0,0,0,0,0,0,0,0,0,0,0,0,0,0,0,0,0,0,0,0,0,0,0,0,0,0,0,0,0,0,0,0,0,0,0.16,0,0,0,0,0,0,0,0,0,0,0,0,0,0,0,0,0,0,0,0,0,0,0,0,0,0,0,0,0,0,0,0.239,0,0,0,0,0,0,0,0,0,0,0,0,0,0,0,0,0,0,0,0,0,0,0,0,0,0,0,0,0,0,0,0,0,0,0,0,0,0,0,0,0,0,0,0,0,0,0,0,0,0,0,0,0.193,0,0,0,0,0,0,0,0,0,0,0.173,0,0,0,0,0,0,0,0,0,0,0,0,0,0,0,0,0,0,0,0,0.239,0,0.404,0,0,0,0,0,0,0,0,0,0,0,0,0,0,0,0,0,0,0,0,0,0,0,0,0.179,0,0,0,0,0,0,0,0.171,0,0,0,0,0,0,0,0,0,0,0,0,0,0,0,0,0,0,0,0,0,0,0,0,0,0,0,0,0,0,0,0,0.193,0,0,0,0,0,0,0,0,0.238,0,0,0,0.173,0,0,0,0,0,0,0,0,0,0,0,0,0,0,0,0,0,0,0,0,0,0,0,0,0,0,0,0,0.234,0,0,0,0,0,0,0,0,0,0.24,0,0.239,0,0,0,0,0,0,0,0,0,0,0,0,0,0,0,0,0,0,0.151,0,0,0,0,0,0,0,0,0.681,0,0,0,0,0,0,0,0,0,0,0,0,0,0,0,0,0,0,0,0,0,0,0,0,0,0,0,0,0,0,0,0,0,0,0,0.218,0,0,0,0,0.169,0,0,0,0,0,0,0,0,0.154,0,0,0,0,0,0,0,0,0,0,0,0,0,0,0,0,0,0,0,0,0,0,0,0.242,0,0.424,0,0,0,0,0,0.516,0,0,0.424,0,0,0,0,0,0,0,0,0,0,0,0,0,0,0.306,0,0,0,0,0,0,0,0,0,0,0,0,0,0,0,0,0.216,0,0,0,0,0,0,0,0,0,0,0,0,0,0,0,0.346,0,0,0,0,0,0,0,0,0,0,0.276,0,0,0,0.213,0.213,0,0,0,0,0.234,0,0,0,0.324,0,0,0,0.191,0,0.22,0,0,0,0,0,0,0,0,0,0.307,0,0.185,0,0,0,0,0,0,0,0,0,0,0,0,0.72,0,0,0.72,0.22,0,0,0,0,0,0,0,0.309,0,0.159,0,0,0,0,0,0.247,0,0,0.729,0,0,0,0,0,0.247,0,0,0,0.429,0,0.9,0,0.158,0,0,0,0,0,0,0,0.385,0,0,0.187,0,0,0,0,0.212,0,0,0,0,0,0,0,0,0.9,0,0,0,0,0,0,0,0,0,0,0,0,0,0,0,0,0,0,0,0,0,0,0,0,0,0,0,0,0,0,0,0,0,0,0,0,0,0,0,0,0,0,0,0,0,0,0,0.161,0,0,0,0,0,0,0,0,0,0.353,0,0.248,0,0,0,0,0,0,0,0,0,0,0,0,0.173,0,0,0,0,0,0,0,0,0,0,0,0,0,0,0,0.229,0,0,0,0,0,0,0.221,0,0,0,0,0,0,0,0,0,0,0,0,0,0,0,0,0,0,0,0,0,0,0,0,0.171,0,0,0,0,0,0,0,0.307,0,0,0,0,0,0,0,0,0,0,0,0,0,0,0,0,0,0,0,0,0,0,0,0.167,0,0,0,0,0.209,0,0,0,0,0,0,0,0,0,0,0,0,0,0,0,0,0,0,0,0,0,0,0,0,0,0,0,0,0,0,0,0,0,0,0.232,0,0,0,0,0,0,0,0,0.222,0,0,0,0,0,0,0,0,0,0,0,0,0,0,0,0,0,0,0,0.707,0,0,0,0,0,0,0,0,0,0,0,0,0,0,0,0,0,0.307,0,0,0,0,0,0,0,0,0,0,0,0,0.341,0,0,0,0,0,0,0,0,0,0,0,0,0,0,0,0,0,0.429,0,0,0.165,0,0,0,0,0,0,0,0,0,0,0,0,0,0,0,0,0,0,0,0,0,0,0,0,0,0,0,0,0,0,0,0,0,0,0,0,0,0,0,0,0,0,0,0,0.204,0.9,0,0,0,0,0,0,0,0,0,0,0,0,0,0,0,0,0,0,0,0,0,0,0,0,0,0,0,0,0,0,0,0.187,0,0,0,0,0,0,0,0,0,0,0,0,0,0,0,0,0,0,0,0,0,0,0,0,0,0,0,0,0,0,0,0,0,0,0,0,0,0,0,0,0,0,0,0,0,0,0,0,0,0,0,0,0,0,0,0,0.216,0,0,0,0,0,0,0,0,0,0,0,0,0,0,0,0,0,0,0,0,0,0,0,0,0,0,0,0,0,0,0,0,0,0,0,0,0,0,0,0,0,0,0,0,0,0,0,0,0,0,0,0,0,0,0,0,0,0,0,0,0,0,0,0,0,0,0,0.273,0,0,0,0,0,0,0,0,0,0,0,0,0,0,0,0,0,0,0,0,0,0,0,0,0,0,0,0,0,0,0,0,0,0,0,0,0,0,0,0,0,0,0,0,0,0,0,0,0,0,0,0,0,0,0,0,0,0,0,0,0,0,0,0,0,0,0,0,0,0,0,0,0,0,0,0,0,0,0,0,0,0,0,0,0,0,0,0,0,0,0,0,0,0,0,0,0,0,0,0,0,0,0,0,0,0,0,0,0,0,0,0,0,0,0,0,0,0,0,0,0,0,0,0,0,0,0,0,0,0,0,0,0,0,0,0,0,0,0,0,0,0,0,0,0,0,0,0,0,0,0,0,0,0,0,0,0,0,0,0,0,0,0,0,0,0,0,0,0,0,0,0,0,0,0,0,0,0,0.307,0,0,0,0,0,0,0,0,0,0,0,0,0,0,0,0,0,0,0,0,0,0,0,0,0,0.429,0,0,0,0.24,0,0,0,0,0,0,0,0,0,0,0,0,0,0,0,0,0,0,0,0,0,0,0.239,0,0,0,0,0,0,0,0,0,0.24,0.248,0,0,0,0,0.228,0,0,0,0.24,0,0,0,0.177,0,0,0.248,0,0.243,0.77,0,0,0,0,0,0,0,0,0,0,0.429,0,0.187,0,0,0,0,0,0,0,0,0,0.177,0,0,0,0,0,0,0,0,0,0,0,0.239,0.307,0,0,0,0,0,0,0.453,0,0,0,0,0,0,0,0,0,0,0,0,0.307,0,0.429,0,0.441,0,0,0,0,0,0,0,0,0,0,0,0,0,0,0,0,0,0,0,0,0,0,0,0,0,0,0,0,0,0,0,0.24,0,0,0.429,0,0.307,0,0,0,0,0,0,0,0,0,0,0,0,0.239,0,0,0,0,0,0,0,0,0,0,0.24,0,0.24,0,0,0.24,0,0,0,0.228,0.307,0,0,0,0,0,0,0,0,0,0,0,0,0,0,0,0,0,0,0,0,0,0,0,0,0,0,0,0,0,0,0,0,0,0,0,0,0,0,0,0,0,0,0,0,0,0,0,0,0.307,0,0,0,0,0,0,0,0,0,0.536,0,0,0,0,0,0,0,0,0,0,0,0,0,0,0,0,0,0,0,0,0,0,0,0,0,0,0,0,0,0,0,0,0,0,0,0,0,0,0,0,0,0,0,0,0.194,0,0.181,0.463,0,0,0,0,0,0,0,0,0,0,0,0,0,0,0,0,0.157,0,0,0,0,0,0.217,0,0.237,0,0,0,0,0,0,0,0.176,0,0,0,0.207,0,0,0,0.207,0,0,0,0,0,0.276,0,0,0,0,0,0,0.222,0,0,0,0,0,0,0,0,0,0,0,0,0,0.224,0.539,0,0,0,0,0,0,0,0,0,0.201,0,0,0,0,0,0,0.204,0,0,0,0,0,0,0,0.375,0,0,0,0,0,0,0,0,0,0,0,0,0,0,0,0,0.309,0,0,0,0,0,0,0,0,0,0,0,0,0,0,0,0,0,0,0,0,0,0,0,0,0,0,0,0,0,0,0,0,0,0,0,0,0,0,0,0,0,0,0,0.618,0,0,0.173,0,0,0,0,0,0,0,0,0,0,0,0,0,0,0,0,0,0.422,0,0,0,0,0,0,0,0,0,0,0,0,0,0,0,0.312,0,0,0,0,0,0,0,0,0.245,0,0,0,0,0,0,0,0,0,0,0,0,0,0,0,0,0,0,0,0,0,0,0.338,0,0,0,0,0,0,0,0,0,0,0,0,0,0.193,0,0,0,0,0,0,0.471,0,0,0,0,0,0,0,0,0,0,0,0,0,0.307,0,0,0,0,0,0,0,0,0,0,0,0,0.364,0,0,0,0,0,0,0,0,0,0,0,0,0,0,0,0,0.171,0,0,0,0,0,0,0.15,0,0,0,0,0,0.351,0,0,0,0,0,0,0,0.3,0,0,0,0,0,0.168,0,0.16,0,0,0,0,0,0,0,0,0,0.173,0,0,0,0,0,0,0,0,0,0,0,0,0,0,0,0,0,0,0,0,0.154,0,0,0,0,0,0,0,0,0,0,0,0.301,0,0,0,0,0.301,0,0,0,0,0,0,0,0,0,0,0,0,0,0,0,0,0,0,0,0,0,0.154,0,0,0,0,0,0,0,0,0,0,0,0,0,0,0,0,0,0,0,0,0,0,0,0,0,0,0,0,0,0,0,0,0,0,0,0,0,0,0,0,0,0,0,0,0,0,0.721,0,0,0,0,0,0,0,0,0,0,0,0,0,0,0,0,0,0,0,0,0,0,0,0,0,0,0,0,0,0,0,0.357,0.201,0,0,0.495,0,0,0,0,0,0,0,0,0,0,0,0,0,0,0,0,0,0,0,0,0,0,0,0,0,0,0,0,0,0,0,0,0,0,0,0,0,0,0,0,0,0,0,0,0,0,0,0,0,0,0,0,0,0,0,0,0.338,0,0,0,0,0,0,0,0,0,0,0.201,0.201,0,0,0,0,0,0,0,0,0,0,0,0,0,0,0,0,0,0,0,0,0,0,0,0,0,0,0,0,0,0,0,0,0,0,0,0,0,0.173,0.156,0.19,0.355,0.83,0.9,0.83,0.988,0.707,0.967,0.154,0.168,0.618,0.183,0.179,0.276,0.429,0.276,0.254,0.895,0.154,0.154,0.173,0.171,0.179,0.206,0.167,0.191,0.191,0.309,0.155,0,0,0,0,0,0,0,0,0,0,0,0,0,0,0,0,0,0,0,0,0,0,0,0,0,0,0,0,0,0,0,0,0,0,0,0,0,0,0,0,0,0,0,0,0,0,0,0,0,0,0,0,0,0,0,0,0,0,0,0,0,0,0,0,0,0,0,0,0,0,0,0,0,0,0,0,0,0,0,0,0,0,0,0,0,0,0,0,0,0,0,0,0,0,0,0,0,0,0,0,0,0,0,0,0,0,0,0,0,0,0,0,0,0,0,0,0,0,0,0,0,0,0,0,0,0,0,0,0,0,0,0,0,0,0,0,0,0,0,0,0,0,0,0,0,0,0,0,0,0,0,0,0,0,0,0,0,0,0,0,0,0,0,0,0,0,0,0,0,0,0,0,0,0,0,0,0,0,0,0,0,0,0,0,0,0,0,0,0,0,0,0,0,0,0,0,0,0,0,0,0,0,0,0,0,0,0,0,0,0,0,0,0,0,0,0,0,0,0,0,0,0,0,0,0,0,0,0,0,0,0,0,0,0,0,0,0,0,0,0,0,0,0,0,0,0,0,0,0,0,0,0,0,0,0,0,0,0,0,0,0,0,0,0,0,0,0,0,0,0,0,0,0,0,0,0,0,0,0,0,0,0,0,0,0,0,0,0,0,0,0,0,0,0,0,0,0,0,0,0,0,0,0,0,0,0,0,0,0,0,0,0,0,0,0,0,0,0,0,0,0,0,0,0,0,0,0,0,0,0,0,0,0,0,0,0,0,0,0,0,0,0,0,0,0,0,0,0,0,0,0,0,0,0,0,0,0,0,0,0,0,0,0,0,0,0,0,0,0,0,0,0,0,0,0,0,0,0,0,0,0,0,0,0,0,0,0,0,0,0,0,0,0,0,0,0,0,0,0,0,0,0,0,0,0,0,0,0,0,0,0,0,0,0,0,0,0,0,0,0,0,0,0,0,0,0,0,0,0,0,0,0,0,0,0,0,0,0,0,0,0,0,0,0,0,0,0,0,0,0,0,0,0,0,0,0,0,0,0,0,0,0,0,0,0,0,0,0,0,0,0,0,0,0,0,0,0,0,0,0,0,0,0,0,0,0,0,0,0,0,0,0,0,0,0,0,0,0,0,0,0,0,0,0,0,0,0,0,0,0,0,0,0,0,0,0,0,0,0,0,0,0,0,0,0,0,0,0,0,0,0,0,0,0,0,0,0,0,0,0,0,0,0,0,0,0,0,0,0,0,0,0,0,0,0,0,0,0,0,0,0,0,0,0,0,0,0,0,0,0,0,0,0,0,0,0,0,0,0,0,0,0,0,0,0,0,0,0,0,0,0,0,0,0,0,0,0,0,0,0,0,0,0,0,0,0,0,0,0,0,0,0,0,0,0,0
852322,0.159,0,0.218,0,0,0,0,0,0,0,0,0,0,0,0,0,0,0,0,0,0,0,0,0,0,0.351,0.171,0,0,0.158,0,0,0,0,0.159,0,0,0,0,0,0,0,0.194,0,0,0,0,0,0,0.691,0,0.347,0,0,0,0,0.221,0,0,0,0,0.479,0,0,0,0,0,0,0.199,0,0,0,0,0,0,0.306,0,0,0,0,0,0,0,0,0,0,0,0,0,0,0,0,0,0,0,0,0,0,0.254,0,0,0,0,0,0,0,0.225,0,0,0,0,0,0,0,0,0,0,0.226,0,0.327,0,0,0.274,0,0,0,0,0.951,0,0,0,0,0.743,0,0,0,0,0,0.168,0,0.321,0.407,0,0,0,0,0,0,0,0,0.184,0.204,0,0,0,0,0,0,0,0,0,0.192,0,0,0.254,0,0.213,0,0,0,0,0,0.188,0,0,0.293,0.205,0,0.158,0,0,0.241,0,0.359,0,0,0,0,0.383,0.469,0.619,0,0,0,0,0.917,0.172,0,0,0,0,0.973,0.29,0,0,0.209,0,0,0,0.164,0,0,0,0.234,0.786,0.248,0.328,0.484,0,0,0.459,0,0.164,0.9,0,0,0,0,0.196,0.216,0,0,0,0,0.385,0.959,0.318,0,0,0,0,0,0,0,0,0.154,0,0,0.279,0.438,0,0.329,0,0,0.22,0,0.594,0,0,0,0,0,0,0.172,0.86,0,0.204,0.186,0.358,0,0,0,0,0,0,0,0,0.212,0,0,0,0.162,0.206,0,0,0,0.173,0.447,0.469,0,0,0,0,0.737,0,0,0,0.256,0,0,0,0.342,0,0,0,0,0,0,0,0,0,0,0,0,0,0,0.203,0.258,0,0.778,0,0,0,0.938,0,0.239,0.542,0,0.905,0.339,0,0.982,0.257,0,0.211,0.235,0,0,0.278,0.207,0.893,0.178,0,0,0,0,0.959,0,0.172,0.26,0.961,0,0,0,0,0,0,0,0,0,0,0.231,0,0,0,0.342,0,0,0.831,0,0.232,0.293,0,0,0,0,0.254,0,0,0,0,0,0,0.405,0,0.327,0.233,0,0,0.356,0,0,0,0,0,0,0,0,0.379,0,0,0,0.226,0,0.168,0,0.192,0,0,0.428,0,0,0,0.181,0.199,0.32,0.152,0.323,0.182,0,0,0,0,0.164,0,0.861,0.523,0.171,0,0.72,0,0,0,0,0,0,0,0.971,0,0,0,0.191,0.181,0,0.155,0,0,0,0,0,0.29,0,0.164,0.211,0.209,0,0,0.23,0,0.169,0,0.173,0,0,0.262,0,0,0,0,0,0.354,0,0,0.29,0,0.152,0,0,0,0.245,0.605,0,0,0,0,0,0,0,0,0,0,0.353,0,0,0,0,0,0,0,0,0.207,0,0,0,0,0,0,0.174,0.765,0,0.163,0,0,0.168,0.179,0,0.154,0,0.184,0,0,0,0,0,0,0.565,0,0,0,0,0,0,0.409,0,0,0,0,0,0,0,0,0,0,0.156,0,0,0,0,0.214,0.152,0.56,0,0,0,0,0,0,0,0,0,0.376,0,0,0,0,0,0,0,0,0,0,0.968,0,0,0,0,0.165,0,0,0,0.197,0.481,0.227,0,0,0,0,0,0.202,0,0.345,0,0,0,0,0,0,0.18,0,0,0.535,0,0,0,0,0.257,0,0,0,0,0,0,0,0,0.707,0,0,0.708,0,0.204,0,0,0.24,0,0.249,0,0,0.189,0,0,0,0.277,0,0,0,0,0.244,0,0.343,0,0,0.37,0,0,0,0,0,0,0,0,0,0,0,0,0.318,0.201,0,0.177,0.304,0.96,0.191,0,0,0,0,0,0,0,0,0.234,0,0,0,0,0,0,0,0,0,0,0,0,0,0,0,0,0.655,0,0,0,0.173,0,0,0,0,0.336,0,0,0,0,0.152,0,0,0,0,0,0.212,0,0,0,0,0,0,0.371,0,0,0,0.835,0.195,0.219,0,0,0.173,0.156,0,0.222,0,0,0,0.286,0.237,0,0.292,0,0,0.441,0,0,0.329,0,0.907,0.208,0,0,0,0.94,0.257,0.23,0,0,0,0,0.292,0.584,0.201,0,0.81,0,0,0.152,0,0.238,0,0,0,0,0,0,0,0,0,0.949,0.206,0,0,0,0,0,0,0,0,0.364,0,0.166,0,0.979,0,0.26,0.959,0,0,0,0,0,0,0,0,0,0,0.182,0,0,0.208,0,0.205,0,0,0.152,0,0,0,0,0.152,0,0,0,0.252,0,0,0.314,0,0,0,0,0.202,0,0.154,0,0,0.337,0,0.507,0,0,0,0,0,0,0,0.157,0,0,0,0.168,0,0,0.162,0.94,0.678,0,0,0,0,0,0,0,0,0.22,0,0,0,0.214,0,0,0,0.165,0,0,0.346,0,0,0,0,0,0,0,0,0,0,0.267,0.261,0,0.244,0,0,0,0,0,0.601,0.204,0,0,0.481,0,0,0,0.215,0,0.196,0,0,0.232,0.925,0.653,0,0.681,0,0,0,0.153,0,0,0,0,0.224,0,0,0.207,0.955,0,0.178,0,0,0,0,0.377,0,0.352,0.214,0,0,0.319,0,0.318,0,0.173,0,0.162,0.164,0,0.177,0,0.362,0,0,0,0,0,0.263,0,0.177,0.159,0,0.264,0,0,0,0,0,0.997,0,0,0,0.239,0.185,0.354,0,0,0,0.236,0,0.347,0,0,0,0,0,0,0,0,0,0,0,0,0,0,0.7,0,0,0,0,0,0,0,0,0,0,0,0,0,0,0,0.223,0,0,0,0,0,0,0,0,0,0,0,0.209,0.169,0.174,0,0,0,0.348,0,0,0.241,0,0.245,0,0.323,0.811,0,0,0.214,0,0,0,0,0.469,0.224,0.213,0,0,0,0,0,0.707,0,0,0.199,0.225,0.176,0,0,0,0,0.204,0,0.234,0,0.646,0,0,0,0,0,0.245,0,0,0,0.299,0,0,0,0,0,0.679,0,0,0.844,0,0.206,0,0,0,0,0.173,0.248,0,0,0,0,0,0,0,0,0,0.29,0,0.904,0,0.213,0.557,0,0,0,0,0,0,0,0,0,0,0,0,0,0.173,0,0.152,0,0,0.204,0,0,0,0.183,0,0,0,0,0.22,0.158,0,0,0,0,0,0,0,0.204,0,0,0,0,0,0,0,0,0,0,0.293,0.904,0,0,0,0.215,0.251,0.587,0,0,0.565,0,0,0,0.95,0.299,0,0.201,0.177,0,0.21,0,0,0.286,0,0,0,0,0.263,0.241,0.156,0,0,0.596,0,0,0,0.462,0,0,0.335,0,0,0.629,0,0,0,0,0.992,0.248,0.35,0,0.444,0.326,0,0,0,0,0.422,0,0,0,0,0,0,0,0,0,0.189,0,0,0,0.911,0,0.238,0,0,0,0,0,0,0.957,0.204,0,0,0,0,0,0,0,0.979,0,0,0,0,0.353,0,0.213,0.348,0.28,0,0,0,0,0,0.513,0,0.432,0,0.204,0,0.152,0,0.22,0,0,0,0.799,0,0,0.384,0,0,0,0,0,0.365,0.387,0,0.403,0,0.556,0,0,0,0,0.449,0.182,0,0,0,0,0,0.215,0.268,0.255,0,0.175,0,0,0,0,0,0,0,0,0,0,0,0,0,0.234,0,0,0.517,0,0.172,0,0,0,0.175,0,0,0.156,0,0,0,0.929,0,0,0.204,0,0,0,0,0.221,0.178,0,0,0.204,0,0,0.251,0,0,0,0.29,0.595,0,0,0,0,0,0,0.324,0,0.23,0,0.243,0,0.472,0,0,0.295,0,0,0,0,0,0,0.269,0,0,0,0,0.152,0,0,0,0,0,0,0,0,0.424,0.151,0,0,0,0,0.514,0,0.204,0.244,0,0.204,0,0,0,0,0.246,0,0,0.284,0,0,0,0,0,0,0,0.55,0,0,0,0.798,0.939,0,0,0.174,0,0.401,0,0,0,0,0.223,0,0,0.626,0,0.6,0,0,0,0.189,0.22,0,0.952,0,0.695,0.173,0.228,0.286,0.204,0,0.248,0,0,0,0,0,0,0,0,0,0.869,0.343,0.287,0.557,0,0,0,0,0,0,0,0,0,0.265,0.381,0,0,0,0,0,0.204,0,0,0.199,0.175,0,0,0,0,0.164,0.188,0,0,0,0,0,0,0,0,0,0,0,0,0,0,0,0,0.164,0,0.225,0,0,0,0,0.199,0.404,0,0,0,0,0.152,0,0,0,0,0,0,0,0,0.199,0,0.468,0,0,0.32,0.299,0,0.159,0,0,0,0,0,0,0,0,0,0,0,0,0,0,0.904,0,0,0.408,0,0,0,0,0.202,0,0.177,0,0,0,0,0,0,0,0,0,0,0,0,0,0,0,0,0.404,0,0,0,0,0,0,0,0,0,0,0,0,0,0,0,0,0,0,0,0,0,0,0.199,0,0,0,0,0,0.209,0,0,0,0,0.302,0,0,0,0,0,0,0,0,0.199,0,0.866,0,0,0,0,0.256,0.192,0.529,0.291,0.813,0.175,0.265,0,0.896,0,0.568,0.281,0,0.501,0,0.204,0.348,0,0.735,0,0.892,0.706,0,0.293,0,0.211,0.347,0,0,0.941,0.715,0,0,0.204,0.645,0.761,0.446,0.177,0.432,0,0,0,0.368,0,0.506,0.317,0.796,0.907,0,0,0.986,0,0.683,0,0,0.197,0.597,0.403,0,0,0,0,0.976,0.343,0.403,0.155,0.484,0,0.413,0.206,0,0,0,0.592,0.93,0,0,0,0,0.662,0,0,0.956,0,0,0.344,0,0,0,0.302,0,0,0,0.604,0,0.175,0,0.666,0.691,0,0.176,0,0.152,0.372,0,0.454,0.351,0,0,0.921,0,0,0,0,0,0.922,0.989,0,0,0,0.81,0.187,0.537,0.596,0,0.943,0,0.419,0,0.239,0,0,0,0.704,0.295,0,0,0,0.3,0.151,0,0.216,0.805,0,0.163,0.214,0.986,0,0,0,0,0,0,0,0,0.397,0.269,0.279,0.705,0.337,0,0,0.844,0.203,0,0.65,0.419,0.542,0.839,0.946,0,0.322,0,0.306,0,0,0.165,0.29,0.838,0,0.574,0.174,0.537,0,0.682,0.842,0,0,0.347,0.227,0,0.95,0.58,0.912,0,0.203,0.442,0,0,0,0.192,0.304,0,0,0,0.976,0,0.272,0.846,0.331,0.185,0.288,0.277,0.643,0,0.481,0,0,0.918,0,0,0.46,0,0.229,0.915,0,0.265,0.447,0,0.277,0.717,0.213,0.314,0,0.924,0.458,0,0,0,0,0,0,0.357,0,0,0,0,0,0,0,0,0.276,0,0,0,0.346,0,0,0,0,0,0,0,0,0,0,0,0,0,0,0,0,0,0,0,0,0,0,0,0,0,0.312,0,0.265,0,0,0,0,0,0,0,0.226,0,0,0,0,0,0,0.218,0,0,0.217,0.195,0,0,0,0,0,0.274,0,0,0,0,0,0,0,0,0,0,0,0,0,0,0,0,0,0,0,0,0.271,0.425,0,0,0,0,0,0.719,0,0,0.262,0,0,0,0,0,0,0,0,0,0.853,0,0,0,0.8,0,0.177,0,0,0,0,0,0,0,0,0,0,0,0,0.899,0,0,0,0.204,0,0,0,0,0,0,0,0,0,0,0,0,0.221,0,0,0,0,0,0,0.26,0.38,0.335,0,0,0,0,0,0,0,0,0,0,0,0.271,0,0,0.215,0,0.214,0.245,0,0,0.154,0.494,0,0,0,0,0,0,0,0,0.428,0,0,0,0,0,0,0,0,0,0,0,0,0,0,0,0,0,0,0,0,0,0.155,0,0,0,0.958,0,0.225,0.434,0.237,0.163,0,0,0,0,0,0,0,0,0,0,0,0,0,0,0,0.229,0,0,0,0,0,0.204,0.228,0,0,0,0,0,0,0,0,0,0,0,0,0,0.345,0,0,0,0,0,0,0,0,0,0,0.264,0,0,0,0,0.217,0,0,0,0,0,0.241,0,0,0,0,0,0,0.239,0,0,0,0,0,0,0,0,0,0,0,0,0,0,0,0,0,0,0,0,0,0,0,0.249,0.241,0,0,0,0,0,0,0,0,0,0,0,0.204,0,0.27,0,0,0,0,0,0,0,0,0,0,0,0,0.248,0,0,0,0,0,0,0,0,0.188,0,0,0,0,0.181,0.262,0,0,0,0,0,0,0,0,0,0,0,0,0,0,0,0,0,0,0,0,0,0,0.222,0,0,0.175,0,0,0,0.175,0,0,0,0,0,0,0,0.217,0,0,0,0,0,0,0.216,0,0,0,0,0,0,0.457,0,0.21,0,0.205,0,0.222,0,0,0,0,0,0,0,0,0,0,0.293,0,0,0,0,0.199,0,0,0,0.221,0.212,0,0,0,0,0,0,0,0.246,0.338,0,0.429,0.845,0.234,0.301,0,0.188,0,0,0,0,0,0.231,0,0,0,0,0,0,0,0,0,0,0,0,0,0,0.313,0,0,0.235,0.198,0,0,0,0.419,0,0,0,0.214,0,0,0.188,0.172,0,0,0,0.222,0,0.359,0,0,0,0,0,0,0.263,0,0,0,0,0,0,0,0,0,0,0,0,0,0,0,0,0,0,0.184,0,0,0,0,0,0,0,0,0,0,0,0.185,0.288,0,0,0,0,0,0,0,0,0,0,0,0,0,0,0,0,0.258,0,0,0,0,0,0,0,0,0,0,0,0,0,0.213,0,0,0,0.204,0,0,0,0,0,0,0,0,0,0,0,0.33,0,0,0,0,0,0.199,0.176,0,0,0.215,0,0,0,0,0,0,0.199,0,0,0,0,0,0,0,0,0.204,0,0,0,0,0.158,0,0,0,0,0.219,0,0,0.342,0,0,0.223,0,0,0,0,0,0.153,0,0.211,0,0,0,0,0,0,0,0,0,0,0,0.964,0.153,0,0,0,0.179,0.213,0,0,0,0,0,0,0,0,0,0,0,0,0,0,0,0,0,0,0,0,0,0,0,0,0.204,0,0.158,0,0.204,0,0,0,0,0,0,0,0.237,0,0,0,0,0,0,0,0.29,0,0,0,0,0.204,0.204,0,0.156,0,0,0,0,0.22,0,0,0,0.168,0,0,0.326,0,0.479,0,0,0,0,0,0,0,0,0,0,0.197,0,0.209,0,0.731,0.306,0,0,0,0,0,0,0,0,0,0,0.175,0,0,0,0,0,0,0,0,0,0,0,0,0,0.445,0,0.179,0.298,0.519,0,0.563,0.872,0,0.227,0.208,0,0.199,0,0,0,0,0.204,0,0,0,0,0,0.271,0,0,0,0,0,0,0,0,0,0,0,0,0,0,0.239,0,0,0,0,0.397,0.217,0,0,0,0,0,0,0,0.204,0,0,0,0,0.429,0,0,0.241,0,0,0,0,0,0,0,0,0,0,0.823,0,0,0,0.731,0,0,0,0.204,0,0,0.208,0.271,0,0.176,0,0.211,0,0,0,0,0,0,0,0,0,0,0,0,0,0.199,0,0,0.206,0,0,0,0,0,0,0.217,0,0.361,0.27,0.305,0.198,0.251,0,0,0,0,0,0.959,0,0,0.351,0,0.152,0.341,0,0,0.339,0,0,0.223,0.287,0.906,0,0.388,0.412,0,0,0,0.388,0,0.86,0,0,0,0.159,0.898,0.258,0.514,0,0,0,0,0,0,0.855,0.804,0,0.595,0,0.246,0.19,0,0,0.242,0.26,0,0.189,0,0,0,0,0,0.825,0.221,0.24,0,0.748,0,0.262,0,0,0,0,0,0,0,0.258,0.42,0.171,0.362,0.288,0,0.208,0,0.259,0,0.196,0.325,0,0.214,0,0,0.271,0,0,0,0.217,0,0,0.244,0,0,0,0,0,0,0,0.314,0,0,0,0,0,0,0.204,0,0.217,0,0,0,0.154,0.176,0,0,0,0,0,0.254,0,0,0.281,0,0.3,0,0,0.258,0,0,0,0,0.407,0.723,0,0,0.467,0,0,0,0,0,0.762,0,0,0,0,0,0,0,0,0.314,0.156,0.34,0.995,0,0,0.178,0,0.313,0,0.177,0,0,0.157,0.188,0.293,0.199,0,0.2,0,0,0.336,0.323,0,0,0.189,0.976,0.623,0,0.331,0,0,0,0.269,0,0.304,0,0,0,0.945,0.371,0,0,0.291,0,0,0.279,0.166,0.279,0,0.323,0,0,0,0,0,0,0.612,0.254,0.552,0,0.164,0,0.786,0.59,0,0,0.197,0,0.235,0.442,0,0,0.408,0.92,0,0,0,0.816,0.263,0,0.632,0.865,0.166,0.813,0.268,0.365,0.264,0.156,0.237,0,0.388,0.334,0.259,0,0,0,0,0.427,0,0,0.19,0.181,0.208,0.344,0,0,0.306,0,0,0,0,0,0,0.883,0,0,0.24,0.807,0.24,0.218,0.595,0.715,0.557,0.252,0.286,0,0,0.158,0,0,0,0.831,0,0.199,0,0.162,0,0.251,0.943,0,0.438,0.173,0,0.411,0,0.377,0.84,0.197,0.263,0.216,0,0,0.434,0.329,0,0,0,0.188,0,0,0,0,0,0.19,0,0,0,0,0.387,0,0,0.203,0,0,0,0,0,0,0,0,0,0,0,0.169,0,0,0.233,0.158,0,0,0.232,0.239,0,0,0,0,0.492,0,0,0,0,0,0,0,0,0,0,0.222,0,0,0,0,0,0,0,0.287,0,0,0,0,0,0,0,0,0,0,0,0,0.208,0,0,0,0,0,0,0,0,0,0,0,0,0,0.161,0,0.169,0,0,0,0,0,0,0,0,0,0,0,0,0,0.15,0,0,0,0,0,0,0,0,0,0,0,0,0,0,0,0,0,0,0,0,0,0,0,0,0,0,0,0,0,0,0,0,0.255,0,0,0,0,0.703,0,0,0.316,0.189,0,0.348,0,0.248,0,0,0,0,0,0,0,0,0,0,0,0,0.167,0,0.348,0,0,0.154,0,0,0,0,0,0,0,0.166,0,0,0,0,0,0,0,0,0.155,0,0.157,0,0,0,0,0,0,0.213,0,0,0,0.248,0,0.378,0,0,0,0.229,0,0,0,0,0,0,0,0,0,0,0,0,0,0,0.266,0,0.767,0,0,0,0,0,0,0,0,0,0.256,0,0,0,0,0,0,0,0,0,0,0,0.197,0,0,0,0.247,0,0,0,0,0,0,0,0,0,0,0,0,0,0,0,0,0,0,0,0,0,0.202,0,0,0,0,0.214,0.199,0,0,0,0,0,0,0,0,0,0,0,0,0,0,0,0,0.344,0,0,0,0.238,0,0,0.253,0,0.204,0.344,0.353,0,0,0,0,0,0.247,0,0,0.204,0,0,0,0,0,0,0,0.302,0,0,0,0,0,0,0.246,0,0,0,0,0.773,0,0,0.313,0,0.48,0,0,0.192,0,0,0,0,0,0,0.21,0,0.207,0,0,0,0,0,0,0,0.204,0,0.154,0,0.514,0,0,0,0,0,0,0,0,0,0,0,0,0,0,0,0,0,0,0,0,0,0,0,0,0,0,0,0,0,0.234,0,0,0,0,0,0,0,0,0,0,0,0,0,0,0.293,0,0,0,0,0,0,0,0,0,0,0,0,0,0,0,0,0,0.204,0,0,0,0.352,0,0.221,0,0.207,0,0,0,0,0,0,0,0,0.276,0.194,0.422,0,0.228,0,0.396,0.177,0.44,0.392,0.298,0,0,0,0,0,0.33,0.38,0,0.2,0,0.196,0.65,0,0,0,0,0,0,0,0,0,0,0,0,0,0,0,0,0.624,0,0,0,0,0,0,0,0,0,0,0,0,0,0,0,0,0,0,0,0,0.189,0,0,0,0,0,0,0,0,0,0,0,0,0,0,0.204,0,0,0,0,0,0,0.316,0,0.238,0,0,0,0,0,0,0,0,0,0,0,0,0,0,0,0,0,0,0,0,0,0.177,0,0,0,0,0,0,0,0,0,0,0,0.307,0,0,0,0,0,0,0.195,0.192,0,0,0,0,0.343,0,0,0,0,0,0.168,0,0,0,0,0,0,0.234,0,0.194,0,0,0,0,0,0,0.169,0,0,0,0,0,0.197,0.181,0,0,0,0,0,0,0,0,0,0,0,0,0,0,0,0,0.609,0,0,0,0.368,0,0,0,0,0,0,0.428,0,0.172,0.789,0,0.15,0,0,0,0,0,0,0,0.727,0,0,0,0,0,0,0.187,0,0.167,0,0,0.166,0.248,0,0,0,0.204,0.561,0.252,0,0,0.397,0.199,0,0,0,0.348,0.33,0.318,0,0,0.383,0.215,0.166,0.901,0.22,0.196,0.798,0.795,0.199,0.193,0.168,0.171,0.323,0.182,0.204,0.803,0.319,0.207,0.359,0.205,0.364,0.176,0.339,0.229,0.229,0.181,0.269,0.177,0.308,0.47,0.5,0.581,0.764,0.21,0.342,0.199,0.199,0.193,0.156,0.23,0.199,0.531,0.199,0.23,0.219,0.415,0.177,0.204,0.618,0.209,0.225,0.192,0.293,0.194,0.177,0.161,0.308,0.161,0.21,0.366,0.177,0.207,0.245,0.254,0.187,0.177,0.366,0.177,0.176,0.188,0.32,0.199,0.349,0.9,0,0,0,0,0,0,0,0,0,0,0,0,0,0,0,0,0,0,0,0,0,0,0,0,0,0,0,0,0,0,0,0,0,0,0,0,0,0,0,0,0,0,0,0,0,0,0,0,0,0,0,0,0,0,0,0,0,0,0,0,0,0,0,0,0,0,0,0,0,0,0,0,0,0,0,0,0,0,0,0,0,0,0,0,0,0,0,0,0,0,0,0,0,0,0,0,0,0,0,0,0,0,0,0,0,0,0,0,0,0,0,0,0,0,0,0,0,0,0,0,0,0,0,0,0,0,0,0,0,0,0,0,0,0,0,0,0,0,0,0,0,0,0,0,0,0,0,0,0,0,0,0,0,0,0,0,0,0,0,0,0,0,0,0,0,0,0,0,0,0,0,0,0,0,0,0,0,0,0,0,0,0,0,0,0,0,0,0,0,0,0,0,0,0,0,0,0,0,0,0,0,0,0,0,0,0,0,0,0,0,0,0,0,0,0,0,0,0,0,0,0,0,0,0,0,0,0,0,0,0,0,0,0,0,0,0,0,0,0,0,0,0,0,0,0,0,0,0,0,0,0,0,0,0,0,0,0,0,0,0,0,0,0,0,0,0,0,0,0,0,0,0,0,0,0,0,0,0,0,0,0,0,0,0,0,0,0,0,0,0,0,0,0,0,0,0,0,0,0,0,0,0,0,0,0,0,0,0,0,0,0,0,0,0,0,0,0,0,0,0,0,0,0,0,0,0,0,0,0,0,0,0,0,0,0,0,0,0,0,0,0,0,0,0,0,0,0,0,0,0,0,0,0,0,0,0,0,0,0,0,0,0,0,0,0,0,0,0,0,0,0,0,0,0,0,0,0,0,0,0,0,0,0,0,0,0,0,0,0,0,0,0,0,0,0,0,0,0,0,0,0,0,0,0,0,0,0,0,0,0,0,0,0,0,0,0,0,0,0,0,0,0,0,0,0,0,0,0,0,0,0,0,0,0,0,0,0,0,0,0,0,0,0,0,0,0,0,0,0,0,0,0,0,0,0,0,0,0,0,0,0,0,0,0,0,0,0,0,0,0,0,0,0,0,0,0,0,0,0,0,0,0,0,0,0
851596,0,0,0,0,0,0,0,0,0,0,0,0,0,0,0,0.216,0,0,0,0,0,0,0,0,0,0,0,0,0,0,0,0,0,0,0,0,0,0,0,0,0,0,0,0,0,0,0,0,0,0,0,0,0,0,0,0,0,0,0.181,0,0,0,0,0,0,0.161,0,0,0,0,0.198,0,0,0,0,0,0,0,0,0.369,0,0,0,0,0,0,0,0.164,0,0,0,0,0,0.228,0,0,0,0.266,0.159,0.351,0,0,0.186,0,0,0,0.29,0,0,0,0,0,0,0,0,0,0,0,0,0,0,0.228,0,0,0,0,0,0,0,0,0,0,0,0,0,0,0,0,0,0,0,0,0,0,0,0,0,0,0.348,0,0,0,0,0,0,0,0,0,0.227,0.229,0,0,0.196,0,0,0,0,0,0,0,0,0,0.171,0,0,0,0,0,0,0,0,0,0,0,0,0,0,0,0,0,0,0,0.388,0,0,0,0,0,0,0,0,0,0,0,0,0,0,0,0,0,0,0,0.222,0,0,0,0,0,0,0,0,0.194,0,0,0,0,0,0,0,0,0,0,0,0,0.255,0,0,0,0.451,0.228,0,0,0,0,0,0,0,0,0,0,0,0,0,0,0,0,0,0,0.411,0,0,0,0,0,0,0,0,0,0,0,0,0,0,0,0,0,0,0,0,0,0,0,0.179,0,0,0,0,0,0,0,0,0,0,0,0,0.21,0,0,0.304,0,0,0,0,0,0,0,0.345,0,0,0,0,0,0,0,0,0,0,0.242,0.637,0,0,0,0,0,0.179,0,0,0,0,0.191,0,0,0,0,0,0,0,0,0.386,0.23,0,0,0,0,0,0,0,0,0,0,0,0,0,0,0,0.245,0.166,0,0,0,0,0,0,0,0,0,0,0,0,0,0,0,0,0,0,0,0,0,0.679,0,0,0.354,0,0,0,0,0,0,0,0,0,0,0,0,0,0.371,0,0,0,0,0,0,0,0,0,0,0,0,0,0,0,0,0,0,0,0,0.175,0,0,0,0.234,0,0,0.185,0,0,0,0,0.471,0,0,0,0,0,0,0,0,0,0,0,0,0.19,0,0,0,0.198,0,0,0,0,0,0,0,0,0.168,0,0,0,0,0,0,0,0.298,0,0,0,0,0,0,0,0.194,0,0,0,0,0,0,0,0,0,0,0,0,0.253,0,0,0,0,0,0,0,0,0,0,0,0,0,0,0,0,0,0,0,0,0,0,0,0,0,0,0,0,0.204,0,0,0,0,0,0,0,0,0,0,0,0,0,0,0,0,0,0,0,0.342,0,0,0,0,0,0,0,0,0,0,0.219,0,0,0,0,0,0,0,0,0,0,0,0,0,0,0,0,0,0,0,0,0,0,0,0,0,0.225,0,0,0,0.318,0,0,0,0,0,0,0,0,0,0,0,0,0,0,0,0,0,0,0,0.325,0,0,0,0,0,0.175,0,0,0,0,0,0,0,0,0,0.15,0,0,0,0,0,0,0,0,0.167,0,0,0,0,0,0,0,0,0,0,0.304,0,0,0,0,0,0,0,0.428,0.236,0,0,0,0,0,0,0,0,0,0.223,0,0,0,0,0,0,0.167,0,0,0,0,0,0,0,0,0,0,0,0,0,0,0,0,0,0,0,0,0,0,0,0,0,0,0,0,0,0,0,0,0,0,0,0.22,0,0,0,0,0,0,0,0,0,0,0,0,0,0,0,0,0,0,0,0,0,0,0,0,0,0,0,0.195,0,0,0,0,0,0,0,0,0,0,0,0,0,0,0,0,0,0,0,0,0,0,0,0,0,0.268,0,0,0,0,0,0.15,0,0,0,0,0,0.292,0,0,0,0,0,0,0,0,0,0,0,0,0,0,0,0,0,0,0,0,0,0,0,0,0,0,0,0,0,0,0,0,0,0,0,0,0,0,0,0,0,0,0,0,0,0,0,0,0,0,0,0,0,0,0,0,0,0,0,0,0,0,0,0,0,0,0,0,0,0,0,0,0,0,0.285,0,0,0,0,0,0.357,0.292,0,0.164,0,0,0,0,0,0.268,0,0.288,0,0,0,0,0,0,0.652,0,0.156,0,0,0,0.157,0,0,0.22,0,0,0,0,0,0.185,0,0,0,0,0,0,0.258,0,0,0.168,0,0,0,0,0,0,0,0,0,0,0,0,0,0,0,0,0,0.185,0,0,0.157,0,0,0,0,0,0.189,0,0,0,0,0,0,0,0,0,0,0,0,0,0,0.177,0,0,0,0,0,0,0,0,0.376,0,0,0,0,0,0,0,0,0,0.209,0.458,0,0.15,0,0,0,0,0,0,0,0,0,0,0,0,0,0,0,0,0,0,0,0,0.272,0,0,0,0,0,0,0,0,0,0,0,0,0,0,0,0,0,0,0,0,0,0,0,0,0,0,0,0,0,0,0,0,0,0,0,0,0.204,0,0,0,0,0,0,0,0,0,0,0,0,0,0,0,0,0,0,0,0,0,0,0,0,0,0,0,0,0,0,0,0,0.2,0,0,0,0,0,0,0,0,0.228,0,0,0,0,0,0,0,0,0,0,0,0,0,0,0.22,0,0,0,0,0,0.392,0,0,0,0,0,0,0,0,0,0,0,0,0,0,0,0,0,0.183,0,0,0,0,0,0,0,0,0,0,0,0,0,0,0,0,0,0,0,0,0,0,0,0,0,0,0,0,0,0,0,0,0,0,0,0,0,0,0,0,0,0,0,0,0,0,0,0,0,0,0,0,0.199,0,0,0,0,0,0,0,0,0,0,0,0,0,0,0,0,0,0,0,0,0,0,0,0,0,0,0,0,0.185,0,0,0,0,0,0,0,0,0,0,0,0,0,0,0,0,0,0,0,0,0,0,0,0,0,0,0,0,0,0,0,0,0,0,0,0,0,0,0,0,0,0,0,0,0,0,0,0,0,0,0,0,0,0,0,0,0,0,0,0,0,0,0,0,0,0,0,0,0,0,0,0,0,0,0,0,0,0,0,0,0,0,0,0,0,0,0,0,0,0,0,0,0,0,0,0,0,0,0,0,0,0.22,0,0.2,0,0,0,0,0,0,0,0,0,0,0,0,0,0,0,0,0,0,0,0,0,0,0,0,0,0,0,0,0,0,0,0,0,0,0,0,0,0,0,0,0,0,0,0,0,0,0,0,0,0,0,0,0,0,0,0,0,0,0,0,0,0,0,0.192,0,0,0,0,0,0,0,0,0,0,0,0,0,0,0,0,0,0,0,0,0,0,0,0,0,0,0,0,0,0,0,0,0,0.206,0,0,0,0,0,0,0,0,0,0,0,0,0,0.202,0,0,0,0,0.165,0,0,0,0,0,0,0,0,0.197,0,0,0,0,0,0,0,0,0,0,0,0,0,0,0,0,0,0,0,0,0,0,0,0,0,0.216,0,0,0,0,0,0,0,0,0,0,0,0,0,0,0,0,0,0,0,0,0,0,0,0,0,0,0,0,0,0,0,0,0,0,0,0,0,0,0,0,0.153,0,0,0.334,0,0,0,0,0,0,0,0,0,0,0,0,0,0,0,0,0,0,0,0,0,0,0,0,0,0,0,0,0,0,0,0,0,0,0,0,0,0,0,0,0,0,0,0.374,0,0,0,0,0,0,0,0,0,0,0,0,0,0,0,0,0,0,0,0,0,0,0,0,0,0,0,0,0,0,0,0,0,0,0,0,0,0,0,0,0,0,0,0,0,0,0,0,0,0,0,0,0.172,0,0,0,0,0,0,0,0,0,0,0,0,0,0,0.661,0,0,0,0,0.229,0,0,0.161,0,0,0,0,0,0,0,0,0,0,0,0,0,0,0,0,0,0,0,0,0,0,0,0,0,0,0,0,0,0,0,0,0.304,0,0,0,0,0,0,0,0,0,0,0,0,0,0,0,0,0,0,0,0,0,0,0,0,0,0,0,0,0,0,0,0.39,0,0,0.194,0.196,0,0,0,0,0,0,0,0,0,0,0,0,0,0,0,0,0,0,0,0,0,0,0,0,0,0,0,0,0,0,0,0,0,0,0,0,0,0,0,0,0,0,0,0,0,0,0,0,0,0,0,0,0,0,0,0,0.254,0,0,0,0,0,0,0,0,0,0,0,0,0,0,0,0,0,0,0,0,0,0,0,0,0,0,0,0,0,0,0,0,0,0,0,0,0,0,0,0,0.153,0,0,0,0,0,0,0,0,0,0,0,0,0,0,0,0,0,0,0,0,0,0,0,0,0,0,0,0,0,0,0,0,0,0,0,0,0,0,0,0,0,0,0,0.275,0,0,0,0,0,0,0,0,0,0,0,0,0.298,0,0,0,0,0,0,0,0,0,0,0.228,0,0,0,0,0,0,0,0,0,0,0,0,0,0,0,0,0,0,0,0,0,0,0,0,0,0,0.394,0,0,0,0,0,0,0,0,0,0,0,0,0,0,0,0,0,0,0,0,0,0,0,0,0,0,0,0,0,0,0.175,0,0,0,0.177,0.478,0,0,0,0,0,0,0,0.179,0,0,0,0.24,0,0,0.237,0,0,0,0,0.224,0.567,0,0.199,0,0,0,0,0,0,0,0,0.24,0,0,0,0,0,0,0,0,0,0,0,0,0,0,0,0,0,0,0,0.162,0,0,0.187,0.237,0,0,0,0,0,0,0,0,0,0,0,0,0,0,0,0,0,0,0,0,0,0,0,0,0.249,0.249,0.155,0.177,0.212,0,0,0,0,0,0,0,0.203,0,0.262,0.337,0,0,0.22,0,0,0.155,0,0,0,0,0,0,0,0,0,0.171,0,0,0,0,0.257,0.292,0,0,0.176,0,0,0,0,0,0,0,0,0,0.161,0,0,0,0,0,0,0,0,0,0,0,0,0,0,0,0,0,0,0,0,0,0,0,0,0,0,0,0,0,0.33,0,0,0,0.156,0.161,0,0,0,0,0,0,0,0,0.287,0,0,0,0,0.173,0.255,0,0,0,0,0.167,0,0,0,0,0,0,0,0,0,0,0,0,0,0,0,0,0,0,0,0,0,0,0,0,0,0,0,0,0,0,0,0,0,0,0,0,0,0,0,0,0,0,0,0,0,0,0,0,0,0,0,0,0,0,0,0,0,0,0.19,0,0,0,0,0,0,0,0,0,0,0,0,0,0,0,0,0,0,0,0,0,0,0,0,0,0,0,0,0,0,0,0,0,0,0.424,0,0,0,0,0,0,0,0,0,0,0,0,0,0,0,0,0,0,0,0,0,0,0,0,0,0,0,0,0,0,0,0,0,0,0,0,0,0,0,0,0,0.171,0,0,0,0,0,0,0,0,0.278,0,0,0,0,0,0,0,0,0,0,0,0,0,0,0,0,0.351,0,0,0,0,0,0,0,0,0,0.171,0,0,0,0,0,0.209,0,0,0,0,0,0,0,0,0,0,0,0,0,0,0,0,0,0.163,0,0.161,0,0,0.178,0,0,0,0.156,0,0,0,0,0,0,0,0,0,0,0,0,0,0,0,0,0,0.393,0,0,0,0,0,0,0,0,0,0,0,0,0,0,0,0,0.191,0,0,0,0,0,0,0,0,0,0,0,0,0.258,0,0,0,0.208,0,0,0,0,0,0,0,0,0,0,0,0.182,0,0,0,0,0,0,0,0,0,0,0,0,0,0,0,0,0,0,0,0,0,0,0,0,0,0,0,0,0,0,0,0,0,0,0,0,0.26,0,0,0,0,0,0,0,0,0,0,0,0,0,0,0,0.241,0,0,0,0,0,0,0,0,0,0,0,0,0,0,0,0,0,0,0,0,0.559,0.154,0,0,0,0,0,0,0,0,0.16,0,0,0,0,0.653,0,0,0,0,0,0,0,0,0,0,0,0,0,0,0,0,0,0,0,0,0,0,0,0.289,0,0,0,0,0,0,0,0,0,0,0,0,0,0,0,0,0,0.546,0,0,0,0,0,0,0,0,0,0,0,0.359,0,0,0,0,0,0,0,0,0,0,0,0,0,0,0,0,0,0,0,0,0,0,0,0,0,0,0,0,0,0,0,0,0,0,0,0,0,0,0,0,0,0,0,0.19,0.151,0,0,0,0,0,0,0,0,0,0.257,0,0,0,0,0,0,0,0,0,0,0,0,0,0,0,0,0,0,0,0,0,0,0,0,0,0,0,0,0,0,0,0,0,0,0,0,0,0,0,0,0,0,0,0,0,0,0,0,0,0,0,0,0,0,0,0,0,0,0,0,0,0,0,0,0,0,0,0,0,0,0,0,0,0,0,0,0,0,0,0,0,0,0,0,0,0,0,0,0,0,0,0,0.273,0,0,0,0,0,0,0,0,0,0,0,0,0,0,0,0,0,0,0,0,0,0,0,0,0,0,0,0,0,0,0,0,0,0,0,0,0,0,0,0,0,0,0,0,0,0,0,0,0,0,0,0,0,0,0,0,0,0,0,0,0,0,0,0,0,0,0,0,0,0,0,0,0.153,0,0,0,0,0,0,0,0,0,0,0,0,0,0,0,0,0,0,0,0,0,0,0,0,0,0,0,0,0,0,0,0,0,0,0,0,0,0,0,0,0,0,0,0,0,0,0,0,0,0,0.22,0,0,0,0,0,0,0,0,0,0,0,0,0,0,0,0,0,0,0,0,0,0,0,0.527,0,0,0,0,0,0,0,0,0,0,0,0,0,0,0,0,0,0,0,0,0,0,0,0,0,0,0,0,0,0,0,0,0,0,0,0,0,0,0,0,0,0,0,0,0,0,0,0,0,0,0,0,0,0,0,0,0,0,0,0.332,0,0,0,0,0,0,0,0,0,0,0,0,0,0,0,0,0,0,0,0,0,0,0,0,0,0,0,0.195,0,0,0,0,0,0,0,0,0,0,0,0,0,0,0,0,0,0,0,0,0,0,0,0,0,0,0,0,0,0,0,0,0,0,0,0,0.471,0,0,0,0,0,0,0,0.334,0,0,0,0,0,0,0,0,0,0,0,0,0,0,0,0,0,0,0,0,0,0,0,0,0,0,0,0,0,0,0,0,0,0,0,0,0,0,0,0,0,0.166,0,0,0,0,0,0,0,0,0,0,0,0,0,0,0,0.392,0,0,0,0,0,0,0,0,0,0,0,0,0,0,0,0,0,0,0,0,0,0,0,0,0,0,0,0,0,0,0,0,0,0,0,0,0,0,0,0,0,0,0,0,0,0,0,0,0,0,0,0,0,0,0,0,0,0,0,0,0.186,0,0,0,0,0,0,0,0,0,0,0,0.235,0,0,0,0,0,0,0,0,0,0,0,0.174,0,0,0.237,0,0,0.255,0,0,0,0,0,0,0.389,0,0,0,0.27,0,0,0,0,0,0.152,0,0,0,0.159,0.178,0.525,0,0,0.316,0,0,0,0,0,0,0.297,0,0,0,0,0,0,0,0,0,0,0,0,0,0.175,0,0,0,0,0,0,0.335,0,0,0,0,0,0,0,0,0,0.304,0,0,0,0,0,0,0,0,0,0,0,0.193,0,0,0,0,0,0,0,0,0,0,0,0,0,0,0,0,0,0,0,0,0,0,0,0.193,0,0,0,0,0,0,0,0.363,0,0,0,0,0,0,0,0,0,0,0,0,0,0.708,0,0,0,0,0,0,0,0,0,0.159,0,0,0.204,0,0,0,0,0,0,0,0,0,0,0,0,0,0,0,0,0.183,0,0,0,0,0,0,0,0,0,0,0,0,0,0.259,0,0,0,0,0,0,0,0,0,0,0,0,0,0,0,0.303,0,0.159,0,0,0,0.235,0,0.394,0,0.22,0,0,0,0.298,0,0.219,0.154,0,0,0,0,0.188,0,0,0.212,0,0,0,0,0,0.197,0,0,0,0,0,0,0,0,0,0,0,0,0,0,0.245,0,0,0,0,0.239,0.297,0,0,0,0,0,0,0.226,0,0,0,0.192,0.169,0,0,0,0.311,0,0,0,0,0,0,0,0,0.391,0,0,0.212,0,0,0,0,0,0,0.243,0,0,0,0.22,0,0,0,0,0,0.535,0.155,0,0.377,0,0,0,0,0,0,0,0,0,0,0,0,0,0,0,0,0.169,0,0.315,0,0.233,0.576,0,0,0,0.251,0,0,0,0,0.185,0,0.204,0,0,0,0,0,0,0.354,0.176,0,0,0,0,0,0.16,0,0,0,0.204,0.355,0.416,0.446,0.277,0,0,0.183,0,0,0.19,0.245,0.308,0,0.169,0,0,0.272,0,0,0.28,0,0,0.285,0,0,0,0,0,0,0,0,0.48,0,0,0,0,0,0,0,0,0,0,0,0,0,0,0,0,0,0,0,0,0,0,0,0,0,0,0,0,0,0,0,0,0,0,0,0,0,0,0.914,0,0,0,0,0,0,0,0,0,0,0,0,0,0,0,0,0,0,0,0,0.369,0,0,0,0,0,0,0,0,0,0,0,0,0,0,0,0,0,0,0,0,0,0,0,0,0,0,0,0.208,0,0,0,0,0,0.203,0,0,0,0.173,0,0,0,0.332,0.24,0,0,0,0,0,0,0.237,0,0,0,0.173,0,0,0,0,0,0,0,0,0.161,0,0,0,0,0,0,0,0,0,0,0,0,0,0,0.259,0,0,0.173,0.186,0.15,0,0,0,0,0,0.241,0.184,0.165,0,0,0.171,0.237,0,0,0,0,0.175,0.161,0,0,0,0,0,0,0,0,0,0,0,0,0,0,0,0,0,0,0,0,0,0,0,0,0,0,0,0,0,0,0,0,0,0,0,0,0,0,0,0,0,0,0,0.851,0.165,0,0,0,0,0,0,0,0,0,0.17,0,0,0,0,0,0,0,0,0,0,0,0,0,0,0,0,0,0,0,0,0,0,0,0.21,0,0,0,0.297,0,0,0,0,0,0.651,0,0,0,0,0,0,0,0,0,0,0,0,0,0,0,0,0,0.15,0,0,0,0.233,0,0,0,0,0,0,0,0,0,0.68,0,0,0.296,0,0,0,0,0,0,0,0,0,0,0,0,0,0,0,0,0,0,0,0,0,0,0,0,0,0,0,0,0,0,0,0,0,0,0,0,0,0,0,0,0,0,0,0,0,0,0,0,0,0,0,0,0.169,0,0,0,0,0,0,0,0,0,0,0,0,0,0,0,0,0,0,0,0,0,0.171,0,0,0,0,0.741,0.183,0.713,0.39,0.151,0.152,0.269,0.435,0.272,0.266,0.286,0.405,0.171,0.226,0.22,0.315,0.19,0.305,0.231,0.216,0.209,0.183,0.706,0.233,0,0,0,0,0,0,0,0,0,0,0,0,0,0,0,0,0,0,0,0,0,0,0,0,0,0,0,0,0,0,0,0,0,0,0,0,0,0,0,0,0,0,0,0,0,0,0,0,0,0,0,0,0,0,0,0,0,0,0,0,0,0,0,0,0,0,0,0,0,0,0,0,0,0,0,0,0,0,0,0,0,0,0,0,0,0,0,0,0,0,0,0,0,0,0,0,0,0,0,0,0,0,0,0,0,0,0,0,0,0,0,0,0,0,0,0,0,0,0,0,0,0,0,0,0,0,0,0,0,0,0,0,0,0,0,0,0,0,0,0,0,0,0,0,0,0,0,0,0,0,0,0,0,0,0,0,0,0,0,0,0,0,0,0,0,0,0,0,0,0,0,0,0,0,0,0,0,0,0,0,0,0,0,0,0,0,0,0,0,0,0,0,0,0,0,0,0,0,0,0,0,0,0,0,0,0,0,0,0,0,0,0,0,0,0,0,0,0,0,0,0,0,0,0,0,0,0,0,0,0,0,0,0,0,0,0,0,0,0,0,0,0,0,0,0,0,0,0,0,0,0,0,0,0,0,0,0,0,0,0,0,0,0,0,0,0,0,0,0,0,0,0,0,0,0,0,0,0,0,0,0,0,0,0,0,0,0,0,0,0,0,0,0,0,0,0,0,0,0,0,0,0,0,0,0,0,0,0,0,0,0,0,0,0,0,0,0,0,0,0,0,0,0,0,0,0,0,0,0,0,0,0,0,0,0,0,0,0,0,0,0,0,0,0,0,0,0,0,0,0,0,0,0,0,0,0,0,0,0,0,0,0,0,0,0,0,0,0,0,0,0,0,0,0,0,0,0,0,0,0,0,0,0,0,0,0,0,0,0,0,0,0,0,0,0,0,0,0,0,0,0,0,0,0,0,0,0,0,0,0,0,0,0,0,0,0,0,0,0,0,0,0,0,0,0,0,0,0,0,0,0,0,0,0,0,0,0,0,0,0,0,0,0,0,0,0,0,0,0,0,0,0,0,0,0,0,0,0,0,0,0
856913,0,0,0,0,0,0,0,0,0.175,0.156,0.414,0.388,0,0,0,0,0.207,0.972,0,0,0.645,0,0,0,0,0,0,0.894,0.191,0.525,0,0.199,0,0,0.182,0.639,0.231,0.297,0,0,0,0.316,0,0,0,0,0,0,0,0,0,0,0,0,0,0,0,0,0,0,0.161,0,0,0,0,0.235,0,0.403,0,0.187,0.517,0,0,0,0,0,0,0,0,0,0,0,0,0.207,0,0.161,0.423,0,0,0,0,0,0,0.388,0,0,0.583,0.161,0.282,0,0,0,0.247,0,0,0,0.161,0,0.594,0.216,0.26,0,0,0,0.323,0,0,0.6,0,0,0,0.614,0,0,0,0.179,0,0,0.612,0.34,0,0,0,0.249,0,0.333,0,0,0,0,0,0,0,0,0,0,0,0,0,0,0.346,0,0.361,0,0,0,0,0,0.228,0,0,0.258,0,0.194,0.282,0,0,0.215,0,0,0.995,0,0,0,0,0,0,0,0.394,0,0,0,0,0,0,0,0,0,0,0,0,0,0,0,0,0,0,0,0,0,0,0,0,0,0,0,0,0,0,0,0,0,0,0,0,0,0.234,0,0,0,0,0,0,0,0,0,0,0,0,0,0,0,0,0,0,0,0,0,0,0.426,0,0,0,0,0,0,0,0,0,0,0,0,0,0,0.192,0.334,0,0,0,0,0,0,0,0,0,0,0,0,0,0,0,0,0,0,0,0,0,0,0,0,0,0,0,0,0,0,0,0,0,0,0,0,0,0,0.271,0,0,0,0,0,0,0,0,0,0,0,0,0,0,0,0,0,0,0,0,0,0,0,0,0,0,0,0,0,0,0,0.199,0,0,0,0,0,0,0,0,0,0,0,0,0,0,0,0,0.198,0,0,0,0.237,0,0.272,0,0,0,0,0.193,0,0,0.278,0,0,0,0,0.409,0,0,0,0,0,0,0,0,0,0.29,0,0,0,0,0,0,0,0,0,0,0,0,0,0,0,0,0,0,0,0,0,0,0,0,0,0,0,0,0,0,0,0,0,0,0,0,0,0,0,0.152,0,0,0,0,0,0,0,0,0,0,0,0,0,0,0,0,0,0.51,0.59,0,0,0,0,0,0,0,0,0,0.285,0,0,0,0,0,0,0,0,0,0,0,0,0,0,0,0,0,0,0,0,0,0,0,0,0,0,0,0,0,0,0,0,0,0,0,0,0,0,0,0,0,0.16,0,0,0,0,0,0,0,0,0,0,0,0,0,0,0,0,0,0,0,0,0.262,0,0,0,0,0,0,0,0,0,0,0,0,0,0,0,0,0,0.182,0,0,0,0,0,0,0,0,0,0,0,0,0,0,0,0,0,0,0,0,0,0,0.333,0,0,0,0,0,0,0,0,0,0,0,0,0,0,0,0,0,0,0,0,0,0,0,0,0,0,0,0,0,0,0,0,0,0,0,0,0,0,0.2,0,0,0,0,0.781,0,0,0,0,0,0.196,0,0,0,0,0,0,0,0,0,0,0,0,0,0,0,0,0.234,0,0,0,0,0,0,0,0,0,0,0,0,0,0,0,0,0,0,0,0,0,0,0,0,0,0,0,0,0,0,0.19,0,0,0,0,0,0,0,0,0.151,0,0,0,0,0,0,0,0,0,0,0,0,0,0,0,0,0.253,0,0,0,0,0,0,0,0,0,0,0,0,0,0,0,0,0,0,0,0,0,0,0,0,0,0,0,0,0.401,0,0,0,0,0,0,0,0,0,0,0.225,0,0,0,0,0,0,0,0,0,0,0,0,0,0,0,0,0,0,0,0,0,0,0,0,0,0,0,0,0,0,0,0,0,0,0,0,0,0,0,0,0,0,0,0,0,0,0,0,0,0,0,0,0,0,0,0,0,0,0,0,0,0,0,0,0,0.161,0,0,0,0,0,0,0,0,0,0,0,0,0,0,0,0,0,0,0,0,0,0,0,0,0,0,0,0,0,0,0,0,0,0,0,0.179,0,0,0,0,0,0,0,0,0,0,0,0,0,0,0,0,0,0,0,0,0,0,0,0,0,0,0.25,0,0,0,0,0,0,0,0,0,0,0,0,0,0,0,0,0,0,0,0,0,0,0,0,0,0,0,0,0,0,0,0,0,0,0,0,0,0,0,0,0,0,0.218,0,0,0,0,0,0,0,0,0,0,0.252,0,0,0,0,0,0,0.401,0,0,0,0,0,0,0,0,0,0,0,0,0.262,0,0,0,0.216,0,0,0,0,0,0,0,0,0,0,0,0,0.185,0,0,0,0,0.193,0,0,0,0,0,0,0,0,0,0,0,0,0,0,0.212,0,0,0.158,0,0,0,0,0,0,0,0,0,0,0.152,0,0,0,0,0,0,0,0,0,0,0,0,0,0,0,0,0,0,0,0,0,0,0,0,0,0,0,0,0,0,0,0,0,0,0,0,0,0,0,0,0,0,0,0,0.15,0,0,0,0,0,0,0,0,0,0,0,0,0,0,0,0,0,0,0,0,0,0,0,0,0,0,0,0,0,0,0,0,0,0,0,0,0,0,0,0,0,0,0,0,0,0,0,0,0,0,0,0,0,0,0,0,0,0,0,0,0,0,0,0,0,0.18,0,0,0,0,0,0,0,0,0,0,0,0,0,0,0,0,0,0,0,0,0,0,0,0,0,0,0.403,0,0.392,0,0,0,0,0,0,0,0,0,0.18,0,0,0,0,0.292,0,0,0,0,0,0,0,0,0,0,0.295,0,0,0,0,0,0,0,0.375,0,0.416,0,0.181,0,0,0,0,0,0,0,0,0,0,0,0,0,0,0,0,0,0,0,0.18,0,0,0,0,0,0,0,0,0,0,0,0,0,0,0,0,0,0,0,0,0,0,0,0,0.305,0,0,0,0.159,0,0,0,0,0,0,0,0,0,0,0,0,0,0,0,0,0.157,0,0,0,0,0,0,0,0,0,0,0,0.18,0,0,0,0,0,0.223,0,0,0,0,0,0,0,0,0,0,0,0,0,0,0,0.21,0,0,0,0,0,0,0,0,0,0,0,0,0,0,0,0,0,0,0,0,0,0,0,0,0,0,0,0,0,0,0,0,0,0,0,0,0,0,0,0,0,0,0,0,0,0,0,0,0,0.209,0,0,0,0,0,0,0,0,0,0,0,0,0,0,0,0,0,0,0,0,0,0,0,0,0,0,0,0.152,0,0,0,0,0,0,0,0,0,0,0,0,0,0,0,0,0,0,0,0,0,0,0,0,0,0,0,0,0,0,0,0.665,0,0,0.222,0,0,0,0,0,0.184,0,0,0,0,0,0,0,0,0,0,0,0,0,0,0,0,0,0,0.152,0,0,0,0,0,0,0,0,0,0,0,0,0,0,0,0,0,0,0,0,0,0,0,0,0,0,0,0,0,0,0,0,0.311,0,0,0,0.224,0,0,0,0,0,0,0,0,0,0,0,0,0,0,0,0,0,0,0,0,0,0,0,0,0,0,0,0,0,0,0,0,0,0,0,0,0,0,0,0,0,0,0,0,0,0,0,0,0.18,0,0,0,0,0,0,0,0,0,0,0,0,0,0.183,0,0,0,0,0,0,0,0,0,0,0,0,0,0,0,0,0,0,0,0,0,0,0,0,0.18,0,0,0,0.329,0,0,0,0,0.408,0,0,0,0,0,0,0,0,0,0,0,0,0,0,0,0,0,0,0.161,0,0,0,0,0,0,0,0,0,0,0,0,0,0,0,0,0,0,0,0,0,0,0,0.295,0,0,0,0,0.196,0,0,0,0,0,0.246,0.155,0.208,0,0,0,0,0.587,0,0.222,0,0,0,0,0,0,0,0,0,0,0,0.28,0,0,0,0,0,0,0,0,0,0,0.318,0,0,0.615,0.296,0,0,0,0,0.803,0.689,0,0,0,0.982,0,0.637,0,0,0,0,0,0,0,0,0,0,0,0,0,0,0,0,0,0,0,0,0,0,0,0,0,0,0,0,0,0.172,0,0,0,0,0,0,0,0,0,0,0,0,0,0,0,0,0,0,0,0,0,0,0,0,0,0,0,0,0,0,0,0,0,0,0,0,0,0,0.192,0,0,0,0,0,0,0,0,0,0,0,0,0.161,0.196,0,0.288,0,0,0,0,0,0,0,0,0,0,0,0,0,0,0,0,0,0,0,0,0,0,0,0,0,0,0,0,0,0,0,0,0,0,0,0,0,0,0,0,0.15,0,0,0,0,0,0,0,0,0,0,0,0,0,0,0,0.673,0,0,0,0,0,0.23,0,0,0,0,0,0,0,0,0,0,0,0,0,0,0,0,0,0,0,0.182,0,0,0,0,0,0,0,0,0,0,0,0,0,0,0,0,0,0,0,0,0,0,0.151,0,0,0,0,0,0,0.421,0,0,0,0,0,0,0,0,0,0,0.311,0,0.2,0,0,0,0,0,0,0,0,0,0,0,0,0,0,0,0,0,0,0,0,0,0,0,0,0,0,0,0,0,0,0,0,0,0,0,0.228,0,0,0,0,0,0,0,0,0,0,0,0,0,0,0,0,0,0,0,0,0,0,0,0,0,0,0,0,0,0,0,0,0,0,0,0,0,0.171,0,0,0,0,0,0,0.159,0,0,0,0,0,0,0,0,0,0,0,0,0.161,0,0,0,0,0.225,0,0,0,0,0,0,0,0,0.218,0,0,0,0,0,0,0,0,0,0,0,0,0,0,0.178,0,0.236,0,0,0,0,0,0,0,0,0,0,0.357,0,0,0,0,0,0,0,0,0,0,0,0,0,0,0,0,0,0,0.349,0,0,0,0,0,0,0,0,0,0,0,0,0,0,0,0,0,0,0,0,0,0.198,0,0.162,0,0,0,0,0,0,0,0.285,0,0,0,0,0,0,0,0,0,0,0,0.52,0.199,0,0,0,0,0,0,0,0,0,0,0,0,0,0,0.226,0,0,0,0,0,0,0,0.748,0,0,0,0,0,0,0,0.285,0,0,0,0,0,0,0,0,0,0,0,0,0,0,0,0,0,0,0,0,0,0,0,0,0,0,0,0,0,0,0,0,0,0,0,0.307,0,0,0,0,0,0,0,0,0,0,0,0,0,0,0,0,0,0,0,0,0,0,0,0,0,0,0,0,0,0,0,0,0,0,0,0,0,0,0,0.151,0,0,0,0,0,0,0,0,0,0,0,0,0,0.197,0,0,0,0,0,0,0,0,0,0,0,0,0,0,0,0,0,0,0,0,0,0,0,0,0,0,0.152,0,0,0,0,0,0,0,0,0,0,0,0,0,0,0.196,0,0,0,0,0,0,0,0,0,0,0,0,0,0,0,0,0,0,0,0.175,0,0,0,0,0,0.234,0,0.163,0,0,0,0.165,0,0,0,0,0.237,0,0,0,0,0,0,0,0,0,0,0,0,0,0,0,0,0,0,0,0,0,0,0,0,0,0,0,0,0,0,0,0,0,0,0,0,0,0,0,0,0,0,0,0,0.161,0,0,0,0,0,0,0,0,0,0.313,0,0,0,0,0,0,0.185,0,0,0,0,0,0,0,0,0,0,0,0,0,0,0,0,0,0,0,0,0,0,0,0,0,0,0,0,0,0,0,0,0,0,0,0,0,0,0,0,0,0,0,0,0,0,0,0,0,0,0,0,0,0,0,0,0,0,0,0,0,0,0,0.377,0,0,0,0.161,0,0,0,0,0,0,0,0,0,0,0,0,0,0,0,0,0,0,0,0,0,0,0,0,0,0,0,0,0,0,0,0,0,0,0,0,0,0,0,0,0,0,0,0,0,0,0,0.194,0,0,0,0,0,0,0,0,0,0,0,0,0,0,0.32,0,0,0,0.173,0,0,0.233,0,0,0,0,0,0.462,0,0,0,0,0,0.273,0,0,0,0,0,0,0,0,0,0,0,0.152,0,0,0,0,0.299,0,0,0,0.424,0,0,0,0,0,0,0,0.324,0,0,0,0,0,0,0,0,0,0,0,0,0,0.231,0,0,0,0,0,0,0,0,0,0,0,0,0.177,0.194,0,0,0,0,0,0.269,0,0,0,0,0,0,0.159,0,0.155,0,0.22,0.245,0,0,0,0,0.33,0,0.171,0,0,0,0,0,0,0,0,0.199,0,0,0,0,0.307,0,0,0,0,0,0,0,0,0,0,0,0,0,0,0,0,0,0,0,0,0,0.151,0,0,0.4,0,0.323,0,0,0,0,0,0,0,0,0,0,0,0,0,0,0,0,0,0,0,0,0,0,0,0,0,0,0,0,0,0,0,0,0,0,0,0.168,0,0,0,0,0,0,0,0,0,0.488,0,0,0,0,0,0,0,0,0,0,0,0,0,0,0,0,0,0,0,0,0,0,0,0,0,0,0,0,0,0,0,0,0,0,0,0,0,0,0,0,0,0,0,0,0,0,0,0,0,0,0,0,0,0.198,0,0.172,0,0,0,0,0,0,0,0,0,0,0,0,0,0,0,0,0,0,0,0,0,0,0,0,0,0,0,0,0,0,0,0,0,0,0,0,0,0,0,0,0,0,0,0,0,0,0,0,0,0,0,0,0,0,0,0,0,0,0,0,0,0,0,0,0,0,0,0,0,0,0,0,0,0,0,0,0,0,0,0,0,0,0,0,0,0,0,0,0,0,0,0,0,0,0,0,0,0,0,0,0,0,0,0,0,0,0,0,0,0,0,0,0,0,0,0,0,0,0,0,0,0,0,0,0,0,0,0,0,0,0,0,0,0,0,0,0,0,0,0,0,0,0,0,0,0,0,0,0,0,0,0,0,0,0,0,0,0,0,0,0,0,0,0,0,0,0,0,0,0,0,0,0,0,0,0,0,0,0,0,0,0,0,0,0,0,0,0,0,0,0,0,0,0,0,0,0,0,0,0,0,0,0,0,0,0,0,0,0,0,0,0,0,0,0,0,0,0,0,0,0,0,0,0,0,0,0,0,0,0,0,0,0,0,0,0,0,0,0,0,0,0,0,0,0,0,0,0,0,0,0,0,0,0,0,0,0,0.177,0,0,0,0,0,0,0,0,0,0,0,0,0,0,0,0,0,0,0,0,0,0,0,0,0,0,0,0,0,0,0.165,0,0,0,0,0,0,0,0,0,0,0,0,0,0,0,0,0,0,0,0,0,0,0,0,0.306,0,0,0,0,0,0,0,0,0,0,0,0,0,0,0,0,0,0,0,0,0,0,0,0,0,0,0,0,0,0,0,0,0,0,0,0,0,0,0,0,0,0,0.289,0,0,0,0,0,0,0,0,0,0,0,0.211,0,0,0,0,0,0,0,0,0,0,0,0,0,0,0,0,0,0,0,0,0,0,0,0,0,0,0,0,0,0,0,0,0,0,0.441,0,0,0,0,0,0,0,0,0,0,0,0,0,0,0,0,0,0,0,0,0,0,0,0,0,0,0,0,0,0,0,0,0,0,0,0,0.286,0,0.189,0,0,0,0,0,0,0,0,0,0,0,0,0,0,0,0,0,0,0,0,0,0,0,0,0,0,0,0,0,0,0,0,0,0,0,0,0,0,0,0,0.452,0,0,0,0,0,0,0,0,0,0,0,0,0,0.737,0,0,0,0,0,0,0,0,0,0,0,0,0,0,0,0.153,0,0,0.163,0,0,0,0,0,0,0,0,0,0,0,0,0,0,0,0,0,0,0,0,0,0,0,0,0,0,0,0,0,0.668,0,0,0,0,0,0,0,0,0,0,0,0,0,0,0,0.405,0,0,0,0,0,0,0,0,0,0,0,0,0,0,0,0,0,0.223,0,0,0,0,0,0,0,0,0,0,0,0,0,0,0,0,0,0,0,0,0,0,0,0,0,0,0,0,0.239,0,0,0,0,0,0,0,0,0,0,0,0,0,0,0,0,0,0,0,0,0,0,0,0,0,0,0,0,0,0,0,0,0,0,0,0,0,0,0,0,0,0,0,0,0,0,0,0,0,0,0,0,0,0,0,0,0,0,0,0,0,0,0,0,0.189,0,0,0,0,0,0,0,0.473,0,0,0,0,0,0,0,0,0,0,0,0,0,0,0,0,0,0,0,0,0,0,0,0,0,0,0,0,0,0,0,0,0,0,0,0,0,0,0,0,0,0,0.173,0,0,0,0,0,0,0,0,0,0,0,0,0,0,0,0,0,0,0,0,0,0,0,0,0,0,0,0,0,0,0,0,0,0,0,0,0,0,0,0,0,0,0,0,0,0,0,0,0,0,0,0,0,0,0,0,0,0,0,0,0,0,0,0,0,0,0,0,0,0,0,0,0,0,0,0,0,0,0,0,0,0,0,0,0,0,0,0,0,0,0,0,0,0,0,0,0,0,0,0,0,0,0,0,0,0,0,0,0,0,0,0,0,0,0,0,0,0,0,0,0,0,0,0,0,0,0,0,0,0,0,0,0,0,0,0,0,0,0,0,0,0,0.227,0,0,0.152,0,0,0,0,0,0,0,0,0,0,0,0,0,0,0,0,0,0,0,0,0,0,0,0,0,0,0,0,0,0,0,0,0,0,0,0,0,0,0,0,0,0,0,0,0,0,0,0,0,0,0,0,0,0,0,0,0,0,0.28,0,0,0,0,0,0,0,0.16,0.29,0,0,0,0,0,0,0,0,0,0,0,0,0,0,0,0,0.176,0,0,0,0,0,0,0,0,0,0,0,0,0,0,0,0,0,0,0,0,0,0,0,0,0,0,0,0,0,0,0,0,0,0,0,0,0,0,0,0,0,0,0,0,0,0,0,0,0,0,0,0,0,0,0,0,0,0,0,0,0,0,0,0,0,0,0,0,0.153,0,0,0.425,0,0,0,0,0,0,0,0,0,0,0,0,0,0,0,0,0,0,0,0,0,0,0,0,0,0,0,0,0,0,0,0,0,0,0,0,0,0,0,0,0,0,0,0,0,0,0,0,0,0,0,0,0,0,0,0,0,0,0.327,0,0,0,0,0,0,0,0,0,0,0,0,0,0,0,0,0,0,0,0,0,0,0,0,0.282,0,0,0,0,0.517,0,0,0,0,0,0,0,0,0,0,0,0,0,0,0,0,0.218,0,0,0.37,0,0,0.204,0,0,0,0,0,0,0,0,0,0.19,0.199,0.152,0.199,0.188,0.199,0.841,0.169,0.237,0.167,0.236,0.165,0.194,0.165,0.681,0.242,0.196,0.15,0.318,0.367,0.301,0.22,0.218,0.19,0.541,0.218,0.571,0,0,0,0,0,0,0,0,0,0,0,0,0,0,0,0,0,0,0,0,0,0,0,0,0,0,0,0,0,0,0,0,0,0,0,0,0,0,0,0,0,0,0,0,0,0,0,0,0,0,0,0,0,0,0,0,0,0,0,0,0,0,0,0,0,0,0,0,0,0,0,0,0,0,0,0,0,0,0,0,0,0,0,0,0,0,0,0,0,0,0,0,0,0,0,0,0,0,0,0,0,0,0,0,0,0,0,0,0,0,0,0,0,0,0,0,0,0,0,0,0,0,0,0,0,0,0,0,0,0,0,0,0,0,0,0,0,0,0,0,0,0,0,0,0,0,0,0,0,0,0,0,0,0,0,0,0,0,0,0,0,0,0,0,0,0,0,0,0,0,0,0,0,0,0,0,0,0,0,0,0,0,0,0,0,0,0,0,0,0,0,0,0,0,0,0,0,0,0,0,0,0,0,0,0,0,0,0,0,0,0,0,0,0,0,0,0,0,0,0,0,0,0,0,0,0,0,0,0,0,0,0,0,0,0,0,0,0,0,0,0,0,0,0,0,0,0,0,0,0,0,0,0,0,0,0,0,0,0,0,0,0,0,0,0,0,0,0,0,0,0,0,0,0,0,0,0,0,0,0,0,0,0,0,0,0,0,0,0,0,0,0,0,0,0,0,0,0,0,0,0,0,0,0,0,0,0,0,0,0,0,0,0,0,0,0,0,0,0,0,0,0,0,0,0,0,0,0,0,0,0,0,0,0,0,0,0,0,0,0,0,0,0,0,0,0,0,0,0,0,0,0,0,0,0,0,0,0,0,0,0,0,0,0,0,0,0,0,0,0,0,0,0,0,0,0,0,0,0,0,0,0,0,0,0,0,0,0,0,0,0,0,0,0,0,0,0,0,0,0,0,0,0,0,0,0,0,0,0,0,0,0,0,0,0,0,0,0,0,0,0,0,0,0,0,0,0,0,0,0,0,0,0,0
852557,0,0,0,0,0,0,0,0,0,0,0,0,0,0,0,0,0,0,0,0,0,0,0,0,0,0,0,0,0,0,0,0,0,0,0,0,0,0,0,0,0,0,0,0,0,0,0,0,0,0,0,0,0,0,0,0,0,0,0,0,0,0,0,0,0,0,0,0,0.192,0,0,0,0,0,0,0,0,0,0,0,0,0,0,0,0,0,0,0,0,0,0,0,0,0,0,0,0,0,0,0,0,0,0,0,0,0,0,0,0,0,0,0,0,0,0.286,0,0,0,0,0,0,0,0,0,0,0,0,0,0,0,0,0,0,0,0,0,0,0,0,0,0,0,0,0,0,0,0,0,0,0,0,0,0,0,0,0,0,0,0,0,0,0,0,0,0,0,0,0,0,0,0.313,0,0,0,0,0,0,0,0,0,0,0,0,0,0,0,0,0,0,0,0,0,0,0,0,0,0,0,0,0,0,0,0,0,0,0,0,0,0,0,0,0,0,0,0,0,0,0,0,0,0,0,0,0,0,0,0,0,0,0,0,0,0,0,0,0,0,0,0,0.198,0,0,0,0,0,0,0,0,0,0,0,0,0,0,0,0,0,0,0,0,0,0,0,0,0,0,0,0,0,0,0,0,0,0,0,0,0,0,0,0,0,0,0,0,0,0,0,0,0,0,0,0,0,0,0,0,0,0,0,0,0,0,0,0,0,0,0,0,0,0,0,0,0,0,0,0,0,0,0,0,0,0,0,0,0,0,0.212,0,0,0,0,0,0,0,0,0,0,0,0,0,0,0,0,0,0,0,0,0,0,0,0,0,0,0,0,0,0,0,0,0,0,0,0,0,0,0,0,0,0,0,0,0,0,0,0,0,0,0,0,0,0,0,0,0,0,0,0,0,0,0,0,0,0,0,0,0,0,0,0,0,0,0,0,0,0,0,0,0,0,0,0,0,0,0,0,0,0,0,0,0,0,0,0,0,0,0,0,0,0,0,0,0,0,0,0,0,0,0.177,0,0,0,0,0,0,0,0,0,0,0,0,0,0,0,0,0,0,0,0,0,0,0,0,0,0,0,0,0,0,0,0,0,0,0.197,0,0,0,0,0,0,0,0,0,0,0,0,0,0,0,0,0,0,0,0,0,0,0,0,0,0,0,0,0,0,0,0,0,0,0,0,0,0,0,0,0,0,0,0,0,0,0,0,0,0,0,0,0,0,0,0,0,0,0,0,0,0,0,0,0,0,0,0,0,0,0,0,0,0,0,0,0,0,0,0,0,0,0,0,0,0,0,0,0,0,0,0,0,0,0,0,0,0,0,0,0,0,0,0,0,0,0,0,0,0,0,0,0,0.825,0,0,0,0,0,0,0,0,0,0,0,0,0,0,0,0,0,0,0,0,0,0,0,0,0,0,0,0,0,0,0,0,0,0,0,0,0,0,0,0,0,0,0,0,0,0,0,0,0,0,0,0,0,0,0,0,0,0,0,0,0,0,0,0,0,0,0,0,0,0,0,0,0,0,0,0,0,0,0,0,0,0,0,0,0,0,0,0,0,0,0,0,0,0,0,0,0,0,0,0,0,0,0,0,0,0,0,0,0,0,0,0,0,0,0,0,0,0,0,0,0,0,0,0,0,0,0,0,0,0,0,0,0,0,0,0,0,0,0,0,0,0,0,0,0,0,0,0,0,0,0,0,0,0,0,0,0,0,0,0,0,0,0,0,0,0,0,0,0,0,0,0,0,0,0,0,0,0,0,0,0,0,0,0,0,0,0,0,0,0,0,0,0,0,0,0,0,0,0,0,0,0,0,0,0,0,0,0,0,0,0,0,0,0,0,0,0,0,0,0,0,0,0,0,0,0,0,0,0,0,0,0,0,0,0,0,0,0,0,0,0,0,0,0,0,0,0,0,0,0,0,0,0,0,0,0,0,0,0,0,0,0,0,0,0,0,0,0,0,0,0,0,0,0,0,0,0,0,0,0,0,0,0,0,0,0,0,0,0,0,0,0,0,0,0,0,0,0,0,0,0,0,0,0,0,0,0,0,0,0,0,0,0,0,0,0,0,0,0,0,0,0,0,0,0,0,0,0,0,0,0,0,0,0,0,0,0,0,0,0,0,0,0,0,0,0,0,0,0,0,0,0,0,0,0,0,0,0,0,0,0,0,0,0,0,0,0,0,0,0,0,0,0,0,0,0,0,0,0,0,0,0,0,0,0,0,0,0,0,0,0,0,0,0,0,0,0,0,0,0,0,0,0,0,0,0,0,0,0,0,0,0,0,0,0,0,0,0,0,0,0,0,0,0,0,0,0,0,0,0,0,0,0,0,0,0,0,0,0,0,0,0,0,0,0,0,0,0,0,0,0,0,0,0,0,0.201,0,0,0,0,0,0,0,0,0,0,0,0,0,0,0,0,0,0,0,0,0,0,0,0,0,0,0,0,0,0,0,0,0,0,0,0,0,0,0,0,0,0,0,0,0,0,0,0,0,0,0,0,0,0,0,0,0,0,0,0,0,0,0,0,0,0,0,0,0,0,0,0,0,0,0,0,0,0,0,0,0,0,0,0,0,0.198,0,0,0,0,0,0,0,0,0,0,0,0,0,0,0,0,0,0,0,0.351,0,0,0,0,0,0,0,0,0,0,0,0,0,0,0,0,0,0,0,0,0,0,0,0,0,0,0,0,0,0,0,0,0,0,0,0,0,0,0,0,0,0,0,0,0,0,0,0,0,0,0,0,0,0,0,0,0,0,0,0,0,0,0,0,0,0,0,0,0,0,0,0,0,0,0,0,0,0,0,0,0,0,0,0,0,0,0,0,0,0,0,0,0,0,0,0,0,0,0,0,0,0,0,0,0,0,0,0,0,0,0,0,0,0,0,0,0,0,0,0,0,0,0,0,0,0,0,0,0,0,0,0,0,0,0,0,0,0,0,0,0,0,0,0,0,0,0,0,0,0,0,0,0,0,0,0,0,0,0,0,0,0,0,0,0,0,0,0,0,0,0,0,0,0,0,0,0,0,0,0,0,0,0,0,0,0,0,0,0.199,0,0,0,0,0,0,0,0,0,0,0,0,0,0,0,0,0,0,0,0,0,0,0,0,0,0,0,0,0,0,0,0,0,0,0,0,0,0,0,0,0,0,0,0,0,0,0,0,0,0,0,0,0,0,0,0,0,0,0,0,0,0,0,0,0,0,0,0,0,0,0,0,0,0,0,0,0,0,0,0,0,0,0,0,0,0,0,0,0,0,0,0,0,0,0,0,0,0,0,0,0,0,0,0,0,0,0,0,0,0,0,0,0,0,0,0,0,0,0,0,0,0,0,0,0,0,0,0,0,0,0,0,0,0,0,0,0,0,0,0,0,0,0,0,0,0,0,0,0,0,0,0,0,0,0,0,0,0,0,0,0,0,0,0,0,0,0,0,0,0,0,0,0,0,0,0,0,0,0,0,0,0,0,0,0,0,0,0,0,0,0,0,0,0,0,0,0,0,0,0,0,0,0,0,0,0,0,0,0,0,0,0,0,0,0,0,0,0.167,0,0,0,0,0,0,0,0,0,0,0,0,0,0.236,0,0,0,0,0,0,0,0,0,0,0,0,0,0,0,0,0,0,0,0,0,0,0.207,0,0,0,0,0,0.155,0,0,0,0,0,0,0,0,0,0,0,0,0,0,0,0,0,0,0,0,0,0,0,0,0,0,0,0,0,0,0,0,0,0,0,0,0,0,0,0.245,0,0,0,0,0,0,0,0,0,0,0,0,0,0,0,0,0,0,0,0,0,0,0,0,0,0,0,0,0,0,0,0,0,0,0,0,0,0,0,0.194,0,0,0,0,0,0,0,0,0,0,0,0,0,0,0,0,0,0,0,0,0,0,0,0,0,0,0,0,0,0,0,0,0,0,0,0,0,0,0,0,0,0,0,0,0,0,0,0,0,0,0,0,0,0,0,0,0,0,0,0,0,0,0,0,0,0,0,0,0,0,0,0,0,0,0,0,0,0,0,0,0,0,0,0,0,0,0,0,0,0,0,0,0,0,0,0,0,0,0,0,0,0.272,0,0,0,0,0,0.196,0,0,0,0,0,0,0,0,0,0,0,0,0,0,0,0,0,0,0,0,0,0,0,0,0,0,0,0,0,0,0,0,0,0,0,0,0,0,0,0,0,0,0,0,0,0,0,0,0,0,0,0,0,0,0,0,0,0,0,0,0,0,0,0,0.165,0,0,0,0,0,0,0,0,0,0,0,0,0,0,0,0,0,0,0,0,0,0,0,0,0,0,0,0,0,0,0,0,0,0,0,0,0,0,0,0,0,0,0,0,0,0,0.156,0,0,0,0,0,0,0,0,0,0,0,0,0,0,0,0,0,0,0,0,0,0.678,0,0,0,0,0,0,0,0,0,0,0,0,0,0,0,0,0,0,0,0,0,0,0,0,0,0,0,0,0,0,0,0,0,0,0,0,0,0,0,0,0,0.19,0,0,0,0,0,0,0,0,0,0,0,0,0,0,0,0,0,0,0,0,0.214,0,0,0,0,0,0,0,0,0,0,0,0,0,0,0,0,0,0,0,0,0,0,0,0,0,0,0,0,0,0,0,0,0,0,0,0,0,0,0,0,0,0,0,0,0,0,0,0,0,0,0,0,0,0,0,0,0,0,0,0,0,0,0,0,0,0,0,0,0,0,0,0,0,0,0,0,0,0,0,0,0,0,0,0,0.293,0,0,0,0,0,0,0,0,0,0,0,0,0,0,0,0,0,0,0,0,0,0,0,0,0,0,0,0,0.319,0,0,0,0,0,0,0,0,0,0,0,0,0,0,0,0,0,0,0,0,0,0,0,0,0,0,0,0,0,0,0,0,0,0,0,0,0,0,0,0,0,0,0,0,0,0,0,0,0,0,0,0,0,0,0,0,0,0,0,0,0,0,0,0,0,0,0,0,0,0,0,0,0,0,0,0,0,0,0,0,0.256,0,0,0,0,0.193,0,0,0,0,0.191,0,0,0,0,0,0,0,0,0,0,0,0,0,0,0,0,0,0,0,0,0,0,0,0,0,0,0,0.157,0,0,0,0,0,0,0,0,0,0,0,0,0.187,0,0,0,0,0,0,0,0,0,0,0,0,0,0,0,0,0,0,0,0,0,0,0,0,0,0,0,0,0,0,0,0,0,0,0,0,0,0,0,0,0,0,0,0,0,0,0,0,0,0,0,0,0,0,0,0,0,0,0,0,0,0,0,0,0,0,0,0,0,0,0,0.198,0,0,0,0,0,0,0,0,0,0,0,0,0,0,0,0,0,0,0,0,0,0,0,0,0,0,0,0,0,0,0,0,0,0,0,0,0,0,0,0,0,0,0,0,0,0,0,0,0,0,0,0,0,0,0,0,0,0,0,0,0,0,0,0,0,0,0,0,0,0,0,0,0,0,0,0,0,0,0,0,0,0,0,0,0,0,0,0,0,0,0,0,0,0,0,0,0,0,0,0,0,0,0,0,0,0,0,0,0,0,0,0,0,0,0.252,0,0,0,0,0,0,0,0,0.191,0,0,0,0,0,0,0,0,0,0,0,0,0,0,0,0,0,0,0,0,0,0.214,0,0,0,0,0,0.187,0,0.199,0,0,0,0,0,0,0,0,0,0,0,0,0,0,0,0,0,0,0,0,0,0,0,0,0,0,0,0,0,0,0,0,0,0,0,0,0,0,0,0,0,0,0,0,0,0,0,0,0,0,0,0,0,0,0,0,0,0,0,0,0,0,0,0,0,0.218,0,0,0,0,0,0,0,0,0,0,0,0,0,0,0,0,0,0,0,0,0,0,0,0,0,0,0,0,0,0,0,0,0,0,0,0,0,0,0,0,0,0,0,0,0,0,0,0,0,0,0,0,0,0,0,0,0,0,0,0,0.288,0,0,0,0,0,0,0,0,0,0,0,0,0,0,0,0,0,0,0,0,0,0,0,0,0,0,0,0.252,0,0,0,0,0,0,0,0,0,0,0,0,0,0,0,0,0,0,0.198,0,0,0,0,0,0,0,0,0,0,0,0,0,0,0,0,0,0,0,0,0,0,0,0,0,0,0,0,0,0,0,0,0,0,0,0,0,0,0,0,0,0,0,0,0,0,0,0,0,0,0,0,0,0,0,0,0,0,0,0,0,0,0,0,0,0,0,0,0,0,0,0,0,0,0,0,0,0,0,0,0,0,0,0,0,0,0,0,0,0,0,0,0,0,0,0,0,0,0,0,0,0,0,0,0,0,0,0,0,0,0,0,0,0,0,0,0,0,0,0,0,0,0,0,0,0,0,0,0,0,0,0,0,0,0,0,0,0,0,0,0,0,0,0,0,0,0,0,0,0,0,0,0,0,0,0,0,0,0,0,0,0,0,0,0,0,0,0,0,0,0,0,0,0,0,0,0,0,0,0,0,0,0,0,0,0,0,0,0,0,0,0,0,0,0,0,0,0,0,0,0,0,0,0,0,0,0,0,0,0,0,0,0,0,0,0,0,0,0,0,0,0,0,0,0,0,0,0,0,0,0,0,0,0,0,0,0.171,0,0,0,0,0,0,0,0,0,0,0,0,0,0,0,0,0,0,0,0,0,0,0,0,0,0,0,0,0,0,0,0,0,0,0,0,0,0,0,0,0,0,0,0,0,0,0,0,0,0,0,0,0,0,0,0,0,0,0,0,0,0,0,0,0,0,0,0,0,0,0,0,0,0,0,0,0,0,0,0,0,0,0,0,0,0,0,0,0,0,0,0,0,0.204,0,0,0,0,0,0,0,0,0,0,0,0,0,0,0,0,0,0,0,0,0,0,0,0,0,0,0,0,0,0,0,0,0,0,0,0,0,0,0,0,0,0,0,0,0,0,0,0,0,0,0,0,0,0,0,0,0,0,0,0,0,0,0,0,0,0,0,0,0.217,0,0,0,0,0,0,0,0,0,0,0,0,0,0,0,0,0,0,0,0,0,0,0,0,0,0,0,0,0,0,0,0,0,0,0,0,0,0,0,0,0,0,0,0,0,0,0,0,0,0,0.192,0,0,0,0,0.309,0,0,0,0,0,0,0,0,0,0,0,0,0,0,0,0,0,0,0,0,0,0,0,0,0,0,0,0,0,0,0,0,0,0,0,0,0,0,0,0,0,0,0,0,0,0,0,0,0,0,0,0,0,0,0,0,0,0,0,0,0,0,0,0,0,0,0,0,0,0,0,0,0,0,0,0,0,0,0,0,0,0,0,0,0,0,0,0,0,0,0,0,0,0,0,0,0,0,0,0,0,0,0,0,0,0,0,0,0,0,0,0,0,0,0,0,0,0,0,0,0,0,0,0,0,0,0,0,0,0,0,0,0,0,0,0,0,0,0,0,0,0,0,0,0,0,0,0,0,0,0,0,0,0,0,0,0,0,0,0,0.199,0,0,0,0,0,0,0,0,0,0,0,0,0,0,0,0,0,0,0,0,0,0,0,0,0,0,0,0,0,0,0,0,0,0,0,0,0,0,0,0,0,0,0,0,0,0,0,0,0,0,0,0,0,0,0,0,0,0,0,0,0,0,0,0,0,0,0,0,0,0,0,0,0,0,0,0,0,0,0,0,0,0,0,0,0,0,0,0,0,0,0,0,0,0,0,0,0,0,0,0,0,0,0,0,0,0,0,0,0,0,0,0,0,0,0,0,0,0,0,0,0,0,0,0,0,0,0,0,0,0,0,0,0,0,0,0,0,0,0,0,0,0,0,0,0,0,0,0,0,0,0,0,0,0,0,0,0,0,0,0,0,0,0.26,0,0,0,0,0,0,0,0,0,0,0,0,0,0,0,0,0,0,0,0,0,0,0.195,0,0,0,0,0,0,0,0,0,0,0,0,0,0,0,0,0,0,0,0,0,0,0,0,0,0,0,0,0,0,0,0,0,0,0,0,0,0,0,0,0,0,0,0,0,0,0,0,0,0,0,0,0,0,0,0,0,0,0,0,0,0,0,0,0,0,0,0,0,0,0,0.22,0,0,0,0,0,0,0,0,0,0,0,0,0,0,0,0,0,0,0,0,0,0,0,0,0,0,0,0,0,0,0,0,0,0,0,0,0,0,0,0,0,0,0,0,0,0,0,0,0,0,0,0,0.197,0,0,0,0,0,0,0,0,0,0,0,0,0,0,0,0,0,0,0,0,0,0,0,0,0,0,0,0,0,0,0,0,0,0,0,0,0,0,0,0,0,0,0,0,0,0,0,0,0,0,0,0,0,0,0,0,0,0,0,0,0,0,0.212,0,0,0,0,0,0,0,0,0,0,0,0,0,0,0,0,0,0,0,0,0,0,0,0,0,0,0,0,0,0,0,0,0,0,0,0,0,0,0,0,0,0,0,0,0,0,0,0,0,0,0,0,0,0,0,0,0,0,0,0,0,0,0,0,0,0,0,0,0,0,0,0,0,0,0,0,0,0,0,0,0,0,0,0,0,0,0,0,0,0,0,0,0,0,0,0,0,0,0,0.163,0,0,0,0,0,0,0,0,0,0,0,0,0,0,0,0,0,0,0,0,0,0,0,0,0,0,0,0,0,0,0,0,0,0,0,0,0,0,0,0,0,0,0,0,0,0,0,0,0,0,0,0,0,0,0,0,0,0,0,0,0,0,0,0,0,0,0,0,0,0,0,0,0,0,0,0,0,0,0,0,0,0,0,0,0,0,0,0,0,0,0,0,0,0,0,0,0,0,0,0,0,0,0,0,0,0,0,0,0,0,0,0,0,0,0,0,0,0,0,0,0.691,0.209,0.192,0.692,0.273,0.252,0.254,0.197,0.196,0.197,0,0,0,0,0,0,0,0,0,0,0,0,0,0,0,0,0,0,0,0,0,0,0,0,0,0,0,0,0,0,0,0,0,0,0,0,0,0,0,0,0,0,0,0,0,0,0,0,0,0,0,0,0,0,0,0,0,0,0,0,0,0,0,0,0,0,0,0,0,0,0,0,0,0,0,0,0,0,0,0,0,0,0,0,0,0,0,0,0,0,0,0,0,0,0,0,0,0,0,0,0,0,0,0,0,0,0,0,0,0,0,0,0,0,0,0,0,0,0,0,0,0,0,0,0,0,0,0,0,0,0,0,0,0,0,0,0,0,0,0,0,0,0,0,0,0,0,0,0,0,0,0,0,0,0,0,0,0,0,0,0,0,0,0,0,0,0,0,0,0,0,0,0,0,0,0,0,0,0,0,0,0,0,0,0,0,0,0,0,0,0,0,0,0,0,0,0,0,0,0,0,0,0,0,0,0,0,0,0,0,0,0,0,0,0,0,0,0,0,0,0,0,0,0,0,0,0,0,0,0,0,0,0,0,0,0,0,0,0,0,0,0,0,0,0,0,0,0,0,0,0,0,0,0,0,0,0,0,0,0,0,0,0,0,0,0,0,0,0,0,0,0,0,0,0,0,0,0,0,0,0,0,0,0,0,0,0,0,0,0,0,0,0,0,0,0,0,0,0,0,0,0,0,0,0,0,0,0,0,0,0,0,0,0,0,0,0,0,0,0,0,0,0,0,0,0,0,0,0,0,0,0,0,0,0,0,0,0,0,0,0,0,0,0,0,0,0,0,0,0,0,0,0,0,0,0,0,0,0,0,0,0,0,0,0,0,0,0,0,0,0,0,0,0,0,0,0,0,0,0,0,0,0,0,0,0,0,0,0,0,0,0,0,0,0,0,0,0,0,0,0,0,0,0,0,0,0,0,0,0,0,0,0,0,0,0,0,0,0,0,0,0,0,0
854734,0,0,0,0.167,0,0,0,0,0,0,0,0,0,0,0,0,0,0,0,0,0,0,0.364,0,0,0,0,0,0,0,0,0,0,0,0,0,0.203,0,0,0,0,0,0,0,0,0,0.295,0.277,0,0,0,0.183,0,0,0,0,0,0,0,0,0,0,0,0,0,0,0,0,0,0,0.225,0,0,0,0,0,0,0.57,0,0,0,0,0,0,0,0,0.179,0,0,0,0,0,0,0,0,0,0,0.166,0,0,0,0,0,0,0,0,0,0,0,0,0,0,0,0,0,0,0,0,0,0,0,0,0,0,0.259,0,0,0,0,0,0,0,0,0,0,0,0,0,0,0,0,0,0.259,0,0,0,0,0,0,0,0,0,0,0,0,0,0,0.182,0,0,0,0,0,0.343,0,0,0,0.363,0,0.214,0.193,0,0,0,0,0,0,0,0,0,0,0,0,0,0,0,0,0,0,0,0,0,0,0,0,0,0,0,0,0,0,0,0,0.335,0.343,0,0,0,0,0,0,0,0,0,0,0,0,0,0,0,0,0,0,0,0,0,0,0,0,0,0.181,0,0,0,0,0,0,0.645,0,0,0,0,0,0,0.257,0,0,0,0,0,0,0,0,0,0.192,0,0,0,0,0,0,0.246,0,0,0,0,0,0,0,0,0,0,0,0,0,0,0,0,0,0,0,0,0,0,0,0,0,0.153,0,0,0,0,0,0,0,0,0,0,0,0,0,0,0,0,0,0,0,0,0,0,0,0,0,0,0,0,0,0,0,0,0,0,0,0,0,0,0,0,0,0,0,0,0,0,0,0,0,0,0,0,0,0,0,0,0,0,0,0,0,0.237,0,0,0,0,0,0,0,0,0,0,0.211,0,0,0,0,0,0.746,0,0,0,0,0,0,0,0,0,0,0,0,0,0,0,0,0,0,0,0,0,0.171,0,0,0,0,0,0,0,0,0,0,0,0,0,0,0,0,0.151,0,0,0,0,0,0,0,0,0,0,0,0,0,0,0,0,0,0,0,0,0,0,0,0,0,0,0,0,0,0,0,0,0,0,0,0,0,0,0,0.199,0,0,0,0,0,0,0,0,0,0,0,0,0,0.156,0,0,0,0,0,0,0,0,0,0,0,0,0,0,0,0,0,0,0,0,0,0,0,0,0,0,0,0,0,0,0,0,0,0,0,0,0,0,0,0,0,0,0,0.154,0,0,0,0,0,0,0,0,0,0,0,0,0,0,0,0,0,0,0,0,0,0,0,0,0,0,0,0,0,0,0,0,0,0,0,0,0,0,0,0,0,0,0,0,0,0,0,0,0.3,0,0,0,0,0,0,0,0,0,0,0,0,0,0,0.181,0.26,0,0,0,0,0,0.369,0,0,0,0,0,0,0,0,0,0,0,0,0,0.231,0,0,0,0,0,0,0,0,0,0,0,0,0,0,0,0,0,0.167,0,0,0,0,0,0,0,0,0,0,0,0,0,0,0,0,0,0,0,0,0,0.15,0,0,0,0,0,0,0,0,0,0,0,0,0,0,0,0,0,0,0,0,0,0,0,0,0,0,0,0,0,0,0,0,0,0,0,0.534,0,0,0,0,0,0,0,0,0,0,0,0,0,0,0,0,0.335,0,0,0,0,0,0,0,0,0,0,0,0,0,0.381,0,0,0,0,0,0,0,0,0,0,0,0,0,0,0,0,0,0,0,0,0,0,0,0,0,0,0,0,0,0,0,0,0,0,0,0,0,0,0,0,0,0,0,0,0,0,0,0,0,0,0,0,0,0,0,0,0,0,0,0,0,0,0,0,0,0,0,0,0,0,0,0,0,0,0,0,0,0.295,0,0,0,0,0,0,0,0,0,0,0,0,0,0,0,0,0,0,0,0,0,0,0,0,0,0,0,0,0,0,0.293,0,0,0,0,0,0,0,0,0,0,0,0,0,0,0.358,0,0,0,0,0,0,0,0,0,0,0,0,0,0,0,0,0.748,0,0.39,0,0,0,0,0,0,0,0,0.157,0,0,0,0,0,0.206,0,0.175,0,0,0,0,0,0,0,0,0,0.194,0,0,0,0,0,0,0,0,0.216,0,0,0,0,0,0,0,0,0,0,0,0,0,0,0,0,0,0,0,0,0,0,0,0,0,0,0,0,0,0,0,0,0,0.293,0,0,0,0,0,0,0,0,0,0,0,0,0,0,0,0,0,0,0,0,0.293,0.519,0,0,0,0,0,0,0,0,0,0,0,0,0,0,0,0,0,0,0,0,0,0,0,0,0,0,0,0,0,0,0,0,0,0,0,0,0,0,0.204,0,0,0,0,0,0,0,0,0,0,0,0,0,0,0,0,0,0,0,0,0,0,0,0,0,0,0,0,0,0,0,0,0,0,0,0,0,0,0,0,0,0,0,0,0,0,0,0,0,0,0,0,0,0,0,0,0,0,0,0,0,0,0,0,0,0,0,0,0,0,0,0,0.616,0,0,0.462,0,0,0,0,0,0,0,0,0,0,0,0,0,0,0,0,0,0.243,0.195,0.185,0,0,0,0,0,0,0,0,0,0,0,0,0,0,0,0,0,0,0,0,0,0,0,0,0,0,0,0,0,0,0,0,0,0,0,0,0,0,0,0,0.196,0,0,0,0,0,0,0,0,0,0,0,0,0,0,0,0,0,0,0,0,0,0,0,0,0,0,0,0,0,0,0,0,0.224,0,0,0,0,0,0,0,0,0,0,0,0,0,0,0,0,0,0,0,0,0,0,0,0,0,0,0,0,0.284,0,0,0,0,0.575,0,0,0,0,0,0,0,0,0,0,0,0,0,0.262,0,0,0,0,0,0,0,0,0,0,0,0.189,0,0,0,0,0,0,0,0,0,0,0,0,0,0,0,0,0,0,0,0,0,0,0,0,0,0,0,0,0,0.199,0,0,0,0,0,0,0,0,0,0,0,0,0,0,0,0,0,0,0,0,0,0,0,0,0,0,0,0,0,0,0,0,0,0,0,0,0,0,0,0,0,0,0,0,0,0,0,0,0,0,0,0,0,0,0,0,0.19,0,0,0,0,0,0,0,0,0,0,0,0,0,0,0,0,0,0,0,0,0,0,0,0,0,0,0,0,0,0,0,0,0,0,0,0,0,0,0,0,0,0,0,0,0,0,0,0.532,0,0,0,0,0,0,0,0,0,0,0,0,0,0,0,0,0,0,0,0,0,0,0,0,0,0,0,0,0,0,0,0,0,0,0,0,0,0,0,0,0,0.192,0,0.268,0,0,0,0,0,0,0.155,0,0,0,0,0,0,0,0,0,0,0,0,0,0,0,0,0,0,0,0,0,0,0,0,0,0,0,0,0,0,0,0,0,0,0,0,0,0,0,0,0,0,0,0,0,0,0,0,0,0,0,0,0,0,0,0,0,0,0,0,0,0,0,0,0,0,0,0,0,0,0,0,0,0,0,0,0,0,0,0,0,0,0,0,0,0,0,0,0,0,0,0,0,0,0.681,0,0,0,0,0,0,0,0,0,0,0,0,0,0,0,0,0,0,0,0,0,0,0,0,0,0,0,0,0,0,0,0,0,0,0,0,0,0,0,0,0,0,0,0,0,0.152,0,0,0,0,0,0,0,0,0,0,0,0,0,0,0,0,0,0,0,0,0,0,0,0,0,0,0,0,0,0,0,0,0.998,0,0,0,0,0,0,0.309,0,0.171,0.238,0,0,0.189,0,0,0.262,0,0,0,0,0.198,0,0,0,0,0,0,0,0,0,0.204,0,0.244,0,0.999,0,0,0,0.234,0.242,0,0.754,0,0.193,0,0,0,0.999,0,0,0.267,0,0,0,0.151,0,0,0,0,0,0,0,0,0,0,0,0,0,0,0,0.999,0,0,0,0,0,0.173,0,0,0,0,0,0.729,0,0,0,0,0.336,0,0.193,0,0,0,0,0,0,0,0,0,0,0,0,0,0.485,0,0,0,0,0,0,0,0,0,0,0,0,0,0,0.164,0,0,0,0,0,0,0,0,0,0,0,0.198,0,0,0,0,0,0,0,0,0,0,0,0,0,0,0,0,0,0,0,0,0.793,0,0,0,0,0,0,0,0,0,0,0,0,0,0,0,0,0,0,0.307,0.257,0,0,0,0,0.754,0,0,0,0,0,0,0,0,0,0,0,0,0,0,0,0,0,0,0,0,0,0,0,0,0,0,0,0,0,0,0,0,0,0,0,0,0,0,0,0,0,0,0,0,0,0,0,0,0,0,0,0,0,0,0,0,0,0,0,0,0,0,0,0,0,0,0,0,0,0,0.209,0,0,0,0,0.193,0,0,0,0,0,0,0,0,0,0,0,0,0,0,0,0,0,0,0,0,0,0,0,0,0,0,0,0,0,0,0,0,0,0.808,0,0.236,0,0,0.191,0,0,0.171,0.173,0.222,0,0,0,0,0,0,0,0,0,0,0,0,0,0,0,0,0,0,0,0,0,0,0,0,0,0,0,0,0,0,0,0,0,0,0,0,0,0,0.167,0,0,0,0,0,0,0.194,0,0,0,0,0,0,0,0,0,0,0,0,0,0,0,0,0,0,0,0,0,0,0,0.373,0,0,0,0,0,0,0,0,0,0,0,0,0,0,0,0,0,0,0,0,0,0,0,0,0,0,0,0,0,0,0,0,0,0,0,0.192,0,0.185,0,0,0,0,0,0,0,0,0,0,0,0,0,0,0,0,0,0,0,0,0.271,0,0,0,0,0,0,0.266,0,0,0,0,0,0,0,0,0,0,0,0.168,0.428,0,0,0,0,0,0,0,0,0,0,0,0,0,0,0,0,0,0,0,0,0,0,0,0,0,0,0,0,0,0,0,0,0,0,0,0.31,0,0,0,0,0,0,0,0,0,0,0,0,0,0,0,0,0,0,0,0,0,0,0,0,0,0,0.757,0,0,0,0,0,0,0,0,0,0,0,0.211,0,0,0,0,0.155,0,0.825,0,0,0,0,0,0.642,0,0,0,0.183,0,0,0,0,0,0,0,0,0,0,0,0,0,0,0,0,0,0,0,0,0,0,0,0,0,0,0,0,0,0,0,0,0,0,0,0.214,0,0,0.198,0,0.187,0,0,0,0,0,0,0,0,0,0,0,0.366,0.299,0,0,0,0,0,0,0,0,0,0.394,0,0,0,0.19,0.258,0,0,0,0,0,0,0,0,0.445,0,0,0,0.737,0,0,0,0.258,0,0,0,0,0.25,0.797,0,0,0,0,0.163,0,0.457,0.209,0,0,0.258,0,0,0,0.25,0.23,0,0,0,0,0,0,0,0.169,0,0,0,0,0,0,0,0,0,0,0,0,0,0.28,0,0,0,0,0,0,0,0,0,0,0,0,0,0,0,0,0,0,0,0,0.193,0,0,0,0,0,0,0,0,0,0,0,0,0,0,0,0,0,0,0,0,0,0,0.294,0,0,0,0,0,0,0,0,0,0,0,0,0,0,0,0,0,0,0,0,0,0,0,0,0,0,0,0,0,0.183,0,0,0,0,0,0,0,0,0,0,0,0,0,0,0,0,0,0,0,0,0,0,0,0,0,0,0,0,0,0,0,0,0,0,0,0,0,0,0,0,0,0,0,0,0,0,0,0,0,0,0.876,0.189,0,0,0,0,0,0,0,0,0,0.161,0,0,0,0,0,0,0,0,0,0,0,0,0,0,0,0,0,0,0,0,0,0,0,0,0.164,0,0,0,0,0,0,0,0,0,0,0,0,0,0,0,0,0,0,0,0,0,0.305,0,0.18,0,0,0,0,0,0.22,0,0,0,0,0,0,0,0,0,0,0.754,0,0,0,0,0,0.179,0,0.556,0,0,0,0.198,0,0,0,0,0.366,0.232,0,0,0,0,0,0,0,0,0,0,0,0.25,0,0,0.319,0.235,0.175,0,0,0,0,0,0,0,0,0,0.263,0,0,0.236,0,0,0,0,0,0,0,0.775,0,0,0,0,0,0,0,0,0,0.29,0,0,0,0,0,0.257,0,0,0,0,0,0,0,0,0.238,0,0,0.778,0,0,0,0,0,0,0,0,0,0,0,0,0,0,0,0.188,0,0,0.786,0,0,0,0.255,0,0.858,0.858,0.736,0,0,0,0.387,0,0,0,0,0,0,0,0,0,0,0,0,0,0.806,0.203,0,0,0,0,0.413,0,0,0.195,0,0,0,0,0,0,0,0,0,0.151,0,0,0,0,0,0,0,0,0,0,0.347,0,0,0,0,0,0,0,0,0,0,0,0,0,0,0,0,0,0,0,0,0,0,0.226,0,0,0,0,0,0,0,0,0,0,0,0,0,0,0.226,0,0,0,0.646,0.169,0,0,0,0,0,0,0,0,0,0,0,0,0,0,0,0,0,0,0,0,0,0,0,0,0,0.182,0,0,0,0,0,0,0,0,0,0,0,0,0.304,0,0,0,0,0,0,0,0,0,0,0,0,0,0,0,0,0,0.333,0,0,0,0,0,0,0,0,0,0,0,0,0,0,0,0,0,0,0,0,0,0,0,0,0,0,0,0,0,0,0,0,0,0,0,0,0,0,0,0,0,0,0,0,0,0,0,0,0,0,0.191,0.231,0,0,0,0,0,0.276,0.56,0,0,0,0,0,0,0,0,0,0,0,0,0,0,0,0,0,0,0,0,0,0,0,0,0,0,0,0,0,0,0,0,0,0,0,0,0,0,0,0,0.269,0,0,0,0,0,0,0,0,0,0,0,0,0,0,0.195,0,0,0,0,0,0,0,0,0,0,0,0,0,0,0,0,0,0,0,0,0,0,0,0,0,0,0,0,0.22,0,0,0,0,0,0,0,0,0,0,0,0,0,0,0,0,0,0,0,0,0,0,0,0,0,0,0,0,0,0,0,0,0,0,0,0,0,0,0,0,0.201,0,0,0,0,0,0.153,0,0,0,0,0,0,0,0,0,0,0,0,0,0,0,0,0,0,0,0,0,0.173,0,0,0,0,0,0,0,0,0,0,0,0,0,0,0,0,0,0,0,0,0,0,0,0.309,0,0,0,0,0,0,0,0,0,0,0,0,0,0,0,0.307,0,0,0,0,0,0,0,0,0,0,0,0,0,0,0.232,0,0,0,0,0,0,0,0,0,0,0,0,0,0,0,0,0,0,0,0,0,0,0,0,0,0,0.759,0,0,0,0,0,0,0,0,0,0,0,0,0,0,0,0,0,0,0,0,0,0,0,0,0,0,0,0,0,0,0,0,0,0,0,0,0,0,0,0,0,0,0,0,0,0,0,0,0,0,0,0,0,0,0,0,0,0,0.198,0,0,0,0,0,0,0,0.334,0,0,0,0,0,0,0,0,0,0,0,0,0,0,0,0,0,0,0,0,0,0.181,0,0,0,0,0,0,0,0,0,0,0,0,0,0,0,0,0,0,0,0,0,0,0,0,0,0,0,0,0,0,0,0,0,0,0,0,0,0,0,0,0,0,0,0,0.157,0,0,0,0,0,0,0,0,0,0,0,0,0,0.173,0,0,0,0,0,0,0,0,0,0,0,0,0,0,0,0,0,0,0,0.159,0,0,0,0.454,0.48,0,0.349,0,0,0,0,0.989,0.778,0,0.565,0.999,0,0.576,0,0,0.242,0,0.778,0,0,0.592,0.157,0.178,0.196,0,0,0,0,0,0,0,0,0,0,0,0,0,0,0,0,0,0,0,0,0,0,0.536,0,0,0.185,0,0,0,0,0.199,0,0,0,0,0,0,0,0,0,0,0,0,0,0,0,0,0,0,0,0,0,0,0,0,0,0,0.176,0,0.268,0,0,0,0,0,0,0,0,0,0,0,0,0,0,0,0,0,0,0,0,0,0,0,0,0,0,0,0,0,0,0,0,0,0,0,0,0,0,0,0,0,0,0,0,0,0,0,0,0,0,0,0,0,0,0,0,0,0,0,0,0,0,0,0,0,0,0,0,0,0,0,0,0,0.428,0.2,0,0,0,0,0,0,0.173,0,0,0.896,0,0,0.338,0,0,0,0,0,0,0,0,0,0,0,0,0,0,0,0.52,0,0,0,0,0,0,0,0,0,0,0,0,0,0,0,0,0,0,0,0,0,0,0,0,0,0,0,0,0,0,0,0.248,0,0,0,0,0,0,0,0,0,0,0,0,0,0,0.361,0,0,0,0,0,0,0,0,0,0,0,0,0,0,0,0,0,0.216,0,0.49,0,0,0,0,0,0,0,0,0,0,0,0,0,0,0,0,0,0,0,0,0,0,0,0,0,0,0,0,0,0,0,0,0,0,0,0,0,0,0,0,0,0,0,0,0,0,0,0,0,0,0,0,0,0,0,0,0,0,0,0,0,0,0,0,0,0,0,0,0,0.219,0,0.901,0,0,0,0,0,0,0,0,0,0,0,0,0,0,0,0,0,0,0,0,0.228,0,0,0,0,0,0,0,0,0,0,0,0,0,0,0,0,0,0,0,0,0,0,0,0,0,0,0,0,0,0,0,0,0,0,0,0,0,0,0,0,0,0,0,0,0,0,0,0,0,0,0,0,0,0,0,0,0,0,0,0,0,0,0,0,0,0,0,0,0,0,0,0,0,0,0,0,0,0,0,0,0,0,0,0,0,0,0,0.359,0,0,0,0,0,0,0,0,0,0,0,0,0,0,0,0,0,0,0.21,0,0,0,0,0,0,0,0,0,0,0,0,0,0,0,0,0,0,0,0,0,0,0,0,0,0,0,0,0,0,0,0,0,0,0,0,0,0,0,0,0,0,0,0,0,0,0,0,0,0,0,0,0,0,0,0,0,0,0,0,0,0,0,0,0,0,0,0,0,0,0,0,0,0,0,0,0,0,0,0,0,0,0,0,0,0,0,0,0,0,0,0,0,0,0,0,0,0,0,0,0,0,0,0,0,0,0,0,0.208,0,0,0,0,0,0,0,0,0,0,0,0,0,0,0,0,0,0,0,0,0,0,0,0,0,0,0,0,0,0,0,0,0,0,0,0,0,0.602,0,0,0,0,0,0,0,0,0,0,0,0,0,0,0,0,0,0,0,0,0,0,0,0,0,0,0,0,0,0,0,0,0,0,0,0,0,0,0,0,0,0,0,0,0,0,0,0,0,0,0,0,0,0,0,0,0,0,0,0,0,0,0,0,0,0,0,0,0,0,0,0,0,0,0,0,0,0,0,0,0,0.176,0,0.152,0.213,0,0,0.305,0,0.189,0,0.218,0,0,0,0.26,0,0,0,0.483,0,0,0,0,0,0.196,0.68,0.316,0.618,0.173,0.209,0.163,0.276,0.227,0.297,0.318,0.322,0.37,0.175,0.214,0.169,0.187,0.181,0.19,0.343,0.228,0.775,0.673,0.175,0.263,0,0,0,0,0,0,0,0,0,0,0,0,0,0,0,0,0,0,0,0,0,0,0,0,0,0,0,0,0,0,0,0,0,0,0,0,0,0,0,0,0,0,0,0,0,0,0,0,0,0,0,0,0,0,0,0,0,0,0,0,0,0,0,0,0,0,0,0,0,0,0,0,0,0,0,0,0,0,0,0,0,0,0,0,0,0,0,0,0,0,0,0,0,0,0,0,0,0,0,0,0,0,0,0,0,0,0,0,0,0,0,0,0,0,0,0,0,0,0,0,0,0,0,0,0,0,0,0,0,0,0,0,0,0,0,0,0,0,0,0,0,0,0,0,0,0,0,0,0,0,0,0,0,0,0,0,0,0,0,0,0,0,0,0,0,0,0,0,0,0,0,0,0,0,0,0,0,0,0,0,0,0,0,0,0,0,0,0,0,0,0,0,0,0,0,0,0,0,0,0,0,0,0,0,0,0,0,0,0,0,0,0,0,0,0,0,0,0,0,0,0,0,0,0,0,0,0,0,0,0,0,0,0,0,0,0,0,0,0,0,0,0,0,0,0,0,0,0,0,0,0,0,0,0,0,0,0,0,0,0,0,0,0,0,0,0,0,0,0,0,0,0,0,0,0,0,0,0,0,0,0,0,0,0,0,0,0,0,0,0,0,0,0,0,0,0,0,0,0,0,0,0,0,0,0,0,0,0,0,0,0,0,0,0,0,0,0,0,0,0,0,0,0,0,0,0,0,0,0,0,0,0,0,0,0,0,0,0,0,0,0,0,0,0,0,0,0,0,0,0,0,0,0,0,0,0,0,0,0,0,0,0,0,0,0,0,0,0,0,0,0,0,0,0,0,0,0,0,0,0,0,0,0,0,0,0
851589,0,0,0,0,0,0,0,0,0,0,0,0,0,0,0,0,0,0,0,0,0,0,0,0,0,0,0.179,0,0,0,0,0,0,0,0,0,0,0,0,0,0,0,0,0,0,0,0,0,0,0,0,0.999,0,0,0,0,0,0,0,0,0,0,0,0,0,0,0,0,0,0,0.455,0,0,0,0.194,0,0,0,0,0,0,0,0,0,0,0,0,0,0,0,0,0.228,0,0,0.214,0.999,0,0,0,0,0,0,0,0,0,0,0,0,0,0,0,0,0,0,0,0,0,0,0,0.901,0,0,0.451,0,0,0,0,0.378,0,0,0,0,0,0,0,0,0.357,0,0.159,0,0.999,0.249,0.213,0,0,0,0,0,0,0,0,0,0,0,0,0.169,0,0,0,0,0.207,0,0,0,0,0,0,0,0,0.26,0,0,0,0,0,0,0,0,0,0,0,0,0,0,0,0,0,0,0.219,0.823,0,0,0,0.174,0,0.237,0,0,0,0,0,0,0.168,0.8,0,0,0.999,0,0,0,0,0,0,0,0.989,0,0.152,0,0,0,0.999,0,0.186,0.232,0,0,0,0,0,0.937,0.325,0,0.99,0,0.215,0.169,0.408,0.16,0,0,0,0,0,0.176,0.513,0,0,0,0,0,0,0,0,0,0,0,0,0,0,0,0,0,0,0,0.991,0,0,0,0,0,0.179,0,0,0,0,0.967,0,0.195,0.174,0,0,0,0.458,0,0,0.522,0,0.295,0,0.295,0,0,0,0,0,0,0,0.153,0,0,0.999,0,0,0,0,0,0.229,0,0,0.998,0,0,0,0,0.967,0,0,0,0,0.907,0,0,0,0.99,0,0,0.22,0,0,0.972,0,0.457,0.579,0,0.251,0,0,0,0,0,0,0,0,0.409,0,0,0.156,0,0,0,0.993,0,0,0,0,0,0,0,0,0.914,0,0,0,0,0,0.289,0,0.16,0.99,0.997,0.237,0.747,0,0,0,0,0.999,0,0,0,0,0,0,0.999,0,0,0,0,0,0.167,0.575,0,0,0,0.198,0,0.999,0.156,0.893,0,0,0.17,0.175,0,0.209,0.901,0,0,0.171,0.939,0,0,0,0.162,0,0.241,0,0,0,0,0,0,0,0.157,0,0.995,0.192,0,0.174,0,0,0,0,0,0,0,0.23,0,0,0,0,0,0,0,0,0,0,0,0,0,0.999,0,0.301,0,0,0,0,0.264,0,0,0,0,0,0,0,0,0,0.265,0,0,0.179,0,0,0.999,0,0.151,0,0,0.185,0.658,0.979,0,0,0,0,0,0,0,0,0,0,0.982,0,0,0,0,0,0.197,0,0,0.252,0,0,0,0,0,0,0,0,0,0,0,0,0.185,0.598,0.154,0.999,0.294,0,0,0.157,0,0,0,0,0.316,0.928,0,0,0,0,0,0,0,0.388,0,0.967,0,0,0,0.232,0,0,0,0.301,0,0,0,0.156,0.221,0,0.198,0,0,0,0,0,0,0,0,0,0,0,0,0,0.294,0,0.196,0,0,0,0,0,0.164,0,0.294,0,0,0,0,0,0.194,0,0.257,0.179,0.929,0,0,0.258,0,0.749,0,0,0,0,0,0,0.64,0,0,0,0,0,0.173,0,0,0,0.649,0,0,0,0,0.152,0,0,0,0.25,0.996,0,0,0,0,0,0,0.37,0,0,0,0,0.224,0,0,0,0,0.608,0,0.157,0,0,0,0,0,0,0.301,0.157,0,0,0,0,0,0,0,0,0,0.421,0,0,0,0,0.811,0,0,0,0,0,0,0,0,0,0,0,0,0,0.247,0,0,0,0,0,0,0,0.8,0,0,0,0,0.929,0.291,0,0,0,0,0,0,0.579,0,0,0,0,0,0.151,0.205,0,0,0,0,0.229,0.38,0,0.233,0,0,0,0,0,0,0.291,0.997,0.999,0,0,0,0,0,0,0.273,0,0,0,0.999,0,0,0,0.175,0,0.938,0,0,0,0,0,0,0,0,0,0,0,0.388,0,0,0.999,0,0.231,0,0,0.182,0,0.186,0,0,0,0,0,0,0,0,0,0.156,0,0,0,0,0,0.33,0,0,0.46,0,0,0,0,0.995,0,0.304,0,0.915,0,0,0,0,0,0.155,0,0,0,0,0,0,0,0,0,0,0,0,0,0,0,0,0,0,0,0,0.151,0,0.837,0,0.296,0,0.419,0,0,0,0,0,0.346,0,0.154,0,0,0,0,0,0,0,0,0.174,0,0.999,0,0.272,0.88,0,0.283,0,0,0,0,0,0,0,0,0.334,0,0,0,0.154,0,0.648,0,0,0,0,0,0,0,0,0.159,0.999,0.266,0,0,0,0,0,0.315,0.813,0,0,0,0,0,0,0.999,0,0,0.15,0,0,0.991,0,0,0,0,0,0,0,0,0.182,0.151,0,0,0,0.952,0.439,0,0,0,0,0.158,0.996,0,0.999,0,0,0,0,0.646,0,0.167,0.266,0.999,0,0,0,0,0.445,0,0.997,0,0.925,0.884,0.999,0,0.422,0,0,0,0,0,0.194,0.32,0,0,0,0,0,0,0,0.923,0,0.82,0.999,0,0.171,0,0,0,0.196,0,0.999,0,0,0,0,0,0.986,0.403,0,0,0.15,0,0.999,0,0,0,0,0,0,0,0,0,0,0,0,0,0,0,0,0,0,0,0.22,0.274,0,0,0,0,0,0,0,0,0,0,0.169,0,0,0,0,0,0,0,0,0,0,0,0,0,0,0,0,0.201,0,0,0,0,0,0,0,0,0,0,0,0,0,0,0.989,0,0,0.156,0,0,0,0,0,0,0.999,0,0,0,0,0,0,0,0,0,0,0,0.902,0,0,0,0,0,0.173,0,0,0,0,0,0,0.288,0,0,0,0,0,0,0,0.164,0,0,0,0,0,0,0,0,0,0,0,0,0,0,0,0,0,0,0,0,0,0,0,0,0,0,0,0,0,0.997,0,0,0,0,0,0,0,0,0.923,0,0,0,0,0,0.154,0,0,0,0,0,0,0,0,0,0,0,0,0.999,0,0,0,0,0,0,0,0,0,0,0.999,0,0,0,0.218,0,0,0,0,0.999,0.38,0.201,0,0,0,0,0,0,0,0.556,0,0,0,0,0,0,0,0,0,0.297,0,0,0,0,0.156,0,0,0,0,0,0,0,0,0,0,0,0.999,0,0,0.184,0.562,0,0,0.386,0,0,0,0,0,0,0,0,0.998,0.902,0,0.982,0,0,0,0,0,0.513,0,0.678,0.334,0,0,0,0.256,0,0,0,0,0,0,0,0,0,0,0,0,0,0,0,0,0,0,0,0,0,0,0,0.998,0,0,0,0,0,0.448,0,0,0,0,0,0,0,0,0,0,0,0,0,0,0.175,0,0,0,0.445,0,0,0,0,0,0,0.999,0,0.998,0,0,0,0.276,0,0,0,0,0,0,0,0,0,0,0.169,0,0,0,0,0,0,0,0,0,0,0,0,0,0,0,0,0,0,0,0,0,0,0.931,0,0,0,0,0,0,0,0,0,0,0,0,0.843,0,0,0,0,0,0.38,0,0,0,0,0,0,0,0,0,0,0.164,0,0,0.578,0,0,0,0,0,0,0.227,0,0,0,0,0,0,0.999,0,0,0.167,0,0,0,0,0,0,0,0,0,0,0.279,0,0,0.66,0,0,0,0,0,0,0,0,0,0,0,0,0,0,0,0,0,0,0,0,0,0,0,0,0,0.812,0,0,0,0,0,0,0,0.457,0,0,0,0,0,0,0,0,0,0,0,0,0,0,0,0,0,0,0,0,0,0,0,0,0.452,0,0,0,0,0,0,0,0,0,0,0,0,0,0,0,0,0,0,0,0,0,0,0.299,0,0,0,0.999,0,0,0,0,0,0,0,0,0,0,0,0,0,0,0.901,0,0,0,0,0,0,0,0,0,0,0,0,0,0,0,0,0.766,0,0,0,0,0,0.257,0,0,0,0,0,0,0,0,0,0,0,0,0,0,0,0.37,0,0,0,0,0,0,0,0,0,0,0,0,0,0,0,0,0,0,0,0,0,0,0,0,0,0,0,0,0,0,0,0,0.209,0,0,0,0,0,0.513,0,0,0,0,0,0,0,0,0,0,0,0,0,0,0,0,0,0,0,0,0,0,0,0,0,0,0,0,0,0.179,0,0,0,0,0,0,0,0,0,0,0,0.218,0,0,0,0,0,0,0,0,0,0,0,0.199,0,0.217,0,0.806,0,0,0,0.999,0,0.156,0.291,0,0.209,0.325,0,0.173,0,0.265,0,0,0,0,0.902,0,0.155,0,0,0,0,0,0,0,0,0.552,0,0,0,0,0.898,0,0,0,0,0,0.281,0,0,0,0,0.999,0.577,0,0,0.999,0,0,0.904,0,0,0,0,0.86,0,0,0.999,0,0.992,0.904,0,0,0.989,0,0,0,0,0,0,0,0,0,0.162,0,0,0,0,0,0.928,0,0,0.279,0,0.999,0,0,0,0,0,0,0,0.159,0,0.989,0,0,0,0,0.579,0,0.175,0.9,0,0,0.513,0,0.214,0,0,0.151,0,0.989,0,0,0,0.999,0,0.273,0,0,0,0.172,0,0.216,0,0.999,0,0,0.153,0.989,0.357,0,0,0.273,0,0,0,0.422,0,0,0,0,0.222,0.812,0,0,0,0,0,0,0,0,0.999,0,0,0.608,0,0,0.91,0,0,0,0,0.989,0.989,0.749,0,0.999,0,0,0,0,0,0,0,0,0.914,0.204,0.159,0,0.563,0.99,0.22,0,0,0,0,0.99,0.917,0.903,0,0,0.733,0,0.205,0.92,0.902,0.453,0,0,0,0.236,0,0,0,0,0.206,0.181,0,0.998,0,0.979,0,0,0.989,0,0.927,0.72,0,0.575,0.732,0,0.241,0.793,0,0,0,0,0.188,0,0,0,0,0,0,0,0.317,0,0,0,0,0,0,0,0,0,0,0,0,0,0,0,0,0,0,0,0.276,0,0,0.267,0,0,0,0,0,0,0,0,0,0,0.192,0,0,0,0,0,0.999,0.208,0,0,0,0,0,0,0,0,0,0.33,0,0,0,0,0.19,0,0,0,0,0,0,0,0,0,0,0,0.515,0,0,0,0,0,0,0,0,0,0,0,0,0,0,0,0,0,0,0,0,0,0.334,0,0.266,0,0,0,0.194,0,0,0,0,0,0,0,0,0,0,0,0.22,0,0,0,0,0.993,0,0.76,0,0,0,0,0,0,0,0,0,0,0.157,0,0.904,0,0,0,0,0.197,0,0,0,0,0,0,0,0,0.433,0.503,0,0.909,0,0,0,0,0,0,0,0.173,0,0,0,0,0.902,0,0,0,0,0,0,0,0,0,0,0,0.739,0,0,0,0,0,0.22,0,0,0,0,0.807,0,0,0,0,0,0,0,0,0,0,0,0,0,0,0,0,0,0,0,0,0,0,0,0,0,0,0,0,0,0.686,0,0,0.999,0,0,0,0,0,0,0,0,0,0,0,0,0,0,0,0,0.319,0,0,0,0,0,0,0,0,0,0,0,0,0.175,0,0,0,0,0,0,0,0,0,0,0,0,0,0,0,0,0,0,0,0,0,0.152,0,0,0,0,0,0,0,0,0.167,0.294,0.299,0,0,0,0.999,0,0,0,0,0,0,0.92,0,0,0,0,0.213,0,0,0,0,0,0.225,0,0,0,0,0,0,0,0,0,0,0,0,0,0,0,0,0,0,0,0,0,0,0,0,0,0,0,0,0.999,0,0,0,0,0,0.999,0,0,0,0,0.998,0,0,0,0,0,0,0,0.242,0,0,0,0,0,0,0,0,0,0,0,0,0,0,0.909,0,0,0,0,0,0,0,0,0,0,0.375,0.999,0,0,0,0.703,0,0,0,0,0,0,0,0,0,0,0,0,0,0,0,0,0,0,0,0,0,0,0,0,0.524,0,0,0,0,0.157,0,0.155,0,0,0,0,0,0,0,0,0,0,0,0,0,0,0,0,0,0,0,0,0,0,0,0,0,0.555,0,0,0.299,0,0.513,0.904,0.215,0,0,0,0,0,0,0,0,0,0.999,0,0,0,0,0,0,0,0,0,0.303,0,0,0,0,0.668,0.199,0,0,0,0,0,0,0,0,0,0,0,0.191,0,0,0.162,0.242,0,0,0,0,0,0.187,0.869,0,0,0.293,0,0,0,0,0,0,0,0,0,0,0,0,0,0,0,0.999,0,0.21,0.989,0,0,0,0,0,0,0,0,0,0,0,0,0,0,0,0,0,0,0,0,0,0,0,0,0,0,0,0,0,0,0,0,0,0,0,0,0,0,0,0,0,0,0,0,0,0,0,0,0,0,0,0,0,0,0,0,0,0,0,0,0,0,0,0,0,0,0,0,0.253,0,0,0,0,0,0,0,0,0,0,0,0,0,0,0,0,0,0,0,0,0,0,0,0,0,0,0,0,0,0,0,0,0,0,0,0,0,0,0,0,0,0,0,0,0,0,0,0,0,0,0,0.613,0,0,0,0,0,0,0,0,0,0,0,0,0,0,0,0,0,0,0,0,0,0,0,0,0.285,0,0,0,0,0,0,0,0,0,0,0,0,0,0,0,0,0,0,0.992,0,0,0,0,0,0,0,0,0,0,0,0,0,0,0,0,0,0.386,0,0,0,0,0,0,0,0,0,0,0,0.267,0,0,0,0,0.608,0.24,0.176,0,0,0,0,0,0.907,0,0,0,0,0.947,0,0,0,0,0,0,0,0,0,0,0,0.218,0,0,0,0,0,0,0,0,0,0,0,0.205,0,0,0,0.236,0.183,0,0,0,0,0,0,0,0,0.9,0,0,0,0,0,0,0.237,0,0,0,0,0,0.218,0,0,0,0,0,0,0,0.307,0,0.218,0,0,0,0,0,0,0,0,0,0,0,0,0,0,0,0,0,0,0,0,0,0,0.218,0,0,0,0,0.355,0,0,0,0.222,0,0,0,0,0,0,0,0,0,0,0,0,0,0,0,0,0,0,0,0,0,0,0.8,0,0,0,0,0,0,0,0,0,0,0,0,0,0,0.762,0.836,0.998,0.716,0.241,0,0,0,0.999,0.999,0.999,0,0,0.999,0,0.233,0,0.999,0.958,0.231,0.999,0.218,0.476,0,0.203,0,0.306,0.999,0.591,0.999,0.369,0,0.999,0,0.934,0,0,0,0.716,0.999,0,0.999,0,0.93,0,0,0,0.999,0.997,0.333,0.941,0.985,0,0.648,0.194,0.502,0.716,0,0.864,0,0.393,0,0.999,0.979,0.999,0.812,0.999,0.999,0,0.996,0.999,0.863,0.997,0.995,0.154,0,0.716,0,0,0,0.996,0.999,0,0.999,0.999,0.999,0,0.238,0.999,0.154,0.716,0.837,0,0.999,0.205,0.608,0,0.997,0.999,0.543,0.812,0,0.87,0.999,0.938,0.999,0.999,0.716,0.998,0.998,0.734,0,0.988,0.938,0.981,0,0.999,0.999,0.717,0.996,0.76,0,0,0,0.999,0.999,0.715,0.861,0,0.918,0.994,0.352,0.997,0.837,0.552,0.218,0.999,0.837,0,0,0,0,0.999,0.996,0,0,0.608,0.999,0.176,0.82,0.996,0.814,0,0.559,0.999,0.999,0.22,0.917,0.162,0.998,0.197,0.716,0.999,0,0.696,0.981,0.999,0.507,0,0.999,0.999,0,0.786,0.659,0.159,0,0.911,0,0,0,0.967,0.648,0.239,0.716,0,0.683,0.871,0,0.968,0.999,0.999,0.998,0.227,0,0,0.999,0.998,0,0,0.999,0,0.999,0.999,0,0.999,0,0,0.999,0.154,0.999,0.931,0,0.999,0.999,0.999,0,0.837,0.999,0,0.909,0,0,0.995,0,0.999,0,0.166,0.999,0,0.991,0,0.336,0,0,0,0,0.9,0,0,0,0.99,0,0,0,0.91,0,0,0.984,0,0,0,0,0.898,0.193,0,0,0,0,0,0,0,0,0,0,0.9,0,0,0,0,0.184,0.901,0.999,0,0,0,0,0,0,0,0,0,0,0,0.981,0.989,0,0.508,0,0.99,0,0,0,0,0,0,0.29,0,0,0.275,0,0,0,0,0,0,0.99,0,0,0,0,0,0,0,0.8,0,0.896,0,0.9,0,0.986,0.8,0,0,0,0,0,0,0,0.155,0,0,0,0,0,0,0,0,0,0.51,0.309,0,0.181,0,0.342,0,0,0,0,0,0,0,0,0,0,0,0,0,0,0,0,0,0,0,0,0,0,0,0,0,0,0,0,0,0,0,0.155,0,0,0,0,0,0,0,0,0,0,0,0,0,0,0,0,0,0,0,0,0,0,0,0,0,0,0,0,0,0.309,0,0,0,0.177,0,0,0,0,0,0,0,0,0.192,0,0,0,0,0,0,0,0,0,0,0,0,0,0,0,0.214,0,0,0,0,0,0,0,0,0,0,0,0,0,0,0,0,0,0,0,0,0,0,0,0,0,0,0,0,0,0,0,0,0.979,0.294,0.241,0,0,0,0.158,0,0.904,0.575,0.285,0.238,0.894,0,0,0,0,0,0.962,0.249,0.889,0,0.261,0,0,0,0,0,0,0,0,0,0,0,0,0,0,0,0.24,0,0,0,0,0,0,0,0,0,0,0,0,0,0,0,0.192,0,0,0,0,0,0,0,0,0,0,0,0,0,0,0,0,0,0,0,0,0,0,0,0,0,0,0,0,0,0,0,0,0,0.173,0,0,0,0,0,0,0,0,0,0,0,0,0,0,0,0,0,0,0,0,0,0,0,0,0,0,0,0,0,0,0,0,0,0,0,0,0,0,0,0,0,0,0,0,0.195,0,0,0,0,0,0,0,0.15,0,0,0,0,0,0,0,0,0,0,0,0,0,0,0,0,0,0,0,0,0,0,0,0,0,0,0,0,0,0,0,0,0,0,0,0,0,0,0,0,0,0,0,0.18,0,0.19,0,0,0,0,0,0,0,0,0,0,0,0,0,0,0,0,0,0.19,0,0,0,0,0,0,0,0,0,0,0,0,0,0,0.24,0,0,0,0,0,0,0,0,0,0,0,0,0,0,0,0,0,0,0,0,0,0,0,0,0,0,0,0,0,0,0,0,0,0,0,0,0,0,0,0,0,0,0,0,0,0,0,0,0,0,0,0,0,0,0,0,0,0,0,0,0,0,0,0,0,0,0,0,0,0,0,0,0,0,0,0,0,0,0,0,0,0,0,0,0,0,0,0,0,0,0.907,0,0,0,0,0,0,0,0,0,0,0,0,0,0,0,0,0,0,0,0,0,0,0,0,0,0,0,0,0,0,0,0,0,0,0,0,0,0,0,0,0,0,0,0,0,0,0,0,0,0,0,0,0,0,0,0,0,0,0,0,0,0,0,0,0,0,0,0,0,0.173,0,0,0,0,0,0,0,0.203,0,0,0,0,0,0,0,0,0,0,0,0,0,0,0,0,0,0,0,0,0,0,0,0,0,0,0,0,0,0,0,0,0,0,0,0,0,0,0,0,0,0,0,0,0,0,0,0,0,0,0,0,0,0,0,0,0,0,0,0,0,0,0,0,0,0,0,0,0,0,0,0,0,0,0,0,0,0,0,0,0,0,0,0.535,0,0.204,0,0,0.342,0,0,0,0,0,0,0,0,0,0,0,0,0,0,0,0,0,0,0,0,0,0,0,0,0,0,0,0,0,0,0,0,0,0,0,0.192,0.217,0,0.171,0.856,0,0,0,0,0.201,0.897,0.183,0,0,0.991,0,0,0,0,0,0,0,0,0,0.185,0.9,0,0,0,0,0,0,0,0,0,0,0,0,0,0,0,0,0,0,0.534,0.186,0,0,0,0,0,0,0,0,0,0,0,0,0,0,0,0,0,0,0,0.15,0,0,0,0.277,0,0,0,0,0,0,0,0,0,0,0,0,0,0,0,0,0,0,0,0,0,0,0,0,0,0,0,0,0,0,0,0,0,0,0,0,0,0,0,0,0,0,0,0,0,0,0,0,0,0,0,0,0,0,0,0,0,0,0,0,0,0,0,0,0,0,0,0,0,0,0,0,0,0,0,0,0,0,0,0.223,0.173,0.153,0.252,0.15,0.454,0.161,0.177,0.236,0.335,0.307,0.236,0.225,0,0,0,0,0,0,0,0,0,0,0,0,0,0,0,0,0,0,0,0,0,0,0,0,0,0,0,0,0,0,0,0,0,0,0,0,0,0,0,0,0,0,0,0,0,0,0,0,0,0,0,0,0,0,0,0,0,0,0,0,0,0,0,0,0,0,0,0,0,0,0,0,0,0,0,0,0,0,0,0,0,0,0,0,0,0,0,0,0,0,0,0,0,0,0,0,0,0,0,0,0,0,0,0,0,0,0,0,0,0,0,0,0,0,0,0,0,0,0,0,0,0,0,0,0,0,0,0,0,0,0,0,0,0,0,0,0,0,0,0,0,0,0,0,0,0,0,0,0,0,0,0,0,0,0,0,0,0,0,0,0,0,0,0,0,0,0,0,0,0,0,0,0,0,0,0,0,0,0,0,0,0,0,0,0,0,0,0,0,0,0,0,0,0,0,0,0,0,0,0,0,0,0,0,0,0,0,0,0,0,0,0,0,0,0,0,0,0,0,0,0,0,0,0,0,0,0,0,0,0,0,0,0,0,0,0,0,0,0,0,0,0,0,0,0,0,0,0,0,0,0,0,0,0,0,0,0,0,0,0,0,0,0,0,0,0,0,0,0,0,0,0,0,0,0,0,0,0,0,0,0,0,0,0,0,0,0,0,0,0,0,0,0,0,0,0,0,0,0,0,0,0,0,0,0,0,0,0,0,0,0,0,0,0,0,0,0,0,0,0,0,0,0,0,0,0,0,0,0,0,0,0,0,0,0,0,0,0,0,0,0,0,0,0,0,0,0,0,0,0,0,0,0,0,0,0,0,0,0,0,0,0,0,0,0,0,0,0,0,0,0,0,0,0,0,0,0,0,0,0,0,0,0,0,0,0,0,0,0,0,0,0,0,0,0,0,0,0,0,0,0,0,0,0,0,0,0,0,0,0,0
853529,0.399,0.377,0.929,0.999,0,0,0.502,0.495,0.649,0.157,0.787,0,0.196,0,0.579,0.999,0.483,0.338,0.838,0.509,0,0,0,0.22,0.26,0.268,0.53,0.173,0,0.826,0,0,0.769,0.244,0.836,0,0,0.208,0,0,0.988,0.472,0,0,0.163,0.384,0,0.53,0.999,0,0.543,0.957,0.964,0,0.283,0,0,0.987,0.942,0,0.458,0.656,0.485,0.172,0.961,0.357,0.989,0.345,0.61,0,0.798,0.263,0,0.989,0.996,0.721,0.518,0,0.498,0,0.227,0,0,0.777,0,0.565,0.244,0,0.826,0,0.969,0,0.382,0.911,0.401,0.902,0.447,0.461,0.766,0.434,0.282,0,0.753,0.43,0.282,0.749,0.482,0.759,0,0,0.191,0.405,0,0.679,0,0,0,0.16,0.864,0,0,0.91,0.609,0.244,0,0.193,0,0.172,0,0,0.284,0.556,0,0,0,0.678,0,0.207,0.566,0.45,0.705,0,0.202,0,0,0.925,0,0,0,0,0.427,0,0.224,0.207,0,0,0,0.816,0.659,0.786,0,0,0,0.788,0.578,0,0,0.636,0,0,0,0.693,0,0,0.229,0.573,0,0.342,0.838,0.698,0.97,0.937,0,0.208,0,0,0,0.369,0,0,0,0.71,0,0,0.229,0.199,0,0,0,0.255,0.194,0,0.247,0,0.231,0,0.901,0,0,0,0,0,0.255,0,0,0,0,0.286,0.227,0,0.904,0,0,0,0,0,0.228,0,0,0.23,0,0,0,0,0,0.21,0.336,0,0,0.181,0,0,0.187,0.181,0,0,0,0.173,0,0.153,0,0.159,0,0,0,0,0.224,0,0,0.159,0,0,0,0,0,0,0,0.286,0,0,0,0,0,0.363,0,0.394,0,0,0,0,0,0.237,0.181,0,0.28,0.151,0,0.97,0.795,0,0.441,0,0,0,0,0,0,0,0,0,0.914,0.233,0,0.698,0,0,0,0,0,0.903,0,0,0.196,0.186,0.394,0,0,0,0,0,0,0,0,0,0,0.197,0.309,0.292,0.205,0,0,0.381,0,0.26,0,0.235,0,0,0,0.191,0,0,0,0,0,0.203,0.21,0,0,0,0,0,0,0,0.556,0.318,0,0,0,0,0,0,0,0,0,0,0.319,0,0,0.9,0.571,0,0.332,0,0,0,0.9,0,0,0,0,0,0,0.904,0,0,0,0,0.234,0.352,0.349,0,0,0.203,0.205,0,0.905,0,0,0.412,0,0,0.29,0.152,0.466,0,0,0.234,0,0.261,0.589,0,0,0,0.291,0,0,0,0.175,0,0,0,0,0.394,0,0,0,0.162,0,0.229,0.344,0,0.281,0,0.724,0,0,0.492,0.152,0,0,0.209,0.258,0,0,0.884,0,0.16,0,0,0.186,0,0.181,0.162,0,0.649,0,0,0,0,0.176,0,0.867,0,0.892,0.165,0,0,0,0,0,0,0.527,0.914,0.221,0,0.227,0,0.162,0,0,0.361,0,0,0,0,0,0,0.15,0.29,0,0,0.429,0,0.177,0,0,0.97,0,0.198,0,0,0,0,0,0,0.506,0,0,0,0,0,0,0.266,0,0,0.926,0.158,0,0,0,0.225,0,0,0,0,0,0,0.232,0,0,0,0,0,0,0,0,0,0,0.231,0,0,0,0.722,0,0.283,0,0,0.157,0,0,0.195,0.257,0,0.183,0,0,0.911,0,0.198,0,0.442,0.153,0.194,0,0.224,0,0,0.637,0,0,0.749,0,0.268,0.717,0,0,0,0,0,0.203,0,0.466,0,0.258,0.299,0,0,0.655,0,0,0.23,0.158,0.273,0,0,0.808,0,0.442,0,0,0,0.624,0.986,0,0,0,0,0,0,0.662,0,0,0,0.243,0.152,0,0,0,0.362,0.2,0,0.184,0.39,0,0.987,0.154,0.456,0.401,0,0.195,0,0,0.34,0,0,0.181,0,0,0,0,0.384,0,0,0,0,0,0,0,0.316,0,0.323,0.213,0,0.325,0.205,0.199,0.33,0.662,0,0,0,0,0,0.618,0,0.562,0.24,0,0.212,0,0,0.598,0,0,0,0.574,0.215,0,0,0,0,0,0,0,0.576,0,0,0.199,0,0,0,0,0,0,0,0.61,0.506,0,0.561,0,0,0,0,0,0.152,0,0,0,0,0.409,0.334,0.224,0,0.15,0,0.278,0,0.91,0.155,0,0,0,0,0,0,0,0,0.304,0,0,0,0,0,0,0.187,0,0,0.235,0,0.909,0,0,0,0,0,0.39,0,0.159,0,0.9,0,0,0,0.373,0,0,0,0,0,0.86,0,0.272,0,0,0,0,0,0,0,0.501,0,0.157,0.286,0.161,0,0.188,0,0,0,0.339,0.175,0,0.904,0,0,0,0.333,0.271,0,0.535,0,0,0.151,0,0,0,0,0,0,0,0,0,0.155,0.35,0,0,0,0.225,0.262,0,0,0,0.402,0,0.262,0,0,0.151,0,0,0,0.179,0,0,0,0,0,0,0,0,0.516,0,0,0,0,0,0.905,0.156,0,0,0.155,0,0.175,0,0.73,0,0,0,0,0.53,0,0,0.327,0,0,0.434,0.206,0,0.195,0,0,0,0.2,0,0,0.183,0.906,0,0,0.216,0,0,0,0,0,0,0.173,0,0,0,0,0.9,0,0,0,0,0.277,0,0,0,0,0,0,0,0.402,0,0,0,0.165,0,0,0,0.333,0,0,0.197,0.259,0,0.307,0,0.3,0,0,0,0,0,0.233,0.264,0,0.913,0,0,0.2,0.599,0,0.219,0.903,0,0,0,0.906,0,0.315,0,0,0,0,0,0,0,0,0.355,0,0,0,0.183,0.349,0.973,0,0.968,0.907,0,0,0.206,0,0,0,0,0,0,0.347,0,0,0,0.832,0,0,0.398,0,0,0.905,0,0,0,0,0,0.2,0.192,0.176,0,0.173,0,0.196,0,0,0,0.376,0,0,0,0,0,0,0,0,0.166,0,0,0,0,0,0,0,0,0,0,0,0.162,0,0,0,0,0,0,0,0,0,0,0,0,0.155,0,0.258,0.203,0,0.22,0.289,0.181,0,0,0.495,0,0,0,0.905,0,0.493,0.63,0,0,0.376,0.213,0,0,0.908,0,0,0,0.179,0,0.163,0,0.197,0,0.939,0,0.35,0.954,0.228,0.374,0,0.353,0,0,0,0,0,0,0,0,0,0,0.61,0,0,0.308,0,0,0,0,0,0.192,0.184,0,0.196,0,0,0,0,0.59,0,0,0,0.271,0,0.234,0.597,0,0.512,0,0.181,0,0.181,0.161,0,0,0,0.908,0,0,0,0,0,0,0,0.169,0,0.228,0,0.314,0.449,0.51,0,0,0,0,0,0,0.268,0.379,0.192,0,0.29,0,0,0,0.317,0.353,0.175,0,0.203,0.336,0.218,0,0,0,0,0.173,0.675,0.537,0,0.48,0,0,0,0.903,0,0.455,0,0.35,0.184,0,0,0.348,0.175,0,0.17,0,0,0.844,0,0,0.15,0,0.328,0,0.23,0.153,0.15,0,0,0,0,0,0.328,0,0,0.337,0,0,0.309,0.183,0.9,0.247,0.323,0,0,0,0,0,0.294,0.251,0.577,0.199,0,0.173,0.23,0,0.901,0.54,0,0,0.241,0,0,0.23,0.169,0,0,0,0.216,0.18,0,0,0,0.219,0,0,0.348,0,0.206,0,0,0,0.152,0,0.183,0.167,0.693,0,0.517,0.77,0,0.454,0,0,0.58,0,0,0,0,0,0,0.396,0.454,0,0,0.301,0,0.285,0.348,0,0.342,0.179,0,0.283,0.266,0.463,0.338,0,0.296,0.19,0.246,0,0.263,0,0,0,0.193,0.276,0.901,0,0.911,0,0.719,0,0,0,0.634,0,0,0,0.642,0,0.582,0,0,0.35,0,0.16,0.891,0,0,0.656,0,0.195,0,0,0.173,0.305,0,0.196,0.152,0,0,0.282,0,0,0.364,0.295,0,0.172,0,0,0.201,0.262,0.39,0,0,0,0,0.204,0.288,0.282,0,0,0,0,0.178,0.184,0,0,0.59,0.465,0.255,0,0,0,0.153,0,0,0.87,0.239,0.166,0.261,0.225,0.363,0.375,0.182,0,0,0,0.189,0.229,0.216,0,0,0.218,0,0,0.54,0.15,0,0,0.177,0,0,0,0.261,0.232,0,0,0,0.675,0,0,0,0.279,0.22,0,0,0,0,0.223,0.25,0.275,0,0.266,0,0,0,0,0,0.42,0.299,0.339,0.267,0.342,0.499,0,0.19,0.733,0,0.355,0,0.734,0.183,0,0.514,0.827,0,0,0,0,0,0.276,0,0.175,0.227,0,0.186,0,0,0.269,0,0.829,0,0,0,0,0,0.406,0.295,0,0,0,0,0,0,0.273,0.192,0,0,0,0,0,0,0,0.285,0.183,0,0,0,0,0,0,0,0.387,0,0.194,0.903,0,0.294,0,0.154,0,0,0.519,0,0.17,0.561,0,0,0,0,0.23,0,0.163,0.301,0,0.311,0,0.337,0,0,0.287,0,0.239,0,0,0,0.198,0,0.175,0,0,0,0.226,0.604,0,0,0,0.637,0.251,0,0,0,0,0,0.247,0,0,0.185,0.423,0.165,0,0.205,0,0,0,0,0.352,0,0,0,0,0,0.196,0.179,0.224,0.269,0,0,0,0,0.626,0,0,0,0.331,0.221,0.373,0,0.159,0,0,0.263,0,0,0,0,0.151,0,0,0,0,0,0.674,0,0,0,0,0,0.155,0,0,0.191,0,0,0,0,0,0.396,0,0.338,0,0,0,0,0,0,0,0,0,0.152,0,0.447,0.331,0.296,0,0,0.457,0.221,0,0,0.151,0,0,0,0,0,0,0,0,0,0.448,0,0,0.38,0,0,0.278,0,0,0.51,0.9,0,0,0,0,0,0,0,0,0,0,0,0,0,0,0,0,0,0,0.287,0,0,0.369,0,0,0.166,0,0.248,0,0.164,0.173,0,0,0,0.213,0,0,0,0,0,0,0.189,0.906,0,0,0,0,0,0,0,0.152,0.169,0.69,0,0,0,0.225,0.901,0.171,0,0,0,0.164,0,0,0,0,0,0,0,0,0,0.191,0,0,0,0,0,0.321,0,0.154,0,0,0,0.9,0,0,0,0.569,0,0,0.198,0,0,0,0.32,0,0,0,0,0,0,0,0,0,0,0,0,0,0.166,0,0,0,0,0,0.202,0,0,0,0,0,0.202,0,0,0,0,0.913,0,0,0.198,0,0.47,0.723,0,0,0,0,0.739,0,0,0,0,0,0,0.204,0,0,0,0,0,0.268,0.787,0,0.9,0,0,0,0.153,0,0.163,0.26,0,0,0,0,0,0,0,0.9,0,0,0.294,0,0.165,0,0,0,0,0,0,0.45,0,0,0,0,0,0,0,0,0.269,0,0,0.965,0,0,0,0,0,0.981,0,0.973,0,0,0,0,0,0,0,0,0,0,0,0,0,0,0,0,0.17,0,0,0,0,0,0,0,0.171,0,0,0,0.225,0,0,0,0.466,0,0,0,0,0.309,0,0.323,0,0,0.16,0,0,0.208,0,0,0,0,0,0.217,0,0,0,0,0,0.226,0.194,0,0,0,0,0,0,0,0,0.254,0,0,0,0,0.217,0.181,0,0,0,0,0.297,0,0,0,0.371,0,0,0,0,0,0,0,0,0,0.153,0,0,0,0,0,0.401,0,0,0,0,0,0,0,0,0,0,0.191,0,0,0,0,0,0.297,0,0,0,0,0.197,0,0.171,0,0.913,0,0.973,0.221,0,0,0,0,0,0,0,0,0,0,0.194,0,0,0,0.199,0,0,0,0.251,0.178,0,0,0,0,0,0,0,0,0,0.719,0.196,0,0,0,0,0,0.289,0,0.156,0.197,0,0,0,0,0,0,0.168,0.658,0.176,0,0,0,0,0,0,0,0,0,0,0,0,0.384,0,0,0,0,0.391,0,0,0,0,0.196,0.221,0,0,0.302,0,0,0,0,0,0,0,0,0,0,0.181,0,0,0,0,0,0.291,0,0,0,0,0,0,0,0,0,0,0,0,0,0.159,0,0,0,0,0,0.263,0.161,0.341,0,0,0,0,0,0.187,0,0,0,0,0.295,0.182,0,0,0,0,0,0,0.546,0,0,0,0,0,0,0,0,0,0,0,0,0,0,0,0,0,0,0,0,0,0.199,0,0,0,0,0,0.318,0,0,0,0,0,0.19,0,0,0,0,0,0,0.173,0,0,0,0,0,0,0,0,0,0,0,0,0,0,0.323,0,0,0,0,0,0.305,0,0,0.279,0,0,0,0,0,0,0,0,0,0,0,0,0,0,0,0,0,0,0,0,0,0,0,0,0,0,0,0,0,0,0,0,0,0,0,0.206,0,0.932,0,0,0.376,0,0,0.9,0,0,0,0,0.911,0,0,0,0,0,0,0,0,0,0,0,0,0.285,0,0,0,0,0,0,0,0,0,0,0,0,0,0,0,0,0,0.184,0,0.157,0.242,0.904,0,0.299,0,0,0,0,0,0,0,0,0,0,0,0,0,0,0,0.696,0.313,0,0,0,0,0,0.282,0,0.327,0,0.401,0,0,0,0,0,0.369,0,0,0,0,0,0,0,0.227,0.664,0,0,0,0,0.225,0,0.214,0,0,0,0,0,0,0,0,0,0,0.419,0,0,0,0,0,0,0,0.174,0,0,0,0,0,0,0.535,0,0.9,0,0,0,0,0.246,0,0,0,0.198,0,0,0,0,0,0.397,0.803,0,0.268,0,0,0,0,0,0.699,0.158,0,0.152,0,0,0,0,0.164,0,0,0,0.27,0,0,0.239,0,0.253,0,0,0,0,0,0,0,0,0,0,0,0,0,0.172,0.369,0,0.903,0,0.21,0.905,0,0,0,0,0,0,0,0,0,0,0,0,0,0,0,0,0,0.375,0,0.305,0.287,0,0.208,0,0.295,0,0,0,0,0,0,0,0,0.187,0,0.297,0,0.28,0,0,0,0.499,0,0,0,0.25,0.435,0,0,0.338,0,0,0,0.31,0,0.254,0,0,0,0,0.172,0,0,0,0,0,0,0,0,0,0.178,0,0,0.309,0,0.238,0,0,0,0.154,0,0.297,0,0.714,0.26,0.258,0.197,0.569,0,0.228,0,0.181,0,0.196,0.218,0,0,0,0,0,0,0,0,0,0,0,0,0.223,0,0.153,0,0,0,0.326,0,0,0.356,0,0,0.171,0,0,0,0.493,0,0,0.194,0,0,0,0.44,0,0.278,0.169,0.156,0,0,0.256,0,0,0,0,0,0,0,0.211,0,0.187,0,0.2,0.284,0.226,0,0,0,0,0,0.623,0.257,0,0.182,0.182,0,0,0.9,0,0.201,0.238,0,0,0,0,0,0,0,0,0,0.16,0,0,0,0.45,0,0,0,0,0,0,0.736,0,0,0,0,0,0,0,0.96,0,0,0,0,0.219,0,0,0.251,0,0.626,0.15,0,0,0,0,0,0.157,0,0.242,0,0,0.16,0.269,0,0,0.334,0,0,0,0.507,0,0.176,0,0,0,0,0,0,0.569,0,0.179,0,0,0,0,0,0.601,0,0,0.479,0.212,0.297,0,0,0,0,0,0.309,0.795,0,0.244,0,0,0,0,0,0,0,0,0,0.294,0,0.222,0.619,0,0.183,0,0,0,0,0,0,0,0,0.239,0,0.318,0,0.529,0.151,0,0,0,0,0,0.246,0,0,0.209,0,0,0,0.287,0,0,0,0.164,0.161,0,0,0,0.179,0,0,0,0,0.161,0,0,0,0,0,0,0,0,0,0,0.223,0,0,0,0,0.158,0,0.223,0,0,0.206,0.219,0,0,0,0.167,0.232,0,0,0,0,0.9,0,0,0,0,0,0.9,0,0.906,0,0,0.901,0.307,0,0,0.901,0,0,0.906,0,0,0,0,0,0,0.901,0,0.909,0,0,0.9,0.164,0,0,0,0,0,0.901,0.179,0.925,0,0,0,0,0,0,0.901,0,0,0,0,0,0,0,0,0,0,0,0,0.169,0.902,0.903,0.903,0,0.906,0.907,0,0,0.907,0,0.904,0,0,0,0,0,0,0,0.901,0.905,0,0,0.901,0.903,0,0,0.904,0,0,0,0,0.906,0,0,0,0.906,0.902,0,0,0,0,0,0,0.901,0,0,0.9,0.9,0,0,0.9,0,0.9,0,0.9,0.911,0,0.925,0,0,0,0,0,0,0,0,0,0,0.155,0,0.9,0,0,0,0,0,0,0,0,0,0.901,0.9,0,0,0,0.9,0,0,0.901,0,0,0,0.9,0,0,0,0,0.907,0,0,0.901,0,0,0.901,0.908,0,0,0.901,0.909,0,0,0,0,0,0,0.243,0,0,0,0,0,0,0.226,0,0,0,0,0,0.152,0.903,0,0,0,0.901,0.901,0.199,0,0.9,0,0.908,0.901,0.163,0,0,0,0,0,0.905,0,0,0,0,0,0,0,0.905,0,0,0,0,0.915,0.8,0.9,0,0.203,0,0,0,0,0.172,0,0,0,0.226,0,0,0,0,0,0,0,0,0,0,0,0,0,0,0,0,0,0,0,0,0,0,0,0,0,0,0,0,0,0.229,0.333,0,0,0,0,0,0,0,0.254,0.204,0.174,0.157,0.259,0,0,0.337,0.199,0,0,0.234,0.258,0,0,0,0,0,0,0,0.5,0,0.204,0.219,0,0,0,0,0,0.242,0,0,0,0,0.221,0,0,0.849,0,0.45,0,0,0,0,0,0,0,0,0.363,0,0,0,0.163,0,0,0,0,0,0,0,0,0,0,0,0,0,0.19,0,0,0,0,0,0,0,0,0,0,0,0,0,0,0.29,0,0,0,0,0,0,0,0.334,0,0,0,0,0,0,0,0,0.167,0,0,0,0,0,0.157,0,0.271,0,0,0,0,0,0,0,0,0,0,0,0,0,0,0,0,0,0,0.183,0,0.695,0,0,0,0,0,0,0,0,0,0,0,0.372,0,0,0,0,0,0,0,0,0,0,0,0,0.194,0,0,0,0.21,0,0,0,0,0,0,0,0,0.7,0,0,0.51,0,0,0,0,0,0,0,0,0,0,0,0,0,0,0,0,0,0,0,0,0,0,0,0,0.169,0,0,0,0.965,0,0,0,0,0,0.207,0,0,0,0,0,0.447,0,0,0,0,0,0,0,0,0,0,0,0,0,0,0,0,0,0,0,0,0,0,0,0,0,0,0,0,0,0,0,0,0,0,0,0,0,0,0,0,0,0,0,0,0,0.201,0,0,0,0,0,0,0,0,0,0,0.234,0,0,0,0,0.302,0,0,0,0,0,0,0.235,0,0,0,0.198,0,0,0.288,0,0,0,0,0.173,0,0,0,0,0,0,0,0,0,0,0,0,0,0,0,0,0,0,0,0,0,0,0,0,0,0,0.563,0,0,0,0.169,0,0.382,0.213,0,0.76,0,0,0,0,0,0,0,0.3,0,0,0,0,0,0,0,0,0,0,0,0,0,0.716,0.336,0,0.712,0,0,0,0.358,0,0,0,0,0,0,0,0,0.22,0,0,0,0,0,0.195,0,0,0,0,0.594,0,0,0.17,0,0,0.985,0,0,0,0,0,0,0,0,0,0,0,0,0.25,0,0,0,0,0.156,0,0,0,0.201,0,0,0,0,0,0,0,0,0,0,0.358,0,0,0,0,0,0,0,0,0,0.958,0,0.167,0,0,0,0,0,0,0,0,0,0,0,0,0,0,0,0,0,0,0,0.169,0,0,0,0.158,0,0.629,0.196,0,0,0,0.152,0.343,0,0,0,0,0,0,0,0.474,0,0,0,0,0,0,0.245,0,0.509,0,0,0.161,0,0,0,0,0,0,0,0,0,0.194,0,0,0,0,0,0,0,0,0,0,0,0,0,0,0,0,0,0.265,0,0,0,0,0,0,0,0,0,0,0,0,0,0,0,0,0,0,0,0,0,0,0,0,0,0,0.276,0,0,0,0,0.242,0,0,0,0,0,0,0,0,0,0,0,0,0,0,0,0,0,0,0,0,0,0,0,0,0,0,0,0,0,0,0,0,0,0,0,0.152,0,0,0.367,0,0,0,0,0,0,0,0,0,0,0,0.194,0,0,0,0,0,0.155,0,0,0,0.203,0.256,0.328,0,0.161,0,0,0,0.392,0.164,0,0,0,0,0,0,0,0,0,0,0,0,0,0,0,0,0,0,0,0,0,0,0,0,0,0,0,0,0,0,0,0,0,0,0,0,0,0,0,0,0,0,0.24,0,0,0,0,0,0,0,0,0.202,0,0,0,0,0,0.323,0,0,0,0,0,0,0,0,0,0,0,0,0,0.183,0,0,0,0,0,0,0,0,0,0,0,0,0,0.219,0,0,0,0,0,0,0.163,0,0,0,0,0,0,0,0,0,0,0,0.685,0.288,0,0,0,0,0,0,0,0,0,0,0,0,0,0,0,0,0.262,0,0,0,0,0,0,0,0,0,0,0,0,0,0,0,0,0,0,0,0,0,0,0,0.229,0,0.753,0,0,0,0.684,0,0,0,0,0,0,0,0,0,0,0,0.569,0,0,0,0,0,0,0,0,0,0,0.214,0,0,0,0,0,0,0,0.304,0,0,0,0,0,0,0,0,0,0,0,0,0,0.177,0,0,0,0,0,0,0,0,0,0,0,0,0,0,0,0,0,0,0.447,0,0,0,0,0.191,0.811,0,0.165,0,0,0.179,0,0,0,0,0,0,0,0,0,0,0,0.186,0.152,0,0.441,0,0,0,0,0,0,0,0,0,0,0,0,0,0,0,0,0,0,0.197,0,0,0,0,0,0,0,0,0,0,0,0,0.337,0,0,0,0,0,0.842,0,0,0,0,0.284,0.611,0.814,0.784,0.201,0.22,0.539,0.365,0.161,0.594,0.299,0.251,0.255,0.368,0.522,0.221,0.317,0.211,0.392,0.333,0.335,0.866,0.311,0.357,0.256,0.225,0.781,0.18,0.32,0.164,0.238,0.166,0.731,0.432,0.254,0.175,0.326,0,0,0,0,0,0,0,0,0,0,0,0,0,0,0,0,0,0,0,0,0,0,0,0,0,0,0,0,0,0,0,0,0,0,0,0,0,0,0,0,0,0,0,0,0,0,0,0,0,0,0,0,0,0,0,0,0,0,0,0,0,0,0,0,0,0,0,0,0,0,0,0,0,0,0,0,0,0,0,0,0,0,0,0,0,0,0,0,0,0,0,0,0,0,0,0,0,0,0,0,0,0,0,0,0,0,0,0,0,0,0,0,0,0,0,0,0,0,0,0,0,0,0,0,0,0,0,0,0,0,0,0,0,0,0,0,0,0,0,0,0,0,0,0,0,0,0,0,0,0,0,0,0,0,0,0,0,0,0,0,0,0,0,0,0,0,0,0,0,0,0,0,0,0,0,0,0,0,0,0,0,0,0,0,0,0,0,0,0,0,0,0,0,0,0,0,0,0,0,0,0,0,0,0,0,0,0,0,0,0,0,0,0,0,0,0,0,0,0,0,0,0,0,0,0,0,0,0,0,0,0,0,0,0,0,0,0,0,0,0,0,0,0,0,0,0,0,0,0,0,0,0,0,0,0,0,0,0,0,0,0,0,0,0,0,0,0,0,0,0,0,0,0,0,0,0,0,0,0,0,0,0,0,0,0,0,0,0,0,0,0,0,0,0,0,0,0,0,0,0,0,0,0,0,0,0,0,0,0,0,0,0,0,0,0,0,0,0,0,0,0,0,0,0,0,0,0,0,0,0,0,0,0,0,0,0,0,0,0,0,0,0,0,0,0,0,0,0,0
854737,0,0,0,0,0,0,0,0,0,0,0,0,0,0,0,0,0,0,0,0,0,0,0,0,0,0,0,0,0,0,0,0,0,0,0,0,0,0,0,0,0,0,0,0,0,0,0,0,0,0.428,0,0,0,0,0,0,0,0,0,0,0,0,0,0.22,0,0,0,0,0,0,0,0,0,0,0,0,0,0,0,0,0,0,0,0,0,0,0,0,0,0,0,0,0,0,0,0,0,0,0,0,0,0,0,0,0,0,0,0,0,0,0,0,0,0,0,0,0,0,0,0,0,0,0,0,0,0,0,0,0,0,0,0,0,0,0,0,0,0,0,0,0,0,0,0,0,0,0,0,0,0,0,0,0,0,0,0,0,0,0,0,0,0,0,0,0,0,0,0,0,0,0,0,0,0,0,0,0,0,0,0,0,0,0,0,0,0.782,0.433,0,0,0,0,0,0,0,0,0,0,0,0,0,0,0,0,0,0,0,0,0,0,0,0,0,0,0,0,0,0.292,0,0,0,0,0,0,0,0,0,0,0,0,0,0,0,0,0,0,0,0,0,0,0,0,0,0,0,0,0,0,0,0,0,0,0,0,0,0,0.281,0,0,0,0.163,0,0,0,0,0,0,0,0,0,0,0,0,0,0,0,0,0.227,0,0,0,0,0,0,0,0.469,0,0,0,0,0,0,0,0,0,0,0,0.441,0,0.273,0,0,0,0,0,0,0,0.183,0,0,0,0,0,0,0,0,0,0,0,0,0,0,0,0,0,0,0,0,0,0,0,0,0,0,0,0,0,0.372,0,0,0,0,0,0,0,0,0,0,0,0,0,0,0,0,0,0,0,0,0.196,0,0,0,0,0,0,0,0,0.199,0,0,0,0.194,0,0,0,0,0,0,0,0,0,0,0,0,0,0,0,0.427,0,0,0.179,0,0,0,0,0,0,0,0,0,0,0,0,0,0,0,0,0,0.28,0,0,0,0,0,0,0,0,0,0,0,0,0,0,0,0,0,0,0,0,0,0,0,0,0,0,0,0,0,0,0,0,0,0,0,0,0,0,0,0,0,0,0,0,0,0,0,0,0,0,0,0,0,0,0,0,0.54,0,0,0,0,0,0,0,0,0,0,0,0,0,0,0,0,0,0,0,0,0,0,0.751,0.161,0,0,0,0,0,0.216,0,0,0,0.307,0,0,0,0,0,0,0,0.349,0,0,0,0,0,0,0,0,0,0,0,0,0,0,0,0,0,0,0,0,0,0,0,0,0,0,0,0,0,0,0,0,0.159,0,0,0,0,0,0,0,0,0,0,0,0,0,0,0,0,0,0,0,0.31,0,0,0,0,0,0,0,0,0,0,0,0,0,0,0,0,0,0,0,0,0,0,0,0,0,0,0,0,0,0,0,0,0,0,0,0,0,0,0,0,0,0,0,0,0.81,0,0,0,0,0.285,0,0,0,0,0,0,0,0,0,0,0,0,0.508,0,0,0,0,0,0.171,0,0.853,0,0,0,0,0.889,0.276,0,0,0,0.166,0,0,0,0,0,0,0,0,0,0,0.152,0,0,0,0.813,0,0,0,0,0,0,0,0,0,0,0,0,0,0,0,0,0,0,0,0,0,0,0,0,0,0,0,0,0,0,0,0,0,0,0,0,0,0,0,0,0,0,0,0,0,0,0,0,0,0.403,0,0,0,0,0.535,0,0,0,0,0,0,0,0,0,0,0,0.28,0,0,0,0,0,0,0,0,0,0,0,0,0,0,0,0,0,0,0,0,0,0,0,0.303,0,0,0,0,0,0,0,0,0,0,0,0,0,0,0,0,0,0,0,0,0,0,0,0,0,0,0,0.273,0,0,0,0,0,0,0,0,0,0,0,0.28,0,0,0,0.194,0,0,0,0,0,0,0,0,0,0,0,0,0,0,0,0.297,0,0,0,0,0,0,0,0,0,0,0,0,0,0.468,0,0,0,0,0,0,0,0,0,0,0,0,0,0,0,0,0,0,0,0,0,0,0,0,0,0,0,0,0,0.28,0,0,0,0,0,0,0,0,0,0.165,0,0,0,0,0,0,0,0,0,0,0.229,0,0,0,0,0,0,0,0,0,0,0,0,0,0,0,0,0,0,0,0,0,0,0,0,0,0,0,0,0,0.161,0,0,0,0,0.301,0,0,0,0,0,0,0,0,0,0,0,0,0,0,0,0,0,0,0,0,0,0,0,0,0,0,0,0,0,0,0,0,0,0,0,0,0.433,0,0,0,0,0,0,0,0,0,0,0,0,0,0,0.28,0,0,0,0,0,0,0,0,0,0,0,0,0,0,0,0,0,0,0,0,0,0,0,0,0,0,0,0,0,0,0,0,0,0,0,0,0,0,0,0,0,0,0,0,0,0,0,0,0,0,0,0,0,0,0,0,0,0,0,0,0,0,0,0,0,0,0,0,0,0,0,0,0,0,0,0,0,0.28,0,0,0,0.939,0,0,0,0,0,0,0,0,0,0,0,0,0.61,0,0,0,0,0,0,0,0.309,0,0,0,0,0.359,0,0,0,0,0,0,0,0,0,0,0,0,0,0,0,0,0,0,0,0,0,0,0,0,0,0,0,0,0,0,0,0,0,0,0,0,0,0,0,0,0,0,0,0,0,0,0,0,0,0,0,0,0,0,0,0,0,0,0,0,0,0,0,0,0,0,0,0,0.32,0.457,0,0,0,0,0,0,0,0,0,0,0,0,0,0,0,0,0,0,0,0.531,0,0,0,0,0,0,0,0,0,0,0,0,0,0,0,0,0,0,0,0,0,0,0,0,0,0,0,0,0,0,0,0,0,0,0,0,0,0,0,0,0,0,0,0,0,0,0,0,0,0,0,0,0,0,0,0,0,0,0,0,0,0,0,0,0,0,0,0,0,0,0,0,0,0,0,0,0,0,0,0,0,0,0,0,0,0,0,0,0,0,0,0,0,0,0,0,0,0,0,0,0,0,0,0,0,0,0,0,0,0,0,0.236,0,0,0,0,0,0,0,0,0,0,0,0,0,0,0,0,0,0,0,0,0,0,0,0,0,0,0,0,0,0,0,0,0,0,0,0,0,0,0,0,0,0,0,0,0,0,0,0,0,0,0,0,0,0,0,0,0,0,0,0,0,0,0,0,0,0,0,0,0,0,0,0,0,0,0,0,0,0,0,0,0,0,0,0,0,0,0,0.18,0,0,0,0,0,0,0,0,0,0,0,0,0,0,0,0,0,0,0.256,0,0,0,0,0,0.377,0,0,0,0,0,0,0,0,0,0,0,0.357,0,0,0,0.211,0,0,0.229,0.219,0,0,0,0,0,0,0,0,0,0,0,0,0,0,0,0.193,0,0,0,0,0,0,0,0,0,0,0,0,0,0,0,0,0,0,0,0,0,0,0,0,0,0,0,0,0,0,0,0,0,0,0,0,0,0,0,0,0,0,0,0,0,0,0,0,0,0,0,0,0,0,0,0,0,0,0,0.962,0,0,0,0,0,0,0,0,0,0,0.228,0,0,0,0,0,0,0,0,0,0.911,0,0,0,0,0,0,0,0.194,0,0,0,0,0,0,0,0,0.183,0.196,0,0,0,0,0,0,0,0,0,0,0,0,0,0,0,0,0,0,0,0,0,0,0,0,0,0,0,0,0,0,0,0,0,0,0,0,0,0,0,0,0,0,0,0,0,0,0,0,0,0,0,0,0,0,0.33,0,0,0,0,0,0,0,0,0,0,0,0,0,0,0,0,0,0,0,0,0,0,0,0,0,0,0,0,0,0,0,0,0,0,0,0,0,0,0,0,0,0,0,0,0,0,0,0,0,0,0,0,0,0,0,0,0,0,0,0,0,0,0,0,0,0,0,0,0,0,0,0,0,0,0,0,0,0,0,0,0,0,0,0.169,0,0,0,0,0,0,0,0,0,0,0,0,0,0,0,0,0,0,0,0,0,0,0,0.228,0,0,0,0,0,0,0,0,0,0,0,0,0,0,0,0,0,0,0,0,0,0,0,0,0,0,0,0,0,0,0,0,0,0,0,0,0,0,0,0,0,0,0,0,0,0,0,0,0,0,0,0,0,0,0,0,0,0,0,0,0,0,0,0,0,0,0,0,0,0,0,0,0,0,0,0,0,0,0,0,0,0,0,0,0,0,0,0,0,0,0,0,0,0,0,0,0,0.28,0,0,0,0,0,0,0,0,0,0,0,0,0,0,0,0,0,0,0,0,0,0,0,0,0,0,0,0,0,0,0,0,0,0,0,0,0,0,0,0,0,0,0,0,0,0,0,0,0,0,0,0,0,0,0,0,0,0,0,0,0,0,0,0,0,0,0,0,0,0,0,0,0,0,0,0,0,0,0,0,0,0,0,0,0,0,0,0,0,0,0,0,0,0,0,0,0,0,0,0,0,0,0,0,0,0,0,0,0,0.19,0,0,0,0,0,0,0,0,0,0,0,0,0,0,0,0,0,0,0,0,0,0,0,0,0,0,0,0,0,0,0,0,0,0,0,0,0,0,0,0,0,0,0,0,0,0,0,0,0,0,0,0,0,0.28,0,0,0,0,0,0,0,0,0,0,0,0,0,0,0,0.28,0,0,0,0,0,0,0,0,0,0,0,0,0,0,0,0,0,0,0,0,0,0,0,0,0,0,0,0,0,0,0,0,0,0,0,0,0,0,0,0,0,0,0,0,0,0,0,0,0,0,0,0,0,0,0,0,0,0,0,0,0,0,0,0,0,0,0,0,0,0,0,0,0,0,0,0,0,0,0,0,0,0,0,0,0,0,0,0,0,0,0,0,0,0,0,0,0,0,0,0,0,0,0,0,0,0,0,0,0,0,0,0,0,0,0,0,0,0,0,0,0,0,0,0,0.317,0,0,0,0,0,0,0,0,0,0,0,0,0,0,0,0,0,0,0,0,0,0,0,0,0,0,0,0,0,0,0,0,0,0,0,0,0,0,0,0,0,0,0,0,0,0,0,0,0,0,0,0,0,0,0,0,0,0,0,0,0,0,0,0,0,0.28,0,0,0,0,0,0,0,0,0,0,0,0,0,0,0,0,0,0,0,0,0,0,0,0,0,0,0,0,0,0,0,0.19,0,0.28,0,0,0,0,0,0,0,0.358,0,0,0,0,0,0,0.499,0,0,0,0,0,0,0,0,0,0,0,0,0,0,0,0,0,0,0,0,0,0,0,0,0,0,0.276,0,0,0,0,0,0,0,0,0,0,0,0,0,0,0,0,0,0.219,0,0,0,0,0,0,0,0,0,0,0,0,0,0,0,0,0,0.28,0,0,0.283,0,0.401,0,0,0,0,0,0,0,0,0,0,0,0,0,0.657,0,0,0,0,0,0,0,0,0,0,0,0.191,0,0,0,0,0,0,0,0,0,0,0,0,0,0,0,0,0,0,0,0,0,0,0,0,0,0,0,0,0,0,0,0,0,0,0,0,0,0,0,0,0,0,0,0,0,0,0,0,0,0,0,0,0,0,0,0,0,0,0,0,0,0,0,0,0,0,0,0.571,0.197,0,0,0,0,0,0,0,0,0,0,0,0.653,0.81,0,0.551,0,0,0.228,0.955,0,0,0,0,0,0.26,0,0.396,0,0,0,0.156,0,0,0,0.879,0,0,0,0.766,0,0,0,0,0.227,0.394,0,0,0,0,0,0,0,0,0,0,0,0,0,0,0,0,0,0,0,0,0,0,0,0,0,0,0,0,0,0,0,0,0,0,0,0,0,0,0,0,0,0,0,0,0,0,0,0,0,0,0,0,0,0,0,0,0,0,0,0,0,0,0,0,0,0,0,0,0,0,0,0,0,0,0,0,0,0,0,0,0,0,0,0,0,0,0,0.163,0,0.22,0,0,0,0,0,0,0,0,0,0,0,0,0,0,0,0,0,0,0,0,0,0,0,0,0,0,0,0,0,0,0,0,0,0,0,0,0,0,0,0,0,0,0,0,0,0,0,0,0,0,0,0,0,0,0,0,0,0,0.195,0,0,0,0,0,0,0,0,0,0,0,0,0,0,0,0,0,0,0,0,0,0,0,0.787,0.729,0,0,0,0,0,0,0,0,0,0,0,0,0,0,0,0,0,0,0,0,0,0,0,0,0,0,0,0,0,0,0,0,0,0,0,0,0,0,0.786,0,0,0,0,0,0,0,0,0,0.28,0,0,0,0.272,0,0,0,0,0,0.22,0,0,0,0,0,0,0,0,0,0,0,0.31,0,0,0,0,0,0,0,0,0,0,0,0,0,0,0,0,0,0,0,0,0,0.214,0,0,0,0,0,0,0,0,0,0,0,0,0,0,0,0,0,0,0,0,0,0,0,0,0,0,0,0,0,0,0,0,0,0,0,0,0,0,0.28,0,0,0,0,0,0,0,0,0,0,0,0,0,0,0,0,0,0,0,0,0,0,0,0,0,0,0,0,0,0,0,0,0,0,0,0,0,0,0,0,0,0,0,0,0,0,0,0,0,0,0,0,0,0,0,0,0,0,0,0,0,0,0,0,0,0,0,0,0,0,0,0,0,0,0,0,0,0,0,0,0,0,0,0,0,0,0,0,0,0,0,0,0,0,0,0,0,0,0,0,0,0,0,0,0,0,0,0,0,0,0,0,0,0,0,0,0,0,0,0,0,0,0,0,0,0,0,0,0,0,0,0,0,0,0,0,0,0,0,0,0,0,0,0,0,0,0,0,0,0,0,0,0,0,0,0,0,0,0,0,0,0,0,0,0,0,0,0,0,0,0,0,0,0,0,0,0,0,0,0,0,0,0,0,0,0,0,0,0,0,0,0,0,0,0,0,0,0,0,0,0,0,0,0,0,0,0,0,0,0,0,0,0,0.429,0,0,0,0,0,0,0,0,0,0,0,0,0,0,0,0,0,0,0,0,0,0,0,0,0,0,0,0,0,0,0,0,0,0,0,0,0,0,0,0,0,0,0,0,0,0,0,0,0,0,0,0,0,0,0,0,0.292,0,0.252,0,0,0,0,0,0,0,0,0,0,0,0,0,0,0,0,0,0,0,0,0,0,0,0,0,0,0,0,0,0,0,0,0,0,0,0,0,0,0.311,0,0,0,0,0,0,0,0,0,0,0,0,0,0,0,0,0,0,0,0,0,0,0,0,0,0,0,0,0,0,0,0,0,0,0,0,0,0,0,0.28,0,0,0,0,0,0,0,0,0,0,0,0,0,0,0,0,0,0,0,0,0,0,0,0,0,0,0,0,0,0,0,0,0,0,0,0,0,0,0,0,0,0,0,0,0,0,0,0.311,0,0,0,0,0,0,0,0,0,0,0,0,0,0,0,0,0,0,0,0,0,0,0,0,0,0,0,0,0,0,0,0,0,0,0,0,0,0,0,0,0,0,0,0,0,0,0,0,0,0,0,0,0,0,0,0,0,0,0,0,0,0,0,0,0,0,0,0,0,0,0,0,0,0,0,0,0,0,0,0,0,0,0,0,0.355,0,0,0,0,0,0,0,0,0.28,0,0,0,0,0,0,0,0,0,0,0,0,0,0,0,0,0,0,0,0,0.287,0,0,0,0,0,0,0,0,0,0,0,0,0,0,0,0,0,0,0,0,0,0,0,0,0,0,0,0,0,0,0,0,0,0,0,0,0,0,0,0,0,0,0,0,0,0,0,0,0,0,0,0,0,0,0,0,0,0,0,0,0,0,0,0,0,0,0,0,0,0,0,0,0,0,0,0,0,0,0,0,0,0,0,0,0,0,0,0,0,0,0,0,0,0,0,0,0,0,0,0,0,0,0,0,0,0,0,0,0,0,0,0,0,0,0,0,0,0,0,0,0,0,0,0,0,0,0,0,0,0,0.193,0,0,0,0,0,0,0,0,0,0.32,0,0,0,0,0,0,0,0,0,0,0,0,0,0,0,0,0,0,0.394,0,0,0,0,0,0,0,0,0,0,0,0,0,0,0,0,0,0,0,0,0,0,0,0,0,0,0,0,0,0.195,0,0,0,0,0,0,0,0,0,0,0,0,0,0,0,0,0,0,0,0,0,0,0,0,0,0,0.224,0,0,0,0,0,0,0,0,0,0,0,0,0,0,0,0,0,0,0,0,0,0,0,0,0,0,0,0,0,0,0,0,0,0,0,0,0,0,0,0,0,0,0,0,0,0,0,0,0,0,0,0,0,0,0,0,0,0,0,0,0,0,0,0,0,0,0,0,0,0,0,0,0,0,0,0,0,0,0,0,0,0,0,0,0,0,0,0,0,0,0,0.191,0,0,0,0,0,0,0,0,0,0,0,0,0,0,0,0,0,0,0.192,0,0,0.434,0,0,0,0,0,0,0,0,0,0,0,0,0,0,0,0,0,0,0,0,0,0,0,0,0,0,0,0,0,0,0,0,0,0,0,0,0,0,0,0,0,0,0,0,0,0,0,0,0,0,0,0,0,0,0,0,0,0,0,0,0,0,0,0,0,0,0,0,0,0,0,0,0,0,0,0,0,0,0,0,0,0,0,0,0,0,0,0,0,0,0,0,0,0,0,0,0,0,0,0,0,0,0,0,0,0,0,0,0,0,0,0,0,0,0,0,0,0,0,0,0,0,0.351,0,0,0,0,0,0,0,0,0,0,0,0,0,0,0,0,0,0,0,0,0,0,0.309,0,0,0,0,0,0,0,0,0,0,0,0,0,0,0,0,0,0,0,0,0,0,0,0,0,0,0,0,0,0,0,0,0,0,0,0,0,0,0,0,0,0,0,0,0,0,0,0,0,0,0,0,0,0,0,0,0,0,0,0,0,0,0,0,0,0,0,0,0,0,0,0,0,0,0,0,0,0,0.29,0,0,0,0,0,0,0,0,0,0,0.195,0,0,0,0.218,0,0,0,0,0,0,0,0,0,0,0,0,0,0,0,0,0,0,0,0,0,0,0,0,0,0,0,0,0,0,0,0,0,0,0,0,0,0,0,0,0,0,0,0,0,0,0,0,0,0,0,0,0,0,0,0,0,0,0,0,0,0,0,0,0,0,0,0,0,0,0,0,0,0,0,0,0,0,0,0,0,0,0,0,0,0.28,0,0,0,0,0,0,0,0,0,0,0,0,0,0,0,0,0,0,0,0,0.28,0,0,0,0,0,0,0,0,0,0,0,0,0,0,0,0,0,0.157,0,0,0,0,0,0,0,0,0,0,0,0,0,0.258,0.298,0.28,0.171,0.175,0.331,0.28,0.276,0.213,0.196,0.28,0.358,0.28,0.331,0.333,0.305,0.592,0.307,0.229,0.229,0.539,0.297,0.258,0,0,0,0,0,0,0,0,0,0,0,0,0,0,0,0,0,0,0,0,0,0,0,0,0,0,0,0,0,0,0,0,0,0,0,0,0,0,0,0,0,0,0,0,0,0,0,0,0,0,0,0,0,0,0,0,0,0,0,0,0,0,0,0,0,0,0,0,0,0,0,0,0,0,0,0,0,0,0,0,0,0,0,0,0,0,0,0,0,0,0,0,0,0,0,0,0,0,0,0,0,0,0,0,0,0,0,0,0,0,0,0,0,0,0,0,0,0,0,0,0,0,0,0,0,0,0,0,0,0,0,0,0,0,0,0,0,0,0,0,0,0,0,0,0,0,0,0,0,0,0,0,0,0,0,0,0,0,0,0,0,0,0,0,0,0,0,0,0,0,0,0,0,0,0,0,0,0,0,0,0,0,0,0,0,0,0,0,0,0,0,0,0,0,0,0,0,0,0,0,0,0,0,0,0,0,0,0,0,0,0,0,0,0,0,0,0,0,0,0,0,0,0,0,0,0,0,0,0,0,0,0,0,0,0,0,0,0,0,0,0,0,0,0,0,0,0,0,0,0,0,0,0,0,0,0,0,0,0,0,0,0,0,0,0,0,0,0,0,0,0,0,0,0,0,0,0,0,0,0,0,0,0,0,0,0,0,0,0,0,0,0,0,0,0,0,0,0,0,0,0,0,0,0,0,0,0,0,0,0,0,0,0,0,0,0
851902,0,0,0,0,0,0,0,0,0,0,0,0,0,0,0,0,0,0,0,0,0,0,0,0,0,0,0,0,0,0,0,0,0,0,0,0,0,0,0,0,0,0,0,0,0,0,0,0,0,0,0,0,0,0,0,0,0,0,0,0,0,0,0,0,0,0,0,0,0,0,0,0,0,0,0,0,0,0,0,0,0,0,0,0,0,0,0,0,0,0,0,0,0,0,0,0,0,0,0,0,0,0,0,0,0,0,0,0,0,0,0,0,0,0,0,0,0,0,0,0,0,0,0,0,0,0,0,0,0,0,0,0,0,0,0,0,0,0,0,0,0,0,0,0,0,0,0,0,0,0,0,0,0,0,0,0,0,0,0,0,0,0,0,0,0,0,0,0,0,0,0,0,0,0,0,0,0,0,0,0,0,0,0,0,0,0,0,0,0,0,0,0,0,0,0,0,0,0,0,0,0,0,0,0,0,0,0,0,0,0,0,0,0,0,0,0,0,0,0,0,0,0,0,0,0,0,0,0,0,0,0,0,0,0,0,0,0,0,0,0,0,0,0,0,0,0,0,0,0,0,0,0,0,0,0,0,0,0,0,0,0,0,0,0,0,0,0,0,0,0,0,0,0,0,0,0,0,0,0,0,0,0,0.16,0,0,0,0,0,0,0,0,0,0.201,0,0,0,0,0,0,0,0,0,0,0,0,0,0,0,0,0,0,0,0,0,0,0,0,0,0,0,0,0,0,0,0,0,0,0,0,0,0,0,0,0,0,0,0,0,0,0,0,0,0,0,0,0,0,0,0,0,0,0,0,0,0,0,0,0,0,0,0,0,0,0,0,0,0,0,0,0,0,0,0,0,0,0,0,0,0,0,0,0,0,0,0,0,0,0,0,0,0,0,0,0,0,0,0,0,0,0,0,0,0,0,0,0.178,0,0,0.216,0,0,0,0,0,0,0,0,0,0,0,0,0,0,0,0,0,0,0,0,0,0,0,0,0,0,0,0,0,0,0,0,0,0,0,0,0,0,0,0,0,0,0,0,0,0,0,0,0,0,0,0,0,0,0,0,0,0,0,0,0,0,0,0,0,0,0,0,0,0,0,0,0,0,0,0,0,0,0,0,0,0,0,0,0,0,0,0,0,0,0,0,0,0,0,0,0,0,0,0,0,0,0,0,0,0,0,0,0,0,0,0,0,0,0,0,0,0,0,0,0,0,0,0,0,0,0,0.236,0,0,0,0,0,0,0,0,0,0,0,0,0,0,0,0,0,0,0,0,0,0,0,0,0,0,0,0,0,0,0,0,0,0,0,0,0,0,0,0,0,0,0,0,0,0,0,0,0,0,0,0,0,0,0,0,0,0,0,0,0,0,0,0,0,0,0,0,0,0,0,0,0,0,0,0,0,0,0,0,0,0,0,0,0,0,0,0,0,0,0,0,0,0,0,0,0,0,0,0,0,0,0,0,0,0,0,0.24,0,0,0,0,0,0,0,0,0,0,0,0,0,0,0,0,0,0,0,0,0,0,0,0,0,0,0,0,0,0,0,0,0,0,0,0,0,0,0,0,0,0,0,0,0,0,0,0,0,0,0,0,0,0,0,0,0,0,0,0,0,0,0,0,0,0,0,0,0,0,0.153,0,0,0,0,0,0,0,0,0,0,0,0,0,0,0,0,0,0,0,0,0,0.551,0,0,0,0,0,0,0,0,0,0,0,0,0,0,0,0,0,0,0,0,0,0,0,0,0,0,0,0,0,0.178,0,0,0,0,0,0,0,0,0,0,0,0,0,0,0,0,0,0,0,0,0,0,0,0,0,0,0,0,0,0,0,0,0,0,0,0,0,0,0,0,0,0,0,0,0,0,0,0,0,0,0,0,0,0,0.349,0,0,0,0,0,0,0,0,0.23,0,0,0,0,0,0,0,0,0,0,0,0,0,0,0,0,0,0,0,0,0,0,0,0,0,0,0,0,0,0,0,0,0,0,0,0,0,0,0,0,0,0,0,0,0,0,0,0,0,0,0,0,0,0,0,0,0,0,0,0,0,0,0,0,0,0,0,0,0,0,0,0,0,0,0,0,0,0,0,0,0,0,0,0,0,0,0,0,0,0,0,0,0,0,0,0,0,0.169,0,0,0,0,0.387,0,0,0,0,0,0,0,0,0,0,0,0,0,0,0,0,0,0,0,0,0,0,0,0,0,0,0,0,0,0,0,0,0,0,0,0,0,0,0,0,0,0,0,0,0,0,0,0,0,0,0,0,0,0,0,0,0,0,0,0,0,0,0,0,0,0,0,0,0,0,0,0,0,0,0,0,0,0,0,0,0,0,0,0,0,0,0,0,0,0,0,0,0,0,0,0,0,0,0,0,0,0,0,0,0,0,0,0,0,0,0,0,0,0,0,0,0,0,0,0,0,0,0,0,0,0,0,0,0,0,0,0,0,0,0,0,0,0,0,0,0,0,0,0,0,0,0,0,0,0,0,0,0,0,0,0,0,0,0,0,0,0,0,0,0,0,0,0,0,0,0,0,0,0,0,0,0,0,0,0,0,0.195,0,0,0,0,0,0,0,0,0,0,0,0,0,0,0,0,0,0,0,0,0,0,0,0,0,0,0,0,0,0,0,0,0,0,0,0,0,0,0,0,0,0,0,0,0,0,0,0,0,0,0,0,0,0,0,0,0,0,0,0,0,0,0,0,0,0,0,0,0,0,0,0,0,0,0.26,0,0,0,0,0.37,0,0,0,0.204,0,0,0,0,0,0,0,0,0,0,0,0,0,0,0,0,0,0,0,0,0.183,0,0,0,0,0,0,0,0,0,0,0,0,0,0,0,0,0,0,0,0,0,0,0,0,0,0,0,0,0,0,0,0,0,0,0,0,0,0,0,0,0,0,0,0,0,0,0,0,0,0,0,0,0.196,0,0,0,0,0,0,0,0,0,0,0,0,0,0,0,0,0,0,0,0,0,0,0,0,0,0,0,0.271,0,0,0,0,0,0,0,0,0,0,0,0,0,0,0,0,0,0,0,0,0,0,0,0,0,0,0,0,0,0,0,0,0,0,0,0,0,0,0,0,0,0,0,0,0,0,0,0,0,0,0,0,0,0,0,0,0,0,0,0,0,0,0,0,0,0,0,0,0,0,0,0,0,0,0,0,0,0,0,0,0,0,0,0,0,0,0,0,0,0.54,0,0,0,0,0,0,0,0,0,0,0,0,0,0,0,0,0,0,0,0,0,0,0,0,0,0,0,0,0,0,0,0,0,0,0,0,0,0,0,0,0,0,0,0,0,0,0,0,0,0,0,0,0,0,0,0,0,0,0,0,0,0,0,0,0,0,0,0,0,0,0,0,0,0,0,0,0,0,0,0,0,0,0,0,0,0,0,0,0,0,0,0,0,0,0,0,0,0,0,0,0,0,0,0,0,0,0,0,0,0.195,0,0,0,0,0,0,0,0,0,0,0,0,0,0,0,0,0,0,0,0,0,0,0.204,0,0,0.189,0,0,0,0,0,0,0,0,0,0,0,0,0,0,0,0,0,0,0,0,0,0,0,0,0,0,0,0,0,0,0,0,0,0,0,0,0,0,0,0,0,0,0,0.663,0,0,0,0,0,0,0,0,0,0,0,0,0,0,0,0,0,0,0,0,0,0,0,0,0,0,0,0,0,0,0,0,0,0,0,0,0,0,0,0,0,0,0,0,0,0,0,0,0,0,0,0,0,0,0,0,0,0,0,0,0,0,0,0,0,0,0,0,0,0,0,0,0,0,0,0,0,0,0,0,0,0.167,0,0,0,0,0,0,0,0,0,0,0,0,0,0,0,0,0,0,0,0,0,0,0,0,0,0,0,0,0,0,0,0,0,0,0,0,0,0,0,0,0,0,0,0,0,0,0,0.437,0,0,0,0,0,0,0,0,0,0,0,0,0,0,0,0,0,0,0,0,0,0,0,0,0,0,0,0,0,0,0,0,0,0,0,0,0,0,0,0,0,0,0,0,0,0,0,0,0,0,0,0,0,0,0,0,0,0,0,0,0,0,0,0,0,0,0,0,0,0,0,0,0,0.203,0,0,0,0,0,0,0,0,0,0,0,0,0,0,0,0,0,0,0,0,0,0,0,0,0,0,0,0,0,0,0,0,0,0,0,0,0,0,0,0,0,0,0,0,0,0,0,0,0,0,0,0,0,0,0,0,0,0,0,0,0,0,0,0,0,0,0,0,0,0,0,0,0,0,0,0,0,0,0,0,0,0,0,0,0,0,0,0,0,0,0,0,0,0,0,0,0,0,0,0,0,0,0,0,0,0,0,0,0,0,0,0,0,0,0,0,0,0,0,0,0,0,0,0,0,0,0,0,0,0,0,0,0,0,0,0,0,0,0,0,0,0,0,0,0,0,0,0,0,0,0,0,0,0,0,0,0,0.309,0,0.191,0.655,0,0,0,0,0,0,0,0,0,0,0,0,0,0,0,0,0,0,0,0,0,0,0,0,0,0,0,0,0,0,0,0,0,0,0,0,0,0,0,0,0,0,0,0,0,0,0,0,0,0,0,0,0,0,0,0,0,0,0,0,0,0,0,0,0,0,0,0,0,0,0,0,0,0,0,0,0,0,0,0.191,0,0,0,0,0,0,0,0,0,0,0,0,0,0,0,0,0,0,0,0,0,0,0,0,0,0,0,0,0,0.173,0,0,0,0,0,0,0,0,0,0,0,0,0,0,0,0,0,0,0,0,0,0,0,0,0,0,0,0,0,0,0,0,0,0,0,0,0,0,0,0,0,0,0,0,0,0,0,0,0,0,0,0,0,0,0,0,0,0,0,0,0,0,0,0,0,0,0,0,0,0,0,0,0,0,0,0,0,0,0,0,0,0,0.635,0.178,0,0.178,0.234,0,0,0.178,0,0,0,0,0,0.178,0,0.178,0,0,0.488,0,0,0.191,0.54,0,0.54,0,0,0.555,0,0,0,0,0,0,0,0.54,0,0,0.178,0.274,0,0,0.54,0,0,0,0.178,0,0,0,0,0,0.54,0,0.178,0.54,0,0,0.54,0,0,0,0.238,0.436,0,0,0.22,0,0,0,0,0,0,0,0,0.661,0,0,0,0.244,0,0.235,0,0,0,0,0,0,0.54,0,0.178,0,0.54,0,0,0,0,0.15,0,0,0,0.297,0,0,0,0,0,0,0,0,0,0,0,0,0,0,0,0,0,0,0,0,0,0,0,0,0,0,0,0,0,0,0,0,0,0,0,0,0,0,0,0,0,0,0,0,0,0,0,0,0,0,0,0,0,0,0,0,0,0,0,0,0,0,0,0,0,0,0,0,0,0,0,0,0,0,0,0,0,0,0,0,0,0,0,0,0,0,0,0,0,0,0,0.218,0,0,0,0,0,0,0,0,0,0,0,0,0,0,0,0,0,0,0,0,0,0,0,0,0,0,0,0,0,0,0,0,0,0,0,0,0,0,0,0,0,0,0,0,0,0,0,0,0,0,0,0,0,0,0,0,0,0,0,0,0,0,0,0,0,0,0,0,0,0,0,0,0,0,0,0,0,0,0,0,0,0,0,0,0,0,0,0,0,0,0,0,0,0,0,0,0,0,0,0.203,0,0,0,0,0.191,0,0,0,0,0,0,0,0,0,0,0,0,0,0,0,0,0.22,0,0,0,0,0,0,0,0,0,0,0,0,0,0,0,0,0,0,0,0.202,0,0,0,0,0,0,0,0,0,0,0,0,0,0,0,0,0,0,0,0,0,0,0,0,0,0,0,0,0,0,0,0,0,0,0,0,0,0,0,0,0,0,0,0,0,0,0,0,0,0,0,0,0,0,0,0,0,0,0,0,0,0,0,0,0,0,0,0,0,0,0,0,0,0,0,0,0,0,0,0,0,0,0,0,0,0,0,0,0,0,0,0,0,0,0,0,0,0,0,0,0,0,0,0,0,0,0,0,0,0,0,0,0,0,0,0,0,0,0,0,0,0,0,0,0,0,0,0,0,0,0,0,0,0,0,0,0,0,0,0,0,0,0,0,0,0,0,0,0,0,0,0,0,0,0,0,0,0,0,0,0,0,0,0,0,0,0,0,0,0,0,0,0,0,0,0,0,0,0,0,0,0,0,0,0,0,0,0,0,0,0,0,0,0,0,0,0,0,0,0,0,0,0,0,0,0,0,0,0,0,0,0,0.213,0,0,0,0,0,0,0,0,0,0,0,0,0,0,0,0,0,0,0,0,0,0,0,0,0,0,0,0,0,0,0,0.248,0,0,0,0,0,0,0,0,0,0,0,0,0,0,0,0,0,0,0,0,0,0,0,0,0,0,0,0,0.229,0,0,0,0,0,0,0,0,0,0,0,0,0,0,0,0,0,0,0,0,0,0,0,0,0,0,0,0,0,0,0,0,0,0,0,0,0,0,0,0,0,0,0,0,0,0,0,0,0,0,0,0,0,0,0,0,0,0,0,0,0,0,0,0,0,0,0,0,0,0,0,0,0,0,0,0,0,0,0,0,0,0,0,0,0,0,0,0,0,0,0,0,0,0,0,0,0,0,0,0,0,0,0,0,0,0,0,0,0,0,0,0,0,0,0,0,0,0,0,0,0,0,0,0,0,0,0,0,0,0,0,0,0,0,0,0,0,0,0,0,0,0,0,0,0,0,0,0,0,0,0,0,0,0,0,0,0,0,0,0,0,0,0,0,0,0,0,0,0,0,0,0,0,0,0,0,0,0,0,0,0,0,0,0,0,0,0,0,0,0,0,0,0,0,0,0,0,0,0,0,0,0,0,0,0,0,0,0,0,0,0,0,0,0,0,0,0,0,0,0,0,0,0,0,0,0,0,0,0,0,0,0,0,0,0,0,0,0,0,0,0,0,0,0,0,0,0,0,0,0,0,0,0,0,0,0.179,0,0,0,0,0,0,0,0,0,0,0,0,0,0,0,0,0,0,0,0,0,0,0,0,0,0,0,0,0,0,0,0,0,0,0,0,0,0,0,0,0,0,0,0,0,0,0,0,0,0,0,0,0,0,0,0,0,0,0,0,0,0,0,0,0,0,0,0,0,0,0,0,0,0,0,0,0,0,0,0,0,0,0,0,0,0,0,0,0,0,0,0,0,0,0,0,0,0,0,0,0,0,0,0,0,0,0,0,0,0,0,0,0,0,0,0,0,0,0,0,0,0,0,0,0,0,0,0,0,0,0,0,0,0,0,0,0,0.408,0,0,0,0,0,0,0,0,0,0,0,0,0,0,0,0,0,0,0,0,0,0,0,0,0,0,0,0,0,0,0,0,0,0,0,0,0,0,0,0,0,0,0,0,0,0,0,0,0.808,0,0,0,0,0,0,0,0,0,0,0,0,0,0,0,0,0,0,0,0,0,0,0,0,0,0,0,0,0,0,0,0,0,0,0,0,0,0,0,0,0,0,0,0,0,0,0,0,0,0,0,0,0,0,0,0,0,0,0,0,0,0,0,0,0,0,0,0,0,0,0,0,0,0,0,0,0,0,0,0,0,0,0,0,0,0,0,0,0,0,0,0,0,0,0,0,0,0,0,0,0,0,0,0,0,0,0,0,0,0,0,0,0,0,0,0,0,0,0,0,0,0,0,0,0,0,0,0,0,0.215,0,0,0,0,0,0,0,0,0,0,0,0,0,0,0,0,0,0,0,0,0,0,0,0,0,0,0,0,0,0,0,0,0,0,0,0,0,0,0,0,0,0,0,0,0,0,0,0,0,0,0,0,0,0,0,0,0,0,0,0,0,0,0,0,0,0,0,0,0,0,0,0,0,0,0,0,0,0,0,0,0,0,0,0,0,0,0,0.394,0,0,0,0.371,0,0,0,0,0,0,0,0.511,0,0,0,0,0,0,0,0,0,0,0,0,0,0,0,0,0,0,0.197,0,0,0,0,0,0,0,0,0,0,0,0,0,0,0,0,0,0,0,0,0,0,0,0,0,0,0,0,0,0,0,0,0,0,0,0,0,0,0,0,0,0,0,0,0,0,0,0,0,0,0,0,0,0,0,0,0,0,0,0,0,0,0,0,0,0,0,0,0,0,0,0,0,0.192,0,0,0,0,0,0,0,0,0,0,0,0,0,0,0,0,0,0,0,0,0,0,0,0,0,0,0,0.175,0.309,0,0,0,0,0,0,0,0,0,0,0,0,0,0,0,0,0,0,0,0,0,0,0,0,0,0,0,0,0,0,0,0.445,0,0,0,0,0.539,0,0,0,0,0,0,0,0,0,0,0,0,0,0,0,0,0,0,0,0,0,0,0,0,0,0,0,0,0,0,0,0,0,0,0,0,0,0,0,0,0,0,0,0,0,0,0,0,0,0,0,0,0,0,0,0,0,0,0,0,0,0,0,0,0,0,0,0,0,0,0,0,0,0,0,0,0,0,0,0,0,0,0,0,0,0,0,0,0,0,0,0,0,0,0,0,0,0,0,0,0,0.161,0,0,0,0,0,0,0,0,0,0.154,0,0,0.213,0,0,0,0,0,0,0,0,0,0,0,0,0,0,0,0,0,0,0,0,0,0,0,0,0,0,0,0,0,0,0,0,0,0,0,0,0,0,0,0,0,0,0,0,0,0,0,0,0,0,0,0,0,0,0,0,0,0,0,0,0,0,0,0,0,0,0,0,0,0,0,0,0,0,0,0,0,0,0,0,0,0,0,0,0,0,0,0,0,0,0,0,0,0,0,0,0,0,0,0,0,0.445,0,0,0,0,0,0,0,0,0,0,0,0,0,0,0,0,0,0,0,0,0,0,0,0,0,0,0,0,0,0,0,0,0,0,0,0,0,0,0,0,0,0,0,0.189,0,0,0,0,0,0,0,0,0,0,0,0,0,0,0,0,0,0,0,0,0,0,0,0,0,0,0,0,0,0,0,0.667,0,0,0,0,0,0,0,0,0,0,0,0,0,0,0,0,0,0,0,0,0,0,0,0,0.19,0,0,0,0,0,0,0,0,0,0,0,0,0,0,0,0,0,0,0,0,0,0,0,0,0,0,0,0,0,0,0,0,0,0,0,0,0.212,0.787,0.216,0.545,0.286,0.397,0.61,0.276,0.515,0.61,0,0,0,0,0,0,0,0,0,0,0,0,0,0,0,0,0,0,0,0,0,0,0,0,0,0,0,0,0,0,0,0,0,0,0,0,0,0,0,0,0,0,0,0,0,0,0,0,0,0,0,0,0,0,0,0,0,0,0,0,0,0,0,0,0,0,0,0,0,0,0,0,0,0,0,0,0,0,0,0,0,0,0,0,0,0,0,0,0,0,0,0,0,0,0,0,0,0,0,0,0,0,0,0,0,0,0,0,0,0,0,0,0,0,0,0,0,0,0,0,0,0,0,0,0,0,0,0,0,0,0,0,0,0,0,0,0,0,0,0,0,0,0,0,0,0,0,0,0,0,0,0,0,0,0,0,0,0,0,0,0,0,0,0,0,0,0,0,0,0,0,0,0,0,0,0,0,0,0,0,0,0,0,0,0,0,0,0,0,0,0,0,0,0,0,0,0,0,0,0,0,0,0,0,0,0,0,0,0,0,0,0,0,0,0,0,0,0,0,0,0,0,0,0,0,0,0,0,0,0,0,0,0,0,0,0,0,0,0,0,0,0,0,0,0,0,0,0,0,0,0,0,0,0,0,0,0,0,0,0,0,0,0,0,0,0,0,0,0,0,0,0,0,0,0,0,0,0,0,0,0,0,0,0,0,0,0,0,0,0,0,0,0,0,0,0,0,0,0,0,0,0,0,0,0,0,0,0,0,0,0,0,0,0,0,0,0,0,0,0,0,0,0,0,0,0,0,0,0,0,0,0,0,0,0,0,0,0,0
852319,0,0,0,0,0,0,0,0,0,0,0,0,0,0,0,0,0,0,0,0,0,0,0,0,0,0,0.183,0,0,0,0,0,0,0,0,0,0,0,0,0,0,0,0,0.171,0,0,0,0,0,0,0,0.999,0,0,0,0,0,0.646,0.309,0,0,0,0,0,0,0,0,0,0,0,0.42,0,0,0.305,0.213,0,0,0,0,0,0,0.461,0,0,0,0,0,0.195,0,0,0,0,0.325,0.194,0,0.999,0,0,0.412,0,0,0,0.29,0,0,0,0,0,0,0.398,0,0,0,0,0,0,0,0.214,0.199,0.327,0,0,0.717,0,0,0,0,0.996,0,0,0,0,0,0,0,0,0,0,0.19,0,0.999,0.344,0,0,0,0,0,0,0,0,0,0,0,0,0,0.903,0,0,0,0,0,0,0,0,0.412,0,0,0,0,0.352,0,0,0,0,0,0,0,0,0,0,0,0,0,0,0,0,0,0,0,0.562,0.347,0,0,0.152,0,0.63,0,0,0,0,0,0,0.157,0.363,0,0.182,0.999,0,0,0.226,0,0,0,0.887,0.318,0.191,0,0,0,0,0.999,0,0.22,0.869,0,0,0,0,0.168,0.935,0,0,0.996,0,0.564,0,0.323,0.489,0,0.215,0,0,0,0.391,0.465,0,0,0,0.248,0,0,0,0,0,0,0,0,0,0,0,0.251,0,0,0,0.36,0,0,0,0,0,0.285,0,0,0,0,0.997,0,0.15,0.152,0,0,0,0.922,0,0.383,0.53,0,0.946,0,0.404,0,0,0,0,0,0.225,0,0.816,0,0,0.999,0,0,0,0.521,0,0,0.397,0,0.999,0,0,0,0,0.999,0.33,0,0,0,0,0,0,0.197,0.336,0,0.664,0,0,0,0.819,0,0,0.408,0,0.386,0,0,0,0,0,0,0,0,0.162,0,0.181,0,0,0,0,0.841,0,0,0,0,0,0,0,0,0.291,0.232,0.25,0,0,0,0.29,0,0,0.305,0.999,0.334,0.963,0,0,0,0,0.999,0,0,0,0,0,0,0.999,0,0,0,0,0,0,0.386,0,0,0,0.264,0,0.999,0.273,0.706,0,0.499,0,0.199,0,0.383,0,0,0,0,0.988,0,0.194,0,0,0,0.229,0.23,0,0,0,0,0,0,0,0,0.773,0.253,0,0.152,0,0.236,0,0.616,0,0,0,0.325,0,0.456,0,0,0,0,0,0,0,0,0,0.154,0,0.998,0,0.796,0.238,0,0,0,0.725,0,0.623,0,0.217,0.162,0,0,0,0,0,0,0,0.154,0,0,0.999,0,0.181,0,0,0,0.8,0,0,0,0.232,0,0,0,0,0,0,0,0.835,0,0,0,0,0,0.931,0,0.201,0.217,0,0,0,0,0,0,0,0.894,0,0,0,0.155,0,0.2,0.351,0.999,0.277,0,0,0,0,0,0,0,0.382,0.827,0,0,0,0,0,0,0,0.302,0,0.795,0,0.276,0,0.32,0,0,0.224,0,0,0,0,0.229,0.764,0.155,0.243,0.151,0,0,0,0,0,0,0,0,0,0,0,0,0.292,0.24,0.168,0,0,0,0,0,0,0,0.254,0.212,0,0,0,0,0,0,0,0,0.659,0,0,0,0,0.618,0,0,0.216,0,0,0,0.466,0,0.246,0,0,0,0.187,0,0.351,0,0,0.197,0,0,0,0,0.161,0,0,0.204,0.815,0,0,0.25,0,0.197,0,0.9,0.917,0,0,0,0,0,0,0,0.421,0.559,0,0,0,0,0,0,0.256,0,0.275,0,0,0,0.309,0,0,0,0,0,0,0.235,0,0,0,0.181,0,0,0,0,0,0,0,0,0,0,0.171,0.157,0,0,0.502,0,0,0,0,0,0,0,0.363,0,0,0,0,0.304,0.278,0,0,0.217,0,0,0,0.404,0,0,0,0,0,0.181,0.196,0,0,0.339,0,0.206,0.349,0,0.186,0,0,0,0,0,0,0.315,0.624,0.999,0.183,0,0,0,0,0,0.32,0,0,0,0.998,0,0.169,0,0,0,0.928,0,0,0,0,0,0.243,0,0,0,0,0,0.302,0,0,0.999,0,0.932,0,0,0.359,0,0.166,0,0,0,0,0,0,0,0,0,0,0,0,0,0.937,0,0.242,0,0,0.405,0,0,0,0.179,0.186,0,0.155,0,0.86,0,0,0,0,0.16,0.179,0,0,0,0,0,0,0,0,0,0,0,0,0.289,0,0,0,0,0,0,0,0.181,0,0.704,0,0.173,0,0.299,0.177,0,0,0,0,0,0,0,0,0,0,0,0,0.163,0,0,0.152,0,0.999,0,0.281,0.776,0,0,0,0,0,0,0.2,0,0.159,0,0,0,0.186,0,0,0,0.692,0,0,0,0,0,0,0,0,0,0.999,0.309,0,0,0,0,0,0,0.521,0,0.313,0,0,0.174,0,0.999,0,0,0,0,0,0.781,0.165,0,0,0,0,0.27,0,0,0.529,0.314,0,0,0,0.268,0,0,0,0,0,0.344,0.989,0,0.994,0,0,0,0,0.446,0,0,0,0.999,0,0,0.179,0,0.441,0,0,0,0.735,0,0.999,0,0.351,0.216,0,0,0,0,0,0,0,0,0.257,0.197,0,0,0,0.994,0,0.961,0.999,0,0.326,0,0,0,0,0,0.868,0,0.232,0,0,0.27,0.907,0,0,0,0.213,0,0.999,0,0,0,0,0,0,0,0,0,0,0,0,0,0,0,0,0,0,0,0,0,0,0,0,0,0,0,0,0,0,0,0,0,0,0,0,0,0,0,0,0,0,0,0,0,0,0,0,0.165,0,0,0,0,0,0,0,0,0,0,0,0,0,0,0.998,0,0,0,0.153,0,0,0.171,0,0.234,0.999,0,0,0,0,0,0,0,0,0,0,0,0,0.907,0,0,0,0,0,0,0,0,0,0,0,0.29,0,0,0,0,0,0,0,0.272,0,0,0,0,0,0,0,0,0,0,0,0.157,0,0,0,0,0,0,0,0,0,0,0,0,0,0,0,0,0,0.998,0,0,0,0,0,0,0.238,0,0.909,0,0,0,0.186,0,0,0,0,0,0,0.171,0,0,0.192,0,0,0,0,0.998,0,0,0,0,0,0,0,0.159,0,0,0.999,0,0,0,0.316,0,0,0.169,0,0.999,0.349,0.853,0,0,0,0,0,0,0,0.721,0,0,0,0,0,0,0.282,0,0,0,0,0,0,0,0.388,0,0,0,0,0,0,0,0,0,0,0,0.999,0,0,0.305,0.328,0,0,0.254,0,0,0,0,0,0,0,0,0.999,0,0,0.345,0.175,0,0,0.288,0,0.545,0,0.985,0.867,0,0,0,0.382,0,0,0,0,0,0,0,0,0,0,0,0,0,0,0,0,0,0,0,0,0,0,0,0.999,0,0,0,0.247,0,0.447,0,0,0,0,0,0,0,0,0,0.844,0,0,0,0,0.192,0,0.227,0,0.441,0,0,0,0,0,0,0.999,0,0.999,0,0,0,0,0,0,0,0,0,0,0,0,0,0,0,0,0,0,0,0,0,0,0,0,0,0,0,0,0,0.213,0.159,0,0,0,0,0,0,0.955,0.203,0,0,0,0,0,0,0,0,0,0,0,0.478,0,0.202,0,0,0,0.349,0,0,0,0,0,0,0,0,0,0,0.35,0,0,0.328,0,0,0,0,0,0,0,0,0,0,0,0,0,0.999,0,0,0,0,0,0,0,0,0,0,0,0,0,0.376,0,0,0.166,0,0,0,0,0,0,0,0,0,0.516,0,0,0,0,0,0,0,0,0,0,0,0,0.349,0,0,0.383,0,0,0,0,0,0.288,0,0.483,0,0,0,0,0,0,0,0,0,0,0,0,0,0,0,0,0,0,0,0,0,0,0,0,0.656,0,0,0,0,0,0,0,0,0,0,0,0,0,0,0,0,0,0,0,0,0,0,0.293,0.165,0,0,0.999,0,0,0,0,0,0,0,0,0.282,0,0.192,0,0,0,0,0,0,0,0,0,0,0,0,0,0,0,0.173,0,0,0.226,0,0.295,0,0,0,0,0,0.319,0,0,0,0,0,0,0,0,0,0,0,0,0,0,0,0.254,0,0,0,0,0,0.338,0,0,0,0,0,0,0,0,0,0,0,0,0,0,0,0,0,0,0,0,0,0,0,0,0,0,0.307,0,0,0,0,0,0.465,0.159,0,0,0,0,0,0,0,0,0,0,0,0,0,0,0,0,0,0,0,0,0,0,0,0,0,0,0,0,0,0,0,0,0,0,0,0,0,0,0,0,0.316,0,0,0,0,0,0,0,0,0,0,0,0.903,0,0.251,0,0.803,0.171,0,0,0.999,0.802,0.872,0.36,0,0.883,0,0,0.417,0,0.177,0,0.237,0.989,0,0.302,0,0.247,0.8,0,0,0,0,0.53,0,0,0.915,0.198,0,0,0,0.34,0.254,0,0,0.182,0.341,0.192,0,0.866,0,0.31,0.999,0.45,0.867,0,0.998,0.533,0,0,0,0,0,0,0.304,0,0,0.999,0,0.537,0,0,0,0.753,0,0.169,0.273,0,0,0,0,0.317,0,0.276,0,0,0,0,0,0.894,0,0,0.382,0,0.999,0,0,0,0,0,0.202,0,0,0,0.369,0.211,0.238,0,0,0.483,0.832,0,0.15,0,0,0.768,0,0,0,0,0,0,0.402,0,0,0,0.999,0.31,0.464,0,0.215,0,0.283,0,0,0,0.998,0,0,0,0.487,0.558,0,0,0.229,0.161,0.238,0.159,0.377,0,0.277,0,0,0.185,0.8,0,0.435,0.154,0,0,0,0,0,0.999,0,0.872,0.507,0.232,0,0.868,0,0,0.828,0.669,0.291,0.51,0.929,0,0.999,0,0.182,0,0,0.855,0,0.259,0,0.949,0.36,0,0,0.328,0.318,0,0,0.173,0.329,0,0.321,0.785,0.174,0,0.911,0.223,0,0,0.849,0,0.901,0,0,0,0.934,0,0,0.934,0,0,0.253,0,0.785,0,0,0,0,0.303,0,0.75,0.403,0,0.385,0.532,0,0.2,0.295,0,0,0.448,0,0,0,0.893,0,0,0,0,0,0,0,0,0,0,0,0,0,0,0.151,0,0.242,0,0,0,0,0,0,0,0,0.723,0,0,0.208,0,0,0,0,0,0,0,0,0.366,0,0,0,0,0,0.157,0,0.999,0,0,0,0,0,0,0,0.225,0,0,0,0,0,0,0,0,0,0,0,0,0,0,0,0,0,0,0,0.482,0,0.157,0,0,0,0,0,0,0,0,0,0,0,0,0,0,0,0,0,0,0,0.93,0,0.472,0,0,0,0,0,0.168,0,0,0,0,0,0,0,0,0,0,0,0,0.166,0,0.529,0,0.637,0,0,0,0,0,0,0,0,0,0,0,0,0.233,0.151,0,0,0,0.207,0,0,0,0,0,0,0,0,0.578,0.313,0,0.822,0,0,0,0,0,0,0,0.199,0.207,0,0,0,0,0,0,0,0,0,0,0,0,0,0,0.48,0.329,0,0,0,0,0,0,0,0,0,0,0.67,0,0,0,0,0,0,0,0,0,0,0,0,0,0,0,0,0,0,0,0,0,0,0.175,0,0.165,0,0,0,0,0.993,0,0,0.997,0,0,0,0,0,0,0,0,0,0,0,0,0,0,0,0,0,0,0,0,0,0,0,0,0,0,0,0,0,0,0,0,0,0,0,0,0,0,0.349,0,0,0,0,0,0,0,0,0,0,0.181,0,0,0,0,0,0,0,0,0,0,0,0.277,0,0,0,0,0.999,0,0,0,0.173,0,0,0.629,0,0,0,0,0.166,0,0,0,0,0,0,0,0,0,0,0,0,0,0,0,0,0,0,0,0,0,0,0,0,0,0,0,0,0,0,0,0,0,0,0.999,0,0,0,0,0.199,0.999,0,0,0,0,0.999,0,0,0,0,0,0.157,0,0,0,0,0,0,0,0,0,0,0,0,0,0,0,0,0.51,0.192,0.156,0,0.552,0,0,0,0,0,0.252,0.414,0.999,0,0,0,0.559,0,0,0,0,0,0,0,0,0.237,0,0,0,0,0.346,0,0.253,0,0,0,0,0,0,0.349,0,0.564,0,0,0,0,0,0,0.218,0,0,0,0.309,0,0,0,0,0.324,0,0,0,0,0,0,0,0,0,0,0,0,0,0,0,0,0.694,0,0,0.236,0,0.465,0.329,0,0.289,0.198,0,0,0,0,0.19,0,0,0.999,0,0,0,0,0,0,0,0.309,0,0,0,0,0.342,0,0.954,0.382,0,0,0,0,0,0,0,0,0,0,0.289,0.47,0,0,0.19,0.203,0,0,0,0,0,0.302,0.88,0,0.253,0.316,0,0,0,0.34,0,0,0,0,0,0,0,0,0,0,0,0.999,0,0,0.999,0,0,0,0,0,0,0,0,0,0,0,0,0,0,0,0,0,0,0,0,0,0,0,0,0,0,0,0,0,0,0,0,0,0,0,0,0,0,0,0,0,0,0,0,0,0,0,0,0,0,0.344,0,0,0,0,0,0.344,0,0,0,0,0,0,0,0,0,0,0,0,0,0,0,0,0,0,0,0,0,0,0,0,0,0,0,0,0,0,0,0,0,0,0,0,0,0,0,0,0,0,0,0.344,0,0,0,0,0,0,0,0,0,0,0,0,0,0,0,0,0,0,0,0.636,0,0,0,0,0,0,0,0,0,0,0,0,0,0,0,0,0,0,0,0,0,0,0,0,0.378,0,0,0,0,0,0,0,0,0,0,0,0.171,0,0,0,0,0,0,0.999,0,0,0,0,0,0,0,0,0.237,0,0,0,0,0,0,0,0,0,0,0,0,0,0,0,0.231,0,0,0,0,0.208,0,0,0,0,0.507,0.316,0,0,0,0,0,0,0,0,0,0,0,0.937,0,0,0,0.305,0,0,0,0,0,0,0,0.316,0,0,0,0,0,0,0,0,0,0,0,0,0,0.231,0,0.316,0,0,0,0,0,0,0,0,0,0.837,0,0,0,0,0,0,0,0,0,0,0,0.296,0.316,0,0,0,0,0,0,0,0,0,0.316,0,0,0,0,0,0,0,0,0,0,0,0,0,0,0,0,0.44,0,0,0,0,0,0.316,0,0,0,0,0.284,0,0,0,0,0,0,0,0,0,0,0,0,0,0,0,0.249,0,0,0,0,0,0,0,0,0,0,0.803,0,0,0,0,0,0,0,0,0,0,0,0,0,0,0.841,0.677,0.999,0.558,0.226,0,0,0,0.999,0.995,0.999,0.874,0.913,0.999,0.905,0.381,0,0.999,0.33,0.991,0.998,0.316,0.363,0.186,0.359,0,0.305,0.999,0.612,0.999,0.902,0.363,0.999,0,0.85,0.226,0,0.849,0.559,0.999,0.226,0.999,0.877,0.922,0.2,0,0,0.998,0.999,0.387,0.914,0.719,0.935,0.643,0,0.447,0.559,0.224,0.912,0,0.458,0.997,0.999,0.999,0.999,0.98,0.998,0.999,0,0.509,0.999,0.559,0.999,0.84,0.256,0.805,0.558,0,0,0,0.999,0.999,0,0.998,0.999,0.999,0.173,0,0.999,0.237,0.566,0.791,0.302,0.999,0.222,0.507,0.157,0.998,0.999,0.355,0.979,0,0.711,0.999,0.844,0.999,0.998,0.559,0.999,0.999,0.571,0,0.998,0.97,0.998,0,0.999,0.999,0.558,0.999,0.788,0,0,0,0.999,0.982,0.741,0.604,0.245,0,0.972,0.316,0.998,0.815,0.559,0.316,0.997,0.677,0.171,0,0,0,0.999,0.999,0,0,0.521,0.999,0.987,0.734,0.999,0.694,0.213,0,0.999,0.997,0.641,0.998,0,0.999,0,0.559,0.999,0,0.76,0.994,0.999,0.66,0.875,0.999,0.999,0.186,0.187,0.195,0.309,0,0,0,0,0,0.948,0.918,0.361,0.558,0.317,0.743,0.807,0.8,0.963,0.999,0.999,0.999,0.852,0,0,0.999,0.999,0.802,0.247,0.998,0,0.999,0.999,0,0.999,0.898,0.212,0.999,0.186,0.999,0.834,0,0.981,0.999,0.997,0,0.687,0.999,0.165,0.504,0,0,0.999,0,0.999,0.855,0.343,0.999,0,0.313,0,0.283,0,0,0,0,0,0,0.614,0,0.509,0,0,0,0,0,0,0,0,0,0,0.186,0.273,0.165,0,0,0,0,0,0,0,0,0,0,0,0,0,0,0,0,0,0.999,0,0,0,0,0,0,0,0,0.331,0,0,0,0.321,0,0.322,0,0.317,0,0,0.259,0.48,0.265,0,0.29,0,0,0.345,0.269,0,0,0.256,0,0,0.31,0,0,0,0,0,0,0,0,0,0.263,0,0.244,0,0.531,0,0,0,0,0.154,0,0.35,0,0.179,0,0,0,0,0,0,0,0,0,0.513,0,0,0,0,0.324,0,0,0,0,0,0,0,0.249,0.323,0,0,0,0,0,0,0,0,0.191,0,0,0,0,0,0,0,0,0,0,0,0,0,0.179,0,0,0,0,0,0,0.169,0,0,0,0,0,0,0,0.173,0,0,0,0,0,0,0,0,0,0,0,0.155,0,0,0,0,0,0.39,0,0,0,0,0,0,0,0,0,0,0,0,0,0,0,0,0,0,0,0,0,0,0,0,0,0,0,0,0,0,0,0,0.192,0,0,0,0,0,0,0,0,0,0.163,0,0,0,0,0,0,0,0,0,0,0.206,0.319,0,0,0,0.662,0.277,0.163,0,0.905,0.173,0,0,0.565,0.385,0.264,0,0.281,0,0,0,0,0.359,0.327,0.338,0.326,0,0.208,0,0,0,0,0,0,0,0,0,0,0,0,0,0,0,0,0,0.16,0,0,0,0,0,0,0.372,0,0,0,0,0.157,0,0.213,0,0.199,0,0,0,0,0,0,0,0,0,0,0,0,0,0,0,0,0,0,0,0,0,0,0.205,0,0,0,0,0,0,0.21,0,0.414,0,0,0,0.196,0,0,0,0,0,0,0,0,0,0,0,0,0,0,0,0,0,0,0,0,0,0.352,0,0,0.241,0,0,0,0,0,0,0,0,0.203,0,0.163,0,0,0,0,0,0,0,0,0,0,0,0,0,0,0,0,0,0,0,0,0,0,0,0,0,0,0,0.261,0,0,0,0,0,0,0,0,0,0,0,0,0,0,0,0,0,0,0,0,0,0,0.196,0,0,0,0,0,0.248,0,0,0,0,0,0,0,0,0,0,0,0,0,0,0,0,0,0.166,0,0,0,0,0,0,0,0,0,0,0,0,0,0,0,0,0,0,0,0,0,0,0,0,0,0,0,0,0,0,0,0,0,0,0,0,0,0,0,0,0,0,0,0,0,0,0.265,0,0,0,0,0,0,0,0,0,0,0,0,0.202,0,0,0,0,0,0.28,0.191,0,0,0,0,0,0,0,0,0,0,0,0,0,0,0,0,0,0,0,0,0,0,0.217,0,0,0,0,0,0,0,0,0,0,0,0,0,0,0,0,0,0,0,0,0,0,0,0,0,0,0,0,0,0,0,0,0,0,0,0,0,0,0.332,0.207,0,0,0,0,0,0,0,0,0,0,0,0,0,0,0,0,0,0,0,0,0,0,0,0,0,0,0,0,0,0,0.192,0,0,0,0,0,0,0,0,0,0,0,0,0,0,0,0,0,0,0,0,0,0,0,0,0,0.208,0,0,0,0,0,0,0,0,0,0,0,0,0,0.324,0,0,0,0,0,0,0,0,0,0,0,0,0,0,0,0,0,0,0,0,0,0,0.192,0,0,0,0,0,0,0,0,0,0,0,0,0.234,0,0,0,0,0,0,0,0,0,0,0,0.324,0,0,0,0,0,0,0,0.265,0,0,0,0,0,0,0,0,0,0,0,0,0.254,0,0,0,0,0.296,0,0,0,0,0,0,0,0,0.193,0,0,0,0,0,0,0,0,0,0,0,0,0,0,0,0,0,0,0,0,0,0,0,0,0,0,0,0.458,0,0,0.275,0,0,0,0,0.165,0.264,0.214,0,0,0.399,0,0,0,0,0,0,0,0,0,0,0,0,0,0,0,0,0,0,0,0,0,0,0,0,0,0,0,0,0,0.277,0,0,0.154,0,0,0,0,0,0,0,0,0,0.151,0,0,0,0,0,0,0,0,0,0,0,0,0,0,0,0,0,0,0,0,0,0,0,0,0,0,0,0,0,0,0,0,0,0,0.158,0,0,0,0,0,0,0,0,0,0,0,0,0,0,0,0,0,0,0,0,0,0,0,0,0,0,0,0,0,0,0,0,0,0,0,0,0,0,0,0,0,0,0,0,0,0,0,0,0,0,0,0,0,0,0,0,0,0.431,0.647,0,0,0.151,0,0,0,0,0,0,0,0,0,0,0,0,0.192,0,0,0,0,0,0,0,0,0,0,0,0,0,0,0,0,0.163,0,0,0,0,0,0,0,0,0,0,0,0,0,0,0,0,0,0,0,0,0,0,0,0,0,0,0,0,0,0,0,0,0,0,0,0,0,0.297,0,0.162,0,0,0,0,0,0,0,0,0,0,0,0,0,0,0,0,0,0,0,0,0,0,0,0,0,0,0,0,0,0,0,0,0.154,0.231,0.308,0.296,0.154,0.154,0.207,0.386,0.285,0.201,0.198,0.155,0.198,0.18,0.177,0.179,0,0,0,0,0,0,0,0,0,0,0,0,0,0,0,0,0,0,0,0,0,0,0,0,0,0,0,0,0,0,0,0,0,0,0,0,0,0,0,0,0,0,0,0,0,0,0,0,0,0,0,0,0,0,0,0,0,0,0,0,0,0,0,0,0,0,0,0,0,0,0,0,0,0,0,0,0,0,0,0,0,0,0,0,0,0,0,0,0,0,0,0,0,0,0,0,0,0,0,0,0,0,0,0,0,0,0,0,0,0,0,0,0,0,0,0,0,0,0,0,0,0,0,0,0,0,0,0,0,0,0,0,0,0,0,0,0,0,0,0,0,0,0,0,0,0,0,0,0,0,0,0,0,0,0,0,0,0,0,0,0,0,0,0,0,0,0,0,0,0,0,0,0,0,0,0,0,0,0,0,0,0,0,0,0,0,0,0,0,0,0,0,0,0,0,0,0,0,0,0,0,0,0,0,0,0,0,0,0,0,0,0,0,0,0,0,0,0,0,0,0,0,0,0,0,0,0,0,0,0,0,0,0,0,0,0,0,0,0,0,0,0,0,0,0,0,0,0,0,0,0,0,0,0,0,0,0,0,0,0,0,0,0,0,0,0,0,0,0,0,0,0,0,0,0,0,0,0,0,0,0,0,0,0,0,0,0,0,0,0,0,0,0,0,0,0,0,0,0,0
855709,0,0,0,0,0,0,0,0,0,0,0,0,0,0,0,0,0,0,0,0,0,0,0,0,0,0,0,0,0,0,0,0,0,0,0,0,0,0,0,0,0,0,0,0,0,0,0,0,0,0.489,0,0.238,0,0,0,0,0,0,0,0,0,0,0,0,0,0,0,0,0,0,0,0,0,0,0.173,0,0,0,0,0,0,0,0,0,0,0,0,0,0,0,0,0,0,0,0,0,0,0,0,0,0,0,0,0,0,0,0,0,0,0,0,0,0,0,0,0,0,0.219,0,0.592,0,0,0,0,0,0,0,0.401,0,0,0,0,0.619,0,0,0,0,0,0,0,0.238,0.237,0,0,0,0,0,0,0,0,0,0,0,0,0,0,0,0,0,0,0,0,0,0,0,0,0,0,0,0.413,0,0,0,0,0,0,0,0,0,0,0,0,0,0,0,0,0,0,0,0.488,0.35,0,0,0,0,0,0,0,0,0,0,0,0.292,0,0,0.209,0.294,0,0,0,0,0,0,0,0.339,0,0.3,0,0,0,0.181,0,0.173,0.715,0,0,0,0,0,0,0,0,0,0,0.321,0,0,0,0,0,0,0,0,0,0,0,0,0.343,0.3,0,0,0,0,0,0.228,0,0,0,0,0,0.241,0.161,0.173,0,0.485,0,0,0,0,0,0,0,0,0,0,0.199,0,0,0,0,0,0,0,0,0,0,0,0.189,0,0,0,0,0,0.154,0,0,0,0.186,0,0,0,0,0,0,0,0,0.183,0,0,0.169,0,0,0,0,0.199,0.175,0.411,0,0,0.292,0,0,0.22,0.589,0,0.219,0.303,0,0.53,0.166,0,0,0,0,0,0,0,0,0,0,0,0,0,0.239,0,0,0,0,0.172,0,0.725,0,0,0,0,0,0,0,0,0,0,0.233,0,0,0,0,0,0,0.684,0,0,0,0,0,0,0,0,0,0,0,0,0,0.152,0.265,0,0.196,0,0,0,0.17,0.219,0,0,0,0.178,0,0.238,0,0,0,0,0,0.177,0,0.179,0,0.298,0,0,0,0,0,0,0,0,0.271,0,0,0,0,0,0,0,0.195,0,0.455,0.713,0,0,0,0,0,0,0,0.537,0,0,0,0,0,0,0,0,0,0,0,0,0,0,0,0,0,0,0,0,0,0.276,0,0,0,0,0,0,0,0,0,0,0.382,0,0,0,0.169,0,0,0,0.228,0,0,0,0,0.237,0,0,0.33,0.168,0,0,0,0,0,0,0.165,0,0,0,0,0,0,0,0,0,0,0,0.159,0,0,0,0,0.635,0,0,0,0.183,0,0.175,0,0,0,0,0,0,0,0,0,0,0.254,0,0,0,0,0,0,0,0,0,0,0,0,0,0.26,0.16,0,0,0,0,0,0,0,0,0.211,0,0.178,0,0,0.167,0,0,0,0,0,0.313,0,0,0,0,0,0,0,0,0,0,0,0,0,0,0,0,0,0,0,0,0,0.232,0,0,0.191,0,0,0,0,0,0,0,0,0.157,0,0,0.212,0,0,0,0,0,0.249,0,0.187,0,0,0.202,0,0,0,0.234,0,0.407,0,0.271,0.683,0.286,0,0,0,0,0,0,0,0,0,0,0,0.432,0,0.152,0,0,0,0.271,0,0,0,0,0.249,0,0,0,0,0,0,0,0.344,0,0,0,0,0,0.17,0,0,0,0.477,0,0,0,0,0,0,0,0,0,0,0.265,0,0,0.214,0,0,0,0,0,0,0,0,0,0,0,0,0.548,0,0,0,0.206,0,0,0,0,0,0,0,0,0,0.228,0,0,0,0.235,0,0,0,0,0,0,0,0,0,0,0,0,0.637,0,0,0.291,0,0,0,0,0.208,0,0,0,0.25,0,0,0,0,0,0.265,0,0,0,0,0,0,0,0,0,0,0,0,0,0,0.294,0,0,0,0.17,0.153,0,0,0.251,0,0,0.271,0,0.173,0,0,0,0,0,0,0,0.774,0,0.245,0,0,0,0,0,0,0,0.716,0,0,0.332,0.666,0,0.172,0,0,0,0,0,0,0,0,0,0,0,0,0,0.156,0,0.176,0,0,0,0.175,0,0,0,0,0.228,0,0.154,0,0.251,0.254,0,0.194,0,0,0.165,0,0.911,0,0.305,0,0,0.332,0,0.196,0,0.161,0,0,0,0,0,0,0,0.175,0,0,0,0,0.233,0,0.732,0,0,0,0,0,0.151,0,0,0,0,0,0,0,0,0,0,0,0,0.339,0.161,0,0,0,0.211,0,0.175,0.19,0,0,0,0,0.171,0,0,0,0,0,0,0,0.722,0,0,0,0.363,0,0,0,0.233,0,0.258,0,0,0,0.833,0,0,0.249,0,0,0,0.202,0.161,0,0,0,0,0,0.192,0,0,0.192,0.283,0,0,0,0,0,0,0.169,0,0,0,0.278,0,0,0,0,0,0,0,0,0.229,0,0,0,0.202,0,0,0,0.273,0,0,0.335,0,0.278,0,0,0,0,0,0.538,0,0,0,0,0,0.193,0,0,0,0,0,0.276,0,0,0,0,0,0,0,0,0,0,0,0,0,0,0.534,0,0,0,0,0.303,0,0,0,0,0,0,0,0,0,0.538,0,0,0,0,0,0,0,0,0,0,0,0,0,0,0,0,0,0,0,0,0,0,0,0,0,0,0.271,0,0,0,0,0,0,0,0,0,0,0,0,0,0,0,0.347,0,0,0,0,0,0,0,0,0,0,0,0,0,0,0,0,0,0,0,0,0,0,0,0,0.284,0,0,0,0.153,0.196,0,0,0.803,0.336,0,0,0,0,0,0,0,0,0,0,0,0.969,0,0,0,0,0,0,0,0,0,0,0,0,0,0,0,0,0,0,0,0,0,0,0,0,0,0,0.192,0,0,0,0,0,0,0,0,0,0,0,0,0,0,0,0,0,0,0.169,0,0,0,0,0,0,0,0,0,0,0.19,0,0,0,0,0,0,0,0,0.169,0,0,0,0,0,0,0,0,0,0.57,0,0,0,0,0,0.165,0,0,0,0,0,0,0,0,0,0,0,0,0,0,0,0.564,0,0,0.241,0,0.19,0,0,0.302,0.311,0,0,0,0,0,0,0,0,0,0,0,0,0.155,0,0,0,0,0,0,0,0,0,0.31,0,0,0,0,0.192,0,0,0,0,0,0,0,0,0,0,0,0,0.178,0,0,0,0,0,0,0,0,0,0.153,0,0,0,0,0.392,0,0,0,0,0,0,0,0,0,0,0,0.207,0,0,0.173,0,0.46,0,0.674,0.284,0,0,0,0,0,0,0,0,0,0,0,0,0,0.236,0,0,0,0,0,0,0,0,0,0,0,0,0,0,0,0,0,0,0,0,0,0.386,0,0,0,0,0,0,0,0,0,0,0,0.171,0.219,0,0,0,0,0,0,0,0,0,0,0,0,0,0,0,0,0,0,0,0,0,0,0,0,0,0,0,0,0.336,0,0,0.254,0,0,0,0,0,0,0,0,0,0,0,0,0,0.18,0,0,0,0,0,0,0.284,0,0,0,0,0,0,0.161,0,0,0,0,0,0,0,0,0,0,0,0,0,0,0,0,0,0,0,0,0,0,0,0,0,0,0,0,0,0,0,0,0,0,0,0,0,0,0,0,0,0,0,0,0,0,0,0,0,0.187,0,0,0,0,0,0,0,0,0,0,0,0,0,0,0,0,0,0,0,0,0,0,0,0,0,0,0,0,0,0,0,0,0,0,0.592,0,0,0,0.196,0,0,0,0,0,0,0,0,0,0,0,0.278,0,0,0,0,0,0,0,0,0,0,0,0,0,0.242,0,0.207,0.533,0,0,0.22,0,0,0,0,0,0,0,0,0,0,0,0,0,0,0,0,0,0,0,0,0,0,0,0,0,0,0,0,0,0,0,0,0,0,0,0,0,0,0,0,0,0,0,0,0,0.153,0,0,0,0,0,0,0,0,0,0,0,0,0,0,0,0,0,0,0,0,0,0,0,0,0,0,0,0.154,0,0,0,0,0,0,0,0,0,0,0,0,0,0,0,0,0,0,0,0,0,0,0,0,0,0,0,0,0,0,0,0,0,0,0,0,0,0,0,0,0.752,0,0,0,0.181,0.407,0,0.221,0,0.49,0.26,0,0,0.652,0.211,0,0,0,0,0,0,0.507,0,0.459,0,0.423,0.372,0,0,0,0.324,0.233,0,0,0.533,0,0,0,0,0.809,0.397,0,0.267,0.362,0.181,0,0,0.293,0,0.328,0.235,0.355,0.738,0,0,0.843,0,0.481,0,0,0,0.376,0.255,0,0.179,0,0,0.606,0.56,0.504,0.278,0.643,0,0,0,0,0,0,0.428,0.449,0,0.231,0,0.163,0.357,0,0,0.779,0,0,0.234,0,0,0,0.23,0,0.153,0,0.481,0.194,0,0,0.647,0.439,0,0.189,0,0,0.407,0,0.644,0.798,0,0.187,0.887,0.222,0,0,0,0,0.31,0.355,0,0.153,0,0.636,0.192,0.878,0.262,0.359,0.375,0,0.222,0,0,0,0,0.163,0.636,0.198,0,0,0.192,0.318,0,0,0,0.298,0,0.185,0,0.235,0,0,0,0,0,0,0,0,0.23,0,0.352,0.717,0.182,0,0,0.363,0,0,0,0.355,0.472,0.543,0.478,0.172,0,0,0,0.15,0.508,0.246,0.317,0.52,0,0.782,0.189,0.512,0,0.716,0.825,0.533,0,0,0.237,0,0.829,0.216,0.728,0,0.195,0.822,0,0,0.155,0.179,0,0,0,0,0.848,0,0.475,0.498,0.252,0,0.36,0.208,0.785,0,0.477,0,0,0.666,0,0.17,0.55,0,0.285,0.772,0,0.155,0.826,0,0,0.395,0,0,0,0.684,0,0.15,0,0,0,0.183,0,0.492,0,0,0,0,0,0,0,0,0.233,0,0,0,0.18,0,0,0.198,0.161,0,0,0,0,0,0,0,0,0,0,0,0,0,0,0,0,0,0,0,0,0,0,0,0,0,0,0,0,0.219,0,0,0,0,0,0.211,0,0,0,0.15,0,0,0,0,0.156,0,0,0,0,0,0,0,0,0,0,0,0,0.191,0,0,0,0,0,0,0,0.181,0,0,0,0,0,0.382,0,0,0,0,0,0.931,0,0,0,0,0,0,0.197,0,0,0,0,0.303,0.564,0,0,0.222,0.269,0,0.159,0,0,0,0,0,0,0,0.195,0,0.17,0,0,0.446,0,0,0,0,0.256,0,0,0,0,0,0,0,0,0,0,0.294,0.407,0,0,0,0,0,0,0.195,0.451,0.192,0,0,0.164,0,0,0,0,0,0,0,0,0,0,0,0,0,0,0,0,0,0,0.719,0,0,0,0,0,0,0,0,0.514,0,0,0,0,0,0,0,0.161,0,0,0,0,0,0,0,0,0,0,0,0,0,0,0,0,0,0.378,0,0,0,0,0,0,0,0,0,0,0,0,0,0,0,0,0,0.4,0,0,0,0,0,0,0,0,0,0,0,0,0,0,0,0,0,0,0,0,0,0,0,0.189,0,0,0,0,0,0,0,0,0,0,0,0,0,0,0,0,0,0,0,0,0,0,0,0,0,0,0,0,0,0,0,0,0,0,0,0,0,0,0,0,0,0,0,0,0,0,0,0,0,0,0,0,0,0.167,0,0,0,0,0.571,0,0,0,0,0,0,0,0,0,0,0,0,0,0,0,0,0,0,0,0,0,0.227,0,0,0,0,0,0,0,0,0,0,0.159,0,0,0,0,0,0,0,0,0,0,0,0,0,0,0,0,0,0.261,0,0,0,0,0,0,0,0,0.219,0,0,0,0,0,0,0,0,0,0,0,0,0,0,0,0,0,0,0,0,0,0.219,0,0,0,0,0,0,0.189,0,0.219,0,0,0,0,0,0,0,0,0.159,0.151,0,0,0,0,0,0,0,0,0,0,0,0,0,0,0,0,0,0,0,0,0,0,0.219,0,0,0.392,0.326,0,0.388,0,0,0,0,0,0,0,0,0.188,0,0,0.151,0,0,0,0,0,0,0,0,0,0,0,0,0,0,0.188,0,0,0,0.184,0,0,0,0,0,0,0,0,0,0,0.231,0.231,0,0.169,0,0,0,0,0,0,0.245,0,0,0,0,0,0,0,0,0,0,0,0,0,0,0,0,0,0,0,0,0,0,0,0,0,0,0,0,0,0,0,0,0,0,0,0,0,0,0,0,0,0,0,0,0,0,0,0,0,0,0,0,0,0,0,0,0,0,0,0,0,0,0,0,0,0,0.309,0,0,0,0,0,0,0,0,0,0,0,0,0,0,0,0,0,0,0,0,0,0,0,0,0,0,0,0,0,0,0,0,0,0,0,0,0,0,0.309,0,0,0,0,0,0,0,0,0,0,0,0,0,0,0,0,0,0,0.191,0,0,0,0,0,0,0,0,0,0,0,0,0,0,0,0.221,0,0,0,0,0,0,0,0,0,0,0,0,0,0,0,0,0,0,0,0,0,0,0,0,0,0,0,0,0,0,0,0,0,0,0,0,0,0,0,0,0,0,0,0,0,0,0,0,0,0,0,0,0,0,0,0,0,0,0,0,0,0,0,0,0,0,0,0,0,0,0.165,0,0,0,0,0,0,0,0,0,0,0,0,0,0,0,0,0.455,0,0,0,0,0,0,0,0,0,0,0,0,0,0,0,0,0,0,0,0,0,0,0,0,0,0.218,0,0,0,0.215,0,0,0.198,0,0,0,0,0,0,0,0,0,0,0,0,0,0,0,0,0,0,0,0,0,0,0,0,0,0,0,0,0,0,0,0,0,0,0,0,0,0,0,0,0,0,0,0,0,0,0,0,0,0,0,0,0,0.381,0,0,0,0.165,0,0.421,0,0.232,0,0.161,0,0,0,0,0,0,0,0,0,0,0,0.229,0,0,0.272,0,0,0.153,0,0,0,0.159,0,0,0,0.153,0,0.494,0,0,0,0,0.197,0,0,0,0,0,0,0,0,0.56,0,0,0,0,0,0.339,0,0,0,0.775,0,0,0,0,0.257,0.235,0,0,0,0,0,0,0,0.173,0,0.344,0.315,0,0,0.156,0.24,0,0.505,0,0,0,0.166,0.394,0.659,0.252,0,0,0,0,0,0,0.631,0.479,0,0.902,0,0,0,0,0,0,0,0.213,0.594,0,0,0,0.267,0,0.432,0,0.189,0,0.37,0,0.228,0,0,0,0,0,0,0,0,0,0,0,0,0,0,0,0,0,0,0,0.339,0,0,0,0.329,0,0,0,0,0.232,0,0,0,0.22,0,0,0,0,0.169,0,0,0,0.192,0.213,0.166,0.279,0,0,0.316,0.213,0,0,0,0,0.286,0,0,0,0.186,0,0,0,0,0,0.155,0,0,0,0,0,0,0,0.358,0.715,0.205,0,0.15,0,0.169,0,0,0,0.524,0,0,0,0.267,0,0,0.152,0,0,0,0.558,0.184,0.213,0,0,0,0,0,0,0,0,0,0.155,0,0,0.322,0,0,0,0.654,0.335,0,0.192,0.594,0.677,0.234,0,0,0,0,0,0,0,0,0,0,0.227,0.496,0,0.267,0,0,0,0,0.189,0,0.189,0,0.365,0,0,0,0,0,0,0,0,0.508,0,0.213,0,0.406,0.456,0,0,0,0,0.216,0.405,0,0,0,0.689,0,0,0,0.358,0.648,0,0,0.411,0,0.718,0,0.314,0,0,0.373,0,0.318,0,0.216,0,0,0,0,0.409,0,0,0,0.15,0,0.322,0,0,0.198,0,0,0,0,0,0,0.42,0.228,0,0,0.685,0,0,0,0.656,0.483,0.234,0.328,0,0.241,0,0,0,0,0.404,0,0,0,0,0,0.272,0.444,0,0.629,0,0,0.295,0,0.828,0.323,0,0.176,0,0,0,0.315,0.666,0,0,0,0,0,0,0,0,0,0,0,0,0,0,0,0,0,0,0,0,0,0,0,0,0,0,0,0,0,0,0,0,0,0,0,0,0,0,0,0,0,0,0,0,0,0,0,0,0,0,0,0,0,0,0,0,0,0,0,0,0,0,0,0,0,0,0,0,0,0,0,0,0,0,0,0,0,0.166,0,0,0,0,0,0,0,0,0,0,0,0,0,0,0,0,0,0,0,0,0,0,0,0,0,0,0,0,0,0,0,0,0,0,0,0,0,0,0,0,0,0,0,0,0,0,0,0,0,0,0,0,0,0,0,0,0,0,0,0,0,0,0,0,0,0,0,0,0.159,0,0.173,0,0.157,0.249,0,0,0,0,0,0,0,0,0,0,0,0,0.218,0,0,0,0,0,0.452,0,0.456,0,0,0,0,0,0,0,0,0,0,0,0,0,0,0,0,0,0,0,0,0,0,0,0,0,0,0,0,0,0,0,0,0,0,0,0,0,0,0,0,0,0,0,0,0,0,0,0,0.923,0,0,0,0,0,0,0,0,0,0,0,0,0.173,0,0,0,0.187,0,0,0,0,0,0,0,0,0,0,0,0,0,0,0,0,0,0,0,0,0,0,0,0,0,0,0,0.15,0,0,0.211,0,0,0,0,0,0,0,0,0,0,0,0,0,0,0,0,0,0,0,0,0,0,0,0,0,0,0,0,0,0,0,0,0,0,0.198,0,0,0,0,0.176,0,0,0,0,0,0,0,0,0,0,0,0,0,0,0,0,0,0,0,0,0,0,0.16,0,0,0,0,0,0,0,0,0,0,0,0,0,0,0,0,0,0,0,0,0,0,0,0,0,0,0,0,0,0,0,0,0,0.531,0,0,0,0,0,0,0,0,0,0,0,0,0,0.188,0,0,0,0,0,0,0,0,0,0,0,0,0,0,0,0,0,0,0,0,0,0,0,0,0,0,0,0,0,0,0,0,0,0,0,0,0,0,0,0,0,0,0,0,0,0,0,0,0,0,0,0.166,0,0,0,0,0,0,0,0,0,0,0,0,0,0,0,0,0,0,0,0,0,0,0,0,0.272,0,0,0,0,0,0,0,0,0,0,0,0,0,0,0,0,0,0,0,0,0,0,0,0,0,0,0,0,0,0,0,0,0,0,0,0,0,0,0,0,0,0,0,0,0,0,0,0,0,0,0,0,0,0,0,0,0,0,0,0,0,0,0,0,0,0,0,0,0,0,0,0,0,0,0,0,0,0,0,0,0,0,0,0,0,0,0.165,0,0,0,0,0,0,0,0,0,0,0,0,0,0,0,0,0.193,0,0,0,0,0,0,0,0,0,0,0.525,0,0,0,0,0,0,0,0,0,0,0,0,0,0,0,0,0,0,0,0,0,0,0,0,0,0,0,0,0,0,0,0,0,0,0,0,0,0,0,0,0,0,0,0,0,0.61,0.198,0,0.16,0,0,0,0,0,0,0,0,0,0,0.174,0,0.154,0,0,0,0,0,0,0,0.325,0,0,0,0,0.684,0,0,0,0,0,0,0,0,0,0,0,0,0.188,0,0,0,0.672,0,0,0,0,0,0.231,0,0,0,0.501,0,0.166,0,0,0,0.291,0.747,0,0,0,0.204,0,0.196,0,0.219,0,0,0,0,0,0,0,0,0,0,0,0,0,0.512,0.549,0,0.173,0,0,0,0,0,0,0,0,0.527,0,0,0,0,0,0,0,0,0,0,0,0,0,0.616,0,0,0,0,0,0,0.188,0,0,0,0.43,0,0,0,0.184,0,0,0,0,0,0,0,0,0,0,0,0,0,0,0,0,0,0,0,0,0,0,0.446,0,0.192,0,0,0,0,0,0,0,0,0,0,0,0,0,0,0,0,0,0,0,0,0,0,0,0,0,0,0,0,0,0,0,0,0,0,0,0,0,0,0,0,0.175,0.169,0,0,0,0,0,0,0,0,0,0,0,0,0,0,0,0,0,0,0,0,0,0,0,0,0,0,0,0,0,0,0,0,0,0,0,0,0,0,0,0,0,0,0,0,0,0,0,0,0,0,0,0,0,0,0,0,0,0,0,0,0,0,0,0,0,0,0,0,0,0,0,0,0,0,0,0,0,0,0,0,0,0,0,0,0,0,0,0,0,0,0,0,0,0,0,0,0,0,0,0,0,0,0,0,0,0.204,0,0,0,0.204,0.226,0,0,0,0,0,0,0,0.665,0,0,0.177,0.306,0.187,0.265,0.477,0.365,0.153,0.365,0,0,0,0,0,0,0,0,0,0,0,0,0,0,0,0,0,0,0,0,0,0,0,0,0,0,0,0,0,0,0,0,0,0,0,0,0,0,0,0,0,0,0,0,0,0,0,0,0,0,0,0,0,0,0,0,0,0,0,0,0,0,0,0,0,0,0,0,0,0,0,0,0,0,0,0,0,0,0,0,0,0,0,0,0,0,0,0,0,0,0,0,0,0,0,0,0,0,0,0,0,0,0,0,0,0,0,0,0,0,0,0,0,0,0,0,0,0,0,0,0,0,0,0,0,0,0,0,0,0,0,0,0,0,0,0,0,0,0,0,0,0,0,0,0,0,0,0,0,0,0,0,0,0,0,0,0,0,0,0,0,0,0,0,0,0,0,0,0,0,0,0,0,0,0,0,0,0,0,0,0,0,0,0,0,0,0,0,0,0,0,0,0,0,0,0,0,0,0,0,0,0,0,0,0,0,0,0,0,0,0,0,0,0,0,0,0,0,0,0,0,0,0,0,0,0,0,0,0,0,0,0,0,0,0,0,0,0,0,0,0,0,0,0,0,0,0,0,0,0,0,0,0,0,0,0,0,0,0,0,0,0,0,0,0,0,0,0,0,0,0,0,0,0,0,0,0,0,0,0,0,0,0,0,0,0,0,0,0,0,0,0
850939,0,0,0.181,0.353,0,0,0.591,0,0,0,0,0,0,0,0,0,0,0,0,0,0,0,0,0,0,0,0,0,0,0,0,0,0.159,0,0.268,0,0,0,0,0,0,0,0,0,0,0,0,0,0,0,0,0,0,0,0,0,0,0,0,0,0,0,0,0,0.382,0,0,0,0,0,0,0,0,0,0,0,0,0.184,0,0,0,0,0,0,0,0,0,0,0,0,0,0,0,0,0,0,0,0,0,0,0,0,0,0,0,0,0,0,0,0,0,0,0,0,0,0,0,0,0,0,0,0,0,0,0,0,0,0,0,0,0,0,0,0,0,0,0,0,0,0,0,0,0,0,0,0,0,0,0,0,0,0,0,0,0,0.166,0,0,0,0,0,0,0,0,0,0,0,0,0,0,0,0,0,0,0,0,0,0,0,0.152,0.155,0,0,0,0,0,0,0,0,0.372,0,0.306,0,0,0,0,0,0,0.191,0,0,0.247,0,0,0,0,0,0,0,0,0,0,0.217,0,0,0,0,0,0,0,0,0,0,0,0,0,0,0,0,0,0,0,0,0,0,0,0,0,0,0,0,0,0,0,0,0,0,0.178,0,0,0,0,0,0,0,0,0,0,0,0,0,0,0.17,0.167,0,0,0,0,0,0,0,0,0,0,0,0,0,0,0,0,0,0,0,0,0,0,0,0,0,0,0,0,0,0,0,0,0,0,0,0,0,0,0,0,0,0,0,0,0,0,0,0,0,0,0,0,0.151,0,0,0,0,0,0,0,0.168,0,0,0,0,0,0,0,0,0,0,0,0,0,0.164,0,0,0,0,0,0,0,0,0,0,0,0,0,0,0,0,0,0,0,0.782,0.217,0,0,0,0,0,0,0,0,0,0,0,0,0,0,0,0,0,0,0,0,0,0,0,0,0,0,0,0,0,0.267,0.165,0,0,0,0,0,0,0,0,0,0,0,0,0,0,0,0,0,0,0,0,0,0,0.207,0,0,0,0,0,0,0,0,0,0,0,0,0,0,0,0,0,0,0.207,0,0.175,0,0,0.186,0,0,0,0,0,0,0,0,0,0,0,0,0,0,0,0.302,0,0,0,0,0,0,0,0,0,0,0,0,0,0.181,0,0,0,0,0,0,0,0,0,0,0,0,0,0,0,0,0,0,0,0,0,0,0,0,0,0,0,0,0,0.186,0.194,0,0,0,0,0.297,0,0,0,0.183,0.192,0,0,0,0,0,0,0,0,0,0,0,0,0,0,0,0,0,0,0,0,0,0,0,0,0,0,0,0,0,0,0.222,0,0,0,0,0,0,0,0,0,0,0,0,0,0,0,0,0,0.152,0,0,0,0,0,0,0,0,0,0,0,0,0,0,0,0,0,0,0,0,0,0,0,0,0,0,0,0,0,0,0,0,0,0,0,0,0,0,0,0,0,0,0,0,0,0,0,0,0,0,0,0,0,0,0,0,0,0.153,0,0,0,0,0,0,0,0,0,0,0,0,0.198,0,0,0,0,0,0,0,0.191,0,0,0,0,0,0,0,0,0,0,0,0,0,0,0,0,0,0,0.2,0,0,0,0,0.218,0,0,0,0,0,0,0,0,0,0,0,0,0,0,0,0,0,0,0,0,0,0,0,0,0,0,0,0,0,0,0,0,0,0,0,0,0,0,0,0,0,0,0,0,0,0,0.237,0,0,0,0.399,0,0,0,0,0,0,0,0,0,0,0.183,0,0,0,0,0,0,0,0,0,0,0,0,0,0,0,0.25,0,0,0,0,0,0,0,0,0,0,0,0,0,0,0,0.2,0,0,0,0.177,0,0,0,0,0,0,0,0,0,0,0,0,0,0,0,0.193,0,0,0,0,0,0,0,0,0,0,0,0,0,0,0,0,0,0,0,0,0,0,0.357,0,0,0.329,0,0,0,0,0,0,0,0,0.184,0,0,0,0,0,0,0,0,0,0,0,0,0,0,0,0,0,0,0,0,0,0.48,0,0,0,0,0,0,0,0,0,0,0,0,0,0.302,0,0,0,0,0,0,0,0,0,0,0,0,0,0,0,0,0,0,0,0,0,0,0,0,0,0,0.153,0,0,0.153,0.184,0.159,0,0,0,0,0,0,0,0.159,0,0,0,0,0,0,0,0,0,0,0,0,0,0,0,0,0,0,0,0,0,0,0,0,0,0,0,0,0,0,0,0,0,0,0,0,0,0,0,0,0,0,0,0,0,0,0,0,0,0.183,0,0,0,0,0,0,0.251,0,0,0,0,0.208,0,0,0,0,0,0,0,0,0,0,0,0,0,0,0,0,0,0,0,0,0,0,0,0,0,0,0.312,0,0.991,0,0,0,0.172,0,0.195,0.977,0,0.416,0,0,0,0,0,0,0,0.195,0.956,0,0,0,0,0,0,0,0,0,0,0,0,0,0,0.737,0,0,0,0,0,0,0,0,0,0,0,0,0,0,0,0,0,0,0,0.18,0,0.71,0,0,0,0,0,0.2,0,0,0,0,0,0,0,0.169,0,0,0,0,0,0,0,0,0,0,0,0.162,0,0,0,0,0.176,0,0,0,0,0,0,0,0,0,0,0,0,0,0,0,0,0,0,0,0.21,0,0.183,0,0,0,0,0,0,0,0,0.16,0,0,0,0,0,0,0,0,0,0,0,0,0,0,0,0,0,0,0,0,0,0,0,0,0,0,0,0,0,0.271,0,0.394,0,0,0,0,0,0,0,0,0,0,0,0,0,0.215,0.25,0,0,0,0,0,0,0,0,0,0.48,0,0,0,0,0.159,0,0.237,0,0,0,0,0,0,0,0,0,0,0,0,0,0,0,0.181,0,0,0,0,0.181,0,0,0,0,0,0.172,0.203,0.207,0,0,0,0,0,0,0,0,0,0,0,0,0,0,0,0,0,0,0,0,0,0,0,0,0,0,0.208,0,0,0,0,0,0.214,0,0,0,0,0,0,0,0,0,0,0,0,0,0,0,0,0,0,0,0,0,0,0,0,0,0.201,0,0,0,0,0,0,0,0,0,0,0,0,0,0,0.153,0,0,0.156,0,0,0,0,0,0.186,0.223,0,0,0,0,0,0,0,0,0.159,0,0,0.529,0,0.196,0.2,0,0,0,0,0,0,0,0,0,0.631,0,0,0,0,0,0.712,0,0,0,0,0,0,0,0,0,0,0.203,0,0,0,0,0,0,0,0,0,0,0,0,0,0,0,0,0,0,0,0.169,0,0.181,0,0,0,0,0,0.287,0,0,0,0,0.184,0.203,0,0,0,0,0,0.712,0.169,0,0,0,0,0,0,0.161,0,0,0,0,0,0,0,0,0,0,0,0,0,0,0,0,0,0,0,0,0,0,0,0.15,0,0,0,0.268,0,0,0,0,0,0,0,0,0,0,0,0,0,0,0.172,0,0.163,0.177,0,0,0,0,0.181,0,0,0,0,0,0,0,0.203,0,0,0,0,0,0,0,0,0,0,0,0,0,0,0,0,0,0,0,0,0,0,0,0,0,0,0,0,0,0,0,0,0,0,0,0,0,0,0,0,0,0,0,0,0,0.214,0,0,0,0,0,0,0,0.207,0,0,0.166,0,0,0,0.181,0,0,0,0,0,0,0,0,0,0,0,0.227,0,0,0,0,0,0.207,0,0,0,0,0,0,0,0,0,0,0,0,0,0,0,0,0,0,0.19,0,0.279,0,0,0,0,0,0,0,0,0,0,0,0,0,0,0,0,0,0,0,0,0,0,0,0,0,0,0,0,0,0,0,0,0,0,0,0,0,0.152,0,0,0,0,0,0,0,0,0,0,0,0,0,0,0,0,0,0,0,0,0,0,0,0,0,0.159,0,0,0,0,0,0,0,0,0,0,0,0,0,0,0,0,0,0,0,0,0,0,0.202,0,0,0,0,0,0,0,0,0,0,0,0,0,0,0,0,0,0,0,0,0,0,0,0,0,0,0,0,0,0,0,0,0,0,0,0,0,0,0,0,0,0,0,0,0,0,0,0,0.179,0,0,0,0,0,0,0,0,0,0,0.358,0,0,0,0,0,0,0,0,0,0,0,0,0,0,0,0.153,0,0,0,0,0,0,0,0,0,0,0,0,0,0,0,0,0,0,0,0,0,0,0,0,0,0,0,0,0,0,0,0,0,0,0.173,0,0,0,0,0,0,0,0,0,0,0,0,0,0,0,0,0,0,0,0,0,0,0,0,0,0,0,0,0,0.322,0,0,0.168,0,0,0,0,0,0,0.449,0,0,0,0,0,0,0,0,0,0,0,0,0,0,0,0,0,0,0,0,0,0,0,0,0,0,0,0,0,0,0,0,0,0,0,0,0,0,0,0,0,0,0,0,0,0,0,0,0,0,0,0,0,0,0,0,0,0,0,0,0,0,0,0,0,0,0,0,0,0,0,0,0,0,0,0,0,0,0,0,0,0,0,0,0,0,0,0,0,0,0,0,0,0,0,0,0,0,0,0,0,0,0,0,0.183,0,0,0,0,0,0,0.169,0,0,0,0,0,0,0,0,0,0,0,0,0,0,0,0,0,0,0,0,0,0,0,0,0,0.439,0,0,0,0,0,0,0,0,0,0,0,0,0,0,0,0,0,0,0,0,0,0,0,0,0,0,0,0,0.709,0,0,0,0,0,0,0,0,0,0,0,0,0,0,0,0,0,0,0,0,0,0,0,0,0,0,0,0.162,0,0,0,0,0,0,0,0,0,0,0,0,0,0,0,0,0,0,0,0,0,0,0.184,0,0,0,0,0,0,0,0,0,0,0,0,0,0,0,0,0,0,0,0,0,0,0,0,0,0,0,0,0,0,0,0,0,0,0,0,0,0,0,0,0,0,0,0,0,0,0,0,0,0,0,0,0,0.162,0,0,0,0.29,0,0,0,0,0,0,0,0,0,0,0,0,0,0,0,0,0,0,0,0,0,0,0,0,0,0,0,0,0,0,0,0,0,0.593,0,0,0,0,0,0,0,0,0,0,0,0,0,0,0,0,0,0,0,0,0,0,0,0,0,0,0,0.68,0,0.159,0,0,0,0,0,0,0,0,0,0.685,0.309,0,0,0.184,0,0,0,0,0,0,0,0,0,0,0,0,0,0,0,0,0,0.263,0,0,0,0,0,0,0,0,0,0,0,0,0,0,0,0,0,0,0,0,0,0,0,0,0,0,0,0,0,0,0,0,0,0,0,0,0,0,0,0,0,0,0,0.15,0,0,0,0,0,0,0,0,0,0,0,0,0,0,0,0,0,0,0,0,0,0,0,0,0,0,0,0,0,0,0,0,0,0,0,0,0,0,0,0,0,0,0,0,0,0,0,0,0,0,0,0,0,0,0,0,0,0,0,0,0,0,0,0.154,0,0,0,0,0,0,0,0,0,0,0,0,0,0.159,0.309,0,0,0,0,0,0,0,0,0,0,0,0,0.313,0,0,0,0,0,0,0,0,0,0,0,0,0,0,0,0,0,0,0,0,0,0,0,0,0,0,0,0,0,0.302,0,0,0,0,0,0,0,0,0,0,0,0,0,0.169,0,0,0.202,0,0,0,0.154,0,0,0,0,0,0,0,0,0,0.178,0,0,0,0,0,0,0,0,0,0.169,0,0,0,0,0,0,0,0,0,0,0,0,0,0,0,0,0,0,0,0,0,0,0,0,0,0,0,0,0,0,0,0,0,0,0,0,0,0,0,0,0,0,0,0,0,0,0,0,0,0,0,0.158,0,0,0,0,0,0.191,0,0,0,0,0,0,0.367,0,0,0,0,0,0,0,0,0,0,0,0,0,0,0,0,0,0,0,0,0,0,0,0,0,0,0,0,0,0,0,0,0,0,0,0,0,0,0,0.207,0,0,0,0,0,0,0,0,0,0,0,0,0,0,0,0,0,0,0,0,0,0,0,0,0,0,0.183,0,0,0,0,0,0,0,0,0,0,0.158,0,0,0,0,0.197,0,0,0,0,0,0,0,0,0,0,0,0,0,0,0.207,0,0,0,0,0,0.503,0,0,0,0,0,0,0,0,0,0,0,0,0,0,0.503,0,0,0,0,0,0,0,0,0,0,0,0,0,0,0,0,0,0,0,0,0,0,0,0,0,0,0,0,0,0,0,0,0,0,0,0,0,0,0,0,0,0,0,0,0.194,0,0,0,0,0,0,0,0,0,0.335,0,0,0,0,0,0,0,0,0,0,0,0,0,0,0,0,0,0,0,0,0,0,0,0,0,0,0,0,0.172,0,0,0,0,0,0,0,0,0,0,0,0,0,0,0,0,0,0,0,0,0,0,0,0,0,0,0,0,0,0,0,0,0,0,0,0.172,0,0,0,0,0,0,0,0,0,0,0,0,0.243,0,0,0,0,0,0,0,0,0,0,0,0,0,0,0,0.394,0,0,0,0,0,0,0,0,0,0,0,0,0,0,0,0.394,0,0,0,0,0.352,0,0,0,0,0,0,0,0,0,0,0,0,0,0,0,0,0.153,0,0,0,0,0,0,0.435,0,0,0,0,0,0,0,0,0,0,0,0,0,0,0,0,0,0,0,0,0,0,0,0,0.2,0,0,0,0,0,0,0,0,0,0,0,0,0,0,0,0,0,0,0,0,0,0,0,0,0,0,0,0,0,0,0,0,0,0,0,0,0,0,0,0,0,0,0,0,0,0,0,0,0,0,0,0,0,0,0,0,0,0,0,0,0,0,0,0,0,0,0,0,0,0,0,0,0,0,0,0,0,0,0,0,0,0,0,0,0,0,0,0,0,0,0,0,0,0,0,0,0,0,0,0,0,0,0,0,0,0,0,0,0,0,0,0,0,0,0,0,0,0,0,0,0,0,0,0,0,0,0,0,0,0,0,0,0,0,0,0,0,0,0,0,0,0,0,0,0,0,0,0,0,0,0,0,0,0,0,0,0,0,0,0,0,0,0,0,0,0,0,0,0,0,0,0,0,0,0,0,0,0,0,0,0,0,0,0,0,0,0,0,0,0,0,0,0,0,0,0,0,0,0,0,0,0,0,0,0,0,0,0,0,0,0,0,0,0,0,0,0,0,0,0,0,0,0,0.172,0,0,0,0.23,0,0,0,0,0,0,0,0,0,0,0,0,0,0,0,0,0,0,0,0,0,0,0,0,0,0,0,0,0,0,0,0,0,0,0.193,0,0,0,0,0,0,0,0,0,0,0,0,0,0,0,0,0,0,0,0,0,0,0,0,0,0,0,0,0,0,0,0,0,0,0,0,0,0,0,0,0.193,0,0,0,0,0,0,0.294,0,0,0,0,0,0.294,0,0,0,0,0,0,0,0,0,0,0,0,0,0,0,0,0,0,0,0,0.294,0,0,0,0,0.15,0,0,0,0,0,0,0,0,0,0,0,0,0,0,0,0,0,0,0,0,0,0,0,0,0,0,0,0,0,0,0,0,0,0,0,0,0.159,0,0,0,0,0,0,0,0,0,0,0,0,0,0,0,0,0,0,0,0,0,0,0,0,0.376,0,0,0,0,0,0,0,0,0,0,0,0,0,0,0,0,0,0,0,0,0,0,0,0,0,0.278,0,0,0,0,0,0,0,0,0,0,0,0,0,0,0,0,0,0,0,0,0,0,0,0,0,0,0,0,0,0,0,0,0,0,0,0,0,0,0,0,0,0,0,0,0,0,0,0,0,0,0,0,0,0,0,0,0,0,0,0,0,0,0,0,0,0,0,0,0,0,0,0,0,0,0,0,0,0,0,0,0,0,0,0,0,0,0,0,0,0,0,0,0,0,0,0,0,0,0,0,0,0,0,0,0,0,0,0,0,0,0,0,0,0,0,0,0,0,0,0,0,0,0,0,0,0,0,0,0,0,0,0,0,0,0,0,0,0,0,0,0,0,0,0,0,0,0,0,0,0,0,0,0,0,0,0,0,0,0,0,0.168,0,0,0,0,0,0,0,0,0,0,0.153,0,0,0,0,0,0,0,0,0,0,0,0,0,0,0,0,0,0,0,0,0,0,0,0,0,0,0,0,0,0,0,0,0,0.193,0,0,0,0,0,0,0,0,0,0,0,0,0,0,0,0,0,0,0,0,0,0,0,0,0,0,0,0,0,0,0,0,0,0,0,0,0,0,0,0,0,0,0.55,0,0,0,0,0.219,0,0,0,0,0,0,0,0,0,0,0,0,0,0,0,0,0,0,0,0,0,0,0,0.209,0,0,0,0,0.189,0,0,0,0,0,0,0,0,0,0,0,0,0,0,0,0,0,0,0,0,0,0,0,0,0,0,0,0,0,0,0,0,0,0,0,0,0,0,0,0,0,0,0,0,0,0,0,0,0,0,0,0,0,0,0,0,0,0,0,0.219,0,0,0,0,0,0,0,0,0,0,0,0,0.216,0,0,0,0,0,0,0,0,0,0,0,0,0,0,0,0,0,0,0,0,0,0,0,0,0,0,0,0,0,0,0,0,0,0,0,0,0,0,0,0,0,0,0,0,0,0,0,0,0,0,0,0,0,0,0,0,0,0,0,0,0,0,0,0,0,0,0,0,0,0,0,0,0,0,0,0,0,0,0,0,0,0,0,0,0,0,0,0,0,0,0,0,0,0,0,0,0,0,0,0,0,0,0,0,0,0,0,0,0,0,0,0,0,0,0,0,0,0,0,0,0,0,0,0,0,0,0,0,0,0,0,0,0,0,0,0,0,0,0,0,0,0,0,0,0,0,0,0,0.153,0,0,0,0,0,0,0,0,0,0,0,0,0,0,0,0,0,0,0,0,0,0,0,0,0,0,0,0,0,0,0,0,0,0,0,0,0,0,0,0.379,0,0,0,0,0,0,0,0,0,0.513,0,0,0,0,0,0.157,0,0,0,0,0,0,0,0,0,0,0,0,0,0,0,0,0,0,0,0,0,0,0,0,0,0,0,0,0,0,0,0,0,0,0,0,0,0,0,0,0,0,0,0,0,0,0,0,0,0,0,0,0,0,0,0,0,0,0,0,0,0,0,0,0,0,0,0,0,0,0,0,0,0,0,0,0,0,0,0,0,0,0,0,0,0,0,0,0,0,0,0,0,0,0,0,0,0,0,0,0,0,0,0,0,0,0,0,0,0,0,0,0,0,0,0,0,0.304,0,0,0,0,0,0,0,0,0,0,0,0,0,0,0,0,0,0,0,0,0,0,0,0,0,0,0,0,0,0.334,0.481,0,0,0,0,0.392,0,0,0,0,0,0,0,0,0,0,0,0,0,0,0,0,0,0.228,0,0,0,0,0,0,0,0,0,0,0,0,0,0,0,0,0,0,0,0.252,0,0.398,0.515,0,0,0,0,0,0,0,0,0,0,0,0,0,0,0,0,0,0,0,0,0,0,0,0,0,0,0,0,0,0,0,0,0.194,0,0,0,0.194,0.215,0,0,0,0,0,0.392,0,0,0,0,0,0,0,0,0,0,0,0,0,0,0,0,0,0,0,0.263,0.156,0.298,0.236,0.152,0.194,0.216,0,0,0,0,0,0,0,0,0,0,0,0,0,0,0,0,0,0,0,0,0,0,0,0,0,0,0,0,0,0,0,0,0,0,0,0,0,0,0,0,0,0,0,0,0,0,0,0,0,0,0,0,0,0,0,0,0,0,0,0,0,0,0,0,0,0,0,0,0,0,0,0,0,0,0,0,0,0,0,0,0,0,0,0,0,0,0,0,0,0,0,0,0,0,0,0,0,0,0,0,0,0,0,0,0,0,0,0,0,0,0,0,0,0,0,0,0,0,0,0,0,0,0,0,0,0,0,0,0,0,0,0,0,0,0,0,0,0,0,0,0,0,0,0,0,0,0,0,0,0,0,0,0,0,0,0,0,0,0,0,0,0,0,0,0,0,0,0,0,0,0,0,0,0,0,0,0,0,0,0,0,0,0,0,0,0,0,0,0,0,0,0,0,0,0,0,0,0,0,0,0,0,0,0,0,0,0,0,0,0,0,0,0,0,0,0,0,0,0,0,0,0,0,0,0,0,0,0,0,0,0,0,0,0,0,0,0,0,0,0,0,0,0,0,0,0,0,0,0,0,0,0,0,0,0,0,0,0,0,0,0,0,0,0,0,0,0,0,0,0,0,0,0,0,0,0,0,0
851908,0,0,0,0.19,0,0,0,0,0,0.491,0,0,0,0,0,0,0,0,0,0,0,0,0,0,0,0,0,0,0,0,0,0,0,0,0,0,0,0,0,0,0.309,0,0,0,0,0,0,0.434,0,0,0,0,0.297,0,0,0,0,0,0,0,0,0,0,0,0.179,0,0,0,0,0,0,0,0,0,0,0,0.243,0.791,0,0,0,0,0,0.19,0,0.205,0,0,0,0,0,0,0,0,0,0,0,0,0,0,0,0,0,0,0,0,0,0,0,0,0,0,0,0,0,0.618,0,0,0,0,0,0,0,0,0,0,0,0,0,0,0,0,0,0,0,0,0,0,0,0,0,0,0,0,0,0,0,0,0,0,0,0,0,0,0.396,0,0,0,0.297,0,0,0,0,0,0,0,0,0.523,0,0,0,0,0,0,0,0,0,0,0,0,0,0,0,0,0,0,0,0,0,0,0,0,0,0,0,0,0,0,0,0,0,0,0,0,0,0,0,0,0,0,0,0,0,0,0,0,0,0,0,0,0,0,0,0,0,0,0,0,0,0,0,0,0,0,0,0,0,0,0,0,0,0,0,0,0,0,0,0,0,0,0,0,0,0,0,0,0,0,0,0,0,0,0,0,0,0,0,0,0,0,0,0,0,0,0,0,0,0,0,0,0,0,0,0,0,0,0,0.191,0,0,0,0,0,0,0,0,0,0,0.299,0.396,0.667,0,0,0.157,0,0,0,0,0,0,0,0,0,0,0,0,0,0,0,0,0,0,0,0,0.154,0,0,0,0,0,0,0,0,0,0,0,0,0,0,0,0,0,0,0,0,0,0,0,0,0,0,0,0,0,0,0,0,0,0,0,0,0,0,0,0,0,0,0,0,0,0,0,0,0,0,0,0,0,0,0,0,0,0,0,0,0,0,0,0,0,0,0,0,0,0,0,0,0,0,0,0,0,0,0,0,0,0,0,0,0,0,0,0,0,0,0.351,0,0,0,0,0.307,0,0,0,0,0,0,0,0,0,0,0,0,0,0,0,0,0,0,0,0,0,0,0,0,0,0,0,0,0,0,0,0,0,0,0,0,0,0.273,0,0,0,0,0,0,0,0,0,0,0,0,0,0,0,0,0,0,0,0,0,0,0,0,0,0,0,0,0,0,0,0,0,0,0,0,0,0,0,0,0,0,0,0,0,0,0,0,0,0,0,0,0,0,0,0,0,0,0,0,0,0,0,0,0,0,0,0,0,0,0,0,0,0,0,0,0,0,0,0,0,0,0,0,0,0,0,0,0,0.198,0,0,0,0,0,0,0,0,0,0,0,0,0,0,0,0,0,0,0,0.374,0,0,0,0,0,0,0,0,0,0.219,0,0,0,0,0,0,0,0,0,0,0,0,0,0,0,0,0,0,0,0,0,0,0,0,0,0,0,0,0,0,0.299,0,0,0,0,0,0,0,0,0,0,0,0,0,0,0,0,0,0,0,0,0,0,0,0,0,0,0.276,0,0,0,0,0,0,0,0,0,0,0,0,0,0,0,0,0,0,0,0,0,0,0,0,0,0,0,0,0,0,0,0,0,0,0,0,0,0,0,0,0,0,0,0,0,0,0,0,0,0,0,0,0,0,0,0,0,0,0,0,0,0,0,0,0,0,0,0,0,0,0.164,0,0,0,0,0,0,0,0,0,0,0,0,0,0,0.451,0,0,0,0,0,0,0,0,0,0,0,0,0,0,0,0,0,0,0,0,0,0,0,0,0,0,0,0,0,0,0,0,0,0,0,0,0,0,0,0,0,0,0,0,0,0,0,0,0,0,0,0,0,0,0,0,0,0,0,0,0,0,0,0,0,0,0,0,0,0,0,0,0,0,0,0,0,0,0,0,0,0,0,0,0,0,0,0,0,0,0,0,0,0,0,0,0,0,0,0,0,0,0,0,0,0,0,0,0,0,0,0,0,0,0,0,0,0,0,0,0,0,0,0,0,0,0,0,0,0,0,0,0,0,0,0,0,0,0,0,0,0,0,0,0,0,0,0,0,0,0,0,0,0,0,0,0,0,0,0,0,0,0,0,0,0,0,0,0,0,0,0,0,0,0,0,0,0,0,0,0,0,0,0,0,0,0,0,0,0,0,0,0,0,0,0,0,0,0,0.191,0,0,0,0,0,0,0,0,0,0,0,0,0,0,0,0,0,0,0,0,0,0,0,0,0,0,0,0.24,0,0,0,0,0,0,0,0,0,0,0,0,0,0,0,0,0,0,0,0,0,0,0,0,0,0,0,0,0,0,0,0,0,0,0,0,0,0,0,0,0,0,0,0,0,0,0,0,0,0.229,0,0,0,0,0,0.591,0,0,0,0,0,0,0,0,0,0.531,0,0,0,0,0,0,0,0,0,0,0,0,0,0,0,0,0,0,0,0,0,0,0,0,0,0,0,0,0.177,0,0,0,0,0,0,0,0,0,0,0,0,0,0,0,0,0,0,0,0,0,0,0,0,0,0,0,0.15,0,0,0,0,0,0,0,0,0,0,0,0,0,0,0,0,0,0,0,0,0,0,0,0,0,0,0,0.327,0,0.51,0,0,0,0.513,0,0,0,0,0,0,0,0,0,0,0,0,0,0,0,0,0,0,0,0,0.238,0.349,0,0,0,0,0,0,0,0,0,0.188,0,0,0,0,0,0,0,0,0,0,0,0,0,0,0,0,0,0.174,0,0,0,0,0,0,0,0.198,0,0,0,0,0,0,0,0,0,0,0,0,0,0,0,0,0,0,0,0,0,0,0,0,0,0,0,0,0,0,0,0,0,0,0,0,0,0,0,0,0,0,0,0,0,0,0,0,0,0,0,0,0,0,0,0,0,0,0,0,0,0,0,0,0,0,0,0,0,0,0,0,0,0,0,0,0.383,0,0,0,0,0,0,0,0,0,0,0,0,0,0,0,0,0,0,0,0,0,0,0,0,0,0,0,0,0,0,0,0,0,0,0,0,0,0,0,0,0,0,0,0,0,0,0,0,0,0,0,0,0,0,0,0,0,0,0,0,0,0,0,0,0,0,0,0,0,0,0,0,0,0,0,0,0,0,0,0,0,0,0,0,0,0,0,0,0,0,0,0.537,0,0,0,0,0,0.164,0,0,0,0,0,0,0,0,0,0,0,0,0,0,0,0,0,0,0,0,0,0,0,0,0,0,0,0,0,0,0,0,0,0,0,0,0,0,0,0,0,0,0,0,0,0,0,0,0,0,0,0,0,0,0,0,0,0,0,0,0,0,0,0,0,0,0,0,0.255,0,0.2,0.907,0,0,0,0.322,0,0,0,0,0,0,0,0,0,0,0,0,0,0,0,0,0,0.157,0,0,0,0,0,0,0,0,0,0,0,0,0,0,0,0,0,0,0,0,0,0,0,0,0,0,0,0,0,0,0,0,0,0,0,0,0,0,0,0,0,0,0,0,0,0,0.185,0,0,0,0,0,0,0,0,0,0,0,0,0,0,0,0,0,0,0,0,0,0,0,0,0,0.372,0,0,0,0,0,0,0,0,0,0,0,0,0,0,0,0,0,0,0,0,0,0,0,0,0,0,0,0,0,0,0,0,0,0,0,0,0,0,0,0,0,0,0,0,0,0,0,0,0,0,0,0,0,0,0,0,0,0,0,0,0.152,0,0,0,0,0,0,0,0.214,0,0,0,0,0,0,0,0.288,0,0,0,0,0,0,0,0,0,0,0,0,0.22,0,0,0,0,0,0.152,0,0.151,0,0,0.277,0.342,0,0,0,0,0,0,0.276,0,0,0,0,0,0,0,0,0,0,0,0,0,0,0,0,0,0,0,0,0,0,0,0,0,0,0,0,0,0,0,0,0,0,0,0,0,0,0,0,0,0,0,0,0,0,0,0,0,0,0,0,0,0,0,0,0,0,0,0,0,0,0,0,0,0,0,0.446,0,0,0,0,0,0,0,0,0,0,0,0,0,0,0,0,0,0,0,0,0,0,0,0,0,0,0,0,0,0,0,0,0,0,0,0,0,0,0,0,0,0,0,0,0,0,0,0,0,0,0,0,0,0,0,0,0,0,0,0,0,0,0,0,0,0,0,0,0,0,0,0,0,0,0,0,0,0,0.524,0,0,0,0,0,0,0,0,0,0,0,0,0,0,0,0,0,0,0,0,0,0,0,0,0,0,0,0,0,0,0,0,0,0,0,0,0,0,0,0,0,0,0,0,0,0,0,0,0,0,0,0,0,0,0,0,0,0,0,0,0,0,0,0.195,0,0,0,0,0,0,0,0,0,0,0,0,0,0,0,0,0,0,0,0,0,0,0,0,0,0,0,0,0,0,0,0,0,0,0,0,0,0,0,0,0,0,0,0,0,0,0,0,0,0,0,0,0,0,0,0,0,0,0,0,0,0,0,0,0,0,0,0,0,0,0.334,0,0,0,0,0,0,0,0,0.372,0,0,0,0,0,0,0,0,0,0,0,0,0,0,0,0,0,0,0,0,0,0,0,0,0,0,0,0,0,0,0,0,0,0,0,0,0,0,0,0,0,0,0,0,0,0,0,0,0,0,0,0,0.309,0,0,0,0,0,0,0,0,0,0,0,0,0,0,0,0,0,0,0,0,0.246,0,0,0,0,0,0,0,0,0,0,0,0,0,0,0,0,0,0,0,0,0,0,0,0,0,0,0,0,0,0,0,0,0,0,0,0,0,0,0,0,0,0,0,0.43,0,0,0,0,0,0,0,0,0,0,0,0,0,0,0,0,0,0,0,0,0,0,0,0.26,0,0,0,0,0,0,0,0,0,0,0.39,0,0,0,0,0,0,0,0,0,0,0,0,0,0,0,0,0,0.531,0,0,0,0,0,0,0,0,0.168,0,0,0,0,0,0,0,0,0,0,0,0,0,0,0,0,0,0,0,0,0,0,0,0,0,0,0,0,0.191,0,0,0,0,0,0,0,0,0,0,0,0,0,0,0,0,0,0,0,0,0,0,0,0,0,0,0,0,0,0,0,0,0,0,0,0,0,0,0.392,0,0,0,0,0,0,0,0,0,0,0,0,0,0,0,0,0,0,0,0,0,0,0,0,0,0,0,0,0,0,0,0,0,0,0,0,0,0,0,0,0,0,0,0,0,0,0,0,0.334,0.445,0,0,0,0,0,0,0,0,0,0,0,0,0,0,0,0,0,0,0,0,0,0,0,0,0,0,0,0,0,0,0,0,0,0,0,0,0,0,0,0,0,0,0,0,0,0,0,0,0,0,0,0,0,0,0,0,0,0,0.191,0,0,0,0,0,0,0,0,0,0,0,0,0,0,0,0,0,0,0,0,0,0,0,0,0,0,0,0,0,0,0,0.358,0,0,0,0,0,0,0,0,0,0,0,0,0,0,0,0,0,0,0,0,0,0,0,0,0,0,0,0,0,0,0,0,0,0,0,0,0,0,0,0,0,0,0,0,0,0,0,0,0,0,0,0,0,0,0,0,0,0,0,0,0,0,0,0,0,0,0,0,0,0,0,0,0,0,0,0,0,0,0,0,0,0,0,0,0,0,0,0,0,0,0,0,0,0.392,0,0,0,0,0,0,0,0,0,0,0,0,0,0,0,0,0,0,0,0,0,0,0,0,0,0,0,0,0,0,0,0,0.258,0,0,0,0,0,0,0,0,0,0,0,0,0,0,0,0,0,0,0,0,0,0.309,0,0,0,0,0,0,0,0,0,0,0,0.153,0.239,0,0,0.394,0,0,0,0,0,0,0,0,0,0,0,0,0,0,0,0,0,0.729,0,0,0,0,0,0,0,0,0,0,0,0.337,0,0,0,0,0,0,0,0,0,0,0,0,0,0,0,0,0.226,0,0,0,0.24,0,0,0,0,0,0,0,0,0,0,0,0,0,0,0.222,0,0,0,0,0,0,0,0,0,0,0,0,0,0,0,0,0,0,0,0,0,0,0,0,0,0,0,0.285,0,0,0,0,0,0,0,0,0,0,0,0,0,0,0,0,0,0,0.294,0,0,0,0,0,0.191,0,0,0.153,0,0,0,0,0,0,0,0,0,0,0,0,0.189,0,0,0,0,0,0,0,0,0,0,0,0.399,0,0,0,0,0,0,0,0,0.3,0,0,0.239,0,0,0,0,0,0,0,0,0,0,0,0.18,0,0,0,0,0,0.231,0,0,0,0,0,0,0,0.321,0,0,0,0,0,0,0.675,0,0,0,0,0,0,0,0,0,0,0,0,0,0.354,0,0,0.316,0,0,0,0,0,0,0,0,0,0,0,0,0,0,0,0,0,0,0,0,0,0,0,0,0,0,0,0,0,0,0,0,0,0,0,0,0,0,0,0,0,0,0,0,0,0,0,0,0,0,0,0,0,0,0,0,0,0,0,0,0,0,0,0,0,0,0,0,0,0,0,0,0,0,0,0,0,0,0,0,0,0,0,0,0,0,0,0,0,0,0,0,0,0,0,0,0,0,0,0,0,0,0,0,0,0,0,0,0,0.204,0,0,0,0,0,0,0,0,0,0,0,0,0,0,0,0,0,0,0,0,0,0,0,0,0,0,0,0,0,0,0,0,0,0,0,0,0,0,0,0,0,0,0,0,0,0,0,0,0,0,0,0,0,0,0,0,0,0,0,0,0,0,0,0,0,0,0,0,0,0,0,0,0,0,0,0,0,0,0,0,0,0,0,0,0,0,0,0,0,0,0,0,0,0,0,0,0,0,0,0,0,0,0,0,0,0,0,0,0,0,0,0,0,0.313,0,0,0,0,0,0,0,0,0,0,0,0,0,0,0,0,0,0,0,0,0,0,0,0,0,0,0,0,0,0,0,0,0,0,0,0,0,0,0,0,0,0,0,0,0,0,0,0.515,0,0,0,0,0,0,0,0,0,0,0,0,0,0,0,0,0,0,0,0,0,0,0,0,0,0,0,0,0,0,0,0,0,0,0,0,0,0,0,0,0.313,0,0,0,0,0,0,0,0,0,0,0,0,0,0,0,0,0,0,0,0,0,0,0,0,0,0,0,0,0,0,0,0,0,0,0.19,0,0,0,0,0,0,0,0,0,0,0,0,0,0,0,0,0,0,0,0,0,0,0,0,0,0,0,0,0,0,0,0,0,0,0,0,0,0,0,0,0,0,0,0,0,0,0,0,0,0,0,0,0,0,0,0,0,0,0,0,0,0,0,0,0,0,0,0,0,0,0,0,0,0,0,0,0,0,0,0.514,0,0,0,0,0,0,0,0,0,0.234,0,0,0,0,0,0,0,0,0,0,0,0,0,0,0,0,0,0,0,0,0,0,0,0.319,0,0,0,0,0,0,0,0,0,0,0,0,0,0,0,0.481,0,0,0,0,0.205,0,0,0,0,0,0.287,0,0,0.168,0,0,0,0,0,0,0,0,0.205,0,0,0,0,0,0,0,0,0,0,0,0,0,0,0,0,0,0,0,0,0,0,0,0,0,0,0,0,0,0,0,0,0,0,0,0,0,0,0,0,0,0,0,0,0,0,0,0,0,0,0,0,0,0,0,0,0,0,0,0,0.193,0,0.342,0,0.191,0,0.336,0,0,0,0,0,0,0,0,0,0,0,0,0,0,0,0,0,0,0,0,0,0,0,0,0,0,0.228,0,0,0,0,0,0,0,0,0,0,0,0,0,0,0,0,0,0,0,0,0,0,0,0,0,0,0,0,0,0,0,0,0,0.398,0,0,0,0,0,0,0,0,0,0,0,0,0,0,0,0,0,0,0,0,0,0,0,0,0,0,0,0,0,0,0,0,0,0,0,0,0,0,0,0,0,0,0,0,0,0,0,0,0,0,0,0,0,0,0,0,0,0,0,0,0,0,0,0,0,0,0,0,0,0,0.192,0,0,0,0,0,0,0,0,0,0,0,0.15,0.276,0,0,0,0,0,0,0,0,0,0,0,0,0,0,0,0,0,0,0,0,0,0,0,0,0,0,0,0,0,0,0,0,0,0,0,0,0,0,0,0,0,0,0,0,0.454,0,0,0,0,0,0,0,0,0,0,0,0,0,0,0,0,0,0,0,0,0,0,0,0,0,0,0,0,0,0,0,0,0,0,0,0,0,0,0,0,0,0,0,0,0,0,0,0,0,0,0,0,0,0,0,0,0,0,0,0,0,0,0,0,0,0,0,0,0,0,0,0,0,0,0,0,0,0,0,0,0,0,0,0,0,0,0,0,0,0,0.173,0,0,0,0,0,0,0,0,0,0,0,0,0,0,0,0,0,0,0,0,0,0,0,0,0,0,0,0,0,0,0,0,0,0,0,0,0,0,0,0,0,0,0,0,0,0,0.285,0,0,0,0,0,0.274,0,0,0,0,0,0,0,0,0,0,0,0,0,0,0,0,0,0,0,0,0,0,0,0,0,0,0,0,0,0,0,0,0,0,0,0,0,0,0,0,0,0,0,0,0,0,0,0,0,0,0,0,0,0,0,0,0,0,0,0,0,0,0,0,0,0,0,0,0,0,0,0,0,0,0,0,0,0,0,0,0,0,0,0,0,0,0,0,0,0,0,0,0,0,0,0,0,0,0,0,0,0,0,0,0,0,0,0,0,0,0,0,0,0,0,0,0,0,0,0,0,0,0,0,0,0,0,0,0,0,0,0,0,0,0,0,0,0,0,0,0,0,0,0,0,0,0,0,0,0,0,0,0,0,0,0,0,0,0,0,0,0,0,0,0,0,0,0,0,0,0.391,0,0,0,0,0,0,0,0,0,0,0,0,0,0,0,0,0,0,0,0,0,0,0,0,0.7,0,0,0,0,0.254,0,0,0.342,0,0,0,0,0.427,0,0.357,0,0,0,0,0,0,0,0,0,0,0,0,0,0,0.394,0,0,0,0,0,0,0,0,0,0,0,0,0,0,0,0,0.37,0,0,0,0,0,0,0,0,0,0,0,0,0,0,0,0,0,0,0.481,0,0,0,0.258,0,0,0,0,0,0,0,0,0,0,0,0.844,0,0,0,0,0,0,0,0,0,0,0,0,0,0,0,0,0,0,0,0,0,0,0,0,0,0,0,0,0,0,0,0,0,0,0,0,0,0,0,0,0,0,0,0,0,0,0,0,0,0,0,0,0,0,0,0,0,0,0,0.311,0,0,0,0,0,0,0,0,0,0.457,0.191,0,0,0,0,0,0,0,0,0.196,0.337,0,0,0,0,0,0,0,0,0,0,0,0,0,0,0,0,0,0,0,0,0,0,0,0,0,0,0,0,0,0,0,0,0,0,0,0,0,0,0,0,0,0,0,0,0,0,0,0,0,0,0,0.197,0.445,0.396,0.392,0.759,0.841,0.231,0,0,0,0,0,0,0,0,0,0,0,0,0,0,0,0,0,0,0,0,0,0,0,0,0,0,0,0,0,0,0,0,0,0,0,0,0,0,0,0,0,0,0,0,0,0,0,0,0,0,0,0,0,0,0,0,0,0,0,0,0,0,0,0,0,0,0,0,0,0,0,0,0,0,0,0,0,0,0,0,0,0,0,0,0,0,0,0,0,0,0,0,0,0,0,0,0,0,0,0,0,0,0,0,0,0,0,0,0,0,0,0,0,0,0,0,0,0,0,0,0,0,0,0,0,0,0,0,0,0,0,0,0,0,0,0,0,0,0,0,0,0,0,0,0,0,0,0,0,0,0,0,0,0,0,0,0,0,0,0,0,0,0,0,0,0,0,0,0,0,0,0,0,0,0,0,0,0,0,0,0,0,0,0,0,0,0,0,0,0,0,0,0,0,0,0,0,0,0,0,0,0,0,0,0,0,0,0,0,0,0,0,0,0,0,0,0,0,0,0,0,0,0,0,0,0,0,0,0,0,0,0,0,0,0,0,0,0,0,0,0,0,0,0,0,0,0,0,0,0,0,0,0,0,0,0,0,0,0,0,0,0,0,0,0,0,0,0,0,0,0,0,0,0,0,0,0,0,0,0,0,0,0,0,0
851909,0,0,0,0,0,0,0,0,0,0,0,0,0,0,0,0,0,0,0,0,0,0,0,0,0,0,0,0,0,0,0,0,0,0,0,0,0,0,0,0,0,0,0,0,0,0,0,0,0,0,0,0,0,0,0,0,0,0,0,0,0,0,0.525,0,0,0,0,0,0,0,0,0,0,0,0,0,0,0,0,0,0,0,0,0,0,0,0,0,0,0,0,0,0,0,0,0,0,0,0,0,0,0,0,0,0,0,0,0,0,0,0,0,0.297,0,0,0,0,0,0,0,0,0,0,0,0,0,0,0,0,0,0,0,0,0,0,0,0,0,0,0,0,0,0,0,0,0,0.193,0,0,0,0.319,0,0,0,0,0,0.52,0,0.377,0,0,0,0,0,0,0,0,0,0,0,0,0,0,0,0,0,0,0,0,0,0,0,0,0.178,0,0,0,0,0,0,0,0.157,0,0,0,0,0,0,0,0.606,0,0.179,0,0,0,0,0,0,0,0,0,0,0,0,0,0,0,0,0,0,0,0,0,0,0,0,0,0,0,0,0,0,0,0,0,0.163,0,0,0,0,0,0,0,0,0,0,0,0,0,0.259,0,0.226,0,0,0,0,0,0.874,0,0.226,0,0,0,0,0,0,0,0,0,0.196,0,0.671,0,0.234,0.346,0,0,0,0,0,0,0,0,0,0,0,0,0,0,0,0,0,0,0,0,0,0,0,0,0,0,0,0,0,0,0,0,0,0,0,0,0.207,0,0,0,0,0,0,0,0,0.363,0,0,0,0,0,0,0,0,0,0,0.183,0,0,0,0,0,0,0,0,0,0,0,0,0,0,0.163,0,0,0,0,0,0,0,0,0,0,0,0,0,0,0,0,0,0,0.313,0,0,0,0,0,0,0.292,0,0,0,0,0,0,0,0,0,0,0,0,0,0.689,0,0,0,0.389,0,0,0.425,0,0,0,0,0,0,0,0,0.323,0.865,0,0,0,0,0,0,0.275,0,0,0,0,0,0,0,0,0,0,0,0,0,0,0,0,0,0,0,0,0,0,0,0.488,0,0,0,0,0,0,0,0,0,0,0,0,0,0,0,0,0,0,0.326,0,0,0,0,0,0,0,0,0,0,0,0,0,0,0,0,0,0,0,0,0,0,0,0,0,0,0,0,0,0,0,0,0,0.547,0,0,0,0,0,0,0.443,0,0,0,0,0,0,0,0,0,0,0,0.162,0,0,0,0,0,0,0,0,0,0,0,0,0,0,0.557,0,0,0,0,0,0,0,0,0.288,0,0,0,0,0,0,0,0,0,0,0,0,0,0,0,0,0,0,0,0,0,0,0.362,0,0,0,0,0,0.606,0,0,0,0,0,0,0,0,0,0,0,0,0,0,0,0,0,0,0,0,0,0,0,0,0,0,0,0.571,0,0,0,0,0,0,0,0,0,0,0,0,0,0,0,0,0,0,0,0,0,0,0,0,0,0,0,0,0,0,0,0,0,0,0.153,0,0,0,0,0,0,0,0.199,0,0,0,0,0,0,0,0,0,0.545,0,0,0,0,0,0,0,0,0,0,0.157,0,0.196,0,0,0,0,0,0,0,0,0,0,0,0,0,0,0,0,0,0,0,0,0,0,0,0.863,0,0,0,0,0,0,0,0,0,0,0,0,0,0,0,0,0,0,0,0,0,0,0,0,0,0,0,0.447,0,0.981,0,0,0,0,0,0,0,0,0,0,0,0,0,0,0,0,0.221,0,0.206,0,0,0,0,0,0,0,0,0,0,0,0,0,0,0,0,0,0,0.198,0.157,0,0,0,0,0,0,0,0.536,0,0,0,0,0,0,0,0.813,0,0,0,0,0,0,0,0,0,0,0.316,0,0,0,0,0,0,0,0,0,0,0,0,0,0,0.198,0,0,0,0,0.656,0,0,0,0,0,0,0,0,0,0,0,0,0,0,0,0,0,0,0,0,0,0,0,0,0,0,0,0,0,0,0,0,0,0,0,0,0,0,0,0,0,0,0,0,0,0,0,0,0,0,0,0.235,0,0.198,0,0,0,0,0,0,0,0,0,0,0,0,0,0,0,0.602,0,0,0,0,0,0,0,0,0,0,0,0,0,0,0,0,0,0,0,0,0,0,0,0,0,0,0,0,0,0,0,0,0,0,0,0,0.301,0,0,0.183,0,0,0,0,0,0,0,0,0,0,0,0,0,0,0.198,0,0,0,0,0,0,0,0,0,0,0,0,0,0,0,0,0,0,0,0,0,0,0,0,0,0,0,0,0,0,0,0,0,0,0,0,0,0,0,0,0,0,0,0,0,0,0,0,0,0,0,0,0,0,0,0,0,0,0,0,0,0,0,0,0,0,0,0,0,0,0,0,0,0,0,0,0,0,0,0,0,0,0,0,0,0,0,0,0,0,0,0,0,0,0,0,0,0,0,0,0,0,0,0.644,0,0,0,0,0,0.196,0,0,0,0,0,0,0,0,0,0,0,0,0,0,0,0,0.307,0,0,0,0,0,0,0,0,0,0,0,0,0,0,0,0,0,0,0,0,0,0,0.367,0,0.313,0,0,0,0,0,0,0,0,0,0,0,0,0,0,0,0,0.42,0,0,0,0,0,0,0,0,0,0,0,0,0,0,0,0,0,0,0,0,0,0,0,0,0,0,0,0,0,0,0,0,0,0,0,0,0,0,0,0.799,0,0,0,0,0,0,0,0,0,0,0,0,0,0,0,0,0,0,0,0,0,0,0.185,0,0,0,0,0,0,0.309,0,0,0,0,0,0.315,0,0,0,0,0,0,0,0,0,0,0,0,0,0,0,0,0,0,0,0,0,0,0,0,0,0,0,0,0,0,0,0,0,0,0,0,0,0.242,0,0,0,0,0,0,0,0,0,0,0,0,0,0,0,0,0,0,0,0,0,0,0,0,0,0,0,0,0.288,0.863,0,0.196,0,0,0,0,0,0,0,0,0,0,0,0.151,0,0,0,0,0,0,0,0.223,0,0,0,0,0,0,0.648,0,0,0,0,0,0,0,0,0,0,0,0,0,0.644,0,0,0,0,0,0,0,0,0,0.183,0,0,0,0,0,0,0,0,0,0,0,0,0,0,0,0,0,0,0,0,0,0.233,0,0,0,0.269,0,0,0,0,0,0,0,0,0,0,0,0,0,0,0,0,0,0,0,0,0,0,0,0.307,0,0,0,0,0,0.601,0,0,0,0,0,0,0,0,0,0,0,0,0,0.163,0,0.233,0,0,0,0,0,0,0,0,0,0,0,0,0,0,0,0,0,0,0,0,0,0,0,0,0,0,0,0,0.167,0,0,0,0,0,0,0,0,0,0,0,0,0,0,0,0,0,0,0,0,0,0,0,0,0,0.307,0,0,0,0.57,0,0,0,0,0,0,0,0,0,0.493,0,0,0.253,0,0,0,0,0,0,0,0,0,0.346,0,0,0,0,0,0,0.155,0,0,0,0,0,0,0.284,0,0,0,0,0,0,0,0,0,0,0,0,0,0,0,0,0,0.309,0,0,0,0,0,0,0,0,0,0,0,0,0,0,0,0,0.173,0,0,0,0,0,0,0,0,0,0,0,0,0,0,0,0,0,0,0,0,0,0,0,0,0,0,0,0,0,0,0.151,0,0,0,0,0,0,0,0,0,0,0.315,0,0,0,0,0,0,0,0,0,0,0,0,0,0.206,0,0,0,0,0,0,0,0,0,0,0,0,0,0,0,0,0,0,0,0,0,0,0,0,0,0,0,0,0,0.271,0,0,0,0,0,0,0,0,0,0,0,0,0,0,0,0,0,0,0,0,0,0,0,0,0,0,0,0,0,0,0,0,0,0,0,0,0,0,0,0,0,0,0,0,0,0,0,0,0,0,0,0,0,0,0,0,0,0,0,0,0,0,0,0,0,0,0,0,0,0,0,0,0,0,0,0,0,0,0,0,0,0,0,0,0,0,0,0,0,0,0,0,0,0,0,0,0,0,0,0,0,0,0,0,0,0.43,0,0,0,0,0,0,0,0,0,0,0,0,0,0,0,0,0,0,0,0,0,0,0,0,0,0,0,0,0,0,0,0,0,0,0,0,0,0,0,0,0,0,0,0,0,0,0,0,0,0,0,0,0,0,0,0,0,0,0,0,0,0,0,0,0,0,0,0,0,0,0,0,0,0,0,0,0,0,0,0,0,0,0,0,0,0,0,0,0,0,0,0,0,0,0,0,0,0,0,0,0,0,0,0,0,0,0,0,0,0,0,0,0,0,0,0,0.161,0,0,0,0,0,0,0,0,0,0,0,0,0,0,0,0,0,0,0,0,0,0,0,0,0,0,0,0,0,0,0,0,0,0,0,0,0,0.221,0,0,0,0,0,0,0,0,0.246,0,0,0,0,0,0,0,0,0,0,0,0,0,0,0,0,0,0,0,0,0,0,0,0,0,0,0,0,0,0,0,0,0,0,0,0,0,0,0,0,0,0,0,0,0,0,0,0,0,0,0,0,0,0,0,0,0,0,0,0,0,0,0,0,0,0,0,0,0,0,0,0,0,0,0,0,0,0,0,0,0,0,0,0,0,0,0,0,0,0,0,0,0,0,0,0,0,0,0,0,0,0,0,0,0,0,0,0,0,0,0,0,0,0,0,0,0,0,0,0,0,0,0,0,0,0,0,0,0,0,0,0,0,0,0,0,0,0,0,0,0,0,0,0,0,0.173,0,0,0,0,0,0,0,0,0,0,0,0,0,0,0,0,0,0,0,0,0,0,0,0.292,0,0,0,0,0,0,0,0,0,0,0,0,0.332,0,0,0,0,0,0,0,0,0,0,0,0,0,0,0,0,0,0,0,0,0,0,0,0,0,0,0,0,0,0,0.292,0,0,0,0,0,0,0,0,0,0,0,0,0,0,0,0,0,0,0,0,0,0,0,0,0,0,0,0,0,0,0,0,0,0,0,0,0,0,0,0,0,0,0,0,0,0,0,0,0,0,0,0,0,0,0,0,0,0,0,0,0,0,0,0,0,0,0,0,0,0,0,0,0,0,0,0,0,0,0,0,0,0,0,0.445,0,0,0,0,0,0,0,0,0,0,0,0,0,0,0,0,0,0,0,0,0,0,0,0,0,0,0,0,0,0,0,0,0,0,0,0,0,0,0,0,0,0,0,0,0,0,0,0,0,0,0,0,0,0,0,0,0,0,0,0,0,0,0,0,0,0,0,0,0,0,0,0,0,0,0,0,0,0,0,0,0,0,0,0,0,0,0,0,0,0,0,0,0,0,0,0,0,0,0,0,0,0,0,0,0,0,0,0,0,0,0,0,0,0,0,0,0,0,0,0,0,0,0,0,0,0,0,0,0,0,0,0,0,0,0.176,0,0,0,0,0,0,0,0,0,0,0,0,0,0,0,0,0,0,0,0,0,0,0,0,0,0,0,0,0,0,0,0,0,0,0,0,0,0,0,0,0.862,0,0,0,0,0,0,0,0,0,0,0,0,0,0,0,0,0,0.219,0,0,0,0,0,0,0,0,0,0,0,0,0,0,0,0,0,0,0,0,0,0,0,0,0,0,0,0,0,0,0,0,0,0,0,0,0,0,0,0,0,0,0,0,0,0,0,0,0,0,0,0,0,0,0,0,0,0,0,0,0,0,0,0,0,0,0,0,0,0,0,0,0,0,0,0,0,0,0,0,0,0,0,0,0,0,0,0,0,0,0,0,0,0,0,0,0,0,0,0,0,0,0,0,0,0,0,0,0,0,0,0,0,0,0,0,0,0,0,0.288,0,0,0,0,0,0,0,0,0,0,0,0,0,0,0.288,0,0,0,0,0,0,0,0,0,0,0,0.288,0,0,0,0,0,0,0,0,0,0,0,0,0,0,0,0,0,0,0,0,0,0,0,0,0,0,0,0,0,0,0,0,0,0,0,0,0,0,0,0,0,0,0,0,0,0,0,0,0,0,0,0,0,0,0,0,0,0,0,0,0,0,0,0,0,0,0,0,0,0,0,0,0,0,0,0,0,0,0,0,0,0,0,0,0,0,0.153,0,0,0,0,0,0,0,0,0,0.337,0,0.248,0,0,0,0,0,0,0,0,0,0,0,0,0,0,0,0,0,0,0,0,0,0.828,0,0,0.239,0,0,0,0,0,0,0,0,0,0,0,0,0,0,0,0,0,0,0,0,0,0,0,0,0,0,0,0,0,0,0,0,0,0,0,0,0,0,0.271,0,0,0,0,0,0,0,0.276,0,0,0,0,0,0,0,0.337,0,0.2,0,0,0,0,0,0,0,0,0,0,0,0,0,0,0,0,0,0,0,0,0,0,0,0,0,0,0,0,0,0,0,0,0,0,0,0,0.304,0,0,0,0,0,0,0.9,0,0,0,0,0,0,0,0,0,0,0,0,0,0,0,0,0,0,0,0,0.183,0,0,0,0,0,0,0,0,0,0,0,0,0,0,0,0,0,0,0,0,0,0,0,0,0,0,0,0,0,0,0,0,0,0,0,0,0,0,0,0,0,0,0.805,0,0,0,0,0,0,0,0,0,0,0,0,0,0,0,0,0,0,0,0,0,0,0,0,0,0,0,0,0,0,0,0,0,0,0,0,0,0,0,0,0,0,0,0,0,0,0,0,0,0,0,0,0,0,0,0,0,0,0,0,0,0,0,0,0,0,0,0,0,0,0,0,0,0,0,0,0,0,0,0,0,0,0,0,0,0,0,0,0,0,0,0,0,0,0,0,0,0,0,0,0,0,0,0,0,0,0,0,0,0,0,0,0,0,0,0,0,0,0,0,0,0,0,0,0,0,0,0,0,0,0.742,0,0,0,0,0,0,0,0,0,0,0,0,0,0,0,0,0,0,0,0,0,0,0,0,0,0,0,0,0,0,0,0,0,0,0,0,0,0,0,0,0,0,0,0,0,0,0,0,0,0,0,0,0,0,0,0,0,0,0,0,0,0,0,0,0,0,0,0,0,0,0,0,0,0,0.292,0,0,0,0,0,0,0,0,0,0,0,0,0,0.375,0,0,0,0,0,0,0,0,0,0,0,0,0,0,0,0,0,0,0,0,0,0,0,0,0,0,0,0,0.957,0,0,0,0,0,0,0,0,0,0,0,0,0,0,0,0,0,0,0,0,0,0,0,0,0,0,0,0,0,0,0,0,0,0,0.248,0,0,0,0,0,0,0,0,0,0,0,0,0,0,0,0,0,0,0,0,0,0,0,0,0,0,0,0,0,0,0,0,0,0,0,0,0,0,0,0,0,0,0,0,0,0,0,0,0,0,0,0,0,0,0,0,0,0,0,0,0,0,0,0,0,0,0,0,0,0,0,0,0,0,0,0,0,0,0,0,0,0,0,0,0,0,0,0,0,0.248,0,0,0,0,0,0,0,0,0,0,0,0,0,0,0,0,0,0,0,0,0,0,0,0,0,0,0,0,0,0,0,0,0,0,0,0,0,0,0,0,0,0,0,0,0,0,0,0,0,0,0,0,0,0,0,0,0,0,0,0,0,0,0,0,0,0,0,0,0,0,0,0,0,0,0,0,0,0,0,0,0.342,0,0,0,0,0,0,0,0,0,0,0,0,0,0,0,0,0,0,0,0,0,0,0,0.652,0,0,0,0,0,0,0,0,0,0,0,0,0,0,0,0,0,0,0,0,0,0,0,0,0,0,0,0,0,0,0,0,0,0,0,0,0,0,0.288,0,0,0,0,0,0,0,0,0,0,0,0,0,0,0,0,0,0,0,0,0,0,0,0,0,0,0,0,0,0,0,0,0,0,0,0,0,0,0,0,0,0,0,0,0,0,0,0,0,0,0,0,0,0,0,0,0,0,0.54,0,0,0,0,0,0,0,0,0,0,0,0,0,0,0,0,0,0,0,0,0,0,0,0,0,0,0,0,0,0,0,0,0,0,0,0,0,0,0,0,0,0,0,0,0,0,0,0,0,0,0,0,0,0.54,0,0,0,0,0,0,0,0,0,0,0,0,0,0,0,0,0,0,0,0,0,0,0,0,0,0,0,0,0,0,0,0,0,0,0,0,0,0,0,0,0,0,0,0,0,0,0,0,0,0,0,0,0,0,0,0,0,0,0,0,0,0,0,0,0,0,0,0,0,0,0,0,0,0,0,0,0,0,0,0,0,0,0,0,0,0,0,0,0,0,0,0,0,0.19,0,0,0,0,0,0.283,0,0,0,0,0,0,0,0,0,0,0,0,0,0,0,0,0,0,0,0,0,0,0,0,0,0,0,0,0,0,0,0,0,0,0,0,0,0,0,0,0,0,0,0,0,0,0,0,0,0,0,0,0,0,0,0,0,0,0,0,0,0,0,0,0,0,0,0,0,0,0,0,0,0,0,0,0,0,0,0,0,0,0,0,0,0,0,0,0,0,0,0,0,0,0.371,0,0,0,0,0,0,0,0,0,0,0,0,0,0,0,0,0,0,0,0,0,0,0,0,0,0,0,0,0,0,0,0,0,0,0,0,0,0,0,0,0,0,0,0,0,0,0,0,0,0,0,0,0,0,0,0,0,0,0,0,0,0,0,0,0,0,0,0,0,0,0,0,0,0,0,0,0,0,0,0,0,0,0,0,0,0,0,0,0,0,0,0,0,0,0,0,0,0,0,0,0,0,0,0,0,0,0,0,0,0,0,0,0,0,0,0,0,0,0,0,0,0,0,0,0,0,0,0,0,0,0,0,0,0,0,0,0,0,0,0,0,0,0,0,0,0,0,0,0,0,0,0,0,0,0,0,0,0,0,0,0,0,0,0,0,0,0,0,0,0,0,0,0,0,0,0,0,0,0,0,0,0,0,0,0,0,0,0,0,0,0,0,0,0,0,0,0,0,0,0,0,0,0,0,0,0.545,0,0,0,0,0,0,0,0,0,0,0,0,0,0,0,0,0,0,0,0,0,0,0,0,0,0,0,0,0,0,0,0,0,0,0,0,0,0,0,0.259,0,0,0,0,0,0,0,0,0,0,0,0.461,0,0,0,0,0,0,0,0,0,0,0,0,0,0,0,0,0,0,0,0,0,0,0,0,0,0,0,0,0,0,0,0,0,0,0,0,0,0,0,0,0,0,0,0,0,0,0,0,0,0,0,0,0,0,0,0,0,0,0,0,0,0,0,0,0,0,0,0,0,0,0,0,0,0,0,0,0,0,0,0,0,0,0,0,0,0,0,0,0,0,0,0,0,0,0,0,0,0,0,0,0,0,0,0,0,0,0,0,0,0,0,0,0,0,0,0,0,0,0,0,0,0,0,0,0,0,0,0,0,0,0,0,0,0,0,0,0,0,0,0,0,0.924,0.871,0.192,0,0,0,0,0,0,0,0,0,0,0,0,0,0,0,0,0,0,0,0,0,0,0,0,0,0,0,0,0,0,0,0,0,0,0,0,0,0,0,0,0,0,0,0,0,0,0,0,0,0,0,0,0,0,0,0,0,0,0,0,0,0,0,0,0,0,0,0,0,0,0,0,0,0,0,0,0,0,0,0,0,0,0,0,0,0,0,0,0,0,0,0,0,0,0,0,0,0,0,0,0,0,0,0,0,0,0,0,0,0,0,0,0,0,0,0,0,0,0,0,0,0,0,0,0,0,0,0,0,0,0,0,0,0,0,0,0,0,0,0,0,0,0,0,0,0,0,0,0,0,0,0,0,0,0,0,0,0,0,0,0,0,0,0,0,0,0,0,0,0,0,0,0,0,0,0,0,0,0,0,0,0,0,0,0,0,0,0,0,0,0,0,0,0,0,0,0,0,0,0,0,0,0,0,0,0,0,0,0,0,0,0,0,0,0,0,0,0,0,0,0,0,0,0,0,0,0,0,0,0,0,0,0,0,0,0,0,0,0,0,0,0,0,0,0,0,0,0,0,0,0,0,0,0,0,0,0,0,0,0,0,0,0,0,0,0,0,0,0,0,0,0,0,0,0
856132,0,0,0,0,0,0,0,0,0,0,0,0,0,0,0,0.18,0,0,0,0,0,0,0,0,0,0,0,0,0,0,0,0,0,0,0,0,0,0,0,0,0,0,0,0,0,0,0,0,0,0,0,0,0,0,0,0.252,0,0,0,0,0,0,0,0,0,0,0,0,0,0,0.159,0,0,0,0,0,0,0,0,0,0,0,0,0,0,0,0,0,0,0,0,0,0,0,0,0,0,0,0,0,0,0,0,0,0,0,0,0,0,0,0,0,0,0,0,0,0,0,0,0,0,0,0,0,0,0,0,0,0,0,0,0,0,0,0,0,0,0,0,0,0,0,0,0,0,0.179,0,0,0,0,0,0,0,0,0,0,0,0,0,0,0,0,0,0,0,0,0,0,0,0,0,0,0,0,0,0,0,0,0,0,0,0,0.462,0,0,0,0,0,0,0,0,0,0,0,0,0,0.194,0,0,0,0,0,0,0,0,0,0,0,0,0,0,0,0,0,0,0,0,0,0,0,0,0,0,0,0,0,0,0,0,0,0,0,0,0,0,0,0,0,0,0,0,0,0,0,0,0,0,0,0,0,0.29,0,0,0,0,0,0,0,0,0,0,0,0,0,0,0,0,0.314,0,0,0,0,0,0,0,0,0,0,0,0,0,0,0,0,0,0,0,0,0,0,0,0,0,0,0,0,0,0,0,0,0,0,0,0,0,0,0,0,0,0,0.161,0,0.235,0,0,0,0,0.165,0,0,0,0,0,0,0,0,0,0,0,0,0,0,0,0,0,0,0,0,0,0,0,0,0,0,0,0,0,0,0,0,0,0,0,0.648,0,0,0,0,0,0,0,0,0,0,0,0,0,0,0,0,0,0,0,0,0,0,0,0,0,0,0,0,0,0,0,0,0,0,0,0,0,0,0,0,0,0,0,0,0,0,0,0,0,0,0,0,0,0,0,0,0,0.23,0,0,0,0,0,0,0,0,0,0,0,0,0,0,0,0,0,0,0,0.403,0,0,0,0,0,0,0,0,0,0,0,0,0,0,0,0,0,0,0,0,0,0,0,0,0.176,0,0,0,0,0,0,0,0,0,0,0,0,0,0,0,0,0,0,0,0,0,0,0,0,0,0,0,0,0,0.194,0,0,0,0,0,0,0,0,0,0,0,0,0,0,0,0,0,0,0,0,0,0,0,0,0,0,0,0,0,0,0,0,0,0,0,0,0,0.209,0,0,0,0,0,0,0,0.325,0,0,0,0,0,0,0,0,0,0,0,0,0,0,0,0,0.172,0,0,0,0,0,0,0,0,0,0,0,0,0,0,0,0,0,0,0,0,0,0,0,0,0,0,0,0,0,0,0,0,0,0,0,0,0,0,0,0,0,0,0,0,0,0,0,0,0,0,0,0,0,0,0,0.219,0,0,0,0,0,0,0,0,0,0,0,0,0,0,0,0,0,0,0,0,0,0,0,0,0,0,0,0,0,0,0,0,0.301,0,0,0,0,0,0,0,0,0,0,0,0,0,0,0,0,0,0,0,0,0,0.186,0,0,0,0.317,0,0.664,0,0,0,0,0,0,0.328,0,0,0,0,0,0,0,0,0,0,0,0,0,0,0,0,0,0.165,0,0,0,0,0,0,0,0.629,0,0,0,0,0,0,0,0,0,0,0,0,0,0,0,0,0,0,0,0,0,0,0,0,0,0.65,0,0,0,0,0,0,0,0,0,0,0,0,0,0,0,0,0,0,0,0,0,0,0,0,0,0,0,0,0,0,0,0,0,0,0,0,0,0,0,0,0,0,0,0,0,0,0,0,0,0,0.152,0,0,0,0,0,0,0,0,0,0,0,0,0,0,0,0,0,0,0,0,0,0,0,0,0,0,0,0,0,0,0,0,0,0,0,0,0,0,0.894,0,0,0,0,0,0,0,0,0,0,0,0,0,0,0,0,0,0,0.183,0,0.277,0,0,0,0,0,0,0,0,0,0,0,0,0,0,0,0,0,0,0,0,0,0,0,0,0,0,0,0,0,0,0,0,0,0,0.228,0,0,0,0,0,0,0,0,0.18,0,0,0,0,0,0,0,0,0,0,0,0,0,0,0,0,0,0,0,0,0,0,0,0,0,0,0,0,0,0,0,0,0,0.205,0,0,0,0,0,0,0,0,0,0,0,0,0,0,0,0,0,0,0,0,0,0,0,0,0,0,0,0,0,0,0,0,0,0,0.225,0,0,0,0,0,0,0,0,0,0,0,0,0,0,0,0,0,0,0,0,0,0,0,0,0,0,0,0,0,0,0,0,0,0,0,0,0,0,0,0,0,0,0,0,0,0,0,0,0,0,0.296,0,0.559,0,0,0,0,0,0,0,0,0,0,0,0,0,0,0,0,0,0,0,0,0,0,0,0,0,0,0,0,0,0,0,0,0,0,0,0,0,0,0,0,0,0,0,0,0,0,0,0,0,0,0,0,0.186,0,0,0,0,0,0,0,0.204,0.309,0,0,0,0,0,0,0,0,0,0,0,0,0,0,0,0,0,0,0,0,0,0,0,0,0,0,0,0,0,0,0,0,0,0,0,0,0.616,0,0.616,0,0,0,0,0,0,0,0,0,0,0,0,0,0,0,0,0,0,0,0,0,0,0,0,0,0,0,0,0,0,0,0,0,0,0,0,0,0,0,0,0,0,0,0,0,0,0,0,0,0,0,0,0,0,0,0,0,0,0,0,0,0,0,0,0,0,0,0,0.201,0,0,0,0,0,0,0,0,0,0,0,0,0,0,0,0,0,0,0,0,0,0,0,0,0,0,0,0,0,0,0,0,0,0,0,0,0,0,0,0,0,0,0,0,0,0,0,0,0,0,0,0.195,0,0,0,0,0,0,0,0,0,0,0,0,0,0,0,0,0,0,0,0,0,0,0,0,0,0,0,0,0,0,0,0,0,0,0,0,0,0,0,0,0,0,0,0,0.644,0,0,0,0,0,0,0,0,0.194,0,0,0,0,0,0,0,0,0,0,0,0,0,0,0,0,0,0.638,0,0,0,0,0,0,0,0,0,0,0,0,0,0,0,0,0,0,0,0.65,0,0,0,0,0,0,0,0,0,0,0,0,0,0,0,0,0,0,0,0,0,0,0,0,0,0,0,0,0,0,0,0,0,0,0,0,0,0,0,0,0,0,0,0,0,0,0,0,0,0,0,0,0,0,0,0,0,0,0,0,0,0.175,0,0,0,0,0,0,0,0,0,0,0,0,0,0,0,0,0,0,0,0.427,0,0,0,0,0,0,0,0,0,0,0,0.479,0,0,0,0,0,0,0,0.205,0,0,0,0,0,0,0,0,0,0,0,0,0,0,0,0,0,0,0,0,0,0,0,0,0,0,0,0,0,0,0,0,0,0,0,0,0,0,0,0,0,0,0,0,0.176,0,0,0,0,0,0,0,0,0,0,0,0,0,0,0,0,0,0,0,0,0,0,0,0,0,0,0,0,0,0,0,0,0,0,0,0,0,0,0,0,0,0,0,0,0,0,0,0,0,0,0,0,0,0,0,0,0,0,0,0.187,0,0,0,0,0,0,0,0,0,0,0,0.303,0,0,0,0,0,0,0,0,0,0,0,0,0,0,0,0,0.36,0,0,0,0,0,0,0,0,0,0,0,0,0,0,0,0,0,0,0,0,0,0,0,0,0,0,0,0,0,0,0,0,0,0,0,0,0,0,0,0,0,0,0,0,0,0,0,0,0,0,0,0,0,0,0,0,0,0,0,0,0,0,0,0,0,0,0,0,0,0,0,0,0,0,0,0,0,0,0,0,0,0,0,0,0,0,0,0,0,0,0,0,0,0,0,0,0,0,0,0,0,0,0,0,0,0,0,0,0,0,0,0,0,0,0,0,0,0,0,0,0,0,0,0,0,0,0,0,0,0,0,0,0,0,0,0,0,0,0,0,0,0,0,0,0,0,0,0,0,0,0,0,0,0,0,0,0,0,0,0,0,0,0,0,0,0,0,0,0,0,0,0,0,0,0,0,0,0,0,0,0,0,0,0,0,0,0,0,0,0,0,0,0,0,0,0,0,0,0,0,0,0,0,0,0,0,0,0.231,0,0,0,0,0,0,0,0,0,0,0,0,0,0,0,0,0,0,0,0,0,0.2,0,0,0,0,0,0,0,0,0,0,0,0,0,0,0,0,0,0,0,0,0,0,0,0,0,0,0,0,0,0,0,0,0,0,0,0.179,0,0,0,0,0,0,0,0,0,0,0,0.297,0,0,0,0,0,0,0,0,0,0,0,0,0,0,0,0,0,0,0,0,0,0,0,0,0,0,0,0,0,0,0.439,0,0,0,0,0,0,0,0,0,0,0.184,0,0,0.173,0,0,0,0,0,0.26,0,0.426,0,0,0,0,0,0,0,0,0,0,0,0,0,0,0,0,0,0,0,0,0,0,0,0,0,0,0,0,0,0.173,0,0,0.668,0,0,0,0,0,0,0,0,0,0,0.297,0,0,0,0,0,0,0,0,0,0,0,0,0,0,0,0.19,0,0,0,0,0,0,0,0,0,0,0,0,0,0,0,0,0.659,0.169,0,0,0,0,0,0,0,0,0,0,0,0,0.509,0,0,0,0,0.275,0,0.309,0.23,0,0,0,0.26,0,0,0,0,0,0,0,0,0,0.171,0.236,0,0.181,0,0,0,0,0,0.424,0,0,0.179,0,0,0,0,0,0,0.278,0,0,0,0,0,0,0,0,0,0.309,0,0,0.645,0,0,0,0.153,0,0,0,0.182,0,0.249,0,0,0,0.255,0,0,0,0,0,0,0,0,0,0,0,0,0,0.159,0,0,0,0,0,0,0,0,0,0.242,0,0,0,0,0.183,0,0,0,0,0,0,0,0,0,0,0,0,0.175,0,0,0,0,0,0,0,0,0,0,0,0,0,0,0,0,0,0,0,0,0,0,0,0,0,0,0,0,0,0,0,0,0,0,0,0,0,0,0,0,0,0,0,0,0,0,0,0,0,0,0,0,0,0.537,0,0,0,0.448,0,0,0,0,0,0,0,0,0,0,0,0,0,0,0,0,0,0,0,0,0,0,0,0,0,0,0,0.221,0,0,0,0,0,0,0,0,0,0,0,0,0.276,0,0,0,0,0,0,0,0,0,0,0,0,0,0,0,0,0,0,0,0,0,0,0,0,0,0,0,0,0,0,0,0,0,0,0,0,0,0,0,0,0,0,0,0,0,0.193,0,0,0,0,0,0,0,0,0,0,0,0,0,0,0,0,0,0,0,0,0,0,0,0.256,0,0,0,0,0,0,0,0,0,0,0,0,0,0,0,0,0,0.218,0,0.16,0.173,0.193,0,0,0,0,0,0,0.258,0,0,0,0,0,0,0,0,0.152,0,0,0.234,0,0,0,0,0,0,0,0,0,0,0,0,0,0,0,0,0,0,0,0,0,0,0,0,0,0,0,0,0,0.175,0.227,0,0,0,0,0,0,0,0,0,0,0,0,0,0,0,0,0,0,0,0,0,0,0,0,0,0,0,0,0,0,0,0,0,0,0,0,0,0,0,0,0,0,0,0,0,0,0,0,0,0,0,0,0,0,0,0,0,0,0,0,0,0,0,0,0,0,0,0,0,0,0,0,0,0,0,0,0,0,0,0.239,0,0,0,0,0,0,0,0,0,0,0,0,0,0,0,0,0,0,0,0,0,0,0,0,0,0,0,0,0,0,0,0,0,0,0,0,0,0,0,0,0,0,0,0,0,0,0,0,0,0,0.445,0,0,0,0,0,0,0,0,0,0,0,0,0,0,0,0,0,0,0,0,0,0,0,0,0,0,0,0,0,0,0,0,0,0,0,0,0,0,0,0,0,0,0,0,0,0,0,0,0,0,0,0,0,0,0,0,0,0,0,0,0,0,0,0,0,0,0,0,0,0,0.643,0,0,0,0,0,0,0,0,0,0,0,0,0,0,0,0,0,0,0,0,0,0,0,0,0,0,0,0,0,0,0,0,0.261,0,0,0,0,0,0,0,0,0,0,0,0,0,0,0,0,0,0,0,0,0,0,0,0,0,0,0,0,0,0,0,0,0,0,0,0,0,0,0,0,0,0,0,0,0,0,0,0,0,0,0,0,0,0,0,0,0,0,0,0,0,0,0,0,0,0,0,0,0,0,0,0,0,0,0,0,0,0,0,0,0,0,0,0,0,0,0,0,0,0,0,0,0,0,0,0.151,0,0,0,0,0,0,0,0,0,0,0,0,0,0,0,0,0,0,0,0,0,0,0,0,0,0,0,0,0,0,0,0,0,0,0,0,0,0,0,0,0,0,0,0,0,0,0,0,0,0,0,0,0,0,0,0,0,0,0,0,0,0,0,0,0,0,0,0,0,0,0,0,0,0,0,0,0,0,0,0,0,0,0,0,0,0,0,0,0,0,0,0,0,0,0,0,0,0,0,0,0,0,0,0,0,0,0,0,0,0,0,0,0,0,0,0,0,0,0,0,0,0,0,0,0,0,0,0,0,0,0,0,0.161,0,0,0,0,0,0,0,0,0,0,0,0,0,0,0,0,0,0,0,0,0,0,0,0,0,0,0,0,0,0,0,0,0,0,0,0.179,0,0,0,0,0,0,0,0,0,0,0,0,0,0,0,0,0,0.281,0,0,0,0,0,0,0,0,0,0,0,0,0,0,0,0,0,0,0,0,0,0,0,0,0,0,0,0,0,0,0,0,0,0,0,0,0,0,0,0,0,0,0,0,0,0,0,0,0.256,0,0,0,0,0,0,0,0,0,0,0,0,0,0,0,0,0,0,0,0,0,0,0,0,0,0,0,0,0,0,0,0,0,0,0,0,0,0,0,0,0,0,0,0,0,0,0,0,0,0,0,0,0,0,0,0,0,0,0,0,0,0,0,0,0,0,0,0,0,0.294,0,0,0,0,0,0,0,0,0,0,0,0,0,0,0,0,0,0,0,0,0,0,0,0,0,0,0,0,0,0,0,0,0,0,0,0,0,0,0,0,0.156,0,0,0,0,0,0,0,0,0,0,0,0,0,0,0,0,0,0,0,0,0,0,0,0,0,0,0,0,0,0,0,0,0,0,0,0,0,0,0,0,0,0,0,0.307,0.283,0,0,0,0,0,0,0,0,0,0,0.179,0,0,0,0,0.204,0,0,0,0,0,0,0,0,0,0,0,0,0,0,0,0,0,0,0,0,0,0.275,0.214,0,0.313,0,0.214,0,0,0,0,0,0,0,0,0,0,0,0,0,0,0,0,0.666,0,0,0,0,0.231,0,0,0,0,0,0,0,0,0,0.22,0,0,0,0,0,0,0,0,0,0,0,0.236,0,0,0,0,0,0,0,0,0,0,0,0,0,0.457,0,0,0,0,0,0,0,0,0,0,0,0,0,0,0,0,0,0,0,0,0,0,0,0,0,0,0,0,0,0,0,0,0,0,0,0,0,0,0,0,0,0,0.179,0,0,0,0,0,0,0,0,0,0,0,0,0,0,0,0,0,0,0,0,0,0.662,0,0,0,0.306,0.667,0.485,0,0,0,0.188,0.275,0,0,0.177,0.179,0,0,0,0.359,0,0,0,0,0,0,0,0,0,0,0.194,0,0,0,0,0,0,0,0,0,0,0,0,0,0,0,0,0,0,0,0,0,0,0,0,0,0,0,0,0,0,0,0,0,0,0,0,0,0,0,0,0,0,0,0,0,0,0,0,0,0,0,0,0,0,0,0,0,0,0,0,0,0,0,0,0,0,0,0,0,0,0,0,0,0,0.181,0,0,0,0,0,0,0,0,0,0,0,0,0,0,0,0,0,0,0,0,0,0,0,0,0,0,0,0,0,0,0,0.175,0,0,0,0,0,0,0,0,0,0,0,0,0,0,0,0,0,0,0,0,0,0,0,0,0,0,0,0,0,0,0,0,0,0,0,0,0,0,0,0,0,0,0.181,0,0,0,0,0,0,0,0,0,0,0,0,0,0,0,0,0,0,0,0,0,0,0,0,0,0,0,0.659,0,0,0,0,0,0,0,0,0,0,0.477,0,0,0,0,0,0,0,0,0,0,0,0,0,0,0,0,0,0,0,0,0,0,0,0,0,0,0,0,0,0,0,0,0,0,0,0,0,0,0,0,0,0,0,0,0,0,0,0,0,0,0,0,0,0,0,0,0,0,0,0,0,0,0,0,0,0,0,0,0,0,0,0,0,0,0,0,0.424,0,0,0,0.329,0,0,0,0,0,0,0,0,0,0,0,0,0,0,0,0,0,0,0,0,0,0,0,0,0,0,0,0,0,0,0,0,0,0,0,0,0,0,0,0,0,0,0,0,0,0.23,0,0,0,0,0.338,0,0,0,0,0,0,0,0,0,0,0,0,0,0,0,0,0,0,0,0,0,0,0,0.371,0,0,0,0.195,0,0,0,0,0,0,0,0,0,0,0,0,0,0,0,0,0,0,0,0,0,0,0,0,0,0,0,0,0,0,0,0,0,0,0,0,0,0,0,0,0,0,0,0,0,0,0,0,0,0,0,0,0,0,0,0,0,0.204,0,0,0,0.788,0,0,0,0,0,0.152,0,0,0,0,0,0,0,0,0,0,0,0,0,0,0,0,0,0,0,0,0,0,0,0,0,0,0,0,0,0,0,0,0.189,0,0,0,0,0,0,0,0,0,0,0,0,0,0,0,0,0,0,0,0,0,0,0.164,0,0,0,0,0,0,0,0,0,0,0,0,0,0,0,0,0,0,0,0,0,0,0,0,0,0,0,0,0,0,0,0,0,0,0,0,0,0,0,0,0,0,0,0,0,0,0,0,0.15,0,0,0,0,0,0,0,0,0,0,0,0,0,0,0,0,0,0,0,0,0,0,0,0,0,0,0,0,0,0,0,0,0,0,0,0,0,0,0,0,0,0,0,0,0,0,0,0,0,0,0,0,0,0,0,0,0,0,0,0,0,0,0,0,0,0,0,0,0,0,0,0,0,0,0,0,0,0,0,0,0,0,0,0,0,0.193,0,0,0,0,0,0,0,0,0,0,0,0,0,0,0,0,0,0,0,0,0,0,0,0,0,0,0,0,0,0,0,0,0,0,0,0,0,0,0,0,0,0,0,0,0,0,0,0,0,0,0,0,0,0,0,0,0,0,0,0,0,0,0,0,0,0,0,0,0,0,0,0,0,0,0,0.15,0,0,0,0,0,0,0,0,0,0,0,0,0,0,0,0,0,0,0,0,0,0,0,0,0,0,0,0,0,0,0,0,0,0,0,0,0,0,0,0,0,0,0,0,0,0,0,0,0,0,0,0,0,0,0,0,0,0,0,0,0,0,0,0,0,0,0,0,0,0,0,0.168,0.424,0.378,0.339,0.177,0.198,0.359,0.48,0,0,0,0,0,0,0,0,0,0,0,0,0,0,0,0,0,0,0,0,0,0,0,0,0,0,0,0,0,0,0,0,0,0,0,0,0,0,0,0,0,0,0,0,0,0,0,0,0,0,0,0,0,0,0,0,0,0,0,0,0,0,0,0,0,0,0,0,0,0,0,0,0,0,0,0,0,0,0,0,0,0,0,0,0,0,0,0,0,0,0,0,0,0,0,0,0,0,0,0,0,0,0,0,0,0,0,0,0,0,0,0,0,0,0,0,0,0,0,0,0,0,0,0,0,0,0,0,0,0,0,0,0,0,0,0,0,0,0,0,0,0,0,0,0,0,0,0,0,0,0,0,0,0,0,0,0,0,0,0,0,0,0,0,0,0,0,0,0,0,0,0,0,0,0,0,0,0,0,0,0,0,0,0,0,0,0,0,0,0,0,0,0,0,0,0,0,0,0,0,0,0,0,0,0,0,0,0,0,0,0,0,0,0,0,0,0,0,0,0,0,0,0,0,0,0,0,0,0,0,0,0,0,0,0,0,0,0,0,0,0,0,0,0,0,0,0,0,0,0,0,0,0,0,0,0,0,0,0,0,0,0,0,0,0,0,0
856015,0,0,0,0.583,0,0,0.618,0,0,0,0.36,0.767,0,0,0.258,0.757,0,0.784,0.402,0.348,0,0,0,0,0.201,0,0.616,0,0,0,0,0,0.162,0,0.3,0.786,0,0,0,0,0.583,0.196,0,0,0.19,0.267,0,0.41,0.617,0,0.276,0.999,0.365,0,0,0,0,0.402,0.978,0,0.193,0,0.761,0,0.595,0.185,0.397,0.306,0,0,0.855,0,0,0.267,0.528,0.263,0.271,0,0,0,0.201,0.247,0,0,0,0.477,0.169,0,0.18,0,0.608,0.171,0.177,0.915,0.193,0.999,0.531,0.314,0,0,0,0,0,0.163,0,0,0.188,0,0,0.239,0,0,0,0,0,0,0,0.18,0.291,0.904,0,0.638,0.899,0.192,0,0.151,0,0.696,0,0,0.177,0.258,0,0,0,0,0,0,0.674,0.245,0,0.389,0.496,0,0,0.399,0,0,0,0,0.564,0,0,0.166,0,0.705,0.518,0,0,0,0,0,0,0.165,0,0,0,0.165,0,0.321,0,0,0,0,0,0.309,0,0.391,0,0.461,0.271,0.273,0.275,0.399,0,0,0,0,0,0.261,0.194,0,0,0.232,0,0.439,0,0,0,0,0,0.349,0,0.79,0,0,0.999,0,0,0.302,0,0.406,0.341,0.653,0.99,0,0,0.483,0.297,0,0.999,0,0,0.337,0,0.217,0.192,0,0.478,0.946,0,0,0.994,0,0.424,0.521,0.822,0.158,0,0,0,0,0.222,0.425,0.471,0,0,0.208,0,0.374,0,0.248,0,0,0,0,0,0,0,0,0,0,0,0.405,0.992,0,0.152,0,0,0.152,0.161,0,0,0.631,0.164,0.996,0,0.296,0.263,0,0,0,0.723,0.224,0.38,0.443,0,0.65,0.411,0.235,0,0,0,0.181,0,0,0.159,0.465,0,0,0.999,0,0,0.476,0,0,0,0,0,0.996,0,0,0,0.326,0.997,0.205,0,0,0,0.913,0,0,0.246,0.99,0,0.367,0.305,0,0,0.997,0,0.833,0,0.431,0.155,0,0,0,0.274,0,0,0,0,0.199,0,0.167,0.55,0,0,0,0.991,0,0,0.286,0,0,0,0,0,0.636,0,0.175,0.152,0,0,0,0.366,0.239,0.989,0.99,0.654,0.925,0,0,0,0,0.999,0,0,0.184,0,0,0,0.999,0,0,0,0,0,0.525,0.203,0,0.191,0.313,0,0,0.999,0.348,0.718,0,0.299,0,0,0,0.548,0.917,0,0,0.224,0.97,0.358,0,0.164,0.19,0.396,0.348,0.184,0,0,0,0.371,0,0,0.443,0,0.995,0,0.197,0.212,0.483,0.295,0,0.357,0,0.406,0,0,0.375,0.299,0,0,0,0,0,0,0,0,0,0,0,0.999,0,0.287,0.214,0,0,0,0.302,0,0.205,0,0.444,0.357,0,0,0,0,0,0,0,0.173,0,0,0.999,0,0.213,0,0,0,0.699,0.981,0.315,0.179,0,0,0.387,0,0,0.368,0.261,0.193,0.984,0,0,0.194,0,0.388,0.616,0.343,0.236,0.2,0,0,0,0.162,0.242,0.195,0.292,0.345,0,0,0,0.153,0.152,0.275,0.228,0.999,0.301,0,0,0.53,0,0,0,0,0.374,0,0.446,0.182,0,0,0,0,0,0,0,0.926,0.254,0,0.345,0.222,0,0,0.277,0,0.16,0,0,0.31,0.269,0,0,0,0,0.179,0,0,0.303,0,0,0,0,0.161,0.287,0,0.517,0.199,0,0,0,0,0.378,0,0.377,0,0.191,0,0,0,0,0,0,0,0,0.398,0.919,0.22,0,0.93,0,0,0,0,0.211,0,0,0.207,0.508,0,0.155,0,0.357,0.497,0.539,0.272,0.173,0,0.336,0,0,0,0,0,0.337,0.407,0,0,0.984,0.211,0,0,0,0.444,0,0.764,0.306,0.339,0.187,0.553,0,0.555,0.174,0,0.2,0.671,0.196,0.245,0,0.262,0,0,0.197,0,0,0.184,0,0,0.201,0,0.159,0,0,0,0,0.829,0,0,0,0.265,0.981,0,0,0,0,0.242,0.169,0,0.309,0,0,0,0,0.326,0.284,0,0,0,0,0,0,0,0.787,0,0,0,0,0.951,0.201,0.181,0,0.158,0,0,0,0,0,0.224,0,0,0,0.187,0.267,0,0,0,0,0.36,0.468,0,0.264,0,0.168,0,0,0,0.28,0.426,0.996,0.999,0,0,0,0,0,0.26,0.219,0.221,0,0.165,0.999,0,0,0,0.349,0,0.989,0,0.338,0.353,0,0,0.259,0.536,0,0,0.627,0.309,0,0,0,0.999,0,0.691,0.15,0,0,0,0.202,0.335,0,0.225,0,0.311,0,0,0,0,0.534,0,0,0.205,0.293,0,0.338,0.22,0,0.344,0,0,0,0.212,0.98,0,0.928,0,0.925,0,0.28,0.613,0,0.43,0,0,0,0,0,0,0,0,0,0.155,0.163,0,0,0.15,0,0,0,0,0,0,0,0.342,0,0.86,0,0,0,0.361,0.177,0.176,0,0,0,0.569,0,0,0,0,0.192,0,0,0,0,0,0.186,0,0.999,0,0.393,0,0.292,0,0,0,0.445,0,0.595,0,0,0,0.334,0,0.32,0,0.332,0.154,0.638,0,0.177,0,0,0,0,0.195,0,0.16,0.999,0.193,0,0.342,0.234,0,0,0,0.403,0,0.37,0.159,0,0.222,0,0.999,0,0,0.425,0,0,0.99,0,0,0,0,0,0.214,0,0,0.239,0.313,0,0,0.237,0.94,0.834,0,0,0,0,0.186,0.992,0,0.999,0,0,0,0.336,0.521,0,0.619,0,0.999,0.18,0,0.172,0,0.368,0,0.999,0,0.928,0.675,0.999,0,0.829,0,0,0,0,0,0,0.273,0,0,0.268,0,0.232,0,0.193,0.952,0,0.944,0.999,0,0.15,0.38,0,0,0,0,0.998,0,0,0,0.176,0.287,0.994,0,0,0.658,0.219,0,0.999,0,0,0,0,0,0,0,0,0,0,0.211,0,0,0,0.343,0,0,0,0,0.268,0,0,0,0,0,0,0,0,0,0,0,0,0.299,0,0,0,0,0,0,0,0,0,0,0,0,0,0,0,0,0.349,0,0,0,0,0,0,0,0.157,0,0.225,0,0,0,0.992,0,0.225,0,0,0,0,0,0.247,0,0.999,0,0,0,0.177,0,0,0,0.196,0,0,0,0.908,0.342,0,0,0,0.166,0,0,0.267,0,0,0.156,0,0,0,0,0.479,0,0,0,0,0,0,0,0,0,0,0,0.221,0,0.208,0.271,0,0,0.236,0,0.221,0,0,0,0,0,0,0,0,0,0,0.169,0.454,0,0,0.998,0,0,0,0,0,0,0,0,0.899,0,0,0.16,0,0.594,0.182,0,0,0,0,0,0,0.157,0,0.158,0,0,0,0.999,0,0,0,0,0,0,0,0,0,0,0.999,0,0,0.162,0.539,0,0,0,0,0.999,0.446,0.817,0,0,0,0.232,0,0,0,0.388,0,0,0,0,0,0,0,0,0,0.166,0,0,0,0,0.22,0.196,0,0,0,0,0,0,0,0,0,0,0.998,0,0,0.416,0,0,0,0,0.377,0,0,0,0,0,0,0,0.998,0.902,0,0.983,0,0,0,0,0,0.595,0,0.946,0.235,0,0,0,0.349,0,0,0,0.327,0,0,0,0.194,0,0,0,0,0.169,0,0,0,0.571,0,0,0.293,0,0,0,0.999,0,0,0,0.268,0.169,0.381,0,0,0,0,0,0,0,0.174,0,0,0,0,0,0,0,0,0,0.158,0.368,0,0,0,0,0,0,0.999,0,0.999,0.223,0.299,0.167,0.513,0.229,0.576,0,0,0,0,0,0,0,0,0,0,0,0.196,0,0,0,0,0.238,0,0,0,0,0,0.156,0.213,0,0,0,0,0,0,0,0.969,0,0,0,0,0.154,0,0.161,0,0,0.194,0,0,0.81,0,0.236,0,0,0,0.462,0,0,0,0,0.197,0,0,0,0,0,0,0,0,0.512,0,0.427,0,0,0,0,0,0,0,0,0,0,0,0.999,0,0,0.392,0,0,0,0,0,0,0,0,0,0,0.291,0,0,0.587,0,0.191,0.154,0,0,0,0.155,0,0,0.769,0,0,0,0,0,0,0,0,0.506,0.194,0,0,0.303,0.34,0,0.772,0.486,0.338,0,0,0,0,0,0.382,0.352,0.212,0,0,0,0,0,0,0,0,0,0.167,0.45,0,0,0,0,0,0.229,0,0,0,0.163,0,0.526,0,0.254,0,0,0,0,0,0.215,0,0.574,0,0,0,0,0,0,0,0,0,0,0,0,0.223,0.442,0,0.163,0.999,0,0,0,0,0,0,0,0,0,0.166,0,0,0.204,0.151,0.901,0,0,0.155,0,0,0,0.309,0,0,0,0.348,0.173,0,0,0.183,0,0.315,0,0,0,0,0,0.159,0,0,0,0.16,0.436,0,0,0,0,0,0,0,0,0,0.401,0.466,0,0,0,0.201,0,0.315,0.284,0,0,0,0,0,0,0,0,0,0,0,0,0,0,0.193,0,0.358,0,0,0,0,0,0,0,0,0,0,0,0,0,0,0.464,0,0,0,0,0,0,0,0,0,0,0,0.3,0,0,0,0,0,0,0,0,0,0,0,0,0,0,0,0,0,0,0,0,0,0,0,0,0,0,0,0,0,0.355,0,0,0,0,0,0,0,0,0,0,0,0.311,0,0.431,0,0.81,0,0,0.275,0.999,0,0,0.179,0,0.452,0,0,0.175,0,0.287,0,0.301,0.241,0,0.929,0.322,0.18,0.16,0,0,0,0,0.32,0,0,0.45,0,0,0,0,0.989,0.216,0.354,0,0,0,0,0,0,0,0.173,0.999,0.311,0,0,0.999,0.272,0,0.911,0,0,0.159,0,0.985,0.203,0.16,0.999,0,0.994,0.914,0.253,0.258,0.99,0,0.238,0,0,0,0.173,0,0.253,0,0.212,0,0,0,0,0,0.96,0,0,0.462,0.174,0.999,0,0,0,0,0,0.281,0,0,0,0.993,0.848,0,0,0.171,0.597,0.168,0.214,0.9,0.156,0,0.46,0,0.207,0,0,0,0,0.989,0,0,0,0.999,0.279,0.261,0,0,0,0.346,0,0,0,0.999,0,0,0.154,0.989,0.306,0,0,0,0,0,0.194,0.426,0.239,0,0,0,0.234,0.818,0,0,0.243,0,0,0,0,0,0.999,0,0,0.704,0,0,0.948,0,0,0,0.251,0.997,0.99,0.816,0,0.999,0,0.203,0,0,0,0,0.303,0,0.944,0.419,0,0.229,0.191,0.991,0.303,0.186,0.243,0.25,0,0.99,0.944,0.915,0,0.473,0.723,0,0,0,0.904,0,0,0.189,0,0.363,0,0,0.387,0.173,0,0,0,0.989,0.152,0.98,0,0,0.99,0,0.887,0.758,0,0,0.764,0,0.293,0.763,0,0,0.18,0.202,0.248,0.166,0,0.161,0,0,0,0,0,0,0,0,0,0,0,0,0.169,0.161,0,0,0,0,0,0.153,0,0,0,0,0.377,0.172,0,0.293,0,0,0,0,0,0,0,0,0,0,0,0,0.181,0,0,0,0.999,0,0,0,0,0.155,0,0,0,0,0,0,0,0,0,0,0,0,0,0.225,0,0,0,0,0,0,0,0,0,0,0,0,0,0.22,0,0,0,0,0,0,0,0,0,0,0,0,0,0.196,0.191,0,0.497,0.258,0.224,0,0.172,0,0,0,0.186,0,0,0,0,0,0,0,0,0,0.268,0.19,0.224,0.503,0,0.994,0,0,0,0,0,0,0,0,0,0,0,0,0,0,0.906,0.168,0,0,0,0,0,0,0,0,0,0,0.178,0,0.382,0.543,0,0.32,0,0,0,0,0,0,0,0,0,0,0,0,0.903,0,0,0,0,0.294,0,0,0,0.242,0,0,0.781,0,0,0,0,0,0.284,0,0,0,0,0,0.22,0,0,0,0,0,0,0,0,0.238,0,0,0,0,0,0,0,0,0,0,0.443,0,0,0,0,0.172,0,0,0,0.959,0,0,0.999,0,0,0,0,0,0,0,0,0,0,0,0,0,0,0,0,0,0,0.291,0,0,0,0,0.171,0,0,0,0,0.171,0,0,0,0,0,0,0,0,0,0.426,0,0,0,0,0,0,0,0,0,0,0.266,0,0.348,0.172,0,0,0.203,0,0,0,0,0,0.301,0,0,0,0,0.999,0,0,0,0,0,0,0.805,0,0.229,0,0,0,0,0,0,0,0,0,0,0,0,0,0,0,0.21,0,0,0,0,0,0,0,0,0,0,0,0,0,0,0,0,0,0,0,0,0,0.999,0,0,0.163,0,0,0.999,0,0,0,0,0.999,0,0,0,0,0,0,0.412,0.277,0,0,0,0,0,0,0,0,0,0.187,0,0,0,0,0.906,0,0,0,0,0.15,0.195,0,0,0,0.175,0.436,0.999,0,0,0,0.817,0,0,0,0,0,0,0,0,0.185,0,0,0,0,0.272,0,0.156,0,0,0,0,0,0,0.467,0,0.693,0,0,0,0,0.208,0,0.15,0,0,0,0.284,0,0,0,0.321,0,0,0,0,0,0,0,0,0,0,0,0,0,0,0,0,0,0.691,0,0,0,0,0.445,0.939,0,0.19,0,0,0,0,0,0,0,0,0.999,0,0,0,0,0,0,0,0.284,0,0,0,0,0,0,0.92,0.496,0,0,0,0,0,0,0,0,0,0,0.151,0,0,0,0,0.405,0,0,0,0,0,0,0.901,0,0.437,0.319,0,0.552,0,0,0,0,0,0,0,0,0,0,0.254,0.444,0,0.999,0,0.175,0.998,0,0,0,0,0,0,0,0.329,0,0,0,0,0,0,0,0,0,0,0,0,0,0,0,0,0,0,0,0,0,0,0,0,0,0,0,0,0,0,0,0,0,0,0,0,0,0,0,0,0,0,0.153,0,0,0,0,0,0,0,0,0,0,0,0,0,0,0,0,0,0,0.235,0,0,0,0,0,0,0,0,0,0.169,0,0.186,0,0,0,0,0.337,0,0,0,0,0,0,0,0,0,0,0,0,0,0,0,0,0,0,0,0,0,0.45,0,0,0,0,0,0,0,0,0,0,0,0.724,0,0.445,0,0,0,0,0,0,0,0.19,0,0.21,0,0,0.24,0,0,0.413,0,0,0.16,0,0,0,0.459,0,0,0,0,0,0,0,0,0,0,0,0,0.171,0,0.221,0.227,0,0,0.997,0,0,0,0,0.445,0,0,0,0,0,0,0,0,0,0,0.246,0,0,0,0,0,0,0,0,0,0,0,0,0.39,0.268,0,0,0,0,0.694,0.319,0.317,0,0,0,0,0.347,0.907,0,0,0,0,0.948,0,0,0,0,0,0,0,0,0,0,0,0.319,0,0,0,0,0,0,0,0,0,0,0,0,0,0.24,0,0.451,0,0,0,0.401,0,0,0,0,0.191,0.925,0,0,0.186,0,0,0,0.229,0,0,0,0,0,0.319,0,0,0,0.514,0,0,0,0,0,0.319,0,0,0,0,0,0,0,0,0,0,0,0.217,0,0.307,0,0,0,0,0.227,0,0,0,0.319,0,0,0,0,0.433,0,0,0.157,0,0.157,0.162,0,0,0,0,0,0.22,0,0,0,0,0.195,0.157,0,0,0,0.172,0,0,0,0,0.803,0,0.194,0,0,0,0.236,0,0,0,0,0,0,0,0,0.972,0.86,0.999,0.8,0,0.255,0.555,0.288,0.999,0.999,0.999,0,0,0.999,0.241,0.317,0,0.999,0.96,0.8,0.999,0.326,0,0,0.21,0.276,0.188,0.999,0.632,0.999,0.346,0,0.999,0.154,0,0.331,0.187,0.19,0.784,0.999,0,0.999,0,0.923,0,0,0,0.999,0.998,0.511,0.929,0.984,0.228,0.658,0,0.555,0.809,0.191,0.942,0.184,0.367,0.999,0.999,0.991,0.999,0.841,0.999,0.999,0,0.998,0.999,0.902,0.996,0.994,0,0,0.81,0,0,0,0.998,0.999,0,0.999,0.999,0.999,0.192,0.159,0.999,0.188,0.817,0.845,0,0.999,0.171,0.728,0,0.999,0.999,0.555,0.811,0,0,0.999,0,0.999,0.999,0.811,0.999,0.999,0,0,0.99,0.879,0.991,0,0.999,0.999,0.782,0.999,0.806,0,0.26,0,0.999,0.999,0.807,0.861,0.186,0.903,0.989,0.367,0.997,0,0.9,0.319,0.999,0.86,0.24,0.366,0,0,0.999,0.998,0.165,0,0.671,0.999,0.909,0,0.998,0,0,0.711,0.999,0.999,0.321,0.95,0,0.999,0.287,0.817,0.999,0,0.335,0.97,0.999,0.508,0,0.999,0.999,0,0.821,0.458,0.297,0,0.909,0,0.165,0,0.991,0.896,0,0.784,0.344,0.747,0,0,0.944,0.999,0.999,0.999,0.329,0,0,0.999,0.999,0,0.272,0.999,0,0.999,0.999,0.229,0.999,0.356,0,0.999,0,0.999,0.575,0,0.999,0.999,0.999,0.22,0.864,0.999,0,0.884,0,0,0.996,0.176,0.999,0.171,0,0.999,0,0.991,0,0,0,0,0,0,0.925,0,0,0,0.99,0,0,0,0.904,0.207,0,0.981,0,0,0.904,0,0.99,0.23,0,0,0,0,0,0,0,0,0,0,0.9,0,0,0,0,0,0.916,0.999,0,0,0,0,0,0,0,0,0,0,0,0.98,0.991,0,0.528,0.173,0.99,0,0,0,0,0,0,0.325,0,0,0.94,0.295,0,0,0,0,0,0.989,0,0,0,0,0,0,0,0.938,0,0.922,0,0.906,0,0.988,0.8,0,0,0,0.191,0,0,0,0,0,0,0,0,0,0,0,0,0,0.175,0,0,0,0,0,0,0,0,0,0,0,0,0.308,0,0,0,0,0,0,0,0,0,0,0,0,0,0,0,0,0,0,0,0,0,0.381,0,0,0,0,0,0,0,0,0,0,0,0,0,0,0,0,0,0,0,0,0,0,0.152,0,0,0,0,0,0,0,0,0,0,0,0.336,0,0.153,0,0,0,0,0,0,0,0,0,0,0,0,0.428,0,0,0,0,0,0,0,0,0,0,0,0,0,0.184,0,0,0,0,0,0,0,0.158,0,0,0,0,0,0,0,0,0,0,0,0,0,0.272,0,0,0.341,0.319,0,0,0,0.98,0.301,0.183,0.154,0.441,0,0,0,0.902,0.584,0.373,0,0.877,0,0,0.154,0,0,0.948,0.32,0.398,0,0,0.231,0,0,0,0,0,0,0,0,0,0,0,0,0,0,0.18,0,0,0,0,0,0,0,0,0,0,0,0.223,0,0,0,0,0,0,0,0,0,0,0,0,0,0,0,0,0,0,0,0,0,0,0,0,0,0,0,0,0,0,0,0,0,0,0,0,0,0,0,0,0,0,0,0,0,0,0.151,0,0,0,0,0,0,0,0,0,0,0,0,0,0,0,0,0,0,0,0,0,0,0,0,0,0,0,0,0.234,0,0,0,0,0,0,0,0,0,0,0,0,0,0,0.195,0,0,0,0,0,0,0,0,0,0,0,0,0,0,0.284,0,0,0,0,0,0,0,0,0,0,0,0,0,0,0,0,0,0,0,0,0,0,0,0,0,0,0,0,0.153,0,0,0,0,0,0,0,0,0,0,0,0,0,0,0,0,0,0.356,0,0,0,0,0,0,0,0,0,0,0,0,0,0,0,0,0,0,0,0,0,0,0,0,0,0,0,0,0,0,0,0,0,0,0,0,0,0,0,0,0,0,0,0,0,0,0,0,0,0,0,0,0.238,0,0,0.18,0,0,0,0,0,0,0,0,0,0,0,0.151,0,0.227,0,0,0,0,0,0,0,0,0,0,0,0,0,0,0,0,0,0,0,0,0,0,0.194,0,0,0,0,0,0,0,0,0,0,0,0,0,0,0.903,0,0,0,0,0,0,0,0,0,0,0,0,0,0,0,0,0,0,0,0,0,0,0,0,0,0,0,0,0,0,0,0,0,0,0,0.183,0,0,0,0,0,0,0,0,0,0,0,0,0,0,0,0,0,0,0,0,0,0,0,0,0,0,0.443,0,0,0,0,0,0,0,0,0,0,0.412,0,0,0,0,0,0,0,0,0,0,0,0,0,0,0,0,0,0,0,0,0,0,0,0,0,0,0,0,0,0,0,0,0,0,0,0,0,0.166,0,0,0,0,0,0,0,0,0.26,0,0,0,0,0,0,0,0,0,0,0,0,0,0,0,0,0,0,0,0,0,0,0,0,0,0,0,0,0,0,0,0,0,0,0,0,0,0,0,0,0.181,0,0.192,0,0,0.171,0,0,0,0,0,0,0,0,0,0,0.296,0,0,0,0,0,0,0,0,0,0,0,0,0,0,0,0,0,0,0,0,0,0,0,0,0,0,0,0.202,0.854,0,0,0,0,0,0.992,0,0,0,0.986,0,0,0,0,0,0,0.156,0,0,0.16,0.9,0,0,0,0,0,0,0,0,0,0,0,0,0,0,0,0,0,0,0.514,0.216,0,0.15,0,0,0,0,0,0,0,0,0,0,0,0,0,0,0,0,0,0,0,0,0,0,0,0,0,0,0,0,0,0,0,0,0,0,0,0,0,0,0,0,0,0,0,0,0,0,0,0,0,0,0,0,0,0,0,0,0,0,0,0,0,0,0,0,0,0,0,0,0.469,0,0,0,0,0,0,0.46,0,0,0.293,0,0,0,0,0,0,0,0,0,0,0,0,0,0,0,0,0,0,0,0,0,0,0,0.168,0.229,0,0,0,0,0,0,0,0,0,0,0,0,0,0,0,0,0,0,0,0,0,0.252,0,0,0.457,0,0,0.389,0,0,0,0,0,0.172,0,0,0,0,0,0,0,0,0,0,0,0,0,0,0,0,0,0,0,0,0,0,0,0,0,0,0,0,0.226,0,0,0,0,0.171,0,0,0,0,0,0,0,0,0,0,0,0,0,0,0,0,0,0,0.167,0,0,0,0,0,0,0,0,0,0,0,0,0,0,0,0,0,0,0,0.283,0.269,0,0,0,0.445,0,0,0,0,0.167,0,0,0.46,0,0,0,0,0,0,0.193,0,0.193,0,0,0,0,0,0,0,0,0,0,0,0,0,0,0,0,0,0,0,0,0,0.157,0,0,0,0.321,0.352,0.241,0.442,0.292,0.16,0.228,0.447,0.446,0.261,0.443,0.159,0.631,0.195,0.16,0,0,0,0,0,0,0,0,0,0,0,0,0,0,0,0,0,0,0,0,0,0,0,0,0,0,0,0,0,0,0,0,0,0,0,0,0,0,0,0,0,0,0,0,0,0,0,0,0,0,0,0,0,0,0,0,0,0,0,0,0,0,0,0,0,0,0,0,0,0,0,0,0,0,0,0,0,0,0,0,0,0,0,0,0,0,0,0,0,0,0,0,0,0,0,0,0,0,0,0,0,0,0,0,0,0,0,0,0,0,0,0,0,0,0,0,0,0,0,0,0,0,0,0,0,0,0,0,0,0,0,0,0,0,0,0,0,0,0,0,0,0,0,0,0,0,0,0,0,0,0,0,0,0,0,0,0,0,0,0,0,0,0,0,0,0,0,0,0,0,0,0,0,0,0,0,0,0,0,0,0,0,0,0,0,0,0,0,0,0,0,0,0,0,0,0,0,0,0,0,0,0,0,0,0,0,0,0,0,0,0,0,0,0,0,0,0,0,0,0,0,0,0,0,0,0,0,0,0,0,0,0,0,0,0,0,0,0,0,0,0,0,0,0,0,0,0,0,0,0,0,0
853540,0,0,0,0,0.608,0,0.16,0,0,0,0,0,0.317,0,0,0,0.305,0,0,0,0,0,0,0.317,0,0,0.21,0,0.254,0,0,0,0,0,0,0,0,0,0,0,0,0,0,0,0,0,0,0,0,0,0,0,0,0,0,0.223,0,0,0,0,0,0,0,0,0,0,0,0,0,0,0.164,0,0,0,0,0,0,0,0,0,0,0,0,0,0,0,0,0,0,0,0,0,0.296,0,0,0,0,0,0,0.316,0.229,0,0,0,0,0.163,0,0,0,0,0,0,0,0,0,0,0,0,0,0,0,0,0,0,0,0,0,0,0,0,0,0.309,0,0,0,0,0,0,0.234,0,0,0,0,0,0,0,0,0,0,0,0,0,0,0,0,0,0,0,0,0,0,0,0,0,0,0.173,0,0,0,0,0,0,0,0,0,0,0,0,0.618,0,0,0,0,0,0.511,0,0,0,0,0,0,0,0,0.186,0,0,0,0,0,0,0,0.236,0,0,0,0,0.204,0,0.276,0,0.327,0,0,0,0,0,0,0,0,0,0.276,0,0,0,0,0,0,0,0.811,0,0.168,0,0,0.183,0,0,0,0,0,0,0,0,0,0,0,0,0,0,0,0,0,0,0.185,0,0.226,0,0,0,0,0,0,0,0,0,0,0,0,0,0,0,0.707,0.606,0,0,0,0,0,0,0.186,0.722,0,0,0,0.268,0,0,0,0.177,0,0,0,0,0,0,0,0,0,0,0,0,0,0,0,0.29,0,0,0.292,0,0,0.342,0,0,0.243,0,0,0.199,0,0.533,0,0,0,0,0.238,0,0,0,0,0,0,0.181,0,0,0,0,0.189,0,0,0,0,0,0,0,0,0,0.27,0,0,0,0,0,0,0,0,0.321,0,0,0.166,0,0,0.212,0,0,0,0,0,0,0,0,0,0,0,0,0,0,0,0.322,0,0,0,0.22,0,0,0,0,0,0,0,0,0,0,0,0,0,0,0,0,0,0,0,0,0,0,0,0,0.187,0,0,0,0.384,0,0,0.955,0.328,0,0,0,0,0,0,0,0,0,0.308,0,0,0,0,0,0.186,0,0,0.243,0,0,0,0,0,0,0,0,0,0,0,0,0,0,0,0,0,0,0.179,0,0,0,0,0,0.157,0,0,0,0,0,0.158,0,0,0,0,0,0,0,0,0,0,0.179,0,0,0,0,0.627,0,0,0,0,0,0,0,0,0,0,0.161,0,0,0,0,0,0,0,0,0,0,0,0,0,0,0,0,0,0,0,0,0,0,0.15,0,0,0,0.221,0,0,0,0,0,0,0,0,0,0,0,0,0,0,0,0,0,0,0,0,0,0.161,0,0,0,0,0,0,0,0,0.25,0,0.157,0.245,0,0,0,0,0,0,0.196,0,0,0,0,0.19,0,0,0,0,0.156,0,0,0.223,0,0,0,0,0,0,0,0,0,0,0,0,0,0,0,0,0,0,0,0,0,0,0,0,0,0,0,0,0,0,0,0,0,0,0.966,0,0,0.196,0,0,0,0,0,0,0,0,0,0,0,0,0,0,0,0.405,0,0,0,0.196,0,0,0,0,0,0,0,0,0,0,0,0,0,0,0.802,0.191,0,0,0,0,0,0,0,0,0,0,0,0,0,0,0,0,0,0,0.235,0,0,0,0,0,0,0,0,0,0.198,0,0,0,0,0,0,0,0,0,0,0,0,0,0,0,0,0,0.226,0,0,0,0,0,0,0,0,0,0.307,0,0.792,0,0,0,0,0,0.499,0,0,0,0,0,0,0.181,0,0.231,0,0,0,0,0,0,0,0,0,0,0,0,0,0,0,0,0,0,0,0,0.951,0,0,0,0,0,0,0,0,0,0,0.204,0,0.523,0,0,0,0,0,0.206,0,0,0,0,0,0,0,0,0,0,0,0.179,0,0,0,0,0.179,0.18,0,0,0,0,0,0,0,0,0,0,0,0,0,0.222,0,0,0,0,0,0,0,0,0,0,0.465,0,0,0.329,0.936,0,0,0,0,0,0.214,0,0,0.17,0.46,0,0,0,0,0,0,0.199,0,0,0,0,0,0,0,0,0,0,0,0.635,0.186,0,0,0,0,0.311,0,0,0,0,0,0,0,0,0,0.614,0,0,0.203,0,0,0,0,0,0,0,0.755,0,0,0,0,0.702,0.179,0,0,0.264,0,0,0,0.537,0,0,0,0,0,0.205,0.155,0,0,0,0,0,0,0,0,0,0,0,0,0,0,0,0,0,0,0,0,0,0,0,0,0,0,0.224,0,0,0.219,0,0,0,0,0.2,0,0.25,0,0.196,0,0,0,0,0,0,0.324,0,0,0,0,0,0,0,0.223,0.216,0,0,0,0,0,0,0,0.186,0.168,0,0,0,0,0,0.282,0.159,0,0,0,0,0,0,0,0,0.205,0,0.322,0,0,0,0,0,0,0,0,0,0,0,0,0,0,0,0,0,0,0,0,0,0,0,0,0,0,0,0,0,0,0,0,0,0,0.161,0,0,0,0,0,0,0,0,0,0,0,0,0,0,0,0,0.204,0,0,0,0,0,0,0,0.155,0,0,0,0,0,0,0,0.185,0,0,0,0,0,0.196,0,0,0,0,0,0,0,0,0,0,0.201,0,0,0,0,0,0,0,0,0,0,0,0,0,0,0.647,0,0.235,0,0.276,0,0,0,0,0,0,0,0,0,0,0.507,0,0,0,0,0,0,0,0,0,0,0,0,0,0,0,0,0,0,0,0,0,0,0,0,0,0,0,0,0,0,0,0,0,0,0,0,0.178,0,0,0,0,0,0,0,0,0,0,0,0,0,0,0,0.192,0,0,0,0,0,0,0.285,0,0,0,0,0,0,0,0,0.239,0,0,0,0,0,0,0,0,0.167,0,0.221,0,0,0,0,0,0.171,0,0,0,0,0,0,0,0,0,0,0,0,0,0,0,0,0,0,0,0,0,0,0,0,0,0,0,0,0.217,0,0,0,0,0,0,0.265,0,0,0,0,0.178,0,0,0,0,0,0,0,0,0.195,0,0,0,0,0.23,0,0.992,0,0,0,0.173,0,0,0,0.199,0,0,0,0,0,0,0,0,0,0,0,0,0,0,0,0,0,0,0,0,0,0,0,0.549,0,0,0,0,0,0,0,0,0,0,0,0,0,0.571,0,0,0,0,0,0,0,0,0.155,0,0,0,0,0,0,0,0,0.198,0,0,0,0,0,0.226,0,0,0,0,0,0,0,0,0,0,0,0,0,0,0,0,0,0,0,0.466,0,0,0,0,0,0,0,0,0,0,0,0,0.314,0,0,0,0,0,0,0,0,0,0,0,0,0,0,0,0,0,0,0,0,0,0,0,0,0,0,0.89,0,0,0,0,0,0,0,0,0,0,0,0,0,0,0,0,0.655,0,0,0,0,0,0,0,0,0,0,0,0.252,0,0.198,0,0,0,0,0,0,0,0,0,0,0,0,0,0,0,0,0,0,0,0,0,0,0,0,0,0.979,0,0,0,0,0,0,0,0,0,0,0,0,0,0,0,0,0,0,0,0,0,0,0,0,0,0,0,0,0,0,0,0,0,0,0,0.164,0,0,0,0,0,0,0,0,0.219,0,0,0,0,0,0,0,0,0,0.29,0,0.157,0,0,0,0,0,0,0,0,0,0,0,0,0,0,0,0,0.669,0,0,0,0,0,0,0,0.161,0,0,0,0,0,0,0,0,0.199,0,0,0,0,0,0,0,0.247,0,0,0,0,0,0,0.21,0,0,0,0,0,0,0,0,0,0,0.265,0,0,0,0,0,0,0,0,0,0,0.163,0,0,0,0,0,0,0,0,0,0,0,0,0,0,0,0,0,0,0.22,0,0,0.195,0,0,0,0,0,0.895,0,0,0,0.153,0,0,0,0,0,0,0,0,0,0,0,0,0,0,0,0.161,0,0,0,0,0,0,0,0,0,0,0.155,0,0,0,0,0,0,0.607,0,0,0,0,0,0,0,0,0.332,0,0,0,0,0,0,0,0,0,0,0,0,0,0,0.174,0,0,0.242,0,0,0,0,0,0,0,0,0,0,0.392,0,0,0,0,0,0,0,0,0.313,0,0,0,0,0,0,0,0,0,0,0,0,0.211,0,0,0,0,0,0,0,0,0,0,0,0.281,0,0,0,0,0,0,0,0,0.223,0,0,0,0,0,0,0,0,0,0,0,0,0,0,0,0,0,0,0,0,0,0,0,0,0,0,0,0,0,0,0,0,0,0,0,0,0,0,0.322,0,0,0,0,0,0,0,0,0,0,0,0.202,0,0,0,0,0,0.245,0,0,0,0,0,0,0,0,0,0,0.187,0,0,0,0,0,0,0,0,0,0,0,0.161,0,0,0.698,0,0,0,0,0,0.263,0,0,0,0,0,0,0,0,0,0.24,0,0,0,0.305,0,0,0,0,0,0,0,0,0,0,0,0,0,0,0,0,0,0,0,0,0,0,0,0,0,0,0,0,0,0,0,0,0,0,0,0,0,0,0,0,0,0,0,0.156,0,0,0,0,0,0,0,0,0,0,0,0,0,0,0,0,0,0,0,0,0,0,0,0,0,0,0,0,0,0,0,0,0,0,0,0,0,0.68,0.205,0,0,0.406,0,0,0,0,0,0,0,0,0.329,0.15,0,0,0,0,0,0,0,0,0,0.255,0,0,0,0,0.343,0,0,0,0.165,0,0,0,0,0,0,0,0,0,0,0,0,0,0,0.16,0.319,0,0,0,0,0.584,0,0,0.159,0,0.267,0,0,0,0,0,0,0,0,0,0,0,0,0,0,0,0,0,0,0,0,0,0,0,0,0,0,0,0,0.258,0,0,0,0,0,0,0.164,0,0,0,0,0,0,0.682,0,0,0,0.96,0,0,0,0,0,0,0.163,0,0,0,0,0,0,0,0,0,0,0.162,0,0,0,0,0,0,0.15,0,0.192,0,0,0,0.966,0,0,0.917,0,0,0,0,0,0,0,0,0.237,0,0,0.466,0,0.194,0,0,0,0,0,0,0,0,0,0,0,0,0,0,0,0,0,0.783,0,0.262,0,0,0,0,0,0,0,0,0,0,0,0,0,0,0,0,0,0,0,0,0,0,0.339,0,0,0,0,0,0,0,0,0,0,0,0,0,0,0,0,0,0,0,0,0,0,0,0,0.439,0,0,0,0,0,0,0,0,0.267,0,0,0,0,0,0,0,0,0,0,0,0,0,0,0,0,0.176,0,0,0,0,0,0,0,0,0,0,0.175,0,0,0,0,0.163,0,0,0,0,0,0.91,0,0,0,0.914,0,0.163,0,0,0,0.221,0,0,0,0,0,0,0,0,0,0,0,0,0,0,0,0,0,0,0,0,0,0,0,0,0,0,0,0,0,0,0,0,0,0.281,0,0,0,0,0,0,0,0,0.184,0,0,0,0,0.21,0,0.514,0,0,0.247,0,0,0,0,0,0,0,0.217,0,0,0,0,0,0,0,0,0,0,0,0,0.553,0,0,0,0.244,0.22,0,0.151,0.247,0.442,0,0,0,0,0,0.185,0,0,0,0,0,0,0,0,0.523,0,0,0,0,0,0,0.202,0,0,0,0,0,0.164,0,0,0,0,0.176,0,0.346,0,0,0,0,0.779,0.298,0.301,0,0,0,0.984,0,0,0,0,0,0,0,0,0,0,0,0,0,0,0.32,0,0,0,0,0,0,0.346,0,0.338,0,0,0.205,0.167,0,0.323,0,0,0,0,0,0,0,0,0.185,0,0,0,0,0,0,0,0.768,0.225,0,0,0,0,0,0,0,0,0,0,0,0,0,0,0,0,0,0.303,0,0,0.164,0,0,0,0,0,0.207,0,0,0,0.728,0,0,0,0,0,0,0,0,0,0,0,0,0,0,0,0,0,0,0,0,0,0,0,0,0,0,0,0,0,0.151,0,0,0,0,0,0,0,0,0,0,0,0,0,0,0,0,0,0,0.276,0,0,0,0,0,0,0,0,0,0,0,0,0,0.196,0,0,0,0,0,0,0,0,0,0,0,0,0,0,0,0,0,0,0,0,0,0.262,0,0,0,0,0,0,0,0,0,0,0,0,0,0,0.159,0,0,0,0,0,0,0,0,0.159,0.159,0,0,0,0,0,0,0,0,0,0,0,0.281,0,0,0,0,0,0,0.448,0,0,0,0,0,0,0,0,0,0,0,0,0,0,0,0.347,0,0,0,0,0,0,0.16,0,0.2,0,0,0,0,0,0,0,0,0,0,0,0,0,0,0,0,0,0,0,0,0,0,0,0,0,0.221,0,0,0,0,0,0,0,0,0,0,0,0,0,0,0,0.155,0,0,0,0,0,0,0,0.298,0,0,0,0,0,0,0,0,0,0,0,0,0,0,0,0,0,0,0,0,0,0,0,0,0,0,0,0,0,0,0,0.155,0,0.234,0,0,0,0,0,0,0,0,0.219,0,0,0,0.29,0,0,0,0,0,0,0,0,0,0,0,0,0,0,0,0,0,0,0,0,0,0,0,0,0,0,0,0,0,0,0,0,0,0,0,0,0,0,0,0,0,0,0,0,0,0.311,0,0,0,0,0,0,0,0,0,0,0,0,0,0,0.296,0,0,0.22,0,0,0,0,0,0,0,0,0,0,0,0.292,0,0,0,0,0,0,0,0,0,0,0,0,0,0,0,0,0,0,0,0.957,0,0,0,0,0,0,0,0,0,0,0,0,0,0,0,0,0,0,0.343,0,0.303,0,0,0,0,0,0,0.179,0,0,0,0,0,0,0,0,0,0,0,0.666,0,0,0.302,0,0,0,0,0,0,0,0.16,0.296,0,0,0,0.201,0,0,0,0,0,0,0,0,0,0,0,0,0,0,0,0,0,0,0.318,0,0,0,0,0,0,0.175,0,0,0.265,0.903,0,0,0,0,0,0.16,0,0,0,0,0,0.203,0,0,0,0,0,0,0,0,0.209,0,0,0,0,0,0.393,0.2,0,0,0,0,0,0,0,0.449,0,0,0,0,0,0,0.161,0,0,0,0,0,0,0.248,0,0.624,0.232,0.918,0,0,0.226,0,0,0,0,0,0,0,0,0,0,0,0,0,0,0,0,0,0,0,0,0.197,0.204,0,0,0,0,0,0.65,0,0,0,0.358,0,0,0,0.4,0,0,0,0,0,0,0,0,0,0.904,0,0,0,0,0,0,0.182,0,0,0,0,0.645,0,0,0,0,0.169,0,0,0,0,0,0,0,0.203,0,0,0,0,0.183,0,0,0,0,0,0.265,0.158,0,0,0,0,0,0,0,0.258,0,0,0,0,0,0,0,0,0,0.215,0,0,0,0,0,0,0,0.347,0,0,0.437,0,0,0,0,0,0,0,0,0,0,0,0,0,0,0,0,0,0,0,0,0,0,0.308,0,0,0,0,0,0,0,0,0,0,0,0,0,0,0,0,0,0,0,0,0,0,0,0,0,0,0,0,0,0,0,0,0,0,0,0,0,0,0,0,0,0,0,0,0,0,0,0,0,0,0,0,0,0,0,0,0,0,0,0,0,0,0,0,0,0.958,0,0,0.474,0.217,0.598,0,0,0,0.388,0.277,0,0.183,0.258,0.16,0,0,0,0,0,0,0,0,0,0,0,0.153,0,0,0.654,0.689,0,0,0,0,0.904,0,0,0,0,0,0,0.327,0.167,0,0,0.16,0,0,0,0,0,0.189,0.215,0,0,0,0,0,0,0,0.226,0,0,0,0,0,0,0,0,0,0,0,0.92,0,0.171,0,0,0,0.258,0,0,0.41,0.508,0.224,0,0,0,0,0,0,0,0.257,0,0,0,0,0.776,0,0,0,0,0,0,0,0,0,0,0.238,0,0,0,0,0,0,0,0,0,0.166,0,0,0,0,0,0,0,0,0,0,0,0,0,0,0,0,0,0.511,0,0,0,0,0,0,0,0,0,0,0,0.286,0,0.33,0,0,0,0,0,0,0,0,0,0,0.694,0.286,0.784,0,0,0,0,0,0,0,0,0,0,0,0,0,0,0,0,0,0,0.23,0,0,0,0.538,0,0,0,0,0,0,0,0,0,0,0,0,0,0.157,0,0,0,0,0,0.233,0,0,0,0,0,0,0,0,0,0,0,0,0,0,0,0,0.319,0,0,0,0,0,0.217,0.317,0,0,0.297,0,0,0,0,0,0.234,0,0,0,0,0,0,0,0,0,0,0,0,0,0,0.204,0,0,0,0.173,0,0,0,0,0,0,0,0,0,0,0,0,0,0,0.186,0,0,0.818,0,0,0,0,0,0,0,0,0,0,0.451,0,0,0,0,0,0,0,0.437,0,0,0,0,0,0,0,0,0,0,0,0,0,0,0,0,0,0.776,0.463,0,0,0,0,0,0,0,0,0,0,0.166,0.227,0,0.179,0,0,0,0,0.907,0,0,0,0,0,0,0,0,0,0.282,0,0,0.179,0,0,0,0,0,0,0,0,0,0,0,0,0,0.577,0,0,0,0.668,0,0,0,0,0,0,0,0,0,0,0,0,0,0,0,0,0,0,0,0,0,0,0,0,0,0,0.455,0,0,0,0,0,0,0,0,0,0,0,0,0,0.83,0,0,0,0,0,0,0,0.217,0,0,0,0,0,0,0,0,0,0,0,0,0,0,0,0,0,0,0,0,0,0,0,0,0,0,0,0,0,0,0,0,0,0,0,0,0,0,0,0,0,0,0,0,0,0,0,0,0,0,0,0,0,0.523,0,0,0,0.172,0,0.286,0.936,0,0,0,0,0,0,0,0,0.241,0,0,0,0,0,0,0.218,0,0,0,0,0,0.241,0,0,0,0,0,0,0,0,0,0,0,0,0,0,0,0,0,0,0,0,0,0.968,0,0,0,0,0,0,0,0.342,0,0,0,0.682,0.312,0,0,0,0,0,0,0,0.392,0,0,0,0,0,0,0,0,0,0,0,0,0,0,0,0,0.211,0,0,0.186,0,0,0,0,0,0,0,0,0,0,0,0,0,0,0,0,0,0,0,0,0,0,0.26,0,0,0,0,0,0,0,0,0.157,0,0,0,0,0,0,0,0.278,0,0.234,0.157,0,0.179,0,0.167,0,0,0,0,0,0.286,0,0,0,0,0,0,0,0,0,0,0,0,0,0,0,0,0,0,0,0,0,0.217,0,0,0,0,0,0,0,0,0,0,0,0,0,0,0,0,0,0,0,0,0,0,0,0,0,0,0,0,0,0,0,0,0,0.16,0,0,0,0,0,0,0,0,0,0,0,0,0,0,0,0,0,0,0,0,0,0,0.442,0,0,0,0,0,0.208,0,0,0,0,0,0,0,0,0,0,0,0,0,0,0,0,0,0,0,0,0,0,0,0,0,0,0,0,0,0,0,0,0,0,0.429,0,0,0,0,0,0,0,0,0,0,0,0,0,0,0,0,0,0,0,0.191,0,0,0,0,0.177,0,0,0,0,0,0,0,0,0,0,0,0,0,0,0,0,0,0,0.249,0,0,0,0,0,0,0,0,0.271,0,0,0,0,0,0,0,0,0,0,0,0.185,0,0,0,0,0,0,0,0.242,0,0,0,0,0,0,0.913,0,0,0,0.285,0,0,0,0,0.209,0,0,0,0,0,0,0,0,0,0,0,0,0,0,0,0,0,0,0,0,0,0,0,0,0,0,0,0,0,0,0,0,0,0,0,0,0,0,0.171,0,0,0,0,0,0,0,0,0,0,0,0,0,0,0,0,0,0,0,0,0.157,0,0,0,0,0,0,0,0,0,0.199,0,0,0,0,0,0,0,0,0,0.193,0,0,0,0,0,0,0,0,0,0,0,0,0.412,0,0,0,0,0,0,0,0,0,0,0.309,0,0,0,0,0.911,0,0,0,0,0,0,0,0,0,0,0,0.603,0,0.21,0,0,0,0,0,0,0,0,0,0,0.376,0,0,0,0,0,0,0,0,0,0,0,0,0,0,0,0,0,0,0,0,0.293,0.309,0.188,0.198,0.163,0.337,0.255,0.176,0.31,0.186,0.345,0.307,0.186,0.367,0.25,0.309,0.174,0.907,0.359,0.214,0,0,0,0,0,0,0,0,0,0,0,0,0,0,0,0,0,0,0,0,0,0,0,0,0,0,0,0,0,0,0,0,0,0,0,0,0,0,0,0,0,0,0,0,0,0,0,0,0,0,0,0,0,0,0,0,0,0,0,0,0,0,0,0,0,0,0,0,0,0,0,0,0,0,0,0,0,0,0,0,0,0,0,0,0,0,0,0,0,0,0,0,0,0,0,0,0,0,0,0,0,0,0,0,0,0,0,0,0,0,0,0,0,0,0,0,0,0,0,0,0,0,0,0,0,0,0,0,0,0,0,0,0,0,0,0,0,0,0,0,0,0,0,0,0,0,0,0,0,0,0,0,0,0,0,0,0,0,0,0,0,0,0,0,0,0,0,0,0,0,0,0,0,0,0,0,0,0,0,0,0,0,0,0,0,0,0,0,0,0,0,0,0,0,0,0,0,0,0,0,0,0,0,0,0,0,0,0,0,0,0,0,0,0,0,0,0,0,0,0,0,0,0,0,0,0,0,0,0,0,0,0
852330,0,0,0,0,0,0,0,0,0,0,0,0,0.313,0,0,0,0,0,0,0,0,0.207,0.167,0,0,0,0,0,0,0,0.173,0,0,0,0,0,0,0,0,0,0,0,0,0,0,0,0,0,0,0,0,0,0,0,0,0,0,0,0,0,0,0,0,0,0,0,0,0,0,0,0,0,0,0,0,0,0.268,0,0,0,0,0,0,0,0,0,0,0,0,0,0,0,0,0,0,0,0,0,0,0,0.183,0,0,0,0,0,0,0,0,0,0,0,0,0,0,0,0,0,0,0,0,0,0,0,0,0,0,0,0,0,0,0,0,0,0,0,0,0,0,0,0,0,0,0,0,0,0,0,0,0,0,0,0,0,0,0,0,0,0,0,0,0,0,0,0,0,0,0,0,0,0,0,0,0,0,0,0,0,0,0,0,0,0,0,0,0,0,0,0,0,0,0,0,0,0,0,0,0,0,0,0,0,0,0,0,0,0,0.157,0.182,0,0,0,0,0,0,0,0,0,0,0.168,0,0,0,0,0,0,0,0,0,0,0.153,0,0,0,0,0,0,0,0,0,0,0,0,0,0,0,0,0,0,0,0,0,0.163,0,0.331,0,0,0,0,0,0,0.156,0,0.214,0,0.185,0,0,0,0,0,0,0,0,0,0,0,0,0,0,0,0,0,0,0,0.173,0.582,0,0,0,0,0,0,0,0,0,0,0,0,0,0,0,0,0,0,0,0,0,0,0,0.613,0,0,0,0,0,0.2,0,0,0,0,0,0,0,0,0,0.2,0,0,0,0,0,0,0,0.431,0,0,0,0,0,0,0,0.233,0.248,0,0,0,0,0.203,0,0,0,0,0,0,0,0,0,0,0.228,0,0.244,0,0,0,0,0,0,0,0,0,0,0,0.743,0,0,0,0,0,0,0,0,0,0,0,0.197,0,0,0,0.159,0,0,0,0,0,0,0,0,0,0,0,0,0,0,0.241,0,0,0,0,0,0,0,0,0,0,0,0,0.179,0,0,0,0,0.197,0,0,0,0,0,0,0,0,0,0,0,0,0,0,0.189,0,0,0,0.252,0,0,0.2,0,0,0,0,0,0,0,0,0,0,0,0,0,0,0,0.202,0,0,0,0,0,0,0,0,0,0.154,0.164,0.811,0,0,0,0,0,0,0,0,0,0,0.15,0,0,0,0,0,0,0,0,0,0,0,0,0,0,0,0,0,0.154,0,0,0,0,0,0,0,0.168,0,0,0,0,0,0,0,0,0,0,0,0,0,0,0.181,0,0,0,0,0,0,0,0,0,0,0,0,0,0,0,0.227,0,0,0,0,0,0.163,0,0.195,0,0,0,0,0,0.215,0,0,0,0,0,0,0,0,0,0,0,0,0.153,0,0,0,0,0,0,0,0,0,0,0,0,0,0,0,0,0,0,0,0,0,0.485,0,0,0,0,0,0,0,0,0,0,0.212,0,0,0,0,0,0.203,0,0,0,0,0,0,0,0,0,0,0,0.256,0,0,0,0,0,0,0,0,0,0,0,0,0,0,0,0,0,0,0,0,0,0,0,0,0,0,0,0.5,0,0,0,0,0,0,0,0,0.159,0,0,0,0,0,0,0,0,0.161,0,0,0,0,0,0,0,0,0,0,0,0,0,0,0,0,0,0,0,0,0,0,0,0,0,0.182,0,0,0,0,0,0,0.622,0,0,0,0,0,0,0,0,0,0,0,0,0,0,0,0,0,0,0,0,0,0,0,0,0,0,0,0.167,0,0,0,0,0,0,0,0,0,0,0,0.195,0,0,0,0,0,0,0.211,0,0,0,0,0,0,0,0,0,0.159,0,0.175,0,0.2,0,0,0.161,0,0,0,0,0,0,0,0,0,0,0.179,0.31,0,0,0,0,0,0,0,0,0,0,0.212,0,0,0,0,0,0,0,0.16,0,0,0,0,0,0.23,0,0,0.162,0,0,0,0,0,0,0,0,0,0,0,0,0,0,0,0,0.173,0,0,0,0,0,0,0,0,0,0,0,0,0,0,0,0,0,0,0,0,0,0,0.289,0,0,0,0,0,0,0,0,0,0,0,0,0,0.219,0,0,0,0,0,0,0,0,0,0,0,0,0,0,0,0,0,0,0,0,0,0,0,0,0,0,0,0,0.468,0,0,0,0,0,0,0,0.206,0,0,0,0.244,0,0,0.552,0,0,0,0,0,0,0,0,0,0,0,0,0,0,0,0,0,0,0,0,0,0,0,0,0,0,0,0,0,0,0,0,0.18,0,0.228,0,0,0,0,0,0,0,0,0,0,0,0,0,0,0,0,0,0,0,0,0,0,0,0.154,0,0,0,0,0,0,0,0,0,0,0.173,0,0,0,0.268,0,0,0,0,0,0,0,0,0,0,0.483,0,0,0,0,0,0,0,0,0,0,0,0,0,0,0.448,0,0,0,0,0,0,0,0,0,0,0,0,0,0,0,0,0,0,0,0.276,0,0,0,0,0,0,0,0,0,0.268,0,0,0,0,0,0,0,0,0,0,0,0,0,0,0,0,0,0,0,0,0,0,0,0,0,0,0,0,0,0,0,0,0,0,0,0,0,0,0,0.169,0,0,0,0,0,0,0,0,0,0,0,0,0,0,0,0,0,0,0,0,0,0,0,0,0,0,0,0,0,0,0,0,0,0,0,0,0.506,0,0,0,0,0,0.17,0,0,0,0,0,0,0,0,0,0,0,0,0,0,0,0,0,0,0,0,0.669,0,0,0,0,0,0,0,0,0,0,0,0,0,0,0,0,0,0,0,0,0,0,0,0,0,0,0,0,0,0,0,0,0,0,0,0,0,0,0,0,0,0,0,0,0,0,0,0,0,0,0,0,0,0,0,0,0,0,0,0,0.417,0,0,0,0,0,0,0,0.241,0,0,0,0,0,0,0,0,0,0,0,0,0,0,0,0,0,0,0,0,0.205,0,0,0,0,0,0,0,0,0,0,0,0,0,0,0,0,0,0,0,0,0,0,0,0,0,0,0,0,0,0,0,0,0,0,0,0,0,0,0,0,0,0,0,0,0,0,0.214,0,0,0,0,0,0,0,0,0.163,0,0,0,0,0,0,0,0,0,0,0,0,0,0,0,0,0,0,0,0,0,0,0,0,0,0,0,0,0,0,0,0,0,0,0,0.343,0.177,0,0,0,0,0,0,0,0,0,0,0,0,0,0,0,0,0,0,0,0.162,0,0,0,0,0,0,0,0,0.188,0,0,0,0,0,0,0,0,0,0.199,0,0,0,0,0,0,0,0,0,0,0,0,0,0,0,0,0,0,0,0,0,0,0,0,0,0,0.188,0,0,0.181,0,0,0,0,0,0,0,0,0,0,0,0,0,0,0,0,0,0,0,0,0,0,0,0,0.383,0,0,0,0,0,0,0,0,0,0,0,0,0,0,0,0,0,0,0,0,0,0,0,0,0,0,0,0,0,0,0,0,0,0,0,0,0,0,0,0,0,0,0,0,0,0.187,0,0,0,0,0,0,0,0,0,0,0,0,0,0,0,0,0,0,0,0,0,0,0,0,0,0,0,0,0,0,0,0,0,0,0,0,0,0,0,0,0,0,0,0,0,0,0,0,0,0,0,0,0,0,0,0,0,0,0,0,0,0,0,0,0,0,0,0,0,0,0,0,0,0.449,0,0,0,0,0,0.183,0,0,0,0,0,0,0,0,0,0.216,0,0,0,0,0,0,0,0,0,0,0,0,0,0,0,0,0,0,0,0,0,0,0,0,0,0,0.169,0.296,0,0,0,0,0,0,0,0,0,0,0,0,0,0,0,0,0,0,0,0,0,0,0,0,0,0,0,0,0,0,0,0,0,0,0,0,0,0,0,0,0,0,0,0,0,0,0,0,0,0,0,0,0,0,0,0,0,0,0,0,0,0,0,0.456,0,0,0,0,0,0,0,0,0,0,0,0,0,0,0,0.467,0,0,0,0,0,0,0,0,0,0,0,0,0,0,0,0,0,0,0,0,0,0,0,0.296,0,0,0,0,0,0,0,0,0,0,0,0,0,0,0,0,0,0,0,0,0,0,0,0,0,0,0,0,0,0,0,0,0.659,0,0,0,0,0,0,0,0,0,0,0,0,0,0,0,0,0,0,0,0,0,0,0,0,0,0,0,0,0,0,0,0,0,0,0,0,0,0,0,0,0,0,0,0,0,0,0,0,0,0.212,0.158,0,0,0,0,0,0,0,0,0,0,0.419,0,0,0,0,0,0,0,0,0,0,0,0,0,0,0,0,0,0,0,0,0,0,0,0,0,0,0,0,0,0,0,0,0,0,0.191,0,0,0,0,0.173,0,0,0,0,0,0,0,0,0,0,0,0,0,0,0,0,0,0,0,0,0,0,0,0,0,0,0,0,0,0,0,0,0,0,0,0,0,0,0,0,0,0,0,0,0,0,0,0,0,0.158,0,0,0,0,0,0.151,0,0,0,0,0,0,0,0.183,0,0,0,0,0,0,0,0,0,0,0,0,0,0,0,0,0,0,0,0,0,0,0,0,0,0,0,0,0,0,0,0,0,0,0,0,0,0,0,0,0,0,0,0,0,0,0,0,0,0,0,0,0,0,0,0,0,0,0,0,0,0,0,0,0,0.368,0,0,0,0,0,0,0,0.483,0,0,0,0,0,0,0,0,0,0,0.524,0,0,0.216,0,0,0,0,0,0,0,0,0,0,0,0,0,0,0,0,0,0,0,0,0,0.186,0,0,0,0,0,0,0,0,0.15,0,0,0,0,0,0,0,0,0,0,0,0.161,0,0,0,0,0,0,0,0.154,0,0,0.216,0,0,0,0,0,0,0,0,0,0,0,0.377,0.173,0,0,0,0,0,0,0,0,0,0,0,0,0,0,0,0.175,0,0,0,0,0,0,0,0,0,0,0,0,0,0,0,0,0,0,0,0,0,0.158,0,0,0,0,0,0,0,0.168,0,0,0,0,0,0,0,0,0,0,0,0,0,0,0,0,0,0,0,0,0,0,0,0,0,0,0,0,0,0,0,0,0,0.171,0,0,0,0,0,0,0,0,0,0,0,0,0,0,0,0,0,0,0,0,0,0,0,0,0,0,0,0,0,0,0,0,0,0.167,0,0,0,0,0,0,0,0,0,0,0,0,0.231,0,0,0,0,0,0,0,0,0,0,0,0,0,0,0,0,0,0,0,0,0,0,0,0,0,0,0,0,0,0,0,0,0,0,0,0.875,0,0,0,0,0,0,0,0,0,0,0,0,0,0,0,0,0,0,0,0,0,0,0,0,0,0,0,0,0,0,0.594,0.196,0,0,0,0,0,0,0,0,0,0,0,0,0,0,0,0.264,0,0,0,0.159,0,0.29,0.173,0,0,0,0,0,0,0,0,0,0,0,0,0,0,0,0,0,0,0,0,0.194,0,0,0,0,0,0,0,0,0,0,0,0,0,0,0,0,0,0,0,0,0,0,0,0,0,0,0,0,0,0,0,0,0,0,0,0,0,0,0,0,0,0,0,0,0,0,0,0,0,0,0,0,0,0,0,0,0,0,0,0,0,0,0,0,0,0,0,0,0,0,0.268,0,0,0,0,0,0,0,0,0,0,0,0,0,0,0,0,0,0,0.528,0.252,0,0,0,0,0,0,0,0,0,0,0,0,0,0,0,0,0,0,0,0,0,0,0,0.769,0,0,0,0,0,0,0,0,0,0,0,0,0,0,0,0,0,0,0,0,0,0,0,0,0,0,0,0,0,0,0.35,0,0,0,0,0,0,0,0,0,0,0,0,0.689,0,0,0,0,0,0,0,0,0,0,0,0,0.207,0,0.684,0,0,0,0,0,0.179,0,0,0,0,0,0,0,0,0,0,0,0,0,0,0,0,0,0,0,0,0,0,0,0,0,0,0,0,0,0.159,0,0,0,0,0,0,0,0,0,0,0,0,0,0,0,0,0,0,0,0,0,0,0,0,0,0,0.729,0,0,0,0,0,0,0,0,0,0,0,0,0,0,0,0,0,0,0,0,0,0,0,0,0,0,0,0,0.499,0,0.664,0,0.358,0,0,0,0,0.617,0,0,0,0,0,0,0,0,0,0,0,0,0,0,0,0,0,0,0,0,0,0,0,0,0,0,0,0,0,0,0,0,0,0,0,0,0,0,0,0,0,0,0,0,0,0,0,0,0,0,0,0,0,0,0,0,0,0,0,0,0,0,0,0,0,0,0,0,0,0,0,0,0,0,0,0,0,0,0,0,0,0,0,0,0,0,0,0,0,0,0,0,0,0,0,0,0,0,0,0,0,0,0,0,0,0,0,0,0,0,0,0,0,0,0,0,0,0,0,0,0,0,0,0,0,0,0,0,0,0,0,0,0,0,0,0,0,0,0,0,0,0,0,0,0,0,0,0,0,0,0,0,0,0,0,0,0,0,0.158,0,0,0,0,0,0,0,0,0,0,0,0,0,0,0,0,0,0,0,0,0,0,0,0,0,0,0,0,0,0,0,0,0,0,0,0,0,0,0,0,0,0.161,0,0,0,0,0,0,0,0,0,0,0,0,0,0,0,0,0,0,0,0,0,0,0.153,0,0,0,0,0,0,0,0,0,0,0,0,0,0,0,0,0,0,0,0,0,0,0.157,0,0,0,0,0,0,0,0,0,0,0,0,0,0,0,0.157,0,0,0,0,0,0.178,0,0,0,0,0,0,0,0,0,0,0,0,0,0,0,0,0,0,0,0,0,0,0,0,0,0,0,0,0,0,0,0,0,0,0,0,0,0,0,0,0,0,0,0,0,0,0,0,0,0,0,0,0,0,0,0,0,0,0,0,0,0,0,0,0,0,0,0,0,0,0,0,0,0,0,0,0,0,0,0,0,0,0,0,0,0,0,0,0,0,0,0,0,0,0,0,0,0,0,0,0,0,0,0,0,0,0,0,0,0,0,0,0,0,0,0,0,0,0,0,0,0,0,0,0,0,0,0,0,0,0,0,0,0,0,0,0,0,0,0,0,0,0.204,0,0,0,0,0,0,0,0,0,0,0,0,0,0,0,0,0,0,0,0,0,0,0,0,0,0,0,0,0,0,0,0,0,0,0,0,0,0,0,0,0,0,0,0,0,0,0,0,0,0,0,0,0,0,0,0,0,0,0,0,0,0,0,0,0,0,0,0,0,0,0,0,0,0,0,0,0,0,0,0,0,0,0,0,0,0,0,0.194,0,0,0,0,0,0,0,0,0,0,0,0,0,0,0,0,0,0,0,0.355,0,0,0.151,0,0,0,0,0,0,0,0,0,0,0,0,0,0,0,0,0,0,0,0,0,0,0,0,0,0,0,0,0,0,0,0,0.235,0,0.491,0,0.307,0,0,0,0,0,0,0,0,0,0,0,0,0,0,0,0,0,0,0,0,0,0.327,0,0,0,0,0,0.163,0,0.48,0,0.194,0,0,0,0,0,0,0,0,0,0,0,0,0.295,0,0,0,0,0,0,0,0,0,0,0.296,0,0,0,0,0,0,0,0,0,0,0,0,0,0,0,0,0,0,0,0,0,0,0,0,0,0,0,0,0,0,0,0,0,0,0,0,0,0,0,0,0,0,0,0,0,0.265,0,0,0,0.396,0,0,0,0,0,0,0,0,0,0,0,0,0,0,0.158,0.405,0,0,0,0,0,0,0,0,0,0,0,0,0,0,0,0.193,0,0,0,0,0,0,0,0,0,0,0,0,0,0,0,0,0,0,0,0,0,0,0,0,0,0,0,0,0,0,0,0,0,0,0,0,0,0,0.159,0,0,0,0,0,0,0,0,0,0,0,0,0,0,0,0,0,0,0,0,0,0,0,0,0,0,0,0,0,0,0,0.166,0,0,0,0,0,0,0,0,0,0,0.173,0,0,0,0,0,0.408,0,0,0,0,0.906,0,0,0,0,0.155,0,0,0,0,0,0,0,0,0,0,0,0.201,0,0,0,0,0,0,0,0,0.208,0,0,0,0,0,0,0,0,0,0,0,0,0,0,0.167,0,0,0,0.317,0.232,0,0,0,0,0,0,0,0,0,0,0,0,0,0,0,0,0,0.18,0,0,0,0,0,0,0,0,0,0,0,0,0,0,0,0,0.155,0,0,0,0,0,0.237,0,0,0,0,0,0,0,0,0,0,0.193,0,0,0,0,0,0.238,0,0,0,0,0,0,0,0,0,0,0,0,0,0,0.152,0,0,0,0,0,0,0,0,0,0,0,0,0,0,0,0,0,0.324,0,0,0,0,0,0.191,0,0,0,0,0,0,0,0,0,0,0,0,0,0,0,0,0,0.681,0,0,0,0,0,0,0,0,0.224,0,0,0,0,0,0.237,0,0.404,0,0,0,0,0,0,0,0,0,0,0,0,0,0,0,0,0,0,0,0,0,0,0,0,0,0,0.17,0,0,0,0,0,0,0,0.715,0,0,0,0,0,0,0.583,0,0,0,0,0,0,0,0,0,0,0,0,0.267,0,0,0,0,0,0,0,0,0,0,0,0,0,0,0,0,0,0,0,0,0,0,0,0.191,0,0,0,0,0,0,0,0,0.16,0,0,0,0,0,0,0,0.15,0,0,0,0,0,0,0,0,0,0,0,0,0,0,0,0,0,0,0,0,0,0,0,0,0,0,0,0,0,0,0,0,0,0,0,0,0,0,0,0,0,0,0,0,0,0,0,0,0,0,0,0,0,0,0,0,0,0,0,0,0.178,0,0,0.294,0.317,0,0,0.196,0,0,0,0,0,0,0,0,0,0,0,0,0.292,0,0,0,0,0,0,0,0,0,0,0,0,0,0,0,0,0,0,0,0,0,0,0,0,0,0,0,0,0,0,0,0,0,0,0,0,0,0,0,0,0,0,0,0,0,0,0,0,0,0,0,0,0,0,0,0,0,0,0,0,0.261,0,0.307,0,0,0,0.173,0,0,0,0,0,0,0,0,0,0,0,0,0,0,0,0,0,0,0,0,0,0,0,0,0,0,0,0,0,0,0,0,0,0,0,0,0,0,0,0,0,0,0,0,0,0,0,0,0.339,0,0,0,0,0,0,0,0,0,0,0,0,0,0,0,0,0,0,0,0,0,0,0,0.29,0,0,0,0,0,0.909,0,0,0,0,0,0,0,0,0,0,0,0,0,0,0,0,0,0,0,0,0,0,0,0,0,0,0,0,0,0,0,0,0,0,0,0,0,0,0,0,0,0,0,0,0,0,0,0,0,0,0,0,0,0,0,0,0,0,0,0,0,0,0,0,0.573,0,0,0,0,0,0,0,0,0,0,0,0,0.728,0,0,0,0,0,0,0,0,0,0,0,0,0,0,0,0,0.17,0,0,0,0,0,0,0,0,0,0,0,0,0,0,0,0,0,0,0,0,0.685,0,0,0,0,0,0,0,0,0,0,0,0,0,0,0.276,0,0,0,0,0,0,0,0,0,0,0,0,0,0,0,0,0,0,0,0,0,0.276,0,0,0,0,0,0,0,0,0,0,0,0,0,0,0,0,0,0,0,0,0,0,0,0,0,0,0,0,0,0,0,0,0,0,0,0.191,0,0,0,0,0,0,0,0,0,0,0,0,0.926,0,0,0.59,0.17,0.193,0.411,0.356,0.606,0.578,0.175,0,0,0,0,0,0,0,0,0,0,0,0,0,0,0,0,0,0,0,0,0,0,0,0,0,0,0,0,0,0,0,0,0,0,0,0,0,0,0,0,0,0,0,0,0,0,0,0,0,0,0,0,0,0,0,0,0,0,0,0,0,0,0,0,0,0,0,0,0,0,0,0,0,0,0,0,0,0,0,0,0,0,0,0,0,0,0,0,0,0,0,0,0,0,0,0,0,0,0,0,0,0,0,0,0,0,0,0,0,0,0,0,0,0,0,0,0,0,0,0,0,0,0,0,0,0,0,0,0,0,0,0,0,0,0,0,0,0,0,0,0,0,0,0,0,0,0,0,0,0,0,0,0,0,0,0,0,0,0,0,0,0,0,0,0,0,0,0,0,0,0,0,0,0,0,0,0,0,0,0,0,0,0,0,0,0,0,0,0,0,0,0,0,0,0,0,0,0,0,0,0,0,0,0,0,0,0,0,0,0,0,0,0,0,0,0,0,0,0,0,0,0,0,0
855044,0,0,0.23,0.353,0,0,0.447,0,0,0,0,0,0,0,0,0,0,0,0.343,0,0,0,0,0,0,0,0,0,0,0,0,0,0,0,0,0,0,0,0,0,0,0,0,0,0,0.162,0,0,0,0,0,0,0,0,0,0,0,0,0,0,0,0,0,0,0.356,0,0,0,0,0,0,0,0,0,0,0,0,0,0,0,0,0,0,0,0,0.193,0,0,0,0,0,0,0,0,0,0,0,0,0,0,0,0,0,0.224,0,0,0,0,0,0,0,0,0,0,0,0,0,0,0,0,0,0,0,0,0,0,0,0,0,0,0,0,0,0,0,0,0,0,0,0,0,0,0.195,0,0,0,0,0,0,0,0.289,0,0,0,0,0.196,0,0,0,0,0,0,0,0,0,0,0,0,0,0,0,0,0,0,0,0,0,0.162,0,0,0,0,0,0.173,0,0,0,0,0,0,0,0,0,0,0,0,0,0,0,0,0,0,0,0,0,0,0,0,0,0,0,0,0,0.294,0,0,0,0,0,0,0,0,0,0,0,0,0,0,0,0,0,0,0,0,0,0,0,0,0,0,0,0,0,0,0,0,0,0,0,0,0,0,0,0,0,0,0,0,0,0,0,0,0,0,0,0,0,0,0,0,0,0,0,0,0,0,0,0,0,0,0,0,0,0,0,0,0,0,0,0,0,0,0,0,0,0,0,0,0,0,0,0,0,0,0,0,0,0,0,0,0,0,0,0,0,0,0,0,0,0,0,0,0,0,0,0,0,0,0,0,0,0,0,0,0,0,0,0,0,0,0,0,0,0,0,0,0,0,0,0,0,0,0,0,0.232,0,0,0,0.683,0,0,0,0,0,0,0,0,0,0,0,0,0,0,0,0,0,0,0,0,0,0,0,0,0.218,0.295,0,0,0,0,0,0,0,0,0,0,0,0,0,0.506,0.233,0,0,0,0,0,0,0,0,0,0,0,0,0,0,0,0,0,0,0,0,0,0,0,0,0,0,0,0,0,0,0,0,0.193,0,0,0,0,0,0,0,0,0,0,0,0,0,0,0,0,0,0,0,0,0,0,0,0,0.51,0,0,0,0,0,0,0,0,0,0,0,0,0,0,0,0,0,0,0,0,0,0.506,0,0,0,0,0,0,0,0,0,0,0,0,0,0,0,0,0,0.238,0,0,0.446,0,0,0,0,0,0,0,0,0,0,0,0,0,0,0,0.307,0,0,0,0,0,0,0,0,0,0,0,0,0,0,0,0,0,0,0,0,0,0.193,0,0,0,0,0,0,0,0,0,0,0,0,0,0,0,0.205,0,0,0,0,0,0,0,0,0,0,0,0,0,0,0,0,0,0,0,0,0,0,0,0,0,0,0,0,0,0,0,0,0,0,0,0,0,0,0,0,0,0,0,0,0,0,0,0,0,0,0,0,0,0,0,0,0,0,0,0,0,0,0,0,0,0,0,0,0,0.506,0,0,0.166,0.233,0,0,0,0,0,0,0,0,0,0,0,0,0,0,0,0.173,0,0,0,0,0,0,0.16,0,0,0,0,0,0,0,0,0,0,0,0,0,0,0,0,0,0,0,0,0,0,0,0,0,0,0,0,0,0,0,0,0,0,0,0,0,0,0,0,0,0,0,0,0,0,0,0,0,0,0,0,0,0,0,0,0,0,0,0.33,0,0,0,0,0,0,0,0,0,0,0,0,0,0,0,0,0,0,0,0,0,0,0,0,0,0,0.357,0,0,0,0,0,0,0,0.16,0,0,0,0,0,0.367,0,0,0,0,0,0,0.221,0,0,0,0,0,0,0,0,0,0,0,0,0.555,0,0,0,0,0,0,0,0,0,0,0,0,0,0,0,0,0,0,0,0,0,0,0,0,0.458,0,0,0.415,0,0,0,0,0,0,0,0,0,0,0,0,0,0,0,0,0,0,0,0,0,0,0,0,0,0,0,0,0,0,0,0,0,0,0,0,0,0,0,0,0,0,0,0,0,0,0,0,0,0,0,0,0,0,0,0,0,0,0,0,0,0,0,0,0,0,0,0,0,0,0.197,0,0,0,0,0,0.24,0,0,0,0,0,0,0,0,0,0,0,0,0,0,0,0,0,0,0,0,0,0,0,0,0,0,0,0,0,0,0.193,0,0,0.307,0,0,0,0,0,0,0,0,0,0,0,0,0,0,0,0,0.242,0,0,0,0,0,0,0,0,0,0,0,0,0,0,0,0,0,0,0,0,0,0,0,0,0,0,0,0,0,0,0,0,0,0,0,0,0.438,0,0,0,0,0,0.218,0,0,0.974,0,0.997,0,0,0,0.209,0,0.292,0,0,0.515,0,0,0,0,0,0,0,0.292,0.969,0,0.977,0,0,0,0,0,0,0.194,0,0,0,0,0,0.791,0,0,0,0,0,0,0,0,0,0,0,0,0,0,0,0,0,0,0.194,0,0,0.732,0,0,0,0,0,0,0,0,0,0,0,0,0,0,0,0,0,0,0,0.211,0,0,0,0,0,0,0,0,0,0,0,0,0,0,0,0,0,0,0,0,0,0,0,0,0,0,0,0,0,0,0,0,0,0,0,0,0,0,0,0,0,0,0,0,0,0,0.229,0,0,0,0,0,0,0,0,0,0,0,0.192,0,0,0,0,0,0.18,0,0,0,0,0,0,0,0,0,0,0,0,0,0,0,0,0,0,0,0,0,0,0,0,0,0,0,0,0,0,0,0,0,0,0,0,0,0,0,0,0,0.307,0,0,0,0,0,0.181,0,0,0,0,0,0,0,0,0.283,0.203,0,0,0,0.23,0,0,0,0,0,0.209,0,0,0,0,0,0,0,0.181,0,0,0,0,0,0,0,0,0,0.258,0,0,0,0,0,0,0,0,0,0,0.193,0,0,0,0,0,0.233,0,0,0,0.496,0,0,0,0,0,0,0,0,0,0,0,0,0,0.192,0,0,0,0.295,0,0,0,0,0,0,0,0,0,0,0,0,0,0,0.234,0,0,0.18,0,0,0,0,0,0,0,0,0,0.209,0,0,0,0,0,0,0,0,0,0,0,0,0.527,0,0,0,0,0,0,0,0,0,0,0,0,0.78,0,0,0,0,0,0.778,0,0,0,0,0,0.496,0,0,0,0,0,0,0,0,0,0,0,0,0,0,0,0,0,0,0,0,0,0,0,0,0.194,0,0,0,0,0,0,0,0,0,0,0,0,0,0,0,0,0,0,0,0.778,0,0,0,0,0,0,0,0,0,0,0,0,0,0.442,0,0,0,0,0,0.158,0.18,0,0,0,0,0,0,0,0,0,0,0,0,0,0,0,0,0,0,0,0,0,0,0,0,0,0,0,0,0,0.209,0,0,0,0,0,0,0,0,0,0,0,0,0,0,0,0,0,0,0,0,0,0,0,0,0,0,0,0,0,0,0,0,0,0,0,0,0,0,0,0,0.506,0,0,0,0,0,0,0,0,0,0,0,0,0,0,0,0,0,0,0,0,0.233,0,0,0,0,0,0,0,0,0,0,0,0,0,0,0.283,0,0,0,0,0,0,0,0,0,0,0,0,0,0,0,0,0,0.193,0,0,0,0,0,0,0,0,0,0,0,0,0,0,0,0,0,0,0.233,0,0.521,0,0,0,0,0,0,0,0,0,0,0,0,0,0,0,0,0,0,0,0,0,0,0,0,0,0,0,0,0,0,0.347,0,0,0,0,0,0,0,0,0,0,0,0,0,0,0,0,0,0,0,0,0,0,0,0,0,0,0,0,0,0,0,0,0,0,0,0,0,0,0,0,0,0,0,0,0,0,0,0,0,0,0,0,0,0,0,0,0,0,0,0,0,0,0,0,0,0,0,0,0.235,0,0,0,0,0,0,0,0,0,0,0,0,0,0,0,0,0,0,0,0,0,0,0,0,0,0,0,0,0,0,0,0,0,0,0,0,0,0,0,0,0,0,0,0,0,0,0,0,0,0,0,0,0,0,0,0,0,0,0,0,0,0,0,0,0,0,0,0,0,0,0,0,0,0,0,0,0,0.424,0,0,0,0,0,0,0,0,0,0,0,0,0,0,0,0,0,0,0,0,0,0,0,0,0,0,0,0,0,0,0,0,0,0,0,0,0,0,0,0,0,0,0,0,0,0,0,0,0,0,0,0,0,0,0,0,0,0,0,0,0,0,0,0,0,0,0,0,0,0,0,0,0,0,0,0,0,0,0,0,0,0,0,0,0.218,0,0,0,0,0,0,0,0,0,0,0,0,0,0,0,0,0,0,0,0,0,0,0,0,0,0,0,0,0,0,0,0,0,0,0,0,0,0,0,0,0,0,0,0,0,0,0,0,0,0,0,0,0,0,0,0,0,0,0,0,0,0,0,0,0,0,0,0,0,0,0,0,0,0,0,0,0,0,0,0,0,0,0,0,0,0,0,0,0,0,0,0,0,0,0,0,0,0,0,0,0,0,0,0,0,0,0,0,0,0,0,0,0.53,0,0,0,0,0.275,0,0,0,0,0,0,0,0,0,0,0,0,0.32,0,0,0,0,0,0,0,0,0,0,0,0,0,0,0,0,0,0,0,0,0,0,0,0,0,0,0,0,0,0,0,0,0,0,0,0,0,0,0,0,0,0,0,0,0,0,0.153,0,0,0,0,0,0,0,0,0,0,0,0,0.162,0,0,0.361,0,0,0,0,0,0,0,0,0,0,0,0,0,0,0,0,0,0,0,0,0,0,0,0,0,0,0,0,0,0,0,0,0,0,0,0,0.289,0.22,0,0,0,0,0,0,0,0,0,0,0,0,0,0,0,0.162,0,0,0.366,0,0,0,0,0,0,0,0,0,0,0,0,0,0,0,0,0,0,0,0,0,0,0,0.289,0,0,0,0,0,0,0,0,0,0,0,0,0,0,0,0,0,0,0,0,0,0,0,0,0,0,0,0,0,0,0,0,0,0,0,0,0,0,0,0,0,0,0,0,0,0,0,0,0,0,0,0,0,0,0,0,0,0,0,0,0,0,0,0,0.233,0,0,0,0,0,0,0.198,0,0,0,0,0,0,0,0,0,0,0,0,0,0,0,0,0,0,0,0,0,0,0,0,0,0,0,0,0,0,0,0,0,0,0,0,0,0,0,0,0,0,0.254,0,0,0,0,0,0.159,0,0,0,0,0,0,0,0,0,0,0.151,0,0,0,0,0.197,0,0,0,0,0,0,0,0,0,0,0,0,0,0,0,0,0,0,0,0,0,0,0,0,0,0,0,0,0.15,0,0,0.584,0,0,0,0,0,0,0,0,0,0,0,0,0,0,0,0,0,0.442,0,0,0,0,0,0,0,0.28,0,0,0,0,0,0,0,0,0,0,0,0,0,0,0,0,0,0,0,0,0,0,0,0,0,0,0,0,0,0,0,0,0,0.372,0,0,0,0,0,0,0,0,0,0,0,0,0,0.164,0,0,0,0,0,0,0,0,0,0,0,0.28,0,0,0,0,0,0,0,0,0,0,0.193,0,0,0,0.199,0,0,0,0,0,0,0,0,0,0,0,0,0,0,0,0,0,0,0,0,0,0,0,0,0,0,0,0,0,0,0,0,0,0,0,0,0,0,0,0,0,0,0,0,0,0,0,0,0,0,0,0,0.481,0,0,0,0,0,0,0,0,0,0,0,0,0,0,0,0,0,0,0,0,0.525,0,0,0,0,0,0,0,0,0,0,0,0,0,0,0,0,0,0,0,0,0,0,0,0,0,0,0,0,0,0,0,0,0,0,0,0,0,0,0,0,0,0,0,0,0,0,0,0,0,0,0,0,0,0,0,0,0,0,0,0,0,0,0,0,0,0,0,0,0,0,0,0,0,0,0,0,0,0,0,0,0,0,0,0,0,0,0,0,0,0,0,0,0,0.647,0,0,0,0,0,0,0,0,0,0.707,0,0,0,0,0,0,0,0,0,0,0,0,0,0,0.707,0,0,0,0,0,0,0,0,0,0,0,0,0,0,0,0,0,0,0,0,0,0,0,0,0,0,0,0,0,0,0,0,0,0,0,0,0,0,0,0,0,0,0,0.192,0,0,0,0,0,0,0,0,0,0,0,0,0,0,0,0,0,0,0,0,0,0,0,0,0,0,0,0,0,0,0,0,0,0,0,0,0,0,0,0.209,0,0,0,0,0,0,0,0,0,0,0,0,0,0,0,0,0,0,0,0,0,0.243,0,0,0,0,0,0,0,0,0,0,0,0,0,0.209,0,0,0,0,0,0,0,0,0,0,0,0,0,0,0,0,0,0,0,0,0,0,0,0,0,0,0,0,0.537,0,0,0,0,0,0,0,0,0,0.151,0,0,0,0,0,0.515,0,0,0,0,0,0,0,0,0,0,0,0,0,0,0,0,0,0,0,0,0,0,0,0,0,0,0,0,0,0,0,0,0,0,0,0,0,0,0,0,0,0,0,0,0.181,0,0,0,0,0,0,0,0.29,0.301,0,0,0,0,0,0,0,0,0,0,0,0,0,0.181,0,0,0,0,0,0,0,0,0,0,0,0,0,0,0,0,0,0.275,0,0,0,0,0,0,0,0,0,0,0,0,0,0,0,0,0,0,0,0,0,0,0,0,0,0,0,0,0,0,0,0,0,0,0,0,0,0,0,0,0,0,0,0,0,0,0,0,0,0,0,0,0,0,0,0,0,0,0,0,0,0,0,0,0,0,0,0,0,0,0,0,0,0,0,0,0,0,0,0,0,0,0,0,0,0,0,0,0,0,0,0,0,0,0,0,0,0,0,0,0,0,0,0,0,0,0,0,0,0,0,0,0,0,0,0,0,0,0,0,0,0,0,0,0,0,0,0,0,0,0,0,0,0,0,0,0,0,0,0,0,0,0,0,0,0,0,0,0,0,0,0,0,0,0,0,0,0,0,0,0,0,0,0,0,0,0,0,0,0,0,0,0,0,0,0,0,0,0,0,0.194,0,0,0,0,0,0,0,0,0,0,0.226,0,0,0,0,0,0,0,0,0,0,0,0,0,0,0,0.171,0,0,0,0,0,0,0,0,0,0,0,0,0,0,0,0,0,0,0,0,0,0,0,0.307,0,0,0,0,0,0,0,0,0,0,0,0,0,0,0,0,0,0,0,0,0,0,0,0,0,0,0,0,0,0,0,0,0,0,0,0,0,0,0,0,0,0,0,0,0,0,0,0,0,0,0,0,0,0,0,0,0,0,0,0,0,0,0,0,0,0,0,0,0,0,0,0,0,0,0,0,0,0,0,0,0,0,0,0,0,0,0,0,0,0,0,0,0,0,0,0,0,0,0,0,0,0,0.204,0,0,0,0,0,0,0,0,0,0,0,0,0,0,0,0,0,0,0,0,0,0,0,0,0,0,0.198,0,0,0.175,0,0,0,0,0,0,0,0,0,0,0,0,0,0,0,0,0,0,0,0,0,0,0,0,0,0,0,0,0,0,0,0,0.198,0,0,0,0,0,0,0,0,0,0,0,0,0,0,0,0,0,0,0,0,0,0.428,0,0,0,0,0,0,0,0,0,0,0,0,0,0,0,0,0,0,0,0,0,0,0,0.2,0,0,0,0,0,0,0,0,0,0,0,0.34,0,0,0,0,0,0,0,0,0,0,0,0,0,0,0,0,0,0,0,0,0,0,0,0,0,0,0,0,0.536,0,0,0,0,0,0,0,0,0,0,0,0,0,0,0,0,0,0,0,0,0,0,0,0,0,0,0,0,0,0,0,0,0,0,0,0,0,0,0,0,0,0,0,0,0,0,0,0,0,0,0,0,0,0,0,0,0,0,0,0,0,0,0,0,0,0,0,0,0,0,0,0,0,0,0.263,0,0,0,0.229,0,0,0,0,0,0,0,0,0,0,0,0,0,0,0,0,0,0,0,0,0,0,0,0,0,0,0,0,0,0,0,0,0,0,0,0,0,0,0,0,0,0,0,0,0,0,0,0,0,0,0,0,0,0,0,0,0.633,0,0,0,0,0,0,0,0,0,0,0,0,0,0,0,0,0,0,0,0,0,0,0,0,0,0,0.551,0,0,0,0,0,0,0,0,0,0,0,0,0,0,0,0,0,0.195,0,0,0,0,0,0,0,0,0,0,0,0,0,0,0,0,0,0,0,0.195,0,0,0,0,0,0,0,0,0,0,0,0,0,0,0,0,0,0,0,0,0,0,0,0,0,0,0,0,0,0,0,0,0,0,0,0,0,0,0,0,0,0,0,0,0,0,0,0,0,0,0,0,0,0,0,0,0,0,0,0,0,0,0,0,0,0,0,0,0,0,0,0,0,0,0,0,0,0,0,0,0,0,0,0,0,0,0,0,0,0,0,0,0,0,0,0,0,0,0,0,0,0,0,0,0,0,0,0,0,0,0,0,0,0,0,0,0,0,0,0,0,0,0,0,0,0,0,0,0,0,0,0,0,0,0,0,0,0,0,0,0,0,0,0,0,0,0,0,0,0,0,0,0,0,0,0,0,0,0,0,0,0,0.198,0,0,0,0,0,0,0,0,0,0,0,0.227,0,0,0,0,0,0,0,0,0,0,0,0,0,0.309,0,0,0,0,0,0,0,0,0,0,0,0,0,0,0,0,0,0,0,0,0,0,0,0,0,0,0,0,0.186,0,0,0,0,0,0,0,0,0,0,0,0,0,0,0,0,0,0,0,0,0,0,0,0,0,0,0,0,0,0,0,0,0,0,0,0,0,0,0,0,0,0,0,0,0,0,0,0,0,0,0,0,0,0,0,0,0,0.358,0,0,0,0,0,0,0,0,0,0,0,0,0,0,0,0,0,0,0,0,0,0,0,0,0,0,0,0,0,0,0,0,0,0,0,0,0,0,0,0,0,0,0,0,0,0,0,0,0,0,0,0,0,0,0,0,0,0,0,0,0,0,0,0,0,0,0,0,0,0,0,0.165,0,0,0,0,0,0,0,0,0,0,0,0,0,0,0,0,0,0,0,0.251,0,0.203,0,0,0,0,0,0,0,0,0,0,0,0,0,0,0,0,0,0,0,0,0,0.153,0,0,0,0,0,0,0,0,0,0,0,0,0,0,0,0,0,0,0,0,0,0,0,0,0,0,0,0,0,0.209,0.545,0,0,0,0,0.486,0,0,0.2,0,0,0,0,0,0,0,0,0,0,0,0,0,0,0,0,0,0,0,0,0,0,0,0,0,0,0,0,0,0,0,0,0,0,0,0,0.518,0.611,0,0,0,0,0,0,0,0,0,0,0,0,0,0,0,0,0,0,0,0,0,0,0,0,0,0,0,0,0,0,0,0,0,0,0,0,0,0,0,0,0,0,0,0,0,0,0,0,0,0,0,0,0,0,0,0,0,0,0,0,0,0,0,0,0,0,0,0,0,0,0,0,0,0,0,0,0,0.228,0,0,0,0,0,0,0,0,0,0,0,0,0,0,0,0,0,0,0,0,0,0,0,0,0,0,0,0,0,0,0,0,0,0,0,0,0,0,0,0,0,0,0,0,0,0.214,0.179,0.218,0.257,0,0,0,0,0,0,0,0,0,0,0,0,0,0,0,0,0,0,0,0,0,0,0,0,0,0,0,0,0,0,0,0,0,0,0,0,0,0,0,0,0,0,0,0,0,0,0,0,0,0,0,0,0,0,0,0,0,0,0,0,0,0,0,0,0,0,0,0,0,0,0,0,0,0,0,0,0,0,0,0,0,0,0,0,0,0,0,0,0,0,0,0,0,0,0,0,0,0,0,0,0,0,0,0,0,0,0,0,0,0,0,0,0,0,0,0,0,0,0,0,0,0,0,0,0,0,0,0,0,0,0,0,0,0,0,0,0,0,0,0,0,0,0,0,0,0,0,0,0,0,0,0,0,0,0,0,0,0,0,0,0,0,0,0,0,0,0,0,0,0,0,0,0,0,0,0,0,0,0,0,0,0,0,0,0,0,0,0,0,0,0,0,0,0,0,0,0,0,0,0,0,0,0,0,0,0,0,0,0,0,0,0,0,0,0,0,0,0,0,0,0
856375,0.194,0,0,0,0,0,0,0,0,0,0,0,0,0.437,0.194,0,0,0,0,0,0,0,0,0,0,0,0,0,0,0,0,0,0.56,0,0,0,0,0,0,0,0,0,0,0,0,0,0,0,0,0,0,0.242,0,0,0,0,0,0,0,0,0,0,0,0,0,0,0,0,0,0,0,0,0,0,0,0,0,0,0,0,0,0,0,0,0,0.513,0,0,0,0,0,0,0.483,0,0,0.173,0,0,0,0,0,0,0,0,0,0,0,0,0,0.182,0,0,0,0.194,0,0,0,0,0,0.215,0,0,0.262,0,0,0,0,0.329,0,0,0,0.194,0.171,0,0,0,0,0.194,0.166,0,0.296,0.216,0,0,0.351,0,0,0,0,0,0,0,0,0,0,0,0,0,0,0,0,0,0,0,0,0,0,0,0,0.212,0,0,0,0,0,0,0,0,0,0,0,0,0,0,0,0,0.754,0,0,0.411,0.155,0,0,0,0,0,0.952,0,0,0,0,0,0,0,0,0.51,0.21,0,0,0.169,0,0,0,0,0.276,0,0,0,0,0,0.162,0,0,0.498,0,0,0,0,0,0,0.211,0,0,0,0.504,0,0.228,0.661,0,0,0,0,0,0.27,0.15,0,0,0,0.243,0,0,0,0,0,0,0,0,0,0,0,0,0,0,0,0.344,0,0,0,0,0,0,0,0,0,0.172,0.298,0,0,0,0,0,0,0,0,0,0.222,0.206,0.183,0.16,0.233,0,0,0,0,0,0.322,0,0,0,0.717,0.206,0.16,0,0,0,0,0,0,0,0.211,0,0,0.152,0,0.255,0.886,0.282,0.198,0,0.284,0,0,0.293,0.203,0,0.216,0,0,0.3,0.395,0,0,0.192,0,0.265,0,0,0,0,0,0,0,0,0.258,0,0,0,0,0,0,0.323,0,0,0,0,0,0,0,0,0,0,0.179,0,0,0,0,0,0.903,0.184,0,0.322,0.577,0,0,0,0,0,0,0,0.198,0,0,0.173,0.154,0,0.24,0,0,0,0,0,0,0,0,0.178,0,0,0.199,0.288,0,0.281,0.208,0,0,0.32,0,0,0,0,0,0,0,0,0,0,0.382,0.156,0,0,0,0,0,0.167,0.452,0,0.498,0,0,0,0,0,0.152,0,0.186,0,0,0.222,0,0,0,0,0,0,0.455,0,0,0,0,0,0,0,0,0,0,0,0,0,0,0,0.197,0.206,0.532,0,0,0,0,0,0.22,0,0,0.183,0,0,0.225,0,0.192,0,0,0.167,0,0.228,0,0,0.543,0,0,0,0,0,0,0,0.212,0,0,0,0,0,0,0,0,0.218,0,0.502,0.179,0,0,0,0,0,0,0,0.173,0.629,0,0.475,0,0,0.944,0,0,0,0,0,0,0,0.481,0.244,0,0,0,0,0,0,0,0,0,0,0,0,0,0.375,0,0,0.152,0,0,0,0,0.192,0.15,0,0.178,0,0,0,0.195,0,0,0,0,0.153,0,0,0,0,0,0.455,0.211,0,0.194,0.356,0,0.195,0,0,0.224,0.956,0,0,0,0.16,0,0,0,0,0,0,0,0,0,0.196,0,0,0,0.193,0,0,0,0,0.197,0.262,0,0,0.16,0,0,0,0,0,0,0,0,0,0,0.182,0.157,0.276,0.264,0.279,0,0,0,0,0,0.381,0,0,0,0,0,0,0.443,0.173,0,0,0,0.857,0,0.333,0,0,0.21,0,0.258,0,0,0,0,0,0,0,0,0.194,0,0.228,0,0.243,0,0.95,0.196,0.215,0,0,0,0.263,0,0,0,0,0,0,0,0,0,0,0,0,0,0,0,0,0,0,0,0,0,0.505,0,0,0,0.309,0.198,0,0,0.232,0,0,0,0,0,0.192,0.167,0,0,0,0,0.98,0,0,0,0,0,0,0,0,0,0,0.302,0.271,0,0,0,0,0.315,0,0.156,0,0,0,0,0,0,0.279,0,0,0.271,0,0,0,0,0,0.681,0,0,0,0,0,0.192,0,0,0.193,0,0.28,0,0,0,0,0.374,0.303,0,0,0,0,0.219,0.173,0,0,0.263,0,0,0,0.308,0.244,0.257,0,0,0.419,0.155,0,0,0,0,0,0.179,0,0.399,0,0.163,0,0,0,0.192,0,0,0,0,0,0,0.27,0,0,0.231,0.645,0.205,0,0,0,0,0,0.581,0,0,0.257,0,0,0.157,0.44,0,0.222,0.933,0,0,0,0,0.194,0,0,0,0,0.297,0,0,0,0,0,0,0,0,0,0.459,0.197,0.279,0,0,0,0,0.299,0,0.191,0,0,0,0,0,0,0,0,0.212,0,0,0,0,0,0,0,0,0,0.162,0,0,0,0,0.486,0,0,0,0,0,0,0,0,0,0,0,0,0,0,0,0.238,0,0,0,0.364,0,0,0,0.179,0,0.261,0,0,0,0.401,0,0,0,0,0,0,0,0.276,0.155,0,0,0,0,0.282,0.16,0,0.287,0.367,0,0,0,0,0,0,0.15,0,0,0,0.176,0,0.228,0,0,0.175,0.506,0,0,0.246,0,0,0.777,0.298,0,0,0,0.172,0,0,0.294,0,0.231,0,0.412,0,0,0.197,0.35,0,0,0,0,0.221,0.243,0,0,0,0.188,0.169,0.233,0,0,0,0,0,0,0,0,0,0,0,0,0,0,0,0,0,0,0,0,0,0,0,0,0,0,0,0,0,0,0,0,0,0,0,0,0,0,0,0,0,0,0,0,0,0,0,0,0,0,0,0,0,0,0.287,0,0.252,0,0,0,0,0,0,0.158,0,0,0,0,0,0,0,0,0.21,0,0,0,0,0,0,0,0,0,0,0,0,0,0,0,0,0,0,0.601,0.156,0,0,0,0,0.15,0,0,0,0,0,0,0,0,0,0,0,0,0,0,0,0.57,0,0,0,0,0,0,0,0,0,0,0,0,0,0.156,0,0.362,0,0.26,0,0,0,0,0,0,0,0,0,0,0,0,0,0,0,0,0,0,0,0,0,0,0,0,0,0,0,0,0,0,0,0,0.223,0,0,0,0,0,0,0,0,0,0,0.222,0,0,0,0.179,0.445,0,0.205,0.229,0.177,0,0.344,0,0,0,0,0,0,0,0.29,0,0,0,0,0,0,0,0,0,0,0,0.155,0,0,0,0,0,0,0,0,0,0,0,0,0,0,0,0,0,0.227,0.2,0,0,0,0,0,0,0,0,0,0,0,0,0,0,0,0.218,0,0,0.179,0,0,0,0.215,0,0,0,0,0,0,0,0,0,0,0,0,0,0,0,0,0,0,0,0,0,0,0,0,0,0,0,0,0,0,0,0,0,0,0,0,0,0,0,0,0,0,0,0,0,0,0,0,0,0.253,0,0.397,0,0,0,0,0,0,0,0,0,0,0,0,0,0,0,0,0,0,0,0,0,0,0,0,0,0,0,0,0,0,0,0,0,0,0,0,0,0,0,0,0,0,0,0,0,0,0,0,0.32,0,0,0,0,0,0,0,0,0,0,0,0,0,0,0.35,0,0,0,0,0,0,0,0,0,0,0,0,0,0,0,0.612,0,0,0,0,0,0.16,0,0,0,0,0,0,0,0,0,0.541,0,0,0,0,0,0,0,0,0,0,0,0,0,0.205,0,0,0,0,0,0,0,0,0,0,0,0,0,0,0,0,0,0,0,0,0,0,0,0,0,0,0,0,0,0,0,0,0,0,0.187,0,0,0,0,0,0,0,0,0,0,0,0,0,0.165,0,0,0,0,0,0,0,0.248,0,0,0,0,0,0,0,0,0,0,0,0,0,0,0,0,0,0,0,0,0,0,0,0.237,0,0,0,0.162,0.214,0.416,0,0,0,0,0,0,0,0,0,0,0,0,0,0.157,0,0,0,0,0,0,0,0,0,0,0,0.168,0,0,0,0,0,0,0,0.153,0,0,0,0,0,0,0,0,0,0,0,0,0,0,0,0,0,0,0,0,0.307,0,0,0,0,0,0,0.355,0,0,0,0.177,0.23,0,0,0,0,0,0,0,0,0,0,0,0,0,0,0,0,0,0,0,0,0,0,0,0,0.163,0.228,0,0,0,0,0,0,0,0,0,0.199,0,0,0,0,0,0,0,0,0,0,0,0,0,0,0,0,0,0,0,0,0,0,0,0,0,0,0,0,0,0,0,0,0,0.179,0,0,0,0,0,0,0,0,0,0,0,0,0,0,0,0,0.171,0,0.249,0,0,0,0.161,0,0.343,0,0,0,0,0,0,0.188,0.185,0,0,0,0.252,0.185,0,0.171,0,0,0,0,0,0.426,0,0,0,0,0.183,0.238,0,0,0,0,0.729,0,0,0,0.154,0.262,0.303,0.201,0.28,0.154,0.214,0,0.166,0,0,0,0.165,0.151,0.184,0,0,0,0.284,0.16,0.176,0,0.206,0,0,0.203,0,0,0,0,0.287,0,0.172,0,0,0.237,0,0,0.249,0,0,0.266,0,0.175,0,0.187,0,0,0,0.481,0,0,0,0.186,0.374,0,0,0,0,0.182,0,0.192,0,0,0,0.262,0,0,0,0,0,0.24,0.173,0,0,0.236,0.303,0,0,0,0,0.336,0,0.255,0,0,0,0.156,0,0.302,0.204,0,0,0,0,0.155,0.284,0.222,0.544,0,0,0,0.359,0,0,0,0,0,0,0,0,0,0,0,0.27,0,0,0,0.595,0,0,0,0.259,0.243,0.203,0.388,0,0.214,0,0.58,0,0,0,0,0.196,0,0.27,0,0.23,0,0.256,0.267,0,0,0.173,0.161,0,0.244,0.186,0.196,0,0.327,0,0.28,0,0,0,0,0,0,0,0.282,0,0.192,0.373,0,0,0,0.172,0.173,0,0.233,0,0,0.267,0,0,0,0,0.232,0.203,0,0.284,0.151,0,0,0.237,0,0,0.714,0.151,0.158,0,0,0,0,0.201,0,0.158,0,0,0,0,0,0,0,0,0.161,0,0,0.296,0,0.293,0,0,0.242,0.204,0,0,0,0,0,0,0,0,0,0,0,0,0.202,0.281,0,0,0,0,0,0.196,0,0.158,0,0,0,0,0,0,0.174,0,0.258,0,0,0.246,0,0,0,0,0.169,0,0,0,0,0,0,0,0,0,0,0,0,0,0,0.334,0,0,0.671,0,0,0,0,0,0,0,0,0,0,0,0,0.184,0,0.268,0,0,0,0,0,0,0,0,0,0,0,0,0,0,0,0,0.337,0,0,0,0.391,0,0,0,0,0,0,0,0,0,0,0,0,0,0,0.301,0.194,0,0,0,0.198,0,0,0,0,0,0,0,0,0.295,0,0,0.275,0,0.93,0,0,0,0,0,0.214,0.322,0,0,0.298,0,0,0.187,0,0,0,0,0,0,0,0,0,0,0,0,0,0,0,0,0.177,0,0,0,0,0,0,0,0.198,0,0,0,0,0,0,0,0,0,0,0.307,0.357,0,0,0,0.307,0,0,0,0,0.623,0,0,0,0,0.47,0,0,0,0,0,0,0,0,0,0,0,0,0,0,0,0,0,0,0,0,0,0,0,0,0,0,0,0,0,0,0,0,0,0,0,0,0,0,0,0,0,0,0,0,0,0,0,0,0,0,0,0,0,0.198,0,0.279,0.215,0,0.215,0,0,0,0,0,0,0,0,0,0,0,0,0,0,0,0,0,0,0,0,0,0,0,0.343,0,0,0,0,0,0,0,0,0,0,0,0,0.241,0,0,0,0,0,0,0,0,0,0,0,0,0,0.16,0,0,0,0,0,0,0.185,0,0,0,0,0.217,0,0,0,0,0,0,0,0,0,0,0,0,0,0,0,0,0,0,0,0,0,0,0,0.215,0,0,0,0,0,0.17,0,0,0,0,0,0,0,0,0,0,0.297,0,0,0,0,0,0,0,0,0,0.154,0,0,0.153,0,0,0,0,0,0,0,0,0,0,0,0,0,0,0,0,0,0,0,0,0.247,0,0,0.156,0,0,0,0,0,0,0,0,0,0,0,0,0,0,0,0,0.172,0,0,0,0,0,0,0.275,0,0,0,0.287,0,0,0.302,0,0,0,0,0,0,0,0.189,0,0,0.293,0,0,0,0,0,0,0,0,0.152,0.273,0,0,0,0,0,0.171,0,0,0,0.574,0,0,0,0,0,0,0,0,0,0,0,0.254,0,0,0,0,0,0,0,0,0,0.179,0,0,0,0,0,0,0,0,0,0,0,0,0,0,0,0,0,0,0.195,0,0,0,0,0,0,0,0,0,0,0,0,0,0,0,0,0,0,0,0,0,0,0,0,0,0,0,0,0,0,0,0,0,0,0,0,0,0,0,0,0,0,0,0,0,0,0,0,0,0.226,0,0,0,0,0,0,0,0,0,0,0,0,0,0,0,0.156,0,0,0,0,0,0,0,0,0,0,0,0,0,0,0.221,0,0,0.297,0,0,0,0,0,0,0,0,0,0,0,0,0,0,0,0,0,0,0,0,0,0,0,0,0,0,0,0,0,0,0,0,0,0,0,0,0.184,0,0,0,0,0,0,0,0,0,0,0,0,0,0.221,0,0,0,0,0.671,0,0,0,0,0,0,0,0,0,0,0,0,0,0,0,0,0,0,0,0,0,0,0,0,0,0,0,0,0,0,0,0,0,0,0,0,0,0,0,0,0,0,0,0,0,0,0,0,0,0,0,0,0,0,0,0,0,0,0,0,0.179,0,0,0,0,0,0,0,0.15,0,0,0,0,0,0,0,0.248,0,0,0,0,0,0,0,0.179,0,0,0,0,0,0,0,0,0,0.182,0,0,0,0,0,0.179,0,0,0,0.155,0,0,0,0,0,0,0,0,0,0,0,0,0,0,0,0,0,0.227,0.179,0,0,0,0,0,0,0,0,0,0.179,0,0,0,0,0,0,0,0,0,0,0,0,0,0,0,0,0,0,0,0,0,0,0.179,0,0,0,0,0,0,0,0,0.325,0,0,0,0,0,0,0,0,0,0,0,0,0,0,0.208,0,0,0,0,0,0,0.252,0,0,0,0,0,0,0,0,0,0,0,0,0,0,0,0,0,0,0,0.163,0.195,0,0,0.306,0,0.295,0,0.24,0,0.236,0,0,0.243,0,0.269,0,0.179,0.246,0.193,0.192,0.204,0.185,0,0.366,0.207,0.233,0,0,0,0,0.396,0,0.204,0,0,0,0.202,0.207,0,0.244,0,0,0,0,0,0.194,0.305,0.645,0,0,0,0,0.152,0,0,0.2,0.195,0,0.29,0.221,0,0,0.264,0,0.319,0.273,0,0,0.297,0,0,0,0.163,0,0,0.181,0,0,0,0,0.254,0,0,0,0,0,0,0,0.264,0,0,0,0.354,0,0.198,0,0,0,0,0,0.24,0.214,0,0,0,0,0,0,0.196,0.185,0,0,0.226,0,0.169,0,0,0,0,0,0,0,0.182,0.152,0,0.171,0.179,0.185,0,0,0.179,0,0,0,0.152,0,0,0.172,0,0,0,0,0.217,0.174,0,0,0.223,0,0,0,0,0.277,0.318,0,0,0,0.157,0.208,0,0.196,0,0.213,0.152,0.216,0.253,0.283,0,0.173,0,0.24,0,0,0,0,0,0.202,0.577,0,0,0.279,0,0,0,0,0,0.199,0.333,0.586,0,0,0,0.178,0,0.233,0,0,0.217,0,0,0,0.267,0,0.302,0,0,0,0,0,0,0,0,0,0,0,0,0,0,0.184,0,0,0.177,0,0.274,0,0.346,0.24,0,0,0,0,0.152,0.329,0,0.173,0,0.247,0,0,0,0,0.219,0,0.236,0.172,0,0.156,0,0.165,0,0.173,0,0,0.217,0,0,0,0,0,0,0,0,0,0,0.171,0,0,0.214,0,0,0,0,0,0,0,0,0,0.184,0,0,0.232,0,0,0.179,0.243,0,0,0,0,0,0,0,0,0,0.252,0,0,0,0,0,0,0.279,0,0,0,0,0.19,0,0,0.155,0,0,0,0,0,0,0,0,0,0,0.271,0,0,0,0.192,0.303,0,0,0,0,0,0.303,0,0,0,0,0,0,0,0.177,0,0,0.281,0,0,0,0,0.664,0.157,0,0,0,0.303,0,0,0,0,0.256,0,0,0,0,0.157,0,0,0,0.157,0,0,0,0,0.192,0,0,0,0,0,0,0.181,0,0,0,0.151,0,0,0,0,0,0,0,0,0,0,0,0,0,0,0,0.404,0,0,0,0,0.196,0.157,0,0,0,0,0.284,0,0,0,0,0.281,0,0,0,0,0.324,0,0,0,0,0,0,0,0,0,0,0,0,0,0,0,0,0,0,0,0,0,0,0,0,0,0,0,0,0,0,0,0,0,0,0,0,0,0,0.674,0,0,0,0,0,0,0,0,0,0.2,0,0,0,0,0,0,0.197,0,0,0,0,0,0,0,0,0,0.203,0,0,0,0,0,0,0,0,0,0,0,0,0,0,0,0,0.156,0,0,0,0,0,0,0,0.793,0,0,0,0,0,0,0,0,0.26,0,0,0,0,0,0,0,0,0,0,0,0,0,0,0,0,0,0,0,0,0,0,0,0,0,0,0,0,0,0,0,0,0,0,0,0,0,0,0,0,0,0,0,0,0,0,0,0,0,0,0,0,0,0,0,0,0,0,0,0,0,0,0,0,0,0,0,0,0,0.613,0,0,0,0,0,0,0,0.669,0,0,0,0,0,0,0,0,0,0,0,0,0,0,0,0,0,0,0,0,0,0,0,0,0,0,0,0,0.191,0,0,0,0,0,0,0,0,0,0,0,0,0,0,0,0,0,0,0,0,0,0,0,0.161,0,0,0,0,0,0,0.169,0.238,0,0,0,0,0,0,0,0.629,0,0.161,0,0,0,0,0,0,0,0.156,0,0,0,0,0,0,0,0,0,0,0,0,0,0,0,0,0,0,0,0,0,0,0.206,0,0,0,0,0,0,0,0,0,0,0,0,0,0,0,0,0.152,0,0,0,0,0,0,0,0,0,0,0,0,0.358,0,0,0,0,0,0,0,0,0,0,0,0,0,0,0,0,0,0,0,0.194,0,0,0,0,0,0,0.668,0,0,0,0,0,0,0,0,0,0,0,0,0,0,0,0,0,0,0,0,0,0,0,0,0,0,0,0,0,0,0,0.206,0,0,0,0,0,0,0,0,0,0,0,0,0,0,0,0,0,0,0,0,0,0,0,0,0,0,0,0,0,0,0,0,0,0,0,0,0,0,0,0,0,0,0,0.249,0,0,0,0,0,0,0,0,0,0,0,0,0,0,0,0,0,0,0,0,0,0,0,0,0,0,0,0,0,0,0,0,0,0,0,0,0,0.28,0,0,0,0,0,0,0,0.217,0,0,0,0,0,0,0,0.663,0,0,0,0,0,0,0,0,0,0,0,0,0,0,0,0,0.205,0,0,0,0,0,0,0,0,0,0,0,0,0,0.15,0,0,0,0,0,0,0,0,0,0.298,0,0,0,0,0.187,0,0,0.184,0.166,0,0,0,0,0.171,0,0,0.203,0,0,0.152,0,0,0.152,0,0,0,0,0,0,0,0,0,0.404,0,0,0,0,0,0,0,0,0,0,0,0,0,0,0,0,0.204,0,0,0,0.163,0,0,0,0,0,0,0,0,0.663,0,0,0,0,0,0.211,0,0,0,0,0,0,0,0,0,0,0,0,0,0,0,0,0,0,0,0,0,0,0,0,0,0,0,0,0,0,0,0.484,0,0,0,0,0,0,0,0,0,0,0,0,0,0,0,0,0,0,0,0,0,0,0,0,0.15,0,0,0,0,0,0,0,0.249,0,0,0,0,0,0,0,0,0,0,0,0,0,0,0,0,0,0,0,0,0,0,0,0,0,0,0,0,0,0,0,0,0,0,0,0,0,0,0,0,0,0,0,0,0,0,0,0,0,0,0,0,0,0,0,0,0,0,0,0,0,0,0,0,0,0,0,0,0,0.787,0,0,0,0,0,0,0,0,0,0,0,0,0,0,0,0,0,0,0,0,0,0,0,0,0,0,0,0,0,0,0,0,0,0,0,0,0,0,0,0,0,0,0,0,0,0,0,0,0,0,0,0,0,0,0,0,0,0,0,0,0.168,0,0,0,0.15,0,0,0,0,0,0,0,0,0,0,0,0.586,0,0,0,0,0,0,0,0,0,0,0,0,0,0,0,0,0,0,0,0,0,0,0,0,0,0,0,0,0,0,0,0,0,0,0,0,0,0,0,0,0,0,0,0,0,0,0,0,0,0,0,0,0,0,0,0,0,0,0,0,0,0,0,0,0,0,0,0,0,0,0,0,0,0,0,0,0,0,0,0,0,0,0,0,0,0,0,0,0,0,0,0,0,0,0,0,0,0,0,0,0,0,0,0,0,0,0,0,0,0,0,0,0,0,0.334,0,0,0,0,0,0,0,0,0,0,0,0,0,0,0,0,0,0,0,0,0,0,0,0,0,0,0,0,0,0,0,0,0,0,0,0,0,0,0,0,0,0,0,0,0,0,0,0,0,0,0,0,0,0,0,0,0,0,0,0,0,0,0,0,0,0,0,0,0,0,0,0,0,0,0,0,0,0,0,0,0,0,0,0,0,0,0,0,0,0,0,0,0,0,0,0,0,0,0,0,0,0,0,0,0,0,0,0,0,0,0,0,0,0,0,0,0,0,0,0,0,0,0,0,0,0,0,0,0,0,0,0,0,0,0,0,0,0,0,0,0,0,0,0,0,0,0,0,0,0,0,0,0,0,0,0,0,0,0,0,0,0,0,0,0,0,0,0,0,0,0,0,0,0,0,0,0,0,0,0,0,0,0,0,0,0,0,0,0,0,0,0,0,0,0,0,0,0,0,0,0,0,0,0,0,0,0,0,0,0,0,0,0,0,0,0,0,0,0,0,0,0,0,0,0,0
856254,0,0,0,0.176,0,0,0.448,0,0,0,0,0,0,0,0,0,0,0,0,0,0,0,0,0,0,0,0,0,0,0,0,0,0,0,0,0,0,0,0,0,0,0.155,0,0,0,0,0,0.157,0,0,0.974,0,0,0,0,0,0,0,0,0,0,0.195,0.937,0,0.155,0,0,0.155,0,0,0,0,0,0,0,0,0,0,0,0,0,0,0,0,0,0,0,0,0,0,0,0,0,0,0,0,0,0,0,0,0,0,0,0,0,0,0,0,0,0,0,0,0,0,0,0.347,0,0,0,0,0,0,0,0,0,0,0,0,0,0,0.218,0,0,0,0,0,0,0.196,0,0,0,0,0,0,0,0,0,0,0,0,0,0,0,0,0,0.194,0.987,0,0,0,0,0,0,0,0,0,0,0,0,0,0,0,0,0,0,0,0,0,0,0,0,0,0,0.951,0,0,0,0,0,0,0,0.186,0.357,0,0,0,0,0,0,0.285,0,0.3,0,0,0,0,0,0,0,0,0,0.72,0,0,0,0,0,0,0.968,0,0,0,0.711,0,0,0.454,0,0.189,0,0,0,0,0,0,0,0.923,0,0,0,0,0,0,0,0,0,0,0,0,0,0.307,0,0.41,0,0,0,0,0,0,0,0,0,0,0,0,0,0,0,0,0,0,0,0,0,0.251,0.179,0,0.257,0,0,0,0,0,0,0,0.983,0,0,0,0.172,0,0,0,0.999,0,0,0,0.848,0,0,0,0,0.501,0.882,0.156,0,0.671,0,0,0.566,0,0,0,0,0.33,0,0,0,0,0,0,0,0,0,0,0,0,0,0.501,0,0,0,0.946,0,0,0,0,0,0,0.291,0.999,0,0,0,0,0,0,0.923,0,0,0,0,0,0,0,0,0,0,0,0,0,0.973,0,0,0,0,0,0,0,0,0,0.403,0,0,0,0,0,0,0.896,0,0,0.171,0,0,0,0,0,0.256,0,0,0.931,0,0,0,0.448,0,0,0,0,0,0.233,0,0,0.985,0.383,0,0,0.217,0,0,0,0,0,0,0,0.929,0,0,0,0.916,0,0.203,0,0.2,0,0,0,0,0.999,0,0,0,0,0.543,0,0,0,0,0,0,0,0,0,0,0,0,0,0,0,0,0,0,0,0,0.235,0,0.499,0,0,0,0,0.194,0,0,0,0,0.911,0,0,0,0,0,0,0,0,0,0,0.205,0,0,0,0,0.22,0,0,0,0,0,0,0.392,0,0.324,0,0,0,0.984,0,0,0.293,0,0,0,0.632,0,0,0,0,0.875,0.193,0,0,0,0,0,0,0,0,0,0,0,0,0,0.667,0,0,0,0,0,0.941,0.897,0,0,0.224,0,0,0,0,0,0,0,0.868,0,0,0,0,0,0.196,0,0,0,0,0,0,0,0,0.693,0,0.9,0,0,0.672,0,0,0,0.864,0,0,0,0,0,0,0,0.366,0,0,0,0,0,0,0,0,0,0,0,0,0.169,0,0,0,0,0,0,0.829,0,0,0,0,0,0,0,0,0,0,0.994,0,0.768,0,0,0,0,0,0.212,0,0,0,0,0,0,0,0.901,0,0,0.649,0.993,0,0,0,0,0,0.217,0,0,0,0,0,0,0,0,0,0,0,0,0,0,0,0,0,0,0,0,0,0,0.719,0,0,0,0.275,0,0.618,0,0,0,0,0,0,0,0,0,0.941,0,0,0,0,0.499,0,0,0,0.221,0.334,0.65,0,0,0,0,0,0,0,0,0,0.183,0.744,0,0,0,0,0,0,0.707,0,0,0,0,0,0.96,0,0,0.399,0,0,0,0,0,0,0.76,0,0,0,0,0,0,0,0,0,0,0,0.371,0,0.977,0,0.993,0,0.169,0,0,0,0,0,0,0,0.917,0,0,0,0,0,0,0.911,0.78,0,0.998,0,0,0,0,0.328,0.564,0,0.209,0,0,0.229,0,0,0.348,0.234,0,0.999,0,0,0,0.919,0.999,0,0,0.788,0.522,0,0,0,0.16,0,0,0,0,0,0.209,0,0,0,0.92,0,0,0,0.265,0.917,0,0,0,0.916,0,0.917,0.914,0,0,0,0,0,0,0,0.999,0,0,0.219,0,0,0,0,0,0,0,0,0.222,0.452,0.942,0,0,0.237,0,0,0.682,0,0,0.67,0.152,0,0,0,0,0,0,0,0.271,0.255,0,0,0,0.778,0,0.914,0,0,0,0,0,0.311,0,0,0,0,0,0,0,0,0,0.351,0,0,0,0,0,0,0,0,0,0,0,0,0,0.999,0,0,0,0,0,0,0,0,0.684,0,0,0,0.951,0,0,0,0,0.335,0,0.152,0,0,0,0.589,0,0.942,0,0,0.824,0.983,0,0,0,0,0,0,0,0.999,0,0.464,0.911,0,0,0.628,0.531,0,0.261,0,0,0,0,0,0,0,0,0,0,0,0,0,0,0,0.577,0,0.466,0,0,0,0,0.437,0,0,0,0,0,0,0,0,0.896,0,0,0,0.323,0,0,0,0,0,0,0,0.824,0,0,0,0,0,0,0,0,0,0,0.242,0,0,0,0,0,0,0,0.303,0,0,0,0,0,0,0,0,0,0,0,0,0,0,0,0,0,0,0,0,0,0,0.357,0,0,0,0,0,0,0,0,0,0,0,0,0,0,0,0,0,0,0,0,0,0,0,0,0,0.179,0,0,0.181,0.201,0,0,0.312,0,0,0,0,0.999,0.215,0.189,0,0,0,0,0,0,0,0,0,0,0,0,0,0,0.998,0,0,0.502,0,0,0.172,0,0,0,0,0,0,0,0,0,0,0,0,0,0,0,0,0,0,0,0,0,0.185,0,0,0.303,0,0,0,0,0.198,0,0.198,0,0,0,0,0,0,0,0,0.255,0,0,0,0,0,0,0,0,0.207,0,0.366,0,0,0,0,0,0,0,0,0.223,0,0,0,0,0.293,0,0,0,0,0,0,0,0.236,0,0,0,0,0.562,0,0,0,0,0.892,0,0,0,0,0,0,0,0.687,0,0,0,0,0,0,0,0.206,0.94,0,0,0,0,0.16,0,0,0,0.15,0,0,0,0,0.154,0,0,0,0,0,0,0,0,0.323,0,0,0,0.432,0,0,0,0.239,0,0,0,0,0,0,0,0,0,0.59,0,0,0.391,0,0,0,0,0,0,0,0,0,0.352,0.249,0,0.253,0,0.438,0,0.391,0,0,0.237,0,0,0,0,0,0,0,0,0,0,0,0,0,0.249,0,0,0,0,0,0,0,0.697,0,0,0,0,0,0,0,0.874,0,0,0,0,0,0,0,0,0.165,0,0,0,0.159,0,0,0,0,0.272,0,0,0,0,0,0,0,0.15,0.223,0.195,0.255,0,0,0.16,0,0,0,0,0,0,0,0,0,0,0,0,0,0,0,0,0,0,0,0,0,0,0,0,0.221,0.959,0.168,0,0,0,0,0,0,0,0,0,0,0,0,0.506,0,0,0,0.187,0,0,0,0,0,0,0.217,0,0,0,0,0,0.217,0,0,0,0,0,0.22,0,0,0,0,0,0,0,0,0,0.363,0,0,0,0,0,0.913,0,0,0,0,0,0,0,0,0,0,0,0,0,0.157,0,0,0,0,0,0,0.206,0,0,0.298,0,0,0.907,0.248,0,0,0,0.385,0,0,0,0,0,0.201,0,0.261,0,0,0,0,0,0.221,0,0,0,0,0,0,0.272,0.178,0,0,0,0.221,0,0,0.968,0,0,0,0.22,0,0,0,0.752,0,0,0,0,0,0.995,0,0,0,0,0,0,0.152,0,0,0,0,0,0,0.58,0,0.3,0,0,0,0,0,0,0,0,0.201,0,0,0,0,0,0,0,0,0,0,0,0,0,0,0,0,0.397,0,0,0,0.535,0,0,0,0.211,0,0,0,0,0,0,0,0,0,0,0,0.348,0,0,0,0,0,0,0.218,0,0,0.475,0,0,0,0,0.547,0,0,0,0,0.214,0,0,0.199,0,0,0,0,0,0.801,0.416,0,0,0.996,0.208,0,0.187,0,0,0,0,0,0,0,0,0,0,0,0,0,0,0,0,0,0,0,0,0,0,0,0,0,0,0,0,0,0,0,0,0,0,0,0,0,0,0,0,0,0,0,0,0,0,0,0,0,0,0,0,0,0,0,0,0,0,0,0,0,0,0,0,0,0,0,0,0,0,0,0.272,0,0,0,0,0,0,0,0,0,0,0,0,0,0,0.421,0,0,0,0,0,0,0,0,0,0,0,0,0,0.793,0,0,0,0,0,0,0,0,0,0,0,0,0,0,0.348,0,0,0,0,0,0,0,0,0,0,0,0,0,0,0,0,0,0,0,0,0,0,0,0,0,0,0,0,0,0,0,0,0,0.161,0,0,0,0,0,0,0,0,0,0.477,0,0,0,0,0,0,0,0,0,0,0,0,0,0,0,0,0,0,0,0,0,0,0,0,0,0,0,0,0,0,0,0,0,0,0,0,0.711,0,0,0,0.283,0,0.799,0,0,0,0,0,0,0,0,0,0.181,0,0,0,0,0,0,0,0,0,0.297,0,0,0,0,0,0,0,0,0,0,0,0,0,0,0,0,0,0,0,0,0,0,0,0,0,0,0,0,0,0,0,0,0,0,0,0,0,0,0,0,0,0,0,0,0,0,0.329,0,0,0,0,0,0,0,0,0.159,0.175,0,0,0,0,0,0,0,0,0,0,0,0,0,0,0.251,0,0,0,0,0,0,0,0,0,0,0,0,0,0,0,0,0,0,0,0,0,0,0,0,0,0,0,0,0,0,0,0,0,0,0,0,0,0,0,0,0,0,0,0,0,0,0,0,0,0,0,0,0,0,0,0,0,0,0,0,0,0,0,0,0,0,0,0,0.658,0,0,0,0,0,0,0,0,0,0,0,0,0,0,0,0,0,0,0,0,0,0,0,0,0,0,0,0,0,0,0,0,0,0,0,0,0,0,0,0,0,0,0,0,0,0,0,0,0,0,0,0,0,0,0,0,0,0,0,0,0,0,0,0,0,0,0,0,0,0,0,0,0,0,0,0,0,0,0,0.796,0,0,0,0,0,0,0,0,0,0,0,0,0,0,0,0,0,0,0,0,0,0,0,0,0.219,0,0,0,0,0,0,0,0,0,0,0,0,0,0,0,0,0,0,0,0,0,0,0,0,0,0,0,0.215,0,0,0,0,0,0,0,0,0,0,0,0,0,0.942,0,0,0,0,0,0,0,0,0,0,0,0,0,0,0,0,0,0,0,0,0,0,0,0,0,0,0,0.15,0,0,0,0,0,0.153,0,0,0.167,0,0,0.18,0,0,0.175,0,0.257,0,0,0,0,0,0,0,0,0,0,0,0,0.217,0,0,0,0,0,0,0,0,0.151,0.218,0,0,0,0,0,0,0,0,0,0,0,0,0,0,0,0,0,0,0,0,0,0,0,0,0,0,0,0,0,0,0,0,0,0,0,0,0,0,0,0.161,0,0,0.175,0,0,0,0,0,0,0,0,0,0,0,0,0,0,0,0,0,0,0,0,0,0,0,0,0,0,0,0,0,0,0,0,0,0,0,0,0,0,0,0,0,0,0,0,0,0,0.175,0,0,0,0,0,0,0,0,0,0,0,0,0,0,0,0,0,0,0,0,0,0,0,0,0,0,0,0,0,0,0,0,0,0,0,0.293,0,0,0,0,0,0,0,0,0,0,0,0,0,0,0,0,0,0,0,0,0.157,0,0,0,0,0,0,0,0,0,0,0,0,0,0,0,0,0,0,0,0,0,0,0,0,0,0,0,0,0,0,0,0,0,0,0,0,0,0,0,0,0,0,0,0,0,0,0,0,0,0,0,0,0,0,0,0,0,0.28,0,0,0,0,0,0,0,0,0,0,0,0,0,0,0,0,0,0,0,0,0,0,0,0,0,0,0,0.169,0.917,0,0,0,0,0,0,0.799,0,0,0,0,0.268,0,0,0,0,0,0,0,0,0,0,0,0,0,0,0,0,0,0,0,0,0,0,0,0,0.995,0.776,0,0,0,0,0,0,0,0,0,0,0,0,0,0,0,0,0,0,0,0,0,0,0,0,0,0,0,0,0,0,0,0,0,0,0,0,0,0,0,0,0,0,0,0,0.205,0,0,0,0,0,0,0,0,0,0,0,0,0,0,0,0,0,0,0,0,0,0,0,0,0,0,0,0,0,0,0,0,0,0,0,0,0,0,0,0,0,0,0,0,0,0,0,0,0,0,0,0,0.194,0,0,0,0,0,0,0,0,0,0,0,0,0,0,0,0,0,0,0,0,0,0,0,0,0,0,0,0,0,0,0,0,0,0,0,0,0,0,0,0,0,0,0,0,0,0,0,0,0,0,0,0,0,0,0,0,0,0.284,0,0,0,0,0,0,0,0.302,0.303,0.985,0,0.93,0,0,0,0,0,0.479,0,0,0,0.492,0.179,0,0,0,0,0,0,0,0,0.23,0,0,0,0,0,0,0,0,0,0,0,0,0,0,0,0,0,0,0,0,0,0,0,0,0,0,0,0,0,0,0.173,0,0,0,0.162,0.938,0,0.896,0,0,0,0.986,0,0.19,0,0,0.983,0,0,0,0,0,0,0,0,0.721,0,0.303,0,0,0,0,0,0.235,0,0,0,0,0.193,0,0,0,0,0.954,0,0,0,0,0,0.912,0,0,0.999,0,0,0.899,0.962,0.677,0,0,0,0,0,0,0,0,0.243,0,0,0,0.641,0.999,0,0,0,0,0.999,0,0,0,0,0,0.303,0,0.164,0.314,0.174,0.173,0,0,0,0.628,0,0.899,0,0,0,0,0.303,0,0,0,0,0,0,0,0,0,0,0,0,0,0,0,0,0,0,0,0,0,0,0,0,0,0,0,0,0,0,0,0,0,0,0,0,0,0,0,0,0,0,0,0,0,0,0,0,0,0,0,0,0,0,0,0,0,0,0,0,0,0.165,0,0,0,0,0,0,0,0,0,0,0,0,0,0,0,0,0,0,0,0,0,0,0,0,0,0,0,0,0,0,0,0,0,0,0,0,0,0,0,0,0,0,0,0,0,0,0,0,0,0,0,0,0,0,0,0,0,0,0,0,0,0,0,0,0,0,0,0,0,0,0,0,0,0,0,0,0,0,0,0,0,0,0,0,0,0,0,0,0,0,0,0,0,0,0,0,0,0,0,0,0,0,0,0,0,0,0,0,0,0,0,0,0,0,0,0,0,0,0,0,0,0,0,0,0,0,0,0,0,0,0,0,0,0,0,0,0,0,0,0,0,0,0,0,0,0,0,0,0,0,0,0,0,0,0,0,0,0,0,0,0,0,0,0,0,0,0,0,0,0,0,0,0,0,0,0,0,0,0,0,0,0,0,0,0,0,0,0,0,0,0,0,0,0,0,0,0,0,0,0,0,0,0,0,0,0,0.371,0,0,0,0,0,0,0,0.256,0,0,0,0,0,0,0,0,0,0,0,0,0,0,0,0,0,0,0,0,0,0,0,0,0,0,0,0.151,0,0,0,0.821,0,0,0,0,0,0,0,0,0,0,0,0,0,0,0,0,0,0,0,0,0,0,0,0,0,0,0,0,0,0,0,0,0,0,0,0,0,0,0,0,0,0,0,0,0,0,0,0,0,0,0,0,0,0,0,0,0,0,0,0,0,0,0,0,0,0,0,0,0,0,0,0,0,0,0,0,0,0,0,0,0,0,0,0,0,0,0,0,0,0,0,0,0,0,0,0,0,0,0,0,0,0,0,0,0,0,0,0,0,0,0,0.161,0,0,0,0,0,0,0,0,0,0,0,0,0,0,0,0,0,0,0,0,0,0,0,0,0,0,0,0,0,0,0,0,0,0,0,0,0,0,0,0,0,0,0,0,0,0,0,0,0,0,0,0,0,0,0,0,0,0,0,0,0,0,0,0,0,0,0,0,0,0,0,0,0,0,0,0,0,0,0,0,0,0,0,0,0,0,0,0,0,0,0,0,0,0,0,0,0,0,0,0,0,0,0,0,0,0,0,0,0,0,0,0,0,0,0,0,0,0,0,0,0,0,0,0,0,0,0,0,0,0,0,0,0,0,0,0,0,0,0,0,0,0,0,0,0.26,0,0,0,0,0,0,0,0,0,0,0,0,0,0,0,0,0,0,0,0,0,0,0,0,0,0,0,0,0,0,0,0,0.177,0,0,0,0,0,0,0,0,0,0,0,0,0,0,0,0,0,0,0,0,0,0,0,0,0,0,0,0,0,0,0,0,0,0,0,0.347,0,0,0,0,0,0,0,0,0,0,0,0,0,0,0,0,0,0,0,0,0,0,0,0,0,0,0,0,0,0,0,0,0.206,0,0,0,0,0,0,0,0,0,0,0,0.334,0,0,0,0,0,0,0,0,0,0,0,0,0,0,0,0,0,0,0,0,0,0,0.998,0,0,0,0,0,0,0,0,0.432,0,0,0,0,0,0,0,0,0,0,0,0,0,0,0,0,0,0,0,0,0,0,0,0,0,0,0,0,0,0,0,0,0,0,0,0,0,0,0,0,0,0,0,0,0,0,0,0,0,0,0,0,0,0,0,0,0,0,0,0,0,0,0,0,0,0,0,0,0,0,0,0,0,0,0,0,0,0,0,0,0,0,0,0,0,0,0,0,0,0,0,0,0,0,0,0,0,0,0,0,0,0,0,0,0,0,0,0,0,0,0,0.255,0,0,0,0,0,0,0,0,0,0,0,0,0,0,0,0,0,0,0,0,0,0,0,0,0,0,0,0,0,0,0,0,0,0,0,0,0,0,0,0,0,0,0,0,0,0,0,0,0,0,0,0,0,0,0,0,0,0,0,0,0,0,0,0,0,0,0,0,0,0,0,0,0,0,0,0,0,0,0,0,0,0,0,0,0,0,0,0,0,0,0,0,0,0,0,0,0,0,0,0,0,0,0.768,0,0,0,0,0,0,0,0,0,0,0,0,0,0,0,0,0,0,0,0,0,0,0,0,0,0,0,0,0,0,0,0,0,0,0,0,0,0,0,0,0,0,0,0,0,0,0,0,0,0,0,0,0,0.187,0,0,0,0,0,0,0,0,0,0.165,0,0,0,0,0,0,0,0,0,0,0,0,0,0,0,0,0,0,0,0,0,0,0,0,0,0,0,0,0,0,0,0,0,0,0,0,0,0,0,0,0,0,0,0,0,0,0,0,0,0,0,0,0,0,0,0.199,0,0,0,0,0,0,0,0,0,0,0,0,0,0,0,0,0,0,0,0,0,0.162,0,0,0,0,0,0,0,0,0,0,0,0,0,0,0,0,0,0,0,0,0,0,0,0,0,0,0,0,0,0,0.15,0,0,0,0,0,0,0,0,0,0,0,0.356,0,0,0,0,0,0.243,0,0,0,0,0,0,0,0,0,0,0,0,0,0,0,0,0,0,0,0,0,0,0,0,0,0,0,0,0,0,0,0,0,0,0,0,0,0,0,0,0,0,0,0,0,0,0,0,0,0,0.55,0,0,0,0,0,0,0,0,0,0,0,0,0,0,0,0,0,0,0,0,0,0,0,0,0,0,0,0,0,0,0,0,0,0,0,0,0,0,0,0,0,0,0,0,0,0.255,0,0,0.217,0,0,0,0,0,0,0,0,0,0,0,0,0,0,0,0,0,0,0,0,0,0,0,0,0,0,0,0,0,0,0,0,0,0,0,0,0,0,0,0,0,0,0,0,0,0,0,0,0,0,0,0,0,0,0,0,0.363,0,0,0,0,0,0,0,0,0,0,0,0,0,0,0,0,0,0,0,0,0,0,0,0,0,0,0,0,0,0,0,0,0,0,0,0,0,0,0,0,0,0,0,0,0,0,0,0,0,0,0.255,0,0,0,0,0,0,0,0,0,0.288,0.63,0.17,0.999,0.588,0.307,0.178,0.39,0.15,0.874,0.919,0.188,0,0,0,0,0,0,0,0,0,0,0,0,0,0,0,0,0,0,0,0,0,0,0,0,0,0,0,0,0,0,0,0,0,0,0,0,0,0,0,0,0,0,0,0,0,0,0,0,0,0,0,0,0,0,0,0,0,0,0,0,0,0,0,0,0,0,0,0,0,0,0,0,0,0,0,0,0,0,0,0,0,0,0,0,0,0,0,0,0,0,0,0,0,0,0,0,0,0,0,0,0,0,0,0,0,0,0,0,0,0,0,0,0,0,0,0,0,0,0,0,0,0,0,0,0,0,0,0,0,0,0,0,0,0,0,0,0,0,0,0,0,0,0,0,0,0,0,0,0,0,0,0,0,0,0,0,0,0,0,0,0,0,0,0,0,0,0,0,0,0,0,0,0,0,0,0,0,0,0,0,0,0,0,0,0,0,0,0,0,0,0,0,0,0,0,0,0,0,0,0,0,0,0,0,0,0,0,0,1
853422,0,0.199,0,0,0,0,0.964,0,0,0.411,0,0,0,0,0,0,0,0,0,0,0,0,0,0,0.174,0,0.183,0,0,0,0,0,0,0,0,0,0,0,0,0,0,0,0,0,0,0,0,0,0,0,0.9,0,0,0.202,0,0,0,0,0,0,0.174,0,0.556,0,0,0,0,0,0,0,0.43,0,0,0,0,0,0,0,0,0,0,0,0,0,0,0.184,0,0,0,0,0,0,0,0,0.199,0,0,0.216,0.504,0,0,0,0.323,0.608,0.452,0,0.174,0,0,0,0,0,0,0,0,0,0,0.191,0,0,0,0,0,0,0,0.155,0,0,0,0,0,0,0,0,0,0,0,0,0.199,0,0,0,0,0,0,0,0,0,0,0,0.458,0,0.525,0,0,0,0,0,0,0,0,0,0,0,0,0,0,0,0,0,0,0,0,0,0,0,0,0,0,0,0,0.348,0,0.282,0,0,0,0,0.218,0,0,0,0,0,0,0,0,0,0,0,0.744,0.923,0.157,0,0,0,0,0,0,0.361,0,0,0,0.15,0,0.66,0,0,0.919,0,0,0,0.652,0,0.68,0.985,0,0,0,0,0,0,0,0,0,0.402,0,0,0,0,0.302,0,0.6,0,0,0,0,0.29,0,0.226,0,0,0,0,0,0,0,0.161,0,0.914,0,0,0,0.256,0,0,0.44,0,0,0,0,0,0,0,0,0,0.551,0,0,0,0,0,0,0,0.4,0,0,0,0,0.664,0,0,0.899,0.254,0,0,0.602,0,0,0,0,0,0,0,0,0.578,0,0,0.97,0,0,0,0,0.962,0,0,0,0,0,0,0,0,0,0,0,0.191,0,0,0,0,0,0.612,0,0.202,0,0.37,0,0.191,0.263,0.202,0,0,0,0,0,0,0.647,0,0,0,0,0,0.173,0,0.268,0,0,0,0,0,0.906,0,0,0,0,0,0,0,0,0,0.427,0,0,0,0.229,0,0,0.977,0,0,0,0,0,0,0,0,0.283,0.22,0,0.923,0,0,0,0.15,0,0,0,0,0.17,0.953,0,0,0.899,0.183,0.324,0,0.169,0,0.196,0,0,0,0,0,0.229,0,0,0,0.896,0,0,0,0.89,0.336,0,0,0,0.924,0,0.346,0,0,0.999,0,0.614,0,0,0,0.923,0,0,0,0,0,0,0,0,0,0,0,0.22,0,0,0.557,0,0,0,0,0,0,0,0,0,0,0,0.999,0,0,0,0,0,0,0,0.196,0,0,0,0,0,0,0,0,0,0,0,0.639,0,0,0.256,0,0.975,0.186,0,0,0.903,0,0.966,0,0,0,0,0,0,0,0,0,0.59,0.253,0,0,0,0,0,0.366,0,0,0.322,0,0,0,0,0.462,0,0,0,0,0,0.999,0.415,0,0,0,0,0,0,0.534,0,0,0,0.837,0.181,0,0,0,0,0.62,0,0,0,0,0,0,0,0,0,0,0.999,0,0,0.206,0,0,0,0.333,0,0,0,0,0,0,0,0,0,0,0,0,0,0,0,0,0,0,0.177,0,0.394,0,0.334,0,0,0,0,0,0,0,0,0,0,0,0,0.653,0,0.193,0.216,0,0.155,0,0,0,0,0,0.993,0,0,0,0,0,0,0,0.898,0,0,0,0.309,0,0,0,0.171,0,0.981,0,0.595,0.239,0,0,0,0,0,0,0,0,0,0,0,0,0,0,0,0,0,0,0.668,0.65,0,0,0,0.315,0,0.299,0,0,0,0,0,0,0,0,0,0.977,0,0,0,0,0.897,0,0,0,0,0,0.997,0,0,0,0,0,0,0.764,0,0,0,0,0,0,0,0,0,0.415,0,0,0,0,0,0,0.863,0,0,0.2,0,0.296,0,0,0.228,0.924,0.992,0,0,0,0.183,0,0,0,0,0,0.32,0,0.876,0,0.368,0,0.216,0,0,0,0,0,0,0,0,0,0.928,0,0,0,0,0,0,0,0.689,0,0.956,0,0,0,0,0,0.299,0,0,0,0.183,0,0,0,0,0.261,0,0.433,0,0,0,0.999,0.942,0,0,0.931,0,0,0,0,0,0.173,0,0,0,0,0.998,0.181,0,0.398,0.195,0,0.357,0,0.84,0.418,0,0,0,0.936,0,0.896,0.935,0,0,0,0,0,0,0,0.815,0,0,0.222,0,0,0,0,0,0,0,0,0.999,0.175,0.905,0,0,0.37,0,0,0,0,0,0.676,0,0,0,0,0,0,0,0,0,0.226,0,0,0,0.785,0,0,0,0.204,0,0.292,0,0.674,0,0,0,0,0,0,0,0,0,0,0,0,0,0,0,0,0,0,0.208,0,0,0,0,0.921,0,0,0,0,0,0,0,0.467,0.222,0,0,0,0.345,0,0,0,0,0.488,0,0.174,0,0,0,0,0,0.441,0,0,0.564,0.259,0,0,0,0.299,0,0,0,0.944,0,0,0.196,0,0,0,0,0,0,0,0,0,0,0,0,0,0,0.171,0,0.248,0,0,0,0,0.342,0,0.271,0,0,0,0.354,0.832,0,0,0,0,0,0,0.186,0,0.645,0,0,0,0,0,0,0,0,0,0,0.39,0.975,0,0,0,0,0,0.296,0,0,0,0,0.168,0,0,0,0,0,0,0,0.488,0,0,0,0,0.168,0,0,0,0,0,0,0,0,0,0,0,0,0,0,0,0,0,0,0,0,0,0,0,0,0,0,0,0,0,0,0,0,0,0,0,0.474,0.29,0,0,0,0,0,0,0,0,0,0,0,0,0,0.933,0,0.196,0,0,0.918,0.337,0,0,0,0,0,0.183,0.284,0.349,0,0,0,0,0,0,0,0.907,0,0,0.185,0,0,0,0,0,0,0,0,0,0,0,0,0,0,0,0.248,0,0,0,0,0,0,0,0,0.726,0,0,0.488,0,0,0,0,0.272,0,0.305,0,0,0,0,0,0,0,0,0,0,0,0,0,0,0,0,0,0.373,0,0.998,0,0,0,0,0,0.195,0.173,0,0.868,0,0.394,0,0,0,0,0.29,0,0,0,0,0.166,0,0,0,0,0,0.353,0,0,0,0,0.896,0,0.231,0,0,0,0,0,0.644,0.474,0,0,0.173,0,0,0,0,0.925,0,0,0,0,0,0,0,0,0,0,0.261,0,0,0.633,0,0.17,0,0,0,0.474,0,0,0,0,0,0,0.185,0,0,0,0.794,0,0,0,0,0,0,0.349,0,0,0.999,0,0.305,0.644,0,0,0,0,0,0,0,0,0,0,0,0.173,0,0,0.265,0,0.999,0.188,0,0.375,0.474,0,0,0,0,0,0.198,0,0.178,0.198,0,0,0,0,0,0,0,0.173,0,0,0,0.318,0,0,0,0,0,0,0,0.276,0,0,0,0,0,0,0,0,0.42,0,0,0,0,0,0,0,0,0.658,0,0,0,0,0,0,0,0,0,0.999,0,0,0,0.223,0,0.626,0,0,0,0,0,0,0,0,0,0,0,0,0,0,0.257,0,0,0,0,0.388,0,0,0,0.602,0,0,0,0,0,0,0,0.474,0,0.206,0,0,0,0.233,0,0.229,0,0.999,0,0,0,0,0,0,0,0,0,0,0.29,0,0.195,0.376,0,0,0.305,0.37,0,0,0,0,0.319,0.26,0,0,0,0,0.684,0,0,0,0,0,0.31,0,0,0.33,0,0,0.199,0,0,0,0,0,0,0.292,0,0,0.528,0,0,0,0,0,0,0,0.999,0,0,0.999,0,0.376,0,0,0,0,0.195,0,0,0,0,0,0.632,0,0,0,0,0,0.155,0,0.173,0,0,0.151,0,0.353,0,0.152,0,0,0,0,0,0.249,0,0,0,0,0.673,0,0.998,0.254,0.17,0.976,0.305,0,0,0.175,0,0,0,0.157,0,0,0,0,0,0,0,0,0,0,0,0.402,0,0,0,0,0.377,0,0,0,0,0,0,0,0,0,0,0,0,0,0,0,0.178,0,0,0,0,0,0.156,0,0,0.989,0,0,0,0.161,0,0,0.647,0,0.3,0,0,0,0,0,0,0.641,0,0,0,0,0,0.195,0,0,0,0,0,0,0.284,0,0.185,0,0,0,0,0.92,0,0,0.296,0,0,0,0,0,0,0,0,0,0.232,0,0,0,0.195,0,0,0,0,0,0,0,0,0,0,0,0,0,0,0,0,0.615,0,0,0,0,0,0,0,0,0,0,0,0,0,0,0,0,0,0,0,0,0,0,0,0,0,0,0,0,0,0,0,0,0,0,0,0,0,0,0,0,0,0,0,0,0,0,0,0,0,0,0,0,0,0,0,0,0,0,0,0,0,0,0,0,0,0,0,0,0.936,0,0,0,0,0,0,0,0,0,0.317,0,0,0,0.905,0,0,0,0,0,0,0,0.512,0,0,0.156,0,0,0,0.969,0,0,0,0,0,0,0,0,0,0,0,0,0,0,0,0.422,0,0,0,0,0,0.317,0,0,0,0,0,0,0,0,0,0,0,0,0,0,0.426,0,0,0,0,0,0,0,0,0,0,0,0,0,0,0,0,0,0,0,0,0,0,0,0,0,0,0,0,0,0,0,0,0,0,0,0,0,0,0,0,0,0,0.3,0,0,0,0,0,0,0.912,0,0,0,0,0,0,0,0.709,0,0,0,0,0,0.234,0,0,0,0,0,0,0,0,0,0,0,0,0,0,0,0,0,0,0,0,0,0,0,0,0,0,0,0,0,0,0,0,0,0,0,0,0,0,0,0,0,0,0,0,0.751,0,0,0,0,0,0,0,0.305,0,0,0,0,0,0,0,0,0.86,0,0,0,0,0,0,0,0,0,0,0.204,0,0,0,0,0.309,0,0,0,0,0,0.429,0,0,0,0,0,0,0.18,0,0,0,0,0,0,0,0,0,0,0,0,0,0,0,0,0,0,0,0.3,0,0,0,0,0,0,0,0,0,0,0,0,0,0,0,0,0,0,0,0,0,0,0,0,0,0,0,0,0,0,0,0,0,0,0,0.896,0,0,0,0,0,0,0,0,0,0.32,0.329,0,0,0,0,0,0,0.287,0,0,0,0,0,0,0,0,0,0,0,0,0,0,0,0,0,0,0,0,0,0,0,0,0,0,0,0,0,0,0,0,0,0,0,0,0,0,0,0,0,0,0,0,0,0,0,0,0,0,0,0,0,0,0,0,0.443,0,0,0,0,0.299,0,0,0,0,0,0,0.157,0,0,0,0,0,0,0,0,0,0,0,0,0,0,0,0,0,0,0,0,0,0,0,0,0,0,0,0,0,0,0,0,0,0,0,0,0,0,0,0,0,0,0,0,0,0.757,0,0,0,0,0,0,0.173,0,0,0,0,0,0,0.93,0,0,0,0,0,0,0,0,0,0,0,0,0,0,0,0,0,0,0,0.574,0,0,0,0,0,0,0.433,0,0.161,0,0,0.186,0,0.354,0,0,0.28,0,0,0,0,0,0.304,0,0.985,0.335,0.765,0,0,0,0,0.427,0.229,0,0,0,0,0.929,0,0,0.31,0,0,0,0,0.346,0,0.313,0,0,0,0,0,0,0,0,0,0,0,0,0,0,0,0,0,0,0,0.22,0,0,0,0,0,0,0,0,0,0,0,0,0,0,0,0,0,0,0,0,0,0,0,0,0,0,0,0,0,0,0,0,0,0,0,0,0,0,0,0,0,0,0,0,0,0,0,0,0,0,0,0,0,0,0,0,0,0,0,0,0,0,0,0,0,0,0,0,0,0.904,0,0,0,0,0,0,0,0,0,0,0,0,0,0,0,0,0,0,0,0,0,0,0,0,0,0,0,0,0,0,0,0,0.334,0,0,0,0,0,0,0,0,0,0,0,0,0,0,0,0,0,0,0,0,0,0,0,0.198,0,0,0.259,0,0,0,0,0,0,0,0,0,0,0,0,0.674,0,0,0,0,0,0,0,0,0,0,0,0,0,0,0,0,0.29,0,0,0.334,0,0,0,0,0,0,0,0,0,0,0,0,0,0.29,0,0,0,0,0,0,0,0,0,0.29,0,0,0,0,0,0,0,0,0,0,0,0,0,0,0,0,0,0,0,0,0,0,0,0,0,0,0.158,0,0.273,0.194,0,0,0,0.68,0.975,0,0,0,0.677,0.333,0,0,0,0,0,0,0.966,0,0,0,0,0,0,0,0,0,0,0,0,0.207,0,0,0,0.76,0.902,0,0,0,0,0.932,0,0,0,0,0,0,0,0,0,0,0,0,0,0,0,0,0,0,0,0,0,0,0,0,0,0,0,0,0,0,0,0,0,0,0,0,0,0,0,0.239,0,0,0,0,0,0,0,0,0,0,0,0,0,0,0,0,0,0,0,0,0,0,0.173,0,0,0,0,0,0,0,0,0,0,0,0,0,0,0,0,0.566,0,0,0,0,0,0,0.29,0,0,0,0,0,0.98,0,0,0,0,0,0,0,0,0,0,0,0,0,0,0,0,0,0,0,0,0,0,0,0,0,0,0,0,0,0,0,0,0,0,0,0,0,0,0,0,0,0,0,0,0,0,0,0,0,0,0,0,0,0,0,0,0,0.939,0,0,0,0,0,0.173,0,0.932,0.488,0.594,0,0.893,0,0,0,0,0,0.681,0,0,0.157,0,0.239,0,0,0.173,0,0.358,0,0,0,0,0,0.152,0,0,0,0.173,0.173,0.188,0,0,0,0.199,0,0,0,0,0.284,0,0.173,0,0.173,0,0,0,0,0,0,0.173,0,0,0.172,0.218,0,0,0.834,0.62,0,0.998,0,0,0,0.636,0,0.173,0,0,0.405,0,0.307,0.173,0,0,0.173,0,0,0.9,0.173,0.488,0.485,0,0,0.155,0,0,0.173,0,0,0,0.174,0,0.372,0,0,0.646,0,0,0,0.173,0,0.935,0,0,0.93,0,0,0.982,0.173,0.476,0,0,0,0.177,0,0,0,0,0,0,0,0.173,0.771,0.691,0,0,0,0,0.926,0,0,0,0,0,0.488,0,0.204,0.526,0,0.596,0.966,0,0.173,0.626,0,0.786,0,0,0,0,0.488,0,0.173,0,0,0,0,0,0,0,0.181,0,0,0,0,0,0,0,0,0,0,0,0,0,0,0,0,0,0,0,0,0,0,0,0,0,0,0,0,0,0,0,0,0,0,0,0,0,0,0.174,0,0,0,0,0,0,0.214,0,0,0,0,0,0,0,0,0,0,0,0,0,0,0,0,0,0,0,0,0,0.15,0,0,0,0,0,0,0,0,0,0,0,0,0,0,0,0,0,0,0,0,0,0,0,0.198,0,0,0,0,0,0,0,0,0,0,0,0,0,0.192,0,0,0,0,0,0,0,0,0,0,0,0,0,0,0,0,0,0,0,0,0,0,0,0,0,0,0,0,0,0,0,0,0,0,0,0,0,0,0,0,0,0,0,0,0,0,0,0,0,0,0.192,0,0,0,0,0,0,0,0,0,0,0,0,0,0,0,0,0,0,0,0,0.214,0,0,0,0,0,0,0.248,0,0,0,0,0,0.477,0,0,0,0,0,0,0,0.203,0,0,0,0,0,0,0,0,0,0,0,0,0,0,0,0,0,0,0,0,0,0,0,0,0.176,0,0,0,0,0,0,0,0,0,0,0,0,0,0,0,0,0,0,0,0,0,0,0,0,0,0,0,0,0,0,0,0,0,0,0,0,0,0,0,0,0,0,0,0.203,0.95,0,0,0,0,0,0,0,0,0,0,0,0,0,0,0,0.152,0,0,0,0.203,0,0,0.435,0,0,0.948,0,0,0,0,0,0,0.216,0,0,0,0,0,0,0,0,0,0.198,0,0,0,0,0,0,0,0,0,0,0,0,0,0,0,0,0,0,0,0,0,0,0,0,0,0,0,0,0,0,0,0.16,0,0,0,0,0,0,0,0,0,0,0,0,0,0,0,0,0,0,0,0,0,0,0,0,0,0,0,0,0.16,0,0,0,0,0,0,0,0,0,0,0,0.636,0,0,0,0,0,0,0,0,0,0,0,0,0,0,0,0,0,0,0,0,0,0,0,0,0,0.63,0,0,0,0,0,0,0,0.744,0,0,0,0,0,0,0,0,0,0,0,0,0,0,0,0,0,0,0,0,0,0,0,0.612,0,0,0,0,0,0.296,0,0,0.179,0,0,0,0,0,0,0.179,0,0,0,0,0,0,0,0,0,0,0,0,0,0,0,0.986,0,0,0,0,0,0,0,0,0,0,0,0,0,0,0,0,0,0,0,0,0,0,0,0,0,0,0,0,0,0,0,0,0,0,0,0,0,0,0,0,0,0,0,0,0,0,0,0,0,0,0,0,0,0,0,0,0,0,0,0,0,0,0,0,0,0,0,0,0,0,0,0,0,0,0,0,0,0,0,0,0,0,0,0.173,0,0,0,0,0,0,0,0,0,0,0,0,0,0,0,0,0,0,0,0,0,0,0,0,0,0,0,0,0.173,0,0,0,0,0,0,0,0,0,0,0.173,0,0,0,0,0,0,0,0,0,0,0,0,0.173,0,0,0,0,0,0,0,0,0,0,0,0,0,0,0,0,0,0,0,0,0,0,0.183,0,0,0,0,0,0,0,0,0,0,0,0,0,0,0,0,0,0,0,0,0,0,0,0,0,0,0,0,0,0,0,0,0,0,0.325,0,0,0,0,0,0,0,0,0,0,0,0,0,0,0,0,0,0,0,0,0,0,0.896,0,0,0,0,0,0,0,0,0,0,0,0,0,0,0,0,0,0,0,0,0,0,0,0,0,0,0.557,0.335,0.232,0,0,0,0,0,0,0.338,0,0,0,0,0,0,0,0,0,0,0,0,0,0,0,0,0,0,0,0,0,0,0,0,0,0,0,0,0,0,0,0,0,0,0,0,0,0,0,0,0,0,0,0,0,0,0,0,0,0,0,0,0,0,0,0,0,0,0,0,0,0,0,0,0,0,0,0,0,0,0,0,0,0,0,0,0,0,0,0,0,0,0,0.241,0,0,0,0.944,0,0,0,0,0,0,0,0.173,0,0,0,0,0,0,0,0,0.15,0,0,0,0,0,0,0,0,0,0,0,0,0,0,0,0,0,0,0,0,0,0,0,0,0,0,0,0,0,0,0,0,0,0,0,0,0.192,0,0.173,0,0,0,0.176,0,0.173,0.969,0,0.173,0,0,0,0,0.173,0.173,0.6,0.18,0.173,0.179,0,0.173,0,0.175,0.176,0.173,0.9,0,0,0,0,0,0,0,0,0,0,0,0,0,0,0,0.429,0,0,0,0,0,0,0,0,0.164,0,0,0,0,0,0,0,0,0,0,0,0,0,0,0,0,0,0.337,0,0,0,0,0,0,0,0,0,0,0,0,0,0,0,0,0,0,0,0,0,0,0,0,0,0,0,0,0,0,0,0,0,0,0,0,0,0,0,0,0,0,0,0.733,0,0,0,0,0,0,0,0,0,0,0,0.287,0,0,0,0,0,0,0,0,0,0,0,0.304,0,0,0,0,0,0,0,0,0.179,0,0,0,0,0,0,0,0,0,0,0,0,0,0.503,0,0,0,0,0,0,0,0,0,0,0.173,0,0,0,0,0,0,0.223,0,0,0,0,0,0,0,0.823,0,0,0,0,0,0,0,0,0,0,0,0,0,0,0,0,0,0,0,0,0,0,0,0,0,0,0,0,0,0,0,0,0,0,0,0,0,0.224,0,0.449,0,0,0.996,0,0,0,0,0,0,0,0,0,0,0,0,0,0,0,0,0,0,0.387,0,0,0,0,0,0,0,0,0,0,0,0,0,0,0,0,0,0,0,0,0.15,0,0,0,0,0,0,0,0.446,0,0,0,0,0,0,0,0,0,0,0,0,0,0,0,0,0,0,0,0,0,0,0,0,0,0,0,0,0,0,0,0,0,0,0,0,0,0,0,0,0,0,0,0,0.626,0,0,0,0,0,0,0,0,0,0,0,0,0.911,0,0,0,0,0,0,0,0,0,0,0,0,0.192,0,0,0.546,0,0,0,0.272,0.19,0,0,0,0,0,0,0,0.949,0,0,0,0,0,0,0,0,0,0,0,0,0,0,0,0,0,0,0,0,0,0,0,0,0,0,0,0.985,0,0.952,0.202,0,0,0,0,0,0,0,0,0,0,0,0,0,0,0.15,0,0,0,0,0.229,0.653,0,0,0,0.951,0,0,0,0,0,0,0,0,0,0,0,0,0,0,0,0,0,0,0,0,0.25,0,0,0,0,0,0,0,0,0,0,0,0.952,0,0,0.501,0.979,0,0,0.998,0.676,0,0,0,0,0.151,0.981,0.192,0.954,0.326,0.318,0.997,0,0,0,0,0,0,0,0,0,0,0,0,0,0,0,0,0,0,0,0,0,0,0,0,0,0,0,0,0,0,0,0,0,0,0,0,0,0,0,0,0,0,0,0,0,0,0,0,0,0,0,0,0,0,0,0,0,0,0,0,0,0,0,0,0,0,0,0,0,0,0,0,0,0,0,0,0,0,0,0,0,0,0,0,0,0,0,0,0,0,0,0,0,0,0,0,0,0,0,0,0,0,0,0,0,0,0,0,0,0,0,0,0,0,0,0,0,0,0,0,0,0,0,0,0,0,0,0,0,0,0,0,0,0,0,0,0,0,0,0,0,0,0,0,0,0,0,0,0,0,0,0,0,0,0,0,0,0,0,0,0,0,0,0,0,0,0,0,0,0,0,0,0,0,0,0,0,0,0,0,0,0,0,0,0,0,0,0,0,0,0,0,0,0,0,0,0,0,0,0,0
856019,0,0,0.744,0,0,0,0.305,0,0.562,0,0,0,0,0,0,0,0,0,0,0,0,0,0,0,0,0,0,0,0,0,0,0,0.262,0.205,0,0,0,0,0,0,0,0,0,0,0,0,0,0,0,0.202,0.427,0,0,0,0,0,0,0,0.164,0,0,0,0,0,0,0,0.307,0,0,0,0,0,0,0,0,0,0,0,0,0,0.517,0,0,0,0,0,0.196,0,0,0,0,0,0.151,0,0,0,0.367,0,0.194,0,0,0,0,0,0.268,0,0,0,0,0,0,0,0.626,0,0,0,0,0,0,0.285,0,0,0.276,0.196,0,0,0,0.826,0,0,0.198,0,0.238,0,0,0,0.629,0,0,0,0.192,0.329,0,0,0,0,0,0,0,0,0,0,0,0,0,0,0.471,0,0,0.333,0,0,0,0,0.194,0,0,0,0,0.337,0,0,0,0,0,0,0.216,0,0,0,0,0,0,0,0,0,0.233,0,0,0.718,0.425,0,0,0,0,0,0,0,0,0,0,0.627,0,0,0,0,0,0,0,0,0,0.684,0,0,0.884,0,0.406,0,0.536,0,0,0,0.179,0.819,0,0,0,0,0,0.266,0,0,0,0,0.682,0.82,0,0,0,0,0,0,0,0,0,0,0,0,0.327,0.158,0,0,0,0,0,0,0.904,0,0,0,0.262,0.173,0,0,0.571,0,0,0,0,0.192,0,0,0,0.354,0.425,0,0,0.297,0,0,0.29,0,0,0,0,0.169,0,0.157,0.599,0,0,0,0,0,0,0,0,0.286,0,0,0,0.198,0,0,0,0,0.194,0,0,0,0,0,0,0.31,0,0,0.288,0,0,0.62,0,0,0,0.781,0,0,0.165,0,0.548,0.363,0,0.804,0,0.239,0.191,0.232,0,0,0.238,0,0,0,0,0,0,0,0.82,0,0,0,0.872,0,0,0.172,0,0,0,0,0,0,0.239,0,0,0,0,0.239,0,0,0.707,0,0.396,0,0,0.171,0,0,0,0,0,0,0.194,0,0,0.164,0,0,0,0,0,0,0.187,0,0,0,0,0,0,0,0,0,0.158,0,0.19,0,0.225,0,0,0,0,0.497,0,0,0,0,0,0.344,0.326,0,0,0.501,0,0.239,0.191,0,0.192,0.433,0,0,0,0.509,0,0,0,0,0,0,0,0.759,0,0,0,0,0.242,0,0,0,0,0,0,0,0,0,0,0,0,0,0,0,0,0,0,0.185,0,0,0,0,0,0.165,0,0,0,0.235,0,0,0,0.212,0,0,0,0,0.614,0,0,0,0.153,0.31,0,0,0,0,0,0.635,0,0,0,0.433,0,0.419,0,0,0.22,0,0,0,0,0,0,0,0,0,0.228,0,0.207,0,0,0,0,0,0,0,0,0,0,0,0.191,0.7,0,0,0.589,0,0.158,0.578,0,0,0,0,0,0,0,0,0,0,0.431,0.224,0,0.199,0,0,0,0,0,0,0,0,0,0,0,0,0,0,0.293,0,0,0,0,0,0,0,0,0,0,0.973,0,0,0,0.187,0.338,0,0,0,0.609,0,0.304,0,0.472,0.21,0,0,0.292,0,0.197,0,0,0,0,0,0,0.152,0,0,0.177,0,0.285,0,0,0,0,0,0,0,0,0,0.268,0,0.612,0,0,0.74,0.531,0,0,0,0.181,0,0.153,0,0,0,0,0,0,0,0,0,0,0,0,0,0,0,0,0.203,0,0,0,0,0,0,0,0,0,0,0.217,0,0,0,0,0,0.349,0.284,0,0,0,0,0,0,0,0,0,0,0,0,0.199,0,0,0,0,0,0,0,0,0,0,0,0,0,0.305,0.452,0,0,0,0,0,0,0,0,0,0,0,0,0.212,0,0,0,0.434,0,0.266,0,0,0,0,0,0,0,0,0,0,0.478,0,0,0,0,0,0,0,0.235,0,0,0,0,0,0,0,0,0.431,0.515,0,0,0,0,0,0,0,0,0,0,0,0,0,0,0,0,0,0.727,0,0.173,0,0,0.161,0,0.498,0.701,0,0,0,0,0,0,0,0,0,0.811,0.228,0,0,0,0,0,0,0,0,0,0,0,0,0.831,0,0,0.175,0,0.221,0,0,0,0,0,0,0,0,0,0,0.19,0,0,0,0,0,0,0,0,0,0,0.212,0,0,0,0.151,0.285,0,0.304,0,0,0,0,0.314,0,0.844,0,0,0,0,0,0,0,0,0,0,0,0,0,0.191,0,0.161,0,0,0,0.967,0.186,0.817,0,0,0.237,0,0,0,0,0,0,0,0,0,0,0,0,0,0,0,0,0,0,0,0,0,0,0,0,0,0,0,0,0,0,0,0,0,0.303,0,0,0.473,0,0,0,0,0.211,0,0.194,0,0,0.315,0,0,0,0.915,0.839,0,0.361,0,0,0,0.158,0,0,0,0,0,0,0,0.193,0.163,0,0,0,0,0.261,0,0,0,0,0,0,0,0.157,0,0,0,0,0,0.169,0,0,0.251,0.169,0,0.233,0,0,0,0.197,0.236,0,0.264,0.16,0,0.252,0,0.199,0.83,0,0,0.512,0,0,0,0,0.205,0.289,0,0,0,0,0,0.169,0,0,0,0,0,0,0,0,0,0,0,0,0,0,0,0,0,0,0,0.165,0,0,0,0,0,0,0,0,0,0,0,0,0,0,0,0,0,0,0,0,0,0,0,0.499,0,0,0,0,0,0,0,0,0,0,0,0.587,0.495,0.215,0.407,0,0,0,0,0,0,0.227,0.172,0,0,0,0,0.199,0.828,0,0,0,0.169,0,0.215,0.345,0,0,0.254,0,0.318,0,0,0,0,0,0,0,0,0.937,0,0,0,0,0,0,0,0,0,0,0,0.678,0,0,0.218,0,0.337,0.202,0,0.351,0,0.24,0,0,0,0,0,0.199,0,0,0,0,0,0.176,0.226,0,0,0,0,0,0,0,0,0,0,0.171,0,0,0,0,0,0,0,0,0,0.415,0,0,0.534,0,0,0,0,0,0,0,0.237,0,0,0,0.154,0,0,0,0,0,0,0,0,0,0,0,0,0,0,0,0,0.204,0,0,0,0,0,0,0,0,0,0,0,0.327,0.18,0,0,0,0,0,0,0,0,0,0,0.236,0.169,0,0,0.184,0,0.475,0,0,0.199,0,0.336,0,0,0.309,0,0,0,0,0.472,0.73,0,0,0,0,0,0.254,0,0,0.198,0,0,0,0,0,0,0,0,0,0,0.655,0.219,0,0.381,0,0,0,0,0,0.22,0.206,0,0.691,0.307,0.242,0,0,0,0.218,0,0,0.306,0.45,0,0,0,0,0,0,0,0.202,0,0,0,0.211,0.904,0.203,0,0,0,0,0,0,0,0,0,0.162,0,0.157,0,0,0,0.182,0,0,0,0,0,0.204,0,0,0.197,0.728,0,0,0,0,0.225,0.157,0,0.308,0,0,0,0,0.999,0.281,0,0,0,0,0,0,0.199,0,0,0,0.305,0,0,0,0,0,0.696,0,0.675,0,0,0,0.199,0,0,0,0.212,0.204,0.21,0,0,0.437,0,0,0,0,0.995,0,0,0.317,0,0,0,0,0,0,0,0,0,0,0,0.684,0,0,0,0,0,0,0,0,0.306,0,0,0,0.307,0,0.288,0,0,0,0.213,0,0,0,0.166,0,0,0,0,0,0,0,0,0.229,0,0,0.198,0,0,0,0,0,0,0,0.608,0.221,0,0,0,0,0,0.35,0,0,0.709,0,0,0,0,0.159,0,0.421,0,0,0,0.642,0.332,0,0,0,0.206,0,0,0.312,0,0,0,0,0,0,0.229,0.289,0.343,0.423,0,0.936,0,0.519,0.412,0,0,0,0.199,0,0,0,0.353,0,0.198,0,0,0,0,0,0,0,0,0,0,0,0,0,0.428,0,0.191,0,0.315,0,0.735,0,0,0,0,0.271,0.348,0,0,0,0,0,0.36,0,0,0,0.299,0,0,0,0,0.999,0,0,0,0,0,0,0,0,0,0,0,0,0,0.243,0,0.196,0.339,0,0,0.208,0,0,0,0,0,0.265,0,0.175,0.355,0,0,0,0,0.211,0,0,0,0,0,0.167,0.176,0,0,0,0,0,0,0,0,0.429,0.334,0,0,0,0,0,0.226,0,0,0.234,0,0.436,0,0,0.208,0,0,0,0,0,0,0,0,0,0,0,0,0,0,0,0,0,0,0,0,0,0,0,0,0,0,0,0,0,0,0,0,0,0,0,0.16,0,0,0,0,0,0,0,0,0,0,0,0,0,0,0,0,0,0,0,0,0,0,0,0,0,0,0,0,0,0,0,0,0,0.345,0,0,0,0,0.482,0.408,0.284,0,0.276,0,0.153,0,0.925,0.179,0,0,0.931,0,0.667,0,0.808,0,0.865,0,0.679,0.857,0,0,0,0.682,0.382,0.199,0,0.705,0.284,0,0,0.165,0.648,0.791,0,0.195,0.37,0.264,0,0,0.203,0,0.405,0,0.778,0.725,0,0,0.737,0,0.234,0.656,0.313,0,0.23,0.426,0.173,0.773,0,0,0.366,0.799,0.878,0.296,0.889,0,0.332,0,0.236,0.199,0.203,0.818,0.631,0,0.324,0,0.345,0.63,0,0,0.958,0.246,0.6,0.398,0,0,0.66,0.511,0,0.906,0,0.443,0,0.201,0,0.445,0.615,0,0.789,0,0.329,0.163,0,0.533,0.675,0.536,0,0.648,0,0.205,0,0.33,0,0.464,0.624,0,0.666,0,0.738,0.189,0.74,0.428,0,0.767,0,0.317,0,0.177,0,0.444,0,0.413,0.313,0.191,0,0,0.223,0,0,0.338,0.64,0,0,0,0.28,0.219,0.248,0,0,0.435,0.334,0,0,0.366,0.22,0.301,0.915,0,0,0,0.778,0,0.174,0,0.294,0.383,0.437,0.749,0.256,0,0,0,0.255,0.363,0,0.41,0.63,0,0.581,0.327,0.587,0,0.712,0.841,0.964,0,0.23,0.228,0.221,0.442,0.229,0.729,0,0.352,0.372,0,0.209,0.161,0,0.476,0.206,0,0,0.817,0,0,0.864,0.906,0.263,0.176,0.857,0.608,0,0.802,0.984,0,0.776,0.578,0.184,0.641,0,0.735,0.982,0,0.338,0.882,0,0.194,0.566,0,0,0,0.33,0.219,0.235,0.351,0,0,0,0,0.277,0,0,0,0,0,0.239,0,0,0,0,0,0,0.184,0,0,0,0,0,0,0,0,0.264,0,0,0,0,0,0,0,0,0,0,0,0,0,0,0,0,0,0,0,0,0,0,0,0,0,0,0.193,0,0,0,0,0,0,0.235,0,0,0,0,0.24,0,0,0,0,0.213,0,0,0,0,0,0,0,0,0,0,0,0,0,0,0,0,0,0,0,0,0,0.269,0,0,0,0,0,0,0,0,0,0,0,0,0,0,0,0,0,0.165,0.71,0,0,0,0.371,0,0,0,0,0,0,0,0,0,0,0,0,0,0,0.913,0,0,0,0,0,0,0,0,0,0,0,0,0,0,0,0,0,0,0,0,0,0,0,0,0.338,0,0,0,0,0,0,0.167,0,0,0,0,0,0,0,0,0,0,0,0.171,0,0,0.229,0.172,0,0,0,0,0.155,0,0,0.321,0.452,0.288,0,0.337,0.17,0,0,0,0,0,0,0,0,0,0,0,0,0,0,0,0,0,0,0,0,0,0.592,0,0,0.219,0,0,0,0,0,0,0,0,0,0,0,0,0,0,0,0,0,0,0.192,0.178,0,0,0,0.193,0,0,0,0,0,0,0,0,0.477,0,0,0,0,0,0,0,0,0,0,0,0,0,0,0,0,0.223,0.195,0,0,0,0,0,0,0,0,0,0,0,0,0,0,0,0,0,0,0,0,0,0,0,0.179,0.321,0,0,0,0,0,0,0,0,0.155,0,0,0,0,0,0,0,0,0,0,0,0,0,0,0,0,0,0,0,0,0,0.362,0,0,0,0,0,0,0,0,0,0,0,0,0,0,0,0,0,0,0,0,0,0,0,0,0,0,0,0,0,0,0,0,0,0,0,0,0,0,0,0,0,0,0,0,0,0,0,0,0,0,0,0.189,0,0,0,0,0,0,0,0,0.61,0,0,0,0,0,0,0,0,0,0,0,0,0,0,0,0,0,0,0,0,0,0,0,0,0.313,0,0,0,0.176,0,0,0,0,0,0,0,0,0,0,0,0,0,0,0,0,0,0,0,0,0,0,0,0,0,0,0,0.222,0.299,0,0.414,0,0,0,0,0,0,0,0,0.171,0,0,0,0,0,0,0,0,0,0,0,0,0,0,0,0,0,0.199,0,0,0,0.319,0.151,0,0,0,0,0,0,0.233,0,0,0,0,0,0,0,0,0,0,0.189,0,0,0,0,0,0,0,0,0,0,0,0,0,0,0.325,0,0,0,0,0,0,0,0,0.574,0,0,0,0,0,0,0,0,0,0,0,0,0,0,0,0,0,0,0,0,0.231,0,0,0,0,0,0,0,0.223,0,0,0,0,0,0,0,0,0,0,0,0,0,0,0,0,0,0,0,0,0,0,0,0,0,0,0,0,0,0,0,0,0,0,0,0,0,0,0,0,0,0,0,0,0.353,0,0,0,0,0,0,0.34,0,0,0,0,0,0,0,0,0,0,0,0,0,0,0,0,0,0,0,0,0,0,0,0,0,0,0,0,0,0,0,0,0,0,0,0,0,0.264,0,0,0,0,0,0,0,0,0,0,0,0,0,0,0,0,0,0,0,0,0,0,0,0,0,0,0,0,0,0,0,0,0,0,0,0,0,0,0,0,0,0,0,0.157,0,0,0,0,0,0.307,0,0,0,0,0,0,0,0,0,0,0,0,0,0,0,0,0,0,0.294,0,0,0,0,0,0,0,0,0,0,0,0,0,0,0.257,0,0,0,0.191,0,0,0,0.205,0,0,0,0,0,0,0,0,0,0,0,0,0,0,0,0,0,0,0,0,0,0.279,0,0,0,0,0,0,0.233,0,0,0.193,0,0,0,0,0,0.192,0,0,0,0,0,0,0,0,0,0,0,0,0,0,0,0,0,0,0,0,0,0,0.154,0.353,0,0,0,0,0,0,0,0,0,0,0,0,0,0,0,0,0,0,0,0,0.155,0,0,0,0,0,0,0,0.173,0,0.21,0,0.333,0,0,0,0,0,0,0,0,0,0,0,0,0.395,0,0,0,0,0,0,0,0,0,0,0,0,0.178,0,0,0,0,0,0,0,0,0,0,0.318,0.253,0,0.349,0.181,0,0,0,0,0,0,0.239,0,0.635,0,0,0,0.165,0,0,0,0,0.319,0,0,0.18,0,0.273,0,0.928,0.769,0,0,0,0.329,0,0.72,0,0,0,0,0.719,0,0.205,0,0,0,0,0,0,0.933,0.98,0,0.218,0,0,0,0,0.163,0,0,0,0,0,0,0,0,0,0.712,0,0,0,0.612,0,0,0,0,0,0,0,0,0,0,0,0,0.176,0,0,0,0,0,0,0,0,0,0,0,0,0.254,0,0,0,0.253,0,0,0,0,0,0,0,0,0,0.183,0,0,0,0,0,0,0,0,0,0.154,0,0,0,0,0,0,0,0,0,0,0,0,0,0,0,0.153,0,0,0,0,0,0,0,0,0.373,0,0.165,0.191,0,0,0,0,0,0.361,0.274,0.173,0,0,0,0,0.17,0,0,0,0.35,0,0,0,0.321,0,0,0,0.244,0,0,0,0,0.191,0,0.16,0.161,0,0.237,0.216,0,0,0,0,0.934,0.261,0,0,0,0,0,0,0.229,0,0,0,0,0.61,0,0,0,0,0,0,0,0,0,0,0,0,0,0,0.157,0,0,0,0,0.628,0,0,0,0.689,0.501,0,0,0,0,0.999,0.757,0,0,0.553,0.573,0,0,0,0.347,0.353,0,0.238,0.375,0,0.306,0.213,0.419,0.168,0.165,0.171,0,0.454,0,0.301,0,0,0,0,0.237,0,0,0,0.25,0.191,0.161,0,0,0.205,0,0.209,0,0,0,0,0.237,0,0,0,0.589,0,0.404,0.307,0.394,0.236,0.536,0.263,0,0,0,0,0.209,0,0.502,0,0,0,0.19,0,0.634,0.264,0,0.248,0,0,0.319,0,0.381,0.386,0,0.311,0,0,0,0.313,0.24,0,0,0,0,0,0,0,0,0,0,0,0,0,0,0,0,0,0.162,0,0,0,0,0,0,0,0,0,0,0,0,0,0,0,0,0,0,0,0.432,0.155,0,0,0,0,0,0,0,0,0,0.163,0,0,0,0,0.214,0,0,0,0,0,0,0,0,0,0,0,0,0,0,0,0,0,0,0,0,0,0,0,0.191,0,0,0,0,0,0,0,0,0,0,0,0,0,0,0,0.316,0,0,0,0,0,0,0.151,0,0,0,0,0,0.291,0,0,0,0,0,0,0,0,0.166,0,0,0,0,0,0,0,0,0.204,0,0,0,0,0,0,0,0,0.341,0,0,0,0,0,0,0,0,0,0,0,0,0.21,0,0.487,0,0,0.231,0,0,0,0,0,0,0,0.641,0,0,0,0,0,0,0,0,0,0,0,0,0,0,0,0,0,0,0,0,0,0,0.165,0,0.294,0,0,0,0,0,0,0,0,0,0,0,0,0,0,0,0,0,0,0,0,0,0,0,0,0,0,0,0,0,0,0,0,0,0,0,0,0.189,0,0,0,0,0,0,0,0,0,0,0,0,0,0,0,0,0,0,0,0,0.23,0,0,0,0,0,0,0,0,0,0,0,0,0.29,0,0,0,0,0,0,0,0,0,0,0.181,0,0,0,0,0,0,0,0,0,0,0,0,0,0,0,0,0,0,0,0,0,0,0,0,0,0,0,0,0,0,0,0,0,0,0,0,0,0,0,0,0,0,0,0,0,0,0,0,0,0,0,0,0,0,0,0,0,0,0,0,0,0,0,0,0,0.256,0,0,0,0,0,0,0,0.235,0,0,0,0,0,0,0,0,0,0,0,0,0,0,0,0,0,0,0,0,0,0,0,0,0,0,0,0,0,0,0,0,0,0,0,0,0,0,0,0,0,0,0,0,0,0,0,0,0.188,0,0,0,0,0,0,0,0.514,0,0.161,0,0,0,0,0,0,0,0.632,0,0,0,0,0,0,0,0,0,0,0,0,0,0,0,0,0,0,0.268,0,0,0,0,0,0,0,0,0,0,0,0,0,0,0,0,0,0,0,0,0,0,0,0,0,0,0,0,0,0,0.346,0,0,0,0,0,0,0,0,0,0,0,0,0,0,0,0,0,0,0,0,0,0,0,0,0,0,0,0,0,0,0,0,0,0,0,0,0,0,0,0,0,0,0,0,0,0,0,0,0,0,0,0,0,0,0,0,0,0,0,0,0,0,0,0,0,0,0,0,0,0,0,0,0,0,0,0,0,0,0,0,0,0,0,0,0,0,0,0,0,0,0,0,0,0,0,0,0,0,0,0,0,0,0,0,0,0,0,0,0,0,0,0,0,0,0,0,0,0.305,0,0,0,0,0,0.442,0,0,0,0,0,0,0,0,0,0,0,0,0,0,0,0,0,0,0,0,0,0,0,0,0,0,0,0,0,0,0,0,0,0.167,0,0,0.282,0.251,0,0.301,0,0,0.171,0,0,0,0,0,0.161,0,0,0.161,0,0,0,0,0,0,0,0,0,0.171,0.456,0,0,0,0,0,0,0,0,0,0,0,0,0,0,0,0.166,0,0,0,0,0,0,0,0,0,0.202,0,0,0.206,0.195,0,0.193,0.196,0,0,0.235,0.204,0,0,0,0,0,0.181,0,0,0,0,0,0,0,0.162,0,0.154,0,0,0,0,0,0.645,0.175,0,0.173,0.17,0,0,0,0,0,0,0,0,0,0,0,0,0,0,0,0,0,0,0,0,0,0.182,0,0.154,0,0,0,0,0,0.226,0,0,0,0,0.256,0,0.153,0,0,0.25,0,0,0,0,0,0,0,0,0,0,0,0,0,0.239,0,0,0,0,0,0,0,0,0,0,0,0,0,0,0,0,0,0,0,0,0,0,0,0,0,0,0,0,0,0,0,0,0,0,0,0,0,0.261,0,0,0,0,0,0,0,0,0,0,0,0,0,0,0,0,0,0,0,0,0,0,0,0,0,0,0,0,0,0,0,0,0,0,0,0,0,0,0,0,0,0,0,0,0,0,0,0,0,0,0,0,0,0,0,0,0.196,0,0,0,0,0,0,0,0,0,0,0,0,0,0,0,0,0,0,0,0,0,0,0,0,0,0,0,0,0.173,0,0,0,0,0,0,0,0.203,0,0,0,0,0,0,0,0,0,0,0,0,0,0,0,0,0,0,0,0,0,0,0,0,0.16,0,0,0,0,0,0,0,0,0,0,0,0,0,0,0,0.188,0,0,0.219,0.209,0,0.209,0,0,0,0,0,0,0,0,0,0,0,0,0,0,0,0.158,0,0,0,0,0,0,0,0,0,0,0,0,0,0,0,0,0,0,0,0,0,0,0,0,0,0,0,0,0,0,0,0,0,0,0,0,0,0,0,0,0,0,0,0,0,0,0,0,0,0,0,0,0,0,0,0,0,0,0,0,0,0,0,0,0,0,0,0,0,0,0,0,0,0,0,0,0,0,0,0,0,0,0,0,0,0,0,0,0,0,0,0,0,0,0,0.209,0.318,0.209,0.215,0.798,0.218,0.549,0.188,0,0,0,0,0,0,0,0,0,0,0,0,0,0,0,0,0,0,0,0,0,0,0,0,0,0,0,0,0,0,0,0,0,0,0,0,0,0,0,0,0,0,0,0,0,0,0,0,0,0,0,0,0,0,0,0,0,0,0,0,0,0,0,0,0,0,0,0,0,0,0,0,0,0,0,0,0,0,0,0,0,0,0,0,0,0,0,0,0,0,0,0,0,0,0,0,0,0,0,0,0,0,0,0,0,0,0,0,0,0,0,0,0,0,0,0,0,0,0,0,0,0,0,0,0,0,0,0,0,0,0,0,0,0,0,0,0,0,0,0,0,0,0,0,0,0,0,0,0,0,0,0,0,0,0,0,0,0,0,0,0,0,0,0,0,0,0,0,0,0,0,0,0
850395,0,0,0,0,0,0,0,0,0,0,0,0,0,0,0,0,0,0,0,0,0,0,0,0,0,0,0,0,0,0,0,0,0,0,0,0,0,0,0,0,0,0,0,0,0,0,0,0,0,0,0,0,0,0,0,0,0,0,0,0,0,0,0.288,0,0,0,0,0,0,0,0,0,0,0,0,0,0,0,0,0,0,0,0,0,0,0,0,0,0,0,0,0,0,0,0,0,0,0,0,0,0,0,0,0,0,0,0,0,0,0,0,0,0,0,0,0,0,0,0,0,0,0,0,0,0,0,0,0,0,0,0.216,0,0,0,0,0,0,0,0,0,0,0,0,0,0,0,0,0,0.288,0,0,0,0,0,0,0,0,0,0,0,0,0,0.706,0,0,0,0,0,0,0,0,0,0,0,0,0,0,0,0,0,0,0,0,0,0,0,0,0,0,0,0,0,0,0,0,0,0,0,0,0.359,0,0,0,0,0,0,0,0,0,0,0,0,0,0,0,0,0,0,0,0,0,0,0,0,0,0,0,0,0,0,0,0,0,0,0,0,0,0,0,0,0,0,0,0,0,0,0,0,0,0,0,0,0,0,0,0,0,0,0,0,0,0,0,0,0,0,0,0,0,0,0,0.72,0,0,0,0,0.445,0,0,0,0,0,0,0,0.474,0,0,0,0,0,0,0,0,0,0,0,0,0,0,0,0,0,0,0,0,0,0,0,0,0,0,0,0,0,0,0,0,0,0,0,0,0,0,0,0,0,0,0,0,0,0,0,0,0,0,0,0,0,0,0,0,0,0,0,0,0,0,0,0,0,0,0,0,0,0,0,0,0,0,0,0,0,0,0,0,0,0,0,0,0,0,0,0,0,0,0,0,0,0,0,0,0,0,0,0,0,0,0,0,0.195,0,0,0,0,0,0,0,0,0,0,0,0,0,0,0,0,0,0,0,0,0,0,0,0,0.795,0,0,0,0,0,0,0,0,0,0,0,0,0,0,0,0,0,0,0,0,0,0,0,0,0,0,0,0,0,0,0,0,0,0,0,0,0,0,0,0,0,0,0,0,0,0,0,0,0,0,0,0,0,0,0,0,0,0,0,0,0,0,0,0,0,0,0,0,0,0,0,0,0,0,0,0,0,0,0.846,0,0,0,0,0,0,0,0.589,0,0,0,0,0,0,0,0,0,0,0,0,0,0,0,0,0,0,0,0,0,0,0,0,0,0,0,0,0,0,0,0,0,0,0,0,0,0,0,0,0,0,0,0,0,0,0,0,0,0,0,0,0,0,0,0,0,0.715,0,0,0,0,0,0,0,0,0,0,0,0,0,0,0,0,0,0,0,0,0,0,0,0,0,0,0,0.288,0,0,0,0,0,0,0,0,0,0,0,0,0,0,0.487,0,0,0,0,0,0,0,0,0,0,0,0,0,0,0,0,0,0,0,0,0,0,0,0,0,0,0,0,0,0,0.205,0,0,0,0,0.537,0,0,0,0,0,0,0,0,0,0,0,0,0,0,0,0,0,0,0,0,0,0,0,0,0,0,0,0,0,0,0,0,0,0,0,0,0,0,0,0,0,0,0,0,0,0,0,0,0,0,0,0,0,0,0,0,0,0,0,0,0,0,0,0,0,0,0,0,0,0,0,0,0,0,0,0.29,0,0,0,0,0,0,0,0,0,0,0,0,0,0,0,0,0.297,0,0,0,0,0,0,0,0,0,0,0,0,0,0,0,0,0,0,0,0,0,0,0,0,0,0,0,0,0.163,0,0,0,0,0,0,0,0,0,0,0,0,0,0,0,0,0,0,0,0,0,0,0,0,0,0,0,0,0,0,0,0.638,0,0,0,0,0,0,0,0,0,0,0,0,0,0,0,0,0,0,0,0,0,0,0,0,0,0,0,0,0,0,0,0,0,0,0,0,0,0,0,0,0,0,0,0,0,0,0,0,0,0,0.638,0,0,0,0,0,0,0,0,0,0,0,0,0.611,0,0,0,0,0,0,0,0,0,0,0,0,0,0,0,0,0,0,0,0,0,0,0,0,0,0,0,0,0,0.358,0,0,0,0,0,0,0,0,0,0,0,0,0,0,0,0,0.214,0,0,0,0,0,0,0,0,0,0,0,0,0,0,0.218,0,0,0,0,0,0,0,0,0,0,0,0,0,0,0,0,0,0,0,0,0,0,0,0,0,0,0,0,0,0,0,0,0,0,0,0,0,0,0,0,0,0,0,0,0,0,0,0,0,0,0,0,0,0,0,0,0,0,0,0,0,0,0,0,0,0,0,0,0,0,0,0,0,0,0,0,0,0,0,0,0,0,0,0.2,0,0,0,0.19,0,0,0,0,0,0,0,0,0,0,0,0,0,0,0,0,0,0,0,0,0,0,0,0,0,0,0,0,0,0,0,0,0,0,0,0,0,0,0,0,0,0,0,0,0,0,0,0,0,0,0,0,0,0,0,0,0,0,0,0,0,0,0,0,0,0,0,0,0,0,0,0,0,0,0,0,0,0,0,0,0,0,0,0,0,0,0,0,0,0,0,0,0,0,0,0,0,0,0,0,0,0,0,0,0,0,0,0,0,0,0,0,0,0,0,0,0,0,0,0,0,0,0,0,0,0,0,0,0,0,0,0,0,0,0,0,0,0,0,0,0,0,0,0,0,0,0,0,0,0,0,0,0,0,0,0,0,0,0,0,0,0,0,0,0,0,0,0,0,0,0,0,0,0,0,0,0,0,0,0,0,0,0,0,0,0,0,0,0,0,0,0.29,0,0,0,0,0,0,0,0,0,0,0,0,0.445,0,0,0,0,0,0,0,0,0,0,0,0,0,0,0,0,0,0,0,0,0,0,0,0,0,0,0,0,0,0,0,0.197,0,0,0,0,0,0,0,0.655,0,0,0,0,0,0,0,0,0,0,0,0,0,0,0,0,0,0,0,0,0,0,0,0,0,0,0,0,0,0,0,0,0,0,0,0,0,0,0,0,0.619,0,0,0,0,0,0,0,0,0,0,0,0,0,0,0,0,0,0,0,0,0,0,0,0,0,0,0,0,0,0,0,0,0,0,0,0,0,0,0,0,0,0,0,0,0,0,0,0,0,0,0,0.242,0,0,0,0,0,0,0,0,0,0,0,0,0,0,0,0,0,0,0,0,0,0,0,0,0,0,0,0,0,0,0,0,0,0,0,0,0,0,0,0,0,0,0,0,0,0,0,0,0,0,0,0,0,0,0,0,0,0,0,0,0,0,0,0,0,0,0,0,0,0,0,0,0,0,0,0,0,0,0,0,0,0,0,0,0,0,0,0,0,0,0,0,0,0,0.336,0,0,0,0,0,0,0,0,0,0.376,0,0,0,0,0,0,0,0,0,0,0,0,0,0,0,0,0,0,0,0,0,0,0,0,0,0,0,0,0,0,0,0,0,0,0,0,0,0,0,0,0,0,0,0,0,0,0,0,0,0,0,0,0,0,0,0,0,0,0,0,0,0,0,0,0,0,0,0,0,0,0,0,0,0,0,0,0,0,0,0,0,0,0,0,0,0,0,0,0,0,0,0,0,0,0,0,0,0,0,0,0.292,0,0,0,0,0,0,0,0,0,0,0,0,0,0,0,0,0,0,0,0,0,0,0,0,0,0,0,0,0,0,0,0,0,0,0,0,0,0,0,0,0,0,0,0,0,0,0.284,0.2,0,0,0,0,0,0,0,0.197,0,0,0,0,0,0,0,0,0,0,0,0,0.197,0,0,0,0,0,0,0,0,0,0,0,0,0,0,0,0,0,0,0,0,0,0,0,0,0,0,0,0,0,0,0,0,0,0,0,0,0,0,0,0,0,0,0,0,0,0,0,0,0,0,0,0,0,0,0,0,0,0,0,0,0,0,0,0,0,0,0,0,0,0,0,0,0,0,0,0,0,0,0,0,0,0,0,0,0,0,0,0,0,0,0,0,0,0,0,0,0,0,0,0,0,0,0,0,0,0,0,0,0,0,0,0,0,0,0,0,0,0,0,0,0,0,0,0,0,0,0,0,0,0,0,0,0,0,0,0.535,0,0,0,0,0,0,0,0,0,0,0,0,0,0,0,0,0,0,0,0,0,0,0,0,0,0,0,0,0,0,0,0,0,0,0,0,0,0,0,0,0,0,0,0,0,0,0,0,0,0,0,0,0,0,0,0,0,0,0,0,0,0,0,0,0,0,0,0,0,0,0,0,0,0,0,0,0,0,0,0,0,0,0,0,0,0,0,0,0,0,0,0,0,0,0,0,0,0,0.2,0,0,0,0,0,0,0,0,0,0,0,0,0,0,0,0,0,0,0,0,0,0.762,0.218,0,0,0,0,0,0,0,0,0,0,0,0,0,0,0,0,0,0,0,0,0,0,0,0,0,0,0,0,0,0,0,0,0,0,0,0,0,0,0,0,0,0,0,0,0,0,0,0,0,0,0,0,0,0,0,0,0,0,0,0,0,0,0,0,0,0,0,0,0,0,0,0,0,0,0,0,0,0,0,0,0,0,0,0,0,0,0,0,0,0,0,0,0,0,0,0,0,0,0,0,0,0,0,0,0,0,0,0,0,0,0,0,0,0,0,0,0,0.731,0,0,0,0,0,0,0,0,0.224,0,0,0,0,0,0,0,0,0,0,0,0,0,0,0,0,0,0,0,0,0,0,0,0,0,0,0,0,0,0,0,0,0,0,0,0,0,0,0,0,0,0,0,0,0,0,0,0,0,0,0,0,0,0,0,0,0,0,0,0,0,0,0,0,0,0,0,0,0,0,0,0,0,0,0,0,0,0.284,0,0,0,0,0.22,0,0,0.211,0,0,0,0,0,0,0,0,0,0,0,0,0,0,0,0,0,0,0,0,0,0,0,0,0,0,0,0,0,0,0,0,0,0,0,0,0,0,0,0,0,0,0,0,0,0,0,0,0,0,0,0.15,0,0,0,0,0,0,0,0,0,0,0,0,0,0,0,0,0,0,0,0,0,0,0,0,0,0,0,0,0,0,0,0,0,0,0,0,0,0,0,0,0,0,0,0,0,0,0,0,0,0,0,0,0,0,0,0,0,0,0,0,0,0,0,0,0.161,0,0,0.165,0,0,0,0,0,0,0,0,0,0,0,0,0,0,0,0,0,0,0,0,0,0,0,0,0,0,0,0,0,0,0,0,0,0,0,0,0,0,0,0.866,0,0,0,0,0,0,0,0,0,0,0,0,0,0,0,0,0,0,0,0,0,0,0,0,0,0,0,0,0,0,0,0,0,0,0,0,0,0,0,0,0,0,0,0,0,0,0,0,0,0,0,0,0,0,0,0,0,0,0,0,0,0,0,0,0,0,0,0,0,0,0,0,0,0,0,0,0,0,0,0,0,0,0,0,0,0,0,0,0,0,0,0,0,0,0,0,0,0,0,0,0,0,0,0,0,0,0,0,0,0,0,0,0,0,0,0,0,0,0,0,0,0,0,0,0,0,0,0,0,0,0,0,0,0,0,0,0,0,0,0,0,0,0,0,0,0,0,0.293,0,0,0,0,0,0,0,0,0,0,0,0,0.191,0,0.196,0,0,0,0,0,0,0,0,0,0,0,0,0,0,0,0,0,0,0,0,0,0,0,0,0,0,0,0,0,0,0,0,0,0,0,0,0,0,0,0,0,0,0,0,0,0,0,0,0,0,0,0,0,0,0,0,0,0,0,0,0,0,0,0,0.352,0,0,0,0,0,0,0,0,0,0,0,0,0,0,0,0,0,0,0,0,0,0,0,0,0,0,0,0,0,0,0,0,0,0,0,0,0,0,0,0,0,0,0,0,0,0,0,0,0,0,0,0,0,0,0,0,0,0,0,0,0,0,0,0,0,0,0,0,0,0,0,0,0,0,0,0,0,0,0,0,0,0,0,0.571,0,0,0,0,0,0,0,0.288,0,0,0,0,0,0,0,0,0,0,0,0,0,0,0,0,0,0,0,0,0,0,0,0,0,0,0,0,0,0,0,0,0,0.26,0,0,0,0,0,0,0,0,0,0,0,0,0,0,0,0,0,0,0,0,0,0,0,0,0,0,0,0,0,0.197,0,0,0,0,0,0,0,0,0,0,0.394,0,0,0,0,0,0,0,0,0,0,0,0,0,0,0,0.211,0,0,0,0,0,0,0,0,0,0,0,0,0,0,0,0,0,0,0,0,0,0,0,0,0,0.22,0,0,0,0,0,0,0,0,0,0,0,0,0,0,0,0,0,0,0,0,0,0,0,0,0,0,0,0,0,0,0,0,0,0.334,0,0,0,0,0,0,0,0,0,0,0,0,0,0,0,0,0,0,0,0,0,0,0,0,0,0,0,0,0,0,0,0,0,0,0,0,0,0,0,0,0,0,0,0,0,0,0,0,0,0,0,0,0,0,0,0,0,0,0,0,0,0,0,0,0,0,0,0,0,0,0,0,0,0,0,0,0,0,0,0,0,0,0,0,0,0,0,0,0,0,0.17,0,0,0,0,0,0,0,0,0,0,0,0,0,0,0,0,0,0,0,0,0,0,0,0,0,0,0,0,0,0,0,0,0,0,0,0,0,0,0,0,0,0,0,0,0,0,0,0,0.183,0.288,0,0,0,0,0,0,0,0,0,0,0,0,0,0,0,0,0,0,0,0,0,0,0,0,0,0,0,0,0,0,0,0,0,0,0,0,0,0,0,0,0,0,0,0,0,0,0,0,0,0,0,0,0,0,0,0,0.192,0,0,0,0,0,0,0,0,0,0,0,0,0,0,0,0,0,0,0,0,0,0,0,0,0,0,0,0,0,0,0,0,0,0,0,0,0,0,0,0,0,0,0,0,0,0,0,0,0,0,0,0,0,0,0,0,0,0,0,0,0,0,0,0,0,0,0,0.307,0,0,0,0,0,0,0,0,0,0,0,0,0,0,0,0,0,0,0,0,0,0,0,0,0,0,0,0,0,0,0,0,0,0,0,0,0,0,0,0,0,0,0,0,0,0,0,0,0,0,0,0,0,0,0,0,0,0,0,0,0,0,0,0,0,0,0,0,0,0,0,0,0,0,0,0,0,0,0,0,0,0,0,0,0,0,0,0,0,0,0,0,0,0,0,0,0,0,0,0,0,0,0,0,0,0,0,0,0,0,0,0,0,0,0,0,0,0,0,0,0,0,0,0,0,0,0,0,0,0,0,0,0,0,0,0,0,0,0,0,0,0,0,0,0,0,0,0,0,0,0,0,0,0,0,0,0,0,0,0,0,0,0,0,0,0,0,0,0,0,0,0,0,0,0,0,0,0,0,0,0,0,0,0,0,0,0,0,0,0,0,0,0,0,0,0,0,0,0,0,0,0,0,0,0,0,0,0,0,0,0,0,0,0,0,0,0,0,0,0,0,0,0,0,0,0,0,0,0,0,0,0,0,0,0,0,0,0,0,0,0,0,0,0,0,0,0,0,0,0,0,0,0,0,0,0,0,0,0,0,0,0,0,0,0,0,0,0,0,0,0,0,0,0,0,0,0,0,0,0,0,0,0,0,0,0,0,0,0,0,0,0,0.683,0,0,0,0,0,0,0,0,0,0,0,0,0,0,0,0,0,0,0,0,0,0,0,0,0,0,0,0,0,0,0,0,0,0,0.239,0,0,0,0,0,0,0,0,0,0,0,0,0,0,0,0,0,0,0,0,0,0,0,0,0,0,0,0,0.288,0,0,0,0,0,0,0,0,0,0,0,0,0,0,0,0,0,0,0,0,0,0,0,0,0,0,0,0,0,0,0,0,0,0,0,0,0,0,0,0,0,0,0,0,0,0,0,0,0,0,0,0,0,0,0,0,0,0,0,0,0,0.284,0,0,0,0,0,0,0,0,0,0,0,0,0,0,0,0,0,0,0,0,0,0,0,0.596,0,0.179,0,0,0,0,0,0,0,0,0,0,0,0,0,0,0,0,0,0,0,0,0,0,0.275,0,0,0,0,0,0,0,0,0,0,0,0,0,0,0,0.195,0,0,0,0,0,0,0,0,0,0,0,0,0,0,0,0,0,0,0,0,0,0,0,0,0,0,0,0,0,0,0,0,0,0,0,0,0,0,0,0,0,0,0,0,0,0,0,0,0,0,0,0,0,0,0,0,0,0,0,0,0,0,0,0,0,0,0,0,0,0,0,0,0,0,0,0,0,0,0,0,0,0,0,0,0,0,0,0,0,0,0,0,0,0,0,0,0,0,0,0,0,0,0,0,0,0,0,0,0,0,0,0,0,0,0,0,0,0,0,0,0,0,0,0,0,0,0,0,0,0,0,0,0,0,0,0,0,0,0,0,0,0,0,0,0,0,0,0,0,0,0,0,0,0,0,0,0,0,0,0,0,0,0,0,0,0,0,0,0.185,0,0,0,0,0,0,0,0,0,0,0,0,0,0,0,0,0,0,0,0,0,0,0,0,0,0,0,0,0,0,0,0,0,0,0,0,0,0,0,0,0,0,0,0,0,0,0,0,0,0,0,0,0,0,0,0,0,0,0,0,0,0,0,0,0,0,0,0,0,0,0,0,0,0,0,0,0,0,0,0,0,0,0,0,0,0,0,0,0,0,0,0,0,0,0,0,0,0,0,0,0,0,0,0,0,0,0,0,0,0,0,0,0,0,0,0,0,0,0,0,0,0,0,0,0,0,0,0,0,0,0,0,0.196,0,0,0,0,0,0,0,0,0,0,0,0,0,0,0,0,0,0,0,0,0,0,0,0,0,0,0,0,0,0,0,0,0,0,0,0,0.167,0,0,0,0,0,0,0,0,0,0,0,0,0,0,0,0,0,0,0,0,0,0,0,0,0,0,0,0,0,0,0,0,0,0,0,0,0,0,0,0,0,0,0,0,0,0,0,0,0,0,0,0,0,0,0,0,0,0,0,0,0,0,0,0,0,0,0,0,0,0,0,0,0,0,0,0,0,0,0,0,0,0,0,0,0,0,0,0,0,0,0,0,0,0,0,0,0,0.307,0,0,0.375,0.171,0,0,0,0,0,0,0,0,0,0,0,0.307,0,0,0,0,0,0,0,0,0,0,0,0,0,0,0,0,0,0,0,0,0,0,0,0,0,0,0,0,0,0,0,0,0,0,0,0,0,0,0,0,0,0,0,0,0,0,0,0,0,0,0,0,0,0,0,0,0,0,0,0,0,0,0,0,0,0,0,0,0,0,0,0,0,0,0,0,0,0,0,0,0,0,0,0,0,0,0,0,0,0,0,0,0,0,0,0,0,0,0,0,0,0,0,0,0,0,0,0,0,0,0,0,0,0,0,0,0.179,0,0,0,0,0,0,0,0,0,0,0,0,0,0,0,0,0,0,0,0,0,0,0,0,0.337,0,0,0,0,0,0,0,0,0,0,0,0,0,0,0,0,0,0,0,0,0,0,0,0,0,0,0,0,0,0,0,0,0,0,0,0,0,0,0,0,0,0,0,0,0,0,0,0,0,0,0,0,0,0,0,0,0,0,0,0,0,0,0,0,0,0,0,0,0,0,0,0,0,0,0,0,0,0,0,0,0,0,0,0,0,0,0,0,0,0,0,0,0,0,0,0,0,0,0,0,0,0,0,0,0,0,0,0,0,0,0,0,0,0,0,0,0,0,0,0,0,0,0,0,0,0,0,0,0,0,0,0,0,0,0,0,0,0,0,0,0,0,0,0,0,0,0,0,0,0,0,0,0,0,0,0,0,0,0,0,0,0,0,0,0,0,0,0,0,0,0,0,0,0,0,0,0,0,0,0,0,0,0,0,0,0,0,0,0,0,0,0,0,0,0,0,0,0,0,0,0,0,0,0,0,0,0,0
854995,0,0,0,0,0,0,0,0,0,0,0,0,0,0,0,0,0,0,0.176,0,0,0,0.163,0,0.393,0,0.412,0,0,0,0,0.165,0,0.336,0,0,0,0,0,0,0,0.194,0,0,0,0,0.18,0.249,0,0,0,0,0,0,0,0,0,0,0,0,0,0.325,0.192,0,0.309,0,0,0.199,0.359,0,0.175,0,0,0,0,0,0.203,0,0,0,0,0,0,0,0,0,0,0,0,0,0,0,0.206,0,0,0,0,0,0,0,0.219,0,0,0,0,0,0,0,0,0,0,0,0,0,0,0,0,0,0,0,0,0,0,0.715,0.196,0,0,0,0,0,0,0,0,0,0,0.253,0,0,0.419,0,0,0,0.774,0,0,0,0,0,0,0,0,0,0,0,0,0.297,0,0,0,0,0,0,0,0,0,0,0,0.618,0,0,0.163,0,0,0,0,0,0,0,0,0,0,0,0,0,0,0,0,0,0,0,0,0,0,0,0,0,0,0,0,0,0,0,0,0.555,0,0,0,0,0,0,0,0,0,0,0,0,0,0,0,0,0,0,0,0,0,0,0,0,0,0,0,0,0,0,0,0,0.154,0,0,0,0.304,0,0,0,0,0,0,0,0,0,0,0,0.524,0,0,0,0,0,0,0,0,0,0,0,0,0,0,0,0,0,0,0,0,0,0,0,0,0,0,0,0,0,0,0,0,0,0,0,0,0,0,0,0,0,0,0,0,0,0,0,0,0,0,0,0,0,0,0,0,0,0.276,0,0,0,0,0,0,0,0,0,0,0,0,0,0,0,0.188,0,0,0,0,0,0,0,0,0,0,0,0,0,0,0,0,0,0,0.151,0,0,0,0,0,0,0,0,0,0,0,0,0,0,0,0,0,0,0,0,0.214,0,0,0,0,0,0,0,0,0,0.378,0,0,0,0,0,0,0,0,0,0,0,0,0,0,0,0,0,0,0,0,0,0,0,0,0,0,0,0,0.2,0,0,0,0,0,0.16,0,0,0,0,0,0,0,0,0.239,0,0,0,0,0,0,0,0,0,0,0,0,0,0,0,0,0,0.183,0,0,0.163,0,0,0,0,0,0,0,0,0,0,0.204,0.179,0,0,0,0,0,0,0,0,0,0,0,0,0,0,0,0,0,0,0.579,0,0,0,0,0,0,0,0,0,0,0,0,0.261,0,0,0,0,0,0,0,0,0,0,0,0,0,0,0,0,0,0.229,0,0,0,0.254,0,0,0,0,0,0,0,0,0,0,0.201,0,0,0,0,0,0,0,0,0,0,0,0,0,0,0,0,0,0.705,0,0,0,0,0,0,0,0,0,0,0,0,0,0,0,0,0,0,0,0,0,0,0,0,0,0,0,0,0,0,0,0,0,0,0,0,0,0,0,0,0,0,0,0,0,0,0,0,0,0,0,0,0,0,0,0,0.204,0,0,0,0,0,0,0,0,0,0,0,0.284,0,0.311,0,0,0,0,0,0,0,0,0,0,0,0,0,0,0,0,0,0,0,0,0,0,0,0,0,0,0,0,0,0,0,0,0,0,0,0,0,0.21,0.231,0,0,0,0,0,0,0,0,0,0,0,0,0,0,0,0,0,0,0,0,0,0,0,0,0,0,0,0,0,0,0,0,0,0,0,0,0,0,0,0,0,0.212,0,0,0,0,0,0,0.299,0,0.36,0,0,0,0,0,0.193,0,0,0,0.742,0,0,0,0.249,0,0,0.219,0.462,0,0,0,0,0,0,0.266,0,0,0,0,0,0,0,0,0,0,0,0,0,0,0,0,0,0,0,0,0,0,0,0,0,0.173,0,0,0,0,0,0,0,0,0,0,0,0,0,0,0,0,0.299,0,0.256,0,0,0,0,0,0,0,0,0,0,0,0,0,0,0.401,0,0,0,0,0,0,0,0,0,0,0,0.276,0,0,0,0,0,0,0,0,0,0,0.174,0,0,0,0,0,0.167,0,0,0,0,0,0,0,0,0.318,0,0,0,0,0,0,0,0,0,0,0,0,0,0,0,0,0,0.769,0,0,0,0,0,0,0,0,0,0,0,0,0,0,0,0,0,0,0,0,0,0,0,0,0,0,0,0,0,0,0,0,0,0,0,0,0,0,0,0,0,0,0,0,0,0,0.263,0,0,0,0,0,0,0,0,0,0,0,0,0,0,0,0,0,0,0,0,0,0,0,0,0,0,0,0,0,0,0,0,0,0,0,0,0,0,0.244,0,0,0,0,0.163,0,0,0,0,0,0.328,0,0,0,0,0,0,0,0,0,0,0,0,0,0,0,0,0,0,0,0,0,0,0,0,0,0,0,0,0,0,0,0,0,0,0,0,0,0,0.194,0,0,0,0,0,0,0,0.33,0.243,0,0,0,0,0,0,0,0,0,0,0.198,0,0,0,0.322,0,0,0,0.165,0,0,0,0,0,0,0,0,0,0,0.285,0,0,0,0,0,0,0,0,0,0,0,0,0,0,0,0,0,0,0,0,0,0,0,0,0,0,0,0,0.286,0,0,0.397,0,0,0.264,0,0,0,0,0,0,0,0,0.155,0,0,0,0,0,0,0,0,0,0,0.168,0,0,0,0,0.164,0,0,0,0,0,0,0,0,0,0,0.321,0,0,0,0,0,0,0,0,0,0,0,0,0,0,0,0,0,0,0,0,0,0.167,0,0,0,0,0,0.509,0,0,0.219,0,0,0,0,0.191,0,0,0,0,0,0,0,0,0,0,0,0,0.17,0,0,0,0,0,0,0,0,0,0,0,0,0,0,0,0,0,0,0,0,0,0,0,0.712,0,0,0,0,0,0.168,0,0,0,0,0,0,0,0,0,0,0.461,0.225,0,0,0,0,0,0,0,0,0,0,0,0,0,0,0,0,0,0,0.208,0,0,0,0,0,0,0,0,0,0,0,0.226,0,0,0,0,0,0,0,0,0.457,0,0,0,0,0,0.221,0,0,0,0.454,0,0,0,0,0,0,0,0,0,0,0,0,0,0,0,0,0,0,0,0,0,0,0,0,0,0,0,0,0,0,0,0,0,0,0,0,0,0,0,0,0,0,0.808,0,0,0,0,0,0,0,0,0,0,0,0,0,0.243,0.396,0,0,0.276,0,0,0,0,0.156,0,0,0,0,0,0,0,0,0,0,0,0,0,0,0,0,0,0,0,0,0,0,0,0,0,0,0,0,0,0,0,0.272,0,0,0,0,0,0,0,0,0,0,0.495,0,0,0,0,0,0.27,0,0,0,0,0,0,0,0,0,0,0,0,0,0.385,0,0,0,0,0,0,0,0,0,0,0,0.216,0,0,0,0,0,0,0,0,0,0,0,0,0,0,0,0,0,0,0.471,0,0,0,0,0,0,0,0,0,0,0,0,0,0,0,0,0,0,0,0,0,0,0,0.233,0,0.168,0.219,0,0,0,0,0,0,0,0,0,0,0,0,0,0,0,0,0,0.257,0,0,0,0,0,0,0,0,0,0,0,0,0,0,0,0,0,0,0.457,0,0,0,0,0,0,0,0,0,0,0,0,0,0,0,0,0,0,0,0.152,0,0,0,0,0,0,0,0,0,0.219,0,0.54,0,0,0,0,0,0,0,0,0.959,0,0,0,0,0,0,0,0,0,0,0,0,0,0,0,0,0.381,0,0,0,0,0,0,0.999,0,0,0,0,0,0,0,0,0,0,0,0,0,0,0.168,0,0,0,0,0,0,0,0,0,0.202,0,0,0,0,0,0,0,0,0,0,0,0,0,0,0,0,0,0,0,0,0,0,0,0.306,0,0,0,0,0,0,0,0,0.226,0,0.193,0,0,0,0,0.191,0,0,0,0,0,0,0,0,0,0,0,0,0,0,0,0,0,0,0,0,0,0,0,0,0,0,0,0,0,0,0,0,0,0,0,0,0,0,0,0,0,0,0.155,0,0,0.284,0,0,0,0,0,0,0,0,0,0,0,0,0.198,0,0,0,0,0,0,0.294,0,0,0,0,0,0,0,0,0,0,0,0,0,0,0,0,0,0,0,0,0,0,0,0,0,0,0,0,0,0,0,0,0,0,0,0,0,0,0,0,0,0,0,0,0.217,0,0,0,0,0,0,0,0,0,0,0,0,0,0,0,0,0,0,0,0,0,0,0,0,0,0,0,0,0.167,0,0,0,0,0,0,0,0,0,0,0,0,0,0,0,0,0,0,0,0,0,0,0,0,0,0,0.309,0,0,0,0,0,0,0,0,0,0,0.152,0.218,0,0,0,0,0,0,0,0,0.162,0.226,0,0,0.208,0,0,0,0,0.323,0,0,0,0,0,0,0,0,0,0,0,0,0.178,0,0,0.247,0,0,0,0.407,0,0,0,0,0,0,0,0,0,0,0,0,0.184,0,0,0,0,0,0,0,0,0,0,0,0,0,0,0,0,0,0,0,0.183,0,0,0,0,0,0,0,0,0,0,0,0,0,0,0,0,0,0,0,0,0,0.324,0,0,0,0,0.279,0,0,0,0,0,0,0,0,0,0,0,0.26,0,0,0,0,0,0,0,0,0,0.829,0,0,0,0,0,0,0,0,0,0,0,0,0,0,0,0,0,0,0,0,0,0.194,0,0,0,0,0,0,0,0,0,0,0,0,0,0,0,0,0,0,0,0,0,0,0,0,0,0,0,0,0,0,0,0,0,0,0,0,0,0,0,0,0,0.163,0,0,0,0,0,0,0,0,0,0,0,0,0,0,0,0,0,0,0,0,0,0.402,0,0,0,0,0,0,0,0,0,0,0,0,0,0,0,0,0,0,0,0,0,0,0,0,0,0,0,0,0,0.163,0,0,0,0,0,0,0,0.304,0.209,0,0,0,0,0,0,0,0,0,0,0,0,0,0,0,0,0,0,0,0,0,0,0.163,0,0,0,0,0,0,0,0,0,0,0,0,0,0,0,0,0,0,0.998,0,0,0,0,0.297,0,0,0,0,0,0,0,0,0,0,0,0,0,0,0,0,0.332,0,0,0,0,0,0,0,0,0,0,0.276,0,0.293,0,0,0,0,0,0,0.272,0,0,0,0,0,0,0,0,0,0,0,0,0,0,0,0,0,0,0,0,0,0,0,0.25,0,0,0,0,0,0,0,0,0,0,0,0,0,0,0,0,0,0,0,0,0,0.497,0,0,0,0.423,0,0,0,0,0,0,0.168,0.37,0,0,0,0,0,0,0,0,0,0,0,0.161,0.983,0,0,0,0,0,0,0,0.231,0,0.152,0,0,0,0,0.386,0,0,0.164,0,0,0,0,0,0,0.382,0.164,0,0.997,0,0,0,0,0,0,0,0.335,0,0.196,0,0,0,0.392,0.249,0.215,0,0,0,0,0,0,0.654,0,0,0,0,0.816,0,0.25,0,0,0,0.192,0,0,0.281,0,0,0.775,0,0,0.179,0.19,0,0.288,0,0,0,0,0,0,0,0,0,0,0,0,0,0,0,0,0,0,0,0.303,0.168,0,0,0,0,0,0,0,0,0,0,0,0,0,0,0,0,0,0.168,0,0,0,0,0,0,0,0,0,0,0,0,0,0,0,0,0,0,0,0,0.322,0,0,0,0,0,0,0,0,0,0,0,0,0,0,0,0,0.173,0,0,0.303,0,0.283,0,0,0,0,0,0,0,0,0,0,0,0,0,0,0,0,0,0.283,0,0,0,0,0,0,0,0,0,0.219,0,0,0,0,0,0,0,0,0,0,0,0,0,0,0,0,0,0,0,0,0,0,0,0,0,0,0,0,0,0,0,0,0,0,0,0,0,0,0,0,0,0,0,0,0,0.294,0.209,0,0,0.209,0,0,0,0,0,0,0,0,0,0,0,0,0.194,0,0,0,0,0.248,0,0,0,0,0,0,0,0,0.168,0,0,0,0,0,0,0,0,0,0,0,0,0,0,0,0,0,0,0,0,0,0,0,0,0,0,0.568,0,0,0,0,0,0,0,0,0,0,0,0,0,0,0.189,0,0,0,0.179,0,0,0,0,0,0,0,0,0,0,0,0,0,0,0,0,0,0,0,0,0.978,0,0,0,0.17,0,0,0,0.15,0,0,0,0,0,0,0.319,0,0.195,0,0,0,0,0.295,0,0,0,0,0,0,0,0,0,0,0,0,0,0,0,0,0,0,0,0,0,0,0,0,0,0,0,0,0,0,0,0,0,0,0,0,0,0,0,0.999,0,0,0,0,0,0,0,0.273,0,0,0,0,0,0,0,0,0,0,0,0,0,0,0,0,0,0,0,0,0.321,0,0,0,0,0.174,0,0,0,0,0,0,0,0,0,0.324,0,0,0,0,0,0,0,0,0,0,0,0,0,0.956,0,0,0,0,0.997,0,0,0,0,0,0,0,0,0,0,0,0,0,0,0,0,0,0,0,0,0,0,0.255,0,0,0,0,0,0,0,0,0,0,0,0,0,0,0,0,0,0,0,0,0,0,0,0,0,0,0,0,0,0.186,0,0,0,0,0,0,0,0,0,0,0,0,0,0,0,0,0,0,0,0.269,0,0,0,0.302,0,0,0,0,0,0.263,0,0,0.365,0,0,0,0.318,0,0.352,0,0.163,0,0,0,0,0,0,0,0,0,0,0,0,0,0,0,0,0,0,0,0,0,0,0,0,0,0,0,0,0,0,0,0,0,0,0,0,0,0,0,0,0.195,0,0,0,0,0,0,0,0,0,0,0,0,0,0,0,0,0,0,0,0,0,0,0,0,0,0,0,0,0,0,0,0.195,0,0,0,0,0,0,0,0,0,0,0,0,0,0,0,0,0,0,0,0,0,0,0,0,0.355,0,0,0,0,0,0,0,0,0,0,0,0,0,0,0,0,0,0,0,0,0,0,0,0,0,0,0,0.447,0.19,0,0,0,0,0,0,0,0,0,0,0,0,0,0,0,0,0,0,0,0,0,0,0,0,0.205,0,0,0,0,0,0,0,0,0,0,0,0,0,0,0,0,0,0,0,0,0,0,0,0,0,0,0,0,0,0,0,0,0,0,0,0,0,0,0,0,0,0.309,0,0,0,0,0,0,0,0,0,0.334,0,0,0,0,0.194,0,0,0,0,0,0,0,0,0,0,0,0,0,0,0,0,0,0,0,0,0,0,0,0,0,0,0,0,0.215,0,0.374,0,0,0,0,0,0,0,0,0,0,0,0,0.158,0,0,0,0,0,0,0,0,0,0,0,0.3,0,0,0,0,0,0,0,0,0,0.152,0,0,0,0,0,0,0,0,0,0,0,0,0,0,0,0.171,0,0,0,0,0,0,0,0,0,0,0,0,0,0,0,0,0,0,0,0,0,0,0,0,0,0,0,0,0,0,0,0.229,0.18,0,0,0,0,0,0,0,0,0,0.192,0,0,0,0,0,0,0,0,0,0,0,0,0.26,0,0,0,0,0,0,0,0,0,0,0,0,0,0,0,0.216,0,0,0,0,0,0,0,0,0,0,0,0,0,0,0,0.381,0,0,0,0,0,0,0,0,0,0,0,0,0,0,0,0,0,0,0,0,0,0,0,0,0,0,0,0,0,0,0.219,0,0,0,0,0,0,0,0,0,0,0,0,0,0,0,0,0,0,0,0,0,0,0,0,0,0,0,0,0,0,0,0,0,0,0,0,0,0,0,0,0,0,0,0.276,0,0,0,0,0,0,0.448,0,0,0.316,0,0,0.176,0,0,0,0,0.159,0,0.155,0,0,0,0,0,0,0,0,0,0,0,0,0,0,0,0,0,0,0,0,0,0,0,0,0.211,0,0,0,0,0,0,0,0,0,0,0,0,0,0,0,0,0,0,0,0,0,0,0,0,0,0,0,0,0,0,0.255,0,0,0,0,0.34,0,0,0,0,0,0.206,0,0,0,0,0,0,0,0,0,0,0,0,0,0,0,0,0,0,0,0,0,0,0,0.225,0,0,0,0,0,0,0.161,0,0,0,0,0,0,0,0,0,0,0,0,0,0,0,0,0,0,0.188,0,0,0,0,0,0,0,0,0,0,0,0,0,0,0,0,0,0,0,0,0,0,0,0.538,0,0.159,0,0,0,0,0,0,0,0,0,0,0,0,0,0.206,0.243,0.397,0,0,0,0,0,0,0,0,0,0,0,0,0,0,0,0.219,0,0,0,0,0,0,0,0,0,0,0,0,0,0,0,0,0.784,0,0,0,0,0,0,0,0,0,0,0,0,0,0,0,0,0,0.32,0,0,0,0,0,0,0,0,0,0,0,0,0,0,0,0,0,0,0,0,0,0,0,0,0,0,0,0,0,0,0,0,0,0,0,0,0,0,0,0,0,0,0,0,0,0,0,0,0,0,0,0,0,0,0,0,0,0,0,0,0,0,0,0,0,0,0,0,0,0,0,0,0,0,0.19,0,0,0.312,0,0,0,0,0,0,0,0,0,0,0,0,0,0,0.823,0,0,0,0,0,0,0,0,0,0,0,0,0,0,0,0,0,0,0,0.505,0,0,0,0,0.354,0,0,0,0,0,0,0,0.232,0,0,0,0,0,0,0,0,0,0,0,0,0,0,0,0,0.193,0,0,0,0,0,0,0,0,0.183,0.217,0,0,0,0,0,0,0,0,0.705,0,0,0,0,0,0.212,0,0,0,0,0,0,0,0.15,0,0,0,0,0.19,0,0,0,0,0,0,0,0,0,0,0,0,0,0,0,0,0,0.25,0,0,0,0,0,0,0,0,0,0,0.244,0,0,0,0,0,0,0,0,0,0,0,0,0,0,0,0,0,0,0,0,0,0,0,0,0,0,0,0,0,0,0,0,0,0,0,0,0,0,0,0,0,0,0,0,0,0,0,0,0,0,0,0,0,0,0,0,0,0,0,0,0,0,0,0,0,0,0,0,0,0,0,0,0,0,0,0,0,0,0,0,0,0,0,0,0,0,0,0,0,0,0,0,0,0,0,0,0,0,0,0,0,0,0,0,0,0,0.25,0,0,0,0,0,0.252,0,0,0,0,0,0,0,0,0,0,0,0,0,0,0,0,0,0,0,0,0,0,0.914,0,0,0,0,0,0,0,0,0,0,0,0,0,0,0,0,0,0,0,0,0,0,0,0,0,0,0,0,0,0,0,0,0,0,0,0,0,0,0.255,0,0,0,0,0,0,0,0,0,0,0,0,0,0,0,0,0,0,0,0,0,0,0,0.218,0,0,0.275,0,0,0,0,0,0.364,0,0,0,0,0,0,0,0,0,0,0.181,0,0,0,0,0,0,0,0,0,0,0,0,0,0,0,0.22,0,0,0,0,0,0,0,0,0,0,0,0,0,0,0,0,0,0,0,0,0,0,0,0,0,0,0,0,0,0,0,0,0.195,0.216,0,0,0.396,0.253,0.16,0,0,0.23,0,0,0.556,0,0,0,0.217,0,0,0.232,0,0,0,0,0,0,0,0,0,0,0,0,0,0,0,0,0,0,0,0,0,0,0,0,0,0,0,0,0,0,0,0,0,0,0,0,0,0,0.88,0,0,0.264,0,0,0,0,0.72,0,0,0,0.195,0,0,0,0,0,0,0,0,0,0,0,0.227,0,0,0,0,0.332,0,0,0,0,0,0,0,0,0,0,0,0,0,0,0.987,0,0,0,0,0,0,0,0,0,0,0,0,0,0.219,0,0,0,0,0.503,0,0.86,0.998,0,0,0,0,0,0,0,0,0,0,0,0,0,0,0,0,0,0,0,0,0,0,0,0,0,0,0,0,0,0,0,0,0,0,0,0.447,0,0,0,0,0,0,0,0,0,0,0,0,0.196,0.21,0,0,0.998,0,0,0,0,0,0,0.272,0.306,0,0,0,0,0,0,0,0.22,0,0,0,0,0,0,0,0,0,0,0,0,0,0.173,0.999,0.219,0.473,0.95,0.275,0.196,0.192,0.22,0.256,0.445,0.297,0.29,0.692,0.188,0.996,0.275,0.403,0.437,0.195,0,0,0,0,0,0,0,0,0,0,0,0,0,0,0,0,0,0,0,0,0,0,0,0,0,0,0,0,0,0,0,0,0,0,0,0,0,0,0,0,0,0,0,0,0,0,0,0,0,0,0,0,0,0,0,0,0,0,0,0,0,0,0,0,0,0,0,0,0,0,0,0,0,0,0,0,0,0,0,0,0,0,0,0,0,0,0,0,0,0,0,0,0,0,0,0,0,0,0,0,0,0,0,0,0,0,0,0,0,0,0,0,0,0,0,0,0,0,0,0,0,0,0,0,0,0,0,0,0,0,0,0,0,0,0,0,0,0,0,0,0,0,0,0,0,0,0,0,0,0,0,0,0,0,0,0,0,0,0,0,0,0,0,0,0,0,0,0,0,0,0,0,0,0,0,0,0,0,0,0,0
851484,0,0,0,0,0,0,0,0,0,0,0,0,0,0,0,0.195,0,0,0.612,0,0,0,0,0,0,0,0,0,0,0,0,0,0,0,0,0,0,0,0,0,0,0,0,0,0,0,0,0,0,0,0,0.999,0,0,0,0,0,0,0,0,0,0,0,0,0,0,0,0,0,0,0,0,0,0,0.198,0,0,0,0,0,0,0,0,0,0,0,0,0,0,0,0,0,0,0,0,0.999,0,0,0,0,0,0,0.195,0,0,0,0,0,0,0.483,0,0,0,0,0,0,0,0,0,0,0,0,0,0,0,0,0,0.908,0,0,0,0,0,0,0,0,0,0,0,0,0.999,0,0,0,0,0,0,0,0,0,0,0,0.157,0,0,0.907,0,0,0,0,0,0,0,0,0,0,0,0,0,0.221,0,0,0,0,0,0,0,0,0,0,0,0,0,0,0,0,0,0,0,0,0,0,0,0.184,0,0,0,0,0,0,0,0,0.282,0.959,0,0,0.999,0,0,0.296,0,0,0,0,0,0,0,0,0,0,0.999,0,0,0.831,0,0,0,0,0,0.841,0,0,0.999,0,0.171,0,0.202,0,0,0,0,0,0,0.475,0.342,0,0,0,0,0,0,0,0,0,0,0,0,0,0,0,0,0.307,0,0,0.257,0,0,0,0,0,0,0,0,0,0.244,0.984,0,0.273,0.184,0,0,0,0.444,0,0,0.58,0,0.905,0,0.151,0,0,0,0,0,0.161,0,0.811,0,0,0.999,0,0,0,0.309,0,0.159,0,0,0.999,0,0,0,0,0.983,0,0,0,0,0,0,0,0,0,0,0,0,0,0,0.648,0,0,0,0,0,0,0,0,0.221,0,0,0,0,0,0,0,0,0,0,0,0,0,0,0,0.216,0,0,0,0,0.212,0,0,0,0,0,0,0.374,0,0,0.999,0.226,0.529,0,0,0,0,0.999,0,0,0,0,0,0,0.999,0,0,0,0,0,0,0,0,0,0,0,0,0.999,0,0.27,0,0,0,0,0,0.225,0,0,0,0,0.875,0,0,0,0,0,0,0,0,0,0,0,0,0,0.203,0,0.24,0,0,0.184,0,0,0,0,0,0,0,0,0,0,0,0,0,0,0,0,0,0,0,0,0,0.999,0,0.312,0,0,0,0,0.883,0,0.164,0,0,0,0,0,0,0,0,0,0,0,0,0,0.999,0,0,0,0,0,0.676,0,0,0,0,0,0,0,0,0,0,0,0.912,0,0,0,0,0,0.91,0,0,0,0,0,0.159,0,0,0,0,0.82,0,0,0,0,0,0.29,0,0.999,0.344,0,0,0,0,0,0,0,0,0.444,0,0,0,0,0,0,0,0,0,0.914,0,0,0,0.18,0,0,0.189,0,0,0,0,0.157,0,0,0,0,0,0,0,0,0,0,0,0,0,0,0,0,0.307,0,0,0,0,0,0,0,0,0,0.63,0,0,0,0,0,0,0,0,0,0.955,0,0,0.217,0,0,0,0,0,0,0,0,0.328,0,0,0,0,0,0,0,0,0.192,0,0,0,0,0,0,0,0,0,0,0,0,0,0,0,0,0,0.467,0.901,0,0,0,0,0,0,0,0,0.589,0,0,0,0.167,0,0,0,0,0,0,0,0,0,0,0,0,0,0,0,0.169,0,0,0,0.47,0,0,0,0,0,0,0,0,0,0,0,0,0,0,0,0,0,0,0,0,0,0,0.799,0.183,0,0,0,0.204,0,0,0,0,0,0,0,0,0,0,0,0,0,0,0,0,0,0,0,0,0.424,0,0.223,0,0,0,0,0,0,0,0.301,0.999,0,0,0.252,0,0,0,0,0,0,0,0.999,0,0,0,0.24,0,0.268,0,0,0,0,0,0,0,0,0,0,0,0,0,0,0.999,0,0.211,0,0,0,0,0,0,0,0,0,0,0,0,0,0,0.376,0,0,0,0.807,0,0,0,0,0.578,0,0,0,0,0,0,0.198,0,0.829,0,0,0,0,0,0,0,0,0,0,0,0,0,0,0,0,0,0,0,0,0,0,0,0,0.19,0,0,0,0.816,0,0,0,0.499,0,0,0,0,0,0,0,0,0,0,0,0,0,0,0,0,0.218,0,0.999,0,0,0,0,0,0,0,0,0,0,0,0,0,0,0,0,0,0,0,0.261,0,0,0,0,0,0,0,0,0.186,0.999,0.294,0,0,0,0,0,0,0,0,0,0,0,0.223,0,0.999,0,0,0,0,0,0,0,0,0,0,0,0,0,0,0.151,0,0,0,0,0.482,0,0,0,0,0,0,0.993,0,0.998,0,0,0,0,0.942,0,0,0,0.999,0,0,0,0,0.441,0,0.999,0,0.99,0,0.999,0,0.218,0,0,0,0,0,0,0,0.256,0,0.203,0,0,0,0,0.992,0,0.933,0.999,0,0,0,0,0,0,0,0.297,0,0,0,0,0.196,0.366,0,0,0,0,0,0.999,0,0,0,0,0,0,0,0,0,0,0.24,0,0,0,0,0,0,0,0,0,0,0,0,0,0,0,0,0,0,0,0,0,0,0,0,0,0,0,0,0,0,0,0,0,0,0,0,0,0,0,0,0,0,0,0,0,0,0,0,0,0,0,0,0.999,0,0,0,0,0,0,0,0,0,0.999,0,0,0,0,0,0,0,0,0,0,0,0,0.904,0,0,0,0,0,0,0,0,0,0,0,0,0,0,0,0,0,0,0,0,0,0,0,0,0,0,0.62,0,0,0,0,0.887,0,0,0,0,0,0,0,0,0,0,0,0,0,0,0,0,0,0.999,0,0,0,0,0,0,0.175,0,0.914,0,0,0,0,0.166,0,0,0,0,0,0,0,0,0,0,0,0,0,0.999,0,0,0,0,0,0,0,0,0,0,0.999,0,0,0,0,0,0,0,0,0.999,0.424,0.183,0,0,0,0,0,0,0,0,0,0,0,0,0,0,0,0,0,0,0,0,0,0,0,0,0,0,0,0,0,0,0,0,0,0,0.999,0,0,0,0,0,0,0,0,0,0,0,0,0,0,0,0.999,0,0,0.299,0,0,0,0,0,0.586,0,0.984,0,0,0,0,0,0,0,0,0.232,0,0,0,0,0,0,0,0,0,0,0,0,0,0,0,0,0,0,0,0.999,0,0,0,0,0,0.442,0,0,0,0,0,0,0,0,0,0.808,0,0,0,0,0,0,0.287,0.329,0.44,0,0,0,0,0,0,0.999,0,0.999,0,0,0,0,0,0,0,0,0,0,0,0,0,0,0,0,0,0,0,0,0,0,0.206,0,0,0,0,0,0,0,0,0,0.258,0,0,0,0,0.296,0,0,0,0.201,0,0,0.171,0,0,0,0,0,0.798,0,0,0,0,0,0.424,0,0,0,0,0,0,0,0,0,0,0,0,0,0,0,0,0,0,0,0,0,0,0,0,0,0,0,0.999,0,0,0,0,0,0,0.357,0,0,0,0,0,0,0,0,0,0,0,0,0,0,0,0,0,0,0,0.206,0,0,0,0,0,0,0,0,0,0,0,0,0.545,0,0,0.798,0,0,0,0,0,0,0,0.442,0,0,0,0,0,0,0,0,0,0,0,0,0,0,0,0,0,0,0,0.688,0,0,0,0,0,0,0,0.198,0,0,0,0,0,0,0.154,0,0,0,0,0,0,0,0,0,0,0,0,0,0,0,0,0.999,0,0,0,0,0,0,0,0,0,0,0,0,0,0,0,0,0,0,0,0,0,0,0,0,0,0,0,0,0,0,0,0,0,0,0,0,0,0.239,0,0,0,0,0.169,0,0,0,0,0,0,0,0,0,0,0,0,0,0,0,0,0,0,0,0,0,0,0,0,0,0,0,0,0,0,0,0,0,0,0,0,0,0,0,0,0,0,0,0,0,0,0,0,0,0.342,0,0,0,0,0,0,0,0,0,0,0,0,0,0,0,0,0,0,0,0,0,0,0,0,0,0,0,0,0,0,0,0,0,0,0,0,0,0,0,0,0,0,0,0,0,0,0,0,0,0,0,0,0,0.858,0,0.395,0,0.809,0,0.283,0,0.999,0,0.811,0.161,0,0.803,0.539,0,0,0,0.203,0,0.581,0.98,0,0,0,0.218,0.801,0,0,0,0,0.162,0,0,0.832,0,0,0,0,0,0.179,0,0,0,0.944,0,0,0,0,0.352,0.999,0,0.827,0,0.999,0,0,0,0,0,0,0,0,0,0,0.999,0,0,0,0,0,0,0,0,0,0,0,0,0,0,0,0,0,0,0,0,0,0.803,0,0,0.345,0,0.999,0,0,0,0,0,0.189,0,0,0,0,0,0.204,0,0.203,0.586,0.841,0,0,0.187,0,0.342,0,0,0,0.16,0,0.171,0,0,0,0,0.999,0,0,0,0,0,0,0,0,0,0.999,0,0,0,0,0,0,0,0,0,0,0,0.437,0.293,0,0,0,0.191,0.802,0,0,0,0,0,0,0,0,0.999,0,0.81,0.677,0,0.253,0.807,0.223,0,0.846,0.313,0,0,0.962,0,0.999,0,0.338,0,0,0.802,0,0,0,0.85,0.192,0.316,0,0,0,0,0,0.169,0,0,0,0,0,0,0.92,0,0,0,0,0,0.942,0,0,0,0.846,0,0.313,0.803,0,0.309,0,0,0,0,0,0,0,0,0,0,0,0.294,0,0,0,0,0,0,0,0.178,0,0.156,0,0.81,0,0,0,0,0.223,0,0,0,0,0,0,0,0,0,0,0,0,0,0,0.612,0,0,0,0,0,0.224,0,0,0,0,0,0,0,0,0,0,0,0,0.263,0,0,0,0,0,0,0.999,0,0,0,0,0,0,0.189,0,0,0,0,0,0,0,0,0,0,0,0,0,0,0,0,0,0,0,0,0,0,0,0,0,0,0,0,0,0,0,0,0,0,0,0,0,0,0,0.156,0,0,0.92,0,0,0,0,0,0,0,0,0,0,0,0,0,0,0,0,0,0,0,0,0,0,0.677,0,0,0,0,0,0,0,0,0,0,0,0,0,0,0,0,0,0,0,0,0,0,0,0,0,0,0,0,0,0,0,0.164,0,0,0,0,0,0,0,0,0,0,0,0,0,0,0,0,0,0,0,0,0,0,0,0,0,0,0,0,0,0,0,0,0,0,0,0,0,0,0,0,0,0,0,0,0,0,0,0,0,0,0,0,0,0,0,0,0,0,0,0,0,0,0,0,0,0.963,0,0,0.999,0,0,0,0,0,0,0,0,0,0,0,0,0,0,0,0,0.275,0,0,0,0.169,0,0,0,0,0.198,0,0,0,0.179,0,0,0,0,0,0,0,0,0,0,0,0,0,0,0,0.426,0,0,0,0.725,0,0,0,0,0,0,0,0,0,0,0.182,0.302,0,0,0.228,0,0.999,0,0,0,0,0,0,0.957,0,0,0,0,0,0,0,0,0,0,0,0,0,0,0,0,0,0,0,0,0,0,0,0.171,0,0,0,0,0,0,0,0,0,0,0,0,0,0,0,0.999,0,0,0,0,0.16,0.999,0,0,0,0,0.999,0,0,0,0,0.174,0,0,0.216,0.886,0,0,0.428,0,0,0,0,0,0,0,0,0,0,0.904,0,0,0,0.908,0,0,0,0,0,0,0.363,0.999,0,0,0,0.743,0,0,0,0,0,0,0,0,0,0,0,0,0,0,0,0,0,0,0,0,0,0,0,0,0.261,0,0,0,0,0,0,0,0,0,0,0.345,0,0,0,0,0,0,0,0,0,0,0,0,0,0,0,0,0,0,0,0,0,0.272,0,0,0,0,0.342,0,0.194,0,0,0,0,0,0,0,0,0,0.999,0,0,0,0,0,0.235,0,0.345,0,0,0,0,0,0,0.944,0.207,0,0,0,0,0,0,0,0,0,0,0,0.565,0,0,0,0.156,0,0,0,0,0,0.288,0.874,0,0,0,0,0,0,0,0,0,0,0,0,0,0,0,0,0,0,0.999,0,0,0.999,0,0,0,0,0,0,0,0,0,0,0,0,0,0,0,0,0,0,0,0,0,0,0,0,0,0,0.157,0,0,0,0,0,0,0,0,0,0,0,0,0,0,0.171,0,0.318,0,0,0,0,0,0,0,0,0,0,0,0,0,0,0,0,0,0,0,0,0,0,0,0,0,0,0,0,0,0,0,0,0,0,0,0,0,0,0,0,0,0,0,0.165,0,0,0,0,0,0,0,0,0,0,0.298,0,0,0,0,0.265,0,0,0,0,0,0.163,0,0,0,0,0,0,0,0,0,0,0.615,0,0,0,0,0,0,0,0,0,0,0,0,0,0,0,0,0,0,0,0,0,0,0,0,0,0,0,0,0,0,0,0,0,0,0,0,0,0,0,0,0,0,0,0.999,0,0,0,0,0,0,0,0,0,0,0,0,0,0,0,0,0,0,0,0,0,0,0,0,0,0,0,0,0,0,0,0,0,0,0.589,0,0,0,0,0,0,0,0,0,0,0,0,0.902,0,0,0,0,0,0,0,0,0,0,0,0,0,0,0,0,0,0,0,0,0,0,0,0,0.448,0,0,0,0,0,0,0.201,0,0,0.497,0,0,0.844,0.24,0,0,0,0,0,0,0,0,0,0,0,0,0,0,0,0,0,0,0,0,0,0,0,0,0,0,0,0,0,0,0,0,0,0,0,0,0,0,0,0,0,0,0,0,0,0,0,0,0,0.168,0,0,0,0,0,0,0,0,0,0,0,0,0,0,0,0,0,0,0,0,0,0,0,0,0,0,0.8,0,0,0,0,0,0,0,0,0,0,0,0,0,0,0.944,0.857,0.999,0.788,0,0.278,0,0,0.999,0.998,0.999,0.805,0.48,0.999,0.816,0,0,0.999,0,0.972,0.999,0,0,0,0.201,0.487,0,0.999,0.33,0.999,0.847,0.206,0.999,0.172,0.363,0,0.608,0.811,0.799,0.999,0.235,0.999,0.803,0.894,0,0,0.172,0.999,0.999,0,0.93,0.176,0.803,0.695,0,0.586,0.795,0,0.877,0,0.197,0.999,0.999,0.999,0.999,0.985,0.999,0.999,0.173,0,0,0.811,0.999,0,0,0,0.794,0,0,0.238,0.999,0.999,0,0.999,0.999,0.999,0.407,0.313,0.999,0.283,0.809,0.856,0.479,0.999,0,0.706,0.614,0.999,0.999,0,0.983,0.275,0.436,0.999,0,0.999,0.999,0.839,0.999,0.999,0,0.194,0.994,0.932,0.999,0.622,0.999,0.999,0.841,0.999,0.934,0.553,0.257,0,0.999,0.999,0.788,0.888,0,0.193,0.971,0,0.999,0,0.803,0,0.999,0.839,0,0,0,0,0.999,0.999,0.157,0,0.589,0.999,0.92,0,0.999,0,0,0.592,0.999,0.999,0,0.993,0,0.999,0,0.776,0.999,0,0.65,0.999,0.999,0.22,0.801,0.999,0.999,0.224,0,0,0,0,0.173,0.181,0,0.164,0.565,0.473,0,0.777,0.316,0.949,0,0.814,0.965,0.999,0.999,0.999,0.849,0,0,0.999,0.999,0.803,0,0.999,0,0.999,0.999,0,0.999,0.835,0,0.999,0,0.999,0.55,0,0.989,0.999,0.999,0,0.817,0.999,0.458,0.908,0,0,0.999,0,0.999,0.812,0,0.999,0,0,0,0,0,0,0,0,0,0,0,0,0,0,0,0,0,0,0,0,0,0,0,0,0,0,0,0,0,0,0,0,0,0,0,0,0,0,0,0,0,0.526,0,0.999,0,0,0,0,0,0,0,0,0,0,0,0.304,0,0,0,0,0,0,0,0.209,0,0,0,0.351,0,0,0,0,0,0,0,0,0,0,0,0,0,0,0,0,0.233,0,0,0,0,0,0,0,0,0,0,0,0,0,0,0,0,0,0,0,0,0,0,0,0,0,0,0,0,0,0,0,0,0,0,0,0,0,0,0.215,0,0,0,0.186,0,0,0,0,0,0.468,0,0,0,0,0,0,0,0,0,0,0,0,0,0,0,0,0,0,0,0,0,0,0,0,0,0,0,0,0,0,0,0,0,0,0,0,0,0,0,0,0,0.197,0,0,0,0,0,0,0,0,0,0,0,0,0,0,0,0,0,0,0,0,0,0,0,0,0,0,0,0,0,0,0,0,0,0,0,0,0,0,0,0,0,0.226,0,0,0,0,0,0,0,0,0,0,0,0,0,0,0,0,0,0,0,0,0,0,0.415,0.351,0.169,0.905,0,0,0,0.868,0,0,0,0.881,0,0,0,0,0,0.424,0.165,0.202,0,0,0,0,0,0,0,0,0,0,0,0,0,0,0,0,0,0,0,0,0,0,0,0,0,0,0,0,0,0,0,0,0,0,0,0,0,0,0,0,0,0,0,0,0,0,0,0,0,0,0,0,0,0,0,0,0,0,0,0,0,0,0,0,0,0,0,0,0,0,0,0,0,0,0.265,0,0,0,0,0,0,0,0,0,0,0,0,0,0,0,0,0,0,0,0,0,0,0,0,0,0,0,0,0,0,0.272,0,0,0,0,0,0,0,0,0.298,0,0,0,0,0,0,0,0,0,0,0,0,0,0,0.161,0,0,0,0,0,0,0,0,0,0,0,0,0,0,0,0,0,0,0,0,0,0,0.522,0,0,0,0,0,0,0,0,0,0,0,0,0,0,0,0,0,0,0,0,0,0,0,0,0,0,0,0,0,0,0,0,0,0,0,0,0,0,0,0,0,0,0,0,0,0,0,0,0,0,0,0,0,0,0,0,0,0,0,0,0,0,0,0,0,0,0,0,0,0,0,0,0,0,0,0,0,0,0,0,0,0,0,0,0,0,0,0,0,0,0,0,0,0,0,0,0,0,0,0,0.159,0,0,0,0,0,0,0,0,0.171,0,0,0,0,0,0,0,0,0,0.221,0,0,0,0,0,0,0,0,0,0,0,0,0,0,0,0,0,0,0,0,0,0,0,0,0,0,0,0,0,0,0,0,0,0,0,0,0,0,0.648,0,0,0,0,0,0,0,0,0,0,0,0,0,0,0,0,0,0,0,0,0,0,0,0,0,0,0,0,0,0,0,0,0,0,0,0,0,0,0,0,0,0,0,0,0,0,0,0,0,0,0,0,0,0,0,0,0,0,0,0,0,0,0,0,0,0,0,0,0,0,0,0,0,0,0,0,0,0,0,0,0,0,0,0,0,0,0,0,0,0,0,0,0,0,0,0,0,0,0,0,0,0,0,0,0,0,0,0,0,0,0,0,0,0,0,0,0,0,0,0,0,0,0,0,0,0,0,0,0,0,0,0,0,0,0,0,0,0,0,0.203,0,0,0,0,0,0,0,0,0,0,0,0,0,0,0,0,0,0,0,0,0,0,0,0,0,0,0,0,0,0,0,0,0,0,0,0,0,0,0,0,0,0,0,0,0,0,0,0,0,0,0,0,0.645,0,0,0.341,0,0,0,0,0,0.258,0,0,0,0,0,0,0,0,0,0,0,0,0,0,0,0,0,0,0,0,0,0,0,0,0,0,0,0.538,0,0,0,0,0,0,0,0,0,0,0,0,0,0,0,0,0,0,0.165,0,0,0,0,0,0,0,0,0,0,0,0,0,0,0,0,0,0,0,0,0,0,0,0,0,0,0,0,0,0,0,0,0,0,0,0,0,0,0,0,0,0,0,0,0,0,0,0,0,0,0,0,0,0,0,0,0,0,0,0,0,0,0,0,0,0,0,0,0,0,0,0,0,0,0,0,0,0,0,0,0,0.349,0,0.182,0.245,0.191,0.156,0,0,0,0,0,0.281,0,0,0,0,0,0.185,0,0,0,0,0,0,0,0,0,0,0.173,0,0,0,0,0,0,0,0,0,0.495,0,0,0,0,0,0,0,0,0,0,0,0,0,0,0,0,0,0,0,0,0,0,0,0,0,0,0,0,0,0,0,0,0,0,0,0,0,0,0,0,0,0,0,0,0,0,0,0,0,0,0,0,0,0,0,0,0,0,0,0,0,0,0,0,0,0,0,0,0,0,0,0,0,0,0,0.207,0.434,0,0.194,0,0,0,0,0,0,0,0,0,0,0,0,0,0,0,0,0,0,0,0,0,0,0,0,0,0,0,0,0,0,0,0,0,0,0,0,0,0,0,0,0,0,0,0,0,0,0,0,0,0,0,0,0,0.158,0,0,0,0,0,0,0,0,0,0,0,0,0,0,0,0,0,0,0,0,0,0,0,0,0,0,0,0,0,0,0,0,0,0.201,0,0,0,0,0,0,0,0.176,0,0,0,0,0,0,0,0,0,0,0,0,0,0,0,0,0,0,0,0,0,0,0,0,0,0,0,0,0,0,0,0,0,0,0,0,0,0.229,0.157,0,0,0,0,0,0,0,0,0,0,0,0,0,0,0,0,0,0,0,0,0,0,0,0,0,0,0,0,0,0,0,0,0,0,0,0,0,0,0,0,0,0,0,0,0,0,0,0,0,0,0,0,0,0,0,0,0,0,0,0,0,0,0,0,0,0,0,0,0,0,0,0,0,0,0,0,0,0,0,0,0,0,0,0,0,0,0,0,0,0,0,0,0,0,0,0,0,0,0,0,0,0,0,0,0,0,0,0,0,0,0,0,0,0,0,0,0,0,0,0,0,0,0,0,0,0,0,0,0,0,0,0,0,0,0,0,0,0,0,0,0,0,0,0,0,0,0,0,0,0,0,0,0,0,0,0,0,0,0,0,0,0,0,0,0,0,0,0,0,0,0
856018,0,0,0.309,0,0,0,0,0,0,0,0.378,0.359,0,0,0,0.777,0,0,0,0,0,0,0,0.468,0,0,0,0,0,0.833,0,0,0,0,0,0.539,0.922,0.976,0,0,0,0,0,0,0,0,0,0,0,0,0,0,0,0,0.979,0,0,0.276,0,0,0,0,0,0,0,0,0,0,0,0,0,0,0,0,0,0,0,0,0.315,0,0,0,0,0,0,0,0,0,0.152,0,0,0,0,0,0,0,0,0,0,0,0.964,0,0,0.197,0,0.212,0,0,0,0,0.79,0.428,0,0,0,0,0,0,0.151,0,0,0,0,0,0,0,0,0,0,0.62,0,0,0,0,0,0,0,0,0,0,0,0,0,0,0,0,0,0,0.171,0,0,0,0,0,0.191,0.196,0,0.838,0,0,0,0,0,0,0,0,0,0,0,0,0,0,0,0,0,0,0,0,0.715,0,0,0,0,0,0,0,0,0.151,0,0,0.177,0,0,0,0,0,0,0,0,0,0,0.156,0,0,0.191,0,0,0,0,0,0,0,0.237,0,0,0,0,0,0,0,0,0,0,0,0,0,0,0,0,0,0,0,0,0,0,0,0,0,0,0,0,0,0,0,0,0,0,0,0,0,0,0,0,0,0.392,0,0,0,0,0,0,0,0,0,0,0,0,0,0,0,0,0,0,0,0,0,0,0,0,0,0,0,0,0.274,0,0,0,0,0,0,0,0,0,0,0,0,0,0,0,0,0,0,0,0,0,0,0,0,0,0,0.228,0,0,0,0,0,0,0,0,0,0,0,0,0,0.204,0,0,0,0,0,0,0,0,0,0.277,0,0,0,0,0,0,0,0,0,0,0,0,0,0,0,0,0,0,0,0,0,0,0,0,0,0,0,0,0,0,0,0,0,0,0,0,0,0,0,0,0,0,0,0.253,0,0,0,0,0,0,0,0,0,0,0,0,0,0,0,0,0,0,0,0,0,0,0,0,0,0,0,0,0,0,0,0,0,0.265,0,0,0,0,0,0,0,0,0,0,0,0,0,0,0,0,0,0,0,0,0,0,0,0,0,0,0,0,0,0,0,0,0.214,0,0,0,0,0,0,0,0,0,0,0,0,0,0,0,0,0,0,0,0,0,0,0.159,0,0,0,0.447,0,0,0,0,0,0,0,0,0,0,0,0,0,0,0,0,0,0,0,0,0,0,0,0,0,0,0,0,0,0.243,0,0,0,0,0,0,0,0,0,0,0,0,0,0,0,0,0,0,0,0,0,0,0,0,0,0,0,0,0,0,0,0,0,0.276,0,0,0,0,0,0,0,0,0,0,0,0,0,0,0,0,0,0,0,0,0,0,0,0,0,0,0,0.218,0,0,0,0,0.185,0,0,0,0,0,0,0,0,0,0,0,0,0,0,0,0,0,0,0,0.159,0,0,0,0,0,0,0,0,0,0,0,0,0,0,0,0,0.266,0,0,0,0,0,0,0,0,0,0,0,0,0,0,0,0,0,0,0,0,0,0,0.197,0,0,0,0,0,0,0,0,0,0,0,0,0,0.462,0,0,0.217,0,0,0,0,0,0,0,0,0,0,0,0,0,0,0,0,0.196,0,0,0,0,0,0,0,0,0,0,0,0,0,0,0,0,0,0,0,0,0,0,0,0,0,0,0,0,0,0,0,0,0,0.378,0,0,0,0,0,0,0.23,0,0,0,0,0,0,0,0,0,0,0,0,0,0.429,0,0.191,0,0,0,0,0,0,0,0,0,0,0,0,0,0,0,0,0,0,0,0,0,0,0,0,0,0.354,0,0,0,0,0,0,0,0,0,0,0,0,0,0,0,0,0,0,0,0,0,0,0,0,0,0,0,0,0,0,0,0,0,0,0,0,0,0,0,0,0,0,0,0,0,0,0,0,0,0,0,0,0,0,0.62,0,0,0,0,0,0,0,0,0,0,0,0,0,0,0,0,0,0,0,0,0,0.243,0,0,0,0,0,0,0,0,0,0,0.173,0,0,0,0,0,0,0,0,0,0,0,0,0,0,0,0,0,0,0,0,0,0.329,0,0,0,0,0,0,0,0,0.161,0,0,0,0,0,0,0,0,0,0,0,0,0,0,0,0,0,0,0,0,0,0,0,0,0,0,0,0,0,0,0,0,0,0,0,0,0,0,0,0,0,0,0,0,0,0,0,0,0,0,0,0,0,0,0,0,0,0,0,0,0,0,0,0,0,0,0,0,0,0,0.163,0,0,0,0,0,0,0,0,0.251,0,0,0,0,0,0,0,0,0,0,0,0,0,0,0,0,0,0.265,0,0,0,0,0,0,0,0,0,0,0,0,0,0,0,0,0,0,0,0,0,0,0,0,0,0,0,0,0,0,0,0,0,0,0,0,0,0,0,0,0,0,0,0,0,0,0,0,0,0,0,0,0,0,0,0,0,0,0,0,0,0,0,0,0,0,0,0,0,0,0,0,0.173,0.217,0,0,0,0,0,0,0,0,0,0,0,0,0,0,0,0,0,0,0,0,0,0,0,0,0,0,0.18,0,0,0,0,0,0,0,0,0,0,0.167,0,0,0,0,0,0,0,0,0,0,0,0,0,0,0,0,0,0,0,0,0,0,0,0,0,0,0,0,0,0,0,0,0,0,0,0,0,0,0,0,0,0,0,0,0,0,0,0,0,0,0,0,0,0,0,0,0,0,0,0,0,0,0,0,0,0,0,0,0,0,0,0,0,0,0,0,0,0,0,0,0,0,0,0,0,0,0,0,0,0,0,0,0,0,0,0,0,0,0,0,0,0,0,0,0.313,0,0,0,0,0,0,0,0,0,0,0,0,0,0,0,0,0,0,0,0,0,0,0,0,0,0,0,0,0,0,0,0,0,0,0,0,0,0,0.218,0,0.435,0,0,0,0,0,0,0,0,0,0,0,0,0,0,0,0,0,0,0,0,0,0,0,0,0,0,0,0,0,0,0,0,0,0,0,0,0,0,0,0,0,0,0,0,0,0,0,0,0,0,0,0,0,0,0,0,0,0,0,0,0,0,0,0.222,0,0,0,0,0,0.171,0,0,0,0,0,0,0,0,0,0,0,0,0,0,0,0,0,0,0,0,0,0,0,0,0,0,0,0,0,0,0,0,0,0,0,0,0,0,0,0,0,0,0,0,0,0,0,0,0,0,0,0,0,0,0,0,0,0,0,0.394,0,0,0,0,0,0,0,0,0,0,0,0,0,0,0,0,0,0,0,0,0.276,0,0,0,0,0,0,0,0,0,0,0,0,0,0,0,0,0,0,0,0,0,0,0,0,0,0,0,0,0,0,0,0,0,0,0,0,0,0,0,0.183,0,0,0,0,0,0,0,0,0,0,0,0,0,0,0,0,0,0,0,0,0,0,0,0,0,0,0,0,0,0,0,0,0,0,0,0,0,0,0,0,0,0,0,0,0,0,0,0,0,0,0,0,0,0,0,0,0,0,0,0,0,0,0,0,0,0,0.221,0,0,0,0,0,0,0,0,0,0,0,0,0,0,0,0,0,0,0,0,0,0,0,0,0,0,0,0,0,0,0.183,0,0,0,0,0,0,0,0,0,0,0,0,0,0,0,0,0,0,0,0,0,0,0,0,0,0,0,0,0,0,0,0,0,0,0,0,0,0,0,0,0,0,0,0,0,0,0,0.267,0,0,0,0,0,0,0,0,0,0,0,0,0,0,0,0,0,0,0,0,0,0,0,0,0,0,0,0,0.22,0,0,0,0,0,0,0,0,0,0,0,0,0,0,0,0,0,0.158,0,0,0,0,0,0,0,0,0,0,0,0,0,0,0,0,0,0,0,0,0,0,0,0,0,0,0,0,0,0,0,0,0.653,0,0,0,0,0,0,0,0,0,0,0,0,0,0,0,0.351,0,0,0,0,0,0,0,0,0,0,0,0,0,0,0,0,0,0,0,0.274,0,0,0,0,0,0,0,0,0,0,0,0,0,0,0,0,0,0,0,0,0,0,0,0,0,0,0,0,0,0,0,0,0,0,0,0,0,0,0,0,0,0,0,0,0,0,0,0.22,0,0,0,0,0,0,0,0,0,0,0,0,0,0,0.377,0,0,0,0,0,0,0,0,0,0,0,0,0,0,0,0,0,0,0,0,0,0,0,0,0,0,0,0,0,0,0,0,0,0,0,0.616,0,0,0,0,0,0,0,0,0,0,0,0,0,0,0,0,0,0,0,0,0,0,0,0,0,0,0,0,0,0,0,0,0,0,0,0,0,0,0,0,0,0,0,0,0,0,0,0,0,0,0,0,0,0,0,0,0,0,0,0,0,0,0,0,0,0,0,0,0,0,0,0,0,0,0,0,0,0,0,0,0,0,0,0,0,0,0,0,0,0,0,0,0,0,0,0,0,0,0,0,0,0,0,0,0,0,0,0,0,0.23,0.59,0,0,0,0,0,0,0,0,0,0,0,0,0,0,0.214,0,0,0,0,0,0.315,0,0,0,0,0,0,0,0,0,0,0,0,0.24,0.303,0,0,0,0.248,0,0,0,0,0,0,0,0,0,0.238,0,0,0.247,0,0,0,0.301,0,0,0,0.204,0.161,0,0,0.239,0,0,0,0,0,0,0,0,0,0,0,0,0,0,0,0,0,0,0,0,0,0,0,0,0,0,0,0,0.172,0,0,0,0,0,0,0,0,0,0,0,0,0,0,0,0,0,0,0,0,0,0,0,0,0,0,0,0,0,0,0,0,0,0,0,0,0,0,0,0,0,0,0,0,0,0,0,0,0,0,0,0,0,0,0,0,0,0,0,0,0,0,0,0,0,0,0,0,0,0,0,0.219,0,0,0,0,0,0,0,0,0,0,0,0,0,0,0,0.266,0,0,0,0,0,0,0,0,0,0,0,0,0,0,0,0,0,0,0,0,0,0,0,0,0,0,0,0,0,0,0,0,0,0,0,0,0,0,0,0,0,0,0,0,0,0,0,0,0,0,0,0,0,0,0,0,0,0,0,0,0,0,0.232,0,0,0,0,0,0,0,0,0,0,0,0,0,0,0,0,0,0,0,0,0,0,0,0,0,0,0,0,0,0,0,0,0,0,0,0.22,0,0,0,0,0,0,0,0,0,0,0,0,0,0,0,0,0,0,0,0,0,0,0,0,0,0,0,0,0,0,0.297,0,0,0,0,0,0.179,0,0,0,0,0,0,0,0,0,0,0,0,0,0,0,0,0,0,0,0,0,0,0,0,0.218,0,0,0,0,0,0,0,0,0,0,0,0,0,0,0,0,0,0,0,0,0,0,0,0,0,0,0.185,0,0,0,0,0,0,0,0,0,0,0,0,0,0,0,0,0,0,0,0.54,0,0,0,0,0,0,0,0.274,0.317,0,0,0,0,0,0,0,0,0,0,0,0,0,0,0,0,0,0,0,0,0,0,0,0,0,0,0,0,0.167,0,0,0,0,0,0,0,0,0,0,0,0,0,0,0,0,0,0,0,0,0,0,0,0,0,0,0,0.218,0,0,0,0,0,0,0,0,0,0,0,0,0,0,0,0,0,0,0,0,0,0,0,0,0,0,0,0,0,0,0,0,0,0,0,0,0,0,0,0,0,0,0,0,0,0,0,0,0,0,0,0,0,0,0,0,0,0,0,0,0,0,0,0,0,0,0,0,0,0,0,0.706,0,0,0,0,0,0.159,0.218,0,0,0,0.165,0,0,0.938,0,0,0.396,0,0,0,0,0,0,0,0,0,0,0,0,0.394,0,0,0,0,0,0,0,0,0,0,0.336,0,0,0.274,0,0,0.197,0,0,0,0,0,0,0,0,0,0,0,0,0,0,0,0,0,0,0,0,0,0,0.967,0,0,0,0,0,0,0,0,0,0,0,0,0,0,0,0,0,0,0,0,0,0,0,0,0,0,0,0,0,0.276,0,0,0,0,0,0,0,0,0,0,0,0,0,0,0,0,0,0,0,0,0,0,0,0,0,0.184,0,0,0,0,0,0.286,0,0,0,0,0,0,0,0,0,0,0,0,0.765,0,0,0,0,0,0,0,0,0,0.238,0,0,0,0,0,0,0,0,0,0,0,0,0,0,0,0,0,0,0,0,0,0,0,0,0,0,0,0,0,0,0,0,0,0,0,0,0,0,0,0,0,0,0,0,0,0,0,0,0,0,0,0,0,0,0,0,0,0,0,0,0,0,0,0,0,0,0,0,0,0,0,0,0,0,0,0,0,0,0,0,0,0,0,0,0,0,0,0,0,0,0,0,0,0,0,0,0,0,0,0,0,0,0,0,0,0,0,0,0,0,0,0,0,0,0,0,0,0,0,0,0,0,0,0,0,0,0,0,0,0,0,0,0.5,0,0,0,0.465,0,0,0,0,0,0,0,0,0,0,0,0,0,0.192,0,0,0,0,0,0,0,0,0,0,0,0,0,0,0,0,0,0,0,0,0,0,0,0,0,0,0,0,0,0,0,0,0,0,0,0,0,0,0,0,0,0,0,0,0,0,0,0,0,0,0,0,0,0,0,0,0,0,0,0,0.169,0,0,0,0,0,0,0,0,0,0,0,0,0,0,0,0,0,0,0,0,0,0,0,0,0.191,0,0,0,0,0,0,0,0,0,0,0,0,0,0,0,0,0,0,0,0,0,0,0,0,0,0,0,0,0,0,0,0,0,0,0,0,0,0,0,0,0,0,0,0,0,0,0,0,0,0,0,0,0,0,0,0,0,0,0,0,0,0,0,0,0,0,0,0,0,0,0,0,0,0,0,0,0,0,0,0,0,0,0,0,0,0,0,0,0,0,0,0,0,0,0,0,0,0,0,0,0,0,0,0,0,0,0,0,0,0,0,0,0,0,0,0,0,0,0,0,0,0,0,0,0,0,0,0,0,0,0,0,0,0,0,0,0,0,0,0,0,0,0,0,0,0,0,0,0,0,0,0,0,0,0.396,0,0,0,0,0,0,0,0,0,0,0,0,0,0,0,0,0,0,0,0,0.337,0,0.165,0,0,0,0,0,0,0,0,0,0,0,0,0,0,0,0,0,0,0,0,0,0,0,0,0,0,0,0,0,0,0,0,0,0,0,0,0,0,0,0,0,0,0,0,0,0,0,0,0.342,0,0,0,0,0,0,0,0,0,0,0,0,0,0,0,0,0,0,0,0,0,0,0,0.263,0,0,0.171,0,0,0,0,0,0,0,0,0,0,0.219,0,0,0,0,0,0,0,0,0,0,0,0.256,0,0,0.55,0,0,0,0,0,0,0,0,0,0,0,0,0,0,0,0,0,0,0,0,0.443,0,0,0,0,0,0,0,0,0,0.268,0,0,0,0,0,0,0,0,0,0.232,0,0,0,0,0,0,0,0,0,0,0,0,0,0,0,0,0,0,0,0,0,0,0,0,0,0,0,0.199,0,0,0,0,0,0,0,0,0,0,0,0,0,0,0,0.347,0.223,0,0,0,0,0,0,0,0,0,0,0,0,0,0,0,0,0,0,0,0,0,0,0,0,0,0.285,0,0,0,0,0,0,0,0,0,0,0,0,0,0,0,0,0,0,0,0,0,0,0,0,0,0.303,0,0,0,0,0.293,0,0,0,0,0,0,0,0,0,0,0,0,0,0,0,0.373,0,0,0,0,0,0,0,0,0,0,0,0,0.359,0,0,0,0,0,0,0,0,0,0.168,0,0,0,0,0,0,0,0,0,0,0,0,0,0,0,0,0,0.973,0,0,0,0,0.332,0,0.158,0,0,0.241,0,0,0,0,0,0,0,0.22,0,0,0,0,0,0,0,0,0.203,0,0,0,0,0,0,0,0,0,0,0,0,0.282,0,0,0,0,0,0,0,0,0,0,0,0,0,0.356,0,0.15,0,0,0,0,0,0,0,0,0,0,0.279,0,0,0,0,0,0,0,0,0,0,0,0,0,0,0,0,0,0,0,0,0,0,0,0,0,0,0,0,0,0,0,0,0.303,0,0,0,0,0,0,0,0,0,0,0,0,0.482,0,0,0,0.165,0,0,0,0.263,0,0,0,0,0,0,0.251,0,0,0,0,0,0,0,0,0,0,0,0,0,0,0,0,0,0,0,0,0,0,0,0,0,0,0,0,0,0,0,0,0,0,0,0,0,0,0,0,0,0,0.199,0,0,0,0,0,0,0,0,0,0,0,0,0,0,0,0,0,0.156,0,0,0,0,0,0,0,0,0,0,0,0,0.357,0,0,0,0,0,0,0,0,0,0,0,0,0,0,0,0,0,0,0,0,0,0,0,0,0,0,0,0.207,0,0,0,0,0,0.167,0,0,0,0.211,0.23,0,0,0.157,0.173,0,0,0,0,0,0,0.173,0,0,0,0.173,0,0,0,0,0,0,0,0.179,0,0,0,0.199,0,0,0,0,0,0,0,0,0,0,0,0.239,0.26,0,0,0,0.238,0,0,0,0,0,0.163,0.348,0,0,0,0,0,0,0,0,0,0,0,0,0,0,0,0,0,0,0,0,0,0,0,0,0,0,0,0,0,0,0,0,0,0,0,0,0,0,0,0,0,0,0,0,0,0,0,0,0,0,0,0,0,0,0.237,0,0,0,0,0,0.177,0,0,0,0,0,0,0,0,0,0,0,0,0,0,0,0,0.194,0,0,0.194,0,0,0,0,0,0.192,0,0,0.346,0,0,0,0,0,0,0,0,0,0,0,0,0,0,0,0,0,0,0,0,0,0,0,0,0,0,0,0,0,0,0,0,0,0,0,0,0,0,0,0,0,0,0,0,0.259,0,0,0,0,0,0,0,0,0,0,0,0,0,0,0,0,0,0,0,0,0,0,0,0,0,0,0,0,0,0,0,0,0,0,0,0,0,0,0,0,0,0,0,0,0,0,0,0,0,0,0,0,0,0,0,0,0,0,0,0,0,0,0.185,0,0,0,0,0,0,0,0,0,0,0,0,0,0,0,0,0,0.165,0.242,0,0.163,0,0.238,0,0,0,0,0,0,0,0,0,0,0,0,0,0.193,0.457,0,0.309,0,0,0,0,0,0,0,0,0,0,0,0,0,0,0,0,0,0,0.277,0,0.195,0,0,0,0.157,0,0,0,0,0,0,0,0,0,0,0,0,0,0,0,0,0,0,0,0,0,0,0,0,0,0,0,0.286,0,0,0,0,0,0,0,0,0,0,0,0,0,0,0,0,0,0,0,0,0,0,0,0,0,0,0,0,0,0,0,0,0,0,0,0,0,0,0,0,0,0,0,0,0,0,0,0,0,0,0,0,0,0,0,0,0,0,0,0,0,0,0,0,0,0,0,0,0,0,0,0,0,0,0,0,0,0,0,0,0,0,0,0,0,0,0,0,0,0,0,0,0,0,0,0,0,0,0,0,0,0,0,0,0,0,0,0,0,0,0,0,0,0,0,0,0,0.54,0,0,0,0,0,0,0,0,0,0,0,0,0,0,0,0,0,0,0,0,0,0,0,0,0,0,0,0,0,0,0,0,0,0,0,0,0,0,0,0,0,0,0,0,0,0,0,0,0,0,0,0,0,0,0,0,0,0,0.155,0,0,0,0,0,0.302,0,0,0,0,0,0,0,0,0,0,0,0,0,0,0,0,0,0,0,0,0,0,0,0,0,0,0,0,0,0,0,0,0,0,0,0.95,0,0,0,0.217,0,0,0,0,0,0,0,0,0,0,0,0,0,0,0,0,0,0,0,0,0,0,0,0,0,0,0,0,0,0,0.157,0.196,0.335,0.363,0.192,0.252,0.205,0.294,0.157,0.276,0.233,0,0,0,0,0,0,0,0,0,0,0,0,0,0,0,0,0,0,0,0,0,0,0,0,0,0,0,0,0,0,0,0,0,0,0,0,0,0,0,0,0,0,0,0,0,0,0,0,0,0,0,0,0,0,0,0,0,0,0,0,0,0,0,0,0,0,0,0,0,0,0,0,0,0,0,0,0,0,0,0,0,0,0,0,0,0,0,0,0,0,0,0,0,0,0,0,0,0,0,0,0,0,0,0,0,0,0,0,0,0,0,0,0,0,0,0,0,0,0,0,0,0,0,0,0,0,0,0,0,0,0,0,0,0,0,0,0,0,0,0,0,0,0,0
855600,0.376,0,0,0,0,0,0,0,0,0,0.275,0,0,0,0.218,0,0,0,0,0,0,0,0,0,0,0,0.304,0,0,0,0,0,0,0,0.153,0,0,0,0,0,0,0.158,0,0,0,0.347,0,0,0,0,0,0,0,0,0,0,0,0,0,0,0,0,0,0,0,0,0.161,0,0,0,0,0,0,0,0.286,0,0,0,0,0,0,0,0,0,0,0,0,0.195,0,0,0,0,0,0,0,0,0,0,0,0,0,0,0.294,0,0,0,0,0,0,0,0,0,0,0.291,0,0,0,0,0.207,0,0,0,0,0,0,0,0,0.352,0,0,0,0.218,0,0,0,0,0,0.224,0.303,0,0,0.206,0,0,0,0,0,0,0,0,0.158,0,0,0.207,0,0,0,0,0,0,0,0,0,0,0,0,0,0,0,0.221,0,0,0,0,0,0.267,0,0,0,0,0,0,0,0,0.194,0,0,0,0,0.251,0.205,0,0,0.167,0,0,0.188,0,0,0,0,0,0,0,0.966,0.178,0,0,0,0,0,0,0.292,0,0.238,0,0.169,0,0,0,0,0,0,0,0,0,0.506,0,0,0,0.237,0,0,0.264,0.34,0,0.238,0,0,0,0.221,0,0,0,0.221,0,0,0.169,0,0,0,0,0,0.186,0,0,0,0,0,0,0,0.155,0,0,0,0,0,0,0,0.154,0,0,0,0,0,0,0,0,0.167,0.189,0,0,0,0.437,0,0,0,0,0.279,0,0,0,0,0,0,0,0,0.232,0,0.171,0,0,0,0,0,0,0.214,0,0,0,0,0,0.19,0,0,0,0,0.318,0,0.287,0,0,0,0,0.303,0,0,0,0.18,0,0,0,0,0,0.426,0,0,0,0,0,0,0,0,0.153,0.369,0,0,0,0,0,0.176,0,0,0,0,0,0.214,0,0,0.373,0,0,0,0.223,0.217,0.38,0,0,0.179,0,0,0,0,0.176,0,0,0.192,0,0.214,0.31,0,0.217,0,0,0,0,0,0,0,0.202,0.245,0,0,0,0,0.27,0,0,0.169,0,0,0,0.18,0,0.19,0,0,0,0,0,0,0.189,0.332,0,0,0,0.255,0,0,0,0.36,0,0,0,0,0,0,0,0.458,0,0,0.19,0,0,0,0,0,0,0,0,0.79,0,0,0,0,0,0,0,0,0,0,0.19,0.249,0,0.244,0,0.321,0,0,0.191,0,0.205,0.399,0,0,0,0,0,0,0,0.182,0.173,0,0,0,0,0,0,0,0,0.227,0,0,0.56,0,0,0,0,0,0,0,0,0,0,0,0,0,0,0,0,0,0,0.182,0.447,0,0,0,0,0,0,0,0,0,0,0,0.166,0,0,0,0,0,0,0,0,0,0,0.223,0,0,0.289,0.177,0,0,0,0,0,0.262,0,0,0.311,0.254,0,0,0,0,0,0,0,0.155,0.174,0.232,0,0,0,0,0,0,0.355,0,0,0.168,0,0.176,0,0,0,0,0.237,0,0,0,0,0,0.263,0,0.162,0.186,0,0,0,0,0.154,0,0,0,0.399,0,0.266,0,0,0.386,0,0,0,0,0,0,0,0,0,0.503,0,0,0,0,0,0.165,0.36,0,0,0,0,0,0,0.206,0.19,0.163,0,0,0,0,0,0,0,0.181,0.157,0,0,0,0,0,0,0,0,0,0,0,0.193,0.511,0,0,0,0,0,0,0.287,0,0,0,0,0,0,0.217,0.154,0.218,0.199,0,0,0.304,0,0.362,0,0,0.332,0.177,0,0,0.249,0,0,0,0,0,0,0,0,0,0,0,0,0,0,0,0,0,0,0.162,0.162,0.324,0,0,0.31,0,0,0,0.208,0,0,0,0,0,0,0,0,0.16,0,0,0,0,0,0,0,0,0,0,0,0.255,0,0,0,0,0,0,0,0,0,0,0,0,0,0,0.285,0,0,0,0,0,0,0,0,0,0,0,0,0,0.446,0,0.425,0.177,0.162,0,0,0.162,0,0.199,0.206,0,0,0,0,0,0.22,0,0,0,0,0,0,0,0,0,0,0.152,0.388,0,0,0.169,0.191,0,0,0,0.167,0,0,0,0.158,0,0,0,0,0,0.155,0,0,0,0,0.152,0,0,0,0,0.182,0,0,0,0.212,0,0,0,0,0,0,0,0,0,0,0.152,0,0,0,0.208,0,0,0,0,0.218,0,0,0,0,0,0,0,0,0.226,0.167,0,0,0,0,0.29,0,0,0,0.153,0,0.191,0.447,0,0,0.194,0,0,0,0,0.366,0.329,0,0,0,0,0,0,0,0,0.317,0.23,0,0.153,0,0,0,0.176,0,0.176,0.212,0,0,0.336,0,0.355,0,0,0,0,0,0,0,0,0.22,0,0,0,0,0,0,0,0,0,0,0,0,0.277,0,0,0,0,0,0,0,0,0,0,0,0,0,0,0,0,0.163,0,0.218,0,0,0,0,0,0,0,0,0.245,0,0,0.245,0.165,0,0,0.208,0,0,0,0,0,0,0,0,0,0,0,0.208,0,0,0,0,0,0,0,0,0,0,0,0.232,0,0.351,0.285,0,0,0,0,0.163,0,0,0,0,0,0,0,0,0,0,0,0,0,0,0,0,0,0,0,0,0,0,0,0,0,0,0,0,0,0,0,0,0,0,0,0,0,0,0,0,0,0,0,0,0,0,0,0,0,0,0,0.196,0,0,0,0,0,0,0,0.169,0,0,0.153,0,0,0,0,0,0,0,0,0,0,0,0,0,0,0,0,0,0,0,0,0,0,0,0,0,0,0,0.262,0,0,0,0,0,0,0,0,0,0,0,0,0,0,0,0,0.267,0.229,0,0,0,0,0,0,0,0,0,0,0,0,0,0,0,0,0,0,0,0,0.154,0,0,0,0,0,0,0,0,0,0,0,0,0,0,0,0.306,0,0,0,0,0,0,0,0.169,0,0,0,0,0,0,0,0,0,0,0,0,0,0,0,0.196,0,0,0,0,0,0,0,0,0.392,0,0,0,0.29,0,0.339,0,0,0,0,0,0,0,0.175,0,0,0.445,0,0,0,0,0,0,0,0,0,0.17,0,0,0,0,0,0,0,0,0,0,0,0,0.286,0,0,0,0,0,0.288,0,0,0.223,0,0,0,0,0,0,0,0,0,0,0,0,0,0,0,0,0,0,0,0,0,0,0,0,0,0,0.191,0,0,0,0,0,0,0,0,0,0,0,0,0,0,0,0,0,0.182,0,0,0,0,0,0,0,0,0,0,0,0,0,0,0,0,0,0,0,0,0,0,0,0,0,0.597,0.154,0.183,0,0,0,0,0,0,0,0,0,0,0,0,0,0,0,0,0,0,0,0,0,0,0,0,0,0,0,0,0,0,0,0,0,0,0,0,0,0,0,0,0.158,0,0,0,0,0,0,0,0,0,0,0,0,0,0,0,0,0,0,0,0,0,0,0,0,0,0,0,0,0,0,0.199,0,0,0,0,0,0,0,0,0.294,0,0.169,0,0.299,0,0,0,0,0,0,0,0,0,0,0,0,0,0,0,0,0,0,0,0,0,0,0,0,0,0,0,0,0,0.245,0,0,0,0,0,0,0,0,0,0,0,0,0,0,0,0,0,0.173,0,0,0,0,0.453,0,0,0,0.179,0,0.152,0,0,0,0,0,0,0.175,0,0,0,0,0,0,0,0,0,0,0,0,0,0,0,0,0,0,0,0,0,0,0.173,0,0,0,0,0,0,0,0,0,0.186,0,0,0,0,0,0,0,0,0.158,0,0,0,0,0,0,0,0,0,0,0,0,0,0,0,0,0,0,0,0,0,0,0,0,0,0,0,0,0,0,0,0,0,0,0,0,0,0,0,0,0,0,0,0.336,0,0,0,0,0,0,0.682,0,0,0,0,0,0.272,0,0,0,0,0,0,0,0,0,0,0,0,0,0,0,0,0,0,0,0,0,0,0,0,0,0,0,0,0,0,0.407,0,0,0,0,0,0,0,0,0,0,0,0,0,0,0,0,0,0,0,0,0,0.164,0,0,0,0,0,0,0,0,0,0,0,0,0,0,0,0,0,0,0,0,0,0,0,0,0,0,0,0,0,0,0,0,0,0,0,0,0,0,0,0,0,0,0,0,0,0,0,0,0,0,0,0.214,0,0,0,0.162,0,0.27,0,0,0,0,0,0,0,0.163,0,0,0,0,0.21,0,0,0,0,0.173,0,0,0,0,0,0,0,0.155,0,0,0,0,0,0,0,0,0,0,0,0.275,0.186,0,0.178,0.153,0,0,0,0,0,0,0,0,0,0,0,0,0.188,0,0.251,0,0,0,0.238,0,0,0,0,0.167,0,0,0,0,0.171,0,0,0,0,0,0,0,0,0,0,0,0,0,0,0,0,0,0,0.171,0,0,0.29,0.177,0,0,0,0,0,0.183,0.198,0.162,0,0.212,0,0,0,0,0,0,0,0,0,0,0.274,0,0,0,0,0,0,0,0,0,0,0.172,0,0,0,0.222,0,0,0,0,0,0,0,0,0,0,0,0,0,0,0,0,0.187,0,0,0.226,0,0,0.194,0,0,0,0,0,0,0,0.166,0,0.178,0,0.296,0,0,0,0,0,0,0,0,0,0,0.189,0.278,0,0,0,0.153,0,0,0.155,0.25,0,0,0,0,0,0.154,0,0,0,0,0,0,0,0,0,0.317,0,0,0,0.166,0,0,0,0,0.153,0,0,0.165,0,0.332,0.173,0,0.164,0,0.331,0,0,0,0,0.319,0.157,0,0,0,0,0,0,0,0,0,0.245,0,0.48,0,0.245,0.832,0.232,0,0,0,0,0.261,0,0,0,0,0.303,0,0,0,0.25,0,0,0,0,0,0,0,0,0,0,0,0,0,0,0,0,0,0.159,0,0,0,0,0.182,0,0,0,0,0.245,0,0,0,0,0,0,0.2,0,0,0,0,0,0,0,0,0,0,0,0,0,0.339,0,0,0.182,0,0,0.66,0,0,0,0,0,0,0,0,0.209,0,0,0,0,0,0,0,0,0,0,0,0,0,0.841,0,0,0,0.252,0,0,0,0,0.368,0,0,0,0.256,0,0,0,0.183,0,0,0,0,0.165,0,0,0,0,0,0,0,0.206,0,0,0.152,0,0,0,0,0,0.219,0.347,0,0,0.319,0,0,0,0,0,0,0,0,0,0,0,0,0,0,0.152,0,0,0,0,0,0,0,0,0,0,0,0,0,0,0,0,0,0,0,0,0,0,0,0,0.197,0,0.158,0.162,0.196,0,0,0,0,0,0,0.183,0,0,0,0,0.183,0,0,0,0,0,0.154,0,0,0,0,0,0,0,0.249,0,0,0,0,0,0,0,0,0,0,0,0,0,0,0,0,0,0,0,0,0,0,0,0,0,0,0,0,0,0,0,0,0,0,0,0,0,0,0,0,0,0,0,0,0,0,0,0,0,0.154,0,0,0,0,0,0,0,0,0,0,0,0,0,0,0,0,0,0.18,0,0,0,0,0.262,0,0.25,0,0,0.174,0,0,0,0,0,0,0,0,0,0,0,0,0,0,0,0,0,0,0,0,0,0,0,0,0,0,0,0,0,0,0,0,0,0,0,0,0,0,0,0,0,0,0,0,0,0,0,0,0,0,0,0,0.57,0,0,0,0,0,0,0,0,0,0,0,0,0,0,0,0,0.161,0,0,0,0,0,0,0,0,0,0,0,0.15,0.331,0.172,0,0.15,0,0,0,0.429,0,0,0.181,0,0,0.208,0,0,0,0,0,0,0,0,0,0,0,0,0,0,0,0.236,0,0,0,0,0,0.154,0,0,0.366,0,0,0,0.289,0,0,0,0,0,0,0,0.289,0,0.383,0.216,0,0.289,0,0,0,0,0,0,0,0,0.213,0.176,0,0,0.377,0,0.169,0,0,0.208,0,0,0,0,0,0,0,0,0,0,0.159,0.454,0.19,0.18,0,0,0,0.289,0,0,0,0,0,0.216,0,0,0,0,0,0.598,0.25,0.337,0.223,0,0,0,0,0,0,0,0,0.223,0,0.34,0,0,0,0,0,0,0,0,0,0,0.191,0,0,0,0,0,0,0,0,0,0,0,0,0,0,0,0,0,0,0,0,0,0,0,0,0,0,0,0,0,0,0,0,0,0,0,0,0,0,0,0,0,0,0,0,0,0,0,0,0,0,0,0,0,0,0,0,0,0,0.182,0,0,0,0.242,0,0,0,0,0,0,0,0,0,0,0,0,0.166,0,0.186,0,0,0,0,0,0,0,0,0,0,0,0,0,0,0,0,0,0,0,0,0,0,0,0,0,0,0.616,0,0,0,0,0,0,0,0,0,0.185,0,0,0,0,0,0,0,0,0,0,0,0,0,0,0,0,0,0.169,0,0,0,0.276,0,0,0,0,0,0,0,0,0,0,0,0,0,0,0,0,0,0,0.236,0,0,0,0,0,0,0,0,0,0,0,0,0,0,0,0,0,0,0,0,0,0,0,0,0,0,0,0,0,0,0,0,0,0,0,0,0,0,0,0,0,0,0,0,0,0,0,0,0,0,0,0,0,0,0,0,0,0,0,0,0,0,0,0,0,0,0,0,0.16,0,0,0,0,0,0,0,0,0,0,0,0,0,0,0,0,0,0,0.188,0.169,0,0,0,0,0,0,0,0,0,0,0,0,0,0,0,0,0,0,0,0,0,0,0,0,0,0,0,0,0,0,0,0,0,0,0,0,0,0,0,0,0,0,0,0,0,0,0,0,0,0,0,0,0.201,0,0,0,0,0.183,0,0,0,0,0,0,0,0,0,0,0,0,0,0,0,0,0,0,0,0,0,0,0,0,0.416,0,0,0,0,0,0,0,0.969,0,0.173,0,0,0,0,0,0,0,0,0,0,0,0,0,0,0,0.451,0,0,0,0.162,0,0,0,0,0,0,0,0,0,0,0,0,0,0,0,0,0,0.197,0,0.155,0,0.199,0,0,0,0,0,0,0,0.222,0,0,0,0,0,0,0,0,0,0,0,0,0,0,0,0,0,0,0,0,0,0.192,0,0.448,0,0.2,0,0,0,0.167,0,0,0,0,0,0,0,0,0,0,0,0,0,0,0,0,0,0,0,0,0,0,0,0,0,0,0,0,0,0,0,0,0,0,0,0,0.268,0,0,0,0,0,0,0,0,0.234,0,0,0,0,0,0,0,0,0,0,0,0,0,0,0,0.178,0,0.227,0,0,0,0,0,0,0,0,0,0,0,0,0,0,0,0,0,0,0.167,0.242,0,0,0,0,0,0,0,0,0,0,0,0,0,0,0,0,0,0,0,0,0.158,0,0.252,0,0.245,0,0,0.175,0,0,0,0,0,0,0,0,0,0.171,0,0.167,0,0,0,0,0,0,0,0,0,0,0,0,0,0,0,0,0,0,0,0,0,0,0,0,0,0,0,0.158,0,0,0,0,0,0,0,0.192,0,0.161,0,0,0,0,0,0,0,0,0,0,0,0,0,0.178,0,0,0,0,0,0,0,0.227,0,0,0,0,0,0,0,0,0,0,0,0,0,0,0,0,0,0.373,0,0,0,0,0,0,0.158,0,0,0.84,0,0,0,0,0,0,0,0,0,0,0,0,0,0,0,0,0,0,0,0,0,0,0,0,0,0,0,0,0.171,0,0,0,0,0,0,0,0,0,0,0,0,0,0,0,0,0,0,0,0,0.162,0,0.155,0,0,0,0,0,0,0,0,0,0,0,0.35,0,0,0,0,0,0,0,0,0,0,0,0,0,0,0.446,0,0,0,0,0,0.205,0,0,0,0,0,0,0,0.261,0,0,0,0,0,0.155,0,0,0,0,0,0,0,0,0,0,0,0,0,0,0,0,0,0,0,0,0.215,0,0,0,0,0,0,0,0,0,0,0,0,0.261,0,0,0,0,0,0,0,0,0,0,0.197,0,0,0,0,0,0,0,0,0,0,0,0,0,0,0,0,0,0,0,0,0,0,0,0,0,0,0,0,0,0,0,0,0,0,0,0,0,0,0,0,0,0,0,0,0,0,0,0,0,0,0,0,0,0,0,0,0.196,0,0,0,0,0.295,0,0,0,0,0,0,0,0,0,0,0,0,0,0,0,0,0,0.179,0.231,0.179,0,0,0,0.166,0,0,0,0,0,0,0,0,0,0,0,0,0,0,0,0,0,0,0,0,0,0,0,0,0,0,0,0,0,0,0,0,0,0,0,0,0,0,0,0,0,0,0,0,0,0,0.154,0,0,0.18,0,0,0,0,0,0,0,0,0,0,0,0,0,0,0,0,0,0,0,0,0,0,0,0,0,0,0,0,0,0,0,0,0,0,0,0,0,0,0,0,0,0,0,0,0,0,0,0,0,0,0,0,0,0,0,0,0,0,0,0,0,0,0,0,0,0,0,0,0.286,0,0,0.152,0.254,0.176,0,0,0,0,0,0,0,0,0,0,0,0,0,0,0,0,0,0,0,0,0,0,0,0.353,0,0,0.18,0,0.297,0,0.266,0,0,0,0,0,0,0,0,0,0,0.337,0,0,0,0,0,0,0,0.166,0,0,0,0,0,0,0.162,0,0,0,0,0,0,0,0,0,0,0,0,0,0,0,0.171,0,0,0,0,0,0,0,0,0,0,0,0,0,0,0.19,0,0,0,0,0,0,0,0,0,0,0,0,0,0,0,0,0,0,0,0,0,0,0,0,0,0,0,0,0,0,0,0,0,0,0,0,0,0,0,0,0,0,0,0,0,0,0,0,0,0,0,0,0,0,0,0,0,0.241,0,0,0,0,0,0,0,0,0,0,0,0,0,0,0,0.171,0,0,0,0,0,0,0,0,0,0,0,0,0,0,0,0,0,0,0,0,0,0,0.164,0.264,0.374,0,0,0.748,0,0,0,0,0,0,0.711,0,0,0,0,0,0,0,0,0,0,0,0,0,0,0,0,0,0,0,0,0,0,0,0,0,0,0,0,0,0.154,0,0,0,0,0,0.194,0,0,0,0,0,0,0,0,0,0,0,0,0.35,0,0,0,0,0,0.293,0,0,0,0,0,0,0,0,0,0,0,0,0,0,0,0,0,0,0,0,0,0,0,0,0.254,0,0,0,0.273,0,0.308,0,0.171,0,0,0,0,0,0.286,0,0,0,0,0.606,0,0,0,0,0,0,0,0,0,0.152,0,0,0,0,0,0,0,0,0,0,0,0,0,0,0,0,0,0,0.171,0,0,0,0,0,0,0,0,0,0,0,0,0,0,0,0,0,0,0,0,0.182,0,0,0,0,0,0,0,0,0,0,0,0,0,0,0,0,0,0,0,0,0,0,0,0,0,0,0,0,0,0,0,0.187,0,0,0,0,0,0,0,0,0,0,0,0,0,0,0.934,0,0,0,0,0,0,0,0,0,0,0,0,0,0,0,0.266,0,0,0,0,0,0,0,0,0,0,0,0,0,0,0,0,0.506,0.161,0,0,0,0,0,0,0,0,0,0,0,0,0,0,0,0,0,0,0,0,0,0,0,0,0,0,0,0,0,0,0,0,0,0,0,0,0,0,0,0,0,0,0,0,0,0,0,0,0,0,0,0,0,0,0,0,0,0,0,0,0,0,0,0,0,0,0,0,0,0,0,0,0,0,0,0,0,0,0,0.318,0,0,0,0,0,0,0,0,0,0,0,0,0,0,0,0,0,0,0,0,0,0,0.296,0,0,0,0,0,0,0,0,0,0,0,0,0,0,0,0,0,0.22,0,0,0,0,0,0,0,0,0,0,0,0,0,0,0,0,0,0,0,0,0,0,0,0,0,0,0,0,0,0,0,0,0,0,0,0,0,0,0,0,0,0,0,0,0,0,0,0,0,0,0,0,0,0,0,0,0,0,0,0,0,0,0,0,0,0,0,0,0.352,0,0.175,0,0,0,0,0,0,0,0,0,0,0,0,0,0,0,0,0,0,0,0,0,0,0,0,0,0,0,0,0,0,0,0,0,0,0.177,0,0,0.201,0.233,0,0,0,0.175,0,0,0,0,0,0,0,0,0.192,0,0,0,0,0,0,0,0,0,0,0.174,0,0,0,0,0,0.266,0,0,0,0,0,0,0,0,0,0,0,0,0,0,0,0,0,0,0,0,0,0,0,0,0,0,0,0,0,0,0,0,0,0,0,0,0,0,0,0,0,0,0,0,0,0,0,0,0,0,0,0,0,0,0,0,0,0,0,0,0,0,0,0,0,0,0,0,0,0,0,0.266,0.174,0.157,0.191,0.686,0.266,0.165,0.241,0.266,0,0,0,0,0,0,0,0,0,0,0,0,0,0,0,0,0,0,0,0,0,0,0,0,0,0,0,0,0,0,0,0,0,0,0,0,0,0,0,0,0,0,0,0,0,0,0,0,0,0,0,0,0,0,0,0,0,0,0,0,0,0,0,0,0,0,0,0,0,0,0,0,0,0,0,0,0,0,0,0,0,0,0,0,0,0,0,0,0,0,0,0,0,0,0,0,0,0,0,0,0,0,0,0,0,0,0,0,0,0,0,0,0,0,0,0,0,0,0,0,0,0,0,0,0,0,0,0,0,0,0,0,0,0,0,0,0,0,0,0,0,0,0,0,0,0,0,0,0,0,0,0,0,0,1
853302,0,0,0,0,0,0,0,0,0.218,0,0.353,0,0,0,0,0,0,0,0,0,0,0.315,0,0,0,0,0,0,0,0,0,0,0,0,0,0,0,0,0,0,0,0,0,0,0,0,0,0,0,0,0,0,0,0,0,0,0,0,0,0.199,0,0,0,0,0,0,0,0,0,0,0,0,0,0,0,0,0,0,0,0,0,0,0,0,0,0,0,0,0,0,0,0,0,0,0,0,0,0,0,0,0,0,0,0,0,0,0,0,0,0.226,0,0,0.159,0,0,0,0,0,0,0,0,0,0,0,0.171,0,0,0,0,0,0,0,0,0,0,0,0,0,0,0,0,0,0.201,0,0,0,0,0,0,0,0,0,0.158,0,0,0,0,0,0,0,0,0,0,0,0,0,0,0,0,0,0.247,0,0,0,0,0,0,0,0,0,0,0,0,0,0,0,0,0,0.208,0,0,0,0,0,0,0,0,0,0,0,0,0,0,0,0,0,0,0,0,0,0,0,0,0,0,0,0,0,0,0,0,0,0,0,0,0,0,0,0,0,0,0,0,0,0,0,0,0,0,0,0,0,0,0,0,0,0,0,0,0,0,0,0.283,0,0,0,0,0,0,0,0,0,0,0,0,0,0,0,0,0,0,0,0,0,0,0,0,0,0,0,0,0,0,0,0,0,0,0,0,0,0,0,0,0,0,0,0,0,0,0,0,0,0,0,0,0,0,0,0,0,0,0,0,0,0,0,0,0,0,0,0,0,0.396,0,0,0,0,0,0,0,0,0,0,0,0,0,0,0,0,0,0,0,0,0,0,0,0,0,0,0,0,0,0,0,0,0,0,0,0,0,0,0,0,0,0,0,0,0,0,0,0,0,0.213,0,0,0,0,0,0,0,0,0,0,0,0,0.22,0,0,0,0,0,0,0,0,0,0,0,0,0,0,0,0,0,0,0,0,0,0,0,0,0,0,0,0,0,0,0,0,0,0,0,0,0,0,0,0,0,0,0,0,0,0,0,0.235,0,0,0,0,0,0,0,0,0,0,0,0,0,0,0,0,0,0,0,0,0,0,0,0,0,0,0,0,0,0,0,0,0,0,0,0,0,0,0,0,0,0,0,0,0,0,0,0,0,0,0,0,0,0,0,0,0,0,0,0,0,0,0,0,0,0,0,0,0,0,0,0,0,0,0,0,0,0,0,0,0,0,0,0,0,0,0,0,0,0,0,0,0,0,0,0,0,0,0,0,0,0,0,0,0,0,0,0,0,0,0,0,0,0,0,0,0,0,0,0,0,0,0,0,0,0,0,0,0,0,0,0,0,0,0,0,0,0,0,0,0,0,0,0,0,0,0,0,0,0,0,0,0,0,0,0,0,0,0,0,0,0,0,0,0,0,0,0,0,0,0,0,0,0,0,0,0,0,0,0,0,0,0,0,0.165,0,0,0,0,0,0,0,0,0,0,0,0,0,0,0,0,0,0,0,0,0,0,0,0,0,0,0,0,0,0,0,0,0,0.319,0,0,0,0,0,0,0,0,0,0,0,0,0,0,0,0,0,0,0,0,0,0,0,0,0,0,0,0,0,0,0,0,0,0,0,0,0,0,0,0,0,0,0,0,0,0,0,0,0,0,0,0,0,0,0,0,0,0,0,0,0,0,0,0,0,0,0,0,0,0,0,0,0,0,0,0,0,0,0,0,0,0,0,0,0,0,0,0,0,0,0,0,0,0,0,0.153,0,0,0,0,0,0,0,0,0,0,0,0,0,0,0,0,0,0,0,0,0,0,0,0,0,0,0,0,0,0,0,0,0,0,0,0,0,0,0,0,0,0,0,0,0,0,0,0,0,0,0,0,0,0,0,0,0,0,0,0,0,0,0,0,0,0,0,0,0,0,0,0,0,0,0,0,0,0,0,0,0,0,0,0,0,0,0,0,0,0,0,0,0,0,0,0,0,0,0,0,0,0,0,0,0,0,0,0,0,0,0,0,0,0,0,0,0,0,0,0,0,0,0,0,0,0,0,0,0,0,0,0,0,0,0,0,0,0,0,0,0,0,0,0,0,0,0,0,0,0,0,0,0,0,0,0,0,0,0,0,0,0,0,0,0,0,0,0,0,0,0,0,0,0,0,0,0,0,0,0,0,0,0,0,0,0.473,0,0,0,0,0,0,0,0,0,0,0,0,0,0,0,0,0,0,0,0,0,0,0,0,0,0,0,0,0,0,0,0,0,0,0,0,0,0,0,0,0,0,0,0,0,0,0,0,0,0,0,0,0,0,0,0,0,0,0,0,0.213,0,0,0,0,0,0,0,0,0,0,0,0,0,0,0,0,0,0,0,0,0,0,0,0,0,0,0,0,0,0,0,0,0,0,0,0,0,0,0,0,0,0,0,0,0,0,0,0,0,0,0,0,0,0,0,0,0,0,0,0,0,0,0,0,0,0,0,0,0,0,0,0,0,0,0,0,0,0,0,0,0,0,0,0,0,0,0,0,0,0,0,0.217,0,0,0,0,0,0,0,0,0,0,0,0,0,0,0,0,0,0,0,0,0,0,0,0,0,0,0,0,0,0,0,0,0,0,0,0,0,0,0,0,0,0,0,0,0,0,0,0,0,0,0,0,0,0,0,0,0,0,0,0,0,0,0,0,0.196,0,0,0,0,0,0,0,0,0,0,0,0,0,0,0,0,0,0,0,0,0,0,0,0,0,0,0,0,0,0,0,0,0,0,0,0,0,0,0,0.22,0,0,0,0,0,0,0,0,0,0,0,0,0,0,0,0,0,0,0,0,0,0,0,0,0,0,0,0,0,0,0,0,0,0,0,0,0,0,0,0,0,0,0,0,0,0,0,0,0,0,0,0,0,0,0,0,0,0,0,0,0,0,0,0,0,0,0,0,0,0,0,0,0,0,0,0,0,0,0,0,0,0,0,0,0,0,0,0,0,0,0,0,0,0,0,0,0,0,0,0,0,0,0,0,0,0,0,0,0,0,0,0,0,0,0,0,0,0,0,0,0,0,0,0,0,0,0,0,0,0,0,0,0,0,0,0,0,0,0,0,0,0.199,0,0,0,0,0,0,0,0,0,0,0,0,0,0,0,0,0,0,0,0,0,0,0,0,0,0,0,0,0,0,0,0,0,0,0,0,0,0,0,0,0,0,0,0,0,0,0,0,0,0,0,0,0,0,0,0,0,0.307,0,0,0,0,0,0,0,0,0,0,0,0,0,0,0,0,0,0,0,0,0,0,0,0,0,0,0,0,0,0,0,0,0,0,0,0,0,0,0,0,0,0,0,0,0,0,0,0,0,0,0,0,0,0,0,0,0,0,0,0,0.495,0,0,0,0,0,0,0,0,0,0,0,0,0,0,0,0,0,0,0,0,0,0,0,0,0,0,0,0,0,0,0,0,0,0,0,0,0,0,0,0,0,0,0,0,0,0,0,0,0,0,0,0,0,0,0,0,0,0,0,0,0,0,0,0,0,0,0,0,0,0,0,0,0,0,0,0,0,0,0,0,0,0,0,0,0,0,0,0,0,0,0,0,0,0,0,0,0,0,0,0,0,0,0,0,0,0,0,0,0,0,0,0,0,0,0,0,0,0,0.402,0,0,0,0,0,0,0,0,0,0,0,0,0,0,0,0,0,0,0,0,0,0,0,0,0,0,0.198,0,0,0,0,0,0,0,0,0,0,0,0,0,0,0,0,0,0,0,0,0,0,0,0,0,0,0,0,0,0,0,0,0,0,0,0,0,0,0,0,0,0,0,0,0,0,0,0,0,0,0,0,0,0,0,0,0,0,0,0,0,0,0,0,0,0,0,0,0,0,0,0,0,0,0,0,0,0,0,0,0,0,0,0,0,0,0,0,0,0,0.372,0,0,0,0,0,0,0,0,0,0,0,0,0,0,0,0,0,0,0,0,0,0,0,0,0,0,0,0,0,0,0,0,0,0,0,0,0,0,0,0,0,0,0,0,0,0,0,0,0,0.357,0,0,0,0,0,0,0,0,0,0,0,0,0,0,0,0,0,0,0,0,0,0,0,0,0,0,0,0,0,0,0,0,0,0,0.193,0,0,0,0,0,0,0,0,0,0,0,0,0,0,0,0,0,0,0,0,0,0,0,0,0,0,0,0,0,0,0,0,0,0,0,0,0,0,0,0,0,0,0,0,0,0,0,0,0,0,0,0,0,0,0,0,0,0,0,0,0,0,0,0,0,0,0,0,0,0,0,0,0,0,0,0.187,0,0,0,0,0,0,0,0,0,0,0,0,0,0,0,0,0,0,0,0,0,0,0,0,0,0,0,0,0,0,0,0,0,0,0,0,0,0.309,0,0,0,0,0,0,0,0,0,0,0,0,0,0,0,0,0,0,0,0,0.187,0,0,0,0,0,0,0,0,0,0,0,0,0,0,0,0,0,0,0,0,0,0,0,0,0.171,0,0.366,0,0,0,0,0,0,0,0,0,0,0,0,0,0,0,0,0,0,0,0,0,0,0,0,0,0,0,0,0,0,0,0,0,0,0,0,0,0,0,0,0,0,0,0,0,0,0,0,0,0,0,0,0,0,0,0,0,0,0,0,0,0,0,0,0,0,0,0,0,0,0,0,0,0,0,0,0,0,0,0,0,0,0,0,0,0,0,0,0,0,0,0,0,0,0,0,0,0,0,0,0,0,0,0,0,0,0,0,0,0,0,0,0,0,0,0,0,0,0,0,0,0,0,0,0,0,0,0,0,0,0,0,0,0,0,0,0,0,0,0,0,0,0,0,0,0,0,0,0,0,0,0,0,0,0,0,0,0,0,0,0,0,0,0,0,0,0,0,0,0,0,0,0,0,0,0,0,0,0,0,0,0,0,0,0,0,0,0,0,0,0,0,0.327,0,0,0.532,0.183,0.68,0.363,0,0,0,0,0,0,0,0,0,0,0,0.195,0,0,0,0.772,0,0.252,0,0,0.438,0.22,0,0,0.286,0,0,0,0,0,0,0,0,0,0.894,0,0,0.152,0.513,0,0,0.684,0,0,0,0.442,0.34,0,0.52,0.22,0,0.61,0,0,0,0,0,0,0,0,0,0,0,0.315,0,0,0,0,0,0,0.266,0,0,0,0.401,0,0,0,0,0,0,0,0,0,0.853,0.404,0,0,0,0,0,0.258,0,0,0,0,0,0,0,0,0,0,0,0,0,0,0,0,0,0,0,0,0,0,0,0,0,0,0,0,0,0,0,0,0,0,0,0,0,0.276,0,0,0,0,0,0,0,0,0,0,0,0,0,0,0.353,0,0,0,0,0,0,0,0,0,0,0,0,0,0,0,0,0,0,0,0,0,0,0,0,0,0,0,0,0,0,0,0,0,0,0,0,0,0,0,0,0,0,0,0,0,0,0,0,0,0,0,0,0,0,0,0,0,0,0,0,0,0,0,0,0,0,0,0,0,0,0,0,0,0,0,0,0,0,0,0,0,0,0,0,0,0,0,0,0,0,0,0,0,0,0,0,0,0,0,0,0,0,0,0,0,0,0,0,0,0,0,0,0,0,0,0,0,0,0,0,0,0,0,0,0,0,0,0,0,0,0,0,0,0,0,0,0,0,0,0,0,0,0,0,0,0,0,0,0,0,0,0,0,0,0,0,0,0,0,0,0,0,0,0,0,0,0,0,0,0,0,0,0,0,0,0,0,0,0,0,0,0,0,0.207,0,0,0,0,0,0,0,0,0,0,0,0,0,0,0,0,0,0,0,0,0,0,0,0,0,0,0,0,0,0,0,0,0,0,0,0,0,0,0,0,0,0,0,0,0,0,0,0,0,0,0,0,0,0,0,0,0,0,0,0,0,0,0,0,0,0,0,0,0,0,0,0,0,0,0,0,0,0,0,0,0,0,0,0,0,0,0,0,0,0,0,0,0,0,0,0,0,0,0,0,0,0,0,0,0,0,0,0,0,0,0,0,0,0,0,0,0,0,0,0,0,0,0,0,0,0,0,0,0,0,0,0.262,0,0,0,0,0,0,0,0,0,0,0,0,0,0,0,0,0,0,0,0,0,0,0,0,0,0,0,0,0.165,0,0,0,0,0,0,0,0,0,0,0,0,0,0,0,0,0,0,0,0,0,0,0,0,0,0,0,0,0,0,0,0,0,0,0,0,0,0,0,0,0,0,0,0,0,0,0,0,0,0,0,0,0,0,0,0,0,0,0,0,0,0,0,0,0,0,0,0,0,0,0,0,0,0,0,0,0,0,0,0,0,0,0,0,0,0,0,0,0,0,0,0,0,0,0,0,0,0,0,0,0,0,0,0,0,0,0,0,0,0,0,0,0,0,0,0,0,0,0,0,0,0,0,0,0,0,0,0,0,0,0,0,0,0,0,0,0,0,0,0,0,0,0,0,0,0,0,0,0,0,0,0,0,0,0,0,0,0,0,0,0,0,0,0,0,0,0,0,0,0,0,0,0,0,0,0,0,0,0,0,0,0,0,0,0,0,0,0,0,0,0,0,0,0,0,0,0,0,0,0,0,0,0,0,0,0,0,0,0,0,0,0,0,0,0,0,0,0,0,0,0,0,0,0,0,0.209,0,0,0,0,0,0,0,0,0,0,0,0,0,0,0,0,0,0,0,0,0,0,0,0,0,0,0,0,0,0,0,0,0,0,0,0,0,0,0,0,0,0,0,0,0,0,0,0,0,0,0,0,0,0,0,0,0,0,0,0,0,0,0,0,0,0,0,0,0,0,0,0,0,0,0,0,0,0,0,0,0,0,0,0,0,0,0,0,0,0,0,0,0,0,0,0,0,0,0,0,0,0,0,0,0,0,0,0,0,0,0,0,0,0,0,0,0,0,0,0,0,0,0,0,0,0,0,0,0,0,0,0,0,0,0.166,0,0,0,0,0,0,0,0,0,0,0,0,0,0,0,0,0,0,0,0,0,0,0,0,0,0,0,0,0,0,0,0,0,0,0,0,0,0,0,0,0,0,0,0,0,0,0,0,0,0,0,0,0,0,0,0,0,0,0,0,0,0,0,0,0,0,0,0,0,0,0,0,0,0,0,0,0,0,0,0,0,0,0,0,0,0,0,0,0,0,0,0,0,0,0,0,0,0,0,0,0,0,0,0,0,0,0,0,0,0,0,0,0,0,0,0,0,0,0,0,0,0,0,0,0,0,0,0,0,0,0,0,0,0,0,0,0,0,0,0,0,0,0,0,0,0,0,0,0,0,0,0,0,0,0,0,0,0,0,0,0,0,0,0,0.214,0,0,0.171,0,0,0,0,0,0,0,0,0,0,0,0,0,0,0,0,0.218,0,0,0,0,0,0,0,0,0,0,0,0,0.276,0,0,0,0,0,0,0,0,0,0,0,0,0,0,0,0,0,0,0,0,0,0,0,0,0,0,0.296,0,0,0,0,0,0,0,0,0,0,0,0,0,0,0,0,0,0,0,0,0,0,0,0,0,0,0,0,0,0,0,0,0.157,0,0,0,0,0,0,0,0,0,0,0,0,0,0,0,0,0,0,0,0,0,0,0,0,0,0,0,0,0,0,0,0,0,0,0,0,0,0,0,0,0,0,0,0,0,0,0,0,0,0,0,0,0,0,0,0.258,0,0,0,0,0,0,0,0,0,0,0,0,0,0,0,0,0,0,0,0,0,0,0,0,0,0,0,0,0,0,0,0,0,0,0,0,0.319,0,0,0,0,0,0,0,0,0,0,0,0,0,0,0,0,0,0,0,0,0,0,0,0,0,0,0,0,0,0,0,0,0,0,0,0,0,0,0,0,0,0,0,0,0,0,0,0,0,0,0,0,0,0,0,0,0,0,0,0,0,0,0,0,0,0,0,0,0,0,0,0,0,0,0,0,0,0,0,0.258,0,0,0,0,0,0,0,0,0,0,0,0,0,0,0,0,0,0,0,0,0,0,0,0,0,0,0,0,0,0,0,0,0,0,0,0,0,0,0,0,0,0,0,0,0,0,0,0,0,0,0,0,0,0,0,0,0,0,0,0,0,0,0,0,0,0,0,0,0,0,0,0,0,0,0,0,0.351,0,0,0,0,0,0,0,0,0,0,0,0.333,0,0,0,0,0,0,0,0,0,0,0,0,0,0,0,0,0,0,0,0,0,0,0,0,0.356,0,0,0,0,0,0,0,0,0,0,0,0,0,0,0,0,0,0,0,0,0,0,0,0,0,0,0,0,0,0,0,0,0,0,0,0,0,0,0,0,0,0,0,0,0,0,0,0,0,0,0,0,0,0,0,0,0,0,0,0,0,0,0,0,0,0,0,0,0,0,0,0,0,0,0,0,0,0,0,0,0,0,0,0,0,0,0,0,0,0,0,0,0,0,0,0,0,0,0,0,0,0,0,0,0,0,0,0,0,0,0,0,0,0,0,0,0,0,0,0,0,0,0,0,0,0,0,0,0,0,0,0,0,0,0,0,0,0,0,0,0,0,0,0,0,0,0,0,0,0,0,0,0,0,0,0,0,0,0,0,0,0,0,0,0,0,0.199,0,0,0,0,0,0,0,0,0,0,0,0,0,0,0,0,0,0,0,0,0,0,0,0,0,0,0,0,0,0,0,0,0,0,0,0.22,0,0,0,0,0,0,0,0,0,0,0,0,0,0,0,0,0,0,0,0,0,0,0.61,0,0,0,0,0,0,0,0,0,0,0,0,0,0,0,0,0,0,0,0,0,0,0,0,0,0,0,0,0,0,0,0,0,0,0,0,0,0,0,0,0,0,0,0,0,0,0,0,0,0,0,0,0,0,0,0,0,0,0,0,0,0,0,0,0,0,0,0,0,0,0,0,0,0,0,0,0,0,0,0,0,0,0,0,0,0,0,0,0,0,0,0,0,0,0,0,0,0,0,0,0,0,0,0,0,0,0,0,0,0,0,0,0,0,0,0,0,0,0,0,0,0,0,0,0,0,0,0.309,0,0,0,0,0,0,0,0,0,0,0,0,0,0,0,0,0,0,0,0,0,0,0,0,0,0,0,0,0,0,0,0,0,0,0,0,0,0,0,0,0,0,0,0,0.245,0,0,0,0,0,0,0.195,0,0,0,0,0,0,0,0,0,0,0,0,0,0,0,0,0,0,0,0,0,0,0,0,0,0,0,0,0,0,0.228,0,0,0,0,0,0,0,0,0,0,0,0,0,0.445,0.378,0,0,0,0,0,0,0.808,0,0,0,0,0,0,0,0,0,0,0,0,0,0,0,0,0,0,0,0,0,0,0,0,0,0,0,0,0,0,0,0,0,0,0,0,0,0,0,0,0,0,0,0,0,0,0,0,0,0,0,0,0.808,0,0,0,0,0,0,0.296,0,0,0,0,0,0,0,0,0,0,0,0,0,0,0,0,0,0,0,0,0,0,0,0,0,0,0,0,0,0,0,0,0,0,0,0,0,0.196,0,0,0,0,0,0,0,0,0,0,0,0,0,0,0.173,0.725,0.302,0.62,0.22,0.228,0.377,0,0,0,0,0,0,0,0,0,0,0,0,0,0,0,0,0,0,0,0,0,0,0,0,0,0,0,0,0,0,0,0,0,0,0,0,0,0,0,0,0,0,0,0,0,0,0,0,0,0,0,0,0,0,0,0,0,0,0,0,0,0,0,0,0,0,0,0,0,0,0,0,0,0,0,0,0,0,0,0,0,0,0,0,0,0,0,0,0,0,0,0,0,0,0,0,0,0,0,0,0,0,0,0,0,0,0,0,0,0,0,0,0,0,0,0,0,0,0,0,0,0,0,0,0,0,0,0,0,0,0,0,0,0,0,0,0,0,0,0,0,0,0,0,0,0,0,0,0,0,0,0,0,0,0,0,0,0,0,0,0,0,0,0
852697,0.22,0,0,0,0,0,0.624,0.389,0,0.499,0,0,0,0,0,0,0,0,0,0.531,0,0.176,0,0,0.156,0,0.18,0,0.551,0,0,0,0.558,0,0,0,0,0,0,0,0,0,0.161,0,0,0,0,0,0,0,0,0,0,0,0,0,0,0,0,0,0,0.416,0,0,0,0,0,0,0.257,0,0.191,0,0,0,0,0,0,0,0,0,0,0.159,0,0,0,0,0,0,0,0,0,0,0,0,0,0,0.236,0,0,0,0,0,0,0.151,0,0,0,0,0,0.169,0,0.171,0,0,0,0,0,0.921,0,0,0,0,0.206,0,0,0.551,0,0,0,0,0.2,0,0,0,0,0.384,0,0,0.203,0,0.151,0,0,0,0,0,0,0,0,0,0.174,0.179,0.167,0.384,0,0.173,0,0,0,0,0,0.33,0,0.667,0,0,0,0,0,0.197,0,0,0,0,0,0,0,0.44,0,0,0,0.233,0,0,0,0,0,0,0,0,0,0,0,0,0.441,0,0,0.62,0,0,0,0.152,0,0,0.167,0.181,0,0,0,0,0,0,0,0.272,0,0,0,0,0,0,0,0,0,0,0,0,0,0,0,0,0,0,0,0,0,0,0.187,0,0,0,0,0,0,0,0,0,0,0,0,0,0,0,0,0,0,0,0,0,0.163,0,0,0,0,0,0,0,0,0,0,0,0,0,0,0,0,0,0,0,0,0,0,0,0,0,0,0,0,0.748,0.655,0,0,0,0,0.228,0,0,0,0,0,0,0,0,0,0.21,0,0,0,0,0,0,0,0,0,0.2,0,0,0,0,0,0,0,0,0,0,0,0.15,0,0,0,0,0,0,0,0,0,0.343,0,0.158,0,0,0,0,0,0.178,0,0,0,0,0,0,0.239,0,0,0,0,0,0,0,0.369,0,0,0,0,0,0.256,0,0.224,0,0,0,0.287,0,0,0,0,0,0,0,0,0,0.194,0,0,0.173,0,0,0,0,0.767,0.32,0.177,0,0.394,0,0,0,0.153,0,0.251,0,0,0,0,0,0.208,0,0.179,0,0,0,0,0,0,0.724,0,0.158,0,0,0,0.758,0,0,0,0,0,0,0,0,0,0,0,0,0,0,0,0,0,0,0,0,0,0,0,0,0,0,0,0,0,0,0,0,0,0,0,0,0,0,0,0,0,0,0,0,0.194,0.174,0,0,0,0,0,0,0,0,0,0,0,0,0,0,0,0,0,0,0,0,0.254,0,0.416,0,0,0,0.447,0,0,0,0,0,0.233,0,0,0,0,0,0,0,0,0,0,0,0,0,0,0,0,0,0,0,0,0,0,0,0,0,0,0,0,0.157,0.683,0,0,0,0,0,0,0,0,0,0,0,0.159,0,0,0,0,0.393,0,0,0,0,0,0,0.161,0,0,0,0,0,0,0,0,0,0,0,0,0.418,0,0,0,0,0,0,0,0,0,0,0,0.309,0,0,0,0,0.807,0,0,0,0,0,0,0,0,0,0.203,0,0,0.2,0,0,0,0,0,0,0,0,0,0,0,0,0,0,0,0,0,0,0.317,0,0,0,0,0,0,0,0,0,0.189,0,0,0.457,0.188,0,0,0,0,0,0,0,0,0,0,0,0,0,0.192,0,0,0.209,0,0,0,0,0,0,0,0,0,0,0,0,0,0,0,0,0,0,0,0,0,0.468,0,0,0,0,0.199,0,0,0,0,0,0,0,0,0,0,0,0,0,0.369,0,0.173,0,0,0.167,0.788,0,0,0,0,0,0,0,0,0,0,0,0,0,0,0,0,0,0,0,0,0,0,0,0,0.182,0,0,0,0,0,0,0,0,0,0,0,0,0,0,0,0,0,0,0,0,0,0.358,0,0,0,0,0,0.167,0,0,0,0,0,0,0.285,0,0,0,0,0,0,0,0,0,0,0,0,0,0,0.154,0,0,0.151,0,0,0.195,0,0,0,0,0,0,0,0.153,0,0.752,0,0,0,0,0.162,0,0,0,0,0,0,0,0,0,0,0,0,0,0,0,0,0,0,0,0,0.285,0,0,0,0,0,0,0,0,0,0,0,0,0,0,0,0,0,0,0,0,0,0,0,0,0,0,0,0.176,0,0,0,0,0,0,0,0,0,0.168,0,0,0,0,0,0,0,0,0,0,0,0.156,0,0,0,0,0,0,0,0.176,0,0,0,0,0,0,0,0,0,0.162,0,0,0,0,0,0,0,0,0,0,0,0,0,0,0,0,0,0,0,0,0,0,0,0,0,0,0,0,0,0,0,0.364,0,0,0,0,0,0,0,0,0,0,0,0,0,0,0,0,0,0,0,0,0,0,0,0,0,0,0,0,0.884,0,0,0,0,0,0,0,0,0,0,0,0,0,0,0,0,0,0,0,0,0.213,0,0,0,0,0,0,0,0,0,0,0,0.178,0,0,0,0,0,0,0,0,0,0,0,0,0,0,0,0,0,0,0,0,0,0,0,0,0,0,0,0,0,0,0,0,0,0,0,0,0,0,0,0,0,0,0,0,0,0,0,0,0,0,0,0,0,0,0,0,0,0.153,0,0,0,0,0,0,0,0.352,0,0,0,0,0,0.259,0,0,0.386,0,0,0.29,0,0.162,0,0,0,0,0,0,0,0,0,0,0.638,0,0,0,0.256,0,0,0,0,0,0,0,0,0,0,0,0,0,0,0,0,0,0,0,0,0,0,0,0,0,0.216,0.199,0,0,0,0,0,0,0,0,0,0,0,0,0,0,0,0,0,0,0,0,0,0,0,0,0,0,0,0.15,0,0,0,0,0,0,0,0,0,0,0.211,0,0,0,0,0.164,0,0,0,0,0,0,0,0,0,0,0,0,0,0.36,0,0,0,0,0.187,0,0,0,0,0,0,0,0,0,0,0,0,0,0.182,0.161,0,0,0,0,0,0.191,0,0,0,0,0,0,0,0,0.222,0,0,0,0,0,0,0,0,0,0,0,0.16,0.191,0,0,0,0,0,0,0,0,0,0,0,0,0,0,0,0,0,0,0,0.175,0,0,0,0,0,0,0,0,0,0,0,0,0,0,0,0,0,0,0,0,0,0,0,0.885,0,0,0.879,0.178,0,0,0,0,0,0,0,0,0,0,0.177,0,0,0,0.187,0.798,0,0,0,0,0,0,0,0,0,0,0,0.176,0,0,0,0,0,0,0,0,0,0,0,0,0,0,0,0.151,0,0,0,0,0,0,0,0,0.201,0,0,0,0,0,0.197,0,0,0,0,0,0,0,0,0,0,0,0,0,0.398,0,0,0,0,0.218,0.187,0,0,0,0,0,0.342,0,0,0,0,0,0,0,0,0,0,0,0,0,0,0,0,0,0,0,0,0,0.26,0,0,0,0.232,0,0.25,0.518,0,0.251,0,0,0,0,0,0,0,0.623,0,0,0,0,0.745,0,0,0,0,0,0,0,0,0,0,0,0,0,0,0,0,0,0,0,0,0,0.177,0,0,0,0,0,0,0.188,0,0,0,0,0,0,0,0.565,0.419,0,0,0,0,0,0,0,0,0,0,0,0,0,0,0,0,0,0,0.203,0.17,0,0.231,0,0,0,0,0,0,0,0.186,0,0.162,0,0,0,0.164,0,0,0,0,0,0,0,0,0,0,0,0,0,0,0,0,0,0,0,0,0,0,0,0,0,0,0,0,0,0,0,0,0,0,0,0,0.178,0,0,0,0,0,0,0,0,0,0.219,0,0,0,0,0,0,0,0,0.192,0,0,0,0,0,0,0.151,0,0,0,0,0,0,0,0,0,0,0.161,0,0,0,0,0,0,0.513,0,0,0.2,0,0,0,0,0.206,0,0,0,0,0,0,0,0,0,0,0,0,0,0.181,0,0,0.237,0,0,0,0,0,0,0,0,0,0,0,0.153,0,0,0,0,0,0,0,0,0,0,0,0,0,0,0.198,0,0,0,0,0,0.517,0,0,0,0,0,0,0,0,0,0,0,0,0,0,0,0,0.527,0,0,0,0,0,0,0,0,0,0,0,0,0.448,0,0,0,0,0,0,0,0,0,0,0,0,0,0,0,0,0,0,0,0,0,0,0,0,0,0.276,0,0,0,0,0,0,0,0,0,0,0,0,0,0,0,0,0,0,0,0,0,0,0,0,0,0,0,0.912,0,0,0.171,0,0,0,0,0,0,0,0,0,0,0,0.2,0,0,0,0,0,0,0,0,0,0,0,0.16,0,0,0,0,0,0,0,0,0,0,0,0,0,0,0,0,0,0,0,0,0,0,0,0,0,0,0,0.375,0.154,0,0,0,0,0,0,0,0,0.574,0,0,0,0,0,0,0,0,0,0,0,0,0,0,0,0,0,0,0,0,0,0,0,0,0.35,0,0,0,0,0,0.379,0.177,0,0,0,0,0,0,0,0,0,0.196,0,0,0,0,0,0,0,0,0,0,0,0.166,0,0,0,0,0,0,0,0,0,0,0,0.285,0,0,0,0,0,0,0,0,0,0,0.15,0,0.172,0.388,0,0,0,0,0.183,0,0,0,0,0,0,0,0,0,0,0,0,0,0,0,0,0,0,0,0,0,0,0,0,0,0,0,0,0,0,0,0,0,0,0,0,0,0,0,0,0,0,0,0,0,0,0.404,0,0,0,0,0,0,0,0,0,0,0,0,0,0,0,0,0,0,0,0,0,0,0,0,0,0,0,0,0.505,0,0,0,0,0,0,0,0,0.598,0,0,0,0,0,0.252,0,0,0,0,0,0,0,0,0,0.201,0,0,0.164,0,0,0,0,0,0,0,0,0,0,0,0,0,0,0,0,0,0,0,0.163,0,0,0,0,0,0,0,0,0,0,0,0,0,0,0,0,0,0,0,0,0,0,0,0,0,0,0.266,0,0,0,0,0,0,0,0,0,0,0,0,0,0,0.193,0,0,0,0,0,0,0,0,0,0,0,0,0,0,0,0,0,0,0,0,0,0,0,0,0,0,0,0,0,0,0,0,0,0,0,0,0,0,0,0,0,0,0,0,0,0,0,0,0,0,0,0,0,0,0,0,0,0,0,0.186,0,0,0,0,0,0,0,0,0,0,0,0,0,0,0,0,0,0,0,0,0,0,0,0,0,0.439,0,0,0,0.55,0,0,0,0,0,0,0,0,0.181,0,0,0,0,0.154,0,0.205,0,0,0,0,0,0,0,0,0,0,0,0,0,0,0,0,0.17,0,0,0,0.179,0,0,0,0,0,0,0,0,0,0,0,0,0,0,0,0.446,0,0,0,0,0,0,0,0,0.706,0,0,0,0,0,0,0,0.262,0.366,0,0,0,0.169,0,0,0,0,0,0,0,0,0,0,0,0,0,0.152,0,0,0,0,0,0,0,0,0.317,0,0,0,0,0,0,0,0,0,0,0,0.183,0,0,0,0,0,0,0,0,0,0,0,0,0,0,0,0,0,0,0,0,0.782,0,0,0,0,0,0,0,0,0,0,0,0,0,0,0,0,0,0,0,0.4,0,0,0,0,0,0,0,0,0.258,0,0,0,0,0,0,0,0,0,0,0,0,0,0,0,0,0,0,0.694,0,0,0,0,0,0.179,0,0.53,0,0,0,0,0,0,0,0,0,0,0,0,0,0,0,0,0,0,0,0,0,0,0,0,0,0,0,0,0,0,0,0,0,0.213,0,0,0,0,0,0,0,0,0,0,0.384,0,0,0,0,0,0,0,0,0,0,0,0,0,0,0,0,0,0,0,0,0,0,0,0,0,0,0,0,0,0,0,0,0,0,0,0,0,0,0,0,0.203,0,0,0,0,0,0.535,0,0,0,0,0,0,0.196,0,0,0,0,0,0,0,0,0,0,0,0,0,0,0,0,0,0,0,0,0,0,0,0,0,0,0,0,0,0,0,0,0,0,0,0,0,0,0,0,0.208,0,0,0,0,0,0,0,0,0,0,0,0,0,0,0,0,0,0.356,0,0,0,0,0,0,0,0,0,0,0,0,0,0,0,0,0,0,0,0,0,0,0,0,0,0,0,0,0,0,0,0,0,0,0,0,0,0,0,0,0.169,0,0.153,0,0,0,0,0,0,0,0.195,0,0,0,0,0,0,0,0.157,0,0,0,0,0,0.162,0,0,0,0.896,0.566,0,0,0,0,0,0,0.167,0,0,0,0,0,0,0,0,0,0,0,0,0,0,0,0,0,0,0,0,0.178,0,0,0.193,0,0,0.225,0,0,0,0,0,0,0.475,0,0,0,0,0,0.201,0,0,0,0,0,0,0,0.223,0,0,0,0,0,0,0,0,0,0,0,0,0.367,0,0,0,0,0,0,0,0,0.387,0,0,0,0,0,0,0.155,0,0,0,0,0,0.737,0,0,0,0,0,0,0,0,0,0,0,0,0.235,0,0,0,0,0.296,0,0,0,0,0,0,0,0,0,0,0,0.23,0,0,0,0.535,0,0,0,0,0,0,0,0,0,0,0,0,0,0,0,0.525,0.265,0,0,0,0,0,0,0,0,0,0,0,0,0.181,0,0,0.585,0,0,0,0,0,0,0,0,0,0,0,0,0,0,0,0,0,0,0,0,0,0,0.2,0,0,0,0,0,0,0,0,0,0,0,0,0.614,0,0,0,0,0,0,0,0,0,0,0,0,0,0,0,0,0,0,0.187,0,0,0,0,0,0,0,0,0,0,0,0,0,0,0,0.4,0,0,0,0,0,0,0.186,0,0.177,0,0,0.2,0,0,0,0,0,0,0,0,0,0,0,0,0,0.223,0.186,0,0,0,0,0,0.241,0,0,0,0,0,0.211,0,0,0,0,0,0,0,0,0,0,0,0,0,0.284,0,0,0,0.603,0.684,0,0,0,0,0,0,0,0,0,0,0,0,0,0,0,0,0,0,0,0,0,0,0,0,0,0.178,0,0.321,0,0,0,0,0,0,0,0,0,0,0,0,0,0,0,0,0.192,0,0,0,0,0,0,0,0,0,0.208,0,0,0,0,0,0,0,0,0,0,0,0,0,0,0,0,0.78,0,0,0,0,0,0,0,0,0,0,0,0,0,0,0.242,0,0,0,0,0,0,0,0,0,0,0,0,0,0,0,0,0,0,0,0,0,0,0,0,0,0,0,0,0,0,0,0,0,0,0,0,0,0,0,0,0,0,0,0,0,0,0,0,0,0,0,0,0,0,0,0,0,0,0,0,0,0,0,0,0,0.191,0,0,0,0,0,0,0,0.187,0,0,0,0,0,0,0,0,0,0,0,0,0,0,0,0,0,0,0.154,0,0.162,0.155,0,0,0,0,0,0,0,0,0,0.164,0,0,0,0,0,0.195,0,0,0,0,0,0,0,0,0,0,0,0,0,0,0,0,0,0,0,0,0.164,0,0,0,0,0,0,0,0,0.186,0,0,0,0.162,0,0,0,0,0,0,0.157,0.155,0,0,0,0,0,0,0,0,0,0,0.165,0,0,0.396,0,0,0,0,0,0,0,0.23,0,0,0,0.319,0,0,0,0,0,0,0,0,0,0,0,0,0,0,0,0,0.256,0,0,0,0,0,0,0,0,0,0,0,0,0,0,0,0,0,0,0,0,0,0,0,0,0,0.49,0,0,0,0,0,0,0,0,0,0,0,0,0,0,0,0,0,0,0,0,0,0,0,0,0,0,0,0,0,0,0,0,0,0,0,0,0,0,0,0,0,0,0,0,0.213,0,0,0,0,0,0,0,0,0,0,0.167,0,0,0,0,0,0,0,0,0,0,0,0,0,0,0,0,0,0,0,0,0,0,0,0.258,0,0,0,0,0,0,0,0,0.204,0,0,0,0,0.44,0,0,0,0,0.168,0,0,0.348,0,0,0,0,0,0,0.161,0,0,0,0.377,0,0,0,0,0,0,0,0,0,0,0,0,0,0,0,0,0,0,0,0,0,0,0,0,0.188,0,0,0,0,0,0,0,0,0,0,0,0,0.194,0.259,0,0,0,0,0.758,0,0,0,0,0.399,0,0,0,0.185,0,0,0,0,0.187,0,0,0.297,0,0,0,0,0,0,0,0,0,0,0,0,0,0,0,0,0,0,0,0.306,0,0,0,0,0.46,0,0,0,0,0,0,0,0,0,0,0,0,0,0,0,0,0,0.168,0,0,0,0,0,0,0,0,0,0,0,0,0,0,0,0,0,0,0.183,0,0,0,0,0,0,0,0,0,0,0,0,0,0,0.508,0,0,0.192,0,0,0,0,0,0,0.176,0,0,0,0,0,0,0,0.174,0,0,0,0,0,0,0,0,0,0,0,0,0,0,0,0,0,0,0,0.17,0,0,0,0,0,0,0,0,0,0,0,0,0,0,0,0,0,0,0,0,0,0,0,0,0,0,0,0,0,0,0,0,0,0,0,0,0,0,0,0,0,0,0,0,0,0,0,0,0,0.254,0,0,0,0.158,0,0,0,0,0,0,0,0,0,0,0.446,0,0.25,0,0.157,0,0,0.179,0,0.744,0.15,0,0,0,0,0,0,0,0,0,0,0,0,0,0,0,0.188,0,0,0,0,0,0,0,0,0,0,0,0,0,0,0,0,0,0,0,0,0,0,0,0,0,0,0,0,0,0,0,0,0,0,0,0,0,0,0,0,0,0,0,0,0,0,0,0,0,0,0,0,0,0,0,0,0,0,0,0,0,0,0,0,0,0,0,0,0,0,0,0,0,0,0,0,0,0,0,0,0,0,0,0,0,0,0,0,0,0,0,0,0,0,0.245,0,0,0,0,0,0,0,0,0,0,0,0,0,0,0,0,0,0,0,0,0,0,0,0,0,0,0,0,0,0,0,0,0,0,0,0,0,0,0,0,0,0,0.18,0.594,0,0,0,0,0,0,0,0,0,0,0,0.56,0,0,0,0,0,0.15,0,0,0,0,0,0,0,0,0,0,0,0,0,0,0,0,0,0,0,0,0,0,0,0,0,0,0,0,0,0,0,0,0,0,0,0,0,0,0,0,0,0,0,0,0,0,0,0,0,0.228,0,0,0,0,0,0,0,0,0,0,0,0,0,0,0,0,0,0,0.152,0,0.157,0,0,0,0,0,0,0,0,0,0,0,0,0,0,0.223,0,0,0,0,0,0,0,0,0,0,0,0,0,0,0,0,0,0.777,0,0,0,0,0.167,0,0,0,0,0,0,0,0,0,0,0,0,0,0.195,0.279,0,0,0,0,0,0,0,0,0,0,0,0.232,0.217,0,0,0,0,0.194,0,0,0,0,0.52,0,0,0,0,0,0,0,0,0,0,0,0,0.155,0,0,0,0,0,0,0,0,0.258,0.29,0,0.319,0,0,0,0,0.657,0,0,0,0,0,0,0,0,0,0,0,0,0,0,0,0,0,0.174,0,0,0,0,0,0,0,0,0,0,0,0,0,0,0,0,0,0.15,0,0,0,0,0,0,0,0,0,0,0,0,0,0,0,0,0,0,0,0,0,0,0,0,0,0,0,0,0,0,0,0,0,0,0,0,0,0,0,0,0,0,0,0,0,0,0.267,0,0,0,0,0,0,0,0,0,0,0,0,0,0.221,0,0,0,0,0,0,0,0,0,0.272,0,0,0,0.22,0,0,0,0,0,0,0,0,0,0,0,0,0,0,0.287,0,0,0,0,0,0,0,0,0,0,0,0,0,0,0,0,0,0,0,0,0,0,0,0,0,0,0,0,0,0,0,0,0,0,0,0,0,0,0,0.266,0,0,0,0,0,0,0,0,0,0,0,0,0,0,0,0,0,0,0,0,0,0,0,0,0,0,0,0,0,0,0,0,0,0,0,0,0,0,0,0,0,0,0,0,0,0,0,0,0,0,0,0,0,0,0,0,0,0,0,0,0,0,0,0,0,0,0,0,0,0,0,0,0,0,0,0,0,0,0,0,0,0,0,0,0,0,0,0,0,0,0,0,0,0,0,0,0,0,0,0,0.682,0,0,0,0,0,0,0,0,0,0,0,0,0,0,0,0,0,0,0,0,0,0,0,0,0,0,0,0,0,0,0,0,0.203,0,0,0,0.271,0,0,0,0,0,0,0,0,0,0,0,0,0,0,0,0,0,0,0,0,0,0,0.299,0.167,0.282,0.206,0.589,0.196,0.441,0.4,0,0,0,0,0,0,0,0,0,0,0,0,0,0,0,0,0,0,0,0,0,0,0,0,0,0,0,0,0,0,0,0,0,0,0,0,0,0,0,0,0,0,0,0,0,0,0,0,0,0,0,0,0,0,0,0,0,0,0,0,0,0,0,0,0,0,0,0,0,0,0,0,0,0,0,0,0,0,0,0,0,0,0,0,0,0,0,0,0,0,0,0,0,0,0,0,0,0,0,0,0,0,0,0,0,0,0,0,0,0,0,0,0,0,0,0,0,0,0,0,0,0,0,0,0,0,0,0,0,0,0,0,0,0,0,1
853541,0,0,0,0,0,0,0,0,0,0,0,0,0,0,0,0,0,0,0,0,0,0,0,0,0,0,0,0,0,0,0,0,0,0,0,0,0,0,0,0,0,0,0,0,0,0,0,0,0,0,0,0,0,0,0,0.57,0,0,0,0,0,0,0,0,0,0,0,0,0,0,0.222,0,0,0,0,0,0,0,0,0,0,0,0,0,0,0,0,0,0,0,0,0,0.153,0,0,0,0,0,0,0.311,0,0,0,0,0,0,0,0,0,0,0,0,0,0,0,0,0,0,0,0,0,0,0,0,0,0,0,0,0,0,0,0,0,0,0,0,0,0,0,0,0,0,0,0,0,0,0,0,0,0,0,0,0,0,0,0.227,0,0,0,0,0,0,0,0,0,0,0,0,0,0,0,0,0,0,0,0,0.229,0,0,0,0,0,0,0,0,0,0,0,0,0,0,0,0,0,0,0,0,0,0,0,0,0,0,0,0,0,0,0.879,0,0,0,0,0,0,0,0,0,0,0,0,0,0,0,0,0,0,0,0,0,0,0.436,0,0,0,0,0,0.173,0,0,0,0,0,0,0,0,0,0,0,0,0,0,0,0,0,0,0,0,0,0,0,0,0,0,0,0,0,0,0,0.169,0,0,0,0,0,0,0,0,0,0,0,0,0,0,0,0,0,0,0,0.446,0,0,0,0,0,0,0,0,0,0,0,0,0,0,0,0,0,0,0,0,0,0,0,0.22,0,0,0,0,0,0,0,0,0,0,0,0,0,0,0,0,0,0,0,0,0,0,0,0,0,0,0,0,0,0,0,0,0,0,0,0.228,0,0,0,0,0,0,0,0,0,0,0,0,0,0,0,0,0,0,0,0,0,0,0,0,0,0,0.184,0,0,0,0,0,0,0,0,0,0,0,0,0,0,0,0,0,0,0.258,0.315,0,0,0,0,0,0,0,0,0,0,0,0,0,0,0,0,0,0,0,0,0,0,0,0,0,0.276,0.175,0,0,0,0,0,0,0,0,0.256,0,0,0,0.177,0,0,0,0,0,0,0,0,0,0,0,0,0,0,0,0,0,0,0,0,0,0,0.22,0,0,0,0.306,0,0,0,0,0,0,0,0,0,0,0,0,0,0,0,0,0,0,0,0,0.817,0,0,0,0,0,0.159,0,0,0,0,0,0,0,0,0,0,0,0,0,0,0,0,0,0,0,0,0,0,0,0,0,0,0,0,0,0,0,0,0,0,0,0,0,0,0,0,0,0,0,0,0,0,0,0,0,0,0,0,0,0,0,0,0,0,0,0,0,0,0,0,0,0,0,0,0,0,0,0,0,0,0,0,0,0.275,0,0,0.497,0,0,0,0,0,0,0,0,0,0,0,0,0,0,0,0.894,0,0,0,0,0,0,0,0,0,0,0,0,0,0,0,0,0.68,0,0,0,0,0,0,0,0,0,0,0,0,0,0,0,0,0,0,0,0,0,0,0,0,0,0,0,0,0,0,0,0,0,0,0,0,0,0,0,0,0,0,0,0,0,0,0,0,0,0,0.161,0,0.61,0,0,0,0,0,0,0,0,0,0,0,0,0,0,0,0,0,0,0,0,0,0,0,0,0,0,0,0,0,0,0,0,0,0,0,0,0,0,0,0,0,0,0,0,0,0,0,0,0,0,0,0,0,0,0,0,0,0,0,0,0,0,0,0,0,0,0,0,0,0,0,0,0,0.528,0,0,0,0,0,0,0,0,0,0,0,0,0.738,0,0,0,0,0,0,0,0,0.218,0,0,0,0,0,0,0,0,0,0,0,0,0,0,0,0,0,0,0,0,0,0,0,0,0,0,0,0,0,0,0,0,0,0,0,0,0,0,0,0,0,0,0,0,0,0.335,0,0,0,0,0,0,0,0,0,0,0,0,0,0,0,0,0,0,0,0,0,0,0,0,0,0,0,0,0,0,0,0,0,0,0,0,0,0,0,0,0,0,0,0,0,0,0,0,0,0,0,0,0,0,0,0,0,0,0,0,0,0.159,0,0,0,0,0,0,0,0,0,0,0,0,0,0,0,0,0,0,0,0,0,0,0,0,0,0,0,0,0,0,0,0,0,0,0,0,0,0,0,0,0,0,0,0,0,0,0,0,0,0,0,0,0,0,0,0,0,0,0,0,0,0,0,0,0,0,0,0,0,0,0,0,0,0,0,0,0,0,0,0,0,0,0,0,0,0,0,0,0,0,0,0,0,0,0.22,0,0,0,0,0,0,0,0,0,0,0,0,0,0,0,0,0,0,0,0,0,0,0,0,0,0,0,0,0,0,0,0,0,0,0,0,0,0,0,0,0,0,0,0,0,0,0,0,0.444,0,0,0,0,0,0,0,0,0,0.151,0,0,0,0,0,0,0,0,0,0,0,0,0,0,0,0,0,0,0,0,0,0,0,0,0,0,0,0,0,0,0,0,0,0,0,0,0,0,0,0,0,0,0,0,0,0,0,0,0,0,0,0,0.26,0,0,0,0,0,0,0,0,0,0,0,0,0,0,0,0,0,0,0,0,0,0,0,0,0,0,0,0,0,0,0,0,0,0,0,0,0,0,0,0,0,0,0,0,0,0,0,0,0,0,0,0,0,0,0,0,0,0,0,0,0,0,0,0,0,0,0,0,0,0,0,0,0,0,0,0,0,0,0,0,0,0,0,0,0,0,0,0,0,0,0,0,0,0,0,0,0,0,0.396,0,0,0,0,0,0,0,0,0,0,0,0,0,0,0,0,0,0,0,0,0,0,0,0,0,0,0,0,0,0,0,0,0,0,0,0,0,0,0,0,0,0,0,0,0,0,0,0,0,0,0,0,0,0,0,0,0,0,0,0,0,0,0,0,0,0,0,0,0,0,0,0,0,0,0,0,0,0,0,0,0,0,0,0,0,0,0,0,0,0,0,0,0,0,0,0,0,0,0,0,0,0,0,0,0,0.853,0,0,0,0,0,0,0,0,0,0,0,0,0,0,0,0,0,0,0,0,0,0,0,0.294,0,0,0,0,0,0,0,0,0,0,0,0,0,0,0,0,0,0,0,0,0,0,0,0,0,0,0,0,0,0,0,0,0,0,0,0,0,0,0,0,0,0,0,0,0,0,0,0,0,0,0,0,0,0,0,0,0,0,0,0,0,0,0,0,0,0,0,0,0,0,0,0,0,0,0,0,0,0,0,0,0,0,0,0,0,0,0,0,0,0,0,0,0,0,0,0,0,0,0,0,0,0,0,0,0,0,0,0,0,0,0,0,0,0,0,0,0,0,0,0,0,0,0,0,0,0,0,0,0,0,0,0,0,0,0,0,0,0,0,0,0,0,0,0,0,0,0,0,0,0,0,0,0,0,0,0,0,0,0,0,0,0,0,0,0,0,0,0,0,0,0,0,0,0,0,0,0,0,0,0,0,0,0,0,0,0,0,0,0,0,0,0,0,0,0,0,0,0,0,0,0,0,0,0,0,0,0,0,0,0,0,0,0,0,0,0,0,0,0,0,0,0,0,0,0,0,0,0,0,0,0,0,0,0,0,0,0,0,0.993,0,0,0,0,0,0,0,0,0,0,0,0,0,0,0,0,0.694,0,0,0,0,0,0,0,0.237,0,0,0,0,0.224,0,0,0,0,0,0,0,0,0,0,0,0,0,0,0,0,0,0,0,0,0,0.317,0,0,0,0,0,0,0,0,0,0,0,0,0,0,0,0,0.212,0,0,0,0,0,0,0,0,0,0,0,0,0,0,0,0,0,0,0,0,0,0,0,0,0,0,0,0,0,0,0,0,0,0,0,0,0,0,0,0,0,0,0,0,0,0,0,0,0,0,0,0,0,0,0,0,0,0,0,0,0,0,0,0,0,0,0,0,0,0,0,0,0,0,0,0,0,0,0,0,0,0,0,0,0,0,0,0,0,0,0,0,0,0,0,0,0,0,0,0,0,0,0,0,0,0,0,0,0,0,0,0,0,0,0,0,0,0,0,0,0,0,0,0,0,0,0,0,0,0,0,0,0,0,0,0,0,0,0,0,0,0,0,0,0,0,0,0,0,0,0,0,0,0,0,0,0,0,0,0,0,0,0,0,0,0,0,0,0,0,0,0,0,0,0,0,0,0,0,0,0,0,0,0,0,0,0,0,0,0,0,0,0,0,0,0,0,0,0,0,0,0,0,0,0,0,0,0,0,0,0,0,0,0,0,0,0,0,0,0,0,0,0,0,0,0,0,0,0,0,0,0,0,0,0,0,0,0,0,0,0,0,0,0,0,0,0,0,0,0,0,0,0,0,0,0,0,0,0,0,0,0,0,0,0,0,0,0,0,0,0,0,0,0,0,0.32,0,0.449,0,0,0,0,0,0.9,0,0,0,0,0.448,0,0,0,0,0,0,0,0,0,0,0,0.68,0,0,0,0,0,0,0,0,0,0,0.349,0.514,0,0,0,0,0,0,0,0,0,0,0,0,0,0,0,0,0,0,0,0,0,0,0,0,0,0,0,0,0,0,0,0,0,0,0,0,0,0,0,0,0,0,0,0,0,0,0,0,0,0,0.506,0,0,0,0,0,0,0,0,0,0,0,0.176,0,0,0,0,0,0,0,0,0,0,0,0,0,0,0,0,0,0.195,0.175,0,0.161,0,0,0,0,0,0,0,0,0,0,0,0,0,0,0,0,0,0,0,0,0,0.613,0,0,0,0,0,0,0,0,0,0,0,0,0.432,0,0,0,0,0,0,0,0,0,0.309,0,0,0,0,0,0,0,0,0,0,0,0,0,0,0,0,0,0,0,0,0,0,0,0,0,0,0,0,0,0,0,0,0,0,0,0,0,0,0,0,0,0,0,0,0,0,0,0,0,0,0,0,0,0,0,0,0,0,0,0,0,0,0,0,0,0,0,0,0,0,0,0,0,0,0,0,0,0,0,0,0,0,0,0,0,0,0,0,0,0,0,0,0,0,0,0,0,0,0,0,0,0,0,0,0,0,0,0,0,0,0,0,0,0,0,0,0,0,0,0,0,0,0,0,0,0,0,0,0,0,0,0,0,0,0,0,0,0,0,0,0,0,0,0,0,0,0,0,0,0,0,0,0,0,0,0,0,0,0,0,0,0,0,0,0,0,0,0,0,0,0,0,0,0,0,0.22,0,0,0,0,0,0,0,0,0,0,0,0,0,0,0,0,0,0,0,0,0,0,0,0,0,0,0,0,0,0,0,0,0,0,0,0,0,0,0,0,0,0,0,0,0,0,0,0,0,0.224,0,0,0,0,0,0,0,0,0,0,0,0,0,0,0,0,0,0,0,0,0,0,0,0,0.219,0,0,0,0,0,0,0,0,0,0,0,0,0,0,0,0,0,0.309,0,0,0,0.939,0,0,0,0,0,0.228,0,0,0,0,0,0,0,0.36,0,0,0,0,0,0,0,0,0,0,0,0,0,0,0,0.219,0,0,0,0,0,0,0,0,0,0,0,0,0,0,0,0,0,0,0,0,0,0,0,0,0,0,0,0,0,0,0,0,0,0,0,0,0,0,0,0,0,0,0,0,0,0,0,0,0,0,0,0,0,0,0,0,0,0,0,0,0,0,0,0,0,0,0,0,0,0,0,0,0,0,0,0,0,0,0,0,0,0,0,0,0,0,0,0,0,0,0,0,0,0,0,0,0,0,0,0,0,0,0,0,0,0,0,0,0,0,0,0,0,0,0,0,0,0,0,0,0,0,0,0,0,0,0,0,0,0,0,0,0,0,0,0.394,0,0,0,0,0,0,0,0,0,0,0,0,0,0,0,0,0,0,0,0,0,0,0,0,0,0,0,0,0,0,0,0,0,0,0,0,0,0,0,0,0,0,0,0,0,0,0,0,0,0,0,0,0,0,0,0,0,0,0,0,0,0,0,0,0,0,0,0,0,0,0,0,0,0,0,0,0,0,0,0,0,0,0,0,0,0,0,0,0,0,0,0,0,0,0,0,0,0,0,0,0,0,0,0,0,0,0,0,0,0,0,0,0,0,0,0,0,0,0,0,0,0,0,0,0,0,0,0,0,0,0,0,0,0,0,0,0,0,0,0,0,0,0,0,0,0,0,0,0,0,0,0,0,0,0,0,0,0,0,0,0,0,0,0,0,0,0,0,0,0,0,0,0,0,0,0,0,0,0,0,0,0,0,0,0,0,0,0,0,0,0,0,0,0,0,0,0,0.224,0,0,0,0,0,0,0,0,0,0,0,0,0,0,0,0,0,0,0,0,0,0,0,0,0,0,0,0,0,0,0,0,0,0,0,0,0,0,0,0,0,0,0,0,0,0,0,0,0,0,0,0,0,0,0,0,0,0,0,0,0,0,0,0,0,0,0,0,0,0,0,0,0,0,0,0,0,0,0,0,0,0,0,0,0,0,0,0,0,0,0,0,0,0,0,0,0,0,0,0,0,0,0,0,0,0,0,0,0,0,0,0,0,0,0,0,0,0,0,0,0,0,0,0,0,0,0,0,0,0,0,0,0,0,0,0,0,0,0,0,0,0,0,0,0,0,0,0,0,0,0,0,0,0,0,0,0,0,0,0,0,0,0,0,0,0,0,0,0,0,0,0,0,0,0,0,0,0,0,0,0,0,0,0,0,0,0,0,0,0,0,0,0.155,0,0,0,0,0,0,0,0,0,0,0,0,0,0,0,0,0,0,0,0,0,0,0,0,0,0,0,0,0,0,0,0,0,0,0,0,0,0,0,0,0,0,0,0,0,0,0,0,0,0,0,0,0,0,0,0,0,0,0,0,0,0,0,0,0,0,0,0,0,0,0,0,0,0,0,0,0,0,0,0,0,0,0,0.537,0,0,0,0,0,0,0,0,0,0,0,0,0,0,0,0,0,0,0,0,0,0,0,0,0,0,0,0,0,0,0,0,0,0,0,0,0,0,0,0,0,0,0.932,0,0,0,0,0,0,0,0,0,0,0,0,0,0,0,0,0,0,0,0,0,0,0,0,0,0,0,0,0,0,0,0,0,0,0,0,0,0,0,0,0,0,0,0,0,0,0.333,0,0,0,0,0,0,0,0,0.15,0,0,0,0,0,0,0.297,0.215,0,0,0,0,0,0,0,0,0,0,0,0,0,0,0,0,0,0,0,0,0,0,0,0,0,0,0,0,0,0,0,0,0,0,0.935,0,0,0,0,0.242,0,0,0,0.307,0,0,0,0,0,0,0,0,0,0,0,0,0,0,0,0.537,0,0,0,0,0.191,0,0.226,0,0,0,0,0,0,0,0,0,0.191,0,0,0,0,0,0,0,0,0,0,0,0,0,0,0,0,0,0,0,0,0,0,0,0,0,0,0,0,0,0,0,0,0,0,0,0,0,0,0,0,0,0,0,0,0,0,0,0,0,0,0,0,0,0,0,0,0,0,0,0,0,0,0,0,0,0,0,0,0,0,0,0,0,0,0,0,0,0,0,0,0,0,0,0,0,0,0,0,0,0,0,0,0,0,0,0,0,0,0,0,0,0,0,0,0,0,0,0,0,0,0,0,0,0,0,0,0,0,0,0,0,0,0,0,0,0,0,0,0,0,0,0,0,0,0,0,0,0,0,0,0,0,0,0,0,0,0,0,0,0,0,0,0,0,0.239,0,0,0,0,0,0,0,0,0,0,0,0,0,0,0,0,0,0,0,0,0,0,0,0,0,0,0,0,0,0,0,0,0,0,0,0,0,0,0,0,0,0,0,0,0,0,0,0,0,0,0,0,0,0,0,0,0,0,0,0,0,0,0,0,0,0,0,0,0,0,0,0,0,0.447,0,0,0,0.154,0,0,0,0,0,0,0,0,0,0,0,0,0,0,0.317,0,0,0,0,0,0,0,0,0,0,0,0.169,0,0,0,0,0,0,0,0,0,0,0,0,0,0,0,0,0,0,0,0,0,0,0,0,0,0,0,0,0,0,0,0,0,0.192,0,0.22,0,0,0,0,0,0,0,0,0,0,0,0,0,0,0,0,0,0,0,0,0,0,0,0,0,0,0,0,0,0,0,0,0,0,0,0,0,0,0,0,0,0,0,0,0,0,0,0,0,0,0,0,0,0,0,0,0,0,0,0,0,0,0,0,0,0,0,0,0,0,0,0,0,0,0,0,0,0,0,0,0,0,0,0,0,0,0,0,0,0,0,0,0,0,0,0,0,0,0,0,0,0,0,0,0,0,0,0,0,0,0,0.375,0,0,0,0,0,0,0,0,0,0,0,0,0,0,0,0,0,0,0,0,0,0,0,0,0,0,0,0,0,0,0,0,0,0,0,0,0,0,0,0,0,0,0,0,0,0,0,0,0,0,0,0,0,0,0,0,0,0,0,0,0,0,0,0,0,0,0,0,0,0,0,0,0,0,0,0,0,0,0,0,0,0,0,0,0,0,0,0,0,0,0,0,0,0,0,0,0,0.247,0,0,0,0,0,0,0.449,0,0,0,0,0,0,0,0,0,0.272,0,0,0,0.178,0,0,0,0,0,0,0,0,0,0,0,0,0,0,0,0,0,0,0,0,0,0,0,0,0.683,0,0,0,0,0,0,0,0,0,0,0,0,0,0,0,0,0,0,0,0,0,0,0,0,0,0,0,0,0,0,0,0,0,0,0,0,0,0,0,0,0,0,0,0,0,0,0,0,0,0,0,0,0,0,0,0,0,0,0,0,0,0,0,0,0,0,0,0,0,0,0,0,0,0,0,0,0,0,0,0,0,0,0,0,0,0,0,0,0,0,0,0,0,0,0,0,0,0,0,0,0,0,0,0,0,0,0,0,0,0,0,0,0,0,0,0,0,0,0,0,0,0,0,0,0,0,0,0,0,0,0,0,0,0,0,0,0,0,0,0,0,0,0,0,0,0,0,0,0,0,0,0,0,0,0,0,0,0,0,0,0,0,0,0,0,0,0,0,0,0,0,0,0,0,0,0,0,0,0,0,0,0,0,0,0,0,0,0,0,0,0,0,0,0,0,0,0,0,0,0,0,0,0,0,0,0,0,0,0,0,0,0,0,0,0,0,0,0,0,0,0,0,0,0,0,0,0,0,0,0,0,0,0,0,0,0,0,0,0,0,0,0,0,0,0,0,0,0,0,0,0,0,0.189,0.311,0,0,0,0,0,0,0,0,0,0,0,0,0,0,0,0,0,0,0,0,0,0,0,0,0,0,0,0,0,0,0,0,0,0,0,0,0,0,0,0,0,0,0,0,0,0,0,0,0,0,0,0,0,0,0,0,0,0,0,0,0,0,0,0,0,0,0,0,0,0,0,0,0,0,0,0,0,0,0,0,0,0,0,0.293,0,0,0,0,0,0,0,0,0,0,0,0,0,0,0,0,0,0,0,0,0,0,0,0,0,0,0,0,0,0,0,0,0,0,0,0,0,0,0,0,0,0,0,0,0,0,0,0,0,0,0,0,0,0,0,0,0,0,0,0,0,0,0,0,0,0,0,0,0,0,0,0,0,0,0,0,0,0,0,0,0,0,0,0,0,0,0,0,0.537,0,0,0,0,0,0,0,0,0,0,0,0,0,0,0,0.584,0.302,0.191,0.22,0,0,0,0,0,0,0,0,0,0,0,0,0,0,0,0,0,0,0,0,0,0,0,0,0,0,0,0,0,0,0,0,0,0,0,0,0,0,0,0,0,0,0,0,0,0,0,0,0,0,0,0,0,0,0,0,0,0,0,0,0,0,0,0,0,0,0,0,0,0,0,0,0,0,0,0,0,0,0,0,0,0,0,0,0,0,0,0,0,0,0,0,0,0,0,0,0,0,0,0,0,0,0,0,0,0,0,0,0,0,0,0,0,0,0,0,0,0,0,0,0,0,0,0,0,0,0,0,0,0,0,0
854994,0,0,0.777,0,0,0,0,0,0,0,0,0,0,0,0,0,0,0,0,0,0,0,0,0,0,0.183,0.158,0,0,0.158,0,0,0,0,0.17,0,0,0,0,0,0,0,0,0,0,0,0,0,0,0,0,0.287,0,0,0,0,0,0,0,0,0,0,0,0,0,0,0,0,0,0,0,0,0,0,0,0,0,0,0,0,0,0,0,0,0,0,0,0,0,0,0,0,0,0,0,0.213,0,0,0,0,0,0,0,0,0,0,0,0,0,0,0,0,0,0,0,0,0,0,0,0.212,0,0,0,0,0,0,0,0.235,0,0,0,0,0,0,0,0,0,0,0.177,0,0.303,0.191,0,0,0,0,0,0.653,0,0,0,0,0,0,0,0,0,0,0,0,0,0,0,0,0,0,0,0,0,0,0,0,0,0,0,0,0,0,0.158,0,0,0,0,0,0,0,0,0,0,0,0,0,0,0,0,0,0,0,0,0,0,0.292,0,0,0,0,0,0,0,0,0,0,0,0.157,0.153,0,0.186,0.294,0,0,0,0,0,0.243,0,0,0,0,0,0,0,0,0,0,0.176,0.29,0,0,0,0,0,0,0,0,0,0,0,0,0.363,0,0.253,0,0,0,0.201,0,0.163,0,0,0,0,0,0,0,0.236,0,0,0.186,0,0,0,0,0,0.189,0,0,0,0,0,0,0,0,0,0,0,0,0,0.283,0,0,0,0,0,0,0,0,0,0,0,0,0,0,0,0,0,0,0,0,0,0,0,0,0,0,0,0,0.298,0,0,0.195,0,0,0,0.369,0,0,0.356,0,0,0,0,0.293,0,0.152,0.211,0,0,0,0,0,0,0,0,0,0,0,0.29,0,0.172,0,0.511,0,0,0,0,0,0,0,0,0,0,0.173,0,0,0,0,0,0,0.327,0,0.155,0.178,0,0,0,0,0.285,0,0,0,0,0,0,0.255,0,0,0,0,0,0.208,0,0,0,0,0,0,0,0,0.19,0,0,0,0,0,0.19,0,0,0,0,0,0,0,0,0,0,0.217,0,0,0.53,0,0,0.261,0,0,0,0.27,0,0,0,0,0,0,0,0,0,0,0,0,0,0,0,0.641,0,0,0.207,0,0,0,0,0.445,0.256,0,0,0,0,0,0,0.196,0,0,0,0,0,0,0,0,0,0,0,0,0,0,0,0.256,0,0.217,0,0,0,0.214,0,0,0,0,0,0,0,0,0,0,0,0,0,0,0.171,0,0,0,0,0,0.211,0.226,0,0,0,0,0,0,0.176,0,0.164,0,0,0,0,0,0,0,0,0,0,0,0,0,0,0.286,0,0,0,0,0,0,0,0,0,0,0,0.176,0,0,0,0,0,0.207,0,0,0,0,0,0,0,0,0,0,0,0,0,0,0,0,0.164,0,0,0,0,0,0,0,0,0,0,0,0,0,0,0,0,0,0,0,0,0.297,0,0,0,0,0,0,0,0,0.215,0,0,0,0,0,0,0,0,0,0,0,0,0,0,0,0,0,0,0,0,0,0,0,0.208,0,0.572,0.173,0,0,0,0,0,0,0.2,0,0,0,0,0,0,0,0,0,0,0,0.167,0,0.201,0,0,0,0,0,0,0,0,0,0,0,0,0,0,0,0,0.201,0,0,0,0.182,0.191,0,0,0,0,0,0,0,0,0,0,0,0,0.543,0,0,0,0,0,0,0,0,0,0,0,0,0.238,0,0,0,0,0,0,0,0,0,0,0,0,0,0.217,0,0,0,0,0,0,0,0,0,0,0,0,0,0,0,0.161,0.206,0,0,0,0,0,0.193,0,0,0,0,0,0.266,0,0,0,0,0,0.151,0,0,0,0,0,0,0,0,0,0.236,0,0,0,0,0,0,0.187,0,0.202,0,0.244,0,0,0,0,0.768,0,0,0,0,0,0,0,0,0,0.156,0,0,0,0,0,0,0,0,0,0,0,0,0,0.413,0,0,0.299,0,0,0,0,0,0,0,0,0,0,0.191,0,0,0,0,0,0,0,0,0,0,0,0.151,0.217,0,0,0,0,0.167,0,0,0,0,0,0,0.915,0,0.207,0,0,0.964,0,0.203,0,0,0,0,0,0.154,0,0,0,0,0,0,0,0,0.973,0.236,0.222,0,0,0,0,0,0,0,0,0,0,0,0,0,0,0,0,0.165,0,0,0.213,0,0,0,0,0,0,0,0,0,0,0.267,0.231,0,0,0,0,0,0,0,0.153,0,0,0,0.296,0,0,0,0.173,0,0.217,0,0,0,0.311,0.293,0,0,0,0,0,0,0,0,0,0,0,0,0,0,0.299,0,0,0,0,0.15,0,0,0,0,0.214,0,0,0.267,0,0,0,0,0,0.162,0,0,0.177,0,0,0,0,0,0,0,0.619,0,0.301,0.176,0,0,0,0,0,0,0,0.421,0,0,0,0,0,0,0,0,0,0.24,0,0.255,0,0,0,0,0,0,0.159,0,0,0,0.396,0,0,0.258,0.261,0,0,0,0,0.196,0,0,0.19,0,0,0,0,0,0,0,0,0,0,0,0,0,0,0.25,0,0,0,0,0,0,0,0,0,0,0,0,0,0,0,0,0,0,0,0,0,0,0,0,0,0,0,0,0,0,0,0,0,0,0.65,0,0,0,0,0,0,0,0,0,0,0,0.153,0.283,0,0,0,0,0,0,0,0.915,0,0,0,0,0,0,0,0,0,0,0,0.71,0,0,0,0,0,0,0,0.241,0,0,0,0,0,0,0,0,0,0,0,0,0,0,0,0,0,0,0,0,0,0,0,0,0,0,0,0.209,0,0.15,0,0,0,0,0,0,0,0,0.283,0,0,0,0,0,0,0,0,0,0,0,0.243,0,0,0,0,0,0,0,0,0,0,0,0,0,0,0,0,0,0.251,0,0,0,0.215,0,0,0,0,0,0,0,0,0,0,0,0,0,0,0,0,0,0,0,0,0,0,0,0,0,0,0,0,0,0.172,0,0,0,0,0,0,0,0.191,0,0,0,0,0,0,0,0,0,0.212,0,0,0,0,0,0,0,0,0,0,0,0,0,0.219,0,0,0,0,0,0,0,0,0.163,0,0,0,0,0,0,0,0,0.254,0,0,0,0,0,0,0,0.154,0.199,0,0.15,0,0,0.775,0.199,0,0,0,0.196,0,0,0,0,0,0,0,0.194,0,0,0,0,0.217,0,0,0,0,0,0,0,0,0,0,0,0,0.333,0.287,0,0,0,0,0,0,0,0.852,0,0,0,0,0,0,0,0,0,0,0,0,0,0,0,0,0.179,0,0,0,0,0,0,0,0,0,0,0,0,0,0,0,0,0,0,0,0,0.572,0,0,0,0.387,0,0,0,0,0,0,0,0,0,0,0,0,0,0,0,0,0,0,0,0,0.199,0,0,0,0,0,0,0.154,0,0,0,0,0,0,0,0,0,0,0,0,0,0,0,0,0,0,0,0.374,0,0,0,0,0,0,0,0,0,0,0,0,0,0,0,0,0,0,0,0,0,0,0,0,0,0,0,0.641,0,0,0,0,0,0,0,0,0,0,0,0,0,0,0,0,0,0,0.163,0,0,0,0,0.156,0,0,0,0,0,0,0,0,0,0.19,0,0,0,0,0,0,0,0,0,0,0,0.287,0,0,0,0,0,0,0,0,0,0,0,0,0,0,0,0,0,0,0,0,0,0,0,0,0,0,0.866,0,0,0,0,0,0,0,0,0,0,0.15,0,0,0,0,0,0,0,0,0,0,0,0,0,0,0,0,0,0,0,0,0,0,0,0.535,0,0,0,0,0,0,0,0,0,0,0,0,0,0,0,0,0,0,0,0,0,0,0,0,0,0,0,0,0,0,0,0,0,0,0,0,0,0,0,0,0,0,0,0,0,0,0,0,0,0,0,0,0,0,0.295,0,0,0,0,0,0,0,0,0,0,0,0,0,0,0,0,0,0,0,0,0,0,0,0,0,0,0,0,0,0,0,0,0,0,0,0,0,0,0,0,0,0,0,0,0.21,0,0,0,0,0.335,0,0,0.3,0.224,0.225,0,0,0.478,0,0,0,0.924,0,0,0,0.289,0,0.172,0,0.231,0,0,0,0,0.604,0,0,0,0,0.271,0,0,0,0.277,0.241,0,0.715,0.851,0,0,0,0,0,0.213,0.288,0.261,0.523,0.164,0,0.634,0,0.274,0,0,0,0,0.324,0,0.525,0,0,0.233,0.598,0.927,0,0.25,0,0.533,0.173,0,0,0,0.606,0.251,0.482,0,0.153,0.866,0,0,0,0.374,0,0,0.272,0,0,0,0.344,0,0.926,0,0.178,0,0,0,0.238,0.226,0,0.192,0,0,0.222,0.17,0,0.254,0,0,0.981,0.234,0,0,0,0,0.173,0.189,0,0.286,0,0.237,0,0.215,0.154,0,0.197,0,0.173,0,0.253,0,0.301,0,0.234,0,0,0,0,0,0,0,0.179,0.176,0,0.478,0,0,0,0.758,0,0,0,0,0,0,0.651,0.27,0.871,0.295,0.255,0,0,0.258,0,0,0,0.685,0.183,0.354,0.184,0.15,0,0,0.201,0,0.299,0,0,0.968,0,0.262,0.188,0.936,0,0.185,0.434,0,0,0,0,0.151,0.228,0,0.159,0.205,0,0.295,0,0,0,0,0,0,0,0,0.693,0,0.272,0.257,0.941,0,0.559,0,0.228,0,0.31,0.811,0,0.193,0.578,0,0,0,0,0.319,0,0,0.999,0,0.183,0.337,0,0,0,0.213,0,0,0.329,0,0,0,0,0.217,0,0,0,0,0,0,0,0,0.177,0,0,0,0,0,0,0,0,0,0,0,0,0,0,0,0,0,0,0,0,0,0,0,0,0,0,0,0,0,0.287,0,0,0,0,0,0,0,0,0,0.173,0,0,0,0,0,0,0,0,0,0,0,0,0,0,0,0.201,0,0,0,0,0,0,0,0,0,0,0,0,0,0,0,0,0,0,0,0,0,0,0.261,0,0,0,0,0,0.193,0,0,0,0,0,0,0,0,0,0,0,0.307,0.301,0,0,0,0.383,0,0,0,0,0,0,0,0,0,0,0,0,0,0,0.372,0,0,0,0,0.155,0,0,0,0,0,0,0,0,0,0,0.153,0.181,0.194,0,0.173,0,0,0.173,0,0.882,0.153,0,0,0,0,0,0,0,0,0,0,0,0,0,0,0.212,0.184,0.173,0.166,0,0,0,0,0,0,0,0,0,0,0,0,0.877,0,0,0.192,0.208,0,0,0,0,0,0,0,0,0,0,0.222,0,0,0,0.174,0,0,0.155,0,0,0,0.326,0,0,0.239,0.216,0,0,0,0,0,0,0,0,0,0,0,0,0,0,0,0,0,0,0,0.152,0,0,0,0,0,0,0,0,0,0,0,0,0,0,0,0,0,0.283,0,0,0,0,0,0,0,0,0,0,0,0,0,0,0,0,0,0,0,0,0,0,0,0,0,0,0,0.218,0,0,0,0,0,0,0,0,0.529,0,0,0,0,0,0,0,0,0,0,0,0,0,0,0,0.176,0.321,0,0,0,0,0,0,0,0,0,0.194,0,0,0,0,0,0,0,0,0,0,0.217,0,0,0,0,0,0,0,0,0,0,0,0,0,0,0,0,0.607,0,0,0,0,0,0,0,0,0,0,0,0,0,0,0,0,0,0,0,0,0,0,0,0,0,0,0.187,0,0,0.175,0,0,0,0.175,0,0,0,0,0,0,0,0.214,0,0,0,0,0,0,0,0,0,0,0,0,0,0.283,0,0.176,0,0,0,0.15,0,0,0,0,0,0,0,0,0,0,0,0,0,0,0,0,0,0,0,0,0.199,0,0,0,0,0,0,0,0.181,0,0,0.238,0.27,0,0.16,0,0,0,0,0,0,0,0,0,0,0,0,0,0,0,0,0.237,0,0,0,0,0,0,0,0,0,0.704,0,0,0,0.2,0,0,0,0,0,0,0,0.152,0,0,0,0.183,0,0,0,0,0,0,0,0,0.174,0,0,0,0,0,0,0,0,0,0,0,0,0,0,0,0,0,0,0.252,0,0,0,0,0,0,0,0,0,0,0,0,0,0,0,0,0,0,0,0,0,0,0,0,0,0,0,0,0,0,0,0,0,0,0,0,0,0,0,0,0,0,0,0,0,0,0,0,0.158,0,0,0,0,0,0,0,0,0,0,0,0,0,0,0,0,0,0.154,0,0,0,0,0,0,0,0,0,0,0,0,0,0,0,0,0,0,0,0,0,0,0,0,0,0,0,0,0,0,0,0,0,0,0,0,0,0,0,0,0,0,0,0,0,0,0,0,0,0,0,0,0,0,0.186,0,0,0,0,0,0,0,0,0,0,0,0,0,0,0,0,0,0,0,0,0,0,0,0,0,0,0,0,0,0,0,0,0,0,0,0,0,0,0,0,0,0,0,0,0,0,0,0,0,0,0,0,0,0,0,0,0,0,0,0,0,0,0,0,0,0,0,0,0,0,0,0,0,0,0,0,0,0,0,0,0,0,0,0,0,0,0,0.211,0,0,0,0,0,0,0,0,0,0,0,0,0,0,0,0,0,0,0,0,0,0,0,0,0,0,0,0,0.208,0,0,0,0.203,0,0,0,0,0,0,0.184,0,0,0,0,0,0,0,0,0,0,0,0,0,0,0,0,0,0,0,0,0,0,0,0,0,0,0,0,0,0.166,0,0,0,0,0,0,0,0,0,0,0,0,0,0,0,0,0,0,0,0,0,0,0,0,0,0,0,0,0,0,0.199,0,0,0,0,0,0,0,0.15,0,0,0.363,0,0,0,0,0,0,0,0,0,0,0,0,0,0,0,0,0,0,0,0,0,0,0,0,0,0,0.526,0,0.177,0,0.17,0,0.171,0,0.286,0,0.272,0,0,0,0,0,0.287,0,0,0,0,0,0.213,0.273,0.213,0,0.249,0,0,0,0,0.161,0,0.216,0,0,0,0,0.229,0.254,0.22,0,0,0,0,0,0.292,0.317,0.263,0.183,0.246,0,0.246,0,0,0,0.208,0.22,0,0,0,0,0,0,0,0.273,0,0.24,0,0.292,0,0.159,0,0,0,0,0,0,0,0.254,0.273,0.469,0,0,0,0,0,0,0,0,0,0,0,0,0,0.371,0,0,0,0,0,0,0,0,0,0,0,0,0,0,0.293,0.19,0,0,0,0,0,0,0,0,0,0,0,0.153,0,0,0,0,0,0,0.22,0,0,0.321,0,0,0,0,0.254,0,0,0,0,0.367,0.262,0,0,0,0,0,0,0,0,0.173,0.349,0,0,0,0,0,0,0,0,0,0.243,0.275,0,0,0,0,0.213,0,0.249,0,0,0,0,0.178,0,0,0.218,0.183,0,0,0.412,0,0,0,0.227,0,0,0.328,0,0,0,0.27,0,0.22,0,0,0,0.156,0,0,0,0.3,0,0,0.266,0,0.286,0,0.254,0,0,0,0,0,0,0,0.285,0.345,0,0,0,0.536,0.847,0,0,0,0,0.72,0.207,0,0,0.447,0.225,0,0,0,0,0.171,0,0.169,0.242,0,0.194,0.169,0.18,0,0.156,0.221,0,0.227,0,0.31,0,0,0,0,0.249,0,0,0,0,0,0.225,0,0,0,0,0,0,0,0,0,0.237,0,0,0,0.284,0,0.154,0.216,0,0.159,0,0,0.152,0.157,0,0,0,0,0.297,0,0,0,0,0,0.919,0.173,0,0.154,0,0,0.29,0,0.341,0.282,0,0.282,0,0,0,0.407,0,0,0,0,0.22,0,0,0,0,0,0,0,0,0,0,0,0,0,0,0,0,0,0,0,0,0,0,0,0,0,0,0,0,0,0.158,0,0,0,0.241,0,0,0,0,0,0,0,0,0,0,0,0,0,0,0,0.19,0,0,0,0,0,0.206,0,0,0,0,0,0,0,0,0,0.171,0,0,0,0,0.214,0,0,0,0,0,0,0,0,0,0,0.171,0,0,0,0,0,0,0,0,0.17,0,0,0,0,0,0,0,0.154,0,0,0,0,0,0,0,0,0,0,0,0,0.17,0,0,0,0,0,0,0,0,0,0,0,0,0,0,0,0,0,0,0,0,0,0,0,0,0,0,0,0,0,0,0.209,0,0.274,0,0,0,0,0,0,0,0,0,0,0,0,0,0.263,0,0,0,0,0,0,0,0,0,0,0,0,0,0,0,0,0,0,0,0,0,0,0.154,0.15,0,0,0,0,0,0,0,0,0,0,0,0,0,0,0,0,0,0,0,0,0,0,0,0,0,0,0,0,0,0,0,0,0,0,0.171,0,0,0,0,0,0,0,0,0,0,0,0,0,0,0,0,0,0,0,0,0,0,0.236,0,0,0,0,0,0,0,0,0,0,0,0,0,0,0,0,0,0,0,0,0,0,0,0,0,0,0,0.256,0,0,0,0,0,0,0,0,0,0,0,0,0,0,0,0,0,0,0,0,0,0,0,0,0,0,0,0,0,0,0,0,0,0,0,0,0.247,0,0,0,0,0,0,0,0,0,0,0,0,0,0,0,0,0,0,0,0,0,0,0,0,0,0,0,0,0,0,0.192,0,0,0,0,0,0,0,0,0.199,0,0,0,0,0,0.682,0,0.233,0,0.171,0,0,0,0,0,0,0.23,0,0,0,0,0,0,0,0,0,0,0,0,0,0,0,0,0,0,0,0,0,0,0,0,0,0,0,0,0,0,0,0,0,0,0,0,0,0,0,0,0,0,0.152,0,0,0,0,0,0,0,0,0,0,0,0,0,0,0,0,0,0,0,0,0,0,0.207,0,0,0,0,0,0,0,0,0,0,0,0,0,0,0,0,0,0,0,0,0,0,0.305,0,0.185,0,0,0,0,0,0,0,0,0,0,0,0,0,0,0,0,0,0,0,0,0,0,0,0,0,0,0,0,0,0,0,0,0,0,0,0,0,0,0,0,0,0,0,0.189,0,0,0,0,0,0,0,0,0,0,0,0,0,0,0,0,0,0,0,0,0,0,0,0,0,0,0,0,0,0,0,0,0,0,0,0,0,0,0,0,0,0,0,0,0,0,0,0,0,0,0,0,0,0,0,0,0,0,0,0,0,0,0,0,0,0,0,0,0,0,0,0,0,0,0,0,0,0,0,0,0,0,0,0,0,0,0,0,0,0,0,0,0,0,0,0,0,0,0,0.181,0,0,0,0,0,0,0,0,0,0,0,0,0,0,0,0,0.985,0,0,0.169,0,0,0,0,0,0.185,0,0,0,0,0.201,0,0,0,0,0,0,0,0,0,0.284,0,0,0,0,0,0,0.188,0,0.167,0,0,0.166,0.373,0,0,0,0,0,0,0,0,0,0,0,0,0,0,0.173,0,0,0,0.168,0,0,0,0,0.156,0,0,0,0,0,0,0,0,0,0,0,0,0,0,0,0,0,0.542,0.229,0,0.269,0,0,0,0,0,0,0,0,0,0,0.22,0,0,0,0,0,0,0,0,0,0,0,0,0,0,0,0,0,0.421,0,0,0,0,0,0,0.248,0,0.496,0,0,0,0,0,0,0,0,0,0,0,0,0,0,0,0,0,0,0,0,0,0,0,0,0,0,0,0,0,0,0,0,0,0,0,0,0,0,0,0,0,0,0,0,0,0,0,0,0,0,0,0,0,0,0,0,0,0,0,0,0,0,0,0,0,0,0,0,0,0,0,0,0.181,0,0,0,0,0,0,0,0,0,0,0,0.155,0.183,0,0,0,0,0,0,0,0,0,0,0,0,0,0,0,0,0,0,0,0,0,0,0,0,0,0,0,0,0,0,0,0,0,0,0,0,0,0,0,0,0,0,0,0,0,0,0,0,0,0,0,0,0,0,0,0,0,0,0,0,0,0,0,0,0.29,0,0,0,0,0,0,0,0,0,0,0,0,0,0,0,0,0,0,0,0,0,0,0,0,0,0,0,0.16,0,0,0,0,0,0,0,0,0,0,0,0,0.258,0,0,0,0,0,0,0,0,0,0,0,0,0,0,0,0,0,0,0,0,0,0,0,0,0,0,0,0,0,0,0,0.183,0,0,0,0,0,0,0,0,0,0,0,0,0,0,0,0,0,0,0,0,0,0,0,0,0,0,0,0,0.173,0,0,0,0,0,0,0,0,0,0,0,0,0,0,0,0,0,0,0,0,0,0,0,0,0,0,0,0,0,0,0,0,0,0,0,0,0,0,0,0,0,0,0,0,0,0,0,0,0,0,0,0,0,0,0,0,0,0,0,0,0,0,0,0.273,0,0,0,0,0,0,0,0,0,0,0,0,0,0,0,0,0,0,0,0,0,0,0,0,0,0,0,0,0,0,0,0,0,0,0,0,0,0,0,0,0,0,0,0,0,0,0,0,0,0,0,0,0,0,0,0,0,0,0,0,0,0,0,0,0,0,0,0,0,0,0,0,0,0,0,0,0,0,0,0,0,0,0,0,0,0,0,0,0,0,0,0,0,0,0,0,0,0,0,0,0,0,0,0,0,0,0,0,0,0,0,0,0,0,0,0,0,0,0,0,0,0,0,0,0,0,0,0,0,0,0,0,0,0,0,0,0,0,0,0,0,0,0,0,0,0,0,0,0,0,0,0,0,0,0,0,0,0,0,0,0,0,0,0,0,0,0,0,0,0,0,0,0,0,0,0,0
852696,0,0.219,0.4,0,0,0,0.19,0,0,0,0.275,0,0,0,0.196,0.234,0.295,0,0,0,0,0,0,0,0,0.187,0,0,0,0,0,0,0.283,0,0.292,0,0,0,0,0,0,0,0,0.719,0,0,0,0,0.16,0,0,0,0,0.16,0,0,0,0,0.295,0,0,0,0,0,0.185,0,0.824,0,0,0,0.35,0,0,0,0,0,0,0,0.292,0,0.337,0,0,0.155,0,0.318,0,0,0.151,0.22,0,0,0,0.182,0,0,0,0.289,0.35,0.229,0,0,0.612,0,0.305,0.338,0.305,0.18,0,0,0,0,0,0,0,0,0,0,0.354,0,0,0.158,0,0,0,0.173,0,0,0,0,0.905,0,0,0,0,0,0,0,0,0,0,0,0,0,0,0.968,0,0,0,0,0.963,0,0,0,0,0.335,0,0,0,0,0,0,0,0,0.321,0,0,0,0.9,0,0,0,0,0,0,0,0,0.262,0,0,0.183,0,0,0,0,0,0,0,0,0,0,0,0,0,0,0,0,0,0,0,0,0,0,0,0,0,0,0,0,0,0,0,0,0,0,0,0,0,0,0,0,0,0,0,0,0,0,0,0,0,0,0,0,0,0,0,0,0,0,0,0.169,0,0,0,0.193,0,0,0.237,0.152,0,0,0,0,0,0,0,0,0,0,0,0,0,0,0,0,0,0,0,0,0,0,0,0,0,0,0,0,0,0,0,0,0,0,0,0,0,0,0,0,0,0,0,0,0,0,0,0,0,0,0,0,0,0,0,0,0,0,0,0,0,0,0,0,0,0,0,0,0,0,0,0,0,0,0,0,0,0,0,0,0,0,0.448,0,0,0,0.491,0,0,0,0,0,0,0,0,0,0,0,0,0,0,0,0,0,0,0,0.36,0,0,0,0,0,0,0,0,0,0,0,0,0,0,0,0,0.313,0,0,0,0,0,0,0,0,0,0,0,0,0,0,0,0,0,0,0,0,0,0,0,0,0,0,0,0,0,0,0,0,0,0,0,0,0,0,0,0,0,0,0,0,0,0,0,0,0,0,0,0,0,0,0,0,0,0,0,0,0.162,0,0,0,0,0,0.396,0,0,0,0,0,0.992,0,0,0,0,0,0,0,0,0,0,0,0,0,0,0.209,0,0,0,0.198,0,0,0,0,0,0,0,0,0,0,0,0,0,0,0,0,0,0,0,0,0,0,0,0,0,0,0,0.356,0,0,0,0,0,0,0,0,0,0,0.248,0,0,0,0,0,0,0,0,0,0,0,0,0,0,0.179,0,0,0,0,0,0,0,0,0,0,0,0,0,0,0,0,0,0,0,0,0,0,0,0,0.165,0,0,0,0,0,0,0,0,0,0,0,0,0,0.455,0,0,0,0,0,0,0,0,0,0,0,0.192,0,0,0,0,0,0,0,0,0,0,0,0,0,0,0,0,0,0,0,0,0,0,0,0,0,0,0,0,0,0,0,0,0,0.252,0,0,0,0,0,0,0,0,0,0,0,0,0,0,0,0.178,0,0,0,0,0,0,0,0,0.804,0.343,0,0,0,0,0,0,0,0,0,0,0,0,0,0,0,0,0,0,0,0.265,0,0,0,0,0,0,0,0,0,0,0,0,0,0,0,0,0,0,0,0,0,0,0,0,0,0,0.444,0,0,0,0,0,0,0,0,0,0,0,0,0,0.151,0,0,0,0,0,0,0,0,0,0,0,0,0,0,0,0,0,0,0,0,0,0,0,0,0,0,0,0,0,0,0,0,0,0,0,0,0,0,0,0,0,0,0,0,0,0,0,0,0,0.446,0,0,0,0,0,0,0,0,0,0,0,0,0,0,0,0,0,0,0,0,0,0,0,0,0,0,0,0,0,0,0,0,0,0,0,0.244,0,0,0,0,0,0,0.195,0.234,0,0,0,0,0,0,0,0,0,0,0,0,0,0,0,0,0,0,0,0,0,0,0,0,0,0,0,0,0,0,0,0,0,0,0,0,0,0,0,0,0,0,0,0,0,0,0,0,0,0,0,0,0,0,0,0,0,0,0,0,0,0,0,0,0.254,0,0,0,0,0,0,0,0,0,0,0,0,0,0,0,0,0,0,0,0,0,0,0,0,0,0,0,0,0,0,0,0,0,0,0,0,0,0,0,0,0,0,0,0,0,0.168,0,0,0,0,0,0,0,0.367,0,0,0,0,0,0,0,0,0,0,0,0,0,0,0,0,0,0,0,0,0,0,0,0,0,0,0,0,0,0,0,0,0,0,0.18,0,0,0,0.29,0,0,0.213,0.173,0,0,0,0,0,0,0,0,0,0,0,0,0,0,0,0,0,0,0,0,0,0,0,0,0,0,0,0,0,0,0,0,0.309,0,0,0,0,0,0,0,0.15,0,0,0,0,0,0,0,0,0,0,0,0,0,0,0,0,0,0,0,0,0,0,0,0,0,0,0,0,0,0,0,0,0,0,0,0,0,0,0,0,0,0,0,0,0,0,0,0,0,0,0,0,0,0,0,0,0,0,0,0,0,0,0,0,0,0,0,0.469,0,0.181,0,0.228,0,0,0.41,0,0,0,0,0,0,0,0,0,0,0.183,0,0,0,0,0,0,0,0.681,0,0,0,0,0,0,0,0,0,0,0,0,0.281,0,0,0,0,0,0,0.207,0,0.207,0,0,0,0,0,0,0,0,0,0,0,0,0,0,0.31,0,0.716,0,0.595,0,0,0,0,0,0,0,0.426,0,0,0,0,0,0,0,0,0,0,0.546,0.234,0,0.243,0,0,0,0,0,0,0,0,0,0,0,0,0,0,0,0,0,0,0,0,0,0,0.43,0,0,0,0,0,0,0,0,0,0,0,0,0,0,0,0.22,0,0,0,0,0,0,0,0,0,0,0,0,0,0,0,0,0,0,0,0.267,0,0.223,0,0.237,0,0,0.182,0,0,0,0.552,0,0,0.29,0,0,0,0,0,0,0,0,0,0,0,0,0,0,0,0,0,0,0.194,0,0,0,0,0,0,0,0,0,0,0,0,0,0,0,0,0,0.433,0,0,0,0,0,0,0,0,0.395,0.586,0,0,0,0,0.464,0,0,0,0,0,0.203,0,0,0,0,0.987,0,0.279,0,0,0.176,0,0,0,0,0,0,0,0,0,0,0,0,0,0,0,0,0,0,0,0,0,0,0,0,0,0,0,0,0,0,0,0,0,0,0.55,0,0,0,0,0,0,0.99,0,0,0,0,0,0,0,0.551,0,0,0,0,0,0,0,0,0.251,0,0,0,0,0,0,0,0,0,0,0,0,0.421,0,0.173,0,0,0,0,0,0,0.193,0,0,0,0,0.542,0,0,0,0,0,0,0,0,0,0,0,0,0.342,0,0,0,0,0,0,0,0,0,0.399,0,0,0,0,0,0,0,0,0,0.176,0,0,0,0,0,0,0,0,0.18,0,0,0,0,0,0,0,0,0,0.186,0,0,0.424,0,0,0,0,0,0,0,0,0,0,0,0,0,0,0,0,0,0,0,0,0,0,0,0.496,0,0,0,0,0,0,0,0,0,0,0,0,0,0,0,0,0,0,0,0.178,0,0,0.213,0,0,0,0,0,0,0,0,0,0,0,0,0,0,0,0.384,0,0.321,0,0.24,0,0,0,0,0,0,0,0,0.267,0,0,0,0,0,0,0,0,0,0,0.332,0,0,0,0,0,0,0,0,0,0,0,0,0,0,0,0,0,0,0,0,0,0,0,0.442,0,0,0,0.245,0,0,0,0,0,0,0,0,0,0,0,0,0,0,0,0.376,0,0,0,0,0,0,0,0,0,0,0,0,0,0,0,0,0,0,0,0,0,0,0,0,0,0.399,0,0,0,0,0,0,0,0,0,0,0,0.22,0,0,0,0.381,0,0,0,0,0,0,0,0,0,0,0,0,0,0,0,0,0,0,0,0.298,0,0,0,0,0,0,0,0,0,0,0,0,0,0,0,0,0,0,0,0,0,0,0,0,0,0,0,0,0,0,0,0,0,0,0.153,0,0,0,0,0,0,0,0,0,0,0,0,0,0,0,0,0,0,0,0,0,0,0,0,0,0,0,0.163,0,0,0,0,0,0,0,0,0,0,0,0,0,0,0,0,0,0,0,0,0,0,0,0,0,0,0,0,0,0,0,0,0,0,0.371,0,0,0,0,0,0,0,0,0,0,0,0,0,0,0,0,0,0,0,0,0,0,0,0,0,0,0,0,0,0,0,0,0,0,0,0,0,0,0,0,0,0,0,0,0,0,0,0,0,0,0,0,0,0,0,0,0,0,0,0,0,0,0,0,0,0,0,0,0,0,0,0,0,0,0,0,0,0,0,0,0,0,0,0,0,0,0,0,0,0,0,0,0,0,0,0,0,0,0,0,0,0,0,0,0,0,0,0,0,0,0,0,0,0,0,0,0,0,0,0,0,0,0,0,0.196,0,0,0,0,0,0,0,0,0,0,0,0,0,0,0,0,0,0,0,0,0,0,0,0,0,0,0,0,0,0,0,0,0,0,0,0,0.182,0,0,0,0,0.592,0,0,0,0,0,0,0,0,0,0,0,0,0,0,0.596,0,0,0,0,0,0,0,0,0,0,0,0,0,0,0,0,0,0,0,0,0,0,0,0,0,0.196,0,0,0,0,0,0,0,0,0,0,0,0,0,0,0,0,0,0,0,0,0,0,0,0,0,0,0,0,0,0,0,0,0,0,0,0,0,0,0,0,0,0,0,0,0,0,0,0.225,0,0.216,0,0,0,0,0,0,0,0,0,0,0,0,0,0,0,0,0,0,0,0,0,0,0,0,0,0.173,0,0,0,0,0,0,0,0.187,0,0,0,0.691,0,0,0,0,0,0,0,0,0,0,0,0,0,0,0,0,0.257,0,0,0.231,0.159,0,0,0,0,0,0,0,0,0,0,0,0,0.213,0,0,0,0,0,0,0.357,0,0,0.691,0,0,0,0,0,0,0,0.176,0,0,0,0,0,0,0,0,0,0,0,0,0,0,0,0,0,0,0,0,0,0,0,0,0,0,0,0,0,0,0,0,0,0,0,0,0,0,0,0,0,0,0,0.227,0,0,0,0,0,0,0,0,0,0,0,0,0,0,0,0,0,0,0,0.302,0,0,0,0,0,0,0,0,0,0,0,0,0,0,0,0,0,0,0,0,0,0,0,0.258,0,0,0,0,0,0,0,0,0,0,0,0,0,0,0,0,0,0,0,0,0,0,0,0,0,0,0,0,0,0,0,0,0,0,0,0,0,0,0,0,0,0,0,0,0,0,0,0,0,0,0,0,0,0,0,0,0,0,0,0,0,0,0,0,0,0.447,0,0,0,0,0,0,0,0,0,0,0,0,0,0,0,0,0,0,0,0,0,0,0,0,0,0,0,0,0,0,0,0,0,0,0,0,0.469,0,0,0,0,0,0.3,0,0,0.391,0,0,0,0,0,0,0,0,0,0,0,0,0,0,0,0,0,0,0,0,0,0,0.537,0,0,0,0,0,0,0,0,0.167,0,0,0,0,0,0,0,0,0,0,0,0,0,0,0,0,0,0,0,0,0,0,0,0.32,0,0,0,0,0,0,0,0,0,0,0,0,0,0,0,0,0,0,0,0.238,0,0,0,0,0,0,0,0,0,0,0,0,0,0,0,0,0,0,0,0,0,0,0,0,0,0,0,0,0,0,0,0,0,0,0,0,0.179,0,0,0,0,0,0,0,0,0,0,0,0,0,0,0,0,0,0,0,0,0,0,0,0.15,0,0,0,0,0,0,0,0,0,0,0,0,0.202,0,0,0,0,0,0,0,0,0,0,0,0,0,0,0,0.358,0,0,0,0,0,0,0,0,0,0,0,0,0,0,0,0,0,0,0,0.382,0,0,0,0,0,0,0,0,0,0,0,0,0,0,0,0,0,0.229,0,0,0,0,0,0,0,0,0,0,0,0,0,0,0,0,0.309,0,0,0,0,0,0,0,0,0,0,0,0,0,0.232,0,0,0,0,0.271,0,0,0,0,0,0,0,0,0,0,0.296,0,0,0,0,0,0,0,0,0,0,0,0,0,0,0,0,0,0,0,0,0,0,0,0,0,0,0,0,0,0,0,0,0,0,0,0.22,0,0,0,0,0,0,0,0,0,0,0,0,0,0,0,0,0,0,0,0,0,0,0,0,0,0,0,0,0,0,0,0,0,0,0,0,0,0,0,0,0,0,0,0.189,0,0,0,0,0,0,0,0,0,0,0,0,0,0,0,0,0,0,0,0,0,0,0,0,0,0,0,0.289,0,0,0,0,0,0,0,0,0,0,0,0,0,0,0,0,0,0.338,0,0,0,0.152,0,0,0,0,0,0,0,0,0,0,0,0,0.204,0,0,0,0,0,0,0,0,0,0,0,0,0,0,0,0,0,0,0,0,0,0,0,0,0,0,0,0,0,0,0,0,0,0,0,0,0,0,0,0,0,0,0,0,0,0,0,0,0,0,0.152,0,0,0,0.253,0,0,0,0.171,0,0,0,0,0,0,0,0,0,0,0,0,0,0,0,0,0,0,0,0,0,0,0,0,0,0,0,0,0,0,0,0,0,0,0,0,0,0,0,0,0,0,0,0,0,0,0,0,0,0,0,0,0,0,0,0,0,0,0,0,0,0,0,0,0,0,0,0,0,0,0,0,0,0,0,0,0,0,0,0,0,0,0,0,0,0,0,0,0,0,0,0,0,0,0,0,0,0,0,0,0,0,0,0,0,0,0,0,0,0,0,0,0,0,0,0,0,0,0,0,0,0,0,0,0,0,0,0,0,0,0,0,0,0,0,0,0,0,0,0,0,0,0,0,0,0,0,0,0,0,0,0,0,0,0,0,0,0,0,0,0,0,0,0,0,0,0,0,0,0,0,0,0,0,0,0,0,0,0,0,0,0,0,0,0,0,0,0,0,0,0,0,0,0,0,0,0,0,0,0,0,0,0,0,0,0,0,0,0,0,0,0,0,0,0,0,0,0,0,0,0,0,0,0,0,0,0,0,0,0,0,0,0,0,0,0,0,0,0,0,0,0,0,0,0,0,0,0,0,0,0,0.196,0.267,0,0,0,0,0,0.291,0,0,0,0.256,0,0,0,0,0.2,0,0,0,0,0,0,0,0,0,0.16,0,0.2,0,0,0,0,0,0,0,0.839,0,0,0,0,0,0,0,0,0,0,0,0,0,0.291,0,0,0,0,0,0,0,0,0,0,0,0,0,0.25,0,0,0,0,0,0,0,0,0.935,0,0,0,0,0,0,0,0,0,0,0,0,0,0,0,0,0,0,0,0,0,0,0,0.182,0,0,0,0,0,0,0,0,0,0,0,0,0,0,0,0,0,0.226,0.306,0,0,0,0,0,0,0,0,0,0,0,0,0,0,0,0,0,0,0,0,0,0,0,0,0,0,0,0,0,0,0,0,0,0,0,0,0,0,0,0,0,0,0,0,0,0,0,0,0,0,0,0,0,0,0,0,0,0,0,0,0,0,0,0,0,0,0,0,0,0,0,0,0,0,0,0,0,0,0,0,0,0,0,0,0,0,0,0,0,0,0,0,0,0,0,0,0,0,0,0,0,0,0,0,0,0,0,0,0,0,0,0,0,0,0,0,0,0,0,0,0,0,0,0,0,0,0,0,0,0,0,0,0,0,0,0,0,0.254,0,0,0,0,0,0,0,0,0,0,0,0,0,0,0,0,0,0,0,0,0,0,0,0,0,0,0,0,0,0,0,0,0,0,0,0,0,0,0,0,0,0,0,0,0,0,0,0,0,0,0,0,0,0,0,0,0,0,0,0,0,0,0,0,0,0,0,0,0,0,0,0,0,0,0,0,0,0,0,0,0,0,0,0.158,0,0,0,0,0,0,0,0.208,0,0,0,0,0,0,0,0,0,0,0,0,0,0,0,0,0,0,0,0,0,0,0,0.166,0,0,0,0,0,0,0,0,0,0.513,0,0,0,0,0,0,0,0,0,0,0,0,0,0,0,0,0,0,0,0,0,0,0,0,0,0,0,0,0,0,0,0,0,0,0,0,0,0,0,0,0,0,0,0,0,0,0,0,0,0,0,0,0,0,0,0,0,0,0,0,0,0,0,0.276,0,0,0,0,0,0,0,0,0,0,0,0,0,0,0,0,0,0,0,0,0,0,0,0,0,0,0,0,0,0,0,0,0,0,0,0,0,0,0,0,0,0,0,0,0,0,0,0,0,0,0,0,0,0,0,0,0,0,0.171,0,0,0,0,0,0,0,0,0,0,0,0,0,0,0,0,0,0,0,0,0,0,0,0,0,0,0,0,0,0,0,0,0,0,0,0,0,0,0,0,0,0,0,0,0,0,0,0,0,0,0,0,0,0,0,0,0,0,0,0,0,0,0,0,0,0,0,0,0,0,0,0,0,0,0,0,0,0,0,0,0,0,0,0,0,0,0,0,0.481,0,0,0,0,0,0,0,0,0,0,0,0,0.191,0,0,0,0,0,0,0,0,0,0,0,0,0,0,0.362,0,0,0,0,0,0.338,0,0.515,0,0,0,0,0,0.193,0,0,0,0,0,0,0,0,0,0,0,0,0,0,0.152,0,0,0,0.29,0,0,0,0,0,0,0,0,0,0,0,0,0,0,0,0,0,0,0,0,0,0,0,0,0,0,0,0,0,0,0,0,0,0,0,0,0,0,0,0,0,0,0,0,0,0,0,0,0,0,0,0,0,0.906,0,0,0,0,0,0,0,0,0,0,0,0,0,0,0,0,0,0,0,0,0,0,0,0,0,0,0,0,0,0,0,0,0,0,0,0,0,0,0,0,0,0,0,0,0,0,0,0,0,0,0,0,0,0,0,0,0,0,0,0,0,0,0,0,0,0,0,0,0,0,0,0,0,0,0,0,0,0,0,0,0,0,0,0,0,0,0,0,0,0,0,0.451,0,0,0,0,0,0,0.163,0,0,0,0,0,0,0,0,0,0,0.344,0,0,0,0,0,0,0,0,0,0,0,0,0,0,0,0,0,0,0,0,0,0,0,0,0,0,0,0,0.191,0,0.35,0,0,0,0,0,0,0,0,0,0.183,0,0,0,0,0,0,0,0,0,0,0,0,0,0,0,0,0,0,0,0,0,0,0,0,0,0,0,0,0.61,0,0,0,0,0,0,0,0,0,0,0,0,0,0,0,0,0,0,0,0,0,0,0,0,0,0,0,0,0,0,0,0,0,0,0,0,0,0,0,0.253,0,0,0,0,0,0,0,0,0,0,0,0,0,0,0,0,0,0,0,0.34,0,0.957,0,0,0,0,0,0,0,0,0,0,0,0,0,0,0,0,0,0,0,0,0,0,0,0,0,0,0,0,0,0,0,0,0,0,0,0,0,0,0,0,0,0,0,0,0,0,0,0,0,0,0,0,0,0,0,0,0,0,0,0,0,0,0,0,0,0,0,0,0,0,0,0,0,0,0,0,0.274,0,0,0,0,0,0,0,0,0,0,0,0,0,0,0.191,0,0,0,0.193,0,0,0,0,0,0,0,0,0,0,0,0,0,0,0,0,0,0,0,0,0,0,0,0,0,0,0,0,0,0,0,0,0,0,0,0,0,0,0,0,0,0,0,0,0,0,0,0,0,0,0,0,0,0,0,0,0,0,0,0,0,0,0,0,0,0,0,0,0,0,0,0,0,0,0,0,0,0,0,0,0,0,0,0,0,0,0,0,0,0,0,0,0,0,0,0,0,0,0,0,0,0,0,0,0,0,0,0,0,0,0,0,0,0,0,0,0,0,0,0,0,0,0,0,0.196,0,0,0.555,0.552,0,0,0,0,0,0,0,0,0,0,0,0,0,0,0,0,0,0,0,0,0,0,0,0,0,0,0,0,0,0,0,0,0,0,0,0,0,0,0,0,0,0,0,0,0,0,0,0,0,0,0,0,0,0,0,0,0,0,0,0,0,0,0,0,0,0,0,0,0,0,0,0,0,0,0,0,0,0,0,0,0,0,0,0,0,0,0,0,0,0,0,0,0,0,0,0,0,0,0,0,0,0,0,0,0,0,0,0,0,0,0,0,0,0,0,0,0,0,0,0,0,0,0,0,0,0,0,0,0,0
851477,0,0,0,0,0,0,0,0,0,0,0,0,0,0,0,0,0,0,0,0,0,0,0,0,0,0,0.273,0,0,0,0,0,0,0,0,0,0,0,0,0,0,0,0,0,0,0,0,0,0,0,0,0.999,0,0,0,0,0,0,0,0,0,0,0.527,0,0,0,0,0,0,0,0.287,0,0,0,0,0,0,0,0,0,0,0,0,0,0,0,0,0,0,0,0,0,0,0,0,0.999,0,0,0,0,0,0,0.29,0,0,0,0,0,0,0,0,0,0,0,0,0,0,0,0,0,0,0,0.681,0,0,0,0,0.989,0,0,0,0,0,0,0,0,0,0,0.273,0,0.999,0.177,0.235,0,0,0,0,0,0,0,0,0,0,0,0,0.906,0,0,0,0,0,0,0,0,0,0,0,0,0,0.196,0,0,0,0,0,0,0,0,0,0,0,0,0,0,0,0,0,0,0,0.618,0,0,0,0,0,0,0,0,0,0,0,0,0.322,0.784,0,0,0.999,0,0,0.258,0,0,0,0.507,0,0,0,0,0,0,0.999,0,0,0.866,0,0,0,0,0,0.676,0,0,0.999,0,0.789,0,0.222,0.219,0,0.208,0,0,0,0.285,0.413,0,0,0,0,0,0,0,0,0,0,0,0,0,0,0,0,0,0,0,0.516,0,0,0,0,0,0,0,0,0,0,0.993,0,0.264,0,0,0,0,0.917,0,0,0.375,0,0.929,0,0.418,0,0,0,0,0,0,0,0.803,0,0,0.999,0,0,0,0,0,0,0,0,0.999,0,0,0,0,0.995,0.203,0,0,0,0.173,0,0,0,0.238,0,0.529,0,0,0.245,0.916,0,0,0.2,0.18,0,0,0,0,0,0,0,0,0,0.237,0,0,0,0,0,0,0.173,0,0,0,0,0,0,0,0,0,0,0.233,0,0.18,0,0,0.256,0.176,0.157,0.999,0,0.985,0,0,0,0,0.999,0,0,0,0,0,0,0.999,0,0,0,0,0,0,0,0.337,0,0,0,0,0.999,0.15,0.654,0,0.339,0,0,0,0.221,0,0,0,0,0.706,0,0,0,0,0,0.59,0.269,0,0,0,0,0,0,0,0,0.745,0,0,0,0,0.225,0,0,0,0,0,0,0,0.552,0,0,0,0,0,0,0,0,0,0,0,0.999,0,0.285,0,0,0,0,0.617,0,0.582,0,0,0,0,0,0,0,0,0,0,0.189,0,0,0.999,0,0.172,0,0,0,0.888,0.173,0,0,0,0.173,0.332,0,0,0,0,0,0.964,0,0,0,0,0,0.905,0,0,0,0,0,0,0,0,0,0,0.926,0,0,0,0,0,0.261,0.222,0.999,0.275,0,0,0,0,0,0,0,0.686,0,0,0,0,0,0,0,0,0,0,0.907,0,0.204,0,0.195,0,0,0.284,0,0,0,0,0.175,0.254,0,0,0,0,0,0,0,0,0,0,0.165,0,0,0,0,0.288,0.174,0,0,0,0,0,0,0,0,0.192,0.246,0,0,0,0,0,0,0,0,0.502,0,0,0,0,0,0,0,0,0,0,0,0,0,0.156,0,0,0,0,0,0.192,0,0,0,0,0,0,0,0,0,0,0,0.244,0,0,0.25,0,0,0,0.893,0.905,0,0,0,0,0,0,0,0.185,0.715,0,0,0,0,0,0,0.19,0,0,0.253,0,0,0.198,0,0,0,0,0,0,0.222,0,0,0,0.254,0.195,0,0,0,0,0,0,0,0,0,0,0,0,0,0,0,0,0,0,0,0,0,0.784,0,0,0,0,0.407,0.166,0,0,0,0,0,0,0,0,0,0,0,0,0,0.195,0,0,0,0,0.394,0.404,0,0,0,0,0,0,0,0,0.197,0.827,0.999,0,0,0,0,0,0,0.6,0,0,0,0.999,0,0,0,0.341,0,0.853,0,0,0,0,0,0.266,0,0,0,0,0,0,0,0,0.999,0,0.653,0,0,0,0.177,0.184,0,0,0,0,0,0,0,0,0,0,0,0,0.317,0.855,0,0,0,0,0.227,0,0,0,0,0.157,0.25,0.374,0,0.877,0,0,0,0,0,0.175,0,0,0,0,0,0,0,0,0,0,0,0,0.173,0,0,0,0,0,0,0,0,0,0.826,0,0,0,0.335,0.338,0,0,0,0,0,0,0,0,0,0,0,0,0,0,0,0,0,0.999,0,0.441,0,0,0,0,0,0,0,0,0,0.198,0,0,0,0,0,0,0,0.642,0,0,0,0,0,0,0,0,0,0.999,0.302,0,0,0,0,0,0,0,0,0,0,0,0,0,0.999,0,0,0.332,0,0,0.181,0,0,0,0,0,0,0,0,0.393,0.304,0,0,0,0.194,0,0,0,0,0,0.204,0.985,0,0.999,0,0,0,0,0.557,0,0,0,0.999,0,0,0,0,0.449,0,0.999,0,0.928,0.206,0.999,0,0.222,0,0,0,0,0,0,0,0,0,0.236,0,0,0,0,0.997,0,0.92,0.999,0,0.284,0,0.229,0,0,0,0.926,0,0,0,0,0.622,0.657,0,0,0,0.23,0,0.999,0,0,0,0,0,0,0,0.27,0,0,0.171,0,0,0,0,0,0,0,0,0,0.27,0,0,0,0,0,0,0,0,0,0,0,0,0,0,0,0,0,0,0,0,0,0,0,0,0,0,0,0.173,0,0,0,0,0,0,0,0,0,0,0,0,0,0,0.997,0,0,0.18,0,0,0,0,0,0.173,0.999,0,0,0,0,0,0,0,0,0,0,0,0,0.906,0,0.171,0,0,0,0,0,0,0,0,0,0,0,0,0,0,0,0,0,0,0,0,0,0,0,0,0.248,0,0,0,0,0.906,0,0,0,0,0,0,0,0,0,0,0.201,0,0.201,0,0,0,0,0.999,0,0,0,0,0,0,0.231,0,0.904,0,0,0,0,0.171,0,0,0,0,0,0,0,0,0,0,0,0,0,0.999,0,0,0,0,0,0,0,0.198,0,0,0.999,0,0,0,0,0,0,0,0,0.999,0.404,0.667,0,0,0,0,0,0,0,0.448,0,0,0,0,0,0,0,0,0,0,0,0.163,0,0,0.175,0,0,0,0,0,0,0.247,0,0,0,0,0.999,0,0,0.306,0,0,0,0,0,0,0,0,0,0,0,0,0.999,0,0,0.151,0,0,0,0,0,0.545,0,0.982,0,0,0,0,0.442,0,0,0,0,0,0,0,0,0,0,0,0,0,0,0,0,0,0,0,0,0,0,0,0.999,0,0,0,0.275,0,0.443,0,0,0,0,0.286,0,0,0,0,0.803,0,0,0,0,0,0,0,0.333,0.441,0,0,0,0,0,0,0.999,0,0.999,0,0,0,0,0,0,0,0,0,0,0,0,0,0,0,0,0,0,0,0,0,0,0,0,0,0,0,0,0,0,0,0,0,0,0,0,0,0.921,0,0,0,0,0,0,0,0,0,0,0,0,0.523,0,0,0,0,0,0.404,0,0,0,0,0,0,0,0,0,0,0,0,0,0,0,0,0,0,0,0,0,0,0,0,0,0,0,0.999,0,0,0,0,0,0,0.322,0,0,0,0,0,0,0.285,0,0.179,0.213,0,0,0,0,0,0,0,0,0,0.22,0,0,0,0,0,0,0,0,0,0,0,0,0.349,0,0,0.436,0,0,0,0,0,0,0,0.453,0,0,0,0,0,0,0,0,0,0,0,0,0,0,0,0,0,0,0,0,0,0,0,0,0.225,0,0,0,0,0,0,0,0,0,0.316,0,0,0,0,0,0,0,0,0,0,0,0,0,0,0,0,0.999,0,0,0,0,0,0,0,0,0,0,0,0,0,0,0,0,0,0,0,0,0,0,0,0,0,0,0,0,0,0.258,0,0.34,0,0,0,0,0,0.299,0,0,0,0,0,0,0,0,0,0,0,0,0,0,0,0,0,0,0,0,0,0.27,0,0,0,0,0,0,0,0,0,0,0,0,0,0,0,0,0,0,0,0,0,0,0,0,0,0,0,0,0,0,0,0,0.413,0.173,0,0,0,0,0,0,0,0,0,0,0,0,0,0,0,0,0,0,0.22,0,0,0,0,0,0,0,0,0,0,0,0,0,0,0,0,0,0,0,0,0,0,0,0,0,0,0,0,0,0,0,0,0,0.85,0,0.426,0,0.82,0,0,0.192,0.999,0.811,0.821,0.189,0,0.879,0,0,0.204,0,0.356,0,0.263,0.982,0,0,0,0.206,0.82,0,0,0,0,0.49,0,0,0.856,0,0,0,0,0,0.19,0,0,0.203,0,0,0,0.802,0,0,0.999,0.611,0.832,0,0.999,0.331,0,0,0,0,0,0,0,0,0,0.999,0,0.189,0,0.192,0,0,0,0,0.172,0,0,0,0.237,0.344,0,0.28,0,0,0.205,0,0,0.871,0,0,0.643,0,0.999,0,0,0,0,0,0,0,0,0,0.158,0.221,0,0,0.191,0.57,0.858,0,0,0.25,0,0.413,0.155,0,0.243,0,0,0,0,0.178,0,0,0.999,0.489,0.267,0,0,0,0.322,0,0,0,0.999,0,0,0,0,0.247,0,0,0,0,0,0,0.389,0.547,0,0,0,0.369,0.8,0,0,0.306,0,0,0,0,0,0.999,0.184,0.828,0.699,0,0,0.926,0,0,0.8,0.249,0,0.202,0.965,0,0.999,0,0,0,0,0.811,0,0.264,0,0.858,0.549,0.162,0,0.183,0.171,0,0,0.556,0.295,0,0.182,0.547,0.153,0,0.914,0.173,0,0,0,0,0.903,0,0,0,0.882,0.214,0,0.852,0,0,0,0,0,0,0,0,0,0.153,0,0.383,0.221,0,0,0.629,0,0.551,0.191,0,0,0.236,0,0.189,0,0.828,0,0,0.151,0,0,0,0,0,0,0,0,0,0,0,0,0,0,0,0,0,0,0,0,0,0,0.263,0,0,0,0,0,0,0,0,0,0,0,0,0,0,0,0,0,0,0,0.999,0,0,0,0,0.225,0,0,0,0,0,0.218,0,0,0,0,0,0,0,0,0,0,0,0,0,0,0,0,0,0,0,0,0,0,0,0,0,0,0,0,0,0,0,0,0,0,0,0.185,0,0,0.912,0,0.196,0,0,0,0,0,0.261,0,0,0,0,0,0,0,0.171,0,0,0.336,0,0,0,0.731,0,0,0,0,0,0,0,0,0,0,0,0,0,0,0,0.151,0,0,0,0,0,0,0,0,0,0,0,0,0,0,0,0.646,0,0,0,0,0,0,0,0,0,0,0,0,0,0,0,0,0,0,0,0,0,0,0,0.311,0,0,0.493,0,0,0,0,0,0,0,0,0,0,0,0,0,0,0,0,0,0,0,0,0,0,0,0,0,0,0,0,0,0,0,0,0,0.15,0,0,0,0,0.969,0,0,0.998,0,0,0,0,0,0,0,0,0,0,0,0,0,0,0,0,0,0.169,0,0,0,0,0,0,0,0,0,0,0,0,0,0,0,0,0,0,0,0,0.191,0,0,0,0,0,0,0,0,0,0,0.202,0,0,0.179,0,0.164,0,0,0,0,0,0,0.275,0,0,0,0,0.999,0,0,0,0.179,0,0.45,0.795,0,0,0,0,0,0,0,0,0,0,0,0,0,0,0,0,0,0,0,0,0,0,0,0,0,0,0,0,0,0,0,0,0,0,0,0,0,0,0,0.999,0,0,0,0,0,0.999,0,0,0,0,0.999,0,0,0,0,0.17,0,0,0.345,0.5,0,0,0,0,0,0,0,0,0,0,0,0,0,0,0,0,0,0.909,0,0,0,0,0,0,0.235,0.999,0,0,0,0.776,0,0,0,0,0,0,0,0,0,0,0,0,0,0,0,0,0,0,0,0,0,0,0.191,0,0.415,0,0,0,0,0,0,0,0,0,0,0.349,0,0,0,0,0,0,0,0,0,0,0,0,0,0,0,0,0,0,0,0,0,0.535,0,0,0,0,0.413,0,0,0.173,0,0,0,0,0,0,0,0,0.999,0,0,0,0,0,0,0,0.349,0,0.173,0,0,0,0,0.924,0.376,0,0,0,0,0,0,0,0,0,0,0.173,0,0,0,0,0,0,0,0,0,0,0.233,0.84,0,0,0,0,0,0,0,0,0,0,0,0,0,0,0,0,0,0,0.999,0,0,0.999,0,0,0,0.163,0,0,0,0,0,0,0,0,0,0,0,0,0,0,0,0,0,0,0,0,0,0,0,0,0,0,0,0,0,0,0,0,0,0,0,0,0,0,0,0,0,0,0,0,0,0,0.193,0,0,0,0,0,0.246,0,0,0,0,0,0,0,0,0,0,0,0,0,0,0,0,0,0,0,0,0,0,0,0,0,0,0,0,0,0,0,0,0,0,0,0,0,0,0,0,0,0,0,0.222,0,0,0,0,0,0,0,0,0,0,0,0,0,0,0,0,0,0,0,0.761,0,0,0,0,0,0,0,0,0,0,0,0,0,0,0,0,0,0,0,0,0,0,0,0,0,0,0,0,0,0,0,0,0,0,0,0,0,0,0,0,0.153,0,0,0.999,0,0,0,0,0,0,0,0,0,0,0,0,0,0,0,0,0,0,0,0,0,0,0,0,0,0,0,0,0.202,0,0,0,0,0,0.715,0,0,0,0,0,0,0,0,0,0,0,0,0.925,0,0,0,0,0,0,0,0,0,0,0,0,0,0,0,0,0,0,0,0,0,0,0,0,0,0,0,0,0.173,0,0,0.527,0,0,0,0,0,0.804,0,0,0,0,0,0,0,0,0,0,0,0,0,0,0,0,0,0,0,0,0,0,0,0,0,0,0,0,0,0,0,0,0,0,0,0,0,0,0,0,0,0,0,0,0,0,0,0,0,0,0,0,0,0,0.248,0,0,0,0,0,0,0,0,0,0,0,0.206,0,0,0.161,0,0,0,0,0,0,0,0.8,0,0,0,0,0,0,0,0,0,0,0,0,0,0,0.953,0.825,0.999,0.806,0.196,0.152,0,0.22,0.999,0.998,0.999,0.803,0.191,0.999,0.852,0.501,0,0.999,0.274,0.884,0.999,0,0,0.191,0.224,0.237,0.213,0.999,0.937,0.999,0.822,0.326,0.999,0,0.301,0.626,0,0.825,0.771,0.999,0.233,0.999,0.815,0.895,0,0,0,0.999,0.999,0.723,0.937,0.314,0.85,0.654,0,0.53,0.804,0.284,0.97,0.307,0.399,0.999,0.999,0.999,0.999,0.98,0.999,0.999,0.173,0.445,0.999,0.781,0.999,0.319,0,0.8,0.782,0,0,0.158,0.999,0.999,0,0.999,0.999,0.999,0.231,0.224,0.999,0,0.794,0.832,0,0,0,0.683,0,0.999,0.999,0,0.979,0,0,0.999,0.491,0.999,0.999,0.776,0.999,0.999,0,0,0.999,0.973,0.997,0,0.999,0.999,0.79,0.999,0.895,0,0.173,0,0.999,0.998,0.779,0.821,0.284,0,0.929,0,0.999,0.249,0.796,0,0.999,0.833,0.307,0,0.185,0,0.999,0.999,0,0,0.715,0.999,0.962,0,0.999,0.223,0,0.596,0.999,0.999,0.359,0.994,0,0.999,0,0.805,0.999,0,0.867,0.998,0.999,0.654,0.821,0.999,0.999,0.345,0.344,0.233,0.464,0,0.222,0,0,0,0.912,0.899,0,0.785,0.224,0.813,0,0.817,0.95,0.999,0.999,0.999,0.938,0,0,0.999,0.999,0.803,0.18,0.999,0,0.999,0.999,0,0.999,0.835,0,0.999,0,0.999,0,0,0.996,0.999,0.999,0,0.857,0.999,0,0.5,0,0,0.999,0,0.999,0.836,0.185,0.999,0,0.225,0.157,0,0,0,0,0,0,0,0,0,0.223,0,0,0,0,0.15,0,0,0,0,0,0.283,0,0.278,0,0,0,0,0,0.175,0,0,0,0,0,0,0,0,0,0.151,0,0.999,0,0,0,0,0,0,0,0,0.163,0,0,0,0,0,0,0.238,0.172,0,0,0.34,0,0,0,0.29,0,0,0.172,0,0,0,0,0,0,0.181,0,0,0,0,0.151,0,0.252,0,0,0,0,0,0,0,0,0,0,0,0.432,0,0.177,0,0.175,0,0,0,0,0,0,0,0,0,0,0,0,0,0,0.194,0,0,0,0,0,0,0,0.195,0,0.173,0,0,0,0,0,0,0,0,0,0,0,0,0,0,0,0,0,0,0,0,0,0.175,0,0,0,0,0,0,0,0,0,0,0,0,0,0,0,0,0,0,0,0,0,0,0,0,0,0,0,0,0,0,0,0,0,0,0,0,0.356,0,0,0,0,0,0,0,0,0,0,0,0,0,0,0,0,0,0,0,0,0,0,0,0,0,0,0,0,0,0.165,0,0,0,0,0,0,0,0,0,0,0,0,0,0,0,0,0,0,0,0.175,0,0,0,0,0,0.275,0.224,0,0.904,0,0,0,0,0.211,0,0,0.522,0,0,0,0,0,0.252,0.552,0.672,0,0.15,0,0,0,0,0.396,0,0,0,0,0,0,0,0,0,0,0.173,0,0,0,0,0,0,0,0,0,0,0,0,0,0,0,0,0,0,0,0,0,0,0,0,0,0,0,0,0,0,0,0,0,0,0,0,0,0,0,0,0,0,0,0,0,0,0,0,0,0.284,0,0,0,0,0,0,0,0,0,0,0,0,0,0,0,0,0,0,0,0,0,0,0,0,0,0,0,0,0,0,0,0,0,0,0,0,0,0.173,0,0,0,0,0,0,0,0,0,0,0,0,0,0,0,0,0,0,0,0,0,0,0,0,0,0,0,0,0,0.269,0,0,0,0,0,0,0,0,0,0,0,0,0,0,0,0,0,0,0,0,0,0,0,0,0,0,0,0,0,0,0,0,0,0,0,0,0,0,0,0,0,0,0,0,0,0,0,0,0,0,0,0,0,0,0,0,0,0,0,0,0,0,0.334,0,0,0,0.168,0,0,0,0,0,0,0,0,0,0,0,0,0,0,0,0,0,0,0,0,0,0,0,0,0,0,0,0,0,0,0,0,0,0,0,0,0,0,0,0,0,0,0,0,0,0.293,0,0.173,0,0,0,0,0,0,0,0,0,0,0,0,0,0,0,0,0,0,0,0,0.164,0.199,0,0.25,0,0,0,0,0,0,0,0,0,0,0,0,0,0,0,0,0,0,0,0,0,0,0,0,0,0,0,0,0,0,0,0,0,0,0,0,0,0,0,0,0,0,0,0,0,0,0,0,0,0,0,0,0,0,0,0,0,0,0,0,0,0,0,0,0,0,0,0,0,0,0,0,0,0,0,0,0,0,0,0,0,0,0,0,0,0,0,0,0,0,0,0,0,0,0,0,0,0,0,0,0,0,0,0,0,0,0,0,0,0,0,0,0,0,0,0,0,0,0,0,0,0,0,0,0,0,0,0,0,0,0,0.17,0,0,0,0,0,0,0,0,0,0,0,0,0,0,0,0,0,0,0,0,0,0,0,0,0,0,0,0,0,0,0,0,0.356,0,0,0,0,0,0,0,0,0,0,0,0,0,0,0.209,0,0,0,0,0,0,0,0.249,0,0,0,0,0,0,0,0,0,0,0,0,0,0,0,0,0,0,0,0,0,0,0,0,0,0,0,0,0,0,0,0,0,0.24,0,0,0,0,0,0.173,0,0.177,0,0,0,0,0,0.194,0,0.17,0,0,0,0,0,0,0,0,0,0,0,0,0,0,0,0,0,0,0,0,0,0,0,0,0.175,0,0,0.16,0,0,0,0,0,0,0,0,0,0,0,0,0,0,0,0,0,0,0,0,0,0,0,0,0,0,0,0,0,0,0,0,0,0,0,0,0.169,0,0,0,0,0,0,0,0,0,0,0,0,0,0,0,0,0,0,0,0,0,0,0,0,0,0,0,0,0,0,0,0,0,0,0,0,0,0,0,0,0,0,0,0,0,0,0,0,0,0,0,0,0,0,0,0,0,0,0,0,0,0,0,0,0,0.158,0,0,0,0,0,0,0,0,0,0,0,0,0,0,0,0,0,0,0,0,0,0,0,0,0,0,0,0,0,0,0,0,0,0,0,0,0,0,0,0,0,0,0,0,0,0,0,0,0,0,0,0,0,0,0,0,0,0,0,0,0,0,0,0,0,0,0,0,0,0,0,0,0,0,0,0,0,0,0,0,0,0,0,0,0,0,0,0,0,0,0,0,0,0,0,0,0,0,0,0,0,0,0,0,0,0,0,0,0,0,0,0,0.207,0.208,0.211,0.194,0,0.166,0,0,0,0,0,0,0,0,0,0,0,0,0,0,0,0,0,0,0,0,0,0,0,0,0,0,0,0,0,0,0,0,0,0,0,0,0,0,0.216,0.313,0,0,0,0,0,0,0,0.197,0,0,0,0,0,0,0,0,0,0,0,0,0,0,0,0,0,0,0,0,0,0,0,0,0,0,0,0,0,0,0,0,0,0,0,0,0,0,0,0,0,0,0,0,0,0,0,0,0,0,0,0,0,0,0,0,0,0,0,0,0,0,0,0,0,0,0,0,0,0,0,0,0,0,0,0,0,0,0,0,0,0,0,0,0,0,0,0,0,0,0,0,0,0,0,0,0,0,0,0,0,0,0,0,0,0,0,0,0.585,0,0,0,0,0,0,0,0,0,0,0,0,0,0,0,0,0,0,0,0,0,0,0,0,0,0,0,0.161,0,0,0,0,0,0,0,0,0,0,0,0,0,0,0,0,0,0,0,0,0,0,0,0,0,0,0,0,0,0,0,0,0,0,0,0,0,0,0,0,0,0,0,0,0,0,0,0,0,0,0,0,0,0,0,0,0,0,0,0,0,0,0,0,0,0,0,0,0,0,0,0,0,0,0,0,0,0,0,0,0,0,0,0,0,0,0,0,0,0,0,0,0,0,0,0,0,0,0,0,0,0,0,0,0,0,0,0,0,0,0,0,0,0,0,0,0,0,0
852203,0.521,0,0,0,0.415,0,0.222,0.386,0.153,0,0,0,0,0,0,0.527,0,0,0.376,0,0,0,0,0,0.172,0,0.946,0,0,0,0,0,0.426,0,0.435,0,0,0,0,0,0,0,0,0,0,0,0,0.183,0.21,0.263,0,0,0,0,0,0.172,0,0,0,0,0.161,0,0,0,0.243,0,0,0.233,0,0,0.549,0.175,0,0,0.266,0.168,0,0,0,0,0,0,0,0,0,0.214,0,0.197,0.468,0,0.159,0,0.218,0,0.15,0.327,0,0.237,0.423,0,0,0.152,0.277,0,0,0.153,0.154,0,0,0,0,0,0,0,0,0.288,0,0,0.623,0,0,0,0,0,0,0,0,0.236,0,0,0,0,0,0,0,0.158,0,0,0.965,0,0.212,0,0.535,0,0,0.332,0,0,0,0.154,0.24,0,0,0,0,0.339,0,0,0,0,0,0,0.444,0,0.4,0,0,0.443,0,0,0,0,0,0,0,0,0,0,0,0.722,0.611,0.196,0.21,0,0,0,0.569,0,0,0.185,0.216,0,0,0.49,0,0.316,0.17,0,0,0,0,0.235,0.227,0,0.253,0,0.172,0,0.637,0.561,0,0,0.959,0.463,0,0,0,0,0,0,0.195,0,0,0,0,0,0.187,0,0,0.384,0.194,0,0,0,0.171,0.173,0.553,0,0,0.411,0,0.226,0,0.33,0.282,0,0,0.226,0,0,0,0,0.374,0.286,0,0,0,0,0,0,0,0,0,0,0,0,0,0,0,0.154,0,0,0.258,0,0,0.4,0,0,0.625,0.18,0,0,0,0,0,0.154,0,0.348,0.22,0,0,0,0,0,0.365,0.278,0,0,0,0,0.323,0.171,0,0,0,0,0.249,0,0,0.179,0,0,0,0.252,0.4,0,0,0.153,0.164,0,0,0,0.397,0,0.912,0.235,0.228,0.322,0,0,0,0.296,0,0,0.191,0.195,0,0.371,0,0,0,0,0,0.199,0,0.595,0.173,0,0.169,0,0,0,0,0,0.154,0.283,0.226,0,0,0.714,0,0.228,0.372,0.643,0,0,0,0,0.235,0.158,0.505,0.212,0,0,0.447,0,0,0,0.155,0,0,0,0,0.185,0,0.289,0,0.439,0,0,0,0,0,0.155,0,0,0,0.154,0.48,0,0,0,0,0,0.535,0.977,0,0,0,0.428,0,0,0.198,0,0,0,0.155,0,0,0,0.173,0,0,0.257,0,0,0,0,0.707,0,0.153,0.276,0,0,0,0,0,0.164,0.424,0,0,0.396,0,0,0,0,0,0,0,0,0.2,0.216,0,0,0,0.175,0.195,0.651,0,0.729,0,0,0.528,0,0,0,0,0,0,0,0,0,0,0.233,0,0.196,0,0,0,0.487,0,0.247,0,0.439,0,0.327,0,0,0.362,0.244,0,0,0,0,0,0,0.192,0,0,0,0,0,0.447,0,0.493,0,0,0,0,0,0.169,0,0.154,0,0,0.151,0.158,0,0,0,0,0,0,0,0,0.151,0,0,0,0,0,0,0,0,0,0,0.303,0,0.526,0,0.517,0,0.199,0.554,0,0.167,0.155,0,0.253,0.257,0.178,0,0,0,0,0,0,0,0,0,0,0,0,0,0.313,0,0,0.194,0,0,0,0.213,0,0.499,0,0,0,0,0,0,0,0,0.211,0,0.208,0.154,0,0,0,0,0.185,0,0.158,0.594,0.291,0,0,0,0,0,0.22,0.497,0,0.192,0,0.22,0,0.32,0.246,0,0,0,0,0,0,0,0.19,0.327,0,0,0.226,0,0,0,0.475,0,0.466,0,0.176,0,0,0.265,0,0.232,0.84,0,0,0.274,0.471,0,0,0.153,0,0,0,0,0,0,0,0.285,0,0,0,0,0.478,0,0,0,0,0,0,0,0,0,0.217,0,0,0,0,0.173,0,0,0,0,0,0,0,0,0,0,0.247,0,0,0,0,0.153,0,0.151,0.151,0,0.26,0,0,0,0,0.166,0,0,0,0,0,0,0,0.172,0.21,0,0,0.397,0,0,0,0.27,0.165,0,0,0.549,0.221,0,0.259,0,0,0,0.2,0,0,0,0,0.154,0,0.171,0,0,0,0,0,0.187,0,0,0,0,0.163,0,0.577,0,0,0.16,0,0,0,0,0.172,0,0.495,0,0,0,0.167,0,0,0,0,0,0,0,0.243,0,0,0.961,0,0,0,0,0,0.208,0,0,0,0,0,0.252,0,0,0.264,0.274,0,0,0.466,0.174,0.168,0,0.26,0.195,0,0,0,0,0,0,0,0,0,0.207,0,0,0.336,0,0,0,0,0,0,0,0,0.269,0.158,0.182,0.193,0,0,0,0,0,0,0,0,0,0,0,0,0,0,0.634,0,0.563,0,0.487,0,0,0,0,0,0.194,0,0,0,0,0.211,0.16,0,0.347,0.167,0,0,0.401,0,0.168,0.295,0,0,0,0,0.206,0,0,0,0.153,0.287,0.18,0,0,0,0.201,0,0,0.159,0.225,0,0,0.885,0,0.793,0,0,0,0,0.297,0,0,0,0,0,0,0.264,0,0,0,0.257,0.185,0,0.411,0,0,0.179,0.275,0,0,0,0,0.826,0,0,0.161,0.477,0,0,0,0.784,0.171,0.181,0,0.262,0,0,0.838,0,0,0,0.179,0,0.169,0.177,0.173,0,0.473,0,0,0.166,0,0,0,0.227,0,0,0.349,0.244,0.193,0.23,0,0.314,0,0.63,0.355,0,0,0.158,0,0,0.286,0,0.183,0,0.22,0,0.241,0,0.16,0.291,0,0,0,0,0.185,0.227,0,0,0,0,0,0,0,0,0,0,0,0,0,0,0,0.253,0,0,0,0,0,0,0,0,0,0.407,0,0,0,0,0,0,0,0,0,0.195,0,0,0.253,0,0.263,0,0,0,0,0,0,0,0,0,0,0,0,0,0,0,0.225,0,0.353,0,0,0,0.158,0,0.222,0.191,0,0,0.22,0,0,0,0.236,0.176,0,0,0.172,0,0,0,0,0,0.866,0,0,0,0,0.768,0,0,0,0,0,0,0,0.195,0,0,0,0,0.193,0.293,0.274,0,0,0.2,0,0,0,0,0,0.245,0.272,0,0,0,0,0.471,0,0,0,0,0,0,0,0,0,0,0.205,0,0.205,0,0,0,0,0,0,0,0,0,0.293,0,0.317,0,0,0,0.275,0.156,0.576,0.245,0.226,0,0,0,0,0,0.307,0,0,0,0,0,0,0,0,0,0.942,0,0,0,0.27,0.288,0,0,0,0,0,0,0,0,0,0,0.167,0.171,0.24,0.581,0,0,0.302,0,0,0.307,0,0,0,0,0,0,0,0,0,0,0.307,0,0,0.522,0,0,0,0,0,0.158,0,0,0.55,0.243,0,0.195,0,0.185,0,0,0,0.182,0,0,0,0,0,0,0.281,0,0,0,0,0.286,0,0,0,0,0,0,0,0,0,0,0,0,0.27,0.435,0,0,0.582,0,0,0,0,0,0,0,0,0.151,0,0,0,0,0,0,0.195,0.174,0,0,0,0,0,0,0,0,0,0,0.184,0,0,0,0,0,0.303,0,0,0,0,0,0,0,0,0.243,0,0.243,0,0,0.194,0,0,0.476,0,0,0,0,0,0,0,0.166,0.696,0.391,0,0,0,0,0,0,0.275,0,0,0,0,0,0,0,0,0,0,0,0,0,0,0,0,0,0,0,0.232,0,0,0,0,0,0,0.239,0.372,0,0,0,0,0,0,0,0,0,0,0,0,0.614,0,0.172,0,0,0,0.198,0,0,0,0,0,0.256,0,0,0,0,0.2,0,0.257,0.267,0,0,0,0.171,0.23,0.24,0,0,0,0,0,0,0.174,0.36,0,0,0,0,0,0,0.166,0,0,0,0.185,0,0.195,0.19,0,0.372,0.384,0.191,0,0,0,0,0,0,0,0,0,0,0,0.186,0,0,0.21,0,0,0,0,0,0.22,0,0,0,0.264,0.3,0,0,0,0.295,0,0,0,0,0,0.285,0,0,0,0,0,0,0,0,0,0,0.365,0,0,0,0,0,0,0,0,0,0,0.478,0,0,0,0,0,0,0,0,0,0,0,0.184,0,0,0,0,0,0,0.246,0.182,0,0,0,0.361,0,0,0,0,0,0,0,0,0,0,0,0,0.154,0,0,0,0,0,0,0,0,0,0,0.167,0.31,0,0.74,0,0,0,0.496,0,0.654,0,0,0.293,0,0,0,0.188,0.21,0,0,0,0,0.361,0,0,0,0,0,0,0,0,0,0,0.174,0,0,0,0,0,0.15,0,0,0,0,0,0,0.27,0,0.27,0,0,0,0,0.546,0.153,0,0,0,0,0,0,0,0,0,0,0,0.191,0,0,0,0,0,0.179,0,0,0,0,0,0,0,0,0,0,0,0,0,0,0,0,0,0,0,0,0,0,0,0,0,0,0,0,0,0,0,0,0,0,0,0,0,0,0,0,0,0,0,0,0,0,0,0,0,0,0,0,0,0,0,0,0,0,0,0,0.186,0,0,0,0.15,0,0,0,0,0,0,0,0,0,0,0,0,0,0,0,0,0,0,0,0,0,0,0,0,0,0,0,0,0,0,0,0,0,0,0,0,0,0,0,0.179,0,0.188,0,0,0.3,0,0,0,0,0,0,0,0,0,0,0.307,0.168,0,0.3,0,0,0,0,0,0,0.18,0,0,0,0,0,0,0,0,0,0,0,0,0,0,0,0,0,0,0,0,0,0,0,0,0,0,0,0,0,0,0,0,0,0,0,0.173,0,0.24,0,0.151,0,0,0,0,0,0,0,0,0.269,0,0.159,0,0,0,0,0,0,0,0.216,0,0,0,0,0,0,0,0,0.183,0,0,0,0,0,0,0,0,0,0,0.312,0,0,0,0,0,0,0,0.194,0,0,0,0,0,0,0,0,0.337,0.287,0,0,0.3,0.173,0,0.208,0,0,0,0,0,0,0,0,0.179,0,0,0.169,0,0,0,0,0.198,0,0,0.247,0,0,0,0.179,0,0,0,0,0,0,0,0,0,0,0,0,0,0,0,0,0,0,0,0,0,0,0,0,0,0,0,0,0,0,0,0,0,0,0,0,0,0.164,0,0,0.198,0,0,0,0,0,0,0,0,0,0,0,0,0,0,0.224,0.387,0,0,0,0.193,0.417,0,0,0,0,0,0,0,0,0,0,0,0.227,0,0,0.279,0,0,0,0,0,0,0,0,0,0,0,0,0,0,0.203,0.176,0,0,0,0.226,0.192,0,0.2,0.634,0,0,0,0,0,0,0,0,0,0,0,0,0.786,0,0,0,0.166,0,0.431,0,0.225,0,0,0,0,0,0.259,0.193,0,0,0,0,0,0,0,0,0.168,0,0,0.173,0,0.165,0.292,0,0.438,0.527,0.327,0,0,0,0,0,0.181,0,0,0,0.187,0,0.16,0,0,0.264,0,0,0,0,0,0,0,0,0,0,0.196,0,0,0.264,0,0,0,0.169,0,0.434,0,0.151,0.224,0,0,0,0.175,0.24,0,0,0,0.336,0.196,0,0,0,0.208,0,0,0,0,0,0,0,0,0,0,0,0,0,0.278,0,0.177,0,0.227,0.163,0.155,0,0,0,0,0.211,0,0,0,0,0,0,0,0,0,0.24,0.156,0.226,0,0,0,0,0,0.311,0,0.238,0,0,0,0,0.208,0.186,0,0,0,0,0,0,0,0,0,0,0,0,0,0.159,0,0,0,0,0,0,0,0,0,0,0.18,0,0,0,0,0,0,0,0,0,0,0,0,0,0,0,0,0.151,0.19,0,0,0,0,0,0,0,0.183,0,0.302,0.158,0,0,0,0.856,0,0.77,0.311,0,0,0.793,0,0,0,0,0,0.692,0,0.649,0,0,0,0,0,0.251,0,0,0,0,0,0,0.151,0,0,0,0,0,0,0,0,0.359,0.789,0,0.389,0,0,0,0,0,0.621,0,0,0,0,0.153,0,0,0.621,0,0,0,0,0,0,0,0,0,0.381,0,0,0,0,0,0,0,0,0,0,0.209,0,0,0,0.568,0,0,0,0,0,0,0.266,0,0.347,0,0.817,0,0,0,0,0,0.162,0,0,0,0,0,0,0,0,0,0,0.212,0,0,0,0.212,0,0,0,0,0.245,0,0,0,0,0,0,0,0,0,0,0.293,0,0,0,0,0,0,0.214,0,0,0,0,0,0,0,0,0,0,0,0,0,0,0,0,0,0,0,0,0,0,0,0,0,0,0.21,0,0,0,0,0,0,0,0,0,0,0,0,0.179,0,0,0.414,0,0.514,0,0,0,0,0.406,0,0.212,0.166,0,0,0,0,0,0,0,0,0.954,0.23,0,0,0,0.317,0.216,0,0.191,0,0.572,0,0.35,0.165,0,0,0,0.327,0.19,0.486,0,0,0,0,0,0,0.316,0,0,0,0,0,0,0,0,0,0,0,0,0,0,0,0,0,0,0,0,0,0,0,0,0,0,0,0,0,0,0,0,0,0,0,0,0,0,0,0,0,0,0,0,0,0,0,0,0,0,0,0,0,0,0,0.604,0,0,0,0,0,0,0,0.159,0,0,0,0,0,0,0,0,0,0,0,0,0,0,0,0,0,0,0,0,0,0,0,0,0,0,0,0,0,0,0,0.297,0,0,0,0.656,0,0,0,0,0,0,0,0,0,0,0.185,0,0,0,0,0,0,0,0,0,0,0,0,0,0,0,0,0,0,0,0,0.294,0,0.191,0,0,0,0,0,0,0,0,0,0,0,0,0,0,0,0,0,0.166,0,0,0.351,0,0,0,0,0,0,0,0,0,0,0,0,0,0,0,0,0,0,0,0,0.558,0,0.166,0,0,0.156,0,0,0,0,0,0,0,0,0,0,0,0.255,0.171,0,0,0,0,0,0,0,0,0,0,0,0,0,0,0,0,0,0.171,0,0,0,0,0,0.179,0.189,0,0,0,0,0,0.415,0,0,0,0,0,0,0,0,0,0,0,0,0,0,0,0,0.152,0,0,0,0,0,0.17,0,0,0,0,0,0,0,0,0,0,0.212,0,0,0,0,0,0,0,0,0,0,0,0,0,0,0,0,0,0,0.209,0,0,0,0,0,0,0,0,0,0,0,0,0,0,0,0,0,0,0,0,0,0,0,0,0,0,0,0,0,0,0,0,0.239,0,0.173,0,0,0,0,0.615,0,0,0,0,0,0,0,0,0,0,0.211,0.266,0,0,0,0,0,0,0,0,0,0,0,0,0.215,0,0,0,0,0,0.202,0,0.328,0,0,0,0,0,0,0,0,0,0,0,0.189,0,0,0,0,0,0,0.176,0.153,0,0,0,0,0,0,0,0.18,0,0,0,0.173,0,0,0,0,0,0,0,0,0,0.282,0,0,0,0,0,0,0,0.16,0.293,0,0.156,0,0,0,0,0,0,0,0,0,0,0,0,0,0,0.25,0,0,0.196,0,0,0,0.178,0,0,0.15,0,0,0,0.301,0,0,0.158,0,0,0,0,0,0,0,0,0,0,0,0.288,0.162,0,0,0,0,0,0,0.154,0,0,0,0,0,0,0,0,0,0,0,0,0,0,0,0.153,0.177,0,0,0,0,0,0.151,0.228,0,0.172,0,0,0.236,0,0.18,0,0.171,0,0,0,0,0,0,0,0.377,0,0.207,0,0,0.152,0,0,0,0,0,0,0,0,0,0,0,0.151,0.301,0,0,0,0,0,0,0,0,0,0,0,0.222,0,0,0,0,0,0.172,0,0,0.182,0,0.299,0.188,0,0,0.182,0,0,0,0,0,0,0,0.212,0,0.198,0,0.302,0,0,0,0,0,0,0,0,0.239,0.232,0.162,0,0,0,0,0,0,0,0,0,0,0.158,0,0,0,0,0,0,0,0.54,0.214,0.153,0.5,0,0,0,0,0,0,0,0.232,0.188,0,0,0,0,0,0,0,0,0,0,0,0,0,0,0,0,0,0,0,0,0,0,0,0,0,0,0,0,0,0,0,0.277,0,0,0,0,0,0,0,0,0,0,0,0,0,0,0.197,0,0,0,0.151,0,0,0,0.169,0,0,0,0,0,0,0,0,0,0,0,0,0,0,0,0,0,0,0,0,0,0,0,0,0,0.184,0,0,0,0,0,0,0,0,0,0,0,0,0,0,0,0,0,0,0,0.223,0,0,0.374,0,0.246,0,0.257,0,0,0,0,0.234,0,0,0,0,0,0.328,0,0,0,0.279,0.193,0.292,0,0,0.453,0.228,0,0,0.205,0,0.167,0,0,0,0,0.162,0,0,0.16,0,0,0.293,0,0,0.169,0,0,0,0,0,0,0,0,0.351,0.306,0.419,0.15,0,0,0,0,0,0.368,0,0.218,0,0,0,0,0,0,0,0,0,0,0,0,0,0.19,0,0.217,0,0,0,0.249,0,0,0,0,0.358,0,0.157,0.178,0,0,0.19,0,0.169,0,0,0,0.176,0,0,0,0,0.183,0.183,0,0,0,0,0,0,0,0,0,0.196,0,0.15,0,0,0.172,0,0,0,0.296,0,0,0.491,0,0.187,0,0,0,0,0,0,0,0.39,0,0,0,0,0,0,0,0,0,0,0,0,0,0,0,0,0,0,0,0,0,0,0,0,0,0,0.156,0,0.246,0,0,0,0,0,0,0.157,0,0,0.26,0.196,0,0,0,0.272,0,0,0,0.183,0,0,0,0,0.255,0.582,0,0,0,0,0,0,0,0,0,0,0,0,0,0,0,0,0,0.151,0,0,0,0,0,0,0,0,0,0,0,0.177,0,0,0,0,0,0,0,0,0,0,0,0,0,0,0,0.258,0,0.173,0,0,0,0,0,0.249,0.202,0,0,0,0,0,0,0,0,0,0,0,0,0,0.162,0,0,0,0,0,0,0,0.324,0,0,0.218,0,0,0,0.828,0,0,0,0,0,0,0.238,0,0,0,0.398,0,0,0,0,0,0.234,0,0,0.18,0,0.182,0,0,0.631,0,0.159,0,0,0,0,0,0,0,0,0,0,0,0,0,0,0,0,0,0,0,0,0,0,0,0,0.265,0.164,0,0.2,0,0,0,0,0,0,0,0,0.155,0,0,0,0,0,0,0,0,0,0,0,0.171,0,0,0.197,0,0,0,0,0,0,0,0.155,0,0,0,0,0,0,0,0,0.315,0,0.184,0,0,0,0,0.179,0,0,0,0,0,0,0,0,0.168,0,0,0,0.159,0,0,0,0,0,0,0,0,0,0,0,0,0,0,0,0,0,0,0,0,0,0,0,0,0,0,0.215,0,0,0,0.2,0.298,0,0.185,0,0,0,0,0,0,0,0,0,0,0,0.159,0,0,0,0,0,0,0.171,0,0,0,0,0,0,0,0.204,0,0.181,0,0,0,0,0,0,0,0,0,0,0,0,0,0,0,0,0.193,0.208,0,0,0,0,0,0,0,0,0.169,0,0,0,0.196,0,0,0.509,0.155,0,0,0.236,0,0,0,0,0,0,0,0.242,0,0,0,0,0,0.159,0,0,0,0.338,0,0.2,0,0,0,0,0,0,0,0,0,0,0,0,0.2,0,0,0,0,0.64,0,0,0,0,0,0,0,0,0,0,0,0,0,0,0.419,0,0,0,0,0,0,0,0,0,0,0,0.156,0,0,0,0,0,0,0,0,0,0,0,0,0,0,0,0,0,0,0,0,0,0,0,0,0,0,0,0,0,0,0,0,0,0,0,0,0.179,0,0,0,0.282,0,0,0,0,0,0,0,0,0,0,0,0,0.27,0,0,0,0,0,0,0,0,0,0.227,0,0,0,0,0,0.151,0,0,0,0,0,0.179,0,0,0.17,0,0,0,0,0,0,0,0,0,0,0,0,0,0,0,0,0,0,0,0.156,0,0,0,0,0,0,0,0,0.176,0,0,0,0,0,0,0,0,0,0,0,0,0,0,0,0,0,0,0,0,0,0,0,0,0,0,0.179,0,0.228,0,0,0,0,0,0,0,0,0,0,0,0,0,0,0,0,0,0,0,0,0,0,0,0,0,0,0,0,0,0,0,0,0,0,0,0,0,0,0,0,0,0,0,0.177,0,0,0,0,0,0,0,0.194,0,0,0,0,0,0,0,0,0,0,0,0,0,0,0,0,0,0,0,0,0,0,0,0,0.161,0,0,0,0,0,0,0,0.18,0,0.305,0,0,0,0,0,0,0,0,0,0,0,0,0,0,0,0,0,0,0,0,0,0,0,0,0,0,0,0,0,0,0,0,0,0,0,0,0,0,0,0,0,0,0,0,0,0,0,0,0,0,0,0,0.188,0,0,0,0,0,0,0,0,0,0,0,0,0,0,0,0,0,0,0,0,0,0,0,0,0,0,0.151,0,0,0,0,0,0,0,0,0,0,0,0,0,0,0,0,0,0,0,0.356,0,0,0,0,0,0,0,0,0,0,0,0,0,0,0,0,0,0,0,0,0,0,0,0,0,0,0,0,0,0,0,0,0.269,0,0,0,0.589,0,0,0,0,0,0,0,0,0,0,0,0,0,0,0,0,0,0,0,0.229,0,0,0,0,0,0,0,0,0,0,0,0,0.181,0,0,0,0,0,0.275,0,0,0,0,0,0.414,0.171,0,0,0,0,0,0.157,0,0,0,0,0,0,0,0,0,0,0,0.229,0,0,0,0,0.179,0,0,0,0.27,0,0,0,0,0,0,0,0,0,0,0,0,0,0,0,0,0,0,0.288,0,0,0,0,0,0,0,0,0,0,0.159,0,0,0,0,0,0,0,0,0,0,0,0,0,0,0,0,0,0,0,0,0.191,0,0,0,0,0,0,0,0,0,0,0,0,0.264,0,0,0,0,0,0,0,0,0,0,0,0,0,0,0,0,0,0,0.658,0,0.229,0.166,0,0,0,0,0,0,0,0,0,0,0,0,0,0.153,0.503,0.296,0.431,0.573,0.181,0.191,0.482,0.181,0.45,0,0,0,0,0,0,0,0,0,0,0,0,0,0,0,0,0,0,0,0,0,0,0,0,0,0,0,0,0,0,0,0,0,0,0,0,0,0,0,0,0,0,0,0,0,0,0,0,0,0,0,0,0,0,0,0,0,0,0,0,0,0,0,0,0,0,0,0,0,0,0,0,0,0,0,0,0,0,0,0,0,0,0,0,0,0,0,0,0,0,0,0,0,0,0,0,0,0,0,0,0,0,0,0,0,0,0,0,0,0,0,0,0,0,0,0,0,0,0,0
852569,0,0,0,0,0,0,0,0,0,0,0,0,0,0,0,0,0,0.198,0,0,0,0,0,0,0.196,0,0,0.196,0,0,0,0,0,0,0,0,0,0.196,0,0,0,0,0,0,0.156,0,0,0,0,0.491,0,0,0,0,0,0,0,0,0,0,0.196,0,0,0,0,0,0,0.191,0,0,0,0,0,0,0,0,0,0,0,0,0,0,0,0,0,0.808,0,0,0,0,0,0,0,0,0,0.803,0,0,0,0,0,0,0,0,0,0.196,0.199,0,0,0,0,0,0,0,0,0,0,0,0,0.52,0,0,0.169,0,0,0,0,0.999,0,0,0.296,0,0,0,0,0,0,0,0,0,0,0.957,0,0,0,0,0,0,0,0,0,0.238,0,0,0,0,0,0,0,0.21,0,0,0,0,0,0,0,0.152,0,0.799,0,0,0,0,0,0,0,0,0,0,0.198,0,0,0,0,0,0,0,0,0.162,0.299,0,0,0,0,0,0,0,0.196,0,0,0,0.766,0,0,0,0,0,0,0,0,0.198,0,0,0.373,0,0.288,0,0,0,0.989,0,0,0.991,0,0,0,0,0,0,0,0,0,0,0.2,0,0,0,0,0,0,0,0,0.365,0.176,0,0,0.204,0.179,0,0,0,0,0,0,0,0,0,0,0,0,0,0,0,0.404,0,0,0,0.192,0,0.29,0,0,0,0,0,0,0,0,0,0,0,0.174,0.369,0,0,0,0,0,0,0,0,0,0,0,0,0,0.192,0,0,0.991,0,0,0.939,0,0,0,0,0,0.683,0,0.159,0,0,0,0,0.19,0,0,0.308,0,0,0,0.84,0,0,0,0,0.351,0.254,0,0,0,0.901,0,0,0,0,0.152,0,0,0,0,0,0,0,0,0,0,0,0.77,0,0,0,0,0,0,0,0,0,0,0,0,0,0,0.307,0,0,0.518,0,0,0,0,0,0,0,0,0,0,0,0,0,0,0,0,0,0,0,0,0,0,0,0,0,0,0,0.804,0,0,0,0,0,0,0,0,0.197,0,0,0,0,0,0,0,0,0,0,0,0,0,0,0,0,0,0,0,0.32,0,0,0,0,0,0,0,0,0.199,0,0,0.25,0,0,0,0,0.51,0,0,0,0,0,0,0,0,0,0,0,0,0,0,0,0,0,0,0,0,0,0,0,0,0,0,0,0,0,0,0,0,0,0,0,0,0,0.311,0,0,0,0,0,0,0,0,0,0,0.922,0,0,0,0,0,0,0.955,0,0,0,0,0,0,0,0,0,0.658,0,0,0,0,0,0,0,0,0,0,0,0,0,0,0,0,0.307,0,0,0,0,0,0,0,0,0,0,0,0,0,0,0,0,0,0,0,0,0,0,0,0,0,0,0,0,0,0,0,0,0,0,0.326,0,0,0,0,0,0,0,0,0,0,0,0,0,0,0,0,0,0,0,0,0,0,0,0,0,0,0,0,0,0,0,0,0.299,0,0,0,0,0,0,0,0,0,0,0,0.251,0,0,0,0,0,0,0,0,0.712,0,0,0.262,0,0,0,0,0,0,0,0,0,0,0,0.336,0,0,0,0,0,0,0,0,0,0,0,0,0,0,0,0,0,0,0,0,0,0,0,0,0,0,0,0,0,0.926,0,0,0,0,0,0,0,0,0,0,0,0,0,0,0,0,0,0,0,0,0,0,0,0,0,0,0.159,0,0,0,0,0,0,0,0,0,0,0,0,0,0,0,0,0,0.351,0,0,0,0,0,0.198,0,0,0.279,0.162,0,0,0.337,0.227,0,0,0,0,0,0,0,0,0,0,0.26,0,0,0,0,0,0.186,0,0,0,0,0,0,0,0,0,0,0,0,0,0,0.813,0,0,0,0,0,0,0,0,0,0,0,0,0,0,0,0,0.228,0,0,0,0.998,0,0,0,0,0,0,0.201,0,0,0,0,0,0,0.982,0,0,0,0,0,0,0,0,0,0,0,0,0,0,0,0,0,0,0,0,0,0,0,0,0,0,0,0,0,0,0,0,0,0,0,0,0,0,0.798,0,0.231,0,0,0.157,0,0.199,0,0,0,0,0,0.979,0,0,0,0,0,0,0,0,0.236,0,0.961,0,0,0,0,0,0,0,0,0,0,0,0,0,0,0,0,0,0,0,0,0,0,0,0,0,0,0,0,0,0,0,0,0,0.153,0,0,0,0,0.177,0.245,0,0,0,0,0,0,0,0,0,0,0,0,0,0.501,0,0,0.22,0,0,0,0.925,0,0,0,0,0,0,0.439,0,0,0,0.847,0,0,0,0,0,0.152,0.844,0,0,0,0.29,0,0,0,0,0,0,0,0,0,0,0,0,0,0,0,0,0,0,0,0.904,0,0,0,0,0.199,0,0,0.306,0,0.445,0,0,0,0,0,0,0,0,0,0,0,0,0,0,0,0,0,0,0,0,0,0,0,0,0,0.197,0,0.238,0,0,0,0,0,0,0,0,0,0,0,0,0,0,0,0,0,0,0,0,0,0,0,0,0,0,0.238,0,0,0,0,0,0,0,0,0.161,0,0,0.72,0,0,0,0,0.324,0,0,0,0.233,0,0,0,0,0,0,0.383,0,0,0,0,0,0,0,0,0.198,0,0,0,0.284,0,0,0,0,0.196,0,0,0,0,0,0,0,0,0.152,0,0,0,0,0,0.657,0,0,0,0,0,0,0,0.985,0,0,0.347,0.258,0.193,0,0,0,0.248,0,0.196,0.22,0,0,0,0,0,0,0,0,0,0,0.979,0,0,0.282,0,0,0.304,0,0.275,0,0.246,0,0,0,0,0,0,0,0,0,0,0,0,0,0,0,0,0,0,0,0,0,0,0,0.246,0,0,0,0,0.962,0,0.192,0,0,0,0,0,0,0,0,0,0,0,0,0,0,0,0,0,0,0,0,0,0.247,0,0,0,0,0,0,0,0,0,0,0,0,0,0,0,0,0.247,0,0,0.946,0,0.613,0,0,0.561,0.161,0,0,0,0,0,0,0.196,0,0,0,0,0,0,0.515,0,0,0,0,0,0,0,0,0.998,0,0,0,0,0,0,0,0,0,0,0.248,0.218,0,0.196,0,0,0.168,0,0,0,0,0,0,0,0,0,0.209,0,0.808,0,0,0,0.418,0,0.24,0.24,0,0,0.275,0,0,0,0,0,0,0,0,0,0,0,0,0,0.216,0,0,0,0,0,0,0,0.98,0,0.807,0,0.17,0,0,0,0,0,0,0,0,0,0.19,0,0,0,0,0,0.228,0,0,0,0,0,0.196,0,0,0,0,0,0,0,0,0,0,0,0,0,0,0,0,0,0.206,0,0,0.163,0.572,0,0,0,0,0,0,0,0,0,0.159,0,0,0,0.293,0.306,0,0.196,0,0,0.156,0,0,0,0,0,0,0,0.246,0,0,0,0,0,0,0,0,0,0,0,0.585,0,0.264,0,0.394,0,0.349,0,0,0,0.197,0,0,0,0,0.204,0,0,0,0,0,0.199,0,0,0,0,0.783,0.271,0,0,0,0,0,0,0,0,0,0.254,0,0.337,0,0,0,0,0,0,0,0,0,0,0,0,0,0,0,0.169,0,0,0.22,0,0,0,0,0,0,0,0,0,0.192,0,0.917,0,0.196,0,0,0,0,0,0,0,0,0.254,0,0,0,0,0,0,0,0,0,0,0,0,0,0,0,0,0,0,0,0,0,0,0.26,0.19,0,0,0,0,0,0,0,0,0.419,0,0,0,0.176,0.198,0.171,0,0,0,0,0,0,0,0,0,0,0.225,0,0.304,0,0,0,0,0,0,0,0,0,0,0,0,0,0,0,0,0,0,0.302,0,0,0,0,0.217,0,0,0,0,0,0,0,0,0,0,0,0,0,0,0,0,0,0,0,0,0,0,0,0,0.18,0,0,0,0,0,0,0,0,0,0,0,0,0,0,0,0,0,0,0,0,0,0,0,0,0,0.453,0,0,0,0,0,0.196,0,0,0,0,0,0,0,0,0,0,0,0,0,0.162,0,0,0,0,0,0,0,0,0,0,0,0,0,0,0,0,0,0,0,0,0.984,0,0,0,0,0.522,0,0.924,0,0.993,0.922,0,0,0.959,0,0,0.405,0.257,0,0,0,0.977,0,0.586,0,0.457,0.34,0,0,0,0.53,0.246,0,0,0.986,0.345,0,0.167,0,0.869,0.936,0,0,0.355,0.197,0,0,0.933,0,0.99,0,0.709,0.988,0.245,0.203,0.985,0,0.625,0,0,0,0.982,0.56,0,0,0.195,0,0.938,0.299,0.262,0,0.412,0,0.207,0,0,0,0,0.263,0.778,0,0,0.153,0,0.824,0.276,0,0.969,0,0,0,0,0.818,0,0,0,0,0,0.914,0,0,0.193,0.93,0.747,0,0.238,0,0,0.985,0,0.342,0.335,0,0.744,0.663,0,0.307,0,0,0.214,0.863,0.457,0,0,0.165,0.645,0,0.264,0.941,0,0.993,0,0.185,0,0.196,0,0,0,0.564,0,0,0.784,0,0,0,0.189,0,0.341,0,0,0,0.877,0,0,0,0,0,0,0,0,0.266,0,0.254,0.713,0,0,0,0.973,0,0,0.96,0.443,0.279,0.449,0.993,0.171,0.175,0,0,0,0,0.954,0.283,0.218,0,0.963,0.258,0.254,0,0.277,0.324,0.194,0,0.331,0.499,0,0.473,0.173,0.682,0,0.183,0.91,0,0,0,0.177,0,0,0,0,0.989,0,0,0.983,0.275,0.917,0,0.263,0.432,0,0.455,0,0,0.731,0,0,0.965,0,0.175,0.939,0.212,0,0.171,0,0,0.646,0.373,0.205,0,0.931,0,0,0,0,0,0,0,0.158,0,0,0,0,0,0,0,0,0,0,0,0,0.977,0,0,0,0,0,0,0,0,0,0,0,0,0,0,0,0,0,0,0,0,0,0,0,0,0.818,0,0,0,0,0,0,0,0,0,0,0,0,0,0,0,0,0,0.357,0,0,0,0,0,0,0,0,0,0,0,0,0,0,0,0,0,0,0,0,0,0,0,0,0,0.211,0,0,0,0,0,0.483,0.181,0,0,0,0,0.365,0,0,0,0,0,0,0,0,0,0,0,0,0.351,0,0,0,0.628,0,0.351,0,0,0,0,0,0,0,0,0,0,0.251,0,0.929,0,0,0,0,0,0,0,0,0,0,0,0,0,0,0,0.158,0,0,0,0,0,0,0,0,0.311,0,0,0,0,0.205,0,0.182,0,0,0,0.181,0,0,0,0,0,0,0,0,0,0,0,0,0,0,0,0,0,0,0,0,0.277,0,0,0,0,0,0,0,0,0,0,0,0,0,0,0,0,0,0,0,0,0,0,0,0,0,0.994,0,0,0,0,0,0,0,0,0,0,0,0,0,0,0,0,0,0,0,0,0,0,0,0.214,0,0,0,0,0,0,0,0,0,0,0,0,0,0,0,0,0,0,0,0,0,0,0,0,0,0,0,0,0,0,0,0,0,0.258,0,0,0,0,0.197,0,0,0,0,0,0,0,0,0,0,0,0,0,0,0,0,0,0,0,0,0,0,0,0,0,0,0,0,0,0,0,0,0,0,0,0,0,0,0.197,0,0,0,0,0,0,0,0.36,0,0,0,0,0,0,0.906,0,0,0,0,0,0.801,0,0,0,0,0.805,0,0,0,0,0,0,0,0,0,0.254,0,0,0,0,0,0,0,0,0,0,0,0,0,0,0,0,0,0,0,0,0,0,0,0,0,0,0,0,0,0,0,0,0,0,0,0,0,0,0,0,0,0,0,0,0,0,0,0,0,0.201,0,0,0,0,0,0,0,0,0,0,0,0,0,0,0,0,0,0,0,0,0.198,0,0,0,0,0,0,0,0,0,0,0,0,0,0,0,0,0,0,0.934,0.612,0,0.626,0,0,0,0,0,0,0,0,0,0,0,0.193,0,0,0,0,0,0,0,0,0,0,0,0,0,0,0,0,0,0,0.573,0,0,0,0,0,0,0,0,0,0,0,0.559,0,0,0,0,0,0,0,0,0,0,0,0,0,0,0,0,0,0,0,0,0,0,0,0,0,0,0,0,0,0,0,0,0,0,0,0,0,0,0,0,0,0,0,0,0,0,0,0,0,0,0,0,0,0,0,0,0,0,0,0,0,0.194,0,0,0,0,0,0,0,0,0,0,0,0,0,0,0,0,0,0,0,0,0,0,0,0,0,0,0,0,0,0,0,0,0,0,0,0,0,0,0,0,0,0,0,0,0,0,0,0,0,0,0,0,0,0,0,0,0,0,0,0,0,0,0,0,0,0,0,0,0,0,0,0,0,0,0,0,0,0.191,0,0,0,0,0,0,0,0,0,0.314,0,0,0,0,0,0,0,0,0,0,0,0,0,0,0,0,0,0,0,0,0,0,0,0,0,0,0,0,0,0,0,0,0,0,0,0,0,0,0,0,0,0,0,0.217,0,0,0,0,0,0,0,0,0,0,0,0,0,0,0,0,0,0,0,0,0,0,0,0,0,0,0,0,0,0,0.24,0,0,0.22,0,0,0,0,0,0,0,0,0,0.253,0,0,0,0,0,0,0,0,0,0,0,0,0,0,0,0,0,0,0,0,0,0,0,0,0.194,0.4,0,0.265,0,0.488,0,0,0.49,0,0,0,0,0,0,0,0,0,0,0,0,0,0,0,0,0,0,0,0,0,0,0,0,0,0,0,0,0,0,0,0,0,0,0,0,0,0,0,0,0,0,0,0,0,0,0.705,0,0,0,0,0,0,0,0,0,0,0,0,0,0,0,0,0.418,0,0,0,0,0,0,0,0.198,0,0,0,0.295,0,0,0,0,0,0,0.196,0,0,0,0,0,0,0,0,0,0,0,0,0,0,0,0,0,0,0,0,0.803,0,0,0,0,0,0,0.203,0.98,0.646,0.273,0.817,0.995,0,0.752,0.98,0,0.998,0,0,0,0.904,0,0,0,0,0.277,0,0.965,0.422,0.201,0,0,0.299,0,0.993,0,0.814,0,0.866,0.948,0,0.953,0,0,0,0.901,0,0,0.346,0.999,0,0.491,0,0,0,0,0,0,0,0.857,0,0.857,0,0,0.979,0,0.899,0.808,0,0.919,0.556,0,0.307,0,0,0,0,0,0,0,0,0,0.916,0,0.171,0.992,0,0,0,0,0.803,0,0,0,0,0,0.578,0,0,0,0.803,0,0.803,0.152,0,0.808,0.86,0,0,0,0,0.358,0,0.979,0.808,0,0,0,0,0,0.633,0.807,0,0,0,0,0.9,0,0,0,0,0,0,0,0,0,0.398,0,0,0,0,0,0,0,0,0.982,0,0,0,0,0,0.816,0,0,0.967,0,0.805,0,0.212,0.813,0,0,0.9,0.801,0,0.964,0,0.902,0,0,0,0,0,0.76,0,0,0,0,0,0,0.194,0.437,0,0,0.921,0,0.857,0.812,0.811,0.932,0.976,0,0,0.814,0.262,0,0,0,0,0.808,0,0.979,0.995,0,0.979,0,0,0,0,0,0.813,0,0,0,0,0.997,0,0,0,0.209,0,0,0.931,0,0,0,0.738,0.171,0,0,0,0,0.263,0.548,0,0.824,0,0.664,0,0,0,0.813,0.453,0,0.493,0.856,0.499,0.618,0,0.474,0.155,0.18,0.371,0,0.194,0,0.252,0,0,0,0,0.768,0,0,0.231,0.165,0,0.765,0.98,0,0.218,0,0,0,0,0.254,0,0.995,0,0,0.726,0.712,0,0.334,0.24,0.44,0,0.23,0.253,0,0.158,0,0.338,0,0,0.756,0,0,0,0,0,0.186,0.767,0,0.32,0,0,0.688,0,0.236,0.912,0,0.349,0.303,0.588,0,0.595,0.615,0,0,0,0,0,0,0,0,0,0,0,0,0,0,0,0,0,0,0,0,0,0,0,0,0.238,0,0,0,0,0,0,0,0,0,0,0,0,0,0,0,0,0,0,0,0,0,0,0,0,0,0,0,0,0,0,0,0,0,0,0.272,0.43,0,0,0,0,0,0,0,0,0,0,0,0,0,0,0,0,0,0,0,0,0,0,0,0,0,0,0,0,0,0,0,0,0,0,0,0,0,0,0,0,0,0,0,0,0,0,0,0,0,0,0,0,0,0,0,0,0,0,0,0,0,0,0,0,0,0,0,0,0,0,0,0,0,0,0,0,0.522,0,0,0,0.207,0,0,0,0.428,0.16,0,0,0,0,0,0,0,0,0,0,0,0,0,0,0,0,0,0,0,0,0,0,0,0,0,0,0,0,0,0,0,0,0,0,0,0,0,0.306,0,0,0.457,0,0,0,0,0,0,0,0.303,0,0,0,0,0,0,0,0,0,0,0,0,0,0,0,0,0,0,0,0,0,0,0,0,0.196,0.644,0,0,0,0,0,0,0,0,0,0.192,0,0,0,0,0,0,0,0,0,0,0.291,0,0,0,0,0,0,0,0,0,0,0,0,0.241,0,0,0,0,0,0,0,0,0,0,0,0,0,0.577,0,0,0,0,0,0,0,0,0,0,0,0,0,0,0,0,0,0,0,0,0,0,0,0,0,0,0,0,0,0,0,0,0,0,0,0,0,0,0,0,0,0,0,0,0,0,0,0,0,0,0,0,0,0,0,0,0,0,0,0,0,0,0,0,0,0,0,0.205,0,0,0,0,0,0,0,0,0,0,0,0,0,0,0,0,0,0,0,0,0,0,0,0,0,0,0,0,0,0,0,0,0,0,0,0,0,0,0,0,0,0,0,0,0,0,0,0,0,0,0,0,0,0,0,0,0,0,0,0,0,0,0.232,0,0,0,0,0,0,0,0,0,0,0,0,0,0,0,0,0,0,0,0,0,0,0,0,0,0,0,0,0,0,0,0,0,0,0,0,0,0,0,0,0,0,0,0,0,0,0,0,0,0,0,0,0,0,0,0,0.185,0,0,0,0,0,0,0,0,0,0,0,0,0,0,0,0,0,0,0,0,0,0,0,0,0,0,0,0,0,0,0,0,0,0,0,0,0,0,0,0,0,0,0,0,0,0,0,0,0,0,0,0,0,0,0,0,0,0,0,0,0,0,0,0,0,0,0,0,0,0,0,0,0,0,0,0,0,0,0,0,0,0,0,0,0,0,0,0,0,0,0,0,0,0,0,0,0,0,0,0,0,0,0.199,0,0,0,0,0,0,0,0,0,0,0,0,0,0,0,0,0,0,0,0,0.196,0,0,0,0,0,0,0,0,0,0,0,0,0,0,0,0,0,0,0,0,0,0,0,0,0,0.151,0.392,0,0,0,0,0,0,0,0,0,0,0,0,0,0,0,0,0,0,0,0,0,0,0,0,0,0,0,0,0.196,0,0,0,0,0,0,0,0,0,0,0,0,0,0,0,0,0,0,0,0,0,0,0,0,0,0,0.472,0,0,0.482,0,0,0.177,0,0,0,0.266,0,0.502,0,0,0,0,0,0,0.534,0,0.321,0,0,0,0.583,0,0,0,0,0,0.367,0,0.238,0,0,0,0,0.171,0,0,0,0.548,0,0.356,0,0.198,0,0,0,0,0,0,0,0,0,0,0,0,0,0,0,0,0,0,0,0,0,0,0,0,0,0,0,0.153,0,0,0,0,0,0,0,0.268,0,0,0,0,0,0,0.256,0,0,0,0,0,0,0,0,0,0,0,0,0,0,0,0,0,0,0,0,0,0,0,0,0,0,0,0,0,0,0,0,0.593,0,0,0,0,0,0,0,0,0,0,0,0,0,0,0,0,0,0,0.174,0,0,0,0,0,0,0,0,0,0,0,0.177,0,0,0,0,0,0,0,0,0,0,0,0,0,0,0,0,0,0,0,0,0,0,0,0,0,0,0,0,0,0,0,0,0,0,0,0,0,0,0,0,0,0,0,0,0,0,0,0,0,0,0,0,0,0,0,0,0,0,0.326,0.199,0,0,0,0,0,0,0,0,0,0,0,0,0,0,0,0,0,0,0,0,0,0,0,0,0,0,0,0,0,0,0,0,0,0,0,0,0,0,0,0,0,0,0,0,0,0,0,0,0,0,0,0,0,0,0,0,0,0.35,0,0,0,0,0,0,0,0,0,0,0,0,0,0,0,0,0,0,0,0,0,0,0,0,0,0,0,0,0,0,0,0,0,0,0,0,0,0,0,0,0,0,0,0,0,0,0,0,0,0,0,0,0,0,0,0,0,0,0,0,0,0,0,0,0,0,0,0.307,0,0,0,0,0,0,0,0,0,0,0,0,0,0,0,0,0,0,0.196,0,0.29,0,0,0,0,0,0,0,0.167,0,0,0,0,0,0,0,0,0,0,0,0,0,0,0,0,0,0,0,0,0,0,0,0,0,0,0,0,0,0,0,0,0,0,0,0,0,0,0,0,0,0,0,0,0,0,0,0,0,0,0,0,0,0,0,0,0,0,0,0,0,0,0,0,0,0,0,0,0,0,0,0,0,0,0,0,0,0,0,0,0,0,0,0,0,0,0,0,0,0,0.196,0.378,0,0,0,0,0,0,0,0,0,0,0,0,0,0,0,0,0,0,0,0,0,0,0,0,0,0,0,0,0,0,0,0,0,0,0,0,0,0,0,0,0,0,0,0,0,0,0,0,0,0,0,0,0,0,0,0,0,0,0,0,0,0,0,0,0,0,0,0,0,0,0,0,0,0,0,0,0,0,0,0,0,0,0,0,0,0,0,0,0,0,0,0,0,0,0,0,0,0,0,0,0,0,0,0,0,0,0,0
854986,0,0,0,0,0,0,0,0,0,0,0,0,0,0,0,0,0,0,0,0,0,0,0,0,0,0,0.163,0,0,0,0,0,0,0,0,0,0,0,0,0,0,0,0,0,0,0,0,0,0,0,0,0.286,0,0,0,0,0,0,0,0,0,0,0,0,0,0,0,0,0,0,0.203,0,0,0,0.206,0.17,0,0,0,0,0,0,0,0,0,0,0,0,0,0,0,0,0.199,0,0,0.489,0.179,0,0.246,0,0,0,0,0,0,0,0,0,0,0,0,0,0,0,0,0,0,0,0,0,0,0,0.322,0,0,0,0,0.39,0,0,0,0,0,0,0,0,0,0,0.163,0,0.393,0,0,0,0,0,0,0,0,0,0,0,0,0,0,0,0,0,0,0,0,0,0,0,0.246,0,0,0,0,0.157,0,0,0,0,0,0,0,0,0,0,0,0,0,0,0,0,0.242,0,0,0.291,0,0.29,0,0,0,0,0.497,0,0,0,0,0,0.193,0,0,0.599,0.268,0,0,0,0,0,0,0,0,0,0.152,0,0,0,0.236,0,0,0.768,0,0,0,0,0,0.165,0.334,0,0.216,0,0.982,0,0.243,0,0,0,0,0,0,0.197,0.16,0,0,0,0.178,0,0,0,0,0,0.173,0,0,0.226,0,0,0.164,0.356,0.803,0,0.618,0.173,0,0,0,0.197,0,0,0,0,0,0.198,0,0.459,0,0,0,0,0.324,0,0,0,0,0,0,0,0,0,0,0,0,0,0,0,0,0.206,0.15,0,0,0,0,0,0,0.312,0,0.28,0,0,0,0,0.231,0.182,0,0.279,0,0.179,0,0.181,0.217,0,0,0,0,0,0.994,0.579,0,0,0.153,0,0.193,0,0,0,0,0,0,0,0.195,0.973,0,0,0,0,0.35,0,0,0,0,0,0,0.43,0,0,0,0.222,0,0.33,0,0,0,0,0,0.374,0,0.258,0.483,0.322,0,0,0,0.163,0.362,0,0,0.233,0,0,0,0.341,0,0,0,0,0,0,0.196,0.308,0,0,0.931,0.163,0.323,0.234,0,0,0.405,0,0,0,0.347,0,0,0,0.182,0,0,0,0,0,0,0.645,0,0.192,0.169,0,0.162,0,0.46,0.162,0,0.347,0,0,0,0,0,0,0,0,0,0,0.218,0,0,0,0,0.185,0,0.966,0,0.387,0,0,0,0,0.241,0,0,0,0,0,0,0,0,0,0,0.904,0,0,0,0,0.152,0.163,0,0,0,0.178,0,0.307,0,0.359,0,0,0,0,0,0,0,0.595,0.306,0,0,0,0,0,0,0.264,0.222,0,0,0,0,0,0,0,0.67,0.214,0.195,0,0.171,0,0.162,0,0,0,0,0,0.995,0,0.599,0,0.208,0.549,0,0,0,0,0,0,0,0.77,0.182,0,0,0.163,0,0,0,0,0.571,0,0,0.68,0,0,0.372,0,0,0,0.675,0,0.244,0,0,0.213,0,0.931,0,0,0,0.488,0,0,0,0,0,0,0,0,0,0.153,0.979,0.334,0,0,0,0,0.488,0,0.157,0,0.583,0,0.152,0,0,0,0,0,0,0.274,0,0.193,0,0,0.376,0,0,0,0,0,0,0.154,0,0,0,0,0,0.174,0,0,0,0,0.166,0,0,0,0.152,0,0.16,0.195,0,0.258,0.425,0,0,0,0,0,0,0,0,0,0,0.43,0,0.466,0,0,0,0,0.383,0,0.268,0,0,0.287,0,0,0.215,0,0,0,0.156,0,0,0,0,0.197,0.245,0,0,0,0.732,0.171,0,0,0,0,0.262,0.174,0,0,0,0,0,0,0,0,0,0.174,0,0,0,0,0,0,0,0.174,0,0,0.284,0,0,0,0.218,0.279,0,0.174,0.153,0,0,0,0,0,0.319,0,0,0,0,0,0.799,0,0,0,0,0,0,0.922,0,0,0,0.503,0.628,0,0.174,0,0,0.22,0,0.286,0,0,0,0.207,0.195,0.242,0,0,0,0.41,0,0,0,0,0,0.485,0,0.34,0,0,0,0.952,0,0,0.352,0,0,0,0,0.173,0,0.96,0.371,0,0,0,0.19,0.299,0,0,0.201,0,0,0,0.243,0.241,0.217,0.237,0,0,0.968,0.239,0,0,0,0,0,0.206,0.156,0.238,0,0,0,0,0,0,0.174,0,0,0,0.154,0,0,0.169,0,0.927,0.424,0.234,0,0,0,0,0,0,0,0,0.319,0,0,0,0.648,0,0,0.44,0,0,0,0,0,0,0.152,0,0,0,0,0,0.159,0,0,0,0,0.353,0.171,0,0,0.451,0.179,0,0,0,0.169,0,0,0,0,0,0,0,0,0,0,0.441,0.318,0,0,0,0.216,0,0,0,0,0.305,0.456,0,0.291,0.158,0.183,0.587,0.447,0,0,0,0,0,0,0,0,0,0,0,0,0,0.244,0,0,0,0.269,0,0,0,0.266,0,0.42,0.189,0.276,0,0.347,0,0,0,0,0,0,0.181,0.472,0.22,0,0,0,0,0,0,0,0.471,0.292,0,0,0,0,0,0,0.281,0,0,0,0.309,0,0.245,0,0,0,0.161,0,0,0.151,0.242,0,0.287,0.166,0.288,0,0,0.23,0,0.151,0.217,0,0.24,0,0.214,0,0.244,0.279,0.66,0,0,0,0,0.426,0,0,0,0,0.324,0,0.347,0.156,0,0,0,0,0,0,0,0,0,0,0,0,0,0,0,0,0,0,0,0,0,0,0,0,0,0,0,0,0,0,0,0,0,0,0,0,0,0,0,0,0,0,0,0,0.168,0,0,0.194,0,0,0,0,0,0,0,0.205,0,0,0,0,0,0,0.236,0,0,0,0,0,0,0,0,0,0.182,0,0,0,0,0,0,0,0,0,0,0,0,0,0,0,0,0,0.158,0,0,0,0,0,0.193,0,0,0,0,0,0,0,0,0,0,0,0,0,0,0,0.161,0,0,0,0,0,0,0,0,0,0,0,0,0,0,0,0,0,0,0,0,0,0,0.237,0,0,0,0,0,0,0,0,0.21,0,0,0,0,0,0,0,0,0,0,0,0,0,0,0,0,0,0,0.431,0,0,0,0,0,0,0,0,0,0,0.307,0,0,0,0,0,0,0,0,0.363,0,0,0,0,0,0,0,0,0,0.704,0,0,0,0,0,0,0,0,0,0,0,0,0,0,0,0,0,0,0,0,0,0.455,0,0,0,0,0.291,0,0,0.273,0,0,0,0,0,0,0,0,0,0,0,0,0.602,0,0,0,0,0,0,0,0,0,0,0.295,0,0,0,0,0,0,0,0,0,0,0,0,0,0,0,0,0,0,0,0,0,0,0,0,0,0,0,0,0,0,0,0,0.177,0,0,0,0,0,0,0,0,0,0,0,0,0,0,0.343,0,0.22,0,0.418,0,0,0,0,0,0,0,0,0,0,0.248,0,0,0,0,0,0,0,0,0,0,0,0,0,0,0,0,0,0,0,0,0,0,0,0,0,0,0,0,0,0,0,0,0,0,0,0,0,0.34,0,0,0,0,0,0,0,0,0,0,0,0,0,0,0,0,0,0,0,0,0,0,0,0,0,0,0,0,0,0,0,0,0,0,0,0,0,0,0,0,0,0,0,0,0,0,0.328,0,0,0,0,0,0,0,0,0,0,0,0,0,0.329,0,0,0,0,0,0,0,0,0,0,0,0,0,0,0,0,0,0,0,0,0,0,0,0,0,0,0,0,0,0,0,0,0,0,0,0,0,0,0,0,0,0,0,0,0,0,0,0,0,0,0,0,0,0,0,0.307,0,0,0,0,0,0,0,0,0,0,0,0,0,0,0,0,0,0,0,0,0,0,0,0,0.213,0,0,0,0,0.359,0,0,0.338,0,0,0,0,0,0,0,0,0,0,0,0,0,0,0,0,0,0,0,0,0,0,0,0,0,0,0,0,0,0,0,0.462,0,0,0,0,0,0,0,0,0,0,0,0,0,0,0,0,0,0,0,0,0,0,0,0,0,0,0,0,0,0,0,0,0,0,0,0,0,0,0,0,0,0,0,0,0,0,0,0,0,0,0,0.194,0,0,0,0,0,0,0,0,0.2,0.241,0.198,0,0,0,0,0,0,0,0,0,0,0,0,0,0,0,0,0,0.381,0,0,0,0,0,0,0,0,0,0,0,0,0,0,0,0,0,0,0,0,0,0,0,0,0,0,0,0,0,0,0,0,0,0,0.222,0.173,0,0,0.156,0,0.159,0.21,0,0,0,0,0,0.158,0,0,0,0,0,0.197,0,0,0,0,0,0.175,0,0,0,0,0,0,0,0.266,0,0,0,0,0,0,0,0,0.248,0,0,0,0,0,0,0.319,0.466,0,0,0.306,0,0,0,0,0,0,0,0,0,0,0.26,0,0.181,0.16,0.172,0,0.163,0,0,0,0,0,0,0.183,0.359,0,0.256,0,0,0.204,0,0,0.237,0,0,0.246,0,0,0,0,0,0,0,0,0,0,0,0.204,0,0,0.244,0,0,0,0,0,0.347,0,0.16,0,0.154,0.264,0,0,0,0,0.264,0,0,0.281,0.63,0.192,0,0,0,0.274,0,0,0,0.239,0,0,0,0,0.239,0,0,0,0.152,0,0,0,0.234,0,0,0,0.239,0,0.166,0,0.264,0,0,0,0,0.171,0.157,0,0,0,0,0,0.252,0,0,0,0,0,0,0.323,0,0.395,0,0,0,0,0,0,0,0,0.176,0.266,0.171,0,0.265,0,0,0.181,0,0.202,0,0.203,0.171,0,0,0,0,0,0,0,0,0,0,0,0,0.233,0,0,0.365,0,0,0,0.244,0,0,0,0,0,0.165,0,0,0,0,0.221,0,0,0.173,0,0,0,0,0.244,0.242,0,0,0,0,0,0,0,0.184,0,0.319,0,0,0,0,0,0,0,0,0.91,0,0,0,0.155,0,0.338,0,0.948,0.652,0,0.9,0,0.251,0,0,0,0,0,0.473,0,0,0,0,0,0,0,0,0,0.433,0,0,0.179,0,0,0,0,0,0.968,0,0.292,0,0,0.647,0,0,0,0,0.181,0,0,0.905,0,0,0,0,0,0.571,0,0,0,0.9,0,0,0,0.219,0.307,0,0,0,0,0,0,0,0,0,0,0.154,0,0,0,0.218,0,0,0,0,0,0,0,0.19,0,0.31,0.168,0,0,0,0,0,0.248,0,0.173,0,0.2,0,0,0,0,0,0,0,0.309,0,0,0,0.173,0,0,0,0,0,0,0,0,0,0.154,0,0,0,0,0,0,0.313,0,0,0,0,0.432,0,0,0,0,0,0,0.207,0,0.173,0,0,0,0.15,0,0,0,0,0,0,0,0,0,0,0,0.479,0,0,0.157,0,0,0,0,0,0.251,0,0,0,0.195,0,0,0,0,0,0,0.219,0.17,0,0,0.17,0.314,0,0.261,0,0.17,0,0,0,0,0,0.155,0,0,0,0.307,0,0,0.238,0.173,0,0,0,0,0,0,0,0,0,0,0,0,0,0,0,0,0,0.173,0,0,0,0,0,0,0,0,0,0,0,0,0,0,0,0,0,0,0,0,0,0,0,0,0,0,0,0,0,0,0,0,0,0.159,0,0,0,0,0,0,0,0,0,0,0,0,0,0.27,0,0.153,0,0.202,0,0,0,0,0,0,0,0.204,0,0,0,0,0,0,0,0,0,0,0,0,0,0.167,0,0,0,0,0,0,0,0,0,0,0,0,0,0,0,0,0,0,0,0,0.277,0,0,0,0,0,0.231,0,0,0,0,0.361,0,0,0,0,0,0,0,0.237,0,0,0,0,0,0,0,0,0,0,0,0,0,0,0,0,0,0,0,0,0,0,0,0,0,0,0.346,0.154,0,0,0,0.154,0,0,0.168,0,0,0,0,0.226,0,0,0,0,0,0,0,0,0.19,0.168,0.198,0,0,0,0,0.164,0,0,0,0,0,0,0,0,0,0.157,0,0,0,0,0,0,0,0.168,0,0,0,0,0.163,0.169,0,0,0,0.163,0,0,0,0,0.172,0,0,0,0.162,0.189,0,0,0,0.169,0,0,0,0,0,0,0,0.349,0.158,0,0,0,0,0,0,0,0,0,0,0,0,0,0,0,0,0,0,0,0,0,0.241,0,0,0,0,0.199,0,0.19,0.194,0,0,0,0,0,0,0,0,0,0,0,0,0,0,0,0,0,0,0,0,0,0,0,0,0,0,0.29,0,0,0.431,0,0,0,0,0,0,0,0,0,0,0,0,0,0.164,0,0,0,0,0,0,0,0,0,0,0,0,0,0,0,0,0,0,0,0,0,0,0,0,0,0,0,0,0,0,0,0,0,0,0,0,0,0,0.154,0,0,0,0,0,0,0,0,0,0,0,0,0,0,0,0,0,0,0,0,0,0,0,0,0,0,0,0,0,0,0,0,0,0,0,0,0,0,0,0,0,0,0,0,0,0,0,0,0,0,0,0.219,0,0,0,0,0,0,0,0,0,0,0,0,0,0,0,0.746,0,0,0,0,0,0,0,0,0,0.268,0,0,0,0,0,0,0,0,0.307,0,0,0,0,0,0,0,0,0,0,0,0,0,0,0,0,0,0,0,0,0,0,0,0,0.28,0,0,0,0,0,0,0,0,0,0,0,0,0,0.158,0,0,0,0,0,0,0,0,0,0,0,0,0,0,0,0,0,0,0,0,0,0,0,0,0.152,0,0,0,0,0,0,0,0,0.232,0,0,0,0,0,0,0,0,0,0,0,0,0,0,0,0,0,0,0,0,0,0,0,0,0,0,0,0,0.231,0,0,0.317,0,0,0,0,0,0,0,0,0,0,0,0,0,0,0,0,0,0,0,0,0,0,0,0,0,0,0,0,0,0,0,0,0,0.319,0,0,0,0,0,0,0,0,0,0,0,0,0,0,0,0,0,0,0,0,0,0,0,0,0,0,0.285,0,0,0,0,0,0,0,0,0,0,0,0,0,0,0,0,0,0,0,0,0,0.171,0,0,0,0,0,0,0,0,0,0,0,0,0,0,0,0.472,0,0.184,0,0.15,0.19,0,0,0.347,0,0.232,0,0,0.491,0.252,0.279,0,0.471,0.184,0.335,0.285,0,0,0.185,0,0,0,0.543,0.836,0.637,0,0.237,0,0,0,0.495,0,0,0,0.158,0,0.365,0.198,0,0,0,0,0.236,0.434,0.21,0.723,0,0.27,0,0,0,0,0,0,0,0,0.272,0.358,0.232,0.207,0,0.195,0.391,0,0.503,0,0,0.387,0.208,0.157,0,0,0,0,0,0.287,0.239,0,0.199,0.326,0.248,0,0,0.335,0,0.183,0.173,0,0.441,0.16,0,0,0.303,0.167,0,0,0,0,0.262,0,0.358,0.171,0,0,0.344,0,0,0.171,0.185,0,0,0.202,0.439,0.185,0.368,0,0,0,0,0.282,0.204,0.22,0.168,0,0,0.168,0,0.194,0.256,0,0,0.166,0.179,0,0,0,0,0.285,0.299,0,0,0,0.478,0,0.15,0.388,0,0,0.178,0.301,0.399,0.234,0.186,0,0.306,0,0.209,0.346,0,0.185,0.232,0.549,0,0,0.286,0.379,0,0,0,0.312,0,0,0,0,0,0.737,0,0,0,0.267,0,0,0,0.236,0.277,0.504,0.378,0.624,0.3,0,0.389,0.374,0,0,0.254,0,0.311,0.328,0,0.218,0.241,0,0.342,0,0.234,0,0,0.348,0.533,0.365,0,0,0.238,0,0,0,0,0.36,0,0.365,0.215,0,0.639,0,0.224,0,0,0,0,0,0,0,0,0,0,0,0,0,0,0,0.171,0,0,0.245,0,0,0.249,0,0.173,0,0,0,0,0,0,0,0,0,0,0,0,0,0,0,0,0,0,0,0,0,0,0,0,0,0,0.237,0,0,0,0.277,0,0,0.171,0,0.163,0.169,0,0,0,0,0,0,0,0.179,0,0,0,0,0,0,0.152,0,0,0,0,0,0.237,0.256,0,0,0,0,0,0,0,0,0,0,0,0,0,0.187,0,0,0,0,0,0.165,0,0,0,0,0,0.551,0,0,0.193,0,0.162,0,0,0.167,0,0.185,0,0,0,0,0,0,0,0,0,0,0,0,0.16,0.158,0,0,0,0,0,0,0,0,0,0,0,0,0,0,0.257,0,0,0,0,0.279,0,0,0,0,0,0,0,0,0,0,0,0,0,0,0,0,0,0,0,0.24,0.2,0,0,0,0,0,0,0,0,0,0,0,0,0,0.217,0,0,0,0,0,0.159,0,0,0,0,0,0,0,0,0,0,0,0,0,0,0,0,0,0,0,0,0,0,0,0,0,0,0,0.159,0,0,0,0,0,0,0,0,0,0,0,0,0,0,0,0,0,0,0,0,0.64,0,0,0,0,0,0,0,0,0,0,0,0,0,0.256,0,0,0,0,0,0,0,0,0,0,0,0,0,0,0,0,0,0,0,0,0,0,0,0.158,0,0.22,0,0.27,0,0,0,0,0,0,0,0,0,0,0,0,0,0,0,0.213,0,0,0,0,0,0,0,0,0,0,0,0,0,0,0,0,0,0,0,0,0,0,0,0,0,0,0,0,0,0,0,0,0,0,0,0,0,0,0,0,0,0.237,0,0.292,0,0,0,0,0,0,0,0,0,0,0,0,0,0,0,0,0,0,0,0,0,0,0,0.193,0,0,0,0,0,0,0,0,0,0,0,0,0,0,0,0,0,0,0,0,0,0,0,0,0,0,0.206,0,0,0,0,0,0,0,0,0,0,0,0,0,0,0,0,0.154,0,0,0,0.234,0,0,0,0,0,0.238,0,0,0,0,0.153,0,0,0,0.151,0,0,0,0,0,0,0,0,0.657,0,0,0.193,0,0,0,0,0,0,0,0,0,0,0,0,0,0.154,0,0,0,0,0,0,0,0,0,0,0,0,0,0,0,0,0,0,0.338,0,0,0,0,0,0,0,0,0,0,0,0,0,0,0,0,0,0,0,0,0,0,0,0,0,0,0,0,0,0,0,0,0,0,0,0,0.292,0,0,0,0,0,0,0,0,0,0,0,0,0,0,0,0.539,0.696,0,0,0,0,0,0,0,0,0,0,0,0,0,0,0,0,0,0,0,0,0,0,0,0,0,0,0,0,0,0.165,0,0,0,0,0,0,0,0,0,0,0,0,0,0,0,0,0,0,0,0,0,0,0,0,0,0,0,0,0,0,0,0,0,0,0,0,0,0,0,0,0,0,0,0,0,0,0,0,0,0,0,0,0,0,0,0,0,0,0,0,0,0,0,0,0,0,0,0,0,0,0,0,0,0,0.173,0,0,0,0,0,0,0,0,0,0,0,0,0,0,0,0,0.169,0,0,0,0,0,0,0,0,0,0,0,0,0,0,0,0,0,0,0,0,0,0,0,0,0.204,0,0.292,0,0,0,0,0,0,0,0,0,0,0.697,0,0,0,0,0,0,0,0,0,0,0,0,0,0,0,0.15,0,0,0,0.191,0,0,0.15,0.171,0,0,0,0.247,0,0.246,0,0.15,0,0,0,0,0,0,0,0,0,0,0,0.197,0,0,0,0,0.349,0,0,0,0,0,0.167,0,0,0,0,0,0,0,0,0,0,0,0,0,0,0.194,0,0,0,0,0,0,0,0,0,0,0,0.189,0,0,0,0,0,0.207,0,0,0,0,0,0,0,0,0,0,0,0,0,0,0,0,0,0,0,0,0,0,0,0.241,0,0,0,0,0,0,0,0,0,0,0,0,0,0,0,0,0,0,0,0,0,0,0,0,0.161,0,0,0,0,0,0,0,0,0,0,0,0,0,0,0,0,0,0.237,0,0,0,0,0,0,0,0,0,0,0,0,0,0,0,0,0,0,0,0,0,0,0,0,0,0,0,0,0,0,0,0,0,0,0,0,0,0,0,0.277,0.167,0,0,0,0,0,0,0,0,0,0,0,0,0,0,0,0,0,0,0,0,0,0,0,0,0,0,0,0,0,0,0,0,0,0,0,0,0,0,0,0,0,0,0,0,0,0,0,0,0.159,0,0,0,0,0,0,0,0,0,0,0,0,0,0,0,0,0,0,0,0,0,0,0,0,0,0,0,0,0,0,0,0,0,0,0,0,0,0,0,0,0,0,0,0,0,0,0,0,0,0,0,0,0,0,0,0,0,0,0,0,0,0,0,0,0,0,0,0,0,0,0,0,0,0,0,0,0,0,0,0,0,0,0,0,0,0,0,0,0,0,0,0,0.169,0,0,0,0,0,0,0,0,0,0,0,0,0,0,0,0,0,0,0,0,0,0,0,0,0,0,0,0,0,0,0,0,0,0,0,0,0,0,0,0,0,0,0,0.281,0,0,0,0,0,0.202,0,0,0,0.542,0,0,0,0,0,0,0,0,0,0,0,0,0,0,0,0,0,0,0,0,0,0,0,0,0,0,0,0,0,0,0,0,0,0,0,0,0,0,0,0,0,0,0,0,0,0,0,0,0,0,0,0,0,0,0,0,0,0,0,0,0,0,0,0,0,0,0,0,0,0,0,0,0,0,0,0,0,0,0.154,0,0,0.17,0,0,0,0,0,0,0,0,0,0,0,0,0,0,0,0,0,0,0,0,0,0,0,0,0,0,0,0,0,0,0,0,0,0,0,0,0,0,0,0,0,0,0,0,0,0,0,0,0,0,0,0,0,0,0,0,0,0,0,0,0,0,0,0,0,0,0,0,0,0,0,0,0,0,0,0,0,0,0,0,0,0,0,0,0,0,0,0,0,0,0,0,0,0,0,0,0,0,0,0,0,0,0,0,0,0,0,0,0,0,0,0,0,0,0,0,0,0,0,0,0,0,0,0,0,0,0,0,0,0,0,0,0,0,0,0,0,0,0,0,0,0,0,0,0,0,0,0,0,0,0,0,0,0,0,0,0,0,0
852327,0,0,0.286,0,0,0,0,0,0,0,0,0,0.462,0,0,0,0,0,0,0,0.19,0,0,0.484,0,0.278,0.603,0,0,0,0,0,0,0,0,0,0,0,0,0,0,0,0,0,0,0,0,0,0,0,0,0,0,0,0.163,0,0,0,0,0.19,0,0,0,0,0,0,0,0,0,0,0.232,0.291,0,0,0,0,0,0,0,0,0,0,0,0,0,0,0,0.973,0,0,0,0,0,0,0,0,0,0,0,0,0,0,0,0,0,0,0,0,0.19,0,0,0,0,0,0,0,0,0,0,0,0,0,0,0,0,0,0,0,0,0,0,0,0,0,0,0,0.173,0,0.361,0,0,0,0.159,0,0,0,0,0,0,0,0,0,0,0,0,0,0,0,0,0,0,0,0,0,0.217,0,0,0,0,0,0,0,0,0,0,0,0,0,0,0,0,0,0,0,0.296,0,0.347,0,0,0.412,0,0,0,0.242,0,0,0,0,0,0,0,0,0,0,0,0,0.319,0,0,0,0,0,0.343,0.249,0,0.39,0,0,0,0,0.6,0,0,0,0,0,0,0,0.628,0,0.345,0,0.191,0,0.243,0,0.445,0.206,0.706,0.655,0,0,0,0.325,0.292,0,0,0,0,0,0.31,0,0.313,0,0.188,0,0,0,0.215,0,0.372,0,0,0,0,0.301,0,0.316,0,0,0.202,0,0,0,0,0.321,0,0.258,0.242,0.948,0,0,0,0.716,0,0.353,0,0,0.182,0,0,0,0,0,0,0.315,0.155,0,0,0.167,0.204,0.182,0,0,0,0,0.351,0,0,0.317,0,0,0.485,0,0.321,0,0.389,0.972,0,0,0,0,0.176,0,0.222,0,0.243,0,0,0,0,0,0.402,0,0.915,0,0,0,0,0,0,0,0,0,0.645,0,0,0,0,0,0,0,0,0.261,0,0,0.405,0.219,0,0.324,0,0,0,0.192,0,0,0,0.258,0,0,0.191,0.399,0,0,0,0,0.288,0,0.295,0.932,0,0,0,0.355,0,0.209,0,0.163,0,0.321,0.357,0,0,0,0,0.273,0,0.196,0.17,0,0,0.999,0,0.213,0.861,0,0,0,0.18,0,0,0.983,0.306,0,0,0,0,0.214,0,0,0,0,0,0.7,0,0,0,0,0.255,0,0.247,0.482,0,0,0,0,0.349,0,0,0.187,0.171,0.184,0,0,0,0,0.26,0,0,0,0,0.612,0.15,0,0,0,0.313,0,0,0,0.159,0.234,0.684,0.164,0,0,0,0.564,0,0.164,0,0,0,0,0,0,0.349,0,0.459,0.443,0,0,0,0.435,0,0,0,0,0,0,0,0,0,0,0.219,0.232,0,0,0,0,0.174,0,0,0,0,0,0,0,0,0,0,0,0.333,0,0.156,0,0,0,0,0,0.705,0,0.236,0,0,0.174,0.207,0,0,0.182,0.179,0,0,0,0.353,0,0.43,0,0.311,0,0.311,0,0.273,0,0,0,0,0.287,0.46,0.216,0.213,0,0,0,0,0,0,0,0,0,0,0,0.273,0,0,0,0.491,0.345,0,0,0.276,0,0,0.177,0.235,0,0.258,0,0,0,0.182,0,0.192,0,0,0.234,0,0.16,0,0,0.287,0,0,0,0.206,0,0,0.368,0,0,0,0,0,0,0,0.259,0.23,0.268,0,0,0,0,0,0,0,0,0.217,0.155,0,0,0,0,0,0,0.184,0,0,0,0,0,0,0.153,0,0,0.225,0,0,0,0,0.234,0,0,0,0,0.41,0,0,0,0,0,0,0.222,0,0,0.467,0.312,0,0,0.246,0,0.214,0,0,0,0.208,0.462,0,0,0,0.954,0,0,0,0,0,0.252,0,0,0,0,0,0,0,0.252,0,0,0,0,0,0,0.175,0.94,0,0.252,0.259,0,0,0,0,0,0,0.331,0,0.493,0,0.213,0.258,0,0,0.999,0,0,0,0,0,0,0.185,0,0.733,0.701,0.185,0,0,0,0,0.204,0,0,0,0,0,0.261,0,0,0.198,0,0,0,0,0,0,0,0,0,0,0,0.241,0.933,0,0.171,0.319,0,0.205,0,0.312,0.202,0,0,0.507,0,0,0,0,0.191,0.342,0,0,0,0,0,0,0,0,0.438,0,0,0.946,0.167,0,0,0,0,0,0,0,0,0.241,0.206,0,0,0.285,0.424,0,0,0,0,0,0,0,0,0,0.345,0,0,0.344,0.996,0,0,0,0,0,0,0,0,0.665,0.38,0,0,0.303,0.258,0,0,0.295,0,0,0,0,0,0,0,0,0,0.208,0,0.562,0.276,0,0.669,0,0,0.495,0.186,0,0,0.4,0,0.311,0,0,0,0.296,0,0,0,0,0.452,0,0,0,0,0,0,0.257,0,0,0,0.702,0.29,0,0.216,0.641,0,0,0,0,0.412,0,0,0.232,0,0.288,0,0,0,0,0,0,0,0,0.557,0,0,0.521,0,0.704,0,0,0,0,0.184,0,0,0,0,0,0,0,0,0.491,0.374,0.172,0,0,0,0,0,0,0.182,0,0.473,0.623,0,0,0,0,0,0,0.275,0.235,0,0.182,0,0.159,0.467,0.315,0,0.201,0.428,0,0.202,0,0.19,0,0.352,0,0.238,0,0,0,0,0,0.184,0.196,0.372,0,0,0,0,0,0,0,0.269,0,0.379,0.261,0.25,0,0,0,0,0,0.355,0,0.161,0,0,0,0,0,0,0,0,0,0,0,0,0,0,0,0,0,0,0,0,0,0,0,0,0.199,0,0,0,0,0.159,0,0,0,0,0,0,0,0,0,0,0,0,0,0,0,0,0,0,0,0,0,0,0,0,0,0,0,0,0.4,0,0,0,0,0,0,0,0,0,0,0,0,0,0,0,0,0,0,0,0,0,0,0,0,0,0,0,0,0,0,0.926,0.268,0,0,0,0,0,0,0,0,0,0,0,0,0,0.392,0,0,0,0,0,0,0,0,0,0,0,0,0,0,0,0,0,0,0,0,0.47,0,0,0,0,0,0,0,0,0,0,0,0,0,0,0,0,0,0,0,0,0,0,0.263,0,0,0,0.22,0,0,0,0,0,0,0,0,0,0.222,0,0,0,0,0,0,0,0,0,0,0,0,0,0,0,0,0,0,0,0.25,0,0.17,0,0,0,0,0,0,0,0,0,0,0,0,0,0,0,0,0,0,0,0,0,0,0,0,0,0.241,0,0,0,0,0,0,0,0.235,0,0,0,0.15,0.258,0,0,0.922,0,0,0,0,0,0,0,0,0.179,0,0,0,0,0,0,0,0,0,0,0,0.999,0,0,0,0,0,0,0,0,0,0,0,0,0,0,0,0,0,0,0,0,0,0,0,0,0,0,0.175,0,0,0,0,0,0,0,0,0,0,0,0,0,0,0,0,0,0,0,0,0,0.158,0,0,0,0,0,0.342,0,0,0,0,0.189,0,0,0,0,0,0,0,0,0,0,0,0,0,0,0,0,0,0,0,0,0,0,0,0,0,0,0,0,0,0.707,0,0,0,0,0,0,0,0,0,0,0,0,0,0,0,0,0,0,0,0,0,0,0,0,0.158,0,0,0,0,0,0,0,0,0,0,0,0,0,0,0.473,0,0,0.258,0,0,0,0.182,0,0,0,0,0,0,0,0,0,0,0,0,0,0,0,0,0,0,0,0.605,0,0,0,0,0,0,0.183,0,0,0,0,0,0,0,0,0,0,0,0,0,0,0,0,0,0,0,0,0,0,0.774,0,0.261,0,0,0,0,0,0,0.316,0,0,0,0,0,0,0,0,0.29,0,0,0,0,0,0,0,0,0,0,0,0,0,0,0,0,0,0.17,0,0,0,0,0,0,0,0,0,0,0,0,0,0.151,0,0,0,0,0.942,0,0,0,0,0.193,0,0,0,0,0,0,0,0,0,0,0,0,0,0.178,0,0,0,0,0,0,0,0,0,0,0,0,0.177,0,0,0,0,0,0,0,0,0,0,0,0,0,0,0,0,0,0,0,0,0,0,0,0,0,0,0,0,0,0.927,0,0,0,0,0,0,0,0,0,0,0,0,0,0,0,0,0,0,0,0,0,0,0,0,0,0,0,0,0.163,0,0,0,0,0,0,0,0,0,0.292,0,0,0,0,0,0,0,0,0,0,0,0,0,0,0,0,0,0,0,0,0,0.173,0,0,0,0,0,0,0,0,0,0,0,0,0.157,0,0,0,0,0,0,0,0,0,0,0,0,0,0,0,0.19,0,0,0,0,0.173,0,0.63,0,0,0,0,0,0,0.293,0,0,0,0,0,0,0,0,0,0,0,0,0,0,0,0,0,0,0,0,0,0,0,0.587,0,0,0,0,0,0,0,0,0,0.35,0,0,0,0,0,0.357,0,0,0.187,0,0.578,0,0,0,0,0,0,0,0,0,0,0,0,0,0.192,0,0,0,0.403,0.429,0,0,0.181,0,0,0.342,0,0,0,0,0,0,0,0,0,0,0,0,0,0,0.166,0,0,0,0,0,0,0,0.945,0,0,0,0,0,0,0,0,0.292,0,0,0,0,0,0,0,0,0,0,0.27,0,0,0,0,0,0,0,0,0,0,0,0.527,0,0,0,0,0,0,0.171,0,0,0.221,0,0.929,0,0,0,0.219,0,0,0,0,0,0,0,0,0,0,0,0.355,0.951,0,0,0,0,0,0,0,0,0.325,0,0.187,0,0,0,0,0,0,0,0,0,0,0,0,0.258,0,0,0,0,0.169,0,0,0,0,0,0,0,0,0,0.193,0,0,0,0,0,0,0,0.202,0,0.171,0,0,0,0,0,0,0,0,0,0,0,0,0,0.421,0,0,0.221,0,0,0,0,0,0,0,0,0,0,0,0,0,0.434,0,0,0,0,0.954,0.253,0,0,0.566,0,0,0,0,0,0,0,0,0,0,0.257,0.151,0,0,0,0,0,0,0,0.277,0,0,0,0.311,0.914,0,0.177,0,0.619,0,0.179,0,0,0,0,0,0.288,0,0,0,0,0.191,0.293,0.197,0,0,0,0,0,0.978,0,0,0,0,0,0,0,0,0,0,0,0.236,0,0,0,0,0,0,0.24,0,0,0,0.446,0,0,0,0,0.207,0,0,0,0,0.358,0,0,0,0,0,0,0,0.253,0,0.169,0,0,0,0.165,0.2,0,0,0,0.988,0,0.355,0.2,0.17,0,0,0,0,0,0,0.223,0,0,0,0,0,0,0.2,0,0,0,0,0,0,0,0,0,0,0,0,0.999,0,0.191,0.942,0.342,0.219,0,0,0,0,0,0,0.615,0,0,0.179,0,0,0,0,0,0,0,0,0,0,0,0,0.193,0,0.273,0,0,0.357,0,0.705,0,0,0,0.181,0,0,0,0.197,0,0,0,0,0,0,0.219,0,0,0,0.216,0,0,0,0,0.216,0.211,0,0,0,0,0.262,0,0.204,0,0,0,0,0,0,0,0,0,0,0,0,0,0,0,0,0,0,0,0,0,0,0,0,0,0,0.949,0,0,0,0,0,0,0,0,0,0,0,0,0,0,0,0,0,0,0,0,0,0,0,0,0,0.155,0.358,0,0.159,0,0,0,0,0,0,0,0,0,0.191,0,0,0,0,0,0.348,0,0,0,0,0,0,0.43,0,0,0,0,0,0,0,0,0.54,0,0,0,0,0,0,0,0,0.214,0,0,0,0,0,0,0,0,0,0,0,0,0,0,0,0,0,0,0,0,0,0.348,0,0,0,0,0.708,0,0,0.195,0,0,0.213,0,0,0,0,0,0.203,0,0,0,0,0,0,0,0,0,0,0,0,0,0,0,0,0.155,0,0,0,0.173,0,0,0,0,0,0,0,0.177,0,0,0,0.23,0,0,0,0,0,0,0,0,0,0.155,0,0.503,0,0,0,0,0,0.253,0,0,0,0,0,0,0,0,0,0,0,0.831,0,0.744,0.153,0,0,0.176,0,0,0,0,0.802,0,0,0,0,0,0,0.172,0,0.219,0,0,0.172,0,0,0,0,0,0,0,0,0,0.292,0,0,0.17,0,0,0,0,0,0,0.302,0,0,0,0,0,0,0,0,0,0.176,0.46,0.151,0,0,0,0,0.177,0,0,0,0,0,0,0.158,0.238,0,0,0,0.155,0.204,0.157,0.253,0.342,0,0,0,0,0.205,0,0.331,0,0.795,0,0,0,0,0,0.216,0,0,0,0,0,0,0,0,0,0,0,0,0,0,0.672,0,0,0,0,0,0,0,0,0,0,0,0,0,0,0,0,0,0,0,0,0,0,0,0,0,0,0,0,0,0,0,0,0,0,0.171,0,0,0,0,0,0,0.723,0,0,0,0.235,0,0,0,0,0,0,0,0,0,0,0,0,0,0,0,0,0,0.19,0,0.22,0,0,0,0,0,0,0.905,0,0,0,0,0,0.196,0,0,0,0,0,0,0,0,0.199,0.196,0,0,0,0,0,0,0,0,0,0,0,0,0,0,0.311,0,0,0,0,0,0,0,0,0,0,0,0,0,0.901,0,0,0,0,0,0.19,0,0,0,0,0,0,0,0,0,0,0,0,0,0,0,0,0.191,0,0,0,0,0,0,0,0,0,0,0.91,0,0,0,0.28,0,0,0,0,0,0,0,0,0,0.163,0,0,0,0,0,0,0.235,0,0,0,0,0,0,0,0,0,0.933,0,0,0,0,0,0,0,0,0,0,0,0,0,0,0,0,0.204,0,0,0,0,0,0,0,0,0,0,0,0,0,0,0,0.161,0,0,0,0,0,0,0,0,0,0,0,0,0,0,0,0,0,0,0,0,0,0,0,0,0,0,0,0,0,0,0,0,0,0,0,0,0,0,0,0,0,0,0,0,0,0,0,0,0,0,0,0,0,0,0,0,0,0,0,0,0,0,0,0,0,0,0,0,0,0,0,0,0,0,0,0,0,0,0,0,0,0,0,0,0,0,0,0.215,0,0,0,0,0,0,0,0,0,0,0,0,0,0,0,0,0,0,0,0,0,0,0,0,0,0,0,0,0,0,0,0,0,0,0,0,0,0,0,0,0.264,0,0.412,0,0,0,0,0,0,0.192,0,0,0,0,0,0,0,0,0,0,0,0.999,0.292,0.425,0,0.626,0,0,0.264,0,0,0,0.198,0.495,0,0,0,0.471,0,0,0,0,0.292,0,0,0,0,0,0.192,0,0,0,0,0,0,0.344,0,0,0,0.278,0.301,0,0,0.307,0,0,0.313,0.446,0,0,0.263,0.5,0,0.986,0,0.612,0,0,0,0.219,0.303,0,0.267,0,0,0,0,0.5,0.988,0.509,0.748,0,0,0.315,0.192,0.911,0,0,0,0,0,0.563,0,0.523,0,0,0.348,0,0,0,0.932,0,0.275,0,0,0,0,0.315,0,0.353,0.931,0.595,0,0,0,0.187,0,0,0,0,0,0,0.593,0.301,0,0,0.315,0,0,0,0,0.267,0,0,0.933,0.252,0.441,0,0.2,0,0.274,0,0.222,0,0,0,0.192,0.307,0,0,0.344,0,0.999,0.272,0,0.672,0.206,0,0.588,0.315,0.169,0,0,0,0,0,0,0,0,0,0.373,0,0.183,0,0,0.621,0,0.397,0,0,0,0,0,0,0.315,0.219,0,0,0,0,0.301,0,0,0,0,0,0.313,0.987,0,0,0,0.263,0,0.263,0,0.588,0.303,0,0,0,0,0.213,0,0.288,0,0.154,0.315,0,0,0,0,0,0,0,0,0,0.168,0,0,0,0,0,0,0,0,0,0,0,0,0,0,0,0,0,0,0,0,0,0,0,0,0,0,0,0,0,0,0,0,0,0.189,0,0,0,0,0,0,0,0,0,0,0,0,0,0.15,0,0,0,0,0,0,0,0,0,0,0,0,0,0,0,0,0,0,0,0,0,0,0,0,0,0,0,0,0,0,0,0,0,0,0,0,0,0,0,0,0.957,0,0.452,0.318,0,0.917,0.655,0.27,0,0.318,0.746,0.594,0.277,0,0,0,0,0,0,0,0.347,0,0,0,0,0.187,0.565,0.196,0,0.665,0.817,0,0.176,0,0,0.956,0,0.196,0,0,0.384,0,0.575,0.359,0.384,0,0.197,0,0.176,0.424,0,0,0.164,0.285,0,0,0,0,0,0,0.311,0.261,0,0,0,0,0,0,0,0,0,0,0.203,0.999,0,0,0,0,0,0,0,0,0.787,0.359,0,0,0,0,0,0,0,0,0.906,0,0,0,0,0.578,0,0,0,0,0,0,0,0,0,0,0,0,0,0,0,0,0,0,0,0,0,0,0,0,0,0,0,0.175,0,0,0,0.44,0,0,0,0,0,0,0,0,0,0,0,0,0,0,0,0,0,0,0,0,0,0,0,0,0,0,0,0,0,0,0,0.999,0,0.999,0,0,0.246,0,0,0,0,0,0,0,0,0,0,0,0,0,0.182,0.161,0,0,0.195,0,0,0,0,0,0,0,0,0,0,0,0,0.272,0,0,0.221,0,0,0,0,0,0,0,0,0,0,0,0,0,0,0,0,0,0,0,0,0,0,0.285,0,0,0,0,0,0.321,0.877,0.209,0,0,0,0.347,0.159,0,0,0,0,0.652,0,0,0,0,0,0,0,0,0,0,0,0,0.988,0,0,0,0,0,0,0,0,0,0,0,0,0.536,0,0,0,0,0,0,0,0,0.998,0,0,0,0,0,0,0,0,0,0,0,0,0,0,0,0,0,0,0.177,0,0,0,0,0,0,0,0,0,0,0,0,0,0,0,0,0,0.986,0.647,0,0,0,0,0,0,0.154,0,0,0,0.214,0,0,0.4,0,0,0,0,0.594,0,0,0.225,0,0,0,0,0,0.235,0,0.213,0,0.439,0,0,0,0.269,0,0,0,0,0,0,0,0,0,0.424,0,0,0.99,0.983,0,0,0,0,0,0,0,0,0,0,0,0,0,0,0,0,0,0,0,0,0,0,0,0,0,0,0.499,0.429,0,0.244,0,0,0,0,0,0,0,0,0,0,0.878,0.211,0,0,0,0,0,0,0,0,0,0,0,0,0,0,0,0,0,0,0,0,0,0,0,0,0,0,0,0.155,0,0,0,0,0,0,0,0.355,0,0,0,0,0,0,0,0,0,0,0,0,0,0,0,0,0,0,0,0,0.368,0,0.481,0,0,0,0,0,0,0,0.587,0,0,0,0,0,0.164,0,0,0,0.352,0,0.983,0,0,0,0.285,0,0,0,0,0,0,0.517,0,0.309,0,0,0,0,0,0,0,0,0,0,0,0,0,0,0,0.955,0.195,0,0,0.177,0,0,0,0.456,0,0,0,0,0,0,0,0.998,0,0.176,0.481,0,0,0,0,0,0,0,0,0,0,0,0.219,0,0,0,0,0,0.276,0,0,0,0,0,0,0,0.389,0,0,0,0,0,0,0.176,0,0,0,0,0,0,0,0,0,0,0,0,0,0,0,0,0,0,0,0,0,0,0,0,0,0,0,0,0,0,0,0,0,0,0.312,0,0,0,0,0.661,0.536,0,0.652,0,0,0,0.176,0,0,0,0,0,0.221,0,0.191,0,0,0,0.234,0,0,0.234,0,0,0,0,0,0,0,0.178,0.176,0.178,0,0,0,0,0,0,0,0.269,0,0,0,0.498,0,0,0,0,0,0,0,0,0,0,0,0,0.151,0,0,0,0,0.954,0,0.184,0,0,0,0,0,0,0,0,0,0,0,0,0,0,0,0,0,0,0,0,0,0,0,0,0,0,0,0,0,0,0,0,0,0,0,0.191,0,0,0,0,0,0,0,0,0,0,0,0,0,0,0,0,0,0,0,0,0,0,0,0,0,0,0,0,0,0,0,0,0,0,0,0,0,0,0,0,0,0.196,0,0,0,0,0,0,0,0,0.829,0.171,0,0,0,0,0,0,0,0,0.72,0,0,0,0,0,0,0,0,0.33,0,0,0,0,0,0,0,0,0.683,0,0,0,0,0,0,0,0,0,0,0,0.456,0,0,0,0,0.261,0.354,0,0.185,0,0,0,0,0,0,0,0,0,0,0.878,0,0,0,0,0,0,0,0,0,0,0,0,0,0,0,0,0,0,0,0,0,0,0.175,0,0,0,0,0,0,0.156,0,0,0,0,0,0,0,0,0,0,0,0,0,0,0,0,0,0,0,0,0,0,0,0,0,0,0,0,0,0,0,0,0,0,0,0,0,0,0,0,0,0,0,0,0,0,0,0,0.537,0,0,0,0.339,0.163,0,0,0,0,0,0,0,0,0,0,0,0,0,0.21,0,0,0,0,0,0,0,0,0,0,0.263,0.173,0,0,0,0,0,0,0,0,0,0,0,0,0,0,0,0,0,0,0,0,0,0,0,0,0,0,0,0.368,0,0,0,0,0,0,0,0,0,0,0,0.633,0,0,0,0.179,0,0,0,0,0,0,0,0,0,0,0,0.285,0,0.309,0,0,0,0,0,0,0.309,0,0,0,0,0,0,0,0,0,0,0,0,0,0,0,0,0,0,0,0,0,0,0,0.546,0,0,0,0,0,0,0,0,0,0,0,0,0,0,0,0,0,0,0,0,0,0,0,0,0,0,0,0,0,0,0,0,0,0,0,0,0,0,0,0,0,0,0,0,0,0,0,0,0,0,0,0,0,0,0,0,0,0,0,0,0,0,0,0,0,0,0,0,0,0,0,0,0,0,0,0,0,0,0,0,0.247,0,0,0,0.459,0.182,0,0,0,0,0,0,0,0.193,0.337,0.568,0.182,0.182,0.947,0.274,0.298,0.225,0,0,0,0,0,0,0,0,0,0,0,0,0,0,0,0,0,0,0,0,0,0,0,0,0,0,0,0,0,0,0,0,0,0,0,0,0,0,0,0,0,0,0,0,0,0,0,0,0,0,0,0,0,0,0,0,0,0,0,0,0,0,0,0,0,0,0,0,0,0,0,0,0,0,0,0,0,0,0,0,0,0,0,0,0,0,0,0,0,0,0,0,0,0,0,0,0,0,0,0,0,0,0,0,0,0,0,0,0,0
854745,0,0,0,0,0,0,0.182,0,0,0,0,0,0,0,0,0,0,0,0,0,0,0,0.359,0,0,0,0.288,0,0,0,0,0,0,0,0.232,0,0,0,0,0,0,0,0,0,0,0,0,0.432,0,0,0,0,0,0,0,0,0.506,0,0,0,0.21,0,0,0,0,0,0.405,0,0,0,0.705,0.897,0,0,0,0,0,0,0,0,0,0,0,0,0,0.21,0,0,0,0,0,0,0,0,0,0,0,0.182,0,0,0,0,0,0,0,0,0.182,0,0,0,0,0,0,0,0,0,0,0,0,0,0,0,0,0,0,0,0,0,0,0,0,0,0,0,0,0,0,0,0.346,0,0,0,0.154,0,0,0,0,0,0,0,0.263,0,0,0,0,0,0,0.235,0,0,0,0,0,0,0,0,0,0,0,0.207,0,0,0,0,0,0,0,0,0,0,0,0,0,0,0.275,0,0,0,0,0,0,0,0,0,0,0,0,0,0,0,0,0,0,0,0.546,0,0,0,0,0,0,0,0,0,0,0,0,0,0,0,0,0,0,0,0,0,0.999,0,0.945,0,0,0,0,0,0,0,0.459,0,0,0,0,0,0,0,0,0,0,0,0,0,0,0,0.194,0.173,0,0,0,0,0,0,0,0,0,0,0,0,0,0,0,0,0,0,0,0,0,0,0,0,0,0,0,0,0,0.565,0,0,0,0,0.17,0,0,0,0,0,0,0,0,0,0,0,0,0,0,0,0,0,0,0,0,0,0,0,0,0,0,0,0,0,0,0,0,0,0,0,0,0,0.235,0,0,0,0,0,0,0,0,0,0,0,0,0,0,0,0,0.295,0,0,0,0,0,0,0,0,0,0,0,0,0,0,0,0,0,0,0,0.151,0,0,0.186,0,0,0,0.357,0,0,0,0,0,0,0,0,0,0,0,0,0,0,0,0,0,0,0,0,0,0,0,0,0,0,0,0,0,0,0.369,0,0,0.272,0,0,0.999,0,0,0,0.267,0.16,0,0,0,0,0,0,0,0,0,0,0.357,0,0,0,0,0,0,0,0,0,0,0,0,0,0,0.529,0,0,0,0,0,0,0,0,0,0,0,0,0,0,0,0,0.304,0.372,0,0,0,0,0,0.663,0,0,0,0,0,0,0,0,0,0,0,0,0,0,0,0,0,0,0,0,0,0,0,0,0,0,0.374,0,0,0,0.241,0,0,0,0,0,0,0,0,0,0,0.193,0,0,0,0,0,0,0,0,0,0,0,0.359,0,0,0,0,0,0,0,0,0,0,0,0,0,0,0,0,0,0,0,0.37,0,0,0,0,0,0,0,0,0,0,0,0,0,0.558,0,0,0,0,0,0,0.227,0,0,0,0,0.997,0,0,0,0,0,0,0,0,0,0,0.405,0,0,0,0,0,0,0,0,0,0,0.309,0,0,0,0,0,0,0,0,0,0,0,0,0,0,0,0,0,0,0,0,0.761,0,0,0,0,0,0,0,0.155,0,0,0,0,0,0,0,0,0,0,0,0,0,0,0,0,0,0,0,0.329,0,0.257,0,0.221,0,0,0,0,0,0,0,0,0,0,0,0,0,0,0,0,0.391,0,0,0,0,0,0,0.61,0.353,0,0,0.176,0,0,0,0.452,0,0,0,0,0,0,0,0,0,0,0,0,0,0,0,0,0,0,0,0,0.206,0,0,0,0,0,0,0,0,0,0,0,0,0.604,0,0,0,0,0,0,0,0,0,0,0,0,0.16,0,0,0,0,0,0,0,0,0,0,0,0,0,0,0,0,0,0,0,0,0,0,0,0,0,0,0,0,0,0,0.223,0,0,0,0,0,0,0,0,0,0,0,0,0.846,0,0,0,0,0,0,0,0,0,0,0,0,0,0,0,0.233,0,0,0,0,0,0,0,0,0,0,0,0,0,0,0,0,0,0,0,0,0,0,0,0,0,0,0,0.443,0,0,0,0,0,0,0,0,0,0,0.284,0,0,0,0,0,0,0,0,0,0,0,0,0,0,0,0,0,0,0.263,0,0,0,0,0,0,0,0,0,0,0,0,0,0,0,0.27,0,0.249,0,0,0,0.194,0,0,0.439,0,0.816,0,0,0,0,0.601,0,0,0,0,0,0,0,0,0,0,0,0,0,0,0,0,0,0.19,0,0,0,0,0,0,0,0,0,0,0,0,0,0,0,0,0,0,0,0,0,0,0,0,0,0,0.379,0,0,0,0,0,0,0,0,0,0,0,0,0,0,0,0,0,0,0,0,0,0.411,0,0,0,0,0,0,0,0,0,0,0,0,0,0,0,0,0,0,0,0,0.362,0,0,0,0,0,0,0.403,0,0.213,0,0,0,0,0,0,0,0,0,0,0,0,0,0,0,0,0,0,0,0,0,0,0,0,0,0,0,0,0,0,0,0,0,0,0,0,0.152,0,0.261,0,0,0,0,0,0,0,0,0,0.642,0,0,0,0,0,0,0,0,0,0,0,0,0,0,0,0,0,0,0.628,0,0,0,0,0,0,0,0,0,0,0.316,0,0,0,0,0,0,0,0,0,0,0,0,0,0,0,0,0,0.442,0,0,0,0,0,0,0,0,0,0.325,0,0,0.61,0,0,0,0,0,0,0,0,0,0,0,0,0,0,0,0,0,0,0,0,0,0,0,0,0,0,0,0,0,0,0,0,0,0,0,0,0,0,0,0,0,0,0,0,0,0,0,0,0,0,0,0,0,0,0,0,0,0,0,0,0,0,0,0,0,0,0,0.483,0,0,0,0,0,0,0.217,0,0,0,0.715,0,0,0.225,0,0,0,0,0,0,0,0,0,0,0,0,0,0,0,0,0,0,0,0.426,0,0,0,0,0,0,0,0,0,0,0,0,0,0,0,0,0,0,0,0,0,0,0,0,0,0,0,0,0,0,0,0,0,0,0,0,0,0,0,0,0,0,0,0,0,0.26,0,0,0,0,0,0,0,0,0,0,0,0,0,0,0,0,0,0,0,0,0.733,0,0,0,0.56,0,0,0,0,0,0,0,0,0,0,0,0,0,0,0,0,0,0,0,0,0,0,0,0,0,0,0,0,0,0,0,0,0,0,0,0,0,0,0,0,0,0,0.793,0,0,0,0,0.338,0,0,0,0,0,0,0,0,0,0,0,0,0,0,0,0,0,0,0,0,0,0,0,0,0,0,0,0,0,0,0,0,0,0,0,0,0,0,0,0,0,0,0,0,0,0.158,0,0,0,0,0,0,0,0,0,0,0.309,0,0,0,0,0,0,0,0,0,0,0,0,0.284,0,0,0,0,0,0,0,0,0,0,0,0,0,0,0,0,0,0,0,0,0,0,0,0,0,0,0,0,0,0,0,0,0,0,0,0,0,0,0,0,0,0,0.987,0.498,0,0,0,0.778,0,0,0,0,0,0,0,0.424,0,0,0,0,0,0,0,0,0,0,0,0,0,0,0,0,0,0,0,0,0,0,0,0,0,0,0,0,0,0,0,0,0,0,0,0,0,0,0,0,0,0,0.492,0,0,0,0,0,0,0,0,0,0,0,0,0,0,0,0,0,0.247,0,0,0,0,0,0,0,0,0,0,0,0,0,0,0,0,0,0,0,0,0,0,0,0,0,0.38,0,0,0,0,0,0,0.158,0,0,0,0.22,0,0,0,0,0,0,0,0,0,0,0,0,0,0.668,0,0,0,0,0,0,0.313,0,0,0,0,0,0,0,0,0,0,0,0,0,0,0,0,0,0,0,0,0,0,0,0,0,0,0.15,0,0,0,0,0,0,0,0,0,0,0,0,0,0,0,0,0,0,0,0,0,0,0,0,0,0.15,0,0,0,0,0,0,0,0,0,0,0.214,0,0,0,0,0,0,0.157,0.193,0,0,0,0,0,0,0,0,0,0,0,0,0,0,0,0,0,0,0,0,0,0,0,0,0,0,0,0,0,0,0,0,0,0,0,0,0,0,0,0,0,0,0,0,0,0,0,0.194,0,0,0,0,0,0,0,0,0,0,0,0,0,0,0,0,0,0,0,0,0,0,0,0,0,0,0,0,0,0,0,0,0,0,0,0,0,0,0.47,0,0,0,0,0,0,0,0,0,0,0,0,0,0,0,0,0,0,0,0,0,0,0,0,0,0,0,0,0,0,0,0,0,0,0,0,0,0,0,0,0,0,0,0,0,0,0,0,0,0,0,0,0,0,0,0,0.236,0,0,0,0,0,0,0,0,0,0,0,0,0,0,0.191,0,0,0,0,0,0,0,0,0,0,0,0,0,0.371,0,0,0,0,0,0,0,0,0,0,0,0,0,0,0,0,0,0,0,0,0,0,0,0,0,0,0,0,0,0,0,0,0,0,0,0,0,0,0,0,0,0,0,0,0,0,0,0,0,0,0,0,0,0,0,0,0,0,0,0,0,0,0,0,0,0,0,0,0,0,0,0,0,0,0,0,0,0,0,0,0,0,0,0,0.745,0,0.33,0.548,0,0,0,0.545,0,0,0,0,0,0.19,0,0,0,0,0,0,0,0,0,0,0,0,0,0,0,0,0.15,0.188,0,0,0,0,0,0,0,0,0,0,0,0,0,0,0,0.214,0,0,0,0,0,0.184,0,0,0,0,0,0,0,0,0,0,0,0,0,0,0,0,0,0,0,0,0,0,0,0,0,0,0,0,0,0,0,0,0,0,0,0,0,0,0,0,0,0.856,0,0,0,0,0.467,0,0,0,0.153,0,0,0,0,0,0,0.199,0,0.359,0,0,0,0,0,0,0,0,0,0.47,0,0,0,0,0.347,0,0,0,0,0,0,0,0,0,0,0,0,0,0,0,0,0,0,0,0,0,0,0,0,0,0,0,0,0,0,0.813,0,0.151,0,0,0.495,0,0,0,0,0,0,0,0,0,0.276,0,0,0,0,0,0,0,0,0,0,0,0,0,0,0,0,0,0,0,0,0,0,0,0,0,0,0,0,0,0,0,0,0.539,0,0,0,0,0.695,0,0,0,0,0,0,0,0,0,0,0,0,0,0,0,0,0,0,0.254,0,0,0,0,0,0,0,0,0,0,0,0,0,0,0,0,0,0,0,0,0,0,0,0,0,0,0,0,0,0,0,0,0,0.167,0,0,0,0,0,0,0,0,0,0,0,0,0,0,0,0,0,0,0,0,0,0,0,0,0,0,0,0,0,0,0,0,0,0,0,0,0,0,0,0,0,0,0,0,0,0,0,0,0,0,0,0,0,0,0,0,0,0,0,0,0,0,0,0,0,0,0,0,0.31,0,0,0,0,0,0.528,0,0,0,0,0,0,0.546,0,0,0,0,0,0,0,0,0,0.253,0,0,0,0,0,0,0,0,0,0,0,0,0.78,0,0,0,0,0,0,0.36,0,0,0,0,0,0,0,0,0,0,0,0,0,0,0,0,0,0,0,0,0,0,0,0,0.887,0,0,0,0,0,0.604,0,0,0,0,0,0,0,0,0,0,0.567,0,0,0.363,0,0,0,0,0,0,0,0,0,0,0,0,0,0,0,0.381,0,0.493,0,0,0,0,0,0,0,0,0,0,0,0,0,0,0.483,0,0,0,0,0,0,0,0,0,0,0,0,0,0,0,0,0,0,0.279,0,0.151,0,0,0,0,0,0,0,0,0.151,0,0.497,0,0,0,0,0,0,0,0,0,0,0,0,0,0,0,0,0,0,0,0,0,0,0,0,0,0,0,0,0,0,0,0.69,0,0,0,0,0,0,0,0,0,0,0,0,0,0,0,0,0,0,0.25,0,0,0,0,0,0,0,0,0,0,0,0,0,0,0,0,0,0,0,0,0.153,0,0.248,0,0,0,0,0,0,0,0,0.15,0,0,0.15,0,0,0,0,0,0,0,0,0,0,0,0,0,0,0,0,0,0,0,0,0,0,0,0,0,0.244,0,0,0,0,0,0,0,0,0,0,0,0,0,0,0,0,0.189,0,0,0,0,0,0,0,0,0,0,0,0,0,0.168,0,0,0,0,0.991,0,0,0,0.489,0,0.308,0,0,0,0,0,0,0,0,0,0,0,0,0,0,0,0,0,0,0,0,0.177,0,0,0,0,0.536,0,0,0,0,0,0,0,0,0,0,0,0,0,0,0,0,0,0,0,0,0,0,0,0.475,0,0,0,0.176,0,0,0,0,0,0,0,0,0,0,0,0,0,0,0,0,0,0,0,0,0,0,0,0,0,0,0,0,0,0,0,0,0.273,0,0,0,0,0,0,0,0,0,0,0,0,0,0,0,0,0,0,0,0,0,0,0,0,0,0,0,0,0,0,0,0,0,0,0,0,0,0,0,0,0,0,0,0,0,0,0,0,0,0,0,0,0,0,0,0,0,0,0,0,0,0,0,0,0,0,0.162,0,0,0,0,0,0,0,0,0,0,0,0,0,0,0,0,0,0,0,0,0,0,0,0,0,0,0,0,0,0,0,0,0,0,0,0,0,0,0.736,0,0,0,0,0,0,0,0,0,0,0,0,0,0,0,0,0,0,0,0,0,0,0,0.296,0,0,0,0,0,0,0,0,0,0,0,0,0,0,0,0.263,0,0,0,0,0,0,0,0,0,0,0,0,0,0.471,0,0,0,0,0,0,0,0,0,0,0,0,0,0,0,0,0,0,0,0,0,0,0,0,0,0,0,0,0,0,0,0,0,0,0,0,0,0,0,0,0,0,0,0,0,0,0,0,0,0,0,0,0,0,0,0,0,0,0,0,0,0,0,0,0,0,0,0,0,0,0,0,0,0,0,0,0,0,0,0,0,0,0,0,0,0,0,0,0,0,0,0,0,0,0,0,0,0,0,0,0,0,0,0,0,0,0,0,0,0,0,0,0,0,0,0,0,0,0,0,0,0,0,0,0,0,0,0,0,0,0,0,0,0,0,0,0,0,0,0,0,0,0,0,0,0,0,0,0,0,0,0,0,0,0,0,0,0,0,0,0,0,0,0,0,0,0,0,0,0,0,0,0,0,0,0,0,0,0,0,0,0,0,0,0,0,0,0,0,0,0,0,0,0,0,0,0,0,0,0.538,0.302,0,0,0,0.972,0,0,0,0,0,0,0,0,0,0,0,0,0,0,0,0,0,0,0,0,0,0,0,0,0,0,0,0,0,0,0,0,0,0,0,0,0,0,0,0,0,0,0,0,0,0,0,0,0,0,0,0,0,0,0,0,0,0.896,0,0,0,0,0,0,0,0,0,0,0,0,0,0,0,0,0,0,0,0,0,0,0,0,0,0,0,0,0,0,0,0,0,0,0,0,0,0,0,0.204,0.213,0,0,0,0,0,0,0,0,0,0,0,0,0,0,0.615,0,0,0,0.249,0,0,0,0,0,0,0,0,0.734,0.232,0,0,0,0,0,0,0,0.162,0,0,0,0,0,0.163,0,0,0,0,0,0,0,0,0,0,0,0,0.682,0,0,0,0,0,0,0,0,0,0,0,0.169,0.232,0,0,0,0,0,0.154,0,0,0,0,0.173,0,0,0,0,0,0,0,0,0,0,0,0,0,0,0.19,0,0,0,0,0,0,0,0,0,0.471,0,0.553,0,0,0,0,0,0,0,0,0,0.209,0,0,0,0,0,0,0,0,0,0,0,0,0,0,0,0,0,0,0,0,0,0,0,0,0,0,0,0,0,0,0,0,0,0,0.21,0,0,0,0.179,0.158,0,0,0,0,0,0.19,0,0,0,0,0,0,0,0,0.276,0,0,0.45,0,0,0,0,0,0,0,0.247,0,0,0,0,0,0.191,0,0,0,0,0,0,0,0,0,0,0,0,0,0,0,0,0,0,0,0,0,0,0,0,0,0,0.262,0,0,0,0,0,0,0,0,0,0,0,0,0,0,0.258,0,0,0,0,0,0,0,0,0,0,0,0,0,0,0,0,0,0,0,0,0.223,0,0,0,0,0,0,0,0,0,0.215,0,0,0,0,0,0,0,0,0,0,0,0,0,0,0,0,0,0,0,0,0,0,0,0,0,0,0,0,0,0,0,0,0,0,0,0.227,0,0,0,0,0,0,0,0,0,0,0,0,0,0,0,0,0,0,0,0,0.297,0,0,0,0,0,0,0,0,0,0,0,0,0,0,0,0,0,0,0,0,0,0,0,0,0,0,0,0,0.179,0,0,0,0,0,0.662,0,0,0,0,0,0,0,0,0,0,0,0,0,0,0,0,0.363,0,0,0,0,0,0,0,0,0,0,0,0,0,0,0,0,0,0,0,0.446,0,0,0,0,0,0,0,0,0,0,0,0,0.496,0,0,0,0,0,0,0,0,0,0,0,0,0,0,0,0,0,0,0,0,0.201,0,0,0,0,0,0,0,0,0,0,0,0,0,0,0,0,0,0,0,0,0,0,0,0,0,0,0,0,0,0,0,0,0,0,0,0,0,0,0,0,0,0,0,0,0.165,0,0,0,0,0.171,0,0,0,0,0,0,0,0,0,0,0,0,0,0,0,0,0,0,0,0,0,0,0,0,0,0,0,0,0.634,0,0,0,0.446,0,0,0,0,0.548,0,0,0.178,0,0,0,0,0,0,0,0,0,0,0,0,0,0,0,0,0,0,0,0,0,0,0,0,0,0,0,0,0,0,0,0.252,0,0,0,0,0,0,0,0,0,0,0,0,0,0,0,0,0,0,0,0,0,0,0,0,0,0,0,0,0,0,0,0,0,0,0,0,0,0,0,0,0,0,0,0,0,0,0,0,0,0,0,0,0,0,0,0,0,0,0,0,0,0,0,0,0,0,0,0,0,0,0,0,0,0,0,0,0,0,0,0,0,0,0,0,0,0,0,0,0,0,0,0,0,0,0,0,0,0,0,0,0,0,0,0,0,0,0,0,0,0,0,0,0,0,0,0,0,0,0,0,0,0,0,0,0,0,0,0,0,0,0,0,0,0,0.691,0,0,0,0,0,0,0,0,0,0,0,0,0,0,0,0,0,0,0,0,0,0,0,0,0,0,0,0,0,0,0,0,0,0,0,0,0,0,0,0,0,0,0,0,0,0,0,0,0,0.47,0,0,0,0,0.288,0,0,0,0,0,0,0,0,0,0,0,0,0,0,0,0,0,0,0,0,0,0,0,0,0,0.193,0,0.153,0,0,0,0,0,0,0,0,0,0,0,0,0,0,0,0,0.446,0,0,0,0,0,0,0,0,0,0,0,0,0,0,0,0,0,0,0,0,0,0,0,0,0,0,0,0,0.461,0,0,0,0.222,0,0,0,0,0,0,0.513,0,0,0,0,0,0,0.542,0.812,0.998,0,0,0,0,0,0.761,0,0,0,0,0,0,0,0,0,0,0,0,0,0,0,0,0,0,0,0,0,0,0,0,0,0,0,0,0,0,0,0,0,0,0,0,0,0,0,0,0,0,0,0,0.162,0,0,0,0.22,0,0,0,0,0,0,0,0,0,0,0,0,0,0,0,0,0,0,0,0,0,0,0,0.394,0,0,0,0,0,0,0,0,0,0,0,0,0,0,0,0,0,0,0,0,0,0,0,0,0,0,0.449,0,0,0.94,0,0,0,0,0,0,0,0,0,0,0,0,0,0,0,0,0,0,0,0,0,0,0,0,0,0,0,0,0.195,0,0,0,0,0.629,0,0,0,0,0.623,0,0.188,0,0,0,0,0,0,0,0,0.162,0,0,0,0,0,0,0,0,0,0,0,0,0,0,0,0,0,0,0,0,0,0,0,0.47,0,0,0,0.38,0,0,0,0,0,0,0,0,0,0,0.191,0,0,0.542,0,0,0,0,0,0,0,0,0,0,0,0,0,0,0,0,0,0,0,0,0.278,0,0,0,0,0,0,0,0,0,0,0,0,0,0,0,0,0,0,0,0,0,0,0,0,0,0,0,0,0,0,0,0,0.171,0,0,0,0,0,0,0,0,0,0,0.171,0.336,0,0,0,0,0,0,0.162,0.173,0.163,0.397,0.545,0.162,0,0,0,0,0,0,0,0,0,0,0,0,0,0,0,0,0,0,0,0,0,0,0,0,0,0,0,0,0,0,0,0,0,0,0,0,0,0,0,0,0,0,0,0,0,0,0,0,0,0,0,0,0,0,0,0,0,0,0,0,0,0,0,0,0,0,0,0,0,0,0,0,0,0,0,0,0,0,0,0,0,0,0,0,0,0,0,0,0,0,0,0,0,0,0,0,0,0,0,0,0,0
853777,0,0,0,0,0,0,0,0,0,0,0,0,0,0,0.162,0,0,0,0,0,0,0,0,0,0,0.181,0.237,0,0,0.172,0,0,0,0,0.161,0,0.318,0,0,0,0,0,0,0,0,0,0,0,0,0,0,0.208,0,0,0,0.39,0.318,0,0,0,0,0,0,0,0,0,0,0,0,0,0.231,0.277,0,0,0,0,0,0,0,0,0,0,0,0,0,0,0,0,0.166,0,0,0,0.782,0,0,0,0.248,0,0.312,0,0.328,0,0.308,0,0,0,0.16,0,0,0,0,0,0,0,0,0,0,0,0.178,0,0,0,0.166,0,0,0,0,0,0,0,0,0.162,0,0,0,0,0.168,0.158,0.245,0,0,0,0.156,0.494,0.295,0,0,0,0.347,0,0,0,0.258,0,0,0,0,0,0,0,0.163,0,0,0,0.281,0,0,0,0,0.258,0,0,0,0,0,0,0,0,0,0,0,0,0.553,0,0.984,0,0.61,0,0,0.28,0,0,0,0.191,0,0,0,0,0,0,0,0,0,0,0.154,0,0,0.248,0,0.291,0,0,0.305,0.306,0,0.247,0,0,0,0,0,0,0,0,0,0,0,0,0,0,0.56,0.162,0,0.195,0.272,0,0.708,0,0.634,0,0,0,0,0,0.155,0,0.203,0,0.457,0,0.256,0,0.254,0.185,0.233,0,0,0,0.234,0,0.235,0,0,0,0.151,0,0,0,0,0,0.204,0.196,0.223,0,0,0.161,0,0.198,0.191,0.864,0,0,0,0,0,0.884,0,0,0.159,0,0,0,0,0,0,0.901,0,0,0,0.421,0,0,0,0,0,0,0.444,0.239,0,0,0,0,0.901,0,0.161,0,0,0,0,0,0,0,0.203,0,0.253,0,0.322,0,0,0,0,0,0,0,0.888,0,0,0,0,0,0,0,0,0.181,0.163,0.195,0,0.368,0.372,0,0,0,0,0.481,0,0.157,0.34,0,0,0.396,0,0.188,0,0.255,0,0,0,0.238,0,0,0.216,0.226,0,0,0,0,0,0,0.644,0.9,0,0,0.253,0,0,0.263,0,0,0,0.466,0.163,0,0,0,0.261,0.355,0,0.177,0.285,0,0.239,0,0.326,0.156,0.84,0,0,0,0.313,0.185,0,0.628,0,0,0,0.196,0.227,0.294,0.291,0,0,0,0,0.167,0.193,0,0,0,0.218,0,0,0.903,0,0,0,0,0,0,0,0.273,0,0.273,0,0,0.201,0.156,0,0,0,0,0,0.365,0.175,0,0.325,0,0.245,0,0,0,0,0.294,0.627,0.156,0,0,0.192,0,0,0.156,0.337,0,0,0,0,0,0.317,0,0.984,0.302,0,0,0,0.507,0.214,0,0,0,0,0.295,0,0,0,0,0.156,0,0,0,0,0.56,0.193,0.196,0.981,0,0,0,0,0,0,0,0,0.268,0.849,0,0.188,0.329,0.169,0,0,0,0.158,0,0.651,0,0,0.193,0,0,0,0,0,0,0,0.246,0.246,0,0.161,0,0.334,0,0.898,0,0,0,0.4,0,0.171,0.397,0.754,0.427,0.357,0.241,0,0,0,0,0,0.157,0,0,0,0,0,0,0,0,0.641,0.355,0,0.255,0,0,0,0.351,0.805,0,0.198,0,0.192,0,0,0,0,0,0.226,0.276,0,0.249,0,0.655,0.33,0,0,0.255,0,0,0,0.224,0,0,0.594,0,0,0.267,0,0.217,0,0,0.255,0,0,0,0,0,0,0.151,0,0.262,0.161,0,0,0,0,0,0.303,0,0,0,0,0.208,0,0.151,0.253,0.156,0,0,0.196,0.199,0.644,0.156,0,0.321,0,0.972,0.776,0,0.211,0.657,0.625,0,0,0.156,0.25,0,0.658,0.183,0,0,0.636,0,0.31,0,0.232,0.175,0.389,0.198,0.422,0,0,0.234,0,0,0,0,0,0.198,0,0,0,0.224,0,0,0.157,0.198,0.167,0,0,0,0,0,0.305,0.836,0,0.198,0,0,0.154,0.43,0,0.429,0,0.414,0,0.206,0,0.156,0.198,0,0,0.535,0,0,0,0,0,0,0,0,0,0.229,0,0.198,0,0,0,0.184,0,0,0,0,0.229,0.284,0,0,0,0,0,0.178,0,0.165,0,0.167,0,0,0,0,0.156,0.461,0,0,0.166,0,0.329,0,0.183,0,0,0.279,0.655,0,0,0.215,0.153,0,0.257,0,0,0,0,0,0,0,0,0.389,0,0,0.54,0.296,0,0,0.153,0,0,0,0.174,0,0,0.197,0,0.193,0.343,0.558,0.249,0,0,0,0.306,0,0,0.291,0,0.521,0.165,0.295,0.372,0.892,0,0,0,0,0,0,0,0,0,0.965,0.395,0,0.761,0.198,0,0,0,0.151,0,0,0,0,0,0,0,0,0,0,0.999,0.191,0,0,0,0.279,0.317,0.319,0.155,0,0,0,0.336,0,0,0,0.996,0,0,0,0,0,0.251,0,0.205,0,0,0,0.346,0,0,0.463,0.487,0,0.325,0.159,0.931,0.847,0,0.3,0.354,0.28,0,0,0.42,0,0.446,0.387,0,0,0,0,0,0,0,0,0,0,0.312,0,0.38,0,0.315,0,0,0.31,0,0,0,0,0,0,0,0,0.557,0.22,0.234,0.17,0,0,0,0,0,0,0,0.405,0.186,0,0,0.163,0,0,0,0,0.261,0,0.187,0,0,0.582,0,0,0.325,0.188,0,0.195,0.251,0.156,0,0.735,0.296,0.47,0,0,0,0,0,0.153,0,0.22,0,0,0,0,0.242,0,0,0.27,0,0,0.278,0,0.396,0.193,0,0,0,0,0.665,0.227,0,0,0,0,0,0,0,0,0,0,0,0,0,0,0.181,0,0,0,0,0,0,0,0,0,0.228,0,0,0,0.226,0,0,0,0,0.151,0,0,0,0.181,0,0.181,0,0,0,0.167,0,0,0,0.17,0,0,0.392,0,0,0,0,0,0,0,0,0,0,0,0.258,0,0,0,0,0.347,0,0,0,0,0,0,0,0,0,0,0,0,0,0,0,0,0,0,0.392,0,0,0.746,0,0,0,0,0,0,0,0,0,0,0,0,0,0.178,0.166,0,0,0.354,0,0,0,0,0,0,0,0,0,0,0,0,0,0,0,0,0,0.32,0,0,0,0,0,0,0,0,0,0,0,0,0,0,0,0,0,0,0,0,0.221,0,0.513,0,0,0,0,0,0,0,0,0,0,0,0,0,0,0,0,0,0,0,0,0,0,0,0,0,0,0,0,0,0,0,0.259,0,0,0,0.286,0,0,0,0,0,0,0,0,0,0,0,0,0,0,0,0,0,0,0,0,0,0,0,0,0,0,0,0,0,0,0.344,0,0,0,0,0.171,0,0,0,0,0,0.363,0,0,0,0,0,0,0,0,0,0,0,0,0,0.377,0,0,0,0,0,0,0.985,0,0,0,0,0,0,0.196,0,0.176,0,0,0,0,0,0,0,0,0,0,0,0,0,0,0,0,0,0,0,0.165,0,0,0,0,0,0,0,0,0,0,0,0,0,0,0,0,0,0,0,0.185,0,0,0,0,0,0.855,0,0,0,0,0.153,0,0,0,0,0,0,0,0,0,0,0,0,0,0,0,0,0,0,0,0,0,0,0,0,0,0,0,0,0.247,0,0,0,0,0.321,0,0,0,0,0,0.202,0,0,0.163,0,0,0,0,0,0,0,0,0,0,0,0.203,0,0,0,0,0,0,0.198,0,0,0,0,0,0,0.192,0.176,0,0,0,0.166,0,0,0,0,0,0,0,0,0,0,0,0,0.226,0,0,0,0,0,0,0,0,0,0.379,0,0,0,0.304,0,0,0.212,0.427,0,0,0,0,0,0,0,0,0,0,0,0,0,0,0,0,0,0,0,0,0,0.635,0,0.215,0,0,0,0,0,0,0,0,0,0,0,0,0,0,0,0,0,0,0,0,0,0,0,0,0,0,0,0,0,0,0,0,0,0.285,0,0,0,0,0,0.363,0,0,0,0,0,0,0,0.164,0,0,0,0,0.843,0.206,0,0,0,0.173,0.203,0,0,0,0,0,0,0,0,0,0,0,0,0.294,0,0,0,0,0,0,0,0,0,0,0,0,0,0,0,0,0,0,0.197,0,0.264,0,0,0,0,0,0,0.153,0,0,0,0.225,0,0,0,0,0,0,0.188,0,0,0,0.363,0,0,0,0,0,0,0,0,0,0,0.651,0,0,0,0,0,0,0,0,0.265,0,0,0,0,0,0,0.419,0,0,0,0,0,0.623,0,0,0,0,0,0.175,0,0,0,0,0,0,0,0,0.17,0,0,0,0,0.199,0,0,0,0,0,0,0,0,0,0,0,0,0,0,0,0,0,0,0,0,0,0,0,0,0,0,0,0,0,0,0,0,0,0,0,0,0,0,0,0,0,0,0,0,0,0,0,0,0,0,0.358,0,0,0,0,0,0,0,0,0,0,0,0,0,0,0,0,0,0,0,0,0,0,0,0,0,0,0,0,0.161,0,0,0,0,0,0,0,0,0,0,0.169,0,0,0,0,0.522,0,0,0,0,0,0,0,0,0,0,0,0,0,0,0,0,0,0.396,0,0,0,0,0,0,0,0,0,0,0,0,0,0,0,0,0,0,0,0,0,0,0,0,0,0,0,0,0,0.626,0,0,0,0,0,0,0,0,0.155,0,0.214,0,0,0,0,0,0,0,0,0,0,0,0,0,0,0,0,0,0,0,0,0.214,0,0,0.32,0,0,0,0.236,0.152,0,0,0,0.45,0,0,0,0,0,0,0,0.265,0,0,0,0,0,0,0,0,0,0,0,0,0,0,0,0,0,0,0,0,0,0.158,0,0,0,0,0,0,0,0,0,0,0,0,0,0,0,0,0,0,0,0,0,0,0,0,0,0,0,0,0,0,0,0,0,0.3,0,0,0,0,0,0,0,0,0,0,0,0,0,0,0,0.163,0,0,0,0,0,0,0,0,0,0,0,0,0,0,0.303,0,0.162,0,0.184,0,0.168,0.835,0,0,0.168,0.97,0.376,0,0,0,0.38,0,0,0,0.973,0,0.779,0.715,0,0,0,0,0,0,0,0.78,0,0,0,0.73,0.926,0,0.646,0,0,0,0,0,0.371,0,0,0,0,0.2,0,0,0,0,0.591,0.525,0.175,0,0.38,0,0,0.972,0.218,0,0,0,0.975,0.426,0,0,0,0,0,0,0,0.418,0,0,0.192,0.735,0,0,0,0,0.409,0,0,0.833,0,0.754,0.452,0,0.151,0,0,0.165,0,0,0,0.295,0.438,0,0.782,0,0.439,0,0.276,0.659,0.397,0.913,0,0,0,0.919,0,0,0.49,0,0.227,0.767,0,0.234,0,0.18,0.833,0,0,0.248,0,0,0,0.269,0,0,0,0.187,0,0.269,0.466,0,0,0,0,0,0.969,0,0,0.69,0.209,0.246,0,0.362,0,0,0,0,0.811,0,0,0,0,0.411,0.257,0,0,0,0,0,0,0,0,0.347,0,0,0.184,0.33,0,0.988,0,0.998,0,0,0,0,0,0,0,0.198,0,0,0,0.153,0,0,0.246,0,0,0.553,0.415,0.171,0,0,0,0.578,0.55,0.941,0,0,0.207,0.45,0,0.978,0,0,0,0,0,0.282,0,0,0,0,0,0,0,0,0,0,0,0,0,0,0,0,0,0,0,0,0.285,0,0,0,0,0,0,0,0,0,0,0,0,0,0,0,0,0,0,0,0,0,0.196,0,0,0,0,0,0,0.256,0,0,0,0,0,0,0,0,0,0,0,0,0,0,0,0,0.165,0,0,0,0,0,0.161,0,0,0,0,0.188,0,0,0.214,0,0,0,0,0,0,0,0,0.229,0,0.162,0,0,0,0,0,0,0,0,0,0,0,0,0,0,0,0,0,0,0,0,0,0,0,0,0,0,0,0,0.254,0,0,0,0,0,0,0,0,0.182,0,0,0,0,0,0,0,0,0,0,0,0,0,0,0,0,0,0,0,0,0,0,0.828,0,0,0.154,0,0,0.25,0.232,0,0,0.25,0.308,0,0,0,0.431,0.153,0.344,0,0,0,0,0.77,0,0,0,0,0,0.667,0,0.152,0,0,0,0,0,0,0,0,0.156,0.928,0.262,0.319,0.316,0.837,0,0.252,0,0,0,0,0.533,0,0,0,0,0.191,0,0,0,0.229,0,0.19,0,0.165,0,0,0,0,0.191,0.196,0,0,0.155,0,0,0.184,0,0,0.35,0,0,0.241,0,0,0.25,0,0.154,0,0,0,0,0,0.525,0.895,0,0.182,0,0,0,0,0,0,0,0,0,0,0.205,0,0,0,0.152,0.18,0.324,0.668,0.71,0,0,0,0,0,0,0.191,0.161,0,0.856,0,0,0,0,0,0,0,0,0,0,0,0,0.153,0,0,0,0,0,0,0,0,0,0,0,0.226,0,0,0,0,0,0,0,0,0,0.235,0.203,0,0,0,0,0,0,0,0,0,0,0,0.309,0,0,0,0,0,0,0,0,0,0,0,0,0,0,0,0,0.832,0,0,0,0,0,0,0.284,0,0.211,0,0,0,0.172,0,0,0,0,0,0,0,0,0,0,0,0,0,0,0,0,0,0.352,0,0,0.208,0,0,0,0,0,0,0,0,0,0,0,0,0.174,0,0,0,0,0,0,0,0,0,0.167,0,0,0,0.227,0,0,0,0,0,0,0,0,0,0,0,0,0,0,0,0,0,0,0,0.458,0,0,0,0,0,0,0,0,0,0,0,0,0,0.181,0.521,0,0,0,0,0,0,0,0,0,0,0,0,0,0,0,0,0,0,0,0.202,0,0,0,0,0,0,0,0,0,0,0,0,0,0,0,0,0,0,0,0,0,0,0.393,0,0,0,0,0,0,0,0,0,0.303,0,0,0,0,0,0,0,0,0,0,0,0,0,0,0,0,0,0,0,0,0,0,0,0.297,0,0.164,0,0,0,0,0,0,0,0,0,0,0,0,0,0,0,0,0,0,0,0,0,0,0,0,0,0,0,0,0,0,0,0,0,0,0,0,0,0,0,0,0,0,0,0.193,0,0,0,0,0,0,0,0,0,0,0,0,0,0,0,0.207,0,0,0,0,0,0,0,0,0.157,0,0,0,0,0,0,0,0,0,0,0,0,0,0,0,0,0,0,0,0,0,0,0,0,0,0,0,0,0,0,0,0,0,0,0,0,0,0.192,0,0,0,0,0,0,0.184,0,0,0,0,0,0,0,0,0,0,0,0,0,0,0,0,0,0,0,0,0,0,0,0,0,0,0,0,0,0,0,0,0.863,0,0.742,0,0.169,0,0,0.255,0,0,0,0.318,0.222,0,0,0,0,0,0,0,0,0,0,0,0,0,0,0,0,0,0,0,0,0,0,0.288,0,0,0.349,0,0,0,0,0,0,0,0,0,0,0,0,0,0,0,0,0.192,0,0,0.189,0,0,0,0,0,0,0,0,0,0,0,0,0,0,0,0,0,0,0,0,0,0,0,0.354,0,0,0,0,0,0.199,0,0,0.317,0,0,0,0,0.16,0,0,0,0,0,0,0,0.209,0,0,0,0,0,0,0.248,0,0,0,0,0,0,0,0,0,0,0,0,0,0.178,0,0,0,0,0,0,0,0,0,0,0.329,0,0,0.193,0,0,0.257,0,0,0,0,0.183,0,0.201,0,0.18,0,0,0,0,0,0,0,0.226,0.339,0,0,0,0.287,0,0.153,0,0,0,0,0,0,0,0.192,0,0,0,0,0,0,0,0,0,0,0,0,0,0,0.599,0,0,0,0,0.214,0,0,0,0,0.192,0,0,0,0,0.193,0,0,0.244,0,0,0,0,0,0,0,0,0,0,0,0,0,0,0,0,0,0,0,0,0,0,0,0,0,0,0,0,0,0,0.331,0,0,0,0,0,0,0,0,0,0,0.153,0,0,0.18,0,0,0,0,0,0,0,0,0,0,0,0,0,0,0,0,0,0,0,0,0,0,0,0,0,0,0,0,0,0,0,0,0,0,0,0,0,0,0,0,0,0,0,0,0,0,0,0,0,0,0.308,0.973,0.223,0.558,0.451,0,0.52,0.49,0.25,0,0.563,0.867,0.282,0.185,0.634,0.186,0,0,0,0,0,0.411,0,0.291,0,0.28,0.164,0.622,0.163,0,0.488,0.951,0,0,0,0,0.98,0.247,0,0,0,0.424,0,0.345,0.266,0.343,0.329,0.317,0.21,0,0.49,0.206,0,0.567,0.156,0,0,0,0,0,0,0.655,0.674,0,0.349,0,0.295,0.41,0.438,0.171,0.393,0,0.283,0,0.776,0,0,0,0.247,0,0.634,0.269,0,0.898,0.343,0,0.243,0,0.24,0.953,0,0,0.429,0.734,0.289,0.255,0,0.976,0.928,0.171,0,0,0,0.313,0,0,0,0,0,0,0,0,0,0,0,0,0,0,0,0,0,0,0,0,0,0,0,0,0,0,0,0,0,0,0,0.243,0,0.169,0.297,0,0,0,0,0,0,0,0,0,0,0.348,0,0,0,0,0,0,0,0,0,0,0,0,0.708,0.184,0.855,0,0,0,0,0,0,0,0,0,0,0,0,0,0.399,0,0,0,0.236,0,0,0.552,0,0,0,0,0,0,0,0.424,0,0,0.236,0,0.746,0,0,0,0.159,0,0,0.228,0,0,0,0,0,0,0,0,0,0,0,0,0,0,0,0.159,0,0.168,0.156,0,0,0,0,0,0,0.317,0,0,0,0,0,0,0,0,0,0,0.244,0,0.267,0,0,0,0,0.242,0,0,0.204,0,0,0.306,0,0,0.265,0,0,0.205,0.405,0,0,0,0.172,0.275,0,0,0.208,0,0,0.152,0,0,0,0.628,0,0,0.502,0,0.151,0.152,0,0,0,0,0,0,0,0,0,0.328,0,0,0.336,0,0,0.293,0,0,0,0.181,0,0.165,0.623,0,0,0,0.2,0,0.213,0,0.927,0.19,0,0.16,0.256,0.187,0,0,0.266,0.237,0,0,0,0,0,0.3,0,0,0,0.18,0.15,0,0.189,0.577,0,0,0,0,0,0,0,0,0,0.27,0,0.209,0.252,0.194,0,0.356,0.226,0,0,0,0.359,0.179,0,0.487,0.214,0,0.24,0.373,0,0.193,0.184,0,0.194,0.184,0.203,0.206,0,0,0,0,0.371,0,0.168,0,0.463,0,0,0,0,0,0.267,0,0.272,0.196,0.276,0.227,0.561,0.25,0,0,0,0.154,0,0,0,0,0,0,0.491,0,0,0,0,0,0,0.229,0,0,0.202,0,0.204,0,0.193,0,0,0,0,0,0,0,0.186,0,0,0,0,0,0.381,0,0,0.173,0,0.224,0,0,0,0,0,0,0,0,0,0.303,0,0.17,0,0,0,0,0,0,0,0,0,0,0,0,0,0,0,0.424,0,0,0,0,0,0,0.248,0,0,0.261,0,0.263,0,0,0,0.492,0.37,0,0.254,0,0,0.239,0,0.195,0,0,0.171,0,0,0.27,0.156,0,0,0,0,0.178,0,0,0.152,0,0,0.212,0,0,0.218,0,0,0,0.339,0.253,0,0,0,0,0,0,0,0,0,0,0.491,0,0,0.203,0,0.19,0.157,0,0,0,0,0,0,0,0,0,0,0,0,0,0,0,0,0,0,0,0,0,0,0,0,0,0,0,0,0,0,0,0,0,0,0,0,0,0,0,0.171,0,0,0,0,0,0,0,0.203,0,0.188,0,0,0,0,0,0,0,0,0,0,0.168,0,0,0,0,0,0,0.423,0,0.464,0,0,0.228,0.305,0,0.195,0.274,0,0.184,0,0.325,0,0,0,0,0,0,0,0,0,0,0.25,0,0,0.27,0,0,0,0,0,0,0,0.181,0,0,0,0,0.152,0,0.408,0,0,0,0,0,0.201,0.285,0,0,0,0,0,0,0,0,0,0,0,0,0.272,0,0,0,0,0,0,0,0,0,0,0,0,0,0,0,0,0,0.192,0,0,0,0,0,0,0,0,0,0,0,0.273,0,0,0,0,0,0,0,0,0,0,0,0,0,0,0,0,0,0,0,0,0,0,0,0,0,0,0,0,0,0,0,0,0,0,0,0,0,0,0,0,0,0,0,0,0,0,0,0,0,0.212,0.229,0.237,0,0,0,0,0,0,0.279,0,0,0.353,0,0,0,0,0,0,0,0,0,0,0.205,0,0,0,0,0,0,0,0,0,0,0,0,0,0,0,0,0,0,0,0,0,0,0,0,0,0,0,0,0,0,0,0,0,0,0,0,0,0,0,0,0,0,0,0,0,0,0.236,0,0,0.279,0,0,0,0,0,0,0,0,0,0,0.182,0,0,0,0,0,0,0,0,0,0,0,0,0,0,0,0,0,0,0,0,0,0,0,0,0,0,0,0,0,0,0,0,0,0,0,0,0,0,0,0,0,0,0,0,0,0,0,0,0,0,0,0,0,0,0,0.151,0,0.204,0,0,0,0,0,0,0,0,0,0,0,0,0.199,0.236,0,0,0,0,0,0,0,0,0,0,0,0,0,0,0,0,0,0,0,0,0,0,0,0,0,0,0,0,0,0,0,0,0,0,0.211,0,0,0,0.183,0.549,0,0,0,0,0,0,0,0,0,0,0,0,0,0.221,0.265,0,0,0,0.234,0,0,0.158,0.161,0,0,0,0,0,0,0,0,0,0,0,0,0,0,0,0,0,0,0,0.156,0,0,0,0,0,0,0,0,0,0,0,0,0,0,0,0,0,0,0,0,0,0,0,0,0,0,0,0,0,0,0,0,0,0,0,0,0,0,0,0,0,0,0,0,0,0,0,0,0,0,0,0,0,0,0,0,0,0,0,0,0,0,0,0,0.428,0,0,0,0,0,0,0,0,0.258,0,0,0,0,0,0,0,0,0,0,0,0,0,0.174,0.225,0,0,0,0,0,0,0.26,0,0,0,0,0,0,0,0,0,0,0,0,0,0,0,0,0,0,0,0.169,0,0,0,0,0,0,0,0,0,0,0,0.191,0.184,0,0,0,0,0,0,0,0,0,0,0.159,0,0,0,0.665,0.395,0.357,0.282,0.227,0.175,0.432,0.31,0.198,0,0,0,0,0,0,0,0,0,0,0,0,0,0,0,0,0,0,0,0,0,0,0,0,0,0,0,0,0,0,0,0,0,0,0,0,0,0,0,0,0,0,0,0,0,0,0,0,0,0,0,0,0,0,0,0,0,0,0,0,0,0,0,0,0,0,0,0,0,0,0,0,0,0,0,0,0,0,0,0,0,0,0,0,0,0,0,0,0,0,0,0,1
851910,0,0,0,0,0,0,0,0,0,0,0,0,0,0,0,0,0,0,0,0,0,0,0,0,0,0,0,0,0.301,0,0,0,0,0,0,0,0,0,0,0,0,0.227,0,0,0,0.248,0,0,0,0,0,0,0,0,0,0,0,0,0,0,0,0,0,0,0.157,0.445,0,0,0,0,0,0,0,0,0,0,0,0,0,0,0,0,0,0,0,0,0,0,0,0,0,0,0,0,0,0,0,0,0,0,0,0,0,0,0,0,0,0,0,0,0,0,0,0,0,0,0,0.536,0,0,0,0,0,0,0,0,0,0,0,0,0,0,0,0,0,0,0,0.163,0,0,0,0,0.195,0,0,0,0,0,0.22,0,0,0,0.48,0.171,0,0,0,0,0,0.992,0,0,0,0,0,0,0,0,0,0,0,0.996,0,0,0,0,0,0,0,0,0,0,0,0,0,0,0,0,0,0,0,0,0,0,0,0,0,0,0,0,0,0,0.157,0,0,0,0,0,0,0,0,0,0,0,0,0,0,0,0,0,0,0,0,0,0,0,0,0,0,0,0,0,0,0,0,0,0,0,0,0,0,0,0,0,0,0.483,0,0,0,0,0,0,0,0,0,0,0,0,0,0,0,0,0,0,0,0,0,0,0,0,0,0,0,0,0,0,0,0,0,0,0,0,0,0,0,0,0,0,0,0,0,0,0,0,0,0,0,0,0,0,0,0,0,0,0,0,0,0,0,0,0,0,0,0,0,0,0,0,0,0,0,0,0,0,0,0,0,0,0,0,0,0,0,0.699,0,0,0,0,0,0.197,0,0,0,0,0,0,0,0,0,0,0,0,0,0,0,0,0,0,0,0,0,0,0,0,0,0,0,0,0,0,0,0,0,0,0,0,0,0,0,0,0,0,0,0,0,0,0,0,0,0,0,0,0,0,0,0,0,0,0,0,0,0,0,0,0,0,0,0,0,0,0,0,0,0,0,0,0,0,0,0,0,0,0,0,0,0,0,0,0,0,0,0,0,0,0,0,0,0,0,0,0,0.513,0,0,0,0,0,0,0,0,0,0,0,0.169,0,0,0,0,0,0,0,0,0,0,0,0,0,0,0,0,0,0,0,0,0,0,0,0,0,0,0,0,0,0,0,0,0,0,0,0,0,0,0,0,0,0,0,0,0,0,0,0,0,0,0,0,0,0,0,0,0,0,0,0,0,0,0,0,0,0,0,0,0,0,0,0,0,0,0,0,0,0,0,0,0,0,0,0,0,0,0,0,0,0,0,0,0,0,0,0,0,0,0,0,0,0,0,0,0,0,0,0,0,0,0,0,0.209,0,0,0,0,0,0,0,0,0,0,0,0,0,0,0,0,0,0,0,0,0,0,0,0,0,0,0,0,0,0,0,0,0,0,0,0,0,0,0,0,0,0,0,0,0,0,0,0,0,0,0,0,0.565,0,0,0,0,0,0,0,0,0,0,0,0,0,0,0,0,0,0,0,0,0,0,0,0,0,0,0,0,0,0,0,0,0,0,0,0,0,0,0,0,0,0,0,0,0,0,0,0,0,0,0,0,0,0,0,0,0,0,0,0,0,0,0,0,0,0,0,0,0,0,0,0,0,0,0,0,0,0,0,0,0,0,0,0,0,0,0,0,0,0,0,0,0,0,0,0,0,0,0,0,0,0,0,0,0,0,0,0.286,0,0,0,0,0,0,0,0,0,0,0,0,0.224,0,0,0,0,0,0,0,0,0,0,0,0,0,0,0,0,0,0,0,0,0,0,0,0,0,0,0,0,0,0,0,0,0,0,0,0,0,0,0,0,0,0,0,0,0,0,0,0,0,0,0,0,0,0,0,0,0,0,0,0,0,0,0,0,0,0,0,0,0,0,0,0,0,0,0,0,0,0,0,0,0,0,0,0,0,0,0,0,0.28,0,0,0,0,0,0,0,0,0,0,0,0,0,0,0,0,0,0,0,0,0,0,0,0,0,0,0,0,0,0,0,0,0,0,0,0,0,0,0,0,0,0,0,0,0,0,0,0,0,0,0,0,0,0,0,0,0,0,0,0,0,0,0,0,0,0.163,0,0,0,0,0,0,0,0,0,0,0,0,0,0,0,0,0,0,0,0,0,0,0,0,0,0,0,0,0,0,0,0,0,0,0,0,0,0,0,0,0,0,0,0,0,0,0,0,0,0,0,0.197,0.646,0,0,0,0,0,0,0,0,0,0,0,0,0,0,0,0,0,0,0,0,0,0,0,0,0,0,0,0,0,0,0,0,0,0,0,0,0,0,0,0,0,0,0,0,0,0,0,0,0,0,0,0,0,0,0,0,0,0,0,0,0,0,0,0,0,0,0,0,0,0,0,0,0,0,0,0,0,0,0,0,0,0,0,0,0,0,0,0,0,0,0,0,0,0,0,0,0,0,0,0,0,0,0,0,0,0,0,0,0.362,0,0,0,0,0,0,0,0,0,0,0,0,0,0,0,0,0,0,0,0,0,0,0,0,0,0,0,0,0,0,0,0,0,0,0,0,0,0,0,0,0,0,0,0,0,0,0,0,0,0,0,0,0,0,0,0,0,0,0,0,0,0,0,0,0,0,0,0,0,0,0,0,0,0,0,0,0,0,0,0.197,0.311,0,0,0,0,0,0,0,0,0,0,0,0,0,0,0,0,0,0,0,0,0,0,0,0,0,0,0,0,0,0,0,0,0,0,0,0,0,0,0,0,0,0,0,0,0,0.447,0,0,0,0,0,0,0,0,0,0,0,0,0,0,0.189,0,0,0,0,0,0,0,0,0,0,0,0,0,0,0,0,0,0,0,0,0,0,0,0,0,0,0,0,0,0,0,0,0,0,0,0,0,0,0,0,0,0,0,0,0,0,0,0,0,0,0,0,0,0.169,0,0,0,0,0,0,0,0,0,0,0,0,0,0.254,0,0.236,0,0,0,0,0,0,0,0,0,0,0,0,0,0,0,0,0,0,0,0,0,0,0,0,0,0.35,0,0,0.162,0,0,0,0,0,0.219,0,0,0,0,0,0,0,0,0,0,0,0,0,0,0,0,0,0,0,0,0,0,0,0,0,0,0,0,0,0,0,0,0,0,0,0,0,0,0,0,0,0,0,0,0,0,0,0,0,0,0,0,0,0,0,0,0,0,0,0,0,0,0,0,0,0,0,0,0,0,0,0,0,0,0,0,0,0,0,0,0,0,0,0,0,0,0,0,0,0,0,0,0,0,0,0,0,0,0.36,0,0,0,0,0,0,0,0,0,0,0,0,0,0,0,0,0,0,0,0,0,0,0,0,0,0,0,0,0,0,0,0,0,0.408,0,0,0,0,0,0,0,0,0,0,0,0,0,0,0,0,0,0,0,0,0,0,0,0,0,0,0,0,0,0,0,0,0,0,0,0,0,0,0,0,0,0,0,0,0,0.37,0,0,0,0,0,0,0,0.54,0,0,0,0,0,0,0,0,0,0,0.192,0,0,0,0,0,0,0,0,0,0,0,0,0,0,0,0,0.339,0,0,0.713,0,0,0,0,0,0,0,0,0,0,0,0,0,0,0,0,0,0,0,0,0,0,0,0,0,0,0,0,0,0,0,0,0,0,0,0,0,0,0,0,0,0,0,0,0,0,0,0,0,0,0,0,0,0,0,0,0,0,0,0,0,0,0,0,0,0,0,0,0,0,0,0,0,0,0,0,0,0,0,0,0,0,0,0,0,0,0,0,0,0,0,0,0,0,0,0,0,0,0,0,0,0,0,0,0,0,0,0,0,0,0,0,0,0,0,0.258,0,0,0,0,0,0,0,0,0,0,0,0,0,0,0,0,0,0,0,0,0,0,0,0,0,0,0,0,0,0,0,0,0,0,0,0,0,0,0,0,0,0,0,0,0,0,0,0,0,0,0,0,0,0,0,0,0,0,0,0,0,0,0,0,0,0,0,0,0,0,0,0,0,0,0,0,0,0,0,0,0,0,0,0,0,0,0,0,0,0,0,0,0,0,0,0,0.219,0,0,0,0,0,0,0,0,0,0,0,0,0,0,0,0,0,0,0,0,0,0,0,0,0,0,0,0,0,0,0,0,0,0,0,0,0,0,0,0,0,0,0,0,0,0,0,0,0,0,0,0,0,0,0,0,0,0,0,0,0,0,0,0,0,0,0,0,0,0,0,0,0,0,0,0,0,0,0,0.4,0,0,0,0,0,0,0,0,0,0,0,0,0,0,0,0,0,0,0,0,0,0,0,0,0,0,0,0,0,0,0,0,0,0,0,0.288,0,0,0,0,0,0,0,0,0,0,0,0,0,0,0,0,0,0,0,0,0,0,0,0,0,0,0,0,0,0,0,0,0,0,0,0,0,0,0,0,0,0,0,0,0,0,0,0,0,0,0,0,0,0,0,0,0,0,0,0,0,0,0,0,0,0,0,0,0,0,0,0,0,0,0,0,0,0,0,0,0,0.699,0,0,0,0,0,0,0,0,0,0,0,0,0,0,0,0,0,0,0,0,0,0,0,0,0,0,0,0,0,0,0,0,0,0,0,0,0,0,0,0,0,0,0,0,0,0,0,0,0,0,0,0,0,0,0,0,0,0,0,0,0,0,0,0,0,0,0,0,0.21,0,0,0,0,0,0,0,0,0,0,0,0,0,0,0,0,0,0,0,0,0,0,0,0,0,0,0,0,0,0,0,0,0,0,0,0,0,0,0,0,0,0,0,0,0,0,0,0,0,0,0,0,0,0,0,0,0,0,0,0,0,0,0,0,0,0,0,0,0,0,0,0,0,0,0,0,0,0,0,0,0,0,0,0,0,0,0,0,0,0,0,0,0,0,0,0,0,0,0,0,0,0,0,0,0,0,0,0,0,0,0,0,0,0,0,0,0,0,0,0,0,0,0,0,0,0,0,0,0,0,0,0,0,0,0,0,0,0,0,0,0,0,0,0,0,0,0,0,0,0,0,0,0,0,0,0,0,0,0,0,0,0,0,0,0,0,0,0,0,0,0,0,0,0,0,0,0,0,0,0,0,0,0,0,0,0,0,0,0,0,0,0,0,0,0,0,0,0,0,0,0,0,0,0,0,0,0,0,0,0,0,0,0,0,0,0,0,0,0,0,0,0,0,0,0,0,0,0,0,0,0,0,0,0,0,0,0,0,0,0,0,0,0,0,0,0,0,0,0,0,0.286,0,0,0,0.511,0,0,0,0,0,0,0,0,0,0,0,0,0,0,0,0,0,0,0,0,0,0,0,0,0,0,0,0,0,0,0,0,0,0,0,0,0,0,0,0,0,0,0,0,0,0,0,0,0,0,0,0,0,0,0,0,0,0,0,0,0,0,0,0,0,0,0,0,0,0,0,0,0,0,0,0,0,0,0,0,0,0,0,0,0,0,0,0,0,0,0,0,0,0,0,0,0,0,0,0,0,0,0,0,0,0,0,0,0,0,0,0,0,0,0,0,0,0,0,0,0,0,0,0,0,0,0,0,0,0,0,0,0,0,0,0,0,0,0,0,0,0,0,0,0,0,0.392,0,0,0,0,0,0,0,0,0,0,0,0,0,0,0,0,0,0,0,0,0,0,0,0,0,0,0,0,0,0,0,0,0,0,0,0,0,0,0,0,0,0,0,0,0,0,0,0,0,0,0,0,0,0,0,0,0,0,0,0,0,0,0,0,0,0,0,0,0,0,0,0,0,0,0,0,0,0,0,0,0,0,0,0,0,0,0,0,0,0,0,0,0,0,0,0,0,0,0,0,0,0,0,0,0.165,0,0,0,0,0,0,0,0,0,0,0,0,0,0,0,0,0,0,0,0,0,0,0,0,0,0,0,0,0,0,0,0,0,0,0,0,0,0,0,0,0,0,0,0,0,0,0.195,0,0,0,0,0,0,0,0,0,0,0,0,0,0,0,0,0,0,0,0,0,0,0,0,0,0,0,0,0,0,0,0,0,0,0,0,0,0,0,0,0,0,0,0,0,0,0,0,0,0,0,0,0,0,0,0,0,0,0,0,0,0,0,0,0,0,0,0,0,0,0,0,0,0,0,0,0,0,0,0,0,0,0,0,0,0,0,0,0,0,0,0,0,0,0,0,0,0,0,0,0,0,0,0,0,0,0,0,0,0,0,0,0,0,0,0,0,0,0,0,0,0,0,0,0,0,0,0,0,0,0,0,0,0,0,0,0,0,0,0,0,0,0,0,0,0,0,0,0,0,0,0,0,0,0,0.558,0,0,0,0,0,0,0,0,0,0,0,0,0,0,0,0,0,0,0,0,0,0,0,0,0,0,0,0,0,0,0,0,0,0,0,0.213,0,0,0,0,0,0,0,0,0,0,0,0,0,0,0,0,0,0,0,0,0,0,0,0,0,0,0,0,0,0,0,0,0,0,0,0,0,0,0,0,0,0,0,0,0,0,0,0,0,0,0,0,0,0,0,0,0,0,0,0,0,0,0,0,0,0,0,0,0,0,0,0,0,0,0,0,0,0,0,0,0,0,0,0,0,0,0,0,0,0,0,0,0,0,0,0,0,0,0,0,0,0,0,0,0,0,0,0,0,0,0,0,0,0,0,0,0,0,0,0,0,0,0,0,0,0,0,0,0,0,0,0,0,0,0,0,0,0,0,0,0,0,0,0,0,0,0,0,0,0,0,0,0,0,0,0,0,0,0,0,0,0,0,0,0,0,0,0,0,0,0,0,0,0,0,0.659,0,0,0,0,0,0,0,0,0,0,0,0,0,0,0,0,0,0,0,0,0,0,0,0,0,0,0,0,0,0,0,0,0,0,0,0,0,0,0,0,0,0,0,0,0,0,0,0,0,0,0,0,0,0,0,0,0,0,0,0,0,0,0,0,0,0,0,0,0,0,0,0,0,0,0,0,0,0,0,0.22,0,0,0,0,0,0,0,0,0,0,0,0,0,0,0,0,0,0,0.541,0,0,0,0,0,0,0,0,0,0,0,0,0,0,0,0,0,0,0,0,0,0,0,0,0,0,0,0,0,0,0,0,0,0,0,0,0,0,0,0,0,0,0,0,0,0,0,0,0,0,0,0,0,0,0,0,0,0,0,0,0,0,0,0,0,0,0,0,0,0,0,0,0,0,0,0,0,0,0,0,0,0,0,0,0,0,0,0,0,0,0,0,0,0,0,0,0,0,0,0,0,0,0,0,0,0,0,0,0,0,0,0,0,0,0,0,0,0,0,0,0,0,0,0.497,0,0,0,0,0,0,0,0,0,0,0,0,0,0,0,0,0,0,0,0,0,0,0,0,0,0,0,0,0,0,0,0,0,0,0,0,0,0,0,0,0,0,0,0,0,0,0,0,0,0,0,0,0,0,0,0,0,0,0,0,0,0,0,0,0,0,0,0,0,0,0,0,0,0,0,0,0,0,0,0,0,0,0,0,0,0,0,0,0,0,0,0,0,0,0,0,0,0,0,0,0,0,0,0,0,0,0,0.188,0,0,0,0,0,0,0,0,0,0,0,0,0,0,0,0,0,0,0,0,0,0,0,0,0,0,0,0,0,0,0,0,0,0,0,0,0,0,0,0,0,0,0,0,0,0,0,0,0,0,0,0,0,0,0,0,0,0,0,0,0,0,0,0,0,0,0,0,0,0,0,0,0,0,0,0,0,0,0,0,0,0,0,0,0,0,0,0,0,0,0,0,0,0,0,0,0,0,0,0,0,0,0,0,0,0,0,0,0,0,0,0,0,0,0,0,0,0,0,0,0,0,0,0,0,0,0,0,0,0,0,0,0,0,0,0,0,0,0,0,0,0,0,0,0,0,0,0,0,0,0,0,0,0,0,0,0,0,0,0,0,0,0,0,0,0,0,0,0,0,0,0,0,0,0,0,0,0,0,0,0,0,0,0,0,0,0,0,0,0,0,0,0,0,0,0,0,0,0,0.159,0,0,0,0,0,0,0,0,0,0,0,0,0,0,0,0,0,0,0,0,0,0,0,0,0,0,0,0,0,0,0,0,0,0,0,0,0,0,0,0,0,0,0,0,0,0,0,0,0,0,0,0,0,0,0,0,0,0,0,0,0,0,0,0,0,0,0,0,0,0,0,0,0,0,0,0,0,0,0,0,0,0,0,0,0,0,0,0,0,0,0,0,0,0,0,0,0,0,0,0,0,0,0,0,0,0,0,0,0,0,0,0,0,0,0,0,0,0,0,0,0,0,0,0,0,0,0,0,0,0,0,0,0,0,0,0,0,0,0,0.195,0,0,0,0,0,0,0,0,0,0,0,0,0,0,0,0,0,0,0,0,0,0,0,0,0,0,0,0,0,0,0,0,0,0,0,0,0,0,0,0,0,0,0,0,0,0,0,0,0,0,0,0,0,0,0,0,0,0,0.218,0,0,0,0,0,0,0,0,0,0,0,0,0,0,0,0,0,0,0,0,0,0,0,0,0,0,0,0,0,0,0,0,0,0,0,0,0.219,0,0,0,0,0,0,0,0.36,0,0,0,0,0.281,0,0,0,0,0,0,0,0,0,0,0,0,0,0,0,0,0,0,0,0,0,0,0,0,0,0,0,0.966,0,0,0,0,0,0,0,0,0,0,0,0,0,0,0,0,0,0,0,0,0,0,0,0,0,0,0,0,0,0,0,0,0,0,0,0,0,0,0,0,0,0,0,0,0,0,0.985,0,0,0,0,0,0,0,0,0,0,0,0,0,0,0,0,0,0,0,0,0,0,0,0,0,0,0,0,0,0,0,0,0,0,0,0,0,0,0,0,0,0,0,0,0,0,0,0,0,0,0,0,0,0,0,0,0,0,0,0,0,0,0,0,0,0,0,0,0,0,0,0,0,0,0,0,0,0,0,0,0,0,0,0,0,0,0,0,0,0,0,0,0,0,0,0,0,0,0,0,0,0,0,0,0,0,0,0,0,0,0,0,0,0,0,0,0,0,0,0,0,0,0,0,0,0,0,0,0,0,0,0,0,0,0,0,0,0,0,0,0,0,0,0,0,0,0,0,0,0,0,0,0,0,0,0,0,0,0,0,0,0,0,0,0,0,0,0,0,0,0,0,0,0,0,0,0,0,0,0,0,0,0,0,0,0,0,0,0,0,0,0,0,0,0,0,0,0,0,0,0,0,0,0,0,0,0,0,0,0,0,0,0,0,0,0,0,0,0,0,0,0,0,0,0,0,0,0,0,0,0,0,0,0,0,0,0,0,0,0,0,0,0,0,0,0,0,0,0,0,0,0,0,0,0,0,0,0,0,0,0,0,0,0,0,0,0,0,0,0,0,0,0,0,0,0,0,0,0,0,0,0,0,0,0,0,0,0,0,0,0,0,0,0,0,0,0,0,0,0,0,0,0,0,0,0,0,0,0,0,0,0,0,0,0,0,0,0,0,0,0,0,0,0.394,0,0,0,0,0,0,0,0,0,0,0,0,0,0,0,0,0,0,0,0,0,0,0,0,0,0,0,0,0,0,0,0,0,0,0,0,0,0,0,0,0,0,0,0,0,0,0,0,0,0,0,0,0,0,0,0,0,0,0,0,0,0,0,0,0,0,0,0,0,0,0,0,0,0,0.345,0,0,0,0.22,0.339,0.191,0.195,0,0,0,0,0,0,0,0,0,0,0,0,0,0,0,0,0,0,0,0,0,0,0,0,0,0,0,0,0,0,0,0,0,0,0,0,0,0,0,0,0,0,0,0,0,0,0,0,0,0,0,0,0,0,0,0,0,0,0,0,0,0,0,0,0,0,0,0,0,0,0,0,0,0,0,0,0,0,0,0,0,0,0,0,0,0,0,0,0
856805,0,0,0,0,0,0,0,0,0,0,0,0,0,0,0,0,0,0,0,0,0,0,0,0,0,0,0.154,0,0,0,0,0,0,0,0,0,0.311,0,0,0,0,0,0,0,0,0,0,0,0,0,0,0.999,0,0,0,0,0,0,0,0,0,0,0,0,0,0,0,0,0,0,0,0,0,0,0,0,0,0,0,0,0,0.208,0,0,0,0,0,0,0,0,0,0,0,0.194,0,0.999,0,0,0,0,0.288,0,0,0,0,0,0,0,0,0,0,0,0,0,0,0,0,0,0,0.817,0,0,0,0,0,0,0,0.736,0,0,0,0,0,0,0,0,0,0,0.154,0,0.999,0,0,0,0,0,0,0,0.293,0,0,0,0,0,0,0.9,0,0,0,0,0,0,0,0,0,0,0,0,0,0.244,0,0,0,0,0,0,0,0,0,0,0,0,0,0,0,0,0,0,0,0,0,0,0,0.191,0,0.301,0,0,0,0,0,0,0,0.812,0.3,0,0.999,0,0,0,0,0,0,0.235,0.858,0,0.2,0,0,0,0.999,0,0,0.237,0,0,0,0,0,0.892,0,0,0.986,0,0.184,0,0,0,0,0,0,0,0,0,0.334,0,0,0,0,0,0,0,0,0,0,0,0,0,0,0,0,0,0,0.156,0.903,0,0,0,0,0,0,0,0,0,0,0.931,0,0,0.171,0,0,0,0.401,0,0,0.279,0,0.914,0,0.165,0,0,0,0,0,0,0,0,0,0,0.999,0,0,0,0,0,0,0.231,0,0.998,0,0,0,0,0.924,0,0,0,0,0,0,0,0,0.864,0,0,0,0,0.299,0.975,0,0,0,0,0,0,0,0,0,0,0,0,0,0,0,0,0,0,0,0,0.866,0,0,0,0.313,0,0,0,0,0.179,0,0,0,0,0,0,0,0,0.86,0.999,0,0.955,0,0,0,0,0.999,0,0,0,0,0,0,0.999,0,0,0,0,0,0,0,0,0,0,0,0,0.999,0,0.654,0,0.247,0,0,0,0.186,0.9,0,0,0,0.899,0,0,0,0,0,0,0,0,0,0,0,0,0,0,0,0.919,0,0,0.171,0.323,0,0,0,0,0,0,0,0,0,0,0,0,0,0,0,0,0,0,0,0,0.999,0,0.327,0.237,0,0,0,0.304,0,0.175,0,0,0,0.162,0,0,0,0,0,0.162,0,0,0,0.999,0,0,0,0,0,0.656,0.808,0,0,0,0,0,0,0,0,0,0,0.982,0,0,0,0,0,0.907,0,0,0,0,0,0,0,0,0,0,0,0,0,0,0,0,0.641,0,0.999,0,0,0,0,0,0,0,0,0.171,0,0,0,0,0,0,0,0,0,0,0.894,0,0.365,0,0,0,0,0.199,0,0,0,0,0,0.153,0,0,0,0,0,0,0,0,0,0,0,0,0,0,0,0,0,0,0,0,0,0,0,0,0,0,0,0,0,0,0,0,0,0,0,0.897,0,0,0,0,0,0,0,0,0,0,0,0.335,0,0,0,0,0,0,0,0,0,0.653,0,0,0,0,0,0,0,0,0,0.865,0,0,0,0,0,0,0.594,0.901,0,0,0,0,0,0.159,0,0,0.528,0,0,0,0,0.162,0,0,0,0,0,0,0,0,0,0,0,0,0,0,0,0,0,0,0,0.819,0,0,0,0,0,0,0,0,0,0,0,0,0,0,0,0,0,0,0,0,0,0.808,0,0,0,0,0.229,0.155,0,0,0,0,0,0,0,0,0,0,0,0,0,0,0,0,0,0,0,0.411,0,0,0,0,0,0,0,0,0.358,0.979,0.999,0.165,0,0,0,0,0,0,0,0,0,0.999,0,0,0,0,0,0.992,0,0,0,0.31,0,0,0,0,0,0,0,0,0,0,0.999,0,0.655,0,0,0,0.197,0,0,0,0,0,0,0,0,0,0,0,0,0,0,0.153,0,0,0,0,0,0,0,0,0,0.866,0,0.911,0,0.161,0,0,0.152,0,0,0,0,0,0,0,0,0,0,0,0,0.186,0,0,0,0,0,0,0,0,0,0,0,0,0.812,0,0,0,0.279,0,0,0,0.554,0,0,0,0,0,0,0,0,0,0,0,0,0.171,0,0.999,0,0,0,0,0,0,0,0,0,0,0,0,0,0,0,0,0,0,0,0.649,0,0,0,0,0,0,0,0,0,0.999,0,0.162,0,0.165,0,0,0,0,0,0,0,0,0,0,0,0,0,0,0,0,0.857,0,0,0,0,0,0.166,0,0,0.429,0,0,0,0,0.406,0,0,0,0,0,0,0.99,0,0.999,0,0,0,0,0.195,0,0.203,0,0.999,0,0,0,0.198,0.445,0,0.999,0,0.925,0.758,0.999,0,0,0,0,0,0,0,0,0,0,0,0,0,0,0,0,0.992,0,0.953,0.999,0,0,0,0,0,0,0,0.958,0,0,0,0,0,0.971,0,0,0,0,0,0.999,0,0,0,0,0,0,0,0,0,0,0,0,0,0,0,0,0,0,0,0,0,0,0,0,0,0,0,0,0,0,0,0,0,0,0,0,0,0,0,0,0,0,0,0,0,0,0,0,0,0,0,0,0,0,0,0,0,0,0,0,0,0,0,0.997,0,0,0.161,0,0,0,0,0,0,0.999,0,0,0,0,0,0,0,0,0,0,0,0,0.905,0,0,0,0,0,0,0,0,0,0,0,0,0,0,0.15,0,0,0,0,0,0,0,0,0,0,0,0.159,0,0,0,0,0,0,0,0,0,0,0,0,0,0,0,0.196,0,0.196,0,0,0,0,0.999,0,0,0,0,0,0,0,0,0.915,0,0,0,0,0,0,0,0,0,0,0,0,0,0,0,0,0,0,0.999,0,0,0,0,0,0,0,0,0,0,0.999,0,0,0,0,0,0,0,0,0.999,0.411,0.285,0,0,0,0,0,0,0,0,0,0,0,0,0,0,0,0,0,0,0,0,0,0,0.188,0,0,0,0,0,0,0,0,0,0,0,0.999,0,0,0.296,0,0,0,0,0,0,0,0,0,0,0,0,0.999,0,0,0.97,0,0,0,0,0,0.554,0,0.867,0,0,0,0,0.173,0,0,0,0,0,0,0,0,0,0,0,0,0,0,0,0,0,0,0,0,0,0,0,0.999,0,0,0,0,0,0.448,0,0,0,0,0,0,0,0,0,0.153,0,0,0,0,0,0,0,0,0.445,0,0,0,0,0,0,0.999,0,0.999,0,0,0,0.213,0,0,0,0,0,0,0,0,0,0,0,0,0,0,0,0,0,0,0,0,0,0,0,0,0,0,0,0,0,0,0,0,0,0.931,0,0,0,0,0,0,0,0,0,0,0,0,0.593,0,0,0,0,0,0.436,0,0,0,0,0,0,0,0,0,0,0,0,0,0,0,0,0,0,0,0,0,0,0,0,0,0,0,0.999,0,0,0,0,0,0,0,0,0,0,0.163,0,0,0,0,0,0.64,0,0,0,0,0,0,0,0,0,0.229,0,0,0,0,0,0,0,0,0,0,0,0,0.206,0,0,0.585,0,0,0,0,0,0,0,0.457,0,0,0,0,0.191,0,0,0,0,0,0,0,0,0,0,0,0,0,0,0,0,0.237,0,0,0.237,0,0,0,0,0,0,0,0,0,0,0,0,0,0,0,0,0,0,0,0,0,0,0,0.16,0,0,0.999,0,0,0,0,0.237,0,0,0,0,0,0,0,0,0,0,0,0,0,0,0,0,0,0,0,0,0,0,0,0,0,0,0.346,0,0,0,0,0.163,0.197,0,0,0,0,0,0,0,0,0,0,0,0,0,0,0,0,0,0,0,0,0,0.276,0,0,0,0,0,0,0,0,0,0,0,0,0,0,0,0,0,0,0,0,0,0,0,0,0,0,0,0,0,0,0,0,0.32,0,0,0,0,0,0,0,0,0,0,0,0,0,0,0,0,0,0,0,0,0,0,0,0,0,0,0,0,0,0.175,0,0,0,0,0,0,0,0,0,0,0,0,0,0,0,0,0,0,0,0,0,0,0,0.569,0,0.925,0,0.803,0.34,0,0,0.999,0,0,0.183,0,0,0,0,0.206,0,0.277,0,0,0.203,0,0,0,0.196,0,0,0,0,0,0,0,0,0.359,0,0,0,0,0.867,0,0,0,0,0,0,0,0,0,0.159,0.999,0,0,0,0.999,0,0,0,0,0,0,0,0.863,0,0,0.999,0,0.871,0,0,0,0.871,0,0,0,0,0,0,0,0.23,0,0,0,0,0,0,0,0.161,0,0,0,0,0.999,0,0,0,0,0,0,0,0,0,0.83,0,0,0,0,0.554,0.304,0.173,0,0,0,0.36,0,0.217,0,0,0,0,0.855,0,0,0,0.999,0,0,0,0,0.313,0.288,0,0,0,0.999,0,0,0,0.861,0,0,0,0,0,0,0,0,0,0,0,0,0.275,0.8,0,0,0,0,0,0,0,0,0.999,0,0,0.647,0,0,0,0,0,0,0.233,0.86,0.869,0.761,0,0.999,0,0,0,0,0,0,0,0,0.391,0.171,0,0,0,0.86,0,0,0,0,0,0.86,0.987,0,0,0.903,0,0,0,0,0,0.903,0,0,0,0.241,0,0,0.314,0,0,0,0,0.95,0,0.803,0,0,0.859,0,0.988,0,0,0,0,0,0,0,0,0,0,0.218,0.175,0,0,0,0,0,0,0,0,0,0,0,0,0,0,0,0,0,0,0,0,0,0,0,0,0,0,0,0.229,0,0,0.268,0,0,0,0,0,0,0,0,0,0,0,0,0,0,0,0,0.999,0,0,0,0,0,0,0,0,0,0,0,0,0,0,0,0,0,0,0,0,0,0,0,0,0,0,0,0.183,0,0,0,0,0,0,0,0,0,0,0,0,0,0,0,0,0,0,0.161,0,0,0.912,0,0,0,0,0,0,0,0,0,0,0,0,0,0,0,0,0,0,0,0,0,0,0.948,0,0,0,0,0,0,0,0,0,0,0,0,0,0,0,0,0,0,0,0,0,0,0,0,0,0,0,0,0,0.508,0,0.24,0,0,0,0,0,0,0,0.195,0,0,0,0,0,0,0,0,0,0,0,0,0,0,0,0,0.488,0,0,0,0,0,0,0,0,0,0,0,0,0,0,0,0,0,0,0,0,0,0,0,0,0,0,0,0,0,0.173,0,0,0,0,0,0,0,0,0,0,0.839,0,0,0.999,0,0,0,0,0,0,0,0,0,0,0,0,0,0,0,0,0,0,0,0,0,0,0,0,0,0,0,0,0,0,0,0,0,0.246,0,0,0,0,0.178,0,0,0,0,0,0,0,0,0,0,0.497,0,0,0,0,0,0,0,0,0,0,0,0,0,0,0,0,0.999,0,0,0,0,0,0,0.72,0,0,0,0,0,0,0,0,0,0,0,0,0,0,0,0,0,0,0,0,0,0,0,0,0,0,0,0,0,0,0,0,0,0,0,0,0,0,0,0.999,0,0,0,0,0,0.999,0,0,0,0,0.999,0,0,0,0,0,0,0,0,0,0,0,0,0,0,0,0,0,0,0,0,0,0,0,0,0,0,0,0,0,0,0,0,0,0.383,0.999,0,0,0,0.78,0,0,0,0.178,0,0,0,0,0,0,0,0,0,0,0,0,0,0,0,0,0,0,0.178,0,0.37,0,0,0,0,0,0,0,0,0,0,0.206,0,0,0,0,0,0,0,0,0,0,0,0,0,0,0,0,0,0,0,0,0,0.319,0,0,0,0,0.32,0.196,0,0,0,0,0,0,0,0,0,0,0.999,0,0,0,0,0,0,0,0.206,0,0.178,0,0,0,0,0.904,0.161,0,0,0,0,0,0,0,0,0,0,0,0,0,0,0,0.226,0,0,0,0,0,0.276,0.873,0,0.169,0,0,0,0,0,0,0,0,0,0,0,0,0,0,0,0,0.999,0,0,0.999,0,0,0,0,0,0,0,0,0,0,0,0,0,0,0,0,0,0,0,0,0,0,0,0,0,0,0,0,0,0,0,0,0,0,0,0,0,0,0,0,0,0,0,0,0,0,0,0,0,0,0,0,0,0,0,0,0,0,0,0,0,0,0,0,0,0,0,0,0,0,0,0,0,0,0,0,0,0,0,0,0,0,0,0,0,0.163,0,0,0,0,0,0,0,0,0,0,0,0,0,0,0,0,0,0,0,0,0,0,0,0,0,0,0,0,0,0,0,0,0,0,0.77,0,0,0,0,0,0,0,0,0,0,0,0,0,0,0,0,0,0,0,0,0,0,0,0,0.298,0,0,0,0,0,0,0,0,0,0,0,0,0,0,0,0,0,0,0.999,0,0,0,0,0,0,0,0,0,0,0,0,0,0,0,0,0,0,0,0,0,0,0,0,0,0,0,0,0,0.268,0,0,0,0,0.528,0,0,0,0,0,0,0,0.9,0,0,0,0,0.966,0,0,0,0,0,0,0,0,0,0,0,0,0,0,0,0,0,0,0,0,0,0,0,0.206,0,0,0,0,0,0,0,0.154,0,0,0,0,0,0.896,0,0.188,0,0,0,0.233,0,0,0,0,0,0,0,0,0,0,0,0,0,0,0,0,0,0,0,0,0,0,0,0,0,0,0,0,0,0,0,0,0,0,0,0,0,0,0,0,0,0,0,0,0.405,0,0,0,0,0,0,0,0,0,0,0,0,0,0,0,0,0,0,0,0,0,0,0,0,0,0,0.804,0,0,0,0,0.432,0,0,0,0,0,0,0,0,0,0.855,0.854,0.999,0.786,0,0.511,0,0.2,0.999,0.999,0.999,0,0,0.999,0.249,0,0,0.999,0.94,0.507,0.999,0,0.198,0,0,0,0,0.999,0.444,0.999,0.305,0,0.999,0,0,0,0.221,0,0.798,0.999,0,0.999,0,0.936,0,0,0,0.999,0.999,0,0.898,0.833,0,0.65,0,0.554,0.798,0.199,0.827,0,0.201,0.999,0.999,0.999,0.999,0.821,0.999,0.999,0.217,0.905,0.999,0.9,0.999,0.862,0,0,0.805,0,0,0,0.999,0.999,0,0.999,0.999,0.999,0.181,0,0.999,0,0.773,0.84,0,0.999,0,0.705,0,0.999,0.999,0.152,0.821,0,0,0.999,0,0.999,0.999,0.808,0.999,0.999,0,0,0.999,0.933,0.998,0.237,0.999,0.999,0.787,0.999,0.811,0,0.221,0,0.999,0.999,0.791,0.873,0.199,0,0.993,0.206,0.999,0,0.909,0,0.999,0.859,0,0.293,0.218,0,0.999,0.999,0,0,0.528,0.999,0.854,0,0.999,0,0,0.567,0.999,0.999,0,0.929,0,0.999,0.195,0.783,0.999,0,0.659,0.998,0.999,0.407,0,0.999,0.999,0.212,0.909,0.586,0.177,0,0,0,0,0.193,0.967,0.948,0,0.729,0.383,0.685,0,0,0.937,0.999,0.998,0.999,0.207,0,0,0.999,0.999,0,0.272,0.999,0,0.999,0.999,0,0.999,0.196,0.31,0.999,0,0.999,0.309,0,0.999,0.999,0.999,0.2,0.854,0.999,0,0.311,0,0,0.999,0.176,0.999,0,0,0.999,0,0.863,0,0,0,0,0,0,0.207,0,0.39,0,0.864,0,0,0,0,0,0,0.803,0,0,0,0,0.854,0,0,0,0,0,0,0,0,0,0,0,0,0,0,0,0,0,0,0.999,0,0,0,0,0,0,0,0,0.371,0,0,0.8,0.91,0,0,0,0.895,0,0,0,0,0,0,0,0,0,0.366,0,0,0,0,0,0,0.879,0,0,0,0,0.328,0,0,0.803,0,0.852,0,0,0,0.973,0.8,0,0,0,0,0,0,0,0,0,0,0,0,0,0,0,0,0,0.198,0,0,0,0,0,0,0,0,0,0,0,0,0,0,0,0,0,0,0,0,0,0,0,0,0,0,0,0,0,0,0,0,0,0,0,0,0,0,0,0,0,0,0,0,0,0,0,0,0,0,0,0,0,0,0,0,0,0,0,0,0,0,0,0,0,0,0,0,0,0,0,0,0,0,0,0,0,0,0,0,0,0,0,0,0,0,0,0,0,0,0,0,0,0,0,0,0,0,0,0,0,0,0,0,0,0,0,0,0,0,0,0,0,0,0,0,0,0,0,0,0,0,0,0,0,0,0,0.44,0.8,0,0.23,0,0.903,0,0,0,0.337,0.578,0.93,0.203,0,0,0.426,0,0,0,0.934,0.174,0.202,0,0,0,0,0,0,0,0,0,0,0,0,0,0,0,0,0,0,0,0,0,0,0,0,0,0,0,0,0,0,0,0,0,0,0,0,0,0,0,0,0,0,0,0,0,0,0,0,0,0,0,0,0,0,0,0,0,0,0,0,0,0,0,0,0,0,0,0,0,0,0,0,0,0,0,0,0,0,0,0,0,0,0,0,0,0,0,0,0,0,0,0,0,0,0,0,0,0,0,0,0,0,0,0,0,0,0,0,0,0,0,0,0,0,0,0,0,0,0,0,0,0,0,0,0,0,0,0,0,0.161,0,0,0,0,0,0,0,0,0,0,0,0,0,0,0,0,0,0,0,0,0.288,0,0.198,0,0,0,0,0,0,0,0,0,0,0,0,0,0,0,0,0,0,0,0,0,0,0,0,0,0,0,0,0,0,0,0,0,0,0,0,0,0,0,0,0,0,0,0,0,0,0.182,0,0,0,0,0,0,0,0,0,0,0,0,0,0,0,0,0,0,0,0,0,0,0,0,0,0,0,0,0,0,0,0,0,0,0,0,0,0,0,0,0,0,0,0,0,0,0,0,0.292,0,0,0,0,0,0,0,0,0,0,0,0,0,0,0,0,0,0,0,0,0,0,0,0,0,0,0,0.251,0,0,0,0,0,0,0,0,0,0,0,0,0,0,0,0,0,0,0,0,0,0,0,0,0,0,0,0,0,0,0,0,0,0,0,0,0,0,0,0,0,0,0,0,0,0,0,0,0,0,0,0,0,0,0,0,0,0,0,0,0,0,0,0,0,0,0,0,0,0,0,0,0,0,0,0,0,0,0,0,0,0,0,0,0,0,0,0,0,0,0,0,0,0,0,0,0,0,0,0,0,0,0,0,0,0,0,0,0,0,0,0,0,0,0,0,0,0,0,0,0,0,0,0,0,0,0,0,0,0,0,0,0,0,0,0,0,0,0,0,0,0,0,0,0,0,0,0,0,0,0,0,0,0,0,0,0,0,0,0,0,0,0,0,0,0,0,0,0,0,0,0,0,0,0,0,0,0.179,0,0,0,0,0,0,0,0,0,0,0,0,0,0,0,0,0,0,0,0,0,0,0,0,0,0,0,0,0,0,0,0,0,0,0,0,0,0,0,0.192,0,0,0.86,0,0,0,0,0,0.874,0.527,0,0,0.859,0,0,0,0,0,0,0,0,0,0,0,0,0,0,0,0,0,0,0,0,0,0.47,0,0,0,0.167,0,0,0,0,0.16,0,0,0,0,0,0,0,0,0,0,0,0,0,0,0,0,0,0,0,0,0,0,0,0,0,0,0,0,0,0,0,0,0,0,0,0,0,0,0,0,0,0,0,0,0,0,0,0,0,0,0,0,0,0,0,0,0,0,0,0,0,0,0,0,0,0,0,0,0,0,0,0,0,0,0,0,0,0,0,0,0,0,0,0,0,0.656,0,0,0,0,0,0,0,0,0,0,0,0,0,0,0,0,0,0,0,0,0,0,0.191,0,0,0,0,0,0,0,0,0,0,0,0.25,0,0,0,0.19,0,0,0,0,0,0,0,0,0,0,0,0,0,0,0,0,0,0,0,0,0,0,0,0,0,0,0,0,0,0,0,0,0,0,0,0,0,0,0,0,0,0,0,0,0,0,0,0,0,0,0,0,0,0,0,0,0,0,0,0,0,0,0,0,0,0,0,0,0,0,0,0,0,0,0,0,0,0,0,0,0,0,0,0,0,0,0,0,0,0,0,0,0.207,0,0,0.46,0,0,0,0,0,0,0,0,0,0,0,0,0,0,0,0,0,0,0,0,0,0,0,0,0,0,0,0,0,0,0,0,0,0,0,0,0,0,0,0,0,0,0,0,0,0,0,0,0,0,0,0,0,0,0,0,0,0,0,0,0,0,0,0,0,0,0,0,0,0,0,0,0,0,0,0,0,0,0,0,0,0,0,0,0,0,0,0,0,0,0,0,0,0,0,0,0,0,0,0,0,0,0,0,0,0,0,0,0,0,0,0,0,0,0,0,0,0,0,0,0,0,0,0,0,0,0,0,0,0,0,0,0,0,0,0,0,0,0,0,0,0,0,0,0,0,0,0,0,0,0,0,0,0,0,0,0,0,0,0,0,0,0,0,0,0,0,0,0,0,0,0,0,0,0,0,0,0,0,0,0,0,0.194,0,0,0,0,0,0,0,0,0,0,0,0,0,0,0,0,0,0,0,0,0,0,0,0,0,0,0,0,0,0,0,0,0,0,0.245,0,0,0,0,0,0,0,0,0,0,0,0,0,0,0,0,0,0,0,0,0,0,0,0,0,0,0,0,0,0,0,0,0,0,0,0,0,0,0,0,0,0,0,0,0,0,0,0,0,0,0,0,0,0,0,0,0,0,0,0,0,0,0,0,0,0,0,0,0,0,0,0,0,0,0,0,0,0,0,0,0,0,0,0,0,0,0,0
850827,0,0,0,0,0.741,0,0.173,0.23,0.22,0,0,0,0,0,0,0.907,0,0,0.173,0.668,0,0,0,0,0,0,0,0,0,0.194,0,0,0.306,0,0,0,0,0,0,0,0,0,0,0,0,0.168,0,0,0,0,0,0,0,0,0,0,0,0,0,0,0,0,0,0,0,0,0,0,0,0,0.178,0,0,0,0,0.215,0,0,0,0,0,0,0,0,0,0,0,0,0,0,0.201,0,0,0.904,0,0,0,0,0.915,0,0,0,0,0,0,0,0,0,0,0,0,0,0,0,0,0,0,0.854,0,0,0,0.904,0,0,0,0,0,0,0,0,0,0,0,0,0,0,0,0,0,0.201,0,0,0,0,0,0.235,0,0,0,0,0,0,0,0,0,0,0.162,0,0,0,0,0,0,0,0.915,0,0,0,0,0.197,0,0,0.83,0,0,0,0,0.214,0,0.246,0.206,0.215,0,0,0,0,0,0,0,0,0.233,0,0,0,0,0,0,0,0.259,0,0,0,0,0,0,0,0,0,0,0,0.491,0,0,0,0,0.375,0,0,0,0,0,0,0,0,0,0,0,0,0,0.226,0,0,0.173,0,0,0,0.248,0,0,0,0,0,0,0,0.173,0,0,0,0,0,0,0,0,0,0,0,0,0,0,0,0,0,0,0,0.289,0,0,0,0,0.159,0,0,0,0,0,0.29,0,0,0,0,0.548,0,0,0,0,0,0,0.357,0,0,0,0,0,0.274,0,0.267,0,0.396,0.276,0,0,0,0,0.309,0,0,0.283,0,0,0,0,0,0,0,0.29,0,0,0,0,0,0,0,0,0,0,0,0,0,0,0,0,0,0,0,0,0,0,0,0,0,0.285,0,0,0,0,0,0,0,0,0,0,0,0,0,0,0.16,0.346,0,0,0,0,0,0,0,0,0,0,0,0,0.21,0,0,0,0,0,0,0,0,0.195,0,0,0,0,0,0,0,0,0,0.336,0,0,0,0,0,0,0,0.254,0,0,0,0,0,0,0,0,0,0,0,0,0.229,0,0,0,0.44,0,0,0,0.481,0,0,0,0,0,0,0,0,0,0,0,0,0,0,0.215,0,0,0,0,0,0,0,0,0.252,0,0,0,0.176,0,0,0,0,0,0,0,0,0,0,0,0,0,0,0,0,0,0,0,0,0,0,0,0,0.227,0,0,0,0,0,0,0,0,0,0,0,0,0,0,0,0.572,0,0,0,0,0.355,0.258,0,0,0,0,0,0.309,0,0.171,0,0,0,0,0,0,0,0,0,0,0,0,0,0,0.229,0,0,0,0,0,0,0,0,0,0,0,0,0,0,0,0,0.632,0,0,0,0,0.244,0,0,0,0,0.45,0,0,0,0,0,0.213,0,0,0,0,0,0,0,0,0.319,0,0,0,0,0,0,0,0.619,0,0,0,0,0.237,0,0,0,0,0,0,0,0,0.814,0,0.297,0,0,0,0.267,0,0,0,0,0,0,0,0,0,0,0,0,0,0,0,0,0,0,0,0,0,0,0,0.163,0,0,0,0,0.423,0,0,0,0,0,0,0,0,0,0,0.225,0,0.209,0,0.16,0,0,0,0,0,0,0,0,0,0,0,0,0,0,0,0,0,0.228,0,0,0,0,0,0,0.226,0,0,0,0,0,0,0,0,0,0,0,0,0,0,0,0,0,0,0,0,0,0,0,0,0,0,0,0,0,0.158,0.277,0,0,0,0,0,0,0,0,0,0,0,0,0,0,0,0,0,0,0,0,0,0,0,0,0,0.208,0,0,0.213,0,0,0,0,0,0,0.394,0,0,0,0,0,0,0,0,0,0,0,0,0.448,0,0,0,0,0,0,0,0,0,0,0,0,0,0,0,0,0,0,0,0,0,0,0,0,0,0,0,0,0,0,0,0,0,0,0,0,0,0,0,0,0,0,0,0,0,0,0,0,0.307,0,0,0,0,0,0,0,0.213,0,0,0,0,0,0,0,0,0,0,0,0,0,0,0,0,0.313,0,0,0,0,0,0,0.882,0,0,0,0,0,0,0,0,0,0,0,0,0,0,0,0,0,0,0,0,0,0,0,0,0,0,0,0,0,0,0,0,0,0,0,0,0,0,0,0,0,0,0,0,0.284,0,0,0,0.256,0,0.376,0,0,0,0,0,0,0,0,0,0,0,0,0.315,0,0,0,0,0,0,0,0,0,0,0,0.211,0,0,0,0,0,0,0,0.267,0,0,0,0,0,0,0,0,0.17,0,0.373,0,0,0,0,0,0,0,0,0,0.252,0,0,0,0,0,0.297,0,0,0,0,0,0,0.226,0,0,0,0,0,0,0,0,0,0,0,0,0,0,0,0,0.17,0,0,0,0,0,0,0,0,0,0,0,0,0,0,0,0,0,0,0,0.572,0,0,0,0,0,0,0,0,0,0,0,0,0,0,0,0,0,0,0,0.309,0.204,0,0,0,0,0,0,0,0,0,0,0,0.212,0,0,0,0,0,0,0,0,0,0,0,0,0,0,0,0,0,0,0,0.342,0,0,0,0,0.277,0,0,0,0,0,0,0.21,0,0,0,0,0,0,0,0,0,0,0,0,0,0,0,0,0,0,0,0,0,0,0,0,0,0,0.3,0,0,0,0,0,0,0,0,0,0,0,0,0,0,0,0,0,0,0,0,0,0,0.226,0,0,0,0,0,0,0,0,0,0.166,0,0,0,0,0,0.221,0.581,0.221,0,0.371,0,0,0,0,0,0,0,0,0,0,0,0,0,0,0,0,0,0,0,0,0,0,0,0,0,0,0,0,0,0,0,0,0,0,0,0,0,0.172,0,0,0,0,0,0,0,0.809,0,0,0.62,0,0,0,0,0,0,0,0,0,0.193,0,0,0,0,0,0,0,0,0.169,0,0,0,0,0,0,0,0,0,0,0,0,0,0,0,0,0,0,0.19,0,0,0,0,0,0,0,0,0,0,0,0,0.238,0,0,0,0,0,0,0,0.213,0,0,0,0,0.189,0,0,0,0,0,0.195,0,0,0,0,0,0,0,0,0,0.159,0,0,0.187,0,0,0,0,0,0.447,0,0.187,0.429,0,0,0,0,0,0,0,0,0,0,0,0,0,0,0,0,0.3,0,0,0,0,0,0,0,0,0,0,0,0,0,0,0,0,0,0,0,0,0,0,0,0,0.204,0,0,0,0,0,0,0,0,0,0,0,0,0.205,0,0,0,0,0,0,0,0,0,0,0.162,0,0,0,0,0,0,0,0,0,0,0,0,0,0,0,0,0,0,0,0.197,0,0,0,0,0,0,0,0,0,0,0,0.288,0,0,0,0,0,0,0,0.205,0,0,0.153,0,0,0,0,0,0,0,0.509,0,0,0,0,0,0,0,0.402,0,0,0,0,0.331,0,0,0,0,0,0,0,0.239,0,0,0.779,0.162,0,0,0,0,0,0,0,0,0,0,0,0,0,0,0,0.262,0,0,0,0,0,0,0,0,0.624,0,0,0,0,0,0,0,0.206,0,0,0,0,0,0,0,0,0,0,0,0,0,0,0,0,0,0,0,0,0,0,0,0,0,0,0,0,0.184,0,0,0,0,0,0,0,0,0,0,0,0,0,0,0,0,0,0,0,0,0,0,0,0,0,0,0,0,0,0.158,0,0,0,0,0,0,0,0,0,0,0,0,0,0,0,0,0,0.206,0,0,0,0.189,0,0,0,0,0,0,0,0,0.227,0,0,0,0,0,0,0.163,0.205,0,0,0,0,0.259,0,0,0,0,0,0,0,0,0,0,0,0,0,0.317,0,0.172,0,0,0,0,0.553,0,0,0,0,0,0,0,0,0,0.191,0,0.3,0,0,0,0,0,0,0.169,0,0,0,0,0,0,0,0,0,0,0,0,0,0,0,0,0,0,0.3,0,0,0,0,0,0.279,0,0,0,0,0,0,0,0,0,0,0,0,0,0,0,0,0.186,0,0,0,0,0,0,0,0,0,0,0.249,0.27,0.248,0,0,0,0,0,0,0,0,0,0,0,0,0,0,0,0,0,0,0,0,0.68,0,0,0,0.629,0,0.207,0,0,0,0,0.374,0,0.466,0,0,0,0,0,0,0,0,0,0,0,0,0,0,0,0,0,0,0,0.242,0,0,0,0,0,0,0,0,0,0,0,0,0,0,0.333,0,0,0,0,0,0,0,0,0,0,0,0.159,0.154,0,0,0,0,0,0,0,0,0.179,0,0.385,0,0,0,0,0,0,0,0,0,0,0,0,0.185,0,0,0,0,0,0.169,0,0,0,0,0,0,0,0,0.396,0,0.173,0,0,0,0,0,0,0,0,0,0,0.551,0.267,0,0,0,0,0,0,0,0,0,0,0,0,0,0,0,0,0,0,0,0.557,0,0,0,0,0,0,0,0,0,0,0,0,0,0,0,0,0,0,0,0,0,0,0,0,0,0,0,0,0.158,0,0,0,0,0,0,0,0,0,0,0,0,0,0,0,0,0,0,0,0,0,0,0,0,0,0,0,0,0,0,0,0,0,0,0,0,0,0,0,0,0,0,0,0.238,0,0,0,0,0,0,0,0,0,0,0.204,0,0,0,0.182,0,0,0,0,0,0,0,0,0,0,0,0,0,0,0,0,0,0,0,0,0,0,0,0,0,0,0,0,0,0,0,0,0,0,0,0,0,0.21,0,0,0,0.484,0,0,0,0,0,0,0,0,0,0.18,0,0,0,0,0,0,0,0.396,0,0,0,0,0,0,0,0,0,0,0,0,0,0,0,0,0,0,0,0.175,0,0,0,0,0,0,0,0,0,0.167,0,0,0,0,0,0,0,0,0,0,0,0,0,0,0,0,0,0,0.349,0,0.168,0,0,0,0,0,0,0,0,0,0,0,0,0,0,0,0,0,0,0,0,0.177,0,0,0,0,0,0,0,0,0,0,0,0,0,0,0,0,0,0,0,0,0,0,0,0,0,0,0,0,0,0,0,0.175,0,0,0.167,0.168,0,0,0,0,0,0,0.573,0,0,0,0,0,0,0,0,0,0.22,0,0,0,0,0,0.481,0.155,0,0,0,0,0,0,0,0,0,0,0,0,0,0,0,0,0,0,0,0,0,0,0,0,0,0,0,0,0,0,0,0,0,0,0,0,0,0,0,0,0,0,0,0,0,0,0,0.201,0,0,0.764,0,0,0,0,0,0,0,0,0,0.966,0,0,0,0,0,0.185,0,0,0,0,0,0,0.518,0,0,0,0,0,0,0,0,0,0,0,0.279,0,0,0,0.222,0,0,0,0,0,0,0,0,0,0,0,0,0,0,0,0,0,0,0,0,0,0,0,0,0,0.362,0,0,0,0,0,0,0,0,0,0,0,0,0,0,0,0,0,0,0,0,0.222,0,0,0,0,0,0,0,0.19,0,0,0,0,0,0,0.688,0,0,0,0,0,0.589,0,0,0,0,0,0,0,0,0,0,0,0,0,0,0,0.539,0,0,0,0,0,0,0.182,0.247,0,0,0.445,0,0,0,0,0,0,0.787,0.81,0,0,0,0,0,0,0,0.209,0,0.182,0,0,0,0,0.9,0,0,0,0.155,0,0,0,0,0,0,0,0,0.298,0,0,0,0,0,0,0,0.843,0,0,0.435,0,0,0,0,0,0.215,0,0,0,0,0,0,0,0,0,0,0.16,0.169,0,0,0,0,0,0,0,0,0,0,0,0,0,0,0,0.257,0,0,0,0,0,0,0,0,0,0,0,0,0,0,0,0,0,0.297,0,0,0.905,0,0.459,0,0,0,0,0,0,0,0,0,0,0,0.213,0,0.204,0,0,0,0,0,0,0,0,0,0,0,0,0,0,0,0,0,0,0,0.26,0,0,0,0,0,0,0,0,0,0,0.172,0,0,0,0,0,0,0,0,0,0,0,0,0,0,0,0,0.424,0,0,0,0,0,0,0,0,0,0,0,0,0,0,0,0,0,0.553,0,0,0,0,0,0,0,0,0,0,0,0,0,0,0,0,0,0,0,0,0,0,0,0,0,0,0,0,0,0,0,0,0,0,0,0,0,0,0,0,0,0,0,0,0,0,0,0,0,0,0,0,0,0,0,0,0,0,0,0,0.225,0,0,0,0,0,0,0,0,0,0,0,0,0,0,0.268,0,0,0,0,0,0.226,0,0,0,0,0,0,0,0,0,0,0,0,0,0,0.226,0,0,0,0,0,0,0,0,0,0,0,0,0,0,0,0,0,0,0,0,0,0,0,0,0,0,0,0,0,0,0,0,0,0,0,0,0,0,0,0,0,0,0.156,0,0,0,0,0,0,0,0,0,0,0,0,0,0,0,0,0,0,0,0,0.804,0,0,0,0,0,0,0,0,0,0,0,0,0,0,0,0,0,0.168,0,0.169,0,0.278,0,0,0,0,0,0,0,0,0,0.534,0.92,0.328,0,0.322,0,0.231,0,0,0,0,0,0,0,0,0,0,0,0,0,0,0,0,0,0,0.186,0,0,0,0,0.886,0,0,0,0,0,0,0,0.763,0,0,0,0,0,0,0,0,0,0,0,0,0.771,0,0,0,0,0,0,0,0,0,0,0,0,0,0,0,0,0,0,0,0.175,0,0,0,0,0,0.154,0,0,0,0.157,0,0,0,0,0,0,0,0,0,0,0,0,0,0,0,0,0,0,0,0,0,0,0,0,0,0,0,0,0,0,0,0,0,0,0,0,0,0,0,0,0,0,0,0,0,0,0,0.226,0,0,0,0,0,0,0,0,0,0,0,0,0,0,0.273,0,0,0,0,0,0,0,0,0,0,0.344,0,0,0,0,0.267,0,0,0,0,0,0,0,0,0,0,0,0,0,0,0,0,0,0,0,0,0,0,0,0,0,0,0,0,0,0,0,0,0,0,0,0,0,0,0,0,0,0,0,0,0,0,0,0,0,0,0,0.196,0,0,0,0,0,0,0,0,0,0,0,0,0.199,0,0,0,0,0,0,0,0,0,0,0.235,0,0,0,0,0,0,0,0,0,0,0,0,0,0.185,0,0,0,0,0,0,0,0,0,0,0,0,0.169,0,0,0,0,0,0,0,0,0,0,0,0,0,0,0,0,0,0,0,0,0,0,0,0,0,0,0,0,0,0,0,0,0,0,0,0.178,0,0,0,0,0,0,0,0,0,0,0,0,0,0,0,0,0,0,0,0,0,0,0,0,0,0,0,0,0,0,0,0,0,0,0,0,0.185,0,0.948,0,0,0,0,0,0,0,0,0,0,0,0,0.417,0,0,0,0,0,0,0.214,0,0,0,0,0,0,0,0,0,0,0,0,0,0,0,0,0,0,0,0,0,0,0,0,0,0,0,0,0,0,0,0,0,0,0,0,0,0,0,0,0,0,0,0,0,0,0,0,0,0,0,0,0,0,0,0,0,0,0,0,0,0,0,0,0,0,0,0,0,0,0,0.241,0,0,0.213,0,0,0,0,0,0,0,0.771,0,0,0,0,0,0.226,0,0,0,0,0,0,0,0,0,0,0,0.313,0,0,0,0,0,0,0,0,0,0,0,0,0,0,0,0,0,0,0,0,0.213,0,0,0,0,0,0,0,0,0,0,0,0.297,0,0,0,0,0.303,0,0.262,0,0,0,0,0,0,0,0,0,0,0,0,0,0,0,0,0,0,0,0,0,0,0,0,0,0,0,0,0.179,0,0,0,0,0,0,0,0,0,0,0,0,0,0,0,0,0,0,0,0,0,0,0,0,0,0,0,0,0,0,0,0,0,0,0,0,0,0.765,0,0,0,0.151,0,0,0.228,0,0.186,0,0,0,0,0,0,0,0,0,0,0.279,0,0,0,0,0,0,0,0,0,0,0,0,0,0,0,0,0,0,0,0,0,0,0,0,0,0,0,0,0.53,0,0,0,0,0,0,0,0,0,0,0,0,0,0,0,0,0,0.337,0,0,0,0,0.351,0,0.334,0,0.567,0,0,0,0,0,0,0,0,0,0,0,0,0,0,0,0,0,0,0,0,0,0,0,0,0,0,0.396,0,0,0,0,0,0.684,0,0,0,0,0.22,0,0,0,0,0,0,0,0,0,0,0,0,0,0,0.488,0,0,0,0,0,0,0,0,0,0,0,0,0,0.196,0.309,0,0,0,0,0,0,0.703,0,0,0,0,0,0,0,0,0,0,0,0,0,0.317,0,0,0,0,0,0,0,0,0,0,0,0,0,0,0,0,0,0,0,0,0,0,0,0,0,0,0,0,0,0,0,0,0,0,0,0,0,0,0,0.192,0,0,0,0,0,0,0,0,0,0,0,0,0,0,0,0,0,0,0,0,0,0,0,0,0,0.151,0,0,0,0,0,0,0,0,0,0,0.221,0,0,0,0,0,0,0,0,0,0,0,0.196,0,0,0,0.394,0,0,0.183,0.434,0,0.221,0,0.256,0,0,0,0,0.198,0,0,0.196,0,0,0,0,0,0,0,0,0,0,0,0,0,0,0,0,0,0,0,0,0,0,0,0.196,0.267,0,0,0,0.154,0,0,0,0,0,0,0,0,0,0,0,0,0,0,0,0,0,0,0,0,0,0,0,0,0,0,0,0.221,0,0,0,0,0,0,0,0,0,0,0,0,0,0,0,0,0,0,0,0,0,0,0,0,0,0,0,0,0.25,0,0,0,0,0,0,0,0,0,0,0,0,0,0,0,0,0,0,0,0,0,0,0,0,0,0,0,0,0,0,0,0,0,0,0,0,0.305,0,0,0,0.39,0,0,0,0,0,0,0,0,0,0,0,0,0,0,0,0,0.253,0,0,0,0,0,0,0,0,0,0,0,0,0,0.179,0,0.175,0,0,0,0,0,0,0,0,0,0,0,0,0,0,0,0,0,0,0,0,0,0,0,0,0,0,0,0,0,0,0,0,0,0,0,0,0,0,0,0,0,0,0,0,0,0,0,0,0,0,0,0,0,0,0,0,0,0,0,0,0,0.192,0,0,0,0,0,0,0,0,0,0,0,0,0,0,0,0,0,0,0,0,0,0,0,0,0.266,0,0,0,0,0,0,0,0,0,0,0.183,0,0,0,0,0,0,0.23,0,0,0,0,0,0,0,0,0,0.326,0,0,0.275,0,0,0,0,0,0,0,0,0,0,0,0,0,0,0.203,0,0,0,0,0,0,0,0,0,0,0,0,0,0,0,0,0,0.57,0,0,0,0,0,0,0.165,0,0,0,0,0,0,0,0,0,0,0,0.318,0,0,0,0.258,0,0,0,0,0.271,0.276,0,0,0,0,0,0,0,0,0,0,0,0,0.191,0,0,0,0,0,0.338,0,0.73,0,0,0,0,0,0,0,0.246,0,0.271,0.189,0,0,0,0,0,0,0,0.39,0,0,0,0,0,0,0,0,0,0,0,0,0.183,0,0,0,0,0,0,0,0,0,0,0,0,0,0,0,0,0,0,0,0,0,0,0,0,0,0,0,0,0,0,0,0,0,0,0,0,0,0,0,0,0,0,0.246,0,0,0,0,0,0,0,0,0,0,0,0,0,0,0,0,0,0,0,0,0,0,0,0,0,0,0,0,0,0,0.268,0.177,0,0,0,0,0,0,0,0,0,0,0,0,0,0,0,0,0,0,0,0,0,0,0,0,0,0,0,0,0,0,0,0,0,0,0,0.353,0,0,0,0,0,0,0,0,0,0,0,0,0,0,0,0,0,0,0,0,0,0,0,0,0,0,0,0,0,0,0,0,0,0,0,0,0,0,0,0,0,0,0,0,0,0,0,0,0,0,0.153,0,0.239,0,0,0,0,0,0,0,0,0,0,0,0,0,0,0,0,0,0,0,0,0,0,0,0.171,0,0,0,0,0,0,0,0,0,0,0,0,0,0,0,0,0,0,0,0,0,0,0,0,0,0,0,0,0,0,0,0,0,0.157,0,0,0,0,0,0,0,0,0,0.15,0,0,0,0,0,0,0,0,0,0,0,0,0,0,0,0,0,0,0,0,0,0,0,0,0,0,0,0,0,0,0,0,0,0,0,0,0,0,0.381,0,0,0,0,0,0,0,0,0.211,0.167,0,0,0.197,0.219,0,0,0,0,0,0,0.337,0,0,0,0,0,0,0,0,0,0,0,0,0,0,0,0,0,0,0,0,0,0,0,0,0,0,0,0,0,0,0,0,0,0,0,0,0.311,0,0,0,0,0,0,0,0,0.195,0.835,0.36,0.319,0.445,0.173,0.252,0.977,0,0,0,0,0,0,0,0,0,0,0,0,0,0,0,0,0,0,0,0,0,0,0,0,0,0,0,0,0,0,0,0,0,0,0,0,0,0,0,0,0,0,0,0,0,0,0,0,0,0,0,0,0,0,0,0,0,0,0,0,0,0,0,0,0,0,0,0,0,0,0,0,0,0,0,0,0,0,0,0
856260,0.177,0,0,0,0,0,0,0,0,0,0,0,0,0,0,0,0,0,0,0,0,0,0,0,0,0.202,0,0,0,0,0,0,0,0,0,0,0,0,0,0,0,0,0.248,0,0,0,0,0,0,0,0,0,0,0,0,0,0,0,0,0,0,0,0,0,0,0,0,0,0,0,0,0,0,0,0,0,0,0,0,0,0,0,0,0,0,0,0,0,0,0.197,0,0,0,0,0,0,0,0,0,0,0,0,0.21,0,0,0,0,0,0,0,0,0,0,0,0,0,0,0,0,0,0,0,0,0,0,0,0,0,0,0,0,0,0,0,0,0,0,0,0,0,0,0,0,0,0,0,0,0,0,0,0,0,0,0,0,0,0,0,0,0,0,0,0,0,0,0,0.283,0,0,0,0,0,0.179,0.248,0,0,0,0,0,0,0,0.2,0.299,0,0.328,0,0.157,0,0.288,0,0,0,0,0,0,0,0.344,0,0,0,0,0,0,0,0,0,0,0,0,0,0,0,0,0,0,0,0,0,0,0,0,0,0,0,0,0,0,0,0,0.193,0,0,0,0,0,0.428,0.165,0,0,0.282,0,0.321,0,0,0,0,0,0,0,0,0,0,0,0,0,0,0,0,0,0,0,0,0,0,0,0,0,0.225,0.226,0,0,0,0,0,0,0,0,0,0,0,0,0,0,0,0,0,0,0,0,0,0,0,0,0,0,0.434,0,0.164,0,0,0,0,0,0,0,0,0,0,0,0,0,0,0.701,0,0,0.185,0,0.159,0,0,0,0,0.247,0,0,0,0,0,0,0,0,0,0,0,0.209,0,0,0,0,0,0,0.431,0,0,0,0,0.428,0,0,0,0,0,0,0,0,0,0,0,0,0.319,0,0,0,0,0,0,0,0,0,0,0,0,0,0,0,0.318,0,0,0,0.159,0,0,0,0,0,0,0,0,0,0,0,0,0,0,0,0.398,0,0,0,0,0,0,0,0,0.252,0,0,0,0,0.193,0,0,0,0,0,0,0,0,0,0,0,0,0.161,0.162,0,0,0,0,0,0,0.402,0.365,0,0,0,0,0,0,0,0.193,0,0.169,0,0,0,0,0,0,0.274,0,0,0,0,0,0,0,0,0,0.319,0,0,0.27,0,0,0,0,0,0,0,0,0,0,0,0,0,0,0.281,0,0,0,0,0.238,0,0,0.163,0,0,0,0,0,0,0,0,0,0,0,0,0,0,0,0.174,0,0,0,0,0,0,0,0,0,0.214,0,0,0,0,0,0,0,0,0,0,0,0,0.223,0,0,0,0,0,0,0,0,0,0,0,0,0,0,0,0,0.272,0.167,0,0.184,0.348,0,0,0,0,0,0,0,0,0,0,0,0,0,0,0,0,0,0,0,0,0,0,0,0.51,0,0.179,0,0,0,0,0,0,0,0,0,0,0,0.315,0,0,0.22,0,0,0,0,0,0,0,0,0,0,0,0,0,0,0,0,0,0,0,0,0,0,0.232,0,0,0,0,0,0,0.305,0,0,0,0,0,0,0,0,0,0,0,0,0,0,0,0,0,0,0,0,0.305,0,0.54,0,0,0,0,0,0,0,0,0,0,0,0,0,0,0,0.156,0,0.162,0,0,0,0.301,0,0,0,0.723,0,0,0,0,0,0,0,0,0,0,0,0,0,0,0,0.167,0,0.429,0,0,0,0,0,0,0,0.282,0.159,0,0,0,0,0,0,0.151,0,0,0,0,0,0.197,0,0,0,0,0,0,0,0,0,0,0,0,0,0,0,0.243,0,0,0,0,0,0,0,0,0,0.163,0,0,0,0,0,0,0,0,0,0.698,0,0,0,0,0,0,0,0,0,0,0,0,0,0,0,0,0,0.358,0,0,0,0,0,0.161,0,0,0,0,0,0,0,0,0,0,0,0.223,0,0,0.155,0,0,0,0,0,0,0,0,0,0.272,0,0,0,0,0,0,0,0,0,0,0,0,0,0,0,0,0,0,0,0,0,0,0,0.375,0,0,0.21,0,0,0,0,0,0,0,0,0,0,0,0,0,0,0,0,0,0.348,0,0,0,0,0,0.153,0,0,0,0.42,0,0,0,0,0,0.309,0,0,0,0,0,0,0.344,0,0,0,0,0.289,0,0,0,0,0,0,0,0,0.299,0.17,0,0.228,0,0,0,0,0,0.189,0,0,0,0,0,0,0,0,0,0,0,0.216,0,0,0.151,0,0,0,0,0,0,0,0,0,0,0,0,0,0,0.161,0,0,0,0,0,0,0,0,0,0,0,0,0,0,0,0,0.205,0,0,0,0,0,0.173,0,0,0.161,0,0,0,0,0,0,0.165,0.193,0.192,0,0,0,0,0,0,0,0,0,0,0,0,0,0,0,0,0,0,0,0,0,0.214,0.151,0,0,0,0,0,0,0,0,0,0,0,0,0,0,0,0,0,0,0.151,0,0,0,0,0,0,0,0,0,0,0,0,0,0,0,0,0,0,0.266,0,0,0,0,0,0,0,0,0,0,0,0,0,0,0,0,0,0,0,0,0,0,0,0,0,0.38,0,0,0,0.191,0,0,0,0,0.194,0,0,0,0,0.353,0,0,0,0,0,0,0,0,0,0,0,0,0,0.217,0,0,0,0.176,0,0,0,0,0,0,0,0,0,0,0,0,0,0,0,0,0,0,0,0,0,0,0,0,0,0,0,0,0,0,0,0.259,0.514,0,0,0,0.234,0,0.234,0,0,0,0,0,0,0.22,0,0,0,0,0,0,0,0,0,0.181,0,0,0,0,0,0,0,0,0,0.198,0,0,0,0,0,0,0,0,0,0,0,0,0,0,0,0,0,0,0.377,0,0,0,0,0,0,0,0,0,0,0,0,0,0,0,0,0,0,0,0,0,0,0,0,0,0,0,0,0,0,0,0,0.309,0,0,0,0,0,0,0.218,0,0,0,0,0.181,0,0,0,0,0,0,0,0,0,0,0.267,0,0,0,0,0,0,0,0,0,0,0,0,0,0.15,0,0,0,0,0,0,0,0,0,0,0,0,0,0,0,0,0,0,0.151,0,0,0,0,0,0,0,0,0,0,0,0,0,0,0,0.182,0,0,0,0,0,0,0,0,0,0,0,0,0,0,0,0,0,0,0,0,0,0,0,0,0,0,0,0,0,0,0,0,0,0,0,0.182,0,0,0,0,0,0,0,0,0,0,0,0,0,0,0,0,0,0,0,0,0,0,0,0,0,0,0,0,0,0,0,0,0,0,0,0,0,0,0,0,0,0,0,0,0,0,0,0,0,0,0,0,0,0,0,0,0,0,0,0,0,0,0,0,0,0,0,0,0,0,0,0,0,0,0,0,0,0,0,0,0,0,0,0,0,0,0,0,0,0,0,0,0,0,0,0,0,0,0,0.445,0,0,0,0,0,0,0,0,0,0,0,0,0,0,0,0,0,0,0,0,0,0,0,0,0,0,0,0,0,0,0,0,0,0,0,0,0,0,0,0,0,0,0,0.305,0,0,0,0,0,0,0,0,0,0,0,0,0,0,0,0,0,0,0,0,0,0,0,0,0,0,0,0,0.191,0.304,0,0,0,0,0,0,0,0,0,0,0,0,0,0,0,0,0,0,0,0,0,0,0,0,0,0,0,0,0,0,0,0,0,0,0,0,0,0,0,0,0,0,0,0,0,0,0,0,0,0,0,0,0,0,0,0,0,0,0,0,0,0,0,0,0,0,0,0,0,0,0,0,0,0,0,0,0,0,0,0,0,0.54,0,0,0,0,0,0.502,0,0,0,0,0,0,0,0,0,0,0,0,0,0,0,0,0,0,0,0,0,0,0,0,0,0,0,0,0,0,0,0,0,0,0,0,0,0,0,0,0,0,0,0,0,0,0.17,0,0,0,0,0,0,0,0,0,0,0,0,0,0,0,0,0,0,0,0.797,0,0,0,0,0,0,0,0,0,0,0,0,0,0,0,0,0,0,0,0,0,0,0,0,0,0,0,0,0,0,0,0,0,0,0,0,0,0,0,0,0,0,0.191,0,0,0,0,0,0,0,0,0,0,0,0,0,0,0,0,0,0,0,0,0,0,0,0,0,0,0,0,0,0,0,0,0,0,0,0,0,0,0,0,0,0,0,0,0,0,0,0,0,0,0,0,0,0,0,0,0.232,0,0,0,0,0,0,0,0,0,0,0,0,0,0,0,0,0,0,0,0,0,0,0.193,0,0,0,0,0,0,0,0,0,0,0,0,0,0,0,0,0,0,0,0,0,0,0,0,0,0,0,0,0,0,0,0,0,0,0,0,0,0,0,0,0,0,0,0,0,0,0,0,0,0,0,0,0,0,0,0,0,0,0,0.271,0,0,0,0,0,0,0,0,0,0,0,0,0,0,0,0,0,0,0,0,0,0,0,0,0,0,0,0,0,0,0,0,0,0,0,0,0,0,0,0,0,0,0,0,0,0,0,0,0,0,0,0,0,0,0,0,0,0,0,0,0,0,0,0,0,0,0,0,0,0,0,0,0,0,0,0,0,0,0,0,0,0,0,0,0,0,0,0,0.204,0,0,0,0,0,0,0,0,0,0,0,0,0,0,0,0,0,0,0,0,0,0,0,0,0,0,0,0,0,0,0,0,0,0,0,0,0,0,0,0,0,0,0.327,0,0,0,0,0,0,0,0,0,0,0,0,0,0,0,0.281,0,0,0,0,0,0,0,0,0,0,0,0,0,0,0.269,0,0,0,0.242,0,0,0,0,0,0,0,0,0,0,0,0,0,0,0.195,0,0,0.307,0,0,0,0,0,0,0,0,0,0,0,0,0,0,0.218,0,0,0.203,0,0,0,0.202,0,0,0,0,0,0,0,0,0,0,0.475,0,0,0,0,0,0,0,0,0,0,0,0,0,0,0,0,0,0,0,0,0,0,0,0,0,0,0.655,0,0,0,0,0.163,0,0,0,0,0,0,0,0,0,0,0,0,0,0,0,0.303,0,0.238,0,0,0,0,0,0,0,0,0,0,0,0,0,0,0,0,0,0,0,0,0,0,0,0,0,0,0,0,0,0,0,0,0,0,0,0,0,0,0,0,0,0,0,0,0,0,0,0,0,0,0,0,0,0,0,0,0,0,0,0,0,0,0,0,0,0,0,0,0,0,0,0,0,0,0,0,0,0,0,0,0,0,0,0,0,0,0,0,0,0,0,0,0,0,0,0,0.219,0,0,0,0,0,0,0,0,0,0,0,0,0,0,0,0,0,0,0,0,0,0,0,0,0,0,0,0,0,0,0,0.6,0,0,0,0,0,0,0,0,0,0,0,0,0,0,0,0,0,0,0,0,0,0,0,0,0,0,0.449,0,0,0,0,0,0,0,0,0,0,0,0,0,0,0,0,0,0,0,0,0,0,0,0,0,0,0.222,0,0,0,0,0,0,0,0,0,0.266,0,0,0,0,0,0,0,0,0,0,0,0.695,0,0,0,0,0,0,0,0.154,0,0,0,0,0,0,0,0,0,0,0,0,0,0,0,0,0,0.261,0,0,0,0,0,0,0,0,0,0,0,0,0,0,0,0,0,0,0,0,0,0.222,0,0.292,0,0,0,0,0,0,0,0,0,0,0,0.222,0,0,0,0,0,0,0.204,0,0,0,0,0,0,0,0,0,0,0,0,0,0,0,0,0,0,0,0,0,0,0,0,0,0,0,0,0,0,0,0,0,0,0,0,0,0,0,0,0,0,0,0,0,0,0.175,0,0,0,0,0,0,0,0,0,0,0,0,0,0,0,0,0,0,0,0,0,0.218,0,0,0,0,0,0,0,0,0,0,0,0,0,0,0,0,0,0,0,0,0,0,0,0,0,0,0,0,0,0,0,0,0,0,0,0,0,0,0,0,0,0,0,0,0,0,0,0,0,0,0,0,0,0,0,0,0,0,0,0,0,0,0,0,0,0,0,0,0,0,0,0,0,0,0,0,0,0,0,0,0,0,0,0,0,0,0,0,0,0,0,0,0,0,0,0,0,0,0,0,0,0,0,0,0,0,0,0,0,0,0,0,0,0.344,0,0,0,0,0,0,0,0,0,0,0,0,0,0,0,0,0,0,0,0,0,0,0,0,0,0,0,0,0,0,0,0,0,0,0,0,0,0,0.693,0,0,0,0,0,0,0,0,0,0,0,0,0,0,0,0,0,0,0,0,0,0,0,0,0,0,0,0.157,0,0.169,0,0,0,0,0,0,0,0,0,0,0,0,0,0,0,0,0,0,0,0,0,0,0,0.188,0,0,0,0,0,0,0,0,0,0,0,0,0,0,0,0,0,0,0,0,0,0,0,0,0,0,0.227,0,0,0,0,0,0,0,0,0,0,0,0,0,0,0,0,0,0,0,0,0,0,0,0,0,0,0,0,0,0,0,0,0,0,0,0,0,0,0,0,0,0,0,0,0,0,0,0,0,0,0,0,0,0,0.227,0,0,0,0,0,0,0,0,0,0,0,0,0,0,0,0.151,0,0,0,0,0,0,0,0,0,0,0,0,0,0,0,0,0,0,0,0,0,0,0,0,0,0,0,0.23,0.194,0,0,0,0,0,0,0,0,0,0,0,0,0,0,0,0,0,0,0,0,0,0,0,0,0,0,0,0,0,0,0,0,0,0,0,0,0,0,0,0,0,0,0,0,0,0,0,0,0,0,0,0,0,0,0,0,0,0,0,0,0,0,0,0.194,0,0,0,0,0,0,0,0,0,0,0,0,0,0,0,0,0,0,0,0,0.194,0,0,0,0,0,0,0,0,0,0,0,0,0,0,0,0,0,0,0,0,0,0,0,0,0,0,0,0,0,0,0,0,0,0,0,0,0,0,0,0,0,0,0,0,0,0,0,0,0,0,0,0,0,0,0,0,0,0,0,0,0,0,0,0,0,0,0,0,0,0,0,0,0,0,0.161,0,0,0,0,0,0,0,0,0,0,0,0,0,0,0,0,0,0,0,0,0,0,0,0,0,0,0,0,0,0,0,0,0,0,0,0,0,0,0,0,0,0,0,0,0,0.262,0,0,0,0,0,0,0,0,0,0,0,0,0,0,0,0,0,0,0,0,0,0,0,0,0,0,0,0,0,0,0,0,0,0,0,0,0,0,0,0,0,0,0,0,0,0,0,0,0,0.178,0,0,0,0,0,0,0,0,0,0,0,0,0,0,0,0,0,0,0.626,0,0,0,0,0,0,0.178,0,0,0,0,0,0,0,0,0,0,0,0,0,0,0,0,0,0,0.275,0,0,0,0,0,0,0,0,0,0,0,0,0,0,0,0,0,0,0,0.211,0,0,0,0,0,0,0.215,0,0,0,0,0,0,0,0,0.445,0,0,0,0,0,0,0,0,0,0,0,0,0,0,0,0,0,0,0,0.461,0,0,0,0,0,0,0,0,0,0,0,0,0,0,0,0,0,0,0,0,0,0,0,0,0.213,0,0,0,0,0,0.223,0,0,0,0,0,0,0,0,0.198,0,0,0,0,0,0,0,0,0,0,0,0,0,0,0,0,0,0,0,0,0,0,0,0,0,0,0,0,0,0,0,0,0,0,0,0,0.447,0,0,0,0,0,0,0,0,0,0,0,0,0,0,0,0,0,0,0,0,0,0,0,0,0,0,0,0,0,0,0,0,0.309,0,0,0,0,0,0,0,0,0,0,0,0,0,0,0,0,0,0,0,0,0,0,0,0,0,0,0,0,0,0.261,0,0.3,0,0.824,0,0,0,0,0,0,0,0,0,0,0,0,0,0,0,0.248,0.364,0,0,0,0,0,0,0,0.197,0,0,0,0,0,0,0,0,0,0,0,0,0,0.17,0,0,0,0,0,0,0,0.212,0,0,0,0,0,0,0,0,0,0,0,0,0.202,0,0,0,0.847,0,0,0,0.249,0,0,0.233,0.156,0,0,0,0,0,0,0,0,0,0,0,0,0,0,0,0,0,0,0,0.293,0,0,0,0,0,0,0,0,0,0,0,0,0,0,0,0,0,0,0,0,0,0,0,0,0,0,0,0,0,0,0,0,0,0,0.152,0,0,0,0,0,0,0,0,0,0,0,0,0,0,0,0,0,0.152,0,0,0,0,0,0,0,0,0,0,0,0,0,0,0,0,0,0,0,0,0,0,0,0,0,0,0,0,0,0,0,0,0,0,0,0,0,0,0,0,0,0,0,0,0,0.353,0.169,0,0,0,0,0,0,0.714,0,0,0,0,0,0,0,0,0,0,0,0,0,0,0,0,0,0.252,0.17,0,0,0,0,0,0,0,0.3,0,0,0,0.331,0,0,0,0,0,0,0,0,0.152,0,0,0,0,0,0,0,0,0,0,0,0,0,0,0.224,0,0,0,0,0,0,0.175,0,0,0,0,0,0,0.497,0,0,0,0,0,0,0,0,0,0,0,0,0,0,0,0,0,0.422,0,0,0,0,0,0,0,0,0.297,0,0,0,0,0,0,0,0,0,0.346,0.228,0,0,0,0,0,0,0,0,0,0,0,0,0,0,0,0,0,0,0,0,0,0,0,0,0,0,0,0,0,0,0,0,0,0.338,0,0,0,0,0.184,0,0,0,0,0,0,0,0,0,0,0,0,0,0.382,0,0,0,0,0,0,0,0,0,0,0,0,0,0,0,0,0,0,0,0,0,0,0.212,0,0,0,0,0,0,0,0,0,0,0,0,0,0,0,0,0,0,0,0,0,0,0,0,0.191,0,0,0,0,0,0,0,0,0,0,0,0,0,0,0,0,0,0,0,0,0,0,0,0,0,0,0.175,0,0,0,0,0,0,0,0,0,0,0.222,0,0,0,0,0,0,0,0,0,0,0,0,0,0.351,0,0,0,0,0,0,0,0,0,0,0,0,0,0,0,0,0,0,0,0,0,0,0,0,0,0,0,0,0,0,0,0,0,0,0,0,0,0,0,0,0,0,0,0,0,0,0,0,0,0,0,0,0,0,0,0,0,0,0,0,0,0,0,0,0,0.23,0,0,0,0,0,0,0,0,0,0,0,0,0,0,0,0,0,0,0,0,0,0,0,0,0,0,0.173,0.206,0,0,0,0,0,0,0.198,0,0,0,0,0,0,0,0,0,0,0,0.219,0.173,0,0,0,0,0,0,0,0,0,0.592,0,0,0,0,0,0,0,0,0,0,0,0,0,0.173,0,0,0,0,0,0,0,0,0,0,0,0,0,0,0,0,0,0,0,0,0,0,0,0,0,0,0,0,0,0,0,0,0,0,0,0,0,0,0,0,0,0,0,0,0,0,0,0,0,0,0,0,0,0,0,0,0.622,0,0,0,0,0,0,0,0,0,0,0.41,0,0,0,0,0,0,0,0,0.22,0,0,0,0,0,0,0,0,0,0,0,0.292,0.379,0,0,0,0.45,0,0,0,0,0,0.282,0,0,0,0,0,0,0,0,0,0,0,0,0,0,0,0,0,0,0,0,0,0,0,0,0,0,0,0,0,0,0,0,0,0,0,0,0,0,0,0,0,0,0,0.378,0,0,0,0,0,0,0,0,0,0,0,0,0,0,0,0,0,0,0,0,0,0,0,0,0,0,0,0,0,0,0,0,0,0,0,0,0,0,0,0,0,0,0,0,0,0.182,0,0,0,0,0,0,0,0,0,0,0,0,0,0,0,0,0,0,0,0,0,0,0,0,0,0,0,0,0,0,0,0,0,0,0,0,0,0,0,0,0,0,0,0,0,0,0,0,0,0,0,0,0,0,0,0,0,0,0,0,0,0,0,0,0,0,0,0,0,0,0,0,0,0,0,0,0,0,0,0,0,0.161,0,0,0,0,0,0,0,0,0,0,0,0,0,0,0,0,0,0.189,0,0,0,0,0,0,0,0,0,0,0,0,0,0,0,0,0,0,0,0,0,0,0,0,0,0,0,0,0,0,0,0,0,0,0,0,0,0,0,0,0,0,0,0,0,0,0,0,0,0,0,0,0,0,0,0,0,0,0.15,0.381,0.159,0.297,0.449,0.447,0,0,0,0,0,0,0,0,0,0,0,0,0,0,0,0,0,0,0,0,0,0,0,0,0,0,0,0,0,0,0,0,0,0,0,0,0,0,0,0,0,0,0,0,0,0,0,0,0,0,0,0,0,0,0,0,0,0,0,0,0,0,0,0,0,0,0,0,0,0,0,0,0,0,0
856142,0,0,0,0,0,0,0.284,0,0,0.292,0,0,0,0,0,0,0,0,0.553,0.159,0,0,0.219,0,0,0,0,0.181,0.198,0,0,0,0,0,0,0,0,0,0,0,0.298,0,0,0,0,0,0,0,0,0,0,0,0,0,0,0,0,0,0,0,0.451,0,0,0,0,0,0,0,0,0,0,0,0,0,0,0,0,0.257,0,0,0,0,0.181,0,0,0,0,0,0,0,0,0,0,0.159,0,0,0,0,0.6,0,0,0.174,0.172,0,0,0,0,0,0,0,0,0,0,0,0,0,0,0,0,0,0,0.313,0,0,0,0,0,0,0,0,0,0,0,0,0,0,0,0,0,0,0,0,0,0.331,0,0.175,0,0,0,0,0,0,0,0,0,0,0,0,0,0,0,0.19,0.162,0.15,0.605,0.312,0.354,0.975,0,0.177,0,0,0,0,0,0,0,0,0,0,0,0,0,0,0.173,0,0,0,0,0,0,0,0,0,0,0,0,0,0,0,0,0,0,0,0,0,0,0,0,0,0,0,0,0,0,0,0,0,0,0,0,0,0,0,0,0,0,0,0,0,0,0,0,0,0,0,0,0,0,0,0,0,0,0,0,0,0,0,0,0,0,0,0.228,0,0,0,0,0,0,0,0,0,0,0,0,0,0,0,0,0,0,0,0,0,0,0,0,0,0,0,0,0,0,0,0,0,0,0,0,0,0,0,0,0,0,0,0,0,0,0,0,0,0,0,0,0,0,0,0,0,0,0,0,0,0,0,0,0,0,0,0,0,0,0,0,0,0,0,0,0,0,0,0,0,0,0,0,0,0,0,0,0,0,0,0,0,0,0,0,0,0,0,0,0,0,0,0,0,0,0,0,0,0,0,0,0,0,0,0,0,0,0,0,0,0,0,0,0,0,0,0,0,0,0,0,0,0,0,0,0,0,0,0,0,0,0,0,0,0,0,0,0,0,0,0,0,0,0,0,0,0,0,0,0,0,0,0,0,0,0,0,0,0,0,0.46,0,0,0,0,0,0,0,0,0,0,0,0,0,0,0,0,0,0,0,0,0,0,0,0,0,0,0,0,0,0,0,0,0,0.256,0,0,0,0,0,0,0,0,0,0,0,0,0,0,0,0,0,0,0,0,0,0,0.193,0,0,0,0,0,0,0,0,0,0,0,0,0,0,0,0,0,0,0,0,0,0,0,0,0,0,0,0,0,0,0,0,0,0,0,0.186,0,0,0.396,0,0,0,0,0,0,0,0,0,0,0,0,0,0,0,0,0,0,0,0,0,0,0,0,0,0,0,0,0,0,0,0,0,0,0,0,0,0,0,0,0,0,0,0,0,0,0,0.379,0,0,0.159,0,0,0,0,0,0,0,0,0,0,0,0,0,0,0,0,0,0,0,0,0,0,0,0,0,0,0,0,0,0,0,0,0,0,0,0,0,0,0,0,0,0.169,0,0,0,0,0,0,0,0,0,0,0,0,0,0,0,0.416,0,0,0,0,0,0,0,0,0,0,0,0,0,0,0,0,0,0,0,0,0,0,0,0,0,0,0,0,0,0,0,0,0,0,0,0,0,0,0,0,0,0,0,0,0,0,0,0,0,0,0,0,0,0,0,0,0,0,0,0,0,0,0,0,0,0,0,0,0,0,0,0,0,0,0,0,0,0,0,0,0,0,0,0,0,0,0,0,0,0,0,0,0,0,0,0,0,0,0,0,0,0,0,0,0,0,0,0,0,0,0,0,0,0,0,0,0,0,0,0,0,0,0,0,0,0,0,0,0,0,0,0,0,0,0,0,0,0.164,0,0,0,0,0,0,0,0,0,0,0,0,0,0,0,0,0.426,0,0,0,0,0,0,0,0,0,0,0,0,0,0,0,0,0,0,0,0,0,0,0,0,0,0,0,0,0,0,0,0,0,0,0,0,0,0,0,0,0,0,0,0,0,0.171,0,0,0,0,0,0,0,0,0,0,0,0,0,0,0,0,0,0,0,0,0,0,0,0,0,0,0,0,0,0,0,0,0,0,0,0.228,0,0,0,0,0,0,0,0,0,0,0,0,0,0,0,0,0,0,0,0,0,0,0,0,0,0,0,0,0,0,0,0,0,0,0,0,0,0,0,0,0,0,0,0,0,0,0,0,0,0,0,0,0,0,0,0,0,0,0,0,0,0,0,0,0,0,0,0,0,0,0,0,0,0,0,0,0,0,0,0,0,0,0,0,0,0,0,0,0,0,0,0,0,0,0,0,0,0,0,0,0,0,0,0,0,0.199,0,0,0,0,0,0,0.172,0,0,0,0,0,0,0,0,0.228,0,0,0,0,0,0,0,0,0,0.228,0,0,0,0,0,0,0,0,0,0,0,0,0.228,0,0.228,0,0,0,0,0,0,0,0,0,0,0,0,0,0,0,0,0,0,0,0,0,0,0,0,0,0,0,0,0,0,0,0,0,0,0,0,0,0,0,0,0,0,0,0,0,0,0,0,0,0,0,0,0,0,0,0,0,0,0,0,0,0,0,0,0,0,0,0.211,0,0,0,0,0,0,0,0,0,0,0,0,0,0,0,0,0,0,0,0,0,0.266,0,0,0,0,0,0,0,0,0.358,0,0,0,0,0,0,0,0,0,0,0,0,0,0,0,0,0,0,0,0,0,0,0,0,0,0.297,0,0,0,0,0,0,0,0,0,0,0,0,0,0.239,0,0,0,0,0,0,0,0,0,0,0,0,0,0,0,0,0,0,0,0,0,0,0,0,0,0,0,0,0,0,0,0,0,0,0,0,0,0,0,0,0,0,0.229,0,0,0,0,0,0,0,0,0,0,0,0,0,0,0,0,0,0,0.384,0,0,0,0,0,0,0,0,0,0,0,0,0,0,0,0,0,0,0,0,0,0,0,0,0,0,0,0,0,0,0,0,0,0,0,0.243,0,0,0,0,0,0,0,0,0,0,0.236,0,0,0,0,0,0.277,0,0,0,0,0,0,0,0,0,0,0,0,0,0,0,0,0,0.166,0,0,0,0,0,0.296,0,0,0,0,0,0,0,0,0,0,0,0,0,0,0,0,0,0,0,0,0,0,0,0,0,0,0,0,0,0,0,0,0,0,0.183,0,0,0,0,0,0,0,0,0,0,0,0,0,0,0,0,0,0,0,0,0,0,0,0,0,0,0,0,0,0,0.217,0,0,0,0,0,0,0,0,0,0,0,0,0,0,0,0,0,0,0,0,0,0,0,0,0,0,0,0,0,0,0,0,0,0,0,0,0,0,0,0,0.159,0,0,0,0,0,0,0,0,0,0,0,0,0,0,0,0,0,0,0,0,0,0,0,0,0,0,0,0,0,0,0,0,0,0,0,0,0,0,0,0,0,0,0,0,0,0,0,0,0,0,0,0.221,0,0,0.229,0,0,0,0,0,0,0,0,0,0,0.24,0,0,0,0,0,0,0,0,0,0,0,0,0,0,0.954,0,0,0,0,0,0,0,0,0,0,0,0,0,0,0,0,0,0,0,0,0,0,0,0,0,0,0,0,0.298,0,0,0,0,0,0,0,0,0,0,0,0,0.22,0,0,0,0,0,0,0,0,0,0,0,0,0,0,0,0,0,0,0,0,0,0,0,0,0,0,0,0,0,0,0,0,0,0,0.371,0,0,0,0,0,0,0,0,0,0,0,0,0,0,0,0,0,0.256,0,0,0,0,0,0,0,0,0,0,0,0,0,0.827,0,0,0,0,0,0,0,0,0.682,0,0,0,0.198,0,0,0,0,0,0,0,0,0.443,0,0,0,0,0,0.682,0,0,0,0,0,0,0,0,0,0,0,0,0,0,0,0,0,0,0,0,0,0,0,0,0,0,0,0,0,0,0,0,0,0,0,0,0,0,0,0,0,0,0,0,0,0,0,0,0,0,0,0,0,0,0,0,0,0,0,0,0,0,0,0,0,0,0,0,0,0,0,0,0,0,0,0,0,0,0,0,0,0,0,0,0,0,0,0,0,0,0,0,0,0,0,0,0,0,0,0,0,0,0,0,0,0,0,0,0,0,0,0,0,0,0,0,0,0,0,0.198,0,0,0,0,0,0,0,0,0,0,0,0,0,0,0,0,0,0,0,0,0,0,0,0,0,0,0.292,0,0,0,0,0,0,0,0,0,0,0,0,0,0,0,0,0,0,0,0.169,0,0,0,0,0,0,0,0,0,0,0,0,0,0,0,0,0,0,0,0,0,0,0,0,0,0,0,0,0,0.359,0,0,0,0,0,0,0,0,0,0,0,0,0,0,0,0,0,0,0,0,0,0,0,0,0,0,0,0,0,0,0,0,0,0,0,0,0,0,0,0,0,0,0,0,0,0,0,0,0,0,0,0,0,0,0,0,0,0,0.378,0,0,0,0,0,0,0,0,0,0,0,0,0,0,0,0,0,0,0,0,0,0,0,0,0,0,0,0,0,0,0,0,0,0,0,0,0,0,0,0,0,0,0,0,0,0,0,0,0,0,0,0,0,0,0,0,0,0,0,0,0,0,0,0,0,0,0,0,0,0,0,0.209,0,0,0,0,0,0,0,0,0,0.152,0,0,0,0,0,0,0,0,0,0,0,0,0,0,0.319,0,0,0,0,0,0,0,0,0,0,0,0,0,0,0,0.15,0,0,0,0,0,0,0,0,0,0.153,0,0,0,0,0,0,0,0.317,0,0,0,0,0,0,0,0,0,0,0,0,0,0,0,0,0,0,0,0,0,0,0,0,0,0,0,0,0,0,0,0,0,0,0,0,0,0.292,0.157,0,0,0,0,0,0,0,0,0,0,0,0,0,0,0,0,0,0,0,0,0,0,0,0,0.292,0,0,0,0,0,0,0,0,0,0,0,0,0,0,0,0,0,0,0,0,0,0,0,0,0,0,0,0,0,0,0,0,0,0,0,0,0,0,0,0,0,0,0,0,0,0,0,0,0,0,0,0,0,0.227,0,0,0,0,0,0,0,0,0,0,0,0,0,0,0,0,0,0,0,0,0,0,0,0,0,0,0,0,0,0,0,0,0,0,0,0,0,0,0,0,0,0,0,0,0,0,0,0,0,0,0,0,0,0,0,0,0,0,0,0.229,0,0,0,0,0,0,0,0,0,0,0,0,0,0,0,0,0,0,0,0,0,0,0,0,0.185,0,0,0,0,0,0,0,0,0,0,0,0,0,0.163,0,0,0,0,0,0,0,0,0,0,0,0,0,0,0,0,0,0,0,0,0,0,0,0,0,0,0,0,0,0,0,0,0,0.333,0,0,0,0,0,0,0,0,0,0,0,0,0,0,0,0,0,0,0,0,0,0,0,0,0,0,0,0,0,0,0,0,0,0,0,0,0,0,0,0,0,0,0,0,0,0,0,0,0,0,0,0,0,0,0,0,0,0,0,0,0,0,0,0,0,0,0,0,0,0,0,0,0,0,0,0,0,0,0,0,0,0,0,0,0,0,0,0,0,0,0,0,0,0,0,0,0,0,0,0,0,0,0,0,0,0,0,0,0,0,0,0,0,0,0.385,0,0,0,0,0,0,0,0,0,0,0,0,0,0,0,0,0,0,0,0,0,0,0,0,0,0,0,0,0,0,0,0,0,0,0,0,0,0,0,0,0,0,0.166,0,0,0,0,0,0,0,0,0,0.25,0,0,0,0,0,0,0,0,0,0,0,0,0,0,0,0,0,0,0,0,0,0,0,0,0,0,0,0,0,0,0,0,0,0,0,0,0,0,0,0,0,0,0,0,0,0,0.364,0,0,0,0,0,0,0,0,0,0,0,0,0,0.637,0,0,0,0,0,0,0,0.782,0,0,0,0.241,0,0,0,0,0,0,0,0,0,0,0.445,0,0,0,0,0,0,0,0,0,0,0,0,0,0,0,0,0.195,0,0,0,0.237,0,0,0,0,0,0,0,0,0,0,0,0,0,0,0,0,0,0,0,0,0,0,0,0,0,0,0,0,0,0,0,0,0,0,0,0,0,0,0,0,0,0,0.153,0,0,0,0,0,0,0,0,0,0,0,0,0,0,0,0,0,0,0,0,0,0,0,0,0,0.845,0.15,0,0,0,0,0,0,0,0.372,0,0,0,0,0.314,0,0,0.258,0,0,0,0,0,0,0,0,0,0,0,0,0,0,0,0,0,0,0,0,0,0,0,0,0,0,0,0,0,0,0,0,0,0,0,0,0,0,0,0,0,0,0,0,0,0,0,0,0,0,0,0,0,0,0,0,0,0,0,0,0,0,0,0,0,0,0,0,0,0,0,0,0,0,0,0,0,0,0,0,0.356,0,0,0,0,0,0,0,0,0,0,0,0,0,0,0,0,0,0,0,0,0,0,0,0,0,0,0,0,0,0,0,0,0,0,0,0,0,0,0,0,0,0,0,0,0,0,0,0,0,0,0,0,0,0,0,0,0,0,0,0.289,0,0,0,0,0,0,0,0,0,0,0,0,0,0,0,0,0,0,0,0,0,0,0,0,0,0,0,0,0,0,0,0,0,0,0,0,0,0,0,0,0,0,0,0,0,0,0,0,0,0,0,0,0,0,0,0,0,0,0,0,0,0,0,0,0,0,0,0,0,0,0,0,0,0,0,0,0,0,0,0,0,0,0,0,0,0,0,0,0,0,0,0,0,0,0,0,0,0,0,0,0,0,0,0,0,0,0,0,0,0,0,0,0,0,0,0,0,0,0,0,0,0,0,0,0,0,0,0,0,0,0,0,0,0,0,0,0,0,0,0,0,0,0,0,0,0,0,0,0,0,0,0,0,0,0,0,0,0,0,0,0,0,0,0,0,0,0,0,0,0,0,0,0.258,0,0,0,0,0,0,0,0,0,0,0,0.194,0,0,0,0,0,0,0,0,0,0,0,0,0,0,0,0.277,0,0,0,0,0,0,0,0,0,0,0,0,0,0,0,0,0,0,0,0,0,0,0,0,0,0,0,0,0,0,0,0,0,0,0,0,0,0,0,0,0,0,0,0,0,0,0,0,0,0,0,0,0,0,0,0,0,0,0,0.193,0,0,0,0,0,0,0,0,0,0,0,0,0,0,0,0,0,0,0,0,0,0,0,0,0,0,0,0,0,0,0,0,0,0,0,0,0,0,0,0,0,0.154,0.446,0,0,0.289,0,0,0,0,0,0,0,0,0,0,0,0,0,0,0.192,0,0,0,0,0,0,0,0,0,0,0,0,0,0,0,0,0.289,0,0,0,0,0,0,0,0,0,0,0,0,0,0,0,0,0,0,0,0,0,0,0,0,0,0,0,0,0,0,0,0,0,0,0,0,0,0,0,0,0,0,0,0,0,0,0,0.197,0,0,0,0,0,0,0,0.241,0,0,0,0,0,0,0,0,0,0.352,0,0,0,0,0,0,0,0,0,0,0,0,0,0,0,0,0,0,0,0,0,0,0,0,0,0,0,0,0,0,0,0,0,0,0,0,0,0,0,0,0,0,0,0,0,0,0,0,0,0,0,0,0,0,0,0,0,0,0,0,0,0,0,0,0,0,0,0,0,0,0,0,0,0,0,0,0,0,0,0,0,0,0,0,0,0,0,0,0,0,0,0,0,0,0,0,0,0,0,0,0,0,0,0,0,0,0,0,0,0,0,0,0,0,0,0,0,0,0,0.357,0,0,0,0,0,0,0,0,0,0,0,0,0,0,0,0,0,0,0,0,0,0,0,0,0,0,0,0,0,0,0,0,0,0,0,0,0.247,0,0,0,0,0,0,0,0,0,0,0,0,0,0,0,0,0,0,0,0,0,0,0,0.298,0,0,0,0,0,0,0,0,0.228,0,0,0,0,0,0,0,0,0,0,0,0,0,0,0,0,0,0,0,0,0,0,0,0,0,0,0,0.796,0,0,0,0,0,0.159,0,0,0,0,0,0,0,0,0,0,0,0,0,0,0,0,0.415,0,0,0,0,0,0.286,0,0,0,0,0,0,0,0,0,0,0,0,0,0,0,0,0,0,0,0,0,0,0,0,0,0,0,0,0,0.196,0,0,0,0,0,0,0,0,0.19,0,0.309,0,0,0,0,0,0,0,0,0,0,0,0.169,0,0,0,0,0,0,0,0,0,0,0,0,0,0,0,0,0,0,0,0,0,0,0,0,0,0,0,0,0,0,0,0,0,0,0,0,0,0,0,0,0,0,0,0,0,0,0.221,0,0.179,0,0,0,0,0,0,0,0,0,0,0,0,0,0,0,0,0.172,0,0.3,0,0,0,0,0,0,0,0,0,0,0,0,0.241,0,0,0,0,0,0,0,0,0,0,0,0,0,0,0.714,0,0,0,0,0,0,0.173,0,0,0,0,0,0,0,0,0,0,0,0,0,0,0,0,0.179,0,0,0,0.179,0,0,0,0,0,0,0,0,0,0,0,0,0,0,0,0,0,0,0,0,0,0,0,0,0,0,0,0,0,0,0,0,0,0,0,0,0,0,0,0,0,0,0,0,0,0,0,0,0,0,0,0,0,0,0,0,0,0,0,0,0,0,0,0,0,0,0,0,0,0,0,0,0,0,0,0,0,0,0,0,0,0,0,0,0,0,0,0,0,0,0,0,0,0,0,0,0,0,0,0,0,0,0,0,0,0,0,0,0,0,0,0,0,0,0,0,0,0,0,0,0,0,0,0,0,0,0,0,0,0,0,0,0,0,0,0,0,0,0,0,0,0,0,0,0,0,0,0,0,0,0,0,0,0,0,0,0,0,0,0.219,0,0,0,0,0,0,0,0,0,0,0,0,0,0,0,0,0,0,0.387,0,0,0,0,0,0,0,0.807,0,0,0,0,0,0.785,0,0,0,0,0.737,0,0,0,0,0,0,0,0,0,0,0,0,0,0,0,0,0,0,0,0,0,0,0,0,0,0,0,0,0,0,0,0,0,0.698,0,0,0,0.26,0,0,0,0,0,0,0,0,0,0,0,0,0,0,0,0,0,0,0,0,0,0,0,0,0,0,0,0.309,0,0,0.512,0,0,0,0,0,0,0,0,0,0,0,0,0,0,0,0.216,0,0,0,0,0,0,0.282,0,0,0,0,0,0,0,0,0,0,0,0,0,0,0,0,0,0,0,0,0,0,0,0,0,0,0,0,0,0,0,0,0,0,0,0,0,0,0,0,0,0,0,0,0,0,0,0,0,0,0,0,0,0,0,0,0,0,0,0,0,0,0,0,0,0,0,0,0,0,0.207,0,0,0,0,0,0,0,0,0,0,0,0,0,0,0,0,0,0,0,0,0,0,0,0,0,0,0,0,0,0,0,0,0,0,0.313,0,0,0,0,0,0,0.274,0.333,0,0,0.212,0,0,0,0.357,0,0,0,0,0,0,0.367,0,0,0,0,0,0,0,0,0,0.339,0,0,0,0,0,0,0,0,0,0,0,0,0,0,0,0,0,0,0,0,0,0,0,0,0,0,0,0,0,0,0,0,0,0,0,0,0,0,0,0,0,0,0,0,0,0,0,0,0,0,0,0,0,0,0,0,0,0,0,0,0,0,0,0,0,0,0,0,0,0,0,0,0,0,0,0,0,0,0,0,0,0,0,0,0,0,0,0,0,0,0,0.214,0,0,0,0,0,0,0,0,0,0,0.331,0,0.169,0,0,0,0,0,0,0,0,0.377,0,0,0,0,0,0,0,0.183,0.194,0,0,0,0,0,0,0,0,0,0,0.151,0,0,0,0,0,0,0,0,0,0,0,0,0,0,0,0,0,0,0,0,0,0.489,0,0,0,0,0,0,0,0,0,0,0,0,0,0,0,0,0,0,0,0.161,0,0,0,0,0,0,0,0,0,0,0,0,0.357,0.353,0.171,0,0,0,0,0,0,0,0,0,0,0,0,0,0,0,0,0,0,0,0,0,0,0,0,0,0,0,0,0,0,0,0,0,0,0,0,0,0,0,0,0,0,0,0,0,0,0,0,0,0,0,0,0,0,0,0,0,0,0,0,0,0,0,0,0,0,0,0,0,0,0,0
856263,0,0.197,0.187,0,0,0,0.787,0.235,0.167,0.238,0,0,0,0,0,0,0,0.211,0,0.166,0,0,0,0,0.191,0,0,0.211,0,0,0,0,0,0,0,0,0,0,0,0,0,0,0,0,0,0.251,0,0.152,0,0,0.675,0,0,0,0,0,0,0,0,0,0.274,0.261,0.156,0,0,0,0.201,0,0.673,0,0.54,0.207,0,0,0,0.356,0,0,0,0,0,0,0,0,0,0.274,0,0,0,0,0.373,0,0,0,0.197,0,0.859,0.377,0.292,0.157,0,0.154,0,0,0.167,0,0.286,0,0,0.328,0,0,0,0,0.164,0,0,0,0.152,0,0,0,0,0,0,0,0,0,0,0,0,0,0,0,0,0.645,0,0,0,0.368,0,0,0.381,0,0,0.238,0,0,0,0.158,0.454,0,0.206,0.184,0,0.159,0,0,0,0,0,0,0,0,0.245,0,0,0,0,0,0,0,0,0,0,0,0,0.362,0,0.187,0,0.356,0,0.286,0,0,0,0,0.309,0,0,0,0,0,0,0,0,0.361,0.159,0,0.942,0,0.336,0,0,0,0,0,0,0.365,0,0,0,0,0,0,0,0,0.693,0,0,0,0.178,0,0.596,0.613,0,0.151,0,0,0,0,0,0,0,0.171,0,0,0,0,0,0,0.219,0,0,0,0,0.221,0,0.215,0,0,0,0,0,0,0,0,0,0.24,0,0,0,0.216,0,0,0,0,0,0,0,0,0,0,0,0,0,0,0,0,0,0,0,0.312,0.594,0,0,0,0,0,0,0,0.261,0,0,0,0.508,0,0,0,0,0,0,0,0,0,0,0.385,0.606,0,0,0,0,0.526,0,0,0,0,0,0,0,0,0,0,0,0,0,0,0,0,0,0.26,0,0.301,0,0.265,0,0.788,0.157,0.42,0,0,0,0.206,0,0,0.171,0,0,0,0,0.295,0,0,0.257,0,0,0,0.195,0,0.553,0,0,0,0,0,0.224,0,0,0,0.376,0,0.248,0,0,0,0,0.997,0,0,0,0,0,0,0,0,0,0,0,0,0,0,0.211,0,0,0,0,0,0,0.951,0.395,0,0.251,0,0.305,0,0,0,0,0,0.565,0,0,0.182,0.159,0,0,0,0.649,0.218,0.19,0,0,0.394,0,0,0,0.783,0,0,0,0,0.524,0,0,0,0,0,0.95,0,0,0.297,0,0,0.193,0,0,0,0,0,0.242,0,0,0,0,0.221,0,0,0,0,0,0,0,0,0,0.998,0,0,0,0,0,0,0,0.183,0,0,0,0,0,0,0,0,0,0,0,0.875,0,0,0.354,0,0.645,0,0.622,0,0.223,0,0.649,0,0.24,0,0,0.213,0,0,0,0.155,0.182,0,0,0,0,0,0,0.175,0,0,0.232,0,0,0,0,0,0,0,0,0,0,0.97,0.271,0,0,0,0,0,0,0.405,0,0,0,0.584,0.266,0,0,0,0,0.345,0,0,0,0,0,0,0.919,0,0,0,0.944,0.152,0,0,0,0,0,0,0,0,0,0,0,0,0.163,0,0,0.36,0,0,0,0.167,0,0.429,0,0,0,0,0.229,0,0,0.175,0,0,0,0,0.386,0.204,0,0,0,0,0,0.215,0,0,0,0,0,0,0,0,0,0,0.989,0.159,0,0,0,0,0,0,0.545,0,0,0,0.325,0,0,0,0,0,0.371,0,0.497,0,0,0,0,0,0,0,0,0,0,0,0,0,0,0,0,0,0,0,0,0,0,0,0,0.304,0,0,0,0,0,0,0,0,0,0,0,0.827,0,0,0,0,0.761,0,0,0,0,0,0.874,0,0,0,0,0,0,0.336,0,0,0.211,0.93,0,0,0,0,0,0,0,0,0,0,0,0,0.254,0,0,0,0,0,0,0,0,0.272,0.895,0,0,0.232,0,0,0,0,0,0,0.15,0,0.445,0,0.416,0,0.361,0,0,0,0,0,0,0,0,0,0.915,0,0,0,0,0,0,0,0,0,0.898,0,0,0,0,0,0,0,0,0,0,0,0,0,0,0,0.246,0.25,0,0,0,0.952,0.888,0,0,0.542,0,0,0,0,0,0,0,0,0,0.306,0.184,0,0,0.194,0.253,0,0.44,0,0,0.264,0,0,0.192,0.387,0,0.649,0.907,0,0,0,0,0,0,0,0.679,0,0,0,0,0,0,0,0,0,0,0,0.191,0,0.294,0,0,0,0,0,0,0,0,0,0,0,0,0,0,0.15,0,0,0,0,0,0,0,0.357,0,0,0,0.436,0,0.179,0,0,0,0,0,0,0,0,0.49,0,0,0.164,0,0,0,0,0,0,0,0,0,0,0,0,0,0.908,0,0,0,0,0,0,0,0.874,0,0,0,0,0.192,0,0,0,0,0,0,0,0,0.297,0,0,0.172,0.25,0,0,0.165,0.22,0,0,0,0.273,0,0,0,0.913,0,0,0.246,0,0,0,0,0,0,0,0,0,0,0,0,0,0,0,0,0,0,0,0,0,0,0,0.317,0,0,0,0,0.981,0,0,0,0,0,0,0.506,0,0.213,0,0,0,0,0,0,0,0,0,0,0.362,0,0,0,0,0,0,0,0,0,0,0,0,0,0,0,0,0,0,0,0,0,0,0,0,0,0,0,0,0,0,0.157,0,0,0,0,0,0,0,0,0,0.27,0,0,0,0,0,0,0,0,0,0,0,0.309,0,0,0,0,0.232,0,0,0,0.222,0,0,0,0,0.161,0,0.179,0.222,0,0,0,0,0,0.504,0,0,0,0,0.898,0.296,0.164,0,0,0,0,0,0.535,0,0,0.157,0.151,0,0.159,0,0,0.896,0,0,0,0,0,0,0,0,0.293,0,0,0,0,0.238,0.264,0,0,0,0,0,0,0,0,0,0.171,0,0.396,0.368,0.157,0,0,0,0,0,0,0.237,0,0.237,0,0,0,0,0.225,0,0,0,0,0.293,0,0,0.173,0,0.157,0,0,0.193,0,0.575,0,0,0,0,0,0.343,0,0,0.465,0,0,0,0,0.569,0,0.232,0,0,0.157,0.179,0.199,0,0,0,0,0,0,0,0,0,0,0.175,0,0,0,0,0,0.293,0,0,0,0,0,0,0,0.248,0,0,0.256,0.187,0,0,0.167,0,0.187,0,0,0,0,0,0,0,0.326,0,0,0,0.265,0,0,0,0,0,0,0,0,0,0,0,0,0.552,0,0,0,0.157,0,0,0,0.164,0,0.341,0,0,0,0,0,0.234,0,0,0,0.226,0,0,0,0,0,0,0,0.156,0,0.539,0,0,0.275,0,0,0,0.234,0.269,0,0,0.743,0,0,0,0,0,0,0,0.276,0,0,0,0,0,0.161,0.173,0,0,0,0.36,0,0,0.194,0,0,0,0,0,0,0.168,0,0.256,0,0,0,0,0,0,0.197,0,0.458,0.203,0,0,0,0,0,0,0,0.246,0.175,0.197,0,0,0,0,0.348,0.207,0,0,0,0,0,0,0,0,0,0,0,0,0,0,0,0,0,0.229,0.265,0,0,0,0.609,0.544,0,0,0,0,0,0,0.177,0.178,0.158,0,0,0,0,0.169,0,0,0.665,0,0,0,0,0,0,0,0,0,0.207,0.22,0.172,0.19,0,0.157,0,0,0.28,0,0,0,0,0.339,0,0,0,0,0,0.33,0,0.196,0,0.168,0,0.628,0,0,0,0.265,0,0,0.174,0,0,0,0,0,0,0.157,0,0,0,0,0,0,0,0,0,0.205,0,0,0.972,0,0.152,0,0,0,0,0.155,0.151,0,0.448,0,0.293,0,0.449,0,0,0,0,0,0,0,0.157,0,0,0,0,0,0,0,0,0,0,0.244,0.435,0,0,0,0,0.269,0,0,0.29,0,0.681,0,0,0,0,0,0,0,0,0,0,0,0,0,0,0,0,0.242,0,0,0,0,0,0,0,0,0,0,0,0.155,0,0,0.187,0,0,0,0,0,0,0,0.175,0.185,0,0.157,0,0,0,0.31,0,0,0.319,0,0,0,0,0,0.293,0,0,0,0,0,0,0,0,0.157,0,0,0,0.283,0,0.191,0,0,0.159,0,0,0,0,0,0,0,0,0.484,0,0,0.585,0,0,0,0,0,0,0.157,0,0,0,0,0,0.268,0,0,0,0,0,0,0,0,0,0,0,0.927,0.179,0,0,0.901,0,0,0,0,0.945,0,0,0,0,0,0,0,0,0,0,0,0,0,0,0,0,0,0,0,0,0,0,0,0,0,0.902,0.24,0,0,0,0.207,0,0,0,0,0,0,0,0.908,0,0,0,0,0,0,0,0,0,0,0,0,0,0,0,0,0,0,0,0,0,0,0.904,0,0,0,0,0,0,0.449,0,0,0,0,0,0,0,0,0,0.907,0,0,0,0.262,0,0,0,0,0.59,0,0,0.991,0,0,0,0,0.81,0,0.355,0,0,0,0,0,0,0,0,0,0,0,0,0,0,0,0.239,0,0,0,0,0.358,0,0,0,0,0,0,0,0,0,0,0,0,0,0,0,0,0,0,0,0,0,0,0,0,0,0,0,0,0,0,0,0,0,0,0,0,0,0,0,0,0,0,0,0,0,0,0,0,0,0,0,0,0,0,0,0,0,0,0,0,0,0,0,0,0,0.262,0,0,0,0,0,0,0,0,0,0,0,0,0,0,0,0,0.311,0,0,0,0,0,0,0,0.309,0,0,0,0,0,0,0,0,0,0,0,0,0,0,0,0,0,0.151,0,0,0,0,0,0,0,0,0,0,0,0,0,0,0,0,0.154,0,0,0,0,0,0,0,0,0,0,0,0,0,0,0,0.956,0,0,0,0,0,0,0,0,0,0,0,0,0,0,0,0.205,0,0,0.907,0,0,0,0,0,0,0,0,0,0,0,0,0,0,0,0,0.183,0,0,0,0,0,0,0,0.3,0,0,0,0,0,0,0,0,0,0,0,0,0,0,0,0,0,0,0,0,0.647,0,0,0,0,0,0.17,0,0,0,0,0,0,0,0,0,0,0,0,0,0.186,0,0,0,0,0,0,0,0,0,0.476,0,0,0,0,0,0,0,0,0,0,0.44,0,0,0,0,0,0,0.163,0,0,0,0,0,0,0.15,0,0,0.234,0,0,0,0,0.223,0,0,0,0,0,0,0,0,0,0,0.175,0.151,0,0,0,0.166,0,0,0,0,0,0,0.175,0.915,0,0,0,0,0,0,0,0.193,0,0,0,0,0,0,0,0,0.163,0.175,0,0,0,0,0,0,0,0,0,0,0,0,0,0.403,0,0,0,0,0,0,0,0,0.175,0,0,0.915,0.15,0,0,0,0.156,0,0,0,0,0.183,0.175,0,0,0,0,0,0,0,0,0,0,0.551,0,0,0,0,0.196,0,0,0,0,0.467,0,0,0,0,0,0,0,0,0,0.177,0,0,0,0,0,0,0,0.273,0,0,0.216,0,0,0.799,0,0,0,0,0,0,0,0,0,0,0,0.907,0,0.202,0,0.22,0.152,0,0,0,0,0.158,0.35,0,0.87,0,0.566,0,0.204,0,0,0,0.242,0,0,0,0,0.198,0,0,0.711,0,0.385,0,0,0,0,0.172,0,0,0,0,0,0,0,0,0,0,0,0,0,0,0,0.517,0,0,0,0,0,0,0.179,0,0,0,0,0,0,0,0,0,0,0,0,0,0,0.211,0,0,0,0,0,0,0,0,0,0,0,0,0,0,0,0,0,0,0,0,0,0,0,0,0,0,0,0,0,0,0,0,0,0,0,0,0,0,0,0,0,0,0,0,0,0,0,0,0,0,0,0,0,0,0,0,0,0,0,0.9,0,0,0,0,0.159,0,0,0.172,0,0,0,0,0,0,0,0,0.249,0,0,0,0,0,0,0,0,0,0,0,0,0,0,0,0,0,0,0,0,0,0,0,0,0,0,0.252,0,0,0,0,0,0,0,0.438,0,0,0,0,0,0,0.215,0,0,0,0,0,0,0,0,0,0,0,0,0,0,0,0.167,0,0,0,0,0,0,0.217,0,0.247,0,0,0,0,0,0,0,0,0,0,0,0,0,0,0.258,0,0,0,0,0,0,0,0,0,0.217,0,0,0,0,0,0,0,0,0,0,0,0,0,0,0,0,0,0,0,0.252,0,0,0.29,0.252,0,0,0.255,0.171,0.242,0,0,0,0,0.586,0.329,0,0,0,0,0,0,0,0,0,0,0,0.72,0,0,0,0,0,0,0,0,0,0,0,0,0,0,0,0,0.746,0.68,0,0,0.192,0,0.165,0,0,0,0,0,0,0,0,0,0,0,0,0,0,0.169,0,0,0,0,0.228,0,0,0,0,0.647,0,0.647,0,0,0,0,0,0,0,0,0,0,0,0,0.176,0,0,0,0,0.207,0,0,0,0,0,0,0,0.394,0,0,0,0,0.467,0,0,0.153,0,0,0,0,0,0,0,0,0,0,0,0,0,0,0,0,0,0,0.151,0,0,0,0.53,0,0,0,0,0,0.212,0,0,0.338,0,0,0,0,0,0,0,0,0,0,0.394,0,0,0,0,0,0,0,0.155,0,0,0,0,0,0,0,0.2,0,0,0,0,0,0,0,0,0,0.396,0,0,0,0,0,0,0,0,0,0,0,0,0,0,0,0.309,0,0,0,0,0.569,0,0,0,0,0,0.386,0.901,0.989,0,0.35,0,0,0,0,0,0,0,0.887,0,0,0,0,0,0,0,0,0,0,0,0,0,0,0.296,0,0,0,0,0,0,0.155,0,0,0,0.207,0,0,0,0,0,0.902,0,0.159,0,0,0,0,0,0,0,0,0,0.17,0.268,0,0,0.902,0.523,0,0,0.954,0,0,0,0.662,0,0,0,0,0.65,0,0,0,0,0,0,0,0,0.247,0,0,0,0,0,0,0,0,0,0,0.391,0,0,0.555,0.953,0,0,0.701,0,0,0,0,0,0.638,0,0,0.286,0,0,0.991,0,0,0,0,0,0,0,0,0,0,0,0,0.9,0,0.705,0.558,0.236,0,0,0,0.162,0,0,0,0,0,0,0,0,0.209,0,0,0.818,0,0,0,0,0.212,0,0,0,0,0,0,0,0,0,0,0,0,0,0,0,0,0,0,0,0,0,0,0,0,0,0,0,0,0,0,0,0,0,0,0,0,0,0,0,0,0,0,0,0,0,0,0,0,0,0,0.193,0,0,0,0,0,0,0,0,0,0,0,0,0,0,0,0,0,0,0,0.165,0,0,0,0,0,0,0,0,0,0,0,0,0,0,0,0,0,0,0,0.381,0,0,0,0,0,0,0,0,0,0,0,0,0,0,0,0,0,0,0,0,0,0,0,0,0,0,0,0,0,0,0,0,0,0,0,0,0,0,0,0,0,0,0,0,0,0,0,0,0,0,0,0,0,0,0,0,0,0,0.381,0,0,0,0,0,0,0,0,0,0,0,0,0,0,0,0,0,0,0,0,0,0,0.225,0,0,0,0,0,0,0,0,0,0,0,0,0,0,0,0,0,0,0,0,0,0,0,0,0,0.165,0,0,0,0,0,0,0,0,0,0,0,0,0,0,0,0,0,0,0,0,0,0,0,0,0,0,0,0,0,0,0,0,0,0,0,0,0,0,0,0.17,0,0,0,0,0,0,0,0,0,0,0,0,0,0,0,0,0,0,0,0,0,0.155,0,0,0.198,0,0,0,0,0,0,0,0,0,0.154,0,0,0,0,0,0,0,0.207,0,0.361,0,0,0,0,0,0,0,0,0,0,0,0,0,0,0,0,0,0.191,0,0,0,0,0.841,0,0,0,0,0,0,0,0,0,0,0,0,0,0,0,0,0,0,0,0,0,0,0,0,0.161,0,0,0,0,0,0,0,0,0,0,0,0,0,0,0,0,0,0,0,0,0,0,0,0,0,0,0,0,0,0,0,0,0,0,0,0,0,0,0,0,0,0,0,0.639,0,0,0,0,0,0,0,0,0,0,0,0,0,0,0,0,0,0,0,0,0,0,0,0,0,0,0,0,0,0,0,0,0,0,0,0,0,0,0,0,0,0,0,0,0,0,0,0,0,0.234,0,0,0,0,0,0,0,0,0,0,0,0,0,0,0,0,0,0,0,0.161,0,0,0,0,0,0,0,0.9,0,0.9,0,0,0,0,0,0,0,0,0,0,0.15,0,0,0,0,0,0,0,0,0,0,0,0,0,0,0,0,0,0,0.156,0,0,0,0,0,0,0,0.309,0,0,0,0,0,0,0,0,0,0,0,0,0,0,0,0,0,0,0,0,0,0,0,0,0,0,0,0.165,0,0,0,0,0,0,0,0,0,0,0,0,0,0,0,0,0,0,0,0,0,0,0,0,0,0,0,0,0.3,0,0,0,0,0,0,0,0,0,0,0,0,0,0,0,0,0,0,0,0,0,0,0,0,0,0,0,0,0,0,0,0,0,0,0,0,0,0,0,0,0,0,0,0,0,0,0,0,0,0.185,0,0,0,0,0,0,0,0.152,0,0,0,0,0,0,0,0,0,0,0,0,0,0,0,0,0,0,0,0,0,0,0,0,0,0,0,0,0,0,0,0,0,0,0,0,0,0,0,0,0,0,0,0,0,0,0,0,0,0,0,0,0,0,0,0,0,0,0,0,0,0,0,0,0,0,0,0,0.157,0,0,0,0,0,0,0,0,0,0,0,0,0,0,0,0,0,0,0,0,0,0,0,0.167,0,0,0,0,0,0.237,0,0,0,0,0,0,0,0,0,0,0,0,0,0,0,0,0,0,0,0,0,0,0,0,0,0,0.242,0,0,0.3,0,0,0,0,0,0,0,0,0,0,0,0,0,0,0,0,0,0,0,0,0,0,0.311,0,0,0,0,0,0,0,0,0,0.535,0,0,0,0,0,0,0,0,0.151,0,0,0,0,0,0,0,0,0,0,0,0,0,0,0,0,0,0,0,0.293,0,0,0,0,0,0,0,0,0,0,0,0,0,0,0,0,0,0,0,0,0,0,0,0,0,0,0,0,0,0,0,0.507,0,0,0,0,0,0,0,0,0,0,0,0,0,0,0,0,0,0,0,0,0,0,0,0,0,0,0,0,0,0,0,0,0,0,0,0,0,0,0,0,0,0,0,0,0,0,0,0,0,0,0,0,0,0,0,0,0,0,0,0,0,0,0.397,0,0,0.183,0,0,0,0,0.155,0,0,0,0,0,0,0,0,0,0,0,0,0,0,0,0,0,0,0,0,0,0,0,0,0,0,0,0,0.276,0,0,0,0,0,0,0,0,0,0,0,0,0,0,0,0,0,0,0,0,0,0,0,0,0,0,0,0,0,0,0,0,0,0,0,0,0,0,0,0,0,0,0,0,0,0,0,0,0,0,0,0,0,0,0,0,0,0,0,0,0,0,0.309,0,0,0.309,0,0,0,0,0,0,0,0,0,0,0,0,0,0,0,0,0,0,0,0,0,0.566,0,0,0,0,0,0,0,0,0,0,0,0,0,0,0,0,0,0,0.166,0,0,0,0,0,0,0,0,0,0,0,0,0,0,0,0,0,0,0,0,0,0,0,0,0,0,0.181,0,0,0,0,0,0,0,0.515,0,0,0,0,0.282,0,0,0,0,0,0,0,0,0,0,0.234,0,0,0,0,0,0,0,0,0,0,0,0,0,0,0,0,0,0,0,0,0,0.444,0,0.437,0,0,0.931,0,0,0,0,0,0,0,0,0,0,0,0,0,0,0,0,0,0,0,0,0,0,0,0,0,0,0,0,0,0,0,0,0,0,0,0,0,0.9,0,0.27,0,0,0,0,0,0,0,0,0,0,0,0,0,0,0,0,0,0,0,0,0,0,0,0,0,0,0,0,0,0,0,0,0,0,0,0,0,0,0,0,0,0,0,0,0,0,0,0,0,0,0,0,0.29,0,0,0,0,0,0,0,0,0,0,0,0,0,0,0,0,0,0,0,0,0,0,0,0,0,0,0,0,0,0,0,0,0,0,0,0,0,0,0,0,0,0.537,0,0,0,0,0,0,0,0,0,0,0,0,0,0,0,0,0,0,0,0,0,0,0,0,0,0,0.723,0.99,0,0.795,0,0,0,0,0,0,0,0,0,0,0,0,0,0,0,0,0,0,0,0,0,0,0.183,0,0,0.361,0,0,0,0,0,0,0,0,0,0,0,0,0,0,0,0,0,0,0.169,0,0,0,0,0,0,0,0,0,0,0,0,0,0.371,0,0,0,0.553,0,0,0.294,0.986,0.207,0,0,0,0.502,0.567,0.268,0.387,0,0,0,0,0,0,0,0,0,0,0,0,0,0,0,0,0,0,0,0,0,0,0,0,0,0,0,0,0,0,0,0,0.2,0,0,0,0,0,0,0,0,0,0,0,0,0,0,0,0,0,0,0,0,0,0,0,0,0,0,0,0,0,0,0,0,0,0,0,0,0,0,0,0,0,0,0,0,0,0,0,0,0,0,0,0,0,0,0,0,0,0,0,0,0,0,0,0,0,0,0,0,0,0,0,0,0,0,0,0,0,0,0,0,0,0,0,0,0,0,0,0,0,0,0,0,0,0,0,0,0,0,0,0.24,0.222,0.196,0,0,0,0,0,0,0,0,0,0,0,0,0,0,0,0,0,0,0,0,0,0,0,0,0,0,0,0,0,0,0,0,0,0,0,0,0,0,0,0,0,0,0,0,0,0,0,0,0,0,0,0,0,0,0,0,0,0,0,0,0,0,0,0,0,0,0,0,0
854083,0,0,0,0,0.166,0,0,0,0,0,0,0,0,0,0,0,0,0,0,0,0,0,0,0,0,0.155,0,0,0,0,0,0,0,0,0,0,0,0,0,0,0,0,0,0,0,0,0,0,0,0,0,0,0,0,0,0,0,0,0,0,0,0,0,0,0,0,0,0,0,0,0,0.235,0,0.226,0,0,0,0,0,0,0,0,0,0,0,0,0,0,0,0.483,0,0,0,0,0.483,0,0,0,0,0,0,0,0,0,0,0,0,0,0,0,0,0,0,0,0,0,0,0,0,0,0,0,0,0.333,0,0,0,0,0,0,0,0,0,0,0,0,0,0,0,0,0,0,0,0,0,0,0,0,0,0,0,0,0,0,0,0,0,0,0,0,0,0,0,0,0,0,0,0,0,0,0,0,0,0,0,0,0,0,0,0,0,0,0,0,0.162,0,0,0,0,0,0,0,0,0,0,0,0,0,0,0,0,0,0,0,0,0,0,0,0,0,0,0,0,0,0,0.394,0,0,0,0,0,0,0,0.173,0,0,0,0,0,0,0,0,0,0,0,0,0,0,0.646,0,0,0,0,0,0,0,0,0,0,0,0,0,0,0,0,0,0,0,0,0,0,0,0,0,0,0,0.169,0,0,0,0.155,0,0,0,0,0,0,0,0,0.437,0,0,0,0,0,0,0,0,0,0,0,0,0,0,0,0,0,0,0,0,0,0,0,0,0,0.628,0,0,0,0,0,0,0,0,0,0,0,0.305,0,0,0,0,0,0,0,0,0,0,0,0,0,0,0,0,0,0,0,0,0,0,0,0,0,0,0,0,0,0,0,0,0,0,0,0,0,0,0,0,0,0.159,0,0,0,0,0.165,0,0,0,0,0,0,0,0,0,0,0,0,0,0.171,0.213,0,0.23,0,0,0,0,0,0,0,0,0,0,0,0,0.165,0,0,0,0,0,0,0.271,0,0,0,0,0,0,0,0,0,0.461,0,0,0,0,0,0.179,0,0,0,0,0.181,0,0,0,0,0,0,0,0,0,0,0,0,0,0,0,0,0,0.171,0,0,0,0,0,0,0,0,0,0,0,0,0.21,0,0,0.191,0,0,0,0,0,0.264,0,0,0,0,0,0,0,0,0,0,0,0,0,0,0,0.318,0,0,0,0,0.171,0,0,0,0.323,0,0,0,0,0,0,0,0,0,0,0,0,0,0,0.191,0,0,0.198,0,0,0,0,0,0,0,0,0,0,0,0,0,0,0,0,0,0,0,0,0,0,0,0,0,0,0,0,0,0,0,0,0.879,0,0,0,0,0,0,0,0,0,0,0,0,0.165,0,0,0,0,0,0,0,0,0,0,0.372,0,0,0,0,0,0,0,0,0,0,0.314,0,0,0,0,0,0,0,0,0,0.254,0,0,0,0,0,0,0,0,0,0,0,0,0,0,0,0,0,0,0,0,0,0,0,0,0,0,0,0,0,0,0,0,0,0,0.183,0,0,0,0,0,0,0,0,0,0,0,0,0,0,0,0.261,0,0,0,0,0,0,0,0,0.536,0,0,0,0,0,0,0,0,0,0,0,0,0,0,0,0,0,0,0,0.15,0,0,0,0,0,0,0,0,0,0,0,0,0,0,0,0,0,0,0,0,0,0,0,0,0,0,0,0.257,0,0,0,0,0,0,0,0,0,0,0,0.433,0,0,0,0,0,0.447,0,0,0,0,0,0,0,0,0,0,0,0,0,0,0,0,0,0,0,0,0,0,0,0,0,0,0,0,0,0,0,0,0,0,0,0,0,0,0,0.171,0,0,0,0,0,0.165,0,0,0,0,0,0,0,0,0,0,0,0,0,0,0,0,0,0,0,0,0,0,0,0,0,0,0,0,0,0,0,0,0,0,0,0,0,0,0,0,0,0,0,0,0,0,0,0,0,0.327,0,0,0,0,0,0,0,0,0,0,0,0,0,0,0,0,0,0,0,0,0,0,0,0,0,0,0,0,0.277,0,0,0,0,0,0.17,0,0,0,0,0,0,0,0,0,0.162,0,0,0,0,0,0,0,0,0,0,0,0.157,0,0,0,0,0,0,0,0.289,0,0,0,0,0,0,0,0,0,0,0,0,0,0,0,0,0,0,0,0,0,0,0,0,0,0,0,0,0,0,0,0,0,0,0,0,0,0,0,0,0,0,0,0,0,0,0,0,0,0,0,0,0,0,0,0,0,0,0,0,0,0,0,0,0,0,0,0,0,0,0,0,0,0,0,0,0,0,0,0,0,0,0,0,0,0,0,0,0,0,0,0,0,0,0,0,0,0,0,0,0,0,0,0,0,0,0,0,0,0,0,0,0,0,0,0,0,0,0,0,0,0,0,0,0,0,0,0,0,0,0,0,0,0,0,0,0,0,0,0,0,0,0,0,0,0,0,0,0,0,0,0,0,0,0,0,0,0,0,0,0,0,0,0,0,0.214,0,0,0,0,0.319,0,0,0,0,0,0,0,0,0,0,0,0,0,0,0,0,0,0,0,0,0,0,0,0,0,0,0,0,0,0,0,0,0,0,0,0,0,0,0,0,0,0,0,0,0,0,0,0,0.173,0,0,0,0,0,0,0,0,0,0,0,0,0,0,0,0,0,0,0,0,0,0,0,0,0,0,0.276,0,0,0,0,0,0,0,0,0,0,0,0,0,0,0,0,0,0,0,0,0,0,0,0,0,0,0,0,0,0,0,0,0,0,0,0,0,0,0,0,0,0,0,0,0,0,0,0,0.158,0,0,0,0,0,0,0,0,0,0,0,0,0,0,0,0,0,0,0,0,0,0,0,0,0,0,0,0,0,0,0,0,0,0,0,0,0,0,0,0,0,0,0,0,0,0,0,0,0,0,0,0,0,0,0,0.227,0,0,0,0,0,0,0,0,0,0,0,0,0,0,0,0,0,0,0,0,0,0,0,0,0,0,0,0,0,0,0,0,0,0,0,0,0,0,0,0,0,0,0,0,0,0,0,0,0,0,0,0,0,0,0,0,0,0,0,0,0,0,0,0,0,0,0,0.315,0,0,0,0,0,0,0,0,0,0,0,0,0,0,0,0,0,0,0,0,0.63,0,0,0,0,0,0,0,0,0,0,0,0,0,0,0,0,0,0,0,0,0,0,0,0,0,0,0,0,0,0,0,0,0,0,0,0,0,0,0,0,0,0,0.161,0,0,0,0,0,0,0,0,0,0,0,0,0,0,0,0,0,0,0,0,0,0,0,0,0,0,0,0,0,0,0,0,0,0,0,0,0,0,0,0,0,0,0,0,0,0,0,0,0,0,0,0,0,0,0,0,0,0,0,0,0,0,0,0,0,0,0,0,0,0,0,0,0,0,0,0,0,0,0,0,0,0,0,0,0,0,0,0,0,0,0,0,0,0,0,0,0,0,0,0,0,0,0,0.24,0,0,0,0,0.222,0,0,0,0,0,0,0,0,0,0,0,0,0,0,0,0,0,0,0,0,0,0,0,0,0,0,0,0,0,0,0,0,0,0,0,0,0,0,0,0,0,0,0,0,0,0,0,0,0,0,0,0,0,0,0,0,0,0,0,0,0,0,0,0,0,0,0,0,0,0,0.155,0,0,0,0,0,0,0,0,0,0,0,0,0,0,0,0,0,0,0,0,0,0,0,0.161,0,0,0,0,0,0,0,0,0,0,0,0,0,0,0,0,0,0,0,0,0,0,0,0,0,0,0,0,0,0,0,0,0,0,0,0,0,0,0,0,0,0,0,0,0,0,0,0,0,0,0,0,0,0,0,0,0,0,0,0,0,0,0,0,0,0,0,0,0,0,0,0,0,0,0,0.215,0,0,0,0,0,0,0,0,0,0,0,0,0,0,0,0,0,0,0,0,0,0,0,0,0,0,0,0,0,0,0,0,0,0,0,0,0,0,0,0.295,0,0,0,0,0,0,0,0.192,0.187,0,0,0,0,0,0,0,0,0.161,0,0,0,0,0,0,0,0,0,0,0,0,0,0,0,0,0,0,0,0,0,0,0,0,0,0,0,0,0,0,0,0,0,0,0,0,0,0,0,0,0,0,0,0,0,0,0,0,0,0,0,0,0,0,0,0,0,0,0,0,0,0,0,0,0,0,0,0,0,0,0,0.154,0,0.405,0,0,0,0,0,0,0,0,0,0,0,0,0,0,0,0,0,0,0,0,0,0,0,0,0,0,0,0,0,0,0,0,0,0,0,0,0,0,0,0,0,0,0,0,0,0,0,0,0,0,0,0,0,0,0,0,0,0,0,0.258,0,0,0,0,0,0,0,0,0,0,0,0,0,0,0,0,0,0,0,0,0,0,0.154,0,0,0.545,0,0,0,0,0,0,0,0.889,0,0,0,0,0,0,0,0.782,0.179,0,0,0.455,0,0,0,0,0,0,0,0,0,0,0,0,0,0,0,0,0,0,0,0.159,0,0,0,0,0.442,0,0,0,0.45,0,0,0,0,0,0,0,0,0,0,0,0,0,0,0,0,0.205,0,0,0,0.936,0,0,0,0,0,0,0,0,0,0,0,0,0,0,0,0,0,0,0,0,0,0,0,0,0,0,0,0,0,0,0,0,0,0,0,0,0,0,0,0,0,0,0,0,0,0,0,0,0,0,0,0.366,0,0,0,0,0,0,0,0,0,0,0,0.153,0,0,0,0,0,0,0,0,0,0.48,0,0,0,0,0,0,0,0,0,0,0,0,0,0,0,0,0,0,0,0,0,0,0.178,0,0,0,0,0,0,0,0,0,0,0,0,0,0,0,0,0,0,0,0,0.336,0,0,0,0,0,0,0,0,0,0,0,0,0,0,0,0,0,0,0,0,0,0,0,0,0,0,0,0,0,0,0,0.217,0,0,0,0,0,0,0,0,0,0,0,0,0,0,0,0,0,0,0,0,0,0,0.2,0,0,0,0,0.187,0,0,0,0,0,0,0,0,0,0,0,0,0,0,0,0,0,0,0,0,0,0,0,0,0,0,0,0,0,0,0,0,0,0,0,0,0,0,0,0,0,0,0,0,0,0,0,0,0,0,0,0,0,0,0,0,0,0,0,0,0,0,0,0,0,0,0,0,0,0,0,0,0,0,0.167,0,0,0,0,0,0,0,0,0,0,0,0,0,0,0,0,0,0,0,0,0,0,0,0,0,0,0,0,0,0,0,0,0,0,0,0,0,0,0,0,0,0,0,0,0,0,0,0,0,0,0,0,0,0,0,0,0,0,0,0,0,0,0,0,0,0,0,0,0,0,0.514,0.563,0,0,0,0,0,0,0,0,0,0,0,0.287,0,0,0,0,0,0,0,0,0,0,0,0,0,0,0,0,0,0,0,0,0,0,0,0,0,0,0,0,0,0,0,0,0,0,0,0,0,0,0,0,0,0,0,0,0,0,0,0,0,0,0,0,0,0.161,0,0,0,0,0,0,0,0,0,0,0,0,0,0,0,0,0,0,0,0,0,0,0,0,0,0,0,0,0,0,0,0,0,0,0,0,0,0,0,0,0,0,0,0,0,0,0,0,0,0,0,0,0,0,0,0,0,0,0,0,0,0,0,0,0,0,0,0,0,0,0,0,0,0,0,0,0,0,0,0,0,0,0,0,0,0,0,0,0,0,0,0,0,0,0,0,0,0,0,0,0,0,0,0,0,0,0,0.228,0,0,0,0,0,0,0.186,0,0.275,0,0,0,0,0,0,0,0,0,0,0,0,0,0,0,0,0,0,0,0,0,0,0,0,0,0,0,0,0,0,0,0,0,0,0,0,0,0,0,0,0,0,0,0,0,0,0,0,0,0,0,0,0,0,0,0,0,0,0,0,0,0,0,0,0,0,0,0,0,0,0,0,0,0,0,0,0,0,0,0,0,0,0,0,0.177,0,0,0,0,0,0,0,0,0,0,0.276,0,0,0,0,0,0,0,0,0,0,0,0,0,0,0,0,0,0,0,0,0,0,0,0,0,0,0,0,0,0,0,0,0,0,0,0,0,0,0,0,0,0,0,0,0,0,0,0,0,0,0.261,0,0,0,0,0,0,0,0,0,0,0,0,0,0,0,0,0,0,0,0,0,0,0,0,0,0,0,0,0,0,0,0,0,0,0,0,0,0,0,0,0,0,0,0,0,0,0.309,0,0,0,0,0,0.191,0,0,0,0,0,0,0,0,0,0,0,0,0,0,0,0,0,0,0,0,0,0,0,0,0,0,0,0,0,0,0,0.173,0,0,0,0,0,0,0,0.196,0,0,0,0,0,0,0.166,0,0,0,0,0,0,0,0,0,0,0,0,0,0,0,0,0,0,0,0,0,0,0,0,0,0,0,0,0,0,0,0,0,0,0,0,0,0,0,0,0,0,0,0,0,0,0.254,0,0,0,0,0,0,0,0,0,0,0,0,0,0,0,0,0,0,0,0,0,0,0,0,0,0,0,0,0,0,0.173,0,0,0,0.415,0,0,0,0,0.22,0,0,0,0,0,0,0,0,0,0,0,0,0,0,0,0,0,0,0,0,0.261,0,0,0,0.435,0,0,0,0,0,0,0,0,0,0,0,0,0,0,0,0,0,0,0,0,0,0,0,0,0,0,0.187,0,0,0,0,0,0,0,0,0,0,0,0,0,0,0,0.645,0,0,0,0,0,0,0.292,0,0,0,0.542,0,0,0.187,0.475,0,0,0,0,0,0,0,0,0,0,0,0,0,0,0,0,0,0,0,0.881,0,0,0,0,0,0,0,0,0,0,0,0,0,0,0,0,0.175,0,0,0,0,0,0,0,0,0,0,0,0,0,0,0,0,0,0,0.167,0,0,0.349,0,0,0,0,0,0,0,0,0,0,0,0,0,0,0,0,0,0,0,0,0,0,0,0,0.533,0,0,0,0,0,0,0,0,0,0,0,0,0,0,0,0,0,0,0,0,0,0,0,0,0,0,0,0,0,0,0,0,0,0,0,0,0,0,0,0,0,0,0,0,0,0,0,0,0,0,0,0,0,0,0,0,0,0,0,0,0,0,0,0,0,0,0,0,0,0,0,0,0,0,0,0,0,0,0,0,0,0,0,0,0,0,0,0,0,0,0,0,0,0,0,0,0,0,0,0,0,0,0,0,0,0,0,0,0,0,0,0,0,0,0,0,0,0,0.161,0,0.533,0,0,0,0.179,0.858,0.44,0,0,0,0,0,0,0,0,0,0,0,0,0,0,0.79,0,0,0,0.285,0,0,0,0,0.228,0,0,0,0,0.654,0,0,0,0.654,0,0,0,0,0,0,0,0,0,0,0,0,0,0,0,0,0,0,0,0.272,0,0,0,0,0,0,0,0,0.279,0,0,0,0,0,0,0,0,0.976,0,0,0,0,0,0,0,0,0,0,0,0,0,0.269,0.284,0,0,0,0,0,0,0,0,0,0,0,0,0,0,0,0,0,0,0,0,0,0,0,0,0.662,0,0,0,0,0,0,0,0,0,0,0,0,0,0,0,0,0,0,0,0,0,0,0,0,0,0.171,0,0,0,0,0,0,0,0,0,0,0,0,0,0,0.167,0,0,0,0,0,0,0,0,0,0,0,0,0,0.177,0,0,0,0,0,0,0,0,0,0,0,0,0,0,0,0,0,0.165,0,0,0,0,0.25,0,0,0,0,0,0,0,0,0,0,0,0,0,0,0,0,0,0,0,0,0,0,0,0,0,0,0.235,0,0,0,0,0,0,0,0,0,0,0,0,0,0,0,0,0,0,0.156,0,0,0,0,0,0,0,0,0.214,0,0,0,0,0.182,0,0,0,0,0,0,0,0,0,0,0,0,0,0,0,0,0,0,0,0,0,0,0,0,0,0,0,0,0,0,0,0.169,0,0,0,0,0,0,0,0,0,0,0,0,0.25,0,0,0,0,0,0,0,0,0,0,0,0,0,0,0,0,0,0,0.179,0,0.158,0,0,0,0,0,0,0.468,0,0,0,0,0,0,0,0,0,0,0,0,0,0,0,0.203,0.17,0,0,0.157,0,0,0,0.314,0,0,0.161,0,0,0,0,0,0,0,0,0,0,0,0,0,0,0,0,0,0,0,0,0.25,0,0,0,0,0,0,0,0,0,0,0,0,0,0,0,0,0,0,0,0,0,0,0,0,0,0,0,0,0,0,0,0,0,0,0,0,0,0,0,0,0,0,0,0,0,0,0,0,0,0,0,0,0,0,0,0,0.215,0,0,0.155,0.209,0,0,0.156,0,0,0,0,0,0,0,0,0,0,0,0,0,0,0,0,0.408,0,0,0,0,0,0,0,0,0,0.203,0.247,0,0,0.263,0,0,0,0,0,0,0,0,0,0.199,0,0,0,0,0,0.169,0,0,0,0.191,0,0,0,0.152,0,0,0,0,0,0,0,0,0,0,0,0,0,0,0,0,0,0,0,0,0,0,0,0,0,0,0.24,0,0,0.477,0.161,0,0.173,0,0.453,0,0,0,0,0.173,0,0,0,0,0,0,0,0,0,0,0,0,0,0,0,0,0,0,0,0,0,0,0,0,0,0.158,0,0,0,0,0,0,0,0,0,0,0,0,0,0,0,0,0.193,0,0,0,0,0,0,0,0,0,0.462,0,0,0,0,0,0,0,0,0,0,0,0,0,0,0,0,0,0,0,0,0,0,0,0,0,0.154,0,0,0,0,0,0,0,0,0,0,0,0,0,0,0,0,0,0.444,0,0,0,0,0,0,0.163,0,0,0,0.808,0,0.199,0,0,0,0,0,0,0,0,0,0,0,0,0,0,0,0,0,0,0,0,0,0,0,0,0,0,0,0,0,0,0,0.192,0,0,0,0,0,0,0,0,0,0,0,0,0,0,0,0,0,0,0,0,0,0,0,0,0,0,0.237,0,0,0,0,0,0,0,0,0,0,0,0,0,0,0,0,0,0,0,0,0,0,0.338,0,0,0,0,0,0,0,0.309,0,0,0,0,0,0,0,0.2,0,0,0,0,0,0,0,0,0.205,0,0,0,0,0,0,0,0,0,0,0,0,0,0,0,0,0,0,0,0,0,0,0,0,0,0,0,0,0,0,0,0,0,0,0,0,0.22,0,0,0,0,0,0,0,0,0,0,0,0,0,0,0,0,0,0,0,0,0,0,0,0,0,0,0,0,0,0,0,0,0,0,0,0,0,0,0,0,0,0,0,0,0,0,0,0,0,0,0,0,0,0,0,0,0,0,0,0,0,0,0,0,0,0,0,0,0,0,0,0,0,0,0,0,0,0,0,0,0,0,0,0,0,0,0,0,0,0,0.255,0,0,0,0,0,0,0,0,0,0.567,0,0,0,0,0,0,0,0,0,0,0,0,0,0,0,0,0,0,0,0,0,0,0,0.188,0.171,0,0,0,0,0.273,0,0,0,0,0,0,0.171,0,0,0,0,0,0,0.25,0,0,0,0,0,0,0,0,0,0,0,0,0,0,0,0,0,0,0,0,0,0,0,0,0,0,0,0,0,0,0.153,0,0,0,0,0,0,0,0,0,0,0,0,0,0,0,0,0,0,0,0,0,0,0,0,0,0,0,0,0,0,0,0,0,0,0,0,0,0,0,0,0,0,0,0,0,0,0,0,0,0,0,0,0,0.276,0,0,0,0,0,0,0,0,0,0,0,0,0,0,0,0,0,0,0,0,0,0,0,0.159,0,0,0,0,0,0,0,0,0,0,0,0,0,0,0,0,0,0,0,0,0,0.179,0,0,0,0,0,0,0,0,0,0,0,0.296,0,0,0,0,0,0,0,0,0,0,0,0,0,0,0,0,0,0,0,0,0.356,0,0,0,0,0,0,0.171,0,0,0,0,0,0,0.825,0,0,0,0,0.15,0,0,0,0,0,0,0.711,0,0,0,0,0,0,0,0,0,0,0,0,0,0,0,0,0,0,0,0,0,0,0,0,0,0,0,0,0.183,0.175,0.181,0.196,0,0,0,0,0,0,0,0,0,0,0,0,0,0,0,0,0,0,0,0,0,0,0,0,0,0,0,0,0,0,0,0,0,0,0,0,0,0,0,0,0,0,0,0,0,0,0,0,0,0,0,0,0,0,0,0,0,0,0,0,0,0,0,0,0,0
854089,0,0.268,0,0,0,0,0,0,0,0.187,0,0,0,0,0,0,0,0,0,0.263,0,0,0,0,0.268,0,0,0,0,0,0,0,0,0.195,0,0,0,0,0,0,0,0.724,0,0,0,0,0,0.295,0,0,0,0,0,0,0,0,0,0,0,0,0.278,0,0,0,0.387,0.986,0,0.713,0.531,0,0.588,0,0,0,0.515,0.202,0.378,0,0,0,0.177,0,0.168,0,0,0.278,0.95,0,0,0,0.193,0,0,0,0.268,0,0.393,0.278,0,0,0,0,0,0,0,0,0.278,0,0,0.222,0,0.167,0,0,0.2,0,0,0,0,0,0,0,0,0,0,0,0,0,0,0,0,0,0,0,0,0,0,0,0,0.193,0,0,0,0,0,0,0,0,0,0,0.455,0,0.15,0,0,0.238,0,0.309,0,0.253,0,0,0,0.418,0,0,0,0,0,0,0,0.922,0,0,0,0,0,0,0,0.321,0,0.278,0,0,0,0,0,0,0,0,0,0,0,0,0,0,0,0,0,0,0,0,0,0,0,0,0,0,0,0,0,0,0.431,0,0,0,0,0,0,0,0,0,0,0,0,0,0.152,0,0,0.218,0,0,0,0,0,0,0,0,0,0,0,0,0,0.255,0,0,0,0,0,0,0,0,0,0,0,0,0,0,0,0,0,0,0,0,0,0,0,0,0,0,0,0,0,0,0,0,0,0,0,0,0,0.191,0.255,0,0,0,0,0,0,0.194,0,0.175,0,0,0,0,0,0,0,0,0,0,0,0,0,0,0.258,0,0,0,0,0,0.426,0,0,0,0,0,0,0,0,0,0,0,0.44,0,0,0,0,0,0,0,0,0,0,0,0,0,0,0,0,0,0,0,0,0.255,0,0,0,0.256,0,0,0,0,0,0,0,0,0,0,0,0,0,0,0,0,0.275,0,0,0,0,0,0.307,0.17,0,0,0,0,0,0,0,0,0.151,0,0.152,0,0,0,0,0,0,0,0,0,0,0,0,0,0,0,0,0,0,0,0,0,0,0,0,0.218,0,0,0,0,0,0,0,0,0,0,0,0,0,0,0,0,0,0,0,0,0,0.426,0,0,0,0,0,0,0,0,0,0,0,0,0,0,0,0,0,0,0,0,0.255,0,0,0,0,0,0,0,0,0,0,0,0,0,0,0,0,0,0,0,0,0,0,0,0,0,0,0,0,0,0,0,0,0,0,0,0,0,0,0,0,0,0,0,0,0,0,0,0,0,0,0,0,0,0,0,0,0,0,0,0,0,0,0,0,0,0,0,0,0,0,0,0,0,0,0,0,0,0,0,0,0,0,0,0,0,0,0,0,0,0,0,0,0,0,0,0,0,0,0,0.242,0,0,0,0,0,0,0,0,0,0,0,0,0,0,0,0,0,0,0,0,0,0,0,0,0,0,0,0,0,0,0,0,0,0,0,0,0,0,0,0,0.255,0,0,0,0,0,0.194,0.235,0,0,0,0,0,0,0,0,0,0,0,0,0,0,0,0,0,0,0,0,0,0,0,0,0,0,0,0,0,0,0,0.541,0,0,0,0,0,0,0,0,0,0,0,0.274,0,0.162,0,0,0,0,0,0,0,0,0,0,0,0,0,0,0,0,0,0,0,0,0,0,0,0,0,0,0,0,0,0,0,0,0,0,0,0,0,0,0,0,0,0,0,0,0,0,0,0,0,0,0,0,0,0,0,0,0,0,0,0,0,0,0,0,0,0,0,0,0,0,0,0,0,0,0,0,0,0,0,0,0,0,0,0,0,0,0,0,0,0,0,0,0.248,0,0,0,0,0,0,0,0,0,0,0,0,0,0,0,0,0.871,0,0,0,0,0,0,0,0,0,0,0,0,0,0,0,0,0,0,0,0,0,0,0,0.255,0,0,0,0,0,0,0,0,0,0,0,0,0,0,0,0,0,0,0,0,0,0,0,0,0,0,0,0,0,0,0,0,0,0,0,0,0,0,0,0,0,0,0,0,0,0,0,0,0,0,0,0,0,0,0,0,0,0,0,0,0,0,0,0,0,0,0,0.153,0.286,0,0,0,0,0,0,0,0,0,0,0,0,0,0,0,0,0,0,0,0,0,0,0,0,0,0,0,0,0,0,0,0,0,0,0,0,0,0,0,0,0,0,0,0,0,0,0,0,0,0,0,0,0,0,0,0,0,0,0,0,0,0.19,0,0,0,0,0,0,0,0,0,0,0,0.255,0,0.19,0,0,0,0,0,0,0,0,0,0,0,0,0,0,0,0,0,0,0,0,0,0,0,0,0,0,0,0,0,0,0,0,0,0,0,0,0,0,0,0,0,0,0,0,0,0,0,0,0,0,0,0.568,0,0,0,0,0,0,0,0,0,0,0,0,0.286,0,0,0,0,0.568,0,0,0,0,0,0,0,0,0,0,0,0,0,0,0,0,0,0,0,0,0,0,0,0,0,0,0,0,0,0,0,0,0.32,0,0,0.217,0,0,0,0,0,0,0,0,0,0,0,0,0,0,0,0,0,0,0,0,0,0,0.309,0,0.21,0,0,0,0,0,0,0.267,0,0,0,0,0,0,0,0,0,0,0,0,0,0,0,0,0.21,0,0,0,0,0,0,0,0,0,0,0,0,0,0,0,0,0,0,0,0,0,0,0,0.54,0.162,0,0,0,0,0,0,0,0,0,0,0,0,0,0,0,0,0,0,0,0,0.175,0,0,0,0,0,0,0.267,0,0,0,0,0.152,0.157,0,0,0,0,0.286,0,0,0,0,0,0,0,0,0,0,0,0,0,0,0,0,0,0,0,0,0,0,0,0,0.17,0,0,0,0,0,0,0,0,0,0,0,0,0,0,0,0,0,0,0,0,0,0,0,0,0,0,0,0,0,0,0,0,0,0.214,0,0,0,0,0,0,0,0,0,0,0,0,0,0,0,0,0,0,0,0,0,0,0,0,0,0,0,0,0,0,0,0,0,0,0,0,0,0,0,0,0,0,0,0,0,0,0,0,0.21,0.584,0,0,0,0,0,0,0,0,0,0,0,0,0,0.152,0,0,0,0,0,0,0,0,0,0,0,0,0,0,0,0,0,0,0,0,0,0,0,0,0,0,0,0,0,0,0,0,0,0,0,0,0,0,0,0,0,0,0,0,0,0,0,0,0,0,0,0,0,0,0,0,0,0,0,0,0,0,0,0,0,0,0.15,0,0,0,0,0,0,0,0,0,0,0,0,0,0,0,0,0,0,0,0,0,0,0,0,0,0,0,0,0,0,0.225,0,0,0.491,0,0,0,0,0,0,0,0,0,0,0,0,0,0,0,0.27,0,0,0,0,0,0,0,0,0,0,0,0,0,0,0,0,0,0,0,0,0,0,0.152,0,0,0,0.15,0,0,0,0,0,0,0,0,0,0,0,0,0,0,0,0,0,0,0,0,0,0,0,0,0.242,0,0,0,0,0,0,0,0,0,0,0,0,0,0,0,0,0,0,0,0,0,0,0,0,0,0,0,0,0,0,0,0,0,0,0,0,0,0,0,0,0,0,0,0,0,0,0,0,0,0,0,0,0,0,0,0,0,0,0,0.58,0,0,0,0,0,0,0,0,0,0,0,0,0,0,0,0,0,0,0,0,0,0,0,0,0,0,0,0,0,0,0,0,0,0,0,0,0,0,0,0,0,0,0,0,0,0,0,0,0,0,0,0,0,0,0,0,0,0,0.325,0,0,0,0,0,0,0,0,0,0,0,0,0.237,0,0,0,0,0,0,0,0.307,0,0,0,0,0.478,0,0,0,0,0,0,0,0,0,0,0,0,0,0,0,0,0.427,0,0,0,0,0.166,0,0,0,0,0,0,0.184,0,0,0,0,0,0,0,0,0,0,0,0,0,0,0,0,0,0,0,0,0,0,0,0,0,0,0,0,0,0,0,0,0,0,0,0,0.179,0,0,0,0.401,0,0,0,0.187,0,0,0,0,0.201,0,0,0,0,0,0,0,0,0,0,0,0,0,0,0,0,0,0,0,0,0,0.198,0,0,0,0,0,0,0,0,0,0,0,0,0,0,0,0,0,0,0,0,0,0,0,0,0,0,0.426,0,0,0,0,0,0,0,0,0,0,0,0,0,0,0,0,0,0,0,0,0,0,0,0,0,0,0,0.647,0,0,0,0,0,0,0,0,0,0,0,0,0,0,0,0.384,0,0,0,0,0,0,0,0,0,0,0,0,0,0,0,0,0,0,0,0,0,0,0,0,0,0,0,0,0,0,0,0,0,0,0,0,0,0,0,0,0,0,0.439,0,0,0,0,0,0.187,0,0,0,0.989,0,0,0,0,0,0,0,0,0,0,0,0.151,0,0,0,0,0,0,0,0,0,0,0,0,0,0,0,0,0,0,0,0,0,0,0,0,0,0,0,0,0,0.184,0,0,0.221,0,0,0,0,0,0,0,0,0,0,0,0,0,0,0,0,0,0,0,0,0,0,0,0,0,0,0,0,0,0,0,0,0,0,0,0,0,0,0,0,0,0,0,0,0,0.191,0,0,0,0,0,0,0,0,0,0,0,0,0,0,0,0,0,0,0,0,0,0,0,0,0,0,0,0,0.179,0,0,0,0,0,0,0,0,0,0,0,0,0,0,0,0,0,0,0,0,0,0,0,0,0.483,0,0,0.25,0,0,0,0,0,0,0,0,0,0,0,0,0,0,0,0,0,0,0,0,0,0,0,0,0,0,0,0,0,0,0,0,0,0,0,0,0,0,0,0,0,0,0,0,0,0,0,0,0,0,0,0,0,0,0,0,0,0,0,0,0,0,0,0,0,0,0,0,0,0,0,0,0.25,0,0,0,0,0,0,0,0,0,0,0,0,0,0,0,0,0,0,0,0,0,0,0,0,0,0,0,0,0,0,0,0,0,0,0,0,0,0,0,0,0,0,0,0,0,0,0,0,0,0,0,0,0,0,0,0,0,0,0,0,0.373,0,0,0,0,0.184,0,0,0,0,0,0,0,0,0,0,0,0,0,0,0,0,0,0,0,0,0,0,0,0,0.456,0,0,0,0,0,0,0,0,0,0,0,0,0,0,0,0,0,0,0,0,0,0,0,0,0,0,0,0,0,0,0,0,0,0,0,0,0,0,0,0,0,0,0,0,0,0,0,0,0,0,0,0,0,0,0,0,0,0,0,0,0,0,0,0,0,0,0,0,0,0,0,0,0,0,0,0,0,0,0,0,0,0,0,0,0,0,0,0,0,0,0,0,0,0,0,0,0.151,0,0,0,0,0,0,0,0,0,0,0,0,0,0,0,0.196,0,0.251,0,0,0,0,0,0,0,0,0,0,0,0,0,0,0,0,0,0,0,0,0.251,0,0,0,0,0,0,0,0,0,0,0,0,0,0,0,0,0,0,0,0,0,0,0,0.251,0,0,0,0,0,0,0,0.192,0,0,0,0,0,0,0,0,0,0,0,0,0,0,0,0,0,0,0,0,0,0,0,0,0,0,0,0,0,0,0,0,0,0,0,0,0.247,0,0.426,0,0,0,0,0,0,0,0,0,0,0,0,0,0,0.271,0,0,0,0,0,0,0,0,0,0,0.251,0.513,0,0,0,0,0,0,0,0,0,0,0,0,0,0,0,0,0,0,0,0,0,0,0,0,0,0,0,0.174,0,0,0,0,0,0,0,0,0,0,0,0,0,0,0,0,0,0,0,0,0,0,0,0,0,0,0,0,0.379,0,0.371,0.399,0,0,0,0,0.176,0,0,0,0,0,0,0,0,0.251,0,0,0,0,0,0.565,0,0,0,0,0.154,0,0,0,0,0,0,0,0,0,0,0,0,0,0.175,0,0,0,0.268,0,0.448,0,0.291,0,0,0,0,0.204,0,0,0,0,0,0,0,0,0,0,0,0,0,0,0,0,0,0,0,0,0,0,0.299,0,0,0,0,0,0,0.552,0,0,0,0,0,0,0,0,0,0.152,0,0,0,0.318,0,0.291,0,0,0,0,0,0.177,0,0,0,0,0,0.251,0,0.289,0.225,0,0,0.225,0,0,0,0.153,0,0,0,0.291,0,0,0,0,0,0,0,0,0,0,0,0,0,0,0,0,0,0,0,0,0,0.284,0,0,0,0.28,0,0,0.165,0,0,0,0,0,0,0,0,0.554,0,0,0.199,0,0,0,0,0,0,0,0,0,0,0,0,0,0,0,0,0,0,0,0,0,0,0,0,0,0,0,0,0,0,0,0,0,0,0,0,0,0,0,0,0,0,0,0,0,0,0,0,0,0,0,0,0,0,0,0,0,0,0,0,0,0,0,0,0,0,0,0,0,0,0,0,0,0,0,0,0,0,0,0,0,0.195,0.169,0,0,0,0,0,0,0,0,0,0,0,0,0,0,0,0,0,0,0,0,0,0,0,0,0,0.167,0,0,0,0,0,0,0,0,0,0,0,0,0,0,0,0,0,0,0,0,0,0,0.271,0,0,0,0,0,0,0,0.826,0,0,0,0,0,0,0,0,0,0,0,0,0,0,0,0,0,0,0,0,0,0,0,0,0,0,0,0,0,0,0,0,0,0,0,0,0,0,0,0,0,0,0,0,0,0,0,0,0,0,0,0,0,0,0,0,0,0,0,0,0.211,0,0,0,0,0,0,0,0,0,0,0,0,0,0,0,0,0,0,0,0,0,0,0,0,0,0,0,0,0,0,0,0,0,0,0,0,0,0,0,0,0,0,0,0,0,0,0,0,0,0,0,0,0,0,0,0,0,0,0,0,0,0,0,0,0,0,0,0,0,0,0,0,0,0,0,0,0,0,0,0,0,0,0,0.284,0,0,0,0,0,0,0,0,0,0,0,0,0,0,0,0,0,0,0,0,0,0,0,0,0,0,0,0,0,0,0,0,0,0,0,0,0,0,0,0,0,0,0,0,0,0,0,0,0,0,0,0,0,0,0,0,0,0,0,0,0,0,0,0,0,0,0,0,0,0,0,0,0,0,0,0,0,0,0,0,0,0,0,0,0,0,0,0,0,0,0,0,0.152,0,0,0.179,0,0,0,0,0,0,0,0,0,0,0,0,0,0,0,0,0,0,0.588,0,0,0,0,0,0,0,0,0,0,0,0,0,0,0,0,0,0,0,0,0,0,0,0,0,0,0,0,0,0,0,0,0,0,0,0,0,0,0,0,0.702,0,0,0,0,0,0,0,0,0,0,0,0,0,0,0,0,0,0,0,0,0,0,0,0,0,0,0,0,0,0,0,0.237,0,0,0,0,0,0.237,0,0,0,0,0,0,0,0,0,0,0,0,0,0,0,0,0,0,0,0,0,0,0,0,0,0,0,0,0,0,0,0,0,0,0,0,0,0,0,0,0,0,0,0,0,0,0.422,0,0,0,0,0,0,0,0,0,0,0,0,0,0,0,0,0,0,0,0,0,0,0,0,0,0,0,0,0,0,0,0,0,0,0,0.191,0,0,0,0,0,0,0,0.933,0,0,0,0,0,0,0,0,0,0,0,0,0,0.281,0,0,0,0,0,0,0,0,0,0,0,0,0,0,0,0,0,0,0,0,0,0,0,0,0,0,0,0,0,0,0.151,0,0,0,0,0,0,0,0.511,0,0,0,0,0,0,0,0,0,0,0,0,0,0,0,0,0,0,0,0,0,0,0,0,0,0,0,0,0,0,0,0,0,0,0,0,0,0,0,0,0,0,0.22,0,0,0,0,0,0,0,0,0.228,0,0,0,0,0.297,0,0,0,0,0,0,0,0,0,0,0,0,0,0,0,0,0,0,0,0,0,0,0,0,0,0,0,0,0,0,0,0,0,0,0,0,0,0,0,0,0,0,0,0,0,0,0,0,0,0,0,0,0,0,0,0,0,0,0,0,0.195,0,0,0,0,0,0,0,0,0,0,0,0,0,0,0,0,0,0,0,0,0,0,0,0,0.22,0,0,0,0,0,0,0,0,0,0,0,0,0,0,0.161,0,0,0,0,0,0,0,0.235,0,0,0,0.235,0,0,0,0,0,0,0,0,0,0,0,0,0,0,0,0,0,0,0,0,0,0,0,0,0,0,0,0,0,0,0,0,0,0,0,0,0,0,0,0,0,0,0,0,0,0,0,0,0,0,0,0,0.175,0,0,0,0,0,0,0,0,0,0,0,0,0,0,0,0,0,0,0,0,0,0,0,0,0,0,0,0,0,0,0,0,0,0,0,0,0.175,0,0,0,0,0,0,0,0,0,0,0,0,0,0,0,0,0,0,0,0,0,0,0,0,0,0,0,0,0,0,0,0,0,0,0,0,0,0,0,0,0,0,0,0,0,0,0,0,0,0,0,0,0,0,0,0,0,0,0,0,0,0,0,0,0,0,0,0,0,0,0,0,0,0,0,0,0,0,0,0,0,0,0,0,0,0,0,0,0,0,0,0,0,0,0,0,0,0,0,0,0,0,0,0,0,0.196,0,0,0,0,0,0,0,0,0,0,0,0,0,0,0,0,0,0,0,0,0,0,0,0,0,0,0,0.334,0.196,0,0,0,0,0,0,0,0,0,0,0,0,0,0,0,0,0,0,0,0,0,0,0,0,0,0,0,0,0,0,0,0,0,0,0,0,0,0,0,0,0,0,0,0.235,0,0,0,0,0,0,0,0,0,0,0,0,0,0,0,0,0,0,0,0,0,0,0,0,0,0,0,0,0,0,0,0,0,0,0,0,0,0,0,0,0,0,0,0,0,0,0,0,0,0,0,0,0.177,0,0,0,0,0,0,0,0,0,0,0,0,0,0,0,0,0,0,0,0,0,0,0,0,0,0,0,0,0,0,0,0,0,0,0,0,0,0,0,0,0,0,0,0,0,0,0,0,0,0,0,0,0,0,0,0,0,0,0,0,0,0,0,0,0,0,0,0,0,0,0,0,0,0,0,0,0,0.659,0,0,0,0,0,0,0,0,0,0,0,0,0,0,0,0,0,0,0,0,0,0,0,0,0,0,0,0,0,0,0,0,0,0,0,0,0,0,0,0,0,0,0,0,0,0,0,0,0,0,0,0.192,0,0,0,0,0,0,0,0,0,0,0,0,0,0,0,0,0,0,0,0,0,0,0,0,0,0.219,0,0,0,0,0,0,0,0,0,0,0,0,0,0,0,0,0.363,0,0,0,0,0,0,0,0,0,0,0,0,0,0,0,0,0,0,0,0,0,0,0,0,0,0,0,0,0,0,0,0,0,0,0,0,0,0,0,0,0,0,0,0,0,0,0,0,0,0,0,0,0,0,0,0,0,0,0,0,0,0,0,0,0,0,0,0,0,0,0,0,0,0,0,0,0,0.195,0,0,0,0,0,0,0,0,0,0,0,0,0,0,0,0,0,0,0,0,0,0,0,0,0,0,0,0,0,0,0,0,0,0,0,0,0,0,0,0,0,0,0,0,0,0,0,0,0,0.165,0,0,0,0,0,0.227,0,0,0,0,0,0,0,0,0,0,0,0,0,0,0,0,0,0,0,0,0,0,0,0,0,0,0,0,0,0,0,0,0,0,0,0,0,0.175,0,0,0,0,0,0,0,0,0,0.176,0,0,0,0,0,0,0,0,0,0,0,0,0,0,0,0.179,0,0,0,0,0,0,0,0,0,0,0,0,0,0,0,0,0,0,0,0,0,0,0,0,0,0,0,0,0,0,0,0,0,0,0,0,0,0,0,0.188,0.163,0,0,0,0,0,0,0,0,0,0,0,0,0,0,0,0,0,0,0,0,0,0,0,0,0,0,0,0,0,0,0,0,0,0,0,0,0,0,0,0,0,0,0,0,0,0,0,0,0,0,0,0,0,0,0,0,0,0,0,0,0,0,0,0,0,0,0,0,0,0,0,0,0,0,0,0,0,0,0,0,0,0,0,0,0,0,0,0,0,0,0,0,0,0,0,0,0.286,0,0,0,0,0,0,0,0.229,0,0,0,0,0,0,0,0,0,0,0,0,0,0,0,0,0,0,0,0,0,0,0,0,0,0,0,0,0,0,0,0,0,0,0,0,0,0,0,0,0,0,0,0,0,0,0,0,0,0,0,0,0,0,0,0,0,0,0,0,0,0,0,0,0
856026,0,0,0,0,0,0,0,0,0,0,0,0,0,0,0,0,0,0,0.297,0,0,0,0,0,0,0,0,0,0,0,0,0,0,0,0,0,0,0,0,0,0,0,0,0,0,0,0,0,0,0,0,0.999,0,0,0,0,0,0,0,0,0,0,0,0,0,0,0,0,0,0,0,0,0,0,0,0,0,0,0,0,0,0,0,0,0,0,0,0,0,0,0,0,0,0,0,0.999,0,0,0,0,0,0,0,0,0,0,0,0,0,0,0,0,0,0,0,0,0,0,0,0,0,0,0.178,0,0,0,0,0.637,0,0,0,0,0,0,0,0,0.153,0,0,0,0.998,0,0,0,0,0,0,0,0,0,0,0,0,0,0,0.9,0,0,0,0,0,0,0,0,0,0,0,0,0,0,0,0,0,0,0,0,0,0,0,0,0,0,0,0,0,0,0,0,0,0.154,0,0,0,0.171,0,0,0,0,0,0,0,0,0,0.797,0,0,0.999,0,0,0,0,0,0,0,0,0,0,0,0,0,0.999,0,0,0.326,0,0,0,0,0,0.898,0,0,0.999,0,0.281,0,0,0,0,0.207,0,0,0,0.164,0.384,0,0,0,0,0,0,0,0,0,0,0,0,0,0,0,0,0,0,0,0.337,0,0,0,0,0,0,0,0,0,0,0.919,0,0,0.171,0,0,0,0.807,0,0,0.544,0,0.92,0,0.232,0,0,0,0,0,0,0,0,0,0,0.999,0,0,0,0,0,0.197,0,0,0.999,0,0,0,0,0.923,0,0,0,0,0,0,0,0,0,0,0.162,0,0,0,0.817,0,0,0,0.184,0,0,0,0,0,0,0,0,0,0.173,0,0,0,0,0,0,0,0,0,0,0,0,0,0,0,0.283,0,0,0,0,0,0,0.355,0,0,0.998,0,0.716,0,0,0,0,0.999,0,0,0,0,0,0,0.999,0,0,0,0,0,0,0,0,0,0,0,0,0.999,0,0.646,0,0,0,0,0,0.322,0,0,0,0,0.914,0,0,0,0,0,0.22,0,0,0,0,0,0,0,0,0,0.264,0,0,0.171,0.153,0,0,0,0,0,0,0,0,0,0,0,0,0,0,0,0,0,0,0,0,0.991,0,0.308,0,0,0,0,0.237,0,0.22,0,0,0,0,0,0,0,0,0,0,0,0,0,0.999,0,0,0,0,0,0.647,0,0,0,0,0,0,0,0,0,0,0,0.911,0,0,0,0,0,0.903,0,0,0,0,0,0,0,0,0,0,0,0,0,0,0.175,0,0.27,0,0.999,0.277,0,0,0,0,0,0,0,0.173,0,0,0,0,0,0,0,0,0,0,0.912,0,0,0,0.324,0,0,0,0,0,0,0,0,0.204,0,0,0,0,0,0,0,0,0,0,0,0,0,0,0,0.28,0,0,0,0,0,0,0,0,0,0,0,0,0,0,0,0,0,0,0,0.923,0,0,0,0,0,0,0,0,0,0,0,0,0,0,0,0,0,0,0,0,0,0.619,0,0,0,0,0,0,0,0,0,0,0,0,0,0,0,0,0.373,0.901,0,0,0,0,0,0,0,0.33,0.623,0,0,0,0,0,0,0,0,0,0,0,0,0,0,0,0,0,0,0,0,0,0,0,0,0,0,0,0,0,0,0,0,0,0,0,0,0,0,0,0,0,0,0,0,0,0,0.797,0,0,0,0,0.264,0.193,0,0,0,0,0,0,0,0,0,0,0,0,0,0.173,0,0,0,0,0.183,0.446,0,0.198,0,0,0,0,0,0,0.181,0.37,0.999,0.26,0,0,0,0,0,0.213,0,0,0,0.998,0,0,0,0.356,0,0.537,0,0,0,0,0,0.223,0,0,0,0,0,0,0,0,0.999,0,0.644,0,0,0,0,0,0,0,0,0,0,0,0,0,0,0,0,0,0,0.257,0,0,0,0,0,0,0,0,0,0,0,0.422,0,0.182,0,0,0.183,0,0,0,0,0,0,0,0,0,0,0,0,0,0,0,0,0,0,0,0,0,0,0,0,0,0.861,0,0,0,0.501,0,0,0,0.167,0,0,0,0,0,0,0,0,0,0,0,0,0.171,0,0.999,0,0.299,0,0,0,0,0,0,0,0,0,0,0,0,0,0.364,0,0,0,0.511,0,0,0,0,0,0,0,0,0,0.999,0,0,0,0,0,0,0,0,0,0,0,0,0.169,0,0.999,0,0,0,0,0,0,0,0,0,0,0,0.271,0,0,0.218,0.154,0,0,0,0.512,0,0,0,0,0,0,0.907,0,0.997,0,0,0,0,0.25,0,0.177,0,0.999,0,0,0,0,0.441,0,0.999,0,0.918,0.654,0.999,0,0,0,0,0,0,0,0,0,0,0,0,0,0,0,0,0.993,0,0.936,0.999,0,0,0,0,0,0,0,0.693,0,0,0,0,0.154,0.668,0,0,0,0.198,0,0.999,0,0,0,0,0,0,0,0,0,0,0.236,0,0,0,0,0,0,0,0,0,0,0,0,0,0,0,0,0,0,0,0,0,0,0,0,0,0,0,0,0,0,0,0,0,0,0,0,0,0,0,0,0,0,0,0,0,0,0,0,0,0,0,0,0.999,0,0,0,0,0,0,0,0,0,0.999,0,0,0,0,0,0,0,0,0,0,0,0,0.905,0,0,0,0,0,0,0,0,0,0,0,0,0,0,0,0.343,0,0,0,0,0,0,0,0,0,0,0,0,0,0,0,0,0,0,0,0,0,0,0,0,0,0,0,0,0,0,0,0,0,0.999,0,0,0,0,0,0,0,0,0.906,0,0,0,0,0,0,0,0,0,0,0,0,0,0,0,0,0,0,0.998,0,0,0,0,0,0,0,0,0,0,0.999,0,0,0,0,0,0,0,0,0.999,0.421,0,0,0,0,0,0,0,0,0.174,0,0,0,0,0,0,0,0,0,0,0,0,0,0,0,0,0,0,0,0,0,0,0,0,0,0,0.999,0,0,0.159,0,0,0,0,0,0,0,0,0,0,0,0,0.999,0,0,0.23,0,0,0,0,0,0.638,0,0.922,0,0,0,0,0.181,0,0,0,0,0,0,0,0,0,0,0,0,0,0,0,0,0,0,0,0,0,0,0,0.999,0,0,0,0,0,0.443,0,0,0,0,0,0,0,0,0,0,0,0,0,0,0,0,0,0,0.441,0,0,0,0,0,0,0.999,0,0.999,0,0,0,0,0,0,0,0,0,0,0,0,0,0,0,0,0,0,0,0,0,0,0,0,0,0,0,0,0,0,0,0,0,0,0,0,0,0.251,0,0,0,0,0,0,0,0,0,0,0,0,0.82,0,0,0,0,0,0.434,0,0,0,0,0,0,0,0,0,0,0,0,0,0,0,0,0,0,0,0,0,0,0,0,0,0,0,0.997,0,0,0,0,0,0,0,0,0,0,0,0,0,0.172,0,0,0.282,0,0,0,0,0,0,0,0,0,0.229,0,0,0,0,0,0,0,0,0,0,0,0,0.368,0,0,0.82,0,0,0,0,0,0,0,0.453,0,0,0,0,0,0,0,0,0,0,0,0,0,0,0,0,0,0,0,0,0,0,0,0,0,0,0,0,0,0,0,0,0,0,0,0,0,0,0,0,0,0,0,0,0,0,0,0.165,0,0,0,0.999,0,0,0,0,0,0,0,0,0,0,0,0,0,0,0,0,0,0,0,0,0,0,0,0.32,0,0,0,0,0,0,0,0.204,0,0,0,0,0,0.173,0,0,0,0,0,0,0,0,0,0,0,0,0,0,0,0,0,0,0,0,0,0,0,0,0,0,0,0,0,0,0,0,0,0,0,0,0,0,0,0,0,0,0,0,0,0,0,0,0,0,0,0,0,0,0.384,0,0,0,0,0,0,0,0,0,0,0,0,0,0,0,0,0,0,0,0,0.272,0,0,0,0,0,0,0,0,0,0,0,0,0,0,0,0,0,0,0,0,0,0,0,0,0,0,0,0,0,0,0,0,0.238,0,0.434,0,0,0,0,0,0.999,0,0,0.168,0,0,0.308,0,0,0,0.195,0,0,0.909,0,0,0,0,0,0,0.152,0,0,0,0,0,0.154,0,0,0,0,0.325,0,0,0,0,0,0,0,0,0,0.166,0.999,0.219,0.151,0,0.998,0,0,0,0,0,0,0,0,0.195,0,0.999,0,0.208,0,0,0,0,0,0,0,0,0,0,0,0.231,0,0.15,0,0,0.183,0,0,0,0,0,0.231,0,0.999,0,0,0,0,0,0,0,0,0,0,0,0,0,0,0.566,0.162,0,0,0,0,0.43,0,0,0,0,0,0,0,0,0,0,0.999,0.411,0,0,0,0,0,0,0.227,0,0.999,0,0,0,0,0,0,0,0,0,0,0,0.167,0,0,0,0,0,0,0,0,0,0,0,0,0,0,0.999,0,0,0.706,0,0,0.154,0.432,0,0,0.433,0.176,0,0.785,0,0.999,0,0,0,0,0,0,0,0,0.182,0.261,0,0.219,0,0,0,0,0,0.156,0,0,0.258,0,0,0.906,0,0,0,0,0,0.902,0,0,0,0.554,0,0,0.185,0,0,0,0,0,0,0,0,0,0,0,0,0,0,0,0,0,0.17,0,0,0,0,0.25,0.151,0,0,0.186,0,0,0,0,0,0,0,0,0,0,0,0,0,0,0,0,0,0,0,0,0,0,0,0,0.183,0,0,0.268,0,0,0,0,0,0,0,0,0,0,0,0,0,0,0,0,0.999,0,0,0,0,0,0,0,0,0,0,0.154,0,0,0,0,0,0,0,0,0,0,0,0,0,0,0,0,0.212,0,0,0,0,0,0,0,0,0,0,0,0,0,0,0,0,0,0,0,0,0,0.912,0,0,0,0,0,0,0,0,0,0,0,0,0,0,0,0,0,0,0,0,0,0,0.744,0,0,0,0,0,0,0,0,0,0,0,0,0,0,0,0.2,0,0,0,0,0,0,0,0,0,0,0,0,0,0,0,0,0,0,0,0,0,0,0,0,0,0,0,0,0,0,0,0,0,0,0,0,0,0,0,0,0,0,0.15,0,0,0,0,0,0,0,0,0,0,0,0,0,0,0,0,0,0,0,0,0,0,0,0,0,0,0,0,0,0,0,0,0,0,0,0,0,0,0.845,0,0,0.992,0,0,0,0,0,0,0,0,0,0,0,0,0,0,0,0,0,0.16,0,0,0,0,0,0,0.312,0,0,0,0,0,0,0,0,0,0,0,0,0,0.239,0,0,0,0,0,0,0,0,0,0,0.369,0,0.195,0,0,0,0,0,0,0,0,0.161,0.277,0,0,0,0,0.999,0,0,0,0,0,0,0.785,0,0,0,0,0,0,0,0,0,0,0,0,0,0,0,0,0,0,0,0,0,0,0,0,0,0,0,0,0,0,0,0,0,0,0,0,0,0,0,0.999,0,0,0,0,0,0.999,0,0,0,0,0.999,0,0,0,0,0,0,0,0.264,0.688,0,0,0,0,0,0,0,0,0,0,0,0,0,0.907,0,0,0,0.908,0,0,0,0,0,0,0.385,0.999,0,0,0,0.784,0,0,0,0,0,0,0,0,0,0,0,0,0,0,0,0,0,0,0,0,0,0,0.239,0,0.276,0,0,0,0,0,0,0,0,0,0,0.368,0,0,0,0,0,0,0,0,0,0,0,0,0,0,0,0,0,0,0,0,0,0.334,0,0,0.169,0,0.384,0.15,0,0,0,0,0,0.311,0,0,0,0,0.999,0,0,0,0,0,0.196,0,0.368,0,0,0,0,0.208,0,0.912,0.502,0,0,0,0,0,0,0,0,0,0,0,0.385,0,0,0,0,0,0,0,0,0,0,0.385,0,0,0,0,0,0,0,0,0,0,0,0,0,0,0,0,0,0,0.999,0.31,0,0.999,0,0,0,0,0,0,0.161,0,0,0,0,0,0,0,0,0,0,0,0,0,0,0,0,0,0,0,0,0,0,0,0,0,0,0,0,0,0,0,0,0,0,0,0,0,0,0,0,0,0,0,0,0,0,0,0,0,0,0,0,0,0,0,0,0,0,0,0,0,0,0,0,0,0,0,0,0,0,0,0,0,0,0,0,0,0,0,0,0,0,0,0,0,0,0,0,0,0,0,0,0,0,0,0,0,0,0,0,0,0,0,0,0,0,0,0,0,0,0,0,0,0.67,0,0,0,0,0,0,0,0,0,0,0,0,0,0,0,0,0,0.164,0,0,0,0,0,0,0,0,0,0,0,0,0,0,0,0,0,0,0,0,0,0,0,0,0,0.999,0,0,0,0,0,0,0,0,0,0,0,0,0,0,0,0,0,0,0,0,0,0,0,0,0,0,0,0,0,0.268,0,0,0,0,0.623,0,0,0,0,0,0,0,0,0,0,0,0,0.682,0,0,0,0,0,0,0,0,0,0,0,0,0,0,0,0,0,0,0,0,0,0,0,0,0,0,0,0,0,0,0,0.252,0,0,0,0,0,0.575,0,0,0,0,0,0,0,0,0,0,0,0,0,0,0,0,0,0,0,0,0,0,0,0,0,0,0,0,0,0,0,0,0,0,0,0,0,0,0,0.419,0,0,0,0,0,0,0,0,0,0,0,0,0,0,0.182,0,0,0,0,0,0,0,0,0,0,0,0.347,0,0,0,0,0,0,0,0,0,0,0,0,0,0,0,0,0,0,0,0,0,0,0,0,0,0.959,0.827,0.999,0.797,0,0.232,0,0,0.999,0.98,0.999,0.216,0.68,0.999,0.167,0.172,0,0.999,0,0.51,0.999,0,0,0.15,0.204,0,0,0.999,0.347,0.999,0,0,0.999,0,0,0.185,0,0,0.784,0.999,0.596,0.999,0,0.895,0.201,0,0,0.997,0.999,0.157,0.949,0.153,0.299,0.759,0,0.566,0.797,0,0.465,0,0.24,0.996,0.999,0.998,0.999,0.91,0.999,0.999,0.232,0.215,0.999,0.777,0.999,0.183,0,0.248,0.811,0,0,0,0.999,0.999,0,0.996,0.998,0.999,0,0,0.999,0,0.783,0.838,0,0.999,0,0.693,0,0.999,0.999,0,0.906,0,0,0.999,0,0.999,0.998,0.805,0.999,0.999,0,0,0.999,0.81,0.996,0,0.999,0.999,0.781,0.999,0.898,0,0.311,0,0.999,0.997,0.795,0.822,0,0,0.924,0,0.999,0,0.78,0,0.994,0.836,0.328,0,0,0,0.999,0,0,0.259,0.629,0.999,0,0,0.999,0,0,0.569,0.999,0.998,0.2,0.973,0,0.999,0.194,0.794,0.999,0,0.788,0.997,0.999,0.199,0,0.999,0.999,0.226,0.202,0.261,0.16,0,0,0,0,0.24,0.452,0.659,0,0.74,0,0.841,0,0,0.957,0.999,0.999,0.999,0.318,0,0,0.999,0.999,0,0.155,0.999,0,0.999,0.999,0.161,0.999,0,0,0.999,0,0.999,0.275,0,0.988,0.999,0.998,0,0.828,0.999,0,0.835,0,0,0.999,0,0.999,0,0.275,0.999,0,0,0,0,0,0,0,0,0,0,0,0,0,0,0,0,0,0.19,0,0,0,0,0,0.171,0,0,0,0,0,0,0,0,0,0,0,0,0,0,0,0,0,0,0,0.999,0,0,0,0,0,0,0,0,0.162,0,0,0,0.204,0,0.213,0,0,0,0,0,0,0,0,0,0,0,0,0,0,0,0,0,0,0,0,0,0,0,0,0,0,0,0,0,0,0,0,0,0,0,0,0,0.157,0,0,0,0,0,0,0,0,0,0,0,0,0,0.212,0,0,0,0,0.247,0,0,0,0,0,0,0,0,0,0,0,0,0,0,0,0,0,0,0,0,0,0,0,0,0,0,0,0,0,0,0,0,0,0,0,0,0,0,0,0,0,0,0,0,0,0,0,0,0,0,0,0,0,0,0,0,0,0,0,0,0,0,0,0,0,0,0,0,0,0,0,0,0,0,0,0,0,0,0,0,0,0,0,0,0,0,0,0,0,0,0,0,0,0,0,0,0,0,0,0,0,0,0,0,0.223,0,0,0,0,0,0,0,0,0,0,0,0,0,0,0,0,0,0,0,0.277,0.189,0,0.901,0,0,0,0.897,0,0,0,0.691,0,0,0,0,0,0,0,0.403,0,0,0,0,0,0,0,0,0,0,0,0,0,0,0,0,0,0,0,0,0.214,0,0,0,0,0,0,0,0,0,0,0,0,0,0,0,0,0,0,0,0,0,0,0,0,0,0,0,0,0,0,0,0,0,0,0,0,0,0,0,0,0,0,0,0,0,0,0,0,0,0,0,0,0,0,0,0,0,0,0,0,0,0,0,0,0,0,0,0,0,0,0,0,0,0,0,0,0,0,0,0,0,0,0,0,0,0,0,0,0,0,0,0,0,0,0,0,0,0,0,0,0,0,0,0,0,0,0,0,0,0,0,0,0,0,0,0,0,0,0,0,0,0,0,0,0,0,0,0,0,0,0,0,0,0,0,0,0,0,0,0,0,0,0,0,0,0,0,0,0,0,0,0,0,0,0,0,0,0,0,0,0,0,0,0,0,0,0,0,0,0,0,0,0,0,0,0,0,0,0,0,0,0,0,0,0,0,0,0,0,0,0,0.195,0,0,0,0,0,0,0,0,0,0,0,0,0,0,0,0,0,0,0,0,0,0,0,0,0,0,0,0,0,0,0,0,0,0,0,0,0,0,0,0,0,0,0,0,0,0,0,0,0,0,0,0,0,0,0,0,0,0,0,0,0,0,0,0,0,0,0,0,0,0,0,0,0,0,0,0,0,0,0,0,0,0,0,0,0,0,0,0,0,0,0,0,0,0,0,0,0,0,0,0,0,0,0,0,0,0,0,0,0,0,0,0,0,0,0,0,0,0,0,0,0,0,0,0,0,0,0,0,0,0,0,0,0,0,0,0,0,0,0,0,0,0,0,0,0,0,0,0,0,0,0,0,0,0,0,0,0,0,0,0,0,0,0,0,0,0,0,0,0,0,0,0,0,0,0,0,0,0,0,0,0,0,0,0,0,0,0,0,0,0,0,0,0,0,0,0,0,0,0,0,0,0,0,0,0,0,0,0,0,0,0,0,0,0,0,0,0,0,0,0,0,0,0,0,0,0,0,0,0,0,0,0,0,0,0,0,0,0,0.154,0,0,0.205,0,0,0,0,0,0,0,0,0,0,0,0,0,0,0,0,0,0,0,0,0.161,0,0,0,0,0,0,0,0,0,0,0,0,0,0,0,0,0,0,0,0,0,0,0,0,0,0,0,0,0.214,0,0,0,0,0,0,0,0.171,0,0,0,0,0,0,0,0,0,0,0,0,0.152,0,0,0,0,0,0,0,0,0,0,0,0,0,0,0.224,0,0,0,0,0,0,0,0,0,0,0,0.173,0,0,0,0,0,0,0,0,0,0,0,0,0,0,0,0,0,0,0,0,0,0,0,0,0.171,0,0,0,0,0,0,0,0,0,0,0,0,0,0,0,0,0,0,0,0,0,0,0,0,0,0,0,0,0,0,0,0,0,0,0,0,0,0,0,0,0,0,0,0,0,0,0,0,0,0,0,0,0,0,0,0,0,0,0,0,0,0,0,0,0,0,0,0,0,0,0,0,0,0,0,0,0,0,0,0,0,0,0,0,0,0,0,0,0,0,0,0,0,0,0,0,0,0,0,0,0,0,0.275,0,0,0,0,0,0,0,0,0,0,0,0,0,0,0,0,0,0,0,0,0,0,0,0,0,0,0,0,0,0,0,0,0,0,0,0,0,0,0,0,0,0,0,0,0,0,0,0,0,0,0,0,0,0,0,0,0,0,0,0,0,0,0,0,0,0,0,0,0,0,0,0,0,0,0,0,0,0,0,0,0,0,0,0,0,0,0,0,0,0,0,0,0,0,0,0,0,0,0,0,0,0,0,0,0,0,0,0,0,0,0,0,0,0,0,0,0,0,0,0,0.171,0,0,0,0,0,0,0,0,0,0,0,0,0.15,0,0,0,0,0,0,0,0,0,0,0,0,0,0,0,0,0,0,0,0,0,0,0,0,0,0,0,0,0,0,0,0,0,0,0,0,0,0,0,0,0,0,0,0,0,0,0,0,0,0,0,0,0,0,0,0,0,0,0,0,0,0,0,0,0,0,0,0,0,0,0,0,0,0,0,0,0,0,0,0,0,0,0,0,0,0,0,0,0,0,0,0,0,0,0,0,0,0,0,0,0,0,0,0,0,0,0,0,0,0,0,0,0,0,0,0,0,0,0,0,0,0,0,0,0,0,0,0,0,0,0,0,0,0,0,0,0,0,0,0,0,0,0,0,0,0,0,0,0,0,0,0,0,0,0,0,0,0,0,0,0,0,0,0,0,0,0,0,0,0,0,0,0,0,0,0,0,0,0,0,0,0,0,0,0,0,0,0,0,0,0,0,0,0,0,0,0,0,0,0,0,0,0,0,0,0,0,0,0,0,0,0,0,0,0,0,0,0,0,0,0,0,0,0,0,0,0,0,0,0,0,0,0,0,0,0,0,0,0,0,0,0,0,0,0,0,0,0,0,0,0
854761,0,0,0,0,0,0,0.906,0,0,0,0,0,0,0,0,0,0,0,0.193,0,0,0,0,0,0,0,0,0,0,0,0,0,0,0,0,0,0,0,0,0,0,0,0,0,0,0,0,0,0,0,0,0,0,0,0,0,0,0,0,0,0,0.21,0,0,0,0,0,0,0,0,0,0,0,0,0,0,0,0,0,0,0,0,0,0,0,0,0,0,0,0,0,0,0,0,0,0,0,0,0,0,0,0,0,0,0,0,0,0,0,0,0,0,0,0,0,0,0,0,0,0,0,0,0,0,0,0,0,0,0,0,0,0,0.276,0,0.334,0,0,0,0,0,0,0,0,0,0,0.282,0,0,0,0,0,0,0,0,0,0,0,0,0,0.265,0,0,0,0,0,0,0,0,0,0,0,0,0,0,0,0,0,0,0,0,0.327,0,0,0,0,0,0,0,0,0,0,0,0,0,0,0,0,0,0,0,0,0,0,0,0,0,0,0,0,0,0,0,0,0,0,0,0,0,0,0,0,0,0,0,0,0,0,0,0,0,0,0,0,0,0,0,0,0,0,0,0,0,0.369,0,0,0,0,0,0,0,0,0,0,0,0,0,0,0.154,0,0.159,0,0,0,0,0,0,0,0,0,0,0,0,0,0,0,0,0,0,0,0,0,0,0,0,0,0,0,0,0,0,0,0.297,0,0,0,0,0,0,0,0,0,0,0,0,0,0,0,0,0,0,0,0,0,0.16,0,0,0,0,0,0,0,0,0,0,0,0,0,0,0,0,0,0,0,0,0,0,0.397,0,0,0,0,0,0,0,0,0,0,0,0,0,0,0,0,0,0,0,0,0.22,0,0,0,0,0,0,0,0,0,0,0,0,0,0,0,0,0,0,0,0,0,0,0,0,0,0,0,0,0,0,0,0,0,0,0,0,0,0,0,0,0,0,0,0,0,0,0,0,0,0,0,0,0,0,0,0,0,0,0,0,0,0,0,0,0,0,0,0,0,0,0,0,0,0,0,0,0,0,0,0,0,0.252,0,0.84,0,0,0,0,0,0,0,0,0,0,0,0,0,0,0,0,0,0,0,0,0,0,0,0,0,0,0,0,0,0,0,0,0,0,0,0,0,0,0,0,0,0,0,0,0,0,0,0,0,0,0,0,0,0,0,0,0,0,0,0,0,0,0,0,0,0,0,0,0,0,0,0,0,0,0,0,0,0,0,0,0,0,0,0,0,0,0,0,0,0,0,0,0,0,0,0,0,0.327,0,0,0,0,0,0.399,0,0,0,0,0,0,0,0,0,0,0,0,0,0,0,0,0,0,0,0,0.26,0,0,0,0,0,0,0,0,0,0,0,0,0,0,0,0,0,0,0,0,0,0,0,0,0,0,0,0,0,0,0,0,0,0,0,0,0,0,0,0,0,0,0,0,0,0,0,0,0,0,0,0,0.787,0,0,0,0,0,0,0,0,0.446,0,0,0,0,0,0,0,0,0,0,0,0,0,0,0,0,0,0,0,0,0,0,0,0,0,0,0,0,0,0,0,0,0,0,0,0,0,0,0,0,0,0,0,0.173,0,0,0,0,0,0,0,0,0,0,0,0,0,0,0,0,0,0,0,0,0,0,0,0,0,0,0,0,0,0,0,0,0,0,0,0,0,0,0,0,0,0,0,0,0,0,0,0,0,0,0,0,0,0,0,0,0,0,0,0,0,0,0,0,0,0,0,0,0,0,0,0,0,0,0,0,0.483,0,0,0,0,0,0,0,0,0,0,0.16,0,0.205,0,0,0,0,0,0,0,0,0,0,0,0,0,0,0,0,0,0,0,0,0,0,0,0,0,0,0,0,0,0,0,0,0,0,0,0,0,0,0,0,0,0,0,0.306,0,0,0,0,0,0,0,0.337,0,0,0,0,0,0,0,0,0,0,0,0,0.446,0,0,0,0,0,0,0,0,0,0,0,0,0,0,0,0,0,0,0,0,0,0,0,0,0,0,0,0,0,0,0,0,0,0,0,0,0,0,0,0,0,0,0,0,0,0,0,0,0,0,0,0,0,0,0,0,0,0,0,0,0,0,0,0,0,0,0,0,0,0,0,0.204,0,0,0,0,0,0,0,0,0,0,0,0,0,0,0,0,0,0,0,0,0,0,0,0,0,0,0,0,0,0,0,0,0,0,0,0,0,0,0,0,0,0,0,0,0,0.365,0,0,0,0,0,0,0,0,0,0,0,0,0,0,0,0,0,0,0,0,0,0,0,0,0,0,0,0,0,0,0,0,0,0,0,0,0,0,0,0,0,0,0,0,0,0,0,0,0,0,0,0,0,0,0,0,0,0,0,0,0,0,0,0,0,0,0,0,0,0,0,0,0,0,0,0,0,0,0,0,0,0,0,0,0,0,0,0,0,0,0,0,0,0,0,0.169,0,0,0,0,0,0,0,0,0,0,0,0,0,0,0,0,0,0,0,0,0,0,0,0,0,0,0,0,0,0,0,0,0,0,0,0,0,0,0,0,0,0,0,0,0,0,0,0,0,0,0,0.356,0,0,0,0,0,0,0,0.183,0,0.183,0,0,0,0,0,0,0,0,0,0,0,0,0,0,0,0,0,0,0.194,0,0,0,0,0,0,0,0,0,0.739,0,0,0,0,0,0,0,0,0,0,0,0,0,0,0,0,0,0,0,0.205,0,0,0,0,0,0,0,0,0,0,0,0,0,0,0,0,0,0,0,0,0,0,0,0,0,0,0,0,0,0,0.748,0,0,0,0,0.173,0,0,0,0,0,0,0,0,0,0,0,0,0,0,0.993,0,0,0,0,0,0,0,0,0,0,0,0,0,0.754,0.169,0,0,0,0.58,0,0,0,0,0,0,0,0,0,0,0,0,0,0,0,0,0,0,0,0,0,0,0,0,0,0,0,0,0.72,0,0,0,0,0.167,0,0,0,0,0,0,0,0,0,0,0,0.152,0,0,0,0,0,0,0,0,0,0,0,0.313,0,0,0,0,0,0,0,0,0,0,0,0,0,0,0,0,0,0,0,0.743,0,0,0,0,0,0,0,0,0.241,0,0,0,0,0,0,0,0,0,0,0.34,0,0,0,0,0,0,0,0,0,0,0,0,0,0,0,0,0,0,0,0,0,0,0,0,0,0,0,0,0,0,0,0,0,0,0,0,0,0,0,0,0,0,0,0,0,0,0,0,0,0,0.198,0,0,0,0.26,0,0,0,0,0,0.392,0,0,0,0,0,0,0,0,0,0,0,0,0,0,0.161,0.161,0,0,0.254,0,0,0,0,0,0,0,0,0,0,0,0,0,0,0,0,0.458,0,0,0,0,0,0,0,0,0,0,0,0,0,0,0,0,0,0,0,0,0,0,0,0,0,0,0,0,0,0,0,0,0,0,0,0,0,0,0,0,0,0,0,0,0,0,0,0,0.184,0,0,0,0.248,0,0,0,0,0,0,0,0,0,0,0,0,0,0,0,0,0,0,0,0,0,0,0,0,0,0,0,0,0,0,0,0,0,0,0,0,0,0,0.171,0,0,0,0,0,0,0,0,0,0,0,0,0,0,0,0,0,0,0,0,0,0,0,0,0.178,0,0.153,0,0,0,0,0,0,0,0,0,0,0,0,0,0.753,0,0,0,0,0,0.758,0,0,0,0,0,0,0,0,0,0,0,0,0,0,0.337,0,0,0,0,0,0,0,0,0,0,0,0,0,0,0,0,0,0,0,0,0,0,0,0,0,0,0,0,0,0,0,0,0,0,0,0,0,0,0,0,0,0,0.174,0,0,0.449,0,0,0,0,0,0,0,0.307,0,0.194,0,0,0,0,0,0,0,0,0,0,0,0,0,0,0.555,0,0,0,0,0,0,0,0,0,0,0,0,0.19,0,0,0,0,0,0,0,0,0,0,0,0,0,0,0,0,0,0,0,0,0,0,0,0,0,0,0,0,0,0,0,0,0,0,0,0,0,0,0,0,0,0,0,0,0,0,0,0,0,0,0,0,0,0,0,0,0,0,0,0,0,0,0,0,0,0,0.159,0,0,0,0,0,0,0,0,0,0,0,0,0,0,0,0,0,0,0,0,0,0,0,0,0,0,0,0,0,0,0,0,0,0,0,0,0,0,0,0,0,0,0,0.161,0,0,0,0,0,0.336,0,0,0,0,0,0,0,0,0,0,0,0,0,0,0,0,0,0,0,0,0,0,0,0,0,0,0,0,0,0,0,0,0,0,0,0,0,0,0,0,0,0,0,0,0,0,0,0,0,0,0,0,0,0,0,0,0,0,0,0,0,0,0,0,0,0,0,0,0,0,0,0,0,0,0,0.351,0,0,0,0,0,0,0,0,0,0,0,0,0,0,0,0,0,0,0,0,0,0,0,0,0,0,0,0,0,0,0,0,0,0,0,0,0,0,0,0,0,0,0,0,0,0,0,0,0,0,0,0,0,0,0,0,0,0,0,0,0,0,0,0,0,0,0,0,0,0,0,0,0,0,0,0,0.191,0,0,0,0,0,0,0,0,0,0,0,0,0,0,0,0,0,0,0,0,0,0,0,0,0,0,0,0,0,0,0,0,0,0,0,0,0,0,0,0,0,0,0,0,0,0,0,0,0,0,0,0,0,0,0,0,0,0,0,0,0,0,0,0.154,0,0,0,0,0,0,0,0,0,0,0,0,0,0,0,0,0,0,0,0,0,0,0,0,0,0,0,0,0,0,0,0,0,0,0,0,0,0,0,0,0,0,0,0,0,0,0,0,0,0,0,0,0,0,0,0,0,0.348,0,0,0,0,0,0,0,0,0,0,0,0,0,0,0,0,0,0.37,0,0,0,0,0,0,0,0,0,0,0,0,0,0,0,0,0.335,0,0,0,0,0,0,0,0,0,0,0,0,0,0,0,0,0,0,0,0.283,0,0,0,0,0,0,0,0,0,0,0,0,0,0,0,0,0.721,0,0,0,0,0,0,0,0,0,0,0,0,0,0,0,0,0,0,0,0,0,0,0,0,0,0,0,0,0,0,0,0,0,0,0,0,0,0,0,0,0,0,0,0,0,0,0,0,0,0,0,0,0,0,0,0,0,0,0,0,0.193,0,0,0,0,0,0,0,0,0,0,0,0,0,0,0,0,0,0,0,0,0,0,0,0,0,0,0,0,0,0,0,0,0,0,0,0,0,0,0,0,0,0,0,0.297,0,0,0,0,0,0,0,0,0,0,0,0,0,0,0,0,0,0.227,0,0,0,0,0,0,0,0,0,0,0,0,0,0,0,0,0,0,0,0,0,0,0,0.171,0,0,0.474,0,0,0.213,0,0,0,0,0,0,0,0,0,0,0,0,0,0,0,0,0,0,0.3,0,0,0,0,0,0,0,0,0,0,0,0,0,0,0,0,0,0,0,0,0,0,0.307,0,0,0,0,0,0,0,0,0,0,0.192,0,0,0,0,0,0,0.357,0,0,0,0,0,0,0,0,0,0,0,0,0,0,0,0,0,0,0,0,0,0,0,0,0,0,0.276,0,0,0,0,0,0,0,0,0,0,0,0,0,0,0,0,0,0,0,0,0,0,0,0,0,0.276,0,0,0,0,0,0,0,0,0,0,0,0,0,0,0,0,0,0.229,0,0,0,0,0,0,0,0,0,0,0,0,0,0,0.155,0,0,0,0,0,0,0,0,0,0.156,0,0,0,0,0,0,0,0,0,0,0,0,0,0,0,0,0,0,0,0,0,0,0,0,0,0,0,0,0,0,0,0,0,0,0,0,0,0,0,0,0,0,0,0,0,0,0,0,0,0.307,0,0,0,0,0,0,0,0.297,0,0,0,0,0,0,0.26,0,0.241,0,0,0,0,0,0,0,0,0,0,0,0.195,0,0,0,0,0,0,0,0,0,0,0,0.177,0,0,0,0,0,0,0,0,0,0,0,0,0,0,0,0,0,0,0,0,0,0,0,0,0,0,0,0,0,0,0,0,0,0,0.214,0,0,0,0,0,0,0,0,0,0,0.206,0.551,0,0,0,0,0,0,0,0,0,0,0,0,0,0,0,0,0,0,0,0,0,0,0.192,0,0,0,0,0,0,0,0,0,0,0,0,0,0,0,0,0,0,0,0,0,0,0,0,0,0,0,0,0,0.248,0,0,0,0,0,0,0,0,0,0,0,0.368,0.29,0,0,0,0,0,0.228,0,0,0.196,0,0,0,0,0,0,0,0,0,0,0,0,0,0,0,0,0,0,0,0,0,0,0,0,0,0,0,0,0,0,0,0,0,0,0,0,0,0,0,0,0,0,0,0,0,0,0,0,0.206,0,0,0,0,0,0,0,0,0,0,0,0,0,0,0.153,0,0,0,0,0,0,0,0,0,0,0,0,0,0,0,0,0,0,0,0,0,0,0.626,0,0,0,0,0,0,0,0,0,0,0,0,0,0,0.171,0,0,0.351,0,0,0,0,0,0,0,0,0.31,0,0,0,0,0,0,0,0,0,0,0,0,0,0,0,0,0,0,0,0,0,0,0,0,0,0,0,0,0,0,0,0,0,0,0,0,0,0,0,0,0,0.333,0,0,0,0,0,0,0,0,0,0,0,0,0,0.297,0,0,0,0,0.338,0,0,0,0,0,0,0,0,0,0,0,0,0,0,0,0,0,0,0,0,0,0,0,0,0,0,0,0,0,0,0,0,0,0,0,0,0,0.337,0,0,0,0,0,0,0,0,0,0,0,0,0,0,0,0,0,0,0,0,0,0,0,0,0,0,0,0.207,0,0,0,0,0,0,0,0,0,0,0,0,0,0,0,0,0,0,0,0,0,0,0,0,0,0,0,0,0,0,0,0,0,0,0,0,0,0,0,0,0,0,0,0,0,0,0,0,0,0,0,0,0,0,0.261,0,0,0,0,0,0,0,0,0,0,0,0,0,0,0,0,0,0,0,0,0,0,0,0,0,0,0,0,0,0,0,0,0,0,0,0,0,0,0,0,0,0,0,0,0.299,0,0.26,0,0,0,0,0,0,0,0,0,0,0,0,0.159,0,0,0,0,0,0,0,0,0,0,0,0,0.228,0,0,0,0,0.316,0,0,0,0,0.18,0,0,0,0,0,0,0,0,0,0,0,0,0,0,0,0,0,0,0,0,0,0,0,0,0,0,0,0,0,0,0,0,0,0,0,0,0,0,0,0,0,0,0,0,0,0,0,0,0,0,0,0,0,0,0,0,0,0,0,0,0,0,0,0,0,0,0,0,0,0,0,0,0,0,0,0,0,0,0,0,0,0,0,0,0,0,0,0,0,0,0.333,0,0,0,0,0,0,0,0,0,0,0,0,0,0,0,0,0,0,0,0,0,0,0,0,0,0,0,0,0,0,0,0,0,0,0,0,0,0,0,0,0,0,0,0,0,0,0,0,0,0,0,0,0,0,0,0,0,0,0,0,0,0,0,0,0,0,0,0,0,0,0,0,0,0,0,0,0,0,0,0,0,0,0,0,0,0.258,0,0,0,0,0,0,0,0,0,0,0,0,0,0,0,0,0,0,0,0,0,0,0,0,0,0,0,0,0,0,0,0,0,0,0,0,0,0,0,0,0,0,0,0,0,0,0,0,0,0,0,0,0,0,0,0,0,0,0,0,0,0,0,0,0,0,0,0,0,0,0,0.426,0,0,0,0,0,0,0,0,0,0,0,0,0,0,0,0,0,0,0,0,0,0,0,0,0,0,0,0,0,0,0,0.157,0,0,0,0,0,0,0,0,0,0,0,0,0,0,0,0,0,0,0,0,0.341,0,0,0,0.311,0,0,0,0,0,0,0,0,0,0,0,0,0,0,0,0,0,0,0,0,0,0,0,0,0,0,0,0,0,0,0.195,0,0,0,0,0,0,0,0,0,0,0,0,0,0,0,0,0,0,0,0,0,0,0,0,0,0,0,0,0,0,0,0,0,0,0,0,0,0,0,0.197,0,0,0,0,0,0,0,0,0.227,0,0,0,0,0,0,0,0,0,0.219,0,0,0,0,0,0,0,0,0,0,0,0,0,0,0,0,0,0,0,0,0,0,0,0,0,0,0,0,0,0,0.542,0,0,0,0,0,0,0,0,0,0,0,0,0,0,0,0,0,0,0,0,0,0,0,0,0,0,0,0,0,0,0,0,0,0,0,0,0,0,0,0,0,0,0,0,0,0,0,0,0,0,0,0,0,0,0,0,0,0,0,0,0,0,0,0.379,0,0,0,0,0,0.179,0,0,0,0,0,0,0,0,0,0,0,0,0,0,0,0,0,0.194,0,0,0,0,0,0,0,0,0,0,0,0,0,0,0,0,0,0,0.195,0,0,0,0,0.191,0,0,0.191,0,0,0,0,0,0,0,0,0,0,0,0,0,0,0,0,0,0,0,0,0,0,0,0,0,0,0,0,0,0,0,0,0,0,0,0,0,0,0,0,0,0,0,0,0,0,0,0,0,0,0,0,0,0,0,0,0,0,0,0,0.72,0,0,0,0,0,0,0,0,0,0,0,0,0,0,0,0,0,0,0,0,0,0,0,0,0,0,0,0,0,0,0,0,0,0,0,0,0.662,0,0,0,0,0,0,0,0.46,0,0,0,0,0,0,0,0,0,0,0,0.357,0,0,0,0,0,0,0,0,0,0,0,0,0,0,0,0,0,0,0,0,0.217,0,0,0,0,0,0,0,0,0,0,0,0,0,0,0,0,0,0,0,0,0,0,0,0,0,0,0,0,0.376,0,0,0,0,0,0,0,0,0,0,0,0,0,0,0,0,0,0,0,0,0,0,0,0,0,0,0,0,0,0,0,0.554,0,0,0,0,0,0,0,0,0,0,0,0,0,0,0,0,0.782,0,0,0,0,0,0,0,0,0,0,0,0,0,0,0,0,0,0,0,0,0,0,0,0,0.232,0,0,0,0,0,0,0,0,0,0,0,0,0,0,0,0,0,0,0,0,0,0,0,0,0,0,0,0,0,0,0,0,0,0,0,0,0,0,0,0,0,0,0,0,0,0,0,0,0,0,0,0,0,0,0,0,0,0,0,0,0,0,0,0,0,0,0,0,0,0,0,0,0,0,0,0,0,0,0,0,0,0,0,0,0,0,0,0,0,0,0,0,0,0,0,0,0,0,0,0,0,0,0,0,0,0,0,0,0,0,0,0,0,0,0,0,0,0.169,0,0,0,0,0,0,0,0,0,0,0,0,0,0.276,0.309,0,0,0,0.337,0,0,0.202,0.22,0,0.378,0,0,0.338,0.318,0,0.315,0.256,0,0,0.309,0.276,0,0,0,0,0,0,0,0,0,0,0,0,0,0,0,0,0,0,0,0,0,0,0,0,0,0,0,0,0,0,0,0,0,0,0,0.337,0,0,0.25,0,0,0,0,0,0,0,0,0,0,0,0,0,0,0,0,0,0,0.938,0,0,0,0,0,0,0,0,0,0,0,0.309,0,0,0,0,0,0,0,0,0,0,0,0,0,0,0,0,0,0,0,0,0.227,0,0,0,0,0,0,0,0,0,0,0,0,0,0,0,0,0,0,0,0,0,0,0,0,0,0,0,0,0,0,0,0,0,0,0,0,0,0,0,0,0,0,0,0,0,0,0,0,0,0,0,0.943,0,0,0,0,0,0,0,0,0,0,0,0,0,0,0,0,0,0,0,0,0,0,0,0,0,0,0,0,0,0,0,0,0,0,0,0,0,0,0,0,0,0,0,0,0,0,0,0,0,0,0,0,0,0,0,0,0,0,0,0,0,0,0,0,0.152,0,0,0,0,0,0,0,0,0,0,0,0,0,0,0,0,0.807,0,0,0,0,0,0,0,0,0,0,0,0,0,0,0,0,0,0,0,0,0,0,0,0,0,0,0,0,0,0.906,0.553,0.194,0,0,0,0,0,0,0,0,0,0,0,0,0,0,0,0,0,0,0,0,0,0,0,0,0,0,0,0,0,0,0,0,0,0,0,0,0,0,0,0,0,0,0,0,0,0,0,0,0,0,0,0,0,0,0,0,0,0,0
853551,0,0.243,0,0,0,0,0.251,0.276,0.33,0.186,0.172,0,0,0,0,0,0,0,0,0.194,0,0,0,0,0.296,0,0.165,0,0,0,0,0,0,0,0,0,0,0,0,0,0,0,0,0,0,0,0,0,0,0,0,0,0,0,0,0,0.84,0,0,0,0.24,0.25,0,0,0,0,0.239,0,0,0,0,0.196,0,0,0,0.159,0,0,0,0,0,0,0,0,0,0.241,0,0,0,0,0,0,0,0,0.243,0.282,0.242,0.296,0,0.186,0,0,0,0,0,0,0.24,0,0,0,0,0,0,0,0,0,0,0,0,0,0,0,0,0.151,0,0,0,0,0,0,0,0,0,0,0,0.198,0,0,0.16,0.206,0,0,0,0,0.385,0.192,0,0,0,0,0,0,0,0,0,0.174,0.288,0,0,0,0,0,0,0,0,0,0,0.419,0,0,0,0.152,0.157,0,0,0.172,0.163,0,0,0.323,0,0.222,0,0.213,0,0,0,0,0.339,0,0.161,0,0,0,0,0,0,0,0.155,0,0,0.231,0.192,0,0.74,0,0,0,0,0.163,0,0,0,0,0,0,0,0,0.49,0,0,0,0.158,0,0,0.951,0.213,0,0,0,0,0,0,0,0,0.251,0.154,0,0,0,0.172,0,0,0,0,0,0,0,0,0.193,0,0,0,0,0,0,0,0.174,0,0.789,0,0,0,0.604,0,0,0,0,0,0,0,0.182,0,0.165,0,0,0,0,0,0,0,0,0,0.236,0.643,0,0,0,0.254,0.151,0,0,0,0,0,0,0,0,0,0,0,0.192,0.225,0,0,0.177,0.452,0,0.884,0,0,0,0.216,0.305,0,0,0,0,0,0,0.411,0.164,0,0,0,0.193,0,0,0,0,0,0.326,0,0,0,0.161,0,0,0.303,0.21,0,0,0,0,0,0.159,0.191,0,0,0,0,0,0,0,0,0,0.493,0,0,0,0,0,0,0,0,0,0.19,0,0,0,0,0,0.158,0,0,0,0,0.633,0.271,0,0,0,0,0,0,0,0,0,0,0,0,0,0,0,0,0,0,0,0,0.794,0,0,0.218,0,0,0,0,0,0,0,0,0,0,0,0.292,0,0,0,0,0,0,0,0,0,0,0,0,0.311,0,0,0,0.153,0.257,0,0.173,0,0,0,0,0,0,0.343,0,0,0,0,0,0,0,0,0,0,0,0.466,0.163,0,0,0,0,0,0,0,0,0,0,0.899,0,0,0,0,0,0,0,0,0,0,0,0,0,0,0,0,0,0,0,0.173,0,0,0,0,0.894,0,0,0,0.445,0,0.991,0,0,0,0,0,0,0,0,0,0,0.891,0,0,0,0,0,0.16,0,0,0,0,0,0,0,0,0,0,0,0,0,0.952,0,0,0,0,0,0,0,0.311,0,0,0,0.684,0,0,0,0,0,0.244,0,0,0,0,0,0,0,0.355,0,0,0.81,0,0,0.159,0,0,0,0,0,0,0,0,0,0,0,0,0,0,0,0,0,0,0,0,0.195,0,0,0,0,0,0,0,0,0,0,0,0,0,0,0,0,0,0,0.151,0,0,0.151,0,0,0,0,0,0,0,0.851,0,0,0,0,0,0,0,0.173,0,0,0,0.2,0,0,0,0,0.257,0.754,0,0,0,0,0,0,0.389,0,0.169,0,0,0,0,0,0,0,0,0,0,0,0,0,0.202,0,0,0,0,0,0.242,0,0,0,0,0,0.176,0,0,0,0.476,0,0.267,0,0,0.532,0,0,0,0.791,0,0.804,0,0,0,0,0,0,0.276,0,0,0,0.95,0,0,0,0,0,0,0.196,0,0,0,0,0,0,0,0,0,0,0.197,0,0,0,0.558,0.404,0,0,0,0,0,0,0,0,0,0.912,0,0.191,0,0.155,0,0,0,0,0,0.208,0,0,0,0,0,0.798,0,0,0,0,0,0,0,0.202,0,0.264,0.482,0,0,0,0,0.175,0,0,0,0,0,0,0,0,0,0,0,0,0.187,0.154,0.653,0.233,0,0,0.32,0,0,0,0,0,0,0,0,0,0.291,0,0,0,0.161,0.157,0,0,0,0,0,0,0,0,0.785,0,0,0.833,0,0,0,0,0,0,0,0,0,0,0.157,0,0,0,0,0,0,0,0,0.178,0,0,0,0,0,0,0,0,0,0,0,0,0,0,0,0,0,0,0,0,0,0,0,0,0,0.209,0,0,0,0,0,0,0.772,0,0,0,0,0,0,0,0,0,0.21,0,0,0.325,0,0,0,0,0,0,0,0,0,0,0.199,0,0,0,0,0,0,0,0,0,0.191,0,0,0,0,0,0,0,0.152,0,0,0,0.291,0,0,0,0.326,0,0,0.241,0,0,0,0,0,0,0,0,0.183,0,0.192,0.175,0,0,0,0.239,0,0,0,0,0,0,0.225,0,0,0,0.154,0,0.792,0,0,0,0,0,0,0,0,0,0,0,0.591,0,0,0,0,0,0,0,0.235,0,0,0,0,0,0,0,0,0,0,0,0.274,0.215,0,0,0,0,0,0,0,0,0,0,0.323,0.287,0,0,0,0,0,0,0.152,0,0,0,0,0.269,0,0,0,0,0,0,0,0,0,0,0,0,0,0,0,0.161,0,0,0,0,0,0,0,0,0,0.335,0,0,0,0,0.179,0,0,0,0,0,0.153,0,0,0,0,0,0,0,0,0,0,0,0,0,0.323,0,0.197,0,0,0.219,0,0,0,0,0,0,0,0,0,0,0.186,0,0,0,0,0,0.249,0,0,0,0,0.195,0,0,0,0.249,0,0,0,0,0,0,0,0,0,0.912,0.15,0,0,0,0,0,0,0,0.352,0,0,0.215,0,0,0,0,0,0,0.185,0,0,0,0,0,0,0,0,0,0.304,0,0,0,0,0,0,0,0.339,0,0,0,0,0,0,0,0.249,0,0,0.324,0,0,0,0,0,0,0,0,0,0,0.15,0,0.361,0,0,0,0,0,0,0,0,0,0,0,0.265,0,0,0,0.249,0,0,0,0,0,0,0,0,0,0,0,0,0,0,0.22,0,0,0,0,0,0,0,0.287,0,0.244,0,0,0,0.231,0,0,0,0,0,0,0,0,0,0,0,0,0.193,0.361,0,0,0,0,0,0,0,0,0.214,0,0,0,0,0,0,0,0,0,0.231,0,0,0,0,0,0,0,0,0,0.859,0,0,0,0,0,0,0,0.161,0.234,0,0.256,0,0,0,0.189,0,0,0,0.302,0.218,0,0,0,0,0.154,0,0,0,0.169,0,0,0,0,0,0,0.292,0,0,0,0,0,0,0,0,0,0,0,0,0,0,0.507,0,0,0,0,0,0,0.258,0,0,0.158,0,0,0,0,0,0.244,0,0,0,0,0,0,0,0,0.254,0,0,0,0,0,0.296,0,0,0,0,0.161,0,0,0,0,0.194,0,0,0,0,0,0,0.196,0,0.273,0,0,0,0,0,0.197,0,0.755,0,0,0,0,0,0,0,0,0,0,0,0,0,0,0,0.195,0,0.231,0,0,0,0,0,0,0,0,0,0,0.221,0,0,0,0,0,0,0,0,0.68,0.223,0.267,0.387,0,0,0,0,0.174,0,0,0,0,0,0,0,0,0,0,0,0,0,0,0.305,0.999,0,0,0.273,0.154,0,0,0.341,0,0,0,0,0.304,0.194,0,0,0,0,0,0,0,0,0,0,0,0,0,0,0,0,0.185,0,0.237,0,0,0,0,0,0,0,0,0.173,0.261,0,0.852,0,0,0,0,0,0,0,0.272,0,0,0,0,0,0,0,0,0.155,0,0,0,0,0,0,0,0,0,0,0,0,0,0.293,0,0,0,0,0.165,0,0.154,0.224,0,0,0,0,0,0,0,0.157,0,0,0.219,0,0.161,0,0,0,0.249,0,0,0,0,0,0,0,0,0.186,0.425,0,0,0.155,0,0,0,0,0,0,0,0,0.206,0,0,0,0,0,0,0,0.445,0,0,0.293,0.205,0,0.187,0,0,0,0,0,0,0.187,0,0.162,0,0,0,0,0,0,0,0,0,0,0,0,0.409,0,0,0,0,0,0,0,0,0,0,0,0.182,0,0,0,0,0,0,0,0,0,0,0,0,0,0.492,0,0,0,0,0,0,0,0,0,0,0.185,0,0,0,0,0,0,0,0,0,0,0,0,0,0,0,0,0,0,0,0,0,0,0,0,0,0,0,0.288,0,0,0,0,0,0,0,0.178,0,0.849,0,0,0,0,0,0,0,0,0,0,0,0,0,0,0,0,0,0,0,0,0,0,0,0,0,0,0,0,0.824,0,0,0.163,0,0,0.218,0,0,0,0,0,0,0,0,0,0,0,0,0,0,0,0,0,0,0,0,0,0,0.177,0,0,0,0,0,0,0,0,0,0,0,0,0,0,0,0,0,0,0.262,0,0,0,0,0,0,0,0,0,0,0,0,0,0,0,0,0,0,0,0,0,0,0,0,0,0,0.212,0,0,0,0,0,0,0,0,0,0.165,0,0,0,0,0.585,0,0,0,0,0,0,0.175,0,0,0,0.165,0,0,0.212,0,0,0,0,0,0,0,0,0,0,0,0,0,0,0,0,0,0,0,0,0,0,0,0.155,0,0,0,0,0,0,0.18,0,0,0,0,0,0.191,0,0,0,0,0,0,0,0,0,0,0,0,0,0,0,0,0,0,0,0,0,0,0,0,0.212,0,0,0,0,0,0,0.254,0,0,0,0,0,0,0,0,0,0,0,0,0,0,0,0,0,0,0,0,0,0,0,0,0,0,0,0,0,0,0,0,0,0,0,0,0,0,0.212,0,0,0,0,0,0,0,0,0,0,0,0,0,0,0,0.197,0,0,0,0,0,0.275,0,0,0,0,0,0,0,0,0,0,0,0,0,0.199,0,0,0,0,0,0,0,0,0,0,0,0,0,0,0,0,0,0,0,0,0,0,0,0,0,0,0,0.186,0,0,0,0,0,0,0,0,0,0,0,0,0,0,0,0,0,0,0,0,0,0,0.755,0,0,0,0,0,0,0,0,0,0,0,0,0,0,0,0,0,0,0,0,0,0,0,0.224,0,0,0,0.183,0.199,0.174,0,0,0.185,0,0,0,0,0.225,0,0,0,0,0,0,0,0,0,0,0,0,0,0,0,0,0,0,0,0,0,0.211,0.22,0,0,0,0.174,0,0,0,0,0,0,0,0,0,0,0,0,0,0,0,0,0.193,0,0,0,0.185,0.185,0,0,0,0,0,0,0,0,0.361,0,0,0,0.189,0,0.286,0,0,0,0,0,0,0,0,0,0,0,0,0,0,0,0,0,0,0,0,0,0,0,0,0,0,0,0,0,0,0,0,0,0.317,0.243,0,0,0,0.894,0,0,0,0,0,0,0,0,0,0,0,0,0.248,0,0,0,0.161,0,0,0,0,0,0.654,0,0.187,0,0,0,0,0,0,0,0,0,0,0,0,0,0,0,0,0,0,0,0,0,0,0,0,0,0,0,0,0,0,0,0,0,0,0,0,0,0,0.269,0,0,0,0,0,0,0,0,0,0,0,0,0,0,0,0,0,0,0,0,0,0,0,0,0,0,0,0,0,0,0,0,0,0,0,0,0,0,0,0,0,0,0,0.152,0,0,0,0,0.753,0.173,0,0,0,0,0,0,0,0,0,0,0,0,0,0,0,0.175,0,0,0,0,0,0,0,0,0,0,0,0,0,0,0,0,0,0,0,0,0,0,0,0,0,0,0,0,0,0,0,0.161,0.445,0,0,0,0,0,0,0,0,0,0,0,0,0,0,0,0,0,0,0,0,0,0,0,0,0,0,0,0,0,0,0,0,0,0,0,0,0,0,0,0,0,0,0,0,0,0,0,0,0,0,0,0,0,0,0,0.164,0.187,0,0,0,0,0,0,0,0,0,0,0,0,0,0,0,0,0,0,0,0,0,0,0,0,0,0,0,0,0.165,0,0,0,0,0,0,0,0,0,0,0,0,0,0,0.226,0.846,0,0,0,0,0,0,0,0,0,0,0,0.945,0,0,0,0,0,0.52,0,0,0,0,0,0,0,0,0,0,0.243,0.737,0,0,0,0,0.729,0,0,0,0,0,0,0,0,0,0,0,0,0,0,0,0,0,0,0,0,0,0,0,0,0.197,0,0.197,0,0,0,0,0,0,0,0,0,0,0,0,0.336,0,0,0,0,0,0,0,0,0,0,0,0,0,0,0,0,0,0,0,0,0,0,0,0,0,0,0,0,0,0,0,0,0,0,0,0,0,0,0,0,0,0,0,0,0,0,0,0,0,0.177,0,0,0,0,0,0,0,0.213,0,0,0.194,0,0,0,0,0,0,0,0,0,0,0,0.153,0,0,0,0,0.258,0,0,0,0,0,0,0,0,0,0,0,0,0,0,0,0,0,0,0,0,0,0,0,0.158,0,0,0,0,0,0,0,0,0.443,0,0,0,0,0,0,0,0.557,0.152,0,0,0.269,0,0,0,0,0.16,0,0.187,0,0,0,0,0,0,0,0,0,0,0,0,0.271,0,0.452,0,0,0,0,0,0,0,0.27,0,0,0,0,0.339,0.183,0,0,0,0,0,0,0.243,0,0,0,0,0,0,0,0,0.171,0,0,0,0,0,0.899,0,0,0,0,0,0,0,0,0,0,0,0,0.254,0,0,0,0,0,0,0.215,0,0,0,0,0,0.354,0,0,0,0,0,0,0.254,0,0,0,0,0,0,0,0,0.803,0,0,0.36,0,0,0.686,0,0.233,0,0,0,0,0,0,0,0,0,0,0,0,0.161,0,0,0,0.243,0,0.164,0,0,0,0,0.344,0.152,0.495,0,0,0,0,0.781,0,0,0,0,0,0,0,0,0,0.152,0,0,0,0,0,0,0,0,0,0,0,0,0,0,0,0,0,0,0,0,0,0,0,0,0,0,0,0,0,0,0,0,0,0,0,0,0,0,0,0,0,0,0,0,0,0,0,0,0,0,0,0,0,0,0,0,0,0,0,0,0.392,0,0,0,0,0,0,0,0,0,0,0,0,0,0,0,0,0,0,0,0,0,0,0,0,0,0,0,0,0,0,0,0,0,0.244,0,0,0,0,0,0,0,0,0,0,0,0,0,0,0,0,0,0,0,0,0.163,0,0,0,0,0,0,0,0,0,0,0,0,0,0,0,0,0.178,0,0,0,0,0,0,0,0,0,0,0,0,0,0,0,0,0,0,0,0,0,0,0,0,0,0,0,0,0,0,0,0,0,0.163,0,0,0,0,0,0,0,0.319,0,0,0,0,0,0,0,0,0,0,0,0,0,0,0,0,0,0,0,0,0,0,0,0,0,0,0,0,0,0,0,0,0,0,0,0,0,0,0.185,0,0,0,0,0,0,0,0,0,0,0,0,0,0,0,0,0,0,0,0.242,0,0,0,0,0,0,0.475,0,0,0,0.293,0,0,0,0,0,0,0,0,0,0,0,0,0,0,0,0,0.239,0.249,0,0,0,0,0,0,0.265,0,0,0,0,0,0,0,0,0,0,0,0.151,0,0,0,0,0,0,0,0,0,0,0,0,0,0,0.177,0,0,0,0,0,0,0,0,0,0,0,0,0,0,0,0,0,0,0,0,0,0,0,0,0,0,0,0.166,0,0,0,0,0.294,0,0,0,0,0,0,0,0,0,0,0,0,0,0,0,0,0,0,0,0,0,0,0,0,0,0,0,0.33,0,0,0,0,0,0,0,0,0,0,0,0,0,0,0,0,0,0,0,0,0,0,0,0,0,0,0,0,0,0,0,0,0,0,0,0,0,0,0,0,0,0.15,0,0,0,0,0,0,0,0,0,0,0,0,0,0,0,0,0,0,0,0,0.264,0,0,0,0,0,0,0,0.721,0,0,0,0,0,0,0.21,0,0,0,0,0,0,0,0,0,0,0,0,0,0,0,0,0,0,0,0,0,0,0,0,0,0,0,0.157,0,0,0,0,0,0,0,0,0,0,0,0,0,0,0,0,0,0,0,0,0,0,0,0,0,0,0,0,0,0,0,0,0,0,0,0.195,0,0,0,0,0,0,0,0,0,0,0,0,0,0,0,0,0,0,0,0,0,0.512,0,0,0,0,0,0,0,0,0,0,0,0,0,0,0,0,0,0,0,0,0.197,0,0,0,0,0,0,0,0,0,0,0.19,0,0.169,0,0,0,0,0,0,0,0,0,0,0,0,0,0,0,0,0,0,0,0,0,0,0,0,0,0,0,0,0,0,0.169,0,0.255,0,0,0,0,0,0,0,0,0,0,0,0,0,0,0,0,0,0,0,0,0,0,0,0,0,0,0,0,0,0,0,0,0,0,0,0,0,0,0,0,0,0,0,0,0,0,0,0,0,0,0,0,0,0,0,0,0,0,0,0,0,0,0,0,0,0,0,0,0,0,0,0,0,0,0,0,0,0,0,0,0,0,0,0,0,0,0,0,0,0,0,0,0,0,0,0,0,0,0,0,0,0,0,0,0,0,0,0,0,0,0,0,0,0.346,0,0,0,0,0,0,0,0,0.626,0,0,0,0,0,0,0,0,0,0,0,0,0,0,0,0,0,0,0,0.341,0,0,0,0,0,0,0.168,0,0,0,0,0,0,0,0,0,0.288,0,0,0,0,0,0,0,0,0,0,0,0,0,0.183,0,0,0,0,0.159,0,0,0,0,0,0,0,0,0,0,0,0,0,0,0,0,0.275,0,0,0,0,0,0,0,0.358,0,0,0,0,0,0,0,0,0,0,0,0,0,0,0,0,0,0,0,0,0,0,0,0,0,0,0,0,0,0.361,0,0,0,0.916,0,0,0,0,0,0,0,0,0,0,0,0,0,0,0,0,0,0,0,0,0,0,0,0,0,0,0,0,0,0,0,0,0.169,0,0,0,0,0,0,0,0,0,0,0,0,0,0,0,0,0,0,0,0,0,0,0,0,0,0,0,0,0,0.775,0,0,0,0,0,0,0,0,0,0,0,0,0,0,0,0,0,0,0.794,0,0,0,0.194,0,0,0,0,0,0,0,0,0,0,0,0,0,0,0,0.396,0,0,0,0,0.161,0,0,0,0,0,0,0,0,0,0,0,0,0,0,0,0,0,0,0,0,0,0,0,0,0,0,0,0,0,0,0,0,0,0,0,0,0,0.56,0,0,0,0,0,0,0,0,0,0.444,0,0,0,0,0,0,0,0,0,0,0,0,0,0,0,0,0,0,0.389,0,0,0,0,0,0,0,0,0,0,0,0,0,0,0,0,0,0,0,0,0,0,0,0,0.825,0,0,0,0,0,0,0,0,0,0,0,0,0,0,0,0,0.168,0,0,0,0,0,0.171,0,0,0,0.195,0,0,0,0,0,0,0,0.195,0,0,0,0,0,0,0,0,0,0,0,0.356,0,0,0,0,0,0,0,0,0,0,0,0,0,0,0,0,0,0,0,0.445,0,0,0,0,0,0,0,0,0,0,0,0,0,0.269,0,0.242,0,0,0.755,0,0,0,0,0,0,0,0,0,0,0,0,0,0,0,0,0,0,0.333,0,0,0,0,0,0,0,0,0.215,0,0,0,0,0,0,0,0,0,0,0,0.258,0,0,0,0,0,0,0,0,0,0,0,0,0,0,0,0,0,0,0,0,0,0,0,0,0,0,0,0,0,0,0,0,0,0,0,0,0,0,0,0,0,0,0,0,0,0,0,0,0,0,0,0,0.156,0,0,0,0,0,0,0,0,0,0,0,0,0,0,0,0,0,0,0,0,0.173,0,0,0,0,0,0,0,0.574,0,0,0.159,0,0,0,0,0,0,0,0,0,0.727,0,0,0,0,0,0,0,0,0,0,0,0,0,0,0,0,0,0,0,0,0,0,0,0,0,0,0,0.311,0,0.738,0,0.242,0,0,0,0,0,0,0,0,0,0,0,0,0,0,0,0,0,0,0,0.337,0,0,0,0.875,0,0,0,0,0,0,0,0,0,0,0,0,0,0,0,0,0,0,0,0,0,0,0,0,0,0,0,0,0,0,0,0,0.848,0.233,0,0,0.874,0,0,0,0.385,0,0,0,0,0,0.873,0,0,0,0.157,0.171,0,0,0,0,0,0,0,0,0,0,0,0.429,0,0,0,0,0,0,0,0,0,0,0,0,0,0,0,0,0,0,0.178,0,0,0,0,0,0,0,0,0,0,0,0,0,0,0,0,0,0,0,0,0,0,0,0,0,0,0,0,0.225,0.284,0,0,0,0,0,0,0,0,0,0,0,0,0.321,0,0,0,0,0,0,0.185,0,0,0,0,0,0,0,0,0,0,0,0,0,0,0,0,0,0,0,0,0,0,0,0,0,0,0,0,0,0,0,0,0,0,0,0,0,0,0,0,0,0,0,0,0,0,0,0,0,0,0.236,0,0,0,0,0,0,0,0,0,0,0.191,0,0,0,0,0,0,0,0,0,0,0,0,0,0,0,0,0,0,0,0,0,0,0,0,0,0,0,0,0,0,0,0,0,0,0,0,0,0,0,0,0,0,0,0,0,0,0,0,0,0,0,0,0,0,0,0,0,1
851491,0,0,0,0,0,0,0,0,0,0,0,0,0,0,0,0,0,0,0,0,0,0,0,0,0,0,0,0,0,0,0,0.22,0,0,0,0,0,0,0,0,0,0,0,0,0,0,0,0,0,0,0,0,0,0,0,0,0,0,0,0,0,0,0,0,0,0,0,0,0,0,0,0,0,0,0,0,0,0,0,0,0,0,0,0,0,0,0,0,0,0,0,0,0,0,0,0,0,0,0,0,0,0,0,0,0,0,0,0,0,0,0,0,0,0,0,0,0,0,0,0,0,0.56,0,0,0,0,0,0,0,0,0,0,0,0,0,0,0,0,0,0,0,0,0,0,0,0,0,0,0,0,0,0,0,0,0,0,0,0,0,0,0,0,0,0,0,0,0,0,0,0,0,0,0,0,0,0,0,0,0,0,0,0,0,0,0,0,0,0,0,0,0,0,0,0,0,0,0,0,0,0,0,0,0,0,0,0,0,0,0,0,0,0,0,0,0,0,0,0,0,0,0,0,0,0,0,0,0.195,0,0,0,0,0,0.332,0,0,0,0,0,0,0,0,0,0,0,0,0,0,0,0,0,0,0,0,0,0,0,0,0,0,0,0,0,0,0,0,0.61,0.365,0,0,0,0,0,0,0,0,0,0,0,0,0,0,0,0,0,0,0,0,0,0,0,0,0,0,0,0,0,0,0,0,0,0,0,0,0,0,0,0,0,0,0,0,0,0,0,0,0,0,0,0,0,0,0,0,0,0,0,0,0,0,0,0,0,0,0.198,0,0,0,0,0,0,0,0,0,0,0,0,0,0,0,0,0,0,0,0,0,0,0,0,0,0,0,0.196,0,0,0,0,0,0,0,0,0,0,0,0,0,0,0,0,0,0,0,0,0,0,0,0,0,0,0,0,0,0,0,0,0,0,0,0,0,0,0,0,0,0,0,0,0,0,0,0,0,0.441,0,0,0,0,0,0,0,0,0,0,0,0,0,0,0,0,0,0,0,0,0,0,0,0,0,0,0,0,0,0,0,0,0,0,0,0,0,0,0,0,0,0,0,0,0,0,0,0,0,0,0,0,0,0,0,0,0,0,0,0,0,0,0,0,0,0,0,0,0,0,0,0,0,0,0,0,0,0,0,0,0,0,0,0,0,0,0,0,0,0,0,0,0,0,0,0,0,0,0,0,0,0,0,0,0,0,0,0,0,0,0,0,0,0,0,0,0,0,0,0,0,0,0,0,0,0,0,0,0,0,0,0,0,0.229,0,0,0,0,0,0,0,0,0,0,0,0,0,0,0,0,0,0,0,0,0,0,0,0,0,0,0,0,0,0,0,0,0,0,0,0,0,0,0,0,0,0,0,0,0,0,0,0,0,0,0,0,0,0,0,0,0,0,0,0,0,0,0,0,0,0,0,0,0,0,0,0,0,0,0,0,0,0,0,0,0,0.237,0,0,0,0,0,0,0,0,0,0,0,0,0,0,0,0,0,0,0,0,0,0,0,0,0,0,0,0,0,0,0,0,0,0,0.22,0.446,0,0.732,0,0,0,0,0,0,0,0,0,0.784,0,0,0,0,0,0,0,0.781,0,0,0,0,0,0,0,0,0,0.68,0,0,0,0,0,0,0,0,0,0,0,0,0,0,0,0,0,0,0,0,0,0,0,0,0,0,0,0,0,0,0,0,0,0,0,0,0,0.371,0,0,0,0,0,0,0,0,0,0,0,0,0,0,0,0,0,0,0,0,0,0,0,0,0,0,0,0,0,0,0,0,0,0,0,0,0,0,0,0,0,0,0,0,0,0,0,0,0,0,0,0,0,0,0,0,0,0,0,0,0,0,0,0,0,0,0,0,0,0,0,0,0,0.441,0,0.192,0,0,0,0,0,0,0,0,0,0,0,0,0,0,0,0,0,0,0,0,0,0,0,0,0,0,0,0,0,0,0,0,0.39,0,0,0,0,0,0,0,0,0,0,0,0,0,0,0,0,0,0,0,0,0,0,0,0,0,0.441,0,0,0,0,0,0,0,0,0,0,0,0,0,0,0,0,0,0,0,0,0,0,0,0,0,0,0,0,0,0.19,0,0,0,0,0,0,0,0,0,0,0,0,0,0,0,0,0,0,0,0,0,0,0,0,0,0,0,0,0,0,0,0,0,0,0,0,0,0,0,0,0,0,0,0,0,0,0,0.22,0,0,0,0,0,0,0,0,0,0,0,0,0,0,0,0,0,0,0,0,0,0,0,0,0,0,0,0,0,0,0,0,0,0,0,0,0,0,0,0,0,0,0,0,0,0,0,0,0,0,0,0,0,0,0,0.29,0,0.258,0,0,0,0,0,0,0,0,0,0,0,0,0,0,0,0,0,0,0,0,0,0,0,0,0,0,0,0,0,0,0,0,0.274,0,0,0,0,0,0,0,0,0,0,0,0,0,0,0,0,0,0,0,0,0,0,0,0,0,0,0,0,0,0,0,0,0,0,0,0,0,0,0,0,0,0,0,0,0.61,0,0,0,0,0,0,0,0,0,0,0,0,0,0,0,0,0,0,0,0,0,0,0,0,0,0,0,0,0,0,0,0,0,0,0,0,0,0,0,0,0,0,0,0,0,0,0,0,0,0,0,0,0,0,0,0,0,0,0,0,0,0,0,0,0,0,0,0,0,0,0,0,0,0,0,0,0,0,0,0,0,0,0,0,0,0,0,0,0,0,0,0,0,0,0,0,0,0,0,0,0,0,0,0,0,0,0,0,0,0,0,0,0,0,0,0,0,0,0,0,0,0,0,0,0,0,0,0,0,0,0,0,0,0,0,0,0,0,0,0,0,0,0,0,0,0,0,0,0,0,0,0,0,0,0,0,0,0.276,0,0,0,0,0,0,0,0,0,0,0,0,0,0,0,0,0,0,0,0,0,0,0,0,0,0,0,0,0,0,0,0,0,0,0,0,0,0,0,0,0,0,0,0,0,0,0,0,0,0,0,0,0,0,0,0,0,0,0,0,0,0,0,0,0,0,0,0,0,0,0,0,0,0,0,0,0,0,0,0,0,0,0,0,0,0,0,0,0,0,0,0,0,0,0,0,0,0,0,0,0,0,0,0,0,0,0,0,0,0,0,0,0,0,0,0,0,0,0,0,0,0,0,0,0,0,0,0,0,0,0,0,0,0,0,0,0,0,0,0,0,0,0,0.333,0,0,0,0,0,0,0,0,0,0,0,0,0,0,0,0,0,0,0,0,0,0,0,0,0.195,0,0,0,0,0,0,0,0,0,0,0,0,0,0,0,0,0,0,0,0,0,0,0,0,0,0,0,0,0,0,0,0,0,0,0,0,0,0,0,0,0,0.198,0,0,0,0,0,0,0,0,0,0,0,0,0,0,0,0,0,0,0,0,0,0,0,0,0,0,0,0,0,0,0,0,0,0,0,0,0,0,0,0,0,0,0,0,0,0,0,0,0,0,0,0,0,0,0,0,0,0,0,0,0,0,0,0,0,0,0,0,0,0,0,0,0,0,0,0,0,0,0,0,0,0,0,0,0,0,0,0,0,0,0,0,0,0,0,0,0,0,0,0,0,0,0,0,0,0,0,0,0,0,0,0,0,0,0,0,0,0,0,0,0,0,0,0,0,0,0,0,0,0,0,0,0,0,0,0,0,0,0,0,0,0,0,0,0,0,0,0,0,0,0,0,0,0,0,0,0,0,0,0,0,0,0,0,0,0,0,0,0,0,0,0,0,0,0,0,0,0,0,0.309,0,0,0,0,0,0,0,0,0,0,0,0,0,0,0,0,0,0,0,0,0,0,0,0,0,0,0,0,0,0,0,0,0,0,0,0,0,0,0,0,0,0,0,0,0.441,0,0,0,0,0,0,0,0,0,0,0,0,0,0,0,0,0,0,0,0,0,0,0,0,0,0,0,0,0,0,0,0,0,0,0,0,0,0,0,0,0,0,0,0,0,0,0,0.441,0,0,0,0,0,0,0,0,0,0,0,0,0,0,0,0,0,0,0,0,0,0,0,0,0,0,0,0,0,0,0,0,0,0,0,0,0,0,0,0,0,0,0,0.441,0,0,0,0,0,0,0,0,0,0,0,0,0,0,0,0,0,0,0,0,0,0,0,0,0,0,0,0,0,0,0,0,0,0,0,0,0,0,0,0,0,0,0,0,0,0,0,0,0,0,0,0.161,0,0,0,0,0,0,0,0,0,0,0,0,0,0,0,0,0,0,0,0,0,0,0,0,0,0,0,0,0,0,0,0,0,0,0,0,0,0,0,0,0,0,0,0,0,0,0,0,0,0,0,0,0,0,0,0,0,0,0,0,0,0,0,0,0,0,0,0,0,0,0,0,0,0,0,0,0,0,0,0,0,0,0,0,0,0,0,0,0,0,0,0,0,0,0,0,0,0,0,0,0,0,0,0,0,0,0,0,0,0,0,0,0,0,0,0,0,0,0,0,0,0,0,0,0,0,0,0,0,0,0,0,0,0,0,0,0,0,0,0,0,0,0,0,0,0,0,0,0,0,0,0,0,0,0,0,0,0,0,0,0,0,0,0.192,0,0,0,0,0,0,0,0,0,0,0,0,0,0,0,0,0,0,0,0,0,0,0,0,0,0,0,0,0,0,0,0,0,0,0,0,0,0,0,0,0,0,0,0,0,0,0,0,0,0,0,0,0,0,0,0,0,0,0,0,0,0,0,0,0,0,0,0,0,0,0,0,0,0,0,0,0,0,0,0,0,0,0,0,0,0,0,0,0,0,0,0,0,0,0,0,0,0,0,0,0,0,0,0,0,0,0,0,0,0,0,0,0,0,0,0,0,0,0,0,0,0,0,0,0,0,0,0,0,0,0,0,0,0,0,0,0,0,0,0,0,0,0,0,0,0,0,0,0,0,0,0,0,0,0,0,0,0,0,0,0,0,0,0,0,0,0,0,0,0,0,0.338,0,0,0,0,0,0.572,0,0,0,0,0,0,0,0,0,0,0,0,0,0,0,0,0,0,0,0,0,0,0,0,0,0,0,0,0,0,0,0,0,0,0,0,0,0,0,0,0,0,0,0,0,0,0,0,0,0,0,0,0.629,0,0,0,0,0,0,0,0,0,0,0,0,0,0,0,0,0,0,0,0,0,0,0,0,0,0,0,0,0,0,0,0,0,0,0,0,0,0,0,0,0,0,0,0,0,0,0,0,0,0,0,0,0,0,0,0,0,0,0,0,0,0,0,0,0,0,0,0,0,0,0,0,0,0,0,0,0,0,0,0,0,0,0,0,0,0,0,0,0,0,0,0,0,0,0,0,0,0,0,0,0,0,0,0,0,0,0,0,0,0,0.297,0,0,0,0,0,0,0,0,0,0.533,0,0,0,0,0,0,0,0,0,0,0,0,0,0,0,0,0,0,0,0,0,0,0,0,0,0,0,0,0,0,0,0,0,0,0,0,0,0,0,0,0,0,0,0,0,0,0,0,0,0,0,0,0,0,0,0,0,0,0,0,0,0,0,0,0,0,0,0,0,0,0,0,0,0,0,0,0,0,0,0,0,0,0,0,0,0,0,0,0,0,0,0,0,0,0,0,0,0,0,0,0,0,0,0,0,0,0,0,0,0,0,0,0,0,0,0,0,0,0,0,0,0,0,0,0,0,0,0,0,0,0,0,0,0,0,0,0,0,0,0,0,0,0,0,0,0,0,0,0,0,0,0,0,0,0,0,0,0,0,0,0,0,0,0,0,0,0,0,0,0,0,0,0,0,0,0,0,0,0,0,0,0,0,0,0,0,0,0,0,0,0,0,0,0,0,0,0,0,0,0,0,0,0,0,0,0,0,0.309,0,0,0,0,0,0,0,0,0,0,0,0,0,0,0,0,0,0,0,0,0,0,0,0,0,0,0,0,0,0,0,0,0,0,0,0,0,0,0,0,0,0,0,0,0,0,0,0,0,0,0,0,0,0,0,0,0,0,0,0,0,0,0,0,0,0,0,0,0,0,0,0,0,0,0,0,0,0,0,0,0,0,0,0,0,0,0,0,0,0,0,0,0,0.288,0,0,0,0,0,0,0,0,0,0,0,0,0,0,0,0.297,0,0,0,0,0,0,0,0,0,0,0,0,0,0,0,0,0,0,0,0,0,0,0,0,0,0,0,0,0,0,0,0,0,0,0,0,0,0,0,0,0,0,0,0,0,0,0,0,0,0,0,0,0,0,0,0,0,0,0,0,0,0,0,0,0,0,0,0,0,0.61,0.309,0,0,0,0,0,0,0,0,0,0,0,0,0,0,0,0,0,0,0,0,0,0,0,0,0,0,0,0,0,0,0,0,0,0,0,0,0,0,0,0,0,0,0,0,0,0,0,0,0,0,0,0,0,0,0,0,0,0,0,0,0,0,0,0,0,0,0,0,0,0,0,0,0,0,0,0,0,0,0,0,0,0,0,0,0,0,0,0,0,0,0,0,0.446,0,0,0,0,0,0,0,0.309,0,0,0,0,0,0,0,0,0,0,0,0,0,0,0,0,0.392,0,0,0,0,0,0,0,0,0,0,0,0,0,0,0,0,0,0,0,0,0,0,0,0,0,0,0,0,0,0,0,0,0,0,0,0,0,0,0,0,0,0,0,0,0,0,0,0,0,0,0,0,0,0,0,0,0,0,0,0,0,0,0,0,0,0,0,0,0,0,0,0,0,0,0,0,0,0,0,0,0,0,0,0,0,0,0,0,0,0,0,0,0,0,0,0.394,0,0,0,0,0,0,0,0,0,0,0,0,0,0,0,0,0,0,0,0,0,0,0,0,0.256,0,0,0,0,0,0,0,0,0,0,0,0,0,0,0,0,0,0,0,0,0,0,0,0,0,0,0,0,0,0,0,0,0,0,0,0,0,0,0,0,0,0,0,0,0,0,0,0,0,0,0,0,0,0,0,0,0,0,0,0,0,0,0,0,0,0,0,0,0,0,0,0,0,0,0,0,0,0,0,0,0,0,0,0,0.441,0,0,0,0,0,0,0,0,0,0,0,0,0,0,0,0,0,0,0,0,0,0,0,0,0,0,0,0,0,0.171,0,0,0,0,0,0,0,0,0,0,0,0,0,0,0,0,0,0,0,0,0,0,0,0,0,0,0,0,0,0,0,0,0,0,0,0,0,0,0,0,0,0,0,0,0,0,0,0,0,0,0,0,0,0,0,0,0,0,0,0,0,0,0,0,0,0,0,0,0,0,0,0,0,0,0,0,0,0,0,0,0,0,0,0,0,0,0,0,0,0,0,0.258,0,0,0,0,0,0,0,0,0,0,0,0,0,0,0,0,0,0,0,0,0,0,0,0,0,0,0,0,0,0,0,0,0,0,0,0,0,0,0,0,0,0,0,0,0,0,0,0,0,0.315,0,0,0,0,0,0,0,0,0,0,0,0,0,0,0,0,0,0,0,0,0,0,0,0,0,0,0,0.22,0,0,0,0,0,0,0,0,0,0,0,0,0,0,0,0,0,0,0,0,0,0,0,0,0,0,0,0,0.445,0.536,0,0.68,0,0.481,0.338,0,0,0.271,0.339,0,0,0.297,0,0,0,0,0,0,0,0,0,0,0,0,0.447,0.441,0,0,0,0.339,0,0,0,0,0,0,0,0,0,0,0,0,0,0,0,0,0,0,0.191,0,0,0,0.228,0,0,0,0,0,0,0,0,0,0,0,0,0,0,0,0,0,0,0,0,0,0,0,0,0,0,0.309,0,0,0,0,0,0,0,0,0,0,0,0,0,0,0,0,0,0,0,0,0,0,0,0,0,0,0,0,0,0,0,0,0,0,0,0,0,0,0,0,0,0,0,0,0,0,0,0,0,0,0,0,0,0.441,0,0,0,0,0,0,0,0,0,0,0,0,0,0,0,0,0,0,0,0,0,0,0,0,0,0,0,0,0,0,0,0,0,0,0,0,0,0,0,0,0,0,0,0,0,0,0,0,0,0,0,0,0,0,0.482,0,0,0,0,0,0,0,0,0,0,0,0,0,0,0,0,0,0,0,0,0,0,0,0,0,0,0,0,0,0,0,0,0,0,0,0,0,0,0,0,0,0,0,0,0,0.441,0,0,0,0,0.38,0,0,0,0,0,0,0,0,0,0,0,0,0,0.25,0,0,0,0,0.551,0,0,0,0,0,0,0,0,0,0,0,0,0,0,0,0,0,0,0,0.335,0,0,0,0,0,0,0,0,0,0,0,0,0,0,0,0,0,0,0,0,0,0.276,0,0,0,0,0,0,0,0,0,0,0,0,0,0,0,0,0,0,0,0,0,0,0,0,0,0,0,0,0,0,0.254,0,0,0,0,0,0,0,0,0,0,0,0,0,0,0,0,0,0,0,0,0,0,0,0,0,0,0,0,0,0,0,0,0,0,0,0,0,0,0,0,0,0,0,0,0,0,0,0,0,0,0,0.171,0,0,0,0,0,0,0,0,0,0,0,0,0,0,0,0,0,0,0,0,0,0,0,0,0,0,0,0,0,0,0,0,0,0,0,0,0,0,0,0,0,0,0.533,0,0,0,0,0,0,0,0,0,0,0,0,0,0,0,0,0,0,0,0,0,0,0,0,0,0,0,0,0,0,0,0,0,0,0,0,0,0,0,0,0,0,0,0,0,0,0,0,0,0,0,0,0,0,0,0,0,0,0,0,0,0,0,0,0,0,0,0,0,0,0,0,0,0,0,0,0,0,0,0,0,0,0,0,0,0,0,0,0,0,0,0,0,0,0,0,0,0,0,0.256,0,0,0,0,0,0,0,0,0,0,0,0,0,0,0,0,0,0,0.336,0,0,0,0,0,0,0,0,0,0,0,0,0,0,0,0,0,0,0,0,0,0,0,0,0,0,0,0.446,0,0,0,0,0,0,0,0,0,0,0,0,0,0,0,0,0,0.275,0,0,0,0,0,0,0,0,0,0,0,0,0,0,0,0,0,0,0,0,0,0,0,0,0,0,0,0,0,0,0,0,0,0,0,0,0,0,0,0,0,0,0,0,0,0,0,0,0,0,0,0,0,0,0,0,0,0,0,0,0,0,0,0,0,0,0,0,0,0,0,0,0,0,0,0,0,0,0,0,0,0,0,0,0,0,0,0,0,0,0,0,0,0,0,0,0,0.482,0,0,0,0,0,0,0,0,0,0,0,0,0,0,0,0,0,0,0,0,0,0,0,0,0,0,0,0,0,0,0,0,0,0,0,0,0,0,0,0,0,0,0,0,0,0,0,0,0,0,0,0,0,0,0,0,0,0,0,0,0,0,0,0,0,0,0,0,0,0,0,0,0,0,0,0,0,0,0,0,0,0,0,0,0,0,0,0,0,0,0,0,0,0,0,0,0,0,0,0,0,0,0,0,0,0,0,0,0,0,0,0,0,0,0,0,0,0,0,0,0,0,0,0,0,0,0,0.48,0,0,0,0,0,0,0,0,0,0,0,0,0,0,0,0,0,0,0,0,0,0,0,0,0,0,0,0,0,0,0,0,0,0,0,0,0,0,0,0,0,0,0,0,0,0,0,0,0,0,0,0,0,0,0.483,0,0,0,0,0,0,0,0,0,0,0,0,0,0,0,0,0,0,0,0,0,0,0,0,0,0,0,0,0,0,0,0,0,0,0,0,0,0,0,0,0,0,0,0,0,0,0,0,0,0,0,0,0,0,0,0.445,0,0,0,0.394,0.941,0.446,0,0,0,0,0,0,0,0,0,0,0,0,0,0,0,0,0,0,0,0,0,0,0,0,0,0,0,0,0,0,0,0,0,0,0,0,0,0,0,0,0,0,0,0,0,0,0,0,0,0,0,0,0,0,0,0,0,0,0,0,0,0
851010,0.157,0,0,0,0,0,0.317,0,0,0,0,0,0,0,0,0.165,0,0,0.397,0.196,0,0,0,0,0,0,0.193,0,0.196,0,0,0,0,0,0,0,0,0,0,0,0,0,0,0,0,0,0,0,0,0,0,0,0,0,0,0.151,0,0,0,0,0,0,0,0,0,0,0,0.219,0,0,0.526,0,0,0,0,0,0,0,0,0,0,0,0,0,0,0,0.206,0,0.224,0,0,0,0.227,0,0,0,0.15,0,0.163,0,0,0,0.179,0,0,0,0,0,0.197,0,0,0,0,0,0,0,0,0,0.263,0,0,0,0,0,0,0,0,0,0.169,0,0,0,0,0,0,0,0,0,0.217,0,0.177,0,0.362,0,0,0.193,0,0,0,0,0.271,0,0,0,0,0.195,0,0,0,0,0,0,0,0,0,0,0,0,0,0,0,0,0.156,0,0,0,0,0,0,0,0,0.22,0.228,0,0,0,0,0,0.193,0,0,0,0,0,0,0,0.277,0,0,0,0,0,0,0,0,0.384,0,0,0,0,0,0,0.164,0,0,0,0,0,0,0,0,0.343,0,0,0,0,0.356,0,0.253,0.258,0.495,0.172,0,0.259,0,0,0.778,0,0,0,0,0.205,0,0,0,0,0,0.254,0,0,0.223,0,0.18,0,0,0.196,0,0,0,0,0,0,0.188,0,0,0,0.151,0.907,0,0.158,0.227,0,0,0,0.153,0,0,0,0,0,0,0.164,0,0,0,0,0,0.194,0.394,0,0,0,0,0,0.256,0.229,0,0,0.252,0,0,0,0,0,0,0,0.19,0,0,0,0,0,0.158,0.275,0,0.189,0,0,0.293,0,0,0.479,0,0,0,0,0.21,0,0,0,0,0.171,0,0,0,0,0,0,0,0,0,0,0,0.182,0,0.167,0,0,0,0.161,0,0,0,0.486,0.229,0,0,0,0,0,0,0.778,0.394,0,0.158,0,0,0.549,0,0,0.953,0,0,0,0,0,0,0,0.165,0,0,0.15,0,0,0,0.173,0,0,0,0,0,0,0,0,0.265,0,0,0.394,0,0,0.163,0,0,0,0.673,0,0,0.34,0.978,0.416,0,0,0,0,0.226,0,0,0.243,0,0.169,0.17,0,0.15,0.86,0,0,0,0,0,0,0.313,0.278,0.194,0,0,0,0.155,0,0,0.61,0,0,0,0,0.222,0,0,0,0,0,0,0,0.172,0,0.151,0.368,0,0,0.238,0,0,0.15,0.257,0,0,0,0.237,0,0,0,0,0,0,0.159,0,0,0,0,0.155,0,0,0.788,0,0.607,0,0,0.173,0,0.151,0,0,0,0,0,0,0,0,0,0,0.54,0,0,0.219,0,0,0.298,0.205,0,0,0,0,0,0,0,0.364,0.215,0.302,0,0.155,0,0,0,0,0.153,0,0,0.154,0,0.179,0,0,0,0.331,0,0,0,0,0,0,0,0.325,0,0,0,0.91,0,0.977,0,0.361,0.216,0,0,0,0.662,0,0,0,0.297,0.293,0,0,0,0.276,0,0,0,0,0.438,0,0,0,0.15,0,0.372,0.566,0,0,0,0.182,0,0,0,0,0,0.683,0,0,0,0,0,0,0,0,0.174,0,0,0,0,0,0,0,0.61,0,0.227,0,0,0,0,0,0,0,0,0,0.272,0,0.382,0,0,0,0,0.267,0,0.178,0,0,0,0.578,0,0.169,0,0,0.171,0,0,0,0,0.707,0,0.515,0.355,0,0,0,0,0,0,0,0.305,0.186,0,0,0,0.157,0,0.246,0,0,0,0.196,0,0.153,0,0,0,0.187,0,0.188,0,0,0.199,0,0,0,0.25,0,0,0,0,0,0,0,0,0,0,0.7,0,0,0.158,0,0,0.396,0,0,0,0,0,0.357,0,0,0,0,0.233,0,0,0,0,0,0.192,0,0,0,0,0,0,0.163,0.159,0.155,0,0,0,0.538,0,0,0.415,0,0.229,0,0,0,0.228,0.34,0,0,0,0,0,0.638,0,0,0,0,0,0,0,0,0,0,0,0,0,0,0,0,0,0,0,0,0,0.188,0,0,0,0,0,0.188,0,0.652,0.2,0.51,0,0,0,0.269,0,0,0,0,0,0,0.513,0,0,0,0,0,0,0,0.716,0,0,0.862,0,0,0,0,0.787,0.227,0,0.247,0,0,0,0,0.267,0,0,0,0.975,0,0,0,0,0,0,0,0.228,0,0,0,0,0,0,0,0,0,0.196,0,0,0,0,0,0,0,0,0,0,0,0.481,0.229,0,0,0.474,0,0.747,0,0,0,0,0,0,0,0,0,0,0,0,0.468,0.371,0.733,0,0,0.194,0.161,0,0,0,0.538,0,0.193,0,0,0.346,0.337,0,0,0,0,0,0.219,0.992,0,0,0,0.192,0,0.22,0,0,0,0,0,0,0.387,0,0,0,0.855,0,0,0,0,0,0.31,0.167,0,0,0,0,0,0,0,0.28,0,0,0.157,0,0,0,0,0.18,0,0.171,0,0,0,0,0.258,0,0,0,0,0,0,0.173,0,0,0.601,0.732,0,0,0,0,0,0.19,0,0,0,0,0,0,0,0,0,0,0.191,0,0,0.993,0.457,0,0,0,0,0,0,0,0,0,0,0,0,0.159,0.18,0,0,0,0,0,0,0,0,0,0,0,0,0,0,0,0,0,0,0,0,0,0,0,0,0,0,0,0,0,0,0,0,0,0,0,0,0,0,0,0,0,0,0,0.94,0,0,0,0,0,0,0,0,0,0,0,0,0,0,0,0,0,0,0,0,0,0,0,0,0.177,0,0,0,0,0,0,0,0,0,0,0,0,0,0,0,0,0,0,0.358,0,0,0,0,0,0,0,0,0,0,0,0,0,0,0,0,0,0,0,0,0,0,0,0,0,0,0,0,0.796,0,0,0,0,0,0,0,0,0.161,0,0,0,0,0.151,0.286,0,0.321,0.824,0,0,0,0,0,0,0,0.152,0,0.16,0,0,0,0.443,0,0,0,0,0,0,0,0,0.177,0,0,0,0,0,0,0.161,0,0,0,0,0,0,0,0,0,0,0,0,0,0,0,0,0,0,0,0,0,0,0,0,0,0,0,0,0,0.163,0,0,0,0,0,0,0,0,0,0,0,0,0,0,0,0,0,0,0,0,0,0.307,0,0,0,0,0,0,0,0,0,0,0,0,0,0,0,0,0,0,0,0,0,0,0,0,0,0,0,0,0,0,0,0,0,0,0,0,0,0,0.242,0,0,0,0,0,0,0,0,0,0,0,0,0,0,0,0,0,0,0,0,0,0.179,0,0,0,0.172,0,0.19,0,0,0,0,0,0,0,0,0,0,0,0,0,0,0,0,0,0,0,0,0,0,0,0,0,0,0,0,0,0,0,0,0,0,0,0,0,0,0,0,0,0,0,0,0,0,0,0,0.796,0.264,0,0,0,0,0,0,0.21,0,0.242,0,0,0,0,0,0,0,0,0,0,0,0,0,0,0,0,0,0,0,0,0.243,0,0,0,0,0,0,0,0,0,0,0,0,0,0,0.187,0,0,0.266,0,0,0,0,0,0,0,0,0,0,0,0,0,0,0,0,0,0,0,0,0,0,0,0,0,0.788,0,0.971,0,0,0,0,0,0,0,0,0,0,0,0,0,0,0,0,0,0,0,0,0,0,0,0,0,0,0.323,0.872,0,0.268,0,0,0,0,0,0.171,0,0,0,0,0,0.167,0,0,0,0,0,0,0,0.162,0,0,0,0,0,0,0,0,0,0,0,0,0,0,0,0,0,0,0,0,0,0,0,0,0,0,0,0,0,0,0.201,0,0,0,0,0.795,0.261,0,0,0.455,0,0,0,0,0,0.167,0,0,0,0,0,0,0,0,0,0,0,0,0,0,0,0,0,0,0,0,0,0,0,0,0,0,0,0,0,0,0,0,0,0,0,0,0,0,0,0,0,0,0,0,0,0,0,0,0,0,0,0.647,0,0,0,0,0,0.163,0,0,0,0,0,0,0,0,0,0,0,0,0,0,0,0.198,0,0,0,0,0,0,0,0,0,0,0,0,0,0,0,0,0,0,0,0,0,0,0,0,0,0,0,0,0,0,0,0,0,0,0,0,0,0,0,0,0,0.157,0,0,0,0,0,0,0,0,0,0,0,0,0.199,0,0,0,0.171,0,0,0,0,0,0.245,0,0,0,0,0,0,0,0,0,0,0,0,0,0,0,0,0,0,0,0,0.275,0,0,0,0,0,0,0,0,0,0,0,0,0,0,0,0,0,0,0,0,0.315,0,0,0,0,0,0,0,0,0,0,0,0,0,0,0,0,0,0,0.192,0,0,0,0,0,0,0,0,0,0,0,0,0,0.696,0,0,0,0,0,0,0,0,0,0,0,0,0,0,0,0,0,0,0,0,0,0,0,0,0,0,0,0,0,0,0,0,0,0,0,0,0,0,0,0,0,0,0,0,0,0,0,0,0,0,0,0,0,0,0,0,0,0,0,0,0,0.278,0,0,0,0,0,0.165,0,0,0,0,0,0,0,0,0,0,0,0,0,0,0,0,0,0,0,0,0,0,0,0,0,0,0,0,0,0,0,0,0,0,0,0.157,0,0,0,0,0,0,0,0,0,0,0,0,0,0.473,0,0,0,0,0,0,0,0,0,0,0,0,0,0,0,0,0,0,0,0,0,0,0,0,0,0,0,0,0,0,0,0,0,0,0,0,0,0,0,0,0,0,0,0,0,0,0,0,0,0,0,0,0,0,0,0,0,0,0,0,0,0,0,0,0,0,0,0,0,0,0,0,0,0.171,0,0,0,0,0,0,0,0,0,0,0,0,0.212,0,0,0,0,0,0,0.175,0,0,0,0,0,0.258,0,0,0,0,0,0.168,0,0,0,0,0,0,0,0,0,0,0,0,0,0,0,0,0,0,0,0,0,0,0.192,0,0,0,0.165,0,0,0,0,0,0,0,0,0,0,0,0.156,0,0,0,0,0,0,0.154,0,0,0.17,0.231,0,0,0.174,0,0,0,0,0,0,0,0,0,0,0,0,0,0,0,0,0.162,0,0,0,0,0,0.166,0,0,0,0,0,0.295,0,0,0,0,0,0,0,0,0,0,0.981,0,0,0,0.194,0,0.181,0,0,0,0,0,0,0,0,0,0,0,0,0,0,0,0,0,0,0,0,0,0,0.928,0,0,0,0.175,0,0,0,0.204,0,0,0,0,0,0.153,0,0.216,0,0,0,0,0,0.518,0,0,0,0,0,0,0,0,0.213,0,0,0,0,0,0,0,0,0,0,0,0,0,0,0,0,0,0,0,0,0,0,0,0,0,0,0,0,0,0,0,0,0,0,0,0,0,0,0,0,0,0,0,0,0,0.275,0,0,0,0,0,0,0,0,0,0,0,0,0.687,0,0,0,0,0,0,0,0,0,0,0,0.933,0,0,0,0,0,0,0,0,0,0,0,0,0.322,0,0,0.251,0,0,0,0,0,0.928,0,0,0,0,0,0,0,0,0,0,0,0,0,0,0,0,0,0,0,0,0,0,0,0,0,0,0,0,0,0,0,0,0,0,0,0,0.972,0,0,0,0,0,0,0,0,0,0,0,0,0,0,0,0,0,0,0,0,0,0,0,0,0,0,0,0,0,0,0,0,0,0,0,0,0,0,0,0,0,0,0,0,0,0.203,0,0,0,0,0,0,0,0,0,0,0,0,0,0,0,0,0,0,0,0,0,0.204,0,0,0,0,0,0,0,0,0,0,0,0,0,0,0,0.227,0,0.915,0,0,0,0,0.2,0,0,0.858,0,0.344,0.903,0.925,0,0,0,0,0,0,0,0,0,0,0,0,0,0,0,0,0,0,0,0,0.227,0,0,0,0,0,0,0,0,0,0,0,0,0,0,0,0,0,0,0,0,0,0,0,0,0,0,0,0,0,0,0,0,0,0,0,0,0,0,0,0,0,0,0,0,0,0,0,0,0,0,0,0,0,0,0,0,0,0,0,0,0,0,0,0.159,0,0,0,0,0,0,0,0,0.764,0.312,0,0,0,0,0,0,0,0,0,0,0,0,0,0,0,0,0,0,0,0,0,0,0,0,0,0,0.296,0,0,0,0,0,0,0,0,0,0,0,0,0,0,0,0,0,0,0,0,0,0,0.185,0,0,0,0,0,0,0,0,0,0,0,0,0,0,0,0,0,0,0,0,0,0,0,0,0,0,0.161,0,0,0,0,0,0,0,0,0,0,0,0,0,0,0,0,0,0,0,0,0,0,0,0,0,0,0,0,0,0,0,0,0,0,0,0,0,0,0,0,0,0,0,0,0.21,0.389,0,0,0,0,0,0,0,0,0,0,0,0.39,0,0,0,0,0,0,0,0,0,0,0,0,0,0,0,0,0,0,0.171,0,0,0,0,0,0,0,0,0,0.18,0,0,0,0,0,0,0,0,0,0,0,0,0,0,0,0,0,0,0,0,0,0,0,0,0,0,0,0,0,0,0,0,0,0,0,0,0,0,0,0.219,0,0,0,0,0,0,0,0,0,0,0,0,0,0,0,0,0,0,0,0,0.22,0,0,0,0,0,0,0,0,0,0,0.194,0,0,0,0,0,0,0,0,0,0,0,0,0,0,0,0,0,0.274,0,0,0.288,0,0,0,0,0,0,0,0,0,0,0,0,0,0,0,0,0,0.187,0,0,0,0,0,0,0,0,0,0,0,0,0,0,0,0,0,0,0,0,0,0,0,0,0,0,0,0,0,0,0,0,0,0,0,0,0,0.305,0,0,0,0,0,0,0,0,0,0,0,0,0,0,0,0,0,0,0,0,0,0,0,0,0,0,0,0,0,0,0,0,0,0,0,0,0,0,0,0.196,0,0.191,0,0,0,0,0,0,0,0,0,0,0,0,0,0,0,0,0,0,0,0,0,0,0.156,0,0,0,0,0,0,0,0,0,0,0,0,0,0,0,0,0,0,0,0,0,0,0,0,0,0,0,0,0.276,0,0,0,0,0,0,0,0,0,0,0.191,0,0,0,0,0.156,0,0,0,0,0,0,0,0,0,0,0,0,0,0,0,0,0,0,0,0,0,0,0,0,0,0,0,0,0,0,0,0,0,0.2,0,0,0,0,0,0.197,0,0,0,0,0,0,0,0,0,0,0,0,0.24,0,0,0,0,0,0,0,0,0,0,0.194,0,0,0,0,0,0,0,0,0,0,0.163,0,0,0,0,0,0,0,0,0,0,0,0,0,0,0,0,0,0,0,0,0,0,0,0,0.666,0,0,0,0.184,0,0,0,0,0,0,0,0,0,0,0,0,0,0,0,0,0,0,0,0,0,0,0,0,0,0,0,0,0,0,0,0,0,0,0,0,0,0,0,0,0,0,0,0,0,0,0,0,0,0,0,0,0,0,0,0,0,0,0,0,0,0,0,0,0,0,0,0,0,0,0,0,0,0,0,0,0,0,0,0,0,0,0,0,0,0,0,0,0,0,0,0,0,0,0,0,0,0,0,0,0,0.2,0,0,0,0,0,0,0,0,0,0,0,0,0,0,0,0,0,0,0,0,0,0,0,0,0,0,0,0,0,0,0,0,0,0,0,0,0,0,0,0,0,0,0,0,0,0.327,0,0,0.416,0,0,0,0.558,0,0,0,0,0,0,0,0,0,0,0,0,0,0,0,0,0,0,0,0,0,0,0.166,0,0,0,0,0.251,0,0,0,0,0,0,0,0,0,0,0,0,0,0.997,0,0,0,0,0,0.171,0,0,0,0,0,0.165,0,0,0,0,0,0.266,0.911,0,0.192,0,0.166,0,0,0,0,0,0,0,0,0,0,0,0,0,0,0,0,0,0,0,0,0,0,0,0,0,0,0,0,0,0,0,0,0,0,0,0,0,0,0,0,0,0,0.29,0,0,0,0,0,0,0,0,0,0,0.157,0,0,0,0,0,0,0,0,0,0,0,0,0,0,0,0,0,0,0,0,0,0,0,0,0,0,0,0,0,0,0.16,0,0,0.192,0,0,0,0.2,0,0.329,0,0,0,0,0,0.181,0,0,0,0,0,0,0,0,0,0,0,0,0,0,0,0,0,0,0,0,0,0,0,0,0,0,0,0,0,0,0,0,0,0,0,0,0,0,0,0,0,0,0,0,0,0.156,0,0,0,0,0,0,0,0,0,0,0,0,0,0,0,0,0,0,0,0,0,0,0,0,0,0,0,0,0,0,0.339,0,0,0,0.406,0,0,0,0,0,0,0.161,0,0,0,0,0,0,0,0,0,0,0,0.158,0,0,0.157,0,0,0,0,0,0,0,0,0,0,0,0,0,0,0.568,0.306,0,0,0,0,0,0,0,0,0,0,0,0.212,0,0,0,0,0,0,0,0,0,0,0,0,0,0,0,0,0,0,0,0,0,0,0,0,0,0,0,0,0,0,0.15,0,0,0,0,0,0,0,0,0,0,0,0,0,0,0,0,0,0,0,0,0,0,0,0,0,0,0,0,0,0.173,0,0,0,0,0.204,0,0,0,0,0,0,0,0,0,0,0,0,0,0,0,0,0,0,0,0,0,0,0,0,0,0,0,0,0,0,0,0,0,0,0,0,0,0,0,0,0,0,0,0,0,0.21,0,0,0,0,0,0,0,0,0,0,0,0,0,0,0,0.374,0,0,0,0.336,0,0,0,0,0,0,0.187,0,0,0,0,0,0,0,0,0,0,0,0,0,0,0,0,0,0,0,0,0,0.482,0,0,0,0,0,0,0,0,0,0,0,0,0,0,0,0,0,0,0,0,0,0,0,0,0,0,0,0,0,0,0,0,0,0,0,0,0,0,0,0,0,0,0,0,0,0,0,0,0,0,0,0,0,0,0,0,0,0,0,0,0,0,0,0,0,0,0,0,0,0,0,0,0,0,0,0,0,0,0,0,0,0,0,0,0,0,0,0,0,0.39,0,0,0.161,0,0.162,0,0,0,0,0,0,0,0,0,0,0,0,0,0,0,0,0,0,0,0,0,0,0,0,0,0,0,0,0,0,0,0,0,0,0.153,0,0,0.198,0,0,0,0,0,0,0.832,0,0.85,0,0,0,0,0.846,0,0,0,0,0,0,0,0,0,0,0,0,0,0,0.351,0.287,0,0,0,0,0,0,0,0,0,0,0,0,0,0,0,0,0,0,0,0,0,0,0,0,0,0,0,0,0,0.171,0,0,0,0,0,0,0,0,0,0,0,0,0,0,0,0,0,0,0,0,0,0,0,0,0,0,0,0,0,0,0,0,0,0,0,0,0,0,0,0,0,0,0,0,0,0,0,0,0,0,0,0,0.439,0,0,0,0,0,0,0,0,0,0,0,0,0,0,0,0,0,0,0,0,0,0,0,0,0,0,0,0,0,0,0,0,0,0,0,0,0,0,0,0,0,0,0,0,0,0,0.297,0,0,0,0,0,0,0.33,0,0,0,0,0,0,0,0,0.169,0,0,0,0,0.163,0,0,0,0,0,0,0,0,0,0,0,0,0,0,0,0,0,0,0,0,0.161,0,0,0.628,0,0,0,0,0,0,0,0,0,0,0,0,0,0,0,0,0,0,0,0,0,0,0,0.254,0,0,0,0,0,0,0,0,0,0,0,0,0,0,0,0,0,0,0,0,0,0,0,0.253,0,0,0,0,0,0,0,0,0,0,0,0,0,0,0,0,0.38,0,0,0,0,0,0,0,0,0,0,0,0,0,0,0,0,0,0,0,0,0,0,0,0,0,0,0,0,0,0,0,0,0,0,0.351,0,0,0,0,0,0,0,0,0,0.196,0,0,0,0,0,0,0,0,0,0,0,0,0,0,0,0,0,0,0,0,0,0,0,0,0,0,0,0,0,0,0,0,0,0,0,0,0,0,0,0,0,0,0,0,0,0,0,0,0,0,0,0,0,0,0,0.207,0,0,0,0,0,0,0,0,0,0,0,0,0,0,0,0,0,0,0,0,0,0,0,0,0,0,0,0,0.198,0,0,0,0,0,0,0,0,0,0,0,0,0,0,0,0,0,0,0,0,0,0,0,0,0.2,0,0,0,0,0,0,0,0,0,0,0,0,0,0,0,0,0,0,0,0,0,0,0,0,0,0,0,0,0,0,0,0,0,0,0,0,0,0,0,0,0,0,0,0,0,0,0,0,0.159,0,0,0,0,0,0,0.224,0,0,0,0,0,0,0,0,0,0,0,0,0,0,0,0,0,0,0.229,0,0,0,0,0,0,0,0,0,0,0,0,0,0,0,0,0.193,0,0,0,0,0,0,0,0,0,0,0,0,0.228,0.154,0,0,0,0,0,0,0,0,0,0,0,0,0,0,0,0,0,0,0,0,0,0.872,0.22,0.167,0.297,0.231,0,0,0,0,0,0,0,0,0,0,0,0,0,0,0,0,0,0,0,0,0,0,0,0,0,0,0,0,0,0,0,0,0,0,0,0,0,0,0,0,0,0,0,0,0,0,0,0,0,0,0,0,0
856386,0.233,0,0.374,0,0,0,0.158,0,0,0,0.533,0.818,0.922,0,0,0.759,0,0.372,0,0,0,0,0.167,0.985,0,0,0,0,0,0.913,0,0,0,0,0,0.807,0,0.978,0,0,0.225,0.23,0,0,0,0,0.237,0,0.276,0,0,0,0,0,0.982,0,0,0.224,0.32,0.231,0,0,0,0,0,0.275,0.242,0,0,0,0.199,0,0,0,0,0,0,0,0,0.215,0,0,0,0,0,0,0.373,0,0.181,0,0,0,0.559,0.633,0,0,0,0,0,0,0.98,0,0,0.284,0,0,0,0,0.261,0.191,0.551,0,0,0,0,0,0,0,0,0,0,0.538,0,0,0,0,0,0,0,0.4,0,0,0,0,0,0,0,0,0,0,0,0,0.469,0,0,0.31,0,0,0.22,0,0,0,0,0,0.51,0,0,0.884,0.537,0.227,0,0,0,0,0,0,0,0,0,0,0,0,0,0,0,0,0,0,0.905,0.309,0,0,0,0,0.316,0,0.241,0,0,0,0,0,0,0,0,0,0,0,0,0,0,0.525,0,0,0,0,0,0,0,0,0,0,0,0,0,0,0,0,0,0,0,0,0,0,0,0,0,0,0,0,0,0,0,0,0,0,0.212,0,0,0,0,0,0,0,0,0,0,0,0,0,0,0,0,0.198,0.163,0,0,0,0,0,0,0,0,0,0,0,0,0,0,0,0,0,0,0,0,0,0,0,0,0,0,0,0,0.189,0,0.317,0.299,0,0.465,0,0,0,0,0,0,0,0,0,0,0,0,0.365,0,0.22,0,0,0,0,0,0,0,0,0,0,0,0,0,0.318,0,0,0,0,0,0,0,0,0.554,0,0,0,0,0,0,0,0,0,0,0,0,0,0,0,0,0,0,0.227,0,0,0,0,0,0,0,0,0,0,0,0,0,0,0,0,0.311,0.286,0,0,0,0,0,0,0,0,0.242,0.177,0,0,0,0,0,0.246,0,0,0,0,0,0,0,0,0,0,0,0,0,0,0,0,0,0,0,0,0,0,0,0,0.451,0,0,0,0,0,0,0,0,0,0,0,0,0,0,0,0,0,0,0.154,0,0,0,0,0,0,0.428,0,0,0,0,0,0,0,0,0,0,0,0,0,0,0,0,0,0,0,0,0,0,0,0,0,0,0,0,0,0.252,0,0.541,0,0,0,0,0,0,0,0,0,0,0,0,0,0,0,0,0,0,0,0,0,0,0,0.181,0,0,0,0,0,0,0,0,0,0,0,0,0,0,0,0,0,0,0.191,0,0,0,0,0,0,0,0,0,0,0,0,0,0,0,0,0,0,0,0,0,0,0,0,0,0,0.181,0,0,0,0.274,0,0,0,0.51,0,0,0,0,0,0,0,0,0,0.246,0,0,0,0,0,0,0,0,0,0,0,0,0,0,0,0,0,0,0,0,0,0,0.471,0.194,0,0,0,0,0,0.188,0,0,0,0,0,0,0,0,0.519,0,0,0,0,0,0,0,0,0,0,0,0,0,0.225,0,0,0.171,0,0,0,0,0,0,0,0,0,0,0,0,0,0,0,0,0,0,0,0,0,0,0,0,0,0,0,0,0,0,0.198,0,0,0,0,0,0,0,0,0,0,0.282,0,0,0,0,0,0.169,0,0,0,0.161,0,0,0,0,0,0,0,0,0,0,0,0,0,0,0,0,0,0,0,0,0,0,0,0,0,0,0,0,0,0,0,0,0.247,0,0,0,0.591,0,0.661,0,0,0,0,0,0,0,0,0,0,0,0,0,0,0,0,0,0,0,0,0,0,0.191,0,0,0,0,0,0,0,0,0,0,0,0,0,0,0,0,0,0,0,0,0,0,0,0,0,0,0,0,0,0,0,0,0,0,0,0,0,0,0,0,0,0,0,0,0,0,0,0,0,0,0,0,0,0,0,0,0,0,0,0,0,0.269,0,0,0,0,0,0,0,0,0,0,0,0,0,0,0,0,0,0,0,0,0,0,0,0,0,0,0,0,0,0,0,0,0,0,0,0.407,0,0,0,0,0,0,0,0,0,0,0,0,0,0,0,0.319,0,0,0,0,0,0,0,0,0,0,0,0,0,0,0,0.316,0,0,0,0,0,0.15,0,0,0,0,0,0,0,0,0,0,0,0,0,0,0,0,0,0,0,0,0,0,0,0,0,0.311,0,0.25,0,0,0,0,0,0,0,0,0,0,0,0,0.249,0,0,0,0,0,0,0,0,0,0,0,0,0,0,0,0,0,0,0,0.316,0,0,0,0,0,0,0,0,0,0,0,0,0,0,0,0.169,0.523,0,0.386,0,0,0,0,0,0,0.241,0,0,0,0,0,0,0,0,0,0,0,0,0,0,0,0,0,0,0,0,0,0,0,0,0.19,0,0,0,0.185,0.472,0,0,0,0,0,0,0,0,0,0,0,0,0,0,0,0,0,0,0,0,0,0,0,0,0,0,0,0,0,0,0,0,0,0,0,0,0,0,0,0,0,0,0,0,0,0,0,0,0,0,0,0,0,0,0,0,0,0,0,0,0,0,0,0,0,0,0,0,0,0,0,0,0,0,0,0,0,0,0,0,0,0.536,0,0.371,0,0,0.26,0,0,0,0,0,0,0,0,0,0,0,0,0.232,0,0,0,0,0,0,0,0,0,0,0,0,0,0,0,0,0,0,0,0,0,0,0.405,0,0,0,0,0.17,0,0.3,0,0,0,0,0,0,0,0,0,0,0,0,0,0,0,0,0,0,0,0,0,0,0,0,0,0,0,0,0,0,0,0,0,0,0,0,0,0.23,0,0,0,0,0,0,0,0,0,0,0,0,0,0,0,0,0,0,0,0,0,0,0,0,0,0,0,0,0,0,0,0,0,0,0,0,0,0,0,0,0,0,0,0,0,0,0,0,0,0,0,0,0,0,0,0,0,0,0.192,0,0,0,0,0,0,0,0,0,0,0,0,0,0,0,0,0,0,0,0,0.286,0,0,0,0,0,0,0,0,0,0,0,0,0,0,0,0,0,0,0,0,0.276,0,0,0,0,0,0,0,0,0,0,0,0,0,0,0,0,0,0,0,0,0,0,0,0,0,0,0,0,0,0,0,0,0,0,0,0.313,0,0,0,0,0,0,0,0,0,0,0.244,0,0,0,0,0,0,0,0,0,0,0,0,0,0,0,0,0,0,0,0,0,0,0,0,0.21,0,0,0,0,0,0,0,0,0,0,0,0,0,0,0,0,0,0,0,0,0,0,0,0,0,0,0,0,0,0,0,0,0,0,0,0,0,0,0,0,0,0,0,0.445,0,0,0,0,0,0,0,0,0,0,0,0,0,0,0,0,0,0,0,0,0,0,0,0,0,0,0,0.489,0,0,0,0,0,0,0,0,0,0,0,0,0,0,0,0,0,0,0,0,0,0,0,0,0,0.297,0,0,0,0,0,0,0,0,0,0,0,0,0.302,0,0,0,0,0,0,0,0.232,0,0,0,0,0,0,0,0,0,0,0,0,0,0,0,0,0,0,0,0,0,0,0,0,0,0,0,0,0,0,0,0,0,0,0,0,0,0,0,0,0,0,0,0,0,0,0,0,0,0,0,0,0,0,0,0,0,0,0,0,0,0,0,0,0,0,0,0,0,0,0,0,0,0,0,0,0,0,0,0,0,0,0,0,0,0,0,0,0,0,0,0.203,0,0,0,0,0,0,0,0,0,0,0,0,0,0,0,0,0,0,0,0,0,0,0,0,0,0,0,0,0,0.152,0,0,0.626,0,0,0,0,0,0,0,0,0,0,0,0,0,0,0,0,0,0,0,0,0,0,0,0,0,0,0,0,0,0,0,0,0,0,0,0,0,0,0,0,0,0,0,0,0,0,0,0,0,0,0,0,0,0,0,0,0,0,0,0,0,0,0,0,0,0,0,0,0,0,0,0,0,0,0,0,0,0,0,0.688,0,0,0,0,0,0,0,0,0,0,0,0,0,0,0,0.431,0,0.295,0,0,0,0,0,0,0,0,0,0,0,0,0,0,0,0,0,0,0,0,0,0,0,0,0,0,0,0,0,0,0,0,0,0,0,0,0,0,0,0,0,0,0,0,0,0,0,0,0,0,0,0,0,0,0,0,0,0,0,0,0,0,0,0,0,0,0,0,0,0,0,0,0,0,0,0,0,0,0,0,0,0,0,0,0,0,0,0,0,0,0,0,0,0,0,0,0,0,0,0,0,0,0,0,0,0,0,0,0,0,0,0.203,0.193,0,0,0,0.583,0,0,0,0,0,0,0,0,0,0,0,0,0,0,0,0,0,0,0,0,0.233,0,0,0,0,0,0,0,0,0,0,0,0,0,0,0,0,0,0.293,0,0,0,0,0,0,0,0,0,0,0,0,0,0,0,0,0,0,0,0,0,0,0,0,0,0,0.26,0,0,0,0,0,0,0,0,0,0,0,0,0,0,0,0,0,0,0,0,0,0,0,0,0,0,0,0,0,0,0,0,0,0,0,0,0,0,0,0,0,0,0,0,0,0,0,0,0,0,0,0,0,0,0,0,0,0,0,0,0,0,0,0,0,0.317,0,0,0,0,0,0,0,0,0,0.255,0,0,0,0,0,0,0,0,0,0,0,0,0.55,0,0,0,0,0,0,0,0,0,0,0,0,0,0,0,0,0,0,0,0,0,0,0.606,0,0,0,0,0,0,0,0,0,0,0.19,0,0,0,0,0,0,0.264,0,0,0,0,0,0,0,0,0,0,0,0,0,0,0,0,0,0,0,0,0,0,0,0,0,0,0,0,0,0,0,0,0,0,0,0,0,0,0,0,0,0,0,0,0,0,0,0.569,0,0,0,0,0,0,0,0,0,0,0,0,0,0,0,0,0,0,0,0,0,0,0,0,0,0,0,0,0,0,0,0,0,0,0,0,0.166,0,0,0,0,0,0,0,0,0,0,0,0,0,0,0,0,0,0,0,0,0,0,0,0,0,0,0,0,0,0,0,0,0,0,0,0,0,0,0,0,0,0,0,0,0,0,0,0,0,0,0,0,0,0,0,0,0,0,0,0,0,0,0,0,0,0,0,0,0,0,0,0,0,0,0,0,0,0,0,0,0,0,0,0,0,0,0,0,0,0,0,0,0,0,0,0,0.251,0,0,0.637,0,0,0,0,0,0,0,0,0,0,0,0,0.232,0,0,0,0,0,0,0,0,0,0,0,0,0,0,0,0,0,0,0,0,0,0,0,0,0,0,0,0.304,0,0,0,0,0,0,0,0,0,0,0,0.248,0,0,0,0,0,0,0,0,0,0,0,0,0,0,0,0,0,0,0.346,0,0,0,0,0,0,0,0,0,0,0,0,0,0,0.511,0,0,0,0,0,0,0,0,0,0,0,0,0,0,0,0,0,0,0,0,0,0,0,0,0,0,0,0,0,0,0,0,0,0,0,0,0,0,0,0.347,0,0,0,0,0,0,0.23,0,0,0,0,0,0,0,0,0,0,0,0,0,0,0,0,0,0,0,0,0,0,0,0,0,0,0,0,0,0,0,0,0,0,0,0,0.516,0,0,0,0,0,0,0,0,0,0,0,0,0,0,0,0,0.343,0,0,0,0,0,0,0,0,0,0,0,0,0,0,0,0,0,0,0,0,0,0,0,0,0,0,0,0,0,0,0,0,0,0,0,0,0,0,0,0,0,0,0,0,0,0,0,0,0,0,0,0,0,0,0,0,0,0,0,0,0,0,0,0,0,0,0.16,0,0,0,0,0,0,0,0,0,0,0,0,0,0.164,0,0.98,0,0,0,0,0.274,0,0,0,0,0,0,0,0,0,0,0,0,0,0,0.221,0,0,0,0,0,0,0,0,0,0,0,0,0,0,0,0,0,0,0,0,0,0,0,0.214,0,0,0,0,0,0,0,0,0,0,0,0.991,0,0,0,0,0.198,0,0,0,0,0,0,0,0,0,0,0,0,0,0,0,0,0,0,0,0,0,0,0,0,0,0,0,0,0,0,0,0,0,0,0,0,0,0,0,0,0,0,0,0,0,0,0,0,0,0,0,0,0,0,0,0,0,0,0,0,0,0,0,0,0.173,0,0,0,0,0.751,0,0,0,0,0,0,0,0,0,0,0,0,0,0,0,0,0,0,0,0,0,0,0,0,0,0,0,0,0,0,0,0,0,0,0,0,0,0,0,0,0,0,0,0,0,0,0,0,0,0,0.22,0,0,0.333,0,0,0.265,0,0,0,0,0,0,0,0,0,0,0,0,0,0,0,0,0,0,0,0,0,0,0,0,0,0,0,0,0,0,0,0,0,0,0,0,0,0,0,0,0,0,0,0,0,0,0,0,0,0,0,0,0,0,0,0,0,0,0,0,0,0,0,0,0,0,0,0,0,0,0,0,0,0,0,0,0,0,0,0,0,0,0,0.254,0,0.622,0,0,0,0.203,0,0,0,0,0,0,0,0,0,0,0,0,0,0,0,0,0,0,0,0,0,0,0,0,0,0,0,0,0,0,0,0,0,0,0,0,0,0,0,0,0,0,0,0,0,0,0,0,0,0,0,0,0,0,0,0,0,0,0,0,0,0,0,0,0,0,0,0,0,0,0,0,0,0,0,0,0,0,0,0,0,0,0,0,0,0,0,0,0,0,0,0,0,0,0,0,0,0,0,0,0,0,0,0,0,0,0.261,0,0,0,0,0,0,0,0,0,0,0,0,0,0,0,0,0.309,0,0,0,0,0,0,0,0,0,0,0,0,0,0,0,0,0,0,0,0,0,0,0,0,0,0,0,0,0,0,0,0,0,0,0,0,0,0,0,0,0,0,0,0,0,0,0,0,0,0,0,0,0,0,0,0,0,0,0,0,0,0,0,0,0,0,0,0,0,0,0,0,0,0,0,0,0,0,0,0,0,0,0,0,0,0,0,0,0,0,0,0,0,0,0,0,0,0,0,0,0,0.202,0,0.168,0,0,0,0,0,0,0.201,0,0,0,0,0,0,0,0,0,0,0,0,0,0,0,0,0,0,0,0.356,0,0,0,0,0,0,0,0,0,0,0,0,0,0,0,0,0,0,0,0,0,0,0,0,0,0,0,0,0,0,0,0,0,0,0,0,0,0,0,0,0,0,0,0,0,0,0,0,0,0,0,0,0,0,0,0,0,0,0,0,0,0,0,0,0,0,0,0,0,0,0.301,0.195,0,0,0,0,0,0,0,0,0,0,0,0,0,0,0,0,0,0,0,0,0,0,0,0,0,0,0,0,0,0,0,0,0,0,0,0,0,0,0,0,0,0,0,0,0.255,0,0,0,0,0,0,0,0.435,0.451,0,0,0,0,0,0.318,0,0,0,0,0,0,0,0,0,0.153,0,0,0.356,0.966,0,0,0,0,0,0,0,0,0,0,0,0,0,0,0,0.256,0,0,0,0,0,0,0,0,0,0.318,0,0,0,0,0,0.27,0,0.611,0,0,0.198,0,0,0,0,0,0,0,0,0,0,0,0,0,0,0,0,0,0,0,0,0,0,0,0,0,0,0,0,0,0,0,0,0,0,0,0,0,0,0,0,0,0,0,0,0,0,0,0,0,0,0,0,0,0,0,0,0,0,0,0,0,0,0,0,0,0,0,0,0,0,0,0,0,0,0,0,0,0,0,0,0,0,0,0,0,0.394,0,0,0,0,0,0,0,0,0,0,0,0.52,0,0,0,0,0,0.171,0,0,0,0.246,0,0,0,0,0,0,0,0,0,0,0.191,0,0,0,0,0.252,0,0,0,0,0.189,0,0,0,0,0,0,0,0,0,0,0,0,0.969,0,0,0,0,0,0,0,0,0,0,0,0,0.217,0,0,0,0,0,0,0,0,0,0,0,0,0,0,0,0,0,0,0,0,0,0,0,0,0,0,0.161,0,0,0,0,0,0,0,0,0,0,0,0,0,0,0,0,0,0,0,0,0,0,0,0,0,0,0,0,0,0,0,0,0,0,0,0,0,0,0,0,0,0,0,0,0,0,0,0,0,0,0,0,0,0,0,0,0,0,0,0,0,0,0,0,0,0.164,0,0,0,0,0,0,0,0,0,0,0,0.215,0,0,0,0,0,0,0,0,0,0,0,0,0,0,0,0,0,0,0,0,0,0,0.692,0,0,0,0,0,0,0,0,0,0,0,0,0,0,0,0,0,0,0,0,0,0,0,0,0,0,0,0,0,0.357,0,0,0,0,0,0,0,0,0,0,0,0,0,0,0,0,0,0,0,0.436,0,0,0,0,0,0,0,0,0,0,0,0,0.171,0,0,0,0,0,0,0,0,0,0,0,0,0.187,0,0,0,0,0,0,0,0,0,0,0,0,0.591,0,0.186,0,0,0,0,0,0,0,0,0,0,0.194,0,0,0,0,0,0,0,0,0,0,0,0,0,0,0,0,0,0,0,0,0,0,0,0,0,0,0,0,0,0,0,0,0,0,0,0,0,0,0,0,0,0,0,0.186,0,0,0,0,0,0,0,0,0,0,0,0,0,0,0,0,0,0,0,0,0,0,0,0,0,0,0,0,0,0,0,0,0,0,0,0,0,0,0,0,0,0,0,0,0.167,0,0,0,0,0,0,0,0,0,0,0,0,0,0,0,0,0,0,0,0,0,0,0,0,0,0,0,0.25,0,0,0,0,0,0,0.749,0,0,0,0,0,0,0,0,0,0,0,0,0,0,0,0,0,0,0,0,0,0,0,0,0.203,0,0,0,0,0,0,0,0,0,0,0,0,0,0,0,0,0,0,0,0,0,0,0,0,0,0,0,0,0,0,0,0,0,0,0,0,0,0,0,0,0,0,0,0,0,0,0,0,0,0,0,0,0,0,0,0,0,0,0,0,0,0,0,0,0,0,0,0,0,0,0,0,0,0,0,0,0,0,0,0,0,0,0,0,0,0,0,0,0,0,0,0,0,0,0,0,0,0.185,0,0,0,0,0,0,0,0,0,0,0,0,0,0,0,0,0,0,0,0,0,0,0,0,0,0,0,0,0,0,0,0,0,0,0,0,0,0,0,0,0,0,0,0,0,0,0,0,0,0,0.186,0,0,0,0,0,0,0,0.279,0,0,0,0.219,0,0,0,0,0,0,0,0,0,0,0,0,0,0,0,0,0,0,0,0,0,0,0,0,0,0,0,0,0,0,0,0,0,0,0,0,0,0,0,0,0,0,0,0,0,0,0,0,0,0,0,0,0,0,0,0,0,0,0,0,0,0,0,0,0,0,0.21,0,0,0.198,0,0,0,0.355,0,0,0,0,0,0,0,0,0,0,0,0,0,0,0,0,0,0,0,0,0,0,0,0,0.232,0,0,0,0.228,0,0,0.185,0,0,0,0.19,0,0,0,0,0,0,0,0,0,0,0,0,0,0,0,0,0,0,0,0,0,0,0,0,0,0,0,0,0,0,0,0,0,0,0,0,0,0.998,0.553,0,0,0,0,0,0,0,0,0,0,0,0,0,0,0.19,0,0,0,0,0,0,0,0,0,0,0,0,0,0,0,0,0,0,0,0,0,0,0,0,0,0,0,0,0.153,0,0,0,0,0,0,0,0,0,0,0,0,0,0,0,0,0,0,0,0,0,0,0,0,0,0,0,0,0,0,0,0,0,0,0,0,0,0,0,0,0,0,0,0,0,0,0,0.219,0,0.298,0,0,0.307,0,0,0.984,0,0,0,0,0,0,0,0,0,0,0,0,0,0,0,0,0,0,0,0,0,0,0,0,0,0,0,0,0,0,0,0,0,0,0,0,0,0,0.303,0,0,0,0,0,0.192,0,0,0,0,0,0,0,0,0,0,0,0,0,0,0,0,0,0,0,0,0,0,0,0,0,0,0,0,0,0,0,0,0,0,0,0,0,0,0,0,0,0,0,0,0,0,0,0,0.554,0,0,0,0,0,0,0.198,0,0,0,0,0,0,0,0,0,0,0,0,0,0,0,0,0,0,0,0,0,0,0,0,0,0,0,0,0,0,0,0,0,0,0,0.379,0,0,0,0,0,0,0,0,0,0,0,0,0,0,0,0,0,0,0,0,0,0,0,0,0,0,0,0,0,0,0,0,0,0,0,0,0,0,0,0,0,0,0,0,0,0,0,0,0,0,0,0
852101,0.309,0.326,0.549,0.792,0.198,0.43,0,0.902,0.94,0.179,0,0.686,0.378,0,0.583,0.983,0.64,0.941,0.182,0.382,0.34,0,0,0.481,0.278,0.9,0.231,0.938,0.259,0.746,0,0.353,0.487,0.22,0.585,0.696,0.533,0.447,0.264,0.619,0.746,0.298,0.809,0,0.34,0.153,0.357,0.406,0.488,0.194,0.165,0.36,0.538,0,0.2,0.153,0.275,0.551,0.582,0.414,0.386,0.256,0.288,0,0.772,0.477,0.256,0.296,0.379,0.158,0.707,0.262,0.392,0.381,0.259,0.378,0.209,0.492,0.683,0.947,0.226,0,0.153,0,0,0.422,0.23,0.171,0.258,0,0.53,0.538,0,0.982,0.284,0.257,0.923,0.45,0.247,0.633,0.422,0,0.527,0.4,0.911,0.663,0.414,0.237,0.382,0.388,0.193,0,0,0.273,0,0.167,0,0.436,0.394,0.248,0,0.981,0.276,0,0.353,0,0,0.198,0.194,0.394,0.207,0.557,0,0.355,0,0.951,0.209,0.234,0.921,0,0.36,0,0,0,0.199,0.913,0,0,0.917,0.542,0.925,0.227,0.406,0.205,0.229,0.787,0,0.611,0.919,0.325,0.226,0.615,0.409,0.969,0.398,0.353,0,0.212,0.203,0,0.3,0.207,0,0.346,0,0.847,0,0,0.574,0.542,0.326,0.234,0,0,0,0,0,0,0,0,0,0,0,0,0,0,0,0,0,0,0,0,0,0,0,0,0,0,0,0,0,0,0,0,0,0,0,0,0,0,0,0,0,0,0,0,0,0,0,0,0,0,0,0,0,0,0,0,0,0,0,0,0,0,0,0,0,0,0,0,0,0,0,0,0,0,0,0,0,0,0,0,0,0,0,0,0,0,0,0,0,0,0,0,0,0,0,0,0,0,0,0,0,0,0,0,0,0,0,0,0,0,0,0,0,0,0,0,0,0,0,0,0,0,0,0,0,0,0,0,0,0,0,0,0,0,0,0,0,0,0,0,0,0,0,0,0,0,0,0,0,0,0,0,0,0,0,0,0,0,0,0,0,0,0,0,0,0,0,0,0,0,0,0,0,0,0,0,0,0,0,0,0,0,0,0,0,0,0,0,0,0,0,0,0,0,0,0,0,0,0,0,0,0,0,0,0,0,0,0,0,0,0,0,0,0,0,0,0,0,0,0,0,0,0.161,0,0,0,0,0,0,0,0,0,0,0,0,0,0,0,0,0,0.207,0,0,0,0,0,0,0,0.327,0,0,0,0,0,0,0,0,0,0,0,0,0,0,0,0,0,0,0,0.191,0,0,0,0,0,0,0,0,0,0,0,0.187,0,0,0,0,0,0,0,0,0,0,0.193,0,0,0,0,0,0,0,0.378,0,0,0,0,0,0,0,0,0,0,0,0,0,0,0,0,0,0,0,0,0,0,0,0,0,0,0,0,0,0,0,0,0,0,0,0,0,0,0,0,0,0,0,0,0,0,0,0,0,0,0,0,0,0,0,0,0,0,0,0,0,0,0,0,0,0,0,0,0,0,0,0,0,0,0,0,0,0,0,0,0,0,0,0,0,0,0,0,0,0,0,0,0,0,0,0,0,0,0,0,0,0,0,0,0,0,0,0,0,0,0,0,0,0,0,0,0,0,0,0,0,0.437,0,0,0,0,0,0,0,0,0,0,0,0,0,0,0,0,0,0,0,0,0,0,0,0,0.276,0,0,0,0,0,0,0,0,0,0,0,0,0,0,0,0,0,0,0,0,0,0,0,0,0,0,0,0,0,0,0,0,0,0,0,0,0,0,0,0,0,0,0,0,0,0,0,0,0,0,0,0,0,0,0,0,0,0,0,0,0,0,0,0,0,0,0,0,0,0,0,0,0,0,0,0,0,0,0,0,0,0,0,0,0,0,0,0,0,0,0,0,0,0,0,0,0,0,0,0,0,0,0,0,0,0.336,0,0,0,0,0,0,0,0,0,0,0,0,0,0,0,0,0,0,0,0,0,0,0,0,0,0,0,0,0,0,0,0,0,0,0,0,0,0,0,0,0,0,0,0,0,0,0,0,0.245,0,0,0,0,0,0,0,0,0,0,0,0,0,0,0,0,0,0,0,0,0,0,0,0,0,0.309,0,0,0,0,0,0,0,0,0,0,0,0,0,0,0,0,0,0,0,0,0,0,0,0,0,0,0,0,0,0,0,0,0,0,0,0,0,0,0,0,0,0,0,0,0,0,0,0,0,0,0,0,0.325,0,0,0,0,0,0,0,0,0,0,0,0,0,0.252,0,0,0,0,0,0,0,0,0,0,0,0,0,0,0,0,0,0,0,0,0,0,0,0,0,0,0,0,0,0,0,0,0,0,0,0,0,0,0,0,0,0,0,0,0,0,0,0,0,0,0,0,0,0,0,0,0,0,0,0,0,0,0,0,0,0,0,0,0,0,0,0,0,0,0,0,0,0,0,0,0,0,0,0,0,0,0,0,0.307,0,0,0,0,0,0,0,0,0,0,0,0.22,0.175,0.198,0,0,0,0,0,0,0,0,0,0,0,0,0,0,0,0,0,0,0,0,0,0,0,0,0,0,0,0,0,0,0,0,0,0,0,0,0,0,0,0,0,0,0,0,0,0,0,0,0,0,0,0.171,0,0,0,0,0,0,0,0,0,0,0.22,0,0,0,0,0,0,0,0,0,0,0,0,0,0,0.274,0,0,0,0,0,0,0,0,0,0,0,0,0,0,0,0,0,0,0,0,0,0,0,0,0,0,0,0,0,0,0,0,0,0,0,0,0,0,0,0,0,0,0,0,0,0,0,0,0,0,0,0,0,0,0,0,0,0,0,0,0,0,0,0,0,0,0,0,0,0,0,0,0,0,0,0,0,0,0,0,0,0,0.235,0,0,0,0,0,0,0,0,0,0,0,0,0,0,0,0,0,0,0,0,0,0,0,0,0,0,0,0,0,0,0,0,0,0,0,0,0,0,0,0,0,0,0,0,0,0,0,0,0,0,0,0,0,0,0,0,0,0,0,0,0,0,0,0,0,0,0,0,0,0,0,0,0,0,0,0,0,0,0,0,0,0,0,0,0,0,0,0,0,0,0,0,0,0,0,0,0,0,0,0,0,0.301,0,0,0,0,0,0,0,0,0,0,0,0,0,0,0,0,0,0,0,0,0,0,0,0,0,0.604,0.22,0,0,0,0.293,0,0,0,0,0,0,0,0,0.229,0,0,0.445,0,0,0,0,0,0,0,0,0,0,0,0,0,0,0,0.317,0,0,0.461,0,0,0,0,0.22,0,0,0,0,0,0,0,0,0,0,0.254,0.297,0,0,0,0,0.299,0,0,0,0,0,0,0,0,0,0,0,0,0,0,0,0,0,0,0,0,0,0,0,0,0,0,0,0,0,0,0,0,0,0,0,0,0,0,0,0,0,0,0,0,0,0,0,0,0,0,0,0,0,0.22,0,0,0,0.269,0,0,0,0,0,0,0,0,0,0.15,0,0,0,0,0,0,0,0,0,0,0,0,0.151,0,0,0,0,0.333,0,0,0,0.241,0,0,0,0,0,0,0,0,0,0,0,0,0,0,0,0,0,0,0,0,0,0,0,0,0,0,0.17,0,0,0,0,0,0,0,0,0,0,0,0,0,0,0,0,0,0,0,0,0,0,0,0,0,0,0,0,0,0,0,0,0,0,0,0,0,0.164,0,0,0,0,0,0,0,0,0,0,0,0,0,0,0,0,0,0,0,0,0,0,0,0,0,0,0,0,0,0,0,0,0,0,0,0,0,0,0,0,0,0,0,0,0,0,0,0,0,0,0,0,0,0,0,0,0,0,0,0,0,0,0,0,0,0,0,0,0,0,0,0,0,0,0,0,0,0,0,0,0,0,0,0,0,0,0,0,0,0,0,0,0,0,0,0,0,0,0,0,0,0,0,0,0,0,0,0,0,0,0,0,0,0.22,0,0,0.198,0,0,0,0,0,0,0,0,0,0,0,0,0,0,0,0,0,0,0,0,0.2,0.297,0,0,0,0,0,0,0,0,0,0,0,0,0,0,0,0,0,0,0,0,0,0,0,0,0,0,0,0,0,0,0,0,0,0,0,0,0,0,0,0,0,0,0,0,0,0,0,0,0,0,0,0,0,0,0,0,0,0,0,0,0,0,0,0,0,0,0,0,0,0,0,0,0,0,0,0,0,0,0,0,0,0,0,0,0,0,0,0,0,0,0,0,0,0,0,0,0,0,0,0,0,0,0,0,0,0,0,0,0,0,0,0,0,0,0,0,0,0,0,0,0,0,0,0,0,0,0,0,0,0,0,0,0,0,0,0,0,0.191,0,0,0,0,0,0,0,0,0,0,0,0,0,0,0,0,0,0,0.175,0,0,0,0,0,0,0,0,0,0,0,0,0,0,0,0,0,0,0,0,0,0,0,0,0,0,0,0,0,0,0,0,0,0,0,0,0,0,0,0,0,0,0,0,0,0,0,0,0.309,0,0,0,0,0,0,0,0,0,0,0,0,0,0,0,0,0,0,0,0,0,0,0,0,0,0,0,0,0,0,0,0,0,0,0,0,0,0,0,0,0,0,0,0,0,0,0,0,0,0,0,0,0,0,0,0,0,0,0,0,0,0,0,0,0,0,0,0.28,0,0,0,0,0,0.23,0,0,0,0,0,0,0,0,0,0,0,0,0,0,0,0,0,0,0,0,0,0,0,0,0.262,0,0,0,0,0,0,0,0,0,0,0,0,0,0,0,0,0,0,0,0,0,0,0,0,0,0,0,0,0,0,0,0,0,0,0,0,0,0,0,0,0,0,0,0,0,0,0,0,0,0,0,0,0,0,0,0,0,0,0,0,0,0,0,0,0,0,0,0,0,0,0,0,0,0,0,0,0,0.173,0,0,0,0,0,0,0,0,0,0,0,0,0,0,0,0,0,0,0,0.217,0,0,0,0,0,0,0,0,0,0,0,0,0,0,0,0,0,0,0,0,0,0,0,0,0,0,0,0,0,0,0,0,0,0,0,0,0,0,0,0,0,0,0,0,0,0,0,0,0,0,0,0,0,0,0,0,0,0,0,0,0,0,0,0,0,0,0,0,0,0,0,0.196,0,0,0,0,0,0,0,0,0,0,0,0,0,0,0,0,0,0,0,0,0,0,0,0,0,0,0,0,0,0,0,0,0,0.385,0,0,0,0,0,0,0,0,0,0,0,0,0,0,0,0,0,0,0,0,0,0,0,0.245,0,0,0,0,0,0,0,0,0,0.226,0,0,0,0,0,0,0,0,0,0,0,0,0,0.227,0,0,0,0,0,0,0,0,0,0,0,0,0,0,0,0,0,0,0,0,0,0,0,0,0,0,0,0,0,0,0,0,0,0,0,0,0,0,0,0,0,0,0,0,0,0,0,0,0,0,0,0,0,0,0,0,0,0,0,0,0,0,0,0,0,0,0,0,0,0,0,0,0,0,0,0,0,0,0,0,0,0,0,0,0,0,0,0,0.15,0,0,0,0,0,0,0,0,0,0,0,0,0,0,0.966,0,0,0,0,0,0,0,0,0,0,0,0,0,0,0,0,0,0,0,0,0,0,0,0,0,0,0,0,0,0,0,0,0,0,0,0,0,0,0,0,0,0,0,0,0,0,0,0,0,0,0,0,0,0,0,0,0,0,0,0,0,0,0,0,0,0,0,0,0,0,0,0,0,0,0,0,0,0,0,0,0,0,0,0,0,0,0,0,0,0,0,0,0,0,0,0,0,0,0,0,0,0,0,0,0,0,0,0,0,0,0,0,0,0,0,0,0.151,0,0,0,0,0,0,0,0,0,0,0,0,0.468,0.17,0.258,0,0,0,0,0,0,0,0,0.46,0,0,0.161,0,0,0,0,0,0.199,0,0.199,0,0,0,0,0,0,0,0,0,0,0,0,0,0,0,0.19,0,0,0,0,0,0.356,0,0,0,0,0,0,0,0,0,0,0,0,0,0,0,0,0,0,0,0,0,0,0,0,0,0,0,0,0,0,0,0,0,0,0,0,0,0,0,0,0,0,0,0,0,0,0,0,0,0,0,0,0,0,0,0,0,0,0,0,0,0,0,0,0,0,0,0,0,0,0,0,0.202,0,0,0,0,0,0,0,0,0,0,0,0,0,0,0,0,0,0,0,0,0,0,0,0,0,0,0,0,0,0,0,0,0,0,0,0,0,0.174,0,0,0,0,0,0,0,0,0,0,0,0,0,0,0,0,0,0,0,0,0,0,0,0,0,0,0,0,0,0,0,0,0,0,0,0,0,0,0,0,0,0,0,0,0,0,0,0,0,0,0,0,0,0,0,0,0,0,0,0,0,0,0,0,0,0,0,0,0,0,0,0,0,0,0,0,0,0,0,0,0,0,0,0,0,0,0,0,0,0,0,0,0,0,0,0,0,0,0,0,0,0,0,0,0,0,0,0,0,0,0,0,0,0,0,0,0,0,0,0,0,0,0,0,0,0,0,0,0,0,0,0,0,0,0,0,0,0,0,0,0,0,0,0,0,0,0,0,0,0,0,0,0,0,0,0,0,0,0,0,0,0,0,0,0,0,0,0,0,0,0,0,0,0,0,0,0,0,0,0,0,0,0,0,0,0,0,0,0,0,0,0,0,0,0,0,0,0,0,0,0,0,0,0,0,0,0,0,0,0,0,0,0,0,0,0,0,0,0,0,0,0,0,0,0,0,0,0,0,0,0,0,0,0,0,0,0,0,0,0,0,0,0,0,0,0,0,0,0,0,0,0,0,0,0,0,0,0,0,0,0,0,0,0,0,0,0,0,0,0,0,0,0,0,0,0,0,0,0,0,0,0,0,0,0,0,0,0,0,0,0,0,0,0,0,0,0,0,0,0,0,0,0,0,0,0,0,0,0,0,0,0,0,0,0,0,0,0,0,0,0,0,0,0,0,0,0,0,0,0,0,0,0,0,0,0,0,0,0,0,0,0,0,0,0,0,0,0,0,0,0,0,0,0,0,0,0,0,0,0,0,0,0,0,0,0,0,0,0,0,0,0,0,0,0,0,0,0,0,0,0,0,0,0,0,0,0,0,0,0,0,0,0,0,0,0,0,0,0,0,0,0,0,0,0,0,0,0,0,0,0,0,0,0,0,0,0,0,0,0,0,0,0,0,0,0,0,0,0,0,0.172,0,0,0,0,0,0,0,0,0.161,0.176,0,0,0,0,0,0,0,0,0,0,0,0,0,0,0,0,0.201,0,0,0,0,0,0,0,0,0,0,0,0,0,0,0,0,0,0,0,0,0,0,0,0,0,0,0,0,0,0,0,0,0,0,0,0,0,0,0,0,0,0,0,0,0,0,0,0,0,0,0,0,0,0,0,0,0,0,0,0,0,0,0,0,0,0,0,0,0,0,0,0,0,0,0,0,0,0,0,0,0,0,0,0,0,0,0,0,0,0,0,0,0,0,0,0,0,0.162,0,0,0,0,0,0,0,0,0,0,0,0,0,0,0,0,0,0,0,0,0,0,0,0,0,0,0,0,0,0,0,0,0,0,0,0,0,0,0,0,0,0,0,0,0,0,0,0,0,0,0,0,0,0,0,0,0,0,0,0,0,0,0,0,0,0,0,0,0,0,0,0,0,0,0,0,0,0,0,0,0,0,0,0,0,0,0,0,0,0,0,0,0,0,0,0,0,0,0,0,0,0,0,0,0,0,0,0,0,0,0,0,0,0,0,0,0,0,0,0,0,0,0,0,0,0,0,0,0,0,0,0,0,0,0,0,0,0,0,0,0,0,0,0,0,0,0,0,0,0,0,0,0,0,0,0,0.582,0,0,0,0,0,0,0,0,0,0,0,0,0,0,0,0,0,0,0,0,0,0,0,0,0,0,0,0,0,0,0,0,0,0,0,0,0,0,0,0,0,0,0,0,0,0,0,0,0,0,0,0,0,0,0,0,0,0,0,0,0,0,0,0,0,0,0,0,0,0,0.226,0,0,0,0,0,0,0,0,0,0,0,0,0,0,0,0,0,0,0,0,0,0,0,0,0,0,0,0,0,0,0,0,0,0,0,0,0,0,0,0,0,0,0,0,0,0,0,0,0,0,0,0.173,0,0,0,0,0,0,0,0,0,0,0,0,0,0,0,0,0,0,0,0,0,0,0,0,0,0,0,0,0,0,0,0,0,0,0,0,0,0,0,0,0,0,0,0,0.159,0,0,0,0,0,0,0,0,0,0,0,0,0,0,0,0,0,0,0,0,0,0,0,0,0,0,0,0.193,0,0,0,0,0,0,0,0,0,0,0,0,0,0,0,0,0,0,0,0,0,0,0,0,0,0,0,0,0,0,0,0,0,0,0,0,0,0,0,0,0,0,0,0,0,0,0,0,0,0,0,0,0,0,0,0,0,0,0,0,0,0,0,0,0,0,0,0,0,0,0,0,0,0,0,0,0,0,0,0,0,0,0,0,0,0,0,0,0,0,0,0,0,0,0,0,0,0,0,0,0,0,0,0,0,0,0,0,0,0,0,0,0,0,0,0,0,0,0,0,0,0,0.175,0,0,0,0,0,0,0,0,0,0,0,0,0,0,0,0,0,0,0,0,0,0,0,0,0,0,0,0,0,0,0,0,0,0,0,0,0,0,0,0,0,0,0,0,0,0,0,0,0,0,0,0,0,0,0,0,0.22,0,0,0,0,0,0,0,0,0,0,0,0,0,0,0,0,0,0,0,0,0,0,0,0,0,0,0,0,0,0,0,0,0,0,0,0,0,0,0,0,0,0,0,0,0,0,0,0,0,0,0,0,0,0,0,0,0,0,0,0,0,0,0,0,0,0,0,0,0.315,0,0,0,0,0,0,0,0,0,0,0,0,0,0,0,0,0,0,0,0,0,0,0,0,0,0,0,0,0,0,0,0.256,0,0,0,0,0,0,0,0,0,0,0,0.201,0,0,0,0,0,0,0,0,0,0,0,0,0,0,0,0,0,0,0,0,0,0,0,0,0,0,0,0,0,0,0,0,0,0,0,0,0,0,0,0,0,0,0,0,0,0,0,0,0,0,0,0.219,0,0,0,0,0,0,0,0,0,0,0,0,0,0,0,0,0,0,0,0,0,0,0,0,0,0,0,0,0,0,0,0,0,0,0,0,0,0,0,0,0,0,0,0,0,0,0,0,0,0,0,0,0,0,0,0,0,0,0,0,0,0,0,0,0,0,0,0,0,0,0,0,0,0,0,0,0,0,0,0,0,0,0,0,0,0,0,0,0.275,0.182,0,0,0,0.207,0,0,0,0,0,0,0,0,0,0,0,0,0,0,0,0,0,0,0,0,0,0,0,0,0,0,0,0,0,0,0,0,0,0,0,0,0,0,0,0,0,0,0,0,0,0,0,0,0,0,0,0,0,0,0,0,0,0,0,0,0,0,0,0,0,0,0,0,0,0,0,0,0,0,0,0,0,0,0,0,0,0,0,0,0,0,0,0,0,0,0,0,0,0,0,0,0,0,0,0,0,0,0,0,0,0,0,0,0,0,0,0,0,0,0,0,0,0,0,0,0,0,0,0,0,0,0,0,0,0,0,0,0,0,0,0,0,0,0,0,0,0,0,0,0,0,0,0,0,0.198,0,0,0,0,0,0,0,0,0,0,0,0,0.593,0,0.236,0,0,0,0,0,0,0,0,0,0,0,0,0,0,0,0,0,0,0,0,0,0,0.194,0,0,0,0,0,0,0,0,0,0,0,0,0,0,0,0,0,0,0,0,0,0,0,0,0,0,0,0,0,0,0,0,0,0,0,0,0,0,0,0,0,0,0,0,0,0,0,0,0,0,0,0,0,0,0,0,0,0,0,0,0,0,0,0,0,0,0,0,0,0,0,0,0,0,0,0,0,0,0,0,0,0,0,0,0,0,0,0,0,0,0,0,0,0,0,0,0,0,0,0,0,0,0,0,0,0,0,0,0,0,0,0,0,0,0,0.24,0,0,0,0,0.199,0,0,0,0,0,0,0,0,0,0,0,0,0,0,0,0,0,0,0,0,0,0,0,0,0,0,0,0,0,0,0,0,0,0,0,0,0,0,0,0,0,0,0,0,0,0,0,0,0,0,0
855974,0.177,0,0,0,0,0,0,0,0,0,0,0,0,0,0,0,0.198,0,0.645,0,0,0,0,0,0,0,0.199,0,0,0,0,0,0,0,0,0,0,0,0,0,0,0.183,0,0,0,0,0,0.184,0,0,0.267,0,0,0,0,0,0,0,0,0,0,0.376,0.74,0,0.183,0,0,0.183,0,0,0.965,0,0,0,0,0,0,0,0.275,0,0,0.865,0,0,0,0,0,0,0,0,0,0,0,0,0,0,0,0,0,0,0,0,0,0,0,0,0,0,0,0,0,0,0.945,0,0,0,0,0,0,0,0,0,0.199,0,0,0.273,0,0,0,0,0,0,0,0,0,0,0,0,0.211,0,0,0,0,0,0,0,0,0,0,0,0,0,0,0,0,0.22,0,0,0,0,0,0,0,0,0,0,0,0,0,0,0,0,0,0,0,0,0.228,0,0,0,0,0,0,0,0,0,0,0,0,0.259,0.154,0,0,0,0,0.998,0,0,0,0,0,0.804,0.27,0,0,0,0,0.251,0,0,0,0.379,0,0,0,0,0,0,0,0,0,0,0,0,0,0,0,0,0,0,0,0,0,0,0.188,0.583,0,0,0,0,0,0,0,0,0,0,0,0.268,0,0,0,0.294,0,0,0,0,0.47,0,0,0.22,0,0,0,0.182,0.454,0,0,0,0,0,0,0,0,0.426,0.95,0,0,0.287,0,0,0,0.991,0,0,0.226,0,0,0,0.244,0,0,0,0,0,0,0,0,0,0,0,0,0,0,0,0,0.293,0,0,0,0,0,0,0,0,0,0,0,0,0.214,0,0,0,0,0,0,0,0,0,0,0,0.187,0.84,0,0,0,0.183,0,0,0.434,0,0,0,0,0,0,0,0.583,0,0,0.25,0,0,0,0,0,0,0,0,0,0,0,0,0,0,0,0,0,0,0,0,0.304,0.2,0,0,0.343,0,0,0,0,0,0,0,0,0,0,0,0,0,0.23,0.442,0.888,0,0,0.485,0,0,0,0,0,0,0,0,0,0,0,0,0.34,0,0,0,0,0,0,0,0.394,0,0,0,0,0,0,0,0,0,0,0.309,0,0,0,0.259,0,0,0.235,0,0.162,0,0.174,0.247,0,0,0,0,0,0,0,0,0,0,0,0,0,0,0,0.17,0,0,0,0,0,0,0,0,0,0,0,0,0,0,0,0,0,0,0,0,0.983,0,0,0,0,0,0,0,0,0,0,0,0,0,0,0,0,0,0,0,0,0,0.632,0.188,0,0,0,0,0,0,0,0,0.266,0.203,0,0,0,0,0,0,0,0,0,0,0,0,0,0.359,0,0,0,0,0,0,0.264,0,0,0,0,0,0,0,0,0,0,0,0,0,0,0,0,0,0,0,0,0,0,0,0,0,0,0,0,0,0,0,0,0,0,0,0,0,0,0,0,0,0,0.723,0,0,0,0,0,0,0,0,0,0,0,0,0,0,0,0,0,0,0,0,0,0,0,0,0,0,0,0,0,0,0,0,0,0,0,0,0,0,0,0,0,0.179,0,0,0,0,0,0,0.968,0,0,0,0,0,0,0,0,0,0,0,0,0,0,0,0,0,0,0,0,0,0,0,0,0,0,0,0,0.362,0,0,0,0,0,0,0,0,0,0,0,0,0,0,0,0,0.169,0,0,0,0,0.2,0,0,0,0,0,0,0,0,0,0,0,0,0,0,0.216,0,0.202,0,0,0,0,0,0,0,0,0,0,0.169,0,0,0,0,0,0,0,0,0,0,0,0,0,0,0,0,0,0,0,0,0,0,0,0,0,0,0,0,0,0,0,0,0.24,0,0,0,0,0,0,0,0,0,0,0,0,0.84,0,0,0,0,0.151,0,0,0.548,0,0,0,0,0,0.22,0,0,0.856,0,0,0,0,0.229,0,0,0,0,0,0.308,0,0,0,0.163,0,0.16,0,0,0,0.205,0,0,0,0,0.699,0,0,0,0,0,0,0,0,0,0,0,0,0,0,0,0,0,0,0,0,0,0,0,0,0,0,0,0,0.334,0,0,0,0,0,0,0,0,0,0,0,0,0,0,0,0,0,0,0,0,0,0,0,0,0,0,0,0.694,0,0.252,0,0.222,0,0,0.179,0,0,0,0,0,0,0,0,0,0,0.239,0,0,0,0,0,0,0,0,0,0,0,0.971,0,0,0,0,0,0,0,0,0,0,0,0,0,0,0,0,0,0.79,0,0,0,0,0,0,0,0,0,0.725,0,0,0,0,0,0,0,0,0,0,0,0,0.337,0,0.45,0,0,0.325,0,0,0,0,0,0,0,0.167,0,0,0,0,0,0,0,0,0,0,0,0,0,0,0,0,0.964,0,0,0,0,0,0,0,0,0,0,0,0,0.247,0,0,0,0,0,0,0,0,0,0,0,0,0,0,0,0,0,0,0,0,0,0,0,0,0,0,0,0,0,0,0,0,0,0,0,0,0,0,0,0,0,0,0,0,0,0,0,0,0,0,0,0,0.774,0,0,0,0,0,0,0,0,0,0,0,0,0,0,0.216,0.22,0.176,0.982,0,0,0,0,0,0,0.205,0.989,0,0,0,0,0,0,0,0,0,0,0,0,0.176,0,0,0,0,0,0,0,0,0,0,0,0,0,0,0,0,0.395,0,0,0.193,0,0,0,0,0,0,0,0,0,0,0.615,0.219,0,0,0,0.595,0,0,0.508,0,0,0,0,0.977,0,0,0,0,0.245,0.234,0,0.234,0,0,0,0,0,0.983,0,0,0,0,0,0,0,0,0,0,0,0,0,0,0,0,0,0,0,0,0,0,0,0,0,0,0,0,0,0,0,0,0,0,0.982,0.496,0,0,0,0,0,0,0,0.226,0,0,0,0,0,0,0.572,0,0,0.199,0.22,0.622,0,0,0,0,0.279,0,0,0,0,0,0,0.371,0,0,0,0,0,0.293,0,0.456,0,0,0.188,0,0,0,0.995,0,0,0.522,0,0.244,0.54,0,0,0.26,0,0,0,0,0,0,0.215,0,0,0,0,0.22,0,0,0,0,0,0,0,0,0.754,0,0,0.347,0,0.403,0,0.394,0,0.431,0,0,0,0,0.244,0.233,0,0.995,0,0,0,0,0,0.995,0.239,0.458,0,0,0,0,0,0,0,0,0.197,0,0,0,0.225,0,0,0,0,0,0,0,0,0,0,0,0,0.209,0,0.364,0,0,0,0,0,0,0,0,0.313,0,0,0.958,0.968,0,0,0,0,0.292,0,0,0,0,0.233,0,0,0,0,0.349,0,0,0.92,0,0.971,0,0.987,0,0,0,0,0,0,0.227,0,0,0.327,0,0,0,0,0.947,0,0,0.99,0,0,0,0.229,0.585,0,0,0,0,0,0,0,0,0,0,0,0,0,0,0,0,0,0,0,0,0.968,0.214,0.979,0,0,0.994,0.219,0,0,0.992,0,0,0,0,0.457,0,0,0,0,0,0.77,0.225,0,0,0,0,0,0,0,0.95,0,0,0,0,0,0.42,0,0.964,0,0,0,0,0,0,0.771,0,0.15,0,0,0,0,0.249,0.173,0,0,0.192,0,0,0,0,0.314,0,0,0.175,0,0.176,0,0,0,0.865,0.262,0,0,0,0.967,0.988,0,0.799,0.834,0,0,0,0,0,0,0,0.815,0.166,0.316,0.163,0,0,0,0.82,0,0.361,0,0.32,0.223,0,0,0,0.265,0.99,0,0.985,0.229,0,0.635,0,0,0,0,0,0,0,0.321,0,0,0.176,0.312,0,0.166,0,0,0,0,0,0,0,0,0,0,0.257,0,0,0,0,0,0.768,0.577,0,0.157,0,0.22,0,0,0,0,0.894,0,0,0,0,0,0.982,0,0,0.97,0,0,0,0,0,0.284,0,0,0,0,0,0,0,0.952,0.955,0.257,0.458,0,0,0,0.203,0,0,0,0,0,0,0,0,0,0.151,0.578,0,0,0,0.715,0,0,0,0,0,0,0,0,0,0,0,0,0,0,0,0,0,0,0,0,0,0,0,0,0,0.167,0,0,0,0,0,0,0,0,0.575,0,0,0,0,0,0.229,0,0.934,0,0,0,0.156,0,0,0,0,0,0,0,0,0,0,0,0,0,0,0,0,0,0,0,0,0,0,0,0,0,0,0,0,0,0,0,0,0,0,0,0,0,0,0,0,0,0,0,0,0,0,0,0,0,0,0,0,0,0,0.936,0.194,0,0,0,0,0,0.161,0,0,0,0,0,0,0,0,0,0,0,0,0,0,0,0,0,0,0,0.975,0,0,0,0,0,0,0,0,0,0,0,0,0,0,0,0,0.818,0,0,0,0,0,0,0,0,0,0,0,0.993,0,0,0,0,0,0,0,0,0,0.156,0,0.306,0,0,0,0,0,0,0,0,0,0,0,0,0,0,0,0,0,0,0,0,0,0,0,0,0,0,0,0,0,0,0,0,0,0,0.192,0,0,0,0,0,0,0.161,0,0,0,0,0,0,0,0,0,0,0,0,0,0,0,0,0,0,0,0,0,0,0,0,0,0,0,0,0,0,0,0,0,0,0,0,0,0,0,0,0,0,0,0,0,0,0,0,0,0,0,0,0,0,0,0,0,0,0,0,0.848,0,0,0,0.356,0,0,0,0,0,0,0,0,0,0,0.196,0,0,0,0,0,0,0,0,0,0,0.321,0,0,0,0,0,0,0,0.961,0,0,0,0,0,0,0,0,0,0.152,0,0,0,0,0,0,0,0,0,0,0,0,0,0,0,0,0,0,0,0,0,0,0,0,0,0,0,0,0,0,0,0,0,0,0.25,0,0,0,0,0,0,0,0,0.514,0,0,0,0,0,0,0,0,0,0,0,0,0,0,0,0,0,0,0,0,0,0,0,0,0,0,0,0,0,0,0,0,0,0,0,0,0,0,0,0,0,0,0,0,0,0.232,0,0,0,0,0,0,0,0,0,0,0,0,0,0,0,0,0,0,0,0,0,0,0,0,0,0,0,0,0,0,0,0,0,0.217,0,0,0.295,0,0,0,0,0,0,0,0,0.225,0,0,0,0,0,0,0,0,0,0,0,0,0,0,0,0,0,0,0,0,0,0,0,0,0,0,0,0,0,0,0,0,0,0.164,0,0,0,0,0,0,0,0,0,0,0,0,0,0,0,0,0,0,0,0,0,0,0,0,0,0,0,0,0,0,0,0,0,0,0,0,0,0,0,0,0,0,0,0,0,0,0,0,0,0,0,0,0,0.842,0.999,0.987,0,0,0.826,0.259,0,0,0,0,0,0.936,0.939,0,0,0,0,0,0,0.912,0.982,0,0,0,0.795,0,0,0,0,0,0.192,0,0,0,0,0,0.954,0,0,0.172,0,0,0,0,0,0,0,0,0,0,0,0,0,0,0,0,0,0,0,0,0,0,0,0,0,0,0,0,0,0,0,0,0,0,0,0,0,0,0,0,0.218,0,0,0,0,0,0,0,0,0,0,0,0,0,0,0,0,0,0,0,0,0,0,0,0,0,0,0,0,0,0,0,0,0,0,0,0,0,0,0,0,0,0,0,0,0,0,0,0,0,0,0,0,0,0,0,0,0,0,0,0,0,0,0,0,0,0,0,0,0,0.284,0,0,0,0,0,0.29,0,0,0,0,0,0,0,0,0.188,0,0,0.264,0,0,0,0,0,0,0,0,0,0,0,0,0,0,0,0,0,0,0.154,0,0,0,0,0,0,0,0,0.252,0,0,0,0,0,0,0,0,0,0,0,0,0,0,0,0,0,0,0,0,0,0,0,0,0.161,0,0,0,0,0,0.863,0,0,0,0,0,0,0.521,0,0,0,0,0,0,0.217,0,0,0.912,0,0,0,0,0,0,0,0,0,0,0,0,0,0,0,0,0,0,0,0,0,0,0,0,0,0,0,0,0,0,0,0,0,0,0,0,0,0,0,0,0,0.719,0,0,0,0,0,0,0,0,0,0.198,0,0,0,0,0,0,0,0,0,0,0,0,0,0,0,0,0,0,0,0,0,0,0,0,0,0,0,0,0,0,0,0,0,0,0,0,0,0,0,0,0,0,0,0,0,0,0,0,0,0,0.192,0,0,0,0,0,0,0,0,0.361,0,0,0,0,0,0,0,0,0,0,0,0,0,0,0,0,0,0,0,0,0,0,0,0,0,0,0,0,0,0,0,0,0,0,0,0,0.555,0,0,0,0,0,0,0,0,0,0,0,0,0,0,0,0,0,0,0,0,0,0,0,0,0,0,0,0,0,0,0,0,0,0,0,0,0,0,0,0,0,0,0,0,0,0,0,0,0,0,0,0,0,0,0,0,0,0,0,0,0,0,0,0,0,0,0,0,0,0,0,0,0,0,0,0.384,0,0,0,0,0,0,0,0,0,0,0,0,0,0,0,0,0,0,0,0.201,0,0,0,0,0.159,0,0,0,0,0,0,0,0,0,0,0,0,0,0.347,0.692,0.613,0,0,0,0,0,0,0,0,0,0,0,0,0,0,0,0,0,0,0,0,0,0.87,0,0,0,0,0,0,0,0,0,0,0,0.171,0,0,0,0,0,0,0,0,0.983,0,0,0,0,0,0,0.978,0,0,0.412,0,0,0.152,0,0,0,0,0,0.318,0,0,0,0,0,0,0,0,0,0,0,0,0,0,0,0,0,0,0,0,0,0,0,0.989,0,0,0,0,0,0,0,0,0,0,0,0,0,0,0,0,0,0,0,0,0,0,0,0,0,0,0,0.175,0,0,0,0,0,0,0,0,0,0,0.216,0,0,0,0.288,0,0,0,0,0,0,0,0,0,0,0,0,0,0,0,0,0,0,0,0.318,0,0,0,0,0,0,0,0,0,0,0,0,0,0,0,0,0.733,0.257,0,0,0,0,0,0,0,0,0,0,0,0,0,0,0,0,0,0,0,0,0,0,0,0,0,0,0,0,0,0,0,0,0,0,0,0,0,0,0,0.23,0,0,0,0,0,0,0,0,0,0,0,0,0,0,0,0,0,0,0,0,0,0,0,0,0,0,0,0,0,0,0,0,0,0,0,0,0,0,0,0,0,0,0,0,0,0,0,0,0,0,0,0,0,0,0,0,0,0,0,0,0,0,0,0,0,0.857,0,0,0,0,0,0,0,0,0,0,0,0,0.227,0,0,0,0,0,0,0,0,0,0.817,0,0,0,0.858,0,0,0,0,0,0,0,0,0.15,0,0,0,0.318,0,0,0,0,0,0,0,0,0,0.172,0,0,0,0,0,0,0,0,0,0,0,0,0,0,0,0,0,0,0,0,0,0,0,0,0,0,0,0,0,0,0,0,0,0,0,0,0,0,0,0,0,0,0,0,0,0,0,0,0,0.223,0.184,0,0,0,0,0,0,0,0,0,0,0,0,0,0,0,0,0,0,0,0,0,0,0,0,0,0,0,0,0,0,0,0,0,0,0,0,0,0,0,0,0,0,0,0,0,0.155,0,0,0,0,0,0,0,0,0,0,0,0,0,0,0,0,0,0,0,0,0,0,0,0,0,0,0,0,0,0,0,0,0,0,0,0,0,0,0,0,0,0,0,0,0,0,0,0,0,0,0,0,0,0,0,0,0,0,0,0,0,0,0,0,0,0,0,0,0,0,0,0,0,0,0,0,0,0,0.585,0,0,0,0,0,0,0,0,0,0,0,0,0,0,0,0,0,0,0,0,0,0,0,0,0,0,0,0,0,0,0,0,0,0,0,0,0,0,0,0,0,0,0.189,0,0,0,0,0,0,0,0,0,0,0,0,0,0,0,0,0,0,0,0,0,0,0,0,0,0,0,0,0,0,0,0,0,0,0,0,0,0,0,0,0,0,0,0,0,0,0,0,0,0,0,0,0,0,0,0,0.958,0,0.331,0,0,0,0,0,0,0,0,0,0,0,0,0,0,0,0,0.185,0,0,0,0,0,0,0,0,0,0,0,0,0,0,0,0,0,0,0,0,0,0,0,0,0,0,0,0,0,0,0,0,0,0,0,0,0,0,0,0,0,0,0,0,0,0,0,0,0,0,0,0,0,0,0,0,0,0,0,0,0,0,0,0,0,0,0,0,0,0,0,0,0,0,0,0,0,0,0,0,0,0,0,0,0,0,0,0,0,0,0,0,0,0,0,0,0,0,0,0,0,0,0,0,0,0,0,0,0,0,0,0,0,0,0,0,0,0,0,0,0,0,0,0,0,0,0,0,0,0.171,0,0,0,0,0,0,0,0,0,0,0,0,0,0,0,0,0,0,0,0,0,0.452,0,0,0,0,0,0,0,0,0,0,0,0,0,0,0,0,0,0,0,0,0.175,0,0,0,0,0,0,0,0,0,0,0,0,0,0,0,0,0,0,0,0,0,0,0,0,0,0,0,0,0,0,0,0,0,0,0,0,0,0,0,0.152,0,0,0,0,0,0,0,0,0,0,0,0,0,0,0,0,0,0.194,0,0,0,0,0,0,0,0,0,0,0,0,0,0,0,0,0,0,0,0,0.366,0.999,0,0,0,0,0,0,0,0,0,0,0,0,0,0,0,0,0,0,0,0,0,0,0,0,0.995,0,0,0,0,0,0,0.931,0,0,0,0,0,0,0,0,0,0,0,0,0,0,0,0,0,0,0,0,0,0,0,0,0,0,0,0,0,0,0,0,0,0,0.227,0,0,0,0,0,0,0,0,0,0,0,0,0,0,0,0,0,0,0,0,0,0,0,0,0,0,0,0,0,0,0,0,0,0,0,0,0,0,0,0,0,0,0,0,0,0,0,0,0,0,0,0,0,0,0,0,0,0,0,0,0,0,0,0,0,0,0,0,0,0,0,0,0,0,0,0,0,0,0,0,0,0,0,0,0,0,0,0,0,0,0,0,0,0,0,0,0,0,0,0,0,0,0,0,0,0,0,0,0,0,0,0,0,0,0,0,0,0,0,0,0,0,0,0,0,0,0,0,0,0,0,0,0,0.256,0,0,0,0,0,0,0,0,0,0,0,0,0,0,0,0,0,0,0,0,0,0,0,0,0,0,0,0,0,0,0,0,0,0,0,0,0,0,0,0,0,0,0,0,0,0,0.822,0,0,0,0,0,0,0,0,0,0,0,0,0,0,0,0.429,0,0,0,0,0,0,0,0,0,0,0,0,0,0,0,0,0,0,0,0,0,0,0,0,0,0,0,0,0,0,0,0,0,0,0,0,0,0,0,0,0,0,0,0,0,0,0,0,0,0,0,0,0,0.806,0,0,0,0,0,0,0,0,0,0,0,0,0,0.8,0,0,0,0,0,0,0,0,0,0,0.196,0,0,0,0,0,0,0,0,0,0,0,0,0,0,0,0,0,0,0,0,0,0,0,0,0,0,0,0,0,0,0,0,0,0,0,0,0,0,0,0,0.373,0,0,0,0,0,0,0,0,0,0,0,0,0,0,0,0.608,0,0,0,0,0,0,0,0,0,0,0,0,0,0.163,0,0,0,0,0,0,0,0,0,0.195,0,0,0,0,0,0,0,0,0,0,0,0,0,0,0,0,0,0,0,0,0,0,0,0,0,0,0,0,0,0,0,0,0,0,0,0,0,0,0,0,0,0,0,0,0,0,0,0,0,0,0,0,0,0,0,0,0,0,0,0,0,0,0,0,0,0,0,0,0,0,0,0,0,0,0,0,0,0,0,0,0,0,0,0,0,0,0,0,0,0,0,0,0,0,0,0,0,0,0,0,0,0,0.262,0,0,0,0,0,0,0,0,0,0,0,0,0,0,0,0.276,0,0,0,0,0,0,0,0,0,0,0,0,0,0.225,0,0,0,0,0,0,0,0,0,0,0,0,0,0,0,0,0,0,0,0,0,0,0,0,0,0,0,0,0,0,0,0,0,0,0,0.165,0,0.192,0,0,0,0,0,0,0,0,0,0,0,0,0,0,0,0,0,0,0,0,0,0,0,0,0,0,0,0,0,0,0,0.445,0,0,0,0,0,0,0,0,0,0,0,0,0,0,0,0,0,0,0,0,0,0,0,0,0,0,0,0,0,0,0,0,0,0,0,0,0,0,0,0,0,0,0,0,0,0,0,0,0,0,0,0,0,0,0,0,0,0,0,0,0,0,0,0,0,0,0,0,0,0,0,0,0,0,0,0.293,0,0,0,0,0,0,0,0,0,0,0,0,0,0,0,0,0,0,0,0,0,0,0,0,0,0,0,0,0,0,0.981,0,0,0,0,0,0,0,0,0,0,0,0,0,0,0,0,0,0,0.351,0.181,0.777,0,0,0,0,0,0,0,0,0,0,0,0,0,0,0,0,0,0,0,0,0,0,0,0,0,0,0,0,0,0,0,0,0,0,0,0,0,0,0,0,0,0,0,0,0,0,0,0
853794,0,0,0,0,0,0,0,0,0,0,0,0,0,0,0,0,0,0,0,0,0,0,0,0,0,0,0,0,0,0,0,0,0,0,0.315,0,0,0,0,0,0,0,0,0,0,0,0,0,0,0,0,0,0,0,0,0,0,0,0,0,0,0,0,0,0,0,0,0,0,0,0.192,0,0,0,0,0,0,0,0,0,0,0,0,0,0,0,0,0,0,0,0,0,0,0,0,0,0,0,0,0,0,0,0.236,0,0,0,0,0,0,0,0,0,0,0,0,0,0,0,0,0,0,0,0,0,0,0,0,0,0,0,0,0,0,0,0,0,0,0,0,0,0,0,0,0,0,0,0,0,0,0,0,0,0,0,0,0,0,0,0,0,0,0,0,0,0,0,0,0,0,0,0,0,0,0,0,0,0,0,0,0,0,0,0,0,0,0,0,0.276,0,0,0,0,0,0,0,0,0,0,0,0,0,0.288,0,0,0,0,0,0,0,0,0,0,0,0,0,0,0,0,0,0,0,0,0,0,0,0,0,0,0,0,0,0,0,0,0,0,0,0,0,0,0,0,0,0,0,0,0,0,0,0,0,0,0.21,0,0,0,0,0,0,0,0,0,0.311,0,0,0,0,0,0,0,0,0,0,0,0,0,0,0,0,0,0,0,0,0,0,0,0,0,0,0,0,0,0,0,0,0,0,0,0,0,0,0,0,0,0,0,0.511,0,0,0,0,0,0,0,0,0,0,0,0,0,0,0,0,0,0,0.159,0,0,0,0,0,0,0,0,0,0,0,0,0,0,0,0,0,0,0,0,0,0,0,0,0,0,0,0,0,0,0.592,0,0,0,0,0.9,0,0,0.167,0,0,0,0,0,0,0,0,0,0.337,0.17,0,0,0.151,0,0,0.167,0.15,0.178,0,0,0,0,0,0,0,0,0,0,0.156,0,0.349,0,0,0,0,0,0,0,0,0,0,0,0,0,0,0,0,0,0,0,0,0.188,0,0,0,0,0,0,0,0,0,0,0,0,0,0,0,0,0,0,0,0,0,0,0,0,0,0,0,0,0,0,0,0,0,0,0,0.169,0,0,0,0,0,0,0,0,0,0,0,0,0,0,0,0,0,0,0,0,0,0,0.179,0,0.15,0,0,0,0,0,0,0,0,0,0,0,0,0,0,0,0.189,0,0,0,0,0,0,0,0.167,0.218,0,0,0,0,0,0,0,0,0,0.198,0,0,0,0,0,0.662,0,0,0,0,0,0,0,0,0,0,0,0,0,0,0,0,0,0,0,0,0.208,0,0,0.3,0,0,0,0,0,0,0,0.156,0,0,0,0,0,0,0,0,0,0,0,0,0,0,0,0,0,0,0,0,0,0,0,0,0,0,0,0,0,0.187,0,0,0,0,0,0,0,0,0,0,0,0,0,0,0,0,0,0,0.179,0.195,0,0,0,0,0,0,0,0,0,0,0,0.453,0,0,0.191,0.191,0,0,0,0,0,0,0,0,0.213,0,0,0,0,0,0.15,0,0,0,0,0,0,0,0,0,0,0,0,0,0,0,0,0,0,0,0,0,0,0,0,0,0,0,0.173,0,0,0,0,0,0,0,0,0,0,0,0,0,0,0,0,0,0,0,0,0,0,0,0,0,0,0,0,0,0.173,0,0,0,0,0,0,0,0,0,0,0.15,0,0,0,0,0,0,0,0,0,0,0,0,0,0,0,0,0,0,0.983,0,0,0,0,0,0,0,0.162,0,0,0,0,0,0.481,0,0,0,0,0,0,0,0,0,0,0,0,0,0,0,0,0,0,0,0,0,0,0,0,0,0,0.191,0,0,0,0,0,0,0,0,0,0,0,0,0,0,0,0,0,0,0,0,0,0,0,0,0.546,0,0,0,0.176,0,0,0,0.273,0,0,0,0,0,0,0,0,0,0,0,0,0,0,0,0,0,0,0,0,0,0,0,0,0,0,0,0,0,0,0.195,0,0,0,0,0,0,0,0,0,0,0,0,0,0,0,0,0,0,0,0,0,0,0,0,0,0,0,0,0,0,0,0,0,0,0,0,0,0,0,0,0,0,0,0,0.15,0,0,0,0,0,0,0,0,0,0,0,0,0,0,0,0,0,0,0,0,0,0,0,0,0,0.9,0,0,0,0,0,0.207,0,0,0,0,0,0,0,0,0,0,0,0,0,0,0.167,0,0,0,0.161,0,0,0,0,0,0,0.264,0,0,0,0,0,0,0,0,0,0,0,0,0,0,0,0,0,0,0,0,0,0.363,0,0,0,0,0,0,0,0,0,0,0,0,0,0,0,0,0,0,0,0,0.154,0,0,0,0,0,0,0,0,0,0,0,0,0,0,0,0,0,0,0,0,0,0,0,0,0,0,0,0,0,0,0,0,0,0,0,0,0,0,0,0,0,0,0.537,0,0,0,0,0,0,0,0,0,0,0,0,0,0,0,0,0,0,0,0,0,0,0,0,0,0,0,0,0,0,0,0,0,0,0,0,0,0,0,0,0,0,0,0,0,0,0,0,0,0,0,0,0,0,0,0,0,0,0,0,0,0,0.169,0,0.196,0,0,0,0,0,0,0,0,0,0,0,0,0,0,0,0,0,0,0,0,0,0,0,0,0,0,0,0,0,0,0,0,0,0,0,0,0,0,0,0,0,0,0,0,0,0,0,0,0,0,0,0,0,0,0,0,0,0,0,0,0,0,0,0,0,0,0,0,0,0,0,0,0,0,0,0,0,0,0,0,0,0,0,0,0,0,0,0,0,0,0,0,0,0,0,0,0,0,0,0,0,0,0,0,0,0,0,0,0,0,0,0,0,0,0,0,0,0,0,0.192,0,0,0,0,0,0,0,0,0,0,0,0,0,0,0,0,0,0,0,0,0,0,0,0,0,0,0,0,0,0,0,0,0,0,0,0,0,0,0,0,0.193,0,0,0,0,0,0,0,0,0,0,0,0,0,0,0,0,0,0,0,0,0,0,0,0,0,0,0,0,0,0.163,0,0,0,0,0,0,0,0,0,0,0,0,0,0,0,0,0,0,0,0,0,0,0,0,0,0,0,0,0,0,0,0,0,0,0,0,0,0,0,0,0,0,0,0,0,0,0,0,0,0,0,0,0,0,0,0,0,0,0,0,0,0,0,0,0,0,0,0,0,0,0,0,0,0,0,0,0,0,0,0,0,0,0,0,0,0,0,0,0,0,0,0,0,0,0,0,0,0,0,0,0,0,0,0,0,0,0,0,0,0,0,0,0,0,0,0,0,0,0,0,0,0,0,0,0,0,0,0,0,0,0,0,0,0,0,0,0,0,0,0,0,0,0,0,0,0,0,0,0,0,0,0,0,0,0,0,0,0,0,0,0,0,0,0,0,0,0,0,0,0,0,0,0,0,0,0,0,0,0,0,0,0,0,0,0,0,0,0,0,0,0,0,0,0,0,0,0,0,0,0,0,0,0,0,0,0,0,0,0,0,0,0,0,0,0,0,0,0,0,0,0,0,0,0,0,0,0,0,0,0,0,0,0,0,0,0,0,0,0,0,0,0,0,0,0,0,0,0,0,0,0,0.187,0,0,0,0,0,0,0,0,0,0,0,0,0.165,0,0,0,0,0,0,0,0,0,0,0,0,0,0,0,0,0,0,0,0,0,0,0,0,0,0,0,0,0,0,0,0,0,0,0,0,0,0,0,0,0,0,0,0,0,0,0,0,0,0,0,0,0,0,0,0,0,0,0,0,0,0,0,0,0,0,0,0,0,0,0,0,0,0,0,0,0,0,0,0,0,0,0,0,0,0,0,0,0,0,0,0,0,0,0,0,0,0,0,0,0,0,0,0,0,0,0,0,0,0,0,0,0,0,0,0,0,0,0,0,0,0,0,0,0,0,0,0,0,0,0,0,0,0,0,0,0,0,0,0,0,0,0,0,0,0,0,0,0,0,0,0,0,0,0,0,0,0,0,0,0,0,0,0,0,0,0,0,0,0,0,0,0,0,0,0,0,0,0,0,0,0,0,0,0,0,0,0,0,0,0,0,0,0,0,0,0,0,0,0,0,0,0,0,0,0,0,0,0,0,0,0,0,0,0,0,0,0,0.169,0,0,0,0,0,0,0,0,0,0,0,0,0,0,0,0,0,0,0,0,0,0,0,0,0,0,0,0.154,0,0,0,0,0,0,0,0,0,0,0,0,0,0,0,0,0,0,0,0,0,0,0,0,0,0,0,0,0,0,0,0,0,0,0,0,0,0.214,0,0,0,0,0,0,0,0,0,0,0,0,0,0,0,0,0,0,0,0,0,0,0,0,0.195,0,0,0,0,0,0.156,0,0,0,0,0,0,0,0,0,0,0,0,0,0.154,0,0,0,0,0,0,0,0.163,0,0,0,0,0,0,0.248,0,0,0,0,0,0,0,0,0,0,0,0,0.151,0,0,0,0,0,0,0,0,0,0,0,0,0,0,0,0,0,0,0,0,0,0,0,0,0,0,0,0,0,0,0,0.58,0,0,0,0,0,0,0,0,0,0,0,0,0,0.173,0,0,0,0,0,0,0,0,0,0,0,0,0,0,0,0,0,0,0,0,0,0,0,0,0,0,0,0,0,0,0,0,0,0,0,0,0.154,0,0.167,0,0,0,0,0,0,0,0,0,0,0,0,0,0,0,0,0,0,0,0,0,0,0,0,0,0,0,0,0.157,0,0,0,0,0,0,0,0,0,0,0,0,0,0,0,0,0,0,0,0,0,0,0,0,0,0,0,0.154,0,0,0,0,0,0,0,0,0,0,0,0,0,0,0,0,0,0,0,0,0,0,0,0,0,0,0,0,0,0,0,0,0,0,0,0,0,0,0,0,0,0,0,0,0,0,0,0,0,0,0,0,0.187,0,0,0,0,0,0,0,0,0,0,0,0,0,0,0,0,0,0,0,0,0,0,0,0,0,0,0,0,0,0,0,0,0,0,0,0,0,0,0,0,0,0,0,0,0,0,0,0,0,0,0,0,0,0,0,0,0,0,0,0,0,0,0,0,0,0,0,0,0,0,0,0,0,0,0,0,0,0,0,0,0,0,0,0,0,0,0,0,0,0,0,0,0,0,0,0,0,0,0,0,0,0,0,0,0,0,0,0,0,0,0,0,0,0,0,0,0,0,0,0,0,0,0,0,0,0,0,0,0,0,0,0,0,0,0,0,0,0,0,0,0,0,0,0,0,0,0,0,0,0,0.156,0,0,0,0,0,0,0,0.15,0,0,0,0,0,0,0,0,0,0,0,0,0,0,0,0,0,0,0,0,0,0,0.156,0,0,0,0,0,0,0,0,0,0,0,0,0,0,0,0,0,0,0,0,0.173,0,0,0,0,0,0,0,0,0,0,0,0,0,0,0,0,0,0,0,0,0,0,0,0,0,0,0,0,0,0,0,0,0,0,0,0,0,0,0,0,0,0,0,0,0,0,0,0,0,0,0,0,0,0,0,0,0,0,0,0,0,0,0,0,0,0,0,0,0,0,0,0,0,0,0,0,0,0,0,0,0,0,0,0,0,0,0,0,0,0,0,0,0,0,0,0,0,0,0,0,0,0,0,0,0,0,0,0,0,0,0,0,0,0,0,0,0,0,0,0,0,0,0,0,0,0,0,0,0,0,0,0,0,0,0,0,0,0,0,0,0,0,0,0,0,0,0,0,0,0,0,0,0,0,0,0,0,0,0,0,0,0,0,0,0,0,0,0,0,0,0,0,0,0,0,0,0,0,0,0,0,0,0,0,0,0,0,0,0,0,0.173,0,0,0,0,0,0,0,0,0,0,0,0,0,0,0,0,0,0,0,0,0,0,0,0,0,0,0,0,0,0,0,0,0,0,0,0,0,0,0,0,0,0,0,0,0,0,0,0,0,0,0,0,0,0,0,0,0,0,0,0,0,0,0,0,0,0,0,0,0,0,0,0,0,0,0,0.288,0,0,0,0,0,0,0,0,0,0,0,0,0,0,0,0,0,0,0,0,0,0,0,0,0,0,0,0,0,0,0,0,0,0,0,0,0,0,0,0,0,0,0,0,0,0,0,0,0,0,0,0,0,0,0,0,0,0,0,0,0,0,0,0,0,0,0,0,0,0,0,0,0,0,0,0,0,0,0,0,0,0,0,0,0,0,0,0,0,0.173,0,0,0,0,0,0,0,0.154,0,0,0,0,0,0,0,0,0,0,0,0,0,0,0,0,0,0,0,0,0,0,0,0,0,0,0,0,0,0,0,0,0,0,0,0,0,0,0,0,0,0,0,0,0,0,0,0,0,0,0,0,0,0,0,0,0,0,0,0,0,0,0,0,0,0,0,0,0,0,0,0,0.157,0,0,0,0,0,0,0,0,0,0,0,0,0,0,0,0,0,0.153,0,0,0,0,0,0,0,0,0.171,0,0,0,0,0,0,0,0,0,0,0,0,0,0,0,0,0,0,0,0,0,0,0,0,0,0,0,0,0,0,0,0,0,0,0,0,0,0,0,0,0,0,0,0,0,0,0,0,0,0,0,0,0,0,0,0,0,0,0,0,0,0,0,0,0,0,0,0,0,0,0,0,0,0,0,0,0,0,0,0,0,0,0,0,0,0,0,0,0,0,0,0.157,0,0,0,0,0,0,0,0,0,0,0,0,0,0,0,0,0,0,0,0,0,0,0,0,0,0,0,0,0.161,0,0,0,0,0,0,0,0,0,0,0,0,0,0,0,0,0,0,0,0,0,0,0,0,0,0,0,0,0,0,0,0,0,0,0,0,0,0,0,0,0,0,0,0,0,0,0,0,0,0,0,0,0,0,0,0,0,0,0,0,0,0,0,0,0,0,0,0,0,0,0,0,0,0,0,0,0,0,0,0,0,0,0,0,0,0,0,0,0,0,0,0,0,0,0,0,0,0,0,0,0,0,0,0,0,0,0,0,0,0,0,0,0,0,0,0,0,0,0,0,0,0,0,0,0,0,0,0,0,0,0,0,0,0,0,0,0,0,0,0,0,0,0,0,0,0.187,0,0,0,0,0,0,0,0,0,0,0,0,0,0,0,0,0,0,0,0,0,0,0,0,0,0,0,0,0,0,0,0,0,0,0,0,0,0,0,0,0.161,0,0,0.505,0,0,0,0,0,0,0,0,0,0,0,0,0,0,0,0,0,0,0,0,0,0,0,0,0,0.636,0,0,0,0,0,0,0,0,0.9,0.161,0,0,0,0,0,0,0,0,0,0,0,0,0.9,0,0,0,0,0,0,0,0,0,0,0,0,0,0,0,0,0,0,0,0,0,0,0,0,0,0,0,0,0,0,0,0,0,0,0,0,0,0,0,0,0,0,0,0,0,0,0,0,0,0,0,0,0,0,0,0,0,0,0,0,0,0,0,0,0,0,0,0,0,0,0,0,0,0,0,0,0,0,0,0,0,0,0,0,0,0,0,0,0,0,0,0,0,0,0,0,0,0,0,0,0,0,0,0,0,0,0,0,0,0,0,0,0,0,0,0,0,0,0,0,0,0,0,0,0,0,0,0,0,0,0,0,0,0,0,0,0,0,0,0,0,0,0,0,0,0,0,0,0,0,0,0,0,0,0,0,0,0,0,0,0,0,0,0,0,0,0,0,0,0,0,0,0,0,0,0,0,0,0,0,0,0,0,0,0,0,0,0,0,0.339,0,0,0,0,0,0,0,0,0,0,0,0,0,0,0,0,0,0,0,0,0,0,0,0,0,0,0,0,0,0,0,0,0,0,0,0,0,0,0,0,0,0,0,0,0,0,0,0,0,0,0,0,0,0,0,0,0.981,0,0,0,0,0,0,0,0,0,0,0,0,0,0,0,0,0,0,0,0,0,0,0,0,0,0,0,0,0,0,0,0,0,0,0,0,0,0,0,0,0,0,0,0,0,0,0,0,0,0,0,0,0,0,0,0,0,0,0,0,0,0,0,0.248,0,0,0,0,0,0,0,0,0,0,0,0,0,0,0,0,0,0.662,0,0,0,0,0,0,0,0,0,0,0,0,0,0,0,0,0,0,0,0,0,0,0,0,0,0,0,0,0,0,0,0,0,0,0,0,0,0,0,0,0,0,0,0,0,0,0,0,0,0,0,0,0,0,0,0,0,0,0,0,0,0,0,0,0,0,0,0,0,0,0,0,0,0,0,0,0,0,0,0,0,0,0,0,0,0,0,0,0,0,0,0,0,0,0,0,0,0,0,0,0,0,0,0,0,0,0,0,0,0,0,0,0,0,0,0,0,0,0,0,0,0,0,0,0,0,0,0,0,0,0,0,0,0,0,0,0,0,0,0,0,0,0,0,0,0,0,0,0,0,0,0,0,0,0,0,0,0,0,0,0,0,0,0,0,0,0,0.158,0,0,0,0,0,0,0,0.51,0,0,0,0,0,0,0.153,0,0,0,0,0,0,0,0,0,0,0,0,0,0,0,0,0,0,0,0,0,0,0,0,0,0,0,0,0,0,0,0.152,0,0,0,0,0.662,0,0,0,0,0,0.901,0,0.901,0,0,0.169,0,0,0,0,0,0,0,0.152,0,0,0,0,0,0,0,0,0,0,0,0.154,0,0,0,0,0,0,0,0,0,0,0,0,0,0,0,0,0,0,0,0,0,0,0,0,0,0,0,0,0,0,0.195,0,0,0,0,0,0,0,0,0,0,0,0,0,0,0,0,0,0,0,0,0,0,0,0,0,0,0,0,0,0,0,0,0,0,0,0,0,0,0,0,0,0,0,0,0,0,0,0,0,0,0,0,0,0,0,0,0,0,0,0,0,0,0,0,0,0,0,0,0,0,0,0,0,0,0,0,0,0,0,0,0,0,0,0,0,0,0,0,0,0,0,0,0,0,0,0,0,0,0,0,0,0,0,0,0.545,0,0,0,0,0,0,0,0,0,0,0,0,0,0,0,0,0,0,0,0,0,0,0,0,0,0,0,0,0,0,0,0,0,0,0,0,0,0,0,0,0,0,0,0,0,0,0,0,0,0,0,0,0,0,0,0,0,0,0,0,0,0,0,0,0,0,0,0,0,0,0,0,0,0,0,0,0,0,0,0,0,0,0,0,0,0,0,0,0,0,0,0,0,0,0,0,0,0,0,0,0,0,0,0,0,0,0,0,0,0,0,0,0,0,0,0,0,0,0,0,0,0,0,0,0,0,0,0,0,0,0,0,0,0,0,0,0,0,0,0,0,0,0,0,0,0,0,0,0,0,0,0,0,0,0,0,0,0,0,0,0,0,0,0,0,0,0,0,0,0,0,0,0,0,0,0,0,0,0,0,0,0,0,0,0,0,0,0,0,0,0,0,0,0,0,0,0,0,0,0,0,0,0,0,0,0,0,0,0,0,0,0,0,0,0,0,0,0,0,0,0,0,0,0,0,0,0,0,0,0,0,0,0,0,0,0,0.195,0,0,0,0,0,0,0,0,0,0,0,0,0,0,0,0,0,0,0,0,0,0,0,0,0,0,0,0,0,0,0,0,0,0,0,0,0,0,0,0,0,0,0,0,0,0,0,0,0,0,0,0,0,0,0,0,0,0,0,0,0,0,0,0,0,0,0,0,0,0,0,0,0,0,0,0,0,0,0,0,0,0,0,0,0,0,0,0,0,0,0,0,0,0,0,0,0,0,0,0,0,0,0,0,0,0,0,0,0,0,0,0,0,0,0,0,0,0,0,0,0,0,0,0,0,0,0,0,0,0,0,0,0,0,0,0,0,0,0,0,0,0,0,0,0,0,0,0,0,0,0,0,0,0,0,0,0,0,0,0,0,0,0,0,0,0,0,0,0,0,0,0,0,0,0,0,0,0,0,0,0,0,0,0,0,0,0,0,0,0,0,0,0,0,0,0,0,0,0,0,0,0,0,0,1
852578,0,0,0,0,0,0,0.194,0,0,0,0,0,0,0,0,0,0,0,0,0,0,0,0,0,0,0,0,0,0,0,0,0,0,0,0,0,0,0,0,0,0,0,0,0,0,0,0,0,0,0,0,0,0,0,0,0,0,0,0,0,0,0.263,0.431,0,0,0,0,0,0,0,0,0,0,0,0,0,0,0,0,0,0,0,0,0,0,0,0,0,0,0,0,0,0,0,0,0,0,0,0,0,0,0,0,0,0,0,0,0,0,0,0,0,0,0,0,0,0,0,0,0,0,0,0,0,0,0,0.992,0,0,0,0,0,0,0,0,0,0,0,0,0,0,0,0,0,0,0,0,0,0,0,0,0,0,0,0,0,0,0,0,0,0,0,0,0,0,0,0,0,0,0,0,0,0,0,0,0,0.229,0,0,0,0,0,0,0,0,0,0,0,0,0,0,0.735,0,0,0,0,0,0,0,0,0.323,0.337,0,0,0,0,0,0,0,0,0,0,0,0,0,0,0,0,0,0,0,0,0.445,0,0,0,0,0,0,0,0,0,0,0,0,0.304,0,0,0,0,0,0,0,0,0,0,0,0,0,0,0,0,0,0,0,0,0.265,0,0,0,0,0,0,0,0,0,0,0,0,0,0,0,0,0,0,0,0,0,0,0,0,0,0,0,0.359,0,0,0,0.73,0,0,0,0,0,0,0,0,0,0,0,0,0,0,0,0,0,0.394,0,0,0,0,0,0,0,0,0,0.327,0,0,0,0.608,0,0,0,0,0,0,0.436,0,0,0,0.232,0,0,0,0,0,0,0.322,0.359,0,0,0,0,0,0,0,0,0.51,0,0,0,0,0,0,0,0,0,0,0,0,0,0,0,0,0.606,0,0,0,0,0.375,0,0,0,0,0,0,0,0,0,0.194,0,0,0,0,0,0,0,0,0,0,0,0,0,0,0,0,0,0,0,0,0,0,0,0,0,0,0,0,0,0.319,0,0,0,0.317,0,0,0,0,0.781,0,0,0,0,0,0,0,0,0,0,0,0,0,0,0.909,0,0,0.541,0,0,0,0,0,0,0,0,0,0,0,0.254,0,0,0,0.256,0,0,0,0,0,0,0,0,0,0,0,0,0,0,0,0,0,0,0,0,0,0,0,0,0,0,0,0,0,0,0,0,0,0,0,0,0,0,0,0,0,0,0,0,0,0,0,0,0,0,0,0,0.331,0,0,0,0,0,0,0,0,0,0,0,0,0,0,0,0,0,0,0,0,0,0.787,0,0,0,0,0,0,0,0,0,0,0,0,0,0,0,0,0,0,0,0,0,0,0,0,0,0.151,0,0,0,0,0,0,0,0,0.654,0,0,0,0,0,0,0,0,0,0,0,0,0,0,0,0,0.229,0,0,0,0,0,0.978,0,0,0,0,0,0,0,0,0,0,0,0,0,0,0,0.376,0,0.328,0,0,0,0,0,0,0,0,0,0,0,0,0,0,0,0.161,0.238,0,0,0,0,0,0,0.786,0,0,0,0,0,0,0,0,0,0,0,0,0,0,0,0,0,0,0,0,0,0,0,0,0,0,0,0,0.559,0,0,0,0,0,0,0,0,0,0,0,0,0,0,0,0,0,0,0,0,0,0,0,0,0,0,0,0,0,0,0,0,0,0,0,0,0,0,0.377,0,0,0,0,0,0,0,0,0,0,0,0,0,0,0.199,0,0,0,0,0,0,0,0,0,0,0,0,0,0,0.367,0,0.242,0,0,0,0,0,0,0,0,0,0.165,0,0,0,0.161,0,0,0.3,0.814,0,0,0,0,0,0,0.605,0,0,0,0,0,0,0,0,0.237,0,0,0,0,0,0,0,0.311,0,0,0,0,0,0,0,0.493,0,0,0,0,0,0,0,0,0,0.534,0,0,0,0,0,0,0,0,0,0,0,0,0,0,0,0,0,0,0,0.573,0,0,0,0,0,0,0,0,0,0,0,0,0.191,0,0,0,0,0,0,0,0,0,0.734,0,0,0,0,0,0,0,0,0,0,0,0,0,0.276,0,0,0,0,0,0.225,0,0,0,0,0,0,0,0,0,0,0,0,0,0,0,0,0,0,0,0,0,0,0,0,0,0,0,0,0,0.332,0,0,0,0,0.681,0,0,0,0,0,0,0.447,0,0,0,0,0,0,0,0,0,0,0,0,0.663,0,0,0,0,0,0,0,0,0.296,0,0,0.178,0,0,0,0.173,0,0.814,0.997,0,0,0,0,0,0,0,0,0,0,0,0,0,0,0,0,0,0,0,0,0,0,0,0,0,0,0,0,0,0,0.271,0,0,0,0,0,0,0,0,0,0,0,0,0,0,0,0,0,0,0,0,0,0,0,0,0,0,0,0,0,0,0,0,0,0,0,0,0,0,0,0,0,0,0,0,0,0,0,0,0,0,0,0,0,0,0,0,0,0,0,0,0,0,0,0,0,0,0,0,0,0,0,0,0,0.274,0,0,0,0,0,0,0,0,0,0,0,0.497,0,0,0,0,0.734,0,0,0,0,0,0,0,0,0,0,0,0,0,0,0,0,0,0,0,0,0.188,0,0,0,0,0,0,0,0,0,0,0,0,0,0,0,0,0,0,0,0,0,0,0,0,0,0,0,0,0,0,0,0.293,0,0,0,0,0.663,0,0,0,0,0,0,0,0,0,0,0,0,0,0,0,0,0,0,0,0,0,0,0,0,0,0,0,0,0,0,0,0,0,0,0,0,0,0,0,0,0,0,0,0,0.832,0,0,0,0,0,0,0,0,0,0,0,0,0,0,0,0,0,0,0,0,0,0,0,0,0,0,0,0,0,0,0,0,0,0,0,0,0,0,0,0,0,0,0,0,0,0,0,0,0.388,0,0,0,0,0,0,0,0,0,0,0.177,0,0,0,0,0,0,0,0,0,0,0,0,0,0,0,0,0,0,0,0,0,0,0,0.151,0,0,0,0,0,0,0,0,0,0,0,0,0,0,0,0,0,0,0,0,0.176,0,0,0.172,0,0,0,0,0,0,0,0.296,0,0,0,0,0,0,0.161,0.161,0,0,0,0,0,0,0,0,0,0,0,0,0,0,0,0,0,0,0,0,0,0,0,0,0,0,0,0,0,0,0,0.25,0,0,0,0,0,0,0,0,0,0,0,0,0,0,0,0,0,0,0,0,0,0,0,0,0,0,0,0,0,0,0,0,0,0,0,0,0,0,0,0,0,0,0,0,0,0,0,0.396,0,0,0,0,0.161,0,0,0,0.193,0,0,0,0,0,0.297,0,0,0,0,0,0,0,0,0,0,0,0,0,0,0,0,0,0,0,0,0,0,0,0,0,0,0,0,0,0,0,0,0,0,0,0.336,0,0,0,0,0,0,0,0,0,0,0,0,0,0,0,0,0,0,0,0,0,0,0,0,0,0,0,0,0,0,0,0,0,0,0,0,0,0,0,0,0,0,0,0,0,0,0,0,0,0,0,0,0,0,0,0,0,0,0,0,0,0,0.169,0,0,0,0,0.161,0,0,0,0,0,0,0,0,0,0,0,0,0,0,0,0,0,0,0,0,0,0,0,0,0,0,0,0,0,0,0,0,0,0,0,0,0,0,0,0,0,0,0,0,0,0,0,0,0,0,0,0,0,0,0,0,0,0,0,0,0,0,0,0,0,0,0,0,0,0.161,0,0,0,0,0,0,0,0,0,0.655,0,0,0,0,0,0,0,0,0,0,0,0,0,0,0,0,0,0,0,0,0,0,0,0,0,0,0,0,0,0,0,0,0,0,0,0,0,0,0,0,0,0,0,0,0,0,0,0,0,0,0,0,0,0,0,0,0,0,0,0,0,0,0,0,0,0,0,0,0,0,0,0,0,0,0,0,0,0,0,0,0,0,0,0,0,0,0,0,0,0,0,0,0,0,0,0,0,0,0,0,0,0,0,0,0,0,0,0,0,0,0,0,0,0,0,0,0,0,0,0,0,0,0,0,0,0,0,0,0,0,0,0,0,0,0,0,0,0,0,0,0.171,0,0,0,0,0,0,0,0,0,0,0,0.186,0,0,0,0,0,0,0,0,0,0,0,0,0,0,0,0,0,0,0,0,0,0,0,0,0,0,0,0,0,0,0,0,0,0,0,0,0,0,0,0,0,0,0,0,0,0,0,0,0,0,0,0,0,0,0,0,0.171,0,0,0,0.171,0,0,0,0,0,0,0,0,0,0,0,0,0,0,0,0,0,0,0,0,0,0,0,0,0,0,0,0,0,0,0,0,0,0,0,0,0,0,0,0,0,0,0,0,0,0,0,0,0,0,0,0,0,0.159,0,0.171,0,0,0,0,0,0,0,0,0,0,0,0,0,0,0,0,0,0,0,0,0,0,0,0,0,0,0,0,0,0,0,0,0,0,0,0,0,0,0,0,0,0,0,0,0,0,0,0,0,0,0,0,0,0,0,0,0,0,0,0,0,0,0,0,0,0,0.336,0,0,0,0,0,0,0,0,0,0,0,0,0,0,0,0,0,0,0,0,0,0,0,0,0,0,0,0,0,0,0,0,0,0,0,0,0,0,0,0,0,0,0,0,0,0,0,0,0,0,0,0,0,0,0,0,0,0,0,0,0,0,0,0,0,0,0,0,0,0,0,0,0,0,0,0,0,0,0,0,0,0,0,0,0,0,0,0,0,0,0,0,0,0,0,0,0,0,0,0,0,0,0,0,0,0,0,0,0,0,0,0,0,0,0,0,0,0.536,0,0,0,0,0,0,0,0,0,0,0,0,0,0,0,0,0,0,0,0,0,0,0,0,0,0,0,0,0,0,0,0,0,0,0,0,0,0,0,0,0,0,0,0,0,0,0,0,0,0,0,0,0,0,0,0,0,0,0,0,0,0,0,0,0,0,0,0,0,0,0,0,0,0,0,0,0,0,0,0.15,0,0,0,0,0,0,0,0,0,0,0,0,0,0,0,0,0,0,0,0,0,0,0,0,0,0,0,0,0,0,0,0,0,0,0,0,0,0.304,0,0,0,0,0,0,0,0,0,0,0,0,0,0,0,0,0,0,0,0,0,0,0,0.238,0.694,0,0,0,0,0,0,0,0,0,0,0,0,0,0,0,0,0,0,0,0,0,0,0,0,0,0,0,0,0,0,0,0,0,0,0,0,0,0,0,0,0,0,0,0,0,0,0,0,0,0,0,0,0,0,0,0,0,0,0,0,0,0,0,0,0,0,0,0,0,0,0,0,0,0,0,0,0,0,0,0,0,0,0,0,0,0,0,0,0,0,0,0,0,0,0,0,0,0,0,0,0,0,0,0,0,0,0,0,0,0,0,0,0,0,0,0,0,0,0,0,0,0,0,0,0,0,0,0,0,0,0,0,0,0,0,0,0,0,0,0,0,0,0,0,0,0,0,0,0,0,0,0,0,0,0,0,0,0,0,0,0,0,0,0,0,0,0,0,0,0,0,0,0,0,0,0,0,0,0,0,0,0,0,0,0,0,0,0,0,0,0,0,0,0,0,0,0,0,0,0,0,0,0,0,0,0,0,0.315,0,0,0,0,0,0,0,0,0,0,0,0,0,0,0,0,0,0,0,0,0,0,0,0,0,0,0,0,0,0,0,0,0,0,0,0,0,0,0,0,0,0,0,0,0,0,0,0,0,0,0,0,0,0,0,0,0,0,0,0,0,0,0,0,0,0,0,0,0,0,0,0,0,0,0,0,0,0,0,0,0,0,0,0,0,0,0,0,0,0,0,0,0,0,0,0,0,0,0,0,0,0,0,0,0,0,0,0,0,0,0,0,0,0,0,0,0,0,0,0,0,0,0,0,0,0,0,0,0,0,0,0,0,0,0,0,0,0,0,0,0,0,0,0,0,0,0,0,0,0,0,0,0,0,0,0,0,0,0,0,0,0,0,0,0,0,0,0,0,0,0,0,0,0,0,0,0,0,0,0,0,0,0,0,0,0,0,0,0,0,0,0,0,0,0,0,0,0,0,0,0,0,0.165,0,0,0,0,0.297,0,0,0,0,0,0,0,0,0,0,0,0,0,0,0,0,0,0,0,0,0,0.254,0,0,0,0,0,0,0,0,0,0,0,0.288,0,0,0,0,0,0,0,0,0,0,0,0,0,0.61,0,0,0,0,0,0.167,0,0,0,0.562,0,0,0,0,0,0.373,0,0,0,0,0,0,0,0,0,0,0,0,0.258,0,0,0,0,0,0,0,0,0,0,0,0,0,0,0,0,0,0,0,0,0,0,0,0,0,0,0,0.326,0,0,0,0,0.609,0,0,0,0,0,0,0,0,0,0,0,0,0,0,0,0,0,0,0,0,0,0,0,0,0,0,0,0,0,0,0,0,0,0,0,0.26,0,0,0,0,0,0,0,0,0,0,0,0,0,0,0,0,0,0,0,0,0,0,0,0,0,0,0,0,0,0,0,0,0,0,0,0,0,0,0,0,0,0,0,0,0,0,0,0,0,0,0,0,0,0,0,0,0,0,0.325,0,0,0,0,0,0,0,0,0,0,0,0,0,0,0,0,0,0,0,0,0,0,0,0,0,0,0,0,0,0,0,0,0,0,0,0,0,0,0,0,0,0,0,0,0,0,0,0,0,0,0,0,0,0,0,0,0,0,0,0,0,0,0,0,0,0,0,0,0,0,0,0,0,0,0,0,0,0,0,0,0,0,0,0,0,0,0,0,0,0,0,0,0,0,0,0,0,0,0,0,0,0,0,0,0,0,0,0,0,0,0,0,0,0,0,0,0,0,0,0,0,0,0,0,0,0,0,0,0,0,0,0,0,0,0,0,0,0,0,0,0,0,0,0,0,0,0,0,0,0,0,0,0,0,0,0,0,0,0,0,0,0,0,0,0,0,0,0,0,0,0,0,0,0,0,0,0,0,0,0,0,0,0.509,0,0,0,0,0,0,0,0,0,0,0,0,0,0,0,0,0,0,0,0,0,0,0,0,0,0,0,0,0,0,0,0,0,0,0,0,0,0,0,0,0,0,0,0,0,0,0.533,0,0,0,0,0,0,0,0,0,0,0,0,0,0,0,0,0,0,0,0,0,0.326,0,0,0,0,0,0,0,0,0,0,0,0,0,0,0,0,0,0,0,0,0,0,0,0,0,0,0,0,0,0,0,0,0,0,0,0,0,0,0,0,0,0,0,0,0,0,0,0,0,0,0,0,0,0,0,0,0,0,0,0,0,0,0,0,0,0,0,0,0,0,0,0,0,0,0,0,0,0,0,0,0,0,0,0,0,0,0,0,0,0,0,0,0,0,0,0,0,0,0.276,0,0,0,0,0,0,0,0,0,0,0,0,0,0,0,0,0,0,0,0,0,0,0,0,0,0,0,0,0,0,0,0,0,0,0,0,0,0,0,0,0,0,0,0,0,0,0,0,0,0,0,0,0,0,0,0,0,0,0,0.179,0,0,0,0,0,0,0,0,0,0,0,0,0,0,0,0,0,0,0,0,0,0,0,0,0,0,0,0,0,0,0,0,0,0,0,0,0,0,0,0,0,0,0,0,0,0,0,0,0,0,0,0,0,0,0,0,0,0,0,0,0,0,0,0,0,0,0,0,0,0,0,0,0,0,0,0,0,0,0,0,0,0,0,0,0,0,0,0,0,0,0,0,0,0,0,0,0,0,0,0,0,0,0,0,0,0,0,0,0,0,0,0,0,0,0,0,0,0,0,0,0,0,0,0,0,0,0,0,0,0,0,0,0,0.197,0,0,0,0,0,0,0,0,0,0,0,0,0,0,0,0,0,0,0,0,0,0,0,0,0,0,0,0,0,0,0,0,0,0,0,0,0,0,0,0,0,0,0,0,0,0,0,0,0,0,0,0,0,0,0,0,0,0,0,0,0,0,0,0,0,0,0,0,0,0,0,0,0,0,0,0,0,0,0,0,0.229,0,0,0,0,0,0,0,0,0,0,0,0,0,0,0,0,0,0,0,0,0,0,0,0,0,0,0,0,0,0,0,0,0,0,0,0,0,0,0,0,0,0,0,0,0,0,0,0,0,0,0.736,0,0,0,0,0,0.275,0,0,0,0,0,0,0,0,0,0,0,0,0,0,0,0,0,0,0,0,0,0,0,0,0,0,0,0,0,0,0,0,0,0,0,0,0,0,0,0,0,0,0,0,0,0,0,0,0,0,0,0,0,0,0,0,0,0,0,0,0,0,0,0,0,0,0,0,0,0,0,0,0,0,0,0,0,0,0,0,0,0,0,0,0,0,0,0,0,0,0,0,0,0,0,0,0,0,0,0,0,0,0,0,0,0,0,0,0,0,0,0,0,0,0,0,0,0,0,0,0,0,0,0,0,0,0,0,0,0,0,0,0,0,0,0,0,0,0,0,0,0,0,0,0,0,0,0,0,0,0,0,0,0,0,0,0,0,0,0,0,0,0,0,0,0,0,0,0,0,0,0,0,0,0,0,0,0,0,0,0,0,0,0,0,0,0,0,0,0,0,0,0,0,0,0,0,0,0,0,0,0,0,0,0,0.288,0,0,0,0,0,0,0,0,0,0,0,0,0,0,0,0,0,0,0,0,0,0,0,0,0,0,0,0,0,0,0,0,0,0,0,0,0,0,0,0,0,0,0,0,0,0,0,0,0,0,0,0,0,0,0,0,0,0,0,0,0,0,0,0,0,0,0,0,0,0,0,0,0,0,0,0,0,0,0,0,0,0,0,0,0,0,0,0,0,0,0,0,0,0,0,0,0,0,0,0,0,0,0,0,0,0,0,0,0,0,0,0,0,0,0,0,0,0,0,0,0,0,0,0,0,0,0,0,0,0,0,0,0,0,0,0,0,0,0,0,0,0,0,0,0,0,0,0,0,0,0,0,0,0,0,0,0,0,0,0,0,0,0,0,0,0,0,0,0,0,0,0,0,0,0,0,0,0,0,0,0,0,0,0,0,0,0,0,0,0,0,0,0,0,0,0,0,0,0,0,0,0,0,0,0,0,0,0,0,0,0,0,0,0,0,0,0,0,0,0,0,0,0,0,0,0,0,0,0,0,0,0,0,0,0,0,0,0,0,0,0,0,0,0,0,0,0,0,0,0,0,0,0,0,0,0,0,0,0,0,0,0,0,0,0,0,0,0,0,0,0,0,0,0,0,0,0,0,0,0,0,0,0,0,0,0,0,0,0,0,0,0,0,0,0,0,0,0,0,0.394,0,0,0,0,0,0,0,0,0,0,0,0,0,0,0,0,0,0,0,0,0,0,0,0,0,0,0,0,0,0,0,0,0,0,0,0,0,0,0,0,0,0,0,0,0,0,0,0,0,0,0,0,0,0,0,0,0,0,0,0,0,0,0,0,0,0,0,0,0,0,0,0,0,0,0,0,0,0,0.481,0,0,0,0,0,0,0,0,0,0,0,0,0,0,0,0,0,0.163,0,0,0,0,0.903,0.323,0,0,0,0,0,0,0,0,0,0,0,0,0,0,0,0,0,0,0,0,0,0,0,0,0,0,0,0,0,0,0,0,0.445,0,0,0,0,0,0,0,0,0,0,0,0,0,0,0,0,0,0,0,0,0,0,0,0,0,0,0,0,0,0,0,0,0,0,0,0,0,0,0,0,0,0,0,0,0,0,0,0,0,0,0,0,0,0,0,0,0,0,0,0,0,0,0,0,0,0,0,0,0,0,0,0,0,0,0,0,0,0,0,0,0,0,0,0,0,0,0,0,0,0,0,0,0,0,0,0,0,0,0,0,0,0,0,0,0,0,0,0,0,0,0,0,0,0,0,0,0,0,0.682,0,0,0,0,0,0,0,0,0,0,0.964,0.222,0,0,0,0,0,0,0,0,0,0,0,0,0,0,0,0,0,0,0,0,0,0,0,0,0,0,0,0,0,0,0,0,0,0,0,0,0,0,0,0,0,0,0,0,0,1
856935,0,0,0,0,0,0,0,0,0,0,0,0,0,0,0,0,0,0,0,0,0,0,0,0,0,0,0,0,0,0,0,0,0,0,0,0,0,0,0,0,0,0,0,0,0,0,0,0,0,0,0,0,0,0,0,0,0,0,0,0,0,0,0,0,0,0,0,0,0,0,0,0,0,0,0,0,0,0,0,0,0,0,0,0,0,0,0,0,0,0,0,0,0,0,0,0,0,0,0,0,0,0,0,0,0,0,0,0,0,0,0,0,0,0,0,0,0,0,0,0,0,0,0,0,0,0,0,0,0,0,0,0,0,0,0,0,0,0,0,0,0,0,0,0,0,0,0,0,0,0,0,0,0,0,0,0,0,0,0,0,0,0,0,0,0,0,0,0,0,0,0,0,0,0,0,0,0,0,0,0,0,0,0,0,0,0,0,0,0,0,0,0,0,0,0,0,0,0,0,0,0,0,0,0,0,0,0,0,0,0,0,0,0,0,0,0,0,0,0,0,0,0,0,0,0,0,0,0,0,0,0,0,0,0,0,0,0,0,0,0,0,0,0,0,0,0,0,0,0,0,0,0,0,0,0,0,0,0,0,0,0,0,0,0,0,0,0,0,0,0,0,0,0,0,0,0,0,0,0,0,0,0,0,0,0.173,0,0,0,0,0,0,0,0,0,0,0,0,0,0,0,0,0,0,0,0,0,0,0,0,0,0,0,0,0,0,0,0,0,0,0,0,0,0,0,0,0,0,0,0,0,0,0,0,0,0,0,0,0,0,0,0,0,0,0,0,0,0,0,0,0,0,0,0,0,0,0,0,0,0,0,0,0,0,0,0,0,0,0,0,0,0,0,0,0,0,0,0,0,0,0,0,0,0,0,0,0,0,0,0,0,0,0,0,0,0,0,0,0.394,0,0,0,0,0,0,0,0,0,0,0,0,0,0,0,0,0.309,0,0,0,0,0,0,0,0,0,0,0,0,0,0,0,0,0,0,0,0,0,0,0,0,0,0,0,0,0,0,0,0,0,0,0,0,0,0,0,0,0,0,0,0,0,0,0,0,0,0,0,0,0,0,0,0,0,0,0,0,0,0,0,0,0,0,0,0,0,0,0,0,0,0,0,0,0,0,0,0,0,0,0,0,0,0,0,0,0,0,0,0.45,0,0,0,0,0,0,0,0,0,0,0,0,0,0,0,0,0,0,0,0,0,0,0,0,0,0,0,0,0,0,0,0,0,0,0,0,0,0,0,0,0,0,0,0,0,0,0,0,0,0,0,0,0,0,0,0,0,0,0,0,0,0,0,0,0,0,0,0,0,0,0,0,0,0,0,0,0,0,0,0.309,0,0,0,0,0,0,0,0,0,0,0,0,0,0,0,0,0,0,0,0,0,0,0,0,0,0,0,0,0,0,0,0,0,0,0,0,0,0,0,0,0,0,0,0,0.332,0,0,0,0,0,0,0,0,0,0,0,0,0.437,0,0,0,0,0,0,0,0,0,0,0,0,0,0,0,0,0,0,0,0,0,0,0,0,0,0,0,0,0,0,0,0,0,0,0,0,0,0,0,0,0,0,0,0,0,0,0,0,0,0,0,0,0,0,0,0,0,0,0,0,0,0,0,0,0,0,0,0,0,0,0,0,0,0,0,0,0,0,0,0,0,0,0,0,0,0,0,0,0,0,0,0,0.551,0,0,0,0,0.331,0,0.482,0,0.514,0,0,0,0,0,0,0,0,0,0,0,0,0,0,0,0,0,0,0,0,0,0,0,0,0,0,0,0,0,0,0,0,0,0,0,0,0,0,0,0,0,0,0,0,0,0,0,0,0,0,0,0,0,0,0,0,0,0,0,0,0,0,0,0,0,0,0,0,0,0,0,0,0,0,0,0,0,0,0,0,0,0,0,0,0,0,0,0,0,0,0,0,0,0,0,0,0,0,0.169,0,0,0,0,0,0,0,0,0,0,0,0,0,0,0,0,0,0,0,0,0,0,0,0,0,0,0,0,0,0,0,0,0,0,0,0,0,0,0,0,0,0,0,0,0,0,0,0,0,0,0,0,0,0,0,0,0,0,0,0,0,0,0,0,0,0,0,0,0,0,0,0,0,0,0,0,0,0,0,0,0,0,0,0,0,0,0,0,0,0,0,0.353,0,0,0,0,0,0,0,0,0,0,0,0,0,0,0,0,0,0,0,0,0,0,0.358,0,0,0,0,0,0,0,0.215,0,0,0,0,0,0,0,0,0,0,0,0,0,0,0,0,0,0,0,0,0,0,0,0,0,0,0,0,0,0,0,0,0,0,0,0,0,0,0,0,0,0,0,0,0,0,0,0,0,0,0,0,0,0,0,0,0,0,0,0,0,0,0,0,0,0,0,0,0,0,0,0,0,0,0,0,0,0,0,0,0,0,0,0,0,0,0,0,0,0,0,0,0,0,0,0,0,0,0,0,0,0,0,0,0,0,0,0,0,0,0,0,0,0,0,0,0,0,0,0,0,0,0,0,0,0,0,0,0,0,0,0,0,0,0,0,0,0,0,0,0,0,0,0,0,0,0,0,0,0,0,0,0,0,0,0,0,0,0,0,0,0,0,0,0,0,0,0,0,0,0,0,0,0,0,0,0,0,0,0,0,0,0,0,0,0,0,0,0,0,0,0,0,0,0,0,0,0,0,0,0,0,0,0,0,0,0,0,0,0,0,0,0,0,0,0,0,0,0,0,0,0,0,0,0,0,0,0,0,0,0,0,0,0,0,0,0,0,0,0,0,0,0,0,0,0,0,0,0,0,0,0,0,0,0,0,0,0,0,0,0,0,0,0,0,0,0,0,0,0,0,0,0,0,0,0,0,0,0,0,0,0,0,0,0,0,0,0,0,0,0,0,0,0,0,0,0,0,0,0,0,0,0,0,0,0,0,0,0,0,0,0,0,0,0,0,0,0,0,0,0,0,0,0,0,0,0,0,0,0,0,0,0,0,0,0,0,0,0,0,0,0,0,0,0,0,0,0,0,0,0,0,0,0,0,0,0,0,0,0,0,0,0,0,0,0,0,0,0,0,0,0,0,0,0,0,0,0,0,0,0,0,0,0,0,0,0,0,0,0,0,0,0,0,0,0,0,0,0,0,0,0,0,0,0,0,0,0,0,0,0,0,0,0,0,0,0,0,0,0,0,0,0,0,0,0,0,0,0,0,0,0,0,0,0,0,0,0,0,0,0,0,0,0,0,0,0,0,0,0,0,0,0,0,0,0,0,0,0,0,0,0,0,0,0,0,0,0,0,0,0,0,0,0,0,0,0,0,0,0,0,0,0,0,0,0,0,0,0,0,0,0,0,0,0,0,0,0,0,0,0,0,0,0,0,0,0,0,0,0,0,0,0,0,0,0,0,0,0,0,0,0,0,0,0,0,0,0,0,0,0,0,0,0,0,0,0,0,0,0,0,0,0,0,0,0,0,0,0,0,0,0,0,0,0,0,0,0,0,0,0,0,0,0,0,0,0,0,0,0,0,0,0,0,0,0,0,0,0,0,0,0,0,0,0,0,0,0,0,0,0,0,0,0,0,0,0,0,0,0,0,0,0,0,0,0,0,0,0,0,0,0,0,0,0,0,0,0,0,0,0,0,0,0,0,0,0,0,0,0,0,0,0,0,0,0,0,0,0,0,0,0,0,0,0,0,0,0,0,0,0,0,0,0,0,0,0,0,0,0,0,0,0,0,0,0,0,0,0,0,0,0,0,0,0,0,0,0,0,0,0,0,0,0,0,0,0,0,0,0,0,0,0,0,0,0,0,0,0,0,0,0,0,0,0,0,0,0,0,0,0,0,0,0,0,0,0,0,0,0,0,0,0,0,0,0,0,0,0,0,0,0,0,0,0,0,0,0,0,0,0,0,0,0,0,0,0,0,0,0,0,0,0,0,0,0,0,0,0,0,0,0,0,0,0,0,0,0,0,0,0,0,0,0,0,0,0,0,0,0,0,0,0,0,0,0,0,0,0,0,0,0,0,0,0,0,0,0,0,0,0,0,0,0,0,0,0,0,0,0,0,0,0,0,0,0,0,0,0,0,0,0,0,0,0,0,0,0,0,0,0,0,0,0,0,0,0,0,0,0,0,0,0,0,0,0,0,0,0,0,0,0,0,0,0,0,0,0,0,0,0,0,0,0,0,0,0,0,0,0,0,0,0,0,0,0,0,0,0,0,0,0,0,0,0,0,0,0,0,0,0,0,0,0,0,0,0,0,0,0,0,0,0,0,0,0,0,0,0,0,0,0,0,0,0,0,0,0,0,0,0,0,0,0,0,0,0,0,0,0,0,0,0,0,0,0,0,0,0,0,0,0,0,0,0,0,0,0,0,0,0,0,0,0,0,0,0,0,0,0,0,0,0,0,0,0,0,0,0,0,0,0,0,0,0,0,0,0,0,0,0,0,0,0,0,0,0,0,0,0,0,0,0,0,0,0,0,0,0,0,0,0,0,0,0,0,0,0,0,0,0,0,0,0,0,0,0,0,0,0,0,0,0,0,0,0,0,0,0,0,0,0,0,0,0,0,0,0,0,0,0,0,0,0,0,0,0,0,0,0,0,0,0,0,0,0,0,0,0,0,0,0,0,0,0,0,0,0,0,0,0,0,0,0,0,0,0,0,0,0,0,0,0,0,0,0,0,0,0,0,0,0,0,0,0,0.248,0,0,0,0,0,0,0,0,0,0,0,0,0,0,0,0,0,0,0,0,0,0,0,0,0,0,0,0,0,0,0,0,0,0,0,0,0,0,0,0,0,0,0,0,0,0,0,0,0,0,0,0,0,0,0,0,0,0,0,0,0,0,0,0,0,0,0,0,0,0,0,0,0,0,0,0,0,0,0,0,0,0,0,0,0,0,0,0,0,0,0,0,0,0,0,0,0,0,0,0,0,0,0,0,0,0,0,0,0,0,0,0,0,0,0,0,0,0,0,0,0,0,0,0,0,0,0,0,0,0,0,0,0,0,0,0,0,0,0,0,0,0,0,0,0,0,0,0,0,0,0,0,0,0,0,0,0,0,0,0,0,0,0,0,0,0,0,0,0,0,0,0,0,0,0,0,0,0,0,0,0,0,0,0,0,0,0,0,0,0,0,0,0,0,0,0,0,0,0,0,0,0,0,0,0,0,0,0,0,0,0,0,0,0,0,0,0,0,0,0,0,0,0,0,0,0,0,0,0,0,0,0,0,0,0,0,0,0,0,0,0,0,0,0,0,0,0,0,0,0,0,0,0,0,0,0,0,0,0,0,0,0,0,0,0,0,0,0,0,0,0,0,0,0,0,0,0,0,0,0,0,0,0,0,0,0,0,0,0,0,0,0,0,0,0,0,0,0,0,0,0,0,0,0,0,0,0,0,0,0,0,0,0,0,0,0,0,0,0,0,0,0,0,0,0,0,0,0,0,0,0,0,0,0,0,0,0,0,0,0,0,0,0,0,0,0,0,0,0,0,0,0,0,0,0,0,0,0,0,0,0,0,0,0,0,0,0,0,0,0,0,0,0,0,0,0,0,0,0,0,0,0,0,0,0,0,0,0,0,0,0,0,0,0,0,0,0,0,0,0,0,0,0,0,0,0,0,0,0,0,0,0,0,0.194,0,0,0,0,0,0,0,0,0,0,0,0,0,0,0,0,0,0,0,0,0,0,0,0,0,0,0,0,0,0,0,0,0,0,0,0.683,0,0,0,0,0,0,0,0,0,0,0,0,0,0,0,0,0,0,0,0,0,0,0,0,0,0,0,0,0,0,0,0,0,0,0,0,0,0,0,0,0,0,0,0,0,0,0,0,0,0,0,0,0,0,0,0,0,0,0,0,0,0,0,0,0,0,0,0,0,0,0,0,0,0,0,0,0,0,0,0,0,0,0,0,0,0,0,0,0,0,0,0,0,0,0,0,0,0,0,0,0,0,0,0,0,0,0,0,0,0,0,0,0,0,0,0,0,0,0,0,0,0,0,0,0,0,0,0,0,0,0,0,0,0,0,0,0,0,0,0,0,0,0,0,0,0,0,0,0,0,0,0,0,0,0,0,0,0,0,0,0,0,0,0,0,0,0,0,0,0,0,0,0,0,0,0,0,0,0,0,0,0,0,0,0,0,0,0,0,0,0,0,0,0,0,0,0,0,0,0,0,0,0,0,0,0,0,0,0,0,0,0,0,0,0,0,0,0,0,0,0,0,0,0,0,0,0,0,0,0,0,0,0,0,0,0,0,0,0,0,0,0,0,0,0,0,0,0,0,0,0,0,0,0,0,0,0,0,0,0,0,0,0,0,0,0,0,0,0,0,0,0,0,0,0,0,0,0,0,0,0,0,0,0,0,0,0,0,0,0,0,0,0,0,0,0,0,0,0,0,0,0,0,0,0,0,0,0,0,0,0,0,0,0,0,0,0,0,0,0,0,0,0,0,0,0,0,0,0,0,0,0,0,0,0,0,0,0,0,0,0,0,0,0,0,0,0,0,0,0,0,0,0,0,0,0,0,0,0,0,0,0,0,0,0,0,0,0,0,0,0,0,0,0,0,0,0,0,0,0,0,0,0,0,0,0,0,0,0,0,0,0,0,0,0,0,0,0,0,0,0,0,0,0,0,0,0,0,0,0,0,0,0,0,0,0,0,0,0,0,0,0,0,0,0,0,0,0,0,0,0,0,0,0,0,0,0,0,0,0,0.276,0,0,0,0,0,0,0,0,0,0,0,0,0,0,0,0,0,0,0,0,0,0,0,0,0,0,0,0,0,0,0,0,0,0,0,0,0,0,0,0,0,0,0,0,0,0,0,0,0,0,0,0,0,0,0,0,0,0,0,0,0,0,0,0,0,0,0,0,0.29,0,0,0,0,0,0,0,0,0,0,0,0,0,0,0,0,0,0,0,0,0,0,0.232,0,0,0,0,0,0,0,0,0,0,0,0,0,0,0,0,0,0,0,0,0,0,0,0,0,0,0,0,0,0,0,0,0,0,0,0,0,0,0,0,0,0,0,0,0,0,0,0,0,0,0,0,0,0,0,0,0,0,0,0,0,0,0,0,0,0,0,0,0,0,0,0,0,0,0,0,0,0,0,0,0,0,0,0,0,0,0,0,0,0,0,0,0,0,0,0,0,0,0,0,0,0,0,0,0,0,0,0,0,0,0,0,0,0,0,0,0,0,0,0,0,0,0,0,0,0,0,0,0,0,0,0,0,0,0,0,0,0,0,0,0,0,0,0,0,0,0,0,0,0,0,0,0,0,0,0,0,0,0,0,0,0,0,0,0,0,0,0,0,0,0,0,0,0,0,0,0,0,0,0,0,0,0,0,0,0,0,0,0,0,0,0,0,0,0,0,0,0,0,0,0,0,0,0,0,0,0,0,0,0,0,0,0,0,0,0,0,0,0,0,0,0,0,0,0,0,0,0,0,0,0,0,0,0,0,0,0,0,0,0,0,0,0,0,0,0,0,0,0,0,0,0,0,0,0,0,0,0,0,0,0,0,0,0,0,0,0,0,0,0,0,0,0,0,0,0,0,0,0,0,0,0,0,0,0,0,0,0,0,0,0,0,0,0,0,0,0,0,0,0,0,0,0,0,0,0,0,0,0,0,0,0,0,0,0,0,0,0,0,0,0,0,0,0,0,0,0,0,0,0,0,0,0,0,0,0,0,0,0,0,0,0,0,0,0,0,0,0,0,0,0,0,0,0,0,0,0,0,0,0,0,0,0,0,0,0,0,0,0,0,0,0,0,0,0,0,0,0,0,0,0,0,0,0,0,0,0,0,0,0,0,0,0,0,0,0,0,0,0,0,0,0,0,0,0,0,0,0,0,0,0,0,0,0,0,0,0,0,0,0,0,0,0,0,0,0,0,0,0,0,0,0,0,0,0,0,0,0,0,0,0,0,0,0,0,0,0,0,0,0,0,0,0,0,0,0,0,0,0,0,0,0,0,0,0,0,0,0,0,0,0,0,0,0,0,0,0,0,0,0,0,0,0,0,0,0,0,0,0,0,0,0,0,0,0,0,0,0,0,0,0,0,0,0,0,0,0,0,0,0,0,0,0,0,0,0,0,0,0,0,0,0,0,0,0,0,0,0,0,0,0,0,0,0,0,0,0,0,0,0,0,0,0,0,0,0,0,0,0,0,0,0,0,0,0,0,0,0,0,0,0,0,0,0,0,0,0,0,0,0,0,0,0,0,0,0,0,0,0,0,0,0,0,0,0,0,0,0,0,0,0,0,0,0,0,0,0,0,0,0,0,0,0,0,0,0,0,0,0,0,0,0,0,0,0,0,0,0,0,0,0,0,0,0,0,0,0,0,0,0,0,0,0,0,0,0,0,0,0,0,0,0,0,0,0,0,0,0,0,0,0,0,0,0,0,0,0,0,0,0,0,0,0,0,0,0,0,0,0,0,0,0,0,0,0,0,0,0,0,0,0,0,0,0,0,0,0,0,0,0,0,0,0,0,0,0,0,0,0,0,0,0,0,0,0,0,0,0,0,0,0,0,0,0,0,0,0,0,0,0,0,0,0,0,0,0,0,0,0,0,0,0,0,0,0,0,0,0,0,0,0,0,0,0,0,0,0,0,0,0,0,0,0,0,0,0,0,0,0,0,0,0,0,0,0,0,0,0,0,0,0,0,0,0,0,0,0,0,0,0,0,0,0,0,0,0,0,0,0,0,0,0,0,0,0,0,0,0,0,0,0,0,0,0,0,0,0,0,0,0,0,0,0,0,0,0,0,0,0,0,0,0,0,0,0,0,0,0,0,0,0,0,0,0,0,0,0,0,0,0,0,0,0,0,0,0,0,0,0,0,0,0,0,0,0,0,0,0,0,0,0,0,0,0,0,0,0,0,0,0,0,0,0,0,0,0,0,0,0,0,0,0,0,0,0,0,0,0,0,0,0,0,0,0,0,0,0,0,0,0,0,0,0,0,0,0,0,0,0,0,0,0,0,0,0,0,0,0,0,0,0,0,0,0,0,0,0,0,0,0,0,0,0,0,0,0,0,0,0,0,0,0,0,0,0,0,0,0,0,0,0,0,0,0,0,0,0,0,0,0,0,0,0,0,0,0,0,0,0,0,0,0,0,0,0,0,0,0,0,0,0,0,0,0,0,0,0,0,0,0,0,0,0,0,0,0,0,0,0,0,0,0,0,0,0,0,0.284,0,0,0,0,0,0,0,0,0,0,0,0,0,0,0,0,0,0,0,0,0,0,0,0,0,0,0,0,0,0,0,0,0,0,0,0,0,0,0,0,0,0,0,0,0,0,0,0,0,0,0,0,0,0,0,0,0,0,0,0,0,0,0,0,0,0,0,0,0,0,0,0,0,0,0,0,0,0,0,0,0,0,0,0,0,0,0,0,0,0,0,0,0,0,0,0,0,0,0,0,0,0,0,0,0,0,0,0,0,0,0,0,0,0,0,0,0,0,0,0,0,0,0,0,0,0,0,0,0,0,0,0,0,0,0,0,0,0,0,0,0,0,0,0,0,0,0,0,0,0,0,0,0,0,0,0,0,0,0,0,0,0,0,0,0,0,0,0,0,0,0,0,0,0,0,0,0,0,0,0,0,0,0,0,0,0,0,0,0,0,0,0,0,0,0,0,0,0,0,0,0,0,0,0,0,0,0,0,0,0,0,0,0,0,0,0,0,0,0,0
852335,0,0,0,0,0,0,0,0,0,0,0,0,0,0,0,0,0,0,0,0,0,0,0,0,0,0.434,0,0,0,0,0,0,0,0,0,0,0,0,0,0,0,0,0,0,0,0,0,0,0,0,0,0,0,0,0,0.198,0,0,0,0,0,0,0,0,0,0,0.154,0,0,0,0,0,0,0,0,0,0,0,0,0,0.231,0,0,0,0,0,0,0.248,0,0,0,0,0.177,0,0,0,0,0.2,0,0,0,0,0,0,0.271,0,0,0,0,0,0,0,0,0,0,0,0,0,0,0,0,0,0,0,0,0,0,0,0,0,0,0.153,0,0,0,0,0,0,0,0,0,0,0,0,0,0,0,0,0.171,0,0,0,0,0,0,0,0,0,0,0,0,0,0,0,0.263,0,0,0,0,0,0,0,0.363,0,0,0,0,0,0,0,0,0,0,0,0.222,0,0,0,0,0,0,0,0,0,0,0,0,0,0,0,0,0,0,0,0,0,0,0,0,0,0,0,0.166,0,0,0.428,0,0,0,0,0,0,0,0,0,0,0,0.192,0,0,0,0,0,0,0,0,0.171,0,0,0,0,0,0,0,0,0,0,0,0,0,0,0,0,0,0.208,0,0,0,0,0,0,0,0,0,0,0,0,0.158,0,0,0,0,0,0,0,0,0,0,0,0,0,0,0,0,0,0,0,0,0,0,0,0,0,0,0,0,0,0,0,0.666,0,0,0,0,0,0,0,0,0,0,0,0,0,0,0,0,0,0,0,0,0,0,0,0,0.201,0,0,0,0,0,0,0,0,0,0.194,0,0,0,0,0,0,0,0,0,0,0,0,0,0,0,0,0,0,0,0,0,0,0,0,0,0,0,0,0,0,0,0,0,0,0,0,0.19,0,0,0,0,0,0,0.289,0,0,0,0,0,0,0,0,0,0,0,0,0,0,0,0,0,0,0,0,0,0,0,0,0,0,0,0,0,0,0,0,0,0,0,0,0,0,0,0,0,0,0,0,0,0,0,0,0,0,0,0,0,0,0,0,0,0,0,0,0,0,0,0,0,0,0,0,0,0,0,0,0,0,0,0,0,0,0,0,0,0,0,0.25,0,0,0,0,0.161,0,0,0,0,0,0,0,0,0,0,0,0,0,0,0,0.288,0,0,0,0,0,0.232,0,0,0,0,0,0,0,0,0,0,0,0,0.203,0,0,0,0,0,0,0,0,0,0,0,0,0.161,0,0,0,0,0,0,0,0,0,0,0,0,0,0,0,0,0,0,0,0,0,0,0,0,0.294,0,0,0.196,0,0,0,0,0,0.152,0,0,0,0,0,0,0,0,0,0,0,0,0,0,0,0,0,0,0,0,0,0,0,0,0,0.231,0,0,0,0,0,0,0,0,0,0,0,0,0,0,0,0,0,0,0,0,0,0,0,0,0,0,0,0,0,0,0,0,0,0,0,0,0,0,0,0,0,0,0,0,0,0,0,0,0,0,0,0,0,0,0,0,0,0,0,0,0,0.158,0.272,0,0,0,0,0.159,0,0,0,0,0,0,0,0,0,0,0.171,0,0,0,0,0,0.161,0,0,0,0,0.181,0,0,0,0,0,0,0,0,0,0,0,0,0,0,0,0,0,0,0,0,0,0,0,0,0,0,0,0,0,0,0,0,0,0,0,0,0,0,0,0,0,0,0,0,0,0,0,0,0,0,0,0,0,0,0.412,0,0,0.158,0,0,0,0,0,0,0,0,0,0,0,0,0,0,0,0,0,0,0,0,0,0,0,0,0,0,0,0,0,0,0,0,0,0,0,0,0,0,0,0,0,0.179,0,0,0,0,0,0,0,0,0,0.654,0,0,0,0,0,0,0,0,0,0.181,0,0,0,0,0,0,0,0,0,0,0,0,0,0,0,0,0.171,0,0,0,0,0,0,0,0.555,0,0,0,0,0,0,0,0,0,0,0,0,0,0,0,0,0,0,0,0,0,0,0,0,0,0,0,0,0,0,0.15,0,0,0,0,0,0,0,0,0,0,0,0,0,0,0,0,0.156,0,0,0,0,0,0,0.235,0.266,0,0,0,0,0,0,0,0,0,0,0,0.198,0,0,0.184,0,0,0,0,0,0.229,0,0,0,0,0,0,0,0,0,0,0,0,0,0,0,0,0,0,0,0,0,0,0,0,0,0,0,0,0,0,0,0,0,0,0,0,0,0,0,0,0,0,0,0,0,0.171,0,0,0,0,0,0,0,0,0,0,0,0,0,0,0,0,0,0,0,0,0,0,0,0,0,0,0,0,0,0,0,0,0,0,0,0,0,0,0,0,0,0,0.171,0,0,0,0,0.336,0.193,0.194,0,0.737,0,0,0,0,0.448,0,0,0.61,0,0,0,0,0,0,0,0.171,0,0,0,0.201,0,0,0,0.394,0,0,0.258,0,0,0,0,0,0,0,0,0,0,0,0,0,0,0,0,0,0,0,0,0,0,0,0,0,0,0,0,0.428,0,0,0,0,0,0,0,0,0,0,0,0.15,0,0,0,0,0,0,0.392,0,0,0,0.238,0,0,0,0,0,0,0,0,0,0,0,0,0,0,0,0,0,0,0,0.229,0,0,0,0,0,0,0,0,0,0,0,0,0,0,0,0,0,0,0,0,0,0,0,0,0,0,0,0,0,0,0,0,0,0,0,0,0,0.232,0,0,0,0.313,0,0.161,0,0,0,0,0,0,0,0,0,0,0,0,0,0,0,0,0,0,0,0,0,0,0,0,0,0,0,0,0,0,0,0,0,0,0,0,0,0,0,0,0,0,0,0,0,0,0,0,0,0,0,0,0,0,0,0,0.229,0,0,0,0,0,0,0,0,0,0,0,0,0,0,0,0,0,0,0,0,0,0,0,0,0,0,0,0,0,0,0,0,0,0,0,0.307,0,0,0,0,0,0,0,0,0.171,0,0,0,0,0,0,0,0,0,0,0,0,0,0,0,0,0,0,0,0,0,0,0,0,0,0,0,0,0,0,0,0,0,0,0,0,0,0,0,0,0,0,0,0,0,0,0,0,0,0,0,0,0,0,0,0,0,0,0,0,0,0,0,0,0,0,0,0,0,0,0,0,0,0,0,0,0,0,0,0,0,0,0,0,0.251,0,0,0,0,0,0,0,0,0,0,0,0,0,0,0,0.156,0,0,0.154,0,0,0,0,0,0,0,0,0,0,0,0,0,0,0,0,0,0,0,0,0,0.228,0,0,0,0,0,0,0,0.177,0,0,0,0,0,0,0,0,0,0,0,0,0,0,0,0,0,0,0,0,0,0,0,0,0,0,0,0,0,0,0,0,0.162,0,0,0,0,0,0,0,0,0,0,0,0,0.172,0,0,0,0,0,0,0,0,0,0,0,0.241,0,0,0,0,0,0,0,0,0,0,0,0,0,0,0,0,0,0,0,0.193,0,0,0.284,0,0,0,0,0,0,0,0,0,0,0,0,0,0,0,0,0,0.176,0,0,0,0,0,0,0,0,0,0,0,0,0,0,0,0,0,0,0,0,0,0,0,0,0,0,0,0,0,0,0,0,0,0,0,0,0,0.19,0,0,0,0,0,0,0,0,0.173,0,0,0,0,0,0,0,0,0,0,0,0,0,0,0,0,0,0,0,0,0.276,0,0,0,0,0,0,0,0,0,0,0,0,0,0,0,0,0,0,0,0,0,0,0.175,0.276,0,0,0.223,0,0,0,0,0.151,0,0,0,0,0,0,0,0,0,0.153,0,0,0,0,0.762,0,0,0,0,0,0,0,0,0,0,0,0,0,0,0,0,0,0,0,0,0,0,0,0,0,0.167,0,0,0,0,0,0,0,0,0,0,0,0,0,0,0,0.161,0,0,0,0,0,0,0,0,0,0,0,0,0,0,0,0,0,0,0,0,0,0,0,0,0,0,0,0,0,0,0,0,0,0,0,0,0,0,0,0,0,0,0,0,0,0,0,0,0,0,0,0,0,0,0,0,0,0,0,0,0,0,0,0,0,0,0,0,0,0,0,0,0,0,0,0,0,0,0,0,0,0,0,0,0,0,0,0,0,0,0,0,0,0,0,0,0,0,0,0,0,0,0,0,0,0,0,0,0,0,0,0,0,0,0,0,0,0,0,0,0,0,0,0,0,0,0,0,0,0,0,0,0,0,0,0,0,0,0,0,0,0,0,0,0,0,0,0,0,0,0,0,0,0,0,0,0,0,0,0,0,0,0,0,0,0,0,0,0,0,0,0,0,0,0,0,0,0,0,0,0,0,0,0,0,0,0,0,0,0,0,0,0,0,0,0,0,0,0,0,0,0,0,0,0,0,0,0,0,0,0,0,0,0,0,0,0,0,0,0,0,0,0,0,0,0,0,0,0,0,0,0,0,0,0,0,0,0,0,0,0,0,0,0,0,0,0,0,0,0,0,0,0,0,0,0,0,0,0,0,0,0,0.26,0.292,0,0,0,0,0,0,0,0.237,0,0,0,0,0.263,0,0.277,0,0,0.192,0,0,0,0,0,0,0,0,0,0,0,0,0,0.214,0,0.171,0.232,0,0,0.194,0,0,0,0,0,0,0,0,0,0,0,0,0,0.183,0,0,0,0.212,0,0,0,0,0.193,0,0,0.303,0,0,0,0,0.539,0,0,0,0,0,0,0,0,0,0,0,0,0,0.15,0.226,0.385,0,0.207,0,0,0,0,0,0.431,0,0.357,0.541,0,0,0,0,0,0,0,0,0,0,0,0,0,0,0,0,0,0,0.678,0,0,0,0,0,0,0,0,0,0.434,0,0,0,0,0,0,0,0,0,0,0,0,0.226,0,0,0,0,0,0,0,0,0,0,0,0,0,0.553,0,0,0,0,0,0.153,0,0,0,0,0,0,0,0,0,0,0,0,0,0,0,0,0.203,0.156,0,0,0,0,0,0,0,0,0,0.188,0,0,0,0,0,0,0,0,0,0,0,0,0,0,0,0,0,0,0,0,0,0,0,0,0,0,0,0,0,0,0,0,0,0,0,0,0,0,0,0,0,0,0,0,0,0,0,0,0,0,0,0,0,0,0,0,0,0,0,0,0,0,0,0,0,0,0,0,0,0,0,0,0,0,0,0,0,0,0,0,0,0,0,0,0,0,0,0,0,0,0,0,0,0,0,0,0,0,0,0,0,0,0,0,0,0,0,0,0,0,0.161,0,0,0,0,0,0,0,0,0,0,0,0,0,0,0,0,0,0,0,0,0,0,0,0,0.226,0,0,0,0,0,0,0,0,0,0,0,0,0,0,0,0,0,0,0,0.169,0,0.227,0,0,0,0,0,0,0,0,0,0,0,0,0,0,0,0,0,0,0,0,0,0,0,0,0,0,0,0,0,0,0,0,0.185,0,0,0,0,0.157,0,0,0,0,0.2,0,0,0,0,0,0,0,0,0,0,0,0,0,0,0,0,0,0,0,0,0,0,0,0,0,0,0,0.157,0,0,0,0,0,0,0,0,0,0,0.538,0,0,0,0,0,0,0,0,0,0,0,0,0,0,0,0,0.164,0,0,0,0,0,0,0,0.537,0,0,0,0.469,0,0,0,0,0,0,0,0,0,0,0,0,0,0,0,0,0.2,0,0,0,0,0,0,0,0,0,0,0,0,0,0,0,0,0,0,0,0,0,0,0,0,0,0,0,0,0,0,0,0,0,0,0,0,0,0,0,0,0,0,0,0,0,0,0,0,0,0,0,0,0,0,0,0,0,0,0,0,0,0,0,0,0,0,0,0,0,0,0,0.179,0,0,0,0,0,0,0,0,0,0,0,0,0,0,0,0,0,0,0,0,0,0,0,0,0,0,0,0,0,0,0,0,0,0,0,0,0,0,0,0,0,0,0,0,0,0,0,0.219,0,0,0,0,0,0,0,0,0,0,0,0,0,0,0,0,0,0,0,0,0,0,0,0,0,0,0,0,0,0,0,0,0,0,0,0,0,0,0,0,0,0,0,0,0,0,0,0,0,0,0,0,0,0,0,0,0,0,0,0,0,0,0,0,0,0,0,0,0,0,0,0,0,0,0,0,0,0.37,0,0,0,0,0,0,0,0,0,0,0,0,0,0,0,0,0,0,0,0,0,0,0,0,0,0,0,0,0,0,0,0,0,0,0,0,0,0,0,0,0,0,0,0,0,0,0,0,0,0,0,0,0,0,0,0,0,0,0,0.446,0,0,0.216,0.196,0,0,0,0,0,0,0,0,0,0,0,0,0,0,0,0,0,0,0,0,0,0,0,0,0,0,0,0.249,0,0,0,0,0,0,0,0,0,0,0,0,0,0,0,0,0,0,0,0,0.28,0,0,0,0,0,0,0,0,0,0,0,0,0,0,0,0,0,0,0,0,0,0,0,0,0,0,0,0,0,0,0,0.518,0,0,0,0,0,0,0,0,0,0,0,0,0,0,0,0,0,0,0,0,0,0,0,0,0,0,0,0,0,0,0,0,0,0,0,0,0,0,0,0,0,0,0,0,0,0,0,0,0,0,0,0,0,0,0.162,0,0,0,0,0,0,0,0,0,0,0,0,0,0,0,0.345,0,0,0,0,0,0,0,0.259,0,0,0,0.169,0,0,0,0,0,0,0,0,0,0,0,0,0,0,0,0,0,0,0,0,0,0,0,0,0,0,0,0,0,0,0,0,0,0,0,0,0,0,0,0,0,0,0,0,0,0,0,0,0,0,0,0.226,0,0,0,0,0,0,0,0,0,0,0,0,0,0,0.232,0,0,0,0,0,0,0,0,0,0,0,0,0,0,0,0,0,0,0,0,0,0,0,0,0,0,0,0,0,0,0,0,0,0,0,0.226,0,0,0.19,0.177,0,0,0,0,0.285,0,0,0,0,0,0,0,0.19,0,0,0,0,0,0,0,0,0,0,0,0,0,0,0,0,0,0,0,0.192,0,0,0,0,0,0,0,0,0,0,0,0,0,0,0,0,0,0,0,0,0,0,0,0,0,0,0,0,0,0,0,0,0,0,0,0,0,0,0,0,0,0,0,0,0,0,0,0,0,0,0,0,0,0,0,0,0,0,0,0,0,0,0,0,0,0,0,0,0,0,0,0,0,0.271,0,0,0,0,0,0,0.224,0,0,0,0,0,0,0,0,0,0,0,0,0,0.547,0,0,0,0,0,0,0,0,0,0,0,0,0,0,0,0,0,0.212,0,0,0,0,0,0,0,0,0.274,0,0.378,0,0,0,0,0,0,0,0.165,0,0,0,0,0,0,0,0,0,0,0,0,0.298,0.401,0.185,0,0.255,0,0,0,0,0.256,0,0,0,0,0,0.291,0.184,0,0,0.283,0,0,0,0,0,0,0.162,0,0,0,0,0,0,0,0,0,0,0.553,0,0,0,0,0,0.194,0,0,0.769,0.332,0.489,0,0,0,0,0,0,0,0,0.187,0,0,0,0,0,0,0,0.235,0,0,0,0.153,0,0,0.263,0,0.214,0,0,0.214,0.411,0,0,0,0.235,0,0,0,0,0,0,0,0,0,0,0,0,0,0,0,0,0,0,0.155,0,0,0,0,0,0,0,0,0,0,0,0,0,0.387,0,0,0,0,0,0,0,0,0,0,0,0,0.51,0,0,0,0,0,0,0,0,0,0,0,0,0,0,0,0,0,0,0,0,0.194,0,0,0,0,0,0,0,0.249,0.179,0,0,0.158,0,0,0.343,0,0,0,0,0,0,0,0,0,0,0,0,0.253,0,0,0,0,0,0,0,0,0,0,0,0,0,0,0,0,0,0,0,0,0,0,0,0,0,0,0,0,0,0,0,0,0,0,0,0,0,0,0,0,0,0,0,0.217,0,0,0,0,0.24,0.245,0.204,0,0,0,0,0,0,0,0,0,0,0.564,0,0,0,0.228,0,0,0,0,0,0,0,0,0.636,0,0,0,0,0,0,0,0,0,0,0,0,0,0,0,0,0,0,0,0.214,0,0,0,0,0,0,0,0,0,0,0,0,0,0,0,0,0,0,0.347,0,0,0,0,0.197,0.238,0,0,0,0,0.201,0,0,0,0,0,0,0,0,0,0,0,0,0.333,0.346,0,0,0,0,0,0,0,0,0,0.193,0.49,0,0,0,0,0,0,0,0,0,0.161,0,0,0.447,0,0,0,0,0,0,0,0,0.199,0,0.376,0,0,0,0,0,0,0,0,0,0,0,0,0,0,0,0,0,0,0,0,0,0,0,0,0,0,0,0,0,0,0,0,0,0,0,0,0,0,0,0.337,0,0,0,0,0,0,0,0,0,0,0,0,0,0,0,0,0,0,0,0,0,0,0,0,0,0,0.184,0,0,0,0,0,0,0,0,0,0,0,0,0,0,0,0,0,0,0,0,0,0,0,0,0,0,0,0,0,0,0,0,0,0,0,0,0,0,0,0,0,0,0,0,0,0,0,0,0,0.472,0,0,0,0,0,0,0,0,0,0,0.177,0,0,0,0.15,0,0,0,0,0,0,0,0,0,0,0,0,0,0,0,0.253,0,0,0,0,0,0,0,0.204,0.249,0,0,0,0,0.171,0,0.173,0.237,0,0.362,0,0,0,0,0,0,0,0,0,0,0,0,0,0,0,0,0,0,0,0,0,0,0,0,0,0,0,0,0,0,0,0,0,0,0,0,0,0,0,0,0,0,0,0,0.193,0,0,0,0,0,0,0,0,0,0,0,0,0,0,0,0,0,0.26,0,0,0,0,0,0,0,0,0,0,0,0,0,0.154,0,0,0.255,0,0,0,0,0,0,0,0,0,0,0,0,0,0,0,0,0,0,0,0,0,0,0,0,0,0,0,0,0,0,0,0,0,0,0,0,0.485,0,0,0,0,0,0,0,0,0,0,0,0,0,0,0,0,0,0,0,0,0,0,0,0,0,0,0,0,0,0,0,0,0,0,0,0,0,0,0,0,0.406,0,0,0,0,0,0,0,0,0,0,0,0,0,0,0,0,0,0,0,0,0,0,0,0,0,0,0,0,0,0,0,0,0,0,0,0,0,0,0,0,0,0,0,0,0,0,0,0,0.247,0,0.222,0,0.167,0,0,0,0,0,0,0,0,0,0,0,0,0,0,0,0,0.259,0,0,0,0,0,0,0,0,0,0,0,0,0,0,0,0,0,0,0,0,0,0.358,0,0,0,0,0,0,0,0,0,0,0,0,0,0,0,0,0,0,0,0,0,0,0,0,0,0,0,0,0,0,0,0,0,0,0,0,0,0,0,0,0,0,0,0,0,0,0,0,0,0,0,0,0,0,0,0.39,0,0,0,0,0,0,0,0,0,0,0,0,0,0,0,0,0,0,0,0,0,0,0,0,0,0,0,0,0,0,0,0,0,0,0,0,0,0,0,0,0,0,0,0,0,0,0,0,0,0,0,0,0,0,0,0,0,0,0,0,0,0,0,0,0,0,0,0,0,0,0,0,0,0,0,0,0.235,0,0,0,0,0,0,0,0,0,0,0,0,0,0,0,0,0,0,0,0,0,0,0,0,0,0,0,0,0,0,0,0,0,0,0,0,0,0,0,0,0,0,0,0,0,0,0.459,0,0,0,0,0,0,0,0,0,0,0,0,0,0,0,0,0,0,0,0,0,0,0,0,0,0,0,0,0,0,0,0,0,0,0,0,0,0,0,0,0,0,0,0,0,0,0,0,0,0,0,0,0,0,0,0,0,0,0,0,0,0,0,0,0,0,0,0,0,0,0,0,0,0,0,0,0,0,0,0,0,0,0,0,0,0,0,0,0,0,0,0,0,0,0,0,0,0,0,0,0,0,0,0,0,0,0,0.193,0,0,0,0,0,0,0,0,0,0,0,0,0,0,0,0,0,0,0,0,0,0.166,0,0,0,0,0,0,0,0,0,0,0,0,0,0,0,0,0,0,0,0,0,0,0,0,0,0,0,0,0,0,0,0,0.163,0,0,0,0,0,0,0,0,0,0,0,0,0,0,0,0,0,0,0,0,0,0,0,0,0,0,0,0,0,0,0,0,0,0,0,0,0,0,0,0,0,0,0,0,0,0,0,0,0,0,0.216,0.171,0,0,0,0,0,0,0,0,0,0,0,0,0,0,0,0,0,0,0,0,0,0,0,0,0,0,0,0,0,0,0,0,0,0,0,0,0,0,0,0,0,0,0,0
853303,0,0,0.219,0,0,0,0.67,0,0,0,0.15,0,0,0,0,0.286,0,0,0.581,0.807,0,0,0,0,0,0,0.551,0,0,0,0,0.276,0,0,0,0,0,0,0,0,0,0,0,0,0,0,0,0,0.486,0,0,0.555,0,0,0,0.208,0,0,0.195,0,0,0,0,0,0.326,0,0,0,0,0,0.683,0,0,0,0.201,0.15,0.182,0.423,0,0,0.152,0,0,0,0,0.266,0,0,0,0,0.277,0,0,0.195,0.4,0.222,0,0,0.395,0,0,0,0,0,0.153,0,0,0,0,0,0,0,0.193,0,0,0,0,0.393,0,0,0,0.195,0.998,0,0,0,0,0.37,0,0,0,0,0,0,0,0,0,0,0.531,0,0.693,0.319,0.193,0,0,0,0,0,0,0,0.29,0,0,0,0,0.401,0,0,0,0,0,0,0,0.287,0.393,0,0,0,0,0.21,0,0,0,0,0,0,0,0,0,0.273,0,0,0,0,0,0,0,0,0.193,0.264,0.169,0,0,0,0,0.295,0.284,0,0,0,0,0,0.251,0,0,0.254,0.587,0,0,0,0,0,0,0.204,0,0,0,0,0.166,0,0.861,0,0,0.241,0,0,0,0,0.331,0.946,0,0,0.186,0.177,0.321,0.229,0.552,0.193,0,0,0,0,0,0.288,0.436,0,0,0,0,0,0,0.275,0,0,0,0,0,0,0,0.292,0,0,0,0,0.162,0,0,0,0,0,0,0,0,0.303,0,0.987,0,0,0,0.15,0,0,0.502,0,0,0.216,0,0.97,0,0.306,0,0,0,0,0,0.311,0,0.394,0,0,0.426,0,0,0.598,0,0,0.274,0,0,0.641,0,0,0.181,0,0.978,0,0,0,0,0.817,0,0,0.902,0,0,0.393,0,0.312,0.228,0.388,0,0.228,0,0.423,0,0,0.192,0,0,0,0,0,0,0.548,0,0.193,0.229,0,0,0,0.242,0,0,0,0,0,0.217,0,0,0,0,0.171,0,0.245,0,0,0.2,0,0.256,0.343,0.26,0.917,0,0,0,0,0.345,0,0,0,0,0,0,0.255,0,0,0,0.206,0.449,0,0.166,0,0,0,0,0,0.68,0,0.207,0,0.199,0,0,0,0.451,0,0,0,0,0.952,0,0.376,0,0.164,0,0.238,0,0,0,0,0.348,0,0,0,0,0.466,0,0,0,0,0,0,0,0,0,0,0.226,0,0,0,0,0,0,0,0,0,0,0,0,0,0.54,0,0.473,0.315,0,0,0,0.249,0,0.209,0,0.345,0,0,0,0.202,0,0,0,0,0,0,0,0.518,0,0.188,0,0,0,0.239,0,0,0,0,0,0,0,0,0,0.151,0,0.452,0,0,0.545,0,0,0.794,0.366,0,0,0,0,0.181,0,0,0,0.16,0.501,0,0,0,0,0,0,0,0.442,0,0.162,0,0,0,0,0,0,0.611,0,0,0,0,0,0,0,0,0,0,0,0,0.253,0,0.17,0,0,0,0.232,0.159,0,0,0.288,0.167,0.234,0,0,0,0,0,0,0,0,0,0,0,0,0,0,0.727,0.222,0,0,0,0,0.165,0,0,0,0,0,0,0,0,0,0,0,0,0,0,0.156,0,0,0,0,0,0,0.236,0,0,0.775,0.425,0,0,0.18,0,0.23,0.817,0.327,0.258,0,0,0.169,0,0,0,0,0.361,0.95,0,0,0.538,0.177,0,0.656,0,0,0,0.191,0.82,0,0.579,0.248,0,0,0,0,0.288,0.602,0,0.189,0,0,0,0,0.22,0,0,0,0,0,0.326,0.176,0,0,0,0,0,0.498,0,0,0,0,0,0,0,0,0,0.249,0,0,0,0,0.19,0.155,0,0,0.184,0,0,0,0,0,0,0,0,0,0,0,0,0.374,0.18,0,0,0.303,0,0,0,0,0,0,0,0,0,0.188,0,0,0,0.262,0,0.191,0.185,0,0,0,0,0,0,0,0,0.198,0.531,0.9,0,0,0,0,0,0,0.16,0,0,0,0.525,0,0,0.212,0,0,0.933,0,0,0,0,0,0,0,0,0,0,0,0,0,0,0.456,0,0.526,0,0,0.251,0.388,0,0,0,0,0,0.184,0,0,0,0.177,0.194,0,0,0,0.322,0,0.176,0,0,0.202,0,0,0,0,0.229,0,0.998,0,0.161,0,0,0,0,0,0.246,0,0.574,0,0,0,0,0,0,0,0.519,0,0,0.318,0,0,0,0,0.305,0,0,0.188,0,0,0.324,0.167,0,0,0,0,0,0,0,0,0,0.153,0,0,0,0,0,0,0,0,0,0,0.589,0,0.164,0,0.167,0,0,0,0,0.171,0,0.166,0.16,0,0,0,0.207,0.297,0,0,0.157,0,0,0,0,0.274,0,0,0,0,0.404,0.204,0,0,0,0,0,0,0.152,0.305,0,0,0,0.258,0,0.37,0,0,0,0,0,0,0,0,0,0,0,0,0,0,0.28,0.238,0,0,0,0.288,0.23,0,0,0.294,0,0.334,0.974,0,0.508,0,0,0.19,0,0.225,0,0,0,0.727,0,0,0.172,0.207,0,0,0.564,0,0,0,0.586,0,0.552,0,0.153,0,0,0,0,0,0,0,0.241,0.169,0,0.156,0,0.615,0,0.691,0.739,0,0.153,0,0,0,0.212,0,0.517,0,0,0,0,0.187,0.886,0,0,0.152,0.189,0,0.291,0,0,0,0.599,0,0,0,0,0,0,0,0,0,0,0,0,0,0,0,0,0,0,0,0,0,0,0,0,0,0,0,0.157,0,0,0,0,0,0,0,0,0,0,0,0,0,0,0,0,0.324,0,0,0,0,0.304,0,0,0,0,0,0.207,0,0,0,0.326,0,0,0.383,0,0,0,0,0,0.306,0.49,0,0,0.169,0.334,0,0,0,0,0,0,0.233,0,0.809,0,0,0,0.164,0,0,0.166,0,0,0.162,0.319,0,0,0,0,0.158,0,0,0,0,0,0.175,0,0,0,0,0,0,0,0,0,0.764,0,0,0,0,0,0,0,0,0,0,0,0,0,0,0.419,0,0,0.151,0,0,0,0,0,0,0,0,0.317,0,0,0,0.22,0.423,0,0,0,0,0.343,0,0,0,0,0,0,0,0,0.678,0,0,0,0,0,0,0,0,0,0,0.3,0,0,0,0.275,0,0,0,0,0.697,0,0.153,0,0,0,0.195,0.2,0,0,0.307,0,0,0,0,0,0,0,0,0,0.67,0,0.236,0,0,0,0,0,0,0,0,0.513,0.166,0,0,0,0,0.301,0,0,0.275,0.167,0,0.185,0,0,0,0.213,0,0,0,0,0,0.801,0,0,0.666,0,0,0,0,0,0.374,0.298,0.27,0.225,0,0,0,0.177,0,0,0,0,0,0,0,0,0,0,0,0,0,0,0.188,0,0,0.447,0,0,0.35,0,0.209,0.25,0,0,0.175,0.549,0,0,0,0,0,0,0,0,0,0,0,0,0,0,0,0,0.233,0,0,0.262,0,0,0,0,0,0,0,0.167,0,0.446,0,0,0,0.169,0,0,0,0.167,0,0,0,0,0,0,0,0,0,0,0,0,0,0,0,0,0.364,0,0,0,0,0,0,0,0,0.304,0,0.322,0,0.379,0.265,0,0,0.155,0,0,0,0,0,0,0.207,0,0.675,0,0,0,0,0,0.177,0,0,0,0,0.173,0,0,0,0,0,0,0,0,0.195,0,0.342,0,0,0,0,0.191,0,0,0,0,0,0,0.931,0,0.187,0,0,0,0,0.381,0,0,0,0,0,0.262,0.362,0,0.16,0,0,0,0,0,0,0,0,0,0,0,0,0,0.162,0,0,0,0,0,0,0,0.151,0,0,0,0,0.505,0,0.55,0.155,0,0.167,0,0,0.168,0,0.186,0,0,0,0,0,0,0,0,0,0,0,0,0,0,0.413,0.188,0,0,0,0,0,0.151,0.206,0,0,0,0,0,0,0,0,0,0.213,0,0.434,0,0,0,0,0,0,0,0,0.266,0,0,0,0,0,0.431,0,0.151,0,0,0,0,0,0.167,0,0,0,0,0,0,0,0,0,0,0,0.16,0,0,0,0.653,0,0,0,0.169,0,0,0,0,0,0,0,0,0,0.242,0,0.294,0,0.19,0,0,0,0.234,0,0,0,0,0.163,0,0.198,0,0,0,0,0.197,0,0.369,0,0,0,0,0.172,0,0,0,0,0,0,0,0,0,0,0,0,0,0,0,0,0,0,0,0,0,0,0.362,0,0,0,0,0.374,0.23,0,0,0,0,0,0,0,0,0,0,0,0.186,0,0,0,0,0.347,0,0,0,0,0,0,0,0,0,0,0,0.391,0,0,0,0,0,0,0,0,0,0.191,0,0.285,0,0,0,0,0,0,0,0,0,0,0,0.277,0,0.822,0,0.581,0,0,0,0.248,0.169,0,0.334,0,0.26,0.34,0,0,0,0.276,0,0.169,0.177,0,0,0,0.417,0.361,0,0,0,0,0.664,0,0,0.298,0.352,0,0,0,0.222,0.343,0,0,0,0.194,0,0,0.153,0,0.207,0.606,0.427,0.244,0,0.288,0.42,0,0,0.185,0,0,0.164,0,0,0,0.294,0,0.201,0.396,0,0.195,0.216,0,0.219,0,0,0,0,0.362,0.23,0,0.158,0,0,0,0,0,0.257,0.183,0,0.329,0.604,0,0,0,0,0,0,0.428,0,0,0,0.164,0.309,0,0,0,0,0,0,0,0,0,0.271,0,0,0,0.543,0,0,0.242,0,0,0,0.221,0.25,0,0,0,0,0.345,0,0,0,0.245,0,0,0,0.159,0.229,0,0.313,0,0.155,0,0.188,0.31,0,0,0,0,0.189,0,0.211,0,0.156,0,0,0,0,0,0.283,0,0,0.197,0,0,0.411,0,0,0.208,0.325,0.229,0,0.269,0,0.525,0.343,0,0,0.228,0,0.484,0.359,0,0.43,0.299,0.228,0,0.296,0.676,0.176,0,0,0.518,0,0.251,0.687,0.227,0.773,0.999,0.171,0,0,0.219,0.217,0.756,0,0.193,0,0.366,0,0,0.241,0,0,0,0.321,0.16,0.388,0.158,0,0.641,0.27,0,0.772,0.231,0,0.18,0.259,0,0.725,0,0,0,0.237,0,0,0,0.28,0.158,0,0,0,0,0,0.765,0,0.714,0,0,0,0,0,0,0,0,0,0,0.153,0,0,0,0,0,0,0,0,0,0,0,0,0,0,0,0,0,0.174,0,0,0,0,0.27,0,0,0.709,0,0,0,0,0,0.371,0,0.324,0,0,0,0,0,0,0,0,0,0,0,0,0,0,0,0,0,0,0,0.173,0,0,0,0,0,0,0,0,0,0,0,0,0,0,0,0,0,0,0,0,0,0.685,0,0.209,0,0.542,0,0,0,0,0,0,0,0,0,0,0,0,0,0,0,0,0.167,0,0,0,0,0,0,0,0,0,0,0,0,0,0,0,0,0.335,0,0,0,0.343,0,0,0,0,0,0,0,0,0,0.174,0.443,0,0.23,0,0,0,0,0,0,0,0,0.194,0,0,0,0,0.192,0,0,0,0,0,0,0,0,0,0,0,0,0,0,0,0,0,0,0,0,0,0,0,0,0.212,0.261,0,0,0,0,0,0,0,0,0,0,0,0,0,0,0,0,0,0,0.207,0,0,0,0,0,0,0.219,0,0,0.247,0,0,0,0,0,0,0,0,0.157,0,0,0.477,0.448,0,0.182,0,0,0,0,0,0,0,0,0,0,0,0,0,0,0.152,0,0,0,0,0,0,0,0,0.522,0,0,0.405,0,0,0,0,0,0,0,0.163,0,0,0,0,0.169,0,0,0,0,0,0.184,0,0,0,0.195,0,0.356,0,0,0,0,0,0,0.362,0,0,0,0,0,0,0,0,0.166,0,0,0,0.159,0,0,0,0.197,0.263,0,0,0,0,0,0,0,0,0,0,0,0,0,0,0,0,0,0,0,0,0,0.464,0,0,0,0,0.197,0.335,0,0,0,0,0.443,0,0,0,0,0.277,0,0,0.727,0,0,0,0,0,0,0,0,0,0,0,0.343,0,0.209,0.161,0,0,0,0,0,0,0,0,0,0.552,0,0.608,0,0,0,0,0,0,0,0,0,0,0,0,0,0,0,0,0,0.204,0,0.377,0.31,0,0,0,0,0,0.522,0,0,0,0,0,0,0.167,0,0.346,0,0,0,0,0,0,0,0,0.346,0,0,0,0.363,0,0,0,0,0.192,0,0.607,0,0.379,0,0,0,0.996,0,0,0.326,0,0.357,0.388,0,0.497,0,0,0,0,0,0,0.277,0,0.688,0,0,0,0,0,0,0,0,0,0,0,0,0,0,0.318,0.846,0,0.184,0,0,0,0,0,0,0,0,0.275,0,0.224,0,0,0.413,0,0,0,0,0,0.398,0.171,0,0.702,0.276,0,0,0,0,0,0,0,0,0,0,0,0,0,0,0,0.315,0,0.173,0.65,0,0.291,0,0,0,0,0,0.167,0,0,0,0,0,0,0,0,0,0,0,0,0,0,0,0,0,0,0,0,0,0,0,0,0,0,0,0,0,0,0,0,0,0,0,0,0,0,0,0,0,0,0,0,0,0,0,0,0,0,0,0,0,0,0,0,0,0,0,0,0,0.288,0,0,0,0,0.565,0,0,0,0,0,0,0,0,0,0,0,0.172,0,0,0,0,0,0,0,0.358,0,0,0,0,0,0,0,0,0,0.227,0,0,0,0,0,0,0,0,0,0,0.459,0,0,0,0,0.379,0,0,0,0.288,0,0,0,0,0,0,0,0,0,0,0,0,0,0,0,0,0,0,0,0,0.3,0,0,0,0,0,0,0,0.173,0,0,0,0.318,0,0,0,0,0,0.592,0,0,0,0,0,0,0,0,0,0,0,0,0,0,0,0,0,0,0,0,0,0,0,0,0,0,0,0,0,0.624,0,0,0,0,0,0,0.365,0,0,0,0,0,0.607,0,0.199,0,0,0,0.9,0,0,0,0,0,0,0,0,0,0,0.285,0.312,0,0,0,0,0,0,0,0,0,0,0,0,0.295,0.219,0,0.606,0.292,0,0,0,0,0,0,0,0,0.263,0,0,0,0,0,0,0.242,0,0.205,0,0,0,0.303,0,0,0,0,0,0,0,0.153,0,0.455,0.469,0,0,0,0,0,0,0,0,0,0,0.222,0,0,0,0,0,0,0,0,0,0,0.278,0,0,0,0,0.34,0,0,0.662,0,0,0.244,0,0.62,0,0,0,0,0,0,0,0,0,0,0,0,0.191,0.3,0,0,0,0,0,0,0,0,0,0,0.513,0,0,0.313,0,0,0,0,0,0.737,0,0,0,0.24,0,0.306,0,0.59,0.183,0.404,0,0.192,0.415,0.237,0,0,0.304,0,0.67,0.575,0.273,0,0.665,0.359,0,0.163,0.394,0.208,0.804,0,0,0.196,0,0,0.579,0,0.243,0,0.252,0,0.505,0,0,0.172,0,0,0.623,0.571,0.212,0.78,0,0.167,0,0,0,0,0,0.173,0.156,0.388,0.524,0.479,0.352,0.298,0,0.319,0.554,0,0.17,0.261,0,0.417,0.33,0,0,0,0,0,0,0.39,0,0,0.322,0.374,0.226,0,0.294,0.407,0.16,0,0,0,0.415,0,0.197,0,0.415,0.625,0.167,0,0.265,0,0,0,0.603,0.258,0,0.197,0.178,0,0,0.225,0.713,0,0,0.174,0.416,0.197,0.662,0.17,0,0,0,0.416,0.261,0,0.243,0,0.18,0.598,0.566,0.176,0,0,0.802,0.192,0,0,0,0.289,0,0.278,0.276,0.335,0.165,0,0.837,0.395,0,0.308,0.255,0,0.287,0.294,0.206,0.237,0.354,0,0,0,0.169,0.26,0,0.663,0,0.731,0.341,0.168,0.67,0.741,0,0.69,0,0.235,0,0,0.264,0.166,0,0.482,0.654,0.232,0.224,0.336,0.151,0,0,0.162,0.198,0.398,0.428,0.482,0,0,0.436,0.441,0,0,0.238,0,0.539,0.363,0,0.305,0.17,0.283,0.496,0,0.241,0.382,0,0.305,0.307,0.46,0,0,0,0,0.186,0.179,0,0.397,0.381,0.296,0,0.256,0.709,0,0,0.15,0.319,0,0,0,0,0.278,0,0,0,0,0,0,0,0.226,0.158,0,0,0,0,0,0,0,0.227,0,0,0,0,0,0,0,0,0,0,0,0,0,0,0,0.29,0.311,0.203,0.157,0,0,0,0,0,0,0,0,0,0,0,0,0,0,0,0.173,0,0,0,0,0,0,0,0,0,0,0,0,0,0.214,0,0,0,0,0,0,0,0.671,0,0,0.283,0.155,0,0,0,0,0,0,0,0,0,0,0,0.348,0,0.246,0,0,0,0,0,0,0,0,0,0.175,0,0,0,0,0.467,0,0,0,0,0,0,0,0,0,0,0,0,0,0,0.18,0,0,0,0,0,0,0,0,0,0,0,0,0,0.325,0.441,0.526,0.246,0,0,0,0,0.253,0,0,0,0,0,0,0.304,0.357,0,0.158,0,0,0,0,0.151,0.51,0,0,0.171,0,0,0,0,0,0,0,0,0,0,0,0,0,0,0,0,0,0,0,0,0,0,0,0,0,0,0,0,0,0,0,0,0,0,0,0,0,0.179,0,0,0,0.345,0,0,0,0,0.178,0,0,0,0,0,0,0,0,0,0.276,0,0,0,0,0,0.165,0,0.489,0.186,0.152,0,0,0,0.212,0.998,0,0,0,0,0,0,0,0,0,0,0,0,0,0.699,0.3,0.317,0,0,0,0,0,0,0,0,0,0,0,0,0,0,0,0,0,0,0,0,0,0,0,0,0,0,0,0,0,0,0,0,0,0,0,0,0,0,0,0,0,0,0,0,0,0,0,0,0,0,0,0,0.22,0,0,0,0,0,0,0,0,0,0,0,0,0,0,0.179,0,0,0,0,0,0.422,0,0.15,0.53,0,0,0,0.451,0,0,0,0,0,0.163,0,0.228,0.309,0,0,0,0,0,0,0,0,0,0,0.296,0,0,0,0,0,0,0,0,0,0,0,0,0,0,0,0,0,0,0,0,0,0,0,0,0,0,0,0,0,0,0,0.461,0,0,0.28,0,0,0,0,0,0,0,0,0,0,0,0,0,0,0,0,0,0,0,0,0,0,0,0,0,0,0,0,0.153,0,0,0,0.343,0,0,0,0,0.352,0,0,0,0,0,0.201,0,0,0,0,0,0,0,0,0,0,0,0,0,0,0,0,0,0,0,0,0,0,0,0,0,0,0,0,0,0,0,0,0,0,0,0,0,0.173,0,0,0,0,0,0.343,0,0,0,0,0,0,0,0,0.193,0,0,0.736,0,0,0,0,0,0,0,0,0,0,0,0,0,0,0,0,0,0,0,0,0,0,0,0,0,0,0,0,0,0,0,0,0,0,0,0,0,0,0,0,0.289,0,0,0,0,0,0,0,0,0,0,0,0,0,0,0,0,0,0,0,0,0,0,0,0,0,0,0,0,0,0,0,0,0,0,0,0,0,0,0,0,0,0,0,0,0,0,0,0,0,0,0,0,0,0,0,0,0,0,0,0,0,0,0,0,0,0,0,0,0,0,0,0,0,0,0,0,0,0,0,0,0,0,0,0,0,0,0,0,0,0,0,0,0,0,0,0,0,0,0,0,0,0,0,0,0,0,0,0,0,0,0,0,0,0,0,0,0,0,0,0,0,0,0,0.519,0,0.33,0,0,0,0,0,0,0,0,0,0,0,0,0,0,0,0,0,0,0,0.272,0,0,0,0,0,0,0,0,0,0,0,0,0,0,0,0,0,0,0,0,0,0,0,0,0,0,0,0,0,0,0,0,0,0,0.643,0,0,0,0,0,0.398,0,0,0.214,0,0,0,0,0.163,0,0,0,0,0,0,0,0,0,0,0,0,0,0.457,0,0,0,0,0,0,0,0,0.159,0.196,0,0,0,0,0,0,0,0,0.318,0,0,0.265,0,0,0,0,0,0,0,0,0,0,0,0,0,0,0,0.731,0,0,0,0,0,0.252,0,0,0,0,0,0,0,0,0.375,0,0,0,0,0,0,0,0,0,0,0,0,0,0.265,0,0,0,0,0,0,0,0,0,0,0.4,0,0,0,0,0,0,0,0,0,0.169,0,0.161,0,0,0,0,0,0,0,0,0,0,0,0,0,0,0,0,0,0,0,0,0,0,0,0,0,0,0,0,0,0,0,0,0,0,0,0,0,0,0,0,0.258,0,0.258,0,0,0,0,0.158,0,0,0,0,0,0,0,0,0,0,0,0,0,0,0,0,0,0,0,0,0.281,0,0,0.169,0,0,0,0,0,0.178,0,0,0,0,0,0,0,0,0,0,0,0,0,0,0,0,0,0.155,0,0,0,0,0,0,0.451,0,0,0,0,0,0,0,0,0,0,0,0,0,0,0,0,0,0,0,0,0,0,0,0,0,0,0,0,0,0,0,0,0,0,0,0,0,0,0,0,0,0,0,0,0,0,0,0,0,0,0,0,0,0,0,0,0,0,0,0.2,0,0,0,0,0,0.195,0,0.171,0,0,0,0.169,0.235,0,0.354,0.169,0.169,0,0,0,0.225,0,0.643,0,0,0,0,0,0,0,0.279,0,0.171,0,0.161,0.15,0,0,0,0,0,0,0,0.311,0,0,0,0,0.175,0,0,0,0,0,0,0,0.339,0,0,0,0,0,0,0,0,0.228,0,0,0,0,0,0,0,0,0.156,0.26,0,0,0,0,0,0,0,0,0,0,0,0,0,0,0,0,0,0.343,0,0,0,0.221,0,0,0,0,0,0,0,0,0,0,0,0,0,0,0.343,0,0,0,0,0,0,0,0,0,0,0.606,0,0,0,0,0,0,0,0,0,0,0,0,0,0,0,0,0,0,0,0,0,0,0,0,0,0,0,0.299,0.199,0,0,0,0,0,0.154,0,0,0,0,0,0,0,0,0,0,0,0,0,0,0,0,0,0,0,0,0,0,0,0,0,0,0,0,0,0,0,0.483,0,0,0,0,0,0,0,0.274,0,0,0,0,0,0,0.236,0,0,0,0,0,0,0,0,0,0,0,0,0,0,0,0,0,0,0,0,0,0,0,0,0,0,0.276,0,0,0,0,0,0,0,0,0.191,0,0,0,0,0,0,0,0,0,0,0,0.281,0,0,0,0,0,0,0,0,0,0,0,0,0,0,0,0,0,0,0,0,0,0,0,0,0,0,0,0,0,0.163,0.343,0.556,0.167,0,0,0,0,0,0,0,0,0,0,0,0,0,0,0,0,0,0,0,0,0,0,0,0,0,0,0,0,0,0,0,0,0,0,0,0,0,0,0,0
850711,0,0,0,0.2,0,0,0,0,0,0.647,0.299,0,0,0,0,0,0,0,0,0.247,0,0,0,0,0.214,0,0.655,0,0,0,0,0,0,0,0,0,0,0,0,0,0,0.19,0,0,0,0,0.161,0.457,0.2,0,0,0,0,0,0,0,0,0,0,0,0,0.371,0.264,0,0.181,0,0,0,0,0,0.256,0,0,0,0,0,0.179,0.603,0,0,0,0,0,0,0,0.174,0,0,0,0,0,0,0,0,0,0,0,0,0,0,0,0,0,0,0,0,0,0,0,0,0,0,0,0,0,0,0,0,0,0,0,0,0,0,0,0,0,0,0,0,0,0,0,0,0,0,0,0,0.655,0,0.154,0,0.288,0,0,0.342,0,0,0,0,0,0,0,0,0,0.262,0.166,0,0,0.185,0,0,0,0,0,0,0,0.395,0,0,0,0.183,0,0,0,0,0,0,0,0,0,0,0,0,0,0,0,0,0.328,0,0,0,0,0,0,0,0,0,0,0,0,0,0,0,0,0.288,0,0,0,0.35,0,0,0.22,0,0,0,0,0,0.171,0,0,0,0,0,0,0.436,0,0,0,0,0,0,0,0,0,0,0,0.483,0,0,0,0,0,0,0,0,0,0,0.208,0,0,0.503,0,0,0,0,0,0,0,0.404,0,0,0,0.324,0,0,0,0,0,0,0,0.311,0,0,0,0,0,0,0,0,0,0,0,0,0,0,0,0,0.192,0,0,0,0,0,0,0,0,0,0,0,0,0,0,0.318,0,0,0,0,0.329,0,0,0,0,0,0,0,0,0,0.243,0,0,0,0,0,0,0,0,0,0,0,0,0.368,0,0.269,0,0,0,0,0.997,0,0,0,0,0.188,0,0,0,0,0,0,0,0,0,0,0,0,0,0,0,0,0,0,0,0,0,0.198,0,0,0,0,0.201,0,0,0,0,0,0,0,0,0,0,0,0,0,0,0,0,0,0,0,0.196,0,0,0,0,0,0,0,0,0,0,0,0.449,0,0,0,0,0,0,0,0,0,0,0,0,0,0,0,0,0,0.265,0,0,0,0,0,0,0,0,0.164,0.252,0,0,0,0,0,0,0.361,0,0,0,0,0,0,0,0.409,0,0,0,0.357,0,0,0,0.153,0,0.313,0,0,0,0,0.163,0,0.208,0,0,0,0,0,0,0,0,0,0,0,0,0,0,0,0,0,0,0,0,0,0,0,0,0,0,0,0.329,0,0,0,0.153,0,0.235,0,0,0,0,0,0,0,0,0,0.305,0.643,0,0,0,0,0,0.227,0,0,0,0,0,0,0,0.486,0,0,0,0,0,0.151,0.166,0,0,0,0,0,0,0,0.17,0,0,0,0,0,0,0,0,0,0,0,0,0,0,0,0,0,0.446,0,0,0,0,0.445,0,0,0,0,0,0,0,0,0,0,0,0,0,0,0,0.496,0,0,0,0,0,0,0,0,0,0,0,0,0,0,0,0,0,0,0,0,0,0,0,0,0,0,0,0,0,0,0,0.171,0,0,0,0,0,0,0,0,0,0,0,0,0.34,0,0.185,0,0,0.173,0,0.186,0.173,0,0.206,0,0,0,0.301,0,0,0,0,0,0,0,0,0,0,0,0,0,0,0.272,0,0,0,0,0,0,0,0,0,0,0,0,0,0,0,0,0,0.418,0,0.395,0,0,0,0,0,0,0,0,0.346,0,0,0,0,0,0,0,0,0.251,0.768,0,0,0,0,0,0,0,0,0,0,0,0,0,0,0,0,0,0,0.3,0,0,0,0,0,0,0,0,0.457,0,0,0,0,0,0.738,0,0,0,0,0,0.188,0,0,0,0,0,0,0,0,0,0,0,0,0,0,0,0,0.463,0,0,0,0,0,0,0,0,0,0,0,0,0,0,0,0,0,0,0,0,0,0.286,0,0.657,0,0,0,0,0.671,0,0,0,0,0,0,0,0.19,0,0,0,0,0,0.328,0,0,0,0,0,0,0,0,0,0,0,0,0,0,0,0,0,0,0.317,0,0,0,0.328,0,0,0,0,0,0,0,0,0,0,0,0,0,0.456,0,0,0,0,0,0,0,0,0,0,0,0,0.276,0,0,0.255,0,0,0,0,0,0.501,0,0,0,0,0,0.331,0,0.179,0,0,0,0,0,0,0,0,0,0,0,0,0,0,0,0,0,0,0,0,0,0,0,0,0,0,0,0,0,0,0,0,0,0,0,0,0,0,0,0,0,0,0,0,0,0,0,0.369,0,0,0,0,0,0,0,0,0,0,0,0,0,0,0.329,0,0,0,0,0,0,0,0,0,0,0,0.684,0,0,0,0,0.369,0,0,0,0.337,0,0,0.2,0,0,0,0,0,0,0,0,0,0,0.307,0.23,0,0,0,0,0,0,0,0,0,0,0,0,0,0,0,0,0,0,0,0,0,0,0,0,0,0,0.606,0,0,0,0,0,0,0,0,0,0,0,0,0,0,0,0,0,0,0,0,0.312,0,0,0,0,0,0,0,0,0,0.178,0,0,0,0,0,0,0,0,0,0,0,0,0,0,0,0,0,0,0,0,0,0,0,0,0.165,0,0,0,0,0,0,0,0,0,0,0,0.805,0,0,0,0,0,0,0,0,0.787,0,0,0,0,0,0,0,0,0,0,0,0.158,0,0,0,0,0,0,0,0,0,0,0,0,0,0.747,0,0,0,0,0,0,0,0,0,0,0,0,0,0,0,0,0.175,0,0.175,0,0,0,0,0,0,0,0,0,0,0,0,0,0,0,0,0.331,0,0,0,0,0,0,0,0,0,0,0,0,0,0,0,0,0.151,0,0,0,0,0,0,0,0.155,0,0,0,0,0.166,0,0,0,0,0,0,0.171,0,0,0.282,0,0,0,0.33,0,0.234,0,0.671,0,0,0.155,0,0,0,0,0,0.182,0,0,0,0,0,0,0,0,0,0,0,0,0,0,0.202,0,0,0.171,0,0,0,0,0,0.157,0,0,0,0,0,0,0,0,0,0,0.204,0,0,0.45,0,0,0,0,0,0,0,0.16,0,0,0,0,0,0,0,0,0,0,0,0,0,0,0,0.188,0.182,0,0,0,0,0,0,0.201,0,0,0,0.169,0,0,0,0,0,0,0.195,0,0.356,0,0,0,0.347,0,0,0,0,0,0,0,0,0,0,0.201,0,0,0,0,0,0,0,0,0.579,0,0.171,0,0,0,0,0.233,0,0,0,0,0,0,0,0,0,0,0,0,0,0,0.235,0.245,0,0,0.242,0,0,0,0,0,0,0,0,0.272,0,0,0,0,0,0,0,0,0,0,0,0,0,0,0.497,0,0,0,0,0,0,0,0.56,0,0,0,0,0,0,0,0.269,0,0,0,0.238,0.238,0.211,0,0,0,0,0,0,0,0.331,0,0,0,0,0,0,0,0,0,0,0,0,0,0,0,0.37,0,0,0,0,0.436,0,0,0,0,0,0,0,0,0,0,0,0,0,0,0,0,0,0,0,0.783,0,0,0,0.156,0,0,0,0,0,0,0,0,0,0,0,0,0,0,0,0,0,0,0.196,0,0,0,0,0,0.288,0,0.164,0,0,0,0,0,0.182,0,0,0,0,0,0.497,0.419,0,0,0,0,0,0,0,0,0,0,0,0,0,0,0,0,0.227,0,0,0,0,0,0,0,0,0,0,0,0,0.216,0,0,0,0,0,0,0,0,0,0,0.173,0,0,0,0,0,0,0.355,0,0.175,0,0.221,0,0,0,0,0,0,0,0,0,0.152,0,0,0.426,0,0,0,0,0,0,0,0,0,0.288,0,0,0,0,0.153,0.157,0,0,0,0,0,0,0.404,0,0.276,0,0,0,0,0,0,0,0,0,0.23,0,0,0,0,0,0,0.168,0,0,0.228,0,0,0,0,0,0,0,0,0,0,0,0,0,0,0,0,0,0,0,0,0.173,0,0,0,0,0,0,0,0,0,0,0,0,0,0,0,0,0,0,0,0,0,0.243,0,0,0,0,0.342,0,0,0,0,0,0,0,0,0,0,0,0,0,0,0.156,0,0,0,0,0,0,0,0,0,0.354,0.192,0,0.162,0,0.329,0,0,0,0,0,0,0,0,0,0.263,0,0,0,0,0,0,0,0,0,0,0,0,0,0,0.175,0,0,0,0,0,0,0,0,0.966,0,0,0,0,0,0,0.175,0,0,0,0,0,0,0,0,0,0,0,0,0,0,0,0,0,0,0,0,0,0,0,0,0,0,0,0,0,0,0.152,0,0,0,0,0.33,0,0,0,0,0.233,0,0,0,0,0.333,0,0.301,0,0,0,0,0,0,0,0,0.181,0,0,0,0,0,0.179,0,0,0,0,0,0,0,0,0,0,0,0,0,0,0,0,0,0,0,0,0,0.648,0,0,0,0,0,0,0,0,0,0,0,0,0,0,0,0,0,0,0,0,0,0,0.536,0,0,0,0,0,0,0,0,0,0.483,0,0,0,0,0,0,0,0,0,0,0.168,0,0,0,0,0,0,0,0,0,0.181,0,0,0,0,0,0,0,0,0,0.215,0,0,0,0,0,0,0,0,0,0,0,0,0.279,0,0,0,0,0,0,0,0,0,0,0,0,0,0,0,0.366,0,0,0,0,0,0,0,0,0,0,0,0,0,0,0,0,0,0,0,0,0,0,0,0,0,0,0,0,0,0,0,0,0,0,0,0,0,0,0,0,0,0,0,0,0,0,0,0,0,0,0,0,0,0,0,0,0,0,0.194,0,0,0,0,0,0,0,0,0,0,0,0,0,0,0,0,0,0,0,0,0,0,0,0,0,0,0.186,0,0,0,0,0,0,0,0,0,0,0,0,0,0,0,0,0,0,0,0,0,0,0,0,0,0,0,0,0,0,0,0,0,0,0,0,0,0,0,0,0,0,0,0,0,0,0,0,0,0,0,0,0,0,0,0,0,0,0,0,0.859,0,0,0,0,0,0,0,0,0,0,0,0,0,0,0,0,0,0,0,0,0,0,0.17,0,0,0,0,0,0,0,0,0.191,0,0,0,0,0,0.398,0,0,0,0.278,0,0,0,0,0,0,0,0,0,0,0,0,0,0,0,0,0,0,0,0,0,0.847,0,0,0,0,0,0,0,0,0,0,0,0,0,0,0,0,0,0,0,0,0,0,0,0,0,0,0,0.159,0,0,0.197,0,0,0,0,0,0,0,0,0,0,0,0,0,0,0,0,0,0,0,0,0,0,0,0,0,0,0,0,0,0,0.204,0,0,0,0,0.215,0,0,0,0,0,0,0,0,0,0,0,0,0,0,0,0.315,0,0,0,0,0,0,0,0.201,0,0,0,0,0,0,0,0,0,0,0,0,0,0,0,0,0,0,0,0,0,0,0,0,0,0,0,0,0,0,0,0,0,0,0,0,0,0,0,0,0,0,0,0,0.225,0,0,0,0,0,0,0,0,0,0,0,0,0,0,0,0.305,0,0,0,0,0,0,0,0,0,0,0,0,0,0,0,0,0,0,0,0,0,0,0,0,0,0,0,0,0,0,0,0,0,0,0,0,0,0,0,0,0,0,0,0,0,0,0,0,0,0,0,0,0,0,0,0,0,0,0,0,0,0,0,0,0,0,0,0,0,0,0,0,0,0,0,0,0,0,0,0,0,0,0,0,0,0,0,0,0,0,0,0,0,0,0,0,0,0,0,0,0,0,0,0,0,0,0.193,0,0,0,0,0,0,0,0,0,0,0,0,0,0,0,0,0,0,0,0,0,0,0,0,0,0.192,0,0,0,0,0,0,0,0,0,0,0,0,0.186,0,0,0,0,0,0.673,0,0,0,0,0.193,0,0,0.181,0,0,0,0,0,0.872,0,0,0,0,0,0,0,0,0,0,0,0,0,0,0,0,0,0,0,0,0,0,0,0,0,0,0,0,0,0,0,0,0,0,0,0,0,0,0,0,0,0,0,0,0,0,0,0,0,0,0,0,0,0,0,0,0,0,0,0,0.496,0,0,0,0,0,0,0.217,0,0.197,0,0,0,0,0,0.174,0,0,0,0,0,0.185,0,0,0,0,0,0,0,0,0,0,0,0,0,0,0,0,0,0,0.226,0.161,0,0,0,0,0,0,0,0,0,0,0,0,0,0.16,0,0,0,0,0,0,0,0,0,0,0,0,0,0,0,0,0,0,0,0,0.159,0,0,0,0,0,0.207,0,0,0,0,0,0,0,0,0,0,0,0,0,0,0,0,0,0,0,0.43,0,0,0,0,0,0,0,0,0.288,0,0,0,0,0,0,0,0,0,0,0,0,0,0,0,0,0.333,0,0,0.21,0,0,0,0,0,0,0.315,0,0,0,0,0,0,0,0.309,0.321,0,0,0,0.186,0,0,0,0,0,0,0,0,0.679,0,0,0,0.489,0.826,0,0.19,0,0.199,0,0,0,0,0,0,0,0,0.175,0,0,0.297,0,0,0,0,0.207,0,0,0,0,0,0.199,0,0,0,0,0,0,0,0,0,0.156,0,0,0,0,0.464,0,0,0,0,0,0,0,0,0,0.318,0,0,0.508,0,0,0,0.298,0,0,0.211,0,0,0,0,0,0,0,0,0.267,0,0,0,0.173,0,0,0,0,0,0,0,0.36,0,0,0,0,0,0,0.616,0,0,0,0,0,0,0.163,0,0,0,0,0,0,0,0,0,0,0,0,0,0,0,0,0,0,0,0,0,0,0,0,0,0,0,0,0,0,0,0,0,0,0,0,0,0.197,0,0,0,0,0,0,0,0,0,0,0,0,0,0,0.853,0,0,0,0,0,0,0,0,0,0,0,0,0,0,0,0,0,0,0.503,0,0,0,0,0,0,0,0,0,0,0,0,0,0,0,0,0,0,0,0,0,0,0,0,0,0,0.174,0,0,0,0,0,0.287,0,0,0,0,0,0,0,0,0,0,0,0,0,0,0,0,0,0,0,0,0,0,0,0,0,0,0,0,0,0,0,0,0,0,0,0,0,0,0,0,0,0,0,0,0,0,0,0,0,0,0,0,0,0,0,0,0,0,0,0,0,0,0,0,0,0,0,0.27,0,0,0,0,0,0,0,0,0,0,0,0,0.424,0,0,0,0,0.218,0,0,0,0,0,0,0,0,0,0,0,0,0,0,0,0,0,0,0,0,0,0,0,0,0,0,0,0,0,0,0,0,0,0,0,0,0,0,0,0,0,0,0,0,0,0,0,0,0,0,0,0,0,0,0,0,0,0,0,0,0.342,0,0,0,0,0,0,0,0,0,0,0,0,0,0,0,0,0,0,0,0,0,0,0,0,0,0,0,0,0,0,0,0,0,0,0,0,0,0,0,0,0,0,0,0,0,0,0,0,0,0,0,0,0,0,0,0,0,0,0,0,0,0,0,0,0,0,0,0,0,0,0,0,0,0,0,0,0,0,0.252,0,0,0,0,0,0.19,0,0,0,0,0,0,0,0,0,0,0,0,0,0,0,0,0,0,0,0,0,0,0.361,0,0,0,0,0,0,0,0,0,0,0,0,0,0,0,0.152,0,0,0,0,0,0.193,0,0,0,0,0,0,0,0,0,0,0,0,0,0,0,0,0,0,0,0,0,0,0,0,0,0,0,0,0,0,0,0,0,0,0,0,0,0,0,0.193,0,0,0,0,0,0,0,0,0,0,0,0,0,0,0,0,0,0,0,0,0,0,0,0,0,0,0,0,0,0,0,0,0,0,0,0,0,0,0,0,0,0,0,0,0,0,0,0,0,0,0,0,0.526,0,0,0,0,0,0,0,0,0,0,0,0,0,0,0.273,0,0,0,0,0,0,0,0.455,0,0,0,0,0,0,0,0,0,0,0,0,0.217,0,0,0,0,0,0,0,0,0,0,0,0,0,0,0.219,0.364,0,0,0,0,0.464,0,0,0,0,0,0,0,0,0,0,0,0,0,0,0,0,0,0,0,0,0,0,0,0,0,0,0,0,0,0,0,0.191,0,0,0,0,0,0,0,0,0,0,0,0,0.187,0,0,0,0,0,0,0,0,0,0,0,0,0,0,0,0,0,0,0,0,0,0,0,0,0,0,0,0,0,0,0.15,0,0,0,0,0,0,0,0,0,0,0,0,0,0.185,0,0,0,0,0,0,0,0,0,0,0,0,0,0.385,0,0,0,0,0,0,0,0,0,0,0,0,0,0,0,0,0,0,0,0,0.294,0,0,0,0,0,0,0,0,0,0,0,0,0,0,0,0,0,0,0,0,0,0,0,0,0,0.27,0,0,0,0,0,0,0,0,0,0,0,0,0,0,0.196,0,0,0,0,0,0,0,0,0,0,0,0,0,0,0,0,0,0,0,0,0,0,0,0,0,0,0,0,0,0,0,0,0,0,0,0,0,0,0,0,0,0,0,0,0,0,0,0,0,0,0,0,0,0,0,0,0,0,0,0,0,0.212,0,0,0,0,0,0,0,0,0,0,0,0,0,0,0,0,0,0,0,0,0,0,0,0,0,0,0,0,0,0,0,0,0,0,0,0,0,0,0,0,0,0,0,0,0,0,0,0,0,0,0,0,0,0,0,0,0,0,0,0,0,0,0,0,0,0,0,0,0,0,0,0,0,0,0,0,0,0,0,0,0,0,0,0,0,0,0,0,0,0,0,0,0,0,0,0,0,0,0,0,0,0,0,0,0,0,0,0,0,0,0,0,0,0,0,0,0,0,0,0,0,0,0,0,0,0,0,0,0,0,0,0,0,0,0,0,0,0,0,0.386,0,0,0.283,0,0,0,0,0,0,0,0,0,0,0,0,0,0,0,0,0,0,0,0.182,0,0,0,0,0,0,0,0,0,0,0,0,0.227,0,0,0,0,0,0,0,0,0,0,0,0,0,0,0,0,0,0,0,0,0,0,0,0,0,0,0,0,0,0,0,0,0,0,0,0,0,0,0,0,0,0.614,0,0,0,0,0,0,0,0,0,0,0,0,0,0,0,0,0,0,0,0,0,0,0.549,0,0,0,0,0,0,0,0,0,0,0,0,0,0,0,0,0.25,0,0,0,0,0,0,0,0,0,0,0,0,0,0,0,0,0,0,0,0,0,0,0,0,0,0,0,0,0,0,0,0,0,0,0,0,0,0,0,0,0,0.153,0,0,0,0,0,0,0.204,0,0,0,0,0,0,0,0.183,0,0,0,0.167,0,0,0,0,0,0,0,0,0,0,0,0,0,0,0,0,0,0,0,0,0,0,0,0,0,0,0,0,0,0,0,0,0,0,0,0,0,0,0,0,0,0,0.297,0.27,0,0,0,0,0,0,0,0,0,0,0,0,0,0,0,0.228,0,0,0,0,0,0,0,0,0.164,0,0,0,0,0,0,0,0,0,0,0,0,0.189,0,0,0,0,0,0,0,0,0,0,0,0,0.991,0,0,0,0,0,0,0,0,0,0,0,0,0,0.161,0,0,0,0.177,0.162,0,0,0,0,0,0,0,0,0,0.241,0.298,0,0,0,0,0,0,0,0,0,0,0,0,0,0,0,0,0,0,0,0,0,0,0,0,0,0,0,0,0,0,0,0,0,0,0,0,0,0,0,0,0,0,0,0,0,0,0,0,0,0,0,0,0.372,0.229,0,0,0.193,0,0,0,0,0,0,0,0,0,0,0,0,0,0,0,0,0,0,0.236,0,0,0.334,0.403,0,0,0,0,0,0,0,0,0,0,0,0,0,0,0,0,0,0,0,0,0,0,0,0,0.22,0,0,0,0.334,0,0,0,0,0,0.815,0,0,0,0,0,0,0,0,0,0,0,0,0,0,0,0,0.174,0,0,0,0,0,0,0,0,0,0.374,0,0,0,0.329,0,0,0,0,0,0,0,0,0,0.461,0,0,0,0,0,0,0,0,0,0,0,0,0,0,0,0,0,0,0,0,0.249,0,0,0.472,0.23,0,0,0,0,0,0,0,0,0,0,0,0,0,0,0,0,0,0,0,0,0,0,0,0,0,0,0,0,0,0,0,0,0,0,0,0,0,0,0,0,0,0.296,0,0,0,0,0,0,0,0,0,0,0,0.582,0,0,0,0,0,0,0,0,0,0,0,0,0,0,0,0,0,0,0,0,0,0,0,0,0,0,0,0,0,0,0,0,0,0,0,0,0,0,0,0,0,0,0,0,0,0,0,0,0,0,0,0,0,0,0,0,0,0,0,0,0,0,0,0,0,0,0,0,0,0,0,0,0,0,0,0,0,0,0,0,0,0,0,0,0,0,0,0.194,0,0,0,0,0,0,0,0,0,0,0,0,0,0,0,0,0,0,0,0,0,0,0,0,0,0,0,0,0,0,0,0,0,0,0,0,0,0,0
855728,0,0.238,0,0,0,0,0.204,0,0,0,0,0,0,0,0,0,0,0,0,0.503,0,0,0,0,0,0,0.163,0,0,0,0,0,0.199,0,0,0,0,0,0,0,0,0,0,0,0,0,0,0,0,0.176,0,0.358,0,0,0,0,0,0,0,0,0,0,0,0,0,0,0,0,0,0,0.659,0,0,0,0,0,0,0,0,0.197,0.564,0,0,0,0,0.163,0,0,0,0,0,0,0,0,0.293,0,0.203,0,0,0.191,0,0,0,0,0,0,0,0,0,0,0,0,0,0,0,0,0,0.694,0,0,0,0,0.155,0,0,0,0,0,0,0,0.289,0,0,0,0,0.183,0,0,0.181,0,0.451,0,0,0,0,0.182,0,0,0.197,0,0.312,0,0,0,0,0,0,0,0,0,0,0,0,0,0,0,0,0,0,0.563,0,0,0,0,0,0,0,0,0,0,0,0,0,0,0,0,0,0,0,0,0,0,0,0,0,0.161,0,0.762,0,0,0,0,0.235,0,0,0.275,0.249,0,0,0,0,0,0.203,0.204,0,0,0,0.675,0,0,0.324,0,0,0.364,0,0,0,0.298,0.271,0.298,0,0,0,0,0,0.156,0.553,0,0,0.198,0,0,0,0,0.31,0,0,0.155,0,0,0,0,0,0,0,0,0,0,0,0,0.151,0,0,0,0,0,0,0,0,0,0,0,0,0.365,0,0.225,0,0.179,0,0,0,0,0,0,0,0,0,0.504,0,0.39,0,0,0,0.708,0,0.165,0,0.47,0,0,0.368,0,0,0.526,0,0,0,0.181,0,0.316,0,0,0,0,0.225,0,0,0,0,0.489,0,0,0,0,0,0.826,0,0,0,0.227,0,0.235,0,0.433,0,0,0,0,0,0,0.321,0,0,0,0,0,0.156,0,0,0,0,0,0,0,0,0,0,0,0,0,0,0.192,0,0.239,0,0.278,0.164,0.179,0,0.19,0.165,0.177,0.171,0,0,0,0.277,0,0,0,0,0,0,0.279,0,0,0,0,0.671,0,0,0,0,0,0,0,0.195,0,0.214,0,0.189,0,0,0,0.212,0,0,0,0,0.366,0.304,0,0,0.419,0,0,0,0,0,0,0,0,0,0.151,0,0.214,0.151,0,0,0,0.253,0,0.213,0,0,0,0,0,0.239,0,0,0,0.184,0,0,0,0,0,0,0,0,0,0,0,0.178,0,0,0,0,0,0,0,0,0,0,0,0.279,0,0,0,0,0,0,0,0,0,0,0,0,0.242,0,0,0,0,0,0.216,0,0,0,0.181,0,0.156,0,0.18,0.201,0,0,0.497,0.92,0,0,0,0,0,0,0,0,0,0.344,0,0,0,0,0.44,0,0,0.185,0,0,0,0.254,0,0,0,0,0,0,0,0,0,0,0,0,0,0,0,0,0,0.223,0,0,0,0,0,0,0.168,0,0,0,0,0,0,0,0,0,0,0,0.163,0,0,0,0,0,0,0,0.541,0,0,0,0,0,0,0,0,0,0,0.229,0.699,0.192,0,0,0,0,0,0.293,0,0,0,0,0,0,0,0.709,0.21,0,0,0.327,0,0,0.294,0,0,0,0.197,0.22,0,0,0,0,0,0,0,0,0,0.607,0.229,0,0.287,0.237,0,0.25,0,0,0,0.228,0.254,0,0.698,0.181,0,0,0,0,0.249,0,0,0,0,0.307,0,0,0,0.514,0,0.289,0.15,0,0,0,0,0,0,0,0,0.493,0,0,0,0.216,0,0,0,0,0,0.173,0,0,0,0,0,0,0,0,0,0,0,0,0,0,0,0,0,0,0,0,0,0.303,0,0,0,0.196,0,0,0,0,0,0,0,0,0,0,0,0,0,0.336,0,0.179,0,0,0,0,0,0,0,0,0,0,0.366,0.288,0,0,0,0,0,0,0,0,0,0,0.163,0,0,0,0,0,0,0,0,0,0,0,0,0,0,0,0,0,0,0,0,0.246,0,0.259,0,0,0,0.419,0,0,0,0,0,0,0,0,0,0,0.164,0,0,0,0.164,0,0,0,0,0,0,0,0,0,0,0,0.694,0,0.152,0,0,0,0,0,0,0,0,0,0,0.186,0,0,0,0,0,0,0,0,0,0,0,0,0,0,0,0,0,0.303,0,0,0,0,0.179,0,0,0,0,0,0,0,0,0,0,0.22,0.175,0,0,0,0,0,0.265,0,0,0.273,0,0,0,0,0,0,0,0.206,0,0,0,0,0,0,0,0,0,0,0,0,0,0,0,0,0,0,0,0,0,0,0,0,0,0,0,0,0,0,0,0,0,0,0,0,0.314,0,0,0,0,0,0,0,0,0,0.163,0.192,0.264,0,0,0,0,0,0.242,0,0,0,0,0.223,0.239,0,0.175,0,0,0,0,0,0,0,0,0,0,0,0,0,0,0,0.316,0,0,0,0.29,0,0.493,0,0,0,0,0,0,0,0,0,0,0,0,0,0,0,0.211,0.3,0.256,0,0,0.251,0,0,0,0,0.314,0,0.221,0,0,0,0,0,0,0.21,0,0,0.282,0,0,0,0,0,0,0,0,0,0,0,0,0,0,0,0.163,0,0,0.212,0,0,0,0,0,0,0,0,0,0,0,0,0.196,0,0,0,0,0,0,0,0,0,0,0,0,0,0,0,0,0,0,0,0,0,0,0,0,0,0.205,0,0,0,0,0,0.19,0,0,0,0,0,0,0,0,0.231,0,0,0,0,0.198,0,0,0,0,0,0,0,0,0.635,0.161,0,0,0.163,0.234,0,0,0,0,0.153,0,0.3,0,0,0,0,0,0,0,0,0.179,0,0,0,0,0,0,0,0,0,0,0.238,0,0,0,0.175,0,0.163,0,0,0,0,0,0,0,0,0.162,0,0,0,0,0,0,0,0,0,0,0,0,0.161,0,0,0.323,0.181,0,0,0,0,0,0,0,0,0,0,0,0,0,0.411,0,0,0.279,0,0,0.161,0,0,0,0,0,0,0,0,0,0,0,0,0,0.484,0,0.213,0,0,0,0.329,0,0,0,0.153,0,0,0,0,0,0,0,0,0,0.199,0,0,0,0,0.152,0,0.217,0,0,0,0.653,0,0,0,0,0.151,0,0,0,0.486,0,0,0,0,0,0,0,0,0,0,0.161,0,0,0,0,0.269,0.201,0,0.161,0,0.244,0.227,0,0,0.319,0.225,0,0,0,0.288,0,0,0,0,0,0,0,0.167,0,0.263,0.228,0,0,0,0,0,0.153,0.167,0,0.554,0,0,0,0,0,0,0,0,0,0,0,0,0,0,0,0,0.163,0,0,0,0,0,0,0.365,0,0,0.242,0,0,0,0,0,0,0,0.269,0,0,0,0,0,0,0,0,0,0,0,0,0.161,0,0,0,0,0,0,0,0,0,0,0,0,0,0,0,0,0,0,0,0,0,0,0.166,0,0.543,0,0.294,0.31,0,0,0,0,0,0,0,0,0,0,0,0,0,0,0,0,0.172,0,0.221,0,0,0,0,0,0,0,0,0,0,0,0,0.153,0,0,0.161,0,0,0,0,0,0,0,0,0,0,0.692,0,0,0,0,0,0,0.228,0.204,0,0,0,0,0,0,0,0.276,0,0,0,0,0,0,0,0,0,0,0,0,0,0.167,0.197,0,0.159,0,0,0.215,0,0,0,0,0,0,0,0,0.403,0,0,0,0,0,0,0,0.305,0,0,0,0,0.161,0,0.153,0,0,0,0,0,0,0,0,0.2,0,0.584,0,0,0,0,0.194,0,0,0,0,0.161,0,0,0,0,0.528,0,0,0,0,0,0,0,0.153,0.187,0,0,0,0,0,0,0,0.325,0,0,0,0,0,0,0,0,0.184,0,0,0,0,0,0,0,0,0.161,0,0.161,0,0,0,0.2,0,0,0.82,0,0,0,0,0,0,0,0,0,0,0,0,0.299,0,0.186,0,0,0,0,0,0,0,0,0.174,0,0,0.152,0,0,0,0.153,0,0.77,0,0,0,0,0,0,0,0,0,0.161,0,0,0,0,0,0,0,0,0.295,0,0,0,0,0,0,0.163,0,0,0,0,0,0,0.204,0,0,0,0.274,0,0,0,0,0,0,0,0,0,0,0,0,0,0.197,0.163,0,0,0,0,0,0,0,0,0,0,0,0,0,0,0.174,0,0,0,0,0,0,0,0.394,0,0,0,0,0,0,0,0,0,0,0,0.176,0,0,0,0,0.161,0,0,0,0.167,0,0,0,0,0,0.22,0,0,0.217,0,0,0,0,0.212,0,0.213,0.693,0,0,0,0,0.254,0,0,0,0.425,0,0,0,0,0.231,0,0,0,0,0,0,0,0,0.229,0.33,0,0.209,0,0.275,0.729,0,0.23,0,0,0,0,0.228,0.231,0,0,0,0,0.206,0,0,0,0,0,0,0,0,0,0,0,0,0,0,0,0,0,0,0,0,0,0,0.225,0.163,0,0,0,0,0,0.227,0,0.19,0.193,0,0.261,0,0,0,0.242,0,0,0,0,0,0.202,0,0,0,0.268,0,0,0.226,0,0,0,0,0,0,0,0,0,0.241,0,0.312,0,0.271,0,0,0,0,0,0,0,0,0,0,0.263,0.151,0,0,0,0,0,0,0.153,0,0,0,0,0,0,0,0.272,0,0,0.252,0,0,0.292,0,0,0,0,0,0,0.241,0,0.275,0,0,0,0,0,0,0,0,0.238,0,0,0,0,0.19,0,0,0,0.179,0,0,0,0,0.315,0.567,0,0,0,0.283,0,0.801,0,0,0,0.191,0,0,0,0,0,0,0,0,0.158,0,0,0,0,0,0.177,0,0,0,0,0,0,0,0,0,0.223,0,0,0,0.171,0,0,0,0,0,0,0.2,0,0.267,0,0,0,0.161,0,0,0,0,0,0,0,0,0,0,0,0,0,0.181,0,0,0,0.191,0,0,0,0,0,0.161,0.241,0,0,0,0.192,0.214,0,0,0,0,0,0,0,0,0,0,0.271,0,0,0,0,0,0,0,0.241,0.191,0,0,0,0,0,0,0,0,0,0,0,0,0,0,0,0,0,0,0,0,0,0,0,0,0,0,0,0,0,0,0,0,0.234,0,0,0,0.302,0,0,0,0,0,0,0,0,0,0,0,0,0,0,0.152,0,0,0,0.211,0,0,0,0,0,0,0,0,0,0.34,0,0,0,0.209,0.203,0,0,0,0,0,0,0.186,0,0,0,0,0,0,0,0,0,0,0,0,0,0,0,0,0,0.172,0,0,0,0,0,0,0,0,0,0,0,0,0,0,0,0,0,0,0,0,0,0,0,0,0,0,0,0,0,0,0,0,0,0,0,0,0,0,0,0,0,0,0.204,0,0,0,0,0.204,0,0,0,0,0.208,0,0,0,0,0,0,0,0.271,0,0,0,0,0,0.274,0,0,0,0,0.644,0.577,0,0,0,0,0,0,0,0,0,0,0,0,0,0,0,0,0,0,0,0,0,0,0,0,0,0,0.227,0,0,0,0,0,0,0,0,0,0,0,0,0,0,0,0.453,0,0,0,0,0,0,0,0,0,0,0,0.213,0,0,0,0,0,0,0,0,0,0,0,0,0,0,0,0.335,0,0,0,0,0,0,0,0,0.163,0,0,0,0,0,0,0,0,0,0,0,0,0,0,0,0,0,0,0,0,0,0.213,0,0,0,0,0,0,0,0,0,0,0.243,0,0,0,0,0.203,0,0,0.786,0,0,0,0,0.158,0,0,0,0,0,0,0,0,0,0,0,0,0,0,0,0,0,0,0,0.326,0.191,0.278,0,0,0,0.231,0,0,0,0,0,0,0,0,0,0,0,0,0,0,0,0.363,0,0,0,0,0,0,0.309,0,0.606,0,0,0,0,0,0,0,0,0,0,0,0,0,0,0,0,0,0,0,0,0,0,0,0,0,0,0,0,0,0,0,0,0.582,0,0,0.226,0.257,0.204,0.379,0.288,0,0,0,0,0,0,0.212,0,0,0.33,0,0,0,0,0,0,0,0,0,0.158,0,0,0,0,0,0,0,0,0,0,0,0,0,0,0,0,0,0,0,0,0,0.422,0,0,0,0,0,0,0.156,0,0.481,0,0,0,0,0,0,0,0,0,0,0,0,0,0,0,0.789,0.257,0,0.241,0.238,0,0.818,0,0,0,0,0,0,0,0,0,0,0,0.229,0,0,0,0,0,0,0,0,0,0,0,0.786,0,0,0,0,0,0,0,0,0,0,0,0,0,0,0,0,0,0,0,0,0,0,0,0,0,0,0,0.161,0,0.162,0,0,0,0,0,0,0,0,0,0.191,0,0,0,0,0,0,0,0,0,0,0,0,0,0,0,0,0,0,0,0,0,0,0,0,0,0,0,0,0,0,0,0,0,0,0.2,0,0,0,0,0,0,0,0,0,0,0,0,0,0,0.245,0,0,0,0.248,0.209,0,0,0,0,0,0,0,0,0,0,0,0,0,0,0,0,0,0,0,0,0,0,0,0,0,0,0,0,0,0,0,0,0,0,0,0,0.181,0,0,0,0,0,0,0,0,0,0,0,0,0,0,0,0.256,0,0,0,0,0,0,0,0,0,0,0,0,0,0,0.163,0,0,0,0,0.958,0,0.346,0.173,0,0,0,0,0,0,0,0,0,0,0,0,0,0,0,0.229,0,0,0,0,0,0,0,0,0,0,0.415,0.317,0,0,0,0,0,0,0,0,0,0,0,0.194,0.904,0.253,0.163,0,0,0,0,0,0,0,0,0,0,0.175,0,0,0,0,0,0,0.368,0,0.268,0,0,0,0,0,0,0,0,0,0.163,0.632,0,0,0.339,0,0,0,0.914,0,0,0.173,0,0,0,0,0,0,0,0,0,0.69,0,0,0,0,0.273,0.295,0,0,0,0,0.206,0,0,0.205,0,0,0.373,0,0.566,0,0,0,0,0,0,0,0,0,0,0.197,0,0.255,0,0.163,0.236,0,0,0,0,0,0,0,0,0.276,0,0.433,0,0,0,0.163,0,0,0,0.277,0,0.284,0,0,0.241,0.207,0.333,0,0.151,0,0,0,0,0.202,0,0,0,0.15,0.307,0,0,0,0,0,0,0.293,0.247,0.417,0,0,0.163,0,0,0,0,0.188,0.255,0,0,0.207,0,0.283,0,0,0,0,0,0.204,0,0,0,0,0,0.175,0.587,0,0,0,0,0.236,0,0,0.245,0,0.29,0,0,0.192,0,0.216,0,0.255,0,0,0.277,0,0,0,0.24,0.272,0,0.283,0.285,0,0,0,0,0,0,0.326,0,0,0.204,0,0,0,0,0,0,0,0,0,0,0,0,0.275,0,0,0,0,0,0.362,0,0,0,0,0,0.207,0.538,0,0,0.167,0,0,0.209,0.244,0,0,0,0.61,0,0.452,0.277,0,0.307,0,0,0,0,0,0.283,0,0.218,0,0.159,0.338,0,0.263,0,0,0,0.547,0,0.302,0.18,0,0,0,0.199,0,0,0,0.197,0.24,0.238,0,0,0.281,0,0,0,0,0,0,0.265,0,0,0,0,0.158,0,0.238,0.28,0,0,0,0.168,0,0,0,0.166,0,0,0,0.24,0,0,0.272,0,0.218,0.221,0,0,0.151,0.244,0,0,0,0,0,0.27,0,0.27,0,0.269,0.272,0,0,0.203,0,0.241,0.251,0.277,0,0.211,0,0,0,0,0.201,0,0,0,0,0,0,0,0,0,0,0,0,0,0,0.273,0,0,0,0,0,0,0,0,0,0,0,0,0,0,0,0,0,0,0,0,0.226,0,0,0,0.28,0.167,0,0,0,0,0,0,0,0,0,0,0,0.193,0,0,0,0,0,0,0,0,0,0,0,0,0,0.161,0,0,0,0.437,0,0.157,0,0,0,0,0,0,0,0,0,0.328,0,0,0,0,0,0,0,0,0,0.245,0,0,0,0,0.202,0,0,0,0,0,0.202,0,0,0,0,0,0.197,0,0,0,0,0,0,0,0,0,0,0,0,0,0,0.172,0,0.18,0,0,0,0,0,0,0,0,0,0,0.316,0,0,0,0.204,0.19,0,0.186,0,0,0,0.355,0,0,0,0,0,0,0,0.197,0,0,0,0,0,0,0.316,0.202,0,0,0.185,0.319,0,0,0,0,0,0,0,0,0,0,0,0,0.214,0,0,0,0,0,0,0,0,0,0,0,0,0,0,0,0,0,0,0,0,0,0,0,0,0,0,0,0,0,0,0,0,0,0,0,0,0,0,0,0,0,0,0,0,0,0,0,0,0,0,0,0.262,0,0,0,0,0,0.415,0,0,0,0,0.428,0,0.185,0,0,0,0,0,0,0,0,0,0,0.199,0,0,0,0,0.283,0,0,0,0,0,0,0,0,0,0,0,0.262,0,0,0,0,0,0,0,0,0,0,0,0,0,0,0,0,0.151,0,0,0,0,0,0,0,0,0,0,0,0,0,0,0,0,0.812,0,0,0,0,0,0,0.154,0,0,0,0,0,0,0,0,0,0.169,0,0,0,0,0,0.297,0.535,0,0,0,0.27,0,0,0,0,0,0,0,0,0,0,0,0,0,0.197,0,0,0,0,0,0,0,0,0,0,0,0,0,0,0,0,0,0,0,0,0,0,0,0,0,0,0,0,0,0,0.22,0,0.259,0,0,0,0,0.826,0,0,0,0,0,0,0,0,0,0,0,0,0,0,0,0,0,0,0,0,0,0,0,0,0,0,0,0,0,0,0,0,0,0,0,0,0,0,0,0,0,0,0,0,0,0,0,0,0,0,0,0,0,0,0,0,0,0,0,0.186,0,0,0,0,0,0,0,0,0,0,0,0,0,0,0,0,0,0,0,0,0,0,0,0,0,0,0,0,0,0,0,0,0,0,0,0,0,0,0,0,0.222,0,0.211,0,0.25,0,0,0.827,0,0,0,0.417,0,0,0,0,0,0,0,0,0,0,0,0,0,0,0,0,0,0,0,0,0,0,0,0,0,0,0,0,0,0,0,0,0,0,0,0,0,0,0,0,0,0,0,0.164,0,0,0,0,0,0,0,0,0,0,0,0.183,0,0,0,0,0,0,0,0,0,0,0,0,0,0,0,0,0,0,0,0,0,0,0,0,0,0,0,0,0,0,0,0,0,0,0,0,0,0,0,0,0,0,0,0,0,0,0,0,0,0,0,0,0,0,0,0,0,0,0,0,0,0,0,0,0,0,0,0,0,0,0,0,0,0,0,0,0,0,0,0,0,0,0,0,0,0,0,0,0,0.354,0,0,0,0,0,0,0,0,0,0.811,0,0,0,0,0,0,0,0,0,0,0,0,0,0,0,0,0,0,0,0,0,0,0,0,0,0,0,0,0,0,0,0,0,0,0,0,0,0,0,0,0,0,0,0,0,0,0,0,0,0,0,0,0,0,0,0,0,0,0,0,0,0,0.156,0,0,0,0,0,0,0,0,0,0.183,0,0,0,0,0,0,0,0,0,0,0,0,0,0,0,0,0,0,0,0,0.311,0,0,0,0,0,0,0,0,0.177,0.299,0,0,0,0,0,0,0,0,0,0,0,0,0.197,0,0,0,0,0,0.317,0,0,0,0,0.186,0.241,0,0,0,0,0,0,0,0,0.289,0,0,0,0,0,0,0,0,0,0,0,0,0.181,0.258,0,0,0,0,0,0,0,0,0,0.198,0,0,0,0,0,0,0,0,0,0,0,0,0,0,0,0,0,0,0,0,0,0,0,0,0.396,0,0,0,0,0,0,0,0,0,0,0,0,0,0,0,0,0,0,0,0,0,0,0,0,0,0,0,0,0.208,0,0.208,0,0,0,0,0,0,0,0,0,0,0,0,0,0,0,0,0,0,0,0,0,0,0,0,0,0,0,0,0,0,0,0,0,0,0,0,0,0,0,0,0,0,0.151,0,0,0,0.152,0,0,0,0,0,0.372,0,0,0,0,0.34,0,0,0,0,0,0,0,0,0,0,0,0,0,0,0,0,0,0,0,0,0,0,0,0,0,0,0,0,0,0,0,0,0,0,0,0,0,0,0,0,0.391,0,0,0,0,0,0,0,0,0,0,0,0,0,0,0,0,0,0,0,0,0,0,0,0,0,0,0,0,0,0,0,0,0,0.219,0,0.229,0,0,0,0,0,0,0,0.276,0,0,0,0.227,0,0,0.3,0,0,0,0,0,0,0,0,0,0,0,0,0,0,0,0,0,0,0.162,0,0,0,0,0,0,0,0,0,0,0,0,0,0,0,0.352,0.603,0,0,0,0,0,0,0,0,0.265,0,0,0,0.416,0,0,0,0,0,0,0,0,0,0,0,0,0.181,0,0,0,0,0,0.457,0,0,0,0,0,0,0,0,0,0,0,0,0,0,0,0,0,0,0,0,0,0,0,0,0,0.276,0,0,0,0,0,0,0,0,0,0.208,0,0,0,0,0,0,0,0.22,0,0,0,0,0,0,0,0,0,0,0.38,0,0,0,0,0,0,0,0,0,0,0.181,0,0,0,0,0.181,0,0.164,0.181,0,0,0,0,0,0,0,0,0,0,0,0,0,0,0,0,0,0,0,0,0,0,0,0,0,0,0.211,0,0,0,0,0,0,0.203,0,0,0,0,0,0,0,0,0,0,0,0,0,0,0,0,0,0,0,0,0,0,0,0,0,0,0.259,0,0,0,0,0.191,0,0,0,0,0,0,0,0,0,0,0,0,0,0,0,0.271,0,0,0,0,0.233,0,0,0,0,0,0,0,0,0,0,0,0,0,0,0,0,0,0,0,0,0,0,0,0,0.207,0,0,0,0.208,0,0.191,0,0,0,0,0,0,0,0,0,0,0,0,0,0,0,0,0,0,0,0,0,0,0,0,0,0,0,0,0,0,0,0,0,0,0,0,0
853307,0,0,0,0,0,0,0,0,0,0,0,0.508,0.967,0,0,0,0,0,0,0,0,0,0,0.671,0,0,0,0,0,0.818,0,0,0,0,0,0.474,0.991,0.998,0,0,0,0,0,0,0,0.237,0,0,0,0,0,0,0.188,0,0.993,0,0,0,0,0.231,0,0,0,0,0.208,0,0,0,0.346,0,0,0,0,0.151,0,0,0.188,0,0,0,0,0,0,0,0,0,0,0,0,0,0,0,0,0,0,0,0,0,0,0,0.986,0,0,0,0,0,0,0,0,0,0.191,0.398,0,0,0.199,0,0,0,0,0,0,0.356,0,0.16,0,0.337,0,0,0.319,0,0,0,0,0,0,0,0,0,0,0,0,0,0,0,0,0,0,0,0,0,0,0,0,0,0.348,0,0,0.619,0,0,0,0,0,0,0,0,0,0,0,0,0,0,0,0,0,0.66,0,0,0.836,0,0,0,0.176,0,0,0,0,0,0,0,0,0,0,0,0,0,0,0,0,0,0,0,0,0,0,0,0,0,0,0,0,0,0,0,0,0,0,0,0,0,0,0,0,0,0,0,0,0,0,0,0,0,0,0,0,0,0,0,0,0,0,0,0,0,0,0,0,0,0,0,0,0,0,0,0.224,0,0,0,0,0,0,0,0,0,0,0,0,0,0,0,0,0,0,0,0,0,0,0,0,0,0,0,0,0,0,0,0,0,0,0,0,0,0,0,0,0,0,0,0,0,0,0,0,0,0,0,0,0,0,0,0,0,0,0,0,0,0,0,0,0,0,0,0,0,0,0,0.159,0,0,0,0,0,0,0,0.19,0,0,0,0,0,0,0,0,0,0,0,0,0,0,0,0,0,0,0,0,0,0,0,0,0,0,0,0,0,0,0,0,0,0,0,0,0,0,0.188,0,0,0,0,0,0,0,0,0,0,0,0,0,0,0,0,0,0,0,0,0,0,0,0,0,0,0,0,0,0,0,0,0,0,0,0,0,0,0,0,0,0,0,0,0,0,0,0,0,0.153,0,0,0,0,0,0,0.252,0,0,0,0,0,0,0,0,0,0,0.185,0,0,0,0,0,0,0,0,0,0,0,0.169,0,0,0,0,0,0,0,0,0,0,0,0,0,0.161,0,0,0,0,0,0,0,0,0,0,0,0,0,0,0,0.182,0,0,0,0,0,0,0,0,0,0,0,0,0,0,0,0,0,0,0,0,0,0,0,0,0,0,0,0,0,0,0,0,0,0,0,0,0,0,0,0,0,0,0,0,0,0,0,0,0,0,0,0,0,0,0,0,0,0,0,0,0,0,0,0,0,0,0,0,0,0,0,0,0,0,0.175,0,0,0,0,0,0,0,0,0,0,0,0,0,0,0,0,0,0,0,0,0,0,0,0,0,0,0,0,0,0,0.435,0,0,0,0,0.341,0,0,0,0,0,0.18,0,0,0,0,0,0.21,0,0,0,0,0,0,0,0,0,0,0,0,0,0,0,0,0,0,0,0,0,0,0,0,0,0,0,0,0,0.197,0,0,0,0,0,0,0.311,0,0,0,0,0,0,0,0,0,0,0,0,0,0,0,0,0,0,0,0,0,0,0,0,0,0,0,0,0,0,0,0,0,0,0,0,0,0,0,0,0,0,0,0,0,0,0,0,0,0,0,0,0,0,0,0,0,0,0,0,0,0,0,0,0,0,0,0,0,0,0,0,0,0,0,0,0,0,0,0,0,0.566,0,0,0,0,0,0,0,0,0,0,0,0,0,0,0,0,0,0,0,0,0.622,0,0,0,0,0,0,0,0,0,0,0,0.158,0,0,0,0,0,0,0,0,0,0,0,0,0,0,0,0,0,0,0,0,0,0,0,0,0,0,0,0,0,0,0,0,0,0,0,0,0,0,0,0,0,0,0,0,0,0,0,0,0,0,0,0,0,0,0,0,0,0,0,0,0,0,0,0,0,0,0,0,0,0,0,0,0,0,0,0,0,0,0,0,0,0,0,0,0,0,0,0,0,0,0,0,0,0,0,0,0,0,0,0,0,0,0.165,0,0,0,0,0,0,0,0.154,0,0,0,0,0.155,0,0,0,0,0,0,0,0,0,0.498,0,0,0,0,0,0,0,0.209,0,0,0,0,0,0,0,0,0,0,0,0,0,0,0,0,0,0.15,0,0,0,0,0,0,0,0,0,0,0,0,0,0,0,0,0,0.152,0,0,0,0,0,0.368,0,0,0,0,0,0.15,0,0,0,0,0,0,0,0,0,0,0,0,0,0,0,0,0,0,0,0,0,0,0,0,0,0,0,0,0.158,0,0,0,0,0,0,0,0,0,0,0,0,0,0,0,0,0,0,0,0,0,0,0,0,0,0,0,0,0,0,0,0,0,0,0,0,0,0,0,0,0,0,0,0,0,0,0,0,0,0,0,0,0,0,0,0,0,0,0,0,0,0,0,0,0,0,0,0,0,0,0,0,0.225,0,0,0,0,0,0,0,0,0,0,0,0,0,0,0.618,0,0,0,0,0,0,0.366,0,0,0,0,0,0,0,0,0,0,0,0,0,0,0,0,0,0,0,0,0,0,0,0,0,0,0,0,0,0,0,0,0,0,0,0,0,0,0,0,0,0.242,0,0,0,0,0,0,0,0,0,0,0,0,0,0,0,0,0,0,0,0,0,0.167,0,0,0,0,0.366,0,0.159,0,0,0,0,0,0,0,0,0,0,0,0,0,0,0,0,0.175,0,0,0,0,0,0,0,0,0,0,0,0,0,0,0,0,0,0,0,0,0,0,0,0,0,0,0,0.159,0,0,0,0,0,0,0,0,0,0,0,0,0,0,0,0,0,0,0,0,0,0,0,0,0,0,0,0,0,0,0,0,0,0,0,0,0,0,0,0,0,0,0,0,0,0,0,0,0,0,0,0,0,0,0,0,0,0,0,0,0.196,0,0,0,0,0,0,0,0,0,0,0,0,0,0,0,0,0,0,0,0,0,0,0,0,0,0,0,0,0.159,0,0,0,0,0,0,0,0,0,0,0,0,0,0,0,0,0,0,0,0,0,0,0,0,0,0,0,0,0,0,0,0,0,0,0,0,0,0,0,0,0,0,0,0,0,0,0,0,0,0,0,0,0,0,0,0,0,0,0,0,0,0,0,0,0,0,0,0,0,0,0,0,0,0,0,0,0,0,0,0,0,0,0,0,0,0,0,0,0,0,0,0,0,0,0,0,0,0,0,0,0,0,0,0,0,0,0,0,0,0,0,0,0,0,0,0,0,0,0,0,0,0,0,0,0,0,0,0,0,0,0,0,0,0,0,0,0,0,0,0,0,0,0,0,0,0,0,0,0,0,0,0,0,0,0,0,0,0,0,0,0,0,0,0,0,0,0,0,0,0,0,0,0,0,0,0,0,0,0,0,0,0,0,0,0,0,0,0,0,0,0,0,0,0,0,0,0,0,0,0,0,0,0,0,0,0,0,0,0,0,0,0,0,0,0,0,0,0,0,0,0,0,0,0,0,0,0,0,0,0,0,0,0,0,0,0,0,0,0,0,0,0,0,0,0,0,0,0,0,0,0,0,0,0,0,0,0,0,0,0.271,0,0,0,0,0,0,0,0,0,0,0,0,0,0,0,0,0,0,0,0,0,0,0,0,0.309,0,0,0,0,0,0,0,0,0,0,0,0,0,0,0.226,0,0.196,0.272,0.231,0,0,0,0,0,0,0,0,0,0,0,0,0,0,0,0,0,0,0,0,0,0,0,0,0,0,0,0,0,0,0,0,0,0,0,0,0,0,0,0.274,0,0,0,0,0,0,0,0,0,0,0,0,0,0,0,0,0,0,0,0,0,0,0,0.776,0,0,0,0,0,0,0,0,0,0,0,0,0,0,0,0,0,0,0,0,0,0,0,0,0,0,0,0,0,0,0,0,0,0,0,0,0,0,0,0,0,0,0,0,0,0,0,0,0,0,0,0,0,0,0,0,0,0,0,0,0,0,0,0,0,0,0,0,0,0,0,0,0,0,0,0,0,0,0,0,0,0,0,0,0,0,0,0,0,0,0,0,0,0,0,0,0,0,0,0,0,0,0,0,0,0,0,0,0,0,0.762,0,0,0,0,0,0,0,0,0,0,0,0,0,0,0,0,0,0,0,0,0,0,0,0.422,0,0,0,0,0,0,0,0,0,0,0,0,0.294,0,0,0,0,0,0,0,0.289,0,0,0,0,0,0,0,0,0,0,0,0,0,0,0,0,0,0,0,0,0,0,0,0,0,0,0,0,0,0,0,0,0,0,0,0.284,0,0,0,0,0,0,0,0,0,0,0,0,0,0,0,0,0,0,0,0,0,0,0,0,0,0,0,0,0,0,0,0,0,0,0,0,0,0,0.15,0,0,0,0,0,0,0,0,0,0,0,0,0,0,0,0,0,0,0,0,0,0,0,0,0,0,0,0,0.276,0,0,0,0,0,0,0.178,0,0,0,0,0,0,0,0,0,0,0,0,0,0,0,0,0,0,0,0.226,0,0,0,0,0,0,0,0,0.205,0,0,0,0,0,0,0,0,0,0,0,0,0,0,0,0,0.208,0,0,0,0,0,0,0,0,0,0,0.425,0,0,0,0,0,0,0,0,0,0,0,0,0,0,0,0,0,0,0,0,0,0,0,0,0,0,0,0,0,0,0,0,0,0,0,0,0,0,0,0,0,0,0,0,0,0,0,0,0,0,0,0,0.176,0,0.152,0,0,0,0,0,0,0,0,0,0,0.19,0,0,0,0.161,0,0,0,0,0,0,0,0,0,0,0,0,0,0,0,0,0.192,0,0,0,0,0,0,0,0,0,0,0,0,0,0,0,0,0,0.233,0,0,0,0,0,0,0,0,0,0,0,0,0,0,0,0,0,0,0,0,0,0,0,0,0,0,0,0,0,0,0,0,0,0,0,0,0,0,0,0,0,0,0,0,0,0,0,0,0,0,0,0,0,0,0,0.458,0,0,0,0,0,0,0,0,0,0,0,0,0,0,0,0,0,0,0,0,0,0.199,0,0,0,0,0,0.2,0,0,0,0,0,0,0,0,0,0,0,0,0,0,0,0,0,0,0,0,0,0,0,0,0,0,0,0,0,0,0,0,0,0,0.199,0,0,0,0,0,0,0,0,0,0,0,0.158,0,0,0,0,0,0,0,0,0,0.181,0,0,0,0,0,0,0,0,0,0,0,0,0,0,0,0,0,0.228,0,0,0,0,0,0,0,0,0,0,0,0,0,0,0,0,0,0,0,0,0,0,0,0,0,0,0,0,0,0,0,0,0,0,0,0,0,0,0,0,0,0,0,0,0,0,0,0,0,0,0,0,0,0,0,0,0,0,0,0,0,0,0,0,0,0,0,0,0,0,0,0,0,0,0,0,0,0,0,0,0,0,0,0,0,0,0,0,0,0,0,0,0,0,0,0,0,0,0,0.157,0,0,0,0,0,0,0,0.429,0,0,0,0,0,0,0,0,0,0,0,0,0,0,0,0,0,0,0,0,0,0,0,0,0,0,0,0,0,0,0,0,0,0.163,0,0,0,0,0,0,0,0,0,0,0,0,0,0,0,0,0,0,0,0,0,0,0,0,0,0,0,0,0,0,0,0,0,0,0,0,0,0,0,0,0,0,0,0,0,0,0,0,0.427,0,0,0,0,0,0.261,0,0.994,0.179,0,0,0,0.2,0,0,0,0,0,0,0,0,0,0,0,0,0,0,0,0,0,0,0,0,0,0,0,0,0,0,0,0,0,0,0,0,0,0,0.157,0,0,0,0,0,0,0,0,0,0,0.183,0,0,0,0,0,0,0,0,0,0,0,0,0,0,0,0,0,0,0,0,0,0,0,0,0,0,0,0,0,0,0,0,0,0,0,0,0,0,0,0,0,0,0,0,0,0,0,0,0,0,0,0,0,0,0,0,0,0,0.196,0,0,0,0,0,0,0,0,0,0,0,0,0,0,0,0,0,0,0,0,0.997,0,0,0,0,0,0,0,0.213,0,0,0,0,0,0,0,0,0,0,0,0,0,0,0,0,0,0,0,0,0,0,0,0,0,0,0,0,0,0,0,0,0.157,0,0,0,0,0,0,0,0,0,0,0,0,0,0,0,0,0,0.382,0,0,0,0,0,0,0,0,0.274,0,0,0,0,0,0,0,0,0,0,0,0,0,0,0,0,0,0,0,0,0,0,0,0,0,0,0,0,0,0,0,0,0,0,0,0,0,0,0,0,0,0,0,0,0,0,0,0,0,0,0,0,0,0,0,0,0,0,0,0,0,0,0,0,0,0,0,0,0,0,0,0,0,0,0,0,0,0,0,0,0,0,0,0,0,0,0,0,0,0,0,0,0,0,0,0,0,0,0,0,0,0,0,0,0,0,0,0,0,0,0,0,0,0,0,0,0,0,0,0,0,0.197,0,0,0,0,0,0,0,0,0,0,0,0,0,0,0,0,0,0,0,0,0,0,0,0,0,0,0,0,0,0,0,0,0,0,0,0,0,0,0,0,0,0,0,0,0.265,0,0,0,0,0,0,0,0,0,0,0,0,0,0,0,0,0,0,0,0,0,0,0,0,0,0,0,0,0,0,0,0,0,0,0,0.351,0,0,0,0,0,0.265,0,0,0,0,0,0,0,0,0,0,0,0,0,0,0,0,0,0,0,0,0,0,0,0,0,0,0,0,0,0,0,0,0,0,0,0,0,0,0,0,0,0,0,0,0,0,0,0,0,0,0,0,0,0,0,0,0,0,0,0,0,0,0,0,0,0,0,0,0,0,0,0,0,0,0,0,0,0,0,0,0,0,0,0,0,0,0,0,0,0,0,0,0,0,0,0,0,0,0,0,0,0,0,0,0,0,0,0,0,0,0,0,0,0,0,0,0,0,0,0,0,0,0,0,0.765,0,0,0,0,0,0,0,0,0,0,0,0,0,0,0,0,0,0,0,0,0,0,0,0,0.364,0,0,0,0,0,0,0,0,0,0,0,0,0,0,0,0,0,0,0,0,0,0,0,0,0,0,0,0,0,0,0,0,0,0,0,0,0,0,0,0,0,0,0,0,0,0,0,0,0.269,0,0,0,0,0,0,0,0,0,0,0,0,0,0,0,0,0,0,0,0,0,0,0,0,0,0,0,0,0,0,0,0,0,0,0,0,0,0,0,0,0,0,0,0,0,0,0,0,0,0,0.299,0,0,0,0,0,0,0,0,0,0,0,0,0,0,0,0,0,0,0,0,0.496,0,0,0,0,0,0,0,0,0,0,0,0,0,0,0.189,0,0,0,0,0,0,0,0,0,0,0,0,0,0,0,0,0,0,0,0,0,0,0,0,0,0,0,0,0,0,0,0,0,0,0,0,0,0,0,0,0.253,0.15,0,0,0.184,0,0,0,0,0,0,0,0,0,0,0,0,0,0,0,0,0,0,0,0,0,0,0,0,0,0,0,0,0,0,0,0,0,0,0,0,0,0,0,0,0,0,0,0,0,0,0,0,0.335,0,0,0,0,0,0,0,0,0,0,0,0,0,0,0,0,0,0,0,0,0,0,0,0,0,0,0,0,0,0,0.207,0,0,0,0,0,0,0,0,0,0,0,0,0,0,0,0,0,0,0,0,0,0,0,0,0,0,0.482,0,0,0,0,0,0,0,0,0,0,0,0.961,0,0,0,0,0,0,0,0,0,0,0,0,0,0,0,0,0,0,0,0,0,0,0,0,0,0,0,0,0,0,0,0,0,0,0,0,0,0,0,0,0,0,0,0,0,0,0,0.175,0,0,0,0,0,0,0,0,0,0,0,0,0,0,0,0,0,0,0,0,0,0,0,0,0,0,0,0,0,0,0,0,0,0,0,0.175,0,0,0,0,0,0,0,0,0,0,0,0,0.253,0,0,0,0,0,0,0,0,0,0,0,0,0,0,0,0,0,0,0,0,0,0,0,0,0,0,0,0,0,0,0,0,0,0,0,0,0,0,0,0,0,0,0,0,0,0,0,0,0,0,0,0,0,0,0,0,0,0,0,0,0,0,0,0,0,0,0,0,0,0,0,0,0,0,0,0,0,0,0,0,0,0,0,0,0,0,0,0,0,0,0,0.206,0,0,0,0,0,0,0,0,0,0,0,0,0,0,0,0,0,0,0,0,0,0,0,0,0,0,0,0,0,0,0,0,0,0,0.332,0,0,0,0.155,0,0,0,0,0,0,0,0,0,0,0,0,0,0,0,0,0,0,0,0,0,0,0,0,0,0,0,0,0,0,0,0,0,0,0,0,0,0,0,0,0,0,0,0,0,0,0,0,0,0,0,0,0,0,0.167,0,0,0,0,0,0,0,0,0,0,0,0,0,0,0,0,0,0,0,0,0,0,0,0,0,0,0,0.177,0,0,0,0,0,0,0,0,0.196,0,0,0,0,0,0,0,0,0,0,0,0,0,0,0,0,0,0,0,0,0,0,0,0,0,0,0,0,0,0,0,0,0,0,0,0,0,0,0,0,0,0,0,0,0,0,0,0,0,0,0,0,0,0,0,0,0,0,0,0,0,0,0,0,0,0,0,0,0,0,0,0,0,0,0,0,0,0,0,0,0,0,0,0,0,0,0,0,0,0,0,0,0,0,0,0,0,0,0,0,0,0,0,0,0,0,0,0,0,0,0,0,0,0.322,0,0,0,0,0,0,0,0,0,0,0,0,0,0,0,0,0,0,0,0,0,0,0,0,0,0,0,0,0,0,0,0,0,0,0,0,0,0,0,0,0,0,0,0,0,0,0,0,0,0,0.197,0,0,0,0,0,0,0,0,0,0,0,0,0,0,0,0,0,0,0,0,0,0,0,0,0,0,0,0,0,0,0,0,0,0,0,0,0,0,0,0,0,0,0,0,0,0,0,0.174,0,0,0,0,0,0,0,0.457,0,0,0,0,0.426,0,0,0,0,0,0,0,0,0.167,0,0,0,0.337,0,0,0,0,0,0,0,0,0,0,0,0,0,0,0,0,0,0,0,0,0,0,0,0.187,0,0,0,0,0,0,0,0.19,0,0,0,0,0,0,0,0,0.193,0,0,0,0,0,0,0,0,0,0,0,0,0,0,0,0,0,0,0,0,0,0,0,0,0,0,0,0,0,0,0,0.219,0,0,0,0,0,0,0,0,0,0,0,0,0.198,0,0,0,0,0,0,0,0,0,0,0,0,0,0,0,0,0,0,0,0,0,0,0,0,0,0,0,0,0,0,0,0,0,0,0,0,0,0,0,0,0,0,0,0,0,0,0,0,0.227,0,0,0,0,0,0,0.78,0,0,0,0,0,0,0,0,0,0,0,0,0,0,0,0,0,0,0,0,0,0,0,0,0,0,0,0,0,0,0,0,0,0,0,0,0,0,0,0,0,0,0,0,0.203,0,0,0,0,0,0,0,0,0,0,0,0,0,0,0,0,0,0.427,0,0,0,0,0,0,0,0,0,0,0,0,0,0,0,0,0,0,0,0,0,0,0,0,0,0,0,0,0,0,0,0,0,0,0,0,0,0.931,0,0,0,0,0,0,0,0,0,0,0,0,0,0,0,0,0,0,0,0,0,0,0,0,0,0,0,0,0,0,0,0,0,0,0,0,0,0,0,0,0,0,0,0,0,0,0,0,0,0,0,0,0,0,0,0,0,0,0,0,0,0,0,0,0,0,0,0,0,0,0,0,0,0,0,0,0,0,0,0,0,0,0,0,0,0,0,0,0,0,0,0,0,0.295,0,0,0,0,0,0,0,0,0,0,0,0,0,0,0,0,0,0,0,0,0,0,0,0,0,0,0,0,0,0,0,0,0,0,0,0,0,0,0,0,0,0,0,0,0,0,0,0,0,0,0,0,0,0,0,0,0.376,0,0,0,0,0,0,0,0,0,0,0,0,0,0,0,0,0,0,0,0,0,0,0,0,0,0,0,0,0,0,0,0,0,0,0,0,0,0
854759,0,0,0,0,0,0,0,0,0,0,0,0,0,0,0,0,0,0,0.297,0,0,0,0,0,0,0,0,0,0,0,0,0,0,0,0,0,0,0,0,0,0,0,0,0,0,0,0,0,0,0,0,0.999,0,0,0,0,0,0,0,0,0,0,0,0,0,0.155,0,0,0,0,0,0,0,0,0,0,0,0,0,0,0,0,0,0,0,0,0,0,0.653,0,0,0,0,0,0,0.999,0,0,0,0,0,0,0,0,0,0,0,0,0,0,0,0,0,0,0,0,0,0,0,0,0,0,0,0,0,0,0,0.643,0,0,0,0,0,0,0,0,0,0,0,0,0.997,0.362,0,0,0,0,0,0,0,0,0,0,0,0,0,0.9,0,0,0,0,0,0,0,0,0,0,0,0,0,0,0,0,0,0,0,0,0,0,0,0,0,0,0,0,0,0,0,0,0.229,0.202,0,0,0,0,0,0,0,0,0,0,0,0,0,0.803,0,0,0.999,0,0,0.179,0,0,0,0.177,0,0.252,0,0,0,0,0.999,0,0,0.282,0,0,0,0,0,0.827,0,0,0.999,0,0.219,0,0,0,0,0,0,0,0,0,0.326,0,0,0,0,0,0,0,0,0,0,0,0,0,0,0,0,0,0,0,0.238,0,0,0,0,0,0,0,0,0,0,0.784,0,0.185,0,0,0,0,0.434,0,0.256,0.372,0,0.906,0,0.295,0,0,0,0,0,0,0,0,0,0,0.999,0,0,0,0,0,0,0,0,0.999,0,0,0,0,0.806,0,0,0,0,0,0,0,0,0,0,0,0,0,0,0.766,0,0,0,0.209,0.447,0,0,0,0,0,0,0,0,0,0,0,0,0,0,0,0,0,0,0,0,0,0,0,0,0.211,0,0,0,0,0,0,0.265,0,0,0.998,0,0.604,0,0,0,0,0.999,0,0,0,0,0,0,0.998,0,0,0,0,0,0,0,0,0,0,0,0,0.999,0,0.523,0,0.157,0,0,0,0,0,0,0,0,0.851,0,0,0,0,0,0.166,0,0,0,0,0,0,0,0,0,0.176,0,0,0,0,0,0,0,0,0,0,0,0,0,0,0,0,0,0,0,0,0,0,0,0,0.99,0,0.218,0,0,0,0,0.335,0,0,0,0,0,0,0,0,0,0,0,0,0,0,0,0.999,0,0,0,0,0,0.545,0,0,0,0,0,0,0,0,0,0,0,0.915,0,0,0,0,0,0.905,0,0,0,0,0,0,0,0,0,0,0,0,0,0,0,0,0.258,0,0.999,0.307,0,0,0,0,0,0,0,0.171,0,0,0,0,0,0,0,0,0,0,0.908,0,0,0,0.306,0,0,0,0,0,0,0,0,0,0,0,0,0,0,0,0,0,0,0,0,0,0,0,0,0.311,0,0,0,0,0,0,0,0,0,0,0,0,0,0,0,0,0,0,0,0.911,0,0,0,0,0,0,0,0,0,0,0,0.311,0,0.183,0,0,0,0,0,0,0,0,0,0,0,0,0,0,0,0,0,0,0,0,0,0,0,0,0.532,0.901,0,0,0,0,0,0,0,0,0.592,0,0,0,0,0,0,0,0,0,0.207,0,0,0,0,0,0,0,0,0,0,0,0,0,0,0,0,0,0,0,0,0,0,0,0,0,0,0,0,0,0,0,0,0,0,0,0,0.803,0,0,0,0,0.268,0,0,0,0,0,0,0,0,0,0,0,0,0,0,0,0,0,0,0,0.155,0.394,0,0,0,0,0,0,0,0,0,0.239,0.999,0,0,0,0,0,0,0.173,0,0,0,0.997,0,0,0,0.478,0,0.405,0,0,0,0,0,0.189,0,0,0,0.178,0,0,0,0,0.999,0,0.558,0,0,0,0,0,0,0,0,0,0,0,0,0,0,0,0,0,0,0,0,0,0,0,0.191,0,0,0,0,0,0,0.294,0,0.177,0,0,0.155,0,0,0,0,0,0,0,0,0,0,0,0,0,0,0,0,0,0,0,0,0,0,0,0,0,0.802,0,0.226,0,0.352,0,0,0,0,0,0,0,0,0,0,0,0,0,0,0,0,0,0,0.999,0,0.194,0,0,0,0,0,0,0,0,0,0,0,0,0,0,0,0,0,0.341,0,0,0,0,0,0,0,0,0,0.999,0,0,0,0,0,0,0.177,0,0,0,0,0,0.152,0,0.999,0,0,0,0,0,0,0.226,0,0,0,0,0,0,0,0.237,0,0,0,0,0,0,0,0,0,0,0,0.974,0,0.997,0,0,0,0,0.255,0,0,0,0.999,0,0,0.597,0,0.441,0,0.998,0,0.937,0.225,0.999,0,0,0,0,0,0,0,0,0,0.188,0,0,0,0,0,0,0.992,0,0.936,0.999,0,0,0,0,0,0,0,0.444,0,0,0,0,0.174,0.669,0,0,0,0.151,0,0.999,0,0,0,0,0,0,0,0,0,0,0.235,0,0,0,0.343,0,0,0,0,0,0,0,0,0,0,0,0,0,0,0,0,0,0,0,0,0,0,0,0,0,0,0,0,0,0,0,0,0,0,0,0,0,0,0,0,0.192,0,0,0,0,0,0,0,0.998,0,0,0,0,0,0,0,0,0,0.999,0,0,0,0,0,0,0,0,0,0,0,0,0.904,0,0,0,0,0,0,0.161,0,0,0,0,0,0,0,0,0,0,0,0,0,0,0,0,0,0,0,0,0,0,0,0,0,0,0,0,0,0,0,0,0,0,0,0,0,0,0,0,0,0,0.999,0,0,0,0,0,0,0.226,0,0.91,0,0,0,0,0,0,0,0,0,0,0,0,0,0,0,0,0,0,0.998,0,0,0,0,0,0,0,0,0,0,0.999,0,0,0,0,0,0,0,0,0.999,0.394,0.177,0,0,0,0,0,0,0,0,0,0,0,0.539,0,0,0,0,0,0,0,0,0,0,0.177,0,0,0,0,0,0,0,0,0,0,0,0.999,0,0,0.362,0,0,0,0,0,0,0,0,0,0,0,0,0.999,0,0,0.274,0,0,0,0,0,0.583,0,0.915,0,0,0,0,0.186,0,0,0,0,0,0,0,0,0,0,0,0,0,0,0,0,0,0,0,0,0,0,0,0.999,0,0,0,0.316,0,0.443,0,0,0,0,0,0,0,0,0,0,0,0,0,0,0,0,0,0,0.441,0,0,0,0,0,0,0.999,0,0.999,0,0,0,0,0,0,0,0,0,0,0,0,0,0,0,0,0,0,0,0,0,0,0,0,0,0,0,0,0,0,0,0,0,0,0,0,0,0.296,0,0,0,0,0,0,0,0,0,0,0,0,0.797,0,0,0,0,0,0.394,0,0,0,0,0,0,0,0,0,0,0,0,0,0,0,0,0,0,0,0,0,0,0,0,0,0,0,0.995,0,0,0,0,0,0,0,0,0,0,0,0,0,0.16,0,0,0.228,0,0,0,0,0,0,0,0,0,0,0,0,0,0,0,0,0,0,0,0,0,0,0,0,0,0.797,0,0,0,0,0,0,0,0.485,0,0,0,0,0,0,0,0,0,0,0,0,0,0,0,0,0,0,0,0,0,0,0,0,0.173,0,0,0,0,0,0,0,0,0,0,0,0,0,0,0,0,0,0,0,0,0,0,0,0,0,0,0.999,0,0,0,0,0,0,0,0,0,0,0,0,0,0,0,0,0,0,0,0,0,0,0,0,0,0,0,0,0,0.179,0,0.161,0,0,0,0,0,0,0,0,0,0,0,0,0,0,0,0,0,0,0,0,0,0,0,0,0,0,0,0,0,0,0,0,0,0,0,0,0,0,0,0,0,0,0,0,0,0,0,0,0,0,0,0,0,0,0,0,0,0,0,0,0.326,0,0,0,0,0,0,0,0,0,0,0,0,0,0,0,0,0,0,0,0,0,0,0,0,0,0,0,0,0,0,0,0,0,0.193,0.218,0,0,0,0,0,0,0,0,0,0,0,0,0,0,0,0,0,0,0.494,0,0.431,0,0,0,0,0,0.999,0,0,0,0,0.317,0.595,0,0.209,0,0.236,0,0.167,0.901,0,0,0,0,0,0,0,0,0,0,0,0,0.209,0,0,0.169,0,0,0,0.349,0,0,0.324,0,0,0,0,0,0.999,0,0,0,0.996,0,0,0,0,0,0,0,0,0,0,0.999,0,0,0,0,0,0,0,0,0,0,0,0,0,0,0,0,0,0,0,0,0,0.153,0,0,0.211,0,0.999,0,0,0,0,0,0,0,0,0,0,0,0.177,0,0.177,0.594,0.171,0,0,0,0,0.403,0,0.254,0,0,0,0,0,0,0,0,0.999,0,0.185,0,0,0,0.291,0,0,0,0.999,0,0,0,0,0,0,0,0,0,0,0,0.231,0,0,0,0,0,0,0,0,0,0,0,0,0,0,0.999,0,0,0.69,0,0,0,0,0,0,0.214,0,0,0.744,0,0.999,0,0,0,0,0,0,0.234,0,0.173,0.237,0,0,0,0,0,0,0,0,0,0,0,0,0,0.902,0,0,0,0,0,0.903,0,0,0,0.321,0,0,0,0,0,0,0,0,0,0,0,0,0,0,0.196,0,0,0,0,0,0,0,0,0,0,0,0.182,0,0,0,0,0.204,0,0,0,0,0,0,0,0,0,0,0,0,0,0,0,0,0,0,0,0,0,0,0.228,0,0,0.286,0,0,0,0,0,0,0,0,0,0,0,0,0,0,0,0,0.999,0,0,0,0,0,0,0,0,0,0,0.179,0,0,0,0,0,0,0,0.224,0,0,0,0,0,0,0,0,0.17,0,0,0,0,0,0,0,0,0,0,0,0,0,0,0,0,0,0,0,0,0,0.905,0,0,0,0,0,0.194,0,0,0,0,0,0,0,0,0,0,0,0,0.183,0,0,0,0.806,0,0,0,0,0,0,0,0,0,0,0,0,0,0,0,0,0,0,0,0,0,0,0,0,0,0,0,0,0.245,0,0,0.219,0,0,0,0,0,0,0,0,0,0,0,0,0,0,0,0,0,0,0,0,0,0,0,0,0,0,0,0,0,0,0,0,0,0,0,0,0,0,0,0,0,0,0,0,0,0,0,0,0,0,0,0,0,0,0,0,0,0,0,0,0,0,0,0,0,0.801,0,0,0.996,0,0,0,0,0,0,0,0.169,0,0,0,0,0,0,0,0,0,0,0,0,0,0,0,0,0,0,0,0,0,0,0,0,0,0,0,0,0,0,0,0,0,0,0,0,0,0,0,0,0,0.343,0,0,0,0,0,0,0,0,0,0,0.202,0.307,0,0,0.173,0,0.999,0,0,0,0,0,0,0.791,0,0,0,0,0,0,0,0,0,0,0,0,0,0,0,0,0,0,0,0,0,0,0,0,0,0,0,0,0,0,0,0,0,0,0,0,0,0,0,0.999,0,0,0,0,0,0.999,0,0,0,0,0.999,0,0,0,0,0,0,0,0.188,0.876,0,0,0,0.152,0,0,0,0,0,0,0,0,0,0.904,0,0,0,0.908,0,0,0,0,0,0,0.391,0.999,0,0,0,0.759,0,0,0,0,0,0,0,0,0,0,0,0,0,0,0,0,0,0,0,0,0,0,0,0,0.176,0,0,0,0,0,0,0,0,0,0,0,0,0,0,0,0,0,0.165,0,0,0,0,0,0,0,0,0,0,0,0,0,0,0.242,0,0,0,0,0.326,0.169,0,0,0,0,0,0.298,0,0,0,0,0.999,0,0,0,0,0,0,0,0,0,0,0,0,0,0,0.906,0.179,0,0,0,0,0,0,0,0,0,0,0,0.503,0,0,0,0,0,0,0,0,0,0,0.391,0,0,0,0,0,0,0,0,0,0,0,0,0,0,0,0,0,0,0.999,0,0,0.999,0,0,0,0,0,0,0,0,0,0,0,0,0,0,0,0,0,0,0,0,0,0,0,0,0,0,0,0,0,0,0,0,0,0,0,0,0,0,0,0,0,0,0,0,0,0,0,0,0,0,0,0,0,0,0,0,0,0,0,0,0,0,0,0,0,0,0,0,0,0,0,0,0,0,0,0,0,0,0,0,0,0,0,0,0,0,0,0,0,0,0,0,0,0,0,0,0,0,0,0,0,0,0,0,0,0,0,0,0,0,0,0,0,0,0,0,0,0,0,0,0.608,0,0,0,0,0,0,0,0,0,0,0,0,0,0,0,0,0,0,0,0,0,0,0,0,0,0,0,0,0,0,0.188,0,0,0,0,0,0,0,0,0,0,0,0,0.999,0,0,0,0,0,0,0,0,0,0,0,0,0,0,0,0,0,0,0,0,0,0,0,0,0,0,0,0,0,0.268,0,0.154,0,0,0.592,0,0,0,0,0,0,0,0,0,0,0,0,0.893,0,0,0,0,0,0,0,0,0,0,0,0,0,0,0,0,0,0,0,0,0,0,0,0,0,0,0,0,0,0,0,0.383,0,0,0.237,0,0,0.495,0,0,0,0,0,0,0,0,0,0,0,0,0,0,0,0,0,0,0,0,0,0,0,0,0,0,0,0,0,0,0,0,0,0,0,0,0,0,0,0,0,0,0,0,0,0,0,0,0,0,0,0,0,0,0,0,0,0,0,0,0,0,0,0,0,0,0,0,0,0,0,0,0,0,0,0,0,0,0,0,0,0,0,0,0,0,0,0,0,0,0,0,0.74,0.824,0.999,0.796,0.181,0.301,0.168,0,0.999,0.991,0.999,0,0,0.999,0.187,0.153,0,0.999,0,0.649,0.999,0,0,0,0.158,0.178,0,0.999,0.285,0.999,0,0,0.999,0,0,0.178,0.269,0,0.796,0.999,0.59,0.999,0,0.898,0,0,0,0.998,0.999,0.178,0.945,0,0,0.647,0.194,0.583,0.793,0,0.511,0,0.195,0.997,0.999,0.998,0.999,0.913,0.999,0.999,0.258,0.224,0.999,0.81,0.999,0.174,0,0,0.812,0,0,0,0.999,0.999,0,0.993,0.999,0.999,0.196,0,0.999,0,0.801,0.841,0,0.999,0,0.72,0,0.999,0.999,0,0.916,0,0,0.999,0,0.999,0.999,0.78,0.999,0.999,0,0,0.999,0.287,0.997,0.333,0.998,0.999,0.815,0.999,0.91,0,0.303,0,0.999,0.998,0.775,0.814,0,0,0.932,0,0,0,0.802,0,0.989,0.845,0.347,0,0,0.173,0.999,0.999,0.167,0,0.598,0.999,0,0,0.999,0,0.181,0.578,0.999,0.997,0,0.961,0,0.999,0,0.791,0.999,0.173,0.206,0.999,0.999,0,0,0.999,0.999,0.25,0.15,0.196,0,0,0,0,0,0.192,0.663,0.504,0,0.722,0,0.834,0,0,0.924,0.999,0.999,0.999,0.341,0,0,0.999,0.999,0,0.185,0.999,0,0.999,0.999,0.237,0.999,0,0.204,0.999,0,0.999,0.223,0,0.992,0.999,0.998,0,0.825,0.999,0,0.908,0,0,0.999,0,0.999,0,0,0.999,0,0,0,0,0,0,0,0,0,0,0,0,0,0,0,0,0,0,0,0,0,0,0,0,0,0.163,0,0,0,0,0,0,0,0,0,0,0,0,0,0,0,0,0,0.999,0,0,0,0,0,0,0,0,0,0,0,0,0,0,0,0,0,0,0,0,0,0,0,0,0,0,0,0,0,0,0,0,0,0,0,0,0,0,0,0,0,0,0,0,0,0,0,0,0,0,0,0,0,0,0,0,0,0,0,0,0,0,0,0,0,0,0.155,0,0,0,0,0,0,0,0,0,0,0,0,0.15,0,0,0,0,0,0,0,0,0,0,0,0,0,0,0,0,0,0,0,0,0,0,0,0,0,0,0,0,0,0,0,0,0,0,0,0,0,0,0,0,0,0,0,0,0,0,0,0,0,0,0,0,0,0,0,0,0,0,0,0,0,0,0,0,0,0,0,0,0,0,0,0,0,0,0,0,0,0,0,0,0,0,0.195,0,0,0,0,0,0,0,0,0,0,0,0,0,0,0,0.157,0,0,0,0,0,0,0,0,0,0,0,0,0,0,0,0,0,0.307,0.173,0,0.902,0,0,0,0.904,0,0,0,0.889,0,0,0,0,0,0,0.19,0,0,0,0,0,0,0,0,0,0,0,0,0,0,0,0,0,0,0,0,0,0,0,0,0,0,0,0,0,0,0,0,0,0,0,0,0,0,0,0,0,0,0,0,0,0,0,0,0,0,0,0,0,0,0,0,0,0,0,0,0,0,0,0,0,0,0,0,0,0,0,0,0,0,0,0,0,0,0,0,0,0,0,0,0,0,0,0,0,0,0,0,0,0,0,0,0,0,0,0,0,0,0,0,0,0,0,0,0,0,0,0,0,0,0,0,0,0,0,0,0,0,0,0,0,0,0,0,0,0,0,0,0,0,0,0,0,0,0,0,0,0,0,0,0,0,0,0,0,0,0,0,0,0.261,0,0,0,0,0,0,0,0,0,0,0,0,0,0,0,0,0,0,0,0,0,0,0,0,0,0,0.202,0,0,0,0,0,0,0,0,0,0,0,0,0,0,0,0,0,0,0,0,0,0,0,0,0,0,0,0,0,0,0,0,0,0,0,0,0,0,0,0,0,0,0,0,0,0,0,0,0,0,0.171,0,0,0,0,0,0,0,0,0,0,0,0,0,0,0,0,0,0,0,0,0,0,0,0,0,0,0,0,0,0,0,0,0,0,0,0,0,0,0,0,0,0.155,0,0,0,0,0,0,0,0,0,0,0,0,0,0,0,0,0,0,0,0,0,0,0,0,0,0,0,0,0,0,0,0,0,0,0,0,0,0,0,0,0,0,0,0,0,0,0,0,0,0,0,0,0,0,0,0,0,0,0,0,0,0,0,0,0,0,0,0,0,0,0,0,0,0,0,0,0,0,0,0,0,0,0,0,0,0,0,0,0,0,0,0,0,0,0,0,0,0,0,0,0,0,0,0,0,0,0,0,0,0,0,0,0,0,0,0,0,0,0,0,0,0,0,0,0,0,0,0,0,0,0,0,0,0,0,0,0,0,0,0,0,0,0,0,0,0,0,0,0,0,0,0,0,0,0,0,0,0,0,0,0,0,0,0,0,0,0,0,0,0,0,0,0,0,0,0,0,0,0,0,0,0.15,0,0,0,0,0,0,0,0,0,0,0,0,0,0,0,0,0,0,0,0,0,0,0,0,0,0,0,0,0,0,0,0,0,0,0,0,0,0,0,0,0,0.183,0,0,0,0,0,0,0,0.236,0,0,0,0,0,0,0,0,0,0,0,0,0,0,0,0,0,0,0,0,0,0,0,0,0,0,0,0,0,0,0,0,0,0,0,0,0,0,0,0,0,0,0,0,0,0,0,0,0,0,0,0,0,0,0,0,0,0,0,0,0,0,0,0,0,0,0,0,0,0,0,0,0,0,0,0,0,0,0,0,0,0,0,0,0,0,0,0,0,0,0,0,0,0,0,0,0,0,0,0,0,0,0,0,0,0,0,0,0,0,0,0,0,0,0,0,0,0,0,0,0,0,0,0,0,0,0,0.307,0.187,0,0,0,0,0,0,0,0,0,0,0.173,0,0,0,0,0,0,0,0,0,0,0,0,0,0,0,0,0,0,0,0,0,0,0,0,0,0,0,0,0,0,0,0,0,0,0,0.495,0,0,0,0,0,0,0,0,0,0,0.293,0,0,0,0,0,0,0,0,0,0,0,0,0,0,0,0,0,0,0,0,0,0,0,0,0,0,0,0,0,0,0,0,0,0,0,0,0,0,0,0,0,0,0,0,0,0,0,0,0,0,0,0,0,0,0,0,0,0,0,0,0,0,0,0,0,0,0,0.194,0,0,0,0,0,0,0,0,0,0,0,0,0,0,0,0,0,0,0,0,0,0,0,0,0,0,0,0,0,0,0,0,0,0,0,0,0,0,0,0,0,0.173,0,0,0,0,0,0,0,0,0,0,0,0,0,0,0,0,0,0,0,0,0,0,0,0,0,0,0,0,0,0,0,0,0,0,0,0,0,0,0,0,0,0,0,0,0,0,0,0,0,0,0,0,0,0,0,0,0,0,0,0,0,0,0,0,0,0,0,0,0,0,0,0,0,0,0,0,0,0,0,0,0,0,0,0,0,0,0,0,0,0,0,0,0,0,0,0,0,0,0,0,0,0,0,0,0,0,0,0,0,0,0,0,0,0,0,0,0,0,0,0,0,0,0,0,0,0,0,0,0,0,0,0,0,0,0,0,0,0,0,0,0,0,0,0,0,0,0,0,0,0,0,0,0,0,0,0,0,0,0,0,0,0,0,0,0,0,0,0,0,0,0,0,0,0,0,0,0,0,0,0,0,0,0,0,0,0,0,0,0,0,0,0,0,0,0,0,0,0,0,0,0,0,0,0,0,0,0,0,0,0,0,0,0,0,0,0,0,0,0,0,0,0,0,0,0,0,0,0,0,0,0,0,0,0,0,0,0,0,0,0,0,0,0,0,0,0,0,0,0,0,0,0,0,0,0,0,0,0,0,0,0,0,0,0
856937,0,0,0,0,0,0,0,0,0,0,0,0,0,0,0,0,0,0,0,0,0,0,0,0,0,0,0,0,0,0,0,0,0,0,0,0,0,0,0,0,0,0,0,0,0,0,0,0,0,0,0,0,0,0,0,0,0,0,0,0,0,0,0,0,0,0,0,0,0,0,0,0,0,0,0,0,0,0,0,0,0,0,0,0,0,0,0,0,0,0,0,0,0,0,0,0,0,0,0,0,0,0,0,0,0,0,0,0,0,0,0,0,0,0,0,0,0,0,0,0,0,0,0,0,0,0,0,0,0,0,0,0,0,0,0,0,0,0,0,0,0,0,0,0,0,0,0,0,0,0,0,0,0,0,0,0,0,0,0,0,0,0,0,0,0,0,0,0,0,0,0,0,0,0,0,0,0,0,0,0,0,0,0,0,0,0,0,0,0,0,0,0,0,0,0,0,0,0,0,0,0,0,0,0,0,0,0,0,0,0,0,0,0,0,0,0,0,0,0,0,0,0,0,0,0,0,0,0,0,0,0,0,0,0,0,0,0,0,0,0,0,0,0,0,0,0,0,0,0,0,0,0,0,0,0,0,0,0,0,0,0,0,0,0,0,0,0,0,0,0,0,0,0,0,0,0,0,0,0,0,0,0,0,0,0,0,0,0,0,0,0,0,0,0,0,0,0,0,0,0,0,0,0,0,0,0,0,0,0,0,0,0,0,0,0,0,0,0,0,0,0,0,0,0,0,0,0,0,0,0,0,0,0,0,0,0,0,0,0,0,0,0,0,0,0,0,0,0,0,0,0,0,0,0,0,0,0,0,0,0,0,0,0,0,0,0,0,0,0,0,0,0,0,0,0,0,0,0,0,0,0,0,0,0,0,0,0,0,0,0,0,0,0,0,0,0,0,0.398,0,0,0,0,0,0,0,0,0,0,0,0,0,0,0,0,0,0,0,0,0,0,0,0,0,0,0,0,0,0,0,0,0,0,0,0,0,0,0,0,0,0,0,0,0,0,0,0,0,0,0,0,0,0,0,0,0,0,0,0,0,0,0,0,0,0,0,0,0,0,0,0,0,0,0,0,0.167,0,0,0,0,0,0,0,0.396,0,0,0,0,0,0,0,0,0,0,0,0,0,0,0,0.338,0,0,0,0,0,0,0,0,0,0,0,0,0,0,0,0,0,0,0,0,0,0,0,0,0,0,0,0,0,0,0,0,0,0,0,0,0,0,0,0,0,0,0,0,0,0,0,0,0,0,0,0,0,0,0,0,0,0,0,0,0,0,0,0,0,0,0,0,0,0,0,0,0,0,0,0,0,0,0,0,0,0,0,0,0,0,0,0,0,0,0,0,0,0,0,0,0,0,0,0,0,0,0,0,0,0,0,0,0,0,0,0,0,0,0,0,0,0,0,0,0,0,0,0,0,0,0,0,0,0,0,0,0.357,0,0,0,0,0,0,0,0,0,0,0,0,0,0,0,0,0,0,0,0,0,0,0,0,0,0,0,0,0,0,0,0,0,0,0,0,0,0,0,0,0,0,0,0,0,0,0,0,0,0,0,0,0,0,0,0,0,0,0,0,0,0,0,0,0,0,0,0,0,0,0,0,0,0,0,0,0,0,0,0,0,0,0,0,0,0,0,0,0,0,0,0,0,0,0,0,0,0,0,0,0,0,0,0,0,0,0,0,0,0,0,0,0,0,0,0,0.392,0,0,0,0,0,0,0,0,0,0,0,0,0,0,0,0,0,0,0,0,0,0,0,0,0,0,0,0,0,0,0,0,0,0,0,0,0,0,0,0,0,0,0,0,0,0,0,0,0,0,0,0,0,0,0,0,0,0,0,0,0,0,0,0,0,0,0,0,0,0,0,0,0,0,0,0,0,0,0,0,0,0,0,0,0,0,0,0,0,0,0,0,0,0,0,0,0,0,0,0,0,0,0,0,0,0,0,0,0,0,0,0,0,0,0,0,0,0,0,0,0,0,0,0,0,0,0,0,0,0,0,0,0,0,0,0,0,0,0,0,0,0,0,0,0,0,0,0,0,0,0,0,0,0,0,0,0,0,0,0,0,0,0,0,0,0,0,0,0,0,0,0,0,0,0,0,0,0,0,0,0,0,0,0,0,0,0,0,0,0,0,0,0,0,0,0,0,0,0,0,0,0,0,0,0,0,0,0,0,0,0,0,0,0,0,0,0,0,0,0,0,0,0,0,0,0,0,0,0,0,0,0,0,0,0,0,0,0,0,0,0,0,0,0,0,0,0,0,0,0,0,0,0,0,0,0,0,0,0,0,0,0,0,0,0,0,0,0,0,0,0,0,0,0,0,0,0,0,0,0,0,0,0,0,0,0,0,0,0,0,0,0,0,0,0,0,0,0,0,0,0,0,0,0,0,0,0,0,0,0,0,0,0,0,0,0,0,0,0,0,0,0,0,0,0,0,0,0,0,0,0,0,0,0,0,0,0,0,0,0,0,0,0,0,0,0,0,0,0,0,0,0,0,0,0,0,0,0,0,0,0,0,0,0,0,0,0,0,0,0,0,0,0,0,0,0,0,0,0,0,0,0,0,0,0,0,0,0,0,0,0,0,0,0,0,0,0,0,0,0,0,0,0,0,0,0,0,0,0,0,0,0,0,0,0,0,0,0,0,0,0,0,0,0,0,0,0,0,0,0,0,0,0,0,0,0,0,0,0,0,0,0,0,0,0,0,0.22,0,0,0,0,0,0,0,0,0,0,0,0,0,0,0,0,0,0,0,0,0,0,0,0,0,0,0,0,0,0,0,0,0,0,0,0,0,0,0,0,0,0,0,0,0,0,0,0,0,0,0,0,0,0,0,0,0,0,0,0,0,0,0,0,0,0,0,0,0,0,0,0,0,0,0,0,0,0,0,0,0,0,0,0,0,0,0,0,0,0,0,0,0,0,0,0,0,0,0,0,0,0,0,0,0,0,0,0,0,0,0,0,0,0,0,0,0,0,0,0,0,0,0,0,0,0,0,0,0,0,0,0,0,0,0.682,0,0,0,0,0,0,0,0,0,0,0,0,0,0,0,0,0,0,0,0,0,0,0,0,0,0,0,0,0,0,0,0,0,0,0,0,0,0,0,0,0,0,0,0,0,0,0,0,0,0,0,0,0,0,0,0,0,0,0,0,0,0,0,0,0,0,0,0,0,0,0,0,0,0,0,0,0,0,0,0,0,0,0,0,0,0,0,0,0,0,0,0,0,0,0,0,0,0,0,0,0,0,0,0,0,0,0,0,0,0,0,0,0,0,0,0,0,0,0,0,0,0,0,0,0,0,0,0,0,0,0,0,0,0,0,0,0,0,0,0,0.212,0,0,0,0,0,0,0,0,0,0,0,0,0,0,0,0,0,0,0,0,0,0,0,0,0,0,0,0,0,0,0,0,0,0,0,0,0,0,0,0,0,0,0,0,0,0,0,0,0,0,0,0,0,0,0,0,0,0,0,0,0,0,0,0,0,0,0,0,0,0,0,0,0,0,0,0,0,0,0,0,0,0,0,0,0,0,0,0,0,0,0,0,0,0,0,0,0,0,0,0,0,0,0,0,0,0,0,0,0,0,0,0,0,0,0,0,0,0,0,0,0,0,0,0,0,0,0,0,0,0,0,0,0,0,0,0,0,0,0,0,0,0,0,0,0,0,0,0,0,0,0,0,0,0,0,0,0,0,0,0,0,0,0,0,0,0,0,0,0,0,0,0,0,0,0,0,0,0,0,0,0,0,0,0,0,0,0,0,0,0,0,0,0,0,0,0,0,0,0,0,0,0,0,0,0,0,0,0.214,0,0,0,0,0,0,0,0,0,0,0,0,0,0,0,0,0,0,0,0,0,0,0,0,0,0,0,0,0,0,0,0,0,0,0,0,0,0,0,0,0,0,0,0,0,0,0,0,0,0,0,0,0,0,0,0,0,0,0,0,0,0,0,0,0,0,0,0,0,0,0,0,0,0,0,0,0,0,0,0,0,0,0,0,0,0,0,0,0,0,0,0,0,0,0,0,0,0,0,0,0,0,0,0,0,0,0,0,0,0,0,0,0,0,0,0,0,0,0,0,0,0,0,0,0,0,0,0,0,0,0,0,0,0,0,0,0,0,0,0,0,0,0,0,0,0,0,0,0,0,0,0,0,0,0,0,0,0,0,0,0,0,0,0,0,0,0,0,0,0,0,0,0,0,0,0,0,0,0,0,0,0,0,0,0,0,0,0,0,0,0,0,0,0,0,0,0,0,0,0,0,0,0,0,0,0,0,0,0,0,0,0,0,0,0,0,0,0,0,0,0,0,0,0,0,0,0,0,0,0,0,0,0,0,0,0,0,0,0,0,0,0,0,0,0,0,0,0,0,0,0,0,0,0,0,0,0,0,0,0,0,0,0,0,0,0,0,0,0,0,0,0,0,0,0,0,0,0,0,0,0,0,0,0,0,0,0,0,0,0,0,0,0,0,0,0,0,0,0,0,0,0,0,0,0,0,0,0,0,0,0,0,0,0,0,0,0,0,0,0,0,0,0,0,0,0,0,0,0,0,0,0,0,0,0,0,0,0,0,0,0,0,0,0,0,0,0,0,0,0,0,0,0,0,0,0,0,0,0,0,0,0,0,0,0,0,0,0,0,0,0,0,0,0,0,0,0,0,0,0,0,0,0,0,0,0,0,0,0,0,0,0,0,0,0,0,0,0,0,0,0,0,0,0,0,0,0,0,0,0,0,0,0,0,0,0,0,0,0,0,0,0,0,0,0,0,0,0,0,0,0,0,0,0,0,0,0,0,0,0,0,0,0,0,0,0.256,0,0,0,0,0,0,0,0,0,0,0,0,0,0,0,0,0,0,0,0,0,0,0,0,0,0,0,0,0,0,0,0,0,0,0,0,0,0,0,0,0,0,0,0,0,0,0,0,0,0,0,0,0,0,0,0,0,0,0,0,0,0,0,0,0,0,0,0,0,0,0,0,0,0,0,0,0,0,0,0,0,0,0,0,0,0,0,0,0,0,0,0,0,0,0,0,0,0,0,0,0,0,0,0,0,0,0,0,0,0,0,0,0,0,0,0,0,0,0,0,0,0,0,0,0,0,0,0,0,0,0,0,0,0.186,0,0,0,0,0.755,0,0,0,0,0,0,0,0,0,0,0,0,0,0,0,0,0,0,0,0,0,0,0,0,0,0,0,0,0,0,0,0.22,0,0,0,0,0,0,0,0,0,0,0,0,0,0,0,0,0,0,0,0,0,0,0,0,0,0,0,0,0,0,0,0,0,0,0,0,0,0,0,0,0,0,0,0,0,0,0,0,0,0,0,0,0,0,0,0,0,0,0,0,0,0,0,0,0,0,0,0,0,0,0,0,0,0,0,0,0,0,0,0,0,0,0,0,0,0,0,0,0,0,0,0,0,0,0,0,0,0,0,0,0,0,0,0,0,0,0,0,0,0,0,0,0,0,0,0,0,0,0,0,0,0,0,0,0,0,0,0,0,0,0,0,0,0,0,0,0,0,0,0,0,0,0,0,0,0,0,0,0,0,0,0,0,0,0,0,0,0,0,0,0,0,0,0,0,0,0,0,0,0,0,0,0,0,0,0,0,0,0,0,0,0,0,0,0,0,0,0,0,0,0,0,0,0,0,0,0,0,0,0,0,0,0,0,0,0,0,0,0,0,0,0,0,0,0,0,0,0.691,0,0,0,0,0,0,0,0,0,0,0,0,0,0,0,0,0,0,0,0,0,0,0,0,0,0,0,0,0,0,0,0,0,0,0,0,0,0,0,0,0,0,0,0,0,0,0,0,0,0,0,0,0,0,0,0,0,0,0,0,0,0,0,0,0,0,0,0,0,0,0,0,0,0,0,0,0,0,0,0,0,0,0,0,0,0,0,0,0,0,0,0,0,0,0,0,0,0,0,0,0,0,0,0,0,0,0,0,0,0,0,0,0,0,0,0,0,0,0,0,0,0,0,0,0,0,0,0,0,0,0,0,0,0,0,0,0,0,0,0,0,0,0,0,0,0,0,0,0,0,0,0,0,0,0,0,0,0,0,0,0,0,0,0,0,0,0,0,0,0,0,0,0,0,0,0,0,0,0,0,0,0,0,0,0,0,0,0,0,0,0,0,0,0,0,0,0,0,0,0,0,0,0,0,0,0,0,0,0,0,0,0,0,0,0,0,0,0,0,0,0,0,0,0,0,0,0,0,0,0,0,0,0,0,0,0,0,0,0,0,0,0,0,0,0,0,0,0,0,0,0,0,0,0,0,0,0,0,0,0,0,0,0,0,0,0,0,0,0,0,0,0,0,0,0,0,0,0,0,0,0,0,0,0,0,0,0,0,0,0,0,0,0,0,0,0,0,0,0,0,0,0,0,0,0,0,0,0,0,0,0,0,0,0,0,0,0,0,0,0,0,0,0,0,0,0,0,0,0,0,0,0,0,0,0,0,0,0,0,0,0,0,0,0,0,0,0,0,0,0,0,0,0,0,0,0,0,0,0,0,0,0,0,0,0,0,0,0,0,0,0,0,0,0,0,0,0,0,0,0,0,0,0,0,0,0,0,0,0,0,0,0,0,0,0,0,0,0,0,0,0,0,0,0,0,0,0,0,0,0,0,0,0,0,0,0,0,0,0,0,0,0,0,0,0,0,0,0,0,0,0,0,0,0,0,0,0,0,0,0,0,0,0,0,0,0,0,0,0,0,0,0,0,0,0,0,0,0,0,0,0,0,0,0,0,0,0,0,0,0,0,0,0,0,0,0,0,0,0,0,0,0,0,0,0,0,0,0,0,0,0,0,0,0,0,0,0,0,0,0,0,0,0,0,0,0,0,0,0,0,0,0,0,0,0,0,0,0,0,0,0,0,0,0,0,0,0,0,0,0,0,0,0,0,0,0,0,0,0,0,0,0,0,0,0,0,0,0,0,0,0,0,0,0,0,0,0,0,0,0,0,0,0,0,0,0,0,0,0,0,0,0,0,0,0,0,0,0,0,0,0,0,0,0,0,0,0,0,0,0,0,0,0,0,0,0,0,0,0,0,0,0,0,0,0,0,0,0,0,0,0.169,0,0,0,0,0,0,0,0,0,0,0,0,0,0,0,0,0,0,0,0,0,0,0,0,0,0,0,0,0,0,0,0,0,0,0,0,0,0,0,0,0,0,0,0,0,0,0,0,0,0,0,0,0,0,0,0,0,0,0,0,0,0,0,0,0,0,0,0,0,0,0,0,0,0,0,0,0,0,0,0,0,0,0,0,0,0,0,0,0,0,0,0,0,0,0,0,0,0,0,0,0,0,0,0,0,0,0,0,0,0,0,0,0,0,0,0,0,0,0,0,0,0,0,0.171,0,0,0,0,0,0,0,0,0,0,0,0,0,0,0,0,0,0,0,0,0,0,0,0,0,0,0,0,0,0,0,0,0,0,0,0,0,0,0,0,0,0,0,0,0,0,0,0,0,0,0,0,0,0,0,0,0,0,0,0,0,0,0,0,0,0,0,0,0,0,0,0,0,0,0,0,0,0,0,0,0,0,0,0,0,0,0,0,0,0,0,0,0,0,0,0,0,0,0,0,0,0,0,0,0,0,0,0,0,0,0,0,0,0,0,0,0,0,0,0,0,0,0,0,0,0,0,0,0,0,0,0,0,0,0,0,0,0,0,0,0,0,0,0,0,0,0,0,0,0,0,0,0,0,0,0,0,0,0,0,0,0,0,0,0,0,0,0,0,0,0,0,0,0,0,0,0,0,0,0,0,0,0,0,0,0,0,0,0,0,0,0,0,0,0,0,0,0,0,0,0,0,0,0,0,0,0,0,0,0,0,0,0,0,0,0,0,0,0,0,0,0,0,0,0,0,0,0,0,0,0,0,0,0,0,0,0,0,0,0,0,0,0,0,0,0,0,0,0,0,0,0,0,0,0,0,0,0,0,0,0,0,0,0,0,0,0,0,0,0,0,0,0,0,0,0,0,0,0,0,0,0,0,0,0,0,0,0,0,0,0,0,0,0,0,0,0,0,0,0,0,0,0,0,0,0,0,0,0,0,0,0,0,0,0,0,0,0,0,0,0,0,0,0,0,0,0,0,0,0,0,0,0,0,0,0,0,0,0,0,0,0,0,0,0,0,0,0,0,0,0,0,0,0,0,0,0,0,0,0,0,0,0,0,0,0,0,0,0,0,0,0,0,0,0,0,0,0,0,0,0,0,0,0,0,0,0,0,0,0.876,0,0,0,0,0,0,0,0,0,0,0,0,0,0,0,0,0,0,0,0,0,0,0,0,0,0,0,0,0,0,0,0,0,0,0,0,0,0,0,0,0,0,0,0,0,0,0,0,0,0,0,0,0,0,0,0,0,0,0,0,0,0,0,0,0,0,0,0,0,0,0,0,0,0,0,0.177,0,0,0,0,0,0,0,0,0,0,0,0,0,0,0,0,0,0,0,0,0,0,0,0,0,0,0,0,0,0,0,0,0,0,0,0,0,0,0,0,0,0,0,0,0,0,0,0,0,0,0,0,0,0,0,0,0,0,0,0,0,0,0,0,0,0,0,0,0,0,0,0,0,0,0,0,0,0,0,0,0,0,0,0,0,0,0,0,0,0,0,0,0,0,0,0,0,0,0,0,0,0,0,0,0,0,0,0,0,0,0,0,0,0,0,0,0,0,0,0,0,0,0,0,0,0,0,0,0,0,0,0,0,0,0,0,0,0,0,0,0,0,0,0,0,0,0,0,0,0,0,0,0,0,0,0,0,0,0,0,0,0,0,0,0,0,0,0,0,0,0,0,0,0,0,0,0,0,0,0,0,0,0,0,0,0,0,0,0,0,0,0,0,0,0,0,0,0,0,0,0,0,0,0,0,0,0,0,0,0,0,0,0,0,0,0,0,0,0,0,0,0,0,0,0,0,0,0,0,0,0,0,0,0,0,0,0,0,0,0,0,0,0,0,0,0,0,0,0,0,0,0,0,0,0,0,0,0,0,0,0,0,0,0,0,0,0,0,0,0,0,0,0,0,0,0,0,0,0,0,0,0,0,0,0,0,0,0,0,0,0,0,0,0,0,0,0,0,0,0,0,0,0,0,0,0,0,0,0,0,0,0,0,0,0,0,0,0,0,0,0,0,0,0,0,0,0,0,0,0,0,0,0,0,0,0,0,0,0,0,0,0,0,0,0,0,0,0,0,0,0,0,0,0,0,0,0,0,0,0,0,0,0,0,0,0,0,0,0,0.309,0,0,0,0,0,0,0,0,0,0,0,0,0,0,0,0,0,0,0,0,0,0,0,0,0,0,0,0,0,0,0,0,0,0,0,0,0,0,0,0,0,0,0,0,0,0,0,0,0,0,0,0,0.48,0,0,0,0,0,0,0,0,0,0,0,0,0,0,0,0,0,0,0,0,0,0,0,0,0,0,0,0,0,0,0,0,0,0,0,0,0,0,0,0,0,0,0,0,0,0,0,0,0,0,0,0,0,0,0,0,0,0,0,0,0,0,0,0,0,0,0,0,0,0,0,0,0,0,0,0,0,0,0,0,0,0,0,0,0,0,0,0,0,0,0,0,0,0,0,0,0,0,0,0.48,0,0,0,0,0,0,0,0,0,0,0,0,0,0,0,0,0,0,0,0,0,0,0,0,0,0,0,0,0,0,0,0,0,0,0,0
850714,0,0,0,0.216,0,0,0.158,0,0,0,0,0,0,0,0,0,0,0,0,0,0,0,0,0,0,0,0,0,0,0,0,0,0,0,0,0,0,0.312,0,0,0,0,0,0,0,0,0,0,0,0,0,0,0,0,0,0,0,0,0,0,0,0,0,0,0,0,0,0,0,0,0.572,0,0,0.164,0,0,0.714,0,0,0,0,0,0,0,0,0,0,0.153,0,0,0,0,0.657,0,0,0,0,0,0,0,0,0,0,0,0,0,0,0.218,0,0,0,0,0,0,0,0,0.276,0,0,0,0,0,0,0,0,0.184,0,0,0,0.196,0,0,0,0,0,0,0,0,0,0,0,0,0,0,0,0,0,0,0.475,0,0,0,0,0,0,0,0,0,0,0,0,0,0,0,0,0,0,0.466,0,0,0,0,0.156,0,0,0,0,0,0,0,0,0,0.937,0,0.847,0,0.315,0,0,0,0,0,0,0,0,0,0.551,0,0,0,0,0,0,0,0,0,0,0.279,0,0,0,0,0,0,0,0.248,0,0,0,0,0,0.288,0,0,0,0,0,0,0,0,0.487,0.15,0,0.463,0,0,0.259,0,0.334,0,0,0,0,0,0,0,0.249,0,0,0,0,0,0.239,0.539,0,0,0,0,0,0,0,0,0.161,0,0,0,0,0.209,0,0,0,0,0,0,0,0.292,0,0,0,0.18,0,0,0,0,0,0.393,0,0,0,0.242,0.95,0,0,0,0,0.187,0,0,0,0,0,0,0,0,0,0,0.194,0.212,0,0,0,0,0.97,0,0.292,0.239,0,0.953,0,0,0,0.859,0.988,0,0,0,0,0,0,0,0,0,0,0,0.341,0,0,0,0,0,0,0,0,0,0.155,0,0,0,0.381,0,0,0,0,0.319,0,0,0.155,0,0,0.255,0,0.162,0,0.251,0,0,0,0,0,0,0.293,0.288,0,0.36,0,0.703,0,0,0.155,0.949,0,0,0,0,0,0,0,0,0,0,0.171,0.94,0,0,0,0.434,0,0.297,0,0,0.224,0,0,0,0.399,0,0,0,0,0,0,0,0,0,0,0,0,0,0,0,0,0,0,0.161,0,0,0,0,0,0,0,0.976,0,0,0,0,0,0,0.237,0,0,0,0,0,0.417,0,0,0,0.958,0,0,0,0,0.185,0,0,0.16,0,0.176,0,0,0.947,0.234,0,0,0,0.164,0,0,0,0,0,0,0,0,0,0,0,0.823,0.152,0,0,0,0.581,0,0,0,0,0,0.196,0,0,0,0,0,0,0,0,0,0,0,0,0.539,0,0,0,0,0,0,0,0.225,0.882,0.319,0,0,0.354,0,0,0,0,0,0,0,0,0,0.332,0.446,0,0.321,0,0,0,0,0,0.414,0,0,0,0.2,0,0.796,0,0,0,0,0,0.914,0,0.297,0,0,0.318,0,0,0,0,0,0,0,0,0,0.331,0.17,0,0,0,0,0.517,0,0,0,0,0,0.516,0.481,0,0,0,0,0,0,0,0,0,0,0,0,0,0.203,0,0,0,0,0,0,0,0,0,0.345,0.242,0.302,0,0,0,0,0,0,0,0.179,0,0,0,0,0,0,0.377,0,0,0,0,0,0,0,0.491,0,0,0,0,0,0,0,0,0,0.178,0,0,0.499,0.602,0,0,0,0,0,0,0.243,0,0,0,0.234,0,0,0,0.889,0,0.216,0,0,0,0.207,0,0,0,0.163,0,0.843,0,0.939,0,0,0,0,0,0,0.183,0,0,0,0,0,0,0,0,0.956,0,0,0,0,0,0,0,0.289,0.949,0,0,0,0,0,0,0,0.939,0,0.183,0,0,0,0,0,0,0,0,0,0.189,0,0,0,0,0.158,0,0,0,0,0,0,0.231,0,0,0,0,0,0,0.187,0.17,0,0,0,0,0.15,0,0,0,0.264,0.889,0,0,0,0,0,0,0,0,0,0,0.152,0,0,0,0,0,0.251,0,0,0,0,0,0,0,0.172,0,0,0,0,0,0,0,0,0,0,0.162,0,0,0,0,0,0,0,0,0,0,0,0,0.201,0.255,0.704,0,0,0,0.17,0,0.203,0,0,0,0,0.195,0.156,0,0,0.801,0,0,0,0,0,0,0,0.679,0.692,0,0.37,0,0,0,0,0,0,0,0,0,0,0.316,0,0,0,0,0.848,0,0,0,0,0,0,0.159,0,0,0,0,0,0,0,0.428,0.849,0,0,0,0,0,0,0.199,0,0.911,0,0,0.155,0,0,0.307,0.207,0,0.541,0,0.816,0.47,0,0,0,0,0,0,0,0.316,0,0,0,0,0,0,0,0,0,0,0,0,0.464,0,0.191,0,0.162,0,0,0,0,0,0.197,0,0,0,0,0,0.315,0,0,0,0,0,0.246,0,0,0,0,0.196,0,0,0,0,0,0,0.659,0,0.29,0,0.171,0,0,0.419,0,0,0.234,0.915,0,0.254,0,0,0,0.245,0.182,0.198,0,0,0,0,0,0,0,0,0,0,0,0.382,0.93,0,0,0,0.311,0,0,0,0.185,0,0,0,0,0,0,0,0,0,0,0,0,0,0,0,0,0,0,0,0,0,0,0.48,0,0,0,0,0,0,0,0,0,0,0,0,0,0,0,0,0,0,0,0,0,0,0,0,0,0,0,0,0,0,0,0,0,0,0,0,0,0,0,0,0,0,0,0,0,0,0,0,0,0.299,0,0.522,0,0,0,0,0,0,0,0,0,0,0,0,0,0,0,0.218,0,0,0.564,0,0,0,0,0,0,0,0,0,0,0,0,0,0,0,0,0,0,0,0,0,0,0,0,0,0,0.253,0,0,0,0,0,0,0,0,0,0,0,0,0,0,0,0,0.22,0,0,0.8,0,0,0,0,0,0,0,0,0,0,0,0,0,0,0.171,0,0,0,0,0,0,0,0,0,0,0,0,0,0,0,0,0,0,0,0,0,0.459,0,0,0,0,0,0,0,0,0,0,0,0,0,0,0,0,0,0,0,0,0,0,0,0,0,0,0,0,0,0,0,0,0,0,0,0,0,0,0,0,0,0,0.201,0,0,0,0,0,0,0,0,0,0,0,0,0.19,0,0,0,0,0,0,0,0,0,0,0,0.177,0,0,0,0,0,0,0,0,0.223,0,0,0,0,0,0,0,0.166,0,0,0,0,0,0,0,0,0,0,0,0,0,0,0,0,0,0,0,0,0,0,0,0,0,0,0,0,0,0.789,0,0,0.211,0,0,0,0,0,0,0,0,0,0.196,0,0,0,0,0,0,0,0,0,0,0,0,0,0,0,0,0,0,0,0,0,0,0,0,0,0,0,0,0,0,0,0,0,0.226,0,0,0,0,0,0,0,0,0.566,0,0,0,0,0,0,0,0,0,0.19,0,0,0,0,0,0,0,0,0.237,0,0.276,0,0,0,0,0,0,0,0,0,0,0,0,0,0,0,0,0,0,0,0,0,0,0.161,0,0,0,0,0,0,0,0,0,0,0,0,0,0,0.196,0,0,0,0.232,0,0.248,0,0,0,0,0,0.247,0,0,0,0,0,0,0,0,0,0,0,0.166,0,0,0,0,0,0,0,0,0,0,0,0.941,0,0,0,0,0,0,0,0.192,0,0,0.19,0,0,0,0,0,0,0,0,0,0,0,0,0,0,0,0,0,0,0,0,0,0,0,0,0,0,0,0,0,0,0.15,0,0.34,0,0,0,0,0,0,0,0,0,0,0,0,0,0,0.5,0,0,0.45,0,0,0,0,0,0,0,0,0,0,0,0.884,0,0,0,0,0,0,0,0,0,0,0.165,0,0,0,0,0,0,0,0,0,0,0,0,0,0,0,0,0,0,0,0,0,0,0,0,0,0,0,0,0,0.19,0,0,0.223,0,0,0,0,0,0,0,0.204,0,0,0,0,0,0,0,0,0,0,0,0.208,0,0,0,0.354,0,0,0,0.379,0,0.555,0,0,0,0,0,0,0,0,0,0,0,0.156,0,0,0,0.265,0,0.19,0,0.193,0,0,0,0.165,0,0,0,0,0,0,0,0,0,0,0,0.234,0,0,0,0,0,0,0,0,0,0,0,0,0,0,0,0,0,0,0,0,0,0,0,0,0,0,0,0,0,0,0,0,0,0,0.335,0,0,0,0,0,0,0,0,0.15,0,0,0,0,0,0,0,0,0,0,0,0,0,0,0,0,0,0,0,0,0,0,0,0,0,0,0,0,0,0,0.165,0,0,0,0,0,0,0,0.237,0,0,0,0,0,0,0,0,0,0,0,0,0,0,0.407,0,0,0,0,0,0,0.172,0,0,0,0,0,0,0,0,0,0,0,0,0,0,0,0,0,0,0,0,0,0,0,0,0,0.156,0,0,0,0,0,0,0,0,0,0,0,0,0,0,0,0,0,0,0,0,0,0,0,0,0,0,0,0,0.447,0,0,0,0,0,0,0.284,0,0,0,0,0,0,0,0,0,0,0,0,0,0,0,0,0,0,0,0,0,0,0.201,0,0,0,0,0,0,0,0,0,0,0,0.193,0,0,0,0,0,0,0.16,0,0,0,0,0.181,0,0.38,0,0,0,0,0,0,0,0,0,0,0,0.486,0,0,0,0,0,0,0,0,0,0,0,0,0,0,0,0,0,0,0,0,0,0,0,0.165,0,0,0,0,0,0,0,0,0,0,0,0,0,0,0,0,0,0,0,0,0,0.623,0,0,0,0,0.7,0,0,0,0.168,0,0,0,0.975,0,0.24,0.222,0,0,0,0,0,0,0,0,0.191,0,0,0.431,0.26,0,0.171,0,0,0,0,0,0,0,0,0,0,0,0,0.19,0,0,0.161,0.536,0.357,0,0.171,0,0,0.617,0,0,0,0,0.974,0.165,0,0,0,0,0,0,0,0,0,0,0,0.562,0,0,0,0,0,0,0,0.175,0,0.554,0,0,0,0,0.15,0.236,0,0,0,0,0.169,0,0.862,0,0.227,0,0,0,0.568,0,0,0,0,0.361,0,0,0.175,0,0,0,0,0,0,0.358,0,0,0,0,0,0,0,0,0,0,0,0.22,0,0.17,0.558,0,0.181,0,0,0.238,0.178,0,0,0,0,0,0,0.299,0,0,0,0,0.705,0,0,0.218,0,0.15,0,0,0,0,0,0,0,0,0,0,0,0,0,0,0,0.866,0,0.887,0,0,0,0,0,0,0,0.167,0,0,0,0,0,0,0,0.179,0,0,0.29,0.166,0,0,0,0.299,0,0,0,0,0.47,0.212,0,0.85,0,0,0,0,0,0,0,0,0,0,0,0,0,0,0,0,0,0,0,0,0,0,0,0.15,0.396,0,0,0,0,0,0,0,0,0,0,0,0,0,0,0,0,0,0,0,0,0,0,0,0,0,0,0,0,0,0.16,0,0,0,0,0,0,0,0,0,0,0,0,0.914,0,0,0,0,0,0,0,0,0,0,0,0,0,0,0.192,0.199,0,0,0,0,0,0.93,0,0,0,0,0,0,0.268,0,0,0,0,0,0,0,0,0,0,0,0,0,0,0,0,0,0,0,0,0,0,0,0.34,0,0,0,0,0,0,0,0,0,0,0,0,0,0,0,0,0,0.169,0,0,0,0,0,0,0,0,0,0,0,0,0,0,0.333,0.173,0,0.195,0,0,0,0,0,0,0,0,0,0,0,0,0,0,0,0,0,0,0.245,0,0,0,0,0,0,0,0,0,0,0.872,0,0,0,0,0,0,0,0,0,0,0.794,0,0.959,0,0.422,0.601,0,0,0,0,0,0,0,0,0,0,0,0,0,0,0,0,0,0.811,0,0,0.913,0,0,0,0,0.238,0,0,0,0,0,0,0,0,0,0,0,0,0,0,0,0,0,0,0,0,0,0,0,0.992,0,0,0,0,0,0,0,0,0,0,0,0,0,0,0,0,0,0.257,0,0,0.864,0,0,0,0,0,0,0,0,0,0,0,0,0,0,0,0,0,0,0,0,0,0,0,0.192,0,0,0,0,0,0,0,0,0,0,0.155,0,0,0,0,0,0,0,0,0,0,0.228,0,0,0,0,0,0,0,0.189,0,0,0,0,0,0,0,0,0,0,0,0,0.218,0,0,0,0,0,0,0,0.909,0,0,0,0,0,0,0,0,0,0,0,0,0,0,0,0,0,0,0.161,0,0,0,0,0,0,0,0,0,0,0,0,0,0,0,0,0,0,0,0,0,0,0,0,0,0,0,0,0,0,0,0,0,0,0,0,0,0,0,0,0,0,0,0,0,0,0,0,0,0,0,0,0,0,0,0,0,0,0,0,0,0,0,0,0,0,0,0,0,0,0,0,0,0,0,0,0.562,0,0,0,0,0,0,0,0,0,0,0,0,0.163,0,0,0,0,0,0,0.153,0,0,0,0,0,0,0,0,0,0,0,0,0,0,0,0,0,0,0,0,0,0,0,0,0,0,0,0,0.236,0,0,0,0,0,0,0,0,0,0,0,0,0,0,0,0,0,0,0,0,0,0,0,0,0,0,0,0,0,0,0,0,0.211,0,0,0,0,0,0,0,0,0,0,0,0,0,0,0,0,0,0.151,0,0,0,0,0,0,0,0,0,0,0,0,0,0,0,0,0,0,0,0,0,0,0,0,0,0,0,0.175,0,0,0,0,0,0,0,0,0,0,0,0,0,0,0,0,0,0,0,0,0,0,0,0,0,0,0,0,0,0,0,0,0,0,0,0,0,0,0,0,0,0,0,0,0,0.205,0,0,0,0,0,0.154,0,0,0,0,0,0,0,0,0,0,0,0,0,0,0,0,0,0,0,0,0,0,0,0,0,0,0,0,0,0,0,0,0,0,0,0,0.287,0,0.192,0,0,0,0,0,0,0.27,0,0.255,0,0,0,0,0,0,0,0,0.329,0.158,0,0.256,0,0,0,0,0,0,0,0,0,0,0.232,0,0,0,0,0,0,0,0,0,0,0,0,0.445,0,0,0,0,0,0,0,0,0,0,0,0,0,0,0,0,0,0,0,0,0,0,0,0,0,0,0,0,0,0.366,0,0,0,0,0,0,0,0.232,0,0,0,0,0,0,0,0,0,0,0,0.15,0,0,0,0,0,0,0,0,0,0,0,0,0,0,0,0,0,0,0,0,0,0,0,0,0,0,0,0,0.195,0,0,0,0,0,0,0,0,0,0,0,0,0,0,0,0,0.321,0,0,0,0,0.357,0,0,0,0,0,0,0,0,0,0,0,0,0,0,0,0,0,0,0,0.288,0,0,0,0,0,0,0,0,0,0,0,0,0,0,0,0,0,0,0,0,0,0,0,0,0,0,0,0,0,0,0,0.307,0,0,0,0,0,0,0,0,0,0,0,0,0.17,0,0.24,0,0,0,0,0,0,0,0,0,0,0,0,0.22,0,0,0,0,0,0,0,0,0,0,0,0,0,0,0,0,0,0,0,0,0,0,0,0,0.165,0,0,0,0,0,0,0,0,0,0,0,0,0,0,0,0,0,0,0,0,0,0,0,0,0,0,0,0,0,0,0,0,0,0,0,0.288,0,0,0,0,0,0,0,0,0,0,0,0,0,0,0,0,0,0,0,0,0.166,0.286,0.905,0,0.906,0.255,0,0,0.623,0.551,0.169,0.28,0.181,0.602,0.602,0,0.153,0.285,0.217,0,0.312,0,0.912,0.335,0,0.392,0,0.325,0,0.662,0.377,0,0.159,0,0.153,0.181,0.33,0.367,0.193,0.825,0,0,0,0.185,0,0,0.2,0.185,0.432,0.329,0.165,0.181,0.255,0.206,0,0,0,0.165,0.924,0.296,0.469,0.156,0,0.374,0.22,0.165,0.299,0.153,0.432,0,0,0.16,0.253,0.165,0.907,0.383,0,0,0.215,0,0.58,0,0.153,0.153,0.938,0.694,0,0,0.325,0,0.607,0,0,0.329,0.275,0.233,0.432,0.539,0,0,0.905,0.315,0,0,0,0.318,0,0,0,0,0,0,0,0,0,0,0,0,0,0.221,0,0,0,0,0,0,0,0,0,0,0,0,0,0,0,0,0,0,0,0,0,0,0,0,0,0,0,0,0,0.206,0,0,0,0,0,0,0,0,0,0,0,0,0,0,0,0,0,0,0,0,0,0,0,0,0,0,0,0,0,0,0,0,0,0,0,0,0,0,0,0,0,0.154,0,0,0,0.237,0,0,0,0,0,0,0,0,0.315,0,0,0,0,0,0,0,0,0,0,0,0,0,0,0,0,0.374,0,0.223,0.487,0,0,0,0,0,0,0,0.237,0,0,0,0,0,0,0,0,0.213,0,0,0,0,0.169,0,0,0,0,0,0,0,0,0,0,0,0,0,0.169,0,0.187,0,0,0,0,0,0,0,0,0,0,0,0,0,0,0.196,0,0,0,0,0.197,0,0,0,0,0,0,0,0,0,0.18,0,0,0,0,0,0,0,0,0,0,0,0,0,0,0.155,0.231,0,0,0,0,0,0,0,0,0,0,0,0,0,0,0,0,0,0,0,0,0,0,0.249,0,0,0,0,0,0,0,0,0,0,0,0,0,0,0,0,0,0,0,0,0,0,0,0,0,0,0,0,0,0,0,0,0,0,0,0,0,0,0,0,0,0,0,0,0,0,0,0,0.31,0,0,0,0,0,0,0,0,0,0,0,0,0.157,0,0,0,0,0.259,0.283,0,0,0,0.293,0,0,0.344,0,0,0,0,0,0,0,0,0,0,0,0,0,0,0,0,0,0,0,0,0,0,0,0.204,0,0,0,0,0,0,0,0,0,0,0,0,0,0,0,0,0,0,0.336,0,0,0,0,0,0,0,0,0,0,0,0,0,0,0,0.169,0,0,0,0,0,0,0,0,0,0,0,0,0,0,0,0,0,0,0,0.191,0,0,0,0,0,0,0,0,0,0,0,0,0,0,0,0,0,0,0,0,0,0,0,0,0,0,0,0,0,0,0,0,0,0,0,0,0,0,0,0,0,0,0,0,0,0,0,0,0,0,0,0,0,0,0,0,0,0,0,0,0,0,0,0,0,0,0,0,0,0,0,0,0,0,0,0,0.434,0,0,0,0,0,0,0,0,0,0,0,0,0,0,0,0,0,0,0,0,0,0,0,0,0,0,0,0,0,0,0,0,0,0,0,0,0,0,0,0,0,0,0,0,0,0.173,0,0,0,0,0,0,0,0,0,0,0,0,0,0,0,0,0,0,0,0,0,0,0,0,0,0,0,0,0,0,0,0,0,0,0,0,0,0,0,0,0,0,0,0,0,0,0,0,0,0,0,0,0,0,0,0,0,0,0,0,0.33,0,0.237,0,0,0,0,0,0,0.155,0,0,0,0,0,0,0,0,0,0,0,0,0,0,0,0,0,0,0,0,0,0,0,0,0,0,0,0,0,0,0,0,0,0.169,0,0,0,0,0,0,0,0,0,0,0,0,0,0,0,0,0.258,0,0,0,0,0,0,0,0,0,0,0,0,0,0,0,0,0,0,0,0,0,0,0,0,0,0,0,0,0,0,0,0,0,0,0,0,0,0,0,0,0,0,0,0,0,0,0,0,0,0,0,0,0,0,0,0,0,0,0,0,0,0,0,0,0,0,0,0,0,0,0,0,0,0,0,0,0,0,0,0,0,0,0,0,0,0,0,0.169,0,0,0,0,0,0,0,0,0,0,0,0,0.252,0,0,0,0,0,0,0,0,0,0,0,0,0,0,0,0.297,0,0,0,0,0,0,0,0.335,0,0.213,0,0,0,0,0,0,0,0,0,0,0,0,0,0,0,0.181,0,0,0,0,0,0,0,0,0,0,0,0,0,0,0,0,0,0,0,0,0,0,0,0,0,0,0,0.26,0,0,0,0,0,0,0,0,0,0,0,0,0,0,0,0,0,0,0,0,0,0,0,0,0,0,0,0,0,0,0,0,0,0,0,0,0,0,0,0,0,0,0.617,0,0,0,0,0,0,0,0,0,0,0,0,0,0.297,0,0,0,0,0,0,0,0.184,0,0,0,0,0,0,0,0,0,0,0,0,0,0,0,0,0,0,0,0,0,0,0,0,0,0,0,0,0,0,0,0,0,0,0,0,0,0,0,0,0,0,0,0,0,0,0,0,0,0,0,0,0,0,0,0,0,0,0,0,0,0.192,0,0,0,0,0,0,0,0,0,0,0,0,0,0,0,0,0,0,0,0,0,0,0,0,0,0,0,0,0,0,0,0,0,0,0,0,0,0,0,0,0,0,0,0,0,0,0,0,0,0,0,0,0,0,0,0,0,0,0,0,0,0,0,0,0,0,0.36,0,0,0,0,0,0,0,0,0,0,0,0,0,0,0,0,0,0,0,0,0,0,0,0,0,0,0,0,0,0,0,0,0,0,0,0,0,0,0,0,0,0,0,0,0,0,0.15,0,0,0,0,0,0,0,0,0,0,0,0,0,0,0,0,0,0,0,0,0,0,0,0,0,0,0,0,0,0,0,0,0,0,0,0,0,0,0,0,0,0,0,0,0,0,0,0,0,0,0,0,0,0,0,0,0,0,0,0,0,0,0,0,0,0,0,0,0,0,0,0,0,0,0,0,0,0,0,0,0,0,0,0,0,0,0,0,1
855581,0,0,0,0,0,0.202,0,0,0,0,0,0,0,0,0,0,0,0,0,0,0,0,0,0,0,0,0,0,0,0,0,0,0,0.385,0,0,0,0,0,0,0,0,0,0,0,0.172,0,0,0,0.624,0,0,0,0,0,0.276,0.18,0,0,0,0,0.256,0,0,0.187,0,0,0,0,0,0.346,0.284,0,0,0.194,0.319,0,0,0,0,0,0,0,0,0,0,0,0,0,0,0,0,0.652,0,0,0,0,0,0.177,0,0,0,0,0,0,0,0,0,0,0,0.156,0,0,0,0,0,0,0,0,0.483,0,0,0.193,0,0,0,0,0.969,0,0,0,0,0.398,0,0,0,0,0,0,0,0,0.56,0,0,0,0,0,0.273,0,0,0,0,0,0,0,0.205,0,0,0,0,0,0,0,0,0.198,0,0,0.207,0,0.905,0,0,0,0,0,0,0,0.309,0,0.198,0,0,0,0,0,0,0,0,0.572,0.645,0.636,0,0,0,0,0,0.855,0,0,0,0,0,0.307,0.256,0,0.484,0.229,0,0,0,0,0,0,0,0.848,0,0.266,0,0.554,0,0,0,0.168,0.927,0,0,0.252,0,0,0,0.369,0,0,0,0.982,0,0.344,0,0,0,0,0,0.553,0,0,0,0,0,0.153,0,0.326,0,0,0.328,0.35,0,0,0,0,0,0,0.677,0,0,0.794,0,0,0,0.881,0,0,0,0,0,0,0,0.307,0.3,0,0,0,0,0.175,0,0,0,0,0,0,0.17,0.233,0.277,0,0,0,0,0,0.263,0,0.173,0,0,0,0,0.362,0,0,0.151,0,0,0,0,0,0,0,0.801,0.226,0,0,0.863,0,0,0,0.493,0,0,0.451,0,0,0.819,0,0,0,0,0,0,0,0,0,0,0,0.235,0,0.639,0,0,0,0,0,0,0.825,0,0,0.201,0,0,0,0,0.551,0,0,0.526,0,0,0,0.171,0,0,0.733,0,0,0.219,0,0,0,0,0,0,0,0,0,0,0,0.174,0,0.155,0,0,0.442,0,0.346,0.393,0,0,0.646,0,0,0,0,0,0.201,0,0.172,0,0.202,0,0,0,0,0,0,0,0,0,0,0.821,0.179,0,0,0,0,0,0.687,0,0,0.84,0,0,0,0,0,0,0,0.335,0,0,0,0,0,0,0,0.296,0,0.977,0.27,0.2,0,0,0,0,0,0,0,0,0,0,0,0,0,0,0,0.982,0,0,0,0,0,0,0,0.268,0,0,0,0,0,0.423,0.163,0.227,0,0,0.827,0,0,0,0.321,0,0,0,0,0.26,0,0.403,0.157,0,0,0,0,0,0,0,0.165,0,0.382,0,0,0,0.26,0,0.258,0,0.233,0,0.978,0,0.8,0,0,0,0,0,0,0,0.192,0,0,0.938,0,0,0,0,0.45,0,0,0,0.688,0,0,0.812,0,0.174,0.274,0,0,0,0,0.376,0,0,0,0,0,0.729,0,0,0,0.904,0,0.185,0,0,0.289,0.233,0,0,0,0,0.999,0.164,0,0,0,0,0.904,0,0,0,0.269,0,0,0,0,0,0,0,0,0.191,0,0.213,0,0,0,0,0,0,0,0,0,0,0.233,0,0,0,0,0,0,0,0,0,0,0,0,0,0,0,0.923,0.171,0,0.481,0.458,0,0,0,0,0.233,0,0,0,0,0,0,0,0.404,0,0,0,0,0,0,0,0,0,0.585,0,0,0,0,0,0,0,0,0,0,0.537,0,0.33,0,0.156,0,0.941,0.91,0.155,0,0,0,0,0,0.28,0,0,0,0,0,0,0,0,0,0,0,0,0,0,0.256,0,0,0,0,0.56,0,0,0,0.567,0,0,0,0,0.166,0,0,0,0.234,0.191,0,0,0,0,0,0.503,0,0,0,0,0,0,0.996,0,0,0,0.759,0,0.175,0,0,0,0,0,0,0,0,0,0,0,0,0,0,0,0.256,0,0.193,0,0,0,0.201,0,0,0,0,0,0.648,0,0,0.232,0,0,0,0,0,0,0.99,0,0,0,0,0,0.255,0,0,0.172,0,0,0,0,0.925,0.174,0.182,0,0,0.955,0,0,0,0,0,0,0,0,0.922,0,0,0,0,0,0,0.265,0,0,0.554,0,0,0,0,0,0.86,0,0,0,0,0,0,0,0,0,0,0.278,0,0,0,0.437,0,0,0.526,0,0,0,0,0.313,0,0.36,0,0,0.548,0,0,0,0,0,0,0,0,0,0.994,0,0.697,0,0.565,0,0,0,0,0.733,0.288,0,0,0,0.626,0,0,0,0.701,0,0,0,0,0,0,0,0.434,0,0.319,0,0,0,0,0,0.984,0,0.331,0,0,0.199,0,0,0,0.299,0,0,0,0,0,0.64,0,0,0,0,0,0.175,0,0.449,0,0.536,0.266,0.173,0,0.844,0,0,0.349,0,0,0,0,0.204,0,0,0,0,0,0,0,0,0.394,0.299,0,0,0,0,0,0,0,0.202,0.433,0,0,0,0.33,0,0,0,0,0,0.316,0,0,0,0,0,0,0,0,0.262,0,0,0,0,0,0,0.248,0,0.309,0,0.803,0,0,0.58,0,0.289,0,0,0,0,0,0,0,0,0,0,0,0,0,0,0,0,0,0,0,0.338,0,0,0,0,0,0,0,0,0,0,0,0,0,0,0,0,0.953,0,0,0,0,0.24,0,0.554,0,0,0,0,0,0.906,0.427,0.189,0.182,0,0,0,0,0,0.582,0,0,0,0.163,0.911,0,0,0,0,0,0,0,0,0,0,0,0,0,0,0,0.261,0,0,0,0,0.307,0,0,0,0,0,0,0,0.396,0,0,0,0,0.159,0,0,0,0,0,0,0,0,0.187,0,0,0,0,0,0.821,0,0.307,0,0,0,0,0,0.371,0,0,0,0.323,0,0,0,0.561,0,0,0,0,0,0,0,0,0,0,0,0,0,0,0,0,0,0,0,0,0,0,0,0,0,0,0,0,0.286,0,0,0,0,0,0,0.201,0,0,0,0.192,0,0,0,0,0,0,0,0,0,0.19,0.288,0,0,0,0,0,0,0,0,0,0,0,0,0,0,0,0,0,0,0,0,0,0.243,0,0,0,0,0,0,0,0,0,0,0,0.6,0,0,0,0,0,0,0.537,0.56,0,0.577,0,0,0.538,0,0,0,0.432,0.935,0.203,0,0,0,0,0,0,0.656,0,0,0,0,0,0.396,0,0,0,0,0,0.24,0,0,0,0.859,0,0.489,0,0,0,0,0,0,0,0,0,0,0,0,0,0,0,0,0,0,0,0,0,0,0,0,0,0,0,0,0,0,0.772,0,0,0,0,0,0,0,0,0,0.16,0,0.351,0,0,0,0,0,0,0,0,0,0,0,0,0,0,0,0,0,0,0,0,0.554,0,0,0,0,0,0,0,0,0,0,0,0,0,0.559,0,0,0,0,0,0,0,0,0,0,0,0,0,0,0,0,0,0,0,0,0.19,0,0,0,0,0,0,0,0,0,0,0,0.193,0.28,0,0,0,0,0,0,0,0,0,0,0,0,0,0,0,0.215,0,0,0,0,0,0,0,0,0,0,0,0,0,0,0,0,0,0.173,0,0,0.558,0,0,0,0,0,0,0,0,0,0,0.802,0,0,0,0,0,0,0,0,0,0,0,0,0,0,0,0,0,0,0,0,0,0,0,0,0.252,0,0,0,0.498,0,0,0,0,0,0.24,0,0,0,0,0,0,0,0,0,0,0,0,0,0,0,0,0,0,0,0,0.194,0,0,0,0,0,0,0,0,0,0,0,0,0,0,0,0,0,0,0,0,0,0,0,0,0,0,0,0,0.356,0.373,0.65,0,0,0,0,0,0,0,0,0,0,0,0,0,0.546,0,0,0.384,0,0,0,0,0,0,0,0,0,0.427,0,0,0.162,0,0,0,0.452,0,0,0,0,0,0,0,0,0,0,0,0,0,0,0,0,0,0,0,0,0,0,0,0,0,0,0,0,0,0,0,0.508,0,0,0,0,0,0,0,0,0,0,0,0,0,0,0,0,0.161,0,0,0,0,0,0,0,0,0,0,0,0,0.202,0,0,0,0,0,0,0,0,0,0,0,0,0,0,0,0,0,0,0.312,0,0,0,0,0,0,0,0,0,0,0,0,0,0,0,0.362,0,0,0,0,0,0,0,0.234,0,0,0,0,0,0,0,0,0,0.612,0,0,0,0,0.317,0.189,0.348,0.329,0.895,0.169,0,0,0.924,0,0,0,0,0,0,0,0.712,0,0.797,0,0.826,0.922,0,0,0,0.265,0.492,0,0.335,0.925,0,0,0,0,0.733,0.784,0,0.184,0.809,0.237,0,0,0.159,0,0.549,0,0.87,0.687,0,0,0.898,0,0.343,0,0,0,0.612,0.321,0.191,0,0,0,0.732,0.732,0.638,0,0.397,0,0.53,0,0,0,0,0.738,0.914,0.7,0.292,0,0,0.941,0.183,0,0.916,0,0,0.613,0,0,0,0.189,0,0,0,0.359,0,0,0,0.735,0.808,0,0.424,0,0.18,0.321,0,0.54,0.944,0,0,0.969,0,0.318,0,0,0,0.591,0.914,0,0,0,0.914,0,0.934,0.521,0,0.935,0,0.26,0,0,0.335,0,0,0.352,0,0,0,0,0.237,0,0,0,0.645,0,0,0,0.925,0,0.282,0,0,0,0.196,0,0,0.552,0,0.511,0.915,0,0,0,0.924,0,0,0.48,0.205,0.343,0.546,0.857,0.173,0,0,0,0,0,0,0.272,0.316,0,0.869,0,0.376,0,0.266,0.889,0,0,0.732,0.327,0,0.537,0.303,0.911,0,0.331,0.712,0,0,0,0,0,0,0,0,0.903,0,0,0.912,0.715,0.347,0.196,0.345,0.474,0,0.829,0,0,0.827,0,0.196,0.546,0,0.206,0.876,0,0.346,0.173,0,0.198,0.737,0.448,0.271,0,0.623,0,0,0,0,0.243,0,0,0.894,0,0,0.171,0.157,0,0,0,0.166,0.152,0,0,0,0.312,0,0.38,0,0.994,0.512,0.263,0,0,0.538,0,0,0,0.155,0,0.577,0,0,0.176,0,0,0.28,0,0,0,0,0.19,0,0.253,0,0,0.201,0,0,0.935,0,0.623,0,0.181,0.735,0.164,0.26,0,0.265,0,0,0,0,0,0,0,0,0,0.583,0.183,0.165,0.307,0.231,0.199,0,0,0.25,0.322,0,0.565,0,0,0,0,0,0,0,0,0,0,0.339,0,0,0,0,0,0.568,0,0,0,0,0,0,0,0,0,0,0,0,0.844,0,0,0,0.62,0.26,0,0,0,0,0,0,0,0,0,0,0,0,0,0.805,0,0,0,0,0,0,0,0,0,0,0,0,0,0,0,0,0,0,0.204,0,0,0,0,0,0.319,0,0,0,0,0.394,0.163,0,0,0,0,0,0,0,0,0.396,0,0,0,0.622,0,0,0,0,0,0.189,0,0,0,0,0,0,0.736,0,0,0.571,0.227,0,0,0,0,0,0,0,0,0,0.437,0,0,0,0,0,0,0,0,0,0,0,0.904,0,0,0.235,0,0,0,0,0,0,0.188,0,0,0,0,0,0,0,0.224,0,0,0,0,0,0,0,0,0,0,0,0,0,0,0,0,0,0,0,0,0,0,0,0,0,0,0,0,0.155,0,0,0,0,0,0,0,0,0,0,0,0,0,0,0,0,0,0,0,0,0.176,0,0,0,0,0,0,0,0,0,0,0,0,0,0,0,0,0,0,0,0,0,0,0,0,0,0,0,0,0,0,0,0,0,0,0,0,0,0,0,0,0,0.267,0,0,0,0,0,0,0,0,0,0,0.188,0,0,0,0,0,0,0.169,0,0,0,0,0,0,0,0.158,0,0,0,0,0,0,0,0,0,0,0,0,0,0,0.221,0,0,0,0,0,0,0,0,0,0,0,0,0,0,0,0,0,0,0,0,0,0,0,0,0,0,0,0,0,0,0,0,0,0,0,0.536,0,0,0,0,0.228,0,0,0,0.187,0,0,0,0,0,0,0,0,0,0,0,0,0,0,0,0,0,0,0,0,0,0,0,0,0,0,0,0,0.26,0,0,0.273,0.918,0,0,0,0,0,0,0,0,0,0,0,0,0,0,0,0.234,0,0,0,0,0,0,0,0,0,0,0,0,0,0,0,0,0.319,0,0,0,0,0,0,0,0,0,0,0,0,0,0,0,0,0,0,0,0,0,0,0,0,0,0,0,0,0,0,0,0,0,0,0,0,0,0.205,0,0,0.154,0,0,0,0,0,0,0,0,0,0.193,0,0,0.169,0,0.186,0,0,0,0,0,0,0,0,0,0,0,0,0,0,0,0,0,0,0.155,0,0,0,0,0,0,0,0,0.158,0,0,0,0,0,0,0,0,0,0,0.298,0,0.28,0,0,0,0,0,0,0,0,0,0,0,0,0,0,0,0,0,0,0,0,0,0,0,0,0,0,0,0,0,0,0,0,0,0,0,0,0,0,0,0,0,0,0,0,0,0,0,0,0,0,0,0,0,0,0,0,0,0,0,0,0,0,0,0,0.554,0,0,0,0,0,0.243,0,0,0,0,0,0,0,0,0,0,0,0,0.309,0,0,0,0,0,0,0,0,0,0,0,0,0,0,0,0,0,0,0,0,0,0,0,0,0,0,0,0,0,0,0,0,0,0,0,0,0,0,0,0,0,0,0,0,0,0,0,0,0,0,0,0,0,0,0,0,0,0,0,0,0,0,0,0,0,0,0,0,0.171,0,0,0,0.182,0,0,0,0,0,0,0,0,0,0,0,0,0,0,0,0,0,0,0,0,0,0.481,0.218,0,0.219,0.197,0,0,0.683,0,0,0.288,0,0,0,0,0,0,0,0,0,0,0,0,0,0,0,0,0,0,0,0,0,0,0,0,0,0,0,0,0,0,0,0,0,0.153,0,0,0,0,0,0,0.161,0,0,0,0,0,0,0,0,0,0,0,0,0,0,0,0,0,0,0,0.667,0,0,0,0,0,0,0,0,0,0,0,0,0,0,0.244,0,0,0,0,0,0,0.241,0,0,0,0,0,0,0,0,0,0,0,0,0,0,0,0,0,0,0,0.196,0.215,0,0,0.163,0,0.197,0,0,0.332,0.845,0,0,0,0,0,0.239,0,0,0.272,0,0,0,0.152,0.347,0,0.755,0.923,0,0,0,0.896,0,0.743,0,0,0,0,0.816,0,0.356,0,0,0.191,0.189,0.196,0,0.756,0.923,0,0.737,0.195,0,0,0,0,0.285,0,0,0,0,0,0.189,0,0,0.81,0,0,0,0.409,0,0,0,0.253,0,0,0,0,0,0,0,0,0,0,0,0,0,0,0,0.245,0,0,0,0,0,0.305,0,0,0,0,0,0,0.278,0,0,0,0,0,0,0,0.157,0,0,0,0,0.161,0,0,0,0,0,0,0,0,0,0,0,0,0,0,0,0,0.24,0,0,0.241,0,0,0,0,0,0,0,0,0.872,0,0.32,0,0.157,0,0,0.23,0,0.862,0,0,0,0,0,0,0,0,0.16,0,0.307,0,0,0,0.205,0,0,0,0.337,0,0,0.246,0,0,0.432,0,0.237,0,0,0.813,0,0,0,0,0.969,0.823,0,0,0.199,0,0.189,0,0,0.15,0.263,0,0,0.913,0,0,0,0.285,0,0,0,0.359,0,0,0,0,0,0,0,0.215,0,0,0.175,0.769,0,0,0,0.614,0.821,0,0,0,0,0,0.791,0,0,0.607,0.533,0,0,0,0.635,0.712,0,0.354,0.544,0.173,0.612,0.309,0.263,0.272,0.152,0.543,0,0.289,0,0.187,0,0,0,0,0.266,0,0.555,0.246,0.303,0,0.256,0,0,0.349,0,0,0,0,0,0,0.891,0,0.176,0,0.916,0,0,0.818,0.606,0.266,0.268,0.238,0,0,0,0,0,0,0.906,0,0,0,0,0,0.212,0.736,0,0.831,0,0,0.357,0,0.607,0.325,0,0.418,0,0,0,0.546,0.716,0,0,0,0,0,0,0,0,0,0.238,0.314,0,0,0,0,0,0,0.451,0,0,0,0,0,0,0,0.231,0,0,0,0,0,0,0,0,0,0,0,0,0,0,0,0,0.23,0,0,0,0,0,0,0,0,0,0,0,0,0,0,0,0,0,0,0,0,0,0,0.304,0.164,0,0,0,0,0,0,0,0,0,0,0,0,0,0,0,0,0,0,0,0,0,0,0,0,0,0,0,0,0,0,0,0,0,0,0,0,0,0,0,0,0,0,0,0,0,0,0,0,0,0,0,0,0,0,0,0,0,0,0,0,0,0,0,0,0,0,0,0,0,0,0,0,0,0,0.243,0,0,0,0,0,0,0.155,0,0.252,0,0,0,0,0,0,0,0,0,0,0,0,0,0,0,0,0,0,0,0.353,0,0,0,0,0,0,0,0,0,0,0,0,0,0,0,0,0,0,0,0,0,0,0,0,0,0,0,0,0,0,0,0,0,0,0,0,0,0,0,0,0,0,0,0,0,0,0,0,0,0,0.665,0,0,0,0,0,0,0,0,0,0,0,0,0,0,0,0,0,0,0,0,0.426,0,0,0,0,0.154,0.157,0,0,0,0,0,0,0.171,0,0,0,0,0,0,0,0,0.196,0,0,0,0,0.169,0,0,0,0,0.164,0,0,0,0,0,0,0,0,0,0,0,0,0,0,0,0,0,0,0,0,0,0,0,0,0,0,0,0,0,0,0,0,0,0,0,0,0,0,0,0,0,0,0,0,0,0,0,0,0,0,0,0,0,0,0,0,0,0,0,0,0,0,0,0,0,0,0,0,0,0,0,0,0,0,0,0,0,0,0,0,0,0,0,0,0,0,0,0.206,0,0,0,0,0,0,0,0,0,0,0,0,0,0,0,0,0,0,0,0,0,0,0,0,0,0,0.179,0,0,0,0,0,0,0,0,0,0,0,0,0,0,0,0,0,0,0,0,0,0,0,0,0,0,0,0,0.193,0,0,0,0,0,0,0,0,0,0,0,0,0,0,0,0,0,0,0,0,0,0,0,0,0,0,0,0,0,0,0,0,0,0,0,0,0,0,0.398,0,0,0,0,0,0,0,0,0,0,0,0,0,0,0,0,0,0,0,0,0,0,0,0,0,0,0,0,0,0,0,0,0,0,0,0,0,0,0,0,0,0,0,0,0,0,0,0,0,0.193,0,0,0,0,0,0,0,0,0,0,0,0,0,0,0.203,0,0,0,0,0,0,0,0,0,0,0,0,0,0,0,0,0,0,0,0,0,0,0,0,0,0,0,0,0,0,0,0,0,0,0,0,0,0,0,0,0,0,0,0,0,0,0,0,0,0,0,0,0,0,0,0,0,0,0,0,0,0,0,0,0,0,0,0,0,0,0,0,0,0,0,0,0,0,0,0,0.556,0,0,0,0,0,0,0,0,0,0,0,0,0.39,0,0.473,0,0,0.241,0,0.15,0,0,0,0,0,0,0,0,0,0,0,0,0,0,0,0,0,0,0,0.196,0,0,0,0,0,0,0,0,0,0,0,0,0,0,0,0,0.179,0,0,0,0.505,0,0,0,0.203,0,0,0,0,0,0.702,0.453,0,0,0,0,0,0.489,0,0,0,0.237,0,0,0,0.321,0,0.168,0,0,0,0,0,0,0,0,0,0,0.365,0,0,0,0.629,0.189,0.248,0,0,0,0,0,0,0,0,0,0,0,0,0,0,0,0,0,0,0,0,0,0,0,0,0,0,0,0,0,0,0,0,0,0,0,0.208,0,0.185,0,0,0,0,0,0,0,0,0,0,0,0,0,0,0,0,0,0.175,0,0,0,0,0,0,0,0,0,0,0,0,0,0,0,0.61,0,0.317,0,0,0,0,0,0,0,0,0,0,0,0.226,0,0,0,0,0,0,0.48,0,0,0,0,0,0,0,0,0,0,0,0,0,0,0,0,0,0,0,0,0,0,0,0,0,0,0,0,0,0,0,0,0.511,0,0,0,0,0,0,0,0,0,0,0,0,0,0,0,0,0,0,0,0,0,0,0,0,0,0,0,0,0,0,0,0,0,0,0,0,0,0,0.158,0,0,0,0,0,0,0,0,0,0,0,0,0,0,0,0,0,0,0,0,0,0,0,0,0,0,0,0,0,0,0,0,0,0,0,0,0,0,0,0,0,0,0,0,0,0,0,0,0,0,0,0,0,0,0,0,0,0,0,0,0,0,0,0,0,0,0,0,0,0.24,0.172,0,0.276,0,0,0,0,0,0,0,0,0,0,0,0,0,0,0,0,0,0,0,0,0.185,0,0,0,0,0,0,0,0.64,0,0,0,0,0,0,0,0,0,0,0,0.546,0,0,0,0,0,0,0,0,0.307,0,0,0,0,0,0,0,0,0,0,0,0,0,0,0,0,0,0,0,0,0,0,0,0,0,0,0,0,0,0,0.195,0,0,0,0,0,0,0,0,0,0,0,0,0,0,0,0,0,0,0,0,0,0,0,0,0,0,0,0,0,0,0,0,0,0,0.555,0,0,0,0,0.196,0,0,0,0,0,0,0.185,0,0,0.171,0,0,0,0,0,0,0,0,0,0,0,0,0,0,0,0,0,0,0,0,0,0,0,0,0,0,0,0,0,0,0,0,0,0,0,0,0,0,0,0,0,0,0,0,0,0,0,0,0,0,0,0,0,0,0,0,0,0,0,0,0,0.193,0,0,0,0,0,0,0,0,0,0,0,0,0,0,0,0,0,0,0,0,0,0,0,0,0,0,0,0,0,0,0,0,0,0,0,0,0,0,0,0,0,0,0,0,0,0,0,0,0,0,0,0,0,0,0,0,0,0,0,0,0,0,0,0,0,0,0,0,0,0,0,0,0,0,0,0,0,0,0,0,0,0,0,0,0,0,0,0,0,0,0,0,0
852191,0,0,0,0,0,0,0,0,0,0,0,0,0,0,0,0,0,0,0,0,0,0,0,0,0,0,0,0,0,0,0,0,0,0,0,0,0,0,0,0,0,0,0,0,0,0,0,0,0,0,0,0.999,0,0,0,0,0,0,0,0,0,0,0,0,0,0,0,0,0,0,0.278,0,0,0,0.178,0,0,0,0,0,0,0,0,0,0,0,0,0,0,0,0,0,0,0,0,0.999,0,0,0,0,0,0,0,0,0,0,0,0,0,0,0,0,0,0,0,0,0,0,0,0,0,0,0.301,0,0,0.195,0,0.858,0,0,0,0,0,0,0,0,0,0,0,0,0.999,0,0,0,0,0,0,0,0,0,0,0,0,0,0,0.152,0,0,0,0,0,0,0,0,0,0,0,0,0,0,0,0,0,0,0,0,0,0,0,0,0,0,0,0,0,0,0,0,0,0.714,0,0,0,0.271,0,0.349,0,0,0,0,0,0,0,0.752,0,0,0.999,0,0,0,0,0,0,0.217,0,0,0,0,0,0,0.999,0,0.167,0.851,0,0,0,0,0,0.94,0,0,0.996,0,0.193,0,0,0.267,0,0,0,0,0,0.274,0.616,0,0,0,0,0,0,0,0.541,0,0,0,0,0,0,0,0.227,0,0,0,0.208,0,0,0,0,0,0,0,0,0,0.227,0.979,0,0.199,0.271,0,0,0,0.343,0,0,0.419,0,0,0,0.185,0,0,0,0,0,0,0,0.8,0,0,0.999,0,0,0,0,0,0,0.239,0,0.999,0,0,0,0,0.979,0.166,0,0,0,0,0,0,0,0,0,0.175,0,0,0,0.863,0,0.297,0.509,0,0,0,0,0,0,0,0,0,0,0.481,0,0,0.164,0,0,0,0,0,0,0,0,0,0,0,0,0.403,0,0.311,0,0,0,0,0.266,0,0,0.999,0.151,0.685,0,0,0,0,0.999,0,0,0,0,0,0,0.999,0,0,0,0,0,0.201,0.489,0,0,0,0.199,0,0.999,0.171,0.625,0,0.274,0.372,0,0,0.346,0,0,0,0,0.939,0,0,0,0,0,0.274,0.336,0,0,0,0,0,0,0.153,0,0.16,0.151,0,0.271,0,0,0,0,0,0,0,0,0,0.258,0,0,0,0,0,0,0,0,0,0,0,0.998,0,0.262,0,0.241,0,0,0.189,0,0,0,0,0,0,0,0,0,0.239,0,0,0.284,0,0,0.999,0,0.186,0,0,0,0.601,0,0,0,0.245,0,0,0,0,0,0,0,0.982,0,0,0,0,0,0,0,0,0.371,0,0,0,0,0,0,0,0.805,0,0,0,0,0,0.198,0,0.998,0.291,0,0,0,0,0,0,0,0.393,0.898,0,0,0,0,0,0,0,0.36,0,0.971,0,0,0,0,0,0,0,0.207,0,0,0,0,0.183,0,0.199,0,0,0,0,0,0,0,0,0,0,0,0,0,0.293,0,0,0,0,0,0,0,0,0,0.161,0,0,0,0,0,0,0,0,0,0.943,0,0,0.198,0,0.743,0,0,0,0,0,0,0.597,0,0,0.21,0,0,0.222,0,0,0,0.883,0,0,0,0,0,0,0,0,0.206,0.759,0,0,0.25,0,0,0,0.308,0,0,0,0,0,0,0,0,0,0.608,0,0,0,0.174,0,0,0.233,0,0,0,0,0,0,0,0,0,0,0,0,0,0.195,0,0,0.223,0,0,0,0,0,0,0,0,0,0,0,0,0,0,0,0,0,0,0,0,0,0,0.737,0,0,0,0,0.3,0.161,0,0,0,0,0,0,0.509,0,0,0,0,0,0.186,0.154,0,0,0,0,0.227,0.385,0,0.202,0,0,0,0,0,0,0,0.255,0.999,0,0,0,0,0,0,0.382,0,0,0,0.997,0,0.219,0,0.48,0,0.239,0,0,0,0,0,0.236,0,0,0,0,0,0.36,0,0,0.999,0,0.423,0,0.201,0.384,0,0.268,0,0,0,0,0,0,0,0,0,0,0,0,0,0.806,0,0.433,0,0,0.425,0,0,0,0,0,0,0.339,0.208,0.834,0,0,0,0,0,0,0,0,0,0,0,0,0,0,0,0,0,0,0,0,0,0,0.157,0.165,0,0,0.219,0,0.837,0,0.193,0,0.419,0,0,0,0,0.449,0,0,0,0,0,0,0,0,0,0,0,0.271,0,0.999,0,0.504,0.793,0,0,0,0,0,0,0,0,0.266,0,0,0,0,0,0.297,0,0.288,0,0,0,0,0,0,0,0,0,0.999,0.43,0,0,0,0.299,0,0,0.689,0.165,0.23,0,0,0.195,0,0.998,0,0,0,0,0,0,0,0,0,0,0,0,0,0.311,0.25,0.186,0,0,0,0.336,0.33,0,0,0,0,0,0.953,0,0.993,0,0,0,0,0.281,0,0,0.221,0.999,0,0,0,0,0.443,0,0.999,0,0.934,0.889,0.999,0,0,0,0,0,0.194,0,0,0.441,0,0,0.156,0,0,0.199,0,0.925,0,0.441,0.999,0,0.227,0,0,0,0,0,0.445,0,0,0,0,0.278,0.656,0,0,0,0.241,0,0.998,0,0,0,0,0,0,0,0.321,0,0,0.24,0,0,0,0.343,0,0,0,0,0,0.321,0,0,0,0,0,0.19,0,0,0,0,0,0,0,0,0,0,0,0,0,0,0,0,0,0,0,0,0,0.227,0,0,0,0,0,0,0,0,0,0,0,0,0,0,0.999,0,0,0,0,0,0,0,0,0,0.999,0,0,0,0,0,0,0,0,0,0,0,0,0,0,0,0,0,0,0,0,0,0,0,0,0,0,0,0,0.199,0,0,0,0,0,0,0,0,0,0,0,0,0,0,0,0,0,0,0,0,0,0,0,0,0,0,0,0,0,0,0,0,0,0.999,0,0,0,0,0,0,0,0,0,0,0,0,0,0,0,0,0,0,0,0,0,0,0,0,0,0,0,0.999,0,0,0,0,0,0,0,0.266,0,0,0.999,0,0,0,0,0,0,0,0,0.999,0.385,0.22,0,0,0,0,0,0,0,0.418,0,0,0,0,0,0,0,0,0.43,0,0,0,0,0,0,0,0,0,0,0,0,0,0,0,0,0,0.999,0,0,0.224,0.388,0,0,0.287,0,0,0,0,0,0,0,0,0.999,0,0,0.332,0,0,0,0,0,0.51,0,0.967,0.369,0,0,0,0,0,0,0,0,0,0,0,0,0,0,0,0,0.189,0,0,0,0,0,0,0,0,0,0,0.999,0,0,0,0,0,0.452,0,0,0,0,0,0,0,0,0,0.812,0,0,0,0,0.15,0,0,0,0.443,0,0,0,0,0,0,0.999,0,0.999,0.238,0,0,0,0,0,0,0,0,0,0,0,0,0,0,0,0,0,0,0,0,0,0,0,0,0,0,0,0,0,0,0,0,0,0,0,0,0.571,0.188,0,0,0,0,0,0,0,0,0,0,0,0.758,0,0,0,0,0,0.385,0,0,0,0,0,0,0,0,0,0,0,0,0,0.389,0,0,0,0,0.199,0,0,0,0,0,0,0,0,0.999,0,0,0,0,0,0,0,0,0,0,0,0,0,0.243,0,0,0.668,0,0,0,0,0,0,0,0,0,0,0.192,0,0,0,0,0,0,0,0,0,0,0,0.323,0,0,0.758,0,0,0,0,0,0,0,0.445,0,0.161,0,0.195,0,0,0,0,0,0,0,0,0,0,0,0,0,0,0,0,0,0,0,0,0.243,0,0,0,0,0,0,0,0,0,0.184,0,0,0,0,0,0,0,0,0,0,0,0,0,0,0,0,0.999,0,0,0,0,0,0,0,0,0,0,0,0,0,0,0,0,0,0,0,0,0,0,0,0,0,0,0,0,0,0,0,0.166,0,0,0,0,0,0,0,0,0,0,0,0,0,0,0,0,0,0,0,0,0,0.287,0,0,0,0,0,0,0,0,0,0,0,0,0,0,0,0,0,0,0,0,0,0,0,0.156,0,0,0,0,0,0,0,0,0,0,0,0,0,0,0.516,0,0,0,0,0,0,0,0,0,0,0,0,0,0,0,0,0,0,0,0,0,0,0,0,0,0,0,0,0,0,0,0,0,0,0,0,0,0,0,0,0,0,0,0,0,0.27,0,0,0,0,0,0,0,0.811,0,0.304,0,0.8,0,0,0,0.999,0.8,0.803,0.316,0,0.856,0.517,0,0.186,0,0.173,0,0.15,0.984,0,0,0,0,0.806,0,0,0,0,0.438,0,0,0.819,0,0,0,0,0,0.17,0,0,0,0,0,0,0.801,0,0,0.999,0.443,0.809,0,0.999,0,0,0,0,0,0,0,0,0,0,0.999,0,0,0,0,0,0,0,0.192,0.185,0,0,0,0,0,0,0.297,0,0,0.196,0,0,0.817,0,0,0.153,0,0.999,0,0,0,0,0,0,0,0,0,0,0,0,0,0,0.51,0.831,0,0,0,0,0.694,0,0.258,0,0,0,0,0,0,0,0,0.999,0.242,0.315,0,0,0,0.224,0,0,0,0.996,0,0,0,0,0.228,0,0,0.295,0.208,0,0,0.272,0,0,0,0,0,0.8,0,0,0,0,0,0,0,0,0.999,0,0.802,0.608,0,0,0.827,0,0,0.8,0.466,0,0,0.947,0,0.999,0,0.302,0,0,0.806,0.192,0.195,0,0.876,0.218,0,0,0.4,0,0,0,0,0.329,0,0,0.183,0,0,0.228,0,0,0,0.914,0,0,0,0,0,0.833,0,0,0.868,0,0,0,0,0,0,0,0,0,0,0,0.205,0,0,0.492,0,0,0.223,0,0,0,0,0,0,0,0.802,0,0,0,0,0,0.331,0,0,0,0,0,0,0,0,0,0,0,0,0,0,0,0,0,0,0,0.883,0,0,0.267,0,0,0,0,0,0,0,0,0,0,0,0,0,0.255,0,0,0.999,0,0,0,0,0,0,0,0,0,0,0.184,0.176,0,0,0,0,0,0,0,0,0,0,0,0,0,0,0,0.173,0,0,0,0,0,0,0,0,0,0,0,0,0,0,0,0,0,0,0,0,0,0,0,0,0,0,0,0.155,0,0,0,0,0,0,0,0,0,0,0,0,0,0,0,0,0.635,0,0.761,0,0,0,0,0,0,0,0,0,0,0,0,0,0,0,0,0,0,0,0,0,0,0.208,0,0,0,0.449,0,0,0.827,0,0,0,0,0,0,0,0,0,0,0,0,0,0,0,0,0,0,0,0,0,0.186,0,0,0.169,0,0,0,0,0,0,0.194,0,0,0,0.78,0,0,0,0,0,0,0,0,0,0,0,0,0,0,0,0,0,0,0,0,0,0,0,0,0,0,0,0,0,0.933,0,0,0.997,0,0,0,0,0,0,0,0,0,0,0,0,0.33,0,0,0,0,0,0,0,0,0,0,0,0,0,0,0,0,0,0,0,0,0,0,0,0,0,0,0,0,0,0,0,0,0,0,0,0,0.188,0,0,0,0,0,0,0,0,0,0,0,0.291,0,0,0,0,0.999,0,0,0,0,0,0,0.893,0,0,0,0,0.19,0,0,0,0,0,0,0,0,0,0,0,0,0,0,0,0,0,0,0,0,0,0,0,0,0,0,0,0,0,0,0,0,0,0,0.999,0,0,0,0.151,0,0.999,0,0,0,0,0.999,0,0,0,0,0,0,0,0.183,0.885,0,0,0,0,0,0,0,0,0,0,0,0,0,0.846,0,0,0,0.908,0,0,0,0,0,0,0.396,0.995,0,0,0,0.708,0,0,0,0,0,0,0,0,0,0,0,0,0,0,0,0,0,0,0,0,0,0,0,0,0.398,0,0,0,0,0,0,0,0,0,0,0.323,0,0,0,0,0,0,0,0,0,0,0,0,0,0,0,0,0,0,0,0,0,0.399,0,0,0.151,0,0.516,0.205,0,0,0,0,0,0.267,0,0,0,0,0.998,0,0,0,0,0,0,0,0.323,0,0,0,0,0,0,0.681,0,0,0,0,0,0,0,0,0,0,0,0,0.583,0,0,0.297,0,0,0,0,0,0,0,0.874,0,0.158,0,0,0,0,0,0,0,0,0,0,0,0,0,0,0,0,0.999,0,0,0.999,0,0,0,0,0,0,0,0,0,0,0,0,0,0,0,0,0,0,0,0,0,0,0,0,0,0,0,0,0,0,0,0,0,0,0,0,0,0,0,0,0,0,0,0,0,0,0,0,0,0,0,0,0,0,0,0,0,0,0,0,0,0,0,0,0,0,0,0,0,0,0,0,0,0,0,0,0,0,0,0,0,0,0,0,0,0,0,0,0,0,0,0,0,0,0,0,0,0,0,0,0,0,0,0,0,0,0,0,0,0,0,0,0,0,0,0,0,0,0,0,0.55,0,0,0,0,0,0,0,0,0,0,0,0,0,0,0,0,0,0,0,0,0,0,0,0,0,0,0,0,0,0,0,0,0,0,0,0,0,0,0,0,0,0,0,0.999,0,0,0,0,0,0,0,0,0,0,0,0,0,0,0,0,0,0,0,0,0,0,0,0,0,0,0,0,0,0.267,0,0,0,0,0.608,0,0,0,0,0,0,0,0,0,0,0,0,0.905,0,0,0,0,0,0,0,0,0,0,0,0,0,0,0,0,0,0,0,0,0,0,0,0,0,0,0,0,0,0,0,0.247,0,0,0,0,0,0.898,0,0.342,0,0,0,0,0,0,0,0,0,0,0,0,0,0,0,0,0,0,0,0,0,0,0,0,0,0,0,0,0,0,0,0,0,0,0,0,0,0.162,0,0,0,0,0,0,0,0,0,0,0,0,0,0,0.155,0,0,0,0,0,0,0,0,0,0,0,0,0,0,0,0,0,0,0,0,0,0,0.8,0,0,0,0,0,0,0,0,0,0,0,0,0,0,0.97,0.885,0.999,0.716,0.195,0.251,0,0,0.999,0.997,0.999,0.815,0,0.999,0.82,0.169,0,0.999,0.171,0.981,0.993,0,0.253,0,0,0,0.346,0.998,0.365,0.999,0.8,0,0.999,0,0.922,0,0.172,0.801,0.743,0.999,0.59,0.999,0.808,0.896,0.29,0,0,0.999,0.999,0.267,0.946,0.163,0.848,0.487,0.155,0.51,0.716,0,0.841,0,0.331,0.999,0.999,0.997,0.999,0.981,0.992,0.999,0,0.537,0.999,0.716,0.999,0.19,0.249,0.8,0.716,0,0,0,0.999,0.999,0,0.999,0.997,0.999,0,0,0.999,0.277,0.716,0.837,0,0.999,0.215,0.608,0,0.999,0.999,0,0.981,0,0.82,0.999,0.914,0.999,0.999,0.716,0.999,0.999,0.653,0,0.998,0.931,0.998,0,0.999,0.999,0.716,0.999,0.864,0,0.198,0,0.999,0.996,0.741,0.812,0,0,0.566,0,0.999,0.802,0.716,0,0.999,0.857,0.303,0,0,0,0.999,0.999,0.15,0,0.665,0.999,0.893,0.815,0.999,0.794,0,0.645,0.999,0.999,0.187,0.992,0,0.999,0.243,0.716,0.999,0,0.631,0.999,0.999,0.358,0.8,0.999,0.999,0.173,0.157,0.653,0,0,0,0,0,0.173,0.688,0.66,0,0.717,0.237,0.606,0.881,0.811,0.943,0.999,0,0.999,0.859,0,0,0.999,0.999,0.801,0.159,0.996,0,0.998,0.999,0.232,0.999,0.844,0.19,0.999,0.231,0.999,0.935,0,0.996,0.999,0.999,0,0.837,0.999,0,0.911,0,0,0.999,0,0.999,0.806,0,0.999,0,0,0,0.391,0,0,0,0,0,0,0.389,0,0,0,0,0,0,0.658,0,0,0,0,0,0,0,0.173,0,0,0,0.16,0,0,0,0,0,0,0,0,0,0,0,0,0,0.999,0.536,0,0,0,0,0,0,0,0,0,0,0,0,0,0.15,0,0,0,0,0,0,0,0,0,0,0,0,0,0,0,0,0,0,0,0,0,0,0,0,0,0,0,0,0,0,0,0,0,0,0,0,0,0,0,0,0,0,0,0,0,0,0,0,0,0,0,0.173,0,0,0,0,0,0,0,0,0,0,0,0,0,0,0,0,0,0,0,0,0,0,0,0,0,0,0,0,0,0,0,0,0,0,0,0,0,0,0,0,0,0,0,0,0,0,0,0,0,0,0,0,0,0,0,0,0,0,0,0,0,0,0,0,0,0,0,0,0,0,0,0,0,0,0,0,0,0,0,0,0,0,0,0,0,0,0,0,0,0,0,0,0,0,0,0,0,0,0,0,0,0,0,0,0,0,0,0,0,0,0,0,0,0,0,0,0,0,0,0,0,0,0,0.159,0,0,0,0,0,0.291,0,0,0.253,0.173,0,0,0.841,0.352,0,0,0.823,0,0,0,0,0,0,0.273,0.211,0,0.398,0,0,0,0,0,0,0,0,0,0,0,0,0,0,0,0,0,0,0,0,0,0,0,0,0,0,0,0,0,0,0,0,0,0,0,0,0,0,0,0,0,0,0,0,0,0,0,0,0,0,0,0,0,0,0,0,0,0,0,0,0,0,0,0,0,0,0,0,0,0,0,0,0,0,0,0,0,0,0,0,0,0,0,0,0.334,0,0,0,0,0,0,0,0,0,0,0,0,0,0,0,0,0,0,0,0,0,0,0,0,0,0,0,0,0,0.201,0,0,0.202,0,0,0,0,0,0,0,0,0,0,0,0,0,0,0,0,0,0,0,0,0,0,0,0,0,0,0,0,0,0,0,0,0,0,0,0,0,0,0,0,0,0,0,0,0.243,0.839,0,0.169,0,0,0,0,0,0,0,0,0,0,0,0,0,0,0,0,0,0,0,0,0,0,0,0,0,0,0,0,0,0,0,0.226,0,0,0,0,0,0,0,0,0,0,0,0,0,0,0,0,0.258,0,0,0,0,0,0,0,0,0,0,0,0,0,0,0,0,0,0,0,0,0,0,0,0,0,0,0,0,0,0,0,0,0,0,0,0,0,0,0,0,0,0,0,0,0,0.276,0,0,0,0,0,0,0,0,0,0,0,0,0,0,0,0,0,0,0,0,0,0,0,0,0,0,0,0,0,0,0,0,0,0,0,0,0,0,0,0,0,0,0,0,0,0,0,0,0.645,0,0,0,0,0,0,0,0,0,0,0,0,0,0,0,0,0,0,0,0,0,0,0,0,0,0,0,0,0,0,0,0,0,0,0,0,0,0,0,0,0,0,0,0,0,0,0,0,0,0,0,0,0,0,0,0,0,0,0,0,0,0,0,0,0,0,0,0,0,0,0,0,0,0,0,0,0,0,0,0,0,0,0,0,0,0,0,0,0,0,0,0,0,0,0,0,0,0,0,0,0,0,0,0,0,0,0,0,0,0,0,0,0,0,0,0,0,0,0,0,0,0,0,0,0,0,0,0,0,0,0,0,0,0,0,0,0,0,0,0,0.228,0,0,0,0,0.181,0,0,0,0,0,0,0,0,0,0,0,0,0,0,0,0,0,0,0,0,0,0,0,0,0,0,0,0,0,0,0,0,0,0,0,0,0,0,0.173,0,0,0,0,0,0.227,0,0.186,0,0,0,0,0,0.448,0,0,0,0,0,0,0,0,0,0,0,0,0,0,0,0,0,0,0,0,0,0,0,0,0,0,0,0,0,0,0,0,0,0,0,0,0,0,0,0,0,0,0,0,0,0,0,0,0,0,0,0,0,0,0,0,0,0,0,0,0,0,0,0,0,0,0,0,0,0,0,0,0,0,0,0,0,0,0,0,0,0,0,0,0,0,0.229,0,0,0,0,0,0,0,0,0,0,0,0,0,0,0,0,0,0,0.208,0,0.208,0,0,0,0,0,0,0,0,0,0,0,0,0,0,0,0,0,0,0,0,0,0,0,0,0,0,0,0,0,0,0,0,0,0,0.503,0,0,0,0,0,0,0,0,0,0,0,0,0,0,0,0,0,0,0,0,0,0,0,0,0,0,0.502,0,0,0,0,0,0,0,0,0,0,0,0,0,0,0,0,0,0,0,0,0,0,0,0,0,0,0,0,0,0,0,0,0,0,0,0,0,0,0,0,0,0,0,0,0,0,0,0,0,0,0,0,0,0,0,0,0,0,0,0,0,0,0,0,0,0,0,0,0,0,0,0,0,0,0,0,0,0,0,0,0.161,0,0,0,0,0,0,0,0,0,0.365,0,0.206,0,0,0,0,0,0,0,0,0,0,0,0,0,0,0,0,0,0,0,0,0,0,0,0,0,0,0,0.238,0,0,0.161,0,0,0,0,0,0,0,0,0.161,0,0,0,0,0,0,0,0,0,0,0,0,0,0,0,0,0,0,0,0,0,0,0,0,0,0,0,0,0,0,0,0,0,0,0,0,0,0,0,0,0,0,0,0,0,0,0,0,0,0,0,0,0,0,0,0,0,0,0,0,0,0,0,0,0,0,0,0,0,0,0,0,0,0,0,0,0,0,0,0,0,0,0,0,0,0,0,0,0,0,0,0,0,0,0,0.241,0,0,0,0,0,0,0,0,0,0,0,0,0,0,0,0,0,0,0,0,0,0,0.158,0,0,0,0,0,0,0,0,0,0,0,0,0,0,0,0,0,0,0,0,0,0,0,0,0,0,0,0,0,0,0,0,0,0,0,0,0,0,0,0,0,0,0,0,0,0,0,0,0,0,0,0,0,0,0,0,0,0,0,0,0,0,0,0,0,0,0,0,0,0,0,0,0,0,0,0,0,0,0,0,0,0,0,0,0,0,0,0,0,0,0,0,0,0,0,0,0,0,0,0,0,0,0,0,0,0,0,0,0,0,0,0,0,0,0,0,0,0,0,0,0,0,0,0,0,0,0,0,0,0,0,0,0
854372,0,0,0,0,0.359,0,0,0,0,0,0,0.195,0.191,0,0,0.254,0,0,0,0,0,0,0,0,0,0,0.595,0,0.442,0,0,0,0,0,0.187,0,0,0,0,0,0,0,0,0,0.242,0.337,0,0,0,0,0,0,0,0,0,0.432,0.966,0,0,0,0,0,0,0,0,0,0.315,0,0,0,0.696,0,0,0,0,0.226,0,0,0,0,0,0,0,0,0,0,0,0,0.152,0,0,0,0,0,0,0,0,0,0,0,0,0,0.165,0,0,0,0,0,0,0,0,0,0,0,0,0,0,0,0.306,0,0,0,0,0,0,0,0,0,0,0,0,0,0,0,0,0,0,0,0.604,0,0,0,0,0,0,0,0,0,0,0,0.196,0,0,0,0,0.231,0,0.653,0,0,0,0,0,0.384,0,0,0,0.175,0,0,0,0,0,0,0,0,0,0,0,0,0,0,0,0,0,0,0,0,0,0,0,0,0,0,0,0,0,0,0,0,0,0,0,0,0,0,0,0,0,0,0,0,0.552,0,0,0.17,0,0,0,0,0,0,0,0,0,0,0.566,0,0,0,0,0,0,0,0,0,0.294,0,0,0,0,0,0,0,0,0,0,0.248,0,0,0,0,0,0.187,0,0,0,0,0,0,0,0,0,0,0,0,0,0,0,0,0,0,0,0,0,0.376,0,0,0,0,0,0,0.468,0.183,0,0,0,0,0.488,0,0,0,0,0,0,0,0,0,0,0,0,0,0,0,0,0,0.17,0,0,0,0,0,0,0,0.376,0,0,0.154,0.194,0,0,0,0,0,0,0,0.446,0,0,0,0,0.197,0.194,0,0,0,0,0,0,0,0,0,0,0,0,0.44,0,0,0,0,0,0,0,0,0,0,0.152,0,0,0,0,0,0,0,0,0.631,0,0,0,0,0.356,0,0,0,0.633,0,0,0,0.27,0,0,0,0,0,0,0.248,0,0,0,0,0.339,0,0,0,0,0,0,0,0.166,0,0,0,0,0,0,0,0,0.323,0,0.369,0,0,0,0,0,0,0,0,0.343,0,0,0,0,0.169,0,0,0,0,0,0.601,0.202,0,0,0,0,0,0,0,0.278,0,0.614,0,0,0,0,0,0,0,0,0,0,0.258,0.453,0.429,0.364,0,0,0,0,0,0,0,0.392,0,0,0,0,0,0,0,0,0,0,0,0,0,0,0,0,0,0,0.194,0,0,0,0,0,0,0,0,0,0,0,0,0,0,0,0,0,0.159,0,0,0,0,0,0,0,0,0,0,0,0,0,0,0,0,0,0,0,0,0.179,0,0,0,0,0,0,0,0,0,0,0,0,0,0,0.34,0,0,0,0.225,0,0,0,0.54,0,0,0,0,0,0,0,0,0,0,0,0,0,0.381,0,0,0,0,0.167,0,0,0,0,0,0,0,0,0,0,0.297,0,0,0,0,0,0,0.232,0,0,0,0,0,0,0,0,0,0,0,0,0.404,0,0,0,0,0,0,0,0,0,0,0,0,0,0,0,0,0,0,0,0,0,0,0,0,0,0,0,0,0,0,0,0,0,0,0,0,0,0,0,0.169,0,0,0,0.22,0,0,0,0,0,0,0,0,0,0,0,0.17,0,0,0,0,0.192,0,0,0,0,0,0,0,0.198,0,0,0,0,0.511,0,0.186,0,0,0,0,0.272,0,0,0,0,0,0,0,0,0,0,0,0,0,0,0,0,0,0,0,0.219,0.152,0,0,0,0,0,0,0,0,0,0,0,0,0,0,0,0,0,0,0,0.339,0,0,0.343,0,0,0,0,0,0,0,0,0,0,0,0,0,0,0,0,0.343,0,0,0,0,0,0,0,0,0,0.61,0,0.262,0,0,0,0,0,0,0,0,0,0,0,0,0,0,0,0,0,0,0,0.559,0,0,0,0,0,0,0,0.193,0,0,0,0,0.253,0,0.339,0,0,0,0,0.192,0,0,0.23,0,0,0,0,0,0,0,0,0,0,0,0,0,0,0.27,0,0.164,0,0,0,0,0,0,0,0,0,0,0,0,0,0,0,0,0,0,0,0,0,0,0,0,0,0,0.608,0,0,0,0,0,0,0,0,0,0,0,0,0.61,0,0,0.521,0,0,0,0,0,0.44,0,0,0,0.276,0,0,0,0,0,0.347,0,0,0,0,0,0,0,0,0,0,0,0.227,0,0,0,0.3,0,0,0,0,0,0,0,0,0,0,0,0,0,0,0,0,0,0,0,0,0.198,0,0,0,0,0,0,0,0,0,0,0,0,0,0,0,0,0.343,0,0,0,0,0,0,0,0,0,0.36,0,0,0.319,0,0,0,0,0,0,0,0,0,0,0,0,0.153,0,0,0,0.449,0.343,0,0,0,0,0,0,0,0,0,0,0,0,0,0,0.185,0,0,0,0,0,0,0,0,0,0,0,0,0,0,0,0,0,0.188,0,0,0,0,0,0,0,0,0,0,0,0,0,0,0.242,0,0,0,0,0,0,0,0,0,0,0,0,0,0,0,0,0,0,0,0,0,0,0,0,0,0,0,0,0,0,0,0,0,0,0,0,0,0,0,0,0,0,0,0,0,0,0,0,0,0,0,0,0,0,0,0,0,0,0,0,0,0,0,0,0,0,0,0,0,0,0,0,0,0,0,0,0,0,0,0,0,0,0,0,0,0,0,0,0,0,0,0,0,0,0,0,0,0,0,0,0,0,0,0,0,0,0,0,0,0,0,0,0,0,0,0,0,0,0,0,0,0,0.231,0.356,0,0,0,0,0,0.174,0,0,0,0.162,0,0,0,0.26,0,0,0,0.16,0,0,0,0,0,0,0.512,0,0,0,0.44,0,0,0,0,0,0,0,0,0,0,0,0,0,0,0,0,0,0,0,0,0,0,0.659,0,0,0,0,0,0,0,0,0,0,0,0,0,0,0,0,0.34,0,0,0,0,0,0,0,0,0,0,0,0,0,0,0,0,0,0,0,0,0,0,0,0,0,0,0,0,0.196,0,0,0,0,0,0,0,0,0,0,0,0,0,0,0,0,0,0,0,0,0.488,0,0,0,0,0,0,0,0,0,0,0,0,0,0,0,0,0,0,0,0,0,0,0,0,0,0,0,0,0,0.169,0,0,0,0.36,0,0,0,0,0,0,0,0,0,0,0,0.415,0.183,0,0,0,0,0,0,0.359,0,0,0,0,0,0,0,0,0,0.231,0,0,0,0,0,0,0,0,0,0,0,0,0,0,0,0,0,0,0,0,0,0,0,0,0,0.166,0,0,0.343,0,0,0,0,0,0,0,0,0,0.254,0,0,0,0,0,0,0,0,0,0,0,0,0,0,0,0,0,0,0,0,0,0,0.343,0,0,0,0,0,0,0,0,0,0,0,0,0,0,0,0.241,0,0,0,0,0,0,0,0,0,0,0,0,0,0,0,0,0,0,0,0,0.413,0,0,0.337,0,0,0,0.468,0,0,0,0,0,0,0,0.177,0,0,0,0,0,0,0,0,0,0,0,0,0,0,0,0,0,0,0,0,0,0,0,0,0,0,0,0,0,0,0,0.347,0,0,0,0.247,0,0,0,0,0,0,0,0,0,0,0,0.309,0,0,0,0,0,0,0,0,0,0,0,0.284,0,0,0,0,0,0,0,0,0,0,0,0,0,0,0,0,0.339,0,0,0,0,0,0,0.189,0,0,0.336,0,0,0,0,0,0,0.876,0,0.345,0,0,0,0.225,0,0,0,0,0,0,0,0,0,0,0,0,0,0,0,0,0,0,0,0,0,0,0,0,0,0,0,0,0,0,0.375,0,0,0,0,0,0,0,0,0,0,0,0,0,0,0,0,0,0,0,0,0,0,0,0,0,0,0,0,0,0,0,0,0,0,0,0,0,0,0,0,0,0,0,0,0,0,0,0,0,0,0,0,0,0,0,0.347,0,0,0,0,0,0,0,0,0,0,0,0,0,0,0.18,0,0,0,0,0,0,0,0,0,0,0,0,0,0,0,0,0,0,0,0,0,0,0,0,0,0,0,0,0,0,0.238,0,0,0,0,0,0,0,0,0,0,0,0,0,0,0,0,0,0,0,0,0,0,0,0,0,0,0,0,0,0,0,0,0,0,0,0,0,0,0,0,0,0,0,0,0,0,0,0,0,0,0,0,0.339,0,0,0,0,0,0,0,0,0,0,0,0,0,0,0,0,0,0,0,0,0,0,0,0,0,0,0,0,0,0,0,0,0,0,0,0,0,0,0,0,0,0,0,0,0,0,0,0,0,0,0,0,0,0,0,0,0,0.288,0,0,0,0.343,0,0,0,0.787,0,0,0,0,0,0,0,0,0,0,0,0,0,0,0,0,0,0,0,0,0,0,0,0,0,0,0,0,0,0,0,0,0,0,0,0,0,0,0,0,0,0,0,0,0,0,0,0,0,0,0,0,0,0,0,0,0,0,0,0,0,0,0,0,0,0,0,0,0,0,0,0,0,0,0,0,0,0,0,0,0,0,0,0,0,0,0,0,0,0,0,0,0,0,0,0,0.324,0.347,0,0.86,0,0,0,0,0,0.161,0,0,0,0,0,0,0,0,0,0,0,0,0,0,0,0,0,0,0,0,0,0,0,0,0,0,0,0,0,0,0,0,0,0,0,0,0,0,0,0,0,0,0,0,0,0,0,0,0,0,0,0,0,0,0,0,0,0.463,0,0,0,0,0,0,0,0,0,0,0,0,0,0,0,0,0,0,0,0,0,0,0,0,0,0,0,0,0.939,0,0,0,0,0,0,0,0,0,0,0,0,0,0,0,0,0,0,0,0,0,0,0,0,0,0,0,0,0,0,0,0,0,0,0,0.362,0,0,0,0,0,0,0,0,0,0,0,0,0,0,0,0,0,0,0,0,0,0,0,0,0,0,0,0,0,0,0,0,0,0,0,0.446,0,0,0,0,0,0,0,0,0,0,0,0,0,0,0,0.445,0,0,0,0,0,0,0,0,0,0,0,0,0,0,0,0,0,0,0,0,0,0,0,0,0,0,0,0,0,0,0,0,0,0,0,0,0,0,0,0,0,0,0,0,0,0,0,0,0,0,0,0,0,0,0,0,0,0,0,0,0,0,0,0,0,0,0,0,0,0,0,0,0,0,0,0,0,0,0.294,0,0,0,0,0,0,0,0,0,0,0,0,0,0,0,0,0,0,0,0,0,0,0,0,0,0,0,0,0,0,0,0,0,0,0,0,0,0,0,0,0,0,0,0,0,0,0,0,0,0,0,0,0,0,0.339,0,0,0,0,0,0,0,0,0,0,0,0,0,0,0,0,0,0,0,0,0,0.68,0,0,0,0,0,0,0,0,0,0,0,0,0,0,0,0,0.354,0.156,0,0,0,0,0,0,0,0,0,0,0,0,0,0,0,0,0,0,0,0,0,0,0,0,0,0,0,0,0,0,0,0,0,0,0,0,0,0,0,0,0,0,0,0.193,0,0,0,0,0,0.449,0,0,0,0,0,0,0,0,0,0,0,0,0,0,0,0,0,0,0,0,0,0,0,0,0,0,0,0,0,0.171,0,0,0,0,0,0,0,0,0.36,0,0,0,0,0,0.786,0,0.392,0,0,0,0,0,0,0,0,0,0,0,0,0,0,0,0,0,0,0,0,0,0,0,0,0,0,0,0,0,0,0,0.275,0.343,0,0,0,0,0,0,0,0,0,0,0,0,0,0,0,0,0,0,0,0,0,0,0,0,0,0,0,0,0,0,0.29,0,0,0,0,0,0,0,0,0,0,0,0,0,0,0,0,0,0,0,0,0,0,0,0,0,0,0,0,0,0,0,0,0,0,0,0,0,0,0,0,0,0,0,0,0,0,0,0,0,0,0,0,0,0,0,0,0,0,0,0,0,0,0,0.497,0,0,0,0,0,0,0.317,0,0,0,0,0,0,0,0,0,0,0,0,0.857,0,0,0,0,0,0,0,0,0,0,0,0.169,0,0,0,0,0,0,0,0,0,0,0,0,0,0,0.163,0,0,0,0,0.195,0,0,0,0,0,0.33,0,0,0,0,0,0,0,0,0.426,0,0,0,0,0,0,0,0,0,0,0,0,0,0,0,0,0.345,0,0,0,0,0,0,0,0,0,0,0,0,0,0,0,0,0,0,0,0,0,0,0,0,0,0,0,0.352,0,0,0,0,0,0,0,0,0,0,0,0,0,0,0,0,0,0,0,0.235,0,0,0.206,0,0,0,0,0,0,0,0,0,0,0,0.339,0,0,0,0,0,0,0,0,0,0,0,0,0,0,0,0,0,0,0,0,0,0,0,0,0,0.161,0,0.339,0,0,0,0,0,0,0,0,0,0,0,0,0,0,0,0,0,0,0,0,0,0,0,0,0,0,0,0,0,0,0,0,0,0,0,0,0,0,0,0,0,0,0,0,0,0,0,0,0,0,0,0,0,0,0,0,0,0,0,0,0,0,0,0,0,0,0,0,0,0,0,0,0,0,0,0.974,0,0,0,0,0,0.255,0,0,0,0,0,0,0,0,0,0,0,0.193,0,0,0,0,0,0,0,0,0,0,0,0,0,0,0,0,0,0,0,0,0,0,0,0,0,0,0,0,0,0,0,0,0,0,0,0,0,0,0,0,0,0,0,0,0,0,0,0,0,0,0,0,0,0,0,0,0,0.159,0,0,0,0,0,0,0,0,0,0,0,0,0,0,0,0,0,0,0,0,0,0,0,0,0,0,0,0,0,0,0.192,0,0,0,0,0,0,0,0,0,0,0,0,0,0,0,0,0.3,0,0,0,0,0,0,0,0,0,0,0,0,0,0,0,0,0,0,0,0,0,0.169,0,0,0,0,0,0,0,0,0,0,0,0,0,0,0,0,0,0,0,0,0,0,0,0,0,0,0,0,0,0.29,0,0,0,0,0,0,0,0,0,0,0,0,0,0,0,0,0,0,0,0,0,0,0,0,0,0,0,0,0,0,0,0,0,0,0,0,0,0,0,0,0,0,0,0,0,0,0.342,0,0,0,0,0,0,0,0,0,0,0,0,0,0,0,0,0,0,0,0,0.39,0,0,0,0,0,0,0,0,0,0,0,0,0,0,0,0,0.254,0,0,0,0,0,0,0,0,0,0,0,0,0,0.309,0.334,0,0,0,0,0,0,0,0.193,0,0,0,0,0,0,0,0,0,0.74,0,0,0,0,0,0,0,0,0,0,0,0,0,0,0,0,0,0,0,0,0,0,0,0,0,0,0,0,0,0,0,0,0,0,0.26,0,0,0,0,0,0,0.941,0,0,0,0,0,0,0,0,0,0,0,0,0,0,0,0,0,0,0,0,0,0.37,0,0,0,0,0,0.4,0,0,0,0,0,0,0,0,0.545,0,0,0,0,0,0,0,0,0,0,0,0,0,0,0,0,0,0,0,0,0,0,0,0,0,0,0,0,0,0,0,0,0,0,0,0,0,0,0,0,0.48,0,0,0,0,0,0,0.161,0,0,0,0,0,0,0.211,0,0,0,0,0,0,0,0,0,0.228,0,0,0,0,0,0.178,0,0,0,0,0,0,0,0,0,0,0,0,0,0,0,0,0,0,0,0.343,0,0,0,0,0,0,0,0,0,0,0,0,0.247,0,0,0,0,0,0,0,0,0,0.197,0,0,0,0,0,0,0,0,0,0,0,0,0,0,0,0,0,0,0,0,0,0,0,0,0,0,0,0,0,0,0,0.21,0,0,0,0,0,0,0,0,0,0,0,0,0,0,0,0,0,0,0,0,0,0,0,0,0,0,0,0,0,0,0,0,0,0,0,0.555,0,0,0,0,0,0,0,0,0,0,0,0,0,0,0,0,0,0,0,0,0,0,0,0,0,0,0.167,0,0,0,0,0,0,0.712,0,0,0,0,0,0,0.239,0,0,0,0,0,0,0,0,0,0,0,0,0,0,0,0,0,0,0,0,0,0,0,0,0,0,0,0,0,0,0,0,0,0,0,0,0.358,0,0,0,0,0,0,0,0,0,0,0,0,0,0,0,0,0,0,0,0,0,0,0.353,0,0,0,0,0,0,0,0,0,0,0,0,0,0,0,0,0,0,0,0,0.155,0,0,0,0,0,0,0,0,0,0,0,0,0.522,0,0,0,0,0,0,0,0,0,0,0,0,0,0,0,0,0,0.25,0,0.171,0,0,0,0,0,0,0,0,0.396,0,0,0,0,0,0,0,0,0,0,0,0,0,0,0,0,0,0,0,0,0,0,0,0,0,0,0,0,0,0,0,0,0,0,0,0,0,0,0,0,0,0,0,0,0,0,0,0,0,0,0,0,0,0,0,0,0,0,0,0,0,0,0,0,0,0,0,0,0,0,0,0,0,0,0,0,0,0,0,0,0,0,0,0,0,0,0,0,0,0,0,0.337,0,0,0.171,0,0,0,0,0,0,0,0,0,0,0,0,0,0,0,0,0,0,0,0,0,0,0,0.319,0,0,0,0.339,0.159,0,0,0,0,0,0,0,0,0,0,0,0,0,0,0,0,0,0,0,0,0,0,0,0,0,0,0,0,0,0,0,0,0,0,0,0,0,0,0,0,0,0,0,0,0,0,0,0,0,0,0,0,0,0,0,0,0,0,0,0,0,0,0,0,0,0,0,0,0,0,0,0,0,0.247,0,0,0,0,0,0,0,0,0,0,0,0,0,0,0,0,0,0,0,0,0,0,0,0,0,0,0.309,0,0,0,0,0,0,0,0,0,0,0,0,0,0,0,0,0,0,0,0,0,0,0.159,0,0,0,0,0,0,0,0,0,0,0,0,0,0,0,0,0.315,0,0,0,0,0,0,0,0,0,0,0,0,0,0,0,0,0,0,0,0,0,0,0,0,0,0,0,0,0,0,0,0,0,0,0,0,0,0,0,0,0,0,0,0,0,0,0,0,0,0,0,0,0,0,0,0,0.944,0,0,0,0,0,0,0,0,0,0,0,0,0,0,0,0,0,0,0,0,0,0,0,0,0,0,0,0,0,0,0,0,0.546,0,0,0,0,0,0,0,0,0,0,0,0,0,0,0,0,0,0,0,0,0,0,0,0,0,0,0,0,0,0,0,0,0,0.482,0,0,0,0,0,0,0.173,0,0,0,0,0.196,0,0,0,0,0,0,0,0,0,0,0.327,0,0,0,0,0,0,0,0,0,0,0,0,0,0,0,0,0,0,0,0,0,0,0,0.735,0,0,0,0,0,0,0.197,0.608,0,0,0,0,0,0,0,0,0,0,0,0,0,0,0,0,0,0,0,0,0.596,0,0,0,0,0,0,0,0,0,0,0,0.228,0,0,0,0,0,0,0,0,0.173,0,0,0,0,0,0,0,0,0,0,0,0,0,0,0,0,0,0,0,0,0,0,0,0,0,0,0,0,0,0,0,0,0,0,0,0,0,0,0,0,0,0,0,0,0,0,0,0,0,0,0,0,0,0,0,0,0,0,0,0,0,0,0,0,0,0,0,0,0,0,0,0,0,0.34,0,0,0,0,0,0,0,0,0,0,0,0,0,0,0.339,0,0,0,0,0,0,0,0,0,0,0,0,0,0,0,0,0,0,0,0,0,0,0,0,0,0,0,0.23,0,0,0,0,0,0,0,0,0,0,0,0,0,0,0,0,0,0,0,0,0,0,0,0,0,0,0,0,0,0,0,0,0,0,0,0,0,0,0,0,0,0,0,0,0,0,0,0,0,0,0,0,0,0,0,0,0,0,0,0,0,0,0,0,0,0,0,0,0,0,0,0,0,0.161,0,0,0,0,0,0,0,0,0,0,0,0,0,0,0,0.778,0,0,0,0,0,0,0,0,0,0,0,0,0,0,0,0,0,0,0,0,0,0,0,0,0,0,0,0,0,0,0,0,0,0,0,0,0,0,0,0,0,0,0,0,0,0,0,0,0,0,0,0,0,0,0,0,0,0,0,0,0,0,0,0,0,0,0,0,0,0.304,0,0,0,0,0,0,0,0,0,0,0,0,0,0,0,0,0,0,0,0,0,0,0,0,0,0,0,0,0,0,0,0,0,0,0,0,0,0,0,0,0,0,0,0,0,0,0,0,0,0,0,0,0,0.458,0,0,0,0,0,0,0,0,0,0,0,0,0,0,0,0,0,0,0,0,0,0,0,0,0,0,0,0,0,0,0,0,0,0,1
855580,0.745,0,0.814,0.214,0,0,0,0,0,0,0,0,0,0,0,0.48,0,0,0.451,0,0,0,0,0,0,0.202,0,0,0,0,0,0,0,0,0.302,0,0,0,0,0,0,0,0.248,0.226,0,0,0,0,0.266,0,0,0,0,0.177,0,0,0,0.689,0,0,0,0,0,0,0.313,0,0.404,0,0,0,0.205,0,0,0.22,0.394,0.369,0,0,0,0,0,0,0,0,0,0,0,0,0.161,0,0.661,0,0,0,0,0,0,0.177,0,0,0,0,0.329,0,0,0.194,0.15,0,0,0,0,0,0,0,0,0,0,0,0.291,0,0,0,0,0,0,0,0,0,0,0,0,0,0,0,0,0,0,0,0,0,0,0,0,0.15,0,0,0,0,0,0,0,0,0,0,0,0.563,0,0.214,0,0,0,0,0,0,0,0,0.402,0,0,0,0,0,0,0.248,0,0,0,0,0,0,0.227,0.699,0.493,0,0.308,0,0.159,0,0,0,0,0,0,0,0,0,0.367,0,0,0,0,0,0,0,0,0,0,0,0,0,0,0,0.158,0,0,0,0,0,0.32,0,0,0,0,0,0,0,0,0,0,0.193,0,0,0,0,0,0.445,0.24,0,0,0,0,0.303,0,0,0,0,0.159,0,0,0,0.312,0,0,0,0,0,0,0,0,0,0,0.612,0,0,0,0,0,0.237,0,0,0,0,0,0,0,0,0,0,0,0,0,0,0,0,0,0.196,0,0,0,0,0,0,0,0,0,0.397,0,0.164,0.353,0,0,0,0,0,0,0,0.153,0,0,0,0,0,0.727,0,0,0.19,0,0.172,0,0,0,0,0.22,0,0,0,0,0,0,0,0,0,0,0,0.193,0,0,0,0,0,0,0.549,0,0,0,0,0.445,0,0,0,0,0,0,0,0,0,0.168,0,0,0.319,0,0,0,0,0,0,0,0,0,0,0.248,0,0,0,0,0.166,0,0,0,0.172,0,0,0,0,0,0.733,0,0,0,0,0,0.245,0,0,0,0.399,0,0,0,0,0,0,0,0,0.305,0,0,0,0,0.203,0,0,0,0,0,0,0,0,0,0,0,0,0.161,0.255,0,0,0,0,0,0,0.49,0.481,0,0,0,0,0,0,0,0.302,0,0.205,0,0,0,0,0,0,0.274,0,0,0,0,0,0,0,0,0,0,0,0,0.312,0.163,0,0,0,0,0,0,0,0,0,0,0,0,0,0.281,0,0,0,0,0.386,0,0,0.163,0,0,0,0,0,0,0,0,0,0,0,0,0,0,0,0,0,0.237,0,0,0,0,0,0,0,0.214,0,0,0,0,0,0.236,0,0,0,0,0,0.167,0.223,0,0.177,0,0,0,0,0,0,0,0,0,0,0,0,0,0,0.313,0.24,0,0.724,0.367,0,0,0,0.16,0,0,0,0,0,0,0,0,0.165,0,0,0,0,0,0,0,0,0,0,0.69,0,0.179,0,0,0,0,0.228,0,0,0.241,0,0,0,0.36,0,0,0.22,0,0,0,0,0,0,0,0,0,0,0,0,0,0,0,0,0,0.278,0,0,0,0,0.499,0,0,0,0,0,0,0.305,0,0,0,0,0,0,0,0,0,0,0,0,0,0,0,0,0,0.169,0,0,0.315,0,0.604,0,0,0,0,0,0,0,0,0.22,0.18,0,0,0,0,0,0.212,0,0.162,0,0,0,0.301,0,0,0,0.91,0,0.196,0,0,0,0,0,0,0,0,0,0,0,0,0,0.24,0,0.328,0,0,0,0.328,0,0,0,0.282,0.159,0,0,0,0,0,0,0,0,0,0,0,0,0,0,0,0,0,0,0,0,0,0,0,0,0,0,0,0,0.253,0,0,0,0,0,0,0,0,0,0.163,0,0,0,0,0,0,0.167,0,0,0.88,0,0,0,0,0,0,0,0,0,0,0,0,0,0,0,0,0,0.316,0,0,0,0,0,0.196,0,0,0,0,0,0,0.155,0,0,0,0,0,0,0,0.162,0,0,0,0,0,0,0,0,0,0.245,0.164,0,0,0,0,0,0,0,0,0,0,0,0,0,0,0,0,0,0,0,0,0,0,0.874,0,0,0.21,0,0,0,0,0,0,0.161,0,0,0,0,0,0,0,0,0,0,0.49,0,0,0,0,0,0.153,0,0,0,0.346,0,0,0,0,0,0.601,0,0,0,0,0,0.166,0.168,0,0,0,0,0.265,0,0,0,0,0,0,0,0.155,0.301,0,0,0.228,0,0,0,0,0,0.189,0,0,0,0,0,0,0,0,0,0,0,0.216,0,0,0.151,0,0,0,0,0,0,0,0,0,0,0,0,0,0,0.161,0.236,0,0,0.156,0,0,0,0,0.217,0,0,0,0,0,0,0,0,0,0,0,0,0,0.212,0,0,0.161,0,0,0,0,0,0,0.205,0.263,0.241,0,0,0,0,0,0,0,0,0,0,0,0,0,0,0,0,0,0,0,0,0,0.214,0.151,0,0,0,0,0,0,0,0,0,0.27,0,0,0,0,0,0,0,0,0.151,0,0,0,0,0,0,0,0,0,0,0,0,0,0,0,0,0,0,0,0.193,0,0,0,0,0,0,0,0,0,0,0,0,0,0,0,0,0,0,0,0,0,0,0,0,0.269,0,0,0,0.191,0,0,0,0,0.669,0,0,0,0,0.427,0,0,0,0,0,0,0,0,0,0.226,0,0,0,0.25,0,0,0,0,0,0,0,0,0,0,0,0,0,0,0,0,0,0,0,0,0,0,0,0,0,0,0,0,0,0,0,0.229,0,0,0,0.242,0.814,0,0,0,0.282,0,0.322,0,0,0,0,0,0,0,0,0,0,0,0,0,0,0,0,0,0,0,0,0,0,0,0,0,0,0.578,0,0,0,0,0,0,0,0,0,0,0,0,0,0,0,0,0,0,0.651,0,0,0,0,0,0,0,0,0,0,0,0,0,0,0,0,0,0.629,0,0,0.217,0,0,0,0,0.216,0,0,0,0,0,0,0.309,0,0,0,0,0,0,0.207,0,0,0,0,0.181,0,0,0,0,0,0,0,0,0,0.551,0.708,0,0,0,0,0,0,0,0,0.212,0,0,0,0,0,0,0,0,0,0,0,0,0,0,0.213,0,0,0,0,0,0,0,0,0,0,0,0,0,0,0,0,0,0,0,0,0,0,0,0,0.561,0.173,0,0,0,0,0,0,0,0,0,0,0,0,0,0,0,0,0,0,0,0,0,0,0,0,0,0,0,0,0,0,0,0,0,0,0.182,0,0,0,0,0,0,0,0,0,0,0,0,0,0.177,0,0,0,0,0,0,0,0,0,0,0,0,0,0,0,0,0,0,0,0,0,0,0,0,0,0,0,0,0,0,0.331,0,0,0,0,0,0,0,0.193,0,0,0,0,0,0,0,0,0,0,0,0,0,0,0,0,0,0,0,0,0,0,0,0,0,0,0,0,0,0,0,0,0,0,0,0,0,0,0,0,0,0,0,0,0,0,0.671,0,0,0,0,0,0.347,0,0,0,0,0,0,0,0,0,0,0,0,0,0,0,0.364,0,0,0,0,0,0,0,0,0,0,0,0,0,0,0,0,0,0,0,0,0,0.331,0,0,0,0,0,0,0,0,0,0,0,0,0,0,0,0,0,0,0,0,0,0,0,0,0,0,0,0,0.193,0.345,0,0,0,0,0.304,0,0,0,0,0,0,0,0,0.313,0,0,0,0,0,0,0,0,0,0,0,0,0,0,0,0,0,0,0,0,0,0,0,0,0,0,0,0,0,0,0,0,0,0,0,0,0,0,0,0,0,0,0,0,0,0,0,0,0,0,0,0,0,0,0,0,0,0,0,0,0,0,0,0,0,0,0,0.803,0,0,0,0,0,0.596,0,0,0,0,0,0,0,0,0,0,0,0,0,0,0,0,0,0,0,0,0,0,0,0,0,0,0,0,0,0,0,0,0,0,0,0,0,0,0,0,0,0,0,0,0,0,0,0,0,0,0,0,0,0,0,0,0,0,0,0,0,0,0,0,0,0,0.842,0,0,0,0,0,0,0,0,0,0,0,0,0,0,0,0,0,0,0,0,0,0,0,0,0,0,0,0,0.262,0,0,0,0,0,0,0,0,0,0,0,0,0,0,0,0,0,0,0,0,0,0,0,0,0,0,0,0,0,0,0,0,0,0,0,0,0,0,0,0,0,0,0,0,0,0,0,0,0,0,0,0,0,0,0,0,0,0,0,0,0,0,0,0,0.392,0,0,0,0,0,0,0,0,0,0,0,0,0,0,0,0,0,0,0,0,0.155,0,0,0,0,0,0,0.174,0,0,0,0,0,0,0,0,0,0,0,0,0,0,0.158,0,0,0,0,0,0,0,0,0,0,0,0,0,0,0,0,0,0,0,0,0,0,0,0,0,0.24,0,0,0,0,0,0,0,0,0,0,0,0,0,0,0.234,0,0,0,0,0,0,0,0,0,0,0,0,0,0,0,0,0,0,0,0,0,0,0,0,0,0,0,0,0,0,0,0,0,0,0,0,0,0,0,0,0,0,0,0,0,0,0,0,0,0,0,0,0,0,0,0,0,0,0,0,0,0.173,0,0,0,0,0,0,0,0,0,0,0,0,0,0,0,0,0,0,0,0,0,0,0,0,0,0,0,0,0,0,0,0.204,0,0,0,0,0,0.173,0,0,0,0,0,0,0,0,0,0,0,0,0,0,0,0,0,0,0,0,0,0,0.194,0,0,0,0,0,0,0,0,0,0.25,0,0,0,0.397,0,0,0,0,0,0,0,0,0,0,0,0,0,0.225,0,0,0,0,0,0,0,0,0,0,0,0,0,0,0.156,0,0.324,0,0,0.169,0.238,0,0,0,0,0,0,0,0,0,0,0.152,0,0,0,0.2,0.197,0,0.307,0,0,0,0,0,0,0,0,0,0,0,0,0,0,0,0,0,0.19,0,0.29,0,0.279,0,0,0,0,0,0,0,0,0,0,0.6,0,0,0,0,0,0,0,0,0,0,0.273,0,0,0,0,0,0,0,0,0,0,0,0,0,0,0,0,0,0.192,0,0,0,0,0.398,0,0.152,0,0,0,0,0,0,0.158,0.18,0,0.345,0,0,0.165,0.26,0,0,0,0,0,0,0,0,0.351,0,0,0,0,0,0,0,0,0,0,0,0,0,0,0,0,0,0,0,0,0,0,0,0,0,0,0,0,0,0,0,0,0.219,0,0,0,0,0,0,0,0,0.165,0,0,0,0,0,0,0,0,0,0,0,0,0,0,0,0,0,0,0,0,0,0,0,0,0,0,0,0,0,0,0,0,0,0,0,0,0,0,0,0,0,0,0,0,0,0.926,0,0,0,0,0,0,0,0,0,0,0,0,0,0,0,0,0,0,0,0,0,0,0,0,0,0,0,0,0,0,0,0.618,0,0,0,0,0,0,0,0,0,0,0,0,0,0,0,0,0,0,0.292,0,0,0,0,0,0,0,0.449,0,0,0,0,0,0,0,0,0,0,0,0,0,0,0,0,0,0,0,0,0,0.265,0,0,0,0,0.222,0,0,0,0,0,0.164,0,0.279,0,0.222,0,0,0,0,0,0,0,0,0,0,0,0.825,0,0,0,0,0,0,0,0,0,0,0,0,0,0,0,0,0,0,0,0,0,0,0,0,0,0.222,0,0,0,0,0,0,0.205,0,0,0,0,0,0,0,0,0,0,0,0,0,0,0.222,0,0.526,0,0,0,0,0,0,0,0,0.232,0,0,0.222,0,0,0,0,0,0,0.204,0,0,0,0,0,0,0,0,0,0,0,0,0,0,0,0,0,0,0,0,0,0,0,0,0,0,0,0,0,0,0,0,0.215,0,0,0,0,0,0,0,0,0,0,0,0,0,0.175,0,0,0,0,0,0,0,0,0,0,0,0,0,0,0,0,0,0,0,0,0,0,0,0,0,0,0,0,0,0,0,0,0,0,0,0,0,0,0,0,0,0,0,0,0,0,0,0,0,0,0,0,0,0.346,0,0,0,0,0,0,0,0,0,0,0,0,0,0,0,0,0,0,0,0,0,0,0,0.289,0,0.461,0,0,0,0,0,0,0,0,0,0,0,0,0,0,0,0,0,0,0,0,0,0,0,0,0,0,0,0,0,0,0,0,0,0,0,0,0,0,0,0,0,0,0,0,0,0,0,0,0,0,0,0,0,0,0,0.395,0,0,0,0,0,0,0,0,0,0,0,0,0,0,0,0,0,0,0.15,0,0,0,0,0.237,0,0,0,0,0,0,0,0,0,0,0,0,0,0,0.757,0,0,0,0,0,0,0,0,0,0,0,0,0,0,0,0,0,0,0,0,0,0,0,0,0,0,0,0,0.18,0.331,0,0,0,0,0,0,0,0,0,0,0,0.155,0,0.54,0,0,0,0,0.212,0,0,0,0,0.19,0,0,0,0,0,0,0,0,0,0,0,0,0.153,0,0,0,0,0,0.155,0,0,0.267,0,0,0,0.185,0.242,0,0,0,0,0,0,0,0,0,0,0,0,0,0,0,0,0,0,0,0.177,0,0,0,0,0,0,0,0,0,0,0,0,0,0,0,0,0,0,0,0,0,0.25,0,0,0,0,0,0,0,0,0,0,0,0,0.274,0,0,0,0,0,0,0,0.24,0,0,0,0,0,0.178,0,0.151,0,0.155,0,0,0,0,0,0,0,0,0,0,0,0,0,0,0,0,0,0,0,0,0,0,0,0.196,0,0,0.194,0,0,0,0,0,0,0,0,0,0,0,0,0,0,0,0,0,0,0,0,0.228,0,0,0,0,0,0,0,0,0,0,0,0,0,0,0,0,0,0,0,0,0,0,0,0,0,0,0,0,0,0,0,0,0,0,0,0,0,0,0,0,0,0,0,0,0,0,0,0,0,0,0.228,0,0,0,0,0,0,0,0,0,0,0,0,0,0,0,0,0,0,0,0,0,0,0,0,0,0,0,0,0,0,0,0,0,0,0,0,0,0,0,0,0,0,0,0,0,0,0.638,0,0,0,0,0,0,0,0,0,0,0,0,0,0,0,0,0,0,0,0,0.485,0,0,0,0,0,0,0,0,0,0,0,0,0,0,0,0,0,0,0,0.161,0,0,0,0,0,0,0,0,0,0,0,0,0,0,0,0,0,0,0,0,0,0,0,0,0,0,0,0,0,0,0,0,0,0,0,0,0,0,0,0.258,0,0,0,0,0,0.298,0,0,0,0,0.387,0,0,0,0,0,0,0,0,0,0,0,0,0,0,0,0,0,0,0,0,0,0,0,0,0,0,0,0,0,0,0,0,0,0,0,0,0,0,0,0,0,0,0,0,0.181,0,0,0,0,0,0,0,0,0,0,0,0,0,0,0,0,0,0,0.786,0,0.151,0,0,0,0,0.189,0,0,0,0,0,0,0,0,0,0,0,0,0,0,0,0,0.157,0,0.317,0,0,0,0,0,0,0,0,0,0,0,0,0,0,0,0,0,0.223,0,0,0,0,0,0,0,0,0.215,0,0,0,0,0,0,0,0,0.909,0,0,0,0,0,0,0,0,0,0,0,0,0.302,0,0.159,0.239,0,0.231,0,0.439,0,0,0,0.193,0,0,0,0,0,0,0,0,0,0.16,0,0,0,0.332,0,0,0,0,0,0,0,0,0,0,0.16,0.329,0,0,0,0,0,0,0,0,0,0.223,0,0,0,0,0,0,0,0,0,0,0,0,0,0,0,0,0,0,0,0,0,0,0,0,0,0,0,0,0,0,0,0,0,0,0,0,0.799,0.297,0,0,0,0,0,0,0,0,0,0,0,0,0,0,0,0,0,0,0,0,0,0,0,0,0,0,0,0,0,0,0,0.515,0,0,0,0,0,0,0,0,0,0.171,0,0,0,0.15,0,0,0,0,0,0,0,0,0,0,0,0,0,0,0,0.261,0.194,0,0,0.871,0,0,0,0,0,0,0,0,0,0,0,0,0,0,0,0,0,0,0.847,0,0,0,0,0,0,0,0,0,0,0,0,0,0,0,0,0,0,0,0,0,0,0,0,0,0,0,0,0,0,0,0,0,0,0,0,0,0,0,0,0.202,0,0,0,0,0,0,0,0.345,0,0,0,0.645,0,0,0,0,0,0,0,0.202,0,0,0,0,0,0,0,0,0,0,0,0.18,0,0,0,0,0,0,0,0,0,0.732,0,0,0,0,0,0,0,0,0,0,0,0,0,0,0,0,0,0,0,0,0,0,0,0,0.152,0,0,0,0,0,0,0,0,0.198,0,0,0,0,0,0,0,0,0.152,0,0,0,0,0,0,0,0,0,0,0,0,0,0,0,0,0,0,0,0,0,0,0,0,0,0.282,0,0,0,0,0,0,0,0,0,0,0,0,0,0.16,0,0,0,0.173,0,0.353,0.376,0,0,0,0,0,0,0.995,0,0,0,0,0,0,0,0,0.229,0,0,0,0,0,0,0,0,0.252,0.17,0,0,0,0,0,0,0,0.269,0,0,0,0.628,0,0,0,0,0,0,0,0,0.637,0,0,0,0.358,0,0,0,0,0,0,0.341,0,0,0,0.22,0,0,0.193,0,0,0,0.175,0,0,0,0,0,0,0.539,0,0,0,0,0,0,0,0,0,0,0,0,0,0,0,0,0.195,0.692,0,0,0,0,0,0,0,0,0.297,0,0,0,0,0,0.454,0,0,0,0,0,0,0,0,0,0,0,0,0,0,0,0,0,0,0,0,0,0,0,0,0,0,0,0,0,0,0,0,0,0,0,0,0,0,0.553,0,0,0,0,0.184,0,0,0,0,0,0,0,0,0,0,0,0,0,0,0,0,0,0,0,0,0,0,0,0.196,0,0,0,0,0,0,0,0,0,0,0,0,0,0,0,0.156,0,0,0,0,0,0,0,0,0,0,0,0,0,0,0,0,0,0,0,0,0,0.632,0,0,0.258,0,0,0,0,0,0,0,0,0,0,0,0,0,0,0,0,0,0,0,0,0,0,0,0.175,0,0,0,0,0,0,0,0,0,0,0.218,0,0,0,0,0,0,0,0,0,0,0,0,0,0.351,0,0,0,0,0,0,0,0,0,0,0,0,0,0,0,0,0,0,0,0,0,0,0,0,0,0,0,0,0,0,0,0,0,0,0,0,0,0,0,0,0.237,0,0,0,0,0,0,0,0,0,0,0,0,0,0,0,0,0,0,0,0,0,0,0,0,0.235,0,0,0,0,0,0,0,0,0,0,0,0,0,0,0,0,0,0,0,0,0,0,0,0,0,0,0.179,0,0,0,0,0,0,0,0,0,0,0,0,0,0.297,0,0,0,0,0,0.374,0.235,0,0,0,0,0,0,0,0,0,0.693,0,0,0,0,0,0,0,0,0,0,0,0.229,0,0.173,0,0,0,0,0,0,0,0,0,0,0,0,0,0,0,0,0,0,0.216,0,0,0,0,0.22,0,0,0,0,0,0,0.191,0,0,0,0,0,0,0,0,0,0,0,0,0.159,0.617,0,0,0,0,0,0,0,0,0,0.465,0,0.709,0,0,0,0,0.193,0,0,0,0,0,0.787,0,0,0,0,0,0,0,0,0.542,0,0,0,0,0.175,0,0.396,0,0,0,0,0.186,0.405,0,0,0,0.778,0,0,0,0,0,0.325,0,0,0,0,0,0,0,0,0,0,0,0,0,0,0,0,0,0,0,0,0,0,0,0,0,0,0,0,0,0,0,0,0,0,0,0,0,0,0.151,0,0,0,0,0.462,0,0,0,0,0,0,0,0,0,0,0,0,0,0,0,0,0,0.273,0,0,0,0,0,0,0,0,0,0,0,0,0.26,0,0,0,0,0,0,0,0,0,0,0,0.191,0,0,0.372,0,0,0,0,0,0,0,0,0,0,0,0,0,0,0,0,0,0,0,0,0,0,0,0,0,0,0,0,0,0,0,0,0,0,0,0,0,0,0,0,0,0,0,0,0,0,0,0,0,0,0,0,0.345,0,0,0,0,0,0,0,0,0,0,0,0,0,0,0,0,0,0,0,0,0,0,0,0,0,0.165,0,0,0.161,0,0,0,0,0,0,0,0,0,0,0,0,0,0,0,0,0,0.189,0,0,0,0,0,0,0,0,0,0,0,0,0,0,0,0,0,0,0,0,0,0,0,0,0,0,0,0,0,0,0,0,0,0,0,0,0,0,0,0,0,0.173,0,0,0,0.179,0.198,0,0,0,0,0,0,0,0,0,0,0,0,0,0.251,0,0.449,0.612,0,0,0,0,0,0,0,0,0,0,0,0,0,0,0,0.362,0,0,0,0,0,0,0,0,0,0,0,0,0,0,0,0,0,0,0,0,0,0,0,0,0.315,0.253,0.26,0,0,0,0,0,0,0,0,0,0,0,0,0,0,0,0,0,0,0,0,0,0,0,0,0,0,0,0,0,0,0,0
854133,0,0,0,0,0,0,0,0,0,0,0,0,0,0,0,0,0,0,0,0,0,0,0,0,0,0,0,0,0,0,0,0,0,0,0,0,0,0,0,0,0,0,0,0,0,0,0,0,0,0,0,0,0,0,0,0,0,0,0,0,0,0,0,0.762,0,0,0,0,0,0,0,0,0,0,0,0,0,0,0,0,0,0,0,0,0,0,0,0,0,0,0,0,0,0,0,0,0,0,0,0,0,0,0,0,0,0,0,0,0,0,0,0,0,0,0,0,0,0,0,0,0,0,0,0,0,0,0,0,0,0,0,0,0,0,0,0,0,0,0,0,0,0,0,0,0,0,0,0,0,0,0,0,0,0,0,0,0,0,0,0,0,0,0,0,0,0,0,0,0,0,0,0,0,0,0,0,0,0,0,0,0,0,0,0,0,0,0,0,0.623,0,0,0,0,0,0,0,0,0,0,0,0,0,0,0,0,0,0,0,0,0,0,0,0,0,0,0,0,0,0,0,0,0,0,0,0,0,0,0,0,0,0,0,0,0,0,0,0,0,0,0,0,0,0,0,0,0,0,0,0,0,0,0,0,0,0,0,0,0,0,0,0,0,0,0,0,0,0,0,0,0,0,0,0,0,0,0,0.217,0,0,0,0,0,0,0,0,0,0,0,0,0,0,0,0,0,0,0,0,0,0,0,0,0,0,0,0,0,0,0,0,0,0,0,0,0,0,0,0,0,0,0,0,0,0,0,0,0,0,0,0,0,0,0.192,0,0,0,0,0,0,0,0,0,0,0,0,0,0,0,0,0,0,0,0,0,0,0,0,0,0,0,0,0,0,0,0,0,0,0,0,0,0,0,0,0,0,0,0,0,0,0,0,0,0,0,0,0,0,0,0,0,0,0,0,0,0,0,0,0,0,0,0,0,0,0,0,0,0,0,0,0,0,0,0,0,0,0,0,0,0,0,0,0,0,0,0,0,0,0,0,0,0,0,0,0,0,0,0,0,0,0,0,0,0,0,0,0,0,0,0,0,0,0,0,0,0,0,0,0,0,0,0,0,0,0,0,0,0,0,0,0,0,0,0,0,0,0,0,0,0,0,0,0,0,0,0,0,0,0,0,0,0,0,0,0,0,0,0,0,0,0,0,0,0,0,0,0,0,0,0,0,0,0,0,0,0,0,0,0,0,0,0,0,0,0,0,0,0,0,0,0,0,0,0,0,0,0,0,0,0,0,0,0,0,0,0,0,0,0,0,0,0,0,0,0,0,0,0,0,0,0,0,0,0,0,0,0,0,0,0,0,0,0,0,0,0,0,0,0,0,0,0,0,0,0,0,0,0,0,0,0,0,0,0,0,0,0,0,0,0,0,0,0,0,0,0,0,0,0,0,0,0,0,0,0,0,0,0,0,0,0,0,0,0,0,0,0,0,0,0,0,0,0,0,0,0,0,0,0,0,0,0,0,0,0,0,0,0,0,0,0,0,0,0,0,0,0.161,0,0,0,0,0,0,0,0,0,0,0,0,0,0,0,0,0,0,0,0,0,0,0,0,0,0,0,0,0,0,0,0,0,0,0,0,0,0,0,0,0,0,0,0,0,0,0,0,0,0,0,0,0,0,0,0,0,0,0,0,0,0,0,0,0,0,0,0,0,0,0,0,0,0,0,0,0,0,0,0,0,0,0,0,0,0,0,0,0,0,0,0,0,0,0,0,0,0,0,0,0,0,0,0,0,0,0,0,0,0,0,0,0,0,0,0,0,0,0,0,0,0,0,0,0,0,0,0,0,0,0,0,0,0,0,0,0,0,0,0,0,0,0,0,0,0,0,0,0,0,0,0,0,0,0,0,0,0,0,0,0,0,0,0,0,0,0,0,0,0,0,0,0,0,0,0,0,0,0,0,0,0,0,0,0,0,0,0,0.514,0,0,0,0,0,0,0,0,0,0.666,0,0,0,0,0,0,0,0,0,0,0,0,0,0,0,0,0,0,0,0,0,0,0,0,0,0,0,0,0,0,0,0,0,0,0,0,0,0,0,0,0,0,0,0,0,0,0,0,0,0,0,0,0,0,0,0,0,0,0,0,0,0,0,0,0,0,0,0,0,0,0,0,0,0,0,0,0,0,0,0.161,0,0,0,0,0,0,0,0,0,0,0,0,0,0,0,0,0,0,0,0,0,0,0,0,0,0,0,0,0,0,0,0,0,0,0,0,0,0,0,0,0,0,0,0,0,0,0,0,0,0,0,0,0,0,0,0,0,0,0,0,0,0,0,0,0,0,0,0,0,0,0,0,0,0,0,0,0,0,0,0,0,0,0,0,0,0,0,0,0,0,0,0,0,0,0,0,0,0,0,0,0,0,0,0,0,0,0,0,0,0,0,0,0,0,0,0,0,0,0,0,0,0,0,0,0,0,0,0,0,0,0,0,0,0,0,0,0,0,0,0,0,0,0,0,0,0,0,0,0,0,0,0,0,0,0,0,0,0,0,0,0,0,0,0,0,0,0,0,0,0,0,0,0,0,0,0,0,0,0,0,0,0,0,0,0,0,0,0,0,0,0,0,0,0,0,0,0,0,0,0,0,0,0,0,0,0,0,0,0,0,0,0,0,0,0,0,0,0,0,0,0,0,0,0,0,0,0,0,0,0,0,0,0,0,0,0,0,0,0,0,0,0,0,0,0,0,0,0,0,0,0,0,0,0,0,0,0,0,0,0,0,0,0,0,0,0,0,0,0,0,0,0,0,0,0,0,0,0,0,0,0,0,0,0,0,0,0,0,0,0,0,0,0,0,0,0,0,0,0,0,0,0,0,0,0,0,0,0,0,0,0,0,0,0,0.481,0,0,0,0,0,0,0,0,0,0,0,0,0,0,0,0,0,0,0,0,0,0,0,0,0,0,0,0,0,0,0,0,0,0,0,0,0,0,0,0,0,0,0,0,0,0,0,0,0,0,0,0,0,0,0,0,0,0,0,0,0,0,0,0,0,0,0,0,0,0,0,0,0,0,0,0,0,0,0,0,0,0,0,0,0,0,0,0,0,0,0,0,0,0,0,0,0,0,0,0,0,0,0,0,0,0,0,0,0,0,0,0,0,0,0,0,0,0,0,0,0,0,0,0,0,0,0,0,0,0,0,0,0,0,0,0,0,0,0,0,0,0,0,0,0,0,0,0,0,0,0,0,0,0,0,0,0,0,0,0,0,0,0.907,0,0,0,0,0,0,0,0,0,0,0,0,0,0,0,0,0,0,0,0,0,0,0,0,0,0,0,0,0,0,0,0,0,0,0,0,0,0,0,0,0,0,0,0,0,0,0,0,0,0,0,0,0,0,0,0,0,0,0,0,0,0,0,0,0,0,0,0,0,0,0,0,0,0,0,0,0,0,0,0,0,0,0,0,0,0,0,0,0,0,0,0,0,0,0,0,0,0,0,0,0,0,0,0,0,0,0,0,0,0,0,0,0,0,0,0,0,0,0,0,0,0,0,0,0,0,0,0,0,0,0,0,0,0,0,0,0,0,0,0,0,0,0,0,0,0,0,0,0,0,0,0,0,0,0,0,0,0,0,0,0,0,0,0,0,0,0,0,0,0,0,0,0,0,0,0,0,0,0,0,0,0,0,0,0,0,0,0,0,0,0,0,0,0,0,0,0,0,0,0,0,0,0,0,0,0,0,0,0,0,0,0,0,0,0,0,0,0,0,0,0,0,0,0,0,0,0,0,0,0,0,0,0,0,0,0,0,0,0,0,0,0,0,0,0,0,0,0,0,0,0,0,0,0,0,0,0,0,0,0,0,0,0,0,0,0,0,0,0,0,0,0,0,0,0,0,0,0,0,0,0,0,0,0,0,0,0,0,0,0,0,0,0,0,0,0,0,0,0,0,0,0,0,0,0,0,0,0,0,0,0,0,0,0,0,0,0,0,0,0,0,0,0,0,0,0,0,0,0,0,0,0,0,0,0,0,0,0,0,0,0,0,0,0,0,0,0,0,0,0,0,0.416,0,0,0,0,0,0,0,0,0,0,0,0,0,0,0,0,0,0,0,0,0,0,0,0,0,0,0,0,0,0,0,0,0,0,0,0,0,0,0,0,0,0,0,0,0,0,0,0,0,0,0,0,0,0,0,0,0,0,0,0,0,0,0,0,0,0,0,0,0,0,0,0,0,0,0,0,0,0,0,0,0,0,0,0,0,0,0,0,0,0,0,0,0,0,0,0,0,0,0,0,0,0,0,0,0,0,0,0,0,0,0,0,0,0,0,0,0,0,0,0,0,0,0,0,0,0,0,0,0,0,0,0,0,0,0,0,0,0,0,0,0,0,0,0,0,0,0,0,0,0,0,0,0,0,0,0,0,0,0,0,0,0,0,0,0,0,0,0,0,0,0,0,0,0,0,0,0,0,0.809,0,0,0,0,0,0,0,0,0,0,0,0,0,0,0,0,0,0,0,0,0,0,0,0,0,0,0,0,0,0,0,0,0,0,0,0,0,0,0,0,0,0,0,0,0,0,0,0,0,0,0,0.5,0,0,0,0,0,0,0,0,0,0,0,0,0,0,0,0,0,0,0,0,0,0,0,0,0,0,0,0,0,0,0,0.295,0,0,0,0,0,0,0,0,0,0,0,0,0,0,0,0,0,0,0,0,0,0,0,0,0,0,0,0,0,0,0,0,0,0,0,0,0,0,0,0,0,0,0,0,0,0,0,0,0,0,0,0,0,0,0,0,0,0,0,0,0,0,0,0,0,0,0,0,0,0,0,0,0,0,0,0,0,0,0,0,0,0,0,0,0,0,0,0,0,0,0,0,0,0,0,0,0,0,0,0,0,0,0,0,0,0,0,0,0,0,0,0,0,0,0,0,0,0,0,0,0,0,0,0,0,0,0,0,0,0,0,0,0,0,0,0,0,0,0,0,0,0,0,0,0,0,0,0,0,0,0,0,0,0,0,0,0,0,0,0,0,0,0,0,0,0,0,0,0,0,0,0,0,0,0,0,0,0,0,0,0,0,0,0,0,0,0,0,0,0,0,0,0,0,0,0,0,0,0,0,0,0,0,0,0,0,0,0,0,0,0,0,0,0,0,0,0,0,0,0,0,0,0,0,0,0,0,0,0,0,0,0,0,0,0,0,0,0,0,0,0,0,0,0,0,0,0,0,0,0,0,0,0,0,0,0,0,0,0,0,0,0,0,0,0,0,0,0,0,0,0,0,0,0,0,0,0,0,0,0,0,0,0,0,0,0,0,0,0,0,0,0,0,0,0,0,0,0,0,0,0,0,0,0,0,0,0,0,0,0,0,0,0,0,0,0,0,0,0,0,0,0,0,0,0,0,0,0,0,0,0,0,0,0,0,0,0,0,0,0,0,0,0,0,0,0,0,0,0,0,0,0,0,0,0,0,0,0,0,0,0,0,0,0,0,0,0,0,0,0,0,0,0,0,0,0,0,0,0,0,0,0,0,0,0,0,0,0,0,0,0,0,0,0,0,0,0,0,0,0,0,0,0,0,0,0,0,0,0,0,0,0,0,0,0,0,0,0,0,0,0,0,0,0,0,0,0,0,0,0,0,0,0,0,0,0,0,0,0,0,0,0,0,0,0,0,0,0,0,0,0,0,0,0,0,0,0,0,0,0,0,0,0,0,0,0,0,0,0,0,0,0,0,0,0,0,0,0,0,0,0,0,0,0,0,0,0,0,0,0,0,0,0,0,0,0,0.54,0,0,0,0,0,0,0,0,0,0,0,0,0,0,0,0,0,0,0,0,0,0,0,0,0,0,0,0,0,0,0,0,0,0,0,0,0,0,0,0,0,0,0,0,0,0,0,0,0,0,0,0,0,0,0,0,0,0,0,0,0,0,0,0,0,0,0,0,0,0,0,0,0,0,0,0,0,0,0,0,0,0,0,0,0,0,0,0,0,0,0,0,0,0,0,0,0,0,0,0,0,0,0,0,0,0,0,0,0,0,0,0,0,0,0,0,0,0,0,0,0,0,0,0,0,0,0,0,0,0,0,0,0,0,0,0,0,0,0,0,0,0,0,0,0,0,0,0,0,0,0,0,0,0,0,0,0,0,0,0,0,0,0,0,0,0,0,0,0,0,0,0,0,0,0,0,0,0,0,0,0,0,0,0,0,0.513,0,0,0,0,0,0,0,0,0,0,0,0,0,0,0,0,0,0,0,0,0,0,0,0,0,0,0,0,0,0,0,0,0,0,0,0,0,0,0,0,0,0,0,0,0,0,0,0,0,0,0,0,0,0,0,0,0,0,0,0,0,0,0,0,0,0,0,0,0,0,0,0,0,0,0,0,0,0,0,0,0,0,0,0,0,0,0,0,0,0,0,0,0,0,0,0,0,0,0,0,0,0,0,0,0,0,0,0,0,0,0,0,0,0,0,0,0,0,0,0,0,0,0,0,0,0,0,0,0,0,0,0,0,0,0,0,0,0,0,0,0,0,0,0,0,0,0,0,0,0,0,0,0,0,0,0,0,0,0,0,0,0,0,0,0,0,0,0,0,0,0,0,0,0,0,0,0,0,0,0,0,0,0,0,0,0,0,0,0,0,0,0,0,0,0,0,0,0,0,0,0,0,0,0,0,0,0,0,0,0,0,0,0,0,0,0,0,0,0,0,0,0,0,0,0,0,0,0,0,0,0,0,0,0,0,0,0,0,0,0,0,0,0,0,0,0,0,0,0,0,0,0,0,0,0,0,0,0,0,0,0,0,0,0,0,0,0,0,0,0,0,0,0,0,0,0,0,0.355,0,0,0,0,0,0,0,0,0,0,0,0,0,0,0,0,0,0,0,0,0,0,0,0,0,0,0,0,0,0,0,0,0,0,0,0,0,0,0,0,0,0,0,0,0,0,0,0,0,0,0,0,0,0,0,0,0,0,0,0,0,0,0,0,0,0,0,0,0,0,0,0,0,0,0,0,0,0,0,0,0,0,0,0,0,0,0,0,0,0,0,0,0,0,0,0,0,0,0,0,0,0,0,0,0,0,0,0,0,0,0,0,0,0,0,0,0,0,0,0,0,0,0,0,0,0,0,0,0,0,0,0,0,0,0,0,0,0,0,0,0,0,0,0,0,0,0,0,0,0,0,0,0,0,0,0,0,0,0,0,0,0,0,0,0,0,0,0,0,0,0,0,0,0,0,0,0,0,0,0,0,0,0,0,0,0,0,0,0,0,0,0,0,0,0,0,0,0,0,0,0,0,0,0,0,0,0,0,0,0,0,0,0,0,0,0,0,0,0,0,0,0,0,0,0,0,0,0,0,0,0,0,0,0,0,0,0,0,0,0,0,0,0,0,0,0,0,0,0,0,0,0,0,0,0,0,0,0,0,0,0,0,0,0,0,0,0,0,0,0,0,0,0,0,0,0,0,0,0,0,0,0,0,0,0,0,0,0,0,0,0,0,0,0,0,0,0,0,0,0,0,0,0,0,0,0,0,0,0,0,0,0,0,0,0,0,0,0,0,0,0,0,0,0,0,0,0,0,0,0,0,0,0,0,0,0,0,0,0,0,0,0,0,0,0,0,0,0,0,0,0,0,0,0,0,0,0,0,0,0,0,0,0,0,0,0,0,0,0,0,0,0,0,0,0,0,0,0,0,0,0,0,0,0,0,0,0,0,0,0,0,0,0,0,0,0,0,0,0,0,0,0,0,0,0,0,0,0,0,0,0,0,0,0,0,0,0,0,0,0,0,0,0,0,0,0,0,0,0,0,0,0,0,0,0,0,0,0,0,0,0,0,0,0,0,0,0,0,0,0,0,0,0,0,0,0,0,0,0,0,0,0,0,0,0,0,0,0,0,0,0,0,0,0,0,0,0,0,0,0,0,0,0,0,0,0,0,0,0,0,0,0,0,0,0,0,0,0,0,0,0,0,0,0,0,0,0,0,0,0,0,0,0,0,0,0,0,0,0,0,0,0,0,0,0,0,0,0,0,0,0,0,0,0,0,0,0,0,0,0,0,0,0,0,0,0,0,0,0,0,0,0,0,0,0,0,0,0,0,0,0,0,0,0,0,0,0,0,0,0,0,0,0,0,0,0,0,0,0,0,0,0,0,0,0,0,0,0,0,0,0,0,0,0,0,0,0,0.275,0,0,0,0,0,0,0,0,0,0,0,0,0,0,0,0,0,0,0,0,0,0,0,0,0,0,0,0,0,0,0,0,0,0,0,0,0,0,0,0,0,0,0,0,0,0.571,0,0,0,0,0,0,0,0,0,0,0,0,0,0.226,0,0,0,0,0,0,0,0,0,0,0,0,0,0,0,0,0,0,0,0,0,0,0,0,0,0,0,0,0,0,0,0,0,0,0,0,0,0,0,0,0,0,0,0,0,0,0,0,0,0,0,0,0,0,0,0,0,0,0,0,0,0,0,0,0,0,0,0,0,0,0,0,0,0,0,0,0,0,0,0,0,0,0,0,0,0,0,0,0,0,0,0,0,0,0,0,0,0,0,0,0,0,0,0,0,0,0,0,0,0,0,0,0,0,0,0,0,0,0,0,0,0,0,0,0,0,0,0,0,0,0,0,0,0,0,0,0,0,0,0,0,0,0,0,0,0,0,0,0,0,0,0,0,0,0,0,0,0,0,0,0,0,0,0,0,0,0,0,0,0,0,0,0,0,0,0,0,0,0,0,0,0,0,0,0,0,0,0,0,0,0,0,0,0,0,0,0,0,0,0,0,0,0,0,0,0,0,0,0,0,0,0,0,0,0,0,0,0,0,0,0,0,0,0,0,0,0,0,0,0,0,0,0,0,0,0,0,0,0,0,0,0,0,0,0,0,0,0,0,0,0,0,0,0,0,0,0,0,0,0,0,0,0,0,0,0,0,0,0,0,0,0,0,0,0,0,0,0,0,0,0,0,0,0,0,0,0,0,0,0,0,0,0,0,0,0,0,0,0,0,0,0,0,0,0,0,0,0.305,0,0,0,0,0,0,0,0,0,0,0,0,0,0,0,0,0,0,0,0,0,0,0,0,0,0,0,0,0,0,0,0,0,0,0,0,0,0,0,0,0,0,0,0,0,0,0,0,0,0,0,0,0,0,0,0,0,0,0,0,0,0,0,0.647,0,0,0,0,0,0,0,0,0,0,0,0,0,0,0,0,0,0,0,0,0,0,0,0,0,0,0,0,0,0,0,0,0,0,0,0,0,0,0,0,0,0,0,0,0,0,0,0,0,0,0,0,0,0,0.862,0,0,0,0,0,0,0,0,0,0,0,0,0,0,0,0,0,0,0,0,0.297,0,0,0,0,0,0,0,0,0,0,0,0,0,0,0,0,0,0,0,0,0,0,0,0,0,0,0,0,0,0,0,0,0,0,0,0,0,0,0,0,0,0,0,0,0,0,0,0,0,0,0,0,0,0,0,0,0,0,0,0,0,0,0,0,0,0,0,0,0,0,0,0,0,0,0,0,0,0,0,0,0,0,0,0,0,0,0,0,0,0,0,0,0,0,0,0,0,0,0,0,0,0,0,0,0,0,0,0,0,0,0,0,0,0,0,0,0,0,0,0,0.192,0,0,0,0,0,0,0,0,0,0,0,0,0,0,0,0,0,0,0,0,0,0,0,0,0,0,0,0,0,0,0,0,0,0,0,0,0,0,0,0,0,0,0,0,0,0,0,0,0,0,0,0,0,0,0,0,0,0,0,1
853045,0,0,0,0,0,0,0,0,0,0,0,0.256,0,0,0,0.151,0,0,0,0,0,0.46,0,0,0,0,0.271,0,0,0,0,0,0,0,0,0,0,0.169,0,0,0,0,0,0,0,0,0,0,0,0,0,0,0,0,0,0,0,0,0,0,0,0,0,0,0,0,0.378,0,0,0,0.318,0,0,0,0,0,0,0,0,0.473,0,0,0,0,0.268,0,0,0,0,0,0,0,0,0.446,0,0,0,0,0,0,0.396,0,0,0,0,0.15,0,0,0,0.423,0,0,0,0,0.171,0,0,0,0,0,0,0,0,0,0,0,0,0,0,0.918,0,0,0,0.195,0.195,0,0,0,0.288,0,0,0,0.3,0,0,0,0,0,0,0,0.193,0,0.395,0,0,0.229,0,0.535,0,0,0,0,0,0,0,0,0,0,0,0,0,0,0,0,0,0,0,0,0.172,0,0,0,0,0,0,0,0,0,0,0,0,0,0,0,0,0,0,0,0,0,0,0,0,0,0,0,0,0,0,0,0,0,0,0,0,0,0,0,0,0,0,0,0,0,0,0,0,0,0,0,0,0,0,0,0,0,0,0,0,0,0,0,0,0,0,0,0,0,0,0,0,0,0,0,0,0,0,0,0,0,0,0,0,0,0,0,0,0,0.252,0,0,0,0,0,0,0,0,0,0,0,0,0,0,0,0,0,0,0,0,0,0,0,0,0,0,0,0,0,0,0,0,0,0,0,0,0,0,0,0,0,0,0,0,0,0,0,0,0,0,0,0,0,0,0,0,0,0.196,0,0,0,0,0,0,0,0,0,0,0,0,0,0,0,0,0,0,0,0,0,0,0,0,0,0,0,0,0.297,0,0,0,0,0,0,0,0,0,0,0,0,0,0,0,0,0,0,0,0,0,0,0,0,0,0,0,0,0,0,0,0,0,0,0,0,0,0,0,0,0,0,0,0,0,0,0,0,0,0,0,0,0,0,0,0,0,0,0,0,0,0,0,0,0,0,0,0,0,0,0,0,0,0,0,0,0,0.256,0,0,0,0,0,0,0,0,0,0,0,0,0,0,0,0,0,0,0,0,0,0,0,0,0,0,0,0,0,0,0,0,0,0,0,0,0,0,0,0,0,0,0,0,0,0,0,0,0,0,0,0,0,0,0,0,0,0,0,0,0,0,0,0,0,0,0,0,0,0,0,0,0,0,0,0,0,0,0,0,0,0,0,0,0,0,0,0,0,0,0,0,0,0,0,0,0,0,0,0,0,0,0,0,0,0,0,0,0,0,0,0,0,0,0,0,0,0,0,0,0,0,0,0,0,0,0,0,0,0,0,0,0,0,0,0,0,0,0,0,0,0,0,0,0,0,0,0,0,0,0,0,0,0,0,0,0,0,0,0,0,0,0,0.155,0,0,0.21,0,0,0,0,0,0,0,0,0,0,0,0,0,0,0,0,0,0,0,0,0,0,0,0,0,0,0,0,0,0,0,0,0,0,0,0,0.197,0,0,0,0,0,0,0,0,0,0,0,0,0,0,0,0,0,0,0,0,0,0,0,0,0,0,0,0,0,0,0,0,0,0,0,0,0,0,0,0,0,0,0.226,0,0,0,0,0,0,0,0,0,0,0,0,0,0,0,0,0,0,0,0,0,0,0,0,0,0,0,0,0,0,0,0,0,0.164,0,0.193,0,0,0,0,0,0,0,0,0,0,0.169,0,0,0,0,0,0,0,0,0,0,0,0,0,0,0,0,0,0,0,0,0,0,0,0,0,0,0,0,0,0,0,0,0,0,0,0,0,0,0,0,0,0,0,0,0,0,0,0,0,0,0,0,0,0,0,0,0,0,0,0,0,0,0,0,0,0,0,0,0,0,0,0,0,0,0,0,0,0,0,0,0,0,0,0,0,0.152,0,0.193,0,0,0,0,0,0,0,0,0,0,0,0,0,0,0,0,0,0,0,0,0,0,0,0,0,0,0,0,0,0,0,0,0,0,0.15,0.334,0,0,0,0,0,0,0,0,0,0,0.258,0,0,0,0,0,0,0,0,0,0,0,0,0,0,0.198,0,0,0,0,0,0,0,0,0,0,0,0,0,0,0,0,0,0,0,0,0,0,0,0,0,0,0,0,0,0,0,0,0,0,0,0,0,0,0,0,0,0,0,0,0,0,0,0,0,0,0,0,0,0,0,0,0,0.215,0,0,0,0,0,0,0,0,0,0,0,0,0,0,0,0,0,0,0,0,0,0,0,0,0,0,0,0,0,0,0,0,0,0,0,0,0,0,0,0,0,0,0,0,0,0,0,0,0,0,0,0,0,0,0,0.171,0,0,0,0,0,0,0,0,0,0,0,0,0,0,0,0,0,0,0,0,0,0,0,0,0,0,0,0.152,0,0,0,0,0,0,0,0,0,0,0,0,0,0,0,0,0,0,0,0,0,0,0,0,0,0,0,0,0,0,0,0,0,0,0,0,0,0,0,0,0,0,0,0,0.26,0,0,0,0,0,0,0,0,0,0,0,0,0,0,0,0,0,0,0,0,0,0,0,0,0,0,0,0,0,0,0,0,0,0,0,0,0,0,0.168,0,0,0,0,0,0,0,0,0,0,0,0,0,0,0,0,0,0,0,0,0,0,0,0,0,0.161,0,0,0,0,0,0,0,0,0,0.197,0,0,0,0,0,0,0,0,0,0,0,0,0,0,0,0,0,0,0.229,0,0,0,0,0,0,0,0,0,0.22,0,0,0,0,0,0,0,0,0,0,0,0,0,0,0,0,0,0,0,0,0,0,0,0,0,0.195,0,0,0,0,0,0,0,0,0,0,0,0,0,0,0,0,0,0,0,0,0,0,0,0,0,0,0,0,0,0,0,0,0,0,0,0,0,0,0,0,0,0,0,0,0,0,0,0,0,0,0,0,0,0,0,0,0,0,0,0,0,0,0,0,0,0,0,0,0,0,0,0,0,0,0,0,0,0,0,0,0,0,0,0,0,0,0,0,0,0,0,0,0,0,0,0,0,0,0,0,0,0,0.169,0,0,0,0,0,0,0,0,0,0,0,0,0,0,0,0,0,0,0,0,0,0,0,0,0,0,0,0,0,0,0,0,0,0,0,0,0,0,0,0,0,0,0,0,0,0.319,0.445,0,0,0,0,0,0,0,0,0,0,0,0,0,0,0,0,0,0,0,0,0,0,0.197,0,0,0,0,0,0,0,0,0,0,0,0,0,0,0,0,0,0,0.169,0,0.15,0,0,0,0,0,0,0,0,0,0,0,0,0,0,0,0,0,0,0,0,0,0,0,0,0,0,0,0,0,0,0,0,0,0,0,0,0,0,0,0,0,0,0,0,0,0,0,0,0,0,0,0,0,0,0,0.258,0,0,0,0,0,0,0,0,0.54,0,0,0,0,0,0,0,0,0,0,0,0,0,0,0,0,0,0,0,0,0,0,0,0,0,0,0,0,0,0,0,0,0,0,0,0,0,0,0,0,0,0,0,0,0,0,0,0,0,0,0,0,0,0,0,0,0,0,0,0,0,0,0.229,0,0,0,0,0,0,0,0,0,0,0,0,0,0,0,0,0,0,0,0,0,0,0,0,0,0,0,0,0,0,0,0,0,0,0,0,0,0,0.639,0,0,0,0,0,0,0,0,0,0,0,0,0,0.227,0,0,0,0,0,0,0,0,0,0,0,0,0,0,0,0,0,0,0,0,0,0,0,0,0,0,0.376,0,0,0,0,0,0,0,0,0,0,0,0,0,0,0,0,0.206,0,0,0,0,0,0,0,0,0,0,0,0,0,0,0,0,0,0,0,0,0,0,0,0,0.226,0,0,0,0,0,0,0,0,0,0,0,0,0,0,0,0,0,0,0,0,0,0,0,0,0,0,0,0,0,0,0,0,0,0,0,0,0,0,0,0,0,0,0,0,0,0,0,0,0,0,0,0,0,0,0,0,0,0,0,0,0,0,0,0,0,0,0,0,0,0,0,0,0,0,0,0.218,0,0,0,0,0,0,0,0,0,0.229,0,0,0,0,0,0,0,0,0,0,0,0,0,0,0,0,0,0,0,0,0,0,0,0,0,0,0,0,0,0,0,0,0,0,0,0,0,0,0,0,0,0,0,0,0,0,0,0,0,0,0,0,0,0,0,0,0,0,0,0,0,0,0,0,0,0,0,0,0,0,0,0.276,0,0,0,0,0,0,0,0,0,0,0,0,0,0,0,0,0,0,0,0,0,0,0,0,0,0,0,0,0,0,0,0,0,0,0,0,0,0,0,0,0,0,0,0,0,0,0,0,0,0,0,0,0,0,0,0,0,0,0,0,0,0,0,0,0,0,0,0,0,0,0,0,0,0,0,0,0,0,0,0,0,0,0,0,0,0,0,0,0,0,0,0,0,0,0,0,0,0,0,0,0,0,0,0,0,0,0,0,0,0,0,0,0,0,0,0,0,0,0,0,0,0,0,0,0,0,0,0,0,0,0,0,0,0,0,0,0,0,0,0,0,0,0,0,0,0,0.191,0,0,0,0,0,0,0,0,0,0,0,0,0,0,0.158,0,0,0,0,0,0,0,0,0,0,0,0,0,0,0,0,0,0,0,0,0,0,0,0.195,0,0,0,0,0,0,0,0,0,0,0,0,0,0,0,0,0,0.169,0,0,0,0,0,0,0,0,0,0,0,0,0,0,0,0,0,0,0,0,0,0,0,0,0,0.231,0,0,0,0,0,0,0,0,0,0,0,0,0,0,0,0,0,0,0,0.22,0,0,0,0,0,0,0,0,0,0,0,0,0,0,0,0,0,0,0,0,0.215,0,0,0,0,0,0.216,0,0,0,0,0,0,0,0,0,0,0,0,0,0,0,0,0,0,0,0,0,0,0,0,0,0,0,0,0,0,0,0,0,0,0,0,0,0,0.22,0,0,0,0,0.312,0,0,0,0,0,0,0,0,0,0,0,0,0,0,0,0,0.748,0,0,0,0,0,0,0,0,0,0,0,0,0,0,0,0,0,0,0,0,0.412,0,0,0,0,0,0,0,0,0,0,0,0,0,0,0,0,0,0,0,0,0,0,0,0,0,0.192,0,0,0,0,0,0,0,0,0,0,0,0,0,0,0,0,0,0,0,0,0,0,0,0,0,0,0,0,0,0,0,0.215,0,0,0,0,0,0,0,0.601,0,0,0,0,0,0,0,0,0,0,0,0,0,0,0,0,0,0,0,0,0,0,0,0,0,0,0,0,0,0,0,0,0,0,0,0,0,0,0,0,0,0,0,0,0,0,0,0,0,0,0,0,0,0,0,0,0,0,0,0.276,0,0,0,0,0,0,0,0,0,0.161,0,0,0,0,0,0,0,0,0,0,0,0,0,0,0,0,0,0,0,0,0,0,0,0.331,0,0,0,0,0,0,0,0,0,0,0,0,0,0,0,0,0,0,0,0,0,0,0,0,0,0,0.299,0,0,0,0,0,0,0.243,0,0,0,0,0,0,0,0,0,0,0,0,0,0,0,0,0,0.402,0,0,0,0,0,0,0,0,0,0,0,0,0,0,0,0,0,0,0,0,0.161,0,0,0,0,0.193,0,0,0,0,0,0,0,0,0,0,0,0,0,0,0,0,0,0,0,0,0,0,0,0,0,0,0,0,0,0,0,0.276,0,0,0,0,0,0,0,0,0,0,0,0,0,0,0,0,0,0,0,0,0,0,0,0,0,0,0,0,0,0,0,0,0,0,0,0,0,0,0,0,0.297,0,0,0.177,0,0,0,0,0,0,0,0,0,0,0,0,0,0,0,0,0,0,0,0,0,0,0,0,0,0,0,0,0,0,0,0,0,0,0,0,0,0,0,0,0,0.692,0,0,0,0,0,0,0,0,0,0,0,0,0,0,0,0,0,0,0,0,0,0,0,0,0,0,0,0,0,0,0,0,0,0,0.192,0,0,0,0,0,0,0,0,0,0,0,0,0,0,0,0,0,0,0,0,0,0,0,0,0,0,0,0,0,0.22,0,0,0,0,0,0,0,0,0,0,0,0,0,0,0,0,0,0,0,0,0.193,0,0,0,0,0,0,0.195,0,0,0,0,0,0,0,0,0,0,0,0,0,0,0,0,0,0,0,0,0,0,0,0,0,0,0,0,0,0,0,0,0,0,0,0,0,0,0,0,0,0,0,0,0,0,0,0,0,0,0,0,0,0,0,0,0,0,0,0,0.201,0,0,0,0,0,0,0,0,0,0,0,0,0,0,0,0,0,0,0,0,0,0,0,0,0,0,0,0,0,0,0,0,0,0,0,0,0,0,0,0,0,0,0,0,0,0,0,0,0,0,0,0,0,0,0,0,0,0,0,0,0,0,0,0,0,0,0,0,0,0,0,0,0,0,0,0,0,0,0,0,0,0,0,0,0,0,0,0,0,0,0,0,0,0,0,0,0,0,0,0,0,0,0,0,0,0,0,0,0,0,0,0,0,0,0,0,0,0,0,0,0,0,0,0,0,0,0,0,0,0,0,0,0,0,0.235,0,0,0,0,0,0,0,0,0,0,0,0,0,0,0,0,0,0,0,0,0,0,0,0,0,0,0,0,0,0,0,0,0,0,0,0,0,0,0,0,0,0,0,0,0,0,0,0,0,0,0,0,0,0,0,0,0,0,0,0,0,0,0,0,0,0,0,0,0,0,0,0,0,0,0,0,0,0,0,0,0,0,0,0,0,0,0,0,0,0,0,0,0,0,0,0,0,0,0,0,0,0,0,0,0,0,0,0,0,0,0,0,0,0,0,0,0,0,0,0,0,0,0,0,0,0,0,0,0,0,0,0,0,0,0,0,0,0,0,0,0,0,0,0,0,0,0,0,0,0,0,0,0,0,0,0,0,0,0,0,0,0,0,0,0,0,0,0,0,0,0,0,0,0,0,0,0,0,0,0,0,0,0,0,0,0,0,0,0,0,0,0,0,0,0,0,0,0,0,0,0,0,0,0,0,0,0,0,0,0,0,0,0,0,0,0,0,0,0,0,0,0,0,0,0,0,0,0,0.317,0,0,0,0,0,0,0,0,0,0,0,0,0,0,0,0,0,0,0,0,0,0,0,0,0,0,0,0,0,0,0,0,0,0,0,0,0,0,0,0,0,0,0,0,0,0,0,0,0,0,0,0,0,0,0,0,0,0,0,0,0,0,0,0,0,0,0,0,0,0,0,0,0,0,0,0,0,0,0,0,0,0,0,0,0,0,0,0,0,0,0,0,0,0,0,0,0,0,0,0,0,0,0,0,0,0,0,0,0,0,0,0,0,0,0,0,0,0,0,0,0,0,0,0,0,0,0,0,0,0.351,0,0,0,0,0,0,0,0,0,0,0,0,0,0,0,0,0,0,0,0,0,0.195,0,0,0,0,0,0,0,0,0,0,0,0,0,0,0,0,0,0,0,0,0,0.22,0,0,0,0,0,0,0,0,0,0,0,0,0,0,0,0,0,0,0,0.54,0,0,0,0,0,0,0.233,0,0,0,0,0,0,0,0,0,0,0,0,0,0,0,0,0,0,0,0,0,0,0,0,0,0,0,0,0,0,0,0,0,0,0,0,0,0,0,0,0,0,0.295,0,0,0,0,0,0,0,0,0,0,0,0,0,0,0,0,0,0,0,0,0,0,0,0,0,0,0,0,0,0,0,0,0,0,0,0.299,0,0,0,0,0,0,0,0,0,0,0,0,0,0,0,0,0,0,0,0,0,0.282,0,0.292,0,0,0.456,0,0.699,0,0,0.173,0,0,0,0,0,0,0,0,0,0,0,0,0,0.204,0,0,0,0,0,0,0,0,0,0,0,0,0,0,0,0,0,0,0,0,0,0,0,0,0,0.195,0,0,0,0,0,0,0,0,0,0.196,0,0,0,0,0,0,0,0,0,0,0,0,0,0,0,0,0,0,0,0,0,0,0,0,0,0,0,0,0,0,0,0,0,0.152,0,0,0,0.213,0,0,0,0,0,0,0,0,0,0,0,0,0,0,0,0,0,0,0,0,0,0,0,0,0,0,0,0,0,0,0,0,0,0,0,0,0,0,0,0,0,0,0.25,0,0.343,0,0.333,0,0,0,0,0,0,0,0,0,0,0,0,0,0,0,0,0,0,0,0,0,0,0,0,0,0,0,0,0,0,0,0,0,0,0,0,0,0,0,0,0,0,0,0,0,0,0,0,0,0,0,0,0,0,0,0,0,0,0.159,0,0,0,0.402,0,0,0,0,0,0,0,0,0,0,0,0,0,0.21,0,0,0,0,0,0,0,0,0,0,0,0,0,0.25,0,0,0,0,0,0,0,0,0,0,0,0,0,0,0,0,0,0,0,0,0,0.153,0,0,0,0,0,0,0,0.252,0,0,0,0,0,0,0,0,0,0,0,0,0,0,0,0,0,0,0,0,0,0,0,0,0,0,0,0,0,0,0,0,0,0,0,0,0,0,0.192,0,0,0,0,0,0,0,0,0,0,0,0,0,0,0,0,0,0,0,0,0,0,0,0,0,0,0,0,0,0,0,0.393,0,0,0,0,0,0,0,0,0,0,0,0,0,0,0,0,0,0,0,0,0,0,0,0,0,0,0,0,0,0,0,0,0,0,0,0,0,0,0,0,0,0,0,0,0,0,0,0,0,0,0,0,0,0,0,0,0,0,0,0,0,0,0,0,0,0,0,0,0,0,0,0,0,0,0,0,0,0,0,0,0,0,0,0,0,0,0,0,0,0.22,0.194,0,0,0,0,0,0,0,0,0,0,0,0,0,0,0,0,0,0,0,0,0,0,0,0,0,0,0,0,0,0,0,0,0,0,0,0,0,0,0,0,0.173,0,0,0,0,0,0,0,0,0,0,0,0,0.454,0,0,0,0,0,0,0,0.194,0,0,0,0.16,0,0,0,0,0,0,0,0,0,0,0,0,0,0,0,0,0,0,0,0.256,0,0,0,0,0,0,0,0,0,0,0,0,0,0,0,0,0,0,0,0,0,0,0,0,0,0,0,0,0,0,0,0,0,0,0,0,0,0,0,0,0,0,0,0,0.195,0,0,0,0,0,0,0,0,0.172,0,0,0,0,0,0.276,0.315,0,0,0,0,0,0,0,0,0,0,0,0,0,0,0,0.22,0,0,0,0,0,0,0.314,0.257,0,0,0,0,0,0,0,0,0,0,0,0,0,0,0,0,0,0,0,0,0,0,0,0,0,0,0,0,0,0,0,0,0,0,0,0,0,0,0,0,0,0,0,0,0,0,0,0,0,0,0,0,0,0,0,0,0,0,0,0,0,0,0,0,0,0,0,0,0,0,0,0,0,0,0,0,0,0,0,0,0.172,0,0,0,0,0,0,0,0,0,0,0,0,0,0,0,0,0,0,0,0,0,0,0,0,0,0,0,0,0,0,0,0,0,0,0,0,0,0,0,0,0,0,0,0,0,0,0,0,0,0,0,0,0,0,0,0,0,0,0,0,0,0,0,0,0,0,0,0,0,0,0.227,0,0,0,0,0.229,0,0,0,0,0,0,0,0,0,0,0,0,0,0,0,0.221,0,0,0,0,0,0.191,0,0,0,0,0.188,0,0,0,0,0,0,0,0,0,0,0,0,0,0,0,0,0,0,0,0,0,0,0,0,0,0,0,0,0,0,0,0,0,0,0,0,0.309,0.252,0,0,0,0,0,0,0,0,0,0,0,0,0,0,0,0,0,0,0,0,0,0,0,0,0,0,0,0,0,0,0,0,0,0,0,0,0,0.225,0,0,0,0,0,0,0,0,0,0,0,0,0,0,0,0,0,0,0,0,0,0,0,0,0,0,0,0,0,0,0,0,0,0,0,0,0,0,0,0,0,0,0,0,0,0.466,0,0,0.195,0,0,0,0.219,0.276,0,0,0,0,0,0,0,0,0,0,0,0,0,0,0,0,0,0,0,0,0,0,0,0,0,0,0,0,0,0
852077,0.29,0.285,0,0.326,0.198,0,0,0,0.215,0.214,0.847,0,0,0,0.557,0.958,0,0.286,0.154,0.199,0,0,0,0,0.292,0,0.185,0.269,0.193,0.164,0,0,0,0,0.277,0,0,0,0,0,0.556,0.286,0.599,0,0,0,0,0.311,0.458,0.194,0.151,0.309,0.348,0,0,0.153,0.267,0,0.551,0,0.368,0.256,0.256,0,0.609,0.271,0,0.296,0,0,0.492,0.262,0,0.155,0.246,0,0,0,0,0.359,0,0,0,0.291,0,0.373,0,0,0,0,0.53,0,0,0.958,0.285,0.248,0.154,0.358,0.168,0,0.162,0,0.351,0.151,0,0.185,0.347,0,0,0,0,0,0,0.246,0,0.167,0,0,0,0,0,0.958,0.193,0,0,0,0,0.198,0,0,0.253,0.557,0,0,0,0,0.209,0.234,0.198,0,0.309,0.19,0,0,0.199,0,0,0,0.237,0,0.904,0.481,0,0.207,0,0.573,0,0,0.25,0.319,0.226,0,0,0.931,0.168,0,0,0.231,0.203,0.293,0,0.205,0,0.307,0,0,0,0,0.18,0.542,0,0,0,0,0,0,0,0,0,0,0,0,0,0,0,0,0,0,0,0,0,0,0,0,0,0,0,0,0,0,0,0,0,0,0,0,0,0,0,0,0,0,0,0,0,0,0,0,0,0,0,0,0,0,0,0,0,0,0,0,0,0,0,0,0,0,0,0,0,0,0,0,0,0,0,0,0,0,0,0,0,0,0,0,0,0,0,0,0,0,0,0,0,0,0,0,0,0,0,0,0,0,0,0,0,0,0,0,0,0,0,0,0,0,0,0,0,0,0,0,0,0,0,0.18,0,0,0,0,0,0,0,0.197,0,0,0,0.245,0,0,0,0,0,0,0,0,0,0,0,0,0,0,0,0,0,0,0,0,0,0,0,0,0,0,0,0,0,0,0,0,0,0,0,0,0,0,0,0,0,0,0,0,0,0,0,0,0,0,0,0,0,0,0,0,0,0,0,0,0,0,0,0,0,0,0,0,0,0,0,0,0,0.199,0,0,0,0,0,0,0,0,0,0.288,0,0,0,0,0,0,0,0,0,0,0,0,0,0,0,0,0,0,0,0,0,0,0,0,0,0,0.196,0,0,0,0,0,0,0,0,0,0,0,0,0,0,0,0,0,0,0,0,0,0,0,0,0,0,0,0,0,0,0,0,0,0,0,0,0,0.196,0,0,0,0,0,0,0,0,0,0,0,0,0,0,0,0,0,0,0,0.191,0,0,0,0,0,0,0,0,0,0,0,0,0,0,0,0,0,0,0,0,0,0,0,0,0,0,0,0,0,0,0,0,0,0,0,0,0,0,0,0,0,0,0,0,0,0,0,0,0,0,0,0,0,0,0,0,0,0,0,0,0,0,0,0,0,0,0,0,0,0,0,0,0,0,0,0,0,0,0,0,0,0,0,0,0,0,0,0,0,0,0,0,0,0,0,0,0,0,0,0,0,0,0,0,0,0,0,0,0,0,0,0,0,0,0,0,0,0,0.165,0,0,0,0,0,0,0,0,0,0,0,0,0,0,0,0,0,0,0,0,0,0,0,0,0,0,0,0,0,0,0,0,0,0,0,0,0,0,0,0,0,0,0,0,0,0,0,0,0,0,0,0,0,0,0,0,0,0,0,0,0,0,0,0,0,0,0,0,0,0,0,0,0,0,0,0,0,0,0,0,0,0,0,0,0,0,0,0,0,0,0,0,0,0,0,0,0,0,0,0,0,0,0,0,0,0,0,0,0,0,0,0,0,0,0,0,0,0,0,0,0,0,0,0,0,0,0,0,0,0,0,0,0,0,0,0,0,0,0,0,0,0,0,0,0,0,0,0,0,0,0,0,0,0,0,0,0,0,0,0,0,0,0,0,0,0,0,0.196,0,0,0,0,0,0,0,0,0,0,0,0.16,0,0,0,0,0,0,0,0,0,0,0,0,0,0,0,0,0,0,0,0,0,0,0,0,0,0,0,0,0,0,0,0,0,0,0,0,0,0,0,0,0,0,0,0,0,0,0,0,0,0,0,0,0,0,0,0,0,0,0,0,0,0,0,0,0,0,0,0,0,0,0,0,0,0,0,0,0,0,0,0,0,0,0,0,0,0,0,0,0,0,0,0,0,0,0,0,0,0,0,0,0,0,0,0,0,0,0,0,0,0,0,0,0,0,0,0,0,0,0,0,0,0,0.158,0,0,0,0,0,0,0,0,0,0,0,0,0,0,0,0,0,0,0,0,0,0,0,0,0,0,0,0,0,0,0,0,0,0,0,0,0,0,0,0,0,0,0,0,0,0,0,0,0,0,0,0,0,0,0,0,0,0,0,0,0,0,0,0,0,0,0,0,0,0,0,0,0,0,0,0,0,0,0,0,0,0,0,0,0,0,0,0,0,0,0,0,0,0,0,0,0,0,0,0,0,0,0,0,0,0,0,0,0,0,0,0,0,0,0,0,0,0,0,0,0,0,0,0,0,0,0,0,0,0,0,0,0,0,0,0,0,0,0,0,0,0,0,0,0,0,0,0,0,0,0,0,0,0,0,0,0.297,0,0,0,0,0,0,0,0,0,0,0,0,0,0,0,0,0,0,0,0,0,0,0,0,0,0,0,0,0,0,0,0,0,0,0,0,0,0,0,0,0,0,0,0,0,0,0,0,0,0,0,0,0,0,0,0,0,0,0,0.244,0,0,0,0,0,0,0,0,0,0,0,0,0,0,0,0,0,0,0,0,0,0,0,0,0,0,0,0,0,0,0,0,0,0,0,0,0,0,0,0,0,0,0,0,0,0,0,0,0,0.212,0,0,0,0,0,0,0,0,0,0,0,0,0.197,0,0,0,0,0,0,0,0,0,0,0,0,0,0,0,0,0,0,0,0,0,0,0,0,0,0,0,0,0,0,0,0,0,0,0,0,0,0,0,0,0,0,0,0,0,0,0,0,0,0,0,0,0,0,0,0,0,0,0,0,0,0,0,0,0,0,0,0,0,0,0,0,0,0,0,0,0,0,0,0,0,0,0,0,0,0,0,0,0,0,0,0,0,0,0,0,0,0,0,0,0,0,0,0,0,0,0,0.192,0,0,0,0,0,0,0,0,0,0,0,0,0,0,0,0,0,0,0,0,0,0,0,0,0,0,0,0,0,0,0,0,0,0,0,0,0,0,0,0,0,0,0,0,0,0,0,0,0,0,0,0,0,0,0,0,0,0,0,0,0,0,0,0,0,0,0,0,0,0,0,0,0,0,0,0,0,0,0,0,0,0,0,0,0,0,0,0,0,0.17,0,0,0,0,0,0,0,0,0,0.37,0,0,0,0,0,0,0,0,0,0,0,0.271,0,0,0,0,0,0,0,0,0,0,0,0,0,0,0,0,0,0,0,0,0,0,0,0,0,0,0,0,0,0,0,0,0,0,0,0,0,0,0,0,0,0,0,0,0,0,0,0,0,0,0,0,0,0,0,0,0,0,0.259,0,0,0,0,0,0,0,0,0,0,0,0,0,0,0,0,0,0,0,0,0,0,0,0,0,0,0,0,0,0,0,0,0,0,0,0,0,0,0,0,0,0,0,0,0,0,0,0,0,0,0,0,0,0,0,0,0,0,0,0,0,0,0,0,0,0,0,0,0,0,0,0,0,0,0,0,0,0,0,0,0,0,0,0,0,0,0,0,0,0,0,0,0,0,0,0,0,0,0,0,0,0,0,0,0,0,0,0,0,0,0,0,0,0,0,0,0,0,0,0,0,0,0,0,0,0,0,0.173,0,0,0,0,0,0,0,0,0,0,0,0,0,0,0,0,0,0,0,0,0,0,0,0,0,0.901,0,0,0,0,0,0,0,0,0,0,0,0,0,0,0,0,0,0,0,0,0,0,0,0,0,0,0,0,0,0,0,0,0.198,0,0,0,0,0,0,0,0,0,0,0,0,0,0,0,0,0,0,0,0,0,0,0,0,0,0,0,0,0,0,0,0,0,0,0,0,0,0,0,0,0,0,0,0,0.202,0,0,0,0,0,0,0,0.198,0,0,0,0,0,0,0,0,0,0,0,0,0,0,0,0,0,0,0,0,0,0,0,0,0,0,0,0,0,0,0,0,0,0,0,0,0,0,0,0,0,0,0,0,0,0,0,0,0,0,0,0,0,0,0,0,0,0,0,0,0,0,0,0,0,0,0,0,0,0,0,0,0,0,0,0,0,0,0,0,0,0,0,0,0,0,0,0,0,0,0,0,0,0,0,0,0,0,0,0,0,0,0,0,0,0,0,0,0,0,0,0,0,0,0,0,0,0,0,0,0,0,0,0,0,0,0,0,0,0,0,0,0,0,0,0,0,0,0,0,0,0,0,0,0,0,0,0.164,0,0,0,0,0.297,0,0,0,0,0,0,0,0,0,0,0,0,0,0,0,0,0,0,0,0,0,0,0,0,0,0,0,0,0,0,0,0,0,0,0,0,0,0,0,0,0,0,0,0,0,0,0,0,0,0,0,0,0,0,0,0,0,0,0,0,0,0,0,0,0,0,0,0,0,0,0,0,0,0,0,0,0,0,0,0,0,0,0,0,0,0,0,0,0,0,0,0,0,0,0,0,0,0,0,0,0,0,0,0,0,0,0,0,0,0,0,0,0,0,0,0,0,0,0,0,0,0,0,0,0,0,0,0,0,0,0,0,0,0,0,0,0,0,0,0,0,0,0,0,0,0,0,0,0,0,0,0,0,0,0,0,0,0,0,0,0,0,0,0,0,0,0,0.183,0,0,0,0,0,0,0,0,0,0,0,0,0,0,0,0,0,0,0,0,0,0,0,0,0,0,0,0,0,0,0,0,0,0,0,0,0,0,0,0,0,0,0,0,0,0,0,0,0,0,0,0,0,0,0,0,0,0,0,0,0,0,0,0,0,0,0,0,0,0,0,0,0,0,0,0,0,0,0,0,0,0,0,0,0,0,0,0,0,0,0,0,0,0,0,0,0,0,0,0,0,0,0.165,0,0,0,0,0.214,0,0,0,0,0,0,0,0,0,0,0,0,0,0,0,0,0,0,0,0,0,0,0,0,0,0,0,0,0,0,0,0,0,0,0,0,0,0,0,0,0,0,0,0,0,0,0,0,0,0,0,0,0,0,0,0,0,0,0,0,0,0,0,0,0,0,0,0,0,0,0,0,0,0,0,0,0,0,0,0,0,0,0,0,0,0,0,0.19,0,0,0,0,0,0,0,0,0,0,0,0,0,0,0,0,0,0,0,0,0,0,0,0,0,0,0,0,0,0,0,0,0,0,0,0,0,0,0,0,0,0,0,0,0,0,0,0,0,0,0,0,0,0,0,0,0,0,0.852,0,0.227,0,0,0,0,0,0,0,0,0,0,0,0,0,0,0,0,0,0,0,0,0,0,0,0,0,0,0,0,0,0,0,0,0,0,0,0,0,0,0,0,0,0,0,0,0,0,0,0,0,0,0,0,0,0,0,0,0,0,0,0,0,0,0,0,0,0,0,0,0,0,0,0,0,0,0,0,0,0,0,0,0,0,0,0,0,0,0,0,0,0,0,0,0,0,0,0,0,0,0,0,0,0,0,0,0,0,0,0,0,0,0,0,0,0,0,0,0,0,0,0,0,0,0,0,0,0,0,0.178,0,0,0,0,0,0,0,0,0,0,0,0,0,0,0,0,0,0,0,0,0,0,0,0,0,0,0,0,0,0,0,0,0,0,0,0,0,0,0,0,0,0,0,0,0,0,0,0,0,0,0,0,0,0,0,0,0,0,0,0,0,0,0,0,0,0,0,0,0,0.66,0,0,0,0,0,0,0,0,0,0,0.338,0,0,0,0,0,0,0,0,0,0,0,0,0,0,0,0,0,0,0,0,0,0,0,0,0,0,0,0,0,0,0,0,0,0,0,0.155,0,0,0,0,0,0,0,0,0,0,0,0,0,0,0,0,0,0,0,0,0,0,0,0,0,0,0,0,0,0,0,0,0,0,0,0,0,0,0,0,0,0,0,0,0,0,0,0,0,0,0,0,0,0,0,0,0,0,0,0,0,0,0.185,0,0,0.228,0,0,0,0,0,0,0,0,0,0,0,0,0,0,0,0,0,0,0,0,0,0,0,0,0,0,0,0,0,0,0,0,0,0,0,0,0,0,0,0,0,0,0,0,0,0,0,0,0,0,0,0,0,0,0,0,0,0,0,0,0,0,0,0,0,0,0,0,0,0,0,0,0,0,0,0,0,0,0,0,0,0,0,0,0,0,0,0,0,0,0,0,0,0,0,0.297,0,0,0,0,0,0,0,0,0,0,0,0,0,0,0,0,0,0,0,0,0,0,0,0,0,0,0.18,0,0,0,0,0,0,0,0,0,0,0,0,0,0,0,0,0,0,0,0,0,0,0,0,0,0,0,0,0,0,0,0,0,0.22,0,0,0,0,0,0,0,0,0,0,0,0,0,0,0,0,0,0,0,0,0,0,0,0,0,0,0,0,0,0,0,0,0,0,0,0,0,0,0,0,0,0,0,0,0,0,0,0,0,0,0,0,0,0,0,0,0,0,0,0,0,0,0,0,0,0,0,0,0,0,0,0,0,0,0,0,0,0,0,0,0,0,0,0,0,0,0,0,0,0,0,0,0,0,0,0,0,0,0,0,0,0,0,0,0,0,0,0,0,0,0,0,0,0,0,0,0,0,0,0,0,0,0,0,0,0,0,0,0,0,0,0,0,0,0,0,0,0,0,0,0,0,0,0,0,0,0,0,0,0,0,0,0,0,0,0,0,0,0,0,0,0,0,0,0,0,0,0,0,0,0,0,0,0,0,0,0,0,0,0,0,0,0,0,0,0,0,0,0,0,0,0,0,0,0,0,0,0,0,0,0,0,0,0,0,0,0,0,0,0,0,0,0,0,0,0,0,0,0,0,0,0,0,0,0,0,0,0,0,0.154,0,0,0,0,0,0,0,0,0,0,0,0,0,0,0,0.172,0,0,0,0,0,0,0,0,0,0,0,0,0,0,0,0,0,0,0,0,0,0,0,0,0,0,0,0,0,0,0,0,0,0,0,0,0,0,0,0,0,0,0,0,0,0,0,0,0,0,0,0,0,0,0,0,0,0,0,0,0,0,0,0,0,0,0,0,0,0,0,0,0,0,0,0,0,0,0,0,0,0,0,0,0,0,0,0,0,0,0,0,0,0,0,0,0,0,0,0,0,0,0,0,0,0,0,0,0,0,0,0,0,0,0,0,0,0,0,0,0,0,0,0,0,0,0,0,0,0,0,0,0,0,0,0,0,0,0,0,0,0,0,0,0,0,0,0,0,0,0,0,0,0,0,0,0,0,0,0,0,0,0,0,0,0,0,0,0,0,0,0,0,0,0,0,0,0,0,0,0,0,0,0,0,0,0,0,0,0,0,0,0,0,0,0,0,0,0,0,0,0,0,0,0,0,0,0,0,0,0,0,0,0,0,0,0,0,0,0,0,0,0,0,0,0,0,0,0,0,0,0,0,0,0,0,0,0,0,0,0,0,0,0,0,0,0,0,0,0,0,0,0,0,0,0,0,0,0,0,0,0,0,0,0,0,0,0,0,0,0,0,0,0,0,0,0,0,0,0,0,0,0,0,0,0,0,0,0,0,0,0,0,0,0,0,0,0,0,0,0,0,0,0,0,0,0,0,0,0,0,0,0,0,0,0,0,0,0,0,0,0,0,0,0,0,0,0,0,0,0,0,0.203,0,0,0,0,0,0,0,0,0,0,0,0,0,0.15,0,0,0,0,0,0,0,0,0,0,0,0,0,0,0,0,0,0,0,0,0,0,0,0,0,0,0,0,0,0,0,0,0,0,0,0,0,0,0,0,0,0,0,0,0,0,0,0,0,0,0,0,0,0,0,0,0,0,0,0,0,0,0,0,0,0,0,0,0,0,0,0,0,0,0,0,0,0,0,0,0,0,0,0,0,0,0,0,0,0,0,0,0,0,0,0,0,0,0,0,0,0,0,0,0,0,0,0,0,0,0,0,0,0,0,0,0,0,0,0,0,0,0,0,0,0,0,0,0,0,0,0,0,0,0,0,0,0,0,0,0,0,0,0,0,0,0,0,0,0,0,0,0,0,0,0,0,0,0,0,0,0,0,0,0,0,0,0,0,0,0,0,0,0,0,0,0,0,0,0,0,0,0,0,0,0,0,0,0,0,0,0,0,0,0,0,0,0,0,0,0,0,0,0,0,0,0,0,0,0,0,0,0,0,0,0,0,0,0,0,0,0,0,0,0,0,0,0,0,0,0,0,0,0,0,0,0,0,0,0,0,0,0,0,0,0,0,0,0,0,0,0,0,0,0,0,0,0,0,0,0,0,0,0.206,0,0,0,0,0,0,0,0,0,0,0,0,0,0,0,0,0,0,0,0,0,0,0,0,0,0,0,0,0,0,0,0,0,0,0,0,0,0,0,0,0,0,0,0,0,0,0,0,0,0,0,0,0,0,0,0,0,0,0,0,0,0,0,0,0,0,0,0,0,0,0,0,0,0,0,0,0,0,0,0,0,0,0,0,0,0,0,0,0,0,0,0,0,0,0,0,0,0,0,0,0,0,0,0,0,0,0,0,0,0,0,0,0,0,0,0,0,0,0,0,0,0,0,0,0,0,0,0,0,0,0,0,0,0,0,0,0,0,0,0,0,0,0,0,0,0,0,0,0,0,0,0,0,0,0,0,0,0,0,0,0,0,0,0,0,0,0,0,0,0,0,0,0,0,0,0,0,0,0,0,0,0,0,0,0,0,0,0,0,0,0,0,0,0,0,0,0,0,0,0,0,0,0,0,0,0,0,0,0,0,0,0,0,0,0,0,0,0,0,0,0,0,0,0,0,0,0,0,0,0,0,0,0,0,0,0,0,0,0,0,0,0,0,0,0,0,0,0,0,0,0,0,0,0,0,0,0,0,0,0,0,0,0,0,0,0,0,0,0,0,0,0,0,0,0,0,0,0,0,0,0,0,0,0,0,0,0,0,0,0,0,0,0,0,0,0,0,0,0,0,0,0,0,0,0,0,0,0,0,0,0,0,0,0,0,0,0,0,0,0,0,0,0,0,0,0,0,0,0,0,0,0,0,0.198,0,0,0,0,0,0,0,0,0,0,0,0,0,0,0,0,0,0,0,0,0,0,0,0,0,0,0,0,0,0,0,0,0,0,0,0,0,0,0,0,0,0,0,0,0,0,0,0,0,0,0,0,0,0,0,0,0,0,0,0,0,0,0,0,0,0,0,0,0,0,0,0,0,0,0,0,0,0,0,0,0,0,0,0,0,0,0,0,0,0,0,0,0,0,0,0,0,0,0,0,0,0,0,0,0,0,0,0,0,0,0,0,0,0,0,0,0,0,0,0,0,0,0,0,0,0,0,0,0,0,0,0,0,0,0,0,0,0,0,0,0,0,0,0,0,0,0,0,0,0,0,0,0,0,0,0,0,0,0,0.297,0,0,0,0,0,0,0,0,0,0,0,0,0,0,0,0,0,0,0,0,0,0,0,0,0,0,0,0,0,0,0,0,0,0,0,0,0,0,0,0,0,0,0,0,0,0,0,0,0,0,0,0,0,0,0,0,0,0,0,0,0,0,0,0,0,0,0,0,0,0,0,0,0,0,0,0,0,0,0,0,0,0,0,0,0,0,0,0,0,0,0,0,0,0,0,0,0,0,0,0,0,0,0,0,0,0,0,0,0,0,0,0,0,0,0,0.327,0,0,0,0,0,0,0,0,0,0,0,0,0,0,0,0,0,0,0,0,0,0,0,0,0,0,0.203,0,0,0,0,0,0,0,0,0,0,0,0,0,0,0,0,0,0,0,0,0,0,0,0,0,0,0,0,0
854252,0.313,0,0,0,0,0,0,0,0.202,0,0,0.242,0,0,0,0,0,0,0,0,0,0.173,0,0,0.286,0,0.153,0,0,0.199,0,0,0.247,0,0,0.242,0,0,0,0,0,0,0,0,0,0,0.262,0,0,0,0,0,0,0,0,0,0,0,0,0,0,0,0,0,0,0,0,0,0,0,0.249,0.299,0,0,0,0.171,0,0,0,0,0,0,0,0,0,0,0,0,0,0,0,0,0,0,0,0,0,0.173,0,0,0,0,0,0,0,0,0,0,0,0.6,0,0,0,0,0,0,0,0,0,0,0,0,0,0,0.997,0.262,0,0,0,0,0,0,0,0,0,0,0,0,0,0.901,0,0,0.639,0,0,0,0,0,0,0,0,0,0,0,0,0,0,0,0,0,0,0,0,0.571,0,0,0,0,0,0,0.92,0,0,0,0,0,0,0,0,0,0,0.171,0,0,0,0,0,0,0,0,0,0,0,0,0,0,0.155,0,0,0,0,0,0,0.228,0,0,0,0,0,0,0,0,0,0,0,0,0,0,0,0,0,0,0,0,0,0,0,0,0,0,0,0,0,0,0,0,0,0,0,0,0,0,0,0,0,0,0,0,0,0,0,0,0.755,0,0,0,0,0,0,0,0,0,0,0,0,0,0,0,0,0,0,0,0,0,0,0,0,0,0,0,0,0,0,0,0,0,0,0,0,0,0,0,0,0,0,0,0,0,0,0,0,0,0,0,0.194,0,0,0,0,0,0,0,0,0,0,0,0,0,0,0,0,0,0,0,0,0,0,0,0,0,0,0,0,0,0,0,0,0,0,0,0,0,0,0,0,0,0,0,0,0,0,0,0,0,0,0,0,0,0,0,0,0,0,0,0,0,0.219,0,0,0,0,0,0.311,0,0,0,0,0,0,0,0,0,0,0,0,0,0,0,0,0,0,0,0,0,0,0,0,0,0,0,0,0,0,0,0,0,0,0,0,0,0,0,0,0.154,0,0,0,0,0,0,0,0,0,0,0,0,0,0,0,0,0,0,0,0.37,0,0,0,0,0,0,0,0,0,0,0,0,0,0,0,0,0,0,0,0,0,0,0,0,0,0,0,0,0,0,0,0,0,0,0,0,0,0,0,0,0,0,0,0,0,0.209,0,0,0,0,0,0,0,0,0,0,0,0,0,0,0,0,0,0,0,0,0,0,0,0,0,0,0,0,0,0,0,0,0,0,0,0,0,0,0,0,0,0,0,0.188,0,0,0,0,0,0.924,0,0,0,0,0,0,0.998,0,0,0,0,0,0,0,0,0,0,0,0,0,0,0,0.901,0,0,0,0,0,0,0,0,0,0,0,0,0,0,0,0,0,0,0,0,0,0,0,0,0,0,0,0,0,0,0,0,0,0,0,0,0,0,0,0,0,0,0,0,0,0,0,0,0,0,0,0,0,0.943,0,0,0,0,0,0,0,0,0,0,0,0,0,0,0,0,0,0,0,0,0,0.19,0,0,0.193,0,0,0,0,0,0,0,0,0,0,0,0,0,0,0,0,0,0,0,0,0,0,0,0,0,0,0,0,0,0,0,0,0,0,0.449,0,0,0.438,0,0,0,0,0,0,0,0,0,0,0,0.87,0,0,0,0,0,0,0,0,0,0,0,0,0,0,0,0,0,0.449,0,0,0,0,0,0,0,0,0,0,0,0,0,0,0,0.381,0,0,0,0,0,0,0,0,0,0,0,0,0,0,0,0,0,0,0,0,0,0,0,0,0,0,0,0,0,0,0,0,0,0,0,0,0,0,0,0,0,0,0,0,0,0,0,0,0,0,0,0.151,0,0,0,0,0,0,0,0,0,0,0,0,0,0,0.553,0,0,0,0,0,0,0,0,0,0,0,0.606,0,0,0,0,0,0,0,0,0,0,0,0,0,0,0.319,0,0,0,0,0,0,0,0,0,0,0,0,0,0,0,0,0,0,0,0,0,0,0.16,0,0,0,0.208,0,0.292,0,0.152,0,0,0,0,0,0,0,0,0,0,0,0,0,0,0,0,0,0,0,0.288,0,0,0,0,0,0,0,0,0,0,0,0,0,0,0,0,0,0,0,0,0,0,0,0,0,0,0,0,0,0,0,0,0,0,0,0,0,0,0,0,0,0,0,0,0,0,0,0,0,0,0,0,0,0,0,0,0,0,0,0,0,0,0,0,0,0,0,0,0.569,0,0,0,0,0.489,0,0,0,0,0,0,0,0,0,0,0,0,0,0,0,0,0,0,0,0,0,0,0,0,0,0,0,0,0,0,0,0,0,0,0.224,0,0,0,0,0,0,0,0,0,0,0,0,0,0,0,0,0,0,0.256,0,0,0,0,0,0,0.155,0,0,0.369,0,0,0,0,0,0,0,0,0,0,0,0,0.305,0,0.256,0,0,0,0,0,0,0,0,0,0,0,0,0,0,0,0,0,0,0,0,0,0,0,0,0,0,0,0,0.904,0,0,0,0,0,0,0,0,0,0,0,0,0,0,0,0,0,0,0,0,0,0,0,0,0,0,0,0,0,0,0,0,0,0,0,0,0,0,0,0,0,0,0,0,0,0,0,0,0,0,0,0,0,0,0,0,0,0,0,0,0,0,0,0.219,0,0,0,0.17,0,0,0,0,0,0,0,0,0,0,0,0,0,0,0,0,0,0,0,0,0,0,0,0,0,0,0,0,0,0,0,0,0,0,0,0,0,0,0,0,0,0,0,0,0,0,0,0,0,0,0,0,0,0,0,0,0,0,0,0,0,0,0,0.168,0,0,0,0,0,0,0,0,0,0,0,0,0,0,0,0,0,0,0,0,0,0,0,0,0,0,0,0,0,0,0,0,0,0,0.193,0,0,0,0,0,0,0,0,0,0,0.155,0,0,0,0,0.272,0,0,0,0,0,0,0,0,0,0,0,0,0,0,0,0,0,0,0,0,0,0,0,0,0,0,0,0,0,0,0,0,0,0,0,0,0,0,0,0,0,0,0,0,0,0,0,0,0,0,0,0,0,0,0,0,0.176,0,0,0,0.461,0,0,0,0,0,0,0,0,0,0,0,0,0,0,0,0,0,0.221,0,0,0,0,0,0,0,0,0,0,0,0,0,0,0,0,0.242,0,0,0,0,0,0,0,0,0,0,0,0,0,0,0,0,0,0.167,0,0,0,0,0,0,0,0,0,0,0,0,0,0,0,0,0,0,0,0,0,0,0,0,0,0,0,0,0,0,0,0,0,0,0,0,0,0,0,0,0,0,0,0,0,0,0,0,0,0,0,0,0.635,0,0,0,0,0,0,0,0,0,0,0,0,0,0,0,0,0,0,0,0,0,0,0,0,0,0,0,0,0,0,0,0,0,0,0,0,0,0,0,0,0,0,0,0,0,0,0,0,0,0,0,0,0,0,0,0,0,0,0,0,0.402,0,0.436,0,0,0,0,0,0,0,0,0,0,0,0,0,0,0,0,0,0,0,0,0,0,0,0,0,0,0,0,0,0,0,0,0,0,0,0,0,0,0,0,0,0,0,0,0,0,0,0,0,0,0,0,0,0,0,0,0,0,0,0,0,0,0,0,0,0,0,0,0,0,0.195,0,0,0,0,0,0,0,0,0,0,0,0.416,0,0,0,0,0,0,0,0,0,0,0,0,0,0,0,0,0,0,0,0,0.288,0,0,0,0.935,0,0,0,0,0.912,0,0,0,0.795,0,0,0,0,0,0,0,0,0.218,0.159,0,0.213,0,0,0,0,0,0,0,0,0,0.252,0,0,0,0,0.188,0,0,0,0.171,0,0,0,0.182,0,0.901,0,0,0,0.907,0,0.905,0,0,0,0,0,0,0,0,0,0,0,0,0,0,0.245,0,0,0,0,0,0,0,0.211,0,0.309,0,0,0,0,0,0,0,0,0,0,0,0,0,0,0,0.154,0,0,0,0,0,0,0,0,0,0,0,0,0,0,0,0,0,0,0,0,0,0,0,0,0,0,0,0,0,0,0,0,0,0,0,0,0,0,0.286,0,0,0,0,0,0,0,0,0,0,0,0,0,0,0,0,0,0,0,0,0,0,0,0,0,0,0,0,0,0,0,0,0,0,0,0,0,0,0,0,0,0.236,0,0,0.322,0,0,0,0,0,0,0,0,0,0,0,0,0,0,0,0,0,0.22,0,0,0,0,0,0,0,0,0,0.258,0,0,0,0,0,0,0,0,0,0,0,0,0.194,0,0,0,0,0,0,0,0,0.199,0,0,0,0,0,0,0,0,0,0,0,0,0,0,0,0.905,0,0,0,0,0,0,0.177,0,0,0,0,0,0,0,0,0,0,0,0,0,0,0,0,0,0,0,0,0,0,0,0,0,0,0,0,0.358,0,0,0,0,0,0,0,0,0.335,0,0,0,0,0,0,0,0,0,0,0,0,0,0,0,0,0,0,0,0,0,0,0,0,0,0,0,0,0,0,0,0,0,0,0,0,0,0.154,0.327,0,0,0,0,0,0,0,0,0,0,0,0,0,0,0,0,0,0,0,0,0,0,0,0,0,0,0,0,0,0,0,0,0,0,0,0,0,0,0,0,0,0,0,0,0,0,0.208,0,0,0,0.339,0,0,0,0,0,0,0,0,0,0.436,0,0,0,0,0,0,0,0,0,0,0,0,0,0,0,0,0,0,0,0,0,0,0,0,0,0,0,0,0,0,0,0,0,0,0,0,0,0,0,0,0,0,0,0,0,0,0,0,0,0,0,0,0,0,0,0,0,0,0,0,0,0,0,0,0,0,0,0,0,0,0,0,0,0,0,0,0,0,0,0,0,0,0,0,0,0,0,0,0,0,0,0,0,0,0,0,0,0,0,0,0,0,0,0,0,0,0,0,0,0,0,0,0,0,0,0,0,0,0,0,0,0,0,0,0,0,0,0,0,0,0,0,0,0,0,0,0,0,0,0,0,0,0,0,0,0,0,0,0,0,0,0,0,0,0,0,0,0,0,0.21,0,0,0,0,0,0,0,0,0,0,0,0.59,0,0,0,0,0,0,0.513,0,0,0.843,0.777,0,0.496,0.902,0,0,0,0,0,0,0,0.734,0,0,0.311,0,0,0.733,0.161,0,0.515,0,0,0.254,0.376,0,0,0.41,0,0,0.999,0.718,0,0,0,0.439,0,0.358,0.391,0.993,0,0,0,0,0,0,0,0,0.195,0.822,0,0.348,0,0,0,0,0,0,0.451,0.682,0.514,0,0.999,0,0.269,0,0.859,0,0,0.736,0,0.376,0,0,0.686,0.925,0,0.999,0,0,0,0,0,0,0.399,0,0,0.988,0,0.779,0,0,0,0.902,0,0.999,0,0,0.252,0.9,0,0,0,0,0,0,0,0,0,0,0,0,0,0,0,0,0,0,0,0,0.9,0,0,0,0,0,0,0,0,0,0,0,0,0,0,0.434,0,0.259,0,0,0,0,0,0,0.9,0,0,0,0,0,0,0,0,0,0,0.195,0,0,0.172,0,0.195,0,0,0,0,0,0,0,0,0,0,0,0,0,0,0,0,0,0,0,0,0,0,0,0,0,0,0,0,0,0,0,0,0,0,0,0,0,0,0,0,0,0,0,0,0,0,0,0,0,0,0,0,0,0,0,0,0,0,0,0,0,0.259,0,0.216,0,0,0,0,0,0,0,0,0,0,0,0,0,0,0,0,0,0,0,0,0,0,0,0,0,0.378,0,0,0,0,0,0,0,0,0,0,0,0,0,0,0,0,0,0,0,0,0,0,0,0,0.197,0,0,0,0,0,0,0,0,0,0.214,0,0,0,0,0,0,0,0,0,0,0,0,0,0,0,0,0,0,0,0,0,0,0,0,0,0.362,0,0,0,0,0,0,0,0,0,0,0,0,0,0,0,0,0,0,0,0.21,0,0.249,0,0,0,0,0,0,0,0.151,0,0,0,0,0,0,0,0,0,0,0,0,0,0,0.169,0,0.235,0,0,0,0,0,0,0,0,0.274,0,0,0,0,0,0,0,0,0,0,0,0,0,0,0,0,0,0,0,0,0,0,0,0,0,0,0,0,0,0,0,0,0,0,0,0,0,0,0,0,0,0,0.262,0,0,0,0,0,0,0.26,0,0,0.212,0,0,0,0,0,0,0,0,0,0.187,0,0,0,0,0,0,0,0,0.177,0,0,0,0.221,0,0,0,0,0,0,0,0,0,0,0,0,0,0,0,0,0,0,0,0.272,0,0,0,0,0,0,0,0,0,0,0,0,0,0.158,0,0.201,0,0,0,0,0,0,0,0,0,0,0,0,0.231,0,0,0,0,0,0,0,0,0,0,0,0,0,0,0,0,0,0,0,0,0,0,0,0,0,0,0,0,0,0,0,0,0,0,0,0,0,0.22,0,0,0,0,0,0,0,0,0,0,0,0,0,0,0,0,0,0,0,0,0,0,0,0,0,0,0,0,0,0,0,0,0,0,0,0,0,0,0,0,0,0,0,0,0,0,0,0,0,0,0,0,0,0,0,0,0,0,0,0,0,0,0,0,0,0,0,0,0,0,0,0,0,0,0,0,0,0,0.173,0,0,0,0,0,0,0,0.181,0,0,0,0,0,0,0,0,0,0,0,0,0,0,0,0,0,0,0,0,0,0,0,0,0,0,0,0,0,0,0,0,0,0,0,0,0,0,0,0,0,0,0,0,0,0,0,0,0,0,0,0.317,0,0,0,0,0,0,0.905,0,0,0,0,0,0,0.209,0,0,0,0,0,0,0,0,0,0,0,0,0,0,0.658,0,0,0,0,0,0,0,0,0,0,0,0,0,0,0,0,0,0,0,0,0,0,0,0,0,0,0,0,0,0.177,0,0,0,0,0,0,0,0,0,0,0,0,0,0,0.187,0,0,0,0,0,0,0,0,0,0,0,0,0,0,0,0,0,0,0,0,0,0,0,0,0,0,0,0.17,0,0,0,0,0,0,0,0,0,0,0,0,0,0,0,0,0,0,0,0,0,0,0,0,0,0,0,0,0,0,0,0,0,0,0,0,0,0,0,0,0,0,0,0,0,0,0,0,0,0,0,0,0,0,0,0,0,0,0,0,0,0,0,0,0,0,0,0,0,0,0,0,0,0,0,0,0,0.196,0,0,0,0,0,0,0,0,0,0,0,0,0,0,0,0,0,0,0,0,0,0.648,0,0,0,0,0,0,0,0,0,0,0,0,0,0,0,0,0,0,0,0,0,0,0,0,0,0,0,0,0,0,0,0,0,0,0,0,0,0,0,0,0,0,0,0,0,0,0,0.163,0,0,0,0,0,0,0,0,0,0,0.21,0,0,0,0,0,0,0,0,0,0,0,0,0,0,0,0,0,0,0,0,0.217,0,0,0,0,0,0,0,0,0.21,0.199,0,0,0,0,0,0,0,0.173,0,0,0,0,0,0.159,0,0,0,0,0,0,0,0.21,0,0,0,0,0,0,0,0,0,0,0,0,0,0.897,0,0,0,0,0,0,0,0,0,0,0,0,0,0,0.901,0,0,0,0,0,0.208,0,0,0.209,0,0,0,0,0.257,0,0,0,0,0.207,0.165,0.226,0,0.955,0,0,0.6,0,0.199,0,0,0,0,0,0,0,0,0,0,0,0,0,0,0,0,0,0,0,0,0,0,0,0,0,0,0,0,0,0,0,0,0,0,0,0,0,0.305,0,0,0,0,0.338,0,0,0,0,0,0,0,0,0,0,0,0,0,0,0,0,0,0,0,0,0,0,0,0,0,0,0,0,0,0,0,0,0,0,0,0,0,0.18,0,0,0,0,0,0,0,0,0,0,0,0,0,0,0,0,0,0,0,0,0,0.667,0,0,0,0,0,0,0,0,0,0,0,0,0,0,0,0,0,0,0,0,0.392,0,0,0,0,0,0,0,0,0,0,0,0,0,0,0,0,0.333,0,0,0.196,0,0,0,0,0,0,0,0,0,0,0,0,0.296,0,0,0,0.236,0,0,0.991,0,0,0,0,0,0,0,0,0,0,0,0,0,0,0,0,0,0,0,0,0,0,0,0,0,0,0,0,0,0,0,0,0,0,0,0,0,0,0,0,0,0,0,0,0,0,0,0,0,0,0,0,0,0,0,0,0,0,0,0,0,0,0,0,0,0,0,0,0,0,0,0,0,0,0,0,0,0,0,0,0,0.999,0,0,0,0,0,0,0,0,0,0,0,0,0,0,0,0,0.297,0,0,0,0,0,0,0,0,0,0,0,0,0,0,0.269,0,0,0,0,0,0,0,0,0,0,0,0,0,0,0,0,0,0,0,0,0,0,0,0,0,0,0,0,0,0,0,0,0,0,0,0,0,0,0,0,0,0,0,0,0,0,0,0,0,0,0,0,0.286,0,0,0,0,0,0,0,0,0,0,0,0,0,0,0,0,0,0,0,0,0,0,0,0,0,0,0,0.317,0,0,0,0,0,0,0,0,0,0,0,0,0,0,0,0,0,0,0,0,0,0,0,0,0,0,0,0,0,0,0,0,0,0.251,0,0.252,0,0,0,0,0,0,0,0,0.228,0,0,0,0,0,0,0,0,0,0.22,0,0,0,0,0,0,0,0,0,0,0,0,0,0,0.449,0,0,0,0,0,0,0,0,0,0,0,0,0,0,0,0,0,0,0,0,0,0,0,0,0,0,0,0,0,0,0,0,0,0,0,0,0,0,0,0,0,0,0,0,0,0,0,0,0,0,0,0,0,0,0,0,0,0,0,0,0,0,0,0,0,0,0,0,0,0,0,0,0,0,0,0,0,0,0,0,0,0,0,0,0,0,0,0,0,0,0,0,0,0,0,0.165,0,0,0,0,0,0,0,0,0,0,0,0,0.536,0,0,0,0,0,0,0,0,0,0,0,0,0,0,0,0,0,0,0,0,0,0,0,0,0,0,0,0,0,0,0,0,0,0,0,0,0,0,0,0,0,0,0,0,0,0.314,0,0,0,0,0,0,0,0,0,0,0,0,0,0,0,0,0,0,0,0,0,0,0,0,0,0,0,0,0,0,0,0.167,0,0,0,0,0,0,0,0,0,0,0,0,0,0,0,0,0,0,0,0,0,0,0,0,0,0,0,0,0,0,0,0,0,0,0,0,0,0,0.9,0,0,0.75,0,0.193,0,0,0,0,0,0,0,0,0,0.252,0,0,0,0,0,0,0,0,0,0.242,0,0,0,0.999,0,0,0,0,0,0,0,0.161,0,0.628,0,0,0.942,0,0,0,0,0,0,0,0,0,0,0,0.276,0,0,0.472,0,0,0,0,0,0,0,0,0,0,0,0,0,0,0,0,0,0,0,0.552,0,0,0,0,0,0,0,0,0,0,0,0,0,0,0,0,0,0,0,0,0,0.24,0,0,0,0,0.26,0,0,0,0,0,0,0,0,0,0,0,0,0,0,0,0,0,0,0,0,0,0,0,0,0,0,0,0,0,0,0,0,0,0,0,0,0,0.9,0,0,0,0,0,0,0,0,0,0,0,0,0,0,0,0,0,0,0,0.26,0,0,0,0,0,0,0,0.22,0,0,0,0,0,0,0,0,0,0,0,0,0,0,0,0,0,0,0,0,0,0,0,0,0,0,0,0,0,0,0,0,0,0,0,0,0,0,0,0,0,0,0,0,0,0,0,0,0,0,0,0.244,0,0,0,0,0,0,0,0,0,0,0,0,0,0,0,0,0,0,0,0,0,0,0,0.529,0,0,0.153,0,0,0,0,0,0,0.167,0,0,0,0,0,0.9,0,0,0,0,0,0,0,0,0,0,0,0,0,0.507,0.229,0.66,0,0,0,0,0,0.267,0,0.29,0,0,0,0,0,0,0,0,0,0,0,0,0,0,0,0,0,0,0,0,0,0,0,0.151,0,0,0,0,0,0,0,0,0,0,0,0,0,0,0,0,0,0,0,0,0,0,0,0,0,0,0,0,0.775,0,0,0,0,0,0,0,0,0,0,0,0,0,0,0,0,0,0,0.625,0,0,0,0,0,0,0,0,0,0,0,0,0,0,0,0,0,0,0,0,0,0,0,0,0,0,0,0,0,0,0,0,0,0.171,0,0.2,0,0.208,0,0,0,0,0,0,0,0,0,0,0.391,0,0,0,0,0,0,0,0,0,0.438,0.199,0,0,0,0,0,0,0,0,0,0,0,0,0,0,0,0,0,0,0,0,0,0,0,0,0,0,0
850450,0,0,0,0,0,0,0.444,0,0,0,0,0,0,0.159,0,0,0,0,0,0,0,0,0,0,0,0,0.158,0,0.39,0,0,0,0,0,0.418,0,0,0,0,0,0,0.211,0,0,0,0,0,0.187,0,0,0,0.169,0,0,0,0,0,0,0,0,0,0,0,0.334,0.17,0.274,0,0.236,0.188,0.573,0.987,0,0,0,0,0,0.159,0.193,0,0.884,0,0,0.692,0,0,0,0.48,0,0,0,0,0,0,0,0,0,0.833,0,0,0,0,0.82,0,0.56,0,0,0,0,0,0,0,0,0,0,0.957,0,0,0,0,0,0,0,0,0,0,0.974,0,0,0,0,0.422,0,0,0,0,0.471,0,0,0.188,0.347,0.169,0,0,0,0,0,0,0,0.356,0.937,0.392,0,0,0.249,0,0.154,0,0,0.195,0,0,0.302,0,0.158,0,0,0,0.32,0,0,0,0,0,0,0,0,0,0,0,0.225,0,0.229,0,0,0,0,0,0,0,0,0,0,0,0,0.356,0,0,0,0,0,0,0,0,0,0,0.443,0,0,0,0,0,0,0,0,0,0,0,0,0,0,0,0,0,0,0,0,0.348,0,0,0,0,0,0,0,0,0,0,0,0,0,0,0,0,0,0,0,0,0,0,0,0,0,0.152,0,0,0,0,0,0.21,0,0,0,0,0.155,0,0,0,0.193,0,0,0,0,0,0,0,0,0,0,0,0,0,0,0,0,0,0,0,0,0,0,0,0,0,0,0,0,0,0,0,0,0,0,0,0.414,0,0,0.18,0,0,0,0,0,0,0,0,0,0,0,0,0,0,0,0,0,0,0,0.28,0,0,0,0,0,0,0.513,0,0,0,0,0,0,0,0,0,0,0,0,0,0,0,0.328,0,0.276,0,0,0.71,0,0.157,0,0.169,0,0,0,0.211,0,0,0,0,0,0,0,0.33,0,0,0,0.166,0,0,0,0,0,0,0,0,0,0,0,0,0,0,0,0,0,0,0,0,0,0,0,0,0,0,0,0,0,0,0,0,0,0,0.225,0,0,0,0,0,0,0,0.165,0,0,0,0,0,0.319,0,0,0,0,0,0,0.193,0,0,0,0,0,0,0,0.27,0.386,0,0.284,0,0,0,0,0,0,0.156,0,0,0,0,0,0,0,0,0,0,0,0,0,0,0,0,0,0,0,0,0,0,0,0,0,0,0,0,0,0,0,0,0,0,0,0,0,0,0,0.366,0,0,0,0,0,0,0,0,0,0,0,0,0,0,0,0,0,0,0,0,0,0.234,0,0,0,0,0,0.276,0,0,0,0,0,0,0,0,0,0,0,0,0,0,0,0,0,0,0.19,0,0,0,0,0,0,0,0,0,0,0,0,0,0,0,0,0,0,0,0,0,0,0,0,0,0,0,0,0,0,0,0,0,0,0,0,0,0,0,0,0,0,0,0,0,0,0,0,0.162,0,0,0,0,0,0,0,0.23,0,0,0,0,0,0,0,0,0,0,0,0,0,0,0,0,0,0,0,0,0.333,0,0.239,0,0,0,0,0,0,0,0,0,0,0,0,0.366,0,0,0,0,0,0,0,0,0,0,0,0,0,0,0,0,0,0.614,0,0,0,0,0,0,0,0,0,0,0,0,0,0,0,0,0,0,0,0,0,0,0,0,0,0,0,0,0,0,0,0,0,0,0,0.156,0,0,0.171,0,0,0,0,0,0,0,0,0,0.16,0,0,0,0,0,0,0,0,0,0,0,0,0,0,0,0,0,0,0,0,0,0,0,0,0,0,0,0,0,0,0,0,0,0,0.152,0,0,0,0,0,0,0,0,0,0,0,0,0,0,0,0,0,0,0,0,0,0,0,0,0,0,0,0,0,0,0,0,0,0,0,0,0,0,0,0,0,0,0,0,0,0,0,0,0,0,0,0,0,0,0,0,0,0,0,0.353,0,0,0,0,0,0,0,0,0,0,0,0,0,0,0,0,0,0,0,0,0,0,0,0,0,0,0,0,0,0,0,0,0,0,0,0,0,0,0,0,0,0,0,0,0,0,0,0.158,0,0,0,0,0,0,0,0,0,0,0.351,0,0,0,0,0,0,0,0,0,0,0,0,0,0,0,0,0,0,0,0,0,0,0,0,0,0,0,0,0,0,0,0,0,0,0,0,0,0,0,0,0,0,0,0,0,0,0,0,0,0.309,0,0,0,0,0,0,0,0,0,0,0,0.197,0,0,0,0,0,0,0,0,0,0,0,0,0,0,0,0,0,0,0,0,0,0,0,0,0,0,0,0.193,0,0,0,0,0,0,0.277,0.3,0,0,0.242,0,0,0,0.581,0,0,0,0,0,0,0,0,0,0,0,0,0,0,0,0,0,0,0,0,0,0,0.178,0,0,0,0,0,0,0,0,0,0,0,0,0,0,0,0,0,0.22,0,0,0,0,0,0,0,0,0,0,0.173,0,0,0,0,0,0,0,0,0,0,0,0,0,0,0,0,0,0,0,0,0,0,0,0,0,0,0,0,0,0,0,0,0,0,0,0,0,0,0,0,0,0,0,0,0,0,0,0,0,0,0,0,0,0,0,0,0,0.172,0,0,0,0,0,0,0,0,0,0,0,0,0,0,0,0,0,0,0,0,0,0,0,0,0,0,0,0,0,0,0,0,0,0,0,0,0,0,0,0,0,0,0,0,0,0.177,0,0,0,0,0,0,0,0,0,0,0,0,0,0,0,0,0,0,0,0,0,0,0,0,0,0,0.703,0,0.245,0,0,0,0,0.246,0,0,0,0,0,0,0,0,0,0,0,0,0.152,0,0,0,0.2,0.183,0,0,0,0,0,0,0.765,0,0,0,0,0,0,0,0,0,0,0,0,0,0,0,0,0,0,0,0,0,0,0,0,0,0,0,0,0,0,0,0,0,0.449,0,0,0,0,0,0,0,0,0,0,0,0,0,0,0.183,0,0,0,0,0,0,0,0,0,0,0,0,0,0,0,0,0,0,0,0.162,0,0,0.15,0,0,0,0,0,0,0,0,0,0,0,0,0,0,0,0,0,0,0,0,0,0,0,0,0,0,0,0,0,0,0,0,0,0,0,0,0,0,0,0,0,0,0,0,0,0,0,0,0,0,0,0,0,0,0,0,0,0,0,0,0,0,0,0,0,0,0,0,0,0,0,0,0.192,0,0,0,0,0,0,0,0,0,0,0,0,0,0,0,0,0,0,0,0,0,0,0,0,0,0,0,0,0,0,0,0,0,0,0,0,0,0,0,0,0,0,0,0,0.246,0,0,0,0,0,0,0,0,0,0,0,0,0,0,0,0,0,0,0,0.939,0,0.339,0,0,0,0,0,0,0,0,0,0,0.15,0,0,0,0,0,0,0,0,0,0,0,0,0,0,0.505,0,0,0,0,0,0,0,0,0,0,0,0,0,0.187,0,0.246,0,0,0,0,0.252,0,0,0,0,0,0,0,0,0,0,0,0,0,0,0,0,0,0,0,0,0,0,0,0,0,0.194,0,0,0,0,0,0,0,0,0,0,0,0,0,0,0,0,0,0,0,0,0,0,0,0,0,0,0,0,0,0,0,0,0,0,0,0,0,0,0,0,0,0,0,0,0,0,0,0,0,0,0.284,0,0,0.303,0,0.159,0,0,0,0,0,0,0,0,0,0,0,0,0,0,0,0,0,0,0,0,0,0,0,0,0,0,0,0,0,0,0,0,0,0,0.429,0,0,0,0,0,0,0,0,0,0,0,0,0,0,0,0,0,0,0,0,0,0,0,0.187,0,0,0,0,0,0,0,0.426,0,0,0,0,0,0,0,0,0,0,0,0,0,0,0,0,0,0.829,0,0,0,0.36,0,0,0.169,0,0,0,0,0,0,0.44,0,0,0,0,0,0.19,0,0,0,0,0,0,0,0,0.205,0,0,0,0,0,0,0,0,0,0,0,0,0,0.152,0,0,0,0,0,0,0,0,0,0,0,0,0,0,0,0,0.273,0.234,0,0,0.275,0,0,0,0,0,0,0,0,0,0,0,0,0,0,0,0,0,0,0,0,0,0,0.344,0,0,0,0,0,0,0,0,0,0,0,0,0.936,0,0,0,0,0,0,0,0,0,0,0,0,0,0,0,0,0,0,0,0,0,0,0,0,0,0,0,0,0,0,0,0,0,0,0.229,0,0,0,0,0,0,0,0,0,0,0,0,0,0,0,0,0,0,0,0,0,0,0,0,0,0,0,0,0,0,0,0,0.182,0,0,0,0,0,0,0,0,0,0,0.429,0,0,0,0,0,0,0,0,0,0,0,0,0,0,0,0,0,0,0,0,0,0,0,0,0,0,0,0,0,0,0,0.408,0,0,0,0,0,0,0,0,0,0,0,0,0,0,0,0,0,0,0,0,0,0,0,0,0,0,0,0,0,0,0,0,0,0,0,0,0,0,0.151,0,0,0,0,0,0.278,0,0,0,0,0,0,0,0,0,0,0,0,0,0,0,0,0,0,0,0,0,0,0,0,0,0,0,0,0,0,0,0,0,0,0,0,0,0,0,0,0,0,0.383,0,0,0,0,0,0,0,0,0,0,0,0,0,0,0,0,0,0,0,0,0,0,0,0,0,0,0,0,0,0,0,0,0,0,0,0,0,0,0,0,0,0,0,0,0.189,0,0,0,0,0,0,0,0,0,0,0,0,0.404,0,0.576,0,0,0,0,0,0,0,0,0,0,0,0,0,0,0,0,0,0,0.624,0,0,0,0,0,0,0,0,0,0,0,0,0,0,0,0,0,0,0,0.327,0,0,0,0,0,0,0,0.943,0,0,0,0,0,0,0,0,0,0,0,0,0,0,0,0,0,0,0,0,0,0,0,0.239,0,0.709,0,0.237,0,0,0,0,0,0,0,0,0,0,0,0,0,0,0,0,0,0,0,0,0,0,0,0,0,0,0,0,0,0,0,0,0,0,0,0,0,0,0,0,0,0,0,0,0,0.421,0,0,0,0,0,0,0,0,0,0,0,0,0,0,0,0,0,0,0,0.197,0,0,0.22,0,0,0,0,0,0,0,0,0.208,0,0,0,0,0,0,0,0,0,0,0.979,0,0,0,0,0,0,0,0,0,0,0,0,0,0.372,0,0,0,0,0,0,0,0,0,0,0,0,0,0,0,0,0,0,0,0,0,0,0,0,0,0,0,0,0,0,0,0,0,0,0,0,0,0,0,0,0,0,0,0,0,0,0,0,0,0,0,0,0,0,0,0,0.226,0,0,0,0,0,0,0,0,0,0,0,0,0,0,0,0,0,0,0,0.197,0,0,0,0,0,0,0,0,0,0,0,0,0,0,0,0,0,0,0,0,0,0,0.396,0.193,0,0,0,0,0,0,0,0,0,0,0,0,0,0,0,0,0,0,0,0,0,0,0,0,0,0,0,0,0,0,0,0,0,0,0,0,0,0,0,0,0,0,0,0,0,0,0,0,0,0,0,0,0.984,0,0,0,0,0,0,0,0,0,0,0,0.913,0,0,0,0,0,0,0,0,0,0,0,0,0,0,0,0,0,0,0,0,0,0.887,0,0,0,0.212,0,0,0,0,0,0,0,0,0,0,0,0,0,0,0,0,0,0,0,0,0,0,0,0,0,0,0,0.904,0,0,0,0,0,0,0,0.739,0,0,0,0,0,0,0,0,0,0,0,0,0,0,0,0,0,0,0,0,0,0,0,0,0,0,0,0,0,0,0,0,0,0,0,0,0,0,0,0,0,0,0,0,0,0,0,0,0.893,0,0.8,0.594,0,0,0,0.158,0,0.269,0,0,0,0,0,0.63,0,0.831,0,0,0,0,0,0.912,0,0,0,0,0.644,0.631,0,0.698,0,0,0,0.914,0,0,0,0.987,0.805,0,0.438,0,0,0.616,0.996,0,0,0.893,0,0.859,0,0,0.892,0,0,0,0,0,0,0.847,0,0,0.648,0.934,0,0,0,0,0,0.216,0,0.903,0.538,0,0,0,0,0,0.945,0,0,0.317,0,0.258,0,0.344,0,0,0.224,0,0,0,0,0.262,0,0,0.979,0,0,0,0,0.825,0,0,0,0.965,0,0,0.903,0,0.919,0.826,0,0.576,0,0.28,0.226,0.375,0,0.716,0,0,0.167,0.169,0,0,0,0,0,0,0,0,0,0,0.448,0,0.686,0,0.574,0.656,0,0.779,0.422,0,0,0,0,0.686,0.97,0,0.376,0.681,0,0,0.19,0,0,0,0,0,0,0,0,0,0,0,0,0,0,0,0,0,0,0,0,0,0,0,0,0,0,0,0,0,0,0,0,0,0,0,0,0,0,0,0,0,0,0,0,0,0,0,0,0,0,0,0,0,0,0,0,0,0,0,0,0,0,0,0,0,0,0,0,0,0,0,0,0,0,0,0,0,0,0,0,0,0,0,0,0,0,0,0,0,0,0,0,0,0.21,0.336,0,0,0,0,0,0,0,0,0,0,0,0,0,0,0,0,0,0,0,0,0,0,0,0,0,0,0,0,0,0,0,0,0,0,0,0.183,0,0,0,0,0,0,0,0.36,0,0,0,0,0,0,0,0,0,0,0,0,0.444,0,0,0,0,0,0,0,0,0,0,0,0,0,0,0,0,0,0,0,0,0,0,0,0,0,0,0,0,0,0,0,0,0,0,0,0,0,0,0,0,0,0,0,0,0,0,0,0,0,0,0,0,0,0,0,0,0,0,0,0,0,0,0,0,0,0,0,0,0,0,0,0,0,0,0,0,0,0,0,0,0,0,0,0,0,0,0,0,0,0,0,0,0,0,0,0,0,0,0,0,0,0,0,0,0.162,0,0,0,0,0,0,0,0,0,0,0,0,0,0,0,0,0,0,0,0.429,0,0,0,0,0,0,0,0,0,0,0,0,0,0,0,0,0,0,0,0,0,0,0,0,0,0,0,0,0,0,0,0,0,0,0,0,0,0,0,0,0,0,0,0,0,0,0,0,0,0,0,0,0,0,0.183,0,0,0,0,0,0,0,0,0,0,0,0,0,0,0,0,0,0,0,0,0,0,0,0,0,0,0,0,0,0,0,0,0,0,0,0,0,0,0,0,0,0,0,0,0,0,0,0,0,0,0,0,0,0,0,0,0,0,0,0,0,0,0,0,0,0,0,0,0,0,0,0,0,0,0,0,0,0,0.572,0,0,0,0,0,0,0,0,0,0,0,0,0,0,0,0,0,0,0,0,0,0,0,0,0,0,0,0,0,0,0,0,0,0,0,0,0,0,0,0,0,0.554,0,0,0.312,0,0,0,0,0,0,0,0,0,0,0,0,0,0,0,0,0,0,0,0,0,0,0,0,0,0,0,0,0,0,0,0,0,0,0,0,0,0,0,0,0,0,0,0,0,0,0,0,0,0.193,0,0,0,0,0,0,0,0,0,0,0,0,0,0,0,0,0,0,0,0,0,0,0,0,0,0,0,0,0,0,0,0,0,0,0,0,0,0,0,0,0,0,0,0,0,0,0,0,0,0,0,0,0,0,0,0,0,0,0,0,0,0,0,0,0,0,0,0.161,0,0,0,0,0,0,0.207,0,0,0,0,0,0,0,0,0,0,0,0,0,0,0,0,0,0,0,0,0,0,0,0,0,0,0,0,0,0,0,0,0,0,0,0,0,0,0,0,0,0,0,0,0,0,0,0,0,0,0,0,0,0,0,0,0,0,0,0,0,0,0,0,0.219,0,0,0,0,0,0,0,0,0,0,0,0,0,0,0,0,0,0,0,0,0,0,0,0,0,0,0,0,0,0,0,0,0,0,0,0,0,0,0,0,0,0,0,0,0,0,0,0,0,0,0,0,0.317,0,0,0,0.165,0,0,0,0,0,0,0,0,0,0,0,0,0,0,0,0,0,0,0,0.173,0,0,0,0,0,0,0,0,0,0,0,0,0,0,0,0,0,0,0,0,0,0,0,0,0,0,0,0,0,0,0,0,0,0,0,0,0,0,0,0,0,0,0,0,0,0,0,0,0,0,0,0,0,0,0,0,0,0,0,0,0,0,0,0,0,0,0,0,0,0,0,0,0,0,0,0,0,0,0,0,0,0,0,0,0,0,0,0,0,0,0,0,0,0,0,0,0,0,0,0,0,0,0,0,0,0,0,0,0,0,0,0,0,0,0,0,0,0,0,0,0,0,0,0,0,0,0,0,0,0,0,0,0,0,0,0,0,0.15,0,0,0,0,0,0,0,0,0,0,0,0,0,0,0,0,0,0,0,0,0,0,0,0.363,0,0,0,0,0,0,0,0,0,0,0,0,0,0,0,0,0,0,0,0,0,0,0,0,0.298,0,0,0,0,0,0,0,0,0,0,0,0.447,0,0,0,0,0,0,0,0,0,0,0,0,0,0,0,0,0,0,0,0,0,0,0,0,0,0,0,0,0,0,0,0,0,0,0,0,0,0,0,0,0,0,0,0,0,0,0,0,0,0,0,0,0,0,0,0,0,0,0,0,0,0,0,0,0,0,0,0,0,0,0,0,0,0,0,0,0,0,0,0,0,0,0,0,0,0,0,0,0,0,0,0,0,0,0,0,0,0,0,0,0,0,0,0,0,0,0.201,0,0,0,0,0,0,0,0,0,0,0,0,0,0,0,0,0,0,0,0,0,0,0,0,0,0,0,0,0,0,0,0,0,0,0,0,0.265,0,0,0,0,0,0,0,0,0,0,0,0,0,0,0,0,0,0,0,0,0,0,0,0,0,0,0,0,0,0,0,0,0,0,0,0,0,0,0,0,0,0,0,0,0,0,0,0,0,0,0,0,0,0,0,0,0,0,0,0,0,0,0,0,0,0,0,0,0,0,0,0,0,0,0,0,0,0,0,0,0,0,0,0,0,0,0,0,0,0,0,0,0,0,0,0,0,0,0,0,0,0,0,0,0,0,0,0,0,0,0,0,0,0,0,0,0,0,0,0,0,0,0,0.151,0,0,0,0,0,0,0,0,0,0,0,0,0.153,0,0,0.808,0,0,0,0,0,0,0,0,0,0,0,0,0,0,0.351,0,0,0,0,0,0,0,0,0,0,0,0,0,0,0,0,0,0,0,0,0,0,0,0,0,0.381,0,0,0,0,0,0,0,0,0,0.163,0,0,0,0,0,0,0,0,0,0,0,0,0,0,0,0,0,0.242,0,0,0,0,0,0,0,0,0,0,0,0,0,0.309,0,0.207,0,0,0,0,0,0,0,0.156,0,0,0,0,0,0.347,0,0,0,0,0,0,0,0,0,0,0,0,0,0,0,0,0,0,0,0,0,0,0,0,0,0,0,0,0,0,0,0,0,0.385,0,0,0,0,0,0,0,0,0,0,0,0,0,0,0,0,0,0,0,0,0,0,0,0,0.179,0,0,0,0,0,0,0,0,0,0,0,0,0,0,0,0,0,0,0,0,0,0,0,0,0,0,0,0,0,0,0,0,0,0,0,0,0,0,0,0,0.183,0,0,0,0,0,0,0,0,0,0,0,0,0,0,0,0,0,0,0.15,0,0,0,0,0,0.317,0,0,0,0,0,0,0,0,0,0,0,0,0,0,0,0,0,0.448,0,0,0,0,0.229,0,0,0,0.183,0,0,0,0,0,0,0,0,0,0,0,0,0,0,0,0,0,0,0,0,0,0,0,0,0,0,0,0,0,0,0,0,0,0,0,0,0,0,0,0,0,0,0,0,0,0,0,0,0,0,0,0,0,0,0,0,0,0,0,0,0,0,0,0,0,0,0,0,0,0,0,0,0,0,0,0,0,0,0,0,0,0.232,0.213,0,0,0,0,0,0,0,0,0,0,0,0,0,0,0,0,0,0,0,0,0,0,0,0,0,0,0,0,0,0.276,0,0,0,0,0,0,0,0,0,0,0,0,0,0,0,0,0,0,0,0,0,0,0,0,0,0,0,0,0,0,0,0,0,0,0,0,0,0,0,0,0,0,0,0,0,0,0,0,0,0,0,0,0,0,0,0,0,0,0,0.632,0,0,0,0,0.153,0,0,0,0,0,0,0,0,0.515,0,0,0,0,0,0,0,0,0,0,0,0,0,0,0,0,0,0,0,0,0,0,0,0,0,0,0,0,0,0,0,0,0,0,0,0,0,0,0.745,0,0,0,0,0,0,0,0,0,0,0,0,0,0,0,0,0,0,0,0,0,0,0,0,0,0
855346,0.155,0,0,0,0,0,0,0,0,0,0,0,0,0,0,0.172,0,0,0.322,0,0,0,0,0,0,0.251,0.207,0,0,0.19,0,0,0,0,0,0,0,0,0,0,0,0,0,0,0,0,0,0,0,0,0,0,0,0,0,0.54,0.188,0,0.249,0,0,0,0,0.155,0,0,0,0,0,0,0.468,0,0,0,0,0,0,0,0,0,0,0,0,0,0,0,0,0.29,0,0,0,0,0.57,0,0,0,0,0,0,0,0,0,0.322,0,0,0,0,0,0,0,0,0,0,0,0,0,0,0,0,0,0,0,0.177,0,0,0,0,0,0,0,0,0,0,0,0,0,0,0,0.231,0,0,0,0.164,0,0,0.261,0,0,0,0,0,0,0,0,0,0,0,0,0,0.202,0,0,0,0,0,0,0,0,0,0.172,0,0.205,0,0,0,0,0,0.217,0.19,0,0,0,0.572,0,0,0.219,0.315,0,0,0.368,0.175,0,0.471,0,0.276,0.24,0,0,0,0,0,0,0.733,0,0,0.999,0,0.177,0,0.153,0,0,0.382,0.161,0,0.659,0.534,0,0,0,0,0.425,0.158,0.214,0,0,0,0,0.175,0,0.966,0.431,0,0.354,0.862,0,0.459,0,0,0,0,0.316,0,0.28,0.238,0,0,0,0,0,0,0,0,0,0.191,0,0,0,0,0,0.193,0.555,0.561,0,0,0.173,0,0,0.708,0.194,0,0.209,0,0,0,0.238,0,0.952,0,0,0,0,0.353,0.2,0,0.419,0,0,0,0,0.152,0,0,0,0,0.155,0,0,0,0.26,0,0,0,0,0.202,0,0,0,0,0,0,0,0.38,0,0.238,0.57,0,0,0,0,0,0,0.989,0.176,0.363,0,0,0.177,0.855,0,0,0,0,0,0.213,0,0,0,0,0,0,0,0,0.589,0,0.21,0,0.225,0.327,0,0.627,0,0,0.278,0,0.504,0,0,0,0.481,0,0.167,0,0.179,0,0,0,0.965,0.274,0,0.73,0,0,0,0,0,0,0,0,0,0,0,0,0.174,0,0.181,0.219,0,0,0.35,0.378,0.358,0,0,0.997,0.29,0,0.38,0.216,0,0,0,0.393,0.19,0,0,0,0,0.253,0,0,0,0.2,0,0.349,0.461,0.263,0.191,0,0,0,0.163,0,0.594,0,0.244,0.187,0,0,0,0,0.427,0,0.307,0,0,0.184,0.283,0,0,0.165,0.194,0,0.259,0,0.522,0,0,0.74,0,0,0,0,0,0,0,0.217,0,0,0,0,0.939,0,0.972,0,0,0,0.494,0,0.511,0.186,0,0,0,0,0.461,0.28,0,0.236,0.161,0,0.153,0,0.848,0.509,0,0,0.219,0,0,0,0.191,0,0,0,0.231,0,0.163,0,0,0.782,0,0.207,0.326,0,0,0.394,0,0,0,0.616,0.369,0.996,0,0.996,0.217,0,0.229,0,0,0,0,0,0.211,0,0.866,0.204,0,0,0,0.195,0,0,0,0.534,0,0,0.435,0.205,0,0.228,0.289,0.236,0,0.47,0,0,0,0.286,0.485,0,0.98,0,0,0.155,0.237,0,0,0,0,0,0.152,0,0,0.198,0,0.757,0.611,0,0.257,0,0,0.237,0,0,0,0.967,0,0,0.226,0,0,0.211,0,0,0,0,0,0.15,0.175,0.241,0.241,0,0.176,0,0,0,0,0.152,0,0,0,0.163,0.21,0,0.156,0,0,0.976,0,0,0,0.499,0,0,0.204,0,0.386,0.555,0,0,0,0,0.152,0.212,0,0,0,0,0.504,0,0.989,0,0,0,0,0.748,0,0.537,0.714,0.219,0.167,0,0,0.357,0,0,0,0,0,0,0,0,0.194,0.382,0.311,0.537,0.171,0,0.166,0.307,0,0,0.2,0.99,0,0.177,0,0,0.239,0,0,0,0,0,0,0,0,0,0,0.289,0,0.714,0,0.198,0,0.289,0,0,0,0.586,0,0,0,0,0,0,0,0,0.177,0.461,0.227,0,0,0.192,0,0.952,0,0,0,0,0,0,0.786,0,0,0,0.267,0,0,0.176,0,0,0.521,0,0,0,0,0,0,0.781,0.189,0,0,0.226,0.181,0,0,0,0,0,0.724,0,0.432,0.153,0,0,0.278,0.211,0.165,0,0,0.161,0,0.311,0,0,0.497,0.166,0,0,0.236,0.237,0,0.307,0,0.401,0,0,0,0.155,0.304,0.313,0.477,0,0,0.282,0,0,0,0.17,0,0,0,0,0,0,0.537,0,0,0.194,0.203,0,0,0.165,0,0.229,0,0.222,0,0,0.824,0.657,0,0.155,0,0,0.195,0,0,0.635,0,0.461,0,0,0.281,0.77,0,0.397,0.952,0,0,0,0.198,0,0.289,0.387,0,0,0,0,0,0,0.205,0.156,0,0,0,0,0.497,0,0.302,0,0,0,0,0,0,0,0.43,0,0,0,0,0,0,0,0.999,0.181,0.277,0,0,0.228,0,0.574,0,0,0,0.359,0.965,0.17,0.21,0.292,0.427,0.314,0.309,0,0.153,0,0.312,0.165,0,0,0,0.178,0,0,0,0,0,0,0,0.922,0,0,0,0,0,0.611,0.188,0,0,0.332,0,0,0,0,0,0.22,0,0.586,0,0,0,0,0,0.163,0,0,0.876,0,0.251,0,0.168,0,0,0,0,0.165,0,0,0,0,0.383,0,0,0.307,0.311,0,0.255,0,0,0,0.315,0.991,0.308,0,0,0,0,0,0,0.191,0.193,0,0.256,0,0.307,0,0.208,0,0,0,0.2,0.208,0.203,0,0,0,0,0,0,0,0,0,0,0,0,0,0,0,0,0,0,0,0,0,0,0,0,0,0,0,0,0,0,0,0,0,0,0,0,0,0,0,0,0,0,0,0,0,0,0,0,0.567,0,0.231,0.304,0,0,0,0,0,0,0,0,0,0,0.287,0,0,0,0,0,0,0,0,0,0,0,0,0,0,0,0.454,0,0,0,0,0,0,0,0,0,0,0,0,0,0,0,0.179,0,0,0,0,0,0,0,0,0,0,0,0,0,0,0,0,0.191,0.254,0,0,0,0,0,0,0,0,0,0,0,0,0,0,0,0,0,0,0,0,0.246,0,0,0,0,0,0,0,0,0.173,0,0,0,0,0,0,0,0,0,0,0,0,0,0,0,0,0,0,0,0,0,0,0,0,0,0,0,0,0,0,0,0.15,0,0,0,0.43,0,0,0,0,0,0,0,0,0,0.688,0,0,0,0.161,0,0,0,0,0,0,0,0.235,0,0,0,0,0,0,0,0,0,0,0,0,0,0,0,0,0,0,0,0,0,0,0,0,0,0,0,0.322,0,0.244,0.361,0,0,0.21,0,0,0,0,0,0,0,0,0,0,0,0,0,0,0.24,0,0,0.242,0,0,0.261,0,0,0,0,0,0,0,0,0.181,0,0,0,0,0,0,0,0,0,0,0,0,0,0,0,0,0,0,0,0,0,0,0,0,0,0,0,0,0,0,0,0.179,0,0,0,0,0,0,0,0,0,0,0,0,0,0,0,0,0.28,0,0,0,0,0,0,0,0.394,0,0,0,0,0,0,0,0,0,0,0.169,0,0,0.156,0,0,0,0,0,0,0,0,0,0,0,0,0,0,0,0,0,0,0,0,0,0,0.207,0,0,0,0.171,0,0,0,0,0,0,0,0.446,0,0,0,0,0,0,0,0,0.283,0.196,0,0,0,0.363,0.254,0.156,0,0.407,0,0,0,0,0,0,0,0,0,0,0,0,0,0.209,0,0,0,0,0,0,0,0,0,0,0,0,0,0,0,0,0,0.192,0,0,0,0,0,0,0,0,0,0,0,0,0,0,0,0,0,0,0,0,0,0,0,0,0,0,0,0,0,0,0,0,0,0,0,0,0,0,0,0,0,0,0,0,0,0,0,0,0,0,0,0,0,0,0,0,0,0.161,0,0,0,0,0.24,0,0,0,0,0,0,0,0,0.181,0,0,0,0,0.238,0,0,0,0,0.981,0,0,0,0,0,0,0.227,0,0,0,0,0,0,0,0,0,0,0,0,0,0,0,0,0,0,0,0,0,0.217,0,0,0,0.162,0,0.555,0,0,0,0,0,0,0,0,0,0,0,0,0,0,0,0,0,0,0,0,0.537,0.21,0,0,0,0,0,0,0,0,0,0,0,0,0,0,0,0,0,0,0,0.249,0,0,0,0,0,0.171,0,0,0,0,0,0,0,0,0,0,0,0,0.276,0,0,0,0,0,0.166,0,0,0,0,0,0,0,0,0,0,0,0,0,0,0,0,0,0,0,0,0,0.159,0,0,0,0,0,0,0,0.202,0,0,0,0,0,0,0,0,0,0,0,0,0,0,0,0,0,0,0,0,0,0,0,0,0.173,0,0,0,0.16,0,0.208,0,0,0,0,0.153,0,0,0,0,0,0,0.209,0,0.161,0.171,0,0,0.201,0,0,0.208,0,0,0,0,0,0.174,0,0,0,0,0,0,0,0,0,0,0.398,0.173,0,0,0.201,0,0,0,0,0,0.168,0,0,0,0,0,0,0,0,0.262,0,0,0,0.215,0.175,0,0,0.156,0,0,0,0,0,0,0,0,0.234,0,0,0,0,0.251,0,0,0,0,0,0,0,0,0,0,0,0,0,0,0.242,0,0,0.156,0,0,0.238,0,0,0.311,0,0,0,0,0,0,0,0,0.226,0.312,0,0,0,0.269,0,0,0,0,0,0,0,0,0.161,0,0,0.289,0,0.187,0,0.162,0,0,0,0,0,0,0,0,0,0.242,0,0,0,0,0,0,0.172,0.254,0,0,0.202,0,0,0,0,0,0,0.216,0,0,0,0,0,0,0,0,0.186,0,0,0,0,0,0.517,0.173,0,0.22,0,0.155,0,0.272,0.191,0.257,0,0.165,0,0,0,0.15,0,0,0,0,0,0.306,0,0.189,0,0,0,0.169,0,0,0,0,0,0,0.244,0.868,0,0,0,0.342,0.191,0,0.234,0,0.165,0,0,0,0,0,0,0,0,0,0,0,0.173,0,0.238,0,0,0,0.218,0,0,0,0,0,0,0,0,0,0.223,0,0.234,0.349,0.446,0,0,0,0.347,0.151,0,0,0,0,0,0,0,0.298,0.338,0,0,0,0,0,0,0,0.188,0.158,0,0,0,0,0,0,0,0.604,0,0.349,0,0,0,0.151,0,0.154,0,0,0,0.173,0.232,0,0,0,0.204,0,0,0,0.307,0,0,0,0.267,0,0,0,0.553,0,0.191,0,0,0,0,0,0,0,0,0,0,0.194,0.738,0,0,0,0,0.195,0,0,0.181,0,0,0,0.179,0,0.293,0.223,0,0,0,0,0.155,0,0,0,0,0,0,0,0,0,0.287,0.738,0,0,0,0,0,0,0,0,0,0.258,0,0,0,0,0,0,0.371,0.171,0,0.508,0.276,0.239,0,0,0,0,0.15,0,0,0,0,0.257,0,0,0,0,0,0,0,0,0,0,0,0,0,0,0,0,0,0.457,0,0.583,0,0,0,0,0,0,0,0,0,0,0.575,0.851,0,0,0.239,0.332,0,0,0.552,0.151,0,0.296,0,0.577,0.537,0,0,0,0,0,0,0,0,0,0,0,0,0.191,0,0,0,0,0,0,0,0,0,0,0,0,0,0,0,0,0,0,0,0,0,0,0,0,0,0,0,0,0,0,0,0.171,0,0,0,0,0,0,0,0,0,0,0,0,0,0,0,0,0,0.155,0,0,0,0,0,0,0,0,0,0,0,0.231,0,0,0,0,0,0.182,0,0,0,0,0,0,0,0,0,0,0,0,0,0,0,0.883,0,0,0,0.155,0,0,0,0,0,0,0,0,0,0,0,0,0,0,0,0,0.536,0,0,0,0,0,0,0,0,0,0,0,0,0,0,0,0.169,0,0,0,0,0,0,0,0,0.311,0,0,0,0,0,0,0,0,0,0,0,0,0,0,0,0,0,0,0,0,0,0,0,0,0,0,0,0,0,0,0.152,0,0,0,0.195,0,0,0.177,0.254,0,0.195,0.194,0,0,0,0,0.163,0,0,0,0,0,0.729,0,0,0,0,0.284,0.231,0.188,0,0,0,0,0,0.155,0.975,0,0,0,0,0,0,0,0,0,0.231,0,0,0,0,0.314,0.235,0,0,0,0,0.255,0.231,0,0.284,0,0,0,0,0.239,0,0,0.155,0.314,0,0,0,0,0.45,0.166,0.309,0,0,0,0.254,0,0,0,0,0,0.318,0,0,0,0,0,0,0.225,0.358,0.163,0,0,0,0.272,0,0,0,0.195,0.155,0.183,0.21,0,0,0,0.546,0,0,0,0,0.38,0,0,0,0,0,0,0,0,0,0,0,0,0,0,0,0,0,0,0,0,0,0,0,0,0,0,0,0,0,0,0,0,0,0,0,0,0,0.187,0,0,0,0,0,0,0,0,0,0.333,0,0,0,0,0,0,0,0,0,0,0.218,0,0.332,0,0,0,0,0,0,0,0,0,0,0,0,0,0,0,0,0,0,0,0,0,0,0,0.159,0,0,0,0,0,0,0,0,0,0,0,0,0,0,0,0,0.19,0,0,0,0,0,0,0,0,0.19,0.19,0,0,0,0,0,0,0,0,0,0,0,0,0,0,0,0.161,0,0,0,0,0,0,0,0,0,0,0,0,0,0,0,0.258,0,0,0,0,0,0,0,0,0,0,0,0,0,0,0,0,0,0,0,0,0,0,0,0,0,0,0,0,0,0,0,0,0,0,0,0,0,0,0.166,0,0,0,0,0,0,0,0,0,0,0,0,0,0,0,0,0,0,0,0,0,0,0,0,0,0,0,0,0,0,0,0,0,0,0,0,0,0,0,0,0,0,0,0,0,0,0,0,0,0,0,0,0,0,0,0,0,0.329,0,0,0,0,0,0,0,0,0,0,0,0,0,0,0,0,0,0,0,0,0,0,0,0.187,0,0,0,0,0,0,0,0,0,0,0,0,0,0,0,0,0,0,0,0,0,0,0,0,0,0.177,0,0,0,0,0,0,0,0,0,0,0,0,0,0,0,0,0,0,0,0,0,0,0,0,0,0,0,0,0,0.218,0,0,0,0,0,0.211,0,0,0,0,0,0,0,0,0,0,0,0,0,0,0,0,0,0,0,0,0,0,0,0.191,0,0,0,0,0,0,0,0,0,0,0.155,0,0,0,0,0,0,0,0,0.224,0,0,0,0,0,0,0,0,0,0.154,0,0,0,0.23,0.886,0,0,0,0.267,0.249,0,0,0,0,0.386,0,0,0,0,0,0,0.426,0,0,0,0,0,0,0,0,0,0,0,0,0.173,0,0,0,0,0,0.242,0,0,0,0,0.189,0,0,0,0,0,0,0.272,0,0.15,0,0,0,0,0,0,0,0.541,0,0,0,0,0,0,0,0,0,0.308,0,0,0,0,0,0,0.173,0,0,0,0,0,0,0,0,0,0,0,0,0,0,0,0.173,0,0,0,0,0,0,0,0,0,0,0,0,0,0,0,0,0,0,0,0,0,0,0,0,0,0,0,0,0,0,0,0,0,0,0.197,0,0.177,0.223,0,0,0.163,0,0,0,0,0,0,0,0,0,0.301,0,0,0,0.173,0,0,0,0,0,0,0,0,0.435,0,0,0,0,0,0,0,0,0,0,0,0,0,0,0,0,0,0.155,0,0,0,0,0,0,0,0,0,0,0,0,0.168,0,0.272,0.168,0,0,0,0,0,0,0,0,0,0,0,0,0.363,0,0,0,0,0,0,0,0.173,0,0,0,0,0,0,0,0,0,0.152,0.226,0,0,0,0,0,0,0,0.165,0,0.169,0,0,0,0,0,0,0,0,0,0.537,0,0,0,0,0,0,0,0,0,0,0,0,0,0,0,0,0,0,0,0,0,0,0,0,0,0.157,0,0.22,0,0,0,0,0,0,0,0,0,0,0,0,0,0,0,0,0.228,0,0,0,0,0,0,0,0,0,0,0,0,0,0,0,0,0,0.166,0,0,0,0,0.203,0,0,0,0,0,0.166,0,0,0,0,0.166,0,0,0,0,0,0,0.277,0,0,0,0,0,0,0.215,0.19,0,0,0.166,0,0,0,0.19,0,0.212,0,0,0,0,0,0,0,0,0,0,0,0.203,0,0.171,0,0,0,0,0,0,0.166,0,0.296,0.372,0,0,0.166,0,0,0,0.166,0.238,0,0,0,0,0,0,0,0.659,0,0.166,0.166,0,0,0,0,0,0,0,0.551,0,0,0,0.257,0,0,0,0,0,0.166,0,0,0,0,0,0,0,0,0,0,0,0,0,0,0,0,0,0,0,0,0,0,0,0,0,0,0,0,0,0,0,0,0,0,0,0,0,0,0,0,0,0,0,0,0,0,0,0.153,0,0,0,0,0,0,0,0,0,0,0,0,0,0,0,0,0,0,0,0,0,0,0,0.463,0,0,0.431,0,0,0,0,0,0,0,0,0,0,0,0,0,0,0,0,0,0,0,0,0,0,0,0,0,0,0,0.35,0,0,0,0,0,0,0,0,0,0,0,0,0,0,0,0,0,0,0.344,0,0.235,0,0,0,0,0,0,0.2,0,0,0,0,0,0,0,0,0,0,0,0,0,0,0.445,0,0,0,0,0,0,0,0.318,0,0,0,0,0,0,0,0,0.753,0,0,0,0.367,0,0,0,0,0,0,0,0,0,0,0,0,0,0,0,0,0,0,0,0,0,0,0,0.424,0,0,0,0,0,0.208,0,0,0,0,0,0,0,0,0.71,0,0,0,0,0,0,0,0,0,0,0,0.429,0,0,0,0,0,0,0,0,0,0.235,0,0.198,0,0,0.182,0,0,0,0.403,0,0,0,0,0,0,0,0,0,0,0.198,0,0,0,0,0,0,0,0,0,0,0,0,0,0,0,0,0,0,0,0,0,0,0,0,0,0,0,0,0,0,0.195,0,0,0,0,0,0,0,0,0,0,0,0,0,0,0.519,0,0.256,0,0,0,0,0,0,0,0,0,0,0,0.183,0,0,0,0,0,0,0,0,0,0,0,0,0,0,0,0,0,0,0,0,0,0,0,0,0,0,0,0,0,0,0,0,0,0,0,0,0,0,0,0,0,0,0,0,0,0,0,0,0,0,0,0,0,0,0,0,0,0,0,0.195,0,0,0,0,0,0,0,0,0,0,0,0,0.183,0,0,0,0,0,0,0,0,0,0,0.307,0,0,0,0,0,0,0,0,0,0,0,0,0,0,0,0,0,0,0,0,0,0,0,0,0,0.223,0.152,0,0.218,0,0,0,0,0,0,0,0,0,0,0,0,0,0,0,0,0,0,0,0.183,0,0,0,0,0,0,0,0,0,0,0,0,0,0,0,0,0.194,0,0,0,0,0,0,0,0,0,0,0,0,0,0,0,0,0,0,0,0,0,0,0,0,0.216,0,0,0,0,0,0,0,0,0,0,0,0,0,0,0,0,0,0,0,0,0,0,0,0,0,0,0,0,0,0,0,0,0.161,0,0.218,0,0,0,0,0,0.435,0,0,0.209,0,0,0.197,0,0,0,0,0,0,0,0,0,0,0.313,0,0,0,0,0,0,0,0.208,0,0,0,0,0,0,0,0,0,0,0,0,0,0,0,0.152,0,0,0,0,0,0,0,0,0,0,0.171,0,0,0,0,0,0,0,0,0,0,0,0,0,0,0,0,0,0,0.191,0,0.413,0,0,0,0,0,0,0,0,0,0,0.167,0,0,0,0,0,0,0,0,0,0,0,0.217,0,0,0,0,0,0,0,0,0,0,0,0,0,0,0,0,0,0,0.267,0,0.171,0,0,0,0.171,0,0,0,0,0.596,0,0,0,0,0,0,0,0,0,0,0,0,0,0,0,0,0,0,0,0,0,0,0,0,0,0,0,0,0,0,0,0,0,0,0,0,0,0,0,0,0,0,0,0,0,0,0,0,0,0,0,0,0,0,0,0,0,0,0,0,0.176,0,0,0,0,0,0,0,0,0,0,0,0,0,0,0,0,0,0,0,0,0,0,0,0,0,0,0,0,0,0,0,0,0,0,0,0,0,0,0,0,0,0,0,0,0,0,0,0,0,0,0,0,0,0,0,0,0,0,0,0,0,0,0,0,0,0,0,0,0,0,0,0,0,0,0,0,0,0,0,0,0,0,0,0,0,0,0,0,0,0,0,0,0,0,0,0,0,0,0,0,0,0,0,0,0,0,0,0,0,0,0,0,0,0,0,0,0,0,0,0,0,0,0,0,0,0,0,0,0,0,0,0,0,0,0,0,0,0,0,0,0,0,0,0,0,0,0,0,0,0,0,0,0,0,0,0,0,0,0,0,0,0,0,0,0,0,0,0,0,0.29,0,0,0,0,0,0,0,0,0,0,0,0,0,0,0,0,0,0,0,0,0,0,0,0,0,0,0,0,0,0,0,0,0,0,0,0,0,0,0,0,0,0,0,0,0,0,0,0,0,0,0,0,0,0,0,0,0,0,0,0,0,0,0,0,0,0,0,0,0,0,0,0,0,0,0,0,0,0,0,0,0.318,0,0,0,0,0,0,0,0.429,0,0,0,0,0,0,0,0,0,0,0,0,0,0,0,0,0,0,0,0,0,0,0,0,0,0,0,0,0,0,0,0,0,0,0,0,0,0,0,0,0,0,0,0,0,0,0,0,0,0,0,0,0,0,0,0,0,0,0,0,0,0,0.468,0,0,0,0,0,0,0,0,0,0,0,0.18,0,0,0,0,0,0,0,0,0,0,0,0,0,0,0,0,0,0,0,0,0,0,0,0,0,0,0,0,0,0,0,0,0,0,0,0,0,0,0,0,0,0,0.264,0,0,0,0,0,0,0,0,0,0,0,0,0,0,0,0.198,0,0,0,0,0,0,0,0,0,0,0,0,0,0,0,0,0,0,0,0,0,0,0,0,0
850685,0,0,0,0,0.878,0,0,0,0,0,0,0,0,0,0.314,0,0,0,0.177,0,0,0,0,0,0.238,0,0.152,0,0,0,0,0,0,0,0,0,0,0,0,0,0,0,0,0,0,0,0,0,0,0,0,0,0,0,0,0,0.2,0,0,0,0,0,0,0,0,0,0,0,0,0,0.494,0,0,0,0,0,0.157,0,0.229,0,0,0,0,0,0,0,0,0,0,0,0,0,0.627,0,0,0,0,0,0,0,0,0,0.486,0,0,0.203,0,0,0,0,0,0,0,0,0,0,0,0,0,0,0,0,0,0,0,0,0,0,0,0,0,0,0,0,0,0,0.258,0,0.151,0,0.225,0,0.218,0.187,0.2,0,0,0,0.203,0,0,0,0,0,0,0,0,0,0,0,0.176,0,0,0,0,0,0,0,0,0,0,0,0.245,0,0,0,0,0,0,0,0,0,0.179,0,0.882,0,0.3,0,0,0,0,0,0,0.229,0,0,0.154,0,0,0,0,0,0,0,0,0,0.274,0.217,0,0.2,0,0,0,0.16,0,0.723,0,0,0,0,0,0,0,0,0,0,0.153,0,0.65,0.173,0.204,0,0,0.366,0.307,0,0.362,0,0.812,0,0,0,0,0.2,0.199,0,0.173,0,0,0,0.324,0,0,0.229,0,0,0,0,0.261,0,0,0,0,0,0,0,0,0,0,0,0.241,0,0.178,0,0,0.22,0,0.169,0,0.812,0,0,0.213,0.244,0,0.602,0,0,0,0,0,0,0,0,0,0.457,0,0,0,0.343,0,0,0,0,0,0,0.442,0,0,0,0,0,0.352,0,0.22,0,0,0.972,0,0,0,0.194,0,0,0,0,0,0,0,0,0,0,0,0,0.615,0,0,0,0,0,0,0,0.216,0,0.381,0.234,0,0,0,0,0,0,0,0.62,0,0,0.418,0,0,0.455,0,0.275,0,0,0.236,0,0,0.169,0,0,0,0.185,0,0.176,0,0.275,0,0,0.54,0.744,0,0.26,0,0,0,0.287,0,0,0,0.296,0,0,0,0,0,0.152,0,0.167,0,0,0,0.861,0,0,0.348,0,0,0,0.163,0.173,0,0.999,0.251,0,0.249,0,0.188,0.268,0,0,0,0,0,0,0,0,0,0,0,0,0,0.335,0,0,0,0,0,0,0.463,0,0.171,0,0,0.16,0,0,0.183,0,0,0,0,0,0.214,0,0,0,0,0,0,0,0.309,0,0.648,0,0,0,0,0.194,0,0,0.159,0,0,0,0,0,0.255,0,0.887,0,0,0,0,0.191,0,0,0,0,0,0.389,0,0.416,0,0,0,0.195,0,0,0,0,0,0,0.565,0.303,0,0,0,0,0,0,0,0,0,0,0,0.236,0,0,0,0,0,0,0,0,0,0,0,0,0,0,0,0,0.364,0.276,0.193,0,0,0.204,0.702,0,0.566,0,0.388,0,0,0,0,0,0.28,0,0.187,0,0,0,0,0,0,0,0,0,0,0,0.17,0,0,0,0,0,0,0,0,0,0,0.367,0.595,0,0.169,0,0,0.499,0,0,0,0.262,0,0.214,0,0.203,0,0,0,0.208,0,0.2,0,0,0,0,0,0,0,0,0,0,0,0,0.214,0,0,0,0,0,0,0,0,0.158,0.18,0,0.307,0,0,0,0,0,0.354,0,0,0,0,0,0,0,0,0,0,0,0,0,0,0,0,0.31,0,0.978,0.441,0,0,0.22,0.346,0,0,0,0,0,0.387,0.337,0,0,0.307,0,0.503,0,0.296,0.187,0.431,0.982,0.697,0,0,0,0,0,0,0,0,0.39,0,0,0,0.27,0,0,0,0.39,0.222,0,0,0,0,0,0,0.798,0,0.936,0,0,0,0,0,0.688,0,0.707,0,0,0,0,0.169,0,0,0.723,0,0,0,0,0,0,0,0,0.344,0.255,0,0.278,0,0,0,0,0,0,0,0,0,0.199,0,0,0.2,0,0,0,0,0,0,0,0,0,0,0,0,0.193,0,0.171,0.274,0,0,0,0.31,0.171,0,0.181,0.293,0,0,0,0.194,0,0.345,0,0,0,0,0,0,0,0.226,0.187,0,0,0.193,0.215,0,0,0.2,0,0,0,0,0,0,0,0,0.291,0.449,0.247,0,0,0,0,0,0,0,0,0,0.225,0,0.154,0.641,0.997,0,0,0,0,0.171,0,0,0,0,0.921,0.191,0,0.356,0.169,0,0,0,0.285,0,0.15,0,0,0,0,0.309,0,0,0.662,0.959,0,0,0,0,0.181,0.197,0,0.165,0,0,0,0,0,0,0,0.875,0,0.229,0,0,0,0,0,0.157,0,0.181,0,0,0,0,0.373,0.691,0,0.153,0,0.889,0.85,0,0,0,0,0,0,0,0,0,0.232,0,0,0,0,0,0,0,0.531,0,0,0,0,0,0,0.275,0,0,0,0,0,0,0,0,0,0,0,0.306,0,0.202,0,0,0,0,0,0,0,0,0.551,0,0.15,0,0.2,0,0,0,0,0,0,0.241,0,0.309,0.434,0.215,0,0.43,0,0,0,0.156,0.166,0,0.338,0,0.261,0,0,0,0,0,0,0,0,0,0,0,0,0,0,0,0.238,0,0.406,0.199,0,0.227,0.291,0,0,0.248,0,0.413,0.24,0,0,0,0,0,0,0,0,0,0,0,0,0,0,0,0,0,0,0,0,0,0,0,0,0,0,0,0,0,0.194,0,0,0,0,0,0,0,0,0,0.168,0,0,0,0.183,0,0,0,0,0,0,0,0,0,0,0,0.201,0,0,0,0,0,0,0.278,0.212,0,0,0,0.483,0,0,0,0,0,0,0,0,0,0,0,0.296,0,0,0,0,0,0,0.226,0,0,0.311,0,0,0,0,0,0,0,0,0,0,0,0,0,0.216,0.386,0,0,0,0,0,0,0,0,0,0,0,0,0.179,0,0,0,0,0,0,0,0.334,0,0,0,0,0,0,0,0,0,0,0,0,0,0,0,0,0,0,0,0,0.552,0,0.397,0,0.445,0,0,0,0,0,0,0,0,0,0,0,0,0,0,0,0,0,0,0,0,0,0,0,0,0,0,0,0,0,0.577,0,0,0,0,0,0,0,0,0,0,0,0,0,0,0,0,0,0,0,0,0,0,0,0,0,0,0,0,0,0,0,0,0,0,0,0,0,0,0,0.407,0,0,0,0,0,0.407,0,0,0,0,0,0,0,0,0,0,0,0,0,0,0,0,0,0.163,0,0,0.894,0,0,0,0,0,0.199,0,0,0,0,0,0,0,0,0,0,0,0,0,0,0,0,0,0,0,0,0,0,0,0,0,0,0,0,0,0,0,0,0,0,0,0,0.552,0,0,0,0,0,0,0,0,0,0,0,0.481,0,0,0,0,0.29,0,0,0,0,0,0,0,0,0.157,0,0,0,0,0,0,0,0,0,0,0,0,0,0,0,0,0,0,0,0,0.57,0,0.152,0,0,0,0,0,0,0,0,0,0,0.17,0,0,0,0,0,0,0,0,0,0,0,0,0,0,0,0,0,0,0,0,0,0,0,0,0,0.289,0.46,0,0,0,0,0,0,0,0,0,0,0,0,0,0,0,0,0.429,0,0,0,0,0,0,0,0,0,0.354,0,0,0,0,0,0,0,0,0,0,0,0,0,0,0,0,0,0,0,0,0,0,0,0,0,0,0,0,0,0.562,0,0.203,0,0,0,0,0,0,0,0.238,0,0,0,0,0,0,0,0,0,0,0,0,0,0,0,0,0,0,0,0.634,0,0,0,0,0,0,0,0,0,0,0,0.233,0,0,0,0,0.194,0,0,0.173,0,0,0,0,0.989,0.187,0,0,0,0,0.173,0,0,0,0,0,0,0,0,0,0,0,0,0.287,0,0,0,0,0,0,0,0,0,0,0,0,0,0,0,0,0,0,0.231,0,0,0,0,0,0,0,0,0,0,0,0,0,0,0,0,0,0,0,0,0,0,0,0.588,0,0,0,0,0,0,0,0,0,0.224,0.598,0,0,0,0,0,0,0,0,0.75,0,0,0,0,0,0,0,0,0,0,0,0,0.368,0,0,0,0,0,0.243,0,0,0,0,0,0,0,0,0,0,0,0,0,0,0,0,0,0,0,0,0,0,0,0,0,0,0,0,0,0,0,0,0,0,0,0,0,0,0,0,0,0,0,0,0,0,0,0,0,0,0,0,0,0,0,0,0,0,0,0,0,0,0,0,0,0,0,0,0,0,0,0,0,0,0,0,0,0,0,0,0,0,0,0,0,0,0,0,0,0,0,0,0,0,0,0,0,0,0,0,0,0,0,0,0,0,0,0,0,0.981,0,0,0,0,0,0,0,0,0,0,0,0,0,0,0,0,0,0.25,0.725,0,0,0,0,0,0.164,0,0,0,0,0,0,0,0,0,0,0,0,0.39,0,0.718,0,0,0,0,0,0,0,0.969,0,0,0.165,0,0,0,0,0,0.199,0.193,0.171,0,0,0,0,0,0,0.25,0,0,0,0.298,0,0,0,0,0,0,0,0,0,0.667,0.639,0,0,0,0,0.342,0,0,0,0,0,0.978,0,0,0,0,0,0,0,0.514,0,0,0,0,0,0,0,0,0,0,0,0,0,0,0,0,0,0,0,0,0,0,0,0,0,0,0,0,0,0,0,0.191,0,0,0,0.178,0,0,0,0,0,0,0,0,0,0,0,0,0,0,0,0,0,0,0,0.241,0,0,0,0,0,0,0,0,0,0,0,0.181,0,0,0,0,0,0,0,0,0,0,0,0,0,0,0,0,0,0,0,0,0,0,0,0,0.169,0.999,0,0,0.169,0.996,0,0,0,0,0.307,0,0,0,0.6,0.483,0.401,0.334,0,0,0,0,0,0,0,0.76,0,0,0,0.306,0.921,0,0.297,0,0.816,0,0,0.279,0.205,0,0,0,0,0,0,0,0,0,0.263,0.491,0,0,0.163,0,0,0,0.203,0,0,0.206,0.6,0,0,0,0,0,0,0,0.154,0,0,0,0,0.213,0,0,0,0,0.653,0,0,0.852,0,0.186,0.262,0,0,0,0,0,0,0,0,0,0,0,0.719,0,0.52,0,0,0.263,0,0.206,0,0,0,0.999,0,0,0,0,0.15,0.415,0,0,0,0,0.45,0,0,0,0,0,0,0,0,0,0,0.334,0,0,0.387,0,0,0,0,0,0.887,0,0,0.514,0,0,0,0.175,0,0,0,0,0.601,0,0,0,0,0.259,0,0,0,0,0,0,0,0,0,0.642,0,0,0,0.416,0.263,0.633,0,0.988,0,0,0,0,0,0,0,0,0,0,0.34,0.357,0,0,0,0,0,0,0.366,0.157,0,0,0,0.497,0.237,0.325,0,0,0,0.341,0,0.606,0,0,0,0,0,0,0,0,0,0,0,0,0,0,0,0,0,0,0,0,0,0.23,0,0,0,0,0.726,0,0,0,0,0,0.273,0,0,0,0,0,0,0,0,0,0.301,0,0,0,0,0,0.256,0,0,0,0,0,0,0.334,0,0,0,0,0,0,0,0,0,0,0,0,0,0.25,0,0,0,0,0,0,0,0,0,0,0,0,0,0,0,0,0,0,0,0,0,0,0,0,0,0,0,0.566,0,0,0,0,0,0,0,0,0,0,0,0,0,0,0,0,0,0,0,0,0,0,0,0.2,0,0,0,0,0.29,0,0,0,0,0,0,0.218,0,0,0.15,0,0,0,0,0,0,0.153,0,0,0,0,0,0,0,0,0,0,0,0,0,0,0,0,0,0.321,0,0,0.259,0,0.246,0,0.246,0,0,0,0,0.63,0.827,0,0,0,0,0,0.867,0,0,0,0,0,0.7,0,0,0,0.278,0,0,0,0,0,0.211,0,0.844,0.216,0.501,0.343,0.479,0,0.297,0,0,0,0,0.584,0,0,0,0,0.194,0,0,0,0.359,0,0,0,0,0,0,0,0,0.194,0.303,0,0,0.243,0,0,0.464,0,0,0.194,0,0,0,0,0,0.246,0,0.194,0.227,0,0,0,0.291,0.309,0.351,0,0.194,0,0,0,0,0,0,0,0,0,0.335,0.433,0.673,0,0,0.162,0.692,0.227,0,0.65,0.164,0,0,0,0,0,0.194,0,0,0.518,0,0,0,0,0,0.196,0,0,0,0,0,0,0.169,0,0,0,0,0,0,0,0,0,0,0,0,0,0,0,0,0.168,0,0,0,0,0,0.173,0,0,0,0,0,0,0,0,0,0,0,0,0,0,0,0,0,0,0,0,0,0,0,0,0,0,0,0,0,0,0.215,0,0,0,0,0.241,0,0.217,0,0,0,0,0,0,0,0,0,0.307,0.241,0,0.227,0,0,0,0,0,0,0,0,0,0,0,0,0,0,0,0,0,0,0,0,0,0,0,0,0,0,0,0,0,0,0,0,0,0,0,0,0.155,0,0,0,0,0,0,0,0,0,0,0,0,0,0,0,0,0,0,0,0,0,0,0,0,0.22,0,0,0.176,0,0,0,0,0,0,0,0,0,0,0,0,0,0,0,0,0,0,0,0,0,0,0,0,0,0,0,0,0.18,0,0,0,0,0,0,0,0,0,0,0,0,0,0,0,0,0,0,0,0,0,0,0.648,0,0,0,0,0,0,0,0,0,0,0,0,0,0,0,0,0,0,0,0,0,0,0,0,0,0,0,0,0,0,0,0,0,0,0,0,0,0,0,0,0,0,0,0,0,0,0,0,0,0,0,0,0,0,0,0,0,0,0,0,0,0,0,0.357,0,0,0,0,0,0,0,0,0,0,0,0,0,0,0,0,0,0,0,0,0,0,0,0,0,0,0,0,0,0,0,0,0,0,0,0,0,0,0,0,0,0,0,0,0,0,0,0,0,0,0,0,0,0,0,0,0,0,0,0,0,0,0,0,0,0,0,0,0,0,0,0,0,0,0,0,0,0,0.152,0,0,0,0,0,0,0,0,0,0,0,0,0,0,0,0,0,0,0.207,0,0.374,0,0,0,0,0,0,0,0,0,0.311,0,0,0,0,0,0,0,0,0.929,0,0.247,0,0.165,0,0,0,0,0,0,0.201,0,0,0.263,0,0,0,0,0,0.429,0.409,0,0,0,0,0,0,0,0,0,0,0,0.196,0,0.285,0,0,0,0,0,0,0,0,0,0,0,0,0,0,0,0,0.305,0,0,0.33,0,0,0,0,0,0.215,0,0,0,0,0,0.305,0,0,0,0,0,0,0,0,0,0,0,0,0.163,0,0.153,0,0,0,0,0,0,0,0,0,0,0,0.224,0,0.361,0,0,0.239,0,0,0,0,0.154,0,0,0,0.245,0,0.224,0,0,0,0,0,0,0,0,0,0.215,0,0,0,0.159,0,0,0,0,0,0,0,0,0,0,0,0.227,0,0,0.196,0,0.462,0,0,0,0,0,0.245,0.311,0,0,0.163,0,0,0,0,0,0,0,0.163,0.306,0.403,0,0,0.352,0,0,0,0,0,0,0,0,0,0,0,0,0,0,0,0,0,0,0,0,0,0.311,0,0,0,0,0.311,0,0,0.212,0,0,0,0,0.289,0,0,0,0,0,0.311,0,0,0,0,0,0,0,0,0,0,0,0,0,0,0,0,0,0,0,0,0,0,0,0,0,0,0,0,0,0,0,0,0.156,0,0,0,0,0,0,0,0,0,0,0.29,0,0,0,0,0,0,0,0,0,0,0,0,0,0,0,0,0,0,0,0,0,0,0,0,0,0,0,0,0.152,0,0,0,0,0,0,0,0.155,0,0,0,0,0,0.396,0,0,0,0,0,0,0,0,0.397,0,0,0.999,0,0.247,0.627,0,0.998,0,0,0.162,0.708,0.999,0.982,0,0.178,0,0,0,0,0,0,0.555,0.156,0.173,0,0,0,0.999,0,0.537,0.608,0.975,0,0,0,0,0.998,0,0,0,0,0.878,0,0.24,0.255,0.878,0.488,0.2,0,0,0.247,0,0,0.309,0.277,0,0,0,0,0,0,0.356,0.875,0,0,0,0.338,0.197,0.306,0,0.259,0.28,0,0,0.778,0,0,0,0,0.376,0,0,0,0.999,0.255,0,0,0,0,0.617,0,0,0,0.653,0.236,0,0,0.468,0.991,0.169,0,0,0,0.166,0,0,0,0,0,0,0,0,0.15,0,0,0,0,0,0,0,0,0,0,0,0,0,0,0,0,0,0,0,0,0,0,0.166,0,0,0,0,0,0,0,0,0,0,0,0,0.237,0.361,0,0,0,0,0,0,0,0,0,0,0,0,0.985,0.195,0.973,0,0,0.203,0,0,0,0,0.297,0,0.525,0.159,0,0,0.424,0,0,0,0.251,0,0,0.318,0,0,0,0,0,0,0,0,0,0,0,0,0.709,0,0,0.775,0,0,0,0,0,0,0,0,0,0,0,0,0,0,0,0,0,0,0,0,0,0.436,0.204,0,0,0,0.519,0.166,0,0.815,0.25,0,0,0,0.695,0,0,0,0,0,0.397,0,0,0.682,0,0.185,0,0,0.167,0,0,0,0,0.221,0,0.538,0.166,0,0,0.213,0,0,0,0,0,0.235,0,0,0.177,0,0,0.191,0,0,0.257,0.995,0,0.156,0.372,0,0,0,0,0,0,0,0,0,0,0,0,0,0,0,0.579,0,0,0,0,0,0,0,0,0.566,0.482,0,0,0,0,0,0,0,0.968,0.742,0,0,0,0,0,0,0,0,0,0,0.267,0,0,0.298,0,0,0,0,0.916,0,0.172,0.241,0.2,0,0,0.296,0,0.215,0,0,0,0.279,0,0.153,0,0,0,0.359,0.171,0,0,0,0.512,0.216,0,0.728,0.171,0,0,0.992,0,0,0,0,0,0,0,0,0,0,0,0,0.164,0,0.331,0,0.434,0,0,0,0,0,0.331,0,0,0,0.958,0.531,0.233,0.284,0,0,0.197,0,0,0,0,0,0,0,0.942,0,0,0,0,0,0,0,0,0,0.331,0,0,0.159,0,0.351,0,0,0,0,0,0,0,0,0,0,0,0,0,0,0,0,0,0.301,0,0,0,0,0,0,0,0,0,0,0,0,0,0,0,0,0,0,0,0,0,0,0,0.392,0.209,0,0.971,0.235,0,0,0,0.325,0,0.232,0.704,0.195,0,0.263,0,0,0,0,0,0.57,0.188,0.274,0.203,0,0,0.24,0.624,0.41,0,0.161,0.236,0,0,0.856,0.186,0,0,0.183,0,0,0,0,0,0,0,0.175,0,0.302,0,0,0,0.555,0,0.171,0,0,0.177,0,0,0.512,0,0,0.171,0.361,0.35,0.15,0.186,0.475,0.526,0,0.169,0.357,0,0.171,0,0.153,0.194,0.173,0,0,0,0,0,0,0,0,0,0,0,0,0,0,0,0.164,0,0,0,0,0,0,0,0,0,0,0,0,0,0,0,0,0,0,0,0,0,0,0,0,0,0,0,0,0,0,0,0.15,0,0.15,0,0,0,0,0,0,0,0,0,0,0.956,0,0,0,0,0.397,0.936,0,0.397,0,0,0.195,0,0,0,0,0,0,0,0,0,0,0,0,0.285,0,0,0.298,0.216,0,0.175,0,0,0.342,0,0,0,0,0,0,0,0,0,0,0,0,0,0.9,0,0.242,0,0,0,0,0,0,0,0,0,0,0,0,0,0,0,0,0,0.192,0,0.207,0,0,0,0,0,0,0,0,0,0,0,0,0,0.177,0,0,0,0,0,0,0,0,0,0,0,0,0,0,0,0,0,0,0,0,0,0,0,0,0.568,0,0,0,0,0,0,0,0,0,0,0,0,0,0,0,0,0,0,0,0,0.184,0,0,0,0,0,0,0,0.205,0,0.357,0,0,0,0,0,0.197,0,0.535,0.165,0,0,0,0,0,0,0,0.164,0,0,0,0.554,0,0,0,0,0,0,0,0,0,0,0,0,0,0,0,0,0,0,0,0,0,0,0,0,0,0,0,0,0,0,0,0,0,0,0,0.512,0,0,0,0,0,0,0,0,0,0,0,0,0,0,0,0,0.187,0,0.25,0,0,0,0,0.277,0,0,0,0,0,0,0,0,0,0,0,0,0,0,0,0,0,0,0,0,0,0,0,0,0,0,0,0,0,0.175,0,0,0,0,0,0,0,0,0.188,0,0,0,0,0,0,0,0,0,0,0,0,0,0,0,0,0,0,0,0,0,0,0,0,0.266,0,0,0,0,0,0,0,0,0,0.162,0,0,0,0,0,0,0,0,0,0,0,0,0,0,0,0,0,0,0,0,0,0,0,0.155,0,0,0,0,0,0,0.216,0,0,0,0,0,0,0.209,0,0,0,0,0,0.434,0,0,0,0,0,0,0,0,0,0,0,0,0,0.255,0.293,0,0,0,0,0,0,0,0,0,0,0,0,0,0,0,0,0,0,0,0,0,0,0,0,0,0,0,0.204,0,0.29,0,0,0,0,0,0,0,0,0,0,0,0,0,0,0,0,0,0,0,0.18,0,0,0,0,0,0,0,0,0,0,0,0,0,0,0,0,0,0,0,0,0,0,0,0,0,0,0,0,0,0,0,0,0,0,0,0,0,0,0,0,0,0,0,0,0,0,0,0.205,0,0,0,0,0,0,0,0,0,0,0,0,0,0,0,0,0,0.498,0,0,0,0,0,0,0,0,0,0,0.161,0,0,0,0,0,0,0,0,0,0,0.242,0,0,0,0,0,0.195,0,0,0.492,0,0.244,0,0,0,0,0,0,0,0.607,0.492,0.492,0,0,0,0.978,0,0,0,0,0.277,0,0,0,0,0,0,0.995,0,0.261,0,0,0,0,0,0,0,0,0,0,0,0.185,0,0,0,0,0,0,0,0,0,0,0,0,0,0.331,0,0,0.39,0,0,0,0,0.173,0,0,0,0,0,0,0,0.404,0,0,0.163,0,0,0,0,0,0,0,0,0,0,0,0,0,0,0,0,0,0,0,0,0,0,0,0,0,0,0,0,0,0,0,0,0,0,0,0,0,0,0,0,0,0,0,0,0,0,0,0,0,0,0
850686,0.177,0,0.192,0,0.462,0,0.289,0,0.162,0.236,0,0,0,0,0,0,0.293,0,0,0,0,0,0,0,0.153,0,0.178,0,0,0.187,0,0,0,0.201,0.19,0,0,0,0,0,0,0,0,0,0,0,0,0.457,0,0,0,0,0,0,0,0,0.506,0,0,0,0.154,0,0,0,0.187,0,0.553,0,0.201,0.343,0.832,0.849,0,0,0,0,0.308,0.216,0.293,0,0,0,0.354,0,0,0.154,0.323,0.235,0,0,0,0,0,0,0,0,0.514,0,0,0,0,0.169,0.194,0,0,0.295,0,0,0,0,0,0,0,0,0.632,0,0,0,0,0,0,0,0,0,0,0.484,0,0,0,0,0,0,0,0,0,0.355,0,0,0.173,0,0.192,0,0.264,0,0,0,0,0,0,0.169,0.283,0,0,0,0,0.228,0,0.665,0,0.173,0,0,0,0,0,0,0,0.37,0,0,0,0,0,0,0,0,0,0,0.18,0.306,0,0,0,0,0,0,0,0.217,0,0,0,0,0,0,0,0,0,0.165,0,0,0,0.151,0.208,0,0.566,0,0,0,0.184,0.224,0,0,0,0,0,0,0,0,0,0,0,0,0,0,0,0,0,0,0.66,0,0,0,0,0.574,0,0,0.315,0,0,0.213,0.191,0,0,0.166,0,0,0,0,0,0,0,0,0.194,0,0,0,0,0,0.188,0,0,0,0,0.212,0,0,0,0,0,0,0,0,0,0,0,0,0.912,0,0,0,0,0,0.179,0.653,0,0,0,0,0.292,0,0,0,0,0,0,0,0,0,0,0,0,0,0,0.197,0,0,0,0,0,0,0,0,0,0,0,0,0,0,0,0,0,0,0,0,0,0,0,0,0.252,0,0,0.164,0,0,0,0.162,0,0,0,0,0,0,0,0,0,0.2,0,0,0,0.374,0,0,0,0,0.172,0,0,0,0,0,0,0,0,0.207,0,0,0.303,0,0,0,0.297,0,0,0,0,0,0,0,0,0,0,0,0,0,0.19,0,0,0.288,0,0,0,0,0,0,0,0,0,0,0,0,0,0.181,0.172,0,0.385,0,0,0.993,0,0.154,0,0,0.388,0,0,0,0,0,0,0,0,0,0.212,0.232,0.203,0,0,0.235,0,0,0,0,0.213,0,0,0,0,0,0.186,0,0,0.202,0,0,0,0,0,0,0,0,0,0,0.18,0.304,0.156,0.269,0.269,0.179,0,0,0,0,0.857,0,0,0,0,0,0,0,0,0,0,0.257,0,0,0.376,0,0,0.159,0,0,0,0,0,0.155,0,0,0,0.152,0,0,0,0.191,0,0,0,0,0,0,0,0,0,0,0,0,0,0,0,0,0,0,0,0,0,0,0.231,0,0,0,0,0,0,0,0,0,0,0,0,0,0,0,0,0,0,0,0,0,0,0,0.26,0,0,0,0,0,0,0,0,0,0.311,0,0.273,0,0,0,0,0.318,0,0,0,0,0.997,0,0,0.266,0,0,0,0,0,0,0,0.209,0,0,0,0,0,0,0,0,0,0,0.477,0,0,0,0,0,0,0,0.191,0.2,0,0.154,0,0,0,0,0,0,0,0.908,0,0.22,0,0,0,0,0,0,0,0,0,0,0,0,0,0,0,0,0,0,0,0,0,0.161,0.17,0,0.152,0,0,0,0,0,0,0,0,0,0,0,0,0,0,0,0,0,0,0,0,0,0.175,0,0,0,0.224,0,0,0,0,0.539,0.527,0.206,0,0,0,0,0,0.313,0,0,0,0,0,0,0,0,0,0.189,0,0,0,0,0,0,0,0,0,0,0,0,0,0,0,0.414,0,0,0,0,0,0,0,0.366,0,0,0,0.155,0,0.164,0,0,0.169,0,0,0,0.213,0,0,0,0,0,0.906,0,0,0,0,0,0,0,0,0,0,0,0,0,0,0,0.333,0.264,0,0,0,0,0,0,0,0.243,0.244,0,0,0,0,0,0,0,0,0,0,0,0,0,0,0,0,0,0,0,0,0,0,0,0,0,0,0,0,0,0,0,0.187,0,0,0,0,0,0,0,0,0,0.175,0,0,0,0,0,0,0,0,0,0,0.153,0,0,0.268,0,0,0,0,0,0.151,0,0,0,0,0.369,0,0,0,0,0.185,0,0,0,0,0,0,0,0,0,0,0,0,0,0.303,0,0.176,0,0,0,0,0,0,0.224,0,0.175,0,0,0.471,0.42,0.195,0,0.255,0,0,0,0.405,0,0,0.356,0,0.507,0,0,0,0,0.238,0,0,0,0,0,0,0,0,0,0,0,0,0.169,0.303,0,0,0,0.526,0.215,0,0,0,0,0,0,0,0,0,0,0,0.169,0,0.231,0,0,0,0,0,0,0,0,0.165,0,0,0.21,0,0,0,0,0,0,0,0,0,0,0,0.187,0,0,0,0,0,0,0,0,0,0.647,0.159,0.378,0,0.191,0.613,0.18,0,0,0.175,0,0,0,0.266,0,0,0.152,0,0,0,0,0.523,0,0,0,0,0,0,0.265,0,0.575,0,0,0,0,0,0.605,0,0,0,0,0,0,0,0.48,0,0,0,0,0,0,0,0,0,0,0,0,0,0,0,0,0,0.47,0,0,0.162,0,0.333,0,0.419,0,0,0,0,0,0.206,0,0,0,0.555,0,0,0.171,0,0,0,0,0.194,0,0,0,0,0,0,0,0,0,0,0,0,0,0,0,0,0,0,0,0,0,0.304,0,0,0.155,0,0,0,0.237,0,0,0,0,0,0,0,0,0,0,0.275,0,0.901,0,0,0,0,0,0,0,0,0,0,0.451,0.183,0,0,0,0,0,0,0,0,0,0.905,0,0,0,0,0,0.688,0,0,0,0,0,0,0,0,0.442,0,0,0,0,0,0,0,0,0,0,0,0,0,0.183,0,0.174,0,0,0,0,0.566,0,0,0.189,0,0,0,0,0.169,0.238,0,0,0,0.261,0,0,0,0.407,0,0.715,0,0.299,0,0,0.353,0,0,0,0.376,0,0,0,0.542,0,0,0,0,0.155,0,0,0,0.315,0,0,0,0,0.163,0,0,0,0,0,0,0.22,0,0.349,0,0,0.192,0,0,0.182,0,0,0,0,0,0,0,0,0.163,0,0,0,0,0,0,0,0,0,0,0,0,0.364,0,0,0,0,0,0,0,0,0,0.213,0,0,0,0,0,0.162,0,0,0,0,0,0,0,0,0,0,0,0,0,0,0,0,0,0,0.179,0,0,0.211,0.35,0,0.197,0,0.571,0,0,0,0,0,0,0,0,0,0,0,0,0,0,0,0,0.901,0.691,0,0,0,0,0,0,0,0,0.205,0,0,0,0,0,0,0,0,0,0,0,0,0,0,0,0.486,0,0.927,0,0,0,0,0,0,0,0,0,0.152,0,0,0,0,0,0,0,0,0,0.18,0,0,0,0,0,0,0,0.172,0.162,0,0,0,0,0,0,0,0,0,0,0,0.26,0,0.933,0,0.224,0,0,0,0.155,0.233,0,0,0,0,0,0,0,0,0,0.298,0.152,0,0,0,0,0,0,0.266,0.209,0,0,0,0,0,0,0,0,0,0,0,0,0,0,0.225,0,0,0,0.267,0,0.162,0,0,0.22,0,0,0,0,0,0,0,0,0,0,0,0,0.422,0,0,0,0,0,0,0,0,0,0.975,0.494,0.169,0.26,0.295,0.718,0,0,0,0.183,0,0,0,0.18,0,0,0,0,0,0,0,0,0,0,0,0,0,0,0,0,0,0,0,0,0,0,0,0,0,0,0,0,0,0,0,0,0,0,0,0,0,0,0,0,0,0,0,0,0.162,0,0,0.173,0,0,0,0,0,0,0,0,0,0.372,0.326,0.22,0,0,0,0,0,0,0,0,0,0.188,0,0,0.37,0,0,0.579,0,0.204,0,0,0.212,0.258,0,0.183,0,0,0.603,0.267,0.151,0.394,0,0,0,0.237,0,0.217,0.162,0,0,0,0,0,0,0,0,0,0,0,0,0,0,0.521,0,0,0,0,0,0,0,0,0,0,0,0,0,0,0,0,0,0,0,0,0,0,0,0,0,0.177,0,0,0,0,0,0.347,0,0.16,0,0.307,0,0,0,0,0,0,0,0,0,0,0.233,0,0,0,0,0,0,0,0,0,0,0,0,0.335,0,0,0,0.29,0,0,0,0,0.15,0,0.266,0,0,0,0,0.161,0,0.413,0,0,0,0,0,0,0,0,0,0,0,0,0,0,0,0,0,0,0,0,0,0,0,0,0,0,0,0,0,0,0,0.297,0,0,0,0,0.294,0,0,0,0.158,0,0,0,0.285,0,0,0,0.407,0,0,0,0,0,0,0,0,0,0,0,0,0,0,0,0,0,0,0,0,0,0,0.275,0,0,0,0,0,0,0,0,0,0,0,0,0.227,0,0,0,0,0,0,0,0,0,0,0,0,0,0,0,0,0,0,0,0,0,0,0,0,0,0,0,0,0,0,0,0,0,0,0.607,0,0,0,0,0,0.15,0,0.173,0,0,0,0,0,0,0,0,0,0,0,0,0,0,0.163,0,0.25,0,0,0,0,0,0,0,0.23,0,0,0,0,0,0,0,0,0,0,0,0,0,0,0,0,0,0,0,0,0,0,0,0,0,0,0,0,0,0,0,0,0,0,0,0,0,0,0.285,0,0,0,0.346,0,0,0,0,0,0,0,0,0,0,0,0,0,0,0,0,0,0,0,0,0,0,0.234,0,0,0,0,0,0,0,0,0,0,0,0,0,0,0,0,0,0,0.265,0,0,0,0,0,0,0,0,0,0,0,0,0,0,0,0,0,0,0,0,0.866,0,0,0.301,0,0,0,0.215,0,0,0,0,0,0,0.508,0,0,0,0,0,0,0,0,0,0,0.197,0,0,0,0,0,0.195,0,0,0,0,0,0,0,0,0,0,0,0,0,0,0,0,0.153,0,0,0,0,0.153,0,0,0.197,0.218,0,0,0,0,0,0,0,0,0,0,0,0,0,0,0,0,0,0,0,0,0,0,0,0,0,0,0,0.32,0,0,0,0.394,0,0.25,0,0.321,0,0.753,0.169,0,0,0,0.281,0,0,0,0,0,0,0,0,0,0,0,0.318,0.318,0,0,0,0,0,0,0,0,0,0.659,0,0,0,0,0.606,0,0,0,0.322,0,0.224,0,0.301,0,0,0,0,0,0,0,0.164,0,0,0,0,0,0,0,0,0,0,0,0.189,0,0.316,0.812,0,0,0,0,0,0,0,0,0,0,0,0,0.922,0,0.358,0,0,0,0.197,0,0,0,0,0,0,0,0,0,0.164,0,0,0,0,0,0,0,0,0,0.713,0,0,0,0,0,0,0,0.152,0.68,0,0,0,0,0.888,0,0,0,0,0,0,0,0,0,0,0,0.265,0.233,0,0,0,0,0,0.235,0,0,0,0,0,0,0.317,0,0,0,0,0,0,0,0,0,0.18,0.496,0,0,0,0.226,0,0,0,0,0,0,0.297,0,0,0,0,0,0,0,0,0.236,0,0,0,0,0.193,0,0,0,0,0,0,0,0,0,0,0.229,0,0.288,0,0,0,0,0,0,0,0,0,0,0,0,0,0,0,0,0,0,0,0,0,0,0,0,0,0,0,0,0,0,0,0,0,0,0,0,0,0.22,0,0,0,0,0,0,0,0,0,0,0,0,0,0,0.466,0,0,0,0,0,0,0,0,0,0,0,0,0,0,0,0,0,0,0,0,0,0,0.18,0.436,0,0,0,0,0,0.528,0.235,0,0,0,0,0,0.174,0,0,0,0.177,0,0.249,0.17,0.436,0,0,0,0.241,0,0,0,0,0,0,0,0,0,0,0,0,0.715,0,0,0.232,0,0,0.265,0.436,0,0,0,0,0,0,0,0.178,0,0.312,0,0,0.75,0.292,0,0,0,0,0,0.194,0,0,0,0,0,0,0,0,0.332,0,0,0,0,0.249,0,0,0,0,0,0,0,0.187,0,0,0,0.327,0.282,0,0,0,0,0,0,0,0,0,0,0,0,0,0,0,0,0,0.21,0,0.207,0,0,0,0,0,0.264,0.74,0,0.199,0,0.57,0,0,0,0.276,0,0,0,0,0,0,0,0,0,0,0,0,0,0,0,0,0,0,0,0,0,0,0,0,0,0.245,0.198,0.16,0,0,0,0,0,0,0,0,0,0,0,0,0,0,0,0,0.16,0,0,0,0.545,0,0.398,0.545,0,0,0,0,0,0,0.487,0,0,0,0,0,0,0.489,0,0,0.178,0.668,0.197,0.462,0.197,0,0.178,0,0,0.397,0.335,0,0,0.27,0,0,0,0,0,0.486,0,0,0.545,0,0,0,0.52,0,0.348,0,0.345,0,0,0.305,0.267,0.364,0,0,0.268,0,0,0.265,0,0,0,0,0,0,0,0,0,0,0,0.235,0,0,0,0,0,0,0.173,0,0,0,0,0,0.335,0,0,0,0,0,0,0,0,0.793,0,0,0,0.606,0,0.47,0,0,0.57,0,0,0.279,0,0.208,0.602,0,0.328,0.89,0,0,0,0,0,0,0,0,0,0.384,0,0,0,0.529,0,0.303,0.303,0.178,0,0,0,0,0.152,0,0,0,0,0,0,0,0,0,0.355,0,0,0.51,0,0,0.397,0,0,0.199,0.166,0.607,0,0.295,0,0,0,0,0,0,0,0,0,0,0,0,0,0,0,0,0,0,0,0,0,0,0,0,0.464,0,0,0,0,0,0,0.428,0,0,0,0.286,0,0,0,0,0,0,0.309,0,0,0,0,0,0,0,0,0.241,0,0,0,0,0,0,0,0,0,0,0,0.283,0,0,0,0,0,0,0,0.157,0,0,0,0,0,0,0,0,0,0,0,0,0,0,0,0,0,0,0.201,0.219,0,0,0,0.188,0,0,0,0,0,0,0,0,0,0,0,0,0,0,0,0,0,0,0,0,0,0,0,0,0,0,0,0,0,0,0,0,0,0,0,0,0.201,0,0.689,0.377,0,0,0,0,0,0,0,0,0,0,0,0,0.151,0,0,0,0,0,0,0,0,0,0,0,0,0,0,0,0,0.191,0,0,0,0,0,0,0,0,0.304,0,0,0.163,0,0,0,0,0,0,0,0,0,0,0,0,0.246,0,0,0,0,0,0,0,0,0,0,0,0,0,0,0,0,0,0,0,0,0,0,0,0,0,0,0,0,0,0,0,0,0,0,0,0,0,0,0,0,0,0,0,0,0,0,0,0,0.15,0,0.23,0,0,0,0,0,0,0,0,0,0,0,0,0,0,0,0,0,0,0,0,0,0.286,0,0,0,0,0,0,0,0,0,0,0,0,0,0,0,0,0,0,0,0,0,0,0,0,0,0,0,0,0,0,0,0,0,0,0,0,0,0,0,0,0,0,0,0,0,0,0,0,0,0,0,0,0,0,0,0,0,0,0,0,0,0,0,0,0,0,0,0,0,0,0,0,0,0,0,0,0,0,0,0,0,0,0,0,0,0,0,0,0,0,0,0,0,0,0,0,0,0,0,0,0,0.191,0,0,0.193,0,0,0,0,0,0,0,0,0,0,0,0,0,0,0.198,0,0,0,0,0,0.188,0,0,0,0.895,0,0,0,0,0,0,0,0,0,0,0,0,0,0,0,0,0,0,0,0,0,0,0,0,0.195,0,0,0,0,0,0,0,0,0,0.213,0,0,0,0,0,0,0,0,0,0,0,0,0,0,0,0,0,0,0,0,0,0,0,0,0,0,0,0,0,0,0,0.621,0,0,0,0,0,0,0,0,0,0,0,0,0.15,0,0,0,0,0,0,0,0,0,0,0,0,0,0,0,0,0,0,0.208,0,0.279,0.234,0,0,0,0,0,0,0,0,0,0.3,0,0.286,0,0,0,0.622,0,0,0,0,0,0,0,0.377,0.782,0.307,0,0,0,0,0,0,0,0,0,0,0,0,0,0,0,0,0,0,0,0,0,0,0,0,0,0,0.325,0,0.154,0,0,0,0,0,0,0,0,0,0,0.307,0,0,0,0,0,0,0,0,0,0,0,0,0,0,0,0,0.906,0,0,0.432,0.397,0,0,0,0,0,0,0.164,0.216,0,0.309,0,0,0,0,0,0.266,0.224,0,0,0,0,0.246,0,0,0,0,0,0,0.405,0,0,0,0,0,0,0,0,0,0,0,0,0,0,0,0,0,0,0,0,0,0,0,0,0,0,0.733,0.303,0,0,0,0,0,0,0,0,0,0.239,0.258,0,0.193,0,0,0,0,0,0,0,0,0,0,0.309,0.182,0.309,0.643,0.276,0,0,0,0,0,0,0,0,0,0,0,0,0,0,0,0,0,0,0,0,0,0,0,0,0,0,0,0,0,0,0,0,0.22,0,0,0.9,0,0,0,0,0,0,0,0,0,0,0,0,0,0,0,0.18,0,0,0,0,0,0,0,0,0.206,0,0,0.164,0,0,0,0,0,0,0,0,0,0,0,0,0,0,0,0,0,0,0,0,0,0,0.664,0,0,0,0,0,0,0,0,0,0,0,0,0,0,0,0,0,0,0,0,0,0,0,0,0,0,0,0,0,0,0,0,0,0,0,0.34,0.19,0,0,0,0,0,0,0,0,0,0,0,0.195,0,0,0,0,0,0,0,0,0,0,0,0,0,0,0,0,0,0,0,0,0,0,0,0,0,0,0,0,0,0,0,0,0,0.152,0.309,0.218,0,0,0,0,0,0,0.963,0,0,0,0.178,0,0,0,0,0,0,0,0,0,0,0,0,0.908,0,0,0,0,0,0,0,0,0,0,0,0,0,0,0,0,0,0,0,0,0,0,0,0,0,0,0,0,0,0,0,0,0,0,0,0,0,0,0,0,0,0,0,0,0,0,0,0,0,0,0,0,0,0,0,0,0,0,0,0,0,0,0,0,0,0,0,0,0,0,0,0,0,0,0,0,0,0,0,0,0,0,0,0,0,0,0,0,0,0,0,0,0,0,0,0,0,0,0,0.311,0,0,0,0,0,0,0,0,0,0,0.159,0,0,0,0,0,0,0,0,0,0,0,0,0,0,0,0,0,0,0,0,0,0.301,0.293,0,0,0,0,0,0,0.702,0.61,0,0.309,0.317,0,0,0,0,0,0,0,0,0,0,0,0,0,0,0,0,0,0,0,0,0,0.152,0,0,0,0.24,0,0,0,0,0,0,0,0,0,0,0,0,0,0,0,0,0.417,0,0,0,0,0,0,0,0,0,0,0,0,0,0,0,0,0,0,0,0,0,0,0,0,0,0,0,0,0,0,0,0,0.167,0,0,0,0,0,0,0,0,0,0,0,0,0,0,0,0,0,0,0,0,0,0,0,0,0,0,0,0,0,0,0,0,0,0,0,0,0,0,0,0,0,0,0,0,0,0,0,0,0,0,0,0,0,0,0,0.286,0,0.194,0,0,0,0,0,0,0,0,0,0,0,0,0,0,0,0,0,0,0,0,0,0.212,0,0,0,0,0,0,0,0,0,0,0.235,0,0,0,0,0,0,0,0,0,0,0,0,0,0,0,0,0,0,0,0,0,0,0,0,0,0,0,0,0,0,0.268,0,0.999,0,0,0,0,0,0,0,0,0,0,0,0,0,0,0,0,0,0,0,0,0,0,0,0,0,0,0,0.185,0,0,0,0,0,0,0,0,0,0,0,0,0,0,0,0,0,0,0,0.203,0,0.203,0.258,0,0,0,0,0,0,0,0,0,0,0,0,0,0,0.282,0,0,0,0.492,0,0,0,0,0,0,0,0,0,0,0,0.19,0,0,0,0.649,0,0,0,0,0,0,0,0,0,0,0,0.176,0,0,0,0,0,0,0,0,0.256,0,0,0,0,0,0,0,0.994,0.993,0,0,0.259,0,0,0.86,0,0,0,0,0,0,0,0,0.195,0,0,0,0,0,0,0.198,0,0,0,0,0.247,0.319,0,0,0.19,0,0,0,0,0,0,0,0.226,0,0,0,0,0,0,0,0,0,0,0,0.159,0,0,0,0.297,0,0,0,0,0,0,0,0,0,0,0,0,0,0,0,0,0,0,0,0,0,0,0,0,0,0,0,0,0,0,0,0,0,0,0,0,0,0,0,0.192,0,0,0,0,0.166,0,0,0.183,0,0,0.314,0,0,0.948,0,0,0,0,0,0,0,0,0,0,0,0,0,0,0,0,0,0,0,0,0,0,0,0.359,0,0,0,0,0.22,0,0,0,0,0.153,0,0,0,0,0.969,0,0,0,0,0,0,0,0,0,0,0.177,0.314,0,0,0,0,0,0,0,0,0,0,0,0,0,0,0,0,0,0,0,0,0,0,0,0,0,0,0.276,0,0,0,0,0,0,0,0,0,0,0,0,0,0.617,0,0,0,0,0,0,0,0,0,0,0,0,0,0.195,0,0,0,0,0,0,0,0,0,0.153,0,0,0,0,0,0,0,0,0,0,0,0,0.232,0,0,0,0,0,0,0,0,0,0,0,0,0,0,0,0,0,0,0,0,0,0,0,0,0,0,0,0,0,0,0,0,0,0,0,0.213,0,0.223,0,0.919,0.798,0,0,0,0,0,0,0,0,0,0,0,0,0,0,0,0,0,0,0,0,0,0,0,0,0,0,0,0,0,0,0,0,0,0,0,0,0,0,0,0,0,0,0,0,0,0,0,0,0,0,0,0,0,0,0,0,0,0,0,0,0,0,0,0,0,0,0.251,0,0,0,0,0,0,0,0,0,0,0,0.185,0.449,0,0,0,0,0,0,0,0,0,0,0,0,0,0,0,0,0,0,0,0,0,0
853955,0,0,0,0,0,0,0,0,0,0,0,0,0,0,0,0,0,0,0,0,0,0,0,0,0,0.359,0.165,0,0,0,0,0,0,0,0,0,0,0,0,0,0,0,0,0.29,0,0,0,0,0,0,0,0,0,0,0,0.304,0.163,0,0,0,0.164,0,0,0,0,0,0,0,0,0,0,0,0.15,0,0.23,0,0,0,0,0,0,0,0,0,0,0,0,0.152,0,0,0,0,0.516,0,0,0,0,0,0,0,0,0,0,0,0,0,0,0,0,0,0,0,0,0,0,0,0,0,0,0,0,0,0,0,0,0,0,0.169,0,0,0,0,0.175,0,0,0,0,0,0.178,0,0,0,0,0,0.154,0,0,0,0,0,0,0,0,0,0,0,0,0,0,0,0,0,0,0,0,0,0,0,0,0,0,0,0,0,0,0,0,0,0,0,0,0,0.318,0.181,0.346,0,0.397,0,0,0,0.404,0,0,0,0,0,0.876,0,0,0.153,0,0,0.685,0,0,0.792,0,0.232,0,0,0,0,0.18,0.186,0,0.238,0.192,0,0,0.343,0,0,0.536,0,0,0,0,0,0,0,0.999,0,0,0.169,0.89,0,0.307,0,0,0,0,0,0,0.155,0.267,0,0.397,0,0,0.181,0,0,0,0,0,0,0,0,0.197,0,0.197,0,0.164,0,0,0.275,0,0,0.258,0.163,0,0.167,0.426,0,0,0.267,0,0.287,0,0.171,0,0,0,0.167,0,0.253,0.424,0,0.157,0,0,0,0,0,0,0.176,0.181,0,0,0,0.285,0.157,0,0,0.16,0,0.28,0.341,0,0,0,0,0.29,0,0.267,0.269,0.255,0.405,0,0,0,0.404,0.179,0,0.18,0,0,0,0.394,0,0,0,0,0,0.428,0,0,0,0,0,0,0,0.97,0.21,0.171,0,0,0.991,0.328,0.244,0,0,0,0.337,0.357,0.2,0.298,0,0,0,0,0.589,0,0,0.471,0,0,0.287,0,0,0.206,0,0,0,0,0.272,0,0,0.28,0.406,0,0,0,0,0,0.556,0,0,0,0.338,0,0,0,0,0.966,0.997,0,0.423,0.181,0,0.341,0.47,0.374,0,0.485,0,0,0,0.433,0.276,0,0.244,0.16,0,0,0.371,0.557,0.272,0,0,0,0,0,0.153,0.161,0,0.184,0,0,0,0,0.347,0,0,0,0,0.423,0,0,0.219,0,0.211,0.182,0,0.282,0.2,0,0,0.255,0,0,0,0,0,0,0,0.294,0,0,0,0.228,0.734,0,0,0,0,0,0.57,0,0,0.456,0,0,0,0,0.371,0.513,0,0,0.186,0,0,0,0.588,0.943,0.252,0,0,0,0,0,0,0,0,0,0,0,0,0,0,0.367,0.187,0.268,0.321,0,0,0,0,0,0.343,0.236,0.211,0.955,0,0.973,0.32,0,0,0,0,0,0,0,0.271,0,0.367,0.307,0,0,0.341,0,0,0,0,0.41,0,0,0.268,0.242,0,0.543,0,0,0,0.626,0,0.437,0.183,0.196,0.36,0,0.75,0,0,0.169,0,0,0,0,0.153,0,0,0,0,0.171,0,0.326,0.982,0,0,0,0,0,0,0,0.151,0.287,0,0,0,0.157,0,0,0,0,0.428,0,0.191,0,0.177,0.213,0,0,0,0.215,0,0,0.356,0,0,0.508,0,0,0.341,0.158,0,0,0,0.179,0,0,0,0.192,0,0,0.744,0,0.246,0.962,0,0.267,0,0.202,0,0.184,0,0,0,0,0.2,0,0.827,0,0.198,0,0,0.272,0,0.733,0,0,0.39,0,0.473,0.408,0,0.199,0,0.353,0,0,0,0.187,0.163,0.307,0.334,0.217,0,0.48,0,0.429,0,0.192,0.16,0.569,0,0.274,0.309,0,0,0,0,0,0.647,0,0,0,0,0,0.192,0,0,0.255,0,0.514,0,0.157,0.188,0,0,0,0.395,0.154,0,0,0,0,0,0,0.232,0.371,0,0,0,0.41,0,0.287,0,0.207,0,0,0,0,0.467,0,0,0,0.213,0,0.368,0.193,0.229,0,0.517,0,0.22,0,0,0,0.242,0.949,0.197,0,0,0,0,0,0,0.181,0,0.16,0.2,0,0,0,0,0,0.41,0,0,0,0,0.184,0,0.334,0.193,0,0.471,0.553,0,0,0.228,0.178,0,0.363,0,0,0,0,0,0,0,0.662,0.427,0,0,0.412,0,0,0,0,0,0,0,0,0,0,0.306,0,0.169,0,0.196,0.152,0.153,0,0,0.343,0,0,0,0.181,0.222,0.2,0.601,0.167,0.171,0,0,0,0,0,0,0.371,0,0,0.311,0.366,0,0.253,0.287,0,0,0.169,0.201,0,0,0.186,0,0,0,0,0,0.169,0,0.324,0,0,0,0,0.471,0.436,0.753,0.163,0,0.271,0,0,0,0,0,0.425,0,0,0,0,0,0.179,0.897,0.969,0.18,0,0,0,0,0.74,0.223,0.322,0.166,0.371,0,0,0,0,0,0.551,0,0,0,0,0.37,0.391,0.182,0,0,0.176,0.252,0.158,0,0,0,0,0,0.557,0,0.368,0,0.58,0,0.371,0.345,0,0,0.189,0,0,0,0,0,0.242,0.341,0.394,0,0,0.154,0.177,0,0.173,0.157,0,0,0,0,0,0,0,0,0,0,0,0,0,0.242,0.228,0.307,0,0,0.308,0.227,0,0.376,0.164,0.164,0,0.397,0.251,0.218,0,0,0,0,0,0,0,0.206,0,0.389,0,0.32,0.424,0.183,0,0,0,0.16,0.201,0,0.442,0.169,0,0,0,0,0.353,0.196,0,0,0,0,0,0,0,0,0,0,0,0,0,0,0,0,0,0,0.417,0,0,0,0,0,0,0,0,0,0,0,0,0,0,0.201,0,0,0,0,0,0,0,0,0,0.153,0,0,0.233,0,0,0,0,0,0,0,0,0,0,0,0.271,0,0,0,0.191,0,0.202,0,0.153,0,0,0,0,0,0,0,0,0,0,0,0,0,0,0,0,0,0,0,0,0,0,0.245,0,0,0,0,0,0.203,0,0,0,0,0,0,0,0,0,0,0,0,0,0,0,0,0,0,0,0.27,0,0,0,0,0,0,0,0,0,0.351,0,0,0,0,0,0,0,0.171,0.178,0,0,0,0,0,0,0,0,0.203,0,0,0,0,0,0,0,0.313,0,0,0,0,0,0,0,0,0,0,0,0,0,0,0,0,0,0,0,0,0,0,0,0,0,0,0,0,0,0,0,0,0.181,0,0,0,0,0,0,0,0.192,0,0,0,0,0,0.16,0,0,0,0,0,0,0,0,0,0,0,0,0,0,0.196,0.614,0,0.554,0,0,0,0,0,0.182,0.195,0,0,0.312,0,0,0,0,0,0,0,0,0,0,0,0,0,0,0,0,0,0.313,0,0,0.318,0,0,0,0,0,0,0,0,0,0,0,0,0,0,0,0,0,0,0,0,0,0,0,0,0,0,0,0,0,0,0,0.26,0,0,0,0,0,0,0,0,0,0,0,0,0,0,0.614,0,0.205,0,0,0,0,0,0,0,0,0,0,0.234,0,0,0,0,0,0,0,0,0.209,0,0,0,0,0,0,0,0,0,0,0,0,0,0,0.275,0,0,0,0,0,0,0,0,0,0.307,0,0,0,0,0,0,0,0,0.178,0,0,0,0,0,0,0,0,0,0,0,0.531,0,0,0,0,0,0,0,0,0,0,0,0,0,0.393,0,0,0,0.195,0,0,0,0.157,0,0,0,0,0,0,0,0,0,0,0,0,0,0,0,0,0,0,0,0,0,0,0,0.571,0,0,0,0,0,0,0,0,0,0,0,0,0.653,0,0,0,0,0,0,0,0,0,0,0,0,0,0,0,0,0.169,0,0,0.153,0,0,0,0,0,0,0,0,0,0,0,0,0,0,0,0,0,0,0,0,0,0,0,0,0,0,0,0,0.181,0,0,0,0,0,0,0,0,0,0,0,0.222,0,0,0,0,0,0,0.561,0,0,0,0,0.702,0.23,0,0,0,0,0,0.331,0,0.153,0,0,0,0,0,0,0,0,0,0.198,0,0,0,0,0,0,0,0.196,0,0,0,0,0,0,0,0.219,0,0,0,0,0,0,0,0,0,0,0,0,0,0,0.189,0,0,0,0,0,0,0.312,0,0,0,0,0,0,0,0,0,0.165,0.349,0,0,0,0,0,0,0,0,0.15,0,0,0,0,0,0,0.315,0,0,0,0,0,0.171,0,0.25,0,0,0,0.392,0,0,0,0,0,0.183,0,0,0.181,0,0,0,0,0,0,0,0,0.193,0,0,0,0.162,0,0,0,0,0,0,0,0,0,0,0,0,0,0.16,0,0,0,0,0.269,0,0,0,0,0,0,0,0,0,0,0,0,0,0,0,0,0,0,0,0,0,0,0,0,0,0.192,0,0,0,0,0,0,0,0.157,0,0,0,0,0,0,0,0,0,0,0,0,0,0,0,0,0,0,0,0,0,0.236,0,0,0,0,0,0,0,0.241,0,0,0,0,0,0,0,0,0,0,0,0,0,0,0,0,0,0,0,0,0,0.192,0,0,0,0,0,0,0,0.223,0,0,0,0,0,0,0,0,0,0,0.317,0,0,0,0,0,0,0,0,0,0,0,0,0,0,0.313,0,0,0,0,0,0.267,0,0.257,0,0,0,0,0,0,0,0,0,0.544,0.23,0,0,0,0.185,0,0,0,0,0,0,0,0,0,0,0,0.195,0,0.292,0,0.363,0,0,0,0,0,0,0,0,0,0.15,0,0,0,0,0,0,0,0.18,0.22,0,0,0,0,0,0,0,0,0,0,0,0,0,0,0,0,0,0.227,0,0.173,0,0,0,0.262,0,0,0.428,0,0,0,0.215,0,0,0,0,0,0,0,0.428,0,0.537,0,0,0,0.288,0,0.229,0.182,0,0,0.169,0,0,0,0,0,0,0,0,0,0,0,0,0,0,0.363,0,0,0,0,0,0,0,0,0,0,0,0,0,0.244,0.212,0.153,0,0,0,0.206,0,0,0,0,0,0,0,0.342,0,0,0.236,0.331,0.192,0.555,0,0,0,0,0,0,0,0.207,0,0,0,0,0.208,0.938,0,0,0,0,0,0,0.479,0,0,0,0,0,0,0,0,0,0,0,0.405,0.163,0,0,0,0,0.551,0,0,0,0.165,0.309,0,0,0,0.179,0,0,0,0,0,0,0.48,0,0,0,0,0.227,0,0.157,0,0,0.171,0,0,0.336,0,0,0,0.444,0,0,0,0,0,0,0.176,0.359,0,0.417,0,0,0.177,0,0.155,0,0,0,0,0,0,0,0.314,0,0.171,0,0,0,0,0,0.352,0,0.187,0.259,0,0,0,0,0,0,0.228,0,0.344,0.183,0.165,0,0,0,0,0.248,0,0.193,0.559,0.46,0.326,0,0.19,0,0,0.334,0.228,0.605,0,0.191,0,0,0.182,0,0,0,0,0,0,0,0,0,0.373,0,0,0.153,0.171,0,0.196,0,0,0,0,0,0.193,0,0.177,0,0.25,0,0.166,0,0,0,0,0.326,0,0,0,0.371,0.962,0,0,0,0.351,0,0,0,0,0.317,0.243,0,0.447,0.177,0,0,0,0,0.194,0,0,0,0,0,0,0,0,0,0,0,0,0,0,0,0,0,0,0,0,0,0,0,0,0,0,0,0,0,0,0,0,0,0,0,0,0,0,0,0,0,0,0,0,0,0,0.152,0,0,0.351,0,0,0,0,0,0,0,0,0,0,0,0.288,0,0,0,0.218,0,0.179,0,0,0,0,0,0,0,0,0,0.237,0,0,0,0,0,0,0,0,0,0,0,0,0,0,0,0,0,0,0,0,0,0,0,0,0,0,0,0,0,0,0,0,0,0,0.216,0,0,0,0,0,0,0,0.25,0,0,0.174,0,0,0,0,0,0,0,0,0,0,0,0,0,0,0,0,0,0,0,0,0,0,0,0,0,0,0,0,0,0,0,0,0,0,0.346,0,0.317,0.165,0.334,0,0,0,0,0.185,0,0,0,0.153,0.152,0,0.165,0,0,0,0,0,0.348,0,0.167,0,0.165,0,0,0,0,0,0.171,0,0,0.2,0,0.351,0.197,0,0,0,0,0,0,0,0,0,0,0,0,0,0.341,0,0.261,0,0,0.341,0,0.156,0,0,0,0,0.165,0,0,0.336,0,0.15,0.167,0,0,0,0,0,0.703,0,0,0.346,0,0,0,0,0,0,0.165,0,0.226,0,0,0.208,0,0,0,0,0,0,0,0,0.165,0.387,0,0,0,0,0.167,0.236,0,0.368,0.223,0,0,0,0,0,0,0,0.196,0,0,0,0,0,0,0,0,0,0,0,0.243,0,0,0,0,0,0,0,0,0,0,0,0,0,0,0,0,0,0,0,0,0,0,0,0.154,0.201,0.177,0,0,0,0,0,0,0,0,0,0,0,0,0,0,0,0,0,0,0,0.218,0,0,0,0,0,0,0,0.204,0,0,0,0,0,0,0,0,0.336,0,0,0,0,0,0,0,0,0,0,0,0,0.315,0,0,0,0,0,0,0,0,0,0,0,0,0,0,0,0,0,0,0,0,0,0,0,0.183,0,0,0,0,0,0,0,0,0,0,0,0,0,0,0,0,0,0,0,0,0,0,0,0,0,0,0,0,0,0,0,0,0,0,0,0,0,0,0,0,0,0,0,0,0,0,0,0.253,0,0,0,0,0,0,0,0,0.642,0,0,0,0,0,0,0,0,0,0,0,0,0.183,0,0,0,0,0,0,0,0,0,0,0,0,0,0,0,0,0,0,0,0,0,0,0,0,0,0,0,0,0,0,0,0.16,0.172,0,0,0,0,0,0,0,0,0,0,0,0,0,0,0,0,0,0,0,0,0,0,0,0,0,0,0,0,0,0,0,0,0,0,0,0,0,0,0,0,0,0.162,0,0,0,0,0,0,0,0,0,0,0,0,0,0,0,0,0,0,0,0,0,0,0,0,0,0,0,0,0,0,0,0,0,0,0,0,0,0,0,0,0,0,0,0.153,0,0,0,0,0,0,0,0,0,0,0,0,0,0,0,0,0,0,0,0,0.16,0,0,0,0,0,0,0,0,0,0,0,0,0,0,0,0,0,0,0,0,0,0,0,0,0,0,0,0.191,0,0,0,0,0,0.418,0,0,0,0,0.169,0,0,0,0,0,0,0,0.264,0,0,0,0,0.292,0,0.166,0,0,0,0,0.205,0,0,0,0,0,0,0.48,0,0.196,0,0.23,0.237,0,0,0,0,0,0,0.471,0,0.443,0,0.3,0,0,0,0,0,0,0,0,0,0,0.461,0,0,0,0,0,0.313,0,0,0.186,0,0,0.266,0,0,0,0,0,0.278,0,0.175,0,0,0.291,0,0,0,0,0.437,0,0,0.279,0.303,0,0,0,0,0,0,0.291,0,0.261,0,0,0,0.461,0,0,0,0,0,0,0,0,0,0.35,0,0,0,0,0,0,0,0,0.173,0,0,0,0.221,0.357,0,0,0,0,0,0,0.181,0,0.305,0,0,0,0,0,0.555,0.198,0,0,0,0,0,0,0,0,0,0,0.209,0,0,0,0.334,0,0,0,0.171,0,0,0.161,0.166,0,0,0,0.247,0,0,0.173,0.178,0.229,0,0,0.229,0.334,0,0,0.151,0,0,0,0,0,0,0,0,0,0,0,0,0.449,0,0,0,0.221,0,0,0,0,0,0.279,0,0,0,0,0.275,0,0,0,0.157,0,0.278,0.224,0,0.255,0,0,0,0,0,0.2,0.303,0,0,0,0.393,0.174,0.223,0.199,0,0.198,0.334,0,0,0,0,0,0,0,0,0,0,0,0,0,0,0,0,0,0,0,0,0,0,0,0,0,0,0,0,0,0,0,0,0,0,0,0,0,0,0,0,0,0,0,0.234,0,0,0,0,0,0,0,0,0,0,0.208,0,0,0,0,0,0,0,0,0,0,0,0,0,0,0,0,0,0,0,0,0,0,0,0,0,0.218,0,0,0,0,0,0,0,0,0,0,0,0,0,0,0.183,0,0,0,0.358,0.196,0.274,0,0,0,0,0.198,0.336,0,0,0.196,0.183,0,0.242,0,0,0,0,0.398,0,0,0,0,0,0,0.181,0.287,0.335,0.271,0.183,0,0,0,0.681,0,0,0,0,0,0,0,0,0,0.201,0,0.193,0,0.196,0.256,0,0,0,0.192,0,0,0,0.183,0,0.195,0.367,0.193,0.19,0.183,0.19,0,0,0.183,0.669,0.193,0.229,0,0,0,0,0,0.527,0,0.183,0.183,0.535,0,0.18,0,0,0,0.317,0.196,0.309,0,0,0.396,0.19,0,0,0,0.317,0.198,0,0,0,0,0,0,0,0,0,0,0,0,0,0,0,0,0,0,0,0,0,0,0,0,0,0,0.161,0,0,0,0,0,0,0,0,0.202,0,0,0,0,0,0,0,0,0,0,0,0,0,0.155,0,0,0,0,0.152,0,0,0,0,0,0,0.233,0,0.155,0,0,0,0,0,0,0,0,0,0,0,0,0,0,0,0,0,0.315,0.196,0,0,0.42,0,0,0,0,0,0,0,0,0,0,0,0,0,0,0,0,0.238,0,0,0.528,0,0,0,0,0,0,0,0,0,0,0,0,0,0,0,0,0.178,0,0,0,0,0,0,0,0.197,0,0,0,0,0,0,0,0,0,0,0,0,0,0,0,0,0,0,0,0,0,0,0.171,0,0,0,0,0,0,0,0,0.359,0,0.222,0,0.217,0,0,0,0,0,0,0,0,0,0,0,0,0,0,0,0.201,0,0,0,0,0,0,0,0,0,0,0,0,0,0.982,0,0,0,0.23,0,0,0,0,0,0,0,0,0,0,0,0,0,0,0,0,0,0,0.201,0,0,0,0,0,0,0,0.192,0,0.458,0,0,0.179,0,0,0,0.584,0,0,0,0,0,0,0,0,0,0,0.458,0,0,0,0,0,0,0.161,0.315,0,0,0,0,0,0,0.257,0,0,0,0,0,0,0,0,0,0,0,0,0,0,0,0,0,0,0.209,0,0,0,0,0,0.17,0,0,0,0,0,0.349,0,0,0,0,0,0,0,0,0,0,0.234,0,0,0,0,0,0,0,0,0,0,0,0,0,0,0,0.428,0,0,0,0,0,0,0,0.267,0,0,0,0,0,0,0,0,0,0,0,0,0,0,0,0,0,0,0,0,0,0,0,0,0,0,0,0,0,0,0,0,0,0,0,0,0,0,0,0,0.273,0,0,0,0,0,0.2,0,0,0,0,0,0,0,0,0,0,0,0,0,0,0,0.169,0,0,0,0,0,0,0,0,0,0,0,0,0,0,0.172,0,0,0,0,0,0.172,0,0,0,0,0,0,0.179,0,0,0,0,0,0,0,0,0,0,0,0,0,0,0,0,0,0,0,0,0.201,0,0,0,0,0,0,0,0,0,0,0,0,0,0,0,0,0.249,0,0,0,0,0,0,0,0,0,0.219,0,0,0,0,0,0,0,0,0,0,0,0,0,0,0.181,0,0,0,0,0.177,0,0,0,0,0,0,0,0,0,0,0,0,0,0,0,0,0,0,0,0,0,0,0,0,0,0.155,0,0,0,0,0.288,0,0.336,0,0,0,0,0.288,0,0.548,0,0,0,0,0.429,0,0,0,0,0.463,0,0.427,0.504,0,0.172,0.429,0,0,0,0,0,0,0,0.232,0,0,0,0,0,0,0,0,0,0,0,0,0,0.233,0,0,0,0,0,0,0,0,0,0,0,0,0,0,0,0,0,0,0,0,0,0,0,0,0,0,0,0,0.226,0,0.401,0,0,0,0,0,0,0,0,0,0,0.48,0,0,0,0.199,0,0,0,0,0,0,0,0,0,0,0,0,0,0,0,0,0,0,0,0,0,0,0,0,0,0,0,0,0,0,0,0,0,0,0.169,0,0,0,0,0,0,0,0,0,0,0,0,0,0,0,0,0,0,0,0,0,0,0,0,0,0,0,0,0,0.154,0,0,0,0,0,0,0,0,0,0,0,0,0,0,0,0,0.218,0,0,0,0,0,0,0,0,0,0,0,0,0,0,0,0,0,0.353,0,0,0,0,0,0,0,0,0,0,0,0,0,0,0,0,0,0,0,0,0,0,0,0,0,0,0,0,0.161,0,0,0,0,0,0,0,0,0,0,0,0,0,0,0,0,0,0,0,0,0,0,0,0,0,0,0,0,0,0,0,0,0,0,0,0,0,0,0,0,0,0,0,0,0,0,0,0,0,0,0,0,0,0,0,0,0,0,0,0,0,0,0,0,0,0,0,0,0,0,0,0,0,0,0,0,0,0,0,0,0,0,0,0,0,0,0,0,0,0,0,0,0,0.157,0,0.157,0,0,0,0,0,0,0,0,0,0,0,0,0,0,0,0,0,0,0,0,0,0,0,0,0,0,0,0,0,0,0,0,0,0,0,0,0,0,0,0,0,0,0,0,0,0,0,0,0,0,0,0,0,0,0,0,0,0,0,0.297,0,0,0,0,0,0,0,0,0,0,0,0,0,0,0,0,0,0,0,0,0,0,0,0,0,0,0,0,0,0,0,0,0,0,0,0,0,0,0,0,0,0,0,0,0,0,0,0,0,0,0,0,0,0,0,0,0,0,0,0,0,0,0,0,0,0,0,0,0,0,0,0.185,0,0.153,0,0,0,0,0,0,0,0,0.196,0,0,0.172,0.171,0,0,0,0,0,0,0,0,0,0,0,0,0,0,0,0,0,0,0,0,0,0,0,0,0,0,0,0,0,0,0,0,0,0,0,0,0,0,0,0,0,0,0,0,0,0,0,0,0,0,0,0,0,0,0,0,0,0,0,0,0,0,0,0,0,0,0,0,0,0,0,0,0,0,0,0,0,0,0,0,0,0,0,0.394,0,0,0,0.351,0,0,0,0,0,0,0,0,0,0,0,0,0,0,0,0,0,0,0,0,0,0,0,0,0,0,0,0.294,0,0,0,0.171,0,0.209,0,0,0,0,0,0,0,0,0,0,0,0,0,0,0,0,0,0,0,0,0,0,0
852742,0,0.279,0,0,0,0,0,0,0,0,0,0,0,0,0,0,0,0,0,0.213,0,0,0,0,0,0,0.19,0,0,0,0,0,0,0,0,0,0,0,0,0,0,0,0,0,0,0,0,0,0,0,0,0.999,0,0,0,0,0,0,0,0,0,0,0,0,0,0,0,0,0,0,0.355,0,0,0,0.166,0,0,0,0,0,0,0,0,0,0,0,0,0,0,0,0,0,0.291,0,0,0.999,0,0,0,0,0,0,0,0,0,0,0,0,0,0.179,0,0,0,0,0,0,0,0.244,0,0,0,0,0.271,0,0,0,0,0.935,0,0,0,0,0,0,0,0,0,0,0.168,0.21,0.999,0.2,0.299,0,0,0,0,0,0,0,0,0,0,0,0,0,0.295,0,0,0,0,0,0,0,0,0,0,0,0,0.164,0,0,0,0,0,0,0,0,0,0,0,0,0,0,0,0,0,0,0,0.635,0,0,0,0.196,0,0,0,0,0,0,0,0,0,0.17,0,0,0.999,0,0,0.214,0,0,0,0.258,0,0,0,0,0,0,0.999,0,0,0.261,0,0,0,0,0,0.626,0,0,0.999,0.162,0.48,0.165,0.324,0,0,0,0,0,0,0.263,0.549,0,0,0,0,0,0,0,0.151,0,0.211,0,0,0,0,0,0.267,0.222,0,0,0.315,0.16,0,0,0,0,0,0,0,0,0,0.988,0,0.274,0.196,0,0,0,0.945,0,0,0.393,0,0.33,0,0.505,0,0,0,0,0,0.299,0,0,0,0,0.999,0,0,0,0,0,0.168,0.401,0,0.999,0,0,0.155,0,0.992,0.165,0,0,0,0,0,0,0,0,0.159,0.314,0,0,0,0.798,0,0.163,0.49,0.199,0,0,0,0,0,0,0,0,0,0.173,0,0.203,0.181,0,0,0,0.207,0,0,0,0,0,0.168,0,0,0.266,0,0.235,0,0,0,0,0.48,0.201,0,0.999,0,0.939,0,0,0,0,0.999,0,0,0,0,0,0,0.995,0,0,0,0,0,0.169,0.417,0,0,0,0,0,0.999,0.243,0.748,0,0.491,0.223,0.256,0,0.454,0,0,0,0,0.938,0,0,0,0,0,0.222,0.208,0,0,0,0,0,0.151,0,0,0.457,0.275,0,0.196,0,0,0,0,0,0,0,0.151,0,0.235,0,0,0,0,0,0,0,0,0,0,0,0.999,0,0.741,0,0,0,0.173,0.254,0,0,0,0.208,0,0,0,0,0,0.201,0,0,0.506,0,0,0.999,0,0,0,0,0,0.398,0,0,0,0,0,0.229,0,0,0,0,0,0.27,0,0,0,0,0,0.19,0,0.156,0.276,0,0,0,0,0,0,0,0.217,0,0,0,0,0,0.263,0,0.999,0.287,0,0,0,0,0,0,0,0.364,0.919,0,0,0,0,0,0,0,0.249,0,0.963,0,0.198,0,0.448,0,0,0,0,0,0,0,0.238,0.291,0,0,0,0,0,0,0,0,0,0,0,0,0,0,0,0.349,0.192,0,0,0,0,0,0,0,0,0.213,0.242,0,0,0,0,0,0,0,0,0.155,0,0.157,0,0,0.64,0,0,0.2,0,0,0,0.317,0,0.382,0,0,0,0.153,0,0.185,0,0.503,0,0,0,0,0,0,0,0,0,0.814,0.165,0,0,0,0,0,0.451,0,0,0,0,0,0,0,0,0,0.599,0,0,0,0,0,0,0,0,0.315,0,0,0,0.177,0,0.226,0,0,0,0,0.262,0.167,0,0,0.174,0,0,0,0,0,0,0,0,0,0,0,0,0,0,0,0,0,0,0,0,0,0,0,0,0,0,0,0.409,0.24,0,0,0,0,0,0,0.49,0,0,0,0,0,0,0,0,0,0,0,0.28,0.368,0,0,0,0,0,0,0,0,0,0.349,0.999,0,0.161,0,0,0,0,0.2,0,0,0,0.999,0,0.234,0,0.25,0,0.303,0,0,0,0,0,0.187,0.229,0,0,0.319,0,0.267,0,0,0.999,0,0.404,0,0.167,0.315,0,0.218,0.216,0,0,0,0,0,0,0,0,0,0,0,0,0.873,0,0.319,0.161,0,0.342,0,0,0,0.188,0.203,0,0.428,0.201,0.251,0,0,0.15,0,0,0.176,0,0,0,0,0,0,0,0,0,0,0,0,0.199,0,0,0,0,0,0.229,0,0,0,0.836,0,0.247,0,0.321,0.201,0,0,0.221,0,0,0,0,0,0,0,0,0,0,0,0,0.196,0,0.999,0,0.639,0.917,0.285,0,0,0,0,0.351,0.371,0,0.173,0,0,0,0,0,0,0,0.426,0,0,0,0,0,0,0,0,0.313,0.999,0.373,0,0,0,0,0,0,0.605,0,0,0,0,0.229,0,0.999,0,0,0.232,0,0,0,0,0,0,0.329,0,0.161,0,0,0.282,0.413,0,0,0,0.401,0.167,0,0.284,0,0,0.198,0.351,0,0.998,0,0,0,0,0.201,0,0,0.334,0.999,0,0,0.189,0,0.444,0,0.999,0,0.936,0.661,0.999,0,0.368,0,0,0,0,0,0,0.202,0,0,0.226,0,0,0.194,0,0.926,0,0.22,0.999,0,0.3,0,0,0,0,0,0.845,0,0,0,0,0.321,0.516,0,0,0,0.356,0,0.996,0,0,0,0,0,0,0,0,0,0,0.173,0,0,0,0,0,0,0,0,0,0,0,0,0,0,0,0,0,0,0,0,0,0,0,0,0,0,0,0,0,0,0,0,0,0,0,0,0,0.227,0,0.288,0,0,0,0,0,0,0,0,0,0,0,0,0.999,0,0,0.178,0,0,0,0,0,0.231,0.999,0,0,0,0,0,0,0,0,0,0,0,0,0,0,0,0,0,0.238,0,0,0,0,0,0,0,0,0,0,0,0,0,0,0,0,0,0,0,0,0,0,0,0,0,0,0,0,0.309,0,0,0,0,0,0,0,0,0,0,0,0,0,0,0,0.999,0,0,0,0,0,0,0,0,0.916,0,0,0,0,0,0,0,0,0,0,0,0,0,0,0,0,0,0,0.999,0,0,0,0,0,0,0,0.173,0,0,0.999,0,0,0,0,0,0,0,0,0.999,0.368,0.269,0,0,0,0,0,0,0,0.392,0,0,0,0,0,0,0,0,0,0,0,0,0,0,0,0,0,0,0,0,0,0,0,0,0,0,0.999,0,0,0.243,0.366,0,0,0.231,0,0,0,0,0,0,0,0,0.999,0,0,0.209,0,0,0,0,0,0.529,0,0.99,0.265,0,0,0,0.193,0,0,0,0.169,0,0,0,0,0,0,0,0,0,0,0,0,0,0,0,0,0,0,0,0.999,0,0,0,0,0,0.45,0,0,0,0,0,0,0,0,0,0,0,0,0,0,0.193,0,0,0,0.444,0,0,0,0,0,0,0.999,0,0.999,0,0,0,0.223,0,0,0,0,0,0,0,0,0,0,0,0,0,0,0,0,0,0,0,0,0,0,0,0,0.666,0.238,0,0,0,0,0,0,0,0.275,0.234,0,0,0,0,0,0,0,0,0,0,0,0.849,0,0,0,0,0,0.368,0,0,0,0,0,0,0,0,0,0,0,0,0,0.366,0,0.247,0,0,0.194,0,0.174,0,0,0,0,0,0,0.999,0,0,0,0,0,0,0,0,0.344,0,0,0,0,0.376,0,0,0.469,0,0,0,0,0,0,0,0,0,0.515,0,0,0,0,0,0,0,0,0,0,0,0,0.367,0,0,0.818,0,0,0,0,0,0,0,0.446,0,0,0,0.298,0,0,0,0,0,0,0,0,0,0,0,0,0,0,0,0,0,0,0,0,0.265,0,0,0,0,0,0,0,0,0,0,0,0,0,0,0,0,0,0,0,0,0,0,0,0,0,0,0.999,0,0,0,0,0,0,0,0,0,0,0,0,0,0,0,0,0,0,0,0,0,0,0.156,0,0,0,0,0,0,0.2,0,0.194,0,0,0,0,0,0.244,0,0,0,0,0,0,0,0,0,0,0,0,0,0,0,0.237,0,0,0,0,0,0.291,0,0,0,0,0,0,0,0,0,0.247,0,0,0,0,0,0,0,0,0,0,0,0,0,0,0,0,0,0,0,0,0,0,0.515,0,0,0,0,0,0,0,0,0,0,0,0,0,0,0,0,0,0,0,0,0,0,0,0,0,0,0,0,0,0,0,0,0,0,0,0,0,0,0,0,0,0,0,0,0,0,0,0,0,0,0,0,0,0,0,0.423,0,0,0.61,0,0.347,0.999,0.301,0,0.223,0,0.349,0.19,0,0.233,0,0.256,0,0.368,0.94,0,0,0,0.242,0.307,0,0,0,0,0.188,0,0,0.161,0,0,0,0,0,0.321,0,0,0,0,0.203,0,0,0,0.249,0.999,0.475,0.218,0,0.999,0.328,0,0,0.281,0,0,0,0.173,0,0,0.999,0,0,0,0,0,0,0,0.213,0,0,0,0,0,0.202,0,0.337,0,0,0.349,0,0,0.214,0,0,0.256,0,0.999,0,0,0,0,0,0.194,0,0,0,0,0.383,0,0,0,0.492,0.162,0.178,0,0.195,0,0.592,0,0.259,0,0,0,0,0,0,0,0,0.999,0.166,0.331,0,0,0,0.26,0,0,0,0.995,0,0,0,0,0.309,0,0,0.238,0.237,0.162,0,0.4,0,0,0,0,0.322,0,0,0.202,0.165,0,0,0,0,0,0.999,0,0.814,0.608,0,0,0.454,0,0,0.21,0.173,0,0,0.959,0,0.999,0,0,0,0,0.821,0,0.268,0,0.39,0.487,0.309,0,0.399,0,0,0,0,0,0,0,0.255,0,0.347,0,0.239,0,0,0.921,0,0,0,0,0,0.229,0.193,0,0.224,0,0,0.209,0,0,0,0,0,0,0,0,0.176,0,0,0.417,0,0,0.222,0,0,0,0.243,0,0,0,0,0,0,0,0,0,0.344,0,0,0.181,0,0,0,0,0,0,0,0,0,0,0,0,0,0,0,0,0.233,0,0,0,0,0,0,0,0,0,0,0,0,0,0,0,0,0,0.241,0,0.999,0,0,0,0,0,0,0,0.223,0,0,0,0,0,0,0,0,0,0,0.311,0,0,0,0,0,0,0,0,0.289,0,0,0,0,0,0,0,0,0,0,0,0,0,0,0,0,0,0,0.209,0,0,0.379,0,0.178,0,0,0,0,0,0,0,0,0,0,0,0,0,0,0,0,0,0,0,0,0.701,0,0.811,0,0,0,0,0,0,0,0,0,0,0,0,0.198,0.167,0,0,0,0,0,0,0,0,0,0,0,0,0.548,0,0,0.912,0,0,0,0,0,0,0,0,0.191,0,0,0,0,0,0,0,0,0,0,0,0,0,0,0,0,0,0.157,0,0,0,0,0,0,0,0,0.887,0,0,0,0,0,0,0,0,0,0,0,0,0,0,0,0,0,0,0.32,0,0,0,0,0,0,0.216,0,0,0,0.801,0.159,0,0.994,0,0,0,0,0,0,0,0,0,0,0,0,0,0,0,0.19,0,0,0,0,0,0,0,0,0,0,0,0,0,0,0,0,0,0,0,0,0,0,0.263,0,0,0,0,0,0,0,0.163,0,0,0.255,0,0,0,0,0.216,0,0,0,0,0,0,0.287,0,0,0,0,0.999,0,0,0,0,0,0,0.915,0,0,0,0,0,0,0,0,0,0,0,0,0,0,0,0,0,0.18,0,0,0,0,0,0,0,0,0,0,0,0,0,0,0,0,0,0,0,0,0,0.999,0,0,0.18,0,0,0.999,0,0,0,0,0.999,0,0,0,0,0,0,0,0.263,0,0,0,0,0,0,0,0,0,0,0,0,0,0,0,0,0,0,0,0,0,0,0,0.165,0.213,0.187,0.998,0,0,0,0.683,0,0,0,0,0,0,0,0,0,0,0,0,0,0,0,0.198,0,0.154,0,0,0,0,0.263,0,0.709,0,0,0,0,0,0,0,0,0,0,0.317,0,0,0,0,0,0,0,0,0,0,0,0,0,0,0,0,0,0,0,0,0,0.797,0,0,0.379,0,0.515,0.285,0,0.199,0,0,0,0.28,0,0,0.285,0,0.999,0,0.165,0,0,0,0.206,0,0.317,0,0,0.165,0,0,0,0.735,0.706,0,0,0,0,0,0,0,0,0,0,0.199,0.358,0,0,0.275,0.261,0,0,0,0,0,0.288,0.206,0,0.232,0,0,0,0,0.238,0,0,0,0,0,0,0,0,0,0,0,0.999,0,0.177,0.999,0,0,0,0,0,0,0,0,0.152,0,0,0,0,0,0,0,0,0,0,0,0,0,0,0,0,0,0,0,0,0,0,0,0,0,0,0,0,0,0.164,0,0,0,0,0,0,0,0,0,0,0,0,0,0,0,0,0,0,0,0,0,0,0,0,0,0,0,0,0,0,0,0,0,0.157,0,0,0,0,0,0,0,0,0,0,0,0,0,0,0,0,0,0,0,0,0,0,0,0,0,0,0,0,0,0,0,0,0,0,0,0,0,0,0.169,0,0,0.21,0,0,0,0,0,0.795,0,0,0,0,0,0,0,0,0,0,0,0,0,0,0.21,0,0,0,0,0,0,0,0,0,0,0,0,0,0,0,0,0,0,0,0,0,0,0,0,0,0,0,0,0.999,0,0,0,0,0,0,0,0,0,0,0,0,0,0,0,0,0,0,0,0,0,0,0,0,0,0,0,0,0,0,0,0,0,0,0.599,0,0,0,0,0,0,0.183,0.15,0,0,0,0,0.901,0,0,0,0,0,0,0,0,0,0,0,0,0,0,0,0,0,0,0,0,0.272,0,0.199,0.257,0,0.202,0,0,0.205,0,0,0.249,0,0,0,0,0,0,0,0,0,0,0,0,0,0,0,0,0,0,0,0,0,0,0,0,0,0,0,0,0,0,0,0,0,0,0,0,0,0,0,0,0,0,0,0,0,0,0,0,0,0,0,0,0,0,0,0,0,0,0,0,0,0,0,0,0,0,0,0,0,0,0,0,0,0,0,0,0,0,0,0,0,0,0,0,0,0,0,0,0,0,0.151,0,0,0,0,0,0,0,0.949,0.837,0.999,0.745,0.158,0.269,0.168,0.212,0.999,0.994,0.999,0,0,0.999,0.35,0.363,0.275,0.999,0,0.93,0.99,0,0.38,0.366,0.289,0.211,0.419,0.998,0.453,0.999,0.154,0,0.995,0.187,0.923,0.23,0,0,0.708,0.999,0.319,0.999,0.806,0.916,0,0,0.249,0.999,0.999,0.405,0.92,0.226,0.447,0.288,0,0.492,0.714,0,0.608,0,0.306,0.999,0.999,0.998,0.999,0.983,0.993,0.999,0.191,0.236,0.999,0.716,0.999,0,0.183,0.152,0.716,0,0,0,0.999,0.999,0,0.999,0.998,0.999,0,0.208,0.999,0.27,0.716,0.836,0,0.999,0.259,0.607,0,0.999,0.999,0,0.981,0,0.822,0.999,0.926,0.999,0.999,0.716,0.999,0.999,0.559,0,0.998,0.862,0.998,0,0.999,0.999,0,0.999,0.864,0.164,0.191,0,0.999,0.997,0.709,0.794,0,0,0.493,0,0.999,0.917,0.717,0,0.999,0.837,0.392,0,0,0,0.999,0.999,0,0,0.599,0.999,0,0.903,0.999,0.816,0.231,0.558,0.999,0.999,0.331,0.995,0,0.999,0.195,0.716,0.999,0,0.709,0.999,0.999,0.545,0.312,0.999,0.999,0.152,0.177,0.312,0.24,0,0,0,0,0.188,0.524,0.893,0,0.716,0.425,0.707,0.897,0,0.967,0.999,0.999,0.999,0.399,0,0,0.999,0.999,0,0.207,0.998,0,0.999,0.999,0,0.999,0,0.176,0.999,0.193,0.999,0.909,0,0.996,0.999,0.999,0,0.847,0.999,0,0,0,0,0.999,0.274,0.999,0,0.173,0,0,0,0,0.154,0,0,0,0,0,0,0.37,0,0.154,0,0,0,0,0.185,0,0,0,0,0,0.171,0,0.169,0.309,0,0,0,0,0,0,0,0,0,0,0,0,0,0,0,0,0.999,0,0,0,0,0,0,0,0,0,0,0,0,0.162,0,0,0,0,0,0,0.203,0,0,0,0,0,0,0,0.313,0,0,0,0,0,0,0,0,0,0,0,0,0,0,0,0,0,0,0,0,0,0,0,0,0.174,0,0,0,0.176,0.244,0,0,0,0,0,0.244,0,0,0.338,0,0,0,0,0.214,0,0,0,0,0,0,0,0,0,0,0,0.313,0.244,0,0,0,0,0.207,0,0,0,0,0,0,0,0,0,0,0,0,0,0.176,0,0.179,0,0,0,0,0.156,0,0,0,0,0,0,0,0,0,0,0,0,0,0,0.284,0,0,0.168,0,0,0.253,0,0,0,0,0,0,0,0,0,0,0,0,0,0,0,0,0,0,0,0,0,0,0,0,0,0,0,0,0,0,0,0,0.167,0,0,0,0,0,0,0,0,0,0,0,0,0,0,0,0,0,0,0,0,0,0,0,0,0,0.297,0,0,0,0,0,0.287,0.178,0,0,0,0,0,0,0.296,0,0.188,0.859,0,0,0,0,0.284,0,0.339,0,0,0.17,0,0,0,0,0,0,0,0,0,0,0,0,0,0,0,0,0,0,0,0,0,0,0,0,0.349,0,0,0,0.159,0.3,0,0,0,0,0,0,0,0,0,0,0,0,0,0,0,0,0,0,0,0,0,0,0,0,0,0,0,0,0,0,0,0.198,0,0,0,0.363,0,0,0,0,0,0,0,0,0,0,0,0,0,0,0,0,0,0,0,0,0,0,0,0,0,0.216,0,0,0,0,0,0,0,0,0,0,0,0.275,0,0,0,0,0,0,0,0,0,0,0,0,0,0,0,0,0,0,0,0,0,0,0,0,0,0,0,0,0,0.17,0,0,0,0,0,0,0,0,0,0,0,0,0,0,0,0,0,0,0,0,0,0,0.235,0,0,0,0,0,0.164,0,0,0,0,0,0,0,0,0,0,0,0,0,0,0.233,0,0,0,0,0,0,0,0,0,0,0,0,0,0,0,0,0,0,0,0.228,0,0,0,0,0,0,0,0,0,0,0,0,0,0,0,0,0,0,0,0,0,0,0,0,0,0,0,0,0,0,0,0,0,0,0,0,0,0,0,0,0.167,0,0,0,0,0,0,0,0,0,0,0,0,0,0,0,0,0,0,0,0,0,0,0,0,0,0,0,0,0,0,0,0.222,0,0,0,0,0,0,0,0,0,0,0,0,0,0,0.221,0,0,0,0,0,0,0,0,0,0,0,0,0,0,0,0,0,0,0,0,0,0,0,0,0,0,0,0,0,0.21,0,0,0,0,0,0,0,0,0,0,0,0,0,0,0,0,0,0,0,0,0,0,0,0,0,0,0,0,0,0,0,0,0,0,0,0,0,0,0,0,0,0,0,0,0,0,0,0,0,0,0,0,0,0,0,0,0,0,0,0,0,0,0,0,0,0,0,0,0,0,0,0,0,0,0,0,0,0,0,0,0,0,0,0,0,0,0,0,0,0,0,0,0,0,0,0,0,0,0,0,0,0.158,0,0,0,0,0,0,0,0,0,0,0,0,0,0,0,0,0,0,0,0,0,0,0,0,0,0,0,0,0,0,0,0,0.245,0,0.175,0,0,0.168,0,0,0,0,0,0,0,0.954,0,0,0,0,0,0,0,0,0,0,0,0,0,0,0,0,0,0,0,0,0,0,0,0,0,0,0,0,0,0,0.269,0,0,0,0,0,0.227,0,0,0,0,0,0,0,0,0,0,0,0,0,0,0,0,0,0,0,0,0,0,0,0,0,0,0,0,0,0,0,0,0,0,0,0,0,0,0,0,0.26,0,0,0,0,0,0,0,0,0,0,0,0,0,0,0,0,0,0,0,0,0,0,0,0,0,0.164,0,0,0,0,0,0.281,0,0,0,0,0,0,0,0,0,0,0,0,0,0,0,0,0,0,0,0,0,0,0,0,0,0,0,0,0,0,0,0,0,0,0,0,0,0,0,0,0,0,0,0,0,0,0,0,0,0,0,0,0,0,0,0,0,0,0,0,0,0,0,0,0,0,0,0.232,0,0,0,0,0,0,0,0,0,0,0,0,0,0,0,0,0,0,0,0,0,0,0,0,0,0,0,0,0,0,0,0,0.298,0,0,0,0,0,0,0,0,0,0,0,0,0,0,0,0,0,0,0,0,0,0,0,0,0,0,0,0,0,0,0,0,0,0,0,0,0,0,0,0,0,0,0,0,0,0,0,0,0,0,0,0,0,0,0,0,0,0,0,0,0,0,0,0,0,0,0,0,0,0,0,0,0,0,0.212,0.253,0,0,0,0,0.248,0.3,0,0,0.24,0,0,0,0,0,0,0,0,0,0.309,0,0,0,0,0,0,0,0,0,0,0,0,0,0,0,0,0,0,0,0,0,0,0,0,0,0,0,0,0,0.311,0,0,0,0,0,0,0,0,0,0,0,0,0.256,0,0,0.21,0,0,0,0,0,0,0,0,0,0.223,0,0,0,0,0,0,0,0,0,0,0,0,0,0,0,0,0,0,0,0,0,0,0,0,0,0,0,0,0,0,0,0,0,0,0.17,0,0,0,0,0,0,0,0,0,0,0,0,0,0,0,0,0,0,0,0,0,0,0,0,0,0,0,0,0,0,0,0,0,0,0,0,0,0,0,0,0,0,0,0,0,0,0,0,0,0,0,0,0,0,0,0,0,0,0,0,0,0,0,0,0.169,0,0,0,0,0,0,0,0,0,0,0,0,0,0,0,0,0,0,0,0,0,0,0,0,0,0,0,0,0,0,0,0,0,0,0,0,0,0,0,0,0,0,0,0.356,0,0,0,0,0,0,0.15,0,0,0,0,0,0,0,0,0,0,0,0,0,0,0,0,0,0,0,0,0,0,0,0,0,0,0,0,0,0,0,0,0,0,0,0,0,0,0,0,0,0,0,0,0,0,0,0,0,0,0,0,0,0,0,0,0,0,0,0,0,0,0,0,0,0,0,0,0,0,0,0,0,0,0,0,0,0,0,0,0,0,0,0,0,0,0
852500,0,0,0,0,0,0,0,0,0,0,0,0,0,0,0,0,0,0,0.154,0,0,0,0,0,0.949,0.683,0.71,0,0,0,0,0,0,0,0,0,0,0,0,0,0,0,0,0,0,0,0,0,0,0,0,0,0,0.155,0,0,0,0,0,0,0,0,0,0,0,0,0,0,0,0,0.567,0,0,0,0,0,0,0,0,0,0,0,0,0,0.205,0,0,0,0,0,0,0,0,0,0,0,0,0,0,0,0,0,0,0,0,0,0,0,0,0.203,0,0,0,0,0,0,0,0,0,0,0,0,0,0.46,0.217,0.176,0,0,0,0,0,0,0,0,0,0,0,0,0.71,0,0,0,0.961,0,0,0,0,0,0,0,0,0,0,0,0.198,0,0,0,0,0,0,0,0,0,0,0,0,0.234,0,0,0.223,0,0,0,0,0,0,0,0,0,0,0,0,0,0,0,0,0,0.181,0,0,0,0,0,0,0,0,0,0,0,0,0,0,0.614,0,0,0,0,0,0,0,0,0,0,0,0,0,0,0,0,0,0,0,0,0,0,0,0,0,0,0,0,0,0,0,0,0.258,0.387,0,0.185,0.331,0,0,0,0,0,0,0,0,0,0,0,0.946,0,0,0,0,0,0.2,0,0,0,0,0,0,0,0,0,0,0,0,0,0,0,0,0,0,0,0,0,0,0,0,0,0,0,0,0,0,0,0,0,0,0,0,0,0,0,0,0,0,0,0,0,0,0,0,0.163,0,0,0,0,0,0,0,0,0,0,0,0,0,0,0,0,0,0,0,0,0,0,0,0,0,0,0,0,0,0,0.246,0,0,0,0,0,0,0,0,0,0,0,0,0,0,0,0,0,0,0,0,0,0,0,0,0,0,0,0,0,0,0,0.272,0,0,0,0,0,0.931,0,0.183,0,0,0,0,0,0,0,0,0,0,0,0,0,0,0,0,0,0,0.311,0,0,0.261,0,0,0,0.288,0,0,0,0,0,0,0,0,0,0,0,0,0,0,0,0.172,0,0,0,0,0,0,0,0,0,0,0,0,0,0,0,0,0,0,0,0,0,0,0,0,0,0,0,0,0,0,0,0,0,0,0,0,0,0,0,0,0.309,0.157,0,0,0,0,0,0,0,0,0,0,0,0,0,0,0,0,0,0,0,0,0,0.264,0,0,0,0.191,0,0,0,0,0,0,0,0,0,0,0,0,0,0,0,0.227,0,0,0.177,0,0,0,0,0,0,0,0,0,0,0,0,0,0,0,0,0,0,0,0,0,0,0,0,0,0,0,0,0.979,0,0,0,0,0,0,0,0,0,0,0,0,0,0,0,0,0,0,0,0,0,0,0,0,0,0.204,0,0,0,0,0,0,0,0,0,0,0.217,0,0,0,0,0,0,0,0,0,0,0,0.263,0,0,0,0,0,0,0,0.268,0,0,0,0.229,0,0,0,0,0,0,0,0,0.247,0,0,0,0,0,0,0,0,0,0,0,0,0,0,0,0,0,0,0,0,0,0,0,0,0,0,0.229,0,0,0,0,0,0,0,0,0,0,0,0,0,0,0,0,0,0,0,0,0,0,0,0,0,0,0,0,0.2,0,0,0,0,0,0,0,0,0,0,0,0,0,0,0,0,0.2,0,0.526,0,0,0,0,0,0,0.181,0,0,0,0,0,0,0.38,0,0,0,0,0,0,0,0,0,0,0,0.735,0,0,0,0,0,0,0,0.681,0,0,0,0,0,0,0.387,0,0,0,0,0,0,0,0.264,0,0,0,0,0.426,0,0,0,0,0,0,0,0,0,0,0,0,0,0,0,0,0,0,0,0,0,0,0,0,0,0,0,0,0,0,0,0.59,0,0,0,0,0,0,0,0.534,0,0,0,0,0.159,0,0.734,0,0,0,0,0,0,0,0,0,0,0,0.749,0,0,0,0,0,0,0,0,0,0,0,0,0,0,0,0,0,0,0,0,0,0,0,0,0,0.331,0,0,0,0,0,0.61,0,0,0,0,0,0,0,0,0,0.27,0,0.835,0,0,0.302,0,0,0,0,0,0,0,0.247,0,0,0,0,0,0.159,0.574,0,0,0,0.171,0,0,0,0,0,0,0,0,0.153,0,0,0,0,0,0,0,0,0,0,0.156,0,0,0,0,0,0,0,0,0,0,0,0,0,0,0,0,0,0,0,0,0,0,0,0,0,0,0,0,0,0,0,0,0,0,0,0,0,0,0,0,0,0,0.193,0,0,0,0,0,0.469,0.182,0,0,0,0,0.17,0,0,0,0,0,0,0,0,0,0,0.248,0,0,0,0,0,0,0,0,0,0,0,0,0,0,0,0,0,0,0,0,0,0,0,0,0,0,0,0,0,0,0,0,0,0,0,0,0,0,0,0,0,0.243,0,0,0,0,0,0,0,0,0,0.721,0,0,0,0.245,0,0,0,0,0,0,0,0,0.291,0,0.307,0,0.355,0,0,0,0,0,0,0,0,0,0,0,0,0,0,0,0,0,0,0,0,0,0,0,0,0,0,0.292,0,0,0,0,0,0,0,0,0,0,0,0,0,0,0,0,0,0,0,0,0,0,0,0,0,0,0,0,0,0,0,0,0,0,0,0,0,0,0,0,0,0.367,0,0,0,0,0,0,0,0,0,0,0,0,0,0,0,0,0.224,0,0.181,0,0,0.178,0,0,0,0,0,0.429,0,0,0,0,0,0,0,0,0,0,0,0,0,0,0,0.273,0,0,0,0,0,0,0,0,0,0,0,0,0,0,0,0.24,0,0,0,0,0,0,0,0.162,0,0,0,0,0.585,0,0,0,0,0,0,0,0,0,0,0,0,0,0,0,0,0,0,0,0,0,0,0,0,0,0,0,0,0,0,0,0,0,0,0.196,0,0,0,0,0,0,0,0,0,0,0,0,0,0,0,0,0,0,0,0,0,0,0.319,0,0,0,0,0,0,0,0,0,0.362,0,0,0,0,0,0,0,0,0,0,0,0,0,0,0,0.177,0.193,0,0,0,0,0,0,0,0,0,0,0,0,0,0,0,0,0,0,0,0,0,0,0,0,0,0,0,0,0,0,0,0,0,0,0,0,0,0,0,0,0,0,0,0.609,0,0,0.151,0,0,0,0,0,0,0,0,0,0,0,0,0,0,0,0,0,0,0,0,0,0,0,0,0,0,0,0,0,0,0,0.426,0,0,0,0,0,0,0,0,0,0,0,0,0.373,0,0,0,0,0,0.173,0,0,0,0,0,0,0,0,0,0,0,0,0,0,0,0,0,0,0.181,0,0,0,0,0,0,0,0,0,0,0,0,0,0,0,0,0,0,0,0,0,0,0,0,0,0,0,0,0,0,0,0,0,0,0,0,0,0,0,0,0,0,0,0,0,0,0,0,0,0,0,0,0.245,0,0,0,0,0,0,0,0.238,0,0,0.176,0,0,0,0,0,0,0,0,0,0,0,0,0,0,0,0,0,0,0,0,0,0,0,0,0,0.314,0,0,0,0,0,0,0,0,0,0,0,0,0,0,0,0,0,0,0,0,0,0,0,0.808,0,0,0,0,0,0,0,0.545,0,0,0,0,0,0,0,0,0.857,0,0,0,0,0,0,0,0,0,0,0.249,0,0,0,0,0,0.331,0,0,0,0,0,0,0.999,0,0,0,0,0,0,0,0,0,0,0,0,0,0,0,0,0,0,0,0,0,0,0,0,0,0,0,0,0,0,0,0,0,0,0,0,0,0,0,0,0,0,0,0,0,0,0,0,0.534,0,0.317,0.315,0,0,0.156,0,0,0.526,0,0,0,0.219,0,0,0,0,0.448,0,0,0,0,0,0,0,0,0,0,0.574,0,0,0,0,0,0,0,0,0,0,0.365,0,0,0,0,0,0.178,0.305,0.6,0,0,0,0,0,0,0,0,0.426,0,0,0,0,0,0,0,0,0,0,0,0,0,0,0,0,0,0,0,0,0,0,0,0,0,0,0,0,0,0,0,0,0,0,0,0,0,0,0,0,0,0,0,0,0,0,0,0,0,0,0.228,0,0,0,0,0,0,0,0,0,0,0,0,0.349,0,0,0,0,0,0,0,0,0,0,0,0,0,0,0,0,0,0,0,0,0,0,0.254,0,0,0,0,0,0,0,0,0,0,0,0,0,0,0,0,0,0,0,0,0,0,0,0,0,0,0,0,0,0,0,0,0,0,0,0,0,0,0.336,0,0,0,0,0,0,0,0,0,0,0,0,0,0,0,0,0,0,0,0,0,0,0,0,0,0,0,0,0.271,0,0,0,0,0,0,0,0,0,0,0,0,0,0,0,0,0,0,0,0,0,0,0,0,0,0,0,0,0,0,0.216,0,0,0,0,0,0,0,0,0.426,0,0,0.296,0,0,0,0,0,0,0,0,0,0,0,0,0,0,0,0,0.157,0,0,0,0,0,0,0,0,0,0,0,0,0,0,0,0,0,0,0,0,0,0,0,0,0,0,0,0.514,0,0,0,0,0,0,0,0,0,0,0,0,0,0,0.883,0,0,0.357,0,0,0,0,0,0,0,0,0,0,0,0,0,0,0,0,0,0,0,0,0.156,0,0,0,0,0,0,0,0,0,0,0,0,0,0,0,0.396,0,0.202,0,0,0,0,0,0.302,0,0,0,0,0,0,0,0,0,0,0,0,0,0,0,0,0,0,0,0,0,0,0,0,0,0,0,0,0,0,0,0,0,0,0,0,0,0,0,0,0,0,0.612,0,0,0,0,0,0,0,0,0,0,0,0,0,0,0,0,0,0,0,0,0,0,0,0,0,0,0,0,0,0,0,0.176,0,0,0,0,0,0,0,0.271,0,0,0,0,0,0,0,0,0,0,0,0,0,0,0,0,0,0,0,0,0,0,0,0,0,0,0,0,0,0,0,0,0,0,0,0.999,0,0,0,0.261,0,0,0,0,0,0,0,0,0,0,0,0,0,0,0,0,0,0.233,0,0,0,0,0,0,0,0,0,0,0,0,0.947,0,0,0,0,0,0,0,0,0,0,0,0,0,0,0,0,0,0,0,0,0,0,0,0,0,0,0,0,0,0,0,0,0.202,0,0,0,0,0,0,0,0,0,0,0,0,0,0,0,0,0,0,0,0.598,0.318,0,0.595,0.405,0,0,0,0,0,0,0,0.324,0,0,0,0,0,0.284,0,0,0,0,0,0.161,0.997,0,0,0,0,0,0.26,0,0.529,0,0,0,0,0,0,0.343,0,0,0,0,0,0,0,0,0,0.197,0,0,0.998,0,0,0,0,0,0,0,0.627,0,0.303,0,0,0,0.27,0,0,0.187,0,0,0,0,0.204,0.945,0,0.602,0.206,0,0.873,0,0,0,0,0,0,0.208,0,0,0,0,0,0.543,0,0.433,0,0,0,0,0,0,0,0.398,0,0,0,0,0,0,0,0,0,0,0,0,0,0,0.331,0,0,0,0,0,0,0,0,0,0,0,0,0,0,0,0,0,0,0,0,0,0,0,0,0,0,0,0,0,0,0,0,0,0,0,0,0,0,0,0.368,0,0,0,0,0,0,0,0,0,0,0,0,0,0,0,0,0.527,0,0,0.331,0,0,0,0.392,0,0,0,0,0,0,0.216,0,0,0,0,0,0,0,0,0,0.229,0,0,0,0,0,0,0,0,0,0,0,0,0,0,0,0,0,0,0.161,0,0,0,0,0,0,0,0,0,0,0,0,0,0,0,0,0,0,0,0,0,0,0,0,0,0,0,0,0,0,0,0,0,0,0,0.307,0,0,0,0,0,0,0,0,0,0,0,0,0,0,0,0,0,0,0,0,0,0,0,0,0,0,0,0,0,0,0.401,0,0,0,0,0,0,0,0,0,0,0,0,0,0,0,0,0,0,0,0.542,0,0,0.301,0,0,0,0.727,0,0,0,0,0,0,0,0,0,0,0,0,0.244,0,0,0.284,0,0.224,0,0,0.21,0,0,0,0,0,0,0,0,0,0,0,0,0,0,0,0,0,0,0.578,0,0,0,0,0,0,0,0,0,0,0,0,0,0,0,0,0,0,0,0,0.193,0.274,0,0.244,0,0,0,0,0,0.233,0,0,0,0,0,0,0,0,0,0,0,0,0,0,0,0,0,0,0,0.244,0,0,0,0,0,0,0,0,0,0,0,0.999,0,0,0,0,0,0,0,0,0.166,0,0,0,0,0,0,0.185,0,0,0,0,0,0,0,0,0.29,0,0,0,0.707,0,0,0,0,0,0,0,0,0,0,0,0,0,0,0,0,0,0,0,0,0,0,0,0,0,0,0,0.194,0.845,0,0,0,0,0.991,0,0,0,0,0,0,0,0,0,0,0,0,0,0,0.999,0,0,0,0,0,0,0,0,0,0,0,0,0,0,0,0,0,0,0,0,0,0,0,0,0,0,0,0,0,0,0,0,0,0,0,0,0,0.339,0,0,0,0,0,0,0,0,0,0,0,0,0,0,0,0,0,0,0,0,0,0,0,0,0,0,0,0,0,0,0,0,0,0,0,0,0.267,0,0,0,0,0,0,0,0,0,0,0,0,0,0,0,0,0,0,0,0,0,0,0,0,0,0,0,0,0,0,0,0,0,0,0,0,0,0,0,0,0,0,0,0,0,0,0,0,0,0,0,0,0,0,0,0,0,0,0,0,0,0,0,0,0,0.208,0,0,0,0,0,0,0,0,0,0,0,0,0,0,0,0,0,0,0,0,0,0,0,0,0,0,0,0,0,0,0,0,0,0,0,0.258,0,0,0,0,0,0,0,0,0,0,0,0,0,0,0,0,0,0,0,0,0,0,0,0,0,0,0,0,0,0,0,0,0,0,0,0,0,0,0,0,0,0,0,0,0,0,0,0,0,0,0,0,0,0,0,0,0,0,0,0,0,0,0,0,0,0,0,0,0,0,0,0,0,0,0,0,0,0,0,0,0,0,0,0,0,0,0,0,0,0,0,0,0,0,0,0,0,0.426,0,0,0,0,0,0,0,0,0,0,0,0,0,0,0,0,0,0,0,0,0,0,0,0,0,0,0,0,0,0,0,0,0,0,0,0,0,0,0,0,0,0,0,0.93,0,0,0,0,0,0,0,0,0,0,0,0,0,0,0,0,0,0,0,0,0,0,0,0,0,0,0,0,0,0,0,0,0,0,0,0,0,0,0,0,0,0,0,0,0.305,0,0,0,0,0,0,0,0,0,0,0,0,0,0,0,0,0,0,0,0,0,0,0,0,0,0,0,0,0,0,0,0,0,0,0,0,0,0,0.228,0,0,0,0,0,0,0,0,0,0,0,0,0,0,0,0,0,0,0,0,0,0,0,0,0,0,0,0,0,0,0,0,0,0.286,0,0.814,0,0,0.202,0,0,0,0,0,0,0,0,0,0,0.431,0,0,0,0,0,0,0,0,0.44,0,0,0,0,0,0.274,0,0,0,0,0,0,0,0,0,0.167,0,0,0,0,0,0,0,0,0,0,0,0,0.228,0,0,0,0,0,0,0,0,0,0,0,0,0,0.471,0,0,0,0,0,0,0.238,0,0,0,0,0,0,0,0.177,0,0,0,0,0,0,0,0,0,0,0,0,0,0,0,0,0,0.181,0,0.23,0,0.207,0.278,0,0,0,0,0,0,0,0,0,0,0,0,0,0,0,0,0,0,0,0,0.167,0,0.296,0,0,0,0,0,0,0,0,0,0,0.36,0,0,0.426,0,0,0,0,0,0,0,0,0,0,0.192,0,0,0,0,0,0,0,0,0,0,0,0,0,0,0,0,0,0.265,0,0,0,0,0.429,0,0,0,0,0,0,0,0,0,0,0,0,0,0,0,0,0,0,0,0,0,0,0,0,0,0,0,0,0,0,0,0,0,0,0,0,0,0,0,0,0,0,0,0,0,0,0,0,0,0,0,0,0,0,0,0.366,0,0,0,0,0,0,0,0,0,0,0,0.205,0,0,0,0,0,0.15,0.289,0,0,0,0,0,0,0,0,0,0,0,0,0,0,0,0,0,0,0,0,0,0,0,0,0,0,0,0,0,0,0.298,0,0,0,0,0,0,0,0,0,0,0,0,0,0,0,0,0,0,0,0,0,0,0,0,0,0,0,0,0,0,0,0,0,0,0,0,0,0,0.166,0,0,0,0,0,0,0,0,0,0,0,0,0,0,0,0,0,0,0,0,0,0,0,0,0,0,0,0,0,0,0,0,0,0,0,0,0,0,0,0,0,0,0,0,0,0,0,0,0,0,0,0,0,0,0,0,0,0,0,0,0,0,0,0,0,0,0,0,0,0,0,0,0,0,0,0,0,0,0,0,0,0,0,0,0,0,0.248,0,0,0,0,0,0,0,0,0,0.664,0,0,0,0,0,0,0,0,0,0,0,0,0,0,0,0,0,0,0,0.697,0,0,0,0,0,0,0,0,0,0,0,0,0,0,0,0,0,0,0,0,0,0,0,0,0,0,0,0,0,0,0,0,0,0,0,0,0,0,0,0.429,0,0,0,0,0,0,0,0,0.944,0,0,0,0,0,0,0,0,0,0,0,0,0,0.187,0.335,0,0,0,0,0,0,0,0,0,0,0,0,0,0,0,0,0,0,0,0,0,0,0,0,0,0,0,0,0,0.181,0,0,0,0,0,0,0,0,0,0,0,0,0,0,0,0,0,0,0,0,0,0.167,0,0,0,0,0,0,0,0.17,0,0,0,0,0,0,0,0,0,0,0,0,0,0,0,0,0,0,0,0,0,0,0,0,0,0,0,0,0,0,0,0,0,0,0,0,0,0,0,0,0,0,0,0,0,0,0,0,0,0,0,0,0,0,0,0,0,0,0,0,0,0,0,0,0,0,0,0,0,0,0,0,0,0,0,0,0,0,0,0,0,0,0.388,0,0,0,0,0,0,0,0,0,0,0,0,0,0,0,0,0,0,0,0,0,0,0,0,0,0.568,0,0,0,0,0,0,0,0,0,0,0,0,0,0,0,0,0,0,0,0,0,0,0,0,0,0,0,0,0,0,0,0,0,0,0,0,0,0,0,0,0,0,0,0,0,0,0,0,0,0,0,0,0,0,0,0,0,0,0.207,0,0,0,0,0,0,0.295,0,0,0,0,0,0,0,0,0,0,0,0,0,0,0,0,0,0,0,0,0,0,0,0,0,0,0,0,0,0,0,0,0,0,0,0,0,0,0,0,0,0,0,0,0,0,0,0,0,0,0,0,0.346,0,0,0,0.229,0,0,0,0,0,0,0,0,0,0,0,0,0.269,0,0.31,0,0.217,0,0,0,0,0,0,0,0,0.32,0,0.832,0,0,0,0,0,0,0,0,0,0,0,0,0,0,0,0,0,0,0,0,0,0,0,0,0,0,0,0,0,0,0,0,0,0.262,0,0,0,0,0.981,0,0,0,0,0,0,0,0.429,0,0,0,0,0,0,0,0,0,0,0,0,0,0,0,0,0,0,0,0,0,0,0,0,0,0,0,0,0,0,0,0,0,0,0,0.988,0,0,0,0,0,0,0,0,0,0,0,0,0,0,0,0,0,0.433,0.733,0,0,0.999,0,0,0,0,0,0,0,0,0,0,0,0,0,0,0,0,0,0,0,0,0,0,0,0,0,0.239,0,0,0,0,0,0,0,0,0,0.633,0,0,0,0,0,0,0,0,0,0,0,0,0,0,0,0,0.999,0,0,0,0,0,0,0,0,0,0,0,0,0,0,0,0,0,0,0,0,0,0,0,0,0,0,0,0,0,0,0,0.466,0,0.994,0.28,0,0,0,0,0,0,0,0.155,0,0.988,0.28,0.204,0,0,0,0,0,0,0,0,0,0,0,0,0,0,0.336,0,0,0,0,0,0,0,0,0,0,0,0.208,0,0,0.226,0,0,0,0,0,0,0,0,0,0,0,0,0,0,0,0,0,0,0,0,0,0,0,0,0,0,0,0,0,0,0,0.196,0,0,0,0,0,0,0,0,0,0,0,0,0,0,0,0,0,0,0,0,0,0,0,0,0,0,0,0,0,0,0,0,0,0,0,0,0,0,0,0,0,0,0,0,0,0,0,0,0,0,0,0,0,0,0,0,0,0,0,0,0,0,0,0,0,0,0,0,0,0,0,0,0,0,0.315,0,0,0,0,0,0,0,0.179,0,0,0,0,0,0,0,0.314,0,0,0,0,0,0.558,0,0,0,0,0,0,0,0,0,0,0,0,0,0,0,0,0,0,0,0,0,0,0,0
852624,0,0.175,0,0.665,0,0.536,0.19,0,0,0,0,0,0,0,0,0,0,0,0,0,0,0,0,0,0,0,0,0.24,0,0,0,0,0,0,0.15,0,0,0,0,0.171,0,0,0,0,0,0,0,0.208,0,0,0,0,0,0,0,0,0,0,0,0,0,0.602,0,0,0,0,0.176,0,0,0,0.368,0,0,0,0,0,0,0.424,0.255,0,0.225,0,0,0,0,0.25,0,0.288,0,0,0,0,0,0,0,0,0,0,0,0,0,0,0,0,0,0.253,0,0,0,0,0,0,0,0,0,0,0,0,0,0,0,0,0,0,0,0,0,0,0,0,0,0,0,0,0,0,0,0,0,0,0,0,0,0,0,0,0,0,0,0,0,0,0,0,0,0.197,0,0,0,0,0,0,0,0.194,0,0,0,0.442,0,0,0,0,0,0,0,0,0,0,0,0,0.229,0,0,0.151,0,0,0,0,0,0,0,0,0,0,0,0,0,0,0,0,0,0,0.245,0,0.197,0,0,0,0,0,0,0,0.229,0,0,0,0,0,0,0,0,0,0,0,0,0,0,0,0,0,0,0,0,0,0,0,0.195,0,0,0,0,0,0,0,0,0,0,0,0,0,0,0,0,0,0,0,0,0,0,0,0,0.309,0,0.158,0,0,0,0,0,0,0,0,0,0,0,0,0,0,0,0,0,0,0,0,0,0.48,0,0,0,0.239,0,0,0,0,0,0,0,0,0,0,0,0,0,0,0,0,0,0,0,0,0.17,0,0,0,0,0,0,0,0,0,0,0,0,0,0.288,0,0,0,0,0,0,0,0,0,0,0,0,0,0,0,0,0,0,0,0,0.209,0,0,0,0,0,0,0,0,0,0,0,0,0,0,0,0,0,0,0,0.269,0,0,0,0,0,0,0,0,0,0,0,0,0.162,0.575,0,0,0,0,0,0,0,0,0,0,0,0,0,0.173,0,0,0,0,0,0.21,0,0,0,0,0,0,0,0,0,0.172,0,0,0,0,0,0,0,0,0.154,0,0.175,0,0,0,0,0,0,0,0,0,0,0.502,0,0,0,0,0,0,0.173,0,0,0,0.215,0,0,0,0.212,0,0,0,0,0,0,0,0.153,0,0,0,0,0,0,0,0,0,0,0,0,0,0,0,0,0,0,0,0,0,0,0,0,0,0,0,0,0,0,0,0,0,0,0,0,0,0,0,0,0,0,0,0,0,0,0,0,0.451,0,0,0,0,0,0,0,0,0,0.429,0,0,0,0,0,0,0,0.173,0,0,0,0.309,0,0,0,0,0,0,0,0,0,0,0,0,0,0,0,0,0,0,0,0,0,0,0,0,0,0,0,0,0,0,0,0,0,0,0,0,0,0,0,0,0,0,0,0.162,0,0,0,0,0.91,0,0,0,0,0,0,0,0,0,0,0,0,0,0.314,0,0,0,0,0.189,0,0,0,0,0,0.292,0,0,0,0,0,0,0,0,0,0,0,0,0,0,0,0,0,0,0,0,0,0,0.206,0,0,0,0,0,0.164,0.186,0,0,0,0,0,0,0,0,0,0,0,0,0,0,0,0,0,0,0,0,0,0,0,0,0,0,0,0,0,0,0,0,0,0,0,0,0,0.161,0,0,0,0.332,0,0,0,0,0,0,0,0,0,0,0,0,0,0,0,0,0,0,0,0,0,0,0,0,0,0,0,0,0,0,0,0,0,0,0,0,0,0,0,0,0.193,0.194,0,0,0,0,0,0,0,0,0,0,0,0,0,0.153,0.231,0,0,0,0,0,0,0,0,0,0,0,0,0,0,0,0,0,0,0,0,0,0,0,0,0,0,0,0,0,0,0,0,0,0,0,0,0,0,0,0,0,0,0,0,0,0,0,0,0,0,0,0,0,0,0,0,0,0,0,0,0,0,0,0,0,0,0,0,0,0,0.154,0,0,0,0,0,0,0,0,0,0,0,0,0,0.17,0,0,0,0,0,0,0,0,0,0,0,0,0,0,0,0,0,0,0,0,0,0,0,0,0,0,0,0,0,0,0,0,0,0,0,0,0,0,0,0,0,0.155,0,0,0,0,0,0,0,0.173,0,0,0,0,0,0,0,0,0,0,0,0,0,0,0,0,0,0,0,0,0,0,0,0,0,0,0,0,0,0,0,0,0,0.224,0,0,0,0,0,0,0,0,0,0,0,0,0,0,0,0,0,0,0,0,0,0,0,0,0,0,0,0,0,0,0,0,0,0,0,0.158,0,0,0,0,0,0,0,0,0,0,0,0,0,0,0,0,0,0,0,0,0,0,0,0,0,0,0,0,0,0,0,0,0,0,0,0,0,0,0,0,0,0,0,0,0,0,0,0,0,0,0,0,0,0,0,0,0,0,0,0,0,0,0,0,0,0,0,0.194,0,0,0,0,0,0,0,0,0,0,0,0,0,0,0,0,0,0,0,0,0,0,0,0,0,0,0,0,0,0,0,0,0,0,0,0,0,0,0,0,0,0,0,0,0,0,0.164,0,0,0,0,0,0,0,0.453,0,0,0,0,0,0,0.208,0,0.173,0,0,0,0,0.267,0,0,0.323,0,0,0,0,0,0,0,0,0,0,0.194,0,0,0,0,0,0.886,0,0,0,0.166,0,0,0,0,0,0,0,0,0,0,0,0,0,0,0,0,0,0,0,0,0,0,0,0,0,0.443,0,0,0,0,0,0,0,0,0,0,0,0,0,0,0,0,0,0,0,0,0,0,0,0,0,0,0,0,0,0.221,0,0,0,0,0,0,0,0,0,0,0,0,0,0,0,0,0,0,0,0,0,0,0,0,0.173,0,0,0,0,0,0,0,0,0,0,0,0,0,0,0,0,0,0,0,0.273,0,0,0,0,0,0,0,0,0,0,0,0,0,0,0,0,0,0,0.499,0,0,0,0,0,0,0.189,0,0,0,0,0,0,0,0.258,0,0,0,0,0,0,0,0,0,0,0,0,0,0,0,0,0,0,0,0,0,0,0,0,0,0,0,0,0,0,0,0,0,0,0,0,0,0,0,0,0,0,0,0.229,0,0,0.311,0,0,0,0,0,0,0,0,0.15,0,0,0,0,0,0.336,0,0,0,0,0,0,0,0,0,0,0,0,0,0,0,0,0,0,0,0,0,0.218,0,0,0,0,0,0,0,0,0,0,0,0,0,0,0,0,0,0.237,0,0,0,0,0,0,0,0,0,0,0,0,0,0,0,0,0,0,0,0,0,0,0,0,0,0,0,0,0,0,0,0,0,0,0,0,0,0,0,0,0,0,0,0.229,0,0.173,0,0,0,0,0,0,0.335,0,0,0,0,0,0,0,0,0,0.154,0,0,0.171,0,0,0,0,0,0,0,0,0,0,0,0.263,0,0,0.383,0,0,0,0,0,0,0,0.227,0,0,0,0,0,0,0,0,0,0.536,0.154,0,0,0,0,0,0,0,0,0,0,0,0,0,0,0,0,0.195,0,0,0.39,0,0,0,0,0,0,0,0,0,0,0.173,0,0,0,0,0,0,0,0,0,0,0,0,0,0,0,0,0,0,0.173,0,0,0,0,0,0,0.199,0,0,0,0,0,0.185,0,0,0,0,0,0,0.202,0,0,0,0,0,0,0.159,0,0,0,0,0,0,0,0,0,0,0,0,0,0,0,0,0,0,0,0.326,0,0,0,0.157,0,0,0,0.476,0,0,0,0,0,0,0,0.185,0,0,0,0,0,0,0,0,0,0,0,0,0,0,0,0,0,0,0,0,0,0,0,0,0,0,0,0.307,0,0,0,0,0,0,0,0,0,0,0,0,0,0,0,0,0,0,0,0,0,0,0,0,0,0,0,0,0,0,0,0,0,0,0,0,0,0,0,0,0,0,0,0,0.377,0,0,0,0,0,0,0,0,0,0,0,0,0,0,0,0,0,0,0,0,0,0,0,0,0,0,0,0,0,0,0,0.161,0,0,0,0,0,0.222,0,0,0,0.171,0,0,0,0,0,0,0,0,0,0,0,0,0,0,0,0,0,0,0,0,0,0,0,0,0,0,0,0,0,0,0,0,0,0,0,0,0,0,0,0,0,0,0,0,0,0,0,0,0,0,0,0,0,0,0,0,0,0,0,0.269,0,0.406,0,0,0,0,0,0,0,0,0,0,0,0,0,0,0,0,0,0,0,0,0,0,0,0,0,0,0,0,0,0,0,0,0,0,0,0,0,0,0,0,0,0,0,0,0,0,0.68,0,0,0,0,0,0,0,0,0,0,0,0,0,0,0,0,0.354,0,0,0,0,0,0,0,0,0,0,0,0,0,0,0,0,0.222,0,0,0,0,0,0,0.155,0,0,0.335,0,0,0,0,0,0,0,0,0,0,0,0,0,0,0,0,0.17,0,0,0,0,0,0,0,0,0,0,0.166,0,0,0,0,0,0,0,0.152,0,0,0,0,0,0,0,0,0,0,0,0,0,0,0,0,0,0,0,0,0,0,0,0,0,0,0,0,0,0,0.354,0,0.448,0,0,0,0,0,0,0,0,0,0,0.192,0,0,0,0,0,0,0,0,0,0,0,0,0,0,0,0,0,0,0.154,0,0.212,0,0,0,0,0,0,0,0,0,0.787,0,0,0,0.448,0,0,0,0,0,0.191,0,0.167,0,0,0,0,0.171,0,0,0,0.241,0.175,0,0,0,0,0,0,0.222,0,0,0,0,0.176,0,0,0,0,0,0,0,0,0,0,0,0,0,0,0,0,0,0,0,0,0,0,0,0,0,0,0,0.58,0,0,0,0,0,0,0,0,0,0,0,0,0,0,0,0,0,0.158,0,0,0,0,0,0.201,0,0,0,0,0,0,0,0,0,0,0,0,0,0,0,0,0.222,0,0,0.159,0,0,0.344,0,0,0,0,0,0,0,0,0.17,0,0,0,0,0,0,0,0,0,0,0,0,0,0,0,0,0,0,0,0,0,0,0,0.197,0,0,0.999,0,0,0,0.443,0,0,0,0,0,0,0,0.178,0,0,0,0,0.197,0,0,0,0,0,0,0,0.152,0,0,0,0,0,0,0,0,0,0,0,0,0,0,0,0,0.337,0,0,0,0,0,0,0,0,0,0,0.245,0.21,0,0.24,0,0,0.248,0,0,0,0,0,0,0,0,0.338,0,0,0,0,0,0,0,0,0,0,0,0,0,0,0,0,0,0,0,0,0.307,0,0,0,0,0,0,0,0,0,0,0,0,0,0,0,0,0,0,0,0,0,0,0,0,0,0,0,0,0,0,0,0,0,0,0,0,0,0,0,0,0,0,0,0,0,0.392,0,0,0,0,0,0.309,0,0,0,0,0,0,0,0,0,0,0,0,0,0,0,0,0,0,0,0,0,0,0,0,0,0.185,0,0,0,0,0,0,0,0,0,0,0,0,0,0,0,0,0,0,0,0,0,0.233,0,0,0,0,0,0,0,0,0,0,0,0,0,0,0,0,0,0,0,0,0,0,0,0,0,0,0,0,0,0,0,0,0,0,0,0,0,0,0,0,0,0,0,0,0,0,0,0.406,0,0,0,0,0,0,0,0,0,0,0,0,0,0,0,0,0,0,0,0,0,0,0,0,0,0,0,0,0,0,0,0,0,0,0,0,0,0,0,0,0,0,0.354,0,0,0,0,0,0,0,0,0.233,0,0,0,0.17,0,0,0,0,0,0,0,0,0,0.258,0,0,0,0,0.242,0,0,0,0,0,0,0,0,0,0,0,0,0,0,0,0,0,0,0,0,0,0,0,0,0,0,0,0,0,0,0,0,0,0,0,0,0.309,0,0,0,0,0,0,0,0,0,0.193,0,0,0,0,0,0,0,0,0,0,0,0,0,0.258,0,0,0,0,0,0,0,0,0.53,0.286,0,0,0,0,0,0.177,0,0,0,0,0,0,0,0,0.189,0,0,0,0,0.22,0,0,0,0,0,0,0,0,0,0,0,0,0,0,0,0,0,0,0,0,0,0,0,0,0,0,0,0,0,0,0,0,0,0,0,0,0,0,0,0,0,0,0,0,0,0,0,0,0.182,0,0,0,0,0,0,0.306,0,0,0,0,0,0,0,0,0,0,0,0,0,0,0,0,0,0,0,0,0,0.363,0,0,0,0,0,0,0,0,0,0,0,0,0,0.152,0,0,0,0,0,0,0,0,0,0,0.408,0,0,0,0,0.24,0,0,0,0,0,0,0,0.204,0.264,0,0,0,0,0,0,0,0.999,0,0,0,0,0,0,0,0,0,0,0,0,0.173,0,0,0,0,0,0.381,0,0,0,0,0,0,0,0,0,0,0,0,0.208,0.179,0,0,0,0,0,0,0,0,0,0,0,0,0,0,0,0,0,0,0,0,0,0,0,0,0,0,0,0,0,0,0,0,0,0.238,0,0,0,0,0,0,0,0,0,0,0,0,0,0,0,0,0,0,0,0,0,0,0,0,0,0,0,0,0,0,0.32,0,0,0,0,0,0,0.171,0,0,0,0,0,0,0,0,0,0,0.276,0.165,0,0,0,0,0,0,0,0,0,0,0,0,0,0,0,0,0,0,0,0,0,0,0,0,0,0,0,0,0,0,0,0,0,0,0,0,0,0,0,0,0,0,0,0,0,0,0,0,0,0,0,0,0,0,0,0,0,0,0,0,0,0,0,0,0,0,0,0,0,0,0,0,0,0,0,0,0,0,0,0,0,0,0,0,0,0,0,0,0,0,0,0,0,0,0,0,0,0,0,0.288,0,0,0,0,0,0,0,0,0,0,0,0,0,0,0,0,0,0,0,0,0,0,0,0,0,0,0,0,0.293,0,0,0,0,0,0,0,0,0,0,0,0,0,0,0,0,0,0,0,0,0,0,0,0,0,0,0,0,0,0,0,0,0,0,0,0,0,0,0,0,0,0,0,0,0,0,0,0,0,0,0,0,0,0,0,0,0,0,0,0,0,0,0,0,0,0,0,0,0,0,0,0,0,0,0,0,0,0,0,0,0,0,0,0,0,0,0,0,0,0,0,0,0,0,0,0,0,0,0,0,0,0,0,0,0,0,0,0,0,0,0,0,0,0,0,0,0.412,0,0,0,0,0,0,0,0.16,0,0,0,0,0,0,0,0,0,0,0,0,0,0,0,0,0,0.151,0,0,0,0,0,0,0,0,0,0,0,0,0,0,0,0,0,0,0,0,0,0,0,0,0,0,0,0,0,0,0,0,0,0,0,0,0,0,0,0,0,0,0,0,0,0,0,0,0,0,0,0,0,0,0,0,0,0.611,0,0,0,0,0,0,0,0,0,0,0,0,0,0.457,0,0,0,0,0,0,0,0,0,0,0,0,0,0,0.765,0,0,0.173,0,0,0,0,0,0,0,0,0,0,0,0.206,0,0,0,0,0,0,0,0,0,0,0,0.153,0,0,0,0,0,0,0,0,0,0,0,0,0,0,0,0,0,0,0.156,0,0,0,0,0,0,0,0,0.288,0,0,0,0,0,0,0,0,0,0,0,0,0,0,0,0,0,0,0,0,0,0,0,0,0,0,0,0,0,0,0,0,0,0,0,0,0,0,0,0,0,0.183,0,0,0,0,0,0,0,0,0,0,0,0,0,0,0,0,0,0,0,0,0,0,0,0,0,0,0,0,0,0,0,0,0,0,0,0,0,0,0,0,0,0,0,0,0,0,0,0,0.173,0,0,0,0,0,0,0,0,0,0,0,0,0,0,0,0,0,0,0,0,0,0,0,0,0,0.29,0,0.15,0.375,0,0,0,0,0,0,0,0,0,0,0,0,0,0,0,0,0,0,0,0,0,0,0,0,0,0,0,0,0,0,0,0,0,0,0,0,0,0,0,0,0,0,0,0,0.542,0,0,0,0,0.25,0.237,0,0,0,0,0,0,0,0,0,0,0.192,0,0,0,0,0,0,0,0,0,0,0.317,0,0,0,0,0,0,0,0,0,0,0,0,0,0,0,0,0,0,0,0,0,0,0,0,0,0,0,0,0,0,0,0,0,0,0,0,0,0,0,0,0,0,0,0,0,0,0,0,0,0,0,0,0,0,0.218,0,0,0,0,0,0,0,0,0,0,0,0.267,0,0,0,0,0,0.193,0,0,0,0,0,0.271,0.4,0,0,0,0,0,0,0,0.207,0,0,0,0,0,0,0,0,0,0,0,0,0,0,0,0,0,0,0,0,0,0,0,0,0,0,0,0,0,0,0,0,0,0,0,0,0,0,0,0,0,0,0,0,0,0,0,0,0,0,0,0,0,0,0,0,0,0,0,0,0,0,0,0,0,0,0,0,0,0,0,0,0,0,0,0,0,0,0.998,0,0,0,0,0,0,0,0,0,0,0,0,0,0,0,0,0,0,0,0,0,0,0,0,0,0,0,0,0,0,0,0,0,0,0,0,0,0,0,0,0.171,0.199,0,0,0,0,0,0,0.335,0,0,0.171,0,0,0,0,0,0.999,0,0.228,0,0,0.478,0.199,0.237,0,0,0,0,0,0,0,0,0,0,0,0.966,0,0,0.249,0,0,0.236,0,0,0,0,0,0,0,0.246,0,0,0,0,0,0,0,0.185,0.255,0,0,0,0,0,0,0,0,0,0,0,0,0,0,0,0,0,0,0,0,0,0,0,0,0,0,0,0,0,0.203,0,0,0,0,0,0,0,0,0,0,0,0,0,0,0,0,0,0,0,0,0,0,0,0,0,0,0,0,0,0,0,0,0,0,0,0,0,0,0,0,0,0,0,0,0,0,0,0,0,0,0,0.163,0,0,0,0,0,0,0,0,0,0,0,0,0,0,0,0,0,0,0,0,0,0,0,0,0,0,0,0,0,0,0,0,0,0,0,0,0,0,0,0,0,0,0,0,0,0,0,0,0,0,0,0,0,0,0,0,0,0,0,0,0.154,0,0,0,0,0,0,0,0,0,0,0,0.199,0,0,0,0,0,0,0,0,0,0,0,0,0,0,0,0,0,0,0,0,0,0,0,0,0,0,0,0,0,0,0,0,0,0,0,0,0,0,0,0,0,0,0,0,0,0,0,0,0.21,0,0,0,0,0.186,0,0,0,0.24,0,0,0,0,0,0,0,0,0,0,0,0,0,0,0.235,0,0.228,0,0,0,0,0,0,0,0,0,0,0,0,0,0,0,0,0,0,0,0,0,0,0,0,0,0,0,0,0,0,0,0,0,0.344,0,0,0,0,0,0,0,0,0,0,0,0,0,0,0,0,0,0,0,0.61,0,0,0,0,0,0,0,0,0,0,0,0,0,0,0,0,0.21,0,0,0,0,0,0,0,0,0,0,0,0.436,0,0,0,0,0,0,0,0,0,0,0,0,0,0,0,0,0,0,0,0,0,0,0,0,0,0,0,0,0,0,0,0,0,0,0,0,0,0,0,0,0,0,0.258,0,0,0,0,0,0,0,0,0,0,0,0,0,0,0,0,0,0,0,0,0,0,0,0,0,0,0,0,0,0,0,0,0,0,0.481,0,0,0,0,0,0,0,0,0.169,0,0,0,0,0.238,0,0,0,0,0,0,0,0,0,0,0,0,0,0,0,0,0,0,0,0,0,0,0,0,0,0,0,0,0,0,0,0,0,0,0,0,0,0,0,0,0,0,0,0,0,0,0,0,0,0,0,0,0,0,0,0,0,0,0,0,0,0,0,0,0,0,0,0,0,0,0,0,0,0,0,0,0,0,0,0,0,0,0,0,0,0,0,0,0,0,0,0,0,0,0,0,0,0,0,0,0,0,0.593,0,0,0,0,0,0,0,0,0,0,0,0,0,0,0,0,0,0,0.169,0,0,0,0,0,0,0,0,0,0,0,0,0.226,0,0,0,0,0.185,0,0,0,0,0,0,0,0,0,0,0,0,0,0,0.218,0,0,0,0,0,0,0,0,0,0,0,0,0,0,0,0,0,0,0,0,0,0,0,0,0,0,0,0,0,0,0,0,0,0,0,0,0,0,0,0,0,0.694,0,0,0,0,0,0,0.999,0,0,0,0,0.998,0,0,0,0,0,0,0,0,0,0,0,0,0,0,0,0,0,0,0,0,0,0,0,0.171,0,0,0,0,0,0,0,0,0.15,0,0,0,0,0,0,0,0,0,0.169,0,0,0,0,0,0,0,0,0,0,0,0,0.48,0,0,0,0,0,0,0,0,0,0,0,0,0,0,0,0,0,0,0,0,0
852744,0.152,0.163,0,0,0,0,0,0,0,0,0,0,0,0,0,0,0,0,0,0,0,0,0,0,0.559,0,0,0,0.271,0,0,0,0,0,0,0,0,0,0,0,0,0.184,0,0,0.164,0,0,0.184,0,0,0.365,0.197,0,0,0,0,0,0,0,0,0.158,0.249,0.239,0,0.184,0,0,0.188,0,0,0.16,0.16,0,0,0,0,0,0,0,0,0,0,0,0,0,0.158,0,0,0.164,0,0,0,0,0,0.163,0,0,0.158,0,0,0,0,0,0,0,0,0.158,0,0,0,0,0,0,0,0,0,0,0,0.32,0,0,0,0,0,0,0,0,0,0,0.229,0.225,0,0,0,0,0,0,0,0,0,0,0,0,0,0,0,0.941,0,0,0,0,0,0,0,0,0.22,0.29,0,0,0,0,0,0,0,0,0,0,0,0,0,0,0,0,0,0,0,0,0,0,0,0,0,0,0.232,0,0,0,0,0,0,0,0,0,0,0.311,0.217,0,0,0,0,0,0.617,0.309,0,0,0,0,0,0,0,0,0,0,0,0,0,0,0.285,0,0,0,0,0,0,0,0,0,0,0,0,0,0,0,0,0,0.723,0.179,0,0,0,0,0,0,0,0.165,0,0,0.154,0,0.151,0,0.253,0,0,0,0,0.35,0,0,0.279,0,0,0,0,0,0,0,0,0,0,0,0,0,0.732,0,0,0,0,0,0,0,0.27,0,0,0,0,0,0,0.224,0,0,0,0,0,0,0,0.231,0,0,0,0,0.224,0,0,0,0.993,0,0,0,0,0,0.218,0,0,0,0,0,0,0,0,0.167,0,0,0,0,0,0,0,0,0,0,0.582,0,0,0,0,0,0,0.183,0.235,0,0,0,0,0,0,0.723,0,0,0,0,0,0,0,0,0,0,0,0,0,0,0,0,0,0,0,0,0,0,0,0,0,0,0,0,0,0,0,0,0,0,0,0,0,0,0,0,0,0,0,0.261,0,0,0.353,0,0,0,0,0,0,0,0,0.214,0.165,0,0,0,0.189,0,0,0,0,0,0,0.159,0,0,0,0,0,0,0,0,0,0,0,0,0,0,0.337,0,0,0.177,0,0.158,0.279,0,0.453,0,0,0,0,0,0,0,0,0,0.279,0,0,0,0,0,0.405,0,0.184,0,0,0,0,0,0,0,0,0.216,0,0,0,0,0,0,0,0,0,0.264,0,0,0,0,0,0,0,0,0,0,0,0,0,0.309,0,0,0,0,0,0,0,0,0,0,0,0,0,0,0,0,0,0,0,0,0,0,0,0,0,0,0,0.179,0,0,0,0,0,0,0,0,0,0,0.185,0,0,0,0.639,0,0,0,0,0,0,0,0,0,0,0,0,0,0,0,0,0,0,0,0,0,0.167,0,0,0,0,0,0,0,0,0,0,0,0,0,0,0,0,0,0.514,0,0,0,0,0,0,0,0,0.224,0,0,0,0,0,0,0,0,0,0,0.168,0,0,0,0,0,0,0,0,0,0,0.191,0,0,0,0,0,0,0,0,0,0,0,0,0,0,0,0,0,0,0,0.193,0,0,0,0,0,0,0,0,0,0,0,0,0,0,0,0,0,0,0,0,0,0,0,0,0,0,0.201,0,0,0,0,0.179,0,0,0,0,0,0,0,0,0,0,0,0,0,0,0,0,0,0,0,0,0,0,0,0,0,0,0,0,0,0,0,0.177,0,0.153,0,0,0,0,0,0,0,0,0,0,0,0,0,0,0,0,0,0,0,0,0,0,0.293,0,0,0.164,0,0.25,0,0,0,0,0,0,0,0,0,0,0,0.368,0,0,0,0,0,0,0,0,0,0.246,0,0.23,0,0,0,0,0.478,0,0,0,0,0,0,0,0,0,0,0,0,0,0.356,0,0,0,0,0,0,0,0,0,0.185,0,0,0,0.485,0,0,0,0,0,0,0,0,0,0,0,0,0,0,0.362,0,0,0,0,0.209,0,0,0,0.177,0,0.263,0.277,0,0,0,0,0,0,0,0,0.28,0,0.181,0,0,0,0,0,0,0,0,0,0,0,0,0.329,0,0.256,0,0,0.221,0,0.384,0,0,0,0,0,0,0,0,0,0,0,0,0,0.302,0,0.306,0,0,0,0,0.28,0,0,0,0,0,0,0,0,0,0,0.214,0,0,0,0,0,0,0,0,0,0,0,0,0.28,0,0,0,0,0,0,0,0,0,0,0.164,0,0,0.16,0.164,0,0,0,0,0,0,0,0,0,0,0,0.445,0,0,0,0,0,0,0,0.183,0,0,0,0,0,0.224,0.471,0,0,0.15,0.875,0,0,0.278,0,0,0,0,0,0,0,0.179,0,0,0,0,0.2,0,0,0,0.259,0,0,0,0.159,0,0,0,0,0,0,0,0,0,0.164,0,0,0,0,0,0,0,0,0,0,0,0,0,0,0,0,0,0,0,0,0,0,0,0,0,0,0,0,0,0,0,0,0,0,0,0,0,0,0,0,0,0,0,0,0,0,0,0,0,0,0,0,0,0,0,0.195,0,0,0,0,0,0,0,0,0,0.153,0,0,0,0.42,0.153,0.177,0.186,0,0,0,0.164,0,0,0,0.32,0.229,0.182,0,0,0,0,0,0,0,0,0.16,0.186,0,0.222,0,0,0,0,0.319,0,0,0,0,0.345,0,0,0,0,0.167,0,0.965,0,0,0.164,0,0,0,0,0,0,0,0.163,0,0,0.303,0.663,0,0,0,0,0,0.164,0.678,0,0,0,0,0.529,0,0.201,0,0,0.331,0,0,0,0.788,0,0,0,0,0.437,0,0.164,0,0,0,0,0,0,0,0,0.164,0,0,0.17,0,0,0,0,0,0,0,0,0,0.194,0,0,0,0,0,0.234,0,0,0,0,0,0.373,0,0,0,0.201,0,0.327,0,0.162,0,0,0,0,0,0,0.481,0,0,0.378,0.161,0.311,0,0,0,0,0,0,0,0,0,0,0.154,0.404,0,0.164,0,0.184,0,0,0,0.348,0.201,0,0.313,0,0,0,0.185,0,0,0.343,0,0.195,0.322,0.216,0,0,0,0,0,0,0.297,0,0.194,0,0,0.164,0,0.164,0,0,0.418,0,0,0,0.173,0,0.16,0,0,0,0,0.201,0,0.27,0,0.263,0,0,0.277,0.164,0,0.169,0.223,0.263,0,0,0,0,0,0.426,0,0.371,0,0,0.164,0,0,0,0,0,0,0,0.163,0,0.223,0,0,0,0.164,0,0,0,0,0,0,0,0,0.439,0,0.339,0,0.201,0,0.26,0,0,0,0,0.288,0.432,0.497,0.697,0.489,0,0,0,0,0.194,0,0,0,0,0,0.164,0,0.152,0,0.61,0,0.164,0.398,0,0.751,0.297,0.258,0,0.252,0.317,0,0,0.288,0,0.246,0,0.238,0,0,0.164,0,0.384,0,0,0.31,0.164,0,0,0.226,0.347,0,0.159,0,0.166,0.164,0.164,0,0,0.152,0.164,0.164,0.26,0.781,0.201,0,0.164,0,0,0.152,0,0.195,0.686,0.735,0,0.224,0.183,0,0.519,0,0,0.229,0,0,0,0,0,0,0,0.164,0,0,0.303,0,0,0,0.161,0,0,0,0,0,0,0,0,0.328,0,0,0,0,0,0,0.424,0,0,0.337,0,0.31,0,0.201,0,0,0,0.288,0,0,0.38,0,0,0.211,0,0,0,0,0,0,0.279,0,0,0,0.185,0.158,0,0,0,0.283,0.462,0,0.203,0,0,0,0,0.412,0,0,0,0,0.314,0.302,0.279,0,0,0,0,0,0,0.164,0.239,0,0,0,0,0.302,0.296,0,0.473,0.219,0,0,0,0,0,0,0.172,0,0,0,0,0,0.279,0.218,0.164,0.158,0,0,0,0,0,0,0,0,0,0.153,0,0,0,0,0,0,0,0,0,0,0.24,0.164,0,0.294,0,0,0,0,0,0,0,0.161,0.226,0,0,0.232,0,0,0.201,0.474,0,0.201,0.152,0.722,0.164,0,0,0,0,0.291,0.268,0.223,0.996,0,0,0,0.552,0,0,0,0,0,0,0,0,0.201,0,0.629,0,0.286,0.196,0.404,0,0,0.287,0,0,0,0,0,0,0,0,0,0,0,0,0,0,0,0,0,0,0,0,0,0,0,0,0,0,0,0,0,0,0,0,0,0,0,0,0.206,0,0,0,0,0,0,0,0,0,0,0,0,0,0,0,0,0,0,0,0,0,0,0,0,0,0,0,0,0,0.202,0,0,0,0,0,0,0,0,0,0,0,0,0,0,0,0,0,0,0,0,0,0,0,0,0,0,0,0,0,0,0,0,0,0,0,0,0,0,0,0,0,0,0,0,0,0,0,0,0,0,0,0,0,0,0,0,0,0,0.185,0,0,0,0,0,0,0,0,0.154,0,0,0.515,0,0,0,0,0,0,0,0,0,0,0,0,0,0,0,0,0.209,0,0,0,0,0,0,0,0,0,0,0,0.182,0,0,0.523,0,0,0,0,0,0,0,0.226,0,0,0,0,0.181,0.181,0,0,0,0,0,0,0,0,0,0,0,0.154,0,0,0,0,0,0,0,0,0,0,0,0,0,0,0,0.163,0,0,0,0,0,0.226,0.189,0,0,0,0,0,0,0,0,0,0,0,0,0,0,0,0,0,0.205,0,0,0,0,0,0,0,0,0,0.461,0,0,0,0,0,0,0,0,0.195,0,0,0,0,0,0,0,0,0,0,0,0,0,0,0,0,0,0,0,0,0,0,0,0,0,0,0,0,0,0,0.159,0,0,0,0,0,0,0,0,0,0,0,0,0,0,0.173,0,0,0,0,0,0,0,0,0,0,0,0.156,0,0,0.165,0,0,0,0,0,0.258,0,0,0,0,0,0,0,0,0,0,0,0,0,0,0,0.374,0,0,0,0,0,0,0,0,0,0,0,0,0,0,0,0,0,0,0.326,0,0,0,0,0,0,0,0,0,0,0,0,0,0,0,0,0,0,0,0,0,0,0,0,0,0,0,0,0,0,0,0,0,0,0,0,0,0,0,0,0,0,0,0.152,0,0,0,0,0,0,0,0,0,0,0,0,0,0,0,0,0,0,0,0,0,0,0,0,0,0,0,0,0,0,0,0,0,0,0,0.317,0,0,0,0,0.178,0,0,0,0,0,0,0,0,0,0,0,0,0,0,0,0,0,0,0,0,0,0,0,0,0,0,0,0,0,0,0,0,0,0,0,0,0,0,0,0,0.156,0,0,0,0,0,0,0,0,0,0,0,0,0,0,0,0,0,0,0,0,0,0,0,0,0,0,0,0,0,0,0,0,0,0,0,0,0,0,0,0,0,0,0,0,0,0,0,0,0,0,0,0,0,0,0,0,0,0,0,0,0.181,0,0,0,0,0,0,0,0,0,0,0,0,0,0.261,0,0,0,0,0,0,0,0,0,0,0,0.213,0,0,0,0,0,0,0,0,0,0,0,0,0,0,0,0,0,0,0,0,0,0,0,0,0,0,0,0,0,0,0,0,0,0,0,0,0,0,0,0,0,0,0,0,0,0,0,0,0,0,0,0,0,0,0,0,0,0,0,0,0,0,0,0,0,0,0,0,0,0,0,0,0,0,0,0,0,0,0,0,0,0,0,0,0,0,0,0,0,0,0,0,0,0,0,0,0,0,0,0,0,0,0,0,0,0,0,0,0,0,0,0,0,0,0,0,0,0,0,0,0,0,0,0,0,0,0,0,0,0,0,0,0,0,0,0,0,0,0,0,0,0,0,0,0,0,0,0,0,0,0,0,0,0,0,0,0,0,0,0,0,0,0,0,0,0,0,0,0,0,0,0,0,0,0,0,0,0,0,0,0,0,0,0,0,0,0,0,0,0,0,0,0,0,0,0,0,0,0,0,0,0,0,0,0,0,0,0,0,0,0,0,0,0,0,0,0,0,0,0,0,0,0,0,0,0,0,0,0,0,0,0,0,0,0,0,0,0,0,0,0,0,0,0,0,0,0,0,0,0,0,0,0,0,0,0,0,0,0,0,0,0,0,0,0,0,0,0,0,0,0,0.533,0,0,0,0,0,0,0,0,0,0,0,0,0,0,0,0,0,0,0,0,0,0,0,0,0,0,0,0,0,0,0,0,0,0,0,0,0,0,0,0,0,0,0,0,0,0,0,0,0,0,0,0,0,0,0,0,0,0,0,0,0,0,0,0,0,0,0,0,0.161,0,0,0,0,0,0,0,0,0,0,0,0,0,0,0,0,0,0,0,0,0,0,0,0,0,0,0,0,0,0,0,0,0,0,0,0,0,0,0,0,0,0,0,0,0,0,0,0,0,0,0,0,0,0,0,0,0,0,0,0.238,0,0,0,0,0,0,0,0,0,0,0,0,0,0,0,0,0,0,0,0,0,0,0,0,0,0,0,0,0,0,0.211,0,0,0,0,0,0,0,0,0.156,0,0,0,0,0,0,0,0,0,0,0,0,0,0,0,0,0.994,0,0,0,0,0,0,0,0,0,0,0.258,0,0,0,0,0,0,0.246,0,0.283,0,0,0,0,0,0,0,0,0.98,0,0,0,0,0,0,0,0,0,0,0.429,0,0,0,0,0,0,0,0,0,0,0,0,0,0.153,0,0.321,0,0,0,0,0,0,0,0,0,0,0,0.162,0,0,0,0,0,0,0,0.156,0,0,0,0,0,0.181,0.208,0,0.191,0,0,0,0,0,0,0,0,0,0,0,0,0,0,0.922,0,0,0,0,0.162,0,0,0,0,0,0.309,0,0,0,0,0,0.165,0,0,0,0.215,0,0,0,0,0,0,0,0,0,0.325,0,0,0,0,0,0,0,0,0,0,0,0,0,0,0,0,0,0,0,0,0,0,0,0,0,0,0,0,0,0,0,0,0,0,0,0,0,0,0,0,0,0,0,0,0,0,0.198,0,0,0,0,0,0,0,0,0.17,0,0,0,0,0,0,0,0,0,0,0,0,0,0,0,0,0,0,0,0,0,0,0,0,0,0,0,0,0.218,0,0,0,0,0,0,0,0,0,0,0.17,0,0,0,0,0,0,0,0,0,0,0,0,0,0,0,0,0,0,0,0,0,0,0,0,0,0,0,0,0,0,0,0,0,0,0,0,0,0,0,0,0,0,0,0,0,0,0,0,0,0,0,0,0,0,0,0,0,0,0,0,0,0,0,0,0,0,0,0,0,0,0,0,0,0,0,0,0,0,0,0,0,0,0,0,0,0,0,0,0,0,0,0,0,0,0,0,0,0,0,0,0,0,0,0,0,0,0,0,0,0,0,0,0,0,0,0,0,0,0,0,0,0,0,0,0,0,0,0,0,0,0,0,0,0,0,0,0,0,0.151,0,0,0,0,0,0,0,0,0,0.174,0.339,0,0,0,0,0,0,0,0,0,0,0,0,0,0,0,0,0,0,0,0,0,0,0,0,0,0,0,0,0,0,0,0.177,0,0,0,0,0,0,0,0,0,0,0,0,0,0,0,0,0,0,0,0,0,0,0,0,0,0,0,0,0,0,0,0,0,0,0,0,0,0,0,0,0,0,0,0,0,0,0,0,0,0,0,0,0,0,0,0,0,0,0,0,0,0,0.165,0,0,0,0,0,0,0,0,0,0,0,0,0,0,0,0,0,0,0,0,0,0,0,0,0,0,0.173,0,0,0,0,0,0,0,0,0,0,0,0,0,0,0,0,0,0,0,0,0,0,0,0,0,0,0,0,0,0,0,0,0,0,0,0,0,0,0,0,0,0,0,0,0,0,0,0,0,0,0,0,0,0,0,0,0,0,0,0,0,0,0.17,0,0,0,0,0,0,0,0,0,0,0,0,0,0,0,0.268,0,0,0,0,0,0,0,0,0,0,0,0,0,0,0,0,0,0,0,0,0,0,0,0,0,0,0,0.177,0,0,0,0,0,0,0,0,0,0,0,0.208,0,0,0,0,0,0,0,0,0,0,0,0,0,0,0,0,0,0,0,0,0,0,0,0,0,0,0,0,0,0,0,0,0,0,0,0,0,0,0,0,0,0,0,0,0,0,0,0,0,0,0,0.189,0,0,0,0,0,0,0,0,0,0,0.171,0,0,0,0,0,0,0,0,0,0,0,0,0,0,0,0,0,0,0,0,0,0,0,0,0,0,0,0,0,0,0,0,0,0,0,0.181,0,0,0,0,0,0,0,0,0,0,0,0,0,0,0,0,0,0,0,0,0,0,0,0,0,0,0,0,0,0,0,0,0,0,0,0,0,0,0,0,0,0,0,0,0,0,0,0,0,0,0,0,0,0,0,0,0,0,0,0,0,0,0,0,0,0,0,0,0,0,0,0,0,0,0,0,0,0,0,0,0,0,0,0,0,0,0,0,0,0,0,0,0,0,0,0,0,0,0,0,0,0,0,0,0,0,0,0,0,0,0,0,0,0,0,0,0,0,0,0,0,0,0,0,0,0,0,0,0,0,0,0,0,0,0,0,0,0,0,0,0,0,0,0,0,0,0,0,0,0,0,0,0,0,0,0,0,0,0,0,0,0,0,0,0,0,0,0,0,0,0.312,0,0,0,0,0,0,0,0,0,0,0,0,0,0,0,0,0,0,0,0,0,0,0,0,0,0,0,0,0,0,0,0,0,0,0,0,0,0,0,0,0,0,0,0,0,0,0,0,0,0,0,0,0,0,0,0,0,0,0,0,0,0,0,0,0,0,0,0,0,0,0,0,0,0,0,0,0,0,0,0,0,0,0,0,0,0,0,0,0,0,0,0,0,0,0,0,0,0,0,0,0,0,0,0,0,0,0,0,0,0,0,0,0,0,0,0,0,0,0,0,0,0,0,0,0,0,0,0,0,0,0,0,0,0,0,0,0,0,0,0,0,0,0,0,0,0.291,0,0,0,0,0,0,0,0,0,0,0,0,0,0,0,0,0,0,0,0,0,0,0,0,0,0,0,0,0,0,0,0,0,0,0,0,0,0,0,0,0,0,0,0,0,0,0,0,0,0,0,0,0,0,0,0,0,0,0,0,0,0,0,0,0,0,0,0,0,0,0,0,0,0,0,0,0,0,0,0,0,0.152,0,0,0,0,0,0,0,0,0,0,0,0,0.285,0,0,0,0,0,0,0,0,0,0,0,0,0,0,0,0,0,0,0,0,0,0,0,0,0,0,0,0,0,0,0,0,0,0,0,0,0,0,0,0,0,0,0,0,0,0,0,0,0,0,0,0,0,0.288,0,0,0,0,0,0,0,0,0,0,0.153,0,0,0,0,0,0,0,0,0,0,0,0,0,0,0,0,0,0,0,0,0,0,0,0,0,0,0,0,0,0,0,0,0,0,0,0,0,0,0,0,0,0,0,0,0,0,0,0,0,0,0,0,0,0,0,0,0,0,0,0,0,0,0,0,0,0,0,0,0,0,0,0,0,0,0,0,0,0,0,0,0,0,0,0,0,0,0,0,0,0,0,0,0,0,0,0,0,0,0,0,0,0,0,0,0,0,0,0,0,0,0,0,0,0,0,0,0,0,0.189,0,0,0,0,0,0,0.293,0,0,0,0,0,0,0,0,0,0,0,0,0,0,0,0,0,0,0,0,0,0,0,0,0,0,0,0,0,0,0,0,0,0,0,0,0,0,0,0,0,0,0,0,0,0,0,0,0,0,0.446,0,0,0,0,0,0,0,0,0,0,0,0,0,0,0,0,0,0,0,0,0,0,0,0,0,0,0,0,0,0,0,0,0,0,0,0,0,0,0,0,0,0,0,0,0,0,0,0,0,0,0,0,0,0,0,0,0,0,0,0,0,0,0,0,0,0,0,0,0,0,0,0,0,0,0,0,0,0,0,0,0,0,0,0,0,0,0,0,0,0,0,0,0,0,0,0,0,0,0,0,0,0,0,0,0,0,0,0,0,0,0,0,0,0,0,0,0,0,0,0,0,0,0,0,0,0,0,0,0,0,0,0,0,0,0,0,0,0,0,0,0,0,0,0,0,0,0,0,0,0,0,0,0,0,0,0,0,0,0,0,0,0.514,0,0,0,0,0,0,0,0,0,0,0,0,0,0,0,0,0,0,0,0,0,0,0,0,0,0,0,0,0,0,0,0,0,0,0,0,0,0,0,0,0,0,0,0,0,0,0,0,0,0,0,0,0,0,0,0,0,0,0,0,0,0,0,0,0,0,0,0,0,0.337,0,0,0,0,0,0,0,0,0,0,0,0,0,0,0,0,0,0,0.183,0,0,0,0,0,0,0,0,0,0,0,0.317,0,0,0,0,0,0,0,0,0,0,0,0,0,0,0,0,0,0,0,0,0,0,0,0,0,0,0,0,0,0,0,0,0,0,0,0,0,0,0,0,0,0,0,0,0,0,0,0,0,0,0,0,0,0,0,0,0,0,0,0
851417,0,0,0.395,0.172,0,0,0.152,0.196,0,0.193,0,0,0,0,0,0.438,0.225,0,0.191,0,0,0,0,0,0,0,0,0,0.212,0,0,0,0,0,0.654,0,0,0,0,0,0,0,0,0,0,0,0,0,0.244,0,0,0,0.154,0.309,0,0,0,0,0,0,0,0,0.173,0,0.178,0,0,0,0,0,0.358,0,0,0.164,0,0.445,0,0,0.19,0,0,0,0,0,0,0,0,0,0.302,0,0,0,0.285,0,0,0.151,0,0,0.156,0.233,0,0,0.468,0,0,0.392,0,0,0,0,0.163,0,0,0.168,0,0.219,0,0,0.36,0,0,0,0,0,0,0,0,0,0,0,0,0,0,0,0,0,0.29,0.152,0,0,0.169,0,0,0,0,0.942,0,0,0,0,0.164,0,0,0,0,0.396,0,0,0,0,0.159,0,0,0.159,0,0,0.221,0.263,0,0,0,0,0.166,0,0,0,0,0,0,0,0.308,0.571,0.186,0,0.184,0,0.19,0,0.155,0.185,0,0,0,0,0,0.551,0,0,0.179,0,0,0,0.169,0,0,0,0,0,0,0,0,0,0,0,0,0,0,0,0.199,0,0,0,0,0,0,0,0,0,0,0,0,0.151,0,0,0,0,0.26,0,0,0,0,0,0,0,0.248,0,0,0.87,0,0,0,0,0,0,0,0,0,0,0,0,0,0,0,0,0,0,0,0,0,0,0,0,0,0,0,0.153,0.164,0,0,0,0,0,0,0,0,0.195,0,0,0.186,0,0,0,0,0,0,0,0,0,0,0,0,0,0,0,0,0,0,0,0,0,0,0,0,0,0.153,0,0,0,0,0.226,0,0,0,0,0,0,0,0,0,0.22,0,0.199,0,0,0,0.167,0,0,0,0,0.208,0,0,0,0,0,0,0,0,0,0,0,0.275,0,0,0.226,0,0,0,0,0,0,0,0,0,0,0,0,0,0,0.394,0,0,0,0,0,0,0,0.184,0.165,0,0,0,0,0,0,0,0,0,0,0,0,0,0,0,0,0,0,0,0,0,0,0,0.158,0.202,0,0,0,0,0.158,0.173,0,0,0.179,0,0,0,0,0.158,0,0,0,0,0.187,0.351,0.155,0,0,0,0,0.566,0,0,0,0.173,0,0,0.176,0.189,0.637,0,0.166,0,0,0,0.58,0,0,0,0,0,0,0,0,0,0.167,0,0,0.151,0.192,0,0,0,0,0,0,0,0,0,0,0,0,0,0,0,0,0,0,0,0,0,0,0,0,0,0,0,0.243,0,0.828,0,0,0.447,0,0,0,0,0,0,0,0,0,0,0,0,0,0,0,0,0,0,0,0,0,0,0,0.178,0,0,0,0.212,0,0.158,0,0,0,0,0,0,0,0,0,0,0.219,0,0,0,0,0,0.163,0,0,0.17,0,0,0.2,0,0,0.168,0,0,0,0,0,0,0,0,0.319,0,0,0,0,0,0,0,0.173,0,0,0.229,0.204,0,0.15,0,0.707,0.422,0,0,0,0,0,0.154,0,0,0,0.348,0,0,0.173,0,0,0,0,0,0,0,0.337,0,0,0,0,0.376,0,0.187,0.185,0,0,0,0,0.174,0,0,0,0,0.229,0.2,0,0,0,0,0,0,0,0,0,0,0,0,0,0.635,0,0,0,0,0,0,0,0,0,0,0,0,0,0,0,0,0,0,0.161,0,0.685,0,0,0,0,0.204,0,0,0,0,0,0,0,0,0,0.155,0,0,0,0.257,0,0,0,0,0.155,0.278,0,0.158,0,0,0,0,0,0,0,0,0,0,0,0,0.173,0,0,0,0,0,0,0,0,0,0,0,0,0,0,0,0.158,0,0,0,0,0,0,0,0,0,0,0,0.155,0,0,0,0,0,0,0,0,0,0,0,0,0,0,0,0,0,0,0,0,0,0,0.376,0,0,0,0,0.197,0,0,0,0,0,0,0,0,0,0,0.263,0,0,0,0,0,0,0,0,0,0,0,0,0,0,0,0,0,0,0.157,0,0,0,0.265,0,0,0,0,0,0,0,0,0,0,0,0,0,0,0,0,0,0,0.15,0.158,0,0,0,0,0,0,0,0,0,0.161,0,0,0,0,0,0.207,0,0,0.178,0,0,0,0,0,0,0,0,0,0,0,0,0,0,0,0.228,0,0,0,0,0,0,0,0,0,0,0.166,0,0.197,0,0,0.213,0,0,0.183,0,0,0,0,0,0.172,0,0,0,0,0,0,0,0,0,0,0,0,0,0,0,0.255,0,0,0.159,0,0,0,0,0,0,0,0,0,0,0,0,0,0,0,0,0,0,0,0,0,0,0,0,0.199,0,0,0,0,0,0,0,0.157,0,0,0,0,0,0,0,0,0,0,0,0,0,0.252,0,0,0,0,0,0,0,0.194,0,0,0,0,0.168,0,0.155,0,0.166,0.213,0,0.301,0.182,0,0,0,0.163,0,0.226,0,0.19,0,0,0,0,0,0,0,0,0,0,0,0,0,0,0,0,0,0.258,0,0,0.16,0,0,0.297,0,0,0,0,0,0,0,0,0,0,0,0,0,0,0,0,0,0,0,0,0,0,0,0,0,0,0,0,0,0,0,0,0,0,0,0,0,0,0,0,0,0,0,0,0.784,0,0,0,0,0,0,0,0.156,0,0,0,0,0,0,0,0,0,0,0,0,0,0,0,0,0,0,0,0,0,0,0,0,0,0,0,0,0,0,0,0,0,0,0,0,0.184,0,0,0,0,0,0,0,0.22,0,0,0.159,0,0.309,0.28,0,0,0,0.881,0,0,0,0.248,0,0,0,0,0,0,0.215,0,0,0,0.231,0,0.2,0,0,0,0,0,0,0,0,0,0,0,0,0,0,0,0,0.836,0,0.927,0,0,0,0,0,0,0,0.586,0,0,0,0,0,0,0,0,0,0,0,0,0.152,0,0,0,0,0,0.221,0.173,0,0,0,0,0,0,0,0,0,0,0.165,0,0,0,0,0,0.275,0,0,0.164,0,0,0,0,0,0,0,0,0,0,0,0,0,0,0,0,0,0,0,0,0.169,0,0,0,0,0,0.177,0,0,0,0,0,0.174,0,0.228,0,0,0,0,0,0,0,0,0.621,0,0,0,0,0,0,0,0.152,0,0,0,0,0,0.323,0.211,0,0,0,0,0,0.15,0,0,0.162,0,0,0.27,0,0.227,0,0.155,0,0,0,0,0,0,0,0,0,0,0,0,0,0,0,0,0,0,0.692,0,0,0,0,0.174,0,0,0,0.169,0,0,0,0.175,0,0,0.301,0,0,0,0.171,0.182,0,0,0,0,0,0,0,0,0,0,0,0,0,0.416,0,0,0,0,0.201,0,0.186,0,0,0,0,0,0.16,0,0,0,0,0,0,0.248,0,0,0,0,0,0,0,0.355,0,0,0,0,0.152,0,0.182,0,0,0,0,0,0,0,0,0.151,0.173,0,0.16,0.175,0,0.15,0,0,0,0,0.248,0,0.255,0,0,0,0,0,0,0,0,0,0.159,0,0,0,0,0.18,0,0,0,0.169,0,0,0,0,0,0,0,0,0.408,0,0,0,0.158,0,0,0,0.172,0,0,0,0,0,0,0,0,0,0.175,0,0,0,0,0,0,0,0,0.199,0,0,0,0,0,0,0,0.221,0,0,0,0,0,0,0,0,0,0,0,0,0,0,0,0,0,0,0,0,0,0,0,0,0,0,0.173,0,0.173,0,0.466,0,0.162,0,0.248,0,0,0,0,0,0,0,0,0,0,0,0,0,0,0,0,0,0,0,0,0,0,0,0,0,0,0,0,0,0.198,0,0,0,0.266,0,0,0,0,0,0,0.15,0,0,0,0.158,0,0,0.155,0,0,0,0,0,0,0,0,0.258,0,0.248,0,0.175,0.163,0,0,0,0,0,0,0,0,0,0,0,0,0,0,0,0,0,0,0,0.372,0,0,0,0.152,0.265,0.175,0,0,0.201,0.219,0,0,0,0,0,0,0,0,0,0,0,0,0,0,0,0,0,0.153,0,0,0,0,0,0,0,0,0,0,0,0,0,0,0.159,0,0,0,0,0,0,0,0,0,0.29,0,0,0,0,0,0,0,0,0,0,0,0,0,0,0,0,0,0.153,0,0,0,0,0,0,0,0,0,0.248,0,0.815,0,0,0.248,0,0,0.224,0,0,0,0,0,0,0,0.248,0,0,0.248,0,0,0,0,0,0.199,0,0.158,0,0,0,0,0,0,0,0,0,0,0,0,0,0,0,0,0,0.158,0,0,0,0,0,0,0,0,0,0,0.206,0,0,0,0,0,0,0,0,0.165,0,0,0,0,0,0,0,0,0,0,0,0,0,0,0,0,0,0,0,0,0,0,0,0,0,0,0,0,0,0,0.446,0,0,0,0.934,0.219,0,0,0,0,0,0,0,0,0,0,0,0,0.16,0,0,0,0,0,0,0,0,0,0,0,0,0,0,0.177,0.384,0,0,0,0,0,0,0,0.173,0,0,0,0,0,0,0,0,0,0,0,0,0,0,0,0,0,0,0.165,0,0,0,0,0,0,0,0,0,0,0,0,0,0,0,0,0,0,0,0,0,0,0,0,0,0,0,0,0,0,0,0,0.177,0,0,0,0,0,0,0,0,0,0.171,0,0,0,0,0,0,0,0,0.164,0,0,0,0,0,0,0,0,0,0,0,0,0,0,0,0,0,0,0,0.209,0,0,0,0,0,0,0,0.173,0.27,0,0,0,0,0,0,0,0,0.212,0,0.2,0,0,0,0,0,0,0,0,0,0,0,0,0,0,0.15,0,0,0.846,0.335,0,0,0,0,0,0,0.175,0,0,0.233,0,0,0,0.86,0.178,0,0,0,0,0,0,0,0,0,0.289,0,0,0,0,0,0,0,0,0.599,0,0,0,0,0,0.238,0,0,0,0,0,0,0,0,0.173,0,0.159,0,0,0,0,0,0,0,0,0.359,0,0,0,0,0,0,0,0,0,0,0,0,0,0,0,0,0,0.164,0,0,0,0,0.196,0,0,0,0,0,0,0.886,0,0,0,0,0,0.204,0,0,0,0.379,0,0,0,0,0.218,0,0,0,0,0,0,0.203,0,0,0,0.291,0,0,0,0,0,0,0,0,0,0,0,0,0,0,0,0.192,0,0,0,0.202,0,0,0,0.204,0,0,0,0,0,0,0,0,0,0,0,0,0,0,0,0,0,0,0,0,0,0,0,0.236,0,0,0,0,0.308,0,0,0,0,0.16,0,0,0,0,0.279,0,0,0,0,0,0,0.189,0.354,0,0,0,0,0,0,0.282,0,0,0,0.253,0,0,0.248,0,0,0.248,0,0,0.212,0,0,0.167,0,0,0,0,0,0,0,0,0,0,0,0.152,0,0.352,0,0,0,0,0,0,0,0,0,0,0,0.2,0,0,0,0,0,0,0,0.235,0,0,0,0,0,0,0,0,0,0,0,0,0,0,0,0,0,0,0,0,0,0,0,0,0.186,0,0,0,0,0,0,0,0,0,0,0,0,0,0,0,0,0,0,0,0,0,0,0,0.22,0,0,0,0,0,0,0,0,0,0,0,0,0,0,0,0,0,0,0,0,0,0,0,0,0,0,0,0,0,0,0,0,0,0,0,0,0,0.173,0,0,0,0,0,0,0,0,0,0,0,0,0,0,0,0,0,0,0,0,0,0,0,0,0,0.154,0,0,0,0,0,0,0,0,0,0,0,0,0,0.238,0,0,0,0,0,0,0,0,0,0,0,0,0,0,0.171,0,0,0,0,0,0,0,0,0,0,0,0,0,0,0,0,0,0.22,0,0,0,0,0,0,0,0,0,0,0,0,0,0.248,0.153,0,0,0,0,0,0,0,0,0,0.224,0,0,0,0,0,0,0,0,0,0,0.158,0,0,0,0,0,0,0.224,0,0,0,0,0,0,0,0,0,0,0,0,0,0,0,0,0,0,0,0,0,0,0,0.186,0.159,0,0,0,0,0,0,0,0,0,0,0,0,0,0,0,0,0,0,0,0,0,0.184,0,0,0,0,0,0,0,0,0,0,0,0,0,0,0,0,0.182,0,0,0,0,0,0,0,0,0,0,0,0,0,0,0,0,0,0,0,0,0,0,0,0,0,0,0,0,0,0,0,0,0,0,0,0,0,0,0,0,0,0,0,0,0,0,0,0,0,0,0,0,0,0,0,0.202,0,0,0,0.22,0,0,0,0,0,0,0,0,0,0.191,0,0,0.285,0,0.276,0,0,0,0,0,0,0,0,0,0,0,0,0,0,0,0,0,0,0,0,0,0,0,0,0,0.212,0,0,0,0,0,0.235,0,0,0,0,0,0,0,0,0,0.162,0,0,0,0,0,0,0,0,0,0,0,0,0,0,0.204,0,0,0,0,0,0,0,0,0,0.196,0.196,0,0,0,0,0.169,0,0,0,0.157,0,0,0,0,0.173,0,0,0,0,0,0,0,0,0,0,0,0,0.157,0,0,0,0.161,0,0,0,0.16,0.173,0,0,0,0,0,0,0,0,0.213,0,0,0,0,0,0,0,0,0,0,0,0.295,0,0,0,0,0.219,0.211,0,0.196,0,0,0,0,0,0,0,0,0,0,0,0,0,0,0.191,0.163,0,0.248,0,0.331,0,0,0,0,0,0,0,0,0,0,0,0,0.248,0,0,0.266,0,0.294,0,0,0,0,0,0,0,0,0,0,0,0,0,0,0,0,0,0,0,0,0,0,0.231,0,0,0,0,0,0,0.173,0,0,0,0.248,0.181,0,0.212,0,0,0.22,0,0,0.226,0,0,0,0,0,0,0.155,0,0,0,0,0,0,0,0.248,0.173,0,0,0,0,0,0,0,0,0.267,0,0,0.187,0,0.216,0,0,0,0,0.186,0,0,0,0,0,0,0,0.155,0,0,0,0,0,0,0,0,0,0,0,0,0,0,0,0,0.155,0,0,0,0,0,0,0,0,0,0,0,0,0,0,0,0,0,0,0,0,0,0.169,0,0,0,0,0,0,0,0,0,0,0,0,0,0,0,0,0,0,0,0,0,0,0,0,0,0,0,0,0,0,0,0,0,0,0,0,0,0,0,0.169,0,0,0,0,0,0,0,0,0,0,0,0,0,0,0,0,0,0,0,0,0,0,0,0,0,0,0,0,0,0,0,0,0,0,0,0,0,0,0,0,0,0,0,0,0,0,0,0,0,0,0,0,0,0,0,0,0,0,0,0,0,0,0,0,0,0.248,0,0,0,0,0,0,0,0,0,0,0,0,0,0,0,0,0,0,0,0,0,0,0,0,0,0,0,0,0,0,0,0,0,0,0,0,0,0,0,0,0,0,0,0,0,0,0,0,0,0,0,0,0,0.216,0,0,0,0,0,0,0,0,0,0.276,0,0,0,0,0,0,0.241,0,0,0,0,0,0,0,0.248,0,0,0,0,0,0,0,0,0,0,0,0,0,0.168,0,0,0,0,0,0,0,0,0,0,0,0,0,0,0,0,0,0,0,0,0,0,0,0,0,0,0,0,0,0,0,0,0,0,0,0,0,0,0,0.446,0,0,0,0,0,0,0,0,0,0,0,0,0,0,0.158,0.162,0,0,0,0,0,0,0,0,0,0,0,0,0,0,0,0,0,0,0,0,0.289,0,0,0,0,0,0,0.231,0,0,0,0,0,0.196,0,0,0,0,0,0,0,0,0,0,0,0,0,0,0.154,0,0,0,0,0,0.199,0,0,0,0.164,0,0,0.175,0,0,0,0,0,0,0,0.444,0.175,0.164,0,0,0,0,0.455,0,0,0,0,0.184,0,0,0,0,0,0,0,0.262,0,0.415,0,0,0,0,0,0,0.248,0,0,0,0,0,0,0,0,0,0,0.218,0,0,0,0,0,0,0,0.22,0,0.169,0.235,0.181,0,0,0.257,0,0,0,0,0,0,0,0,0,0,0,0,0,0,0,0,0,0,0,0,0,0,0,0,0,0,0,0.156,0,0,0,0,0,0.153,0.22,0,0,0.212,0.248,0,0,0,0,0,0,0,0,0,0,0,0,0.256,0,0,0,0,0,0,0,0,0,0,0,0,0,0,0,0,0,0,0,0,0,0,0.152,0,0,0.214,0,0,0,0,0,0,0,0,0,0,0,0,0,0,0,0,0,0,0.209,0,0,0,0.268,0,0,0,0,0,0,0,0,0,0,0,0.244,0.25,0,0,0,0,0,0.182,0,0,0.195,0,0,0,0,0,0,0,0,0,0,0,0,0,0.248,0,0,0,0,0,0,0.181,0,0,0,0,0,0,0,0,0.15,0,0,0,0,0,0,0,0,0,0,0,0.561,0,0,0,0.3,0,0,0,0.218,0.194,0,0,0,0,0,0.235,0,0,0,0,0,0,0,0,0,0,0,0,0.271,0,0,0,0,0,0,0,0,0,0.946,0,0,0,0,0,0,0,0,0,0,0,0,0,0,0,0,0,0,0,0,0,0,0,0,0,0,0,0,0.265,0,0,0.274,0,0,0,0,0,0,0,0,0,0,0,0,0,0,0,0,0,0,0,0,0,0,0,0,0,0,0,0,0,0,0,0,0,0,0,0,0,0,0,0,0,0,0,0,0,0,0,0,0,0,0,0,0,0.174,0,0,0,0,0,0,0,0,0,0,0.455,0.179,0,0,0,0,0.179,0.167,0.309,0,0,0,0,0.155,0.203,0,0,0,0,0,0,0,0,0,0,0,0.943,0,0,0,0,0.237,0,0.177,0,0,0,0,0,0,0,0,0,0,0,0,0.167,0,0,0,0,0,0,0,0,0,0,0,0,0,0,0,0,0,0,0,0,0,0,0,0,0,0,0,0,0,0,0,0,0,0,0.171,0,0,0,0,0,0.403,0,0,0,0,0,0,0,0,0,0,0,0,0,0,0,0,0,0,0,0,0.33,0,0,0,0,0,0,0.161,0,0,0,0,0,0,0,0,0,0,0,0,0.258,0,0,0,0,0,0,0,0.179,0,0,0,0,0.218,0,0,0,0,0,0,0,0,0,0,0,0,0.265,0,0,0,0.201,0,0,0,0,0,0,0,0,0,0,0,0,0.265,0.258,0,0,0,0,0.271,0.178,0.234,0,0,0,0,0,0.172,0,0.156,0,0,0,0,0,0,0,0,0,0,0,0,0,0,0,0,0,0,0,0,0.252,0,0,0,0,0,0,0,0,0,0,0,0,0,0,0,0,0,0,0,0,0,0.173,0,0,0,0,0,0,0,0,0,0.225,0,0,0,0,0,0,0,0,0,0,0,0,0,0,0,0,0,0,0,0,0,0,0,0,0,0.255,0,0,0,0,0,0,0,0,0,0,0,0,0,0,0,0,0,0,0,0,0,0,0,0,0.281,0,0,0,0,0,0,0,0,0.218,0,0,0,0,0,0,0,0,0,0,0,0,0,0.248,0,0,0,0,0,0,0,0.221,0,0,0,0,0,0,0,0,0,0,0,0,0,0,0,0,0,0.258,0,0,0,0,0,0,0,0,0,0,0,0,0,0,0,0.248,0,0,0,0.197,0,0,0,0,0,0,0,0,0,0,0.228,0,0,0,0,0,0,0.192,0,0.165,0,0,0,0,0,0,0,0,0,0,0,0,0,0,0,0,0,0,0,0,0,0,0,0,0,0,0,0.248,0,0,0,0,0,0.211,0,0,0,0,0,0,0,0.193,0,0.177,0,0,0,0,0,0,0,0,0.231,0,0,0,0,0.226,0,0,0,0,0,0,0,0,0,0,0,0,0,0,0.167,0,0.746,0,0,0,0,0,0,0.433,0.17,0,0,0.193,0,0,0,0,0.16,0.432,0,0,0,0,0,0,0.248,0,0,0,0,0,0,0,0,0,0,0,0,0,0,0,0,0,0,0,0,0,0,0,0,0,0,0,0,0,0,0,0,0,0,0,0.212,0,0,0,0,0,0,0,0.157,0,0,0,0,0,0,0,0,0,0,0,0,0,0,0,0,0,0,0.177,0,0,0,0,0,0,0,0,0,0,0,0,0,0.195,0,0,0.276,0.153,0,0,0,0,0,0,0,0,0,0,0.186,0,0,0,0,0,0,0.179,0,0,0,0,0,0,0,0,0.308,0,0,0,0,0,0,0,0,0,0,0.248,0,0,0,0,0,0,0,0,0,0,0,0,0,0,0,0,0,0,0,0,0,0,0,0,0,0,0,0,0,0,0,0,0,0,0,0.248,0,0,0,0,0,0,0,0,0,0,0,0,0,0,0,0,0,0,0.248,0,0,0,0,0,0,0,0,0,0,0,0,0,0,0,0,0,0,0,0,0,0,0,0,0,0,0,0.156,0.183,0,0,0,0,0,0,0,0,0,0,0,0,0,0,0.933,0,0.248,0,0,0,0,0,0,0,0,0,0.155,0,0,0,0,0,0,0,0,0,0,0,0,0,0,0,0,0,0,0,0,0,0,0,0.248,0,0,0,0,0,0,0,0,0,0,0,0.16,0,0,0,0.181,0,0.336,0.337,0,0.248,0,0,0,0,0,0,0,0,0,0,0,0,0,0,0,0,0,0,0,0,0,0.299,0,0,0,0,0,0,0,0.248,0,0,0.248,0.248,0,0,0.275,0,0,0,0.373,0,0,0,0,0,0,0,0,0,0,0,0,0,0,0,0,0,0,0,0,0,0,0,0,0,0,0,0,0,0,0,0
851419,0,0,0,0,0,0,0,0,0,0,0,0,0,0,0,0,0,0,0,0,0,0,0,0,0,0,0,0,0,0,0,0,0,0,0.556,0,0,0,0,0,0,0,0,0,0,0,0,0,0,0,0,0.999,0,0,0,0,0,0,0,0,0,0,0,0,0,0.159,0,0,0,0,0.203,0,0,0,0,0.636,0,0,0,0,0,0,0,0,0,0,0,0,0,0,0,0,0,0,0,0.999,0,0,0,0,0,0,0,0,0,0,0,0,0,0,0,0,0,0,0,0,0,0.323,0,0,0,0,0.318,0,0,0,0,0.996,0,0,0.218,0,0,0,0,0,0,0,0,0,0.999,0.927,0.175,0,0.161,0,0,0,0,0,0,0,0,0,0,0,0,0,0,0,0,0,0,0,0,0,0,0,0,0,0,0,0,0,0,0,0,0,0,0,0,0.557,0,0,0,0,0,0,0,0.724,0,0,0,0.205,0,0,0,0,0,0,0,0,0,0.869,0,0,0.999,0.23,0,0.341,0,0,0,0.393,0,0,0.16,0,0,0,0.999,0,0.201,0.986,0,0,0,0,0,0.352,0.175,0,0.999,0,0.236,0,0.284,0,0,0,0,0,0,0.248,0.549,0,0,0,0,0,0,0,0,0,0.224,0,0,0,0,0,0,0,0,0.169,0.158,0,0,0,0,0,0,0,0,0,0.202,0.973,0,0.214,0.205,0,0,0,0.76,0,0,0.597,0,0.402,0,0.186,0,0,0,0,0,0,0,0.803,0,0,0.999,0,0,0.903,0.162,0,0.229,0.169,0,0.999,0,0,0,0,0.975,0,0,0.153,0,0,0,0,0,0,0,0,0,0,0,0.835,0,0,0.585,0.922,0.29,0,0,0,0,0,0,0,0,0.167,0,0.15,0,0,0,0,0,0,0,0,0,0,0,0,0,0.375,0,0,0,0,0,0.305,0.477,0,0,0.999,0.222,0.944,0,0,0,0,0.999,0,0,0.153,0,0,0,0.996,0,0,0,0.22,0,0.291,0.508,0,0,0,0,0,0.999,0.211,0.271,0,0.24,0,0,0,0.167,0,0,0,0,0.47,0,0,0,0,0,0,0.153,0,0,0,0,0,0,0,0,0.189,0.201,0,0.205,0,0.536,0,0,0,0,0,0.207,0,0,0,0,0,0,0,0,0,0,0,0,0,0.997,0,0.678,0.173,0,0,0,0.208,0,0.234,0,0,0,0,0,0,0,0,0,0,0,0,0,0.999,0,0,0,0,0,0.491,0,0,0,0,0,0,0,0,0,0,0,0.953,0,0,0,0,0,0,0.928,0,0,0.291,0,0,0,0,0,0,0.811,0,0,0.228,0,0,0.193,0,0.999,0,0.171,0,0,0,0.685,0,0,0.313,0.918,0,0,0,0,0,0,0,0.373,0,0.868,0,0,0,0,0,0,0.288,0,0,0,0,0,0,0,0,0,0,0,0,0,0,0,0,0,0,0,0,0,0,0,0.175,0,0,0,0,0,0,0,0.891,0,0,0,0,0,0.25,0,0,0,0.867,0,0,0,0,0.707,0,0,0.175,0,0,0,0.631,0,0,0,0,0,0,0,0,0,0.294,0.21,0,0,0,0.16,0,0,0,0,0.865,0,0,0,0,0,0,0.45,0,0,0.175,0,0,0,0,0,0.175,0.754,0,0,0,0,0,0,0,0,0.189,0,0,0,0,0,0,0,0,0,0,0.283,0.225,0,0,0,0,0,0,0,0,0,0,0,0,0,0.16,0,0,0,0,0,0,0,0,0,0,0,0.398,0,0,0,0,0.32,0.397,0,0,0,0.153,0,0,0.585,0,0,0,0,0,0,0,0,0.155,0,0,0.195,0.416,0,0,0,0,0,0,0,0.412,0,0.255,0.999,0,0,0,0.313,0,0,0.319,0,0,0,0.999,0,0,0,0.204,0,0.294,0,0,0,0,0,0.273,0,0,0,0,0,0.373,0,0,0.999,0,0.547,0,0.225,0.335,0,0,0,0,0,0,0,0,0,0,0,0.207,0,0,0,0.987,0,0,0,0,0.458,0,0,0,0,0,0.379,0.466,0,0.985,0,0,0,0,0,0.15,0,0,0,0,0,0,0,0,0,0,0.197,0,0,0,0,0,0,0,0,0,0,0,0.877,0,0,0,0.571,0,0,0,0,0,0,0,0.16,0,0,0,0,0,0,0,0,0.205,0,0.999,0,0,0.851,0,0,0,0,0,0.311,0,0.9,0,0,0,0.15,0,0,0.153,0,0.231,0,0,0,0,0,0,0,0,0,0.999,0,0,0,0,0,0,0,0.698,0,0,0,0,0.313,0,0.999,0,0,0,0,0,0,0,0,0,0,0,0,0,0,0.159,0,0,0,0,0.177,0,0,0,0,0,0,0.994,0,0.998,0,0,0,0,0.383,0,0,0.234,0.999,0,0,0,0,0.444,0,0.999,0,0.976,0.664,0.999,0,0.284,0,0,0,0,0,0.257,0.162,0,0,0,0,0,0,0,0.75,0,0.295,0.999,0.482,0.173,0,0,0.288,0,0,0.32,0,0.177,0,0,0,0.238,0,0,0,0.169,0,0.998,0,0,0,0,0,0,0,0,0,0,0.186,0,0,0,0,0,0,0,0,0,0,0,0,0,0,0,0,0,0,0,0,0,0,0,0,0,0,0,0,0,0,0,0,0,0,0,0,0,0,0,0,0,0,0,0,0,0,0,0,0,0,0,0,0.999,0,0,0.151,0,0,0,0,0,0,0.999,0,0,0,0,0,0,0,0,0,0,0,0,0,0,0,0,0,0,0,0,0,0,0,0,0.305,0,0,0,0,0,0.189,0,0.166,0,0,0,0,0,0,0.941,0,0,0,0,0,0,0,0,0,0,0,0,0,0,0,0,0,0,0,0,0,0,0.999,0,0,0,0,0,0,0,0,0.922,0,0,0,0,0,0,0,0,0,0,0,0,0,0,0,0,0,0,0.999,0,0,0,0,0,0,0,0,0,0,0.999,0,0,0,0.269,0,0,0.15,0,0.999,0.416,0.251,0,0,0,0,0,0,0,0,0,0,0,0,0,0,0,0,0,0.169,0,0,0,0,0,0,0,0,0,0,0,0,0,0,0,0,0.999,0,0,0,0.608,0,0,0.229,0,0,0,0,0,0,0,0,0.999,0,0,0.431,0,0,0,0,0,0.592,0,0.997,0.229,0,0,0,0,0,0,0,0,0,0,0,0,0,0,0,0,0,0,0,0,0,0,0,0,0.16,0,0,0.999,0,0,0,0,0,0.446,0,0,0,0,0,0,0,0,0,0.98,0,0,0,0,0.179,0,0,0,0.444,0,0,0,0,0,0,0.999,0,0.999,0,0,0,0,0,0,0,0,0,0,0,0,0,0,0,0,0,0,0,0,0,0,0,0,0,0,0,0,0,0,0,0,0,0,0,0,0,0.359,0,0,0,0,0,0,0,0,0,0,0,0,0.817,0,0,0,0,0,0.416,0,0,0,0,0,0,0,0,0,0.195,0,0,0,0.608,0,0,0,0,0,0,0,0,0,0,0,0,0,0.999,0,0,0,0,0,0,0,0,0,0,0,0,0,0,0,0,0.288,0.3,0,0,0,0,0,0,0,0,0,0,0,0,0,0,0,0,0,0,0,0,0,0.175,0,0,0.619,0,0,0,0,0,0,0,0.446,0,0,0,0,0,0.307,0,0,0,0,0,0,0,0,0,0,0,0,0,0.913,0,0,0,0,0.394,0,0,0,0,0,0,0,0,0,0,0,0,0,0,0,0,0,0,0,0,0,0,0,0,0,0,0.999,0,0,0,0,0,0,0.208,0,0,0,0,0,0,0,0,0,0,0,0,0,0,0,0.61,0,0,0,0,0,0,0.272,0,0.491,0,0,0,0,0,0.18,0,0,0,0,0,0,0,0,0,0,0,0,0,0,0,0.266,0,0,0,0,0,0.393,0,0,0,0,0,0,0,0,0,0,0,0,0,0,0,0,0,0,0,0,0,0,0,0,0,0,0,0,0,0,0,0,0.549,0,0,0,0,0,0,0,0,0,0,0,0,0,0,0,0,0,0,0,0,0,0,0,0,0,0,0,0,0,0,0,0,0,0,0,0,0,0,0,0,0,0.269,0,0,0,0,0,0,0,0,0,0,0,0.982,0,0.189,0,0.801,0.229,0,0.904,0.999,0.984,0.981,0,0,0.983,0,0,0.173,0,0.649,0,0.237,0.986,0,0,0,0,0.802,0,0,0,0,0,0,0,0.987,0,0,0,0,0,0.909,0,0,0,0,0,0,0.979,0,0.911,0.999,0.537,0.983,0,0.999,0.913,0,0,0,0,0,0.9,0,0,0,0.999,0,0.19,0,0,0,0,0,0,0,0,0,0,0,0.209,0,0,0,0,0,0,0,0.981,0,0,0.417,0,0.999,0,0,0,0,0,0,0,0.255,0,0,0,0,0,0,0.616,0.991,0,0,0,0,0.567,0.165,0,0,0,0.226,0,0,0,0,0,0.999,0.157,0.43,0,0.9,0,0.908,0,0,0,0.998,0,0,0,0,0,0,0,0.37,0,0,0,0.221,0.164,0.509,0,0,0,0.8,0,0,0,0,0,0,0,0,0.999,0,0.874,0.756,0,0,0.981,0,0,0.981,0.285,0,0,0.996,0,0.999,0,0.292,0,0,0.985,0,0.24,0,0.981,0.258,0,0,0.608,0,0,0,0.173,0,0,0,0.316,0,0,0,0.724,0,0,0.938,0,0,0,0,0,0.992,0,0,0.984,0,0.9,0.16,0,0,0,0,0,0,0,0,0.23,0.909,0,0.508,0.906,0,0.152,0,0,0,0,0,0,0,0.981,0,0,0.175,0,0,0.343,0,0,0,0,0,0,0,0,0,0,0,0,0,0,0.903,0,0,0,0,0.524,0,0,0,0,0,0,0,0,0,0,0,0,0,0,0,0,0,0,0,0.999,0.243,0,0,0,0,0,0,0,0,0,0.154,0,0,0,0,0,0,0,0.29,0,0,0,0,0,0,0,0,0,0,0,0.392,0,0,0,0,0,0,0,0,0,0,0,0,0,0,0,0,0,0,0,0,0.284,0,0,0,0.179,0,0,0,0,0,0,0,0,0,0,0,0,0,0,0,0,0.77,0,0.791,0,0,0,0,0,0,0,0,0,0,0,0,0,0,0,0,0,0.26,0,0,0,0,0,0,0,0,0.618,0,0,0.819,0,0,0,0,0,0,0,0,0,0,0,0,0,0,0,0,0,0,0,0,0,0,0,0,0.23,0,0,0,0,0,0,0.307,0,0,0,0.846,0,0,0,0,0,0,0,0,0,0,0,0,0,0,0,0,0,0,0,0,0,0,0,0,0,0,0,0,0,0.998,0,0,0.998,0,0,0,0,0,0,0,0,0,0,0,0,0,0,0,0,0,0,0,0,0,0,0,0,0,0,0,0,0,0,0,0,0,0,0,0,0,0,0.278,0,0,0,0,0,0,0,0,0,0,0.405,0,0,0,0,0,0,0,0,0,0,0,0,0,0,0,0,0.999,0,0,0,0,0,0,0.964,0,0,0,0,0,0,0,0,0,0,0,0,0,0,0,0,0,0,0,0,0,0,0,0,0,0,0,0,0,0,0,0,0,0,0,0,0,0,0,0.999,0,0,0,0,0,0.999,0,0,0,0,0.999,0,0,0,0,0,0,0,0.237,0.385,0,0,0,0,0,0,0,0,0,0,0,0,0,0.196,0.302,0,0,0.714,0,0,0,0,0,0,0.266,0.998,0,0,0,0.817,0,0,0,0,0,0,0,0,0,0,0,0,0,0,0,0,0,0,0,0,0,0,0.278,0,0.203,0,0,0,0,0,0,0,0,0,0,0.175,0,0,0,0,0,0,0,0,0,0,0,0,0,0,0,0,0,0,0,0,0,0.204,0,0,0.911,0,0.549,0,0,0,0,0,0,0,0,0,0,0,0.999,0,0,0,0,0,0,0,0.175,0,0,0,0,0,0,0.977,0.181,0,0,0,0,0,0,0,0,0,0,0,0.413,0,0,0,0,0,0,0,0,0,0.286,0.892,0,0,0.269,0,0,0,0,0,0,0,0,0,0,0,0,0,0,0,0.999,0,0.172,0.999,0.154,0,0,0,0,0,0,0,0,0,0,0,0,0,0,0,0,0,0,0,0,0,0,0,0,0,0,0,0,0,0,0,0,0,0,0,0,0,0,0,0,0,0,0,0,0,0,0,0,0,0,0,0,0,0,0,0,0,0,0,0,0,0,0,0,0,0,0,0,0,0,0,0,0,0,0,0,0,0,0,0,0.199,0,0,0,0,0,0,0,0,0,0,0,0,0,0,0,0,0,0,0,0,0,0,0,0,0,0,0,0,0,0,0,0,0,0,0,0,0,0,0.648,0,0,0,0,0,0,0,0,0,0,0,0.169,0,0,0.22,0,0,0,0,0,0.216,0,0,0,0,0,0,0,0,0.556,0,0,0,0,0,0,0,0.169,0,0.21,0,0,0,0.999,0,0,0,0,0,0,0,0,0,0,0,0,0,0,0,0,0,0,0,0,0,0,0,0,0,0,0,0,0,0,0,0.156,0,0,0.754,0.269,0,0,0,0,0,0,0,0,0,0,0,0.534,0,0,0,0,0,0,0,0,0,0,0,0.269,0,0,0,0,0,0,0,0,0,0,0,0,0,0,0,0.28,0,0,0,0.173,0,0,0,0,0,0.809,0,0.313,0,0,0,0,0,0,0,0,0,0,0.269,0,0,0,0,0,0,0,0,0,0.269,0,0,0,0,0,0,0,0,0,0,0,0,0,0,0,0,0,0,0,0,0,0,0.269,0,0,0,0,0,0,0,0,0.151,0,0,0,0,0,0,0,0,0,0,0,0,0,0,0,0,0,0,0,0,0.32,0,0.8,0,0,0,0,0,0,0,0,0,0,0,0,0,0,0.824,0.877,0.999,0.845,0.218,0.552,0.302,0.22,0.999,0.998,0.999,0.814,0.335,0.999,0.981,0.154,0.72,0.999,0.152,0.988,0.995,0.269,0.449,0.913,0.185,0.27,0.153,0.998,0.323,0.999,0.98,0.29,0.999,0.197,0.938,0.157,0.256,0.979,0.837,0.999,0.352,0.999,0.848,0.922,0.905,0.22,0.278,0.999,0.999,0.404,0.834,0.21,0.988,0.636,0.179,0.592,0.837,0.261,0.863,0.389,0.21,0.999,0.999,0.998,0.999,0.984,0.998,0.999,0.237,0.246,0.999,0.837,0.999,0.172,0.168,0.8,0.912,0.195,0.154,0.173,0.999,0.999,0.26,0.999,0.997,0.999,0.604,0.319,0.999,0.204,0.844,0.877,0.308,0.999,0.26,0.755,0.181,0.999,0.999,0.278,0.985,0.201,0.888,0.999,0.932,0.999,0.999,0.837,0.999,0.999,0.684,0.172,0.999,0.971,0.997,0.171,0.999,0.999,0.836,0.999,0.922,0.175,0.301,0.542,0.999,0.999,0.837,0.86,0.261,0.9,0.462,0.269,0.999,0.854,0.912,0.269,0.999,0.876,0.236,0.335,0.173,0.344,0.999,0.999,0.182,0.194,0.754,0.999,0.997,0.849,0.999,0.866,0.185,0.765,0.999,0.999,0.152,0.998,0.172,0.999,0.158,0.844,0.999,0.181,0.85,0.999,0.999,0.38,0.982,0.999,0.999,0.506,0.209,0.267,0.205,0.288,0.747,0.319,0.164,0.159,0.554,0.937,0.307,0.835,0.347,0.903,0.897,0.98,0.971,0.999,0.999,0.999,0.985,0.9,0.308,0.999,0.999,0.802,0.205,0.998,0.398,0.999,0.999,0.203,0.999,0.983,0.151,0.999,0.16,0.999,0.938,0.163,0.994,0.999,0.999,0.26,0.877,0.999,0.906,0.529,0.219,0.195,0.999,0.243,0.998,0.98,0.175,0.999,0,0,0,0,0,0,0,0,0,0,0,0,0,0,0,0,0,0,0,0,0,0,0,0,0,0,0,0,0,0,0,0,0,0,0,0,0,0,0,0,0,0,0,0,0,0,0,0,0,0,0,0,0,0,0,0,0,0,0,0,0,0,0,0,0,0,0,0,0,0,0,0,0,0,0,0,0,0,0,0,0,0,0,0,0,0,0,0,0,0,0,0,0,0,0,0,0,0,0,0,0,0,0,0,0,0,0,0,0,0,0,0,0,0,0,0,0,0,0,0,0,0,0,0,0,0,0,0,0,0,0,0,0,0,0,0,0,0,0,0,0,0,0,0,0,0,0,0,0,0,0,0,0,0,0,0,0,0,0,0,0,0,0,0,0,0,0,0,0,0,0,0,0,0,0,0,0,0,0,0,0,0,0,0,0,0,0,0,0,0,0,0,0,0,0,0,0,0,0,0,0,0,0,0,0,0,0,0,0,0,0,0,0,0,0,0,0,0,0,0,0,0,0,0,0,0,0,0,0,0,0,0,0,0,0,0,0,0,0,0,0,0,0,0,0,0,0,0,0,0,0,0,0,0,0,0,0,0,0,0,0,0,0,0,0,0,0,0,0,0,0,0,0,0,0,0,0,0,0,0,0,0,0,0,0,0,0,0,0,0,0,0,0,0,0,0,0,0,0,0,0,0,0,0,0,0,0,0,0,0,0,0,0,0,0,0,0,0,0,0,0,0,0,0,0,0,0,0,0,0,0,0,0,0,0,0,0,0,0,0,0,0,0,0,0,0,0,0,0,0,0,0,0,0,0,0,0,0,0,0,0,0,0,0,0,0,0,0,0,0,0,0,0,0,0,0,0,0,0,0,0,0,0,0,0,0,0,0,0,0,0,0,0,0,0,0,0,0,0,0,0,0,0,0,0,0,0,0,0,0,0,0,0,0,0,0,0,0,0,0,0,0,0,0,0,0,0,0,0,0,0,0,0,0,0,0,0,0,0,0,0,0,0,0,0,0,0,0,0,0,0,0,0,0,0,0,0,0,0,0,0,0,0,0,0,0,0,0,0,0,0,0,0,0,0,0,0,0,0,0,0,0,0,0,0,0,0,0,0,0,0,0,0,0,0,0,0,0,0,0,0,0,0,0,0,0,0,0,0,0,0,0,0,0,0,0,0,0,0,0,0,0,0,0,0,0,0,0,0,0,0,0,0,0,0,0,0,0,0,0,0,0,0,0,0,0,0,0,0,0,0,0,0,0,0,0,0,0,0,0,0,0,0,0,0,0,0,0,0,0,0,0,0,0,0,0,0,0,0,0,0,0,0,0,0,0,0,0,0,0,0,0,0,0,0,0,0,0,0,0,0,0,0,0,0,0,0,0,0,0,0,0,0,0,0,0,0,0,0,0,0,0,0,0,0,0,0,0,0,0,0,0,0,0,0,0,0,0,0,0,0,0,0,0,0,0,0,0,0,0,0,0,0,0,0,0,0,0,0,0,0,0,0,0,0,0,0,0,0,0,0,0,0,0,0,0,0,0,0,0,0,0,0,0,0,0,0,0,0,0,0,0,0,0,0,0,0,0,0,0,0,0,0,0,0,0,0,0,0,0,0,0,0,0,0,0,0,0,0,0,0,0,0,0,0,0,0,0,0,0,0,0,0,0,0,0,0,0,0,0,0,0,0,0,0,0,0,0,0,0,0,0,0,0,0,0,0,0,0,0,0,0,0,0,0,0,0,0,0,0,0,0,0,0,0,0,0,0,0,0,0,0,0,0,0,0,0,0,0,0,0,0,0,0,0,0,0,0,0,0,0,0,0,0,0,0,0,0,0,0,0,0,0,0,0,0,0,0,0,0,0,0,0,0,0,0,0,0,0,0,0,0,0,0,0,0,0,0,0,0,0,0,0,0,0,0,0,0,0,0,0,0,0,0,0,0,0,0,0,0,0,0,0,0,0,0,0,0,0,0,0,0,0,0,0,0,0,0,0,0,0,0,0,0,0,0,0,0,0,0,0,0,0,0,0,0,0,0,0,0,0,0,0,0,0,0,0,0,0,0,0,0,0,0,0,0,0,0,0,0,0,0,0,0,0,0,0,0,0,0,0,0,0,0,0,0,0,0,0,0,0,0,0,0,0,0,0,0,0,0,0,0,0,0,0,0,0,0,0,0,0,0,0,0,0,0,0,0,0,0,0,0,0,0,0,0,0,0,0,0,0,0,0,0,0,0,0,0,0,0,0,0,0,0,0,0,0,0,0,0,0,0,0,0,0,0,0,0,0,0,0,0,0,0,0,0,0,0,0,0,0,0,0,0,0,0,0,0,0,0,0,0,0,0,0,0,0,0,0,0,0,0,0,0,0,0,0,0,0,0,0,0,0,0,0,0,0,0,0,0,0,0,0,0,0,0,0,0,0,0,0,0,0,0,0,0,0,0,0,0,0,0,0,0,0,0,0,0,0,0,0,0,0,0,0,0,0,0,0,0,0,0,0,0,0,0,0,0,0,0,0,0,0,0,0,0,0,0,0,0,0,0,0,0,0,0,0,0,0,0,0,0,0,0,0,0,0,0,0,0,0,0,0,0,0,0,0,0,0,0,0,0,0,0,0,0,0,0,0,0,0,0,0,0,0,0,0,0,0,0,0,0,0,0,0,0,0,0,0,0,0,0,0,0,0,0,0,0,0,0,0,0,0,0,0,0,0,0,0,0,0,0,0,0,0,0,0,0,0,0,0,0,0,0,0,0,0,0,0,0,0,0,0,0,0,0,0,0,0,0,0,0,0,0,0,0,0,0,0,0,0,0,0,0,0,0,0,0,0,0,0,0,0,0,0,0,0,0,0,0,0,0,0,0,0,0,0,0,0,0,0,0,0,0,0,0,0,0,0,0,0,0,0,0,0,0,0,0,0,0,0,0,0,0,0,0,0,0,0,0,0,0,0,0,0,0,0,0,0,0,0,0,0,0,0,0,0,0,0,0,0,0,0,0,0,0
853290,0,0,0,0,0,0,0,0,0,0,0,0.166,0,0,0,0,0,0,0,0,0,0,0,0,0,0,0,0,0.483,0.227,0,0,0,0,0,0,0,0,0,0,0,0,0,0,0,0,0,0,0,0,0,0,0,0,0,0,0,0,0,0.218,0,0,0,0,0,0,0,0,0,0.169,0.153,0,0,0,0,0,0,0.619,0,0,0,0,0.196,0,0,0,0,0,0,0,0,0,0,0,0,0,0,0,0,0.313,0,0,0,0,0,0,0,0,0,0,0,0,0,0,0,0,0.61,0,0,0,0,0,0,0,0,0,0,0,0,0,0,0,0,0,0,0,0,0,0,0,0,0,0,0,0,0,0,0,0,0,0,0,0,0,0,0,0,0,0,0,0,0,0,0,0,0,0,0.989,0,0,0,0,0,0,0,0,0,0,0,0,0,0,0,0,0,0,0,0,0,0,0,0,0,0,0.681,0,0,0,0,0,0,0,0,0,0,0,0,0,0,0,0,0,0,0,0,0,0,0,0,0,0,0,0,0,0,0,0,0,0,0,0,0,0,0,0,0,0,0,0,0,0,0,0,0,0,0,0,0,0,0,0,0,0,0,0,0,0,0,0,0,0,0,0,0,0,0,0,0,0,0,0,0,0,0,0,0,0,0,0,0,0,0,0,0,0,0,0,0,0,0,0,0,0,0.189,0,0,0,0,0,0,0,0,0,0,0,0,0,0,0,0,0,0,0,0,0,0,0,0,0,0,0.788,0,0,0,0,0,0,0,0,0,0,0,0,0,0,0,0,0,0,0,0,0,0,0,0,0,0,0,0,0,0,0,0,0,0,0,0,0,0,0,0,0,0,0,0,0,0,0,0,0,0,0,0,0,0,0,0,0,0,0,0,0.183,0,0,0,0,0,0,0,0,0,0,0,0,0,0,0,0,0,0,0,0,0,0,0.226,0,0,0,0,0,0,0,0,0,0,0,0,0,0,0,0,0,0,0,0,0,0,0,0,0,0,0,0,0,0,0,0,0,0,0,0,0,0,0,0,0,0,0,0,0,0,0,0,0,0.186,0,0,0,0,0,0,0,0,0,0,0,0,0,0,0,0,0,0,0,0,0,0,0,0,0,0,0,0,0,0,0,0,0,0,0,0,0,0,0,0,0,0,0,0,0,0,0,0,0,0,0,0,0,0,0,0,0,0,0,0,0,0.338,0,0,0,0,0,0,0,0,0,0,0,0,0,0,0,0,0,0,0,0,0,0,0,0,0,0,0,0,0,0,0,0,0,0,0,0,0.8,0,0,0,0,0,0,0,0,0,0,0,0,0,0,0.633,0,0,0,0,0,0,0,0,0,0,0,0,0,0,0,0,0,0,0,0,0,0,0,0,0.178,0,0,0,0,0,0,0,0.309,0,0,0,0,0,0,0,0,0,0,0,0,0,0,0,0,0,0,0,0,0,0,0,0,0.315,0,0,0,0,0,0,0,0,0,0,0,0,0,0,0,0,0,0,0,0,0,0,0,0,0,0,0,0,0,0,0,0,0,0,0,0,0,0,0,0,0,0,0,0,0,0,0,0,0,0,0,0,0,0,0,0,0,0,0,0,0,0,0,0,0,0,0,0,0,0,0,0,0,0,0,0,0,0,0,0,0,0,0,0,0,0,0,0,0,0,0,0,0,0,0,0,0,0,0,0,0,0,0,0,0,0,0,0,0,0,0,0,0,0,0,0,0,0,0,0,0,0,0,0,0,0,0,0,0,0,0,0,0,0,0,0,0,0,0,0,0,0,0,0,0,0,0,0,0,0,0,0,0,0,0,0,0,0,0,0,0,0,0,0,0,0,0,0,0,0,0,0,0,0,0,0,0,0,0,0,0,0,0,0,0,0,0,0,0,0,0,0,0,0,0,0,0,0,0,0,0,0,0,0,0,0,0,0.305,0,0.782,0,0.654,0,0,0,0,0,0,0,0,0,0,0,0,0,0,0,0,0,0.183,0,0,0,0,0,0,0,0,0,0,0,0,0,0,0,0,0,0,0,0,0,0,0,0,0,0,0,0,0,0,0,0,0,0,0,0,0,0,0,0,0,0,0,0,0,0,0,0,0,0,0,0,0,0,0.331,0,0,0,0,0,0,0,0,0,0,0,0,0,0,0,0,0,0,0,0,0,0,0,0,0,0,0,0,0,0,0,0,0,0,0,0,0,0,0,0,0,0,0,0,0,0,0,0,0,0,0,0,0,0,0,0,0,0,0,0,0,0,0,0,0,0,0,0,0,0,0,0,0,0,0,0,0,0,0,0,0,0,0,0,0,0.353,0,0,0,0,0,0,0.219,0,0,0,0,0,0,0,0,0,0,0,0,0,0,0,0,0,0,0,0,0,0,0,0,0,0,0,0,0,0,0,0,0,0,0,0,0,0,0,0,0,0,0,0,0,0,0,0,0,0,0,0,0,0,0,0,0,0,0,0,0,0,0,0,0,0,0,0,0,0,0,0,0,0,0,0,0,0,0,0,0,0,0,0,0,0,0,0,0,0,0,0,0,0.276,0,0,0,0.581,0,0.392,0,0,0,0,0,0,0,0,0,0,0,0,0,0,0,0,0,0,0,0,0,0,0,0,0,0,0,0,0,0,0,0,0,0,0,0,0,0,0,0,0,0,0,0,0,0,0,0,0,0,0,0,0,0,0,0,0,0,0,0,0,0,0,0,0,0,0,0,0,0,0,0,0,0,0,0,0,0,0,0,0,0,0,0,0,0,0,0,0,0,0,0,0,0,0,0,0,0.298,0,0,0,0,0,0,0,0,0,0,0,0,0,0,0,0,0,0,0,0,0,0,0,0,0,0,0,0,0,0,0,0,0,0.194,0,0,0,0,0.7,0,0,0,0,0,0,0,0,0,0,0,0,0,0,0,0,0,0,0,0,0,0,0,0,0,0,0,0,0,0,0,0,0,0,0,0,0,0,0,0,0,0,0,0,0,0,0,0,0,0,0,0,0,0,0,0,0,0,0,0,0,0,0,0,0,0,0,0,0,0,0,0,0,0,0,0,0,0,0,0,0,0,0,0,0,0,0,0,0,0,0,0,0.501,0,0,0,0,0,0,0.157,0,0,0,0,0,0,0,0,0,0,0,0,0.585,0,0,0,0,0,0,0,0,0,0,0,0,0,0,0,0,0,0,0,0,0,0,0,0,0,0,0,0,0,0,0,0,0,0,0,0,0,0,0,0,0,0,0,0,0,0,0,0,0,0,0,0,0,0,0,0,0,0,0,0,0,0,0,0,0,0,0,0,0,0,0,0,0,0,0,0,0,0,0,0,0,0,0,0,0,0,0,0,0,0,0,0,0,0,0,0,0,0,0,0,0.571,0,0,0,0,0,0,0,0,0,0,0,0,0,0,0,0,0,0,0,0,0,0,0,0.787,0,0,0,0,0,0,0,0,0,0,0,0,0,0,0,0,0,0,0,0,0,0,0,0,0,0,0,0,0,0,0,0,0,0,0.594,0,0,0,0,0,0,0,0,0,0,0,0,0,0,0,0,0,0,0,0,0,0,0,0,0,0,0,0,0,0,0,0,0,0,0,0,0,0,0,0.22,0,0.392,0,0,0.285,0,0,0,0,0,0,0,0,0,0,0,0,0,0.188,0,0,0,0,0,0,0,0,0,0,0,0,0,0,0,0,0,0,0,0,0,0,0.218,0.613,0,0,0,0,0,0,0,0,0,0,0,0,0,0,0,0,0,0,0.25,0,0,0,0,0,0,0,0,0,0,0,0,0,0,0,0,0,0,0,0,0,0,0,0,0,0,0,0,0,0,0,0,0,0,0,0,0,0,0.189,0,0,0,0,0,0,0,0,0,0,0,0,0,0,0,0,0,0,0,0,0,0,0,0,0,0,0,0,0.226,0,0,0,0,0,0,0,0,0,0,0,0,0,0,0,0,0,0,0,0,0,0,0,0,0,0,0,0,0,0,0,0,0,0,0,0,0,0,0,0,0,0,0,0,0,0,0,0,0,0,0,0,0,0,0,0.169,0,0,0,0,0,0,0,0,0,0,0,0,0,0,0,0,0,0,0,0,0,0,0,0,0,0,0,0,0,0,0,0,0,0,0,0,0,0,0,0,0,0,0,0,0,0.161,0,0,0,0,0,0,0,0,0,0,0,0,0,0,0,0,0,0,0,0,0,0,0,0,0,0,0,0,0,0,0,0,0,0,0,0,0,0,0,0.218,0,0,0,0,0,0,0,0,0,0,0,0,0,0,0,0,0,0,0,0,0,0.62,0,0,0,0,0,0,0,0,0,0,0,0,0,0,0,0,0,0,0,0,0,0,0,0,0,0,0,0,0,0,0,0,0,0,0,0,0,0,0,0,0,0,0,0,0,0,0,0,0,0,0,0,0,0,0,0,0,0,0,0,0,0,0,0,0,0,0,0,0,0,0,0,0,0,0,0,0,0,0,0.22,0,0,0,0,0,0,0,0,0,0,0,0,0,0,0,0,0,0,0,0,0,0,0,0,0,0,0,0,0,0,0,0,0,0,0,0,0,0,0,0,0,0,0,0,0,0,0,0,0,0,0,0,0,0,0,0,0,0,0,0,0,0,0,0,0,0,0,0,0,0,0,0,0,0,0,0.698,0,0,0,0,0,0,0,0,0,0,0,0,0,0,0,0,0,0,0,0,0,0,0.394,0,0,0,0,0,0,0,0,0,0,0,0,0,0,0,0,0,0,0,0,0,0.196,0.219,0,0,0,0,0,0,0,0,0,0,0,0,0,0,0,0,0,0,0,0,0,0,0,0,0,0,0,0,0,0,0,0,0,0,0,0,0,0,0,0,0,0,0.216,0,0,0,0,0.156,0,0,0,0,0,0,0,0,0,0,0,0,0,0,0,0,0,0,0,0,0,0,0,0,0,0,0,0,0,0,0,0,0,0,0,0,0,0,0,0,0,0,0,0,0,0,0,0,0,0,0,0,0,0,0,0,0,0,0,0,0,0,0,0,0,0,0,0,0,0,0,0,0,0,0,0,0,0,0,0,0,0,0,0,0.227,0,0,0,0,0,0,0,0,0,0,0,0.218,0,0,0,0,0,0,0,0,0.218,0,0,0,0,0,0,0,0,0,0,0,0,0,0,0,0,0,0,0,0,0,0,0,0,0,0,0,0.197,0.457,0,0,0,0,0,0,0,0,0,0,0,0,0,0,0.808,0,0,0,0.315,0,0,0,0,0,0,0,0,0,0,0,0,0,0,0,0,0,0,0,0,0,0,0,0,0,0.34,0,0,0,0,0,0,0,0,0,0,0,0,0,0,0,0,0,0,0,0,0,0,0,0,0,0,0,0,0,0,0,0.223,0.553,0,0,0,0,0,0,0,0,0,0,0,0.221,0,0,0,0,0,0,0,0,0,0,0,0,0,0,0,0,0,0.218,0,0,0,0,0,0,0,0,0,0,0,0,0,0,0,0,0,0,0,0,0,0,0,0,0,0,0,0,0,0,0,0,0,0,0,0,0,0,0,0,0,0,0,0,0,0,0,0,0,0,0,0,0,0,0,0,0,0,0,0,0,0,0,0,0,0,0,0,0,0,0,0.39,0,0,0,0,0.615,0.195,0.211,0,0,0,0,0,0,0,0.152,0,0,0,0,0,0,0,0,0,0,0,0,0,0,0,0,0,0,0,0.263,0,0.218,0,0,0,0,0.322,0,0,0,0,0,0,0.227,0,0,0,0,0,0,0,0,0,0,0,0,0,0,0,0,0,0,0,0,0,0.25,0,0,0,0,0,0,0.22,0,0,0,0,0,0,0,0,0,0,0,0,0,0,0,0,0.195,0,0,0,0,0,0,0,0,0,0,0,0,0,0,0,0,0,0,0.556,0,0,0,0,0,0,0,0,0,0.244,0,0,0,0,0,0,0,0,0.169,0,0,0,0,0,0,0,0,0.33,0,0,0,0.259,0,0,0,0,0,0,0,0,0,0,0,0,0,0,0.196,0,0,0,0,0,0,0,0,0,0,0,0,0,0,0,0,0,0,0,0,0,0,0,0,0,0,0,0,0,0,0,0,0,0,0,0,0,0,0,0,0,0,0.331,0,0,0,0,0,0,0,0,0.218,0,0,0,0,0,0,0,0,0,0,0,0,0,0,0,0,0,0,0,0.161,0,0,0.209,0,0,0,0,0,0,0,0,0,0,0,0,0,0,0.78,0,0,0,0,0,0,0,0,0,0,0,0,0,0,0,0,0,0,0,0,0,0,0,0,0,0,0,0,0,0,0,0,0,0,0,0,0,0,0.259,0,0,0,0,0,0,0,0,0,0,0,0,0,0,0,0,0,0,0,0,0,0,0,0,0,0,0,0,0,0,0,0,0,0,0,0,0,0,0,0,0,0,0,0,0,0,0,0,0,0,0,0,0,0,0,0,0,0,0,0,0,0,0,0,0,0,0,0,0,0,0,0,0,0,0,0,0,0,0,0,0,0,0,0,0,0,0,0,0,0,0,0,0,0,0,0,0,0,0,0,0,0,0,0,0,0,0,0,0,0,0,0,0,0,0,0,0,0,0,0,0,0,0,0,0,0,0,0,0,0,0,0,0,0,0,0,0,0,0,0,0,0,0,0,0,0,0,0,0,0,0,0,0,0,0,0,0,0,0,0,0,0,0,0,0,0,0,0,0,0,0,0,0,0,0,0,0,0,0,0,0,0,0,0,0,0,0,0,0,0,0,0.226,0,0,0,0,0,0,0,0,0,0,0,0,0,0,0,0,0,0,0,0,0,0,0,0.153,0,0,0,0,0,0,0,0.25,0,0,0,0,0,0,0,0.193,0,0,0,0,0,0,0,0,0,0,0,0,0,0,0,0,0,0,0,0,0,0,0,0,0,0,0,0,0,0,0,0,0,0,0,0,0,0,0,0,0,0,0,0,0,0,0,0,0,0,0,0,0,0,0,0,0,0,0,0,0,0,0,0,0,0,0,0,0,0,0,0,0,0,0.293,0,0,0,0,0,0,0,0,0,0,0,0,0,0,0,0,0,0,0,0.71,0,0,0,0,0,0,0,0,0,0,0,0.483,0,0,0,0,0,0,0,0,0,0,0,0,0,0,0,0,0,0,0,0,0,0,0,0,0,0,0,0,0,0,0,0,0,0,0,0,0,0,0,0,0,0,0,0,0,0,0,0,0,0,0,0,0,0,0,0,0,0,0,0,0,0,0,0.202,0,0,0,0,0,0,0,0,0,0,0,0,0,0,0,0,0,0,0,0,0,0,0,0,0,0,0,0,0,0,0,0,0,0,0,0,0,0,0,0,0,0,0,0.309,0,0,0,0.173,0,0,0,0,0.63,0,0,0.22,0,0,0.153,0,0.224,0.219,0,0,0,0,0.571,0,0.333,0.305,0,0,0,0,0,0,0,0,0,0,0,0,0,0,0,0,0,0,0,0,0,0,0,0.305,0,0,0,0,0,0,0,0,0,0,0,0,0,0,0,0,0,0,0,0,0,0,0,0,0,0,0,0,0,0,0,0,0,0,0,0,0,0,0,0,0,0,0,0,0,0,0,0,0,0,0,0,0,0,0,0,0,0,0,0,0,0,0,0.218,0,0,0,0,0,0,0.298,0,0,0,0,0,0,0,0,0,0,0,0,0,0,0,0,0,0,0,0,0,0,0,0.272,0,0,0,0,0.343,0,0,0,0,0,0,0,0,0,0,0,0,0,0,0.272,0,0,0,0,0,0,0,0,0,0,0,0,0,0,0,0,0,0.192,0,0,0,0,0,0,0,0,0,0,0,0,0,0,0,0,0,0,0,0,0,0,0,0,0,0,0,0,0,0,0,0,0,0,0,0,0,0,0,0,0,0,0,0,0,0,0,0,0,0,0,0,0,0,0.81,0.197,0,0,0,0,0,0.218,0,0,0,0,0,0,0,0,0,0,0,0,0,0,0,0,0,0,0,0,0,0,0,0.151,0,0,0,0,0,0,0,0,0,0,0,0,0,0,0,0,0,0,0,0,0,0,0,0,0,0,0,0.394,0,0,0,0,0,0,0,0,0,0,0,0,0,0,0,0,0,0,0,0,0,0,0,0,0,0,0,0,0,0,0,0.152,0,0,0,0,0,0,0,0,0,0,0,0,0,0,0,0.262,0,0,0,0,0,0,0,0,0,0,0,0,0,0,0,0,0,0,0,0,0,0,0,0,0,0,0,0,0,0,0,0,0,0,0,0,0,0,0,0,0,0,0,0,0,0,0,0,0,0,0,0,0,0,0,0,0,0,0,0,0,0,0,0,0,0,0,0,0,0,0,0,0,0,0,0,0,0,0,0,0,0,0,0,0,0,0,0,0,0,0,0,0,0,0,0,0,0,0,0,0,0,0,0,0,0,0,0,0,0,0,0,0,0,0,0,0,0,0,0,0,0,0,0,0,0,0,0,0,0,0,0,0,0,0,0,0,0,0,0,0,0,0,0,0,0,0,0.254,0,0,0,0,0,0,0,0,0,0,0,0,0,0,0,0,0,0,0,0,0,0,0,0,0,0,0,0,0,0,0,0,0,0,0,0,0,0,0,0,0,0,0,0,0,0,0,0,0,0,0,0,0,0,0,0,0,0,0,0,0,0,0,0,0,0,0,0,0,0,0,0,0,0,0,0,0,0,0,0,0,0,0,0,0,0,0,0,0,0,0,0,0,0,0,0.246,0,0,0,0,0,0,0,0,0,0,0,0,0,0,0,0,0,0,0,0,0,0,0.276,0,0,0,0,0,0,0,0.45,0,0,0,0,0,0.169,0,0,0,0,0.514,0,0,0,0,0,0,0,0,0,0,0,0,0,0,0,0,0,0,0,0.266,0.171,0,0,0,0,0,0,0,0,0,0,0,0,0.354,0,0,0,0,0.446,0,0,0,0,0,0.181,0,0,0,0,0,0,0,0,0,0,0,0,0.454,0,0,0,0,0,0,0,0,0,0,0.692,0,0,0,0,0,0,0,0,0,0,0,0,0,0,0,0,0,0,0,0,0,0,0,0,0,0,0,0,0.196,0,0,0,0,0,0,0,0,0.518,0,0,0,0,0,0,0,0,0,0,0.196,0,0,0,0,0,0,0,0,0,0,0,0,0,0,0,0,0,0,0,0,0.317,0.193,0,0,0,0,0,0,0,0.787,0,0,0,0,0,0,0,0,0,0,0,0,0,0,0.533,0,0,0,0,0,0,0,0,0,0.288,0,0,0,0,0,0,0,0,0,0,0,0,0,0,0,0,0,0,0,0,0,0,0,0,0.198,0,0,0,0,0,0.781,0,0.572,0.683,0,0,0,0,0,0,0,0,0,0,0,0,0,0,0,0,0,0,0,0,0,0,0,0,0,0,0,0,0,0,0,0,0,0,0,0,0,0,0,0,0,0.152,0,0,0,0,0,0,0,0,0,0,0,0,0,0,0,0,0,0,0,0,0,0,0,0,0,0,0,0,0,0,0,0,0,0,0,0,0,0,0.194,0,0,0,0,0,0,0,0,0,0,0,0,0,0,0,0.288,0,0,0,0,0,0,0,0,0,0,0,0,0,0,0,0.196,0,0,0,0,0,0,0,0,0,0,0,0,0,0,0,0,0,0,0,0,0,0,0,0,0,0,0,0,0,0.152,0.295,0,0,0,0,0,0,0,0,0,0,0,0,0,0,0,0,0,0,0,0,0,0,0,0,0,0,0,0,0,0,0,0,0,0,0,0,0,0,0,0,0,0,0,0,0,0,0,0,0,0,0,0,0,0,0,0,0,0,0,0,0,0,0,0,0,0,0,0.394,0,0,0.22,0,0,0,0,0,0,0,0,0,0,0,0,0,0,0,0,0,0,0,0,0,0,0,0,0,0,0,0,0,0,0,0,0,0,0,0,0,0,0,0,0,0,0,0,0,0,0,0,0,0,0,0,0,0,0,0,0,0,0,0,0,0,0,0,0,0,0,0,0,0,0
856561,0,0,0.181,0,0,0,0,0,0,0,0,0,0,0,0,0,0.156,0,0,0,0,0,0,0,0,0,0,0,0,0,0,0,0,0,0,0,0,0,0,0,0,0,0,0,0,0,0,0,0,0,0,0,0,0,0,0,0.268,0,0,0,0,0,0,0,0,0,0,0,0,0,0,0,0,0,0,0.185,0,0,0,0,0,0,0.169,0,0,0,0,0,0,0,0,0,0,0,0,0,0,0,0,0,0,0,0,0,0,0,0,0,0,0,0,0,0,0,0,0,0,0.178,0,0,0,0,0,0,0,0,0,0,0,0,0,0,0,0,0,0,0,0,0,0,0,0,0,0,0.267,0,0,0,0,0,0,0,0,0,0,0,0,0,0,0,0,0,0,0,0,0,0,0,0,0,0,0,0,0,0,0,0,0,0,0,0,0.187,0,0,0,0,0,0,0,0,0,0,0,0,0,0,0,0,0,0,0,0,0,0,0,0,0,0,0,0,0,0,0,0,0,0,0,0,0,0,0,0,0,0,0,0,0,0.188,0,0,0,0,0,0,0,0,0,0,0,0,0,0,0,0,0.995,0,0,0,0,0,0,0,0,0.204,0,0,0,0,0,0,0,0,0,0,0,0,0,0,0,0,0,0,0,0.409,0,0.267,0,0,0,0,0,0,0,0,0,0,0,0,0,0,0,0,0,0,0,0,0,0.195,0,0,0,0,0,0,0,0.226,0,0,0,0,0,0,0,0,0.267,0,0,0,0,0,0.73,0,0,0.311,0,0.208,0,0,0,0.537,0,0,0,0,0,0,0,0,0,0,0.22,0,0,0,0,0,0,0,0,0.244,0,0,0,0,0,0,0,0,0,0,0,0,0,0,0,0,0,0,0,0,0,0,0,0,0,0,0,0,0,0,0,0,0,0,0,0,0,0,0,0,0,0,0,0,0,0,0,0,0,0,0,0,0,0,0,0,0,0,0.196,0,0,0,0,0,0,0,0,0,0,0,0,0,0,0,0,0.43,0,0,0,0,0,0,0,0,0,0,0,0,0,0,0,0,0,0,0,0,0,0.245,0,0,0,0,0,0,0,0,0,0,0,0,0,0,0,0,0,0,0,0,0,0,0,0,0,0,0,0,0,0,0,0,0,0,0,0,0,0,0,0,0,0,0,0,0,0,0,0,0,0,0,0,0,0,0,0.26,0,0,0,0,0,0,0,0,0,0,0,0,0,0,0,0,0,0,0,0,0,0,0,0,0.229,0,0,0,0,0,0,0,0,0,0,0,0,0,0,0,0,0,0,0,0,0,0,0,0,0,0,0,0,0,0,0,0,0,0,0,0,0,0,0,0,0,0,0,0,0,0,0,0,0,0,0,0,0,0,0,0,0,0,0,0,0,0,0,0,0,0,0,0,0,0,0,0,0,0,0,0,0,0,0,0,0,0,0,0,0,0.172,0,0,0,0,0,0,0.355,0,0,0,0,0,0,0.292,0,0,0,0,0,0,0,0,0,0.161,0,0,0,0,0,0,0,0,0,0,0,0,0,0,0,0,0,0,0,0,0,0,0,0,0,0,0,0,0,0,0,0,0,0,0,0,0,0.179,0,0,0,0,0,0.297,0,0,0,0.178,0,0,0,0,0,0,0,0,0,0,0,0,0,0,0,0,0,0,0,0,0,0,0,0,0,0,0,0,0,0,0.33,0,0,0,0.375,0,0,0,0,0,0,0,0,0,0,0,0,0,0,0,0,0,0,0,0,0,0,0,0,0,0,0,0,0,0,0,0,0,0,0,0,0,0,0,0,0,0,0,0.179,0.272,0,0,0,0,0,0,0,0,0,0,0,0,0,0,0,0,0,0.336,0.237,0,0,0,0,0,0,0,0,0,0,0,0,0.228,0,0,0,0,0,0,0,0,0,0,0,0,0,0,0,0,0,0,0,0,0,0,0,0,0,0,0,0,0,0,0,0,0.286,0,0,0,0,0,0,0,0,0,0,0,0,0,0,0,0,0,0,0,0,0,0,0,0,0,0,0,0,0,0,0,0,0,0,0,0,0,0,0,0,0,0,0,0.201,0,0,0,0,0,0,0,0,0,0,0,0,0,0,0,0,0,0,0,0,0,0,0,0,0,0,0,0,0,0,0,0,0,0,0,0,0,0,0,0,0,0,0,0,0,0,0,0,0,0,0,0,0,0,0,0,0,0,0,0,0,0,0,0,0,0,0,0,0,0,0,0,0,0,0,0,0,0,0,0,0,0,0,0,0,0,0,0,0,0,0,0,0,0,0,0,0,0.171,0,0,0,0,0,0,0,0,0,0,0,0,0,0,0,0,0,0,0,0,0,0,0,0,0,0,0,0,0,0,0.161,0,0,0,0,0,0.814,0,0,0,0,0,0,0,0,0,0,0,0,0,0,0,0,0,0,0,0,0,0,0,0,0,0,0,0,0,0,0,0,0,0.178,0,0.169,0,0,0,0,0,0,0,0,0,0,0,0,0,0,0,0,0,0,0,0,0,0,0,0,0,0,0,0,0,0,0,0,0,0,0,0,0,0,0,0,0,0,0,0.395,0,0,0,0,0,0,0,0,0,0,0,0,0,0,0.294,0,0,0,0,0,0,0,0,0,0,0,0,0,0,0,0,0,0,0,0,0,0,0.297,0,0,0,0,0,0,0,0,0,0,0,0,0,0,0,0,0,0,0,0,0,0,0,0,0,0,0,0,0.161,0,0,0,0,0.192,0,0,0,0,0,0.177,0,0.246,0,0,0.363,0,0,0.459,0,0.181,0,0,0,0.262,0.293,0,0,0,0,0,0,0,0,0,0,0,0,0.178,0,0,0,0,0,0,0,0,0,0,0,0,0,0,0,0,0,0,0,0,0,0,0.27,0,0,0,0,0,0,0,0,0,0,0,0,0,0,0,0,0,0,0,0,0,0,0,0,0,0,0,0,0,0,0,0,0,0,0,0,0,0,0,0,0,0,0,0,0,0,0,0,0,0,0,0,0,0,0,0,0,0,0,0,0,0.201,0.193,0,0,0,0,0,0,0,0,0,0,0,0,0.194,0,0,0,0,0,0.181,0,0,0,0,0,0,0,0,0,0,0,0,0,0,0,0,0,0.998,0,0,0.395,0,0,0,0,0,0,0,0,0,0.161,0,0,0,0,0,0,0,0,0,0,0,0,0,0,0,0,0,0,0,0.181,0,0,0.195,0,0,0,0,0,0,0,0,0,0,0,0,0,0,0,0,0,0,0,0,0,0,0,0,0,0,0,0,0,0,0,0,0,0,0.229,0,0,0,0,0,0,0,0,0,0,0,0,0,0,0,0,0,0.261,0,0,0,0,0,0,0,0,0,0,0,0,0,0,0,0,0,0,0,0.164,0,0,0,0,0.189,0.173,0,0,0,0,0,0,0,0,0,0,0,0,0,0,0,0,0,0,0,0.385,0,0,0,0,0,0,0,0,0,0,0.27,0,0,0,0,0,0,0,0,0,0,0,0,0,0,0.204,0,0,0,0,0,0,0,0,0,0.195,0,0,0,0,0,0,0,0,0,0,0.291,0,0,0,0,0,0,0,0,0,0.415,0,0,0,0,0,0.27,0,0.181,0,0,0,0,0,0,0,0,0,0,0,0,0,0,0,0,0,0.761,0,0,0,0,0,0.799,0,0,0,0,0,0.21,0,0,0,0,0,0.157,0,0,0,0,0,0,0,0,0.688,0,0,0,0,0,0,0,0,0,0,0,0,0,0,0,0,0,0,0,0,0,0,0,0,0,0,0,0,0,0,0,0,0,0,0,0,0,0,0,0,0,0,0,0,0,0,0,0,0,0,0,0,0,0,0,0,0,0,0,0,0,0,0,0,0,0,0,0,0,0,0,0.973,0,0,0,0,0,0,0.178,0.156,0,0,0,0,0,0,0,0,0,0,0,0,0,0.178,0,0,0,0,0,0,0,0,0.178,0,0,0,0,0,0,0,0.345,0,0,0,0,0,0,0,0,0,0,0,0,0,0,0,0,0,0,0,0,0,0,0,0,0,0,0,0,0,0,0,0,0,0.971,0,0,0,0,0,0,0.178,0,0,0,0,0.178,0,0,0,0,0,0,0,0,0,0.267,0,0,0,0,0,0,0,0,0,0,0,0,0,0,0,0,0.178,0,0,0,0,0,0.219,0,0,0,0,0,0,0,0,0,0,0,0,0,0,0,0,0,0,0,0,0,0,0,0,0,0,0,0,0,0,0.204,0,0,0,0,0,0,0,0,0,0,0,0,0,0,0,0.204,0,0,0,0,0,0,0,0,0,0,0,0,0,0,0.318,0.275,0,0,0,0,0,0,0.32,0,0,0,0,0,0,0,0,0,0,0,0,0,0,0,0,0,0,0,0,0,0,0,0,0,0,0,0,0.219,0,0,0,0,0,0,0.195,0,0,0,0.22,0,0.185,0,0,0,0,0,0,0,0,0,0,0,0,0,0,0,0,0,0,0,0,0,0,0,0,0,0,0,0,0.729,0,0,0,0,0,0,0,0,0,0,0,0,0,0,0,0.996,0,0,0,0,0,0,0,0,0,0,0,0,0,0,0,0,0,0,0,0,0,0,0,0,0,0,0,0,0,0,0,0,0,0,0,0,0,0,0,0,0,0.182,0,0,0,0.196,0,0,0,0,0,0,0,0,0,0,0,0,0,0,0,0,0,0,0,0,0,0,0,0,0,0,0,0,0,0,0,0,0.359,0.178,0,0,0,0,0,0.537,0,0,0,0,0,0,0,0,0,0,0,0,0,0,0,0,0,0,0,0,0,0,0,0,0,0,0,0,0,0,0,0,0,0,0,0,0,0,0,0,0,0,0,0,0,0,0,0,0,0,0,0,0,0,0,0,0,0,0,0,0,0,0,0,0,0,0,0,0,0,0,0,0,0,0,0,0,0,0,0,0,0,0,0,0,0.763,0,0,0.213,0,0,0.663,0,0,0.936,0,0,0,0,0,0,0,0,0,0,0.338,0,0,0,0,0,0,0,0,0,0,0,0,0,0,0,0,0,0,0,0,0,0,0,0,0,0,0,0,0,0,0,0,0,0,0,0,0,0,0,0.512,0,0,0,0,0,0,0,0,0,0,0,0,0,0,0,0,0,0,0,0,0,0,0,0,0,0,0,0,0,0,0,0,0,0,0,0,0,0,0,0,0,0,0,0,0,0,0,0,0,0.307,0,0,0,0,0,0,0,0,0,0,0,0,0,0.277,0,0,0,0,0.319,0,0,0,0,0,0,0,0,0,0,0,0,0,0,0,0,0,0,0,0,0,0,0.245,0,0,0,0,0,0,0,0,0,0,0,0,0,0,0,0,0,0,0,0,0,0.243,0,0,0,0,0,0,0,0,0.265,0,0,0,0,0,0,0,0,0,0,0.261,0,0,0,0,0,0,0,0,0,0,0,0,0,0,0,0,0,0,0,0,0,0.178,0,0,0.178,0,0.267,0.178,0,0,0,0.161,0,0,0,0,0,0,0,0,0,0,0,0,0,0,0.261,0,0,0,0,0,0,0,0,0,0,0,0,0,0,0,0,0,0,0,0,0,0,0,0.205,0,0,0,0,0,0,0,0,0.327,0,0,0,0,0,0.96,0,0,0,0,0,0,0,0,0,0,0,0,0,0,0,0.275,0,0,0,0,0,0,0,0,0,0,0,0,0,0,0,0,0,0,0,0,0,0,0,0,0,0,0,0,0,0.16,0,0.166,0.167,0,0,0,0,0,0,0,0,0,0,0,0,0,0,0,0,0,0,0,0,0,0,0,0,0,0,0,0,0,0,0,0,0,0,0,0.153,0,0,0,0,0,0,0,0,0.162,0,0,0,0,0,0,0,0,0,0,0,0,0,0,0,0,0,0,0,0,0,0,0,0,0,0,0,0,0,0,0,0,0,0,0,0,0,0,0,0,0,0,0,0,0,0,0,0,0,0,0,0,0,0,0,0,0,0,0,0,0,0,0,0,0,0.186,0,0,0,0,0,0,0,0,0,0,0,0,0,0,0,0,0,0,0,0,0,0,0,0,0,0,0,0,0,0,0,0,0,0,0,0,0,0,0,0,0,0,0,0,0,0,0,0,0,0,0,0,0,0,0,0,0,0,0,0,0,0.277,0.333,0,0,0,0,0,0,0,0,0,0,0,0.203,0,0,0.579,0,0,0,0,0,0,0,0,0,0,0.187,0,0.523,0,0,0,0,0,0,0,0,0,0,0,0,0,0,0,0,0,0,0,0,0.544,0,0,0,0,0,0,0,0,0,0,0,0,0,0,0,0,0,0.179,0,0,0,0,0,0,0,0,0,0,0,0,0,0,0,0,0,0,0,0,0,0,0,0,0,0.859,0,0,0.997,0,0,0.28,0,0,0,0,0,0,0,0,0,0,0,0,0,0,0.339,0,0,0,0,0,0,0,0,0.206,0,0,0,0.309,0,0.995,0,0,0,0,0,0,0,0,0,0,0,0.239,0,0,0,0,0,0,0,0,0,0,0,0.237,0,0,0,0,0,0,0,0,0,0,0,0,0,0,0,0,0,0,0,0,0,0,0,0,0,0,0,0,0,0,0,0,0,0,0,0,0,0,0,0,0.432,0,0,0,0,0,0,0,0,0,0,0.275,0,0,0,0,0,0,0,0,0,0,0,0,0,0,0.3,0.2,0,0,0,0,0,0,0,0,0,0,0,0,0,0,0,0,0,0,0,0,0,0,0,0,0,0,0,0.36,0,0,0,0,0,0,0,0,0,0,0,0,0,0,0,0,0,0,0,0,0,0,0,0,0,0.501,0,0,0,0.663,0,0,0,0,0,0,0,0,0,0,0,0,0,0,0,0,0,0,0,0,0,0,0,0,0,0,0,0,0,0,0,0,0,0,0,0,0,0,0,0,0,0,0,0,0,0,0,0,0,0,0,0,0,0,0,0,0,0,0,0,0,0.933,0,0,0,0,0,0,0,0,0,0,0,0,0,0,0,0,0.925,0,0,0,0,0.443,0,0,0.277,0,0,0,0,0,0,0,0,0,0,0,0,0,0,0,0,0,0,0,0,0,0.274,0,0,0,0,0,0,0,0,0,0,0,0,0,0,0,0,0,0.201,0,0,0,0,0,0,0,0,0,0,0,0,0,0,0,0,0,0,0,0,0,0,0,0,0,0,0,0,0.451,0,0,0,0,0,0,0,0,0,0,0,0.312,0,0,0,0,0,0,0,0,0,0,0,0,0,0,0,0,0,0,0,0,0,0,0,0,0,0,0,0,0,0,0,0,0,0,0,0,0,0,0,0,0,0,0,0,0,0,0,0,0,0,0,0,0,0,0,0,0,0,0,0,0,0,0,0,0,0,0,0.479,0,0,0,0,0,0,0,0,0,0,0,0,0,0,0,0,0,0,0,0.7,0,0,0,0,0,0,0,0,0,0,0,0,0,0,0,0,0,0,0,0,0,0,0,0,0,0,0,0,0,0,0,0,0,0,0,0,0,0,0,0,0,0,0,0,0,0,0,0,0,0,0,0,0,0,0,0,0,0,0,0,0,0,0,0.48,0.396,0.305,0,0,0,0.998,0,0,0,0,0,0,0,0,0,0,0,0,0,0,0,0,0,0,0,0,0,0,0,0.153,0,0,0,0,0,0,0,0,0,0,0,0,0,0,0,0,0,0,0,0,0.563,0,0,0.552,0,0,0,0,0,0,0,0,0,0,0,0,0,0,0,0,0,0,0,0,0,0,0,0,0,0,0.394,0,0,0,0,0,0,0,0,0,0,0,0,0,0,0,0,0,0.204,0,0,0,0,0,0,0,0,0.16,0,0,0,0,0,0,0,0,0,0,0,0,0,0,0,0,0,0,0,0,0,0,0,0,0,0,0,0,0,0,0,0,0,0,0,0,0,0,0,0,0,0,0,0,0,0,0,0,0,0,0,0,0,0,0,0,0,0,0,0,0,0,0,0,0,0,0,0,0,0,0,0,0,0,0,0,0,0,0,0,0,0,0,0,0,0,0,0,0,0,0,0,0,0,0,0,0,0,0,0,0,0,0,0,0,0,0,0,0,0,0,0,0,0,0,0,0,0,0,0,0,0,0,0,0,0,0,0,0,0,0,0,0,0,0,0,0,0,0,0,0,0,0,0,0,0,0,0,0,0,0.216,0,0,0,0,0,0,0,0,0,0.224,0,0,0,0,0,0,0,0,0,0,0,0,0,0,0,0,0,0,0,0,0,0,0,0,0,0,0,0,0,0,0.771,0,0,0,0,0,0,0,0,0,0,0,0,0,0,0,0,0,0,0,0,0,0,0,0,0,0,0,0,0,0,0,0,0,0,0,0,0,0,0,0,0,0,0,0,0,0,0,0,0,0,0,0,0,0,0,0,0,0,0,0,0,0,0,0,0,0,0,0,0,0,0,0,0,0,0,0,0,0,0,0,0,0,0,0,0,0,0,0,0,0,0,0,0,0,0,0,0,0,0,0.238,0,0,0,0,0,0,0,0,0,0,0,0,0,0,0,0,0,0,0,0,0,0,0,0,0,0,0,0,0,0,0,0,0,0,0,0,0,0,0,0,0,0,0,0,0,0,0,0,0,0,0,0,0,0,0,0,0,0,0,0,0,0,0,0,0,0,0,0,0,0,0,0,0,0,0,0,0,0,0,0,0,0,0,0,0,0,0,0,0,0,0,0,0,0,0,0,0,0,0,0,0,0,0,0,0,0,0,0,0,0,0,0,0.538,0,0,0,0,0.875,0,0,0,0,0,0,0,0,0,0.927,0,0,0,0,0,0,0,0,0,0,0,0,0,0,0,0,0,0,0,0,0,0,0,0,0.986,0,0,0,0,0,0,0,0,0.997,0,0,0,0,0,0,0,0,0,0,0,0,0,0.971,0.161,0,0,0,0,0,0,0,0,0,0.229,0,0,0,0,0,0,0,0,0,0,0,0,0,0,0,0,0,0,0,0,0,0,0,0.16,0,0,0,0,0,0,0,0,0,0.232,0,0,0,0,0,0,0,0,0,0,0,0,0,0,0,0,0,0,0,0,0,0,0,0,0,0,0,0,0.316,0,0,0,0.482,0,0,0,0,0,0,0,0,0,0,0,0,0,0.42,0,0,0,0,0,0,0,0,0,0,0,0,0,0,0,0,0,0,0,0,0,0,0,0,0,0,0.404,0,0,0,0,0.514,0,0.349,0,0,0,0,0,0,0,0,0,0,0,0,0,0,0,0,0,0,0,0,0,0,0,0,0,0,0,0,0,0,0,0,0,0,0,0,0,0,0,0,0,0,0,0,0,0,0,0,0,0,0,0,0,0,0,0.196,0,0,0,0,0,0,0,0,0,0,0,0,0,0,0,0,0,0,0.393,0,0,0,0,0,0,0,0,0,0,0,0.19,0,0,0,0.316,0,0,0,0,0,0,0,0,0,0,0,0,0,0,0,0,0,0,0,0,0,0,0,0,0,0,0,0,0,0,0,0,0,0,0,0,0,0,0,0,0,0,0,0.163,0,0,0,0,0,0,0,0,0,0,0,0,0,0,0,0,0,0,0,0,0,0,0.598,0,0,0,0,0,0,0,0,0,0,0,0.68,0,0,0,0,0,0,0,0,0,0,0,0,0,0,0,0,0,0,0,0,0,0,0,0.246,0,0,0,0,0,0,0,0,0,0,0,0,0,0,0,0,0,0,0.395,0,0,0,0,0,0,0,0,0,0,0,0,0,0,0,0,0,0,0,0,0,0,0,0,0,0,0,0,0,0,0,0,0,0,0,0,0,0,0,0,0,0,0,0,0,0.538,0,0,0,0,0,0,0.236,0,0,0,0,0,0,0,0,0,0,0,0,0,0,0,0,0,0,0,0,0,0,0,0,0,0,0.417,0,0,0,0,0,0,0,0,0,0,0,0,0,0,0,0,0,0,0,0,0,0,0,0,0,0,0,0,0,0,0,0,0,0,0,0,0,0,0,0,0,0,0,0,0,0,0,0,0,0,0.365,0.475,0,0.669,0.742,0,0,0,0,0,0,0,0,0,0,0,0,0,0,0,0,0,0,0.443,0,0,0,0,0,0,0,0,0,0,0,0,0,0,0,0,0,0,0,0
853173,0,0,0,0,0.2,0,0,0,0,0,0,0,0,0,0,0,0,0,0,0,0,0,0,0,0,0,0,0,0,0,0,0,0,0,0,0,0,0,0,0,0,0,0,0,0,0,0,0,0,0,0,0,0,0,0,0,0,0,0,0,0,0,0,0,0,0,0,0,0,0.228,0.383,0,0,0,0,0,0,0,0,0,0,0,0.446,0,0,0,0,0,0,0,0,0,0,0,0,0,0,0,0,0,0,0,0,0,0,0,0,0,0,0,0,0,0,0,0,0,0,0,0,0,0,0,0,0,0,0,0,0,0,0,0,0,0,0,0,0,0,0,0,0,0,0,0,0,0,0,0,0,0,0,0,0,0,0,0,0,0,0,0,0,0,0,0,0,0,0,0,0.15,0,0,0,0,0,0,0,0,0,0,0,0,0,0,0,0,0,0,0,0,0,0,0,0,0,0,0,0,0,0,0,0,0,0,0,0,0,0,0,0,0,0,0.562,0,0,0.301,0,0,0,0,0,0,0,0,0,0,0,0,0,0,0,0,0,0,0,0,0,0,0,0,0,0,0,0,0,0,0,0,0,0,0,0,0,0,0,0,0.221,0,0,0,0,0,0,0,0,0,0,0,0,0,0,0,0.309,0,0,0,0,0,0,0,0,0,0,0,0,0,0,0,0,0,0,0,0,0,0,0,0,0,0,0,0,0,0,0,0,0,0,0,0,0,0,0,0,0,0,0,0,0,0,0.233,0,0,0,0,0,0,0,0,0,0,0,0,0,0,0,0,0,0,0,0,0,0,0,0,0,0,0,0,0,0,0,0,0,0,0,0,0,0,0,0,0,0,0,0,0,0,0,0,0,0,0,0,0,0,0,0,0,0,0,0,0,0,0,0,0,0,0,0,0,0,0,0,0,0,0,0,0,0,0,0,0,0,0,0,0,0,0,0,0,0,0,0,0,0,0,0,0,0,0,0,0,0,0,0.246,0.234,0,0,0,0,0,0,0,0,0,0,0,0,0,0,0,0,0,0,0,0.19,0,0,0,0,0,0,0,0,0,0,0.309,0,0,0,0.189,0,0,0,0,0.904,0,0,0,0,0,0,0,0,0,0,0,0,0,0,0,0,0.179,0,0,0,0.293,0,0,0,0,0,0,0,0,0,0,0,0.378,0,0,0,0,0,0,0,0,0,0,0,0,0,0,0,0,0,0,0,0,0,0,0,0,0,0,0,0,0,0,0,0,0,0,0,0,0,0,0,0,0,0,0.166,0,0,0,0,0,0,0,0,0,0,0,0,0,0,0,0,0,0,0,0,0,0,0,0,0.312,0,0,0,0,0,0,0,0,0,0.55,0,0,0,0,0,0.155,0,0,0,0,0,0,0,0,0,0,0,0,0,0,0,0,0,0,0,0,0,0,0,0,0,0,0,0,0,0,0,0,0,0,0,0,0,0,0,0,0,0,0,0,0,0,0,0,0,0,0,0,0,0,0,0,0,0,0.215,0,0,0,0,0,0,0,0,0,0,0,0,0,0,0,0,0,0,0,0,0,0,0,0,0,0,0,0,0,0,0,0,0,0,0,0,0,0,0,0,0,0,0,0,0,0,0,0,0,0,0,0,0,0,0,0,0.153,0,0,0,0,0,0,0,0,0,0,0,0,0,0,0,0,0,0,0,0,0,0,0,0,0,0,0,0,0,0,0,0,0,0,0,0,0,0,0,0,0,0,0,0,0,0,0,0,0,0,0,0,0,0,0,0,0,0,0,0,0,0,0,0,0,0,0,0,0,0,0,0,0,0,0,0,0.248,0,0,0.303,0,0,0,0,0,0,0,0,0,0,0,0,0,0,0,0,0,0,0,0,0.194,0,0,0,0,0,0,0,0,0,0,0,0,0,0,0,0,0,0,0,0,0,0,0,0,0,0,0,0,0,0,0,0,0,0,0,0,0,0,0,0,0,0,0,0,0,0,0,0,0,0,0,0,0,0,0,0,0,0,0,0,0,0,0,0.627,0,0,0,0,0,0,0,0,0,0,0,0.224,0,0,0,0,0,0,0,0,0,0,0,0,0,0,0,0,0.153,0,0,0,0,0,0,0,0,0,0,0,0,0,0,0,0,0,0,0.181,0,0,0,0,0,0,0,0,0,0,0,0,0,0,0,0,0,0,0,0,0,0,0,0,0,0,0,0,0,0,0,0,0,0,0,0,0,0,0,0,0,0,0,0,0,0,0,0,0,0.23,0,0,0,0,0,0,0,0,0,0,0,0.359,0,0,0,0,0,0,0,0,0,0,0,0,0,0,0,0,0,0,0,0,0,0,0,0,0,0,0,0,0,0,0,0,0,0,0,0,0,0,0,0,0,0,0,0,0,0,0,0,0,0,0,0,0,0,0,0,0,0,0,0,0,0,0,0,0,0,0,0,0,0,0,0,0,0,0.242,0,0,0,0,0,0,0,0,0,0,0,0,0,0,0,0,0,0,0,0,0,0,0,0,0,0,0,0,0,0,0,0,0,0,0,0,0,0,0,0,0,0,0,0,0,0,0,0,0,0,0,0,0,0,0,0,0,0,0,0,0,0,0,0,0,0,0,0,0,0,0,0,0,0,0,0,0,0,0,0,0,0,0,0,0,0,0,0,0,0,0,0,0,0,0,0,0,0,0,0,0,0,0,0,0,0,0,0,0.274,0,0,0,0,0,0,0,0,0,0,0,0,0,0,0,0,0,0,0,0,0,0,0,0,0,0,0,0,0,0,0,0,0,0,0,0,0,0,0,0,0,0,0,0,0,0,0,0,0,0,0,0,0,0,0,0,0,0,0,0,0,0,0,0,0,0,0,0,0,0,0,0,0,0,0,0,0,0,0,0,0,0,0,0,0,0,0,0,0,0,0,0,0,0,0,0,0,0,0,0,0,0,0,0,0,0,0,0,0,0,0,0,0,0,0,0,0,0,0.424,0,0,0,0,0,0,0,0,0,0,0,0,0,0,0,0,0,0,0,0,0,0,0,0,0,0,0,0,0,0,0,0,0,0,0,0,0,0,0,0,0.254,0,0,0,0,0,0,0,0,0,0,0,0,0,0,0.161,0,0,0,0,0,0,0,0,0,0,0,0,0,0,0,0,0,0,0,0,0,0,0,0,0,0,0,0,0,0,0,0,0,0,0,0,0,0,0,0,0,0,0,0,0,0.424,0,0,0,0,0,0,0,0,0,0,0,0,0,0,0,0,0,0,0,0,0,0,0,0,0,0,0,0,0,0,0,0,0,0,0,0,0,0,0,0,0,0,0,0,0,0,0,0,0,0,0,0,0,0,0,0,0,0,0,0,0,0,0,0,0,0,0,0,0,0,0,0,0,0,0,0,0,0,0,0,0,0,0,0,0,0,0,0,0,0,0,0,0,0,0,0,0,0,0,0,0,0,0,0,0,0,0.181,0,0,0,0,0,0,0,0,0,0,0,0,0,0,0,0,0,0,0,0,0,0,0,0,0,0,0,0.194,0,0,0,0,0,0,0,0,0,0,0,0,0,0,0,0,0,0,0,0,0,0,0,0,0,0,0,0,0,0,0,0,0,0,0,0,0,0,0,0,0,0,0,0,0,0,0,0,0,0,0,0,0.429,0,0.394,0,0,0,0,0,0,0,0,0,0,0,0,0,0,0,0,0,0,0,0,0,0,0,0,0,0,0,0,0,0,0,0,0,0,0,0,0,0,0.392,0,0,0,0,0,0,0,0,0,0,0,0.299,0,0,0,0,0,0.237,0,0,0,0,0,0,0,0,0,0,0,0,0,0,0,0,0,0.32,0,0,0,0,0,0,0,0,0,0,0,0,0.176,0,0,0,0,0,0,0,0,0,0,0,0,0,0,0,0,0,0,0,0,0,0,0.276,0,0,0,0,0,0,0,0,0,0,0,0,0,0,0,0,0,0,0,0,0,0,0,0,0,0,0,0,0,0,0,0,0,0,0,0,0,0,0,0,0,0,0,0,0,0,0,0,0,0,0,0,0,0,0,0,0,0,0,0,0,0,0,0.356,0,0,0,0,0,0,0,0,0,0,0,0,0,0.439,0,0,0,0,0,0,0,0,0,0,0,0,0,0,0,0,0,0,0,0,0,0,0,0,0,0,0,0,0,0,0,0,0,0,0,0,0,0,0,0,0,0,0,0,0,0,0,0,0,0,0,0,0,0,0,0.694,0,0,0,0,0,0,0,0,0,0,0,0,0,0,0,0,0,0,0,0,0,0,0,0,0,0,0,0,0,0,0,0,0,0,0,0,0,0,0,0,0,0,0,0,0,0,0,0,0,0,0,0,0,0,0,0,0,0,0,0,0,0,0,0,0,0,0,0,0,0,0.276,0,0,0,0,0,0,0,0,0,0,0,0,0,0,0,0.212,0,0,0,0,0,0,0,0,0,0,0,0,0,0,0,0,0,0,0,0,0,0,0,0,0,0,0,0,0,0.27,0,0,0,0,0,0,0,0,0,0,0,0,0,0,0,0,0,0,0,0,0,0,0,0,0,0,0,0,0,0,0,0,0,0.488,0,0,0,0,0,0.351,0,0,0,0,0,0,0,0,0,0,0,0,0,0,0,0,0,0,0,0,0,0,0,0,0,0,0,0,0,0,0,0,0,0,0,0,0,0,0,0,0,0,0,0,0,0,0,0,0,0,0,0,0,0,0,0,0,0,0,0,0,0,0,0,0,0,0,0,0,0,0,0,0,0,0,0,0,0,0,0,0,0,0,0,0,0,0,0,0,0,0.3,0,0.396,0,0,0,0,0,0,0,0,0,0,0,0,0,0,0,0,0,0,0,0,0,0,0,0,0,0,0,0,0,0,0,0,0,0,0,0,0,0,0,0,0.241,0,0,0,0,0,0,0,0,0,0,0,0,0,0,0,0,0,0,0,0,0,0,0,0,0,0,0.481,0.205,0,0,0,0,0,0,0,0,0.176,0,0,0,0,0,0,0,0.475,0,0,0,0,0,0,0,0,0,0,0,0,0,0,0,0,0,0,0,0,0,0,0,0.161,0,0,0,0,0,0,0,0,0,0,0,0,0,0,0,0,0,0,0,0,0,0,0,0,0,0,0,0,0,0,0,0,0,0,0,0,0,0,0,0,0,0,0,0,0,0,0,0,0,0,0.176,0,0,0,0,0,0,0,0,0,0,0,0,0,0,0,0,0,0,0,0,0,0,0,0,0.287,0.375,0,0,0,0,0,0,0,0,0,0,0,0,0,0,0,0,0,0,0,0,0,0,0.318,0,0,0.245,0,0,0,0,0,0,0,0,0,0,0,0,0,0,0,0,0.193,0,0,0,0,0,0,0,0,0,0,0,0,0,0,0,0,0,0.193,0,0,0,0,0,0,0,0,0,0,0,0,0,0,0,0,0,0,0,0,0,0,0,0,0,0,0,0,0,0.153,0,0,0,0,0,0,0,0,0,0,0,0,0,0,0,0,0,0,0,0,0,0,0,0,0,0,0,0,0,0,0,0,0,0,0,0,0,0,0,0,0,0,0,0,0,0,0,0,0,0,0,0,0,0,0,0,0,0,0,0,0,0,0,0,0,0,0,0,0,0,0.55,0,0,0.55,0,0,0,0,0.181,0,0,0,0,0,0.283,0,0,0,0,0,0,0,0,0,0,0,0,0,0.224,0,0,0,0,0,0,0,0,0,0,0,0,0,0,0,0,0,0,0,0,0,0,0,0,0,0,0,0,0,0,0.152,0,0,0,0,0,0,0,0,0,0,0,0,0,0,0,0,0,0,0,0,0,0,0,0,0,0,0,0,0,0,0,0,0,0,0,0,0,0,0,0.21,0,0,0,0,0,0,0,0,0,0,0,0,0,0,0,0,0,0,0,0,0,0,0,0,0,0,0,0,0,0,0,0.392,0,0,0,0,0,0,0,0,0,0,0,0,0,0,0,0,0,0,0,0,0,0,0,0,0,0,0,0,0,0,0,0,0,0,0,0,0,0,0,0,0,0,0,0,0,0,0,0.335,0,0,0,0,0,0,0,0,0,0,0,0,0,0,0,0,0,0,0,0,0,0,0,0,0,0,0,0,0,0,0,0,0,0,0,0,0,0,0,0,0,0,0,0,0,0,0,0,0,0,0,0,0,0,0,0,0,0,0,0,0,0,0,0,0,0,0,0,0,0,0,0,0,0,0,0,0,0.454,0,0,0,0,0,0,0,0,0,0,0,0,0,0,0,0,0,0,0,0,0,0,0,0,0,0,0,0,0,0,0,0,0,0,0,0,0,0,0,0,0,0,0,0,0,0,0,0,0,0,0,0,0,0,0,0,0,0,0,0,0,0,0,0,0,0,0,0,0,0.297,0,0,0,0,0,0,0,0,0,0,0,0,0,0,0,0,0,0,0,0,0,0,0,0,0,0,0,0,0,0,0,0,0,0,0,0,0,0,0,0,0,0,0,0,0,0,0,0,0,0,0,0,0,0,0,0,0,0,0,0,0,0,0,0,0,0,0,0,0,0,0,0,0,0,0,0,0,0,0,0,0,0,0,0,0,0,0,0,0,0,0,0,0,0,0,0,0,0,0,0,0,0,0,0,0,0,0,0,0,0,0,0,0,0,0,0,0,0,0,0,0,0,0,0,0,0,0,0,0,0,0,0,0,0,0,0,0,0,0,0,0,0,0,0,0,0,0,0,0,0,0,0,0,0,0,0,0,0,0,0,0,0,0,0,0,0,0,0,0,0,0,0,0,0,0,0,0,0,0,0,0,0,0,0,0,0,0,0,0,0,0,0,0,0,0,0,0,0,0,0,0,0,0,0,0,0,0,0,0,0.205,0,0,0,0,0,0,0,0,0,0,0,0,0,0,0,0,0,0,0,0,0,0,0,0,0,0,0,0,0,0,0,0,0,0,0,0,0,0,0,0,0,0,0,0,0,0,0,0,0,0,0,0,0,0,0,0,0,0,0,0,0,0,0,0,0,0,0,0,0,0,0,0.801,0,0,0,0,0,0,0,0,0,0,0,0,0,0,0,0,0,0,0,0,0,0,0,0,0,0,0,0.23,0.299,0,0,0,0,0,0,0,0,0,0,0,0,0,0,0.337,0,0,0,0,0,0,0,0,0,0,0,0,0.666,0,0,0,0,0,0,0,0,0,0,0,0,0,0,0,0,0,0,0,0,0,0,0,0,0,0,0,0,0,0,0,0,0,0,0,0,0,0,0,0,0,0,0,0,0,0,0,0,0,0,0,0,0,0,0,0,0,0,0,0,0.232,0,0,0,0,0,0,0,0,0,0,0,0,0,0,0,0,0.29,0,0,0,0,0,0,0,0,0.394,0,0,0,0,0,0,0,0,0,0,0,0,0,0.301,0,0,0,0,0,0,0,0,0,0,0,0,0,0,0,0,0,0,0,0,0,0,0,0,0,0,0,0,0,0,0,0,0,0,0,0,0,0,0,0,0,0,0,0,0,0,0,0,0,0,0,0,0.297,0,0,0,0,0,0,0,0,0,0,0,0,0,0,0,0,0,0.197,0,0,0,0,0,0,0,0,0,0,0,0,0,0,0,0,0,0,0,0,0.205,0,0,0,0,0,0,0,0,0,0,0,0,0,0,0,0,0,0,0,0,0,0,0.539,0,0,0,0,0.219,0,0,0,0,0,0,0,0,0,0,0,0,0,0,0,0,0,0,0,0,0,0,0,0,0,0,0,0,0,0,0,0,0,0,0.169,0,0,0.328,0.189,0.267,0,0,0,0,0,0,0,0,0,0,0,0,0,0,0,0,0,0,0,0,0,0,0,0,0,0.256,0,0,0,0,0,0,0,0,0,0,0,0,0,0,0,0.475,0,0,0,0,0,0,0,0,0,0,0.252,0,0,0,0,0,0.446,0,0,0,0,0,0,0,0,0,0,0,0,0,0,0,0,0,0,0,0,0,0,0,0,0,0,0,0,0,0,0,0,0,0,0,0,0,0,0,0.533,0,0,0,0,0,0,0,0,0,0,0,0,0,0,0,0,0,0,0,0,0,0,0,0,0,0,0,0,0,0,0,0,0,0,0,0,0,0,0,0,0,0,0,0,0,0,0,0,0,0,0,0,0,0,0,0,0,0,0,0,0,0,0,0,0,0,0,0,0,0,0,0,0,0,0,0,0,0,0,0,0,0,0,0,0,0.533,0,0,0.263,0,0,0,0,0.209,0,0,0,0,0,0,0,0,0,0,0,0,0,0,0,0,0,0,0,0,0,0,0,0.394,0,0,0,0,0,0,0,0,0,0,0,0,0,0,0,0,0,0,0,0,0,0,0,0,0,0,0,0,0,0,0,0,0,0,0,0,0,0,0,0,0,0,0,0,0,0,0,0,0,0,0,0,0,0,0,0,0,0,0,0,0,0,0,0,0,0,0,0,0,0,0,0,0,0,0,0,0,0,0,0,0,0,0,0,0,0,0,0,0,0,0,0,0,0,0,0,0,0.456,0,0,0,0,0,0,0,0,0,0,0,0,0,0,0,0.161,0,0,0,0,0,0,0,0,0,0,0,0,0,0.155,0,0,0,0,0,0,0,0,0,0,0,0,0,0.273,0,0,0,0,0,0,0,0,0,0,0,0,0,0,0,0,0,0,0,0,0,0.227,0,0,0,0,0,0,0,0,0,0,0,0,0,0,0,0,0,0,0,0,0,0,0,0,0.161,0,0,0,0,0,0,0,0,0,0,0,0,0,0,0,0,0,0,0,0,0,0.483,0,0,0,0,0,0,0,0,0,0,0,0,0,0,0,0,0,0,0,0,0,0,0,0,0,0,0,0,0,0,0.537,0,0,0,0,0,0,0.537,0,0,0,0,0,0,0,0,0,0,0,0,0.314,0,0.314,0,0.912,0,0,0,0,0,0,0,0,0,0,0,0,0.206,0,0,0,0,0,0,0,0,0,0,0,0,0,0,0,0,0,0,0,0,0,0,0,0,0,0,0,0,0,0,0,0,0,0,0,0,0,0,0,0,0,0,0,0,0,0,0,0,0,0,0,0,0,0,0,0,0,0,0,0,0,0,0,0,0,0,0,0,0,0,0,0,0,0,0,0,0,0,0,0,0,0,0,0,0,0,0,0,0,0,0,0,0,0,0,0,0,0,0,0,0,0,0,0,0,0,0,0,0,0,0,0,0,0,0,0,0,0,0,0,0,0,0,0,0,0,0,0,0,0,0,0,0,0,0,0,0,0,0,0,0,0,0,0,0,0,0.173,0,0,0,0,0,0,0,0,0,0,0,0,0,0,0,0,0,0,0,0,0,0,0,0,0,0,0,0,0,0,0,0,0,0,0,0,0,0,0,0,0,0,0,0,0,0,0,0,0,0,0,0,0,0,0,0,0,0,0,0,0,0,0,0,0,0,0,0,0,0,0,0,0,0,0,0,0,0,0,0,0,0,0,0,0,0,0,0,0,0,0,0,0,0,0,0,0,0,0,0,0,0,0,0,0,0,0,0,0,0,0,0,0,0,0,0,0,0,0,0,0,0,0,0,0,0,0,0,0,0,0,0,0,0,0,0,0,0,0,0,0,0,0,0,0,0,0,0,0,0,0,0,0,0,0,0,0,0,0,0,0,0,0,0,0,0,0,0,0,0,0,0,0,0,0,0,0,0,0,0,0,0,0,0,0,0,0,0,0,0,0,0,0,0,0,0,0,0,0,0.235,0,0,0,0,0,0,0,0,0,0,0,0,0,0,0,0,0,0,0,0,0,0,0,0,0,0,0,0,0,0,0,0,0,0,0,0,0,0,0,0,0,0,0,0,0,0,0,0,0,0,0,0,0,0,0,0,0,0,0,0,0,0,0,0,0,0,0,0,0,0,0,0,0,0,0,0,0,0,0,0,0,0,0,0,0,0,0,0,0,0,0,0,0,0,0
855475,0,0,0.244,0,0,0,0.245,0,0,0,0,0,0,0,0,0,0,0,0,0,0,0,0,0,0,0,0.264,0,0,0,0,0,0,0,0,0,0,0,0,0,0,0,0,0,0.179,0,0,0,0,0,0.988,0.195,0,0,0,0,0,0,0,0,0,0,0,0,0,0,0,0,0,0,0.339,0,0,0,0.186,0,0,0,0,0,0,0,0,0,0,0,0,0,0.179,0,0,0,0,0,0,0,0,0,0,0,0,0,0,0,0,0,0,0.223,0,0,0,0,0,0,0,0,0,0.167,0.179,0,0,0,0.152,0,0,0.201,0,0.335,0,0,0,0,0,0,0.22,0,0,0,0.261,0,0.22,0.152,0.293,0,0,0,0.229,0,0,0,0,0,0,0,0,0,0.485,0,0,0.209,0,0,0,0,0,0,0,0,0,0.596,0,0,0,0,0,0,0,0,0,0,0,0,0,0,0,0,0,0,0,0,0,0,0,0,0,0.246,0,0,0,0,0.15,0.953,0.222,0,0,0,0,0,0,0.156,0,0.999,0,0.3,0.179,0,0,0.486,0,0,0.189,0,0.308,0.2,0,0,0.182,0,0,0.214,0,0,0,0,0.261,0.833,0,0.169,0,0,0,0,0,0,0,0,0,0,0,0,0,0.187,0,0,0,0,0.501,0,0,0.177,0,0,0,0,0.175,0,0,0,0,0,0,0,0,0.598,0,0,0,0,0,0,0,0,0,0,0,0,0,0,0.242,0.215,0,0,0,0,0,0,0,0.153,0,0,0.183,0.729,0,0,0,0.647,0,0,0,0.388,0,0.179,0,0.153,0,0,0,0,0,0,0,0,0,0.191,0,0.894,0,0,0,0.375,0.192,0.918,0,0,0,0,0,0,0,0,0,0,0,0.167,0,0,0.833,0,0,0,0.252,0,0,0,0,0,0,0,0,0,0,0,0,0,0,0,0,0,0,0,0,0.185,0,0,0,0,0.173,0,0,0,0,0,0,0,0,0,0,0,0,0,0,0,0,0,0,0.158,0.233,0,0.307,0,0,0,0.943,0,0,0,0,0,0,0.214,0,0,0,0,0.407,0,0,0,0,0,0,0,0,0,0,0.183,0,0,0,0.181,0,0,0,0,0.392,0,0,0.329,0,0,0,0,0,0,0,0,0,0,0,0,0.242,0,0,0.184,0,0,0,0.191,0,0.188,0,0,0,0,0,0,0,0,0,0,0.198,0,0,0.241,0,0,0,0,0,0.246,0,0,0,0,0,0,0,0,0,0,0,0,0,0,0.151,0,0,0,0,0,0,0,0,0,0,0,0.448,0,0.173,0,0,0,0,0.233,0,0,0.195,0,0,0,0,0,0,0,0,0,0,0,0,0,0,0.955,0,0,0,0,0,0,0.198,0.158,0,0,0,0,0,0.153,0,0,0.229,0,0.264,0,0,0,0,0,0,0,0,0,0,0,0,0,0,0,0.246,0,0,0,0,0.881,0,0,0,0,0,0,0,0,0.356,0,0,0,0,0,0,0.231,0.327,0,0,0,0,0,0,0,0,0,0,0.215,0,0,0,0,0,0.244,0,0,0,0,0,0,0,0,0,0,0,0.201,0,0,0,0,0.151,0,0.203,0,0,0,0,0,0,0,0,0.169,0,0,0,0,0,0,0,0.173,0,0,0,0.203,0,0,0,0,0,0,0,0,0,0,0,0.169,0,0,0,0,0,0,0,0,0,0,0,0,0,0,0.153,0,0,0,0,0,0,0,0,0,0,0,0,0,0.313,0,0,0,0,0,0,0,0,0,0.19,0,0,0,0,0,0,0,0,0,0,0,0,0,0,0,0,0,0.179,0,0,0.646,0,0,0,0,0,0,0,0.206,0,0,0,0.183,0,0,0.19,0,0,0.332,0,0,0,0,0,0,0,0,0,0.64,0,0,0,0,0,0,0.564,0,0,0,0.885,0,0,0.481,0,0,0,0,0,0,0,0,0,0,0.155,0,0,0,0,0,0,0,0,0,0,0.215,0,0,0,0.47,0,0,0.728,0,0,0.229,0,0.156,0,0,0,0,0,0,0,0,0,0,0,0,0,0,0.449,0,0,0,0,0,0.227,0,0,0.196,0,0,0,0,0.164,0,0,0,0,0,0,0.184,0,0.305,0,0,0,0,0,0,0,0,0,0,0,0,0,0.299,0,0.631,0,0.263,0,0,0.327,0,0,0,0,0.152,0,0,0,0,0,0,0,0.162,0,0,0,0,0,0,0,0,0,0.182,0,0.62,0,0,0,0,0.188,0,0,0,0,0.179,0,0,0.155,0.2,0,0,0,0,0,0.323,0,0,0,0,0,0.843,0,0,0,0,0.198,0,0,0.195,0,0,0,0.552,0,0.588,0.682,0,0.176,0,0,0,0,0,0,0.388,0,0,0,0.177,0,0,0,0,0,0,0,0,0,0,0,0,0,0,0.244,0,0,0,0.494,0,0,0,0,0,0.696,0,0,0.638,0,0,0,0,0,0.206,0,0,0,0,0,0,0,0,0.367,0,0,0,0,0,0,0,0,0,0,0,0,0,0,0,0,0.333,0,0,0,0,0,0,0,0,0,0,0,0,0,0,0,0,0,0,0,0,0,0,0,0,0,0,0,0,0,0,0,0,0,0,0,0,0,0,0,0,0,0.179,0,0,0,0.268,0.224,0,0,0,0,0.153,0,0,0,0,0.434,0,0,0,0,0,0,0,0,0.237,0,0,0,0,0,0,0,0.179,0,0,0.493,0,0,0.179,0,0,0,0,0,0,0,0.173,0,0,0.157,0.184,0,0,0,0,0,0.179,0.896,0.357,0,0.176,0,0,0,0,0,0,0,0,0,0,0,0.255,0,0,0,0,0,0.179,0,0,0,0,0,0,0,0,0.179,0.715,0,0,0,0,0,0,0,0,0,0,0.153,0,0,0,0.161,0,0,0,0,0,0,0,0.263,0,0,0.212,0,0,0,0.152,0,0,0,0.423,0.161,0,0.395,0,0.307,0,0.183,0.493,0,0,0,0,0,0,0,0,0.186,0,0,0,0,0,0,0.179,0,0,0,0,0,0,0.172,0.169,0.611,0,0,0,0,0.212,0,0.298,0,0,0,0,0.193,0.293,0,0.24,0,0,0.267,0,0,0.209,0.237,0.192,0,0,0,0,0.677,0.302,0,0,0.712,0.155,0,0,0,0,0.169,0.298,0,0.456,0,0.238,0,0.898,0,0.179,0,0,0.262,0,0,0.196,0,0,0,0,0,0.18,0,0,0.179,0,0.268,0.404,0,0,0,0,0,0,0,0,0,0.614,0.179,0,0,0,0.611,0.229,0,0,0,0,0,0,0,0,0,0.274,0,0,0.218,0,0.196,0.268,0,0,0,0,0,0,0.231,0,0,0.218,0,0,0.285,0.179,0.153,0.172,0,0,0.173,0.179,0.154,0,0.327,0.153,0,0,0,0.327,0,0,0,0,0.246,0,0,0,0,0.179,0,0.338,0,0,0,0.179,0,0,0.25,0,0,0,0,0,0.179,0.179,0,0,0,0.179,0.179,0.274,0,0,0,0.179,0,0,0.172,0,0.522,0,0.164,0,0.156,0.244,0.171,0,0,0,0,0,0,0,0.191,0.2,0,0,0.179,0,0,0,0,0.833,0,0,0,0,0,0,0,0,0,0,0,0.184,0,0,0,0,0,0.996,0,0,0,0,0,0,0,0,0,0,0,0,0,0.395,0,0,0,0,0.338,0,0,0.583,0.699,0,0,0,0,0.219,0,0,0,0,0,0.326,0,0.188,0.561,0,0,0,0,0,0,0,0,0,0,0,0.173,0,0,0,0,0,0.179,0.276,0.371,0,0.19,0,0,0,0,0,0.406,0,0,0,0,0,0,0,0,0,0,0.22,0,0,0,0.179,0,0,0,0,0,0,0,0,0,0,0.249,0,0,0,0.269,0,0.204,0,0,0.169,0,0.582,0,0,0,0.156,0,0.197,0.197,0,0,0,0,0,0,0.161,0,0,0,0,0.179,0,0,0.172,0.327,0.179,0,0,0,0.248,0,0,0,0.499,0,0,0,0,0.153,0,0,0,0,0,0,0,0,0.151,0.174,0,0,0,0,0.262,0,0.327,0,0,0,0,0,0,0,0,0,0,0,0,0,0,0,0,0,0,0,0,0,0,0.193,0,0,0,0,0,0,0,0,0,0,0,0,0,0,0,0,0,0,0,0,0,0,0,0,0,0,0,0,0,0,0,0.152,0,0,0,0,0,0,0,0,0,0,0,0.805,0,0.256,0,0,0.212,0,0,0.187,0.256,0.202,0.19,0,0.176,0,0,0.263,0,0.254,0,0,0.173,0,0,0,0.28,0,0,0.173,0,0,0.417,0,0,0,0.225,0,0,0,0,0.211,0,0,0.241,0,0,0,0,0,0,0,0.246,0.165,0,0,0.262,0,0.165,0,0,0,0,0.595,0,0.436,0,0,0.26,0,0,0,0.331,0,0,0,0,0,0,0,0.194,0,0,0,0,0,0,0,0.177,0,0,0.2,0,0.184,0,0,0,0,0,0,0.274,0.248,0.404,0,0.262,0,0,0.185,0,0,0,0,0,0,0,0,0.213,0,0,0,0,0,0,0,0,0,0.211,0.263,0,0,0,0,0,0,0,0,0,0,0,0.181,0.15,0,0,0,0,0,0,0.168,0,0,0.644,0,0,0,0.32,0.179,0,0,0,0,0,0,0,0,0.173,0.173,0,0,0,0,0,0.254,0.316,0,0.329,0.256,0,0,0,0,0,0,0.179,0,0,0,0.297,0,0,0,0,0.173,0,0,0,0.242,0,0.173,0,0,0,0,0,0,0,0.157,0,0,0,0,0,0.238,0,0,0.195,0,0,0,0,0.22,0,0,0,0,0,0,0.187,0,0,0,0.451,0,0,0,0,0.893,0.263,0,0,0,0.648,0,0,0.245,0,0,0,0,0,0,0,0,0,0,0,0,0,0,0.152,0,0,0,0,0,0,0,0.156,0,0,0,0,0,0,0,0,0,0,0,0,0,0,0,0,0.161,0,0,0.209,0,0,0,0,0,0,0,0,0,0.227,0.896,0,0,0,0,0,0,0,0,0,0,0,0,0,0,0,0,0,0,0,0,0,0,0.192,0,0,0,0,0,0,0,0,0,0.274,0,0,0,0,0,0.173,0,0,0,0.186,0,0,0,0,0,0,0,0,0,0,0,0,0,0,0,0,0,0.274,0.173,0,0,0,0,0,0,0,0,0,0,0,0,0,0,0,0,0,0.526,0,0,0,0,0,0,0.17,0,0,0,0,0,0,0.177,0,0,0,0,0,0,0,0,0,0,0,0,0.249,0,0,0,0,0,0,0,0,0,0,0,0,0,0,0,0,0,0,0,0,0,0,0,0,0,0.24,0.173,0,0,0,0,0,0,0,0,0,0,0,0,0,0,0,0,0,0,0,0,0,0,0,0,0,0,0,0,0,0,0,0,0,0,0,0,0,0,0,0,0,0,0,0.168,0,0,0,0,0,0.231,0,0,0,0.196,0,0,0,0,0.221,0,0,0,0,0,0,0,0,0,0,0,0,0,0.293,0,0,0,0,0,0.228,0,0,0,0,0,0,0,0,0,0,0.224,0,0,0,0,0,0.248,0,0,0,0,0,0,0,0,0,0,0.22,0,0.196,0,0,0.157,0,0,0,0,0,0,0,0,0,0,0,0,0,0,0,0,0,0,0,0,0,0,0,0,0,0,0,0,0,0.337,0.247,0,0,0,0,0,0,0,0,0,0,0,0,0.159,0,0.171,0,0,0,0,0,0,0.196,0,0,0,0,0,0,0,0,0,0,0,0,0,0,0.165,0,0,0,0,0,0,0,0.171,0.173,0,0,0,0,0,0,0,0,0,0,0,0,0,0,0,0,0,0,0,0,0.345,0,0,0,0,0,0,0,0,0,0,0,0,0,0,0,0,0,0,0,0,0,0,0,0,0,0,0,0,0,0,0,0,0,0,0,0,0,0,0,0,0,0,0,0,0,0,0,0,0,0,0,0,0,0,0,0,0,0.173,0,0,0,0.169,0,0,0,0,0,0,0,0,0,0,0,0,0,0,0,0,0,0,0,0,0,0,0,0,0,0,0,0,0,0,0,0,0,0,0.175,0,0,0.152,0,0,0,0,0,0,0,0,0,0,0,0,0,0,0,0,0,0.202,0.345,0,0,0,0,0,0,0,0,0,0,0,0.22,0,0,0,0,0,0,0,0,0,0,0,0,0,0,0,0,0,0,0,0,0,0,0,0,0,0,0,0,0,0,0,0,0,0,0,0,0,0,0,0,0,0,0,0,0,0,0,0,0,0,0,0,0,0,0,0,0,0,0,0,0,0,0,0,0,0,0,0,0,0,0,0,0,0,0,0,0,0,0,0,0,0,0,0,0,0,0,0,0,0,0,0,0,0,0,0,0,0,0,0,0,0,0,0,0,0,0,0,0.791,0,0,0,0,0,0,0,0,0,0,0,0,0,0,0,0,0,0,0,0,0,0,0,0,0,0,0,0,0,0,0,0,0,0,0,0,0,0,0,0,0,0,0,0,0,0,0,0,0,0,0,0,0,0,0,0,0,0,0,0,0,0,0,0,0,0,0,0,0,0,0,0,0,0,0,0,0,0,0,0.152,0,0,0,0,0,0,0,0,0,0,0,0,0,0,0,0,0,0,0,0.223,0,0,0,0.152,0,0,0,0,0,0,0,0,0,0,0,0,0,0,0,0.152,0,0,0,0,0,0,0.448,0,0,0,0.195,0,0,0,0,0,0,0,0,0,0,0,0.152,0,0,0,0.228,0,0,0,0,0,0.152,0,0.352,0,0,0,0,0,0,0,0,0.162,0,0,0,0,0,0,0.559,0,0,0,0.285,0.152,0,0,0,0,0,0.157,0,0,0,0,0,0,0,0,0,0,0,0,0,0,0,0,0,0,0,0,0,0,0,0,0,0,0,0,0,0,0,0,0,0,0,0,0,0,0,0,0,0,0.188,0,0.313,0,0,0,0,0,0.168,0,0,0,0.587,0,0,0.173,0,0,0,0.152,0,0,0.229,0,0,0.204,0.44,0,0.29,0,0,0,0,0,0,0.501,0,0,0,0.236,0,0,0,0,0.2,0,0.173,0,0,0,0,0,0,0,0,0,0,0,0.19,0.156,0.192,0.221,0,0,0,0,0.197,0.173,0,0,0.173,0,0,0.359,0,0,0,0,0,0.173,0,0,0.204,0,0.465,0,0.173,0,0.252,0.362,0,0.175,0,0,0,0.175,0,0,0,0,0,0.188,0,0.173,0.188,0,0,0.194,0,0,0,0,0,0,0.177,0,0,0.434,0,0,0.197,0.256,0.191,0,0,0,0,0,0.177,0.152,0.177,0,0.154,0.152,0,0,0,0,0,0,0,0,0,0,0,0.236,0,0,0,0,0,0.218,0,0,0,0,0,0,0,0,0.173,0,0,0,0,0,0,0,0,0.202,0.181,0,0,0,0,0,0,0,0.173,0.185,0,0,0,0,0,0,0.472,0.194,0,0.221,0.886,0,0,0,0,0.153,0,0,0,0.157,0,0,0,0,0.246,0,0,0.187,0,0,0,0,0,0,0.179,0.173,0,0,0,0,0,0.241,0.173,0.232,0.169,0,0,0.157,0.194,0,0,0,0,0.517,0,0,0,0,0,0,0,0,0,0,0,0,0,0,0,0.191,0.216,0,0,0,0,0,0,0.19,0,0,0,0,0,0,0,0,0.219,0,0,0,0,0,0,0,0,0,0,0,0,0,0,0,0.2,0,0,0,0,0,0,0,0,0,0,0,0,0,0.26,0,0,0,0,0,0,0,0.513,0,0,0,0.195,0,0.2,0,0,0,0,0,0.25,0,0,0,0,0,0,0,0,0,0.229,0,0,0,0,0,0,0,0,0,0,0,0,0,0,0.214,0,0,0,0,0,0,0,0,0,0,0,0,0,0,0,0,0,0,0,0,0,0,0,0,0,0,0,0,0,0,0,0.229,0,0,0,0,0,0,0,0,0,0,0,0,0,0,0,0,0,0,0,0,0,0,0,0,0,0,0,0,0,0.178,0,0,0,0,0,0,0,0,0,0,0,0,0.165,0,0,0.175,0,0.152,0,0,0,0,0,0,0,0,0,0,0,0,0,0,0,0,0,0,0,0,0,0,0,0,0,0,0,0,0,0,0,0,0,0,0,0,0,0,0.169,0,0,0,0,0,0,0.21,0,0,0,0,0,0,0.27,0,0,0,0,0,0,0,0,0.269,0,0,0,0,0,0,0,0,0,0,0,0.201,0,0,0,0,0,0,0,0,0,0,0,0,0,0,0,0,0.5,0,0,0,0,0,0,0,0,0,0,0,0,0,0,0,0,0,0,0,0,0,0,0,0,0,0,0,0,0,0,0,0,0,0,0,0,0,0,0,0,0,0,0,0,0,0,0,0,0.195,0,0,0,0,0,0,0,0,0,0,0,0,0,0,0,0,0,0,0,0,0,0,0,0,0,0,0,0,0,0,0,0,0,0,0,0,0,0,0,0,0,0,0,0,0,0,0,0,0,0,0,0,0,0,0,0,0,0,0,0,0,0.218,0,0,0,0,0,0,0.339,0,0,0,0,0,0,0,0,0,0,0,0,0,0,0,0,0,0,0,0,0,0,0,0,0,0,0,0,0,0,0,0,0,0,0,0,0,0.164,0,0,0,0,0,0,0,0,0,0,0,0,0,0,0,0,0,0,0,0,0,0,0,0,0,0,0,0,0,0,0,0,0,0,0,0,0,0,0,0,0,0,0,0,0,0,0,0,0,0,0,0,0,0,0,0,0,0,0,0,0,0,0.497,0,0,0,0,0,0,0,0,0,0,0,0,0.357,0,0,0,0,0,0,0,0,0,0,0,0,0,0,0,0,0,0,0,0,0,0,0,0,0,0,0,0,0,0,0,0,0,0,0,0,0,0,0,0,0,0,0,0,0,0,0,0,0,0,0,0,0,0,0.177,0,0,0,0,0,0,0,0,0,0,0,0,0,0,0,0,0,0,0,0,0,0,0,0,0,0,0,0,0,0,0,0,0,0,0,0,0,0,0,0,0,0,0,0,0,0,0,0,0,0,0,0,0,0,0,0,0,0,0,0,0,0,0,0,0,0,0,0,0,0.177,0,0,0,0,0,0,0,0,0,0,0,0,0,0,0,0,0,0,0,0,0,0,0,0,0,0,0,0,0,0,0,0,0,0,0,0,0,0,0,0,0,0,0,0,0,0,0,0,0,0,0,0,0,0,0,0,0,0,0,0,0,0,0,0,0,0,0,0,0,0,0,0,0,0,0,0,0,0,0,0,0,0,0,0,0,0,0,0,0.206,0,0,0,0,0,0,0,0,0,0,0,0,0,0,0,0,0,0,0,0,0,0,0,0,0.177,0,0,0,0,0,0,0.465,0,0,0,0.194,0,0,0,0,0,0,0,0,0.202,0,0,0,0,0,0,0,0,0,0,0,0.264,0,0,0,0,0,0,0,0,0,0,0,0,0,0,0,0,0,0,0,0,0,0,0.293,0,0,0,0,0,0,0,0,0,0,0,0,0,0,0,0,0,0,0,0,0,0,0,0,0,0,0,0,0,0,0,0,0,0,0,0,0,0,0,0,0,0,0,0,0,0,0,0,0,0,0,0,0,0,0.153,0,0,0,0,0,0,0,0,0,0,0,0.288,0,0,0,0,0,0,0,0,0,0,0,0,0,0,0,0,0,0,0,0,0,0,0,0.261,0,0,0.261,0,0,0,0,0,0,0,0,0,0,0,0,0,0,0,0,0,0,0,0,0,0,0,0,0,0,0,0,0,0,0,0,0,0,0,0,0,0,0,0,0,0,0,0,0,0,0,0,0,0,0,0,0,0,0,0,0,0,0,0,0,0,0,0,0,0,0,0,0,0,0,0,0,0,0,0,0,0,0,0,0,0.235,0,0,0,0,0,0,0,0,0,0,0,0.307,0,0,0,0,0,0,0,0,0,0,0,0,0,0,0,0,0,0,0,0,0,0,0,0,0,0,0,0,0,0,0,0,0,0,0,0,0,0,0,0,0,0,0,0,0,0,0,0,0,0,0,0,0,0,0,0,0,0,0,0,0,0,0,0,0,0,0,0,0,0,0,0,0,0,0,0,0,0,0,0,0,0,0,0.158,0,0,0,0,0,0,0,0,0,0,0,0,0,0,0,0,0,0,0,0,0,0.152,0,0,0,0,0.29,0,0,0,0.39,0,0,0.228,0,0,0,0,0,0,0,0,0,0,0,0,0,0.471,0,0.276,0.22,0,0.34,0,0,0,0,0,0,0,0,0,0,0,0,0,0,0,0,0,0,0,0,0,0,0,0,0,0.158,0,0,0,0,0,0,0,0,0,0,0,0,0,0,0,0,0,0,0,0,0,0,0,0,0,0,0,0,0,0,0,0,0,0,0,0,0,0,0,0,0,0,0,0,0,0,0,0,0,0,0,0,0,0,0,0,0,0,0,0,0,0,0.48,0,0,0,0,0,0,0,0,0,0,0,0,0,0.219,0,0,0,0,0,0,0,0,0,0,0,0,0,0,0,0.258,0,0,0,0,0,0,0,0,0,0,0,0,0,0,0,0,0,0,0,0,0,0,0,0,0,0,0,0,0,0,0,0,0,0,0,0,0,0,0,0,0,0,0,0,0.173,0,0,0,0,0,0,0,0,0,0,0,0,0,0,0,0,0,0,0,0,0,0,0,0
854384,0,0,0.231,0,0,0,0,0,0,0,0,0,0,0,0,0,0,0,0.298,0,0,0,0,0,0,0,0,0,0,0,0,0,0,0,0,0,0,0,0.154,0,0,0,0,0,0,0,0,0,0,0,0,0,0,0,0,0,0,0,0,0,0,0,0,0,0,0,0,0,0,0,0,0.305,0.161,0,0,0,0.163,0,0,0,0,0,0,0,0,0,0,0,0,0,0,0,0.224,0,0,0,0,0,0,0.458,0,0,0,0,0,0,0,0,0,0.217,0,0,0,0,0,0,0,0,0,0,0,0,0,0,0,0,0,0,0,0,0,0,0,0,0,0,0,0,0,0,0,0,0,0,0,0,0,0,0,0,0.209,0,0,0,0,0.19,0,0,0,0,0,0,0,0,0,0,0,0,0,0,0,0,0,0,0,0,0,0,0,0,0,0,0.165,0,0,0,0.225,0,0,0,0.165,0,0,0,0,0,0,0,0,0.192,0,0,0,0,0.169,0,0,0,0,0.254,0,0,0,0,0,0,0.158,0,0,0,0,0,0,0,0,0,0,0,0,0,0.414,0.175,0,0.23,0.193,0,0.394,0,0,0,0,0,0.276,0,0,0,0,0,0.552,0,0,0,0,0,0.21,0,0,0,0,0.281,0,0.176,0.352,0,0,0,0,0,0,0.173,0,0,0,0,0.173,0,0,0.397,0,0,0,0,0,0,0,0,0,0,0.722,0,0,0,0,0,0,0.445,0,0,0,0.253,0,0.308,0,0,0,0,0,0,0,0.227,0,0,0,0,0,0,0.261,0,0,0,0,0,0,0,0,0,0.205,0.214,0,0,0,0,0,0,0,0,0,0,0,0,0,0,0.183,0.28,0,0,0,0.177,0.228,0,0,0,0,0,0,0,0,0,0,0.158,0,0,0,0.221,0,0,0,0.353,0,0,0.367,0,0,0.163,0,0.203,0,0,0.274,0,0,0,0.171,0,0,0.516,0,0,0,0.324,0,0,0,0,0.164,0.187,0,0.311,0,0,0,0,0.214,0.223,0.375,0.159,0,0,0,0,0,0,0,0,0,0,0.573,0,0.25,0,0,0,0.553,0,0,0,0,0,0,0,0,0,0,0,0,0,0.247,0.208,0,0,0.176,0.196,0,0,0.331,0,0.199,0,0,0,0,0.194,0,0,0,0,0,0,0,0,0,0,0,0,0,0,0.235,0,0,0,0,0.307,0,0,0,0,0.516,0,0,0,0,0,0,0.317,0,0,0,0,0,0,0,0,0,0,0.252,0,0,0,0,0,0,0,0.225,0,0,0,0,0,0,0,0,0,0.167,0,0,0,0,0,0,0,0,0,0.197,0,0,0,0,0,0,0.163,0.191,0,0,0,0.185,0,0.191,0,0,0,0,0,0,0,0,0,0,0,0.16,0,0.165,0.164,0,0,0.169,0.158,0,0,0,0.192,0,0,0,0,0,0,0,0.414,0,0.213,0,0,0,0,0,0.211,0.353,0,0.235,0,0.322,0,0,0,0,0.552,0.536,0.185,0,0,0.538,0,0,0,0,0,0,0,0,0,0.278,0,0,0.45,0.301,0,0,0,0,0,0,0,0.158,0,0,0.319,0.161,0.235,0.619,0,0,0,0,0,0,0,0,0,0.218,0,0,0,0.171,0,0,0,0.192,0,0.208,0,0,0.446,0,0,0.37,0,0.189,0,0.335,0,0,0.223,0,0.173,0.379,0.289,0.986,0.319,0.445,0,0,0,0,0,0.215,0,0,0,0,0,0,0,0,0.183,0,0,0,0,0,0,0,0,0,0,0,0,0,0,0,0,0,0,0,0,0,0,0,0,0,0,0,0,0,0,0.165,0.223,0.353,0,0.923,0,0,0,0,0.268,0,0,0.642,0,0,0.212,0.183,0,0,0,0,0.285,0,0.416,0,0,0,0,0,0,0,0,0,0,0,0,0,0.328,0,0.996,0,0,0.223,0,0,0.176,0,0,0,0,0.308,0,0,0.418,0,0,0,0,0.173,0,0,0,0,0.156,0,0,0,0,0.163,0.368,0,0,0.243,0.253,0,0,0,0,0,0,0.371,0,0,0,0,0,0.251,0.16,0,0.192,0,0,0.182,0,0,0.273,0,0.191,0.328,0.165,0,0,0,0,0,0,0,0,0,0,0,0,0.183,0,0,0.353,0,0,0,0.322,0.322,0.178,0.168,0,0,0,0,0,0,0,0,0,0,0.171,0,0.418,0,0.54,0,0,0,0,0.279,0,0,0,0,0,0,0,0,0,0,0,0.221,0,0,0.182,0,0,0,0,0,0,0.185,0,0,0.165,0.303,0.224,0.219,0,0,0,0.171,0.26,0.242,0.309,0,0,0.204,0,0.301,0,0,0,0,0,0.191,0,0.152,0,0,0,0,0.17,0,0,0,0,0,0,0,0,0,0,0.166,0,0,0,0.183,0,0.253,0.472,0,0,0,0.163,0,0,0,0,0,0.227,0.164,0.158,0,0,0,0.379,0,0.154,0,0,0,0,0.171,0,0,0.286,0,0,0,0,0,0,0,0,0.286,0,0,0,0,0.175,0.529,0,0,0.165,0,0,0,0,0,0,0,0.248,0,0,0,0,0,0.154,0,0,0,0,0,0,0,0,0,0,0,0,0,0,0.154,0,0,0,0,0,0,0,0,0,0,0,0.182,0,0.446,0,0,0.322,0,0,0,0,0,0,0.951,0,0,0.161,0,0,0,0.16,0,0,0,0,0,0,0,0,0,0,0,0,0,0,0,0,0,0,0.192,0.199,0,0,0,0,0,0,0,0,0,0,0,0,0,0,0,0,0,0,0,0,0,0.43,0,0,0,0,0,0.176,0,0,0,0,0,0,0,0,0,0,0,0,0,0,0,0,0,0.193,0,0,0,0,0,0,0,0,0,0,0,0,0,0,0,0,0,0,0,0,0,0,0,0,0,0,0,0,0,0,0,0,0,0,0,0,0,0,0,0,0,0,0,0,0,0,0,0,0.273,0,0,0.216,0,0.161,0,0,0,0,0,0,0,0,0,0,0,0,0,0,0.265,0,0,0,0,0,0,0,0,0,0,0,0,0,0,0,0,0,0,0,0,0.224,0,0,0,0,0,0,0,0,0,0,0,0,0,0,0,0,0,0,0,0,0,0,0,0,0,0,0,0,0,0,0,0,0,0,0,0,0,0,0,0,0.16,0.319,0,0,0,0,0,0,0,0,0,0,0,0,0,0,0,0,0,0,0,0,0,0,0,0,0,0,0,0,0,0,0,0,0,0,0,0,0,0,0,0,0,0,0,0,0,0,0,0,0,0,0.185,0,0,0,0,0,0,0,0,0.176,0,0,0,0,0,0,0,0,0,0,0,0,0,0,0,0,0,0,0,0,0,0,0,0,0,0,0,0,0,0,0,0,0.172,0,0,0,0,0,0,0,0,0.163,0,0,0.173,0,0,0,0,0,0,0,0,0,0,0,0.188,0,0,0,0,0,0,0,0,0.176,0,0,0,0,0.239,0.15,0,0,0,0,0,0,0.582,0,0,0,0,0,0,0,0,0,0,0,0,0,0,0,0,0,0,0,0,0,0,0,0,0,0,0,0.201,0,0.172,0,0,0,0.157,0,0,0,0,0,0,0,0,0,0,0,0,0,0,0,0,0.225,0.161,0,0,0,0,0.192,0,0,0,0,0,0,0,0,0,0,0,0,0,0,0,0,0.319,0,0,0,0.287,0,0,0,0,0,0,0,0,0,0,0,0,0,0,0,0,0,0.273,0,0,0,0,0,0,0,0,0.281,0,0,0,0,0,0,0,0,0,0,0,0,0,0.192,0,0,0,0,0,0,0,0,0,0,0,0,0,0,0,0,0,0.164,0,0.19,0,0,0,0,0,0,0,0,0,0,0,0,0,0,0,0,0,0,0,0,0,0,0,0,0,0,0,0,0,0,0,0,0,0,0,0,0,0.948,0,0,0,0,0,0,0,0,0,0.217,0,0,0,0,0,0,0.223,0,0,0,0,0,0.155,0,0,0,0,0,0,0,0,0,0,0,0,0,0,0,0,0,0,0,0,0,0,0,0,0,0,0,0,0,0,0,0,0,0,0,0,0,0,0,0,0,0,0,0,0,0,0,0,0,0,0,0,0,0,0,0,0,0,0,0,0,0,0,0,0,0,0,0.167,0,0,0,0,0,0,0,0,0,0,0,0,0,0,0,0,0,0,0,0.161,0,0,0,0,0,0,0,0,0,0,0,0,0,0,0,0,0,0,0,0,0,0,0,0,0,0,0,0,0,0,0,0,0,0,0,0,0,0,0,0,0,0,0,0,0.674,0,0,0,0,0,0,0,0.189,0,0,0,0,0,0,0,0,0,0,0.16,0,0,0,0,0,0,0,0,0,0,0,0,0,0,0.16,0,0,0,0,0,0,0,0,0,0,0,0,0,0,0,0,0,0,0.165,0,0,0,0,0,0,0,0,0,0,0,0,0,0,0,0.165,0.371,0,0.317,0.264,0,0,0,0,0,0,0,0,0,0.195,0,0,0,0,0,0,0,0,0,0,0,0,0,0,0,0,0,0,0,0,0,0,0,0,0,0,0.22,0,0,0,0,0,0,0,0,0,0,0,0,0,0,0,0,0,0,0,0,0.299,0,0,0,0,0,0,0,0.253,0,0,0,0,0,0,0,0,0,0,0,0,0,0,0,0,0,0,0.176,0.179,0,0,0,0,0,0.263,0,0.15,0,0,0,0,0.179,0,0.219,0,0,0,0.19,0,0,0,0.303,0,0,0,0.276,0,0,0.933,0.268,0.968,0,0,0,0,0,0,0,0,0.227,0,0.96,0,0,0.232,0.229,0,0,0,0,0,0.165,0,0.998,0,0,0,0.224,0,0,0,0,0.261,0.328,0.154,0.646,0,0,0,0,0,0,0,0,0.222,0.268,0,0,0,0,0,0,0.229,0,0.165,0,0,0.168,0,0,0,0,0.181,0,0,0,0.155,0,0,0.194,0,0,0,0.247,0,0,0,0,0,0,0.186,0,0,0,0.195,0,0.156,0,0.152,0,0,0,0,0,0,0,0.169,0,0.156,0,0,0,0,0,0.18,0.201,0,0,0,0,0,0,0,0,0.338,0,0.2,0.156,0,0,0,0,0,0,0,0,0.309,0,0.232,0.154,0,0.209,0.154,0.18,0,0,0,0.169,0,0,0.156,0.994,0,0,0,0,0,0,0,0.154,0,0,0.154,0,0.156,0,0.15,0,0.278,0,0,0,0,0,0,0,0,0,0,0.151,0.15,0,0,0,0.159,0.209,0,0.344,0.221,0,0,0,0.311,0,0,0,0,0.152,0,0,0,0,0,0,0,0,0.317,0,0,0,0,0,0,0,0,0,0,0,0,0,0,0,0,0,0,0,0,0,0,0,0,0,0,0,0.22,0,0,0,0,0,0,0,0,0,0,0,0,0,0,0,0,0,0,0,0,0.237,0,0,0,0,0.435,0,0,0,0,0,0,0,0,0.331,0,0,0,0,0.19,0,0,0,0,0.191,0,0,0.157,0,0,0,0,0,0,0,0,0,0,0,0,0,0,0,0,0,0,0,0,0,0,0,0,0,0,0,0,0,0,0,0,0,0,0.178,0,0.192,0,0,0,0.159,0,0,0,0,0,0,0,0,0,0,0,0,0.175,0,0,0,0,0,0,0,0,0,0,0,0,0,0,0,0,0,0,0,0,0,0,0,0,0,0,0,0,0,0.272,0,0,0,0.272,0,0,0.172,0,0,0,0,0,0,0,0,0,0,0,0,0,0,0.172,0,0,0,0,0,0,0,0.266,0.155,0.182,0,0.155,0,0,0,0,0,0,0,0.853,0,0,0,0.172,0,0,0,0,0.163,0.166,0.424,0,0,0.168,0,0,0,0,0,0,0,0,0,0,0,0.161,0,0.166,0,0,0,0,0.168,0,0,0,0,0,0.941,0,0,0.189,0,0,0,0,0,0.367,0,0.288,0,0,0,0,0.194,0,0,0,0,0,0,0,0.284,0.188,0.221,0,0.189,0,0,0,0,0,0,0.221,0,0,0,0,0,0,0,0,0,0,0,0,0,0,0,0,0,0,0,0,0,0,0,0,0,0,0.229,0,0,0,0,0,0,0,0,0,0.155,0,0,0,0,0,0,0,0,0,0,0.157,0,0,0,0,0,0,0,0,0,0,0,0,0.157,0,0,0,0,0,0.322,0,0,0,0,0,0,0,0.206,0.178,0,0,0,0,0,0,0,0,0,0,0,0,0.5,0,0,0,0,0,0,0,0,0.303,0,0,0,0.286,0,0,0,0,0,0,0,0,0.221,0.286,0,0,0,0,0,0,0,0,0,0,0,0,0,0,0,0.168,0,0,0,0,0.21,0,0,0,0,0,0,0,0,0,0,0,0,0,0,0,0,0.259,0,0,0,0,0.24,0,0.315,0,0,0,0,0,0,0,0,0,0,0,0.174,0,0,0,0,0,0,0,0,0,0,0,0,0,0,0,0,0.206,0,0,0,0,0,0,0,0,0,0,0,0,0,0,0,0,0,0,0,0,0,0,0,0,0,0,0,0,0,0,0,0,0,0,0,0,0,0,0,0,0,0,0,0.288,0,0,0,0,0,0,0,0,0,0.152,0,0,0,0,0,0,0,0,0,0,0,0.207,0,0,0,0,0,0,0,0,0,0,0,0,0,0,0,0,0,0,0,0,0,0,0.15,0,0,0,0,0,0,0,0,0,0,0,0,0,0,0,0,0,0,0,0,0,0,0,0,0,0,0,0,0,0,0,0,0,0,0.22,0,0,0,0,0,0,0,0,0,0,0,0,0,0,0,0,0.295,0,0,0,0,0,0,0,0,0,0,0,0,0,0,0,0,0,0,0,0,0,0,0,0.185,0,0,0,0,0,0,0,0,0,0,0.169,0,0,0,0,0,0,0,0.161,0,0,0,0,0,0,0,0,0,0,0,0.244,0,0,0,0.189,0,0,0.281,0,0.16,0,0.349,0,0,0,0,0,0,0,0,0,0,0,0,0,0,0,0,0,0,0,0,0,0,0.46,0,0,0,0,0,0.17,0,0,0,0,0,0,0.169,0,0,0,0,0,0,0,0.287,0,0,0,0,0,0,0.239,0,0,0.161,0,0,0,0,0,0,0,0,0.161,0,0,0,0,0.461,0,0.199,0,0,0,0,0,0,0,0,0.194,0,0,0,0,0.457,0,0.171,0.165,0,0,0,0,0,0,0,0.363,0,0,0.169,0,0,0,0,0,0,0,0,0,0,0,0,0,0,0,0,0,0,0,0,0,0,0,0,0,0,0,0,0.227,0,0,0.353,0,0,0,0,0,0,0,0.165,0,0,0,0,0,0,0,0,0.159,0,0,0,0,0,0,0,0,0.253,0,0,0,0,0,0,0,0,0,0,0,0,0,0.161,0,0,0,0,0,0,0,0,0,0,0,0,0.167,0,0,0,0,0,0,0,0,0,0,0,0.239,0,0,0,0,0,0,0,0,0,0,0,0,0,0,0,0,0,0,0,0,0,0,0,0,0,0,0,0,0,0,0,0,0,0,0,0,0,0,0,0,0,0,0,0,0,0,0,0.204,0,0,0,0,0,0,0,0,0,0,0,0,0.907,0,0,0,0,0,0,0,0,0,0,0,0,0,0,0,0,0.192,0,0,0,0,0,0,0,0,0,0,0,0,0,0,0,0,0,0,0,0,0,0,0,0,0.29,0,0,0,0.16,0,0,0,0.344,0,0,0,0,0,0,0,0,0.244,0,0.298,0,0,0.229,0,0.163,0,0,0,0.27,0.199,0,0.191,0,0,0,0,0.161,0,0,0,0,0,0.209,0,0,0,0.209,0,0,0,0,0.16,0.152,0,0,0,0,0,0.577,0,0,0,0.295,0,0,0,0,0,0,0,0,0,0,0,0.186,0,0,0,0,0,0,0,0,0,0.27,0,0,0,0,0.152,0.196,0,0.191,0,0.229,0,0,0,0,0,0,0,0.511,0,0,0,0,0,0,0,0,0,0,0,0,0,0,0,0.181,0,0,0,0,0,0,0,0,0,0,0,0,0,0,0,0,0,0,0,0.206,0,0,0,0,0,0,0,0,0,0,0,0.152,0,0,0.658,0,0,0,0,0,0,0,0.181,0,0,0.152,0,0,0,0,0,0,0,0,0,0,0,0,0,0,0,0,0,0.225,0,0,0,0.241,0,0,0,0,0,0,0,0,0,0.928,0,0,0.188,0,0,0,0,0,0,0,0,0,0,0,0,0,0,0,0,0,0,0,0,0,0,0,0,0,0,0,0,0,0,0,0,0,0,0,0,0,0,0,0,0,0,0,0,0,0,0,0,0,0,0,0,0,0,0,0,0,0,0,0,0,0,0,0,0,0,0,0,0,0,0,0,0,0,0.155,0,0,0,0,0,0,0,0,0.322,0,0,0.154,0,0,0,0,0,0,0,0,0,0,0,0,0,0,0,0,0,0,0,0,0.278,0,0,0,0,0,0,0,0,0,0,0.157,0,0.322,0.177,0,0,0,0,0,0,0,0,0.244,0,0,0.19,0,0,0,0,0.595,0,0,0,0,0.276,0,0,0,0,0.244,0.155,0,0,0.428,0,0,0,0.225,0,0,0.466,0,0,0,0,0,0,0,0,0,0,0,0,0,0,0,0,0,0,0,0,0,0,0,0.385,0,0,0,0,0,0,0,0,0,0.275,0,0,0,0,0,0,0,0,0,0,0,0,0,0,0,0,0,0,0,0,0,0,0,0,0,0,0,0.156,0,0,0,0,0,0,0,0,0,0,0,0,0,0,0,0,0,0,0,0,0,0,0,0,0,0,0,0,0,0,0,0,0,0,0,0,0,0,0,0,0,0,0,0,0,0,0,0,0,0,0,0,0,0,0,0,0,0,0,0,0,0,0,0,0,0,0,0,0.193,0,0.232,0,0,0,0,0,0,0,0,0,0,0,0,0,0,0.696,0,0,0,0,0,0.562,0,0,0,0,0,0,0,0,0,0,0,0,0,0,0,0,0,0,0,0,0,0,0,0,0,0,0,0.183,0,0,0,0,0,0,0,0,0,0,0,0,0,0,0,0,0,0,0,0,0,0,0,0,0,0,0,0,0,0,0,0,0,0,0,0,0,0,0,0,0,0.173,0,0,0,0.161,0,0.161,0,0,0,0,0.177,0,0,0,0,0,0.479,0,0.161,0,0,0,0,0,0,0,0,0,0.994,0,0.152,0,0,0,0,0,0,0.176,0.171,0,0,0,0,0,0,0,0,0.254,0,0,0,0,0,0,0.165,0,0.165,0,0,0.624,0,0,0,0,0,0,0,0.989,0,0,0,0,0,0,0,0,0,0,0,0,0.163,0,0,0,0,0,0,0,0,0,0,0,0.161,0,0,0,0,0,0,0,0,0,0,0,0,0.15,0,0,0,0,0,0,0,0,0,0,0,0,0,0,0.15,0,0,0,0.519,0,0,0,0.192,0,0,0,0,0,0,0,0,0,0,0,0,0,0,0,0,0,0,0,0,0,0,0,0,0,0,0.156,0,0.161,0,0,0,0.179,0,0,0,0,0,0,0,0,0,0,0,0,0,0,0,0,0,0,0,0,0,0,0,0,0,0,0,0,0,0,0,0,0,0,0,0,0,0,0,0,0,0,0,0,0,0,0.179,0,0,0,0,0,0,0,0.394,0,0,0,0,0,0,0,0,0,0,0,0,0,0,0,0,0,0,0,0,0,0,0,0,0,0,0,0,0,0,0,0,0,0,0,0,0,0,0,0,0,0,0,0,0,0,0,0,0,0,0,0,0,0,0,0,0,0,0,0,0,0,0,0,0,0,0,0,0.439,0,0,0.181,0,0,0,0,0,0,0,0,0,0.167,0,0,0,0,0,0,0,0,0,0,0,0,0,0,0,0,0,0,0,0,0,0,0.9,0,0,0,0,0,0,0,0,0,0,0,0,0,0,0,0,0,0,0,0,0,0,0,0,0,0,0,0,0,0,0,0,0,0,0,0.42,0,0,0,0,0,0,0,0,0,0,0,0,0,0,0,0,0,0,0,0,0,0,0,0,0.228,0,0,0,0,0,0,0,0,0,0,0,0,0,0,0,0,0,0,0,0,0,0,0,0,0,0,0,0,0,0,0,0,0,0,0,0,0,0,0,0,0,0,0,0,0,0,0,0,0,0,0,0,0,0,0,0,0,0,0,0,0,0,0,0,0,0,0,0,0,0,0,0,0,0,0,0,0,0,0,0,0,0,0,0,0.167,0,0,0,0,0,0,0,0,0,0,0,0,0,0,0,0,0,0,0,0,0,0,0,0,0,0,0,0,0,0.445,0,0,0,0,0,0,0,0,0,0,0,0,0.586,0,0,0,0,0,0,0,0,0,0,0,0,0,0,0,0,0,0,0,0,0,0,0,0,0,0,0,0,0,0,0,0,0,0,0,0,0,0,0,0.178,0,0,0,0,0,0,0,0,0,0.229,0,0,0.165,0,0,0,0,0,0,0.575,0,0,0,0,0,0,0,0,0,0,0,0,0,0,0,0,0,0,0,0.218,0,0,0,0,0,0,0,0,0,0,0,0,0,0,0,0,0,0,0,0,0,0,0,0,0,0,0,0.191,0,0,0,0,0,0,0,0,0,0,0,0,0.218,0,0,0,0,0,0,0,0,0,0,0,0,0,1
852088,0.331,0.716,0.862,0.354,0.567,0,0.289,0.281,0.485,0,0.913,0,0,0,0.156,0.976,0.335,0,0.778,0.787,0,0,0,0,0.336,0,0.19,0,0.276,0.172,0,0,0.511,0,0.906,0,0.31,0,0,0,0.357,0.2,0,0,0.564,0.604,0,0.395,0.787,0,0.185,0.399,0.16,0.705,0,0,0,0.45,0.433,0,0.413,0.348,0.523,0,0.825,0,0.903,0.202,0,0,0.477,0.346,0,0.532,0,0.435,0,0,0.341,0,0.266,0,0,0.175,0,0.578,0,0.196,0.786,0,0.613,0,0.484,0.949,0.291,0,0.203,0.505,0.725,0,0.365,0,0.925,0.317,0.376,0.362,0.386,0.291,0,0.159,0,0,0,0,0,0,0,0.417,0.875,0,0,0.935,0.178,0,0,0.154,0,0,0,0,0.919,0,0,0,0,0.293,0,0.709,0.254,0.182,0.399,0.161,0.204,0,0,0,0,0,0,0,0.481,0,0.258,0.191,0,0.925,0,0,0,0.682,0,0,0,0.287,0.779,0,0,0.505,0.9,0,0,0.464,0.555,0,0,0,0,0.463,0,0.854,0.323,0.723,0,0.554,0.186,0,0.198,0,0.214,0,0.23,0,0,0,0,0.444,0.261,0,0,0,0,0.162,0.218,0,0,0,0,0,0,0.219,0,0,0.182,0,0,0,0,0,0,0,0,0,0,0,0,0,0,0,0,0,0,0,0,0,0,0,0.196,0,0,0,0.564,0,0.249,0,0,0,0,0.902,0,0.555,0,0,0,0.228,0,0,0,0,0,0,0,0,0,0.158,0,0,0,0,0,0,0,0,0,0,0,0,0,0,0,0,0,0,0.373,0,0,0.405,0,0,0.622,0,0,0,0,0,0,0,0,0,0,0,0,0,0,0.401,0,0,0.196,0,0,0,0,0.158,0.19,0.35,0,0.276,0,0,0.372,0,0,0,0,0,0,0,0.19,0,0,0,0,0.873,0,0,0,0.803,0,0,0.245,0,0,0,0,0,0,0.344,0,0,0,0.644,0,0,0.695,0,0,0.426,0.19,0,0,0,0,0,0,0,0,0.585,0.216,0,0,0,0.531,0,0.493,0,0,0,0,0.173,0.168,0.404,0,0,0,0,0,0,0,0,0.284,0.157,0,0,0,0,0.157,0,0,0,0,0,0,0,0,0,0.341,0.157,0,0,0,0.193,0,0,0,0,0,0,0,0,0,0,0,0,0,0.511,0.381,0,0,0,0,0,0.475,0.588,0.195,0,0,0,0.313,0.746,0,0.798,0,0.278,0,0.161,0,0.999,0,0,0,0.581,0,0,0.382,0.218,0.188,0,0,0,0,0,0.94,0.255,0.495,0,0.241,0.208,0,0,0,0,0.329,0,0.245,0,0,0,0,0,0.196,0,0,0,0.193,0,0,0.362,0,0,0.362,0.523,0,0,0.313,0,0,0,0.363,0,0,0.476,0,0,0,0.153,0,0,0,0.223,0,0,0,0,0,0,0,0,0,0,0,0,0.565,0,0.166,0,0,0,0,0.218,0,0,0,0,0,0.694,0,0,0,0,0,0.17,0,0,0,0.434,0,0.418,0,0,0.194,0,0,0.174,0.166,0,0,0,0.181,0.717,0,0,0,0,0,0,0,0,0.301,0,0,0.201,0,0.841,0,0.188,0.693,0,0,0,0,0,0,0,0.181,0,0.552,0,0,0,0,0,0,0,0,0.398,0,0,0,0,0,0,0.416,0.298,0,0.63,0,0,0,0,0,0,0,0,0,0.821,0,0,0,0,0,0.483,0,0,0,0,0,0,0.299,0,0.949,0.429,0.179,0,0,0,0,0.55,0,0,0,0,0,0,0,0,0.174,0,0,0,0.159,0.832,0.178,0,0,0,0,0,0,0,0,0,0,0.37,0.389,0,0.47,0,0,0,0.375,0.498,0,0,0.419,0.317,0,0,0.74,0,0.325,0.158,0,0,0.164,0,0,0.158,0,0,0,0,0,0,0,0,0,0,0,0.183,0,0,0,0,0,0,0.155,0,0,0.561,0,0,0,0.811,0.34,0,0.218,0.213,0,0,0,0.176,0,0,0.229,0,0,0,0,0,0,0,0,0,0,0,0,0,0,0.18,0,0,0.743,0,0,0,0,0,0,0,0,0,0,0,0,0,0,0,0,0,0,0,0.361,0,0,0,0.203,0,0,0.264,0,0.15,0,0,0,0,0,0,0.302,0,0,0.808,0.332,0,0,0.226,0,0,0,0.332,0,0,0.483,0,0,0,0,0,0,0,0,0,0,0,0,0,0.341,0,0,0,0,0.428,0,0,0,0,0,0.195,0,0.195,0.247,0,0,0,0,0,0,0,0,0.529,0,0,0,0,0,0,0.26,0,0,0,0,0,0,0,0,0,0.559,0.279,0,0,0,0,0.358,0,0,0,0,0,0,0,0,0.193,0,0,0,0,0,0,0.411,0,0,0,0.151,0,0,0,0,0,0.286,0,0.309,0,0,0,0,0,0,0,0,0.187,0,0,0,0.18,0,0,0,0,0,0,0,0.26,0,0,0,0.873,0.305,0,0,0,0,0,0,0,0,0,0,0,0,0,0,0,0,0.664,0,0,0,0.25,0,0,0,0,0,0,0.498,0,0,0.474,0,0,0.18,0,0,0,0.413,0,0,0.359,0,0,0,0,0,0,0.787,0,0.267,0,0.168,0,0,0,0,0,0,0.17,0,0.393,0.34,0,0,0,0.422,0,0.61,0,0,0,0,0,0.194,0,0.229,0,0,0,0,0,0,0.172,0,0,0,0,0,0,0,0,0,0,0,0,0,0,0,0,0,0,0,0,0.192,0,0,0,0.627,0,0,0,0,0,0,0,0,0,0,0.831,0,0,0,0,0,0,0,0.189,0,0,0,0,0,0.185,0,0,0,0.15,0,0.199,0.157,0,0.226,0,0,0,0,0.269,0,0.302,0.171,0.884,0,0.209,0,0,0.412,0,0.5,0,0,0,0,0.454,0.155,0,0,0.168,0,0.577,0.201,0,0,0,0,0,0,0.911,0,0,0.202,0.263,0,0,0,0.241,0,0,0.392,0.201,0.154,0,0.326,0.157,0.398,0.362,0,0,0,0,0.49,0,0.164,0,0,0,0,0,0,0.201,0,0,0.248,0,0,0,0.997,0,0.929,0,0.326,0.297,0,0,0,0.242,0.945,0,0.224,0.177,0,0,0,0.162,0.228,0,0,0.279,0,0.307,0,0,0.24,0,0,0.232,0.2,0.168,0.563,0,0,0,0,0,0.333,0,0,0.201,0,0,0.155,0,0,0.952,0,0,0.391,0,0,0.689,0,0.731,0,0,0.275,0.929,0,0,0,0.159,0.919,0,0.362,0,0,0.489,0.192,0.193,0.154,0,0.198,0,0,0,0.161,0.193,0,0,0.404,0.628,0.461,0.56,0,0,0,0,0.329,0.221,0,0.236,0.96,0,0.573,0.551,0,0.288,0,0.434,0.716,0,0.253,0,0,0,0.333,0,0,0,0,0,0.284,0,0,0,0.372,0,0,0.236,0.331,0.32,0,0.415,0.346,0,0,0,0.169,0,0,0,0.942,0,0.454,0,0,0.369,0,0.163,0,0.596,0.823,0,0,0.191,0,0.68,0,0,0,0,0.22,0,0,0,0,0.175,0.999,0,0.286,0,0,0.653,0.374,0,0,0.168,0,0,0,0,0,0.535,0,0,0.301,0.821,0.249,0.376,0.295,0,0,0.185,0,0,0,0,0,0,0.191,0,0,0,0.279,0,0,0,0.654,0,0,0,0,0.288,0.342,0.999,0.548,0,0,0,0.185,0,0.404,0.829,0,0,0,0.262,0.156,0,0,0.881,0.716,0.2,0,0,0,0,0,0,0.246,0,0,0,0.39,0.192,0.55,0,0.321,0,0,0,0.634,0,0.297,0,0.214,0,0.194,0.341,0,0.198,0.567,0,0,0,0,0.235,0.191,0.192,0,0,0.37,0,0,0,0.646,0,0.404,0,0.19,0,0.227,0,0.195,0.372,0,0,0,0,0,0.926,0.319,0,0.621,0,0,0,0,0,0.473,0,0,0,0.288,0,0,0.287,0,0,0,0.273,0,0,0.296,0,0,0,0,0,0,0.306,0.677,0,0.162,0,0,0,0,0,0,0.718,0,0,0,0.499,0,0,0.944,0,0,0,0.413,0,0,0,0,0,0,0,0,0,0,0.245,0,0,0.229,0,0.193,0,0,0.611,0,0,0,0,0,0,0.747,0,0,0.161,0,0.357,0,0,0.321,0.231,0,0,0,0.645,0,0,0,0.269,0.193,0,0,0,0.254,0,0.227,0,0.27,0.376,0,0,0.362,0,0,0.254,0,0,0.158,0.2,0,0.227,0,0,0,0,0,0,0,0,0,0,0,0,0,0,0.199,0.222,0.483,0.48,0.302,0,0.263,0.158,0,0,0,0.351,0,0.296,0,0,0,0,0,0,0,0,0.232,0.38,0,0,0,0,0,0,0,0,0,0,0,0,0,0,0,0,0.206,0,0,0,0,0,0,0,0,0.386,0,0,0,0,0,0,0,0,0,0,0,0,0,0.476,0,0.493,0,0,0.164,0,0,0,0.211,0,0,0,0,0.195,0,0,0,0,0.456,0,0,0.63,0,0,0,0,0,0,0.157,0,0,0,0,0,0,0,0,0,0,0,0.173,0,0,0,0,0,0,0,0,0,0.184,0,0,0.59,0,0,0.151,0.402,0,0.219,0,0.623,0,0,0,0,0,0,0,0,0,0,0,0.405,0,0,0.154,0,0,0,0,0,0,0,0.221,0,0,0,0,0,0,0,0,0,0,0,0.32,0.205,0,0,0,0,0.203,0,0,0,0.451,0,0,0,0.175,0.172,0,0,0,0.157,0,0.167,0,0.524,0,0,0,0.151,0,0,0,0,0,0,0,0,0.353,0,0,0,0,0,0,0,0,0,0,0.295,0,0,0,0,0,0,0,0,0,0,0,0,0,0.169,0,0,0.196,0,0,0,0,0,0,0,0,0,0,0,0,0,0,0,0,0,0,0,0,0,0,0,0,0,0,0,0,0,0,0,0,0,0,0,0,0,0,0.208,0,0,0,0,0,0,0.33,0,0,0.21,0,0,0,0,0,0,0,0,0,0,0,0,0,0,0,0,0,0,0.366,0,0,0,0.424,0,0,0,0,0,0,0,0,0,0,0,0.214,0,0,0.274,0,0,0,0,0,0,0,0,0,0,0,0,0,0,0,0,0,0,0,0,0,0,0,0,0,0,0,0,0,0,0,0.444,0,0.153,0,0,0,0,0.585,0.317,0,0,0,0,0,0,0.563,0,0,0,0.55,0,0,0.608,0,0,0,0,0,0,0,0,0,0,0.239,0,0,0.361,0,0.487,0,0,0,0,0,0,0,0,0,0.775,0,0,0,0,0,0,0,0,0.162,0,0,0,0,0,0.269,0,0.168,0,0,0,0,0.258,0,0,0,0.389,0,0,0,0,0.179,0,0,0,0,0,0,0.218,0,0,0,0,0.522,0.412,0,0,0,0.401,0.248,0.26,0,0,0,0,0.423,0,0.399,0,0,0.69,0,0,0,0,0,0.151,0.406,0,0.156,0,0,0.157,0,0.319,0,0,0,0,0,0.232,0,0,0,0,0,0,0,0.194,0,0,0,0.229,0.335,0,0.313,0.161,0.39,0,0,0,0.191,0,0,0,0.364,0,0,0,0,0,0,0,0,0,0,0.158,0.167,0,0,0,0,0.171,0,0,0,0,0,0.419,0.954,0,0,0.194,0.169,0,0,0.238,0,0,0.152,0.786,0,0.177,0,0.322,0.413,0.154,0.484,0,0,0,0,0,0,0.184,0,0,0,0,0,0,0,0,0,0,0,0,0,0,0,0,0,0,0,0,0,0.297,0,0,0,0.437,0,0,0,0.3,0,0,0,0,0,0.696,0,0,0.177,0,0,0.224,0,0,0,0,0,0,0,0.386,0,0.172,0,0.172,0,0,0,0,0,0,0,0,0,0,0,0,0,0,0,0,0,0,0,0,0,0,0,0,0,0,0,0,0,0,0,0,0,0,0.179,0,0,0,0,0,0.449,0,0,0,0,0,0,0,0,0,0,0,0,0,0,0,0,0,0,0,0.341,0,0,0,0.26,0,0,0,0,0,0,0,0,0,0,0,0.219,0,0,0,0,0,0,0,0,0.448,0.172,0,0,0.229,0,0,0.231,0,0,0,0,0,0,0,0,0,0,0,0,0,0,0,0,0,0,0.225,0,0,0,0,0,0,0,0,0,0,0.169,0,0,0,0,0,0.166,0,0,0.352,0,0,0,0,0,0.715,0,0,0,0,0,0,0,0,0,0.901,0,0,0,0,0,0,0.339,0,0.536,0,0,0,0,0,0,0,0,0,0,0,0,0,0,0,0,0,0,0,0,0.258,0,0,0,0,0,0,0,0,0,0,0,0,0,0.224,0,0,0,0,0,0.351,0,0,0,0,0,0,0,0,0,0.373,0,0,0,0,0,0,0.185,0,0,0,0,0,0,0,0.582,0,0.197,0,0.374,0,0,0,0,0,0,0,0,0,0,0,0.366,0,0,0,0,0,0,0,0,0,0,0,0,0,0,0,0,0,0,0,0,0,0,0,0,0.242,0.321,0,0.209,0,0,0,0,0.22,0,0,0,0,0,0,0,0,0,0,0,0.154,0,0,0,0,0,0.463,0,0.217,0.165,0,0,0,0,0.159,0,0,0,0,0,0,0,0,0,0,0,0,0,0,0.182,0,0,0,0,0.705,0.718,0,0,0,0,0,0,0,0,0,0,0,0,0.505,0,0,0,0.948,0,0.273,0,0,0,0,0,0,0,0,0,0,0.176,0,0,0,0.386,0,0,0,0,0.27,0,0,0.4,0,0.722,0,0,0.604,0.465,0,0,0,0,0.303,0,0,0,0,0,0.158,0,0,0,0,0,0,0,0,0,0.152,0,0,0,0,0,0,0.258,0,0,0,0.238,0,0,0.158,0,0,0,0,0,0,0,0,0,0,0,0.367,0,0,0,0,0,0,0,0,0,0.201,0,0.276,0.316,0,0,0,0,0,0.402,0,0.353,0,0.257,0,0,0,0,0,0,0,0.161,0,0,0,0,0,0,0,0,0,0,0,0,0,0,0,0.162,0,0.84,0,0,0.594,0,0,0.211,0.156,0.178,0,0,0,0,0,0,0,0,0,0,0,0,0.185,0.182,0,0.569,0,0,0,0.634,0,0,0,0,0,0,0,0,0.409,0,0,0,0,0,0,0,0.161,0.831,0,0,0,0,0,0,0,0,0.224,0,0,0,0,0,0,0,0,0.164,0.189,0,0,0,0,0,0,0,0,0.205,0,0,0,0.172,0,0,0.211,0,0,0,0,0,0,0.286,0,0,0,0,0,0,0,0,0,0,0,0,0,0,0,0,0,0,0,0,0.284,0,0,0,0,0.573,0,0,0,0,0,0,0.151,0.163,0,0.575,0,0,0,0,0,0,0,0,0,0,0,0,0,0,0,0,0,0,0,0,0,0.196,0,0,0,0,0,0,0,0,0,0,0,0.29,0,0,0,0,0,0,0,0,0,0,0,0.584,0,0,0,0,0,0,0,0,0,0,0,0,0,0,0,0,0,0,0,0,0,0,0,0,0,0,0,0,0,0,0,0,0,0,0,0,0,0,0,0,0,0.161,0,0,0,0,0,0,0,0,0.271,0,0,0,0,0,0,0,0,0,0,0,0,0,0,0,0,0,0,0,0,0,0,0,0,0.19,0,0,0,0,0,0,0,0,0,0.196,0,0,0,0.196,0,0,0,0,0,0,0,0,0,0,0,0,0,0,0,0,0,0,0,0,0,0,0,0,0,0,0,0,0,0,0,0,0,0,0,0,0,0,0,0,0,0.168,0,0,0,0,0,0,0,0,0,0,0,0,0,0,0,0,0,0,0,0,0,0,0,0,0,0,0,0,0,0,0,0,0,0,0,0,0,0,0,0,0,0,0,0,0,0,0,0,0,0,0,0,0,0,0,0,0,0,0,0,0,0,0,0,0.211,0.317,0,0,0,0,0,0,0,0,0,0,0,0,0.183,0,0,0,0.537,0,0,0,0,0.343,0,0,0,0,0,0,0,0,0,0.223,0.192,0.315,0,0.573,0,0,0,0,0,0.997,0,0,0,0,0,0,0,0,0,0,0.189,0,0,0.21,0,0,0,0.385,0,0,0,0,0,0.162,0,0,0,0,0.235,0,0,0,0,0,0,0,0.95,0,0,0,0,0,0,0,0,0.161,0,0,0,0,0,0,0,0,0,0,0,0,0,0,0.667,0,0,0,0.233,0,0,0,0,0.297,0,0,0,0,0,0,0,0.548,0.23,0,0,0,0,0.152,0,0,0.299,0,0,0,0,0,0.651,0,0,0,0,0.297,0,0.202,0.37,0,0,0,0,0.165,0,0.161,0,0,0,0,0,0,0,0.232,0,0,0,0,0,0,0,0.15,0,0,0,0.362,0,0,0,0,0,0,0.26,0,0.61,0.248,0,0,0.219,0,0.519,0,0,0,0,0,0,0,0,0,0.15,0,0,0,0,0,0,0,0,0,0,0,0,0,0,0,0,0,0,0,0,0,0,0.552,0,0,0,0,0,0,0,0,0,0,0,0,0,0,0,0,0,0,0,0,0,0,0,0,0,0,0,0,0,0,0,0,0,0,0,0,0,0,0,0.155,0,0.488,0.151,0,0,0,0,0,0,0,0,0,0,0,0,0,0,0.272,0,0,0,0.415,0.167,0,0,0,0,0,0,0,0,0,0,0,0,0.419,0,0,0.44,0,0,0,0,0,0,0,0,0.182,0,0,0,0,0,0,0,0,0,0,0,0,0,0,0,0,0.166,0,0,0,0,0,0,0,0,0,0,0,0,0,0,0,0,0,0,0,0,0,0,0,0,0,0,0,0,0.865,0,0,0,0,0.272,0,0.248,0,0,0,0.674,0,0.293,0,0,0,0,0,0,0.151,0,0,0,0.777,0,0,0,0.187,0,0,0,0,0,0.694,0,0.447,0,0,0,0,0,0,0,0.292,0,0.159,0,0,0,0,0,0,0,0,0,0,0,0,0.364,0.263,0.309,0,0,0,0,0,0.618,0,0,0,0,0,0,0,0,0.559,0.365,0,0,0,0,0.165,0.231,0,0,0,0,0.466,0,0,0,0,0.445,0,0,0,0,0,0,0,0,0,0.62,0,0,0.192,0,0.507,0,0,0,0,0,0,0,0,0,0.44,0,0,0,0.441,0,0,0.709,0,0,0.223,0,0,0.22,0,0,0,0,0,0.151,0.186,0.445,0,0,0,0.312,0,0.197,0,0,0,0,0,0,0,0,0,0,0,0.903,0,0,0,0,0,0,0,0,0,0,0,0.188,0,0.341,0,0,0.15,0,0,0,0,0.368,0,0,0,0,0,0,0,0.343,0,0,0,0,0,0,0,0,0,0,0,0,0,0,0,0,0,0,0,0,0,0,0,0,0,0,0,0,0,0,0,0,0,0,0,0,0,0.155,0,0,0,0,0,0,0,0,0,0,0,0,0,0.661,0,0,0,0,0,0,0.767,0,0,0,0,0,0,0,0,0,0.675,0,0,0,0,0,0,0,0,0,0,0,0,0,0,0,0,0,0,0,0,0,0,0,0,0,0,0,0,0,0.187,0,0,0.682,0,0,0,0,0,0,0,0,0,0,0,0.666,0.721,0.685,0,0,0,0.254,0.166,0.678,0.679,0,0,0,0,0,0,0,0,0,0,0,0,0,0,0,0,0,0,0,0,0,0.441,0,0,0,0,0,0,0.159,0,0,0,0,0,0,0,0,0,0,0,0,0,0,0,0,0,0,0,0.404,0,0.932,0,0,0,0,0,0,0,0,0,0,0,0,0,0,0,0,0,0,0,0,0,0,0,0,0,0,0,0,0,0,0.17,0,0,0,0,0,0,0,0,0,0,0,0,0,0,0,0,0,0,0,0,0,0,0,0,0,0,0,0,0,0,0,0,0,0,0,0,0,0,0,0,0,0,0,0.219,0,0,0,0.341,0,0,0,0.197,0,0,0,0,0,0,0,0,0.903,0.765,0,0,0,0,0,0.892,0,0,0,0,0,0,0.175,0,0,0,0.697,0,0,0,0,0,0,0,0,0,0,0,0,0,0,0,0,0,0,0,0,0,0,0,0,0,0,0,0,0,0,0.788,0,0,0,0,0,0,0.435,0,0,0.205,0.169,0,0,0,0,0,0,0,0,0,0,0,0,0,0.153,0,0,0,0.166,0,0,0,0,0,0,0,0,0,0,0,0,0,0,0,0,0,0,0,0,0,0,0.604,0,0,0,0,0,0,0,0.384,0.356,0,0,0,0,0.709,0,0,0,0,0,0,0,0.457,0,0.443,0,0,0,0.577,0,0,0,0,0.173,0,0,0,0.337,0,0.968,0,0,0,0,0.745,0,0,0.347,0,0.99,0,0,0,0.176,0,0,0,0,0,0,0,0,0,0,0,0,0,0,0,0,0,0,0,0.256,0,0,0,0,0,0,0,0,0,0,0,0.282,0,0,0,0,0,0,0,0,0,0.367,0,0,0,0,0,0,0,0,0,0,0,0,0,0,0,0,0,0,0,0,0,0,0,0,0.172,0,0,0,0,0.599,0,0,0,0,0,0.154,0,0,0,0,0.156,0,0,0,0,0.677,0,0,0,0.368,0.798,0,0.473,0,0.368,0,0,0,0,0,0,0,0,0,0,0,0,0,0,0,0,0,0,0,0,0.197,0,0,0,0,0,0,0,0,0,0,0,0,0,0,0,0,0,0,0,0.286,0,0,0.22,0,0,0,0,0,0,0,0,0,0,0,0,0,0,0,0,0,0,0,0.619,0,0,0,0,0,0,0,0,0,0,0,0,0,0,0,0.168,0.205,0,0.255,0,0,0,0,0,0,0,0,0,0,0,0,0,0,0,0.277,0,0,0,0,0,0,0,0,0.229,0.555,0,0,0,0,0,0,0,0,0,0,0,0,0,0,0.887,0,0,0.192,0,0,0,0,0,0,0,0,0,0,0,0,0,0,0,0,0,0,0,0,0,0,0,0,0,0,0,0,0,0,0.165,0,0,0,0,0.485,0,0,0,0,0.551,0,0,0,0,0,0.167,0,0,0,0.169,0,0,0,0,0,0,0,0,0,0,0,0,0,0,0,0.447,0,0,0,0.213,0,0,0,0,0.32,0,0,0.585,0,0,0,0,0,0,0,0,0,0,0.183,0,0.563,0,0,0,0,0,0,0,0,0,0,0,0,0.701,0,0,0,0.481,0.191,0.154,0,0,0,0,0,0,0,0,0,0,0,0,0,0,0,0
851670,0.358,0.218,0.207,0,0,0,0.181,0.157,0.309,0.908,0.445,0,0.222,0,0,0.986,0.46,0,0.601,0.188,0,0,0,0.219,0.218,0,0.248,0.261,0,0,0,0,0.268,0,0.853,0,0,0,0,0,0,0.159,0,0,0.394,0,0,0.173,0.199,0,0,0,0,0.209,0,0.166,0,0.394,0,0,0.353,0.226,0.22,0,0.333,0,0.273,0.182,0.154,0.166,0.227,0,0,0,0.171,0.359,0,0,0.741,0,0.388,0,0,0,0,0.409,0,0,0.891,0,0,0,0,0,0.218,0,0.158,0.472,0.265,0.227,0,0,0.542,0.595,0.153,0.533,0.261,0.582,0,0,0,0,0,0,0,0,0,0.176,0.896,0,0,0,0,0.384,0,0,0,0,0,0.261,0,0,0,0,0,0.175,0,0.589,0.263,0,0.299,0,0,0,0,0.653,0,0.15,0,0,0,0,0,0,0,0.719,0,0,0,0.274,0,0,0,0.913,0.246,0,0,0.238,0,0.182,0,0,0,0,0,0,0.252,0,0.178,0.17,0.994,0.931,0,0.426,0,0,0,0,0.778,0,0.309,0,0.179,0,0,0.184,0,0,0,0,0,0.979,0.462,0,0,0,0,0,0,0,0,0,0.359,0,0,0,0,0.327,0.235,0,0,0,0,0,0,0,0,0,0,0,0,0,0,0,0,0.747,0,0,0,0,0,0,0,0,0,0,0,0.532,0,0,0,0.292,0,0,0,0,0.551,0,0.53,0.291,0,0,0,0.919,0,0,0,0,0,0,0,0,0,0.328,0,0,0,0,0,0,0,0,0,0,0,0,0,0,0.508,0,0,0,0,0,0.161,0,0,0,0,0,0,0,0,0.322,0,0,0,0,0,0,0,0,0,0,0,0,0,0,0.225,0,0.94,0,0,0,0.266,0,0,0.9,0,0.163,0,0.991,0,0,0,0.253,0,0,0.196,0,0,0,0,0,0,0,0.689,0,0,0,0,0,0.187,0,0,0,0,0,0,0,0,0,0.177,0.178,0,0,0,0,0,0,0.276,0.187,0,0,0,0,0,0.194,0,0,0,0,0,0,0,0,0.202,0,0,0.159,0,0,0,0.248,0,0,0,0,0.196,0,0,0,0.162,0,0,0,0,0,0.246,0.151,0,0,0,0.196,0,0,0.206,0,0,0.358,0,0,0,0,0,0,0,0.258,0,0.762,0,0,0,0,0,0.152,0,0.548,0,0,0,0.249,0,0,0,0,0,0,0,0,0,0,0,0.93,0,0,0,0.268,0,0,0,0,0.853,0,0.295,0.194,0,0,0,0,0.173,0,0,0,0.215,0,0,0,0,0,0,0,0,0,0,0.151,0,0,0,0.156,0,0.171,0,0,0,0,0,0.19,0.171,0.258,0,0,0.379,0,0,0,0.315,0.942,0,0,0,0,0,0.169,0,0,0.158,0,0,0,0,0,0,0,0,0,0,0,0,0,0,0,0,0.185,0,0,0,0,0,0.254,0,0,0,0.156,0,0.247,0,0,0,0,0,0,0,0.911,0,0,0,0.267,0,0.293,0,0,0.274,0.619,0,0,0,0,0,0.86,0,0.46,0,0.647,0,0,0,0,0,0,0,0,0,0,0,0,0,0,0.234,0,0,0,0,0.156,0,0,0,0,0,0,0,0,0.161,0.198,0,0,0,0.185,0,0,0,0,0,0.155,0,0,0,0,0,0.599,0,0,0.15,0,0,0.227,0,0.173,0.196,0,0.195,0,0,0,0,0,0,0,0,0,0,0,0,0,0,0,0,0,0.173,0.302,0.22,0,0,0,0,0,0,0.9,0,0,0.216,0,0.155,0,0,0,0,0,0,0,0,0,0,0,0,0,0.191,0,0,0,0,0,0,0,0,0,0,0,0,0,0.196,0,0,0,0,0,0,0,0,0,0,0,0,0,0.309,0,0,0.211,0,0,0,0.269,0,0,0.282,0.164,0,0,0,0.158,0,0,0.194,0,0,0,0.199,0.8,0.152,0,0,0,0,0,0,0,0,0,0.178,0,0.489,0,0,0,0,0.924,0,0,0.233,0,0,0,0,0.437,0.151,0,0,0,0,0,0,0,0,0,0,0,0,0,0,0,0.167,0,0,0.205,0,0,0,0,0,0.15,0.696,0,0,0.177,0,0,0,0,0.95,0,0,0,0,0,0,0,0.179,0,0,0.205,0,0,0,0,0,0,0,0,0.195,0.22,0,0,0,0,0,0,0,0,0,0,0.213,0,0,0,0,0,0,0.297,0,0.157,0,0.209,0,0,0,0,0,0,0,0,0,0,0,0,0,0.633,0,0.938,0,0,0,0,0.234,0.21,0,0,0,0,0,0,0,0,0,0.239,0.19,0,0,0,0,0,0,0,0,0,0,0.19,0.229,0.268,0.534,0,0,0,0,0.159,0,0,0,0,0,0,0,0,0,0,0,0,0,0,0,0.202,0,0,0,0.895,0,0,0,0,0,0,0,0.159,0,0,0,0,0,0,0.95,0,0,0,0.188,0,0,0,0,0,0,0,0,0,0,0,0,0.194,0,0,0,0,0,0,0.298,0,0,0,0.278,0,0,0,0,0,0,0,0,0,0,0,0,0,0,0,0,0,0,0,0,0,0,0,0,0,0,0,0.2,0,0,0,0,0,0,0.212,0,0,0,0,0,0,0,0,0,0,0,0,0.154,0,0.2,0,0,0,0,0,0,0,0,0,0,0,0.196,0,0,0,0.185,0,0,0,0,0,0,0,0,0,0,0.297,0,0,0,0.486,0,0,0.32,0,0,0.274,0,0,0,0.962,0.306,0,0,0,0,0,0,0.917,0,0.611,0,0.268,0.24,0,0,0.296,0,0.632,0,0,0,0,0.365,0.212,0.21,0,0,0.359,0.212,0,0.393,0,0,0,0,0,0.202,0,0.405,0,0,0,0,0.194,0.275,0.32,0.194,0,0,0,0,0,0.199,0,0,0,0.46,0.711,0,0.203,0.489,0,0.284,0,0,0,0,0,0,0,0,0.22,0,0,0,0.202,0,0,0.358,0,0,0,0.51,0,0,0,0.952,0,0,0,0,0.218,0.258,0,0,0.201,0,0,0,0,0,0.386,0,0.175,0.239,0,0,0.335,0,0,0,0.261,0.93,0,0,0,0,0.198,0,0.206,0,0.296,0,0.202,0,0.257,0.162,0,0,0.229,0,0,0.547,0,0,0.171,0,0.217,0,0.372,0.166,0,0,0.268,0,0,0,0.186,0,0,0.225,0,0.196,0.511,0.295,0,0,0,0,0.15,0.659,0,0.919,0.214,0.501,0.577,0.354,0.191,0.438,0,0.259,0,0,0.183,0,0.15,0.366,0.159,0.289,0,0,0,0,0.43,0.344,0.2,0,0,0,0,0,0.956,0,0.239,0.215,0,0.262,0.199,0,0,0.299,0.337,0,0.332,0,0,0,0.343,0.234,0.41,0,0.279,0.585,0,0,0,0.182,0.199,0,0,0,0.236,0.334,0,0.268,0.21,0.546,0.17,0,0,0,0.265,0.185,0,0,0.19,0,0.481,0,0.155,0,0.344,0,0,0.192,0.924,0.759,0,0,0.266,0.296,0,0,0.283,0,0.259,0,0.186,0,0,0.32,0.282,0,0.4,0.615,0,0,0,0.437,0.2,0.279,0.393,0.247,0,0.325,0.476,0,0,0,0,0,0.182,0.3,0,0,0,0,0.32,0,0,0,0,0,0.169,0.298,0,0.928,0,0,0,0,0,0.21,0,0,0.673,0.204,0.344,0,0.349,0,0.164,0,0,0.166,0.276,0.478,0,0.312,0,0,0,0.325,0,0,0.18,0,0,0,0,0,0,0,0.153,0,0.236,0.405,0.256,0,0,0,0,0.209,0.196,0,0,0.688,0.151,0,0,0.322,0.432,0,0,0,0,0,0,0.392,0,0.36,0.217,0.417,0,0.208,0,0,0,0.309,0,0,0.973,0,0.274,0.266,0,0.32,0,0.232,0.287,0.747,0.543,0,0,0,0.218,0.34,0,0.216,0,0.254,0.589,0,0,0.2,0,0.333,0,0.495,0,0,0,0,0.351,0,0.367,0.256,0,0,0,0,0.159,0.322,0,0,0,0,0,0.467,0,0,0.172,0,0.236,0.34,0,0,0.225,0,0.221,0,0,0,0,0,0.404,0,0.484,0.357,0,0,0.26,0.169,0,0,0,0,0,0,0.299,0.172,0,0,0,0,0,0,0,0.425,0.505,0,0,0.237,0.199,0,0,0.202,0.186,0,0,0,0.297,0,0,0.417,0.207,0,0.155,0.157,0,0.21,0,0.234,0,0,0,0.161,0.795,0,0,0.571,0.38,0,0,0,0.424,0,0,0,0,0,0,0,0,0.155,0.199,0,0,0.171,0,0.214,0,0.176,0.234,0,0.176,0,0,0.19,0.21,0,0,0,0,0,0,0,0,0,0.157,0,0,0,0,0,0,0,0,0,0,0,0,0,0,0,0.215,0,0,0,0.296,0.16,0,0,0,0,0.355,0,0,0,0,0,0,0,0.189,0,0,0,0,0,0,0,0,0,0,0,0,0,0,0,0,0,0.362,0,0,0.162,0,0,0.161,0,0,0,0,0,0,0,0,0,0,0,0,0,0,0,0,0,0,0,0,0,0,0,0,0,0,0,0,0,0,0,0,0,0,0,0,0.686,0,0,0,0,0,0,0,0,0.158,0.152,0,0,0,0,0,0.152,0,0,0,0,0,0,0,0,0,0,0.331,0,0,0,0,0.229,0.247,0,0,0.248,0,0.168,0,0,0,0,0,0.298,0,0,0,0,0,0,0,0,0,0,0.179,0,0,0,0,0,0.31,0,0,0,0,0,0,0,0,0,0,0,0,0.189,0,0,0.319,0,0,0,0,0,0,0,0.186,0,0,0,0,0,0,0,0,0,0,0,0.464,0,0,0,0.181,0,0,0,0,0,0,0,0,0,0,0,0,0,0,0,0,0,0,0,0,0,0,0.352,0,0,0,0,0,0,0,0.152,0.29,0,0,0,0,0,0,0,0,0,0,0,0.175,0,0,0,0,0,0,0,0,0,0.209,0,0,0,0,0,0,0,0,0,0,0,0,0,0,0,0,0,0.236,0,0,0,0,0,0,0,0,0,0,0,0,0.285,0,0,0,0,0,0,0,0,0,0,0,0,0,0,0,0,0.298,0,0,0,0,0,0,0,0,0,0,0,0,0,0,0,0,0,0.156,0,0.258,0,0,0,0,0,0,0.163,0,0,0,0,0,0,0.221,0,0,0,0,0,0.565,0,0,0,0,0,0,0,0,0,0.175,0,0,0,0,0.162,0,0,0.164,0,0.423,0,0,0,0,0,0,0,0,0,0,0.161,0,0,0,0.202,0,0.228,0,0,0,0,0,0,0,0,0,0,0,0.185,0,0,0.196,0,0,0,0,0,0.158,0,0.294,0,0,0.185,0,0,0,0,0,0.151,0.157,0,0,0,0.173,0.21,0.231,0,0,0,0,0,0,0,0.31,0,0,0,0,0.218,0.174,0,0,0.167,0,0,0,0,0.178,0.174,0,0,0,0,0,0,0,0,0,0,0,0,0,0,0,0,0,0.208,0,0,0.231,0.218,0,0,0,0,0,0,0,0,0.291,0,0,0,0,0,0.913,0,0,0,0,0,0,0,0,0,0,0,0,0.181,0,0,0.214,0,0,0,0.203,0,0,0,0.346,0,0.192,0,0,0,0,0,0,0,0,0,0,0,0.173,0,0,0,0,0,0,0.159,0,0.195,0,0,0.33,0.161,0,0.163,0,0,0,0,0,0,0,0,0,0,0,0,0.158,0,0,0.374,0,0,0,0,0,0,0,0,0,0,0,0,0,0,0,0,0,0,0.23,0,0,0,0,0,0,0,0,0,0,0,0,0,0,0.178,0,0,0,0,0,0,0,0,0,0,0,0,0,0.355,0.487,0,0,0,0,0,0,0,0,0,0,0,0,0,0,0,0,0,0,0,0,0,0.175,0,0,0,0,0,0,0,0.158,0,0.177,0,0,0,0,0,0,0,0,0,0,0,0,0,0,0,0,0,0,0,0,0,0,0,0,0,0,0,0.22,0,0,0,0,0,0,0,0,0,0,0,0,0,0,0,0,0,0,0,0.3,0,0,0,0,0,0,0,0,0,0,0,0,0,0.157,0,0.182,0.169,0.189,0,0,0,0,0,0,0,0,0,0,0.161,0,0,0,0,0.196,0,0,0,0,0,0,0,0,0.198,0,0,0,0.167,0,0,0,0,0,0,0,0,0,0,0,0,0,0,0,0,0,0,0,0,0,0,0.164,0,0,0,0,0.161,0,0,0,0,0,0,0.171,0,0,0,0,0,0,0,0,0,0,0.175,0,0.185,0,0,0,0,0,0,0,0,0,0,0.178,0,0,0,0,0,0,0,0,0.178,0,0,0,0,0,0,0,0,0,0,0.269,0.163,0,0.173,0,0,0,0,0,0,0,0.161,0,0,0,0,0,0,0,0,0,0,0,0.161,0,0,0,0,0,0,0,0,0.684,0.783,0,0,0,0,0,0,0,0,0,0,0,0,0,0,0,0,0,0,0.493,0,0,0,0,0,0,0,0,0,0,0,0,0,0,0.33,0,0,0,0,0,0,0,0,0,0,0,0.179,0,0.213,0,0,0,0,0,0,0,0,0,0,0,0,0,0,0,0,0,0,0,0,0,0,0.189,0,0,0,0,0,0,0,0,0,0,0,0,0,0,0,0,0,0,0,0,0,0,0,0,0.156,0,0,0,0,0,0,0,0,0,0,0,0,0,0,0.237,0,0,0,0,0,0,0,0,0,0,0,0,0,0,0,0,0,0,0.607,0,0,0,0,0,0,0,0,0,0,0,0,0,0,0,0,0,0,0,0,0,0,0,0,0,0,0,0,0.191,0,0,0,0,0,0,0,0.17,0,0,0,0,0,0,0,0.198,0,0,0.222,0,0,0,0.188,0,0.152,0.197,0.16,0,0,0.178,0.223,0,0,0.16,0,0,0,0,0.187,0.285,0,0,0,0,0,0.267,0,0,0.22,0,0,0,0,0.284,0,0,0,0.16,0,0,0,0,0.315,0,0,0,0.179,0,0,0,0,0,0,0,0,0.185,0,0.167,0,0,0.377,0,0,0,0.211,0.241,0,0,0,0,0.195,0.181,0.208,0,0,0.901,0,0,0.291,0,0,0.153,0.168,0,0,0,0.681,0,0,0,0,0,0.214,0,0.297,0.166,0,0,0,0,0,0,0,0,0,0,0,0.175,0,0,0,0,0,0,0,0,0,0,0,0.153,0,0,0.166,0,0,0,0,0,0,0,0,0,0.172,0,0,0,0,0,0,0,0,0,0,0,0.249,0,0,0,0,0,0,0,0,0,0,0,0,0,0,0,0,0,0,0,0,0,0,0,0,0.171,0,0,0,0,0,0,0.165,0,0,0,0,0,0.154,0,0,0,0,0,0,0,0,0,0,0.198,0,0,0,0,0,0,0.156,0,0.241,0,0,0,0,0,0,0,0.22,0,0,0,0,0,0,0,0,0,0,0,0,0,0,0,0,0,0,0,0,0,0,0,0,0,0,0,0,0,0,0,0,0,0,0,0,0,0,0,0,0,0,0,0,0,0,0,0,0,0,0,0,0,0,0,0,0,0,0.152,0,0,0,0,0,0,0,0,0,0,0,0,0,0,0,0,0,0,0,0.151,0,0,0,0,0,0,0,0,0,0,0,0,0,0,0.198,0,0,0,0,0,0,0,0,0,0,0,0.154,0,0,0,0,0,0,0,0,0,0,0,0,0,0,0,0,0,0,0,0,0,0,0,0,0,0,0,0,0,0,0,0,0,0.22,0,0,0.209,0,0,0,0,0,0,0,0,0,0.163,0,0,0,0,0,0,0,0,0,0,0,0,0,0,0.269,0,0,0,0,0,0,0,0.238,0,0,0,0,0,0,0,0,0,0,0,0,0,0,0,0,0.279,0,0,0,0,0,0,0,0,0,0,0,0,0,0,0,0,0.348,0,0.234,0,0,0,0,0,0.162,0,0,0,0,0,0,0,0,0,0.157,0,0,0,0,0,0,0,0,0,0,0,0,0,0,0,0,0,0,0,0,0,0,0,0,0,0,0.15,0,0,0,0,0,0,0,0,0,0.241,0,0.176,0,0,0,0,0,0.165,0.153,0,0,0,0,0,0,0,0,0.202,0,0,0,0,0.213,0,0,0,0,0,0,0,0.153,0,0,0,0,0,0,0,0,0.165,0,0.31,0,0,0,0.392,0,0,0,0,0,0,0,0,0,0,0,0,0,0,0,0,0,0,0,0,0,0,0,0,0,0,0,0,0,0,0,0,0.177,0,0,0,0,0,0,0,0,0,0,0,0,0.176,0,0,0,0,0,0,0,0,0,0,0,0,0,0,0,0,0,0,0,0,0,0,0,0,0,0,0,0,0,0,0,0,0,0,0,0,0,0,0,0,0,0,0,0,0,0,0,0,0,0,0,0,0,0,0,0,0,0,0,0,0,0,0,0,0,0,0,0,0,0,0,0,0,0,0,0,0,0,0,0,0,0,0,0,0,0,0,0,0,0,0,0,0,0,0,0,0,0,0,0,0,0,0,0,0,0,0.154,0,0,0,0,0,0,0,0,0,0,0,0,0,0,0,0,0,0,0,0,0,0,0,0,0,0,0,0,0,0,0,0,0,0,0,0,0,0,0,0,0,0,0,0,0,0,0,0,0,0,0,0,0,0,0,0,0,0,0.168,0,0,0,0,0.252,0,0,0,0,0,0,0,0,0,0,0,0,0.619,0,0,0,0,0,0,0,0,0,0,0.229,0.237,0,0,0,0,0,0,0,0,0.26,0,0,0,0,0,0,0,0,0,0,0,0,0,0,0,0,0,0,0,0,0,0,0,0.265,0,0.47,0,0,0,0,0,0,0.23,0,0,0,0,0,0,0,0.255,0,0,0,0,0,0,0,0,0,0,0,0,0,0.165,0,0,0,0,0,0,0,0,0,0,0,0,0,0,0,0,0,0,0,0,0,0,0,0,0,0.165,0,0,0,0,0,0,0,0,0,0,0,0,0,0,0,0,0.154,0,0,0,0,0,0,0,0,0.172,0,0.177,0,0.15,0,0,0,0,0,0,0,0,0,0,0,0.446,0,0,0,0,0,0,0,0,0,0,0,0,0,0,0,0,0,0,0,0,0,0.169,0,0.337,0,0,0,0,0,0,0,0,0,0,0,0,0,0,0,0,0,0,0,0,0,0,0,0,0,0,0.17,0.169,0,0,0,0,0,0,0,0,0,0.179,0,0,0,0,0,0.161,0.415,0,0,0,0,0,0,0,0,0,0,0,0,0,0,0,0,0,0,0,0,0.279,0.392,0,0.233,0,0,0,0,0.204,0,0,0,0,0,0,0,0,0,0,0,0.212,0.309,0,0,0,0,0,0,0,0,0,0,0,0,0,0,0,0,0,0,0.172,0,0,0,0,0,0.171,0,0,0,0,0.192,0,0,0,0,0,0,0,0,0,0,0,0,0,0,0,0,0,0,0,0,0,0,0,0,0,0,0,0,0,0,0,0,0,0,0,0,0,0,0,0,0,0,0,0,0,0,0,0,0,0,0.187,0,0,0,0,0,0,0,0,0,0,0,0,0,0,0,0,0,0,0,0,0,0,0,0,0,0,0,0,0,0,0.27,0,0,0,0,0.24,0,0,0,0,0,0,0,0,0,0,0,0,0,0,0,0,0,0.217,0,0,0.214,0,0,0.29,0.161,0,0,0,0,0,0,0,0,0,0,0,0,0,0,0,0,0.166,0,0,0,0,0,0,0,0,0,0,0,0,0.457,0,0,0,0,0,0.192,0,0,0,0,0,0,0,0,0,0,0,0,0,0,0,0,0.275,0,0,0,0.166,0.371,0,0,0,0,0,0,0,0,0,0,0,0,0.212,0,0,0,0,0,0.215,0,0,0,0,0,0,0,0,0,0,0,0,0,0,0,0,0,0,0,0,0,0,0.324,0,0,0,0,0,0,0,0,0,0,0,0,0,0,0,0,0,0,0,0,0,0,0,0,0,0.198,0,0,0,0,0,0,0,0,0,0,0,0,0.15,0,0,0,0,0,0,0,0,0,0,0,0,0,0.463,0,0,0,0,0,0,0,0,0,0,0,0,0,0,0,0,0,0.376,0,0,0,0,0,0,0,0,0,0,0,0.176,0.158,0.228,0,0,0,0,0,0,0,0,0,0,0,0,0,0,0,0.163,0,0,0,0,0,0,0,0,0,0,0,0,0,0,0,0,0,0,0,0,0,0,0,0,0,0,0,0,0,0,0,0,0,0,0,0,0,0,0.194,0,0,0,0,0,0,0,0,0,0.298,0,0,0,0,0,0,0,0,0,0,0,0,0,0,0,0,0.17,0,0,0,0,0,0,0,0,0,0.22,0,0,0,0,0,0,0,0.31,0,0,0.17,0,0,0,0,0,0.565,0,0,0,0,0,0,0,0,0,0,0,0,0,0,0,0,0,0,0,0,0,0,0,0,0,0,0,0,0,0,0,0,0,0,0,0,0,0,0,0,0,0,0,0,0,0,0,0,0,0,0,0,0,0,0,0,0,0,0,0,0,0,0,0,0,0,0,0,0,0,0.293,0,0,0,0,0.153,0,0,0,0,0,0,0,0,0,0,0,0,0,0,0,0,0,0,0,0,0,0,0,0,0,0,0.173,0,0,0,0,0,0,0,0,0,0.151,0.29,0,0,0,0,0,0,0,0,0,0.151,0,0.249,0,0,0,0,0,0,0,0,0,0,0,0,0,0,0,0,0,0,0,0,0,0,0,0,0,0,0,0,0,0,0,0,0,0,0,0,0,0,0,0,0,0,0,0,0,0.262,0,0,0,0,0,0,0,0,0.174,0,0,0,0,0,0,0,0,0,0,0,0,0,0,0,0,0,0,0,0,0,0,0,0,0,0.307,0,0,0,0,0,0,0.305,0,0,0,0,0,0,0,0,0,0,0,0,0,0.158,0,0,0,0,0,0,0.17,0,0,0,0,0,0,0,0,0,0,0,0,0,0,0,0,0,0,0
856442,0,0,0,0,0,0,0,0,0,0,0,0,0,0,0,0,0,0,0,0,0,0,0,0,0,0,0,0,0,0,0,0,0,0,0.178,0,0,0,0,0,0,0.47,0,0,0,0,0,0,0,0,0,0,0,0,0,0.155,0,0,0,0,0,0,0,0,0,0.456,0,0.299,0,0,0,0,0,0,0,0,0.357,0,0,0,0,0,0,0,0,0,0,0,0,0,0,0,0,0,0,0,0,0,0,0,0,0,0,0,0,0,0,0,0,0,0.22,0,0,0,0,0,0,0,0,0,0,0,0,0,0,0,0,0.245,0,0,0,0,0,0,0,0,0,0,0,0,0,0,0,0,0,0,0,0,0,0,0.183,0,0,0,0,0,0,0,0,0.223,0,0,0,0.354,0,0,0,0,0,0,0,0.62,0,0,0,0,0,0,0.368,0,0,0,0,0,0,0,0.163,0,0,0,0,0,0,0,0,0,0,0,0,0,0,0,0,0,0,0,0,0,0,0,0,0,0.232,0,0,0,0,0,0,0,0,0,0.171,0,0,0,0,0,0,0,0,0,0,0,0,0,0.229,0,0,0,0,0,0,0,0,0,0,0,0,0,0,0,0.181,0,0,0,0,0,0,0,0.163,0,0.451,0,0,0.294,0,0,0,0,0,0.317,0.26,0,0,0,0.165,0.173,0,0,0,0,0,0,0,0.199,0.628,0,0,0,0,0.251,0,0,0,0,0,0,0,0,0,0,0,0,0,0,0,0,0,0,0.194,0,0,0,0,0.467,0,0.253,0,0,0,0,0,0,0.232,0,0,0.159,0,0,0,0,0,0,0,0,0,0,0,0,0,0,0.18,0,0,0,0,0,0.542,0,0,0,0,0,0,0,0,0,0,0.169,0,0,0,0,0,0,0,0.173,0,0,0,0,0.219,0.501,0,0,0,0,0,0.252,0,0,0,0,0,0,0,0,0,0.166,0,0,0,0,0,0.292,0,0.174,0,0,0.167,0,0,0,0.443,0,0,0,0,0,0,0,0,0,0,0,0.178,0,0,0,0.181,0,0,0.409,0,0,0,0,0,0,0,0,0,0,0,0,0,0.231,0,0.173,0,0.314,0,0.216,0.199,0,0,0,0,0,0,0.192,0,0,0,0,0.151,0,0,0,0,0.398,0.186,0,0,0,0,0,0,0,0,0,0.159,0,0,0,0.299,0,0,0,0,0,0,0.187,0,0,0,0,0,0,0,0,0,0,0,0,0,0,0,0,0.187,0,0.167,0,0,0,0,0,0,0,0,0,0.232,0,0,0,0,0.192,0,0,0.276,0,0,0,0,0,0.15,0,0,0,0.16,0,0,0,0,0,0,0,0,0,0.393,0,0,0,0.344,0,0,0,0,0,0,0,0,0,0,0,0,0,0,0,0,0,0,0,0,0.188,0,0,0,0,0,0,0,0,0.201,0.549,0.173,0,0,0,0,0.392,0,0,0.223,0.203,0,0,0,0.359,0,0,0,0,0,0,0,0,0,0,0.324,0,0,0.225,0,0,0.307,0,0,0,0,0,0,0.169,0,0.309,0,0,0,0,0,0,0,0,0,0,0,0,0,0,0,0.27,0.946,0,0,0,0.739,0,0.174,0,0,0.225,0,0,0.177,0,0.204,0,0,0,0,0,0,0,0.229,0.166,0.169,0.167,0.25,0,0,0,0,0,0,0,0,0,0,0,0,0,0,0,0,0,0,0,0,0,0,0,0,0,0,0,0.206,0.565,0,0,0.302,0.253,0,0,0,0,0,0.192,0,0,0,0,0,0,0,0,0.173,0,0,0,0,0,0,0.248,0.276,0,0,0,0,0,0,0,0,0,0,0.175,0,0,0.649,0,0,0,0,0,0,0,0,0,0,0,0,0,0,0.238,0,0,0,0,0,0,0,0,0,0,0.166,0,0,0,0,0,0,0,0,0.191,0,0,0,0,0,0,0,0,0,0.227,0,0,0,0,0,0,0,0,0,0,0,0,0,0.158,0,0,0,0,0.204,0,0,0,0.183,0,0.255,0,0,0,0,0.192,0,0,0,0,0,0,0,0,0,0,0,0,0,0,0.199,0.173,0,0,0,0,0,0,0,0,0,0,0,0,0,0.183,0,0,0,0,0.25,0,0,0.227,0,0,0,0,0,0,0,0,0,0,0,0,0,0.152,0,0,0,0,0,0,0,0,0,0.163,0.271,0,0,0,0,0,0.408,0.203,0.166,0,0,0,0,0,0,0,0,0,0.295,0,0,0,0,0,0,0,0.164,0,0,0,0,0,0,0.431,0,0,0,0,0,0,0,0,0,0,0,0,0,0,0,0,0,0,0,0,0,0,0,0,0,0,0,0,0,0,0,0,0,0.229,0,0,0,0.353,0,0,0,0,0,0.163,0,0.269,0,0,0,0,0,0,0,0.158,0,0.36,0,0,0.161,0,0,0,0,0,0,0,0.26,0,0,0.511,0,0,0,0,0,0,0,0,0,0,0,0,0,0,0,0,0,0,0.204,0,0,0,0,0,0,0,0,0,0.181,0.4,0,0,0,0,0,0,0,0,0,0,0,0.181,0,0.181,0,0,0,0,0,0,0,0,0,0,0,0,0,0,0,0,0,0,0,0,0,0,0,0,0,0,0,0,0.392,0,0,0,0,0,0,0,0,0,0,0,0,0,0,0,0,0,0,0,0,0.179,0,0,0,0,0,0.309,0,0,0,0,0,0,0,0,0.215,0,0,0,0,0,0,0,0,0,0,0,0,0,0,0,0,0,0,0,0.681,0,0,0.651,0,0.691,0.994,0,0.509,0,0,0,0,0,0,0,0,0,0,0,0,0,0,0,0,0,0,0,0.22,0,0,0,0,0,0,0.571,0,0,0,0,0,0,0,0,0,0,0,0,0,0,0,0,0,0,0,0,0.183,0,0,0,0,0,0,0,0,0,0,0,0,0,0,0,0,0,0,0,0.356,0,0,0,0,0,0,0,0,0,0,0,0,0,0,0,0,0,0,0,0.483,0,0.257,0,0,0,0,0,0.515,0,0,0,0,0,0,0,0,0,0,0,0,0,0,0,0,0,0,0,0,0,0,0,0,0,0,0,0,0,0,0,0,0,0,0,0,0,0,0,0,0,0,0,0,0,0,0,0,0,0,0,0,0,0.374,0,0,0,0,0,0,0,0,0,0,0,0,0,0.164,0,0.171,0,0,0,0,0,0,0,0,0,0,0,0,0,0,0,0,0,0,0,0,0,0,0,0,0,0,0,0,0,0,0,0,0,0,0,0,0,0.447,0,0.178,0,0,0,0,0,0,0,0,0,0,0,0,0,0,0,0,0,0,0,0,0,0,0,0.276,0,0.338,0,0,0,0,0,0,0,0,0,0,0,0,0.215,0,0,0,0,0,0,0,0,0,0,0,0,0,0,0,0,0,0,0,0,0,0,0,0,0,0,0,0,0,0,0.331,0,0,0,0,0,0.175,0,0,0,0,0,0,0,0,0,0,0,0,0,0,0,0,0,0,0,0,0,0,0,0,0,0,0,0,0,0,0,0,0,0,0,0,0,0,0,0,0,0,0,0,0,0,0,0.269,0,0,0,0,0,0,0,0,0,0,0,0,0,0,0,0,0,0,0,0,0,0.155,0,0,0,0,0,0,0,0,0,0.246,0,0,0,0,0,0,0,0,0,0,0,0,0,0,0,0,0,0,0,0,0,0,0,0,0,0,0,0,0,0,0,0,0,0,0,0,0,0,0,0,0,0,0,0,0,0,0,0,0,0,0,0,0,0,0,0,0,0,0,0,0,0.394,0,0,0,0,0.232,0,0,0,0,0,0,0,0,0,0.224,0,0,0,0,0,0,0.165,0,0,0,0,0,0,0,0,0,0,0.178,0,0,0,0,0,0,0,0,0,0.219,0,0,0,0,0,0,0,0,0,0,0,0,0,0,0,0,0,0,0,0,0,0,0,0,0,0,0,0,0,0,0,0,0,0,0,0,0,0,0,0,0,0,0,0,0,0,0,0,0,0,0,0,0,0,0,0,0,0.155,0,0,0,0,0,0,0,0,0,0,0,0,0,0,0,0,0,0,0,0,0,0,0,0,0,0,0,0,0,0,0,0,0,0,0,0,0,0,0,0,0,0,0,0,0,0,0,0,0,0,0,0,0,0,0,0,0,0,0,0.152,0,0,0,0,0,0,0,0,0,0,0,0,0,0,0,0,0,0,0,0,0,0,0,0,0,0,0,0.243,0,0,0,0,0,0,0,0,0,0,0,0,0,0.159,0,0,0,0,0,0,0,0,0,0,0,0,0,0,0.257,0,0,0,0,0,0.173,0,0,0,0,0,0,0,0,0,0,0,0,0,0,0,0.179,0,0,0,0.224,0,0,0,0,0,0,0,0,0,0,0,0,0,0,0,0,0,0,0,0,0,0,0,0,0,0,0.152,0,0,0,0,0,0,0,0,0,0,0,0,0,0,0,0,0,0,0,0,0,0,0,0,0,0,0,0.151,0.403,0,0,0,0,0,0,0,0,0,0,0,0,0,0,0,0,0,0,0.157,0,0,0,0,0,0,0,0,0,0,0,0,0,0,0,0,0,0,0,0.163,0,0,0,0,0,0,0,0,0.235,0,0,0,0,0.177,0,0,0,0,0,0,0,0,0,0,0,0,0,0,0,0,0,0,0,0,0.285,0.317,0,0,0,0,0,0,0,0,0.176,0,0,0,0,0,0,0,0,0,0,0,0.196,0,0,0,0,0.282,0,0,0,0,0,0,0,0,0.194,0,0,0,0,0,0.15,0,0,0,0.271,0.964,0,0,0,0,0,0,0,0,0,0.261,0.484,0,0,0,0.245,0,0,0,0,0,0,0,0,0,0,0,0,0,0,0,0,0,0.165,0,0,0,0,0,0,0,0,0,0,0,0.173,0,0.2,0,0,0,0,0,0,0,0,0,0,0,0,0,0,0.179,0,0,0,0.307,0,0,0.205,0,0,0,0,0,0,0,0,0,0,0,0.224,0,0,0,0,0,0,0,0,0,0.176,0,0,0,0,0,0,0,0,0,0,0,0,0,0,0.179,0,0,0,0,0,0,0,0,0,0,0,0,0,0,0,0,0,0,0,0,0.156,0,0,0,0,0,0,0,0,0,0,0,0,0,0,0,0,0,0,0,0,0,0,0,0,0,0,0,0,0,0,0,0,0,0,0,0,0,0,0,0,0,0,0.368,0,0,0,0,0,0,0,0,0,0,0,0,0,0,0,0,0,0.188,0,0,0,0,0,0,0,0,0,0,0,0,0,0,0,0,0,0,0,0,0,0,0,0,0,0,0,0,0.15,0.181,0,0,0,0,0,0,0,0,0,0,0,0,0,0,0,0,0,0,0,0,0,0,0,0,0,0,0,0,0,0,0,0,0,0,0,0,0,0,0,0,0,0,0,0,0,0,0,0,0,0,0,0.276,0.339,0,0,0,0,0,0,0,0,0,0,0,0,0,0,0,0,0,0,0,0,0,0,0,0,0,0,0,0,0,0,0,0,0,0,0,0,0,0,0.175,0,0,0,0,0,0,0,0,0,0,0,0,0,0.238,0,0,0,0,0,0,0,0,0,0,0,0,0,0,0,0.156,0,0,0,0,0,0,0,0,0.182,0,0,0,0,0,0,0,0,0,0,0,0,0.194,0,0,0,0,0,0.152,0,0,0,0,0,0,0,0,0,0,0,0,0,0,0,0,0,0,0.175,0,0,0,0,0,0.158,0,0,0,0,0,0,0,0,0,0,0,0,0,0,0,0,0,0,0,0,0,0,0,0,0,0,0,0,0,0,0,0,0,0,0,0,0,0,0,0,0,0.408,0,0,0,0,0,0.32,0,0,0,0,0,0,0,0,0,0,0,0,0,0,0,0,0.321,0,0.328,0.328,0,0,0,0,0.403,0,0,0,0,0,0,0,0,0,0,0,0,0.152,0,0,0,0,0,0,0,0,0,0,0,0,0,0,0,0,0,0,0,0,0,0,0,0,0,0,0,0,0,0,0,0,0,0,0,0,0,0,0,0.248,0,0,0,0,0,0,0,0,0,0,0,0,0,0,0,0,0,0,0,0,0,0,0,0,0,0,0,0,0,0,0,0,0,0,0,0,0,0,0,0,0,0,0,0,0,0,0.194,0,0,0,0,0,0.162,0,0,0,0,0,0,0,0,0,0,0,0,0,0,0,0,0,0,0,0,0,0.151,0,0,0,0,0,0,0,0,0.173,0,0.161,0,0,0,0,0,0,0,0,0.226,0,0.307,0,0,0.3,0,0,0,0,0,0,0,0,0,0,0,0,0,0,0,0,0.279,0,0,0,0,0,0,0,0,0,0,0,0,0,0,0,0,0,0,0,0,0,0,0,0,0,0,0,0,0,0,0,0,0,0,0,0,0,0,0,0,0,0,0,0,0,0,0,0,0.296,0,0,0,0,0,0,0,0,0,0,0,0,0,0,0,0,0,0,0,0,0,0,0,0,0,0,0,0,0,0,0,0,0,0,0,0,0,0,0,0,0,0,0,0,0,0,0,0,0,0,0,0,0,0,0,0,0,0,0,0,0,0,0,0,0,0,0.194,0,0,0,0,0,0,0,0,0,0,0,0,0,0,0,0,0,0,0,0,0,0.157,0,0,0,0,0,0,0,0,0,0,0,0,0,0,0.163,0,0,0,0,0,0,0,0,0,0,0,0,0,0.273,0,0,0,0,0,0,0,0,0,0,0,0,0,0,0,0,0,0,0,0,0,0,0,0,0,0,0,0,0,0,0,0,0,0,0,0,0,0,0,0,0,0,0,0,0,0,0,0,0,0,0,0,0,0,0,0,0,0,0,0,0,0,0,0,0,0,0,0,0,0,0,0,0,0,0,0,0.157,0,0,0.157,0,0,0,0,0,0,0,0,0,0,0,0,0,0,0,0,0,0,0,0,0,0,0,0,0,0,0,0,0,0,0,0,0,0,0,0,0,0,0,0,0,0,0,0,0,0,0,0,0,0,0.157,0,0,0,0,0,0,0,0,0,0,0,0,0,0,0,0,0,0,0,0,0,0,0,0,0,0,0,0,0,0.708,0,0,0,0,0,0,0,0,0.219,0,0,0,0,0,0,0,0,0,0,0,0,0,0,0,0,0,0,0,0,0,0,0,0,0.319,0,0,0,0.307,0,0,0,0,0,0,0,0,0,0.229,0,0,0,0,0,0.177,0,0.153,0,0,0,0,0,0.247,0,0,0,0.252,0,0,0,0,0,0,0,0,0,0,0,0,0,0,0,0,0,0,0,0,0.254,0,0,0,0,0,0,0,0,0.15,0,0,0,0,0,0,0,0,0,0,0,0,0,0,0.24,0,0,0,0,0,0,0,0,0,0,0,0,0,0,0,0,0,0,0,0,0,0,0,0.154,0.168,0,0.239,0.261,0,0.154,0,0,0.239,0,0.273,0,0,0,0,0,0,0,0.156,0,0,0,0,0.205,0.154,0.271,0.172,0,0,0,0.173,0.257,0,0,0,0,0,0,0,0.186,0,0,0.273,0,0,0,0,0,0,0,0,0,0,0,0,0,0,0,0,0,0,0,0,0,0,0,0,0.179,0,0,0,0,0,0.169,0,0,0,0.173,0,0.186,0,0,0,0,0,0,0,0,0,0,0,0,0,0,0,0,0.94,0,0,0,0,0,0,0,0,0,0,0,0,0,0,0,0,0,0,0,0,0,0,0,0,0,0,0,0,0,0,0,0,0,0,0,0,0,0,0,0,0,0.188,0,0,0,0.159,0,0.153,0,0,0,0,0.188,0,0,0,0,0,0,0,0,0,0.26,0,0,0,0,0,0,0,0,0,0,0,0,0,0,0,0,0,0,0,0,0,0,0,0,0,0,0,0,0,0,0,0,0,0,0,0.195,0,0,0,0,0,0,0,0,0,0,0,0,0,0,0,0,0,0,0,0,0,0,0.248,0,0,0,0,0,0,0,0,0,0,0,0,0,0,0,0,0,0,0,0,0.261,0,0,0,0,0,0.231,0,0,0,0,0,0,0,0.261,0,0,0,0,0,0,0,0,0,0,0,0.199,0,0,0,0,0,0,0,0,0,0,0,0,0,0,0,0,0,0,0,0,0,0,0,0,0,0,0,0,0,0.255,0,0,0.239,0,0,0.277,0,0,0,0,0,0,0,0,0,0,0,0,0,0,0,0,0,0,0,0,0,0,0.329,0,0,0,0,0,0,0.349,0,0,0,0,0,0,0,0,0,0,0.329,0,0,0,0,0,0.218,0,0,0,0,0.277,0,0,0,0.155,0,0,0,0,0,0,0,0,0,0,0,0,0,0,0.22,0,0,0,0.341,0.277,0,0,0,0,0,0,0,0,0,0,0.198,0,0,0,0,0,0,0,0,0,0,0,0,0,0,0,0,0,0,0,0,0.251,0,0,0,0,0,0,0,0,0,0,0,0,0,0,0,0,0,0,0,0,0,0,0,0,0,0,0,0,0,0,0,0,0,0,0,0,0,0,0,0,0,0,0,0,0,0,0,0,0,0,0,0,0,0,0,0,0,0,0,0,0,0,0,0,0,0,0,0,0,0,0,0,0,0,0,0,0,0,0,0,0,0,0,0.262,0,0,0,0,0,0,0,0.315,0,0,0,0,0.295,0.36,0,0,0,0,0,0,0,0,0,0,0,0.153,0,0,0,0,0,0,0,0,0.275,0,0,0,0,0,0,0.183,0,0,0,0,0,0,0,0.186,0,0,0,0,0,0,0,0,0.156,0,0.16,0,0,0,0,0,0,0,0,0,0,0,0,0,0,0,0,0,0,0,0,0,0,0,0,0,0,0,0,0,0,0,0,0,0,0,0.26,0,0,0,0,0,0,0,0,0,0,0,0,0,0,0,0,0,0,0.156,0,0,0,0,0.25,0,0,0,0,0,0,0,0,0,0.154,0,0,0,0.2,0,0,0,0.318,0.156,0.368,0,0,0.279,0,0.161,0,0.313,0,0,0,0,0,0,0,0,0,0,0,0,0,0,0,0,0,0,0,0,0,0,0,0,0,0,0,0,0,0,0,0,0,0,0,0,0.15,0,0,0,0,0,0,0,0,0,0,0,0,0,0,0,0,0,0,0,0,0,0,0,0.229,0,0,0,0,0,0,0,0,0,0,0,0,0,0,0,0,0,0,0,0,0,0,0,0,0,0.3,0,0,0,0,0,0,0,0,0,0,0,0,0,0,0,0,0,0,0,0,0,0,0,0,0,0,0,0,0,0,0,0,0,0,0,0,0,0,0,0,0.2,0,0,0,0,0,0,0,0,0,0,0,0.16,0,0,0,0,0.154,0.311,0,0,0,0,0,0,0,0,0,0,0,0,0,0,0,0,0,0,0,0,0,0,0,0,0,0,0,0,0,0,0,0,0,0,0,0,0,0,0,0,0,0,0,0,0,0,0,0,0,0,0,0,0,0,0,0,0,0,0,0,0,0,0,0,0,0,0,0,0,0,0,0,0,0,0,0,0,0,0,0,0,0,0,0,0,0,0,0,0,0,0,0,0,0,0,0,0,0,0,0,0,0,0,0,0,0,0,0,0,0,0,0,0,0,0,0,0,0,0,0,0,0,0,0,0,0,0,0,0,0,0,0,0,0,0,0,0,0,0,0,0.15,0,0,0,0,0,0,0.277,0,0,0,0,0,0,0,0,0,0,0,0,0.166,0,0,0,0,0,0,0,0,0,0,0,0,0,0,0,0,0,0,0,0,0,0,0,0,0,0,0,0,0,0,0,0,0,0,0,0,0,0.253,0,0,0,0,0,0.183,0,0,0,0.263,0.311,0.61,0.689,0,0,0,0,0,0,0,0,0,0,0,0,0,0,0,0,0,0,0,0,0,0,0,0,0,0,0,0,0,0,0,0,0,0,0,0,0,0,0,0,0,0,0,0,0,0,0,0,0,0,0,0,0,0,0,0,0,0,0,0,0,0,0,0,0.282,0,0.169,0,0,0.467,0,0,0,0,0,0,0,0.294,0,0,0,0,0,0,0,0,0,0,0,0,0,0,0,0,0,0,0,0,0.312,0,0,0,0,0,0,0,0,0,0,0,0,0,0,0,0,0,0,0,0,0,0,0,0,0,0,0,0,0,0,0,0,0,0,0,0,0,0,0,0,0,0,0,0,0,0,0,0,0,0,0,0,0,0,0,0,0,0,0,0,0,0,0,0,0,0,0,0,0,0,0,0,0,0,0,0,0,0,0,0,0,0,0,0,0,0,0,0,0,0,0,0,0,0.27,0,0,0,0,0,0,0.447,0.456,0,0,0,0,0,0,0,0,0,0,0,0,0,0,0,0,0,0,0,0,0,0,0
850580,0,0.181,0,0,0,0,0,0,0,0,0,0,0,0,0,0,0,0,0,0,0,0,0,0,0,0,0,0,0,0,0.288,0,0,0,0,0,0,0,0,0,0,0.169,0,0,0,0.163,0,0.152,0.188,0,0,0,0,0,0,0,0,0,0,0.22,0.195,0,0,0,0.17,0.159,0,0,0,0.273,0.555,0,0,0,0,0,0,0.591,0,0,0,0,0.316,0,0,0.197,0,0,0,0,0,0,0,0,0,0,0,0.288,0,0,0,0.749,0.168,0,0,0,0.151,0,0,0,0,0,0,0,0.476,0,0,0,0,0,0,0,0,0,0,0.489,0,0,0,0,0,0,0,0,0,0,0,0,0,0,0,0,0,0,0,0,0,0,0,0.845,0,0,0,0,0,0.156,0,0,0,0,0.177,0,0.286,0.216,0,0,0,0,0,0,0.15,0,0,0.288,0,0,0,0,0,0,0,0,0,0,0,0,0,0,0.208,0,0,0,0,0,0,0,0,0,0,0,0,0,0,0,0,0,0,0,0,0,0,0,0,0,0,0,0,0,0,0,0,0,0,0,0,0,0,0,0,0,0,0,0,0,0,0,0,0,0,0,0,0,0,0,0,0,0,0,0,0,0,0,0,0,0,0,0.305,0,0,0,0,0,0,0,0,0.167,0,0,0,0,0,0,0,0,0,0,0,0.221,0,0,0,0,0,0,0,0.15,0,0,0,0,0,0,0,0,0,0.26,0,0,0,0,0,0,0,0.151,0,0,0,0,0,0,0,0,0,0,0,0,0,0,0,0,0,0,0,0,0,0,0,0,0,0,0,0,0,0,0,0,0,0,0,0,0,0,0.171,0,0,0,0,0,0,0.315,0,0.191,0,0,0,0,0,0,0,0,0,0,0,0,0,0,0,0.221,0,0,0,0,0,0,0,0.195,0,0,0,0,0,0,0,0,0,0,0,0,0,0,0,0,0,0,0,0,0,0,0,0,0,0,0,0,0,0,0,0,0,0,0,0,0,0,0,0,0,0,0,0,0,0,0,0,0,0,0,0,0,0,0,0,0,0,0,0,0,0,0,0,0,0,0,0,0,0,0,0,0,0,0,0,0,0,0,0,0,0,0,0,0,0,0,0,0,0,0,0,0,0,0,0,0,0,0,0,0,0,0,0,0,0,0,0,0,0,0,0,0,0,0,0,0,0,0,0,0,0.155,0,0,0,0,0,0,0,0,0,0,0,0,0,0,0,0,0,0,0,0,0,0,0.312,0,0,0,0,0,0,0,0,0,0,0,0,0,0,0,0,0,0,0,0,0,0,0,0,0,0,0,0,0,0,0,0,0,0,0,0,0,0,0,0,0,0,0,0,0,0,0,0,0,0,0,0,0,0,0,0.15,0,0,0,0,0,0,0,0,0,0,0,0,0,0,0,0,0,0,0,0,0,0,0,0,0,0.166,0,0,0,0,0,0,0,0,0,0,0,0,0,0,0,0,0,0,0,0,0,0,0,0,0,0,0,0,0,0,0,0,0,0.169,0,0,0,0,0,0,0,0,0,0,0,0,0,0,0,0,0,0,0,0,0,0,0,0,0,0,0,0,0,0,0,0,0,0,0,0,0,0,0,0,0,0,0,0,0,0,0,0,0,0,0,0,0,0,0,0,0,0,0,0,0,0,0,0,0,0,0,0,0,0.15,0,0,0,0,0,0,0,0,0,0,0,0,0,0,0,0,0,0,0,0,0,0,0,0,0,0,0,0,0,0,0,0,0,0,0,0,0,0,0,0,0,0,0,0,0,0,0,0,0,0,0,0.307,0,0,0,0,0,0,0,0,0,0.194,0,0,0,0,0,0,0,0,0,0,0,0,0,0,0,0,0,0,0,0,0,0,0,0,0,0,0,0,0,0,0,0,0,0,0,0,0,0,0,0,0,0,0,0,0,0,0,0,0,0.15,0.221,0,0,0,0,0,0,0,0,0,0,0,0,0,0,0,0,0,0,0,0,0,0,0,0,0,0,0,0,0,0,0,0.343,0,0,0,0,0,0,0,0,0,0,0,0,0,0,0,0,0,0,0,0,0,0,0,0,0,0,0,0,0,0,0,0,0,0,0,0,0,0,0,0,0,0,0,0,0,0,0,0,0,0,0,0,0,0,0,0,0,0,0,0,0,0,0,0,0,0,0,0,0,0,0,0,0,0,0,0,0,0,0,0,0,0,0,0,0,0,0,0,0,0,0,0,0,0,0,0,0,0,0,0,0,0,0,0,0,0,0,0,0,0,0,0,0,0,0,0,0,0,0,0,0,0,0,0,0,0,0,0,0.244,0,0,0,0,0,0,0,0,0,0,0,0,0,0,0,0,0,0,0,0,0,0,0,0,0,0,0,0,0,0,0,0,0,0,0,0,0,0,0,0,0,0,0,0,0.297,0,0,0,0,0,0,0,0,0,0,0,0,0,0,0,0,0,0,0,0,0,0,0,0,0,0,0,0,0,0,0,0.197,0,0,0,0,0,0,0,0,0,0,0,0,0,0,0,0,0,0,0,0,0,0,0,0,0,0,0,0,0,0,0,0,0,0,0,0,0,0,0,0,0,0,0,0,0,0,0,0,0,0,0,0,0,0,0,0,0,0,0,0,0,0,0,0,0,0,0,0,0,0,0,0.451,0.183,0,0.666,0,0,0,0,0.219,0,0,0,0.184,0,0,0,0,0,0,0,0,0,0,0,0,0.169,0,0,0,0,0.162,0,0.862,0,0,0,0,0,0,0,0,0,0,0,0,0,0,0,0,0,0,0,0,0,0,0,0,0,0,0,0,0,0,0,0,0,0.252,0,0,0,0,0,0.199,0,0,0,0,0,0,0,0,0.3,0,0,0,0,0,0,0,0,0,0,0,0,0,0,0,0,0,0,0,0,0,0,0,0,0,0,0,0,0,0,0,0,0,0,0,0,0,0,0,0,0,0,0,0,0,0,0,0,0,0,0,0,0,0,0,0,0,0,0,0,0,0,0,0,0,0,0,0,0,0,0,0,0,0,0,0,0,0,0,0,0,0,0,0,0,0,0,0,0,0,0,0,0,0,0,0,0,0,0,0,0,0,0,0,0,0,0,0,0,0,0,0,0,0,0,0,0,0,0,0,0,0,0,0,0,0,0,0,0,0,0,0,0,0,0,0,0,0,0,0,0,0,0,0,0,0,0,0,0,0,0,0,0,0,0,0,0,0,0,0,0,0,0,0,0,0,0,0,0.625,0,0,0,0,0,0,0,0,0,0,0,0,0,0,0,0,0,0,0,0,0,0,0,0,0,0,0,0,0,0,0,0,0.198,0,0,0,0,0,0,0,0,0,0,0,0,0,0,0,0,0,0,0,0,0,0,0,0,0,0,0,0,0,0,0,0,0,0,0,0,0,0,0,0,0,0,0,0,0,0.481,0,0,0,0,0.197,0,0,0,0,0,0,0,0,0,0,0,0,0,0,0,0,0,0,0,0,0,0,0.197,0,0,0,0,0,0,0,0,0,0,0,0,0,0,0,0,0,0,0,0,0,0.201,0,0,0,0,0,0,0,0,0,0,0.286,0,0,0,0,0.155,0,0,0,0,0,0,0,0,0,0,0,0,0,0,0,0,0,0,0,0,0,0,0,0,0,0,0,0,0,0,0,0,0,0,0,0,0,0,0,0,0,0,0,0,0,0,0,0,0,0.173,0,0,0,0,0,0,0,0,0,0,0,0,0,0,0,0,0,0,0.45,0,0,0,0,0,0,0,0,0,0,0,0,0,0,0,0,0,0,0,0,0,0,0,0,0,0,0,0,0,0,0,0,0,0,0,0,0,0,0,0,0,0,0,0,0,0,0,0,0,0,0,0,0,0,0,0,0,0,0,0,0,0.626,0,0,0,0,0.655,0,0,0,0,0,0,0,0,0,0,0,0,0,0,0,0,0,0,0,0,0,0,0,0,0,0.255,0,0,0,0,0,0,0,0,0,0,0,0,0,0,0,0,0,0,0,0,0,0,0,0,0,0,0,0,0,0,0,0,0,0,0,0,0,0,0,0,0,0,0,0,0,0,0,0,0,0.609,0,0,0,0,0,0,0,0,0,0,0,0,0,0,0,0,0,0.158,0,0,0,0,0,0,0,0,0,0,0,0,0,0,0,0,0,0,0,0,0,0,0,0,0,0,0,0,0,0,0,0,0,0,0,0,0,0,0,0,0,0,0,0,0,0,0.348,0,0,0,0,0,0,0,0,0,0,0,0,0,0,0,0,0,0,0,0,0,0,0,0,0,0,0,0,0,0,0,0,0,0,0,0,0,0,0,0,0,0,0,0,0,0,0,0,0,0,0,0,0,0,0,0,0,0,0,0,0,0,0,0,0,0,0,0,0,0,0,0,0,0,0,0,0,0,0,0,0,0,0,0,0,0,0,0,0,0,0,0,0,0,0,0,0,0,0,0,0,0,0,0,0,0,0.206,0,0,0,0,0,0,0,0,0,0,0,0,0,0,0,0,0,0.18,0,0,0,0,0,0,0,0,0,0,0,0,0,0,0,0,0,0,0,0,0,0,0,0,0,0.157,0,0.322,0,0,0,0,0,0,0,0,0,0,0,0,0,0,0,0,0,0,0,0,0,0,0,0,0,0,0,0,0,0,0,0,0,0,0,0,0,0,0,0,0,0,0.21,0,0,0,0,0,0,0,0,0,0,0,0,0,0,0,0,0,0,0,0,0,0,0,0,0,0,0,0,0,0.4,0,0.176,0,0,0,0,0,0,0,0,0,0,0,0,0,0,0,0,0,0,0,0,0,0,0,0,0,0,0,0,0,0,0,0,0,0,0,0,0,0,0,0,0,0,0,0,0,0,0,0,0,0,0,0,0,0,0,0,0,0,0,0,0,0,0,0,0,0,0,0,0,0,0,0,0,0,0,0,0,0,0,0,0,0,0,0,0,0,0,0,0.802,0,0,0,0,0,0,0,0,0,0,0,0,0,0,0,0,0,0,0,0,0,0,0,0,0,0,0,0,0,0,0,0,0,0,0,0,0,0,0,0,0,0,0,0,0,0,0,0,0,0,0,0,0,0,0,0,0,0,0,0,0,0,0,0,0,0,0,0,0,0,0.153,0,0,0,0,0,0,0,0,0,0,0,0,0,0,0,0,0,0,0,0,0,0,0,0,0,0,0,0,0,0,0,0,0,0,0,0,0,0,0.196,0,0,0,0,0,0,0,0,0,0,0,0,0,0,0,0,0,0,0,0,0,0,0,0,0,0,0.155,0.256,0,0,0,0,0.224,0.313,0,0,0,0,0,0,0,0,0,0,0,0,0,0,0,0,0,0,0,0,0,0,0,0.2,0,0.163,0,0,0,0,0,0,0,0,0,0,0,0,0,0,0,0,0,0,0,0,0,0,0,0,0,0,0,0,0,0,0,0.626,0,0,0,0,0,0,0,0,0,0,0,0,0,0.155,0,0,0,0,0,0,0,0,0,0.158,0,0,0,0,0,0,0,0.318,0,0,0,0,0,0,0,0,0,0,0,0,0,0,0,0,0.231,0,0,0,0,0,0,0,0,0,0,0,0,0,0,0,0,0,0,0.25,0,0,0,0,0,0,0,0,0,0,0,0,0,0,0,0,0,0,0,0,0.617,0,0,0.337,0,0,0,0,0,0.159,0,0,0,0,0,0.186,0,0.773,0,0,0.217,0.16,0,0.478,0,0,0,0,0,0.337,0,0,0,0,0,0.542,0,0,0,0.979,0.721,0,0,0,0,0.705,0.55,0,0.825,0.741,0,0.857,0,0,0.651,0,0,0,0,0,0,0.167,0,0,0.407,0.338,0,0,0,0,0.22,0,0,0.405,0,0,0,0,0,0,0,0,0,0,0,0,0,0,0,0,0,0,0,0,0,0,0,0,0,0,0,0,0,0,0,0,0,0.198,0,0,0.873,0,0.437,0.37,0,0,0,0,0,0.153,0,0.172,0,0,0,0.156,0,0,0,0,0,0,0,0,0.62,0,0,0,0.538,0,0.822,0,0,0,0.768,0,0,0,0,0.164,0.921,0,0.315,0.802,0,0,0,0,0,0,0,0,0,0,0,0.238,0,0,0,0,0,0,0,0,0,0,0,0,0,0,0,0,0.446,0,0.354,0,0,0,0,0,0,0,0,0,0,0,0,0,0,0,0,0,0,0,0,0,0,0,0,0,0,0,0,0,0,0,0,0,0,0,0,0,0,0.327,0,0,0,0,0,0,0,0.153,0,0,0,0,0,0,0,0,0,0,0,0,0,0,0,0,0,0,0,0,0,0,0,0,0,0,0,0,0,0,0,0,0,0,0,0,0,0,0,0,0,0,0,0,0,0,0,0,0,0,0,0,0,0,0,0,0,0,0,0,0,0,0,0,0,0,0,0,0,0,0,0,0,0,0,0,0,0,0,0,0,0,0,0,0,0,0,0,0,0,0,0,0,0,0,0,0,0,0,0,0,0,0,0,0,0,0,0,0,0,0,0,0,0,0,0,0,0,0,0,0,0,0,0,0,0,0,0,0,0,0,0,0,0,0,0,0,0,0,0,0,0,0,0,0,0,0,0,0,0,0,0,0,0,0,0,0,0,0,0,0,0,0,0,0,0,0,0,0,0,0,0,0,0,0,0,0,0,0,0,0,0,0,0,0,0,0,0,0,0,0.17,0,0,0,0,0,0,0,0,0,0,0,0,0,0,0,0,0,0,0,0,0,0,0,0,0,0,0,0,0.191,0,0,0,0,0,0,0,0,0,0,0,0,0,0,0,0,0,0,0,0,0,0,0,0,0,0,0,0,0,0,0,0,0,0,0.239,0,0,0,0,0,0,0,0,0,0,0,0,0,0,0,0,0,0,0,0,0,0,0,0,0,0,0,0,0,0,0,0,0,0,0,0,0.394,0,0,0,0,0,0,0,0,0,0,0,0,0,0,0,0,0,0,0,0,0,0,0,0,0,0,0,0,0,0,0,0,0,0,0,0,0,0,0,0,0.187,0,0,0,0,0,0,0,0,0,0.235,0,0,0,0,0,0,0,0,0,0,0,0,0,0,0,0,0,0,0,0,0,0,0,0,0,0,0,0,0,0,0,0,0,0,0,0,0,0,0,0,0,0,0,0,0,0,0,0,0,0,0,0,0,0,0,0.164,0,0,0,0,0,0,0,0,0,0,0,0,0,0,0,0,0,0,0,0,0,0,0,0,0,0,0,0,0,0,0,0,0,0.285,0,0,0,0,0,0,0,0,0,0,0,0,0,0,0,0,0,0,0,0,0,0,0,0,0,0,0,0,0,0,0,0,0,0,0,0,0,0,0,0,0.194,0,0,0,0,0,0,0,0,0,0,0,0,0,0,0,0,0,0,0,0,0,0,0,0,0,0,0,0,0,0,0,0,0,0,0,0,0,0,0,0,0,0,0,0.272,0,0,0,0,0,0.267,0,0,0.227,0,0,0,0,0,0,0,0.273,0,0,0,0,0,0,0,0,0,0,0,0,0,0.309,0,0,0,0,0,0,0,0,0,0,0,0,0,0,0,0,0,0,0,0,0,0,0,0,0,0,0,0,0,0,0,0,0,0,0,0,0,0,0,0,0,0,0,0,0,0,0,0,0,0.808,0,0,0,0,0,0,0,0,0,0,0,0,0,0,0,0,0,0,0,0,0,0,0,0,0,0,0,0,0,0,0,0,0,0,0,0,0,0,0,0,0,0,0,0,0,0,0,0,0,0,0,0,0,0,0,0,0,0,0,0,0,0,0,0,0,0,0,0,0,0,0,0,0,0,0,0,0,0,0,0,0,0,0,0,0,0,0,0,0,0,0,0,0,0,0,0,0,0,0,0,0,0,0,0,0,0,0,0,0,0,0,0.173,0,0,0,0,0,0,0,0,0,0,0,0,0,0,0,0,0,0,0,0,0,0,0,0,0,0.197,0,0,0,0,0,0,0,0,0.226,0,0,0,0,0,0,0,0,0,0,0,0,0,0,0,0,0,0,0,0,0.256,0,0,0,0,0,0,0,0,0,0,0,0,0,0,0,0,0,0,0,0,0,0,0,0,0,0,0,0,0,0,0,0,0,0,0,0,0,0,0,0,0,0,0,0,0,0,0,0,0,0,0,0,0,0.26,0,0,0.338,0,0,0,0,0,0,0,0,0,0,0.615,0,0,0,0,0,0,0,0,0,0,0,0,0,0,0,0,0,0,0,0,0,0,0,0,0,0.2,0,0,0,0,0,0,0,0,0,0,0,0,0,0,0,0,0,0,0,0,0,0,0,0,0,0,0,0,0,0,0,0,0,0,0,0,0,0,0,0,0,0,0,0,0,0,0,0,0,0,0,0,0,0,0,0,0,0,0,0,0,0,0,0,0,0.409,0,0,0,0,0,0,0,0,0,0,0,0,0,0,0,0,0,0,0,0,0,0,0,0,0,0,0.276,0,0,0,0,0,0,0,0.165,0,0,0,0,0,0,0,0,0,0,0,0,0,0,0,0,0,0,0,0,0,0,0,0,0,0,0,0,0,0,0,0,0,0,0,0,0,0,0,0,0,0,0,0,0,0,0,0,0,0,0,0,0,0,0,0,0,0,0,0,0,0,0,0,0,0,0.296,0,0,0,0,0,0,0,0,0,0,0,0,0,0,0,0,0,0,0,0,0,0,0,0,0,0,0,0,0,0.35,0,0,0,0,0,0,0,0,0,0,0,0,0,0,0,0,0,0,0,0,0,0,0,0,0,0,0,0,0,0,0,0,0,0,0,0,0,0,0,0,0,0,0,0,0,0,0,0,0,0,0,0,0,0,0,0,0,0,0,0,0,0,0,0,0,0,0,0,0.196,0,0,0,0,0,0,0,0,0,0,0,0,0.314,0,0,0,0,0,0,0,0,0,0,0,0,0,0,0,0,0,0,0,0.275,0.514,0,0,0,0,0.383,0,0,0,0,0.577,0,0,0,0,0,0.179,0,0,0,0,0,0,0,0,0,0,0,0,0,0,0,0,0.22,0,0,0.174,0,0,0,0,0,0,0,0,0,0,0,0,0,0,0,0,0,0,0,0,0,0,0,0,0,0,0,0,0,0,0,0,0,0,0,0,0,0,0,0,0,0,0,0,0,0,0,0,0,0,0,0,0.29,0,0,0,0,0,0,0,0,0,0,0,0,0,0,0,0,0,0,0,0,0,0,0,0,0,0,0,0,0,0,0,0,0,0,0,0,0,0,0,0,0,0,0,0,0,0,0,0,0,0,0,0,0.194,0,0,0,0,0,0,0,0,0,0,0,0,0,0,0,0,0,0,0,0,0.207,0,0,0,0,0,0,0,0,0,0.398,0,0,0,0,0,0,0,0,0,0,0,0,0,0,0,0,0,0,0,0,0,0,0,0,0,0,0,0,0,0,0,0,0,0,0,0,0,0,0,0,0,0,0,0,0,0,0,0,0,0,0.22,0,0,0,0,0,0,0,0.19,0,0,0,0,0,0,0,0,0,0,0,0,0,0,0,0,0,0,0,0,0,0,0,0,0,0,0,0,0,0,0,0,0,0,0,0,0,0,0,0,0,0,0.157,0,0.171,0,0,0,0,0,0,0,0,0.165,0,0,0,0,0,0,0,0,0,0,0,0,0,0,0,0,0,0,0,0,0,0,0,0,0,0,0,0,0,0,0,0,0,0,0,0,0,0,0,0,0,0,0,0,0.353,0,0,0,0,0,0,0.445,0,0,0,0,0,0,0,0,0,0,0,0,0,0,0,0,0,0.515,0,0,0,0,0,0,0,0,0,0,0,0,0,0,0,0,0,0,0,0,0.214,0,0,0,0,0,0,0,0,0,0,0,0,0,0,0,0,0,0,0.161,0,0.24,0,0.34,0,0,0,0,0,0,0.732,0,0,0,0,0,0,0,0,0,0,0,0,0.358,0,0,0.195,0,0,0,0,0,0,0,0,0,0,0,0.334,0,0,0,0,0,0,0,0,0,0,0,0,0,0,0,0,0,0,0,0,0,0.359,0,0,0,0,0,0,0,0,0,0,0,0,0,0,0
853059,0.171,0,0,0,0,0,0.242,0,0,0,0,0,0,0,0,0,0,0,0,0,0,0,0,0,0,0.382,0.32,0,0,0.83,0,0,0,0,0.234,0,0,0,0,0,0,0.219,0,0,0,0,0,0,0,0,0,0,0,0,0,0,0,0,0,0,0.177,0,0,0,0,0,0,0,0,0,0.417,0,0.154,0.282,0,0,0.17,0,0,0,0,0,0,0,0,0,0.194,0.297,0,0,0,0,0.316,0,0,0,0,0,0,0,0,0,0.215,0,0,0,0,0,0,0,0,0,0,0,0,0,0,0,0,0,0,0,0,0,0,0,0,0,0,0,0,0,0,0,0,0,0,0,0.373,0,0,0,0.245,0,0,0,0,0,0.154,0,0.584,0,0,0,0,0,0,0,0,0,0,0,0,0,0,0,0,0,0,0,0,0,0,0,0,0,0,0,0.83,0,0,0,0.494,0,0.195,0,0,0,0,0,0.157,0,0,0,0,0,0.307,0,0,0,0,0,0,0,0,0.339,0,0.207,0,0.396,0,0,0.238,0.176,0,0.187,0.182,0,0,0,0.363,0.92,0.197,0,0,0,0,0,0,0.296,0.952,0.208,0.171,0.294,0.378,0,0.301,0,0.156,0,0,0,0.608,0.266,0,0,0.186,0,0.173,0,0.397,0,0.489,0.58,0,0,0,0,0,0,0,0,0.206,0.184,0,0,0,0,0,0,0,0,0,0,0,0,0,0,0,0,0,0,0.279,0.175,0,0.265,0,0,0,0.168,0,0,0,0,0,0.329,0,0,0,0,0,0,0,0.151,0,0,0.35,0.203,0,0,0,0,0.278,0,0,0.199,0.156,0,0.194,0,0,0.546,0.203,0,0.194,0,0,0,0.309,0.459,0,0.382,0,0.168,0,0,0,0,0,0,0,0,0.225,0,0,0.333,0,0.234,0.242,0,0,0,0,0,0,0.241,0.339,0,0,0.174,0,0.749,0,0,0.387,0,0,0,0,0,0.283,0.187,0,0.248,0,0.434,0,0,0.344,0,0,0.387,0,0,0,0.16,0,0,0,0,0.474,0.225,0,0,0.211,0.196,0,0.451,0.176,0,0.286,0.181,0,0,0.294,0.179,0,0,0.692,0.334,0,0,0.241,0,0,0.492,0.412,0.151,0,0,0,0,0.166,0.331,0,0.178,0,0,0,0,0,0.183,0,0,0,0,0.245,0,0.336,0.23,0.15,0.242,0,0.279,0,0.446,0,0,0.332,0,0,0.162,0.21,0,0,0,0.302,0.169,0,0,0,0.434,0.448,0,0,0,0.304,0.279,0,0,0.173,0.174,0,0,0,0.428,0.15,0,0.326,0,0,0,0,0.984,0.222,0,0.212,0,0,0,0,0,0,0,0,0,0,0,0.179,0.254,0.21,0.165,0.184,0.193,0,0,0.209,0.194,0,0,0,0,0,0,0,0.354,0.219,0,0,0,0,0,0,0.215,0,0.196,0.162,0,0,0.588,0.165,0,0,0.383,0.221,0,0,0.194,0,0,0.278,0,0,0,0.65,0,0.868,0,0.356,0.255,0.45,0.211,0,0,0.191,0.244,0,0,0,0,0,0,0,0,0.157,0,0.25,0.952,0,0,0,0,0.244,0.446,0.442,0,0,0,0.275,0,0,0.221,0.153,0,0,0,0,0.159,0,0.9,0.226,0,0,0.28,0,0,0,0,0,0,0.159,0,0,0,0,0,0,0,0.272,0,0,0,0.172,0,0,0.622,0.31,0.389,0.37,0,0,0,0,0,0,0,0,0,0,0.208,0,0,0,0.208,0,0.171,0.482,0.582,0.589,0.643,0,0,0,0,0,0,0,0,0.263,0,0,0,0,0,0.271,0,0,0,0.242,0,0.432,0,0,0.175,0.514,0,0.262,0,0,0.248,0,0,0,0.245,0,0,0,0,0,0,0,0,0.267,0,0.446,0,0,0,0,0,0.531,0.218,0,0,0,0,0,0,0,0.262,0.428,0,0,0,0.155,0,0,0,0,0,0,0,0,0,0,0,0.303,0,0,0.201,0.394,0.227,0.175,0.409,0,0.202,0,0.389,0,0,0.383,0.212,0,0,0,0,0.169,0,0,0,0,0,0,0,0.16,0.194,0,0.264,0,0.15,0,0,0.259,0,0,0,0,0.244,0,0,0,0,0,0,0,0,0.966,0,0,0,0,0,0.923,0,0,0,0.503,0,0,0,0.286,0,0,0,0,0,0,0.238,0,0,0.253,0,0,0,0,0.258,0.452,0,0,0,0,0.159,0.25,0.232,0.656,0,0,0.959,0,0,0,0,0.449,0,0,0,0.361,0,0.162,0,0,0,0,0,0,0,0.309,0,0,0,0,0,0,0,0.195,0,0.29,0,0,0.244,0,0.332,0,0,0,0,0.346,0.195,0,0,0.232,0,0,0.192,0,0,0,0.322,0.595,0.993,0,0,0.376,0,0,0.311,0,0,0,0,0,0.343,0.238,0,0.384,0,0,0,0.39,0.664,0.24,0.204,0,0,0,0.306,0,0,0,0,0,0,0.718,0,0.201,0,0.797,0,0.461,0.348,0,0,0,0.393,0,0,0,0,0,0,0.223,0.212,0,0,0,0,0,0,0,0.32,0.169,0,0,0.26,0,0,0,0,0,0,0,0,0,0.271,0,0,0,0,0,0,0,0,0,0.211,0.3,0.326,0,0,0.24,0,0,0,0,0,0,0,0,0,0.166,0.583,0,0,0,0.227,0,0,0,0,0,0,0,0,0.203,0.224,0,0,0,0,0,0,0,0,0,0,0,0,0,0,0.462,0,0,0,0,0,0,0,0,0,0.314,0,0,0,0,0,0.161,0,0,0.185,0,0,0,0.462,0,0.462,0,0,0.946,0.313,0,0,0,0,0,0,0,0,0,0,0,0,0,0,0,0,0,0.17,0,0,0,0,0,0.191,0,0.636,0,0,0,0,0,0.208,0,0,0,0,0,0,0.317,0,0,0,0.493,0,0,0,0,0,0,0,0,0.191,0,0,0,0,0,0,0,0.411,0,0,0,0,0,0,0.151,0,0,0,0,0.317,0,0,0,0,0,0.297,0,0,0,0.195,0,0,0,0,0,0,0.452,0,0,0,0,0,0,0,0,0,0,0.358,0,0,0,0.162,0,0,0,0,0,0,0,0,0,0,0,0,0,0,0,0,0,0,0,0,0,0,0,0,0,0,0,0,0,0,0,0,0,0,0,0.166,0,0,0,0,0,0,0,0,0.27,0,0,0,0,0,0,0,0,0,0.219,0,0,0,0,0,0,0,0,0,0.636,0,0,0,0,0,0,0.158,0.233,0,0,0,0,0,0.185,0,0,0,0,0,0,0,0,0,0,0,0,0,0,0,0,0,0.26,0,0,0.185,0,0,0,0,0,0,0,0,0,0,0,0,0,0,0.606,0,0,0,0.62,0,0,0,0,0,0,0,0,0,0,0,0,0.442,0,0,0,0,0,0,0,0,0,0,0,0,0,0,0,0,0,0,0.175,0,0,0,0,0,0,0,0.182,0,0,0.188,0,0,0,0,0,0,0,0,0,0,0,0,0,0,0,0,0.607,0,0,0,0,0,0.293,0,0,0,0,0,0,0,0,0,0,0,0,0,0,0.237,0,0,0,0,0,0.165,0,0,0,0,0,0,0.185,0,0,0,0,0,0,0,0,0,0,0,0,0,0,0,0.184,0,0,0,0,0,0,0,0,0,0,0,0,0,0,0,0,0,0,0,0,0,0,0,0,0,0,0,0,0,0.302,0,0.986,0,0,0,0.156,0,0,0,0,0,0,0,0,0,0,0,0,0,0,0,0,0,0,0,0,0,0,0,0.748,0,0.307,0,0,0,0,0,0,0,0,0,0,0,0,0,0,0,0,0,0,0,0,0,0,0,0,0,0,0,0,0,0,0,0.163,0,0,0,0,0,0,0.287,0,0,0,0,0,0,0,0,0,0,0,0.264,0,0,0.293,0,0.238,0.478,0,0,0,0,0,0,0,0,0,0,0,0,0,0,0,0,0,0,0,0,0,0,0,0,0,0,0,0,0,0,0,0.305,0,0,0,0,0,0,0,0,0,0,0,0,0.152,0,0,0,0,0,0,0,0,0,0,0.185,0,0,0,0,0,0,0,0.175,0,0.435,0.428,0,0,0,0,0,0,0,0,0.275,0,0,0,0.198,0,0,0.324,0,0,0,0,0,0,0,0,0,0,0.161,0,0,0,0,0,0,0,0,0,0,0,0,0,0,0,0,0,0,0,0,0,0,0,0,0,0.257,0,0,0,0,0,0,0,0,0,0,0,0,0,0,0,0,0,0,0,0,0,0,0,0,0,0,0,0,0,0,0,0,0,0,0,0,0,0,0,0.188,0,0,0.257,0,0,0,0,0,0,0,0,0,0,0,0,0,0,0,0,0,0,0,0,0,0,0,0,0,0,0,0,0.157,0,0,0,0,0,0,0,0.153,0,0,0,0,0,0,0,0,0,0,0,0,0,0,0,0,0,0,0.153,0,0,0,0.692,0,0,0,0,0,0,0,0,0,0,0,0,0,0,0.272,0,0,0.157,0,0,0,0,0,0,0,0,0,0,0,0,0,0,0.157,0,0,0,0,0,0,0,0,0,0,0,0,0,0,0,0,0,0,0,0,0,0,0,0,0,0,0,0,0.548,0,0,0.212,0,0,0,0.236,0,0.194,0.209,0,0,0,0,0.207,0,0,0,0,0.248,0,0,0,0,0.272,0,0,0,0.171,0,0,0,0,0,0,0,0,0,0,0,0,0,0,0,0,0,0,0,0,0,0,0,0.206,0,0,0.903,0,0,0,0,0,0,0,0.226,0,0,0,0,0,0,0,0,0,0,0,0,0,0,0,0.198,0,0,0,0,0,0,0,0,0,0,0,0,0,0,0.326,0,0,0,0,0,0,0,0,0,0,0,0,0,0,0,0,0,0,0.159,0.162,0.682,0,0,0.318,0,0,0,0.228,0.311,0,0,0.335,0.31,0.215,0,0,0,0.394,0.254,0,0,0,0.166,0,0,0,0,0.323,0,0,0,0,0,0,0.24,0,0,0,0,0,0,0,0.177,0.219,0.176,0,0.943,0.31,0,0,0.254,0,0,0,0.307,0,0,0.327,0,0,0,0.305,0,0,0,0,0,0,0,0.21,0,0,0,0,0,0.369,0,0,0,0,0,0,0,0,0,0.371,0,0,0,0,0,0,0,0.381,0,0.318,0,0,0.351,0.427,0.189,0.268,0,0,0.174,0,0,0,0.342,0,0.445,0,0,0,0,0,0,0.153,0,0,0,0,0,0,0,0,0,0,0.734,0,0,0,0,0,0,0.304,0,0.172,0,0.791,0.202,0.154,0,0.195,0.154,0.153,0,0.214,0,0.156,0.287,0.189,0.708,0,0,0,0,0,0,0,0,0.189,0.396,0,0.165,0,0,0,0,0,0.334,0,0,0,0,0,0.192,0,0,0.219,0,0,0,0,0,0.169,0,0.217,0,0,0.592,0,0,0,0,0,0,0,0,0.239,0.426,0,0,0.192,0,0,0,0,0,0,0,0,0,0,0,0,0,0.609,0,0,0,0,0,0,0,0,0,0,0,0,0,0,0,0,0,0,0,0,0,0,0,0,0,0,0,0,0,0,0,0.617,0,0,0,0,0,0,0,0.151,0.256,0,0,0,0,0,0,0,0,0,0,0,0.992,0.192,0,0,0,0,0,0,0,0,0.2,0,0,0,0,0,0.529,0,0,0,0.173,0,0.999,0,0,0,0,0,0,0.175,0,0,0,0,0,0,0,0,0,0,0,0,0,0,0,0,0,0,0,0,0,0,0,0,0.155,0,0,0,0,0.712,0,0,0,0,0.198,0,0,0,0.152,0,0,0.179,0,0,0,0,0,0,0,0,0,0,0,0,0,0,0.245,0,0,0,0,0,0,0,0.173,0,0,0.185,0.215,0,0,0,0.215,0,0,0.203,0,0.182,0.265,0,0,0,0,0,0,0,0,0,0,0.186,0.161,0,0,0,0,0,0.212,0.49,0,0,0.167,0,0.183,0,0.195,0.35,0,0,0,0,0,0,0,0,0.161,0.982,0,0.173,0,0.247,0.194,0,0,0.249,0.254,0.551,0.952,0.988,0,0,0.173,0,0,0,0,0.155,0.154,0.168,0.151,0,0.173,0,0,0.205,0,0,0,0,0.173,0,0,0,0,0,0,0,0,0.173,0,0,0,0,0.183,0,0,0,0,0,0.169,0,0,0,0,0.155,0.157,0,0.186,0,0,0,0,0,0,0.173,0,0,0,0,0,0,0,0,0,0,0,0,0,0,0,0,0,0,0,0,0,0,0.186,0,0,0,0,0,0,0,0,0,0,0,0,0,0,0.731,0.199,0.186,0,0,0,0,0,0,0,0,0,0,0,0.19,0,0,0,0,0,0,0,0.218,0,0,0,0,0,0,0,0,0,0,0,0,0,0,0.229,0,0,0,0,0,0.224,0,0,0,0,0,0,0,0,0,0,0,0,0,0,0,0,0,0,0,0,0,0,0,0,0,0,0,0,0,0,0,0,0,0.184,0,0,0,0.307,0,0,0,0,0,0.224,0,0,0,0.177,0,0,0,0,0,0,0,0,0,0,0,0,0,0,0,0,0,0,0,0.226,0,0,0,0,0,0,0,0,0,0,0,0,0,0,0,0,0,0,0,0.21,0.199,0,0,0,0.318,0,0,0,0,0,0,0,0,0,0,0,0,0,0,0,0,0,0,0,0,0,0,0,0,0,0,0,0,0.281,0,0,0,0,0,0,0,0,0,0,0,0,0,0,0,0,0,0,0,0,0,0,0,0,0,0,0,0,0,0,0,0,0,0,0,0,0,0,0,0,0,0,0,0,0,0,0,0,0,0,0,0,0,0,0,0,0,0,0,0,0.314,0,0,0,0,0,0,0,0,0,0,0,0,0,0,0,0,0,0,0,0,0,0,0,0,0,0,0,0,0,0,0,0,0,0,0,0,0,0,0,0,0,0,0,0,0,0,0,0.216,0,0,0,0,0,0,0,0,0,0,0,0,0,0,0,0.153,0,0,0,0,0,0,0,0,0,0,0.61,0,0,0,0,0,0,0,0,0.189,0,0,0,0,0,0,0,0,0,0,0,0,0,0,0.191,0.157,0,0,0,0.254,0,0,0,0,0,0,0,0,0,0,0,0,0,0,0.175,0,0,0,0,0,0,0.164,0.156,0.246,0,0.282,0,0,0.18,0,0,0,0.417,0,0,0,0,0,0.274,0,0,0,0,0,0,0,0,0,0.187,0,0,0.604,0,0,0.157,0,0,0,0,0.298,0.196,0.151,0,0,0,0,0,0,0,0,0,0,0,0,0,0,0.163,0,0,0,0,0,0,0,0,0,0,0,0,0,0,0,0,0,0,0,0,0,0,0,0,0,0,0.329,0,0,0,0,0,0,0,0,0,0,0,0,0,0.192,0.164,0,0,0,0,0.193,0,0,0,0,0,0,0,0,0,0.394,0,0,0,0,0.172,0,0,0,0,0,0,0,0.189,0,0,0,0.228,0,0,0,0,0,0,0,0,0,0,0,0,0,0,0,0,0,0,0,0,0,0,0.171,0,0,0,0,0,0,0,0.752,0,0,0,0,0,0,0,0,0,0,0,0.441,0,0,0,0,0.272,0,0,0,0,0,0,0,0,0,0,0.26,0,0,0,0,0,0,0,0,0,0,0,0,0,0,0.267,0.165,0,0,0,0,0,0,0,0.23,0,0,0,0,0,0,0,0,0,0,0,0,0,0,0,0,0,0,0,0,0,0,0,0,0,0,0,0,0,0,0,0,0,0,0,0,0,0,0,0,0,0,0,0,0,0,0,0,0,0,0.181,0,0,0,0,0.179,0,0,0,0,0,0,0,0,0,0,0,0,0,0,0,0,0,0,0,0,0,0,0,0,0,0,0,0,0,0,0,0,0.376,0,0,0,0,0.572,0.163,0,0.152,0,0,0.241,0.163,0,0,0.508,0,0.164,0,0,0.31,0,0,0.633,0,0,0.151,0.24,0,0,0.902,0.315,0,0.21,0,0,0,0.163,0.236,0.281,0,0.157,0,0,0,0,0.415,0.366,0,0.406,0,0,0,0.512,0,0,0,0,0.299,0,0.302,0,0.224,0,0.355,0,0,0,0,0,0,0,0.96,0,0.263,0,0,0,0,0,0.188,0,0,0,0,0,0.444,0,0.24,0,0.338,0.382,0,0,0,0.194,0,0.544,0,0,0.306,0.246,0,0,0,0,0,0,0,0,0,0.183,0,0,0,0,0,0,0,0.637,0,0,0,0,0,0,0,0,0,0,0.201,0,0,0,0,0,0,0,0,0,0,0,0,0.192,0,0,0,0,0,0.316,0,0.216,0,0,0.199,0,0.2,0,0,0,0,0,0,0,0,0.189,0,0,0,0,0,0,0,0,0,0,0,0,0,0,0,0,0,0,0.428,0,0,0.218,0,0,0,0,0,0,0,0.259,0.284,0.167,0,0,0.251,0,0,0,0,0.241,0,0.153,0,0,0,0,0,0,0,0,0,0,0,0,0,0,0,0,0,0,0,0,0,0,0,0,0,0,0,0,0,0,0,0,0,0,0,0,0,0,0,0,0,0,0,0,0,0,0,0,0,0,0,0,0,0,0,0,0.331,0,0,0,0,0,0,0,0,0,0,0.644,0.332,0,0,0,0,0,0.228,0,0.185,0,0,0,0,0.478,0,0,0.672,0,0,0.159,0,0,0,0,0,0,0,0,0,0,0,0,0,0,0,0,0.153,0.908,0,0,0,0,0,0.733,0,0,0,0,0,0,0.193,0,0,0,0,0.479,0,0,0,0,0,0,0.232,0,0,0,0,0,0,0,0,0,0,0.253,0,0,0,0,0,0,0,0,0,0,0,0,0,0,0,0,0,0,0,0,0,0,0,0,0,0,0,0,0,0,0.163,0,0,0,0,0,0,0,0,0.237,0,0,0,0,0,0.316,0.158,0,0,0,0,0,0,0,0,0,0,0,0,0,0,0,0.173,0,0,0.171,0,0,0,0,0,0.3,0.404,0,0,0,0,0,0,0,0,0,0,0.224,0,0,0,0,0,0,0,0,0,0,0,0,0,0,0,0.192,0,0,0,0,0,0,0,0,0,0,0,0,0,0,0,0.363,0,0,0,0.163,0,0,0,0,0,0,0,0,0,0,0,0,0,0,0,0,0,0,0,0,0,0,0,0,0,0,0.228,0,0,0,0,0,0,0,0,0.578,0,0,0,0,0,0,0,0,0,0,0,0,0,0,0,0,0.218,0,0,0,0,0,0,0,0,0,0,0,0,0,0,0,0,0,0,0,0.179,0,0.178,0,0.201,0,0,0.371,0,0,0,0,0,0,0.274,0,0,0.365,0,0,0.333,0,0,0,0,0,0,0,0,0,0,0,0,0,0,0,0,0,0,0,0,0,0,0,0,0,0.177,0.169,0.177,0.327,0.224,0.327,0,0,0,0,0,0,0,0,0,0.19,0,0,0,0.297,0,0,0,0,0,0,0,0.189,0.355,0,0,0,0.435,0,0.361,0,0,0,0,0.947,0,0.943,0,0,0.173,0,0.318,0,0,0,0.363,0,0,0,0.228,0,0,0,0.17,0,0,0.771,0.184,0,0,0,0,0,0,0,0,0,0,0,0,0,0,0,0,0,0,0,0,0,0,0.206,0,0,0,0,0,0,0,0.608,0,0,0,0,0,0,0,0.254,0,0,0,0,0,0,0,0,0,0,0,0,0,0,0,0,0,0,0,0,0,0,0,0,0,0,0.209,0,0,0,0,0,0,0,0,0,0,0,0,0,0,0,0,0,0,0,0,0,0,0,0,0,0,0,0,0,0,0,0,0,0,0,0,0,0,0,0,0,0,0,0,0,0,0,0,0,0,0,0.208,0,0,0,0,0,0,0,0,0,0,0,0,0,0,0,0,0,0,0,0,0,0,0,0,0.2,0,0,0,0,0,0,0,0,0,0,0,0,0,0,0,0,0,0,0,0,0,0,0,0,0,0,0,0,0,0,0,0.229,0,0,0.19,0,0,0,0,0,0,0,0,0,0.194,0,0,0,0,0,0,0,0,0.315,0,0,0,0,0,0,0,0,0,0,0.234,0,0.187,0,0,0,0,0,0,0,0,0,0,0,0,0,0,0,0,0,0,0,0,0,0,0,0,0,0,0,0,0,0,0,0,0,0,0,0,0,0,0,0,0,0,0,0,0,0,0,0.22,0,0,0,0,0,0,0,0,0,0,0,0,0,0,0,0,0,0,0,0,0,0,0,0,0,0,0,0,0,0,0.172,0,0,0,0,0,0,0,0,0,0,0,0,0,0,0,0,0,0,0,0,0,0,0,0,0,0,0,0,0,0,0,0,0,0,0,0,0,0,0,0,0,0,0,0,0,0,0,0,0.324,0,0,0.324,0,0,0,0,0,0,0,0,0,0,0,0,0,0,0,0,0,0,0,0,0.606,0,0,0,0,0,0,0,0,0,0,0,0,0,0,0,0,0,0,0,0,0,0,0,0,0,0,0,0,0,0,0,0,0,0,0,0,0.543,0,0,0,0,0,0,0,0,0,0,0,0,0,0,0,0,0.172,0,0,0,0,0,0,0,0,0.189,0,0,0,0.249,0.199,0,0,0,0,0.173,0.276,0,0,0,0,0,0,0,0,0,0,0,0,0,0,0,0,0,0,0.191,0.296,0,0,0,0,0,0,0,0,0,0,0,0,0,0,0,0,0,0,0,0,0,0,0,0,0,0,0,0,0,0,0.242,0,0,0,0,0,0,0,0,0,0,0,0,0.237,0,0,0,0,0,0,0,0,0,0,0,0,0,0,0,0,0.539,0,0,0,0,0,0,0,0.221,0.244,0,0,0,0,0,0,0,0,0.29,0,0,0,0,0,0,0,0,0,0,0.172,0,0,0,0,0,0,0,0,0,0,0,0,0,0,0,0,0,0,0,0.183,0,0,0,0,0,0,0,0,0,0,0,0,0,0
854149,0,0,0,0,0,0,0,0,0,0,0,0,0,0,0,0.164,0,0,0,0,0,0,0.258,0,0.866,0.208,0.476,0,0,0,0,0.808,0,0,0,0,0,0,0,0,0,0,0,0,0,0,0,0,0,0,0.269,0,0,0,0,0,0,0,0.164,0,0.155,0,0,0,0,0,0,0,0,0,0.335,0,0,0,0,0,0,0,0,0,0,0,0,0,0,0.194,0,0,0,0,0,0,0,0.206,0,0,0,0.155,0.313,0,0,0.159,0,0,0,0,0.155,0,0,0.179,0,0,0,0,0,0,0,0,0,0,0,0.206,0,0.241,0,0,0,0,0,0,0,0,0,0,0,0,0,0,0.525,0,0,0,0.965,0,0,0,0,0,0,0.159,0,0,0,0,0.197,0,0,0,0,0,0,0,0,0,0,0,0,0.746,0,0,0,0,0,0,0,0,0,0,0,0,0,0,0,0,0,0,0,0,0.358,0,0,0,0,0,0,0,0,0,0,0,0,0,0,0.625,0,0,0,0,0,0.194,0,0,0.367,0,0,0,0,0,0,0,0,0,0,0,0,0,0,0,0,0,0,0,0,0,0,0,0.357,0.434,0,0.17,0.247,0,0,0,0,0,0,0,0,0,0,0.2,0.893,0,0.216,0,0,0,0,0.204,0,0,0,0.242,0,0,0,0,0,0,0,0,0,0,0,0.229,0,0,0,0,0,0,0,0,0,0,0,0,0,0,0,0,0,0,0,0,0,0,0,0,0,0,0,0,0,0,0,0,0,0,0,0,0.292,0,0.229,0,0,0,0,0,0,0,0,0,0,0,0,0,0,0,0,0,0,0,0,0,0,0,0.466,0,0.16,0,0,0,0,0.255,0,0,0.43,0,0,0,0,0,0.29,0,0,0,0,0,0,0,0.536,0,0,0,0.167,0,0,0,0.276,0,0,0,0,0,0.7,0,0,0,0,0,0,0,0,0,0.296,0,0,0,0,0,0,0,0,0,0,0.288,0,0,0,0,0,0,0.164,0.175,0,0,0,0,0,0,0,0,0,0,0,0,0,0,0.364,0,0,0,0,0,0,0,0,0,0.152,0,0,0,0,0,0,0,0,0,0,0,0,0,0,0,0,0,0.261,0,0,0,0,0,0,0,0,0,0,0,0,0,0,0,0,0,0,0,0.406,0,0,0,0,0.169,0,0,0,0,0,0,0,0,0,0,0,0,0,0,0.194,0,0,0,0,0,0,0,0.193,0,0,0,0,0,0,0,0,0,0,0.342,0,0,0,0,0,0,0,0,0.164,0,0,0,0,0,0,0,0,0,0,0,0,0,0,0.286,0,0,0.363,0,0.976,0,0,0,0,0,0,0,0,0,0,0,0,0,0,0,0,0,0,0,0,0,0.208,0.347,0,0,0,0,0,0,0,0,0,0,0,0,0,0,0,0,0,0,0,0,0,0,0,0,0.358,0.15,0,0.173,0,0,0,0,0.159,0.433,0,0,0,0,0,0,0,0,0,0,0,0,0.188,0,0,0,0,0,0,0,0,0,0,0,0,0,0,0,0,0,0,0,0,0,0,0,0,0,0,0,0.359,0,0.32,0,0,0,0.296,0.29,0,0,0,0,0,0,0.304,0,0,0,0,0,0.367,0,0,0,0,0,0,0,0,0,0,0,0,0,0,0,0,0,0,0,0,0,0,0,0,0,0,0.407,0.261,0,0,0,0,0,0.807,0,0,0,0,0,0,0.43,0,0,0,0,0,0,0,0,0,0,0,0.619,0,0,0,0,0,0,0,0.864,0.557,0,0,0,0,0,0.767,0,0,0.288,0,0,0,0,0,0,0,0,0,0,0,0,0,0,0,0,0.22,0,0,0,0,0,0,0,0,0,0,0,0,0,0,0,0,0.199,0,0,0,0,0,0,0,0.522,0,0,0.25,0,0,0,0,0.557,0,0,0,0,0,0,0.687,0,0.156,0,0,0.216,0,0,0.211,0,0,0,0.717,0,0,0,0,0,0,0,0,0,0,0,0,0,0,0,0,0,0,0,0,0,0,0,0,0,0.247,0,0,0,0,0,0.686,0,0,0,0,0,0,0,0,0,0.212,0,0.886,0,0,0.474,0,0,0,0,0,0,0,0,0,0,0,0,0,0.282,0.728,0,0,0,0,0,0,0,0,0,0,0,0,0,0,0,0,0,0,0,0,0.286,0,0,0,0,0,0,0,0,0,0,0,0,0,0,0,0,0,0,0,0,0,0,0,0,0,0,0,0,0,0,0,0,0,0.152,0,0,0,0,0,0,0,0,0,0,0,0.193,0,0,0,0,0,0.35,0.421,0,0,0.368,0.16,0.343,0,0,0,0,0,0,0,0,0,0,0,0,0,0.157,0,0,0,0,0.159,0,0,0,0,0,0,0,0,0,0,0,0,0,0,0.331,0,0,0,0,0.156,0,0,0,0,0,0,0,0,0,0,0,0,0,0,0,0,0,0,0,0,0,0.156,0,0.231,0,0,0,0.315,0,0,0,0,0,0,0,0,0.163,0,0.326,0,0,0,0,0.183,0,0,0.252,0,0,0,0,0,0,0,0,0,0,0,0,0,0,0,0,0,0,0,0,0,0,0,0.642,0,0,0.152,0,0,0,0,0,0,0.159,0,0,0,0,0,0,0,0,0,0.286,0.2,0,0,0,0.185,0,0,0.185,0,0,0,0,0,0,0,0,0,0,0.484,0,0,0,0,0,0,0,0,0,0,0,0,0,0,0,0,0,0,0,0,0,0,0,0,0,0,0,0.438,0,0,0.502,0,0,0,0,0,0,0,0,0,0,0,0,0,0,0,0,0,0,0,0.322,0,0,0,0,0,0,0,0,0,0,0,0,0,0,0,0,0,0,0,0,0,0.717,0,0,0,0.51,0.788,0,0,0,0,0,0,0,0,0,0,0,0,0,0,0,0,0,0.276,0,0,0,0,0,0,0,0,0,0,0,0,0,0,0,0,0,0,0,0,0,0,0.218,0,0,0,0,0,0,0,0,0,0,0,0.328,0,0,0,0,0,0,0,0,0,0.54,0,0,0,0,0,0,0,0,0,0,0,0,0,0,0,0.21,0,0,0,0,0,0,0,0.792,0,0,0,0,0,0,0,0,0,0,0,0,0,0,0,0,0,0,0,0,0,0,0,0,0,0,0,0,0,0,0,0,0,0.792,0,0,0.643,0,0,0,0,0,0,0,0,0,0,0,0,0,0,0,0.191,0,0,0,0,0.153,0,0,0,0,0,0,0,0,0,0,0,0,0,0,0,0,0,0,0.334,0,0,0,0,0,0,0,0.928,0,0,0,0,0,0.48,0,0,0,0,0,0,0,0,0,0,0,0,0,0,0,0,0,0,0,0,0,0,0,0,0,0,0,0,0,0,0.154,0,0,0,0,0,0,0,0,0,0,0,0,0,0.169,0,0,0,0,0,0,0,0,0,0,0,0,0,0,0,0,0,0,0.22,0,0,0,0,0,0,0.793,0.453,0,0,0,0,0,0,0,0,0,0,0,0,0,0,0,0,0,0,0,0,0,0,0,0,0,0,0,0,0,0,0,0,0,0,0,0,0.323,0,0,0,0,0,0,0,0,0,0,0,0,0,0,0,0,0,0,0,0,0,0,0,0,0,0,0,0,0,0.172,0,0.543,0,0,0,0,0,0,0,0,0.737,0,0,0,0,0.207,0,0,0,0,0,0,0,0,0,0,0,0.261,0,0,0,0,0,0,0.999,0,0,0,0,0,0,0,0,0,0,0,0,0,0,0,0.192,0.29,0.238,0,0,0,0.257,0,0,0,0,0,0,0,0,0,0,0,0,0,0,0,0,0,0,0,0,0,0,0,0,0,0,0.789,0,0,0,0,0,0,0,0,0.541,0,0,0,0,0,0,0,0,0.454,0,0,0,0,0,0,0,0.18,0,0,0,0,0.155,0,0,0,0,0,0,0,0,0,0,0,0,0,0,0,0,0.885,0,0,0,0,0,0,0,0,0,0,0,0,0,0,0,0,0,0,0,0,0,0,0,0,0,0,0,0,0,0,0,0,0,0,0,0,0,0,0,0,0,0,0,0,0,0,0,0,0,0,0,0.186,0,0,0,0,0,0,0,0,0,0,0,0,0,0,0.321,0,0,0,0,0,0,0,0,0,0,0,0,0,0,0,0,0,0,0,0,0,0,0,0,0,0,0,0,0,0,0,0,0,0,0,0,0,0,0,0,0,0,0,0,0,0,0,0,0,0,0,0,0,0,0,0,0,0,0,0,0,0,0,0,0,0,0,0.309,0,0,0,0,0,0,0,0,0,0,0.288,0,0,0,0.322,0,0,0,0,0,0,0,0,0,0,0,0,0,0.66,0,0,0,0,0,0,0,0,0,0,0,0,0,0,0,0,0,0,0,0,0.229,0,0,0,0,0,0,0,0,0,0,0,0,0,0,0,0,0,0,0,0,0,0,0,0,0,0,0,0,0,0,0,0,0,0,0,0,0,0,0,0,0,0,0,0,0,0,0,0,0,0,0,0,0,0,0,0,0,0,0,0,0,0,0,0.231,0,0,0,0,0,0,0,0,0,0,0,0,0,0,0,0,0,0.579,0,0,0,0,0,0,0,0,0,0,0,0,0,0.248,0,0,0,0,0,0,0,0,0,0,0,0,0,0,0,0,0,0,0,0,0,0,0,0,0,0,0,0,0,0,0,0,0,0,0,0,0,0,0,0,0,0,0,0,0,0,0,0,0,0,0,0,0,0,0,0,0,0,0,0,0,0,0,0,0,0,0,0,0,0,0,0,0,0,0,0,0.195,0,0,0,0,0,0,0,0,0,0,0,0,0,0,0,0,0,0,0,0,0,0,0.235,0,0,0,0,0,0,0,0,0,0,0.395,0,0.22,0,0,0,0,0,0,0,0,0,0,0,0.26,0,0,0,0,0,0,0,0,0,0,0,0,0,0,0,0,0,0,0,0,0,0,0,0,0,0,0,0.997,0,0,0,0,0,0,0,0,0,0,0,0,0,0,0,0,0,0,0,0,0,0.169,0,0,0,0,0,0,0,0,0,0,0,0,0.872,0,0,0,0,0,0,0.199,0,0,0,0,0,0,0,0,0,0,0,0,0,0,0,0,0,0,0,0.173,0,0,0,0.26,0,0.449,0,0,0,0,0,0,0,0,0,0,0,0,0,0,0,0,0,0,0,0.546,0.35,0,0.47,0.547,0,0,0,0,0,0,0,0.489,0,0,0,0,0,0,0,0,0,0,0,0,0.998,0,0,0,0.288,0,0,0,0.26,0,0,0,0,0,0,0.159,0,0,0,0,0,0.211,0,0,0,0,0,0,0.998,0,0,0,0,0,0.183,0,0.908,0.191,0.294,0,0,0,0,0.648,0,0,0,0,0,0,0,0.855,0,0,0,0,0.803,0,0.22,0,0.376,0,0,0.235,0,0,0,0,0.836,0.313,0,0.352,0.627,0,0,0,0,0,0,0.396,0.222,0,0,0,0,0,0,0,0,0,0,0,0,0,0.247,0,0,0,0,0,0,0,0,0,0,0,0,0,0.311,0,0,0,0,0,0,0.21,0,0.157,0,0,0,0,0,0,0.21,0,0,0,0.288,0,0,0,0,0,0.256,0.288,0,0,0,0,0,0.311,0,0,0,0,0,0,0,0,0,0.364,0,0,0.247,0,0,0,0.39,0,0,0,0,0,0,0,0,0,0.409,0,0,0,0,0,0.219,0.396,0,0,0,0,0,0,0,0,0,0,0,0,0.288,0,0,0,0,0,0,0,0,0,0,0,0,0,0,0,0,0,0,0,0,0,0,0,0,0,0,0,0,0,0,0,0,0,0,0,0,0,0,0,0.191,0,0,0,0,0,0,0,0,0,0,0,0,0,0,0,0,0,0,0,0,0,0,0,0,0,0,0,0,0,0,0,0,0.472,0,0,0,0,0,0,0,0,0,0,0,0,0,0,0,0,0,0,0,0,0,0,0,0,0,0,0.931,0,0,0,0,0,0,0,0,0,0,0,0,0,0,0,0.246,0,0,0,0,0,0,0,0,0,0,0,0,0,0,0,0,0,0,0,0.173,0,0,0,0.342,0,0,0,0.357,0,0,0,0.15,0,0.183,0,0,0,0,0.249,0,0,0,0,0,0,0,0,0,0,0,0,0,0,0,0,0,0,0,0,0,0.409,0,0,0.193,0,0,0,0,0,0,0,0,0,0,0,0,0,0,0,0,0,0,0,0,0,0.998,0,0,0,0,0,0,0,0,0.298,0,0,0,0,0,0,0,0,0,0,0,0,0,0,0,0,0,0,0,0.379,0,0,0,0,0,0,0,0,0,0,0,0,0,0,0,0.176,0,0,0,0,0,0,0,0,0,0,0,0,0.843,0,0,0,0,0.999,0,0,0,0,0,0,0,0,0,0,0,0,0,0.183,0.998,0,0,0.536,0,0,0,0,0,0,0,0,0,0,0,0,0,0,0,0,0,0,0,0,0,0,0,0.295,0,0,0,0.194,0,0,0,0,0,0,0.247,0,0.309,0,0,0.179,0,0,0,0,0,0,0,0,0,0,0,0,0,0,0.369,0,0,0,0,0,0,0,0,0,0,0,0,0.342,0,0,0,0.625,0,0,0,0,0,0,0,0,0,0,0,0,0,0,0,0,0,0,0,0,0,0,0,0,0,0,0,0,0,0,0,0,0,0,0,0,0,0,0,0,0,0,0,0,0,0,0,0,0,0,0,0,0,0,0,0,0,0.183,0,0.364,0,0,0,0,0,0,0,0,0,0,0,0,0,0,0,0,0,0,0,0,0,0,0,0,0,0,0,0,0,0,0,0,0,0,0,0,0,0,0,0,0,0.461,0,0,0,0,0,0,0,0,0,0,0,0,0,0,0,0,0,0,0,0,0,0,0,0,0,0,0,0,0.252,0,0,0,0,0,0,0,0,0,0,0,0,0,0,0,0,0,0,0,0,0,0,0,0,0,0,0,0,0,0,0,0,0,0,0,0,0,0,0,0,0,0,0,0,0,0,0,0,0,0,0,0,0,0,0,0,0,0,0,0,0,0,0,0,0,0,0,0,0,0,0,0,0,0,0,0,0,0,0,0,0,0,0,0,0,0,0,0,0,0,0,0,0,0,0,0,0,0,0,0,0,0,0,0,0,0,0,0,0,0,0,0,0.699,0,0,0,0,0,0,0,0,0,0,0,0,0.275,0,0,0,0,0,0,0,0,0,0,0,0,0,0,0,0,0.297,0,0,0,0,0,0,0,0,0.196,0,0,0,0,0,0,0,0,0,0,0,0,0,0,0,0,0,0,0,0,0,0,0,0,0,0,0,0,0,0,0,0,0,0,0,0,0,0,0,0,0,0,0,0,0.225,0,0,0,0,0,0,0,0,0,0,0,0,0,0.15,0,0,0,0,0,0,0,0,0,0,0,0,0,0,0,0.288,0,0,0,0,0,0,0,0,0.373,0,0,0,0.186,0,0,0,0,0,0,0,0,0,0.195,0,0.581,0,0,0,0.367,0,0,0,0,0,0,0,0,0,0,0,0.156,0,0,0,0,0,0,0,0,0,0,0,0,0,0,0,0.288,0,0,0,0,0,0,0,0,0,0,0,0,0,0,0.205,0,0.593,0,0,0,0,0,0,0,0,0,0,0.181,0,0,0,0,0,0,0,0,0,0,0,0,0,0,0,0,0,0,0,0,0,0.354,0.182,0,0,0,0,0,0,0.212,0,0,0.169,0,0,0,0,0,0.19,0,0,0,0,0,0,0,0,0,0,0,0,0.254,0,0.293,0,0.15,0,0,0,0,0,0,0,0,0,0,0,0,0,0,0.153,0,0,0,0,0,0,0,0,0,0,0,0,0,0,0,0,0,0,0,0.183,0,0,0.161,0,0.151,0,0,0,0,0,0,0,0,0,0,0,0,0,0,0,0,0,0,0,0,0,0,0,0,0,0,0,0,0,0.156,0,0.277,0,0,0,0,0,0,0,0,0,0,0,0,0,0,0,0,0,0,0,0,0,0,0,0.283,0,0,0,0,0,0,0,0,0,0,0,0,0,0,0,0,0,0.248,0.679,0,0,0,0.288,0,0,0.195,0,0,0.186,0,0,0,0,0,0,0,0,0,0,0,0.191,0,0,0,0,0,0,0,0,0,0,0,0.172,0,0,0,0,0,0,0,0,0,0,0,0,0,0,0,0,0,0.168,0,0,0,0.265,0,0,0,0,0,0,0,0,0,0,0,0,0,0,0,0,0,0,0,0,0,0,0,0,0,0,0,0,0,0,0,0,0,0,0,0,0,0,0,0,0,0,0,0,0,0,0,0,0,0,0,0,0.293,0,0,0,0,0,0,0,0,0,0,0,0,0,0,0,0,0,0,0,0,0,0,0,0,0,0.183,0,0,0,0,0,0,0,0,0,0,0,0,0,0,0,0,0,0,0,0,0,0.826,0,0.189,0,0,0,0,0,0,0.199,0.954,0,0,0,0,0,0,0,0,0,0,0,0,0,0,0,0,0,0,0,0.672,0,0,0,0,0,0,0,0,0,0,0.293,0,0,0,0,0,0,0,0,0,0,0,0,0,0,0,0,0,0,0,0,0,0,0,0,0,0,0,0,0.438,0,0,0,0,0,0,0,0,0.964,0,0,0,0,0,0,0,0,0,0,0,0,0,0,0,0,0,0,0,0,0,0.192,0,0,0,0,0,0,0,0,0,0,0,0,0,0,0,0,0,0,0,0,0.203,0,0,0.234,0,0,0.18,0,0,0,0,0,0,0,0,0,0,0.191,0,0,0,0,0,0,0,0,0,0,0,0,0,0,0,0,0,0,0,0,0,0,0,0,0,0,0,0,0,0,0,0,0,0,0,0,0,0,0,0,0,0,0,0,0,0,0,0,0,0,0,0,0,0,0,0,0,0,0,0,0,0,0,0,0,0,0,0,0,0,0,0,0,0,0,0,0,0,0,0,0,0,0,0,0,0,0,0,0.203,0,0,0,0,0,0,0,0,0,0,0,0,0,0,0.243,0,0,0,0,0,0,0,0,0,0,0,0,0,0,0,0,0,0,0,0.405,0,0,0,0,0,0,0,0,0,0,0,0,0,0,0,0,0,0,0,0,0,0,0.212,0,0,0,0,0,0,0,0,0,0,0,0,0,0,0,0,0,0,0,0,0,0,0,0,0,0,0,0,0,0,0,0,0,0,0,0,0,0,0.227,0,0,0,0,0,0,0,0,0,0,0,0,0,0,0,0,0,0,0,0,0,0,0,0,0,0,0.309,0,0,0,0,0,0,0,0.186,0,0.251,0,0,0,0,0,0,0,0,0,0,0,0,0,0.581,0,0.3,0,0,0,0.219,0,0.187,0,0.234,0,0,0,0,0,0,0,0,0,0.555,0,0.183,0,0,0,0,0,0,0,0,0.223,0,0,0,0.192,0,0,0.657,0,0,0,0,0,0,0,0,0,0,0,0,0,0,0,0,0,0,0,0,0,0,0,0,0,0,0,0,0,0,0,0,0,0.185,0,0,0,0,0.659,0,0,0.208,0,0,0,0,0.438,0,0,0,0,0,0,0,0,0,0,0,0,0,0,0,0,0,0,0,0,0,0,0,0,0,0,0,0,0,0,0,0,0,0,0.189,0.994,0,0,0,0,0,0,0,0,0,0,0,0,0,0,0,0,0,0.438,0.875,0,0.454,0,0,0,0,0,0,0,0,0,0,0,0,0,0,0,0,0,0,0,0,0,0,0,0,0,0,0.234,0,0,0,0,0,0,0,0,0,0.68,0,0.156,0,0,0,0,0,0,0,0,0,0,0,0,0,0,0.999,0,0,0,0,0,0,0.406,0.282,0,0,0,0,0,0,0,0,0,0,0,0,0,0,0,0,0,0,0,0,0.169,0,0.999,0,0.617,0.984,0,0,0,0,0,0,0,0,0.338,0,0.999,0,0.315,0,0,0,0,0,0,0,0,0,0,0,0,0,0.194,0,0,0,0,0,0,0,0.202,0,0.464,0,0,0,0,0,0.55,0,0,0,0,0,0,0,0,0,0,0,0,0,0,0,0,0,0,0,0,0,0,0,0,0,0,0,0,0,0,0,0,0,0,0,0,0,0,0,0,0,0,0,0,0,0,0,0,0,0,0,0,0,0,0,0,0,0,0,0,0,0,0,0,0,0,0,0,0,0,0,0,0,0,0,0,0,0,0,0,0,0,0,0,0,0,0,0,0,0,0,0,0,0.233,0,0,0,0,0,0,0,0,0,0,0,0,0,0,0,0,0,0,0,0,0.309,0,0,0,0,0,0,0,0,0,0,0,0,0,0,0,0,0,0,0,0,0,0,0.193,0,0,0,0,0,0,0,0,0,0,0,0,0,0,0
856689,0.304,0,0,0.321,0.662,0,0.261,0,0,0,0,0,0,0,0,0.436,0,0,0,0,0,0,0,0,0,0.673,0,0,0,0,0,0,0,0,0,0,0,0,0,0,0,0,0,0,0,0,0,0,0,0,0,0.457,0,0,0,0,0.368,0,0.424,0,0.167,0,0,0,0.178,0,0,0,0,0,0.175,0,0,0,0.208,0,0,0,0,0,0,0.288,0,0,0,0.173,0,0,0,0,0,0,0.576,0.424,0,0,0,0.163,0,0,0,0,0.414,0,0,0,0.163,0,0,0,0,0,0,0,0,0,0,0.244,0.186,0,0.426,0.424,0,0,0,0,0,0.201,0,0,0,0,0,0,0,0,0.461,0,0,0,0.503,0,0.159,0,0.341,0.248,0,0,0,0,0,0,0,0,0,0.178,0,0,0,0,0.17,0,0,0,0,0,0,0,0,0,0,0,0.257,0,0,0,0,0,0,0,0,0,0.68,0,0.609,0,0,0,0,0.207,0,0,0,0,0,0,0,0,0,0,0,0,0,0,0,0,0,0,0,0,0,0,0,0.156,0,0.4,0,0,0.153,0,0.212,0,0,0,0,0,0,0,0.301,0,0.153,0,0,0.264,0,0,0.18,0,0.427,0,0,0,0,0.168,0,0,0.273,0,0,0,0.248,0,0.18,0,0,0,0,0,0.174,0,0,0,0,0,0,0.544,0,0,0,0,0.348,0.165,0,0,0,0,0,0,0,0.999,0,0,0.154,0.314,0,0,0,0.203,0.315,0,0,0,0,0.187,0,0,0,0,0,0,0,0.312,0,0.339,0,0,0.286,0,0,0.166,0,0,0,0,0,0.26,0,0.919,0,0,0,0,0.498,0,0,0,0,0,0,0,0,0,0,0,0.986,0,0,0,0,0,0,0,0.173,0,0.882,0,0,0,0,0,0,0,0,0.682,0,0,0.286,0,0,0.575,0,0,0,0,0.209,0,0,0,0,0,0,0.283,0,0,0,0,0,0,0.373,0.828,0,0.209,0,0,0,0,0,0,0,0.17,0.302,0,0,0.219,0,0.18,0,0,0.178,0,0,0.515,0,0,0.767,0,0,0,0.255,0,0,0.999,0.416,0,0,0,0.227,0,0.179,0,0,0,0,0.207,0,0,0,0.177,0,0,0,0,0,0,0,0,0,0,0.32,0,0,0,0,0,0,0,0,0,0,0.288,0,0.256,0,0,0.161,0.176,0.339,0,0,0.288,0.238,0.256,0.812,0,0,0,0,0,0,0,0,0.191,0,0,0,0,0,0,0.253,0.197,0,0,0,0.176,0.248,0,0,0,0,0,0,0,0,0,0,0.253,0,0,0,0,0,0,0,0,0,0,0,0.205,0,0,0,0,0.188,0.187,0,0,0,0,0,0,0,0,0,0,0,0,0,0,0,0.207,0.271,0,0,0,0.311,0,0,0,0.479,0,0.736,0,0,0.179,0,0,0.173,0.794,0,0,0.448,0,0,0,0,0,0,0,0,0,0,0,0.239,0,0,0.254,0,0.153,0,0,0,0.198,0,0.381,0.481,0,0,0,0,0,0,0,0,0.409,0,0,0,0.274,0,0,0,0,0,0.271,0,0,0,0,0,0,0,0,0,0.236,0,0.433,0,0,0.561,0,0,0,0,0,0,0,0,0,0,0,0,0,0,0,0.365,0,0,0,0,0,0,0,0,0,0,0,0.365,0,0.229,0,0,0,0,0.988,0,0.265,0,0,0,0,0,0,0,0,0.186,0.17,0.183,0,0.476,0,0.54,0,0,0.937,0,0.999,0,0,0,0.246,0,0,0,0,0,0.954,0,0,0,0,0,0,0,0.954,0,0,0,0.213,0,0,0,0.846,0,0.995,0,0,0,0,0,0,0,0.234,0,0.337,0.282,0,0,0,0,0.743,0,0,0,0,0.152,0,0,0,0,0.366,0,0,0.189,0.191,0,0,0,0,0,0,0.248,0,0,0,0,0,0,0,0,0.551,0,0,0,0,0,0,0,0.39,0,0,0,0,0,0,0.206,0,0,0.173,0,0,0.216,0,0,0,0.234,0,0,0,0,0,0.232,0.198,0,0,0,0,0.448,0,0,0,0,0,0,0.193,0.363,0,0.266,0,0,0,0.178,0,0,0,0,0,0.206,0,0,0.179,0,0,0,0.173,0.71,0.999,0,0,0,0,0.309,0,0,0,0.693,0.916,0.661,0,0,0,0,0,0,0,0,0,0,0,0,0,0,0,0.232,0.292,0.665,0,0.2,0,0,0.173,0.173,0.243,0,0,0,0,0,0,0,0,0.551,0,0,0.331,0,0,0,0,0,0,0,0.336,0,0.219,0,0,0.999,0,0.21,0,0.219,0,0,0,0,0.207,0,0,0,0,0.358,0,0,0,0,0,0,0,0,0.95,0,0,0,0,0.379,0,0,0.187,0,0,0,0,0,0,0,0,0,0,0.605,0,0,0,0,0,0,0,0,0.312,0,0,0,0,0,0,0,0,0,0.166,0,0,0,0,0.238,0.186,0,0.205,0.297,0.204,0,0,0,0,0,0,0.596,0,0,0,0,0,0,0,0,0,0,0,0,0.174,0,0.429,0,0.324,0,0.41,0,0,0,0,0,0,0,0,0,0,0,0,0,0,0,0,0,0,0,0,0,0,0,0,0,0,0,0,0,0,0,0,0,0,0.18,0,0,0,0,0,0,0,0,0,0,0,0,0,0,0,0,0,0,0.338,0,0,0,0,0,0.173,0,0,0,0,0,0,0,0,0,0,0,0,0,0.159,0,0,0,0.35,0.369,0,0,0,0,0,0.256,0,0,0,0,0,0,0,0.196,0,0,0.27,0.306,0,0,0.683,0,0.893,0,0,0,0.192,0,0,0,0,0,0,0,0.167,0.973,0,0,0,0,0,0.189,0,0,0,0,0,0,0,0,0,0,0,0,0,0,0.282,0,0,0.273,0,0,0,0,0,0,0,0,0,0,0,0,0,0,0,0,0,0,0,0,0,0,0,0,0,0,0,0,0,0,0.299,0,0,0.473,0,0,0,0,0,0,0,0,0,0,0,0,0,0,0,0,0,0.165,0,0.473,0.279,0,0,0,0,0,0,0,0,0.252,0,0,0,0,0,0,0,0,0,0,0,0,0,0,0,0,0,0,0,0,0,0.207,0,0,0,0,0,0.333,0,0.565,0.191,0.193,0,0.456,0,0,0.261,0,0,0,0,0,0,0,0,0,0,0,0,0,0,0.188,0,0,0.997,0,0,0,0,0,0,0,0,0,0,0,0,0,0.196,0.187,0,0,0,0.187,0,0,0.25,0,0,0,0,0,0,0.178,0,0,0,0,0,0,0,0,0,0,0,0.173,0,0.157,0,0,0,0.207,0,0,0,0,0,0,0,0.241,0,0,0,0,0,0,0,0,0.151,0,0,0,0,0.551,0.179,0,0,0,0,0,0,0,0,0,0,0,0,0,0,0,0,0,0,0,0.522,0,0,0,0,0,0,0,0,0,0,0,0.178,0,0,0,0,0,0,0,0,0,0,0,0,0.192,0,0,0,0,0,0,0,0,0,0,0,0,0,0,0.835,0,0,0.191,0,0,0,0.315,0,0,0.195,0,0.353,0,0,0,0,0.19,0,0,0,0,0,0,0,0.197,0.175,0.175,0.183,0,0,0.153,0,0,0,0,0,0,0,0,0,0,0,0,0,0,0,0,0,0,0,0,0,0,0,0,0,0.927,0,0.209,0,0,0,0,0,0,0,0,0,0,0,0,0,0,0,0,0,0,0,0,0,0,0,0.187,0,0,0,0,0,0,0,0,0,0,0,0,0,0,0,0,0,0,0,0,0,0,0,0,0,0,0,0,0.905,0,0,0,0,0,0.234,0,0,0,0,0,0,0,0,0,0,0,0,0.342,0,0,0,0,0,0,0,0,0,0,0,0.175,0.219,0,0,0,0,0,0,0,0.429,0,0,0,0,0.183,0,0,0,0,0,0.17,0,0,0,0,0,0,0,0.288,0,0,0.456,0,0,0,0,0,0,0,0,0,0,0.24,0,0,0,0,0,0,0,0.173,0.513,0,0,0,0,0,0,0.483,0,0.198,0,0,0,0.239,0,0,0,0,0,0.667,0,0,0,0,0,0,0,0,0,0,0,0,0,0,0,0,0,0,0,0,0,0,0,0,0,0,0,0,0,0,0,0,0,0,0,0,0,0,0,0,0,0.21,0,0,0,0,0,0,0,0,0,0,0,0,0,0,0,0,0,0,0,0,0,0,0,0,0,0,0,0,0,0,0,0,0,0,0,0,0,0,0,0,0,0,0.187,0.288,0,0,0,0,0,0,0,0,0,0,0,0,0,0,0,0,0,0,0.232,0,0,0,0,0.999,0,0,0,0,0,0,0,0,0,0,0,0,0,0,0,0,0,0.15,0.334,0,0,0,0,0,0.335,0,0,0,0,0,0,0,0,0,0,0,0,0,0,0,0,0,0,0,0,0.186,0,0.999,0,0,0,0,0,0,0,0,0,0,0,0,0,0,0,0,0,0,0,0,0,0,0,0,0,0.37,0,0,0,0,0,0.689,0,0,0,0,0,0,0.402,0,0,0,0,0.999,0,0,0,0,0,0,0,0.305,0,0,0,0,0,0,0,0,0,0.203,0,0,0,0,0,0,0,0,0,0,0,0,0,0,0,0,0,0,0,0,0,0,0.21,0,0,0,0,0,0,0,0,0,0,0.152,0,0,0,0.368,0,0,0,0,0,0,0,0.647,0,0,0,0,0,0,0,0,0,0,0,0,0,0,0.187,0.232,0,0,0,0,0,0,0,0.288,0.45,0,0,0,0,0.358,0,0.199,0,0,0.453,0,0,0.991,0.195,0,0,0.997,0,0,0,0,0.255,0,0,0,0,0.186,0.19,0,0,0,0.424,0,0,0,0,0.611,0,0,0,0,0.643,0,0,0,0.965,0.177,0,0,0.224,0,0,0,0,0,0,0,0,0,0,0.288,0.219,0,0,0,0,0.999,0,0,0.157,0,0,0,0,0,0.183,0,0,0,0,0,0,0,0,0.173,0,0,0,0,0,0,0,0.187,0,0.553,0,0,0,0,0,0.509,0.187,0,0,0.284,0.277,0,0.226,0,0.547,0,0,0.187,0.261,0,0,0,0,0,0,0,0.432,0,0,0.246,0,0,0,0,0,0,0,0.815,0,0,0,0.229,0,0,0,0,0,0.157,0.187,0,0,0,0,0,0.985,0,0,0.928,0.556,0,0,0,0,0,0,0,0,0,0,0.497,0,0.196,0,0,0,0,0,0,0,0,0,0.222,0,0,0.453,0.187,0,0.29,0,0.726,0,0,0,0,0,0,0.292,0.432,0,0,0.295,0.295,0,0,0,0.153,0,0,0,0,0,0,0,0,0,0.307,0,0,0,0.203,0,0,0,0,0,0,0,0.167,0,0,0,0,0,0,0,0,0,0,0,0,0,0,0,0.314,0,0,0,0,0.842,0,0,0,0,0,0,0,0,0,0,0,0,0,0,0,0,0,0,0,0,0,0,0,0,0,0,0,0.193,0.18,0,0,0,0,0,0,0,0,0,0.201,0,0,0.284,0.178,0,0,0,0,0,0,0,0,0,0,0,0,0,0,0,0,0,0.196,0,0,0,0,0,0,0,0.383,0,0.222,0,0,0,0,0,0,0,0,0,0,0,0,0,0,0,0,0,0,0,0,0,0,0,0,0,0,0,0,0.194,0,0.184,0,0,0,0,0.203,0,0,0,0,0,0,0,0,0,0,0,0,0,0,0,0,0,0,0,0.309,0,0,0,0.184,0,0,0,0,0,0,0,0,0,0,0,0,0,0,0,0,0.198,0,0,0,0,0,0.507,0,0,0,0,0.284,0.215,0,0,0,0,0,0,0.167,0,0,0.166,0,0.919,0.166,0.9,0,0.316,0,0.603,0,0,0,0,0.96,0,0,0,0,0,0,0,0,0,0,0,0,0,0,0,0,0.167,0,0,0,0,0.356,0,0,0.5,0,0,0,0,0,0,0,0,0,0,0,0,0,0,0,0,0.581,0,0,0,0,0,0,0,0,0,0,0,0,0,0.212,0.491,0,0,0,0.405,0,0,0.215,0.335,0.157,0,0,0,0,0,0,0,0.905,0.228,0,0,0,0,0,0,0,0,0,0,0,0,0,0,0,0,0,0,0,0,0,0,0,0,0,0,0,0,0,0,0,0,0,0,0.181,0,0,0,0,0,0,0,0,0,0,0,0,0,0,0,0,0,0,0,0,0,0,0,0,0,0,0,0,0,0,0,0,0,0,0,0.173,0,0,0,0,0,0.173,0,0,0,0,0,0,0,0,0.613,0,0,0,0,0,0,0,0,0,0,0,0,0,0,0,0,0,0,0,0.183,0,0,0,0,0,0,0,0,0,0,0,0,0,0,0.21,0,0,0,0,0,0,0,0,0,0.32,0.258,0,0,0,0.284,0,0,0,0,0,0,0,0,0.258,0,0,0,0,0,0,0,0,0,0,0,0,0,0,0.173,0,0,0,0,0.187,0.259,0,0,0.152,0,0,0,0,0,0,0,0,0.266,0,0,0,0,0,0,0,0.198,0,0,0,0,0,0,0,0,0,0,0,0,0,0,0,0,0.999,0,0,0,0,0,0,0,0,0,0,0,0,0,0.303,0,0,0,0,0,0,0,0,0,0.207,0.22,0,0,0,0,0,0,0,0,0,0,0,0,0,0,0,0,0,0.173,0,0,0,0,0,0,0,0,0,0,0,0,0,0,0,0.288,0,0,0,0,0,0.196,0,0,0,0,0,0,0,0,0,0,0,0,0,0,0,0,0,0,0,0,0,0,0,0,0,0,0,0.28,0,0.339,0.453,0,0,0,0,0,0,0.196,0,0,0,0,0.339,0.607,0,0,0,0,0,0,0,0,0,0,0,0,0,0,0,0,0,0.175,0,0,0,0,0.187,0,0,0,0,0,0,0,0,0,0,0,0,0,0,0,0,0,0,0,0,0,0,0,0,0,0,0,0,0,0,0,0.718,0,0,0,0,0,0,0,0,0,0,0.449,0,0,0,0,0,0,0,0.986,0,0,0,0.197,0,0,0,0,0,0,0.181,0.653,0.18,0.338,0,0.844,0,0,0,0,0,0,0,0,0,0,0.379,0,0,0,0,0,0,0,0.179,0,0,0,0,0.436,0,0,0,0,0,0,0,0,0,0,0,0.317,0,0,0,0,0,0.282,0.215,0,0,0,0,0,0.197,0,0.317,0,0.284,0,0,0.369,0,0,0,0,0,0,0,0,0,0.752,0,0,0,0,0,0.481,0,0,0,0,0,0,0,0.256,0,0.201,0,0,0,0.436,0,0,0,0.179,0,0,0.209,0,0.28,0,0,0,0,0,0,0,0.7,0,0,0,0,0.194,0,0,0,0,0.162,0.437,0.669,0,0,0,0,0.404,0,0,0.203,0,0.42,0,0,0,0.215,0,0,0,0.253,0,0,0,0,0,0.284,0,0,0,0.283,0,0.201,0,0,0.213,0,0,0,0,0,0,0,0,0,0.282,0,0,0,0,0,0,0,0,0,0,0,0.317,0,0,0,0,0,0,0,0.482,0.215,0,0,0,0,0,0,0,0,0,0,0,0,0,0,0,0,0,0,0,0,0,0,0,0,0,0,0,0,0,0,0,0,0,0,0,0,0,0,0,0,0,0,0,0,0,0,0,0,0,0,0,0,0,0,0,0,0,0,0,0,0,0,0,0,0.218,0,0,0,0,0,0,0,0,0,0,0,0,0,0,0,0,0,0,0,0.297,0,0,0,0,0,0.227,0,0,0,0,0,0,0,0,0,0,0,0,0,0,0,0,0,0.999,0.157,0,0.432,0,0.83,0,0.277,0.222,0.219,0.995,0.636,0.184,0,0,0,0,0,0,0,0.402,0,0,0,0,0,0.989,0,0,0.999,0.954,0,0,0,0,0.91,0,0,0,0,0.568,0,0.357,0.531,0.614,0,0.152,0,0,0,0,0,0.239,0,0,0,0,0.198,0,0,0,0.688,0,0,0,0,0.342,0,0,0,0,0,0,0.952,0,0,0,0,0.751,0,0,0,0.999,0.531,0,0,0,0.298,0.361,0,0,0,0.605,0,0,0,0.315,0.429,0.223,0,0,0,0,0,0,0,0,0,0,0,0,0,0,0,0,0,0,0,0,0,0,0,0,0,0,0.235,0,0.2,0,0,0,0,0,0,0,0,0,0,0,0,0,0,0,0,0,0,0,0.814,0.168,0,0.346,0,0.288,0.254,0,0,0,0,0,0,0,0.964,0,0.982,0,0,0.238,0,0,0,0,0.696,0,0,0,0,0,0,0,0,0.256,0,0,0,0,0,0.173,0,0.164,0,0,0,0,0,0,0,0,0.479,0,0,0.433,0,0,0,0,0,0.907,0,0,0,0,0,0,0,0,0,0,0,0,0,0,0,0,0,0,0,0,0.672,0,0.6,0.991,0.173,0,0,0,0.988,0,0,0.266,0,0,0.67,0.281,0.277,0,0,0,0,0,0,0,0,0,0,0.237,0,0.836,0.277,0.269,0,0.285,0.295,0,0,0,0,0.91,0,0,0,0,0,0,0,0,0,0.999,0,0,0,0,0,0,0,0,0,0,0,0,0,0,0,0.15,0,0,0.188,0,0,0,0.253,0,0,0,0,0,0,0,0,0,0,0,0,0,0.999,0.999,0,0,0,0,0,0,0,0,0,0,0.342,0.208,0,0.344,0,0,0,0,0.637,0,0,0,0,0,0,0,0,0,0,0,0,0.326,0,0,0,0.826,0,0.833,0,0.256,0,0,0,0,0,0.311,0,0,0.347,0.999,0.16,0,0,0,0,0,0,0,0,0,0,0,0,0,0,0,0,0,0,0,0,0,0,0,0,0,0.978,0.218,0,0,0,0,0,0,0.168,0,0,0,0,0,0.999,0,0,0,0,0,0,0,0,0,0,0,0,0.596,0,0,0,0,0,0,0,0,0.477,0,0,0,0,0,0,0,0,0,0,0,0,0,0,0,0,0,0,0,0,0,0,0,0,0,0,0,0,0,0,0,0,0,0,0,0.489,0,0.993,0,0,0,0,0.944,0,0,0.999,0,0,0.155,0,0,0,0,0,0,0.949,0.683,0.353,0,0,0,0.976,0.297,0,0,0,0,0,0.962,0.837,0,0,0,0,0,0,0,0,0,0,0,0,0,0,0.904,0,0.171,0,0.23,0,0.94,0,0,0,0.993,0,0,0,0.388,0,0,0,0.938,0.543,0,0,0,0,0,0,0,0.209,0,0,0.652,0,0,0.223,0,0.491,0,0,0.256,0,0,0,0,0,0,0,0,0,0,0,0,0,0,0,0,0,0,0,0,0,0,0,0,0,0,0,0,0,0,0,0.225,0,0,0,0,0,0.309,0,0.309,0,0,0,0,0,0,0,0,0,0.161,0.946,0,0,0.207,0,0.67,0.366,0,0.67,0,0,0,0,0,0,0,0,0,0,0,0,0,0,0,0,0,0,0,0,0,0,0,0,0,0,0,0,0,0,0,0,0,0,0,0,0,0,0,0.231,0.76,0,0,0,0,0,0,0,0,0,0,0,0,0,0,0,0,0,0,0,0.268,0,0,0,0,0,0,0,0,0.288,0,0,0,0,0.183,0.497,0,0,0,0,0,0,0,0,0,0,0,0,0,0,0,0,0,0,0,0,0,0,0,0,0,0,0,0,0,0,0,0,0,0,0,0,0,0,0,0,0,0,0,0,0,0,0,0,0,0,0,0,0.203,0,0,0,0,0,0,0,0,0,0,0,0,0,0.167,0,0,0,0,0.699,0.166,0,0,0,0,0,0,0,0.275,0,0,0,0,0,0,0,0,0,0.276,0,0,0,0,0,0,0,0,0,0,0.264,0,0,0,0,0,0,0,0,0,0.967,0,0,0,0,0,0,0,0.223,0.258,0,0,0,0,0,0.338,0,0.317,0,0.35,0,0,0,0,0,0,0,0,0,0,0,0,0,0,0,0,0,0.507,0,0,0,0,0.235,0.245,0,0,0,0,0,0,0,0,0,0,0,0,0,0,0,0,0,0,0,0,0,0,0,0,0,0,0,0,0,0,0,0,0,0,0,0,0,0,0,0,0,0,0,0,0,0,0,0,0,0,0,0,0,0,0.517,0,0,0,0,0.198,0,0,0,0,0,0,0,0,0,0,0,0,0,0,0,0,0,0,0,0,0,0,0,0,0.284,0.545,0,0,0,0,0,0,0,0,0,0,0,0.18,0,0,0.262,0,0,0,0,0,0,0,0,0,0,0,0,0.513,0,0,0,0,0,0,0,0,0,0,0,0,0,0,0,0,0,0,0,0,0,0.152,0,0.16,0,0,0,0,0,0,0,0,0,0,0,0,0,0,0,0,0,0,0,0,0,0,0,0,0,0,0,0,0,0,0.187,0,0,0,0,0,0,0,0,0,0,0,0,0,0,0,0,0,0,0,0,0,0,0,0,0,0,0,0,0,0,0,0,0,0,0,0,0,0.535,0,0,0,0,0,0,0,0,0,0,0,0,0,0,0,0,0,0,0,0,0,0,0.228,0,0,0,0,0,0,0,0,0,0,0,0,0,0,0,0,0,0,0,0,0,0,0,0,0,0,0,0,0,0,0.777,0,0,0,0,0,0,0,0,0.378,0.624,0.777,0.777,0,0.176,0,0.391,0,0,0,0,0.188,0,0,0,0,0,0.572,0,0.394,0,0,0,0,0,0,0,0,0.808,0,0,0,0,0,0,0,0,0,0,0,0,0,0,0,0,0,0.19,0,0,0.874,0.172,0,0,0,0.595,0,0,0,0,0,0,0,0,0,0,0,0,0,0,0,0,0,0,0,0,0,0,0,0,0,0,0,0,0,0,0,0,0,0,0,0,0,0,0,0,0,0,0,0,0,0,0,0,0.192,0,0,0,0,0,0,0,0,0,0,0,0,0
852763,0.215,0.231,0.53,0.158,0.557,0,0.489,0,0,0,0,0.24,0.214,0,0,0.325,0.247,0,0.206,0,0,0,0,0,0.209,0,0,0,0,0,0,0,0.233,0,0.496,0,0,0,0.218,0,0,0,0,0,0.185,0.317,0,0.183,0.826,0,0,0,0,0.167,0.186,0,0,0,0,0,0.152,0.204,0,0,0.837,0,0.155,0,0.153,0,0.418,0.161,0,0,0,0.235,0.252,0,0.46,0,0,0,0,0,0,0,0,0,0.173,0,0.232,0,0.301,0,0,0.214,0.19,0.18,0.74,0.349,0,0,0.671,0.225,0,0.46,0,0,0,0,0,0,0,0.163,0,0,0,0,0.197,0,0,0,0,0,0,0,0,0.166,0,0,0.937,0,0,0,0,0.293,0,0.17,0,0.452,0,0,0,0,0,0.999,0,0,0,0,0.219,0,0,0,0,0.884,0,0,0,0.471,0,0,0,0,0.38,0,0,0,0.9,0,0,0.451,0.552,0,0,0,0,0.368,0,0,0.255,0.37,0,0,0,0,0,0,0,0.246,0,0,0,0,0,0.624,0.522,0,0,0,0,0,0,0,0,0.402,0,0.151,0,0,0,0,0.151,0,0,0,0,0,0,0,0,0,0,0,0,0,0,0,0,0.208,0.226,0,0,0,0.643,0,0.374,0,0,0,0.644,0,0,0.222,0,0,0,0.778,0,0,0.259,0,0,0,0,0,0,0,0,0,0,0.249,0.155,0,0,0.219,0,0,0,0,0,0.158,0,0,0,0,0,0,0,0,0,0,0,0,0,0,0,0,0,0,0,0,0,0,0.29,0.266,0,0.178,0,0.279,0,0,0,0,0,0,0.277,0,0,0,0,0,0,0,0,0.234,0.161,0.156,0,0,0,0.207,0.237,0,0.185,0,0,0,0.2,0,0,0.555,0,0,0.283,0,0,0,0,0,0,0,0,0.315,0,0,0,0,0,0,0,0,0.185,0,0,0.309,0.314,0,0,0.233,0,0.186,0,0,0.23,0,0.167,0,0,0.209,0.323,0,0,0.248,0,0,0.197,0,0.254,0.203,0,0.23,0,0,0,0.209,0,0,0,0.192,0.215,0,0,0,0.322,0,0,0,0,0,0,0,0.267,0,0.201,0,0,0.271,0,0.244,0,0,0,0,0,0.176,0.186,0,0,0,0,0,0.394,0.338,0,0.169,0.17,0,0,0,0,0,0,0,0,0,0,0.166,0,0.706,0,0,0,0,0.158,0,0,0,0,0,0,0.246,0.204,0,0,0,0,0,0,0.21,0.48,0.399,0.161,0.165,0,0,0,0.178,0,0.165,0,0.185,0.222,0,0,0.176,0.199,0,0.235,0,0,0,0,0.439,0,0,0,0,0,0.169,0,0,0.405,0,0,0,0,0,0,0,0.275,0,0,0.189,0,0,0.159,0,0,0,0,0,0.383,0,0.39,0,0.239,0,0,0,0.606,0,0,0,0,0.275,0.242,0,0,0,0,0,0,0.289,0.181,0,0,0.159,0,0,0.269,0,0,0,0,0.196,0.207,0,0.271,0,0,0.739,0.167,0,0.209,0,0,0.277,0,0,0,0,0,0,0,0,0.193,0.226,0,0,0,0,0,0.245,0.473,0,0,0,0,0,0,0,0,0,0,0.382,0,0,0,0.199,0,0,0,0,0,0,0,0.158,0,0,0.297,0,0,0.204,0,0,0,0.268,0.237,0,0,0,0,0.358,0,0,0,0.235,0,0.155,0,0,0,0,0,0,0,0,0.8,0.335,0,0.3,0,0,0,0,0.219,0,0.186,0.165,0,0,0,0,0,0,0,0.181,0,0.453,0,0,0,0,0.397,0.192,0.258,0,0,0,0.3,0.442,0,0,0.182,0,0,0,0,0.465,0,0,0,0.201,0,0,0.552,0,0,0,0,0,0,0,0,0,0.275,0,0,0,0.339,0.173,0,0,0,0,0,0,0,0,0.176,0,0,0,0,0,0,0,0,0,0,0,0.332,0,0,0,0.216,0,0.229,0.258,0.293,0,0,0.372,0,0,0,0,0,0,0,0.197,0,0,0,0,0,0,0,0,0.495,0.198,0,0.271,0,0,0,0.194,0,0,0,0,0,0,0.194,0.255,0,0.387,0.264,0,0,0.222,0,0,0.182,0,0.152,0,0,0,0,0,0,0.171,0,0,0.431,0.267,0,0.186,0,0,0,0,0,0,0,0.292,0,0,0.177,0.258,0.207,0,0,0,0,0,0,0,0,0.452,0.198,0.234,0,0,0,0,0,0,0,0,0.176,0,0.191,0,0.345,0,0,0,0,0,0.167,0,0,0,0,0,0,0,0,0,0,0,0,0,0,0.309,0,0.387,0,0,0,0,0.175,0.186,0.242,0,0,0,0,0,0,0,0,0,0,0.4,0,0,0,0,0.183,0,0,0,0,0,0.29,0.165,0,0.16,0.189,0,0.359,0.352,0,0,0,0.161,0,0.15,0,0,0.195,0,0.171,0,0,0,0,0,0.195,0,0.225,0,0.186,0,0.192,0,0,0,0.216,0.554,0.29,0,0,0,0,0,0.63,0.24,0,0,0.201,0,0,0,0,0.2,0,0.653,0,0,0.198,0,0,0,0.221,0,0,0,0.23,0.371,0.189,0.41,0.188,0,0,0,0,0,0.195,0,0.239,0,0,0.252,0,0,0,0,0,0,0,0,0,0.446,0,0,0,0,0,0,0.588,0,0,0,0,0,0.443,0,0.178,0,0.167,0,0,0,0,0,0,0,0,0,0,0,0,0,0,0,0,0,0,0,0,0,0,0,0,0,0,0,0,0,0,0,0,0,0,0,0,0,0.307,0,0,0,0,0,0,0,0,0,0,0.454,0,0,0,0,0.235,0.152,0,0.203,0.166,0,0,0.194,0.16,0,0,0,0,0,0,0,0,0,0,0,0,0,0,0,0,0,0.201,0.444,0,0,0,0.355,0,0,0.254,0,0,0,0,0.557,0,0,0,0,0,0,0,0,0,0,0.246,0,0,0.791,0,0,0,0,0,0,0,0,0,0,0,0,0.339,0,0.275,0.17,0,0,0,0.185,0.29,0.185,0.306,0,0.154,0,0.307,0,0,0,0,0,0,0,0,0,0.339,0,0.891,0,0.78,0.212,0,0,0,0,0,0,0.578,0,0,0,0,0,0.207,0,0.152,0.286,0,0.325,0.339,0,0,0,0,0,0,0.158,0,0,0,0,0,0,0.203,0,0,0,0,0,0,0,0,0,0,0.358,0,0,0,0,0,0.173,0,0,0,0,0,0.309,0,0,0,0,0.901,0,0,0,0,0,0,0,0,0,0.26,0,0,0,0,0.232,0,0,0,0.465,0,0,0,0.339,0.539,0,0.565,0,0,0,0.879,0,0.576,0,0.173,0.249,0,0.156,0.226,0,0,0,0,0,0,0,0,0,0,0.335,0,0,0,0,0.552,0,0,0,0,0,0.177,0.471,0,0,0,0,0,0,0,0,0.58,0,0,0,0,0,0,0,0,0.249,0.449,0,0,0,0,0.215,0.197,0,0,0,0,0,0,0,0.211,0,0.999,0,0.175,0,0,0,0.2,0,0,0,0,0,0,0,0.193,0.173,0,0,0,0.444,0.169,0.278,0,0,0,0,0,0,0,0,0,0,0,0,0,0,0,0,0,0,0,0,0,0,0,0,0.409,0.999,0.538,0,0,0,0.173,0,0.153,0.393,0,0,0,0,0.152,0,0.237,0.396,0,0,0,0,0,0,0.151,0.239,0.187,0.152,0,0,0.315,0.339,0,0,0,0,0,0,0.161,0,0,0,0.409,0,0,0.445,0,0,0,0,0,0,0,0.185,0,0,0,0,0.318,0,0,0,0.19,0,0,0,0,0,0,0,0,0,0,0,0,0,0,0.906,0,0.168,0,0,0,0,0,0,0,0,0,0,0,0,0,0,0,0,0,0,0,0,0.339,0,0,0,0,0,0,0,0.454,0,0,0,0,0,0,0,0,0,0,0,0,0,0,0,0.746,0,0,0,0,0,0,0,0,0,0,0,0,0,0,0.202,0,0,0.373,0,0,0,0,0,0,0,0,0,0,0,0.193,0,0,0,0,0,0,0,0,0.692,0,0.339,0,0.151,0,0,0,0.209,0,0,0,0,0.511,0,0,0,0,0.452,0.157,0,0,0,0,0.339,0,0,0,0.202,0.197,0,0,0,0,0,0,0,0,0,0,0,0,0,0,0,0,0,0,0.557,0,0,0,0.388,0,0,0,0,0.252,0,0,0,0,0,0,0,0,0,0,0.214,0,0,0,0,0,0,0,0,0,0,0,0,0,0,0,0,0,0,0,0,0,0,0,0,0,0.216,0,0.152,0,0,0,0,0,0,0,0,0,0,0.181,0,0,0.553,0,0,0,0,0,0,0,0,0,0,0,0,0,0,0,0,0,0,0,0.389,0,0.185,0,0,0,0.263,0,0,0,0.223,0,0,0,0,0,0,0,0,0.184,0,0,0,0,0,0,0,0,0,0.154,0,0,0,0,0,0,0,0,0,0,0,0,0,0,0,0,0,0,0,0,0.154,0,0.351,0,0,0,0,0,0,0,0,0,0,0,0,0,0,0,0,0,0,0,0,0,0,0,0.23,0,0,0,0,0,0,0,0,0,0,0,0,0,0,0.173,0,0,0,0,0.256,0,0.201,0,0.309,0,0,0,0,0.152,0.173,0,0.185,0,0,0,0,0,0,0,0,0,0,0,0,0,0,0,0,0.205,0,0,0,0,0,0,0,0,0,0,0,0,0.188,0,0,0.205,0,0,0,0,0,0,0,0.199,0,0,0,0,0,0,0,0,0,0,0,0,0,0,0,0,0,0,0,0,0,0,0,0,0,0,0,0,0.298,0.181,0,0,0,0,0,0,0,0,0.197,0,0,0.207,0,0,0.174,0,0,0,0,0,0,0,0,0,0,0,0,0,0,0,0,0,0,0,0,0.17,0,0,0,0,0,0,0,0,0,0,0,0.154,0,0,0,0,0,0,0,0,0,0,0,0,0,0,0,0,0.162,0,0,0,0,0,0.157,0,0,0,0,0,0,0,0,0,0,0,0,0,0.298,0.382,0.243,0,0,0,0,0,0,0,0,0.177,0,0.159,0.286,0,0.384,0,0,0,0,0,0,0,0,0,0,0,0,0.188,0,0,0,0,0,0,0,0,0,0,0,0,0.676,0.296,0,0,0,0,0,0,0,0,0,0,0,0,0,0,0.178,0,0,0,0,0,0,0,0,0,0.182,0,0,0,0.156,0,0,0,0,0,0,0.261,0.157,0,0,0,0,0,0.182,0,0,0,0.228,0,0,0,0,0,0,0,0,0.367,0,0.277,0.478,0,0,0,0,0,0,0.424,0,0,0,0.248,0,0,0,0,0,0,0,0,0.27,0,0.218,0.173,0,0,0,0,0,0,0,0.158,0.226,0.281,0,0,0.571,0,0,0,0,0,0,0,0,0.253,0,0,0,0,0.184,0,0,0,0,0,0,0,0,0,0,0,0.21,0,0,0,0,0,0.402,0.486,0,0.192,0,0,0.167,0,0,0,0,0.167,0.259,0,0,0,0,0,0,0.201,0,0,0,0,0,0.219,0,0,0,0,0,0,0,0,0,0,0,0,0,0,0,0,0.299,0.266,0,0,0,0,0,0,0,0,0,0,0,0,0,0,0,0,0,0,0.582,0,0,0,0,0,0,0,0,0,0,0,0,0,0,0,0,0,0,0,0,0,0,0,0,0,0,0,0,0.231,0,0,0,0,0,0,0,0,0,0,0,0,0,0,0.235,0,0,0,0,0,0,0,0,0,0,0,0,0,0,0.551,0,0,0,0,0,0,0,0,0,0,0,0,0,0,0,0,0.23,0,0,0,0,0,0,0,0,0,0,0,0.243,0,0,0,0,0.233,0,0,0,0,0,0,0,0.175,0,0,0.551,0,0,0,0,0,0,0,0,0,0,0,0,0,0,0,0.24,0,0,0,0,0,0,0,0,0,0,0.222,0,0,0,0,0,0,0,0,0,0,0.24,0,0,0,0,0.278,0.173,0,0,0,0,0,0,0,0.182,0,0,0,0,0,0,0,0,0,0,0,0,0,0,0.18,0,0.371,0,0,0.235,0,0,0,0,0,0,0,0,0,0,0,0,0,0,0,0,0,0.152,0,0,0,0.222,0.205,0,0,0,0,0,0,0.224,0,0,0,0.152,0.186,0,0,0,0,0,0,0,0,0,0.152,0,0,0,0,0,0,0,0.162,0,0,0,0,0,0,0,0,0,0,0,0.209,0.24,0,0,0,0,0,0,0,0,0,0,0,0,0,0,0,0,0,0,0,0,0,0,0,0,0,0,0,0,0.276,0,0,0,0,0,0,0,0,0,0,0,0,0,0,0,0.275,0,0,0.266,0,0,0,0,0,0,0,0.311,0,0,0,0,0,0,0,0,0,0.485,0,0,0,0,0,0,0,0.177,0,0.177,0,0,0,0,0,0,0,0,0,0.226,0,0,0,0,0,0,0,0.523,0.504,0,0,0.237,0,0,0,0.174,0,0,0,0,0,0,0,0,0,0.397,0,0.258,0,0,0,0,0,0,0,0,0,0,0.17,0,0,0,0.256,0,0,0,0,0,0,0,0,0,0.371,0,0,0,0,0,0,0,0,0.162,0,0,0,0.17,0.174,0,0,0,0,0,0,0,0,0,0.15,0,0,0.231,0,0,0,0,0.197,0,0,0,0,0,0,0,0.174,0,0,0,0,0,0,0,0,0,0,0,0,0,0,0,0,0,0,0.309,0,0,0,0,0,0,0,0,0,0.288,0.23,0,0,0,0,0,0,0,0,0,0,0,0,0,0,0,0,0,0,0,0,0,0,0,0,0,0,0,0,0,0.208,0,0,0,0,0,0,0,0,0,0.223,0,0,0,0,0,0,0,0,0,0,0.238,0,0,0,0,0,0,0.354,0,0,0,0,0,0,0,0,0,0,0,0,0,0,0,0,0,0.192,0,0,0,0,0,0,0,0,0,0,0,0,0,0,0,0,0,0,0.267,0,0,0,0,0,0,0,0,0,0,0,0,0,0,0,0,0,0,0,0,0,0,0,0,0,0,0,0,0,0,0,0,0,0,0,0,0,0,0,0,0.22,0,0,0.158,0,0,0,0,0.586,0,0,0,0,0,0.209,0,0,0,0.485,0,0.193,0,0,0.275,0,0,0,0.255,0,0,0,0,0.197,0,0,0,0,0,0,0,0,0,0,0.258,0,0.278,0,0,0.248,0,0,0,0,0,0,0,0,0,0.238,0,0.218,0,0,0,0,0,0,0,0.163,0,0,0,0,0,0.263,0.165,0,0,0,0.217,0,0,0,0,0,0,0,0,0,0,0,0,0,0,0,0,0.167,0,0.2,0,0,0,0,0,0,0,0,0,0,0,0,0,0,0.163,0,0,0,0,0,0,0,0,0,0,0,0,0.173,0.243,0,0,0,0,0,0,0,0,0,0,0.218,0,0,0,0,0,0,0,0.209,0,0,0,0,0,0.166,0,0,0,0,0,0,0,0,0.16,0,0,0,0,0,0,0,0,0,0,0,0,0,0,0,0,0,0,0,0,0,0,0.307,0,0,0,0,0,0,0,0,0,0,0.158,0,0,0,0.268,0,0,0,0,0,0,0,0,0,0,0,0,0,0,0,0,0,0,0,0,0,0,0,0,0,0,0,0,0,0,0,0,0.197,0,0,0,0,0,0,0,0.151,0,0,0.197,0,0,0,0,0,0,0,0,0,0,0,0,0,0,0,0,0.17,0,0,0,0,0,0,0,0,0,0,0,0,0,0,0,0,0,0,0.182,0,0,0,0,0.627,0,0,0,0,0,0,0,0,0.174,0,0,0.627,0,0,0,0,0,0,0,0.999,0,0,0,0,0,0,0,0,0,0,0,0,0,0,0,0,0,0,0,0,0,0,0,0,0,0,0,0,0.176,0,0,0,0,0,0,0,0.84,0,0,0.181,0,0,0.258,0,0,0,0,0,0,0,0,0,0,0,0,0,0,0,0,0,0.273,0,0,0,0,0,0,0,0,0,0.165,0,0,0,0,0.359,0,0,0,0,0,0,0,0,0,0,0.166,0,0,0.258,0,0,0,0,0,0,0,0,0,0.202,0.159,0,0,0,0,0,0,0,0,0.268,0,0,0,0,0,0,0,0,0,0,0,0,0,0.179,0,0,0.202,0,0,0,0,0,0.273,0,0,0,0.199,0.259,0,0,0,0,0.297,0,0,0,0,0,0,0,0,0,0,0,0,0,0,0,0,0,0,0,0,0,0,0,0,0,0,0,0,0,0,0,0,0.555,0,0,0,0,0,0,0,0,0,0,0,0,0,0,0,0.237,0,0,0,0,0,0,0,0,0,0,0,0,0,0,0,0,0,0,0,0,0,0,0,0,0,0.481,0,0,0.278,0,0,0,0,0,0,0,0.2,0,0,0,0,0,0,0,0,0,0,0,0,0,0,0,0.236,0,0,0,0,0,0,0.394,0,0,0,0,0,0,0,0,0,0,0,0,0,0,0,0,0,0,0,0,0,0,0,0,0,0,0,0,0,0.187,0,0,0,0,0,0,0.198,0,0,0,0,0,0,0,0,0,0,0,0,0,0,0,0,0,0,0,0,0.257,0,0,0.215,0,0,0,0.152,0,0.151,0,0,0,0,0,0,0,0.198,0,0,0,0,0.162,0,0.202,0,0,0,0,0,0,0,0,0,0.394,0,0,0,0,0,0,0,0,0,0.24,0,0,0.313,0,0,0,0,0,0,0,0,0,0,0,0.279,0,0,0,0,0,0,0.248,0,0,0,0,0,0,0,0,0.254,0,0.279,0.159,0,0,0.221,0,0,0,0.238,0,0,0,0,0,0,0,0.465,0,0,0,0,0,0,0,0,0,0,0,0,0.171,0,0.228,0,0,0,0,0,0,0,0,0,0,0,0.233,0,0,0,0,0.221,0,0,0,0,0.209,0,0.161,0,0,0,0,0,0,0,0.181,0,0,0,0,0,0,0,0.198,0.196,0,0,0,0,0,0,0.224,0.611,0,0,0,0,0.153,0,0.181,0.243,0.312,0,0,0,0,0,0,0,0,0,0,0,0,0,0,0,0,0,0,0,0,0,0.193,0,0,0.262,0,0,0,0.181,0,0.228,0,0,0,0,0,0,0,0,0,0,0,0,0,0,0,0,0,0,0,0,0,0,0,0,0,0,0,0,0,0.273,0,0,0,0,0,0,0,0,0.154,0,0,0,0,0,0,0,0,0,0.55,0,0,0,0,0,0,0,0,0,0.237,0,0,0,0,0,0,0.214,0,0,0,0,0,0,0,0,0,0,0,0,0,0,0,0,0,0,0,0.197,0,0,0,0.284,0,0,0,0,0,0,0,0,0,0,0,0,0,0.599,0,0.17,0.195,0,0,0,0,0,0,0,0.302,0,0.198,0,0,0,0,0,0,0,0,0,0,0,0,0.192,0,0,0,0,0,0,0,0,0,0.193,0,0,0.185,0,0,0,0,0.169,0,0,0,0,0,0,0.182,0,0,0,0,0,0,0,0.156,0.905,0,0,0,0,0,0,0,0,0.335,0,0.154,0,0,0,0,0.196,0,0,0,0,0,0,0,0,0,0,0,0,0,0,0,0,0,0,0,0,0,0,0,0,0,0,0,0,0,0,0,0,0,0,0,0,0,0,0,0,0,0,0,0,0,0,0,0,0,0,0,0,0,0,0,0,0,0,0,0.224,0,0.162,0.207,0,0,0,0,0,0,0,0,0,0,0,0,0.886,0,0,0,0,0,0,0.827,0,0,0,0,0,0,0,0,0,0,0.214,0,0,0,0,0,0,0,0,0,0,0,0,0,0,0,0,0,0,0,0,0,0,0,0,0,0,0,0,0,0,0.161,0,0,0,0,0,0,0.563,0,0.157,0.441,0,0,0.2,0,0,0,0,0,0.196,0,0,0,0,0,0.15,0,0,0,0,0,0,0,0,0,0,0,0,0,0,0,0,0,0,0,0,0,0,0,0.182,0,0,0,0,0,0,0,0,0,0,0,0,0,0,0,0,0,0,0,0,0,0,0,0,0,0,0,0,0,0,0.38,0,0,0,0,0,0,0,0,0,0,0.992,0,0,0,0,0.194,0,0,0,0,0.998,0,0,0,0.161,0,0,0,0.165,0,0,0,0,0,0,0,0,0,0,0,0,0,0,0,0,0,0,0,0,0,0,0,0,0,0,0,0,0.284,0,0,0,0,0,0,0,0,0,0,0,0,0,0,0,0,0,0,0,0,0,0,0,0,0,0,0,0,0.235,0,0,0,0,0,0,0,0,0,0,0,0,0.166,0,0,0,0,0,0,0,0,0,0,0,0,0.153,0,0,0,0,0,0,0,0,0,0,0,0,0,0,0,0,0,0,0,0,0,0,0,0,0,0,0,0,0.186,0,0,0,0,0,0,0,0,0,0,0,0,0,0,0,0,0,0,0,0,0.284,0,0,0,0,0,0,0,0,0,0,0,0,0,0,0,0,0,0,0,0,0,0,0,0,0,0,0,0,0,0,0,0,0,0,0,0,0,0,0,0.355,0,0,0,0,0,0,0,0,0,0,0,0,0,0,0,0,0,0,0,0,0,0,0,0,0,0,0,0,0,0,0,0,0,0,0,0,0,0,0,0,0,0,0.797,0,0,0,0,0,0,0,0,0,0,0,0,0,0,0,0,0,0,0,0,0,0,0,0,0,0,0,0,0,0,0,0,0,0,0,0,0,0,0,0,0,0,0,0.553,0,0,0,0,0,0.227,0,0,0,0,0,0,0,0,0,0,0,0,0,0,0,0,0.171,0,0,0.803,0,0,0,0,0,0,0,0,0,0,0,0,0,0,0,0,0,0,0,0,0,0,0,0,0,0,0,0,0,0,0,0,0,0,0,0,0,0,0,0,0,0.297,0,0,0,0,0,0,0,0,0,0,0,0,0,0,0,0,0,0
854267,0,0,0,0,0,0,0,0,0,0,0,0,0,0,0,0,0,0,0,0,0,0,0,0,0,0,0,0,0,0,0,0,0,0,0,0,0,0,0,0,0,0,0,0,0,0,0,0,0,0,0,0,0,0,0,0,0,0,0,0,0,0,0,0,0,0,0,0,0,0,0,0,0,0,0,0,0,0,0,0,0,0.245,0,0,0,0,0,0,0,0,0,0,0,0,0,0,0,0,0,0,0,0,0,0,0,0,0,0,0,0,0,0,0,0.167,0,0,0,0,0,0,0,0,0,0,0,0,0,0,0,0,0,0,0,0,0,0,0,0,0,0,0,0,0,0.235,0,0.167,0,0,0,0,0,0,0,0,0,0,0,0,0,0,0,0,0,0,0,0,0,0,0,0,0,0,0,0,0,0,0,0,0,0,0,0,0,0,0.802,0,0,0,0,0,0,0,0,0,0,0,0,0,0,0,0,0,0,0,0,0,0,0,0,0,0,0,0,0,0,0,0,0,0,0,0,0,0,0,0,0,0,0,0,0,0,0,0,0,0,0,0,0,0.167,0,0.321,0,0,0,0,0,0,0,0,0,0.228,0,0,0,0,0,0,0,0,0,0,0,0,0,0,0,0,0,0,0,0,0,0,0,0,0,0,0,0,0,0,0,0,0,0,0,0,0,0.167,0,0,0,0,0,0,0,0,0,0,0,0,0.153,0,0,0,0,0,0,0,0,0,0,0,0,0,0,0,0,0,0,0,0,0,0,0,0,0,0,0,0,0,0,0,0,0.193,0,0,0,0,0,0,0,0,0,0,0,0,0,0,0,0,0,0,0,0,0,0,0,0,0,0,0,0,0,0,0,0,0,0,0,0,0,0,0,0,0,0,0,0,0.293,0,0,0.176,0,0,0,0,0,0,0,0,0,0,0,0,0,0,0,0,0,0,0,0,0,0,0,0,0,0,0,0,0,0,0,0,0,0,0,0,0,0,0,0,0,0,0,0,0,0,0,0,0.342,0,0,0,0,0,0,0,0,0,0,0,0,0,0,0,0,0,0,0,0,0,0,0,0,0,0,0,0,0,0,0,0,0,0,0,0,0,0,0,0,0.337,0,0,0,0,0,0,0,0,0,0,0,0,0,0,0,0,0,0,0,0,0,0,0,0,0,0,0,0,0,0,0,0,0,0,0,0,0,0,0,0,0,0,0,0,0,0,0,0,0,0,0,0,0,0,0,0,0,0,0,0,0.36,0,0,0,0,0,0,0,0,0,0,0,0,0,0,0,0,0,0,0,0,0,0,0,0,0,0,0,0,0,0,0,0,0,0,0,0,0,0,0,0,0.757,0,0,0,0,0,0.153,0,0,0,0,0,0,0,0,0,0,0,0,0,0,0,0,0,0,0,0,0,0,0,0,0,0,0,0,0,0,0,0,0,0,0,0,0,0,0,0,0,0,0,0,0,0,0,0,0,0,0,0.176,0,0,0,0,0,0.543,0,0,0,0,0,0.359,0,0,0,0.395,0,0,0,0,0,0,0,0,0,0,0,0,0,0.237,0,0,0,0,0,0,0,0,0,0,0,0,0,0,0,0,0.58,0.274,0,0,0,0,0,0,0,0,0,0,0.305,0.171,0,0,0,0,0,0,0,0,0,0,0,0,0,0,0,0,0,0,0,0,0,0,0,0,0,0,0,0,0,0,0,0,0,0,0,0,0,0,0,0,0,0,0,0.165,0,0,0,0.152,0,0,0,0,0,0,0,0,0,0,0.535,0,0,0,0,0,0,0,0,0,0,0,0,0.659,0,0,0,0,0,0,0,0,0,0,0,0,0,0,0,0.155,0,0,0,0,0,0,0,0,0,0,0.278,0,0,0,0,0,0,0,0,0,0,0,0,0,0,0,0,0,0,0,0,0,0,0.177,0,0,0,0,0,0,0,0,0,0,0,0,0,0,0,0,0,0,0,0.202,0,0,0,0,0,0.2,0,0,0,0,0,0,0,0,0,0.449,0,0,0,0,0,0,0,0,0.175,0.179,0,0,0,0,0,0,0,0,0,0,0.158,0,0,0,0,0,0,0,0,0.178,0,0,0,0,0,0,0,0,0,0,0,0,0,0,0,0,0,0,0,0,0,0,0,0,0,0,0,0.261,0,0,0,0,0.198,0,0,0,0.153,0,0,0,0,0,0,0,0,0,0,0,0,0,0,0.297,0,0,0,0,0,0,0,0,0,0,0,0,0,0,0,0,0,0,0,0,0,0,0,0,0,0,0,0,0,0,0,0,0,0,0,0,0,0,0,0.874,0,0,0,0,0,0,0,0,0,0,0,0,0,0,0,0,0,0,0,0,0,0,0,0,0,0,0,0,0,0,0.153,0,0,0,0,0,0,0,0,0,0,0,0,0,0,0,0,0,0,0,0,0,0,0,0,0,0,0,0,0,0,0,0,0,0,0,0,0,0.173,0,0,0,0,0,0,0,0,0,0,0,0,0,0,0,0,0,0,0,0,0,0,0,0,0,0,0,0,0,0,0,0,0,0,0,0,0,0,0,0.795,0,0,0.156,0,0,0,0,0,0,0,0,0,0,0,0,0.152,0,0,0,0,0,0,0.327,0,0,0,0,0,0,0,0,0,0,0,0,0,0,0,0,0,0,0,0,0,0,0,0,0,0,0,0,0,0,0.154,0,0,0,0,0,0,0,0,0,0,0,0,0,0.165,0,0,0,0,0.288,0,0,0,0,0,0,0,0,0,0,0,0,0,0,0,0,0,0,0,0,0,0,0,0,0,0,0,0,0,0,0,0,0,0,0.683,0,0,0,0,0,0,0,0,0,0,0,0,0,0,0,0,0,0,0,0,0,0,0,0,0.461,0,0.224,0,0,0,0,0,0,0,0,0,0,0,0,0,0,0,0,0,0,0,0,0,0,0,0,0,0,0,0,0,0,0,0,0,0,0,0,0,0,0,0,0,0,0,0,0,0,0,0,0,0,0,0,0,0,0,0,0,0,0,0.659,0.152,0,0,0,0,0,0,0,0,0,0,0,0,0,0,0,0,0,0,0,0,0,0,0,0,0,0,0,0,0,0,0,0,0,0,0,0,0,0,0,0,0,0,0,0,0,0,0,0,0,0,0,0,0,0,0,0,0,0,0,0,0,0,0,0,0,0,0,0,0,0.152,0,0,0,0,0,0,0,0,0,0,0.158,0,0,0,0,0,0,0,0,0,0,0,0,0,0,0,0,0,0,0,0.308,0,0,0,0,0,0,0,0,0,0,0,0,0,0,0,0,0,0,0,0,0,0,0,0.152,0,0,0,0,0,0.235,0,0,0.662,0,0,0,0,0,0,0,0,0,0,0,0,0,0,0,0,0,0,0,0,0,0,0,0,0,0,0,0,0,0,0,0,0.201,0,0,0,0,0,0.376,0,0,0,0,0,0,0,0,0,0,0,0,0,0.729,0,0,0,0,0,0,0,0,0,0,0,0,0,0,0,0,0,0,0,0,0,0,0,0,0,0,0,0,0,0,0,0,0,0,0,0,0,0,0,0,0,0,0.184,0,0,0,0,0,0,0,0.152,0,0,0,0,0,0.513,0,0,0,0,0,0,0,0,0,0,0,0,0,0,0.197,0,0,0,0,0,0.152,0,0,0,0.152,0,0,0,0,0,0.195,0,0,0,0,0,0,0,0,0,0,0,0,0,0,0,0,0,0,0,0,0,0,0,0,0,0,0,0,0,0,0,0,0,0,0,0,0,0,0,0,0,0,0,0,0.171,0,0,0,0,0,0,0,0,0,0,0,0,0,0,0,0,0,0,0,0,0,0,0,0,0,0,0,0,0,0,0,0,0,0,0,0,0,0,0,0,0,0,0,0,0,0,0,0,0,0,0,0,0,0,0,0,0.237,0,0,0,0,0,0,0,0,0,0,0,0,0,0,0,0,0,0,0,0,0,0,0,0,0,0,0,0,0,0,0,0,0,0,0,0,0,0,0,0,0,0,0,0,0,0,0,0,0,0,0,0,0,0,0,0,0,0,0,0,0,0,0,0,0,0,0,0,0,0,0,0,0,0,0,0,0,0,0,0,0,0,0,0,0,0,0,0,0,0,0,0,0,0,0,0,0,0,0,0,0,0,0,0,0,0,0,0,0,0,0,0,0,0,0,0,0,0,0,0,0,0,0,0,0,0,0,0,0,0,0,0,0,0,0,0,0,0,0,0,0,0,0,0,0,0,0,0,0,0,0,0,0,0,0,0,0,0,0,0,0,0,0,0,0,0,0,0,0,0,0,0,0,0,0,0,0,0,0,0,0,0,0,0,0,0,0,0,0,0,0,0,0,0,0,0,0,0,0,0,0,0,0,0,0,0,0.963,0,0,0,0,0,0,0,0,0,0,0,0.15,0,0.366,0,0,0,0,0,0.153,0,0,0,0,0,0,0,0,0,0,0.373,0,0,0,0,0,0,0.15,0,0,0,0,0,0,0,0,0,0,0,0,0,0,0,0.263,0.387,0,0,0,0,0,0,0,0,0,0,0,0,0,0,0,0,0,0,0,0,0.662,0,0,0,0,0,0.94,0,0,0,0,0,0,0,0,0,0.379,0,0,0.255,0,0.177,0,0.369,0,0,0.759,0,0,0,0.195,0.238,0.468,0.172,0,0,0,0,0,0,0.152,0,0,0.384,0,0.361,0,0,0.763,0,0,0,0,0,0,0,0,0,0,0,0,0,0.164,0,0,0,0,0,0,0,0,0,0.292,0,0,0,0,0,0,0,0,0.218,0,0.302,0,0.223,0,0,0,0,0,0.153,0,0,0,0,0,0,0,0,0,0,0,0.199,0,0,0,0,0,0,0,0,0,0,0,0,0,0,0,0,0,0.231,0.169,0,0,0,0,0,0,0,0,0,0,0.758,0.205,0.68,0,0,0,0.194,0,0,0,0,0,0,0,0,0.662,0,0,0,0,0,0,0,0,0,0,0,0,0,0,0.236,0,0,0,0,0,0,0,0,0,0,0,0,0,0,0,0,0,0,0,0,0,0,0,0,0,0,0,0,0,0,0,0,0,0,0,0,0,0,0,0,0,0.317,0,0,0,0,0,0,0,0,0,0,0,0,0,0,0,0,0,0,0,0,0,0,0,0,0,0,0,0,0,0,0,0,0,0,0,0,0,0,0,0,0,0,0,0,0,0,0,0,0,0,0,0,0,0,0,0,0,0,0,0,0,0,0,0,0,0,0,0,0,0,0,0,0,0,0,0,0,0,0,0,0,0,0,0,0,0,0,0,0.2,0,0,0,0,0,0,0,0,0,0,0,0,0,0,0,0,0,0,0,0,0,0,0,0,0,0,0,0,0,0,0,0,0,0,0,0,0,0,0,0,0,0.276,0,0,0,0.243,0,0,0,0,0.262,0,0,0,0,0,0,0,0,0,0,0,0,0,0,0,0,0,0,0,0,0,0,0,0,0,0,0,0,0.193,0,0,0.198,0,0,0,0,0,0,0,0,0,0.375,0,0,0,0.311,0,0,0,0,0,0,0,0,0,0,0,0,0,0,0,0,0,0.255,0,0,0,0,0,0,0,0,0,0,0,0,0,0,0,0,0,0,0,0,0,0.24,0,0,0,0,0.22,0,0,0,0,0,0,0,0,0,0,0,0,0,0,0,0,0.328,0,0.218,0,0,0,0,0,0,0,0,0,0,0,0,0,0,0,0,0,0,0,0,0,0,0,0,0,0,0,0,0,0.215,0,0,0,0,0,0,0,0,0,0,0,0,0,0,0,0,0,0,0,0,0,0,0,0,0,0,0,0,0,0,0,0,0,0,0,0,0,0,0,0,0,0,0,0,0,0,0,0,0,0,0,0,0,0,0,0,0,0,0,0,0,0,0,0,0,0,0,0,0,0,0,0,0,0,0,0.227,0,0,0,0,0,0,0,0,0,0,0,0,0,0,0,0,0,0,0,0,0,0,0,0,0,0,0,0,0,0,0,0,0,0,0,0,0,0,0,0,0,0,0,0,0,0,0,0,0,0,0,0,0,0,0,0,0,0,0,0,0,0,0,0,0,0,0,0,0,0,0,0,0,0,0,0,0,0,0,0,0,0,0,0,0,0,0,0,0,0,0,0,0,0,0,0,0,0,0,0,0,0,0,0,0,0,0,0,0,0,0,0,0,0,0,0,0,0,0,0,0,0,0,0.249,0,0,0,0,0,0,0,0,0,0,0,0,0,0,0,0,0,0,0,0,0,0,0,0,0,0,0,0,0,0,0,0,0,0.194,0,0,0,0,0,0,0,0,0,0,0,0,0,0,0,0,0,0,0,0,0,0,0,0,0,0,0,0,0,0,0,0,0,0,0,0,0,0,0,0,0,0,0,0,0,0,0.15,0,0,0,0,0,0,0.169,0,0,0,0,0,0,0,0,0,0,0,0,0,0,0,0.151,0,0,0,0,0,0,0,0,0,0,0,0,0,0,0,0,0,0,0,0,0,0,0,0,0,0,0,0,0.175,0,0,0,0,0,0,0,0,0,0,0,0,0,0,0,0.195,0,0.269,0,0,0,0,0,0,0,0,0,0,0,0,0,0,0,0,0,0,0,0,0,0,0,0,0,0,0,0,0,0,0,0,0,0,0,0,0,0,0,0,0,0,0,0,0,0,0,0,0,0,0,0.233,0,0,0,0,0,0,0,0,0,0,0,0,0,0,0,0,0,0.203,0,0,0,0,0,0,0,0,0,0,0,0,0,0,0,0,0,0,0,0,0,0,0,0,0,0,0,0,0,0,0,0,0,0,0,0,0,0,0,0,0,0,0,0,0,0,0,0,0,0,0,0,0,0,0,0,0,0,0,0,0,0,0,0,0,0,0,0,0,0,0,0,0,0,0,0,0,0,0,0,0,0,0,0.245,0,0,0,0,0,0,0,0,0,0,0,0,0,0,0,0,0,0,0,0,0,0,0,0,0,0.495,0,0,0,0,0,0,0,0,0.604,0,0,0,0,0,0,0,0,0,0,0,0,0,0,0,0,0,0,0,0,0,0,0,0,0,0,0,0,0,0,0,0,0,0,0,0,0,0,0,0,0.216,0,0,0,0,0,0,0,0,0,0,0,0,0,0,0,0,0,0,0,0,0,0,0,0,0,0,0,0,0,0,0,0,0,0,0,0,0,0,0,0,0,0,0,0,0,0,0,0.221,0.153,0,0,0.351,0,0,0,0,0,0,0,0,0,0,0,0,0,0,0,0,0,0.253,0,0,0.194,0,0,0,0.221,0,0.16,0,0,0,0,0,0,0.19,0,0,0.179,0,0,0,0.278,0,0.426,0,0,0,0,0,0.436,0.177,0,0,0,0,0.365,0,0,0.303,0,0,0,0,0.248,0,0,0,0,0.16,0,0,0,0,0,0.153,0,0,0,0,0,0,0,0,0,0,0,0,0,0.937,0,0.482,0,0,0,0.998,0,0,0,0,0,0,0,0,0,0,0,0,0,0,0,0,0,0,0,0,0,0,0,0,0,0,0,0,0,0,0,0,0,0,0,0,0,0,0,0,0,0,0,0,0.229,0,0,0,0,0,0,0,0,0,0,0,0,0,0,0,0.176,0,0,0,0,0,0,0,0,0,0,0,0,0,0.906,0.945,0,0,0,0.169,0,0,0,0.72,0,0,0,0,0,0,0,0,0,0,0.456,0,0,0,0,0,0,0,0,0,0,0,0.381,0,0,0,0,0,0,0,0,0,0,0,0,0,0,0,0,0.318,0,0,0,0,0,0,0,0,0,0,0,0,0.237,0,0,0,0,0,0,0,0,0,0,0,0,0,0,0,0,0,0,0,0,0,0,0,0,0,0,0,0,0,0,0,0,0,0,0,0,0,0,0,0,0,0,0,0,0,0,0,0,0,0,0,0,0,0.313,0,0,0,0,0,0,0,0,0,0,0,0,0,0,0,0,0,0,0,0.328,0.274,0,0,0,0,0,0,0,0.259,0,0,0,0,0,0,0,0,0,0,0,0,0,0,0,0,0,0,0,0,0,0,0,0,0,0,0,0,0,0,0,0,0,0,0,0,0,0.273,0,0,0,0,0,0,0,0,0,0,0,0,0,0,0,0,0,0,0,0,0,0,0,0,0,0,0,0,0,0,0,0,0,0,0,0,0,0,0,0,0,0,0,0,0,0,0,0,0,0,0,0,0,0,0.171,0,0,0,0,0,0,0,0,0,0,0,0,0,0,0,0,0,0,0,0,0,0,0,0,0,0,0,0,0,0,0,0,0,0,0,0,0,0,0,0,0,0,0,0.24,0,0.608,0,0.698,0,0,0,0.182,0,0,0,0,0,0,0,0,0,0,0,0,0,0,0.695,0,0,0,0,0,0,0,0,0,0,0.202,0,0.151,0,0,0,0,0,0,0.292,0,0,0,0,0.154,0.855,0.165,0,0,0,0,0,0.314,0,0,0.26,0,0,0,0,0,0,0,0,0.2,0,0,0,0,0,0,0,0,0,0,0,0,0,0,0,0,0,0,0,0,0,0,0,0,0,0,0,0,0,0,0,0,0,0,0,0,0,0,0,0,0,0,0,0,0,0,0,0,0,0,0,0,0,0,0,0,0,0,0,0,0,0.196,0,0,0,0,0,0,0,0,0,0,0,0.693,0,0.171,0,0,0,0,0,0,0,0,0,0,0,0,0,0,0,0,0,0,0,0,0,0.362,0,0,0,0,0,0,0,0,0.187,0,0,0,0,0,0,0,0,0,0,0,0,0,0,0,0,0,0,0,0,0,0,0,0,0,0,0,0,0,0,0,0,0,0,0,0,0,0,0,0,0,0,0,0,0,0,0,0,0,0,0,0,0,0,0,0,0,0,0,0,0,0,0,0,0,0,0,0,0,0,0,0,0,0,0,0,0,0,0,0,0,0,0,0,0,0,0,0,0,0,0,0,0,0,0,0,0,0,0,0,0,0.157,0,0,0,0,0,0,0,0,0,0,0,0,0,0,0,0,0,0,0,0,0,0,0,0,0,0,0,0,0,0,0,0,0,0,0,0,0,0,0,0,0,0,0,0,0,0,0,0,0,0,0,0,0,0,0,0,0,0,0,0,0,0,0,0,0,0,0,0,0,0,0,0,0,0,0,0.241,0,0,0,0,0,0,0,0,0,0,0,0,0,0.217,0,0,0,0,0,0,0,0,0,0,0,0,0,0,0,0,0,0,0,0,0,0,0,0,0,0,0,0,0,0,0,0,0,0,0,0,0,0,0,0.321,0,0,0,0,0,0,0,0,0,0,0,0,0,0,0,0,0,0,0,0,0,0,0,0,0.401,0,0,0,0,0,0,0.25,0.276,0,0,0,0,0,0,0,0,0,0,0,0,0,0,0,0,0,0,0,0,0,0,0,0,0,0,0.792,0.179,0,0,0,0,0,0,0,0,0,0,0,0,0,0,0,0,0,0,0,0,0,0,0,0,0,0.284,0.879,0.171,0,0,0,0,0.283,0,0,0,0,0,0,0,0,0,0,0,0,0,0,0,0,0,0,0,0,0,0,0,0,0,0,0,0,0,0,0,0,0,0.177,0,0,0,0,0,0,0,0,0,0,0,0,0,0,0,0,0,0,0,0,0,0,0,0,0,0,0,0,0,0,0,0,0,0,0,0,0,0,0,0,0,0,0,0,0,0,0,0,0,0,0,0,0,0,0,0,0,0,0,0,0,0,0,0,0,0,0,0,0,0,0,0,0,0,0,0,0,0,0,0,0,0,0,0,0,0,0,0,0,0.377,0,0,0,0,0,0,0,0,0,0,0,0,0,0.407,0,0,0,0,0,0,0,0,0,0,0,0,0,0,0,0,0,0,0,0,0,0,0,0,0,0,0,0,0,0,0,0,0,0,0,0.276,0,0,0,0.179,0,0,0,0,0,0,0,0,0,0,0.529,0,0,0,0,0,0,0,0,0,0,0,0,0,0,0,0,0,0,0,0,0,0,0,0,0,0,0,0,0,0,0,0,0,0,0,0.187,0,0,0,0,0,0,0,0,0,0,0,0,0,0,0,0,0,0,0,0,0,0,0,0,0,0,0,0,0,0.189,0,0,0,0,0,0,0,0,0,0,0,0
850342,0.156,0,0.592,0,0.6,0,0.61,0.26,0.195,0,0,0,0,0,0,0.441,0.361,0,0.635,0.193,0,0,0,0,0,0,0.319,0,0.537,0.159,0,0,0.413,0,0.339,0,0,0,0,0,0,0,0,0,0,0.423,0,0.169,0,0,0,0.159,0,0,0,0,0,0,0,0,0,0.185,0.516,0,0.381,0.156,0.231,0.16,0.26,0,0.702,0,0,0,0,0.258,0,0.258,0.357,0,0,0.159,0,0,0,0,0.31,0,0.375,0,0,0,0.325,0,0,0,0.515,0,0.288,0,0,0.163,0.374,0.29,0.236,0.299,0,0,0,0.297,0,0,0,0.186,0,0,0,0,0.512,0,0,0,0,0,0,0.222,0,0.157,0,0,0.339,0,0,0,0,0.338,0.39,0,0.335,0.229,0.43,0,0.396,0.161,0,0.483,0,0,0,0.313,0.476,0,0.193,0.276,0,0.535,0,0,0,0,0,0,0,0.398,0.244,0,0.226,0.297,0,0,0,0,0.252,0,0,0,0,0.314,0,0,0.313,0.511,0.697,0.502,0.376,0,0.195,0.332,0.19,0,0.226,0.252,0.308,0.153,0.532,0.299,0.194,0,0,0.153,0,0.167,0,0.29,0.23,0.839,0.165,0,0,0.329,0,0,0.655,0,0,0,0.332,0,0,0.295,0.267,0.97,0.202,0,0.62,0.299,0.175,0.338,0,0.364,0.253,0.689,0,0.993,0.167,0.195,0.653,0.337,0.199,0,0.282,0,0.48,0.159,0,0,0.298,0.504,0,0.46,0.485,0.767,0.303,0,0,0,0,0,0,0,0,0.15,0.815,0.26,0,0,0.297,0.979,0,0.446,0,0,0,0,0,0,0.317,0,0.152,0.266,0,0.431,0.26,0.161,0.238,0.367,0,0.215,0.276,0.181,0.207,0,0,0.22,0.181,0.193,0,0.191,0,0,0.321,0.216,0,0,0.231,0,0.36,0.175,0.229,0,0,0.194,0.686,0.515,0,0.905,0.151,0.343,0.376,0,0.214,0.298,0.499,0,0,0,0.406,0,0,0,0,0.315,0,0.36,0.151,0.329,0,0.699,0.226,0,0.22,0,0,0,0.215,0.416,0.195,0,0.364,0.433,0,0.612,0,0.945,0.393,0,0.375,0,0.404,0,0,0.28,0.335,0,0,0,0,0.64,0,0,0.982,0.251,0,0,0.681,0.208,0.371,0.379,0.17,0.337,0,0,0,0.264,0,0.205,0.195,0.174,0,0.584,0,0,0.337,0.344,0,0,0,0.63,0,0.298,0.157,0,0.385,0,0.83,0.713,0.258,0,0.42,0.635,0,0.19,0,0,0.61,0.152,0,0.999,0.295,0.276,0,0,0,0.98,0.375,0,0.228,0,0.165,0,0.528,0.206,0.446,0,0.39,0,0,0.162,0.349,0.77,0,0.182,0,0,0.315,0.177,0.285,0,0,0.396,0.368,0,0.184,0,0.697,0,0,0,0.502,0,0.155,0.363,0.322,0,0,0.359,0.23,0,0,0,0,0,0,0.382,0,0.156,0.395,0,0.2,0,0,0.943,0.273,0.834,0,0.292,0,0,0.635,0,0,0,0.293,0.341,0.336,0,0.274,0.29,0,0.78,0,0.221,0.27,0,0,0.738,0.538,0,0,0.295,0,0,0.202,0.297,0.616,0.873,0.553,0,0,0,0.384,0.481,0,0,0,0,0,0,0.212,0.273,0,0,0,0,0,0.394,0.48,0,0,0.309,0.497,0,0,0.601,0.226,0.309,0,0,0.218,0.98,0,0,0,0.297,0.402,0,0.272,0.588,0,0.258,0,0.186,0.309,0,0,0,0,0.209,0.167,0,0,0.244,0,0.27,0.245,0,0,0,0.184,0,0.167,0,0.294,0,0.936,0.249,0.309,0.257,0,0.192,0,0.29,0.232,0.4,0,0,0,0,0.209,0,0.715,0.7,0.354,0.568,0.383,0,0.163,0,0.259,0,0.181,0.456,0,0.771,0.194,0.384,0,0,0,0.331,0,0.161,0.709,0.176,0,0.192,0.7,0,0.778,0,0.445,0.908,0,0,0.162,0.226,0.964,0,0.813,0,0,0.767,0.192,0.285,0.36,0,0,0.227,0.194,0.262,0,0,0.515,0.245,0.235,0.325,0,0,0,0,0.248,0,0.171,0,0.577,0,0.331,0.205,0.52,0.458,0,0,0.355,0.309,0,0,0,0,0.192,0,0,0.25,0,0,0.286,0.483,0,0,0.446,0.357,0.563,0.336,0,0,0,0.449,0.155,0,0,0.34,0,0.3,0.229,0,0,0,0.155,0.152,0,0,0.446,0.394,0.449,0,0,0.329,0,0,0.187,0,0.247,0,0.253,0.27,0.254,0,0,0,0.511,0.234,0.75,0,0,0,0,0.185,0.781,0,0.643,0,0.219,0.151,0.53,0.156,0.345,0.174,0.226,0.269,0,0,0,0,0,0,0.298,0,0,0,0.255,0,0,0.2,0,0,0.234,0,0.979,0.396,0.683,0,0,0,0,0.227,0.293,0.305,0.384,0,0.272,0.698,0.26,0,0,0,0.16,0,0,0.973,0.21,0,0,0,0,0.276,0.458,0.192,0.296,0,0.916,0.312,0,0.207,0,0.297,0,0.225,0,0.195,0.307,0,0,0.157,0.257,0,0.197,0.452,0,0.172,0.244,0,0,0,0,0,0,0.481,0.255,0.377,0.394,0.221,0.163,0.342,0.153,0,0.489,0.152,0.395,0.708,0.611,0,0.179,0,0,0,0,0.481,0,0.3,0,0.204,0.457,0.354,0.232,0,0.227,0.171,0.768,0.734,0.41,0.862,0,0.223,0.199,0,0,0,0.703,0.196,0.553,0,0.15,0.868,0.564,0,0.253,0.196,0,0,0.293,0.384,0.195,0.229,0,0,0.199,0.24,0.237,0.515,0,0,0.197,0,0.614,0,0,0,0.282,0.2,0.155,0,0.227,0,0,0.288,0,0,0.197,0.521,0.16,0,0,0.508,0,0,0.803,0,0,0.22,0.152,0,0.229,0.334,0,0.229,0.309,0.33,0.974,0.16,0,0.272,0.22,0.218,0,0.211,0.187,0.221,0.219,0.737,0.228,0,0.22,0,0.232,0.228,0.268,0.162,0,0.331,0.576,0.379,0.767,0.238,0.202,0,0.611,0.662,0,0.253,0.486,0.303,0,0,0,0,0,0.538,0,0,0,0,0,0.225,0.187,0.168,0,0,0,0,0,0,0,0,0,0,0,0,0,0,0,0,0,0,0,0,0,0,0,0,0,0,0,0,0,0,0.228,0,0,0,0.15,0,0,0,0,0,0,0,0,0,0.167,0,0,0,0,0,0,0,0,0,0,0,0,0.363,0,0,0,0,0,0,0,0,0.171,0,0.218,0.29,0,0,0,0,0,0.224,0,0.208,0,0.274,0,0.171,0.159,0,0,0,0.385,0,0.395,0.339,0,0,0,0,0,0.154,0,0,0.15,0,0.159,0,0,0,0,0,0,0,0,0,0,0,0,0,0,0,0,0,0.297,0.297,0,0,0,0,0,0.279,0,0,0,0,0.212,0,0,0,0,0,0,0,0,0,0,0.188,0,0,0,0,0.274,0.173,0.205,0,0,0,0.166,0,0,0.164,0,0,0.276,0,0,0,0.161,0.394,0,0,0,0,0,0,0,0,0,0,0,0,0.356,0.204,0,0,0,0,0,0,0,0,0,0,0,0,0,0,0,0,0,0,0,0,0,0.454,0,0,0,0,0.606,0,0,0,0,0,0,0.325,0,0,0,0,0,0,0,0,0,0,0,0,0,0,0.186,0,0,0.241,0.307,0.196,0,0,0,0,0,0,0,0,0,0,0,0,0.178,0.47,0,0.239,0,0,0,0,0,0,0.371,0.548,0,0,0.161,0,0,0,0,0,0.191,0,0,0.223,0,0,0,0,0,0.196,0,0,0,0,0,0,0,0,0,0,0,0,0,0,0.23,0.446,0,0,0,0,0,0,0,0,0.251,0,0,0.164,0,0,0,0.232,0,0,0.58,0.172,0.208,0,0.297,0.192,0.298,0,0,0,0,0,0,0.566,0,0,0,0,0,0.485,0,0,0,0,0.178,0,0,0,0,0,0.187,0,0,0.185,0,0,0,0,0.237,0,0,0,0,0,0,0,0,0,0,0,0,0.205,0,0.309,0.361,0,0,0,0,0.302,0,0,0,0.257,0,0,0,0,0,0,0.471,0,0.394,0,0,0,0,0,0.213,0,0,0,0,0.356,0,0,0,0,0,0.339,0,0,0,0,0,0,0,0,0.161,0,0.158,0,0.309,0.273,0,0,0.166,0,0,0,0,0.258,0,0,0,0,0.201,0,0,0,0,0,0,0,0,0.155,0.163,0,0,0,0.261,0,0,0,0.18,0,0,0,0,0,0,0,0,0,0,0,0,0,0,0,0,0.165,0,0,0,0.273,0.155,0,0,0,0.226,0,0,0,0.22,0,0.212,0,0,0,0,0,0.211,0,0,0,0.152,0,0,0,0,0.525,0,0.457,0,0,0.959,0.47,0,0,0,0,0,0,0,0.161,0,0,0.461,0,0,0,0,0.297,0,0,0.219,0.177,0,0,0,0,0,0,0,0,0,0.161,0,0,0.296,0,0,0,0.193,0,0,0,0.392,0,0,0,0.215,0,0.789,0.19,0,0.311,0,0,0,0,0,0.197,0,0,0,0,0,0,0.191,0,0.226,0,0.224,0.228,0,0,0,0,0,0,0,0.154,0,0.237,0,0,0,0,0.331,0,0.379,0,0,0.231,0,0.276,0,0,0,0.2,0,0,0,0,0.426,0,0.204,0,0,0,0,0,0,0,0,0,0,0,0,0.234,0,0,0,0,0,0.237,0,0,0,0,0,0.183,0,0,0.169,0,0.245,0,0.379,0,0,0,0,0.161,0,0.302,0,0.167,0,0,0,0.226,0,0,0,0.258,0,0,0,0,0,0.303,0,0,0,0.178,0,0,0,0,0,0,0,0,0.201,0,0.19,0,0,0,0,0,0,0,0,0.153,0,0.205,0,0,0,0,0.258,0,0,0.482,0,0,0,0,0,0,0,0,0,0.222,0,0.22,0,0,0,0,0,0,0,0,0,0,0,0,0,0,0,0,0,0,0,0,0.549,0,0,0.227,0,0,0,0,0,0,0,0,0,0,0,0,0,0,0.204,0,0,0,0,0,0,0.196,0,0,0,0,0,0,0,0.193,0,0,0,0,0.191,0,0,0,0,0,0,0,0,0,0,0,0,0,0.233,0,0,0,0,0,0,0,0,0.181,0,0,0,0.201,0,0,0.197,0.172,0.151,0,0.226,0,0,0,0,0,0,0,0,0,0,0.353,0,0,0,0,0,0,0,0,0,0,0.337,0,0,0,0,0,0.172,0,0,0,0.183,0,0,0,0,0,0,0,0,0,0.589,0,0,0,0.241,0,0,0,0,0,0,0,0,0,0,0,0,0,0,0,0,0,0,0.338,0,0,0,0,0,0,0,0,0,0,0.155,0,0,0,0,0.194,0,0,0,0,0,0.271,0,0,0,0,0,0,0,0,0,0,0,0,0,0,0,0,0.304,0,0,0,0,0,0,0,0,0.197,0,0,0,0.226,0,0.274,0,0,0,0,0,0,0,0.173,0,0.185,0,0,0.167,0.279,0,0.246,0,0,0,0,0.165,0,0,0,0,0.176,0.192,0,0,0,0,0,0,0,0,0,0,0,0.449,0,0,0,0.158,0.218,0,0,0,0,0,0,0,0,0.193,0,0,0,0,0,0,0,0,0.217,0.176,0,0,0.297,0,0,0,0,0,0,0,0,0,0,0,0,0.151,0.474,0,0.44,0,0,0.169,0.154,0.28,0,0,0.277,0.178,0.155,0,0,0,0,0,0.203,0,0,0.174,0.224,0,0,0,0,0,0,0.195,0,0.156,0,0,0,0.271,0.164,0,0.203,0,0,0,0.326,0,0,0.178,0,0.162,0,0.166,0.335,0,0,0,0.411,0,0,0.188,0,0.199,0,0,0.284,0,0,0.232,0,0.235,0,0,0,0,0.187,0,0,0,0,0.352,0,0,0,0,0,0,0,0,0,0,0,0,0,0.353,0,0,0,0,0.486,0,0.44,0,0,0.498,0,0.169,0,0,0.623,0.423,0.162,0.169,0,0,0.416,0,0,0,0,0,0.258,0,0,0,0.191,0,0.193,0.159,0,0,0,0,0,0,0,0,0,0,0,0,0,0,0.151,0,0,0,0,0.339,0,0,0,0.297,0,0,0.169,0.199,0,0.445,0,0.169,0,0,0,0,0,0,0,0,0,0,0,0,0,0,0.309,0,0,0,0.217,0,0,0,0,0,0,0,0,0.203,0,0,0,0,0,0,0,0.971,0,0,0,0,0,0.195,0,0,0,0,0,0,0,0,0,0,0,0,0,0,0,0,0,0,0,0.216,0,0,0,0,0,0,0,0,0,0,0,0,0,0,0,0,0,0,0,0,0,0,0,0,0,0,0,0,0,0,0,0,0,0,0,0,0.159,0,0,0,0,0,0,0.172,0,0,0,0,0,0,0.254,0,0,0,0,0,0,0,0,0,0,0,0.168,0.153,0,0.346,0.153,0,0,0,0,0,0,0,0,0,0.46,0.17,0.29,0,0,0,0.373,0,0,0,0,0,0.178,0,0.2,0,0.326,0,0,0,0,0,0,0.222,0,0.153,0,0.292,0,0,0,0,0,0,0.201,0,0.167,0,0,0,0,0,0,0,0,0,0,0,0,0,0,0,0.338,0,0,0,0,0,0,0,0,0,0,0,0,0,0.229,0.346,0,0,0,0,0,0.208,0,0,0,0,0,0,0,0,0,0,0,0.182,0,0.435,0,0,0,0,0,0.392,0,0,0,0,0.173,0,0,0.227,0,0,0,0.171,0,0,0,0,0,0.171,0,0.296,0,0,0,0,0,0,0.192,0.195,0,0,0,0,0,0,0,0,0,0,0.268,0.165,0,0,0.154,0,0,0.161,0,0,0,0,0.194,0,0,0,0,0,0,0,0,0,0,0,0.218,0,0,0,0,0.446,0,0,0,0.377,0.182,0.228,0,0,0,0,0,0.311,0.309,0,0,0,0,0,0,0,0,0,0,0,0,0,0,0.339,0.161,0,0,0,0,0,0.258,0,0.353,0,0.223,0,0,0.297,0,0,0.226,0,0.29,0,0,0,0,0,0,0,0,0,0,0,0,0,0,0.167,0,0,0,0,0,0,0,0.235,0,0,0,0.161,0,0.445,0,0,0.275,0,0,0,0,0,0,0,0.171,0.276,0,0.227,0,0,0,0,0,0,0,0.358,0,0,0.152,0.163,0,0,0.194,0.15,0.168,0.317,0,0,0,0,0,0.229,0,0,0.237,0,0,0,0,0,0,0,0,0,0,0,0,0,0,0,0,0,0,0,0,0,0.396,0,0,0,0,0.155,0.392,0.15,0,0,0,0,0,0,0,0,0,0,0,0.18,0,0,0,0,0,0.276,0,0,0,0,0,0,0,0,0,0.376,0,0.193,0,0,0,0,0,0,0,0,0,0,0,0,0,0,0.154,0,0,0.22,0,0,0,0,0,0,0,0,0,0,0.194,0,0,0,0,0,0,0,0,0,0.309,0,0,0,0,0,0,0.22,0,0,0.196,0,0,0,0,0,0,0,0,0,0.229,0,0,0,0,0.39,0,0.271,0.181,0,0,0,0,0,0.192,0,0.226,0,0,0,0.272,0,0,0,0,0,0,0,0,0,0,0,0,0,0,0,0,0.202,0,0,0,0,0,0,0,0,0.224,0,0,0,0,0,0.292,0,0,0,0,0.325,0,0,0,0,0,0,0,0.163,0,0,0,0,0,0,0,0,0,0,0.157,0,0,0,0,0.211,0,0,0,0,0,0,0.189,0,0.155,0,0,0,0,0,0,0,0,0.233,0,0,0,0,0,0,0,0,0,0,0,0,0,0,0,0,0,0,0,0.189,0,0.169,0,0.176,0,0,0.178,0,0,0.165,0.156,0,0,0.363,0,0,0,0,0,0,0,0,0,0,0,0,0,0,0,0,0,0,0,0,0.161,0.15,0,0,0,0,0,0,0,0,0.153,0,0,0,0,0,0,0,0,0,0,0.171,0.164,0,0,0.152,0,0,0,0,0,0,0,0,0,0,0,0,0,0,0.161,0,0,0,0,0,0,0.335,0.156,0,0,0,0,0,0,0,0,0,0,0.235,0,0,0.212,0,0,0,0,0.163,0,0,0,0,0,0,0,0,0.223,0,0.29,0,0,0,0,0,0,0,0.549,0,0,0,0,0,0,0.184,0,0.17,0,0.217,0.169,0,0.179,0.171,0,0.176,0,0,0,0.175,0,0,0,0,0.23,0,0.212,0,0,0,0,0.36,0,0,0,0,0,0,0,0,0,0,0,0,0,0,0,0,0,0,0,0,0,0,0,0,0,0,0,0,0,0,0,0,0,0.219,0,0,0,0,0,0,0,0,0,0,0,0,0,0,0,0,0,0,0,0,0,0,0,0,0.169,0,0,0,0,0,0,0,0,0,0,0,0,0,0,0,0,0,0,0,0,0,0,0,0,0,0,0,0,0,0,0,0,0.292,0.309,0,0,0,0,0,0,0,0,0,0,0.37,0,0,0,0,0,0,0,0,0,0,0,0.204,0,0,0.297,0.755,0,0.2,0,0.285,0,0,0.204,0.204,0,0,0.167,0.204,0,0.218,0,0,0,0,0.31,0,0.174,0,0,0,0.198,0.323,0.215,0,0.221,0.211,0,0,0,0.478,0,0,0,0,0.198,0,0,0,0.198,0.241,0.205,0,0,0,0.247,0,0,0,0,0.171,0,0,0.204,0,0,0.437,0,0.163,0.204,0.15,0,0.303,0.204,0.295,0,0.286,0,0,0,0,0,0.158,0,0.244,0.204,0.367,0.198,0,0,0,0,0.652,0.201,0,0,0,0.284,0,0,0,0.179,0.396,0.214,0.335,0,0,0,0,0.212,0,0.176,0,0,0,0,0,0,0,0.445,0,0.337,0.318,0.191,0,0,0,0,0,0,0,0,0,0.163,0.193,0,0.192,0,0.311,0,0.161,0,0,0,0,0,0,0,0,0,0,0,0,0.189,0,0,0,0.292,0,0,0,0,0,0,0,0.156,0.188,0.161,0.233,0,0,0,0,0,0,0,0,0,0,0,0,0,0,0,0.154,0,0.175,0,0,0.209,0,0,0,0,0,0,0,0,0,0,0,0,0.473,0,0,0,0.152,0,0,0.207,0,0,0,0,0,0,0,0,0,0,0,0,0,0,0,0,0,0.243,0,0,0,0,0,0,0,0.196,0,0,0,0,0,0,0,0,0,0,0,0,0,0,0,0,0,0,0,0,0.159,0,0,0,0,0,0,0,0,0,0,0,0,0,0.164,0,0,0,0.232,0,0,0,0,0,0,0.322,0,0,0,0,0,0.161,0,0,0,0,0,0,0,0,0,0,0,0,0.199,0,0,0,0,0,0.192,0,0.213,0.193,0,0,0,0,0,0,0.154,0,0.171,0,0,0,0,0,0,0,0,0,0.163,0,0,0,0,0.224,0,0,0,0,0,0,0,0.276,0,0,0.228,0,0,0,0,0,0,0.207,0,0,0,0,0,0,0,0,0.272,0,0,0,0,0,0,0.161,0,0,0,0,0,0,0,0,0,0,0,0,0.336,0,0,0.275,0.256,0,0,0.196,0.227,0,0.276,0,0.219,0,0,0,0.168,0,0,0,0,0,0,0.166,0,0.714,0.193,0,0.338,0,0,0,0,0,0,0,0,0.172,0,0,0.254,0,0,0,0,0,0,0,0,0,0.277,0.193,0.156,0,0,0,0.891,0,0,0,0.198,0,0,0,0,0,0,0,0,0,0,0,0,0,0,0,0,0,0,0,0,0,0,0,0,0,0,0,0,0,0,0.16,0.319,0,0,0,0,0,0,0,0,0,0,0,0,0,0,0,0,0,0,0,0.257,0,0,0.325,0,0,0,0,0,0,0,0,0,0,0,0,0,0,0,0,0,0,0,0.154,0.15,0,0,0,0,0,0,0,0.15,0,0,0,0,0,0,0,0.229,0,0,0,0,0,0,0,0,0,0,0,0,0,0,0,0,0,0,0,0,0,0,0,0,0,0,0,0,0,0,0,0,0,0,0,0,0,0,0.153,0,0,0,0,0,0,0.313,0,0,0,0,0,0,0,0,0,0,0,0,0,0,0,0,0,0,0,0,0,0,0,0,0,0,0,0,0,0,0,0,0,0,0.154,0,0,0,0.158,0,0.49,0,0,0,0,0,0,0,0.522,0,0,0,0,0,0,0,0,0.174,0,0,0,0,0.335,0,0.344,0.234,0,0,0,0,0,0,0,0,0,0,0,0,0,0,0,0,0,0,0,0,0,0,0,0,0,0,0,0,0,0,0,0,0,0,0,0,0,0,0.151,0,0,0,0,0,0.162,0,0,0,0,0,0,0,0,0,0,0,0,0,0,0,0,0,0,0,0,0,0.229,0,0,0,0,0,0.29,0.229,0,0,0,0,0,0,0.258,0,0,0,0,0,0,0,0,0,0,0,0,0,0,0.196,0,0,0,0,0,0,0,0,0,0,0,0,0,0,0,0,0,0,0,0,0,0,0,0,0,0,0,0,0,0,0,0,0,0,0,0,0,0,0,0.252,0,0,0,0,0,0,0,0,0,0,0,0,0,0,0,0,0,0,0,0,0,0,0,0,0,0,0.196,0,0,0,0,0,0,0,0,0,0,0,0.23,0,0,0,0,0,0,0.163,0,0.482,0,0,0,0,0,0,0,0,0,0,0,0,0,0,0,0,0,0,0,0,0,0,0,0.159,0,0,0,0,0,0,0,0.744,0,0.258,0,0,0,0,0,0,0,0,0,0,0.359,0,0,0,0,0,0,0,0.394,0,0,0,0,0,0,0,0,0,0,0,0,0,0,0,0,0,0,0,0,0,0,0,0,0,0,0,0,0,0,0,0,0.333,0,0,0,0,0,0,0,0,0,0,0,0,0,0.159,0,0.317,0.184,0,0,0,0,0,0,0,0,0,0,0,0,0,0,0,0,0,0.211,0,0.351,0,0.45,0,0,0,0,0,0,0,0,0,0,0,0,0,0,0,0,0,0,0,0,0,0,0,0.171,0,0,0,0,0,0,0,0,0,0,0,0,0,0,0,0,0,0.158,0,0,0,0,0,0,0,0,0,0,0,0,0,0,0,0.171,0,0,0.297,0,0,0,0,0,0.236,0,0.232,0,0,0,0,0,0.309,0,0,0,0,0,0,0,0,0,0,0,0,0,0,0,0,0,0,0.276,0,0,0,0,0,0,0,0,0,0,0,0,0,0,0.351,0,0,0,0,0,0,0,0,0,0,0,0,0,0,0.247,0.158,0.161,0,0,0.191,0,0,0,0,0,0,0,0,0,0,0.332,0,0.297,0.22,0,0,0,0,0,0,0,0,0,0,0,0,0,0,0,0,0,0,0,0,0,0,0,0,0,0,0,0,0,0,0,0,0,0,0,0,0,0,0,0,0,0,0,0,0,0,0,0,0,0,0,0,0,0,0,0,0,0,0,0.758,0,0,0,0,0,0,0,0,0,0,0.192,0,0,0,0,0,0,0,0,0,0.192,0,0,0,0,0,0,0,0,0,0,0,0,0,0.171,0,0,0,0,0,0,0,0,0,0,0,0,0,0,0,0,0,0,0,0,0.161,0,0.55,0,0,0,0,0,0,0,0,0,0,0,0,0,0,0,0,0,0
854268,0.193,0.266,0.332,0.563,0,0,0.54,0.842,0.346,0.62,0.378,0,0,0,0,0.966,0.975,0,0.206,0,0,0,0,0,0.281,0,0.713,0,0.4,0,0,0,0.56,0.288,0.998,0,0,0.914,0,0,0.493,0.264,0,0,0.177,0.43,0,0.573,0.619,0.169,0,0.22,0.384,0,0.914,0,0,0.291,0.378,0,0.398,0.254,0.264,0.207,0.567,0,0.485,0.288,0.376,0,0.831,0,0,0.58,0.255,0,0.939,0,0.991,0,0,0.162,0,0.172,0,0.441,0.151,0,0.487,0,0.271,0,0,0.931,0.266,0,0.638,0.324,0.32,0.154,0.466,0.284,0.958,0.345,0.527,0.99,0.292,0,0,0,0,0,0,0,0,0,0,0.176,0.643,0,0,0.928,0.183,0,0,0.299,0,0.419,0,0,0.505,0,0,0,0,0.499,0,0,0.689,0.943,0.263,0.195,0.161,0,0,0.435,0,0,0,0.288,0.516,0,0.493,0.548,0,0.721,0.346,0,0,0.673,0,0,0,0.826,0.335,0,0,0.267,0.415,0.306,0,0.669,0,0,0,0,0,0.892,0,0.652,0.58,0.959,0,0,0,0,0,0,0.265,0.171,0.218,0,0,0.184,0.262,0,0,0,0,0,0,0,0,0,0.226,0,0,0,0,0.313,0,0,0.32,0,0.204,0.15,0,0.156,0,0,0,0,0,0.274,0,0,0,0,0,0,0,0,0,0,0.158,0,0.284,0,0.161,0,0,0,0,0,0,0,0,0.268,0,0,0,0,0,0,0,0,0.178,0.17,0,0,0,0,0,0.221,0.511,0,0,0.16,0,0,0,0,0,0,0,0,0,0,0.191,0,0,0,0.176,0,0,0.217,0,0,0.325,0.192,0,0,0,0,0,0,0,0,0,0,0,0,0,0,0,0,0.425,0,0,0,0,0,0,0.231,0,0.355,0,0,0.217,0.155,0,0,0,0,0,0,0,0,0.319,0,0,0,0,0,0,0.264,0,0,0.201,0,0,0,0,0,0,0.187,0,0,0,0.265,0.244,0,0,0,0.281,0.166,0.221,0,0,0,0,0,0,0,0,0.15,0.404,0,0.161,0,0.396,0,0.191,0,0,0,0,0.207,0,0,0,0,0,0,0,0,0.198,0.151,0,0,0.182,0,0,0,0,0,0,0,0,0,0,0,0,0,0,0,0,0,0.406,0,0.307,0.163,0,0,0,0,0,0,0,0,0,0,0,0.161,0,0.161,0,0,0.197,0,0.393,0,0.154,0,0,0.194,0,0.377,0.2,0,0,0.3,0,0,0,0.235,0,0.421,0,0,0,0,0,0.197,0,0,0,0,0,0,0,0,0.183,0,0.691,0.207,0,0,0,0,0,0,0,0,0.188,0,0,0,0,0,0.171,0,0,0,0,0.241,0,0,0.276,0.241,0,0.254,0.813,0,0,0,0,0,0,0.229,0,0,0,0.163,0,0,0,0.2,0.191,0,0,0,0,0,0.178,0,0.15,0,0,0,0,0,0,0,0,0.192,0,0,0,0,0,0,0,0,0,0,0,0,0,0,0,0,0,0,0,0.183,0,0,0,0,0,0,0.32,0,0,0,0.231,0.746,0,0.218,0,0,0,0,0,0,0,0,0,0,0,0,0,0.253,0,0,0,0,0,0,0,0,0,0,0.264,0,0,0,0,0,0,0,0.258,0.16,0.322,0,0,0,0,0.175,0.191,0,0,0,0,0,0,0,0,0,0,0,0,0,0.275,0,0,0,0,0,0,0,0,0,0,0,0,0.369,0.279,0.166,0,0,0,0.425,0,0,0,0.482,0,0,0,0,0,0,0,0,0,0,0,0.562,0,0,0,0,0.244,0,0,0,0.243,0.205,0,0,0,0,0,0,0,0,0,0.165,0,0,0,0,0,0,0,0,0,0,0,0,0,0,0,0.451,0,0,0.166,0,0.158,0,0,0,0,0,0,0,0,0.167,0,0,0,0,0,0,0,0,0,0,0,0.183,0.492,0.183,0.381,0,0.164,0,0.291,0,0,0,0.2,0,0,0,0,0.18,0,0,0,0,0,0,0,0.153,0,0,0,0,0,0,0,0,0,0,0,0,0,0,0,0,0,0,0,0,0.179,0,0,0.515,0,0,0,0,0,0,0,0,0,0,0,0.328,0,0,0,0.185,0,0,0,0,0.168,0,0,0.187,0,0.278,0.175,0,0,0,0.258,0,0,0,0,0,0,0,0,0,0,0,0,0.219,0,0,0,0,0,0,0,0,0,0,0,0.177,0,0,0.183,0,0,0,0,0,0,0,0,0,0,0,0,0,0,0,0,0.184,0,0,0.168,0.17,0,0.193,0,0,0,0,0,0,0.181,0.313,0.389,0,0,0,0,0.219,0,0.181,0,0,0,0,0.37,0,0,0,0,0,0,0,0,0.379,0,0,0,0,0,0,0,0,0,0,0,0,0,0.234,0,0,0,0,0,0,0.166,0,0,0,0,0,0,0.242,0,0,0.173,0,0,0,0,0,0.23,0,0,0,0,0,0,0,0,0,0,0,0,0,0,0,0,0,0,0,0,0,0,0,0,0.248,0,0.2,0,0,0,0,0,0,0,0,0,0,0.163,0,0,0,0,0,0,0,0.298,0,0,0,0,0.253,0,0,0,0,0,0.642,0,0.151,0.257,0,0,0,0,0,0,0,0,0,0.551,0,0,0.325,0,0,0,0,0,0,0,0,0,0,0,0,0,0,0,0,0,0,0,0,0,0,0,0,0,0,0.225,0,0,0,0,0,0,0,0,0,0,0,0,0,0,0,0,0,0,0,0.237,0,0,0.154,0,0,0,0,0,0.191,0,0,0,0,0,0.15,0.18,0.906,0.188,0,0,0,0,0,0,0,0,0.329,0,0.275,0,0,0.568,0,0.61,0,0,0,0,0,0,0,0,0,0,0.214,0.225,0,0,0.206,0,0,0,0,0,0,0.2,0.203,0,0,0,0,0,0,0.47,0,0.176,0,0,0,0,0,0,0.19,0,0.19,0,0,0,0,0,0,0,0,0,0.225,0,0,0.309,0,0,0,0.328,0,0.15,0.178,0,0,0,0,0.169,0.29,0.446,0,0.15,0,0,0,0,0.263,0.188,0,0,0.319,0,0,0.313,0,0,0,0,0,0.32,0,0,0,0,0,0,0,0,0,0,0.225,0,0,0.224,0,0,0.22,0,0,0.154,0.298,0,0.175,0,0.179,0,0,0.184,0,0,0,0,0,0.172,0,0.183,0,0,0,0.225,0,0,0,0.412,0,0.323,0,0,0,0.181,0,0,0.435,0.827,0,0,0,0,0,0,0,0,0,0,0,0,0,0,0,0.285,0.181,0.154,0,0,0,0,0,0.167,0.391,0,0,0,0,0.174,0,0,0,0,0,0,0.412,0.281,0,0.502,0,0,0.199,0,0,0,0,0,0.157,0.445,0,0,0,0,0.261,0,0,0,0.577,0.152,0,0,0,0,0,0,0,0,0,0,0.199,0,0,0,0.184,0,0.785,0.18,0.903,0,0.359,0,0,0,0.323,0,0.177,0,0,0,0.229,0,0,0.174,0,0.181,0.242,0,0,0,0,0,0,0,0,0,0,0,0,0,0,0,0,0,0,0.251,0,0,0,0,0,0,0,0,0,0,0,0,0,0.919,0,0,0,0,0.185,0,0,0,0.708,0.732,0.369,0,0,0,0,0,0,0.21,0,0,0,0,0,0.271,0,0.225,0,0,0,0,0.766,0,0.236,0.582,0,0,0,0,0.271,0,0,0,0,0,0,0,0.225,0,0,0.527,0,0,0,0.175,0,0,0,0,0,0.213,0,0,0,0,0,0,0,0,0.172,0.159,0,0.171,0.151,0,0,0,0,0.267,0,0,0,0.225,0,0,0.199,0.179,0,0,0,0,0,0.231,0,0,0.199,0,0,0,0.406,0,0,0,0,0,0,0,0,0,0,0,0,0,0,0,0,0,0,0,0,0,0,0,0,0,0,0,0,0,0.207,0,0,0,0,0.229,0,0,0,0,0.156,0,0,0,0,0,0,0.36,0.257,0,0,0,0.315,0,0,0,0.191,0,0,0,0.413,0,0,0.221,0,0,0,0,0.288,0,0,0.235,0,0,0,0,0,0,0,0,0.152,0,0,0,0,0,0.202,0,0,0,0,0,0.192,0,0,0,0,0,0,0,0,0.21,0,0,0,0,0,0,0.225,0,0,0,0,0,0,0,0,0.152,0.186,0,0,0,0,0,0.314,0,0,0,0,0,0,0,0.223,0.158,0,0.392,0,0.15,0,0,0,0,0,0,0,0,0.265,0,0,0,0.432,0,0,0,0,0,0.305,0,0,0.261,0,0,0.173,0,0,0.392,0,0,0.183,0.306,0,0.192,0,0,0.94,0,0.912,0,0,0,0,0,0.904,0,0.199,0,0.962,0.695,0,0,0.17,0,0.153,0,0.36,0,0,0,0.247,0,0,0,0,0,0,0,0.22,0,0.204,0.278,0.254,0.288,0,0,0.213,0,0,0,0,0.429,0,0,0.227,0,0.19,0.202,0,0,0.229,0,0,0,0,0,0.184,0,0.285,0.18,0,0,0.24,0.173,0,0,0,0,0,0,0,0,0,0,0,0,0.238,0.201,0,0,0,0,0,0,0.203,0.285,0.25,0,0,0,0,0.205,0,0.277,0.179,0,0,0.241,0,0,0.232,0,0,0,0,0.196,0.352,0,0,0.197,0.204,0,0,0,0,0,0,0,0.173,0,0,0.351,0,0.657,0,0.183,0,0.153,0.204,0,0,0,0.206,0,0.24,0.164,0,0.308,0,0,0,0,0,0,0,0,0,0.229,0,0,0.75,0,0.152,0,0.156,0,0,0,0.24,0,0,0,0,0,0,0.277,0.226,0.171,0,0,0.235,0,0,0,0.363,0,0,0,0,0,0,0.263,0,0,0,0.161,0,0,0,0.179,0,0.325,0.167,0,0.18,0.332,0,0.205,0,0,0,0,0,0,0,0.237,0,0,0.173,0,0,0,0,0,0,0.604,0,0.291,0.194,0,0.299,0,0,0,0.154,0.232,0.163,0,0,0,0,0,0,0,0,0.187,0.233,0.211,0,0,0.178,0.156,0.229,0.172,0,0,0,0,0,0,0,0.169,0,0,0.224,0,0,0,0,0,0,0,0,0,0,0,0,0,0.212,0,0,0,0,0.232,0.72,0,0,0,0,0,0,0,0,0.369,0,0,0,0,0.309,0.432,0,0,0,0,0,0,0,0,0,0,0,0,0,0,0,0,0,0,0,0,0,0,0,0,0.894,0,0,0,0,0,0,0,0,0,0,0,0,0,0,0,0,0.155,0,0,0,0,0,0,0.291,0,0,0,0.252,0.421,0,0,0,0,0,0,0,0,0,0,0.166,0,0,0,0.321,0,0,0.251,0.439,0,0.303,0.235,0,0,0,0,0.373,0,0,0,0.164,0,0,0,0,0,0.295,0.204,0.964,0,0.192,0,0,0,0,0,0.166,0,0,0,0,0,0,0,0,0,0,0,0.318,0,0,0,0,0,0,0.204,0,0,0,0,0.3,0,0.421,0,0,0.483,0,0,0,0,0.206,0,0,0,0,0,0,0,0,0,0,0,0.283,0.177,0,0,0,0,0,0.261,0,0,0.192,0,0,0,0.356,0,0,0,0,0,0,0,0,0,0,0.394,0,0.248,0.895,0,0,0,0.291,0,0,0,0,0,0,0,0,0,0,0,0,0,0.211,0,0,0.651,0,0,0,0,0,0,0.459,0,0,0,0,0,0,0,0,0,0,0,0,0,0,0,0,0,0,0,0,0,0,0,0,0,0.158,0,0,0.162,0,0,0,0,0,0,0,0,0.175,0,0,0,0,0,0,0,0.258,0,0,0,0,0,0,0,0,0,0,0,0,0,0,0,0.283,0.171,0,0,0,0,0,0,0,0,0,0,0,0,0,0,0,0,0,0,0,0,0,0,0,0,0,0,0,0,0,0,0,0,0,0,0,0,0,0,0,0,0,0,0,0,0,0,0,0,0.912,0,0,0,0,0,0.9,0,0,0,0,0,0.189,0,0,0,0,0,0.29,0,0,0,0,0,0,0,0,0,0,0,0,0,0,0.221,0,0,0,0,0,0.305,0,0.213,0.158,0,0,0,0,0.213,0,0,0.544,0.15,0,0,0.301,0,0.151,0,0,0,0,0,0,0.334,0,0,0.172,0,0,0,0,0.157,0,0.301,0,0,0,0,0,0,0,0,0,0,0,0,0,0.173,0.244,0,0,0,0,0,0,0,0.458,0,0,0,0,0,0,0,0,0,0.236,0,0,0,0,0,0,0,0,0,0,0,0,0,0,0.161,0,0,0,0.23,0.213,0,0,0,0,0,0,0,0,0,0.307,0.161,0,0,0,0.151,0.158,0,0,0.198,0,0,0,0.414,0.274,0,0,0,0,0,0,0,0,0,0,0.454,0,0,0,0.541,0,0,0,0,0,0,0,0,0,0,0,0,0,0,0,0,0,0,0,0,0,0,0,0.205,0,0,0,0,0,0,0,0,0,0,0,0,0,0,0,0,0,0.275,0,0.513,0,0,0.204,0.197,0.183,0,0.272,0,0.441,0,0,0,0,0,0,0,0,0,0,0,0,0.21,0.817,0.297,0,0,0.208,0,0,0,0,0,0,0,0.935,0,0.177,0,0,0.163,0,0,0,0,0.259,0,0.551,0.163,0,0,0.227,0,0.165,0,0.271,0,0,0.166,0,0,0.251,0,0,0,0.79,0,0,0.902,0,0,0,0.175,0,0.171,0.424,0,0,0,0,0,0,0,0,0.311,0,0.929,0,0,0.277,0,0,0.2,0,0.193,0.232,0,0,0,0.155,0.286,0.529,0.175,0,0.999,0,0,0,0,0,0,0,0.227,0,0.426,0.426,0,0,0,0,0.276,0.202,0,0,0,0,0,0,0.182,0,0,0,0,0.206,0,0,0,0,0.432,0,0.191,0.385,0,0,0.15,0,0,0,0,0,0.312,0,0,0,0,0,0,0,0,0,0,0,0,0,0,0,0,0,0,0,0,0.158,0.164,0.352,0,0,0,0,0,0,0,0,0,0.277,0,0,0,0,0.161,0,0,0,0,0.186,0,0.285,0,0,0,0.277,0.963,0,0,0,0,0,0,0,0.5,0,0,0,0,0,0.209,0,0,0,0.189,0,0,0,0,0,0,0,0,0,0,0,0,0.173,0.186,0,0,0.338,0.358,0,0,0,0,0,0,0,0,0,0,0,0,0,0,0,0,0,0,0,0,0,0,0,0,0,0,0,0,0,0,0,0,0,0,0,0,0.209,0,0,0,0.185,0,0,0,0,0,0,0,0,0,0,0,0,0,0,0,0,0,0,0.17,0.296,0,0,0,0,0,0,0,0,0,0,0,0,0,0.311,0,0,0,0,0,0,0,0,0,0,0,0,0,0,0,0,0.228,0,0.157,0,0.225,0,0,0,0,0,0,0.171,0,0,0,0,0,0,0,0,0.173,0.279,0,0,0,0,0,0,0,0,0,0,0,0,0,0,0,0,0.303,0,0,0,0,0,0,0,0,0,0.49,0,0,0,0,0,0.239,0,0,0,0.902,0,0,0,0,0,0,0.187,0,0,0,0,0.185,0,0,0,0,0,0,0,0,0,0,0,0,0.239,0,0,0,0,0,0,0,0,0,0,0,0,0,0,0,0,0,0,0,0,0,0,0,0,0.709,0,0,0,0,0,0,0,0,0.188,0,0,0,0,0,0,0,0,0.24,0,0,0,0,0,0,0,0,0,0,0,0,0,0,0,0.192,0,0,0,0,0,0,0,0,0,0,0,0,0,0.171,0,0,0,0,0.263,0.311,0,0,0,0,0,0,0,0,0,0,0,0.263,0,0,0,0,0,0,0.185,0,0.157,0,0,0,0,0,0,0,0,0,0,0.177,0,0,0,0.169,0.157,0.219,0,0.215,0,0,0.241,0,0,0,0.171,0,0,0.196,0,0,0,0,0.187,0,0,0,0,0,0,0,0,0,0,0,0.164,0,0,0,0,0,0,0,0.158,0,0,0.636,0,0,0,0.169,0.159,0,0,0,0.237,0,0,0,0.202,0,0,0.173,0.165,0.157,0,0,0,0,0,0,0.169,0,0.313,0.307,0.437,0,0,0,0,0.167,0,0,0,0,0,0,0,0,0.215,0,0,0,0,0,0,0.265,0,0,0,0,0,0,0,0,0,0,0,0,0,0,0,0,0,0,0,0,0,0,0,0,0,0,0,0,0,0.266,0,0,0,0,0.271,0,0,0,0,0,0,0.507,0,0,0,0,0,0,0,0,0.157,0,0,0,0,0,0,0,0,0,0,0.191,0,0,0,0,0,0,0,0,0,0,0,0,0,0,0,0,0,0.308,0,0,0,0,0,0,0,0,0,0,0,0,0,0,0,0,0,0,0,0,0,0.156,0,0.912,0.199,0,0,0,0,0,0.386,0,0,0,0,0,0,0,0,0,0.216,0,0,0,0,0,0.173,0,0.307,0,0,0,0,0,0,0,0,0.243,0,0,0.246,0,0,0,0,0,0,0,0,0,0,0,0,0,0,0.221,0,0.18,0,0,0,0.287,0,0,0,0,0,0,0.675,0,0,0,0,0,0,0,0,0,0,0,0,0,0,0,0,0,0,0,0,0,0,0,0,0,0,0,0,0,0,0,0,0,0,0,0,0.265,0,0,0,0,0,0,0,0,0,0,0,0,0,0,0,0,0,0.226,0,0,0,0,0,0,0,0,0,0,0,0,0,0,0,0,0,0,0,0,0,0,0.161,0,0,0,0,0,0,0,0,0,0,0,0,0,0,0,0,0,0,0,0,0,0,0.369,0,0,0,0.155,0,0,0,0,0,0,0,0,0,0,0,0,0.311,0,0,0,0,0,0,0.28,0,0,0,0.185,0,0,0,0.18,0,0,0,0,0,0.937,0,0,0,0,0,0,0,0,0,0,0,0,0,0,0,0,0,0,0,0,0,0,0,0,0,0,0.22,0,0,0,0,0,0,0,0,0,0,0,0,0,0,0,0,0,0,0,0,0,0,0,0,0,0,0,0,0,0,0,0,0,0,0,0,0,0,0,0,0,0,0,0,0,0,0,0,0,0,0,0,0,0,0,0,0,0,0,0,0,0,0,0,0,0.415,0,0,0,0.444,0.417,0,0.17,0,0,0.237,0,0,0,0,0,0.173,0,0,0,0,0,0,0,0,0,0,0,0,0,0.332,0,0,0,0,0,0,0,0,0,0,0,0,0,0,0,0,0,0.173,0,0,0,0,0,0,0,0,0,0.166,0,0,0,0,0,0,0,0,0,0,0,0,0,0,0,0,0,0,0,0,0,0,0,0,0,0,0.394,0,0,0,0,0,0,0,0,0,0,0,0,0,0,0,0,0.313,0,0,0,0,0,0,0,0,0,0,0,0,0,0,0,0,0,0,0,0,0.169,0,0,0,0,0,0,0,0,0,0,0,0,0,0,0,0,0,0,0,0,0,0,0,0,0,0,0,0,0.201,0,0,0,0,0.156,0,0.248,0,0,0,0,0,0,0,0,0,0,0,0,0,0,0,0,0,0.221,0,0,0,0,0,0,0,0,0.776,0,0,0,0,0,0,0,0,0,0,0,0.453,0,0,0,0,0,0,0,0,0,0,0.538,0,0,0,0,0,0,0,0,0.159,0,0,0,0,0,0,0,0,0.227,0,0,0,0,0,0,0,0,0,0,0,0,0,0,0,0,0,0,0,0,0,0,0,0,0,0,0,0,0,0,0,0,0,0,0,0,0,0.152,0,0,0,0,0,0.227,0,0,0,0,0,0,0,0,0,0,0,0,0,0,0,0,0.189,0,0.909,0,0,0,0,0,0,0,0,0,0,0,0,0,0,0.194,0,0,0.29,0.394,0,0,0,0.195,0,0.169,0,0,0,0,0.163,0,0,0,0,0,0.296,0,0,0,0,0,0,0,0,0,0,0,0,0,0,0,0,0,0.977,0,0.181,0,0,0,0,0,0,0,0,0,0,0,0,0,0,0,0,0,0,0,0,0,0,0,0,0,0.9,0.212,0.9,0,0.9,0,0,0,0,0,0.23,0,0.22,0,0,0,0,0,0,0,0,0,0,0,0,0.566,0,0,0,0,0,0,0,0.904,0,0,0,0,0,0,0,0,0,0,0,0,0,0,0,0,0,0,0,0,0,0.166,0,0,0,0.169,0.289,0,0,0,0,0,0,0,0,0,0,0,0,0,0,0,0.154,0,0,0,0,0,0,0.323,0,0,0,0,0,0.169,0,0,0,0,0,0,0.515,0.228,0,0,0,0,0,0,0,0,0.223,0,0.473,0,0,0,0,0,0,0.332,0,0,0,0,0,0,0,0,0,0,0,0,0,0,0,0,0,0,0,0,0,0,0,0,0,0,0,0,0,0,0,0,0,0,0,0,0,0,0,0,0,0,0,0,0,0.228,0,0,0,0,0,0,0,0,0,0,0,0,0,0,0,0.917,0.325,0,0,0,0,0,0,0,0,0,0,0,0,0,0,0,0,0,0,0,0,0,0,0,0,0,0.288,0,0,0,0,0,0,0,0,0,0,0,0,0,0,0,0,0,0,0,0,0,0,0,0,0,0,0,0,0,0,0,0,0,0,0,0,0,0,0,0,0,0,0,0,0,0,0,0.234,0,0,0.163,0,0,0,0,0,0,0,0,0,0,0,0,0,0,0,0,0,0,0,0,0,0,0,0,0,0,0.282,0,0,0,0,0,0.269,0,0,0,0,0,0,0,0,0,0,0,0,0,0,0,0,0,0,0,0,0,0,0,0,0,0,0,0,0,0,0,0,0,0.314,0,0,0,0,0,0,0.236,0,0,0.175,0,0,0,0,0,0,0,0,0,0,0,0,0,0,0,0,0,0,0,0,0,0,0.579,0,0,0,0.173,0,0,0,0,0,0,0,0,0,0,0,0,0,0,0,0,0,0,0,0,0,0,0,0,0,0,0,0,0,0,0,0,0,0,0.288,0,0,0,0.265,0,0,0,0,0,0.186,0,0,0,0,0,0,0,0,0.173,0.161,0,0,0,0,0,0,0,0,0,0,0,0,0,0,0,0,0,0,0,0,0,0,0,0,0,0,0,0,0,0,0,0,0,0.9,0,0,0,0,0,0,0,0,0,0,0
856324,0,0,0,0,0,0,0,0,0,0,0,0,0,0,0,0,0,0,0.174,0,0,0,0,0,0,0,0,0,0,0,0,0,0,0,0,0,0,0,0,0,0,0,0,0,0,0,0,0,0,0,0,0,0,0,0,0,0,0,0,0,0,0,0,0,0,0,0,0,0,0,0,0,0,0,0,0,0,0,0,0,0,0,0,0,0,0,0,0,0,0,0,0,0,0,0,0.191,0,0,0.293,0,0,0,0,0,0,0,0,0,0,0,0,0,0,0,0,0,0,0,0,0,0,0,0,0,0,0,0,0,0,0,0,0,0.293,0,0,0,0,0,0,0,0,0,0,0,0,0,0,0,0,0,0,0,0,0,0,0.251,0,0,0,0,0,0,0,0,0,0.497,0,0.164,0,0,0.497,0,0.491,0,0,0,0,0,0,0,0,0,0.279,0,0,0,0,0,0,0,0,0,0,0,0,0,0,0,0,0,0,0,0,0,0,0,0,0,0,0,0,0,0,0,0,0,0,0,0,0,0,0,0,0,0,0,0,0,0,0,0,0,0,0,0,0,0,0,0,0,0,0,0,0,0,0,0,0,0,0,0,0,0,0,0,0,0,0,0,0,0.293,0,0,0,0,0,0,0,0,0,0,0,0,0,0,0,0,0,0,0,0,0,0,0,0,0,0,0,0,0,0,0,0,0,0,0,0,0,0.353,0,0,0,0,0,0,0,0,0,0,0,0,0,0,0,0,0,0,0,0,0,0,0,0,0,0,0,0,0,0,0,0,0,0.293,0,0,0.293,0,0,0,0,0,0,0,0,0,0,0,0,0,0,0,0,0,0,0,0,0,0,0,0,0,0,0,0,0,0,0,0,0,0.15,0,0,0,0,0,0,0,0,0,0,0,0,0,0,0,0.311,0,0,0,0,0,0,0,0,0,0,0,0,0,0,0,0,0,0,0,0,0,0,0,0,0,0,0,0,0,0,0,0,0,0,0,0,0,0,0,0,0,0,0,0,0,0,0,0,0,0,0,0,0,0,0,0,0,0,0,0,0,0,0,0,0,0,0,0,0,0,0,0,0,0,0,0,0,0,0,0,0,0,0,0,0,0,0,0,0,0,0,0,0,0,0,0,0,0,0,0,0,0,0,0,0,0,0,0,0,0,0,0,0,0,0,0,0,0,0,0,0,0,0,0,0,0,0,0,0,0,0,0,0,0,0,0,0,0,0,0,0,0,0,0,0,0,0,0,0,0,0,0,0,0,0,0,0,0,0,0,0,0,0,0,0,0,0,0,0,0,0,0,0,0,0,0,0,0,0,0,0,0,0,0,0,0,0,0,0,0,0,0,0,0,0,0.382,0,0,0,0,0,0,0,0,0,0,0,0,0,0,0,0,0,0,0,0,0,0,0,0,0,0,0.311,0.375,0,0,0,0,0,0,0,0,0,0,0,0,0,0,0,0,0,0,0,0,0,0,0,0,0,0,0,0,0,0,0,0,0,0,0.295,0,0,0,0,0.158,0,0,0,0,0,0,0,0,0,0,0,0,0.19,0,0,0,0,0,0,0,0,0,0,0,0,0,0,0,0,0,0,0,0,0,0,0,0,0,0.177,0,0,0,0,0,0,0,0,0,0.323,0,0,0,0,0,0,0,0,0,0,0,0,0,0,0,0,0,0,0,0,0,0,0,0,0,0,0,0,0,0,0,0,0.293,0,0,0,0,0,0.556,0,0,0,0,0,0,0,0,0,0,0,0,0,0,0,0,0,0,0,0,0,0,0,0,0,0,0,0,0,0,0,0,0,0,0,0,0,0,0,0,0,0,0,0,0,0,0,0,0,0,0,0,0,0,0,0,0,0,0,0,0,0,0,0,0,0,0,0,0,0,0,0,0,0,0,0.56,0,0,0,0,0,0,0,0,0,0,0,0,0,0,0,0,0,0,0,0,0,0,0,0,0,0,0,0,0,0,0,0,0,0,0,0,0,0,0,0,0,0,0,0,0,0,0.319,0,0,0,0,0,0,0,0,0,0,0,0,0,0,0,0,0,0,0,0,0,0,0,0,0,0,0,0,0,0,0,0,0,0,0,0,0,0,0,0,0,0,0,0,0,0,0,0,0,0,0,0,0,0,0,0.293,0,0,0,0,0,0,0,0,0,0,0,0,0,0,0,0,0,0,0,0,0,0,0,0,0,0,0,0,0,0,0,0,0,0,0,0,0,0,0,0,0,0,0,0,0,0,0,0,0,0,0,0,0,0,0,0,0,0,0,0,0,0,0,0,0.519,0,0,0,0,0,0,0,0,0.258,0,0,0,0,0,0,0,0,0,0,0,0,0,0,0,0,0,0,0,0,0,0,0,0,0,0,0,0.171,0,0,0,0,0,0,0,0,0,0,0,0,0,0,0,0,0,0,0.194,0,0,0,0,0,0,0,0,0,0,0,0,0,0,0,0,0,0,0,0,0,0,0,0,0,0,0,0,0,0,0,0,0,0,0,0,0,0,0,0,0,0,0,0,0,0,0,0,0,0,0,0,0,0,0,0,0,0,0,0.18,0,0,0,0,0,0,0,0,0,0,0,0,0,0,0,0,0,0,0,0.293,0,0,0,0,0,0,0,0,0,0,0,0,0.154,0,0,0,0,0,0,0,0,0,0,0,0,0,0,0,0,0,0,0,0,0,0,0,0,0,0,0,0,0.302,0,0,0,0,0,0,0,0,0,0,0,0,0,0,0,0,0,0,0,0,0,0,0,0,0,0,0,0,0,0,0,0,0,0,0,0,0,0,0,0,0,0,0,0,0,0.362,0,0,0,0,0,0,0,0,0,0,0,0,0,0,0,0,0,0,0,0,0,0,0,0,0,0,0,0,0,0,0,0,0,0,0,0,0,0,0,0,0,0,0,0,0,0,0,0,0.167,0,0,0,0,0,0,0,0,0,0,0,0,0,0,0,0,0.152,0,0,0,0,0,0,0,0,0,0,0,0,0,0,0,0,0,0,0,0,0,0,0,0,0,0,0,0,0,0,0,0,0,0,0,0,0,0,0,0,0,0,0,0,0,0,0,0,0,0,0,0,0,0,0.177,0,0,0,0,0,0,0,0,0,0,0,0,0,0,0,0,0,0.194,0,0,0,0,0,0,0,0,0,0,0,0,0,0,0,0,0,0.193,0,0,0,0,0,0,0,0,0,0,0,0,0,0,0,0,0,0,0,0,0,0,0,0,0,0,0.293,0,0,0,0,0,0,0,0,0,0,0,0,0,0,0,0,0,0,0,0,0,0,0,0,0,0,0,0,0,0,0,0,0,0,0,0,0,0,0,0,0,0,0,0,0,0,0,0,0,0,0,0,0,0,0,0,0,0,0,0,0,0,0,0,0,0,0,0,0,0,0,0,0,0,0,0,0,0,0,0.372,0,0.293,0,0,0,0,0,0,0,0,0,0,0,0,0,0,0,0,0,0,0,0,0,0,0,0,0,0,0,0,0,0,0,0,0,0,0,0,0,0,0,0,0,0,0,0,0,0,0,0,0,0,0,0,0,0,0,0,0,0,0,0,0,0,0,0,0,0,0,0,0,0,0,0,0,0,0,0,0,0,0,0,0.319,0,0,0,0,0,0,0,0,0.256,0,0,0,0,0,0,0,0,0,0,0,0,0,0,0,0,0,0,0,0,0,0,0,0,0,0,0,0,0,0,0,0,0,0,0,0,0,0,0,0,0,0,0,0,0,0,0,0,0,0,0,0,0,0,0,0,0,0,0,0,0,0,0,0,0,0,0,0,0,0,0,0,0,0,0,0,0,0,0,0,0,0,0,0,0,0,0,0,0,0,0,0,0,0,0,0,0,0,0,0,0,0,0,0,0,0,0,0,0,0,0,0,0,0,0,0,0.159,0,0,0,0,0,0,0,0,0,0,0,0,0,0,0,0,0,0,0,0,0,0,0,0,0,0,0,0,0,0,0,0.293,0,0,0.161,0,0,0,0,0,0,0,0,0.159,0,0,0,0,0,0,0,0,0,0,0,0,0,0,0,0,0,0,0,0,0,0,0,0,0,0,0,0,0,0,0,0,0,0,0,0,0,0,0,0,0,0,0,0,0,0,0,0,0,0,0,0,0,0,0.159,0,0,0,0,0,0,0,0,0,0,0,0,0,0,0,0,0,0,0,0,0.298,0,0,0,0,0,0,0,0,0,0,0,0,0,0,0,0,0,0,0,0,0,0,0,0,0,0,0,0,0,0,0,0,0,0,0,0,0,0,0,0,0,0,0,0,0,0,0,0,0,0,0,0,0,0,0,0,0,0,0,0,0,0,0,0,0,0,0,0,0,0,0,0.179,0,0,0,0,0,0,0,0,0,0,0,0,0,0,0,0,0,0,0,0,0,0,0,0,0,0,0,0,0,0,0,0,0,0.422,0,0,0,0,0,0,0,0,0,0,0.195,0,0,0,0,0,0,0,0,0,0,0,0,0,0,0,0,0,0,0,0,0,0,0.293,0,0,0,0,0.161,0,0,0,0,0.161,0,0,0,0,0,0,0,0,0,0,0,0,0,0,0,0,0,0,0,0,0.332,0,0,0,0,0,0,0,0,0,0,0,0,0,0,0,0.19,0,0,0,0,0,0,0,0,0,0.293,0,0,0,0,0,0,0,0,0,0,0,0,0,0,0,0,0,0,0,0,0,0,0,0,0,0,0,0,0,0,0,0,0,0,0,0,0,0,0,0,0,0.242,0,0,0,0,0,0,0,0,0,0,0,0,0,0,0,0,0,0,0,0,0,0,0,0,0,0,0,0,0.394,0,0,0,0,0,0.276,0,0,0,0,0,0,0,0,0,0,0.161,0,0,0,0,0,0,0,0,0,0,0,0,0,0,0,0,0,0,0,0,0,0,0,0,0,0,0,0,0,0,0,0,0,0,0,0,0,0,0,0,0,0,0,0,0,0,0,0,0,0,0,0,0,0,0,0,0.221,0,0,0,0,0,0,0,0,0,0,0,0,0,0,0,0,0,0,0,0,0,0,0,0,0,0,0,0,0,0,0,0,0,0,0,0,0,0,0,0,0.191,0,0,0,0,0,0,0,0,0,0,0,0,0,0,0,0,0,0,0,0,0,0,0,0,0,0,0,0,0,0,0,0,0,0,0,0,0,0,0,0,0,0,0,0,0,0,0,0,0,0,0,0,0,0,0,0,0,0,0,0,0,0,0,0,0,0,0.519,0,0,0,0,0,0,0,0,0,0,0,0,0,0,0,0,0,0,0,0.336,0,0,0.293,0,0.151,0,0,0,0,0,0,0,0,0,0,0.19,0,0,0,0,0,0,0,0,0,0,0,0,0,0,0,0,0,0,0,0,0,0,0,0,0,0,0,0,0,0,0,0.293,0,0,0,0,0,0,0,0,0,0,0,0,0,0,0,0,0,0,0,0,0,0,0,0,0,0,0,0,0,0,0,0,0,0,0,0,0,0,0,0,0,0,0,0,0,0,0,0,0,0,0,0.228,0,0,0,0,0,0,0,0,0,0,0,0,0,0.489,0,0,0,0,0,0,0,0,0,0.3,0,0,0,0,0,0,0,0,0,0,0,0,0,0,0,0,0,0,0,0,0,0,0,0,0,0,0,0,0,0,0,0,0,0,0,0,0,0,0,0,0,0,0,0,0,0,0,0,0,0,0,0,0,0,0,0,0,0,0,0,0,0,0,0,0,0,0,0,0,0,0,0,0,0,0,0,0.222,0,0,0,0,0,0,0,0,0,0,0,0,0,0,0,0,0,0,0,0,0,0,0,0,0,0,0,0,0,0,0,0,0,0,0,0,0,0,0,0,0,0,0,0,0,0,0,0,0,0,0,0,0,0,0,0,0,0.336,0,0,0,0,0,0,0,0,0,0,0,0,0,0,0,0,0,0,0,0,0,0,0,0,0,0,0,0,0,0,0,0,0,0,0,0,0,0,0,0,0,0,0,0,0,0,0,0,0,0,0,0,0,0,0,0,0,0,0,0,0,0,0,0,0,0,0,0,0,0,0,0,0,0,0,0,0,0,0,0,0,0,0.158,0,0,0,0,0,0,0.508,0,0,0,0,0,0,0,0,0,0,0,0,0,0,0,0,0,0,0,0,0,0,0,0,0.186,0,0,0,0,0,0,0,0,0,0,0,0,0,0,0,0,0,0,0,0,0,0,0,0,0.154,0,0,0,0,0,0,0,0,0,0,0,0,0,0,0,0,0,0,0,0,0,0,0,0,0,0,0,0,0,0,0,0,0,0,0,0,0,0,0,0,0,0,0,0,0,0,0,0,0,0,0,0,0,0,0,0,0,0,0.19,0,0,0,0,0,0,0,0,0,0,0,0,0,0,0,0,0,0,0,0,0,0,0,0,0,0,0,0,0.276,0,0,0,0,0,0,0,0,0,0,0,0,0,0,0,0,0.309,0,0,0,0,0,0,0,0,0,0,0,0,0,0,0,0,0,0,0,0,0,0,0,0,0,0,0,0,0,0,0,0,0,0,0,0,0,0,0,0,0,0,0,0,0,0,0,0,0,0,0,0,0,0,0,0,0,0,0,0,0,0,0,0,0,0,0,0,0,0,0,0,0,0,0,0,0,0,0,0,0.293,0,0,0.161,0,0,0,0,0,0,0,0,0,0,0,0,0,0,0,0,0,0,0,0,0,0,0,0,0,0,0,0,0,0,0,0,0,0,0,0,0,0,0,0,0,0,0,0,0,0,0,0.293,0,0,0,0,0,0,0,0,0,0,0,0,0,0,0,0,0,0,0,0,0,0,0,0,0,0,0,0,0,0,0,0,0,0,0,0,0,0,0,0,0,0,0,0,0,0,0,0,0,0,0,0,0,0,0,0,0,0,0,0,0,0,0,0,0,0,0,0,0.213,0,0,0,0,0,0,0,0,0,0,0,0,0,0,0,0,0,0,0,0,0,0,0,0,0,0,0,0,0,0,0,0,0,0,0,0,0,0,0,0,0,0,0,0,0,0,0,0,0.26,0,0,0,0,0,0,0,0,0,0,0,0,0,0,0,0,0,0,0,0.293,0,0,0,0.22,0,0,0,0,0,0,0,0,0,0,0,0,0,0,0,0,0,0,0,0.196,0.161,0,0,0.249,0,0,0,0,0,0,0,0,0,0,0,0.195,0,0,0,0,0,0,0,0,0,0,0,0,0,0,0,0,0,0.177,0,0,0,0,0,0,0,0,0,0,0,0,0,0,0,0,0,0,0,0,0,0.178,0,0.303,0,0,0,0,0,0,0,0,0.191,0,0.213,0,0.34,0,0,0,0,0,0,0,0,0,0,0,0,0,0,0,0,0,0.293,0,0,0,0,0,0,0,0,0,0,0,0,0,0,0,0,0,0,0,0,0,0,0,0,0,0.415,0.353,0,0,0,0,0,0,0,0,0,0,0,0,0,0,0,0,0,0,0,0,0,0,0,0,0,0,0,0,0,0,0,0,0,0,0,0,0,0,0,0,0,0,0,0,0,0,0,0,0,0,0,0,0,0,0,0,0,0,0,0,0,0,0,0,0,0.301,0,0,0,0,0,0,0,0,0,0,0,0.26,0,0,0,0,0,0,0,0.374,0,0,0,0,0,0,0,0,0,0,0,0,0,0,0,0,0,0,0,0,0,0,0,0,0,0,0,0,0,0,0,0,0,0,0,0,0,0,0,0,0,0,0,0.465,0,0,0,0,0,0,0,0.691,0,0,0,0,0,0,0,0,0,0,0,0,0,0,0,0,0,0,0,0,0,0,0.171,0,0,0,0,0,0,0,0,0,0,0,0.169,0,0,0,0,0,0,0,0,0,0,0,0,0,0,0,0,0,0.293,0,0,0,0,0,0,0,0,0,0,0,0,0,0,0,0,0,0,0,0,0,0,0,0,0,0,0,0,0,0,0,0,0,0,0,0.25,0,0,0,0,0,0.208,0,0,0,0,0,0,0,0,0,0,0,0,0,0,0,0,0.367,0.336,0,0,0,0,0,0,0.482,0,0,0,0,0,0,0.659,0,0,0,0,0,0,0,0,0,0,0,0,0,0,0,0,0,0,0,0,0,0,0,0,0,0,0,0,0,0,0,0,0,0,0,0,0,0,0,0,0,0,0,0.247,0,0,0,0,0,0.154,0,0,0,0,0,0,0,0,0,0,0,0,0,0,0,0,0,0,0,0,0,0,0,0,0,0,0,0,0,0,0,0,0,0,0,0,0.203,0,0,0,0,0,0.29,0,0,0,0,0,0,0,0,0.297,0,0,0,0,0,0.394,0,0,0,0,0,0,0,0,0,0,0,0,0,0,0,0,0,0,0,0,0,0,0,0,0,0,0,0,0,0,0,0,0,0,0,0,0,0,0,0,0,0,0,0,0,0,0,0,0,0,0.298,0,0,0,0,0,0,0,0,0,0.447,0,0,0,0,0,0,0,0,0,0,0,0,0,0,0,0,0,0,0,0,0,0,0,0,0,0,0,0,0,0,0,0,0,0,0,0,0,0,0.19,0,0,0,0,0,0,0,0,0,0,0,0,0,0,0,0,0,0,0,0,0,0,0,0,0,0,0,0,0,0,0,0,0,0,0,0.293,0,0,0,0,0,0,0,0,0,0,0,0,0,0,0,0,0,0,0,0,0,0,0,0,0,0,0,0,0,0,0,0,0,0,0,0,0,0,0,0,0,0,0,0,0,0,0,0,0,0,0.337,0,0,0,0,0,0,0,0,0,0,0,0,0,0,0,0,0,0,0,0,0,0,0,0,0,0,0,0,0,0,0,0,0,0,0,0,0,0,0,0,0,0,0,0,0,0,0,0,0,0,0,0,0,0,0,0,0,0,0,0,0,0,0,0,0,0,0,0,0,0,0,0,0.202,0,0,0,0,0,0,0,0,0,0,0,0,0,0,0,0.94,0,0,0,0,0,0,0,0,0,0,0,0,0,0,0,0,0,0,0,0,0,0,0,0,0,0,0,0,0,0,0,0,0,0,0,0,0,0.251,0,0,0,0,0,0,0,0,0,0,0,0,0,0,0,0,0,0,0,0,0,0,0,0,0,0,0,0,0,0,0,0,0.461,0,0,0.293,0,0,0,0,0,0,0,0.283,0,0,0.456,0,0,0,0,0,0,0,0,0,0,0.339,0,0,0.165,0,0,0,0.299,0,0,0,0,0.376,0,0,0,0,0,0,0,0,0,0.293,0,0,0,0,0,0,0,0,0,0,0,0,0,0,0,0,0,0,0,0,0,0,0,0,0,0,0,0,0,0,0,0,0,0,0,0,0,0,0,0,0,0,0,0,0,0,0,0,0,0,0,0,0,0,0,0,0,0.538,0.153,0,0,0,0,0,0,0,0,0,0,0,0,0,0,0,0,0,0,0,0,0,0,0,0,0,0,0.685,0,0,0,0,0,0.204,0,0,0,0,0,0,0,0,0,0,0,0,0,0,0,0,0,0,0,0,0,0,0,0,0,0,0,0,0,0,0,0,0,0,0,0,0,0,0,0,0,0,0,0,0,0,0,0,0,0,0,0,0,0,0,0,0,0,0,0,0,0,0,0,0,0,0,0,0.227,0,0,0,0.297,0,0,0,0,0,0,0,0,0,0,0,0,0,0,0,0,0.353,0,0,0,0,0,0,0,0,0,0,0,0,0,0,0,0,0,0,0,0,0,0,0,0,0,0,0,0,0,0,0,0,0,0,0,0,0,0,0,0,0,0,0,0,0,0,0,0,0,0,0,0,0,0,0,0,0,0,0,0,0,0,0.169,0,0,0,0.23,0,0,0,0,0,0,0,0.293,0,0,0,0,0,0,0,0,0,0,0,0,0.317,0,0,0,0,0,0,0,0,0,0,0,0,0,0,0,0,0,0,0,0,0,0.233,0,0,0,0,0,0,0,0,0,0,0,0,0,0,0,0,0,0,0,0.293,0,0,0,0,0,0,0,0,0,0,0,0,0
850333,0,0,0,0,0,0,0,0,0,0,0,0,0,0,0,0,0,0,0,0,0,0,0,0,0,0,0,0,0,0,0,0,0,0,0,0,0,0,0,0,0,0,0,0,0,0,0.197,0,0,0,0,0,0,0,0,0,0,0,0,0,0,0,0,0,0,0,0,0,0,0,0,0,0,0,0,0,0,0,0,0,0,0,0,0,0,0,0,0,0,0,0,0.351,0.188,0,0,0,0,0,0,0,0,0,0,0,0,0,0,0,0,0,0,0,0,0,0,0,0,0,0,0,0,0,0,0,0,0,0,0,0,0,0,0,0,0,0,0,0,0,0,0,0,0,0,0,0,0,0,0,0,0,0,0,0,0,0,0,0,0,0,0,0,0,0,0,0,0,0,0.264,0,0,0,0,0,0,0,0,0,0,0,0,0,0,0.184,0,0,0,0,0,0,0,0,0,0,0,0,0,0,0,0,0,0,0,0,0,0,0,0,0,0,0,0,0,0,0,0,0,0,0,0,0,0,0.183,0.61,0,0,0,0,0,0,0,0,0,0,0,0,0,0,0,0,0,0,0,0,0,0,0,0,0,0,0,0,0,0,0,0.208,0.311,0,0,0,0,0,0.272,0.196,0,0,0,0,0.198,0,0,0,0,0,0,0,0,0,0,0,0,0,0,0,0,0,0,0,0,0,0,0,0,0,0,0,0,0,0,0,0,0,0,0,0,0.213,0,0,0,0,0,0,0,0.169,0,0,0,0,0,0,0,0,0,0,0,0,0,0,0,0,0,0,0,0,0,0,0,0,0,0,0,0,0,0,0,0,0,0,0,0,0,0,0,0,0,0,0,0,0,0,0,0,0,0,0,0,0,0,0,0,0,0.282,0,0,0,0,0.299,0,0,0,0,0,0,0,0,0,0.45,0,0,0,0,0,0,0,0,0.157,0,0,0,0,0,0,0,0,0,0,0,0,0,0,0,0,0,0,0,0,0,0,0,0,0,0,0,0,0,0,0,0,0,0,0,0.302,0,0,0,0,0,0,0,0,0,0,0,0,0,0,0,0,0,0,0,0,0,0,0,0,0,0,0,0.161,0,0,0,0,0,0,0,0,0,0.276,0,0,0,0,0,0,0,0,0,0.359,0,0,0.154,0,0,0,0,0,0,0,0,0,0,0,0,0,0,0,0,0,0,0,0,0,0,0,0,0,0,0,0,0,0,0,0,0,0,0,0,0,0,0,0,0,0,0,0,0,0,0,0,0,0,0,0,0,0,0,0,0,0,0,0,0,0,0,0,0,0,0,0,0,0,0,0,0,0,0,0,0,0,0,0,0,0,0,0,0,0,0,0,0,0,0,0,0,0,0,0,0,0,0,0.261,0,0,0,0,0,0,0,0,0,0,0,0,0,0,0,0,0,0,0,0,0,0,0,0,0,0,0,0,0,0,0,0,0,0,0,0,0,0,0,0,0,0,0,0,0,0,0,0,0,0,0,0,0,0,0.232,0,0.201,0,0,0,0,0,0,0,0,0,0,0,0,0,0,0,0,0,0,0,0,0,0,0,0,0,0.262,0,0,0,0,0,0,0,0,0,0,0,0,0,0,0,0,0,0.15,0,0,0,0,0,0,0,0,0,0,0,0,0,0,0,0,0.339,0,0,0,0,0,0,0,0,0,0,0,0,0,0,0,0,0,0,0,0,0,0,0,0,0,0,0,0,0.398,0,0,0,0,0,0,0,0,0,0,0,0.254,0,0,0,0,0,0,0,0,0,0,0,0,0,0,0,0,0,0,0,0,0,0,0,0,0,0,0,0,0,0,0,0,0,0,0,0,0,0,0,0,0,0,0,0,0,0,0.214,0,0,0.257,0,0,0,0,0,0.317,0,0,0,0,0,0,0,0,0,0,0.268,0,0,0,0,0,0.488,0,0.177,0,0,0,0,0,0,0,0,0,0,0,0,0,0,0,0,0,0,0.216,0,0,0,0,0,0,0,0,0,0,0,0,0,0,0,0.229,0,0,0,0,0,0,0,0,0,0,0,0,0,0,0,0,0,0,0,0.333,0,0,0,0,0,0,0,0,0,0,0,0,0,0,0,0,0,0,0,0,0,0.244,0,0,0,0,0,0,0,0,0,0,0,0,0,0,0.229,0,0,0,0,0,0,0,0,0,0,0,0,0,0,0,0,0.198,0,0,0,0.194,0.22,0,0,0,0,0,0,0.182,0,0,0,0,0,0,0.224,0,0,0,0,0,0,0,0,0.169,0,0,0,0,0,0,0,0,0,0,0,0,0,0,0,0,0,0,0,0,0,0,0,0,0,0,0,0,0,0,0,0,0,0,0,0,0,0,0,0,0,0,0,0,0,0,0.195,0,0,0,0,0,0,0,0,0,0,0,0,0,0,0,0,0,0,0,0,0,0,0,0.555,0,0,0,0,0,0,0,0,0,0,0,0,0,0,0,0,0,0,0,0,0,0,0,0,0,0,0,0,0,0,0,0,0,0,0,0,0,0,0,0,0,0,0,0,0,0,0,0,0,0,0,0,0,0,0,0,0,0,0,0,0,0,0,0,0,0,0,0,0,0,0,0,0,0.174,0,0,0,0,0,0,0,0,0,0,0,0,0,0,0,0,0,0,0,0,0,0,0,0,0.156,0,0,0,0,0,0,0,0.453,0,0,0,0,0,0,0,0,0,0,0,0,0,0,0,0,0,0,0.35,0,0,0,0,0,0,0,0,0,0,0,0,0,0,0,0,0,0.42,0,0,0,0,0,0,0.19,0,0,0,0,0,0,0,0,0,0,0,0,0,0,0.195,0,0,0,0,0,0,0,0,0,0,0,0,0,0,0,0,0,0,0,0,0,0,0,0,0,0,0,0,0,0,0,0,0,0,0,0,0,0,0.173,0,0,0,0,0,0,0.223,0,0,0,0,0,0,0,0,0,0,0,0,0,0,0,0,0,0,0.403,0,0,0,0,0,0,0.545,0,0,0,0,0,0,0,0,0,0.377,0,0,0,0,0,0,0,0,0,0,0,0,0,0,0,0,0,0,0,0,0,0,0,0,0,0,0,0,0,0,0,0,0,0,0,0,0,0,0,0,0,0,0,0,0,0,0,0,0,0,0,0,0,0,0,0,0,0,0,0,0,0,0,0,0,0,0,0,0,0,0,0,0,0,0,0,0,0.188,0,0,0,0,0,0,0,0,0,0,0,0,0,0,0,0,0,0,0,0,0,0,0,0,0,0,0,0,0,0,0,0,0,0,0,0,0,0,0,0,0,0,0,0,0,0,0,0,0,0,0,0,0,0,0,0,0,0,0,0,0,0,0,0,0,0,0,0,0,0,0,0,0,0,0,0,0,0,0,0,0,0,0,0,0,0,0,0,0,0,0,0,0,0,0,0,0,0,0,0,0,0,0,0,0,0,0,0,0,0,0,0,0,0,0,0,0,0,0,0,0,0,0,0,0,0,0,0,0,0,0,0,0,0,0,0,0,0,0,0,0,0,0,0,0,0,0,0,0,0,0,0,0,0,0,0,0,0,0,0,0,0,0,0,0,0,0,0,0,0,0,0,0,0,0,0,0,0,0,0,0,0,0,0,0,0,0,0,0,0,0,0,0,0,0,0,0.217,0,0,0,0,0,0.311,0,0,0,0,0,0,0,0,0,0,0,0,0,0,0,0,0,0,0,0,0,0,0,0,0,0,0,0,0.19,0,0,0,0,0,0,0,0.171,0,0,0,0,0,0,0,0.214,0,0,0,0,0,0,0.195,0,0,0,0,0,0,0,0,0,0,0.161,0,0,0,0.199,0,0,0,0,0,0,0,0,0,0,0,0,0,0,0,0,0,0,0,0,0,0,0,0,0,0.193,0,0,0,0,0,0,0,0,0,0,0,0,0,0,0,0,0,0,0,0,0,0,0,0,0,0,0,0,0,0,0,0,0,0,0,0,0,0,0,0,0,0,0,0,0,0,0,0,0,0,0,0,0,0,0,0,0,0,0,0,0,0,0,0,0,0,0,0.704,0,0,0,0.254,0,0,0,0,0,0,0,0,0,0,0,0,0,0,0,0,0,0,0,0.196,0,0,0,0,0,0,0,0,0,0,0,0,0,0,0,0,0,0,0,0,0,0,0,0,0,0,0,0,0,0,0,0,0,0,0,0,0,0,0,0,0,0,0,0,0,0,0,0,0,0,0,0,0,0,0,0,0,0,0,0,0,0,0,0,0,0,0,0,0,0,0,0,0,0,0,0,0,0,0,0,0,0,0,0,0,0,0,0,0,0,0,0,0,0,0,0,0,0,0,0,0,0,0,0,0,0,0,0,0,0,0,0,0,0,0,0,0,0,0,0,0,0,0,0,0,0,0,0,0,0,0,0,0,0,0,0,0,0,0,0,0,0,0,0.177,0,0,0,0,0,0,0,0,0,0,0,0,0,0,0,0,0,0.198,0,0.157,0,0,0,0,0,0,0,0,0.158,0,0,0,0,0,0,0,0,0,0,0,0,0,0,0,0,0,0,0,0,0,0,0,0.192,0,0,0,0,0,0,0,0,0,0,0,0,0,0.336,0,0,0,0,0,0,0,0,0,0,0,0,0,0,0,0,0,0,0,0,0,0,0,0,0,0,0.216,0,0,0,0,0,0,0,0,0,0,0,0,0,0,0,0,0,0,0,0,0,0,0,0,0,0,0,0,0,0,0,0,0,0,0,0,0,0,0,0,0,0,0,0,0,0,0,0,0,0,0,0,0,0,0,0,0,0,0,0,0,0,0,0,0,0,0,0,0,0,0,0,0,0,0,0,0,0,0.385,0,0,0,0,0,0,0,0,0,0,0.157,0.426,0,0,0,0,0.156,0,0,0,0,0,0,0,0,0,0,0,0,0,0,0,0,0,0,0,0,0,0,0,0,0,0,0,0,0,0,0,0,0,0,0,0,0,0,0,0,0,0,0,0,0,0,0,0,0,0,0,0,0,0,0,0,0,0.22,0,0,0.193,0,0,0,0,0,0,0,0,0,0,0,0,0,0,0.195,0,0,0,0,0,0,0,0,0,0,0,0,0,0,0.165,0,0,0,0,0,0,0,0,0,0,0,0,0,0,0,0,0,0,0,0,0,0,0,0,0,0,0,0,0,0,0.23,0,0,0.16,0,0,0,0,0,0,0,0,0,0,0,0,0,0,0,0,0,0,0,0,0.17,0,0,0,0,0,0,0,0,0,0,0,0,0,0,0,0,0,0,0,0,0,0,0,0,0,0,0,0,0,0,0,0,0,0,0,0,0,0,0,0,0,0,0,0,0,0,0,0,0,0,0,0,0,0,0,0,0,0.413,0,0,0,0,0,0,0,0,0,0,0,0,0,0,0.371,0,0,0,0,0,0,0,0,0,0,0,0,0,0,0,0,0,0,0,0,0,0,0,0,0,0,0,0,0,0,0,0,0.197,0,0,0,0,0,0,0,0,0,0,0.378,0,0,0,0,0,0,0,0,0,0,0.226,0,0,0,0,0,0,0,0,0,0,0,0,0,0,0,0,0,0,0,0,0,0,0.202,0,0,0,0,0,0,0,0,0,0,0,0,0,0.28,0,0.208,0,0,0,0,0,0,0,0.268,0,0,0,0,0,0,0,0,0,0,0,0,0,0,0,0,0,0,0,0,0,0,0,0,0,0,0,0,0,0,0,0,0,0,0,0,0,0,0,0,0,0,0,0,0,0,0,0,0,0,0,0,0,0,0,0,0,0,0,0,0,0,0,0,0,0,0,0,0,0,0,0,0,0,0,0,0.44,0,0,0,0,0,0,0,0,0,0,0,0,0,0,0,0,0,0,0,0,0,0,0,0,0,0,0,0,0,0,0,0,0,0,0,0,0,0,0,0,0,0,0,0,0,0,0,0,0,0,0.191,0,0,0,0,0,0,0.61,0,0,0,0,0,0,0,0,0,0,0,0,0,0,0,0,0,0,0,0,0,0,0,0,0,0,0,0,0,0,0,0,0,0,0,0,0,0,0.22,0,0,0,0,0,0,0,0,0,0,0,0,0,0,0,0,0,0,0,0,0,0,0,0,0,0,0,0,0,0,0,0,0,0,0,0,0,0,0,0,0,0,0,0.368,0,0,0,0,0,0,0,0,0,0,0,0,0,0,0,0,0,0,0,0,0,0,0,0,0,0,0,0,0,0,0,0.384,0,0,0,0,0,0,0,0,0,0,0,0,0,0,0,0,0,0,0,0,0,0,0,0,0,0,0,0,0,0,0,0,0,0,0,0,0,0,0,0,0,0,0,0,0,0,0,0,0,0,0,0,0,0,0,0,0,0,0,0,0,0,0,0,0,0,0,0.159,0,0,0,0,0,0,0,0,0,0,0,0,0,0,0,0,0,0,0,0,0,0,0,0,0,0,0,0,0,0,0,0,0,0,0,0,0,0,0,0,0,0,0,0,0,0,0,0,0,0,0,0,0,0,0,0,0,0,0,0,0,0,0,0,0,0,0,0.191,0,0,0,0,0,0,0,0,0,0,0,0,0,0,0,0,0,0,0,0,0.254,0,0,0,0,0,0,0,0,0,0,0,0,0,0,0,0,0,0,0,0,0,0,0,0,0,0,0,0,0,0,0,0,0,0,0,0,0,0,0,0,0,0,0,0,0,0,0,0,0,0,0,0,0,0,0,0,0,0,0,0,0,0,0,0,0,0,0,0,0,0,0,0,0,0,0,0,0,0,0,0,0,0,0,0,0,0,0,0,0,0,0,0,0,0,0,0,0,0,0,0,0,0,0,0,0,0,0,0,0,0,0,0,0,0,0,0,0,0,0,0,0,0,0,0,0,0,0,0,0,0,0,0,0,0,0,0,0,0,0,0,0,0,0,0,0,0,0,0,0,0,0,0,0,0.238,0,0,0,0,0,0,0,0,0,0,0,0,0,0,0,0,0,0,0,0,0,0,0,0,0,0,0,0.163,0,0,0,0,0,0,0,0,0,0,0,0,0,0,0,0,0,0,0,0,0,0.166,0,0,0,0,0,0,0,0,0,0,0,0,0,0,0,0,0,0,0.353,0,0,0,0,0,0,0,0,0,0,0,0,0,0,0,0,0,0,0,0,0,0,0,0,0,0,0,0,0,0,0,0,0,0,0,0,0,0,0,0,0,0,0,0,0,0,0,0.451,0,0,0,0,0,0,0,0,0,0,0,0,0,0,0,0,0,0,0,0,0,0,0,0,0,0,0,0,0,0,0,0,0,0,0,0,0,0.156,0,0,0,0,0,0,0,0,0,0,0,0,0,0,0,0.33,0,0,0,0,0,0,0,0,0.567,0,0,0,0,0,0,0,0,0,0,0,0,0,0,0,0,0,0,0,0,0,0,0,0,0,0,0,0,0,0,0,0,0,0,0,0,0,0,0,0,0,0,0,0,0,0,0.212,0.235,0,0,0,0,0,0,0,0,0,0,0,0,0,0,0,0,0,0,0,0,0,0,0,0,0,0,0,0,0,0,0,0,0.217,0,0,0,0,0,0,0,0.298,0,0,0,0,0,0,0,0,0,0,0,0,0,0,0,0,0,0,0,0,0,0,0,0,0,0.465,0,0,0,0,0,0,0,0,0,0,0,0,0,0,0,0,0,0,0.422,0,0,0,0,0,0,0,0,0,0,0,0,0,0,0,0,0,0,0,0,0,0,0,0,0,0.229,0,0,0,0,0,0,0,0,0,0,0,0,0,0,0,0,0,0,0.692,0,0,0,0.175,0,0,0,0.198,0,0,0,0,0,0,0,0,0,0,0,0,0,0.273,0,0,0,0,0,0.163,0,0,0,0,0,0,0,0,0,0,0,0,0,0,0,0,0.155,0,0,0,0,0,0,0,0,0,0,0,0,0,0,0,0,0,0,0,0,0,0.392,0,0,0,0,0,0,0,0,0,0,0,0,0,0,0,0,0,0,0,0,0,0,0,0,0,0,0,0,0,0,0,0,0,0,0,0,0,0,0,0,0,0,0,0,0,0,0,0,0,0,0,0,0,0.258,0,0,0,0,0,0,0,0,0,0,0,0,0,0.639,0,0,0,0,0.229,0,0,0,0,0,0,0,0,0,0,0,0,0,0,0,0,0,0,0,0,0,0,0,0,0,0,0,0,0,0,0,0,0,0,0,0,0,0,0,0,0,0,0,0,0,0,0,0,0,0,0,0,0,0,0,0,0,0.217,0,0,0,0,0,0.254,0,0,0,0,0,0,0,0,0,0,0,0,0,0,0,0,0,0,0,0,0,0,0,0,0,0,0,0,0,0,0,0,0,0,0,0,0.476,0,0,0,0,0,0,0,0,0,0,0,0,0,0,0,0,0,0,0,0,0,0,0,0,0,0,0,0,0,0,0,0,0,0,0.815,0,0,0,0,0,0,0,0,0,0,0,0.319,0,0,0,0,0,0,0.293,0,0,0,0,0,0,0,0.351,0,0,0,0,0,0,0,0,0,0,0,0,0,0,0,0,0,0,0,0,0,0,0,0,0,0,0,0,0,0,0,0,0.158,0,0,0,0,0,0,0.667,0,0,0,0,0,0,0,0,0,0,0,0,0,0,0,0,0,0,0,0,0,0,0,0,0,0,0,0.276,0,0,0,0,0,0,0,0,0,0,0,0,0,0,0,0,0,0,0,0,0,0,0,0,0,0,0,0,0,0,0,0,0,0,0,0,0,0,0,0,0,0,0,0,0,0,0,0,0,0,0,0,0,0,0,0,0,0,0,0,0,0,0,0,0,0,0,0,0.227,0,0,0,0,0,0,0,0,0,0,0,0,0,0,0,0,0,0,0,0,0.205,0,0,0,0,0,0,0,0,0,0,0,0,0,0,0,0,0,0,0,0,0,0,0,0,0,0,0,0,0,0,0,0,0,0,0,0,0,0,0,0,0,0,0,0.157,0,0,0.169,0,0,0,0,0,0,0,0,0,0,0.808,0,0,0,0,0,0,0,0,0,0,0,0,0,0,0,0,0,0,0,0,0,0,0,0,0,0,0,0,0,0,0,0,0,0,0,0,0,0,0,0,0,0,0,0,0,0,0,0,0,0,0,0,0,0,0,0,0,0,0,0,0,0,0,0,0,0,0,0,0.203,0,0.425,0,0,0,0,0,0,0,0,0,0,0.252,0,0,0,0,0,0,0,0,0.484,0,0,0,0,0,0,0.266,0,0,0,0,0,0,0,0,0,0,0,0,0,0,0,0,0.319,0,0,0,0,0,0,0,0,0,0,0,0.229,0,0,0,0,0,0,0,0,0,0,0,0,0,0,0,0,0,0,0,0,0,0,0,0,0,0,0,0,0,0,0,0,0,0,0,0,0,0,0,0,0,0,0,0,0,0,0,0,0,0,0,0,0,0,0,0,0,0,0,0,0,0,0,0,0,0,0,0,0,0,0.212,0,0,0,0,0,0,0,0,0,0,0,0,0,0,0,0,0,0,0,0,0,0,0,0,0,0,0,0,0,0,0,0,0,0,0,0,0,0,0,0,0,0,0,0,0,0,0,0,0,0,0,0,0,0,0,0,0,0,0,0,0,0,0,0,0,0,0,0,0,0,0,0,0,0,0,0,0,0,0,0,0,0,0,0,0,0,0,0,0,0,0,0.482,0,0,0,0,0,0,0.153,0,0,0,0,0,0,0,0,0,0,0,0,0,0,0,0,0,0,0,0,0,0,0,0,0,0,0,0.161,0,0,0,0,0,0,0,0,0,0,0,0,0,0,0,0,0,0,0,0,0,0,0,0,0,0,0,0,0,0,0,0,0,0,0,0,0.215,0,0,0.268,0,0.871,0.878,0,0,0,0,0,0,0,0,0,0,0,0,0,0,0,0,0,0,0,0,0,0,0.308,0,0,0,0,0,0.29,0,0,0,0,0,0,0,0,0,0,0,0,0,0.685,0,0,0,0,0,0,0,0,0,0,0,0,0,0,0.378,0,0,0,0,0,0,0,0,0,0,0,0,0,0,0,0,0
853965,0,0.231,0.154,0,0,0,0.812,0,0,0.769,0,0,0,0,0,0,0,0,0,0.218,0,0.171,0,0,0.21,0,0,0,0,0,0,0,0.168,0.484,0,0,0,0,0,0,0,0.186,0,0,0.169,0.273,0,0,0,0,0,0,0,0,0,0,0,0,0,0,0.21,0,0,0,0,0,0.273,0,0.349,0,0.626,0.215,0,0,0,0.209,0.184,0,0,0,0,0,0,0,0.426,0.21,0,0,0,0,0.209,0,0,0,0.231,0,0.836,0.21,0,0,0,0.271,0.205,0,0,0,0.21,0,0.679,0,0,0,0,0,0,0,0,0,0,0,0,0,0,0,0,0.287,0,0,0,0,0.208,0,0,0.296,0,0.86,0,0,0,0.277,0,0,0,0,0,0,0,0,0,0.283,0,0,0.748,0.253,0,0,0,0,0,0,0,0,0,0.495,0,0.229,0,0.166,0.208,0,0,0,0,0,0,0,0,0.302,0,0.207,0,0.209,0,0,0,0,0,0,0,0,0,0,0,0,0,0,0,0,0,0,0,0,0.201,0,0,0,0,0,0,0,0.19,0,0,0,0,0.426,0,0,0,0,0,0,0,0,0,0,0,0,0,0,0,0,0,0,0,0,0,0,0,0,0,0,0,0,0,0,0,0,0,0,0,0.22,0,0,0,0,0,0,0,0.367,0,0,0,0,0,0,0,0,0,0,0,0,0,0,0,0,0.161,0,0,0,0,0,0,0,0,0.216,0,0,0,0,0,0.195,0,0,0,0,0,0,0,0,0,0,0,0.517,0,0,0,0,0,0,0,0.16,0,0,0,0,0,0,0,0.168,0,0,0,0,0,0,0,0,0,0,0,0.179,0,0,0,0,0.481,0,0,0,0,0,0,0.238,0,0.154,0,0,0,0.702,0,0,0,0,0.821,0,0,0.306,0,0,0,0,0,0,0,0,0.202,0,0,0,0,0,0,0,0,0,0,0,0,0,0,0,0,0,0,0,0,0,0,0,0,0,0,0,0,0.181,0,0,0,0,0,0,0,0,0,0,0,0,0,0,0,0,0,0,0,0,0,0,0,0,0,0,0,0,0,0,0,0,0,0,0,0,0,0,0,0,0,0,0,0,0,0,0,0,0,0,0,0,0,0,0,0,0.17,0,0,0,0,0,0,0,0,0,0,0,0,0,0,0,0,0,0,0,0,0,0,0,0,0,0,0,0,0,0,0,0,0,0,0,0,0,0,0,0.186,0,0,0,0,0,0,0,0,0,0,0,0,0,0,0,0,0,0,0,0,0,0,0,0.234,0,0,0,0,0,0,0,0,0,0,0,0,0,0,0,0,0,0,0,0,0,0,0,0,0,0,0,0,0,0,0,0,0,0,0,0.202,0,0,0,0,0,0,0,0,0,0.164,0,0,0,0,0,0,0,0,0,0,0.177,0,0,0,0,0,0,0,0,0,0,0,0,0,0,0,0,0,0,0.305,0,0,0,0,0,0,0,0.274,0,0,0,0,0,0,0,0,0,0,0,0,0,0,0,0,0,0,0,0,0,0,0,0,0,0,0,0,0,0.161,0,0,0,0,0,0,0,0,0,0,0,0,0,0.152,0,0,0,0,0,0,0,0,0,0,0,0,0,0,0,0,0,0,0,0,0,0,0,0,0.194,0,0,0,0,0,0,0,0,0,0,0,0,0,0,0,0,0,0,0.199,0.307,0,0,0,0,0,0,0,0,0,0,0,0,0,0,0,0,0,0,0,0,0,0.269,0.191,0,0.204,0,0,0,0.168,0,0,0,0,0,0,0,0,0,0,0,0,0,0,0,0,0,0,0,0,0,0,0.173,0,0,0,0,0,0,0,0,0,0,0,0,0,0,0,0,0,0,0,0,0,0,0,0,0,0,0,0,0,0,0,0,0,0,0,0,0,0,0,0,0,0,0,0,0,0,0,0,0,0,0,0,0,0,0,0,0,0,0,0,0,0,0.247,0,0.368,0,0,0,0,0,0,0,0,0,0,0,0,0,0,0,0.22,0,0,0,0,0,0,0,0,0,0,0,0,0,0,0,0,0,0,0,0,0,0,0,0,0,0,0.267,0,0,0,0,0,0,0,0,0,0,0,0,0,0,0,0,0,0,0,0,0,0,0,0,0,0,0,0,0,0,0,0,0,0,0,0.207,0,0,0,0,0,0,0,0,0,0,0,0,0,0.235,0,0,0,0.18,0,0,0,0,0,0,0,0.179,0,0,0,0,0,0,0,0,0,0,0,0,0,0,0,0,0,0,0,0,0,0,0,0,0,0,0,0,0,0,0,0,0,0,0,0,0,0,0,0,0,0,0.623,0,0,0,0,0,0,0,0,0,0,0,0,0,0,0,0,0,0,0,0,0,0,0,0,0,0,0,0,0,0,0,0,0,0,0,0,0,0,0,0,0,0,0,0,0,0,0,0.197,0,0,0,0,0,0,0,0.216,0,0,0,0,0,0,0,0,0,0,0,0,0,0,0,0,0,0,0,0,0,0,0,0,0,0,0.371,0,0,0,0,0,0,0,0,0,0,0,0.209,0,0,0,0,0,0,0,0,0,0,0,0,0.163,0,0,0,0,0,0.258,0,0,0,0,0,0,0,0,0,0,0,0,0,0.167,0,0.225,0.188,0,0,0,0,0.333,0,0,0,0,0,0,0,0,0,0,0,0,0,0,0,0,0,0,0,0,0,0,0,0,0,0,0,0,0,0,0,0,0,0,0,0,0,0,0,0,0,0,0,0,0,0,0.404,0,0,0,0,0,0.188,0.267,0,0,0,0,0,0,0,0.194,0,0,0,0,0,0,0,0,0,0.173,0.258,0,0,0,0,0,0,0,0,0,0.249,0,0,0,0,0.206,0,0,0,0,0,0,0,0,0,0,0,0,0,0,0,0.268,0,0,0,0,0,0,0,0,0,0,0,0,0,0,0,0,0,0,0,0,0.446,0,0,0,0,0,0,0,0,0,0,0,0,0,0,0,0,0,0,0.153,0,0,0,0,0,0,0.195,0,0,0.508,0,0,0,0,0,0,0,0,0,0,0,0,0,0,0,0,0,0,0,0.226,0,0,0,0,0,0,0,0,0.198,0,0,0,0,0,0,0,0,0,0,0.167,0.377,0,0,0,0,0,0,0,0,0,0,0,0,0,0,0,0,0,0,0,0,0.29,0,0,0,0,0,0,0,0,0,0,0,0,0.618,0,0,0,0,0,0,0.199,0,0,0,0,0,0,0,0,0,0,0,0,0,0.174,0,0,0,0,0,0,0,0,0,0,0,0,0,0.194,0,0.29,0,0,0,0.154,0,0,0,0,0,0,0,0,0,0,0,0,0,0.195,0.444,0,0,0,0,0,0.531,0,0,0.197,0,0,0,0,0,0,0,0.171,0,0,0,0,0.206,0,0,0.371,0,0,0,0,0,0,0,0.208,0.288,0,0,0,0,0,0,0,0.276,0,0,0,0.166,0,0,0,0,0,0,0.15,0,0,0,0,0,0.517,0,0.157,0,0,0,0,0,0,0,0,0,0,0,0,0.446,0,0,0,0,0.577,0,0,0,0,0,0,0,0,0,0,0,0,0,0,0,0,0,0,0,0,0,0,0,0,0,0.325,0,0,0,0,0,0,0,0,0,0,0,0,0,0,0,0,0.54,0,0,0,0,0,0,0,0.161,0,0,0,0,0,0,0,0,0,0,0,0,0,0,0,0,0,0,0,0,0,0,0,0.258,0,0,0,0,0,0,0,0,0.188,0,0.188,0,0,0,0,0,0,0,0,0,0,0,0,0,0,0,0,0,0,0,0,0,0,0,0,0,0,0.186,0,0,0,0.394,0,0,0,0,0,0,0,0,0,0,0,0.327,0,0,0,0,0,0,0,0,0,0,0,0.601,0,0,0,0.253,0,0,0.218,0,0,0,0,0,0,0,0,0,0,0,0,0,0,0,0,0,0,0,0.173,0,0,0,0,0,0,0,0.195,0,0,0,0,0,0,0,0,0,0,0,0,0,0,0,0,0.183,0,0,0,0.61,0,0,0,0.318,0.716,0,0,0,0,0,0,0,0,0,0,0,0,0,0,0,0,0,0,0,0,0,0,0,0,0,0,0,0.173,0,0,0.229,0,0,0,0,0,0,0,0.532,0,0,0,0,0,0,0,0,0,0,0,0,0,0,0,0,0,0,0,0,0,0,0,0,0,0,0,0,0,0,0,0,0,0,0,0,0,0,0,0,0,0,0.376,0,0,0,0,0,0,0,0,0,0,0,0,0,0,0,0,0,0,0,0,0,0,0,0,0,0,0,0,0,0,0,0,0,0,0,0,0,0,0,0,0,0,0,0,0,0,0,0,0,0,0,0,0,0,0,0,0,0,0,0,0,0,0,0,0,0,0,0,0,0,0,0,0,0,0,0,0,0,0.245,0,0,0.273,0,0,0,0,0,0,0.401,0,0.197,0,0,0,0,0,0,0,0.244,0,0,0,0,0,0,0,0,0,0,0,0,0,0,0,0,0,0,0,0,0,0,0,0,0.188,0,0,0,0,0,0,0,0,0,0,0,0,0,0,0,0,0,0,0,0,0,0,0,0,0,0,0,0,0,0,0,0.462,0.302,0,0,0,0,0,0,0,0,0,0,0,0,0,0.192,0,0,0,0,0,0,0,0,0,0,0,0,0,0,0,0,0,0,0,0,0,0,0,0,0,0,0,0,0,0,0,0,0,0.313,0,0,0,0,0,0,0,0,0,0,0.173,0,0,0.19,0,0,0,0,0,0,0,0,0,0,0,0,0,0,0,0.277,0,0,0,0,0,0,0,0.712,0,0,0,0,0,0,0,0,0.183,0,0,0.192,0,0,0,0,0,0,0,0.191,0,0,0,0,0,0,0,0,0,0,0,0,0,0,0,0,0,0,0,0,0,0,0,0.709,0,0.173,0,0,0.282,0,0,0,0,0,0,0,0,0,0,0,0,0,0,0.241,0,0,0,0,0,0,0,0,0,0,0,0.182,0,0,0,0,0,0,0,0,0,0,0,0,0,0,0,0,0,0,0,0,0,0,0,0,0.394,0,0,0,0,0.318,0,0,0,0,0,0,0,0,0,0,0,0,0,0,0,0,0,0,0,0,0,0,0,0,0,0,0,0,0,0,0.286,0,0,0,0,0,0,0,0,0,0,0.181,0,0,0,0,0,0,0,0,0,0,0,0,0,0,0,0,0,0,0,0,0,0,0,0,0,0,0,0,0,0,0,0,0,0,0,0,0,0,0,0.245,0,0,0,0,0,0,0,0,0,0.16,0.26,0,0,0,0,0,0,0,0,0,0,0,0,0,0,0,0,0,0,0,0,0,0,0,0,0,0,0,0,0,0,0,0,0,0,0,0,0,0,0,0,0,0,0,0.356,0,0,0,0,0,0,0,0,0,0,0,0,0,0,0,0,0,0.308,0,0,0.62,0,0,0,0,0,0,0,0,0,0,0,0,0.219,0,0,0,0,0,0,0,0,0,0,0,0,0,0,0,0,0,0,0.208,0,0,0,0,0,0,0,0,0.454,0,0,0,0,0.314,0,0,0,0,0,0,0,0,0,0,0,0,0,0,0,0,0,0,0,0,0,0,0,0,0,0,0,0,0.155,0,0,0,0.208,0.18,0,0,0,0,0,0,0.198,0,0,0,0,0,0,0,0,0,0,0,0,0,0,0,0,0,0,0,0.31,0,0,0,0,0,0,0.258,0.191,0,0,0,0,0.159,0,0,0,0,0,0,0,0,0,0,0,0,0,0.347,0,0,0,0,0,0.347,0,0,0,0,0,0,0,0,0,0,0,0,0,0,0,0,0,0.22,0,0,0,0,0,0,0,0,0,0,0,0,0,0,0.22,0,0,0,0,0,0.397,0,0,0,0.304,0,0,0.362,0,0.35,0,0,0,0,0,0,0,0,0,0,0,0,0,0,0,0,0,0.395,0,0,0,0.275,0,0,0,0.202,0,0,0,0,0,0,0,0.153,0,0,0,0,0.283,0,0,0,0,0,0,0,0.299,0,0.384,0.367,0,0,0,0,0,0,0,0,0.311,0.234,0,0.321,0,0,0,0,0,0.582,0,0,0,0,0,0,0,0,0.202,0,0,0.214,0,0,0.463,0,0,0,0,0,0,0.374,0,0,0,0,0,0,0,0,0,0,0.86,0,0.202,0,0,0,0,0,0,0,0,0,0,0,0,0,0,0.396,0.535,0,0.29,0,0,0,0.302,0,0,0,0,0.156,0,0.203,0,0,0,0,0,0,0,0,0,0,0,0,0,0,0,0,0,0,0.628,0,0,0,0.159,0,0,0,0,0,0,0,0,0.324,0,0,0,0,0,0,0,0,0.49,0.209,0,0,0,0,0,0,0,0,0,0,0,0,0,0,0,0.209,0,0,0,0,0,0,0,0,0.401,0.155,0,0,0,0,0,0,0,0,0,0,0,0,0,0,0,0,0,0,0,0,0,0,0,0,0,0.251,0,0,0,0,0,0.158,0,0,0,0,0,0,0,0,0,0.272,0,0,0,0,0,0,0.629,0,0,0.337,0,0,0,0,0,0,0,0,0,0,0,0,0,0,0,0,0,0,0,0,0,0,0,0,0,0,0,0,0,0,0,0,0,0.364,0,0,0,0,0,0,0,0,0,0,0,0,0,0,0,0,0,0,0,0.51,0,0,0,0,0,0,0,0,0,0,0,0,0,0,0,0,0,0,0,0,0,0,0,0,0,0,0,0,0,0,0,0,0,0,0,0,0,0,0,0,0,0,0,0,0,0,0,0,0,0,0,0,0,0,0,0,0,0,0,0,0,0,0,0,0,0,0,0,0,0,0,0,0,0,0,0,0,0,0,0,0,0,0,0,0,0,0,0,0,0,0,0,0,0,0,0,0,0,0,0,0,0,0,0,0,0,0,0,0,0,0,0,0,0,0,0,0,0,0,0,0,0,0,0,0,0,0,0,0,0,0,0,0,0,0,0,0,0,0,0,0,0,0,0,0,0,0,0,0,0,0,0,0,0,0,0,0,0.166,0,0,0,0,0,0,0,0,0,0,0,0,0,0,0,0,0,0,0,0,0,0,0,0,0,0,0,0,0,0,0,0,0,0,0,0,0,0,0,0,0,0,0,0,0,0,0,0,0,0,0,0,0,0,0,0,0,0,0,0,0,0,0,0,0,0,0,0,0,0,0,0,0,0,0,0,0,0,0,0,0,0,0,0,0.358,0,0.336,0,0,0,0,0,0,0,0,0,0,0.202,0,0,0,0,0,0,0,0,0,0,0,0,0,0,0,0,0,0,0,0,0,0,0,0,0,0.641,0,0,0,0,0,0,0,0,0,0,0,0,0,0,0,0,0,0,0,0,0,0,0,0,0,0,0,0,0,0,0,0,0,0,0,0,0,0,0,0,0,0,0,0,0,0,0,0,0,0,0,0,0,0,0,0,0,0,0,0,0,0,0,0,0,0,0,0,0,0,0,0,0,0,0,0,0,0,0,0,0,0,0,0,0,0,0,0,0,0.392,0,0.311,0,0,0,0,0,0,0,0.219,0,0,0,0,0,0,0,0,0,0,0,0,0,0,0,0,0,0,0,0,0,0,0,0,0,0,0,0,0,0,0.336,0,0,0,0,0,0,0,0,0,0,0,0,0,0,0,0,0,0,0,0,0,0.318,0,0,0,0,0,0,0,0,0,0,0,0,0,0,0,0,0.536,0,0,0,0,0,0,0,0,0,0,0,0,0,0,0,0,0,0,0,0,0.353,0,0,0,0,0,0,0,0,0,0,0,0,0,0,0,0,0,0,0,0,0,0,0,0,0,0,0,0,0,0,0,0,0,0,0,0,0,0,0,0,0,0,0,0,0,0,0,0,0,0,0,0,0,0,0,0,0,0,0,0,0,0,0,0,0,0,0,0,0,0,0,0,0,0,0,0,0,0,0,0,0,0,0,0,0,0,0,0,0,0,0,0,0,0,0,0,0,0,0,0,0,0,0,0,0,0,0,0,0,0,0,0,0,0,0,0,0,0,0,0,0,0,0.357,0,0,0,0,0,0,0,0,0,0,0,0,0,0,0,0,0,0,0,0,0,0.276,0,0,0,0,0,0,0,0,0,0,0,0,0,0,0,0,0,0,0,0,0,0,0,0,0,0,0,0,0,0,0,0,0,0,0,0,0,0,0,0,0,0,0,0,0,0,0,0,0,0,0,0,0,0,0.351,0,0,0,0.296,0,0,0,0,0,0,0,0,0,0,0,0,0,0,0,0,0,0,0,0,0,0,0,0,0,0,0,0,0,0,0,0,0,0,0,0,0.164,0,0,0,0,0,0,0,0,0,0,0,0,0,0,0,0,0,0,0,0,0,0,0,0,0,0,0,0,0,0,0,0,0,0,0,0,0,0,0,0,0,0.339,0,0,0,0,0,0,0,0,0,0,0,0,0,0,0,0,0,0,0,0,0,0,0,0,0,0,0,0,0,0,0,0,0,0,0,0,0,0,0,0.26,0,0,0,0,0,0,0,0,0,0,0.332,0,0,0,0,0,0,0,0.275,0,0,0,0,0,0,0,0,0,0,0,0,0,0,0,0,0,0,0,0,0,0,0,0,0,0,0,0,0,0,0,0,0,0,0,0,0,0,0,0,0,0,0,0,0,0,0,0,0,0,0,0,0,0,0,0,0,0,0,0,0,0,0,0,0,0,0,0,0,0,0,0,0,0,0,0,0,0,0,0,0,0,0,0,0,0,0,0,0,0,0,0,0,0,0,0,0,0,0,0,0,0,0,0,0,0,0,0,0,0,0,0,0,0,0,0,0,0,0,0,0,0,0,0,0,0.445,0,0,0,0,0,0,0,0,0,0,0,0,0,0,0,0,0,0,0,0,0,0,0,0,0,0,0,0,0,0,0,0,0,0,0,0,0,0,0,0,0,0,0,0,0,0,0,0,0,0,0,0,0,0,0,0,0,0,0,0,0,0,0,0,0,0,0,0,0,0,0,0,0,0,0,0,0,0,0.399,0,0,0,0,0,0,0,0,0.231,0,0,0,0,0,0,0,0,0,0,0,0,0,0,0,0,0,0,0,0.319,0,0,0,0,0,0,0,0,0,0,0,0.29,0,0,0,0,0,0,0,0.29,0,0,0,0,0,0,0,0,0,0,0,0,0,0,0,0,0,0,0,0,0,0,0,0,0,0,0,0,0,0,0,0,0,0,0,0,0,0,0,0,0,0,0,0,0,0,0,0,0,0,0,0,0,0,0,0,0,0,0,0,0,0,0,0,0,0,0,0,0,0,0,0,0,0,0,0,0,0,0,0,0,0,0,0,0,0,0,0,0,0,0,0,0,0,0,0.342,0,0,0,0,0,0,0,0,0,0,0,0,0,0,0,0,0,0.229,0.202,0,0,0,0,0,0,0.159,0,0.48,0,0,0,0.339,0.375,0,0,0,0.397,0,0,0.316,0.297,0,0.491,0,0,0.394,0.379,0,0.379,0.331,0.228,0,0.373,0.339,0,0.194,0,0,0,0,0,0,0,0,0,0.166,0,0,0,0,0,0,0,0,0,0,0,0,0,0,0,0,0,0,0.191,0,0,0,0,0,0,0,0,0,0,0,0,0,0,0,0,0,0,0,0,0,0,0,0.166,0,0,0,0,0.395,0.194,0,0,0.166,0,0,0,0,0,0,0,0,0,0,0,0,0,0,0,0,0,0,0,0,0,0,0,0,0,0,0,0,0,0,0,0,0,0,0,0,0,0,0,0,0,0,0.195,0,0,0,0,0,0,0.153,0,0,0,0,0,0,0,0,0,0,0,0,0,0,0,0,0,0,0,0,0,0,0,0,0,0,0,0,0,0,0.382,0.22,0,0,0.276,0,0,0,0,0,0,0,0,0,0,0,0,0,0,0,0,0,0,0,0,0,0,0,0,0,0.225,0,0.173,0,0,0,0,0,0.192,0,0,0,0,0,0,0,0,0,0.173,0,0,0,0.22,0,0,0,0,0,0,0,0,0,0,0,0,0,0,0,0,0,0.177,0,0,0,0,0,0,0,0,0,0,0,0,0,0,0,0.199,0,0,0,0,0,0,0,0,0,0,0.231,0,0,0.235,0,0,0,0,0,0,0,0,0,0,0,0.191,0,0,0,0,0,0,0,0,0,0,0,0,0,0,0,0,0,0,0,0,0,0,0,0,0,0,0,0,0,0,0,0,0,0,0,0,0,0,0,0,0,0,0,0,0,0,0,0,0.214,0,0,0,0,0,0,0,0,0,0
854931,0,0,0.237,0,0,0,0.766,0,0,0.351,0,0.156,0,0,0,0,0,0.175,0,0,0.211,0,0,0,0,0,0,0.182,0,0,0,0,0.195,0.272,0.175,0.156,0,0,0,0,0,0,0,0,0,0,0,0,0,0,0,0,0,0,0,0,0,0,0,0.327,0,0,0,0,0,0,0,0,0.169,0,0.185,0.174,0,0,0,0.29,0,0,0,0,0,0,0,0,0,0.194,0,0,0,0,0.267,0,0,0,0,0,0.694,0.398,0,0.212,0,0,0.557,0.994,0.829,0,0,0,0.33,0,0,0,0,0,0,0,0,0,0,0,0,0,0,0,0,0,0,0,0,0,0.33,0,0,0,0,0.508,0,0,0,0.267,0,0,0,0,0,0,0,0,0.177,0,0,0,0,0,0,0,0,0,0,0,0,0,0,0.723,0,0,0,0,0,0.199,0,0,0,0,0,0,0,0,0.177,0,0,0.341,0,0,0,0,0,0,0,0,0,0,0,0,0,0,0,0,0,0,0,0,0,0,0,0,0,0,0,0,0,0,0,0,0,0,0,0,0,0,0,0,0,0,0,0,0,0,0,0,0,0,0,0,0,0,0,0,0,0,0,0,0,0,0,0,0,0,0,0,0,0,0,0,0,0,0,0,0,0,0,0,0,0,0,0,0,0,0,0,0,0,0,0,0,0,0,0,0,0,0,0,0,0,0,0,0,0,0.456,0,0,0,0,0,0,0,0,0,0,0,0,0,0,0,0,0,0,0,0,0,0,0,0,0.281,0,0,0,0,0,0,0,0,0,0,0,0,0,0,0,0,0,0,0,0.355,0,0,0,0,0,0,0,0,0,0,0,0,0,0,0,0,0,0,0,0,0,0,0,0,0,0,0,0,0,0,0,0.345,0.161,0,0,0,0,0,0.188,0,0,0,0,0,0,0,0.532,0,0,0,0,0,0,0,0,0,0,0,0,0,0,0,0,0,0,0,0,0,0,0,0,0,0,0,0,0,0,0,0,0,0,0,0,0,0,0.873,0,0,0,0,0.258,0,0,0,0,0,0,0,0.375,0,0,0,0,0,0,0,0,0,0,0,0,0,0,0,0,0,0,0,0,0,0,0,0,0,0,0,0,0,0,0,0,0,0,0,0,0,0,0,0,0,0,0,0,0,0,0,0,0,0,0,0,0,0,0,0,0,0,0,0,0,0,0,0,0,0,0,0,0,0,0,0,0,0,0,0.234,0,0,0,0,0,0,0,0,0,0,0,0,0,0,0,0,0,0,0,0.408,0,0,0,0,0,0,0,0.211,0,0,0.398,0,0,0,0,0,0,0,0,0,0,0,0,0.161,0,0,0,0,0,0,0,0,0,0,0,0,0,0,0,0,0,0,0,0,0,0,0,0.218,0,0,0,0,0,0.821,0,0.391,0,0.775,0,0,0,0,0,0,0,0,0.355,0,0,0,0,0,0,0,0,0,0,0,0,0,0,0,0,0,0,0,0,0,0,0,0,0,0,0,0,0,0,0,0,0,0,0.219,0,0,0,0,0,0,0,0,0,0,0,0,0,0,0,0,0,0.255,0,0.451,0,0,0,0,0,0,0,0,0,0,0,0,0,0,0,0,0.741,0,0,0,0,0,0,0,0,0,0,0,0,0,0,0,0,0,0.306,0,0,0,0,0,0,0,0,0,0,0.161,0,0,0,0,0,0,0,0,0,0,0,0,0.171,0,0.793,0,0,0,0,0,0,0,0,0,0,0,0,0.192,0,0,0,0,0,0,0,0,0,0,0,0,0,0,0,0,0,0,0,0,0,0,0,0,0,0,0,0,0,0,0,0,0,0,0,0,0,0,0,0,0,0,0,0,0,0,0,0,0,0,0,0,0,0,0,0,0,0,0,0,0,0,0,0,0,0,0,0,0,0,0,0,0,0,0,0,0,0,0,0,0,0,0,0.327,0,0,0,0,0,0,0,0,0,0,0,0,0,0,0,0,0,0,0,0,0,0,0,0,0,0,0,0.173,0,0,0,0,0,0,0,0,0,0,0,0,0,0,0,0,0,0,0,0,0,0,0,0,0,0,0,0,0,0,0,0,0,0,0,0,0,0,0,0,0,0,0,0,0,0,0,0,0,0,0,0,0,0,0,0,0,0,0,0,0,0,0,0,0,0,0,0,0,0,0,0,0,0,0,0,0,0,0.169,0,0,0,0,0,0,0,0,0.285,0.395,0,0,0,0,0,0,0,0,0,0,0,0,0,0,0,0,0,0,0,0,0,0,0,0,0,0,0,0,0,0,0,0,0,0,0,0,0,0,0,0,0,0,0.345,0,0,0,0,0,0,0,0,0,0,0,0,0,0,0,0,0,0,0,0,0,0,0,0,0,0,0,0,0,0,0,0,0,0,0,0,0,0,0,0,0,0,0,0,0,0,0,0,0,0,0,0,0,0,0,0,0,0,0,0,0.617,0,0.931,0,0,0,0,0,0,0,0,0,0,0,0,0,0,0,0,0,0,0,0,0,0,0,0.308,0,0.581,0,0,0.219,0,0,0,0,0,0,0,0,0,0,0,0,0,0,0,0,0,0,0,0,0,0,0,0,0,0,0,0,0,0,0,0,0,0,0,0,0,0,0,0,0,0,0,0.239,0,0,0,0,0,0,0.309,0,0,0,0,0,0,0,0,0,0,0,0,0,0,0,0,0,0,0,0,0.18,0,0,0,0,0.416,0,0,0,0,0,0,0,0,0,0,0,0,0,0,0,0,0,0,0,0,0,0,0,0,0,0,0.175,0,0,0,0,0,0,0.289,0,0,0,0,0,0,0,0,0,0,0,0,0,0,0,0,0,0,0,0,0,0,0,0,0,0,0,0,0,0,0,0,0,0,0,0,0,0,0,0,0,0,0,0,0,0,0,0,0,0,0,0,0,0,0,0.615,0,0,0,0,0,0,0,0.376,0,0,0.173,0,0,0,0,0,0.161,0,0,0,0,0,0,0,0,0,0,0,0,0,0.283,0,0,0,0,0,0,0,0,0,0,0,0,0,0,0,0,0,0,0,0.166,0,0,0,0,0,0,0,0,0,0.183,0,0,0.278,0,0,0,0.397,0,0,0,0,0,0.852,0,0,0,0,0,0,0,0,0,0,0,0,0,0,0,0,0,0,0,0,0,0,0,0,0,0,0,0,0,0,0.435,0,0,0,0,0.22,0,0,0,0,0,0,0,0,0,0,0,0,0,0,0.927,0,0,0,0,0,0.22,0,0,0,0,0,0,0.593,0,0,0,0,0,0.772,0,0,0,0,0,0,0,0,0,0,0,0,0.233,0,0,0,0,0,0,0,0,0,0,0,0,0,0.194,0,0,0,0,0,0,0,0,0,0,0,0,0,0,0,0,0,0,0,0,0,0,0,0,0,0,0,0,0,0,0,0,0.426,0,0,0,0,0,0,0,0,0,0,0,0,0,0,0,0.599,0,0,0,0,0,0,0,0,0,0,0,0,0,0,0,0,0,0,0,0,0,0,0,0,0,0,0,0,0,0,0.373,0,0,0,0,0,0,0,0,0,0,0,0,0,0,0,0,0,0,0,0,0,0,0,0.167,0,0,0,0,0,0,0,0,0,0,0,0,0,0,0,0,0.198,0,0,0,0,0,0,0,0,0,0,0,0,0,0,0,0,0,0,0,0,0,0,0,0,0,0,0,0,0,0,0,0,0,0,0,0,0,0,0,0,0,0,0,0,0,0,0,0,0,0,0,0,0,0,0,0,0,0,0.288,0,0,0,0,0,0,0,0,0,0,0,0,0,0,0,0,0,0,0,0,0.161,0,0,0,0,0,0,0,0,0,0,0,0,0,0,0,0.229,0,0,0,0,0,0,0,0,0,0,0,0,0,0,0,0,0,0,0,0,0,0,0,0,0,0,0,0,0,0,0,0,0.315,0,0,0,0,0,0,0,0,0,0,0,0,0,0,0,0,0,0,0,0,0,0,0,0,0,0,0,0,0,0,0,0,0,0,0,0,0,0,0,0,0,0,0,0,0,0,0,0,0,0,0,0.497,0,0,0,0,0,0,0,0,0,0.196,0,0,0,0,0,0,0,0,0,0,0,0,0,0,0,0,0,0,0,0,0,0,0,0,0,0,0,0,0,0,0.815,0,0,0,0,0,0,0,0,0,0.197,0,0,0,0,0,0,0,0,0,0,0,0,0,0,0,0,0,0,0,0,0,0,0,0,0,0,0,0,0,0,0,0,0,0,0,0,0,0,0,0,0,0,0,0,0,0,0,0,0,0,0,0,0,0,0,0,0,0,0,0,0,0,0,0,0,0,0,0,0,0,0,0,0,0,0,0,0,0,0,0,0,0,0,0,0,0,0,0,0,0,0,0,0,0,0,0,0,0,0,0,0,0,0,0,0,0,0,0,0,0,0,0,0,0,0,0,0,0,0,0,0,0,0,0,0,0,0,0,0,0,0,0,0,0,0,0,0,0,0,0,0,0,0.161,0,0,0,0,0,0,0,0,0,0,0,0,0,0,0,0,0,0,0,0,0,0,0,0,0,0,0,0,0,0,0.3,0,0,0,0,0,0,0,0,0,0,0,0,0,0,0.22,0,0,0,0,0,0,0,0,0,0,0,0,0,0,0,0,0,0,0,0,0,0,0,0,0,0,0,0,0,0,0,0,0,0,0,0,0,0,0,0,0,0,0,0,0,0,0,0,0,0,0,0,0,0,0,0,0,0,0,0,0,0,0,0,0,0,0,0,0,0,0,0,0,0,0,0,0,0,0,0,0,0,0,0,0,0,0,0,0,0,0,0,0,0,0,0,0,0,0,0,0,0,0,0,0,0,0,0,0,0,0,0,0,0,0,0,0,0,0,0,0,0,0,0,0,0,0,0,0,0,0,0,0,0,0.297,0,0,0,0,0,0,0,0,0,0,0,0,0,0,0,0,0,0,0,0,0,0,0,0,0,0,0,0,0,0,0.39,0,0,0,0,0.264,0,0,0,0,0,0,0,0,0,0,0,0,0,0,0,0,0,0.69,0,0,0,0,0,0,0,0,0,0,0,0,0,0,0,0,0,0,0,0,0,0,0,0,0,0,0,0,0,0,0,0,0,0.483,0,0,0,0,0,0,0,0,0,0,0,0,0,0,0,0,0,0,0,0,0,0,0,0,0,0,0,0,0,0,0,0,0,0,0,0,0,0,0,0,0,0,0,0,0,0,0,0,0,0,0,0,0,0,0,0,0,0,0,0,0,0,0,0,0,0,0,0,0,0,0,0,0,0,0,0,0,0,0,0,0,0,0,0,0,0,0,0,0,0,0,0,0,0.266,0,0,0,0,0,0,0,0,0,0,0,0,0,0,0,0,0,0,0,0,0,0,0,0,0,0,0,0,0,0,0,0,0,0,0,0,0,0,0,0,0,0,0,0,0,0,0,0,0,0,0,0,0,0,0,0,0,0,0,0,0,0,0,0,0,0,0,0,0,0,0,0,0,0,0,0,0,0,0,0,0,0,0,0,0,0,0,0,0,0,0,0,0,0,0.173,0,0,0,0,0.266,0,0,0,0,0,0,0.398,0,0,0,0,0,0,0,0,0,0,0,0,0,0,0,0,0,0,0.26,0,0,0,0,0,0,0,0,0,0,0,0,0,0.704,0.643,0,0,0,0,0,0,0,0,0,0.677,0,0,0,0,0,0,0,0,0,0,0,0,0,0,0,0,0,0,0,0,0,0,0.161,0,0.161,0,0,0,0,0,0,0,0,0,0,0,0,0,0,0,0,0,0.161,0,0,0,0,0,0,0,0.161,0,0,0,0,0,0,0,0,0,0,0,0,0,0,0,0,0,0,0,0,0,0,0,0,0,0,0,0,0,0,0,0,0,0,0,0,0,0,0,0.154,0,0,0,0,0,0,0,0,0,0,0.161,0,0,0,0,0,0,0,0,0,0,0,0,0,0,0.199,0,0,0.192,0,0,0,0,0,0,0,0.161,0,0,0,0,0,0,0,0,0,0,0,0,0,0,0,0,0,0,0,0,0,0,0.206,0,0,0.366,0,0,0,0,0,0,0,0,0,0,0,0,0,0,0,0,0,0,0,0,0,0,0.266,0,0,0,0.232,0,0,0,0.652,0,0,0,0.285,0,0.183,0,0,0,0,0,0,0,0,0,0,0,0,0,0,0,0,0,0,0,0,0,0,0,0,0.151,0,0,0,0,0,0,0,0,0,0,0,0,0,0,0,0,0,0,0,0,0,0,0,0,0,0,0,0,0,0,0,0,0,0,0.246,0,0,0,0,0,0,0,0,0,0,0.61,0,0,0,0,0,0,0,0,0,0,0,0,0,0,0,0,0,0,0,0,0,0,0,0,0,0,0.219,0,0,0,0,0,0,0,0,0,0,0,0,0,0,0,0.57,0.313,0,0,0,0,0.392,0,0,0,0,0,0,0,0,0,0,0,0,0,0,0,0,0,0,0,0,0,0,0,0,0,0,0,0,0,0,0,0.2,0,0,0,0,0,0,0,0,0,0,0,0,0,0,0,0,0,0,0,0,0,0,0,0,0,0,0,0,0,0,0,0,0,0,0,0,0,0,0,0,0,0,0,0,0.583,0,0,0,0,0,0,0,0,0,0,0,0.22,0,0,0,0,0,0,0,0,0,0,0,0,0,0,0,0,0,0,0,0,0,0,0,0,0,0.417,0,0,0,0,0,0,0,0,0,0,0,0,0,0,0,0,0,0.22,0,0,0,0,0,0,0,0,0,0,0,0,0,0,0,0,0,0,0,0,0,0,0,0,0,0,0,0,0,0,0,0,0,0,0,0,0,0,0,0,0,0,0,0,0,0,0,0,0,0,0,0,0,0,0,0,0,0,0,0,0,0,0,0,0,0,0,0,0,0,0,0,0,0,0,0,0,0,0,0,0,0,0,0,0,0,0,0,0,0,0,0,0,0,0,0,0,0,0,0,0,0,0,0,0,0,0.288,0,0,0,0,0,0,0,0,0,0,0,0,0,0,0,0,0,0,0,0,0,0,0,0,0,0,0,0,0,0,0,0,0,0,0,0.161,0,0,0,0,0,0,0,0,0,0.614,0,0,0,0,0,0,0,0,0,0.223,0,0,0,0,0,0,0,0,0,0,0,0,0,0,0,0,0,0,0,0,0,0,0,0,0,0,0,0,0,0,0,0.483,0,0,0,0,0,0,0,0,0,0,0,0,0,0,0,0,0,0,0,0,0,0,0,0,0.804,0,0,0,0,0,0,0,0,0,0,0,0,0,0,0,0,0,0,0,0,0,0,0,0,0,0,0,0,0,0,0,0,0,0,0,0,0,0,0,0,0,0,0,0,0,0,0,0,0,0,0,0,0,0,0,0,0,0,0,0,0,0,0,0,0,0,0,0,0,0,0.449,0,0,0,0,0,0,0,0,0,0,0,0,0,0,0,0,0,0,0,0,0,0,0,0.198,0,0,0,0,0,0,0,0,0,0,0,0,0,0,0,0,0,0,0,0,0,0,0,0,0,0,0,0,0,0,0,0,0,0,0,0,0.219,0,0.266,0,0,0,0,0,0,0,0,0,0,0,0,0,0,0,0,0,0,0,0,0,0,0,0,0,0,0,0,0,0,0,0,0,0,0,0,0,0,0,0,0,0,0,0,0,0,0,0,0,0,0,0,0,0,0,0,0,0,0,0,0,0,0,0,0,0,0,0,0,0,0,0,0,0,0,0,0,0,0.279,0,0,0,0,0,0,0,0,0,0,0,0,0,0,0,0,0,0,0,0,0,0,0,0,0,0,0,0,0,0,0,0,0,0,0,0,0,0,0,0,0,0,0,0,0,0,0,0,0,0,0,0,0,0,0,0,0,0,0,0,0,0,0,0,0,0,0,0,0,0,0,0,0,0,0,0,0,0,0,0,0,0,0,0,0,0,0,0,0,0,0,0,0,0,0,0,0,0,0,0,0,0,0,0,0,0,0,0,0,0,0,0,0,0,0,0,0,0,0,0,0,0,0,0,0,0,0,0,0,0,0,0,0,0,0,0,0,0,0,0,0,0,0,0,0,0,0,0,0,0,0,0,0,0,0.213,0,0,0,0,0,0,0,0,0,0.219,0,0,0.55,0.158,0,0,0,0,0,0,0,0,0,0,0,0,0,0,0,0,0,0,0,0,0,0,0,0,0,0,0,0,0,0,0,0,0,0,0,0,0,0,0,0,0,0,0,0,0,0,0,0,0,0,0,0,0,0,0,0,0,0,0,0,0,0,0,0,0,0,0,0,0,0,0,0,0,0,0,0,0,0,0,0,0,0,0.195,0,0,0,0,0,0,0,0,0,0,0,0,0,0,0,0,0,0,0,0,0,0,0,0,0,0,0,0,0,0,0,0,0,0,0,0,0,0,0,0,0,0,0,0,0,0,0,0,0,0,0,0,0,0,0,0,0,0,0,0,0,0,0,0,0,0,0,0,0,0,0,0,0,0,0,0,0,0,0,0,0,0,0,0,0,0,0,0,0,0,0,0,0,0,0,0,0,0,0,0,0,0,0,0,0,0,0,0,0,0,0,0,0,0,0,0.219,0,0,0,0,0,0,0,0,0,0,0,0,0.219,0,0,0,0,0,0,0,0,0,0,0,0,0,0,0,0,0,0,0,0,0,0,0,0,0,0,0,0,0,0,0,0,0,0,0,0,0,0,0,0,0,0,0,0,0,0,0,0,0,0,0,0,0,0,0,0,0,0,0,0,0,0,0,0,0,0,0,0,0,0,0,0,0,0,0,0,0,0,0,0,0,0,0,0,0,0,0,0,0,0,0,0,0,0,0,0,0,0,0,0,0,0,0,0,0,0,0,0,0,0,0,0,0,0,0,0,0,0,0,0,0,0,0,0,0,0,0,0,0,0,0,0,0,0,0,0,0,0,0,0,0,0,0,0,0,0,0,0,0,0,0,0,0,0,0,0.635,0,0,0,0,0,0,0,0,0,0,0.538,0,0,0,0,0,0,0,0,0,0,0,0,0,0,0,0,0,0,0,0,0,0,0,0.81,0,0,0,0,0,0,0,0,0,0,0,0,0,0,0,0,0,0,0,0,0,0,0,0,0,0,0,0,0,0.199,0,0,0,0,0,0,0,0,0,0,0,0,0,0,0,0,0.494,0,0.22,0,0,0,0,0,0,0,0,0,0,0,0,0,0,0,0,0.193,0,0,0,0,0,0,0,0,0,0,0,0,0,0,0,0,0,0,0,0,0,0,0,0,0,0,0,0,0.284,0,0,0,0,0.339,0,0,0,0,0,0,0,0,0,0,0,0,0,0,0,0,0,0,0,0,0,0,0,0,0,0,0,0,0,0,0.186,0,0.159,0,0,0,0,0,0,0,0,0,0,0,0,0,0,0,0,0,0,0,0,0,0,0,0,0,0,0,0,0,0,0.284,0,0,0,0,0,0,0,0,0,0,0,0,0,0,0,0,0,0,0,0,0,0,0,0,0,0,0,0,0,0,0,0,0,0,0,0,0,0,0,0,0,0,0,0,0,0,0,0,0,0,0,0,0,0,0,0,0,0,0,0,0,0,0,0,0,0,0,0,0,0,0,0,0,0,0,0,0,0,0,0,0,0,0.512,0.219,0,0,0,0,0,0,0,0,0,0,0,0,0,0,0,0,0,0,0,0,0,0,0,0,0,0,0,0,0,0,0,0,0,0,0,0,0,0.392,0,0,0,0.581,0,0,0,0,0,0,0,0,0,0,0,0,0,0,0,0,0,0,0,0,0,0,0,0,0,0,0,0,0,0,0,0,0,0,0,0,0,0,0,0,0,0,0,0,0,0,0,0,0,0,0,0,0,0,0,0,0,0,0,0,0,0.345,0,0,0,0.153,0,0,0,0,0,0,0,0,0,0,0,0,0,0.195,0,0,0,0,0,0.675,0,0,0,0,0,0,0,0,0,0,0,0,0,0,0,0,0,0,0,0,0,0,0,0,0,0,0,0,0,0,0,0,0,0,0,0,0,0,0,0,1
854139,0,0,0.191,0.228,0,0,0,0,0,0,0.219,0,0,0,0,0.204,0,0,0.165,0,0.811,0,0,0,0,0,0.168,0,0.27,0,0,0,0,0,0,0.191,0,0.169,0,0,0,0,0.481,0,0,0,0,0,0,0,0,0,0,0.16,0,0,0,0.572,0,0.841,0,0,0,0,0.358,0,0,0,0,0,0.211,0,0,0.193,0,0,0,0.339,0,0.299,0,0,0,0,0,0,0,0,0,0,0,0,0,0,0,0,0,0,0.157,0,0,0,0,0,0,0,0,0,0.534,0.45,0.179,0,0,0,0,0,0,0,0,0,0,0,0,0,0,0,0,0,0.224,0,0,0,0,0,0,0,0,0,0,0,0,0,0,0,0,0,0,0,0.173,0,0,0,0,0,0,0.447,0,0,0,0,0,0.483,0.539,0,0,0,0.171,0.784,0,0,0.802,0,0,0.39,0,0,0,0,0.274,0,0,0,0,0,0,0,0,0,0,0,0,0,0,0,0.15,0,0,0,0,0,0,0,0,0,0,0,0,0,0,0,0,0,0,0,0,0,0,0,0,0,0,0,0,0,0,0,0,0,0,0,0,0,0,0,0,0,0,0,0,0.342,0,0,0,0,0,0,0,0.569,0,0,0,0,0,0,0,0,0,0,0,0,0,0,0,0,0,0,0,0,0.197,0,0,0,0,0,0,0,0,0,0,0,0,0,0,0,0,0,0,0,0,0,0,0,0,0,0,0,0,0,0,0,0,0,0,0,0,0,0,0,0,0,0,0,0,0,0,0,0,0,0,0,0,0,0,0,0,0,0.787,0,0,0,0,0,0,0,0,0,0,0,0,0,0,0,0,0,0,0,0,0,0,0,0,0,0,0,0,0,0,0.201,0,0,0,0,0.519,0,0,0,0,0,0,0,0.23,0,0,0,0,0.177,0,0,0,0,0,0,0.2,0,0,0.183,0,0,0,0,0,0,0,0,0,0,0,0,0,0,0,0,0,0,0,0,0,0,0,0,0,0,0,0,0,0,0,0,0,0,0,0,0,0,0,0,0,0,0,0,0.839,0,0,0,0,0,0,0,0,0,0,0,0,0,0,0,0,0,0,0,0,0,0,0,0,0,0,0,0.182,0,0,0,0,0,0,0,0,0,0,0,0,0,0,0,0,0,0,0,0,0,0,0.213,0,0.153,0,0,0,0,0,0,0,0,0,0,0,0,0,0,0,0,0,0,0,0,0,0,0,0,0,0,0,0,0,0,0,0,0,0,0,0,0,0,0,0,0,0,0,0,0,0,0,0,0,0,0,0,0,0,0,0,0,0,0,0,0,0,0,0,0,0,0,0,0,0,0,0,0,0,0,0,0,0,0,0,0,0,0,0,0.835,0,0,0,0,0,0,0,0,0,0,0,0,0,0,0,0,0,0,0,0,0.605,0,0,0,0,0,0,0,0,0,0,0,0,0,0.23,0,0,0,0,0,0,0,0,0,0,0,0,0,0,0,0,0,0,0,0,0,0,0,0,0,0,0,0,0,0,0,0,0.199,0,0.213,0,0,0,0,0,0,0,0,0,0,0,0,0,0,0,0,0,0,0,0,0,0,0,0,0,0,0,0,0,0,0,0,0,0,0,0,0,0,0,0,0,0,0,0,0,0,0,0,0,0,0,0,0,0,0,0,0,0,0,0,0,0,0,0,0,0,0,0,0,0,0,0,0,0,0,0,0,0,0,0,0.395,0,0,0,0.599,0,0,0,0,0,0,0,0,0,0,0,0,0.163,0,0.276,0,0.36,0,0,0,0,0,0,0,0,0,0,0,0,0,0,0,0,0,0,0,0,0,0,0,0,0,0,0,0,0,0,0,0,0,0,0,0,0,0,0.16,0,0,0,0,0,0,0,0.724,0,0,0,0,0,0,0,0,0,0,0,0,0,0,0,0,0,0,0,0,0,0,0,0,0,0,0,0,0,0,0,0,0,0,0,0,0,0,0,0,0,0,0,0,0,0,0,0,0,0,0,0,0,0,0,0,0.202,0,0,0,0,0,0,0,0,0,0,0,0,0,0,0,0,0,0,0,0,0,0,0,0,0,0,0.15,0,0,0,0,0,0,0,0,0,0,0,0,0,0,0,0,0,0,0,0,0.295,0,0,0.252,0,0,0,0,0,0,0,0,0,0,0,0,0,0,0,0,0,0,0,0,0,0,0,0,0,0,0,0,0,0,0,0,0,0,0,0,0,0,0,0,0.182,0,0,0,0,0,0,0,0,0,0,0,0,0,0,0,0,0,0,0,0,0,0,0,0,0,0,0,0,0,0,0,0,0,0,0,0,0,0,0,0,0,0,0.193,0,0,0,0,0,0,0,0.337,0,0,0,0,0.22,0,0,0,0,0,0,0,0,0,0,0,0.19,0,0,0,0,0,0,0,0,0,0,0,0,0,0,0,0,0,0,0,0,0,0,0.21,0,0,0,0,0.204,0,0,0,0,0,0,0,0,0,0,0,0,0,0,0,0,0,0,0,0,0,0,0,0,0,0,0,0,0,0,0,0,0,0,0,0,0,0,0,0,0,0,0,0,0,0,0,0,0,0,0,0,0,0,0,0,0,0,0,0,0,0,0,0.196,0,0,0,0,0,0,0.162,0,0,0,0,0,0,0,0,0,0,0,0,0,0,0,0,0,0,0,0,0,0,0,0,0,0.319,0.152,0,0,0,0,0,0,0,0,0,0,0,0,0,0,0,0,0,0,0,0,0,0,0,0,0,0,0,0,0,0,0,0,0,0.34,0,0,0.194,0,0,0,0,0,0,0.19,0,0,0,0,0,0,0,0,0,0,0,0,0,0,0,0,0,0,0,0,0,0,0,0,0,0,0,0,0.203,0,0.196,0,0,0,0,0,0,0,0,0,0,0,0,0,0,0,0,0,0,0,0,0,0,0,0,0,0,0,0,0,0,0,0,0,0,0,0,0,0,0,0,0,0,0,0,0.186,0,0,0,0,0,0,0,0,0,0,0,0,0,0,0,0,0,0,0,0,0,0,0,0.4,0,0,0,0,0,0,0,0,0,0,0,0,0,0,0,0,0,0,0,0,0,0,0,0,0,0,0,0,0,0,0,0,0,0,0,0,0,0,0,0,0,0,0,0,0,0,0,0,0,0,0,0,0,0,0,0,0,0,0,0,0,0,0,0,0,0,0,0,0,0,0,0,0,0,0,0,0,0,0,0,0,0,0,0,0,0,0,0,0,0,0,0,0,0,0,0,0,0,0,0,0,0,0,0,0,0,0,0,0,0,0,0,0,0,0,0,0,0,0,0,0,0,0,0,0,0,0,0,0,0,0,0,0.195,0,0,0,0,0,0,0,0,0,0,0,0,0,0,0,0,0,0,0,0,0,0,0,0,0,0,0,0,0,0,0,0,0,0,0,0,0,0,0,0,0,0,0,0,0,0,0,0,0,0,0,0,0,0,0,0,0,0,0,0,0,0,0,0,0,0,0,0,0,0,0,0,0,0,0,0,0,0,0,0,0,0,0,0,0,0,0,0,0,0,0,0,0,0,0,0,0,0,0,0,0,0,0,0,0,0.179,0,0,0,0,0,0,0,0,0,0,0,0,0,0,0,0,0,0,0,0,0,0,0,0,0,0,0,0,0,0,0,0,0.299,0,0,0,0,0,0.173,0,0,0,0.339,0,0,0,0,0,0,0,0,0,0,0,0,0,0,0,0,0,0,0,0,0,0,0,0,0,0,0,0,0,0,0,0,0,0,0,0,0.19,0,0,0,0.868,0,0,0,0,0,0,0,0,0,0,0.394,0.261,0,0,0,0.335,0,0.341,0.68,0,0,0,0,0,0,0,0,0,0,0,0,0,0,0,0,0,0,0,0,0,0,0,0,0,0,0,0,0,0,0.219,0,0,0,0,0,0,0,0,0,0,0,0,0,0,0,0,0,0,0,0,0,0,0,0,0,0,0,0,0,0,0,0,0,0,0,0,0,0,0,0,0,0,0,0,0,0,0,0,0,0,0,0,0,0,0,0,0,0,0,0,0,0,0,0,0,0.165,0,0,0,0,0,0,0,0,0,0,0,0,0,0,0,0,0,0,0,0,0,0,0,0,0,0,0,0,0,0,0,0,0,0,0,0,0,0,0,0,0,0,0,0,0.214,0,0,0,0,0,0,0,0,0,0,0,0,0,0,0,0,0,0,0.258,0.216,0,0,0,0,0,0,0,0,0,0,0,0,0,0,0,0,0,0,0,0,0,0,0,0,0,0,0,0,0,0,0,0,0,0,0,0,0,0,0,0,0,0,0,0,0,0,0,0.22,0,0,0,0,0,0,0,0,0,0,0,0,0,0,0,0,0,0,0,0,0,0,0,0,0,0,0,0,0,0,0,0,0,0,0,0,0,0,0,0,0,0,0,0,0,0,0,0,0,0,0,0,0,0,0,0,0,0,0,0,0,0,0,0,0,0,0,0,0,0,0,0,0,0,0,0,0,0,0,0,0,0,0,0,0,0,0,0,0,0,0,0,0,0,0,0,0,0,0,0,0,0,0,0,0,0,0,0,0,0,0,0,0,0,0,0,0,0,0,0,0,0,0,0,0,0,0,0,0,0,0,0,0,0,0,0,0,0,0,0,0,0,0,0,0,0,0,0,0,0,0,0,0,0,0,0,0,0,0,0,0,0,0,0,0,0,0,0,0,0,0,0,0,0,0,0,0,0,0,0,0,0,0,0,0,0,0,0,0,0,0,0,0,0,0,0,0,0,0,0,0,0,0,0,0,0,0,0,0,0,0,0,0,0,0,0,0,0,0,0,0,0,0,0,0,0,0,0.193,0,0,0,0,0,0,0,0,0,0,0,0,0,0,0,0,0,0.212,0,0,0,0,0,0,0,0.314,0,0,0,0,0,0,0,0,0,0,0,0,0.229,0,0,0,0,0,0,0,0,0,0,0,0,0,0,0,0,0,0,0,0,0,0,0,0,0,0,0,0,0,0,0,0,0,0,0,0,0,0,0,0,0,0,0,0,0,0,0,0,0,0,0,0,0,0,0,0,0,0,0,0,0,0,0,0,0,0,0,0,0,0,0,0,0,0,0,0,0,0,0,0,0,0,0,0,0,0,0,0,0,0,0,0,0,0,0,0,0,0,0,0,0,0,0,0,0,0,0,0,0,0,0,0,0,0,0,0,0,0,0,0,0,0,0,0,0,0,0,0,0,0,0,0,0,0,0,0,0,0,0,0,0,0,0,0,0,0,0,0,0,0,0,0,0,0,0,0,0,0,0,0,0,0,0,0,0,0,0,0,0,0,0,0,0,0,0,0,0,0,0,0,0,0,0,0,0,0,0,0,0,0,0,0,0,0,0,0,0,0,0,0,0,0,0,0,0,0,0,0,0,0,0,0,0,0,0,0,0,0,0,0,0,0,0,0,0,0,0,0,0,0,0,0,0,0,0,0,0,0,0,0,0.337,0,0,0,0,0,0,0,0,0,0,0,0,0,0,0,0,0,0,0,0,0,0,0,0,0,0,0,0,0,0,0,0,0,0,0,0,0,0,0,0,0,0,0,0,0,0,0,0,0,0,0,0,0,0,0,0,0,0,0,0,0,0,0,0,0,0,0,0,0,0,0,0,0,0,0,0,0,0,0.273,0,0,0.338,0,0,0,0,0,0.61,0,0,0,0,0,0,0,0,0,0,0,0,0,0,0,0,0,0,0,0,0,0,0,0,0,0,0,0,0,0,0,0,0.166,0,0,0,0,0,0,0.554,0,0,0,0,0,0,0,0,0,0,0,0,0,0,0,0,0,0,0,0,0,0,0,0,0,0,0,0,0.259,0,0,0,0,0,0,0,0,0,0,0,0,0,0,0,0,0,0,0,0,0,0,0,0,0,0,0,0,0,0,0.196,0,0,0,0,0.633,0,0,0,0,0,0,0,0,0,0,0,0,0,0,0,0,0,0,0,0,0,0,0,0,0,0,0,0,0,0,0,0,0,0,0,0,0,0,0.7,0,0,0,0,0,0,0,0,0,0,0,0,0,0,0,0,0,0,0,0,0,0,0,0,0,0,0,0,0,0,0,0,0,0,0,0,0,0,0,0,0,0,0,0.159,0,0,0,0,0,0,0.27,0,0,0,0,0,0,0,0,0,0,0,0,0,0,0,0,0,0,0,0,0,0,0,0,0,0,0,0,0.389,0,0,0,0,0,0,0,0,0,0,0,0,0,0,0,0,0,0.682,0,0,0,0,0,0,0,0,0,0,0,0,0,0,0,0,0,0,0,0,0,0,0,0,0,0,0,0,0,0.337,0,0,0,0,0,0,0,0,0,0,0,0,0,0,0,0,0,0,0,0,0,0,0,0,0,0,0,0,0,0,0,0,0,0,0,0,0,0,0,0,0,0,0,0,0,0,0,0,0,0,0,0,0,0,0,0,0,0,0,0,0,0,0,0,0,0,0,0,0,0,0,0,0,0,0,0,0,0,0,0,0,0.194,0,0,0,0,0,0,0,0,0,0,0,0,0,0,0,0,0,0,0,0,0,0,0,0,0,0,0,0,0,0,0,0,0,0,0,0,0,0,0,0,0,0,0,0,0,0,0,0,0,0,0,0,0,0,0,0,0,0,0,0,0,0,0,0,0,0,0,0,0,0,0,0,0,0,0,0,0,0,0,0,0,0,0,0,0,0,0,0,0,0,0,0,0,0,0,0,0,0,0,0,0,0,0,0,0,0,0,0,0,0,0,0,0,0,0,0,0,0,0,0,0,0,0,0,0,0,0,0,0,0,0,0,0,0,0,0,0,0,0.171,0,0,0,0,0,0,0,0,0,0,0,0,0,0,0,0,0,0,0,0,0,0,0,0,0,0,0,0,0,0,0,0,0,0,0,0,0,0,0,0,0,0,0,0,0,0,0,0,0,0,0,0,0,0,0,0,0,0,0,0,0,0,0,0,0,0,0,0,0,0,0,0,0,0,0,0,0,0,0,0,0,0,0,0,0,0,0,0,0,0,0,0,0,0,0,0,0,0,0,0.169,0,0,0,0,0,0,0.202,0,0,0,0,0,0,0,0,0,0,0,0,0,0,0,0,0,0,0,0,0,0,0,0,0,0,0,0,0,0,0,0,0,0,0,0,0,0,0,0,0,0,0,0,0,0,0,0,0,0,0,0,0,0,0,0,0,0,0,0,0,0,0,0,0,0,0,0.233,0,0,0,0,0,0,0,0,0,0.15,0,0,0,0,0,0,0,0,0,0,0,0,0,0,0,0,0,0,0,0,0,0.158,0,0,0,0,0,0,0,0,0,0,0.25,0,0,0,0,0,0,0,0,0,0,0,0,0,0,0,0,0,0,0,0,0,0,0,0,0,0,0,0,0,0,0,0,0,0,0,0,0,0,0,0,0,0,0,0,0,0,0,0,0,0,0,0,0,0,0,0,0,0,0,0,0,0,0,0,0,0,0,0,0,0,0,0,0,0,0,0,0,0,0,0,0,0,0,0,0,0,0,0,0,0,0,0,0.169,0,0.21,0,0,0,0,0,0,0,0,0,0,0,0.552,0,0,0,0,0,0,0,0.22,0,0,0,0,0,0,0,0,0,0,0,0,0,0,0,0,0,0,0.219,0,0,0,0,0,0,0,0,0,0,0,0,0,0,0,0,0,0,0,0.173,0,0,0,0,0,0,0,0,0,0,0,0,0,0,0,0,0,0,0,0,0,0,0,0,0.374,0,0,0,0,0,0,0,0,0.252,0,0,0,0,0,0,0,0,0,0,0,0,0,0,0,0,0,0,0,0,0,0,0,0,0,0,0,0,0,0,0,0,0.482,0,0,0,0,0,0,0,0,0,0,0,0,0,0,0,0.156,0,0,0,0,0,0,0,0,0,0,0,0,0,0,0,0,0,0,0,0,0,0,0,0,0,0,0,0,0,0,0,0,0,0,0,0,0,0,0,0,0,0,0,0,0,0,0,0,0,0,0,0,0,0,0,0,0,0,0,0,0,0,0,0,0,0,0,0,0,0,0,0,0,0,0,0,0,0,0,0,0,0,0,0,0,0,0,0,0,0,0,0,0,0,0,0,0,0,0,0,0,0,0,0,0,0,0,0.274,0,0,0,0,0,0,0,0,0,0,0,0,0,0,0,0,0,0,0,0,0,0,0,0,0,0,0,0,0,0,0,0,0,0,0,0,0,0.32,0,0,0,0,0,0,0,0,0,0,0,0.198,0,0,0,0,0,0.169,0,0,0,0,0,0,0,0,0,0,0,0,0,0,0,0,0,0,0,0,0,0,0,0,0,0,0,0,0,0,0,0,0,0,0,0,0,0,0,0,0,0,0,0,0,0,0,0,0,0,0,0,0,0.311,0,0,0,0,0,0,0,0,0,0,0,0.266,0,0,0,0,0,0,0,0,0,0,0,0,0,0,0,0,0,0,0,0,0,0,0,0,0,0,0,0,0,0,0,0,0,0,0,0,0,0,0,0,0,0,0,0,0,0,0,0,0,0,0,0,0,0,0.711,0,0,0,0,0,0,0,0,0,0,0,0,0,0,0,0,0,0,0,0,0,0,0,0,0,0,0,0,0,0,0,0,0,0,0,0,0,0,0,0,0,0,0,0,0,0,0,0,0,0,0,0,0,0.524,0,0,0,0,0,0,0,0,0,0,0,0,0,0,0,0,0,0,0,0,0,0,0,0,0,0,0,0,0,0,0,0,0,0,0,0,0,0,0,0,0,0,0,0,0,0,0.171,0,0,0,0,0,0.354,0,0,0,0,0,0,0,0,0,0,0,0,0,0.266,0,0,0,0,0,0,0,0,0,0,0,0,0,0,0,0,0,0,0,0,0,0.446,0,0,0.298,0,0,0,0,0,0,0,0,0,0,0,0,0,0,0,0,0,0,0,0.15,0,0,0.252,0,0,0,0,0,0,0.495,0.298,0,0,0,0,0,0,0,0,0,0,0,0,0,0,0,0,0,0.194,0,0,0,0,0,0,0,0,0,0,0,0,0,0,0,0,0,0,0,0,0,0,0,0,0,0,0,0,0,0,0,0,0,0,0,0,0,0,0,0.196,0,0,0,0,0,0,0,0,0,0,0,0.317,0,0,0,0,0,0,0,0.22,0,0.171,0.227,0,0,0,0,0,0,0,0,0,0,0,0,0,0,0.663,0,0,0,0,0,0,0,0,0,0,0,0,0,0,0,0,0,0,0,0,0,0,0,0.22,0,0,0,0,0,0,0,0,0,0,0,0,0,0,0,0,0,0,0,0,0,0,0,0,0,0,0,0,0,0,0,0,0,0,0,0,0.216,0,0,0,0,0,0,0,0,0,0,0,0,0,0,0,0,0,0,0,0,0,0,0,0,0,0,0,0,0,0,0,0,0,0,0,0,0,0,0,0.164,0,0,0,0,0,0,0,0,0,0,0,0,0,0,0,0,0,0,0,0,0,0,0.296,0.317,0,0,0,0,0,0,0,0,0,0,0,0,0,0,0,0,0,0,0,0,0,0,0,0,0,0,0,0,0,0,0,0,0,0,0,0,0,0,0,0,0,0,0,0,0,0,0,0,0,0,0,0,0,0,0,0,0,0,0,0,0,0,0,0,0,0,0,0,0,0,0,0,0,0,0,0,0,0,0,0,0,0,0,0,0,0,0,0,0,0,0,0,0,0,0,0,0,0,0,0,0,0,0,0,0,0,0,0,0,0,0,0,0,0.358,0,0,0,0,0,0,0,0,0,0,0,0,0,0,0,0,0,0,0,0,0,0,0,0,0,0,0,0.236,0.176,0,0.446,0.61,0,0,0,0,0.922,0,0,0,0,0,0,0,0,0,0,0,0,0,0,0,0,0,0,0,0,0,0,0,0.215,0,0,0,0,0,0,0,0,0,0.159,0,0,0,0.192,0,0,0,0,0,0,0,0,0,0,0,0,0,0,0,0,0.317,0,0,0,0,0,0,0,0,0,0,0,0,0,0,0
855228,0,0,0.47,0,0.188,0,0.836,0,0,0,0,0,0,0,0,0.579,0,0,0,0.296,0,0,0,0,0,0,0,0,0,0,0,0,0,0,0,0,0,0,0,0,0,0.337,0,0,0,0,0.171,0.342,0,0,0.743,0,0,0,0,0.178,0,0.552,0,0,0,0.415,0.994,0,0.477,0,0,0.365,0,0,0.177,0,0,0,0,0,0.197,0,0,0,0,0.278,0,0,0,0,0,0,0,0,0,0,0,0,0,0,0,0,0,0,0,0,0,0,0,0,0,0,0,0,0,0,0.285,0,0,0,0,0.189,0,0,0,0,0,0,0,0,0.765,0,0,0,0.332,0,0,0,0,0,0,0,0,0,0.195,0,0,0,0,0,0,0,0,0,0,0,0,0,0,0.506,0.26,0,0,0,0,0,0,0,0,0,0.276,0.221,0,0,0,0,0,0,0,0,0,0,0.151,0,0,0,0,0.971,0.187,0.812,0,0.33,0,0.169,0.238,0.991,0.923,0,0,0.176,0.394,0,0,0.881,0.875,0.692,0.24,0,0,0.176,0,0,0,0,0.242,0.699,0,0,0.194,0,0.154,0.161,0.577,0,0,0,0.819,0,0,0,0,0,0,0,0,0,0,0,0,0.372,0.168,0,0,0,0.192,0,0,0,0,0,0,0,0,0.964,0,0.926,0,0,0,0,0,0.94,0,0.831,0,0,0.435,0.991,0.272,0,0,0.357,0,0.392,0,0.602,0,0.382,0,0,0.999,0,0,0,0,0,0,0,0.999,0.159,0.188,0,0.714,0,0,0,0.167,0,0,0,0.457,0.521,0,0,0,0.681,0.171,0,0,0,0.383,0,0,0,0,0,0,0.728,0,0,0.328,0,0,0.447,0.734,0.232,0,0.194,0,0,0,0.895,0.26,0.36,0,0.462,0,0,0.248,0,0,0,0.819,0.948,0,0,0.177,0,0,0,0.372,0,0,0.283,0.209,0,0.403,0,0,0.159,0,0,0,0,0.606,0,0,0,0,0,0,0,0.199,0,0.704,0,0,0,0,0,0,0.272,0,0,0.368,0,0,0,0,0,0.999,0,0,0.998,0,0,0,0.99,0,0,0,0.351,0,0,0,0,0.905,0.89,0.171,0,0,0,0,0,0.896,0,0,0,0.993,0,0,0,0.336,0.368,0,0,0.178,0.55,0,0,0,0.769,0,0.176,0,0,0.155,0,0.985,0,0,0.167,0,0.428,0.152,0.167,0,0.26,0,0.159,0,0,0,0.235,0,0,0,0.989,0,0.958,0,0,0.315,0,0,0,0,0,0.173,0.243,0,0.202,0,0,0,0,0,0,0,0,0.589,0,0,0,0.194,0.686,0,0,0,0,0,0.947,0.29,0,0,0,0,0,0.993,0,0,0.15,0,0.191,0,0.45,0,0.183,0,0.199,0,0.743,0.165,0,0,0,0.159,0,0.32,0,0.295,0.212,0,0.481,0,0.822,0.162,0,0,0,0,0.473,0.687,0,0.299,0.292,0,0,0,0,0,0,0,0.415,0,0,0,0,0,0,0.209,0,0,0,0.561,0,0,0.855,0.997,0.228,0.371,0,0,0.975,0,0,0,0.643,0.252,0.224,0,0,0,0,0,0,0.228,0.25,0,0,0,0,0,0,0.182,0,0,0,0.297,0,0.899,0.562,0.702,0,0,0.954,0,0,0,0,0,0,0.309,0,0.178,0,0.995,0.158,0.983,0,0.154,0,0,0,0.675,0,0.172,0,0.266,0,0.199,0.42,0.29,0,0,0.874,0.789,0,0.161,0,0.15,0,0,0.159,0.968,0.342,0,0,0,0.795,0.432,0,0,0,0.811,0.255,0,0,0.155,0,0,0,0,0,0,0.926,0,0.539,0.169,0.759,0,0.981,0,0.274,0,0,0,0,0,0,0,0.703,0,0,0,0,0.204,0,0.432,0,0.95,0.695,0,0,0,0,0,0,0,0,0.462,0,0.356,0.59,0.218,0,0.256,0,0,0.287,0.843,0,0,0,0,0,0.341,0,0.224,0.98,0,0.205,0,0,0.682,0,0.842,0,0,0,0.205,0.193,0,0,0,0,0.265,0,0.19,0,0.774,0.575,0.739,0,0.436,0,0,0,0,0,0,0.188,0.592,0,0,0,0.699,0,0.334,0.412,0.997,0,0.849,0.152,0,0,0,0.364,0.994,0,0.199,0.162,0.164,0.559,0,0.176,0.824,0,0,0.248,0,0,0,0.35,0.647,0,0,0.974,0.924,0,0,0,0.972,0,0,0.194,0,0,0.21,0,0,0.521,0.752,0,0.538,0,0.269,0.959,0,0,0,0.663,0,0.358,0.374,0.524,0,0.208,0,0,0,0,0.887,0,0,0,0,0,0,0,0.198,0,0.159,0,0.227,0.74,0.535,0,0.209,0.71,0.154,0,0.844,0,0,0.971,0,0,0.187,0,0,0,0,0.162,0,0.251,0,0,0,0.978,0,0.199,0,0,0.187,0,0,0,0.236,0,0,0.218,0.152,0.205,0,0,0,0.93,0,0.311,0,0,0,0,0,0.379,0.289,0,0,0.164,0,0.789,0,0,0,0,0,0,0,0,0.987,0,0.239,0,0.623,0,0.271,0,0,0.417,0,0,0,0.16,0.717,0.999,0.168,0.445,0,0,0.498,0.743,0,0,0,0.309,0,0.297,0,0.892,0,0.494,0.632,0,0.194,0.695,0,0,0.539,0.396,0,0,0.396,0,0,0,0,0.17,0.172,0,0,0,0,0,0.999,0,0.873,0,0,0,0,0,0,0.174,0,0,0,0,0,0,0.194,0.209,0,0.213,0.331,0,0,0,0,0,0,0,0.954,0.406,0,0,0,0,0,0,0,0,0,0,0,0,0,0,0,0,0,0.417,0,0.152,0,0,0,0,0,0,0,0,0,0,0,0,0.215,0,0,0,0,0,0,0,0.574,0,0,0,0,0,0,0,0,0,0,0,0.306,0,0,0,0.266,0,0,0,0,0,0,0,0,0,0,0,0.163,0.872,0.931,0,0,0.247,0,0,0,0.474,0.664,0,0,0,0,0,0,0,0,0.363,0,0,0,0,0,0,0,0.855,0,0,0.439,0,0,0,0,0,0,0,0,0.169,0,0,0,0,0,0,0,0,0,0,0.574,0,0.359,0,0,0.201,0,0,0.417,0,0,0,0,0.153,0,0.153,0,0,0,0,0,0,0,0,0.205,0.157,0,0,0,0,0,0,0,0.253,0,0,0.171,0,0,0.2,0,0,0,0,0.277,0,0,0,0,0.164,0,0,0,0,0,0,0,0,0,0,0,0,0.969,0,0,0,0.152,0,0,0,0,0,0,0,0,0.461,0,0,0,0,0,0,0,0.334,0.716,0,0,0,0.208,0,0,0,0,0.448,0,0,0,0,0,0,0,0,0,0,0,0,0,0,0,0,0,0.207,0,0,0,0.429,0,0,0,0.158,0,0,0.363,0,0,0,0,0,0,0,0,0,0,0,0,0.152,0,0,0,0,0,0.205,0.191,0.731,0,0.2,0,0,0.161,0,0,0.182,0,0,0,0.151,0,0.6,0.152,0,0,0,0,0,0,0,0,0,0,0,0.205,0,0.613,0,0,0,0,0,0.886,0,0,0,0.239,0,0,0.286,0.361,0,0,0,0.172,0,0,0,0,0,0,0.315,0,0,0,0,0,0,0,0.405,0,0.388,0,0,0,0,0,0,0,0,0,0,0.427,0,0.492,0,0.439,0,0,0,0,0,0,0,0.171,0,0,0,0.17,0,0.678,0.176,0.305,0,0,0,0,0,0,0,0,0,0,0,0,0,0.19,0,0,0,0,0,0,0,0,0,0.277,0,0,0,0.157,0.165,0.794,0,0.489,0,0.152,0,0,0,0,0,0,0,0.155,0.565,0.311,0.499,0,0,0,0.286,0,0.393,0,0,0,0,0,0,0,0,0,0,0,0,0,0,0,0.523,0,0,0,0,0.17,0,0,0.193,0,0,0.355,0.444,0,0,0,0,0,0,0,0,0,0.384,0,0,0,0,0,0,0,0,0,0,0,0,0.469,0,0.191,0.308,0,0,0,0,0,0,0.966,0,0,0,0,0,0,0,0.313,0,0,0,0,0,0.244,0,0.179,0,0,0,0,0,0.223,0,0,0,0,0,0,0,0.513,0,0.225,0,0,0,0,0,0,0.955,0.859,0,0,0,0,0,0,0,0.36,0.19,0,0,0,0,0,0,0,0,0,0.207,0,0.215,0,0,0,0,0,0,0,0,0,0,0,0,0,0,0.276,0,0,0,0.235,0,0,0,0,0,0.652,0,0,0.256,0,0.732,0,0,0,0,0.247,0,0,0.869,0,0,0,0,0,0.523,0,0,0,0.885,0,0.168,0.177,0,0.184,0,0,0,0,0,0,0,0,0,0,0,0.189,0,0,0,0,0,0,0,0,0,0,0,0,0,0,0,0,0.206,0,0,0,0,0,0,0,0,0,0,0,0,0,0,0,0,0,0,0,0,0,0,0,0,0,0,0,0,0,0,0,0,0,0,0,0,0,0,0,0.161,0.588,0,0,0.152,0,0,0,0,0,0,0.173,0,0,0,0,0,0,0,0,0.36,0,0,0.251,0,0.178,0,0,0,0,0.347,0,0,0,0,0,0.371,0.152,0.18,0,0,0.215,0,0,0,0,0.182,0,0,0,0,0,0,0,0,0,0,0,0,0.361,0,0.201,0,0,0.36,0.372,0,0,0.382,0,0,0,0,0,0,0,0,0,0,0,0,0,0,0,0,0,0,0,0,0,0,0,0,0,0,0.188,0,0,0,0.36,0.166,0,0,0,0,0,0.161,0.36,0,0,0,0,0.204,0,0.49,0,0,0.273,0,0,0,0,0,0,0,0,0.945,0,0,0,0,0,0,0,0,0.273,0,0,0.322,0,0,0,0,0,0.63,0,0.358,0,0,0,0,0,0,0,0,0,0,0,0,0,0,0,0,0,0.479,0,0,0,0,0.194,0.209,0,0,0,0,0,0,0,0,0,0,0,0,0,0,0,0,0.43,0,0,0,0,0,0.204,0,0.36,0.459,0,0,0,0,0,0.329,0,0,0,0,0,0,0,0.156,0,0,0,0,0.297,0,0.369,0,0,0.228,0,0,0,0.234,0,0,0,0,0,0,0,0.186,0.295,0.235,0,0,0,0,0,0,0,0,0.187,0,0.218,0,0,0,0,0,0,0,0,0,0,0,0.244,0,0,0,0,0,0,0,0,0,0,0,0,0,0.221,0,0,0,0,0,0,0,0,0,0,0,0,0,0,0,0,0,0.182,0.163,0,0.183,0,0,0,0,0,0,0,0,0,0,0,0,0.204,0,0,0,0,0,0,0,0,0,0,0,0,0,0,0,0,0,0,0,0,0,0,0,0,0,0,0.158,0,0,0,0,0,0,0,0,0,0,0,0,0,0,0,0,0,0,0,0,0,0,0.194,0,0,0,0,0,0,0,0,0,0,0,0.183,0.19,0,0.283,0,0,0.494,0,0,0,0,0,0,0,0,0,0,0,0.271,0,0,0,0,0,0,0,0,0,0,0,0,0.228,0,0.36,0,0.17,0,0,0,0,0,0,0,0,0.155,0,0,0,0,0,0,0,0,0,0,0,0,0,0,0.241,0,0,0,0,0,0,0,0,0.165,0,0,0,0,0.182,0,0,0,0,0,0,0,0,0,0,0,0,0,0,0,0,0,0,0,0,0,0,0,0,0,0,0.248,0,0,0,0,0,0,0,0,0,0,0,0,0,0,0,0,0,0,0,0,0,0,0,0,0,0,0,0,0,0,0,0,0,0,0,0,0.153,0,0,0,0,0,0,0,0,0,0,0,0,0,0.208,0,0,0,0,0,0,0,0,0,0,0,0,0,0,0,0,0,0,0,0,0,0,0,0,0,0,0,0,0,0,0,0,0,0,0,0,0,0,0,0,0,0,0.246,0,0,0,0,0,0,0,0,0,0,0,0,0,0,0,0,0,0,0,0,0,0,0,0,0,0,0,0,0,0,0,0.204,0,0,0,0,0.869,0,0,0,0,0,0,0,0,0,0,0,0,0,0,0,0.195,0,0,0.191,0,0,0,0.191,0,0,0,0.535,0,0,0,0.423,0.153,0.235,0,0,0,0,0.193,0.327,0,0,0,0,0.201,0,0.171,0,0,0,0,0.296,0,0,0,0,0,0.288,0,0,0,0,0,0,0,0,0,0,0,0,0,0,0,0,0,0,0,0,0,0.243,0,0,0,0,0.327,0.151,0.152,0,0,0,0,0,0,0.235,0,0,0,0,0.623,0,0,0,0,0,0.185,0,0,0,0,0,0.336,0,0,0,0,0.212,0.154,0,0.162,0,0,0,0,0,0,0,0,0,0,0.177,0,0.336,0,0,0,0,0,0,0.193,0,0,0,0,0.737,0,0,0,0.486,0,0,0,0.16,0,0.596,0,0,0.312,0,0,0,0.653,0,0,0,0,0,0,0,0,0,0,0,0,0,0,0,0.335,0,0,0,0,0.468,0.333,0,0.349,0,0,0,0,0,0,0,0,0,0,0,0,0,0,0,0,0,0,0,0,0,0,0,0,0,0,0,0,0,0,0,0,0,0,0,0,0,0,0,0.169,0,0,0,0,0,0,0,0,0,0,0,0,0,0,0,0,0,0,0,0,0,0,0,0,0,0,0,0,0,0,0,0,0,0,0,0,0,0,0,0,0,0,0,0,0,0,0,0,0,0,0,0,0,0,0,0,0,0,0,0,0,0,0,0,0,0,0,0,0,0,0.296,0,0,0,0,0,0,0,0,0,0,0,0,0,0,0,0,0,0,0,0,0,0,0,0,0,0,0,0,0,0,0,0,0,0.3,0,0,0,0,0,0,0,0,0.155,0,0,0,0,0,0,0,0,0.417,0.606,0,0.403,0,0,0,0,0.168,0,0,0,0,0.999,0,0.486,0,0,0,0,0,0,0,0.912,0,0,0,0,0,0,0,0,0,0,0,0,0,0,0,0.176,0,0,0,0,0,0,0,0,0,0,0,0,0,0,0,0,0,0,0.196,0.823,0,0.244,0.194,0,0,0.444,0,0,0,0.269,0.463,0,0,0,0,0,0,0,0.733,0.996,0,0.417,0.248,0,0,0,0,0.841,0,0,0,0,0,0,0,0.575,0,0.827,0,0,0,0,0,0.272,0,0,0.957,0,0,0.197,0.271,0.95,0,0,0,0,0.164,0,0,0,0,0,0,0,0,0.859,0,0,0,0,0.885,0,0,0,0,0,0.417,0,0,0.933,0,0.995,0,0.159,0,0.559,0,0.567,0,0,0.604,0,0.417,0,0,0,0,0,0,0.199,0,0,0,0,0,0,0,0,0,0,0,0,0,0.271,0,0,0,0,0,0,0,0.24,0,0.178,0,0,0,0,0,0,0,0,0,0,0,0,0,0,0,0,0,0,0,0,0,0,0.272,0,0,0,0,0,0,0,0,0,0,0,0,0,0,0,0,0,0.365,0,0,0,0.278,0,0,0,0.277,0,0,0,0,0,0,0,0,0,0,0,0,0,0,0,0,0,0,0,0,0,0,0,0,0,0,0,0,0,0,0,0,0.161,0,0,0,0,0,0,0,0,0,0,0,0,0,0,0,0,0,0,0,0.221,0,0,0,0,0,0,0,0,0,0,0,0,0,0,0,0,0,0,0,0,0,0,0,0,0,0,0,0.153,0,0,0,0,0,0,0,0,0,0,0,0,0,0,0,0,0,0,0,0,0,0,0,0,0,0,0,0,0,0,0,0,0,0,0,0,0,0,0,0,0,0,0,0,0,0,0,0,0,0,0,0.236,0,0,0,0,0,0,0,0,0,0,0.277,0,0,0,0,0,0,0.171,0.401,0,0,0,0,0,0,0.401,0,0,0,0.272,0,0,0,0.36,0,0,0.194,0.15,0,0,0,0.361,0,0,0.186,0,0,0,0,0,0,0,0,0,0,0,0,0,0,0,0,0.173,0,0,0,0,0,0,0,0,0.609,0.556,0.273,0.194,0,0,0,0.194,0,0.158,0,0,0,0,0.271,0,0,0.361,0,0.203,0,0,0,0,0.24,0.722,0,0,0,0,0,0,0,0,0,0.167,0,0,0,0,0,0,0,0,0,0,0,0,0,0,0,0,0,0,0,0,0,0,0,0,0,0,0,0,0.152,0,0,0.173,0,0,0,0,0,0,0,0,0,0,0,0.169,0,0,0,0,0,0,0,0,0,0,0,0,0,0,0,0,0,0,0,0,0.152,0,0,0,0,0,0,0,0,0,0,0,0,0,0,0,0,0,0,0,0,0.514,0,0,0,0,0,0,0,0,0,0,0,0,0,0,0,0,0,0,0,0,0.267,0,0,0,0,0,0,0,0,0,0,0,0,0,0,0,0,0,0,0,0,0,0,0,0,0,0,0,0,0,0,0,0,0,0,0,0,0.203,0,0,0,0,0,0,0.37,0.208,0,0,0,0,0,0,0,0,0,0,0.208,0,0,0,0,0,0,0,0,0,0,0,0,0,0,0,0,0,0,0,0,0,0,0,0,0,0,0,0,0,0,0,0,0,0,0,0,0,0,0,0,0,0,0,0,0,0,0,0,0,0,0,0,0,0,0.172,0,0,0,0,0,0,0,0,0,0,0,0,0,0,0,0,0,0,0,0,0,0,0,0,0,0,0,0,0,0,0,0,0,0,0,0,0,0,0,0,0,0,0,0,0,0,0,0,0,0,0,0,0,0,0,0,0,0,0.368,0,0,0.297,0,0,0,0,0,0,0,0,0,0,0,0,0,0,0,0,0,0,0,0,0,0,0,0,0,0,0,0.182,0,0,0.738,0,0,0.173,0,0.743,0,0,0,0,0,0,0,0,0,0,0,0,0,0,0,0,0,0,0,0,0,0.339,0,0,0,0,0,0,0,0,0,0,0.957,0,0,0,0,0,0,0.319,0,0,0,0,0.833,0,0,0,0.799,0,0,0,0,0,0.185,0,0,0,0,0,0,0,0,0,0,0,0,0.182,0,0,0,0,0,0,0,0,0.442,0,0,0,0,0,0,0,0,0.224,0,0,0,0,0,0,0,0,0,0.551,0,0,0,0,0,0,0,0.605,0,0,0,0,0,0,0,0,0,0,0,0,0,0,0,0,0,0,0,0,0,0,0,0,0,0,0,0,0,0,0,0,0,0,0,0,0,0,0,0,0,0.36,0,0,0,0.219,0,0,0,0,0,0,0,0,0,0,0,0,0,0,0,0,0,0,0,0,0,0,0,0,0,0,0,0,0,0,0,0,0,0,0,0,0,0,0,0,0,0,0,0,0,0.182,0,0,0,0,0,0,0,0,0,0,0,0,0,0,0,0,0,0,0,0,0,0,0,0,0,0,0,0,0,0,0,0,0,0,0,0,0,0,0,0,0,0,0,0,0,0,0,0,0,0,0,0,0,0,0,0,0,0,0,0,0,0,0,0.176,0,0,0,0,0,0,0,0.235,0,0,0,0,0,0,0,0,0,0,0,0,0,0,0,0.174,0,0,0,0,0,0,0,0.506,0,0,0,0,0,0,0,0,0,0,0,0.17,0,0,0,0.447,0,0,0,0,0,0,0,0,0,0,0,0,0,0,0,0,0,0,0,0,0,0.29,0,0.29,0,0,0,0,0,0,0,0,0,0,0.151,0,0,0,0,0,0,0,0,0,0,0,0,0,0,0,0.363,0,0,0,0.36,0,0,0,0,0.178,0,0,0,0,0,0.38,0,0.15,0,0,0,0,0,0,0,0,0,0,0,0,0,0,0,0,0,0,0,0,0,0,0,0,0,0,0,0,0,0,0,0,0,0,0,0,0.207,0,0,0,0,0,0,0,0,0,0,0,0,0,0,0,0,0,0,0,0.178,0.17,0,0,0.175,0,0,0,0,0,0,0,0,0,0,0,0,0,0,0,0,0,0,0,0,0,0,0,0,0.152,0,0.152,0,0.152,0,0,0,0,0,0,0,0,0,0,0,0,0,0,0,0,0,0.175,0,0,0,0,0,0,0,0,0,0,0,0,0,0,0,0,0,0.205,0,0,0,0,0,0,0,0,0,0,0,0.385,0,0,0,0,0,0,0,0,0,0,0,0,0,0,0,0,0,0.161,0,0,0,0,0,0,0,0,0,0,0,0,0,0,0,0,0,0,0,0,0,0,0,0,0,0,0,0.257,0,0,0,0,0,0,0,0,0,0,0,0,0,0,0,0,0,0,0,0,0,0,0,0,0,0,0.994,0,0,0,0.585,0,0,0,0,0,0,0,0,0,0,0,0,0,0,0.153,0,0,0,0.153,0.153,0,0,0,0,0,0.167,0,0,0,0,0,0,0,0,0.15,0,0,0,0,0,0,0,0,0,0,0,0,0,0.166,0,0,0,0,0,0,0,0,0,0,0,0,0,0,0,0,0,0,0,0,0,0,0,0,0,0,0,0,0,0,0.296,0,0,0,0,0,0,0,0,0,0,0,0,0,0,0,0,0,0,0,0,0,0,0,0,0,0,0,0,0,0,0,0,0,0,0.771,0,0,0,0.414,0.523,0.939,0,0,0.221,0,0,0.182,0,0,0,0,0,0,0,0,0,0,0,0,0,0,0,0,0,0,0,0,0,0,0,0,0,0,0,0,0.191,0,0,0,0,0,0,0,0,0,0,0,0,0,0,0,0,0,0,0,0,0,0,0,0,0,0,0,0,0,0,0,0,0,0,0,0,0,0,0,0,0,0,0,0,0,0,0.293,0,0,0,0,0,0,0,0,0,0,0,0,0,0,0,0,0,0,0,0,0,0,0,0,0,0,0,0,0,0,0,0,0,0.182,0,0,0,0,0,0,0,0,0.222,0,0,0,0,0,0,0,0,0,0,0,0,0,0,0,0,0,0,0,0,0,0,0,0,0,0.514,0,0,0.165,0,0,0,0,0,0,0,0.56,0,0,0,0,0,0,0,0,0,0,0,0,0,0,0,0,0,0,0,0,0,0,0,0,0,0,0,0,0,0,0,0,0.165,0,0,0,0,0,0,0,0,0,0,0,0,0,1
855349,0,0,0,0,0,0,0,0,0,0,0,0,0,0,0,0.276,0,0,0.367,0,0,0,0,0,0,0,0,0,0,0,0,0,0,0,0,0,0,0,0,0,0,0,0,0,0,0,0,0,0,0,0,0,0,0,0,0,0,0,0,0,0,0,0,0,0,0,0,0,0,0,0.229,0,0,0,0,0,0,0,0,0,0,0,0,0,0.196,0,0,0,0.318,0,0,0,0.271,0,0,0,0,0,0.196,0,0,0,0.342,0,0,0,0,0,0,0,0,0,0,0,0,0,0,0,0.371,0,0,0,0,0,0,0,0,0,0,0,0,0,0,0,0.161,0,0.16,0,0.451,0,0,0,0,0.319,0,0.694,0,0,0,0,0,0,0,0,0,0,0,0,0,0,0,0,0,0,0.171,0,0,0,0,0,0,0,0,0,0,0,0,0,0,0,0.209,0,0,0,0.557,0,0.36,0,0,0,0,0,0,0.158,0,0,0,0,0,0,0,0,0,0,0,0,0,0,0,0,0,0,0.197,0,0,0,0,0,0,0,0,0.166,0,0,0,0,0,0,0,0.173,0,0,0,0.492,0,0,0.564,0,0,0,0.551,0,0,0,0,0,0,0,0,0,0,0,0.18,0,0.175,0,0,0,0,0,0,0,0,0,0,0,0,0,0,0,0,0,0,0,0.203,0,0,0,0.158,0,0,0,0.16,0,0,0.718,0,0,0.163,0,0,0,0,0,0,0.469,0,0,0,0,0,0,0,0,0,0,0,0,0,0,0,0,0,0,0,0,0,0.246,0.368,0,0,0,0,0,0,0,0,0,0,0,0,0.256,0,0,0,0,0,0,0,0,0,0,0,0,0,0,0,0,0,0,0,0,0,0,0,0,0,0,0,0,0,0,0,0.167,0,0,0,0,0,0,0.404,0,0,0,0,0,0,0,0,0.501,0,0,0,0,0,0,0,0,0,0,0,0,0,0,0,0,0,0,0,0,0,0,0,0,0.655,0,0,0,0,0.4,0,0,0,0,0,0,0,0,0,0,0,0,0,0.229,0.308,0,0,0,0.202,0,0.154,0.214,0,0,0,0,0,0,0,0.593,0,0,0,0,0,0.289,0,0,0,0,0,0,0,0,0,0,0,0,0,0,0.275,0,0.17,0,0,0,0,0,0,0,0,0,0,0,0,0,0,0,0.185,0,0,0,0.339,0,0,0,0,0,0.392,0,0,0,0.218,0,0,0,0,0,0,0.982,0,0,0,0,0,0,0,0,0,0,0,0,0,0,0,0.454,0,0,0,0,0,0,0,0,0,0,0,0,0,0,0,0,0,0,0,0,0,0,0,0,0.541,0,0,0,0,0,0,0,0.498,0.459,0,0,0,0,0,0,0,0.368,0,0,0,0,0,0,0,0,0,0,0,0,0,0.235,0,0,0.655,0,0,0,0,0,0,0,0,0,0.651,0,0,0,0,0,0,0,0,0,0,0,0,0,0,0,0.324,0.337,0,0,0,0,0,0,0,0,0,0,0,0.256,0,0,0,0,0,0.192,0.207,0,0,0,0,0,0.297,0,0.444,0,0,0,0,0,0,0,0.175,0,0.195,0,0,0,0.196,0,0.315,0,0,0.974,0.542,0,0,0,0.271,0,0.534,0,0,0,0,0,0,0,0.477,0,0.205,0,0,0,0.171,0,0,0,0,0,0,0,0,0,0,0.15,0,0,0,0,0,0,0,0,0,0,0.792,0.274,0,0,0,0,0,0,0,0,0,0,0,0,0,0,0,0,0,0,0,0,0,0,0.15,0,0,0,0,0,0,0,0,0,0,0,0,0,0,0,0,0,0,0,0,0,0,0,0,0,0,0,0,0,0,0,0,0,0,0,0,0,0,0,0,0,0,0,0,0,0,0,0,0,0.542,0,0,0,0,0,0,0,0,0,0,0,0,0,0,0.324,0,0,0,0,0,0,0,0.211,0.462,0,0,0.252,0,0,0,0,0,0,0,0,0,0,0,0,0,0.207,0,0,0,0,0,0,0.208,0,0,0.216,0.173,0.234,0.701,0,0,0,0,0,0,0,0,0.228,0,0,0,0,0,0,0.373,0.17,0,0,0,0,0,0,0,0,0,0,0,0,0,0,0.539,0,0,0,0,0,0,0,0,0,0,0,0.332,0,0,0,0.414,0,0,0,0.255,0,0,0,0,0,0,0,0.349,0,0,0.991,0,0,0,0,0,0,0,0,0,0.182,0.317,0,0,0,0,0,0,0,0,0,0,0.258,0,0,0,0,0,0,0,0,0,0,0,0,0,0,0.463,0,0,0,0,0.231,0,0.169,0,0,0,0,0,0,0,0.565,0,0,0.285,0,0.237,0,0,0,0,0.372,0,0,0,0,0,0,0,0,0,0,0,0,0,0.383,0,0,0,0,0.339,0,0,0,0,0,0,0,0,0,0.854,0,0,0,0,0,0,0,0,0,0,0,0,0,0,0,0,0,0,0,0,0,0,0,0,0,0,0,0,0,0,0,0,0,0.272,0,0,0,0,0,0,0,0,0,0,0,0,0,0,0,0,0,0,0,0,0,0,0,0,0.183,0,0,0,0,0,0,0,0,0,0.179,0,0,0,0,0,0,0,0,0,0,0,0,0,0,0,0,0,0,0.185,0,0,0,0,0,0,0,0,0,0,0,0,0,0,0,0,0,0,0,0,0.568,0,0,0,0,0,0,0,0,0,0,0,0,0,0.446,0,0.161,0,0,0,0,0,0,0.582,0,0,0,0,0,0,0,0,0,0,0,0.388,0,0,0.629,0.33,0,0.335,0,0,0,0,0,0,0,0.322,0,0,0,0,0,0,0,0,0,0,0,0,0,0,0.448,0,0,0,0,0,0,0,0,0,0,0,0,0,0,0,0,0,0,0,0,0,0.199,0,0,0,0,0,0,0,0,0,0,0,0.216,0,0,0,0,0,0,0,0,0,0.897,0,0,0,0,0,0,0,0,0,0,0,0,0,0,0,0,0,0,0,0,0,0,0,0,0.661,0,0,0,0,0,0,0,0,0,0,0,0,0,0,0.164,0,0,0,0,0,0,0,0,0,0,0,0,0,0,0,0.169,0.169,0,0,0,0,0,0,0,0.219,0,0,0,0,0,0,0,0,0,0.185,0,0,0,0,0,0,0,0,0,0,0,0.541,0,0,0,0.196,0,0,0,0,0.185,0,0,0.637,0,0,0,0,0,0,0,0,0,0,0.202,0,0,0,0,0,0,0,0,0,0,0,0,0,0,0,0.881,0,0,0,0,0,0,0,0.305,0,0,0,0.256,0,0,0,0,0,0,0.157,0.25,0,0,0.28,0.157,0,0,0,0.186,0,0,0,0,0,0.339,0,0,0,0,0,0,0.369,0,0,0,0,0.168,0,0,0,0,0,0,0,0,0,0,0,0,0,0,0,0,0,0,0,0,0,0,0,0,0,0,0,0,0,0,0,0,0,0,0,0,0,0,0,0,0,0,0,0,0,0,0.174,0,0,0,0,0,0,0,0,0,0.166,0,0,0,0,0,0,0,0,0,0,0,0,0,0.626,0,0,0,0,0,0,0,0,0,0,0,0,0,0,0,0,0,0.98,0,0,0,0,0,0,0,0.28,0,0,0,0.235,0.231,0.188,0,0,0,0.175,0,0,0,0,0,0,0,0,0,0,0,0,0,0,0,0,0,0,0,0,0,0,0,0,0,0,0,0,0.309,0,0,0,0,0,0,0,0.19,0,0,0,0,0,0,0,0,0,0,0,0,0,0,0,0.198,0,0,0,0,0,0,0,0,0,0,0,0,0,0,0.279,0,0,0,0,0,0,0,0,0,0,0,0,0,0,0,0,0,0,0,0,0,0.749,0,0,0,0,0,0,0,0,0,0,0,0,0,0,0,0,0,0,0,0,0,0,0,0,0,0,0,0,0,0,0,0,0,0,0,0,0,0,0,0,0,0,0,0,0,0,0,0,0,0,0,0,0,0,0,0,0,0,0,0,0.224,0,0,0,0,0,0,0,0,0,0,0,0,0,0,0,0,0,0,0,0,0,0,0,0,0,0,0,0,0,0,0,0,0,0,0.167,0,0,0,0,0,0,0,0,0,0,0,0,0,0,0,0,0,0,0,0,0,0,0,0,0,0,0,0,0,0,0,0,0,0,0,0,0,0.167,0,0,0,0,0,0,0,0,0,0,0,0,0,0,0,0,0,0,0,0,0,0,0,0,0,0,0,0,0,0,0,0,0,0,0,0,0,0,0,0,0,0,0,0,0,0,0,0,0,0,0,0,0,0,0,0,0,0,0,0,0,0,0,0,0,0,0,0,0,0,0,0,0,0,0,0,0,0,0,0,0,0,0,0,0,0,0,0,0,0,0,0,0,0,0,0,0,0,0,0,0,0,0,0,0,0,0,0,0,0,0,0,0,0,0,0,0,0,0,0,0,0,0,0,0,0,0,0,0,0,0,0,0,0,0,0,0,0,0,0,0,0,0,0,0,0,0,0,0,0,0,0,0,0,0,0,0,0,0,0,0,0,0,0,0,0,0,0,0.444,0,0,0,0,0,0,0.239,0,0,0,0.211,0,0,0,0,0,0,0,0,0.254,0,0,0.41,0,0,0,0,0,0,0,0.657,0,0,0,0.367,0,0,0.464,0,0,0,0,0,0,0,0,0,0,0,0,0,0,0,0.566,0.164,0.555,0,0,0,0,0.276,0,0,0,0,0.279,0,0,0,0,0,0,0,0,0,0,0,0,0.231,0,0,0,0,0.281,0,0,0,0,0.55,0,0,0,0,0,0,0,0,0,0,0,0,0.606,0,0.155,0,0,0.973,0.634,0.666,0,0,0,0,0,0,0.511,0,0.278,0.979,0,0,0,0,0.707,0,0,0,0,0,0,0,0,0,0,0,0,0,0.858,0,0,0,0,0,0,0,0,0,0,0,0,0,0,0,0,0,0.447,0,0,0,0,0.971,0,0,0,0,0,0,0,0,0,0,0,0,0.535,0.836,0,0,0,0.184,0,0.36,0.205,0,0,0,0,0,0,0,0,0,0,0.343,0,0,0,0,0.35,0,0,0,0,0.431,0,0.188,0,0,0,0.613,0,0.491,0,0,0,0,0,0,0,0,0,0,0,0,0,0,0,0,0,0,0,0,0,0,0,0,0,0,0,0,0,0,0,0,0,0,0,0,0,0,0,0,0,0,0,0,0,0,0,0,0,0,0,0,0,0,0,0,0,0,0,0,0,0,0,0,0,0,0,0,0,0,0,0,0,0,0,0,0,0,0,0,0,0,0,0.335,0,0,0,0,0,0,0,0,0,0,0,0,0.447,0,0,0,0,0,0,0,0,0,0,0,0,0,0,0,0,0,0,0,0,0,0,0,0,0,0,0,0,0,0,0,0,0,0,0,0,0,0,0,0,0,0,0,0,0,0,0,0,0,0,0,0,0,0,0,0,0.315,0,0.226,0,0,0,0,0,0,0,0,0,0,0,0,0,0,0,0,0,0,0,0,0,0,0,0,0,0,0,0,0,0,0.157,0,0,0,0,0,0,0,0,0,0,0,0,0.175,0,0,0,0,0,0,0,0,0,0,0,0,0,0,0,0,0,0,0,0,0,0,0,0,0,0,0,0,0,0,0,0,0,0,0,0,0,0,0,0,0,0,0,0,0,0,0,0,0,0,0,0,0,0.183,0,0,0,0,0,0,0,0,0,0,0,0,0.19,0,0,0,0,0,0,0.238,0,0,0,0,0,0,0,0,0,0,0,0,0,0,0,0,0,0,0,0,0,0,0,0,0,0,0,0,0,0,0,0,0,0,0.194,0,0,0,0,0,0,0,0,0.195,0,0,0,0,0,0,0,0,0,0,0,0,0,0,0,0,0,0,0,0,0,0,0,0,0,0,0,0,0,0,0,0,0,0,0,0,0,0,0,0,0,0,0,0,0,0,0,0,0,0,0,0,0,0,0,0,0,0,0,0,0,0,0.192,0,0,0,0,0,0,0,0.219,0,0,0,0,0,0,0,0.338,0,0,0,0,0,0,0,0,0,0,0,0,0,0,0,0,0,0,0,0,0,0,0,0,0,0,0,0,0,0,0,0,0.982,0,0,0,0,0,0,0,0,0,0,0,0,0,0,0.153,0,0,0,0,0,0,0,0,0,0,0,0,0,0,0,0,0,0,0,0,0,0,0,0,0,0,0,0,0,0,0,0,0,0,0,0,0,0,0,0,0,0,0,0,0,0,0,0,0,0,0,0,0,0,0,0,0,0,0,0,0,0,0,0,0,0,0,0,0,0,0,0,0,0,0,0,0,0,0.395,0,0,0.226,0,0,0,0,0,0,0,0,0,0,0,0,0,0,0,0,0,0,0,0,0,0,0,0,0,0,0,0,0,0,0,0,0,0,0,0,0,0,0,0,0,0,0.234,0,0,0,0,0,0,0,0,0,0,0,0,0,0,0,0,0,0,0,0,0,0,0,0,0,0,0,0,0,0,0,0,0,0,0,0,0,0,0,0,0.203,0,0,0,0,0,0,0,0,0,0,0,0,0,0,0,0,0,0,0,0,0,0,0,0,0,0,0,0,0,0,0,0,0,0,0,0,0,0,0,0,0,0,0,0,0,0,0,0,0,0,0,0,0,0,0,0,0,0,0,0,0,0.615,0,0,0,0,0,0,0,0,0,0,0,0,0,0,0,0,0,0,0,0,0,0,0,0,0,0,0,0,0,0,0,0,0,0,0,0,0,0,0,0,0,0,0,0,0,0,0,0,0,0,0,0,0,0,0,0,0,0,0,0,0,0,0,0,0,0,0,0,0,0,0,0,0,0,0,0,0,0,0,0,0,0,0,0,0,0,0,0,0,0,0,0,0,0,0,0,0,0,0,0,0,0,0,0,0,0,0,0,0,0,0,0,0,0,0,0,0,0,0,0,0,0,0,0,0,0,0,0,0,0,0,0,0,0,0,0,0,0,0.194,0,0,0,0,0,0,0,0,0,0,0,0,0,0,0,0,0,0,0,0,0,0,0,0,0,0,0,0,0,0,0,0,0,0,0,0,0,0,0,0,0,0,0,0,0,0,0,0,0,0,0,0,0,0,0,0,0,0,0,0,0,0,0,0,0,0,0,0,0,0,0,0,0,0,0,0,0,0,0,0,0,0,0,0,0,0,0,0,0,0,0,0,0,0,0,0,0,0,0,0,0,0,0,0,0,0,0,0,0,0,0,0,0,0,0,0,0,0,0,0,0,0.297,0,0,0,0,0,0,0,0,0,0,0,0,0,0,0,0,0,0,0,0,0,0,0,0,0,0,0,0,0,0,0,0,0,0,0,0,0,0,0,0.934,0,0,0.252,0,0,0,0,0.389,0.18,0.181,0.445,0,0,0,0,0,0,0,0,0,0.192,0,0,0,0.185,0,0,0,0,0.2,0.213,0,0,0,0,0.236,0,0,0,0,0,0,0,0,0,0.158,0,0,0,0.266,0,0,0.514,0,0,0.209,0,0,0,0,0.392,0,0,0,0,0,0,0.164,0,0.216,0,0,0,0,0,0,0,0,0,0,0.289,0,0,0,0,0.164,0,0.325,0,0,0,0,0,0,0,0,0.723,0.204,0.282,0,0,0,0.56,0,0,0,0,0,0,0,0,0,0,0,0,0,0,0,0,0,0,0,0,0,0,0,0,0.286,0,0,0,0,0,0,0,0,0,0,0,0,0,0,0,0,0,0,0,0,0.179,0,0,0,0,0,0,0,0,0,0,0,0,0,0,0,0,0,0,0,0,0,0,0.21,0,0,0,0,0,0.641,0.316,0,0,0,0,0,0,0,0,0,0,0,0,0,0,0,0,0,0,0.605,0.336,0,0,0,0,0,0,0,0,0,0,0,0,0,0,0,0,0,0,0,0,0,0,0,0,0,0,0,0,0,0,0,0,0,0,0,0,0,0,0,0,0,0,0,0,0,0,0,0,0,0,0,0,0,0,0,0,0,0,0.447,0,0,0,0,0,0,0,0,0,0,0,0.517,0,0,0.268,0,0,0,0.157,0,0,0.151,0,0,0.26,0,0,0,0,0,0,0,0,0,0,0.152,0,0,0,0,0,0,0,0,0,0,0,0.322,0,0,0,0,0,0,0,0,0,0,0.166,0.243,0,0,0,0,0,0,0,0,0,0,0,0,0,0,0,0,0,0,0,0,0,0,0,0,0,0,0,0,0,0.237,0,0,0,0,0,0,0,0,0,0,0,0,0.174,0,0,0,0.193,0,0,0,0,0,0,0.215,0,0,0,0,0.227,0,0,0,0,0,0.251,0,0.269,0,0,0.207,0,0.975,0,0.491,0,0,0.165,0,0,0,0,0,0,0.167,0,0,0,0,0.176,0,0.167,0.943,0,0,0.298,0,0,0,0,0.208,0,0,0,0,0.201,0,0,0,0.298,0,0,0,0.98,0,0,0.964,0.152,0,0,0,0,0,0,0,0,0,0,0,0,0,0,0,0,0,0,0,0,0,0,0,0,0,0,0,0,0,0,0,0,0,0,0,0,0,0,0,0,0,0,0,0,0,0,0,0.394,0,0,0,0,0,0,0,0,0,0,0,0,0,0,0,0,0,0,0,0,0,0,0,0,0,0.471,0,0,0,0,0,0.19,0,0,0,0,0,0,0,0,0,0,0.226,0,0,0,0,0,0,0,0,0.273,0,0,0,0,0,0,0,0,0,0,0,0,0,0,0,0,0,0,0,0,0,0,0,0,0,0,0,0,0,0,0,0,0,0,0,0,0,0,0,0,0,0,0,0,0,0,0,0,0,0,0,0,0,0,0,0,0,0,0,0,0,0,0,0,0,0,0.327,0,0,0,0,0,0,0,0,0,0,0,0,0,0,0,0,0,0,0,0,0,0,0,0,0,0,0,0,0,0,0,0,0,0,0,0,0,0,0,0,0,0,0,0,0,0,0,0,0,0,0,0,0,0,0,0,0,0,0,0,0,0,0,0,0,0,0,0,0,0,0,0,0,0,0,0,0,0,0,0,0,0,0,0,0,0,0,0,0,0,0,0,0,0,0,0,0,0,0,0,0,0,0,0,0,0,0,0,0,0,0,0,0,0,0,0,0,0,0,0,0.519,0,0,0,0,0,0,0,0,0,0,0,0,0,0,0,0,0,0,0,0,0,0,0,0,0,0,0,0,0,0,0,0,0.309,0,0,0,0,0,0,0,0,0,0,0,0,0,0,0,0,0,0,0,0,0,0,0,0,0,0,0,0,0,0,0,0,0,0,0,0,0,0,0,0,0,0,0,0,0,0,0,0,0,0,0,0,0,0,0,0,0,0,0,0,0,0,0,0,0,0,0,0,0,0,0,0,0,0,0,0,0,0,0,0,0,0,0,0,0,0,0,0,0,0,0,0,0,0,0,0,0,0,0,0,0,0,0,0,0,0,0,0,0,0,0,0,0,0,0,0,0,0,0,0,0,0,0,0,0,0,0,0,0,0,0,0,0,0,0,0,0,0,0,0,0,0,0.286,0,0,0,0,0,0,0,0,0,0,0,0,0,0,0,0,0,0,0,0,0,0,0,0,0,0,0,0,0,0,0,0,0,0,0,0,0,0,0,0,0,0,0,0,0,0,0,0,0,0,0,0,0,0,0,0,0,0,0,0,0,0,0,0,0,0,0,0,0,0,0,0,0,0,0,0,0,0,0,0,0,0,0,0,0,0,0,0,0,0,0,0,0,0,0,0,0,0,0,0,0,0,0,0,0,0,0,0,0,0,0,0,0,0,0,0,0,0,0,0,0,0,0,0,0,0,0,0,0,0,0,0,0,0,0,0,0,0,0,0,0,0,0,0,0,0,0,0,0,0.195,0,0,0,0,0,0,0,0,0,0,0,0,0,0,0,0,0,0,0,0,0,0,0,0,0,0,0,0,0,0,0,0.191,0,0,0,0,0,0,0,0,0,0,0,0,0,0,0,0,0,0.188,0,0,0,0,0,0,0,0,0,0,0,0,0.309,0,0,0,0,0,0,0,0,0,0,0,0,0,0,0,0,0,0,0,0,0,0,0,0,0,0,0,0,0,0,0,0,0,0,0,0,0,0,0,0,0,0,0,0,0,0,0,0,0,0,0,0,0,0,0,0,0,0,0,0,0,0,0.302,0,0,0,0,0,0,0,0,0,0,0,0,0,0,0,0,0,0,0,0,0,0,0,0,0,0,0,0,0,0,0,0,0,0,0,0,0,0,0,0,0,0,0,0,0,0,0,0,0,0,0,0,0
851427,0,0,0,0,0,0,0,0,0,0,0,0,0,0,0,0,0,0,0,0,0,0,0,0,0,0,0,0,0,0,0,0,0,0,0,0,0,0,0,0,0,0,0,0,0,0,0,0,0,0,0,0.987,0,0,0,0,0,0,0,0,0.347,0,0,0,0,0,0,0,0,0,0,0,0,0,0,0,0,0,0,0,0,0,0,0,0,0,0,0,0,0,0,0,0,0,0,0.999,0,0,0,0,0,0,0,0,0,0,0,0,0,0,0,0.232,0,0,0,0,0,0,0,0.256,0,0,0,0,0,0,0,0.675,0,0,0,0,0,0,0,0,0,0,0,0,0.994,0,0,0,0,0,0,0,0,0,0,0,0,0,0,0,0,0,0,0,0,0,0,0,0,0,0,0,0,0,0,0,0,0,0,0,0,0,0,0,0,0,0,0,0,0,0,0,0,0,0,0,0,0,0,0,0,0,0,0,0,0,0,0.173,0,0,0.999,0,0,0.215,0,0,0,0.151,0,0,0,0,0,0,0.999,0,0,0.203,0,0,0,0,0,0.211,0,0,0,0,0.344,0,0,0,0,0,0,0,0,0.176,0.343,0,0,0,0,0,0,0,0,0,0,0,0,0,0,0,0,0,0,0,0.178,0,0,0,0,0,0,0,0,0,0,0.982,0,0,0,0,0.38,0,0.747,0,0,0.155,0,0.227,0,0.262,0,0,0,0,0,0,0,0,0,0,0.999,0,0,0,0,0,0.153,0,0,0.998,0,0,0,0,0.989,0,0,0,0,0,0,0,0,0,0,0.212,0,0,0,0.773,0,0,0,0,0,0,0,0,0,0,0,0,0,0,0,0,0,0,0,0,0,0,0,0,0,0,0,0,0,0.173,0,0.17,0,0,0,0,0.623,0.154,0,0.999,0.198,0.95,0,0,0,0,0.997,0,0,0,0,0,0,0.978,0,0,0,0,0,0,0,0,0,0,0,0,0.999,0,0.237,0,0,0,0,0,0.299,0,0,0,0,0.45,0,0,0,0,0,0,0,0,0,0,0,0,0,0,0,0.196,0,0,0,0,0,0.167,0,0,0,0,0,0,0,0,0,0,0,0,0,0,0,0,0,0,0.965,0,0.156,0,0,0,0,0.176,0,0.644,0,0,0,0,0,0,0,0,0,0,0,0,0,0.994,0.186,0,0,0,0,0.618,0,0,0,0,0.669,0,0,0,0,0,0,0.368,0,0.19,0,0,0,0,0,0,0,0,0,0,0,0,0,0,0,0,0,0,0,0,0,0,0.993,0,0,0,0,0,0,0,0,0.177,0,0,0,0,0,0,0,0,0,0,0,0,0,0,0.235,0,0,0.286,0,0,0,0,0.168,0.199,0,0,0.309,0,0,0,0,0,0,0,0,0,0,0,0,0.233,0,0,0,0,0,0,0,0,0,0,0.169,0,0,0,0,0,0,0,0,0,0,0,0,0,0,0,0,0,0,0,0.177,0,0,0.175,0,0,0,0.785,0,0,0,0.178,0,0,0,0,0,0,0,0,0,0,0,0,0,0,0,0,0.19,0.17,0,0,0,0,0,0,0,0.173,0.357,0,0,0,0,0,0,0,0,0.191,0,0,0,0.187,0,0,0,0,0,0,0,0,0,0,0,0,0,0,0,0,0,0,0,0,0,0,0,0,0,0,0,0,0,0,0,0,0,0.173,0,0,0,0,0.16,0,0,0,0,0.226,0,0,0,0,0,0,0.159,0,0,0,0,0,0,0,0.243,0.305,0,0.191,0,0,0,0.199,0,0,0,0.274,0.999,0,0,0,0,0,0,0.233,0,0,0,0.997,0.662,0,0,0.237,0,0.53,0,0,0,0,0,0.229,0,0,0,0,0,0,0,0,0.999,0,0.645,0,0,0,0,0,0,0,0,0,0,0,0,0,0,0,0,0,0,0,0,0,0,0,0,0,0,0,0,0,0,0.156,0,0,0,0,0,0,0,0,0,0,0,0,0,0,0,0,0,0,0,0,0,0,0,0,0,0,0,0,0,0,0.695,0,0,0,0,0,0,0,0,0,0,0,0,0,0,0,0,0,0,0,0,0,0,0.999,0,0.216,0,0,0,0,0,0,0,0,0,0,0,0,0,0,0,0,0,0,0,0,0,0,0,0,0,0,0.162,0.992,0,0,0,0,0,0,0.155,0,0,0,0,0,0,0,0.986,0,0,0,0,0,0,0,0,0,0,0,0,0,0,0,0.16,0,0,0,0,0,0,0,0,0,0,0.16,0,0.993,0,0,0,0,0.289,0,0,0,0.999,0,0,0,0,0.444,0,0.996,0,0.296,0.171,0.993,0,0.151,0,0,0,0,0,0,0,0.406,0,0,0,0,0,0,0.242,0,0,0.999,0,0,0,0,0,0.171,0,0.56,0,0,0,0,0.173,0.819,0,0,0,0.176,0,0.997,0,0,0,0,0,0,0,0,0,0,0.239,0,0,0,0,0,0,0,0,0.29,0,0,0,0,0,0,0,0,0,0,0,0,0,0,0,0,0,0,0,0,0,0,0,0,0,0,0,0,0,0,0,0,0,0,0,0,0,0,0,0,0,0,0,0.999,0,0,0.161,0,0,0,0,0,0,0.991,0,0,0,0,0,0,0,0,0,0,0,0,0,0,0,0,0,0,0,0,0,0,0,0,0,0,0,0,0,0,0,0,0,0,0,0,0,0,0,0,0,0,0,0,0,0,0,0,0,0,0,0,0,0,0,0,0,0,0,0,0,0,0.999,0,0,0,0,0,0,0,0,0.906,0,0,0,0,0,0,0,0,0,0,0,0,0,0,0,0,0,0,0.993,0.197,0,0,0,0,0,0,0,0,0,0.999,0,0,0,0,0,0,0,0,0.968,0.311,0.345,0,0,0,0,0,0,0,0,0,0,0,0,0,0,0,0,0,0.152,0,0,0,0,0,0,0,0,0,0,0,0,0,0,0,0.167,0.999,0,0,0,0,0,0,0,0,0,0,0,0,0,0,0,0.999,0,0,0.214,0,0,0,0,0,0.414,0,0.746,0,0,0,0,0.19,0,0,0,0,0,0,0,0,0,0,0,0,0,0,0,0,0,0,0,0,0,0,0,0.999,0,0,0,0.197,0,0.446,0,0,0,0,0,0,0,0,0,0,0,0,0,0,0,0,0,0,0.443,0,0,0,0,0,0,0.999,0,0.999,0,0,0,0,0,0,0,0,0,0,0,0,0,0,0,0,0,0,0,0,0,0,0,0,0,0,0,0,0,0,0,0,0,0.295,0,0,0,0.192,0,0,0,0,0,0,0,0,0,0,0,0,0.362,0,0.185,0,0,0,0.305,0,0,0,0,0,0,0,0,0,0,0,0,0,0,0,0,0,0,0,0,0,0,0,0,0,0,0,0.998,0,0,0,0,0,0,0,0,0,0,0,0,0,0.346,0,0,0.178,0,0,0,0,0,0,0,0,0,0,0,0,0,0,0,0,0,0,0,0,0,0,0.222,0,0,0.341,0,0,0,0,0,0,0,0.491,0,0,0,0,0,0,0,0,0,0,0,0.184,0,0,0,0,0,0,0,0,0,0,0,0,0,0,0,0,0,0,0,0,0,0,0,0,0,0,0,0,0,0,0,0,0,0,0,0,0.154,0,0,0.999,0,0,0,0,0,0,0,0,0,0,0,0,0,0,0,0,0,0,0,0,0,0,0,0,0,0,0,0,0,0.215,0,0.16,0,0,0,0,0,0,0,0,0,0,0,0,0,0,0,0,0,0,0,0,0,0,0,0,0,0,0,0.324,0,0,0,0,0,0,0,0,0,0,0,0,0,0,0.193,0,0,0,0,0,0,0,0,0,0,0,0,0,0,0,0,0,0.343,0,0,0,0.534,0,0,0,0,0,0,0,0,0,0,0,0,0,0,0,0,0,0,0,0,0,0,0,0,0,0,0,0,0,0,0,0,0,0,0,0,0,0.155,0,0,0,0,0,0,0,0,0,0,0,0,0,0.217,0,0,0,0,0,0.985,0,0,0,0.25,0,0,0.304,0,0.232,0.177,0.22,0.171,0.9,0,0,0,0.34,0,0.153,0,0,0,0,0,0,0,0,0,0,0,0,0,0,0,0,0,0,0,0.419,0,0,0.987,0,0,0,0.992,0,0,0,0,0.166,0,0,0,0,0,0.997,0,0,0,0,0,0,0,0,0,0,0,0,0,0,0,0,0,0,0,0,0,0,0,0,0.199,0,0.999,0,0,0,0,0,0,0,0,0,0,0,0,0,0,0.414,0.194,0,0,0,0,0.343,0,0,0,0,0,0,0,0,0,0,0.999,0,0,0,0,0,0,0,0,0,0.997,0,0,0,0,0,0,0,0,0.157,0,0.337,0,0,0,0,0,0,0,0,0,0.161,0,0,0,0,0,0.995,0,0,0.48,0,0,0,0,0,0,0.173,0,0,0.543,0,0.995,0,0.154,0,0,0,0,0,0,0,0.253,0,0,0,0,0,0,0,0,0,0,0.237,0,0,0,0,0,0,0,0,0,0,0,0,0,0,0,0,0,0.376,0,0,0.309,0,0,0,0,0,0,0.255,0,0,0,0.346,0,0,0,0,0,0,0,0,0.233,0,0,0,0,0,0,0,0,0,0,0,0,0,0,0,0,0,0,0,0,0,0,0,0,0,0,0,0,0,0,0,0,0,0,0,0,0,0,0,0,0,0,0,0,0,0,0.999,0,0,0,0,0,0,0,0,0,0,0,0.159,0,0,0,0,0,0,0,0,0,0,0,0,0,0,0,0,0,0,0,0,0,0,0,0,0,0,0,0,0,0,0,0,0,0,0.272,0.292,0,0,0,0,0,0.171,0,0,0,0.403,0,0,0,0,0,0,0,0,0.196,0,0,0,0,0,0.48,0,0,0,0,0,0,0,0,0,0,0,0,0,0,0,0,0,0,0,0,0,0,0,0,0,0,0,0,0,0,0,0,0,0,0,0,0,0,0,0,0,0,0,0,0,0,0,0,0,0,0,0,0,0,0,0,0,0,0.157,0,0,0,0,0,0,0,0,0,0,0.299,0,0,0,0,0,0,0,0,0,0,0,0,0,0,0,0,0,0,0,0,0.537,0,0,0,0,0,0,0.55,0,0,0.973,0,0,0,0,0,0,0,0,0,0,0,0,0,0,0,0,0.332,0,0,0,0,0,0,0,0,0,0,0,0,0,0,0,0,0,0,0,0,0,0.194,0,0,0,0,0,0,0,0,0,0,0.24,0,0,0,0,0,0,0,0,0,0,0.23,0,0,0,0,0,0.999,0,0,0,0,0,0,0,0,0,0,0,0,0,0,0,0.157,0,0,0,0,0,0,0,0,0,0,0,0,0,0,0,0,0,0,0,0,0,0,0,0,0,0,0,0,0,0,0.999,0,0,0,0,0,0.999,0,0,0,0,0.999,0,0,0,0,0,0,0,0.161,0,0,0,0,0,0,0,0,0,0,0,0,0,0,0,0,0,0,0,0,0,0,0,0,0,0,0.993,0,0,0,0.504,0,0,0,0,0,0,0,0,0,0,0,0,0,0,0,0,0,0,0,0,0,0,0.194,0,0.186,0,0,0,0,0,0,0,0,0,0,0.222,0,0,0,0,0,0,0,0,0,0,0,0,0,0,0,0,0,0,0,0,0,0.221,0,0,0,0,0.343,0.157,0,0,0,0,0,0.298,0,0,0,0,0.989,0,0,0,0,0,0.194,0,0.393,0,0,0,0,0,0,0.857,0.276,0,0,0,0,0,0,0,0,0,0,0,0.199,0,0,0,0,0,0,0,0,0,0.301,0.169,0,0,0,0,0,0,0,0,0,0,0,0,0,0,0,0,0,0,0.993,0,0,0.999,0,0,0,0,0,0,0,0,0,0,0,0,0,0,0,0,0,0,0,0,0,0,0,0,0,0,0,0,0,0,0,0,0,0,0,0,0,0,0,0,0,0,0,0,0,0.375,0,0,0,0,0,0,0,0,0,0,0,0,0,0,0,0,0,0.396,0,0,0,0,0,0,0,0,0,0,0,0,0,0,0,0,0,0,0,0,0,0,0,0,0,0,0,0,0,0,0,0,0,0,0,0,0,0,0,0,0,0,0,0,0,0,0,0,0,0,0,0,0,0,0,0,0.538,0,0,0,0,0,0,0,0,0,0,0,0,0,0,0,0,0,0,0,0,0,0,0,0,0,0,0,0,0,0,0,0,0,0,0,0.196,0,0,0,0,0,0,0,0.999,0,0,0,0,0,0,0,0,0,0,0,0,0,0,0,0,0,0,0,0,0,0,0,0,0,0,0,0,0,0,0,0,0,0,0.357,0,0,0,0,0,0,0,0,0,0,0,0,0.283,0,0,0,0,0,0,0,0,0,0,0.178,0,0,0,0,0,0,0,0,0,0,0,0,0,0,0,0,0,0,0,0,0.187,0,0,0,0,0,0,0,0,0,0,0,0,0,0,0,0,0,0,0,0,0,0,0,0,0,0,0,0,0.169,0,0.153,0,0,0.365,0,0,0,0,0,0.338,0.228,0,0,0,0,0,0,0,0,0,0,0,0,0,0,0,0,0,0,0,0,0,0,0,0,0,0,0,0,0,0,0,0,0,0,0,0,0,0,0,0,0,0,0,0,0,0,0,0,0,0,0,0,0,0,0,0,0,0.965,0.633,0.998,0.467,0,0.223,0.428,0,0.999,0.946,0.998,0,0,0.999,0.196,0.154,0,0.999,0,0.213,0.972,0,0,0,0.256,0.163,0,0.989,0.363,0.995,0,0,0.972,0,0,0.157,0,0,0.582,0.999,0.233,0.999,0,0.916,0,0,0,0.993,0.999,0,0.919,0.152,0,0.647,0,0.414,0.52,0.286,0.321,0,0.169,0.99,0.999,0.997,0.996,0.911,0.988,0.999,0.225,0,0.999,0.528,0.998,0,0,0,0.541,0,0,0,0.998,0.997,0,0.959,0.989,0.999,0,0,0.999,0,0.458,0.549,0.3,0.999,0,0.458,0,0.999,0.995,0,0.913,0,0,0.999,0.16,0.998,0.992,0.535,0.999,0.999,0,0,0.997,0.72,0.995,0,0.997,0.999,0.523,0.999,0.775,0,0.225,0,0.997,0.997,0.492,0.603,0.286,0,0.292,0,0.999,0,0.524,0,0.975,0.709,0.24,0,0,0,0.992,0.999,0.152,0,0.357,0.996,0,0,0.999,0,0,0.436,0.999,0.995,0.181,0.961,0,0.999,0,0.503,0.999,0,0.675,0.998,0.999,0.286,0,0.999,0.998,0.267,0,0.325,0.217,0,0,0,0,0,0.387,0.937,0,0.543,0.357,0.809,0,0,0.966,0.999,0.996,0.998,0.172,0,0,0.999,0.999,0,0.192,0.988,0,0.996,0.999,0,0.999,0,0.229,0.998,0,0.996,0,0,0.979,0.998,0.996,0,0.631,0.993,0,0,0,0,0.998,0,0.979,0,0.173,0.999,0,0,0,0,0,0.173,0,0,0,0,0,0,0,0,0,0,0,0,0,0,0,0,0,0.17,0,0.169,0,0,0,0,0,0,0,0,0,0,0,0,0,0,0,0,0,0.999,0,0,0,0,0,0,0,0,0,0,0,0,0,0,0,0,0,0,0,0.212,0,0,0,0,0,0,0,0,0,0,0,0,0,0,0,0,0,0,0,0,0,0,0.173,0,0,0,0,0,0,0,0,0,0,0,0,0,0,0,0,0,0,0,0,0,0,0,0,0,0,0,0,0.186,0,0,0,0,0,0,0,0,0,0,0,0,0,0,0,0,0,0,0,0,0,0,0,0,0,0,0,0,0,0,0,0,0,0,0,0,0,0,0,0,0,0,0,0,0,0,0,0,0,0,0,0,0,0,0,0,0.262,0,0,0,0,0,0,0,0,0,0,0,0,0,0,0,0,0,0,0,0,0,0,0,0,0,0,0,0,0,0,0,0,0,0,0,0,0,0,0,0,0,0,0,0,0,0,0,0.687,0,0,0,0,0,0,0,0,0,0,0,0,0,0,0,0,0,0,0,0,0,0,0,0,0,0,0,0,0,0,0,0,0,0,0,0,0,0.173,0.189,0,0,0,0,0,0,0,0,0,0,0,0,0,0,0,0,0,0,0,0,0,0,0,0,0,0,0,0,0,0,0,0,0,0,0,0,0,0,0,0,0,0,0,0,0,0,0,0,0,0,0,0,0,0,0,0,0,0,0,0,0,0,0,0,0,0,0,0,0,0,0,0,0,0,0,0,0,0,0,0,0,0,0,0,0,0,0,0,0,0,0,0,0,0,0,0,0,0,0,0,0,0,0,0,0,0,0,0,0,0,0,0,0,0,0.174,0,0,0,0,0,0,0,0,0,0,0,0,0,0,0,0,0,0,0,0,0,0,0,0,0,0,0,0,0,0,0,0,0,0,0,0,0,0,0,0,0,0,0,0,0,0,0,0,0,0,0,0,0,0,0,0,0,0,0,0,0,0,0,0,0,0,0,0,0,0,0,0,0,0,0,0,0,0,0,0,0,0,0,0,0,0,0,0,0,0,0,0,0,0,0,0,0,0,0,0,0,0.297,0,0,0,0,0,0,0,0,0,0,0,0,0,0,0,0,0,0,0,0,0,0,0,0,0,0,0,0,0,0,0,0,0,0,0,0,0,0,0,0,0,0,0,0,0,0.223,0,0,0,0,0,0,0,0,0,0,0,0,0,0,0,0,0,0,0,0,0,0,0,0,0,0,0,0,0,0,0,0,0,0,0,0,0,0,0,0,0,0,0,0,0,0,0,0,0.67,0,0,0,0,0,0,0,0,0,0,0,0,0,0,0,0,0,0,0,0.358,0,0,0,0,0,0,0,0,0,0,0,0,0,0,0,0,0,0,0,0,0,0,0,0,0,0,0,0,0,0,0,0,0,0,0,0,0,0,0,0.513,0,0,0,0,0,0,0,0,0,0,0,0.193,0,0,0,0,0,0,0,0,0,0,0,0,0,0,0,0,0,0,0,0,0,0,0,0,0,0,0,0,0,0,0,0,0,0,0,0,0,0,0,0,0,0,0,0,0,0,0,0,0,0,0,0,0,0,0,0,0,0,0,0,0,0,0,0,0,0,0,0,0,0,0,0,0,0,0,0,0,0,0,0,0,0,0,0,0,0,0,0,0,0,0,0,0,0,0,0,0,0,0,0,0,0,0,0,0,0,0,0,0,0,0,0.482,0.204,0,0,0,0,0,0,0,0.168,0,0,0,0,0,0,0,0,0,0,0,0.356,0,0,0,0,0,0,0,0,0,0,0,0,0,0,0,0,0,0,0.194,0,0,0,0,0,0,0,0,0,0,0,0,0,0,0,0,0.159,0,0,0,0,0,0,0,0,0,0,0.16,0.191,0,0,0,0,0,0,0,0,0,0,0,0,0,0,0,0,0,0,0,0,0,0,0,0,0,0.234,0,0,0,0,0,0,0,0,0,0,0,0,0,0,0,0,0,0,0,0,0,0,0,0,0,0,0,0,0,0,0,0,0,0,0,0,0.216,0,0,0.396,0,0.292,0,0,0,0,0,0,0,0,0,0,0,0,0,0.227,0,0,0,0,0.195,0,0,0,0,0,0,0,0,0,0,0,0,0,0,0,0,0,0,0,0,0,0,0,0,0,0,0,0,0.22,0,0,0,0,0,0,0,0,0,0,0,0,0,0,0,0,0,0,0,0,0,0,0,0,0,0,0,0.219,0,0,0,0,0,0,0,0,0,0,0,0,0,0,0,0,0,0,0,0,0,0,0,0,0,0,0,0,0,0,0,0,0,0,0,0,0,0,0,0,0,0,0,0,0,0,0,0,0,0,0,0,0,0,0,0,0,0,0,0,0,0,0,0,0,0,0,0,0,0,0,0,0,0,0,0,0,0,0,0,0,0,0,0,0,0,0,0,0,0,0,0,0.15,0,0,0,0.217,0,0,0,0,0,0,0,0,0,0,0,0,0,0,0,0,0,0,0,0,0,0,0,0,0,0,0,0,0,0,0,0,0,0,0,0,0,0,0,0,0,0,0,0,0,0,0,0,0,0,0,0,0,0,0,0,0,0,0,0,0,0,0,0,0,0,0,0,0,0,0,0,0,0,0,0,0,0,0,0,0,0,0,0,0,0,0,0,0,0,0,0,0,0.332,0,0,0,0,0,0,0,0,0,0,0,0,0,0,0,0,0,0,0,0,0,0,0,0,0,0,0,0,0,0,0,0,0,0,0,0,0,0,0,0,0,0,0,0,0,0,0,0,0,0,0,0,0,0,0,0,0,0,0,0,0,0,0,0,0,0,0,0,0.394,0,0,0,0,0,0,0,0,0,0,0,0,0,0,0,0,0,0,0,0,0,0,0,0,0,0,0,0,0,0,0,0,0.377,0,0,0,0,0,0,0,0,0,0,0,0,0,0,0,0,0,0,0,0,0,0,0,0,0,0,0,0,0,0,0,0,0,0,0,0,0,0,0,0,0,0,0,0,0,0,0,0,0,0,0,0,0,0,0,0,0,0,0,0,0,0,0,0
851306,0,0,0,0,0,0,0.943,0,0,0,0,0,0,0,0,0.482,0,0,0,0.192,0,0,0,0,0,0,0.552,0,0,0,0,0,0,0,0.377,0,0,0,0,0,0,0,0,0,0,0,0,0,0,0,0,0,0,0,0,0,0,0,0,0,0,0,0.969,0,0,0,0,0,0,0,0.167,0,0,0.586,0,0,0,0.378,0.321,0,0,0,0,0,0,0,0,0,0,0,0,0,0,0,0,0,0,0.338,0.457,0,0,0,0,0.602,0.296,0.323,0,0,0,0,0,0,0,0,0,0,0,0,0,0,0,0,0,0.649,0,0,0.991,0,0,0,0,0,0,0,0,0,0,0,0.29,0,0.22,0,0,0,0,0,0,0,0,0,0,0,0,0,0,0,0.339,0,0,0,0,0,0.187,0,0.278,0,0,0,0,0,0,0,0,0,0,0,0,0,0,0,0,0,0,0.274,0,0,0,0,0,0,0.156,0.911,0.173,0,0,0,0,0,0,0,0,0.163,0,0,0,0,0,0,0,0,0,0,0,0,0,0,0,0,0,0,0,0,0,0,0,0,0,0,0,0,0,0,0,0,0,0,0,0,0,0,0,0,0.686,0,0,0,0,0.511,0,0,0,0.481,0,0,0,0,0.377,0,0,0,0,0,0.339,0.169,0,0,0,0.309,0,0,0,0,0,0,0,0,0.598,0,0,0,0,0,0,0,0.885,0,0,0,0.765,0,0,0,0,0,0,0,0,0,0,0,0,0,0,0,0,0.556,0,0,0,0,0,0,0,0.156,0,0,0.394,0,0,0,0.448,0.167,0,0,0,0,0,0.788,0,0,0,0,0,0,0,0.416,0,0,0,0.719,0,0,0,0,0,0,0,0,0.372,0,0,0,0,0,0,0,0,0,0,0,0,0,0,0,0,0,0,0,0,0,0.68,0,0,0,0,0,0,0,0,0,0.163,0,0,0,0,0,0,0,0,0.61,0,0,0,0.22,0,0,0,0,0,0,0,0,0.276,0,0.191,0,0,0,0,0,0.888,0,0,0,0.861,0,0,0,0,0.904,0,0,0,0.45,0,0,0,0,0,0,0,0,0.57,0,0.941,0,0,0,0,0,0,0,0,0,0,0,0,0,0,0.643,0,0,0,0.332,0,0.306,0,0,0,0,0,0,0,0,0,0.675,0,0,0,0,0,0,0,0,0,0,0,0,0,0,0,0.535,0,0,0,0,0,0,0.317,0,0,0,0,0,0.391,0,0.161,0.328,0,0,0,0,0,0,0,0.357,0.899,0,0,0,0,0,0,0,0,0,0,0,0,0,0,0.624,0,0,0,0,0,0.156,0.698,0,0,0,0,0,0,0,0,0,0,0,0,0,0,0,0,0,0,0,0,0,0,0,0,0.276,0.291,0,0,0,0,0,0,0,0,0,0,0,0,0,0,0,0,0,0,0,0,0,0,0,0,0,0,0,0,0,0,0,0,0,0,0,0,0.394,0,0,0,0,0.187,0,0,0,0,0,0.685,0,0,0,0,0,0,0,0,0,0,0,0,0,0,0,0,0,0,0.863,0,0,0,0.693,0,0,0.169,0,0,0,0,0,0,0,0,0,0,0,0,0,0,0,0.162,0,0,0,0,0,0.169,0.276,0,0,0,0,0,0.788,0,0,0,0,0,0,0,0,0,0,0,0,0,0,0,0,0,0,0.237,0,0,0,0,0,0,0,0,0.834,0,0,0.218,0.334,0,0,0,0,0,0,0.219,0,0,0,0,0,0,0,0,0,0,0,0,0,0,0.343,0.686,0,0,0,0,0,0,0,0,0,0.178,0,0.776,0,0.353,0,0.246,0.163,0,0,0,0,0,0,0,0.165,0,0,0,0,0.374,0,0,0,0.916,0,0,0,0,0,0,0.575,0.193,0,0,0,0,0,0,0,0.22,0,0,0,0,0,0,0,0,0,0,0.594,0,0,0,0,0.532,0,0,0,0,0,0.388,0,0,0.376,0,0,0.309,0,0.612,0.272,0,0,0,0,0,0.194,0,0,0,0,0,0,0,0,0.975,0,0,0,0,0,0,0,0,0,0,0,0,0.678,0,0,0,0,0,0,0.375,0,0,0.897,0,0,0,0,0,0,0,0,0,0,0,0,0,0.898,0,0,0,0,0,0.243,0,0,0,0,0,0,0,0,0,0,0,0.258,0,0,0,0,0,0,0,0,0,0,0,0,0,0.194,0,0,0,0.339,0,0,0,0,0.913,0,0,0,0,0,0,0,0,0,0,0,0,0,0.218,0.445,0.311,0,0,0,0.315,0.446,0,0.56,0,0,0,0,0,0,0,0,0,0,0,0,0.57,0,0.991,0.924,0,0,0,0,0,0.192,0,0,0,0.156,0,0,0,0,0.419,0,0.831,0,0,0,0,0,0,0,0,0,0,0,0,0,0,0,0,0,0.978,0,0,0,0,0,0,0,0.843,0,0,0,0,0,0,0,0,0,0,0,0,0,0,0,0,0,0,0,0,0,0,0,0,0,0,0,0,0,0,0,0,0,0,0,0.365,0,0,0,0,0,0,0,0,0,0,0,0,0,0,0,0,0,0.164,0,0,0,0,0,0,0,0,0,0,0,0,0,0,0,0.497,0,0,0,0,0,0,0,0,0.847,0,0,0,0,0,0,0,0,0,0,0,0,0,0,0,0,0,0,0,0,0,0,0,0,0,0,0,0,0,0,0,0,0,0,0,0,0,0,0,0,0,0,0,0,0,0,0,0,0,0,0,0,0,0,0,0,0,0.226,0,0,0,0,0,0,0,0.227,0,0,0,0,0,0,0,0,0.329,0,0,0,0,0,0,0,0,0,0,0,0,0,0,0,0,0,0,0,0,0,0,0,0,0,0,0,0.956,0,0,0,0,0,0,0,0,0,0,0,0,0,0.589,0,0,0,0,0,0,0.717,0.229,0,0,0,0,0,0,0,0,0,0,0,0,0,0,0,0,0,0,0,0,0,0,0,0,0,0,0,0,0,0,0,0,0,0,0,0,0,0,0,0,0.526,0,0,0,0,0,0,0,0,0,0,0,0,0,0,0,0,0,0,0,0.256,0,0,0,0,0,0,0,0,0,0,0,0,0,0,0,0,0,0,0,0,0,0,0,0,0,0,0,0,0,0,0,0,0,0,0,0,0,0,0.536,0,0,0,0,0,0,0,0,0,0,0,0,0,0,0,0,0,0,0,0,0,0.351,0.646,0,0,0,0,0,0.794,0,0,0,0,0,0,0,0,0,0,0,0,0,0,0,0,0,0.192,0.367,0,0,0,0,0,0,0,0,0,0,0,0,0,0,0,0,0,0,0,0,0,0,0,0,0,0,0,0,0,0,0,0.794,0,0,0,0,0,0,0,0.367,0,0,0,0,0,0,0,0,0,0,0,0,0,0,0,0,0,0,0,0,0,0,0,0,0,0,0,0,0,0,0,0,0,0,0,0,0,0,0,0,0,0,0,0.667,0,0,0,0,0,0,0,0,0,0,0,0,0,0,0,0,0,0,0,0,0,0,0,0,0,0,0.163,0,0,0,0,0.297,0,0,0,0,0,0,0,0,0,0,0,0.224,0,0,0,0,0,0,0,0,0,0,0,0,0,0,0,0,0,0,0,0.51,0,0,0,0,0,0,0,0,0,0.214,0,0,0,0,0,0,0,0,0,0,0,0,0,0.167,0,0,0,0,0,0,0,0,0,0,0,0,0,0,0,0,0,0,0,0,0,0.227,0,0,0,0,0,0,0,0,0,0,0,0,0,0,0,0,0,0,0,0,0,0,0,0,0,0,0,0,0.169,0,0,0,0.69,0,0,0,0,0,0,0,0,0,0,0,0,0,0,0,0,0,0,0,0,0,0,0,0,0,0,0,0,0,0,0,0,0,0,0,0,0,0,0,0,0,0,0,0,0,0,0,0,0,0,0,0,0,0,0,0,0,0,0,0,0,0,0,0,0,0,0,0,0,0,0,0,0,0,0,0,0,0,0,0.17,0,0,0,0,0,0,0,0,0.443,0,0,0,0,0,0,0,0,0,0,0,0,0,0,0,0,0,0,0,0,0,0,0,0,0,0,0,0,0,0,0,0,0,0,0,0,0,0,0,0,0,0,0,0,0,0,0,0,0,0,0,0,0,0,0,0,0,0,0,0,0,0,0,0,0,0,0,0,0,0,0,0,0,0,0,0,0,0,0,0,0,0,0,0,0,0,0,0,0,0,0,0,0,0,0,0,0,0,0,0,0,0,0,0,0,0,0,0,0,0,0,0,0,0,0,0,0,0,0,0,0,0,0,0,0,0,0,0,0,0,0,0,0,0,0,0,0,0,0,0,0,0,0,0,0,0,0,0,0,0,0,0,0,0,0,0,0,0,0,0,0,0,0,0,0,0,0,0,0,0,0,0,0,0,0,0,0,0,0,0,0,0,0,0,0,0,0,0,0,0,0,0,0,0,0,0,0,0,0,0,0,0,0,0,0,0,0,0,0.153,0,0,0,0,0,0,0,0,0,0,0,0,0,0,0,0,0,0,0,0,0,0,0,0,0,0,0,0,0,0,0,0,0,0,0,0,0.368,0,0,0,0,0,0,0,0,0,0,0.368,0,0,0,0,0,0,0,0,0,0,0,0,0,0,0,0,0,0,0,0,0,0,0,0,0,0,0,0,0,0,0,0,0,0,0,0,0.19,0,0,0,0,0,0,0,0,0,0,0,0,0,0,0,0,0,0,0,0,0,0,0,0,0,0,0,0,0,0,0,0,0,0,0,0,0,0,0,0,0,0,0,0,0,0,0,0,0,0,0,0,0,0,0,0,0,0,0,0,0,0,0,0,0,0,0,0,0,0,0,0,0,0,0,0,0,0,0,0,0,0,0,0,0,0,0,0,0,0,0,0,0.368,0,0,0,0,0,0,0,0,0,0,0,0,0,0,0,0,0,0,0,0,0,0,0,0,0,0,0,0,0,0,0,0.275,0,0,0,0,0,0,0,0,0,0,0,0,0,0.196,0,0,0,0,0,0,0,0,0,0,0,0,0,0,0,0,0,0,0,0,0,0,0,0,0,0,0,0,0,0,0,0,0,0,0,0,0,0,0.33,0,0,0,0,0,0,0,0,0,0,0,0.154,0,0,0,0,0,0,0,0,0,0,0,0,0,0,0,0,0,0,0,0,0,0,0,0,0,0,0,0,0,0,0,0,0,0,0,0,0,0,0,0,0,0,0,0,0,0,0,0,0,0,0,0,0,0,0,0,0,0,0,0,0,0,0,0,0,0,0,0,0,0,0,0,0,0,0,0,0,0,0,0,0,0,0,0,0,0,0,0,0,0,0,0,0,0,0,0,0,0,0,0,0,0,0,0,0,0,0,0,0,0,0,0,0,0,0,0,0,0,0,0,0,0,0,0,0,0,0,0,0,0.161,0,0,0,0,0,0,0,0,0,0,0,0,0,0,0,0.156,0,0,0,0,0,0,0,0,0,0,0,0,0,0.894,0,0,0,0,0,0,0,0,0,0,0,0,0,0,0,0,0,0,0,0,0,0,0,0,0,0,0,0,0,0,0,0,0,0,0,0,0,0,0.369,0,0,0,0,0,0,0,0,0,0,0,0,0,0,0,0,0,0,0,0,0,0,0,0,0,0,0,0,0,0,0,0,0,0,0,0,0,0,0,0,0.166,0,0,0,0,0,0,0,0,0,0,0,0,0,0,0,0,0,0,0,0,0,0,0.194,0,0,0,0,0,0,0,0,0,0,0,0,0,0,0,0,0.239,0,0,0,0,0,0,0,0,0,0,0,0,0,0,0,0,0,0.164,0,0,0,0,0,0,0,0,0,0,0,0,0,0,0,0,0,0,0,0,0,0,0,0,0,0,0,0,0,0,0,0,0,0,0,0,0,0,0,0,0,0,0,0,0,0,0,0,0,0,0,0,0,0,0,0,0,0,0,0,0,0,0,0,0,0,0,0,0,0,0,0,0,0,0,0,0,0,0,0,0.72,0,0,0,0,0,0,0,0,0,0,0,0,0,0,0,0,0,0,0,0,0,0,0,0,0,0,0,0,0,0,0,0,0,0,0.163,0,0,0,0,0,0,0,0,0,0,0,0,0,0.217,0,0,0,0,0,0,0,0,0,0,0,0,0,0,0,0,0,0,0.213,0,0,0,0,0,0,0,0,0,0,0,0,0,0,0,0,0,0,0,0,0,0,0,0,0,0,0,0,0,0,0,0,0,0,0,0,0,0,0.154,0,0,0,0,0,0,0,0,0,0,0,0,0,0,0.88,0,0,0.318,0,0,0,0,0,0,0.55,0,0,0,0,0,0,0,0,0,0,0,0,0,0.558,0,0,0,0,0,0,0,0,0,0,0,0,0,0,0,0,0,0.264,0,0,0,0,0,0,0,0,0,0,0.439,0.615,0,0.862,0,0,0,0,0,0,0,0,0,0,0,0,0,0.212,0,0,0,0,0,0,0,0,0,0,0,0,0,0.328,0,0,0,0,0,0,0,0,0,0,0,0,0,0,0,0,0,0,0,0,0,0,0,0,0,0,0,0,0,0,0,0,0,0,0,0,0,0,0,0,0,0,0,0,0,0,0,0,0,0,0,0,0,0,0,0,0,0,0,0,0,0,0,0,0,0,0,0,0,0,0,0,0,0.536,0,0,0,0,0,0,0,0,0.183,0,0,0,0,0,0,0,0,0,0,0,0,0,0,0,0,0,0,0,0,0,0,0,0,0.497,0,0,0,0,0,0,0,0,0,0,0,0,0,0,0,0,0,0,0,0,0,0,0,0,0,0,0,0,0,0,0,0,0,0,0,0,0,0,0,0,0,0,0,0,0,0,0,0,0,0,0,0,0,0,0,0,0,0,0,0,0,0,0,0,0,0,0,0,0,0,0,0,0,0,0,0,0,0,0,0,0,0,0,0,0,0,0,0,0,0,0,0,0,0,0,0,0,0,0,0,0,0,0,0,0,0,0,0,0,0,0,0,0,0.443,0,0,0,0.441,0,0,0,0,0,0,0,0,0,0,0,0,0.443,0,0,0,0,0,0,0,0,0,0,0,0,0,0,0.634,0,0,0,0,0,0,0,0,0,0,0,0,0,0,0,0,0,0,0,0,0,0,0,0,0,0,0,0.401,0,0,0,0,0,0,0,0,0,0,0,0,0,0,0.735,0.369,0,0.824,0,0,0,0,0,0,0,0,0,0,0,0,0,0,0,0,0,0.202,0,0,0,0.156,0,0,0,0,0,0,0,0,0,0,0,0,0,0,0,0,0,0,0,0.446,0,0,0,0,0,0,0,0,0,0,0,0,0,0,0,0,0,0,0,0,0,0,0,0,0,0,0,0,0,0,0,0,0,0,0,0,0,0,0,0,0,0,0,0,0,0,0,0,0,0,0,0,0,0,0,0,0,0,0,0,0,0,0,0,0,0,0,0,0,0,0,0,0,0,0.551,0,0,0,0,0,0,0,0,0,0,0,0,0,0,0,0,0,0,0,0,0,0,0,0,0,0,0,0,0,0,0,0,0,0,0,0,0,0,0,0,0,0,0,0,0,0,0,0,0,0,0,0,0.297,0,0.296,0,0,0,0,0,0,0,0,0,0,0,0,0,0,0,0,0,0,0,0,0,0,0,0,0,0,0,0,0,0,0,0,0,0,0,0,0,0,0,0,0,0,0,0,0,0,0,0,0,0,0,0,0,0,0,0,0,0,0,0,0,0,0,0,0,0,0,0,0,0,0,0,0,0,0,0,0,0,0,0,0,0,0,0,0,0,0,0,0.553,0,0,0,0,0,0,0,0,0,0,0,0,0,0,0,0,0,0,0,0.175,0,0,0,0,0,0,0,0,0,0,0,0,0,0,0,0,0,0,0,0,0,0,0,0,0,0,0,0,0,0,0.56,0,0,0,0,0,0,0,0,0,0,0,0,0,0,0,0,0,0,0,0,0,0,0,0,0,0,0,0,0,0,0,0,0,0,0,0,0,0,0,0,0,0.156,0,0,0,0,0,0,0,0,0,0,0,0,0,0,0,0,0,0,0,0,0,0,0,0,0,0,0,0,0,0,0,0,0,0,0,0,0,0,0.831,0,0,0,0,0,0,0,0,0,0,0,0,0,0,0,0,0,0,0,0,0,0,0,0,0,0,0,0,0,0,0,0.276,0,0,0,0,0,0,0,0,0,0,0,0,0,0,0,0,0,0.581,0.515,0,0,0,0,0,0,0,0.527,0,0,0,0,0,0,0,0,0,0,0,0,0,0,0,0,0,0,0,0,0,0,0,0,0,0,0,0,0,0,0,0,0,0,0,0,0,0,0,0,0,0,0,0,0,0,0,0,0,0,0,0,0,0,0,0,0,0,0,0,0,0,0,0,0,0,0,0,0,0,0,0,0,0,0,0,0,0,0,0,0,0,0,0,0,0,0,0,0,0,0,0,0,0,0,0,0,0,0,0,0,0,0,0,0,0,0,0,0,0,0,0,0,0,0,0,0,0,0,0,0,0,0,0,0,0,0,0,0,0,0,0,0,0,0,0,0,0,0,0,0,0,0,0,0,0,0,0,0,0,0,0,0,0,0,0,0,0,0,0,0,0,0,0,0,0,0,0,0,0,0,0,0,0,0,0,0,0,0,0,0,0,0,0,0,0,0,0,0,0,0,0,0,0,0,0,0,0,0,0.368,0,0,0,0,0.798,0,0,0,0,0,0,0,0,0,0,0,0,0,0,0,0,0,0,0,0,0,0,0,0,0,0,0,0,0,0,0,0,0,0,0,0,0,0,0,0,0,0,0,0,0,0,0,0,0,0,0.443,0,0,0,0,0,0,0,0,0,0,0,0,0,0,0,0,0,0,0,0,0,0,0,0,0,0,0,0,0,0,0,0,0,0.443,0,0,0,0.775,0,0,0,0,0,0,0.297,0,0,0.443,0,0,0,0,0,0,0,0,0,0,0,0,0,0,0,0,0,0,0,0,0.577,0,0,0,0,0.324,0,0,0,0,0,0,0,0,0,0,0,0,0,0,0,0,0,0,0,0,0,0,0,0,0,0,0,0,0,0,0,0,0,0,0,0,0,0,0,0,0,0,0,0,0,0,0,0,0,0,0,0,0,0,0,0.215,0.825,0,0,0,0,0,0,0,0,0,0,0,0,0,0,0,0,0,0,0,0,0,0,0,0,0,0,0,0,0,0,0,0,0,0,0,0,0,0,0,0,0,0,0,0,0,0,0,0,0,0,0.789,0,0,0,0,0,0.56,0,0,0,0,0,0.551,0,0,0,0,0.191,0,0,0,0,0.448,0,0,0,0,0,0,0,0,0,0,0,0,0,0,0,0,0,0,0,0,0,0,0,0,0,0,0,0,0,0,0,0.209,0,0,0,0,0,0,0,0,0,0,0,0,0,0,0,0,0,0,0,0,0,0,0,0,0,0,0,0,0,0,0,0,0,0,0,0,0,0,0,0,0,0,0,0,0,0,0,0,0,0,0,0,0,0,0,0,0,0,0,0,0,0,0,0,0,0,0,0,0,0,0,0,0,0,0,0,0,0.748,0,0,0,0,0,0,0,0,0,0,0,0,0,0,0,0,0,0,0,0,0,0,0,0,0,0,0,0,0,0,0,0.678,0,0,0.289,0,0,0,0,0,0,0,0.649,0,0,0,0,0,0,0,0,0,0,0,0,0,0,0,0,0,0,0,0,0,0,0,0,0,0,0,0,0,0,0,0,0,0,0,0,0,0,0,0,0,0,0,0,0,0,0,0,0,0,0,0,0,0,0,0,0,0,0,0,0,0,0,0,0,0,0,0,0.419,0,0,0,0,0,0,0,0,0,0,0,0,0,0,0,0,0,0,0,0,0,0,0,0,0,0,0,0,0,0,0,0,0,0.662,0,0,0,0,0,0,0.313,0,0,0,0,0,0,0,0,0,0,0,0,0,0,0,0,0,0,0,0,0,0,0,0,0,0,0,0,0,0,0,0,0,0,0,0.944,0,0,0,0,0,0,0,0,0,0,0.996,0,0,0,0,0,0.36,0,0,0,0,0,0,0,0,0,0,0,0,0,0,0,0,0,0,0,0,0.171,0,0,0,0,0,0,0,0,0,0,0,0,0,0,0,0,0,0,0,1
852639,0,0,0.755,0,0,0,0,0,0,0,0,0,0,0,0,0.546,0.446,0,0.344,0,0,0,0,0,0,0,0.193,0,0,0,0,0,0,0,0.429,0,0,0,0,0,0,0,0,0,0,0,0,0,0.165,0,0,0.557,0,0.224,0,0,0,0,0,0,0.168,0,0,0,0.202,0.191,0,0,0,0,0.719,0,0,0,0,0.15,0,0,0.393,0,0,0,0,0,0.173,0.228,0,0.351,0.261,0,0,0,0.96,0,0,0,0,0.207,0.478,0,0,0,0.398,0,0,0.444,0,0.159,0,0.236,0,0,0,0,0,0,0,0,0.423,0,0,0,0.204,0,0,0.17,0,0,0,0,0,0,0,0,0,0,0,0,0.166,0,0.594,0.181,0.306,0.155,0,0.929,0,0,0,0,0,0,0.217,0,0,0.51,0,0,0,0.646,0,0,0,0.519,0.431,0,0,0,0,0,0,0.662,0.242,0,0,0,0,0,0,0.19,0,0.384,0,0,0.364,0,0.808,0,0,0,0,0,0,0,0,0,0,0,0,0,0,0,0,0,0.231,0.155,0,0,0,0.197,0,0,0,0,0,0,0,0,0,0,0.151,0,0,0,0,0,0,0,0,0,0.255,0.171,0,0,0,0,0.724,0,0,0,0,0,0,0.269,0,0,0,0.703,0,0,0,0,0,0,0.307,0,0,0,0,0,0,0,0,0,0,0,0,0,0,0,0,0,0.318,0,0,0.234,0,0,0,0,0,0,0.387,0,0,0.839,0,0,0.72,0.187,0,0.276,0,0,0,0.957,0,0,0.157,0.767,0.188,0,0,0.921,0,0,0.161,0,0,0,0,0,0.398,0,0.272,0.15,0,0.513,0.191,0,0,0,0,0,0,0,0,0,0.286,0,0.445,0.494,0,0,0.307,0,0.154,0,0,0,0,0,0,0,0.236,0.336,0,0,0,0,0,0,0.241,0,0,0,0,0,0,0,0,0.323,0,0,0,0,0,0,0,0,0.551,0.459,0,0,0,0,0,0,0,0.516,0,0,0,0,0,0,0,0,0,0,0,0,0,0,0,0,0,0,0,0,0.202,0,0,0,0.863,0,0,0,0,0.229,0,0,0,0,0,0,0,0.229,0,0,0.333,0,0,0.207,0.33,0,0,0,0,0,0.218,0.203,0,0,0,0,0,0.192,0,0.983,0,0,0,0.222,0,0.78,0,0,0.17,0,0,0,0.324,0,0.208,0.438,0.208,0,0,0,0.221,0,0.473,0.75,0,0,0,0,0,0.316,0,0,0,0.189,0,0,0,0,0.486,0,0,0,0,0,0,0.225,0,0,0.364,0.979,0,0,0,0,0,0,0.366,0,0,0.575,0,0,0.271,0,0,0,0,0,0,0,0,0,0.38,0,0.426,0,0.158,0,0,0,0.381,0.181,0,0,0,0,0,0,0,0,0,0.303,0,0.335,0.438,0,0,0,0,0,0.845,0,0,0,0,0,0,0,0.772,0.156,0,0,0,0,0,0,0,0,0,0,0,0,0,0,0,0,0.415,0,0,0.305,0,0,0,0.779,0.973,0,0.317,0,0,0,0,0,0,0,0.75,0,0.329,0,0,0,0,0,0,0.281,0,0,0,0,0,0,0.925,0,0,0.368,0,0,0.224,0,0,0,0,0,0,0.3,0,0.177,0.333,0,0.311,0.262,0,0,0,0,0,0,0,0,0.686,0,0,0,0,0.152,0,0,0,0,0,0.244,0,0,0,0.263,0.409,0,0,0.724,0.236,0.573,0,0,0,0,0.655,0,0.204,0,0,0,0,0,0,0,0.418,0,0.154,0,0.196,0.336,0,0,0,0,0,0,0.552,0,0,0,0,0,0,0,0,0,0,0,0,0,0,0.293,0.901,0,0,0,0.788,0,0,0.375,0,0,0,0,0,0,0.317,0.189,0,0.184,0,0,0,0,0,0,0,0,0,0,0,0,0,0,0,0.169,0,0,0,0.196,0.251,0,0,0,0,0,0,0,0,0,0.364,0.164,0,0,0,0,0,0.378,0,0,0,0,0,0,0,0,0,0,0.487,0,0,0,0,0,0,0,0,0,0,0,0,0,0.196,0,0,0,0.542,0.434,0,0.559,0.245,0,0,0,0,0,0,0.239,0,0,0.205,0.275,0.248,0,0,0,0.324,0,0,0,0,0,0,0,0.183,0.167,0.166,0,0,0,0,0,0.223,0,0,0.456,0,0,0.738,0,0,0,0,0,0,0,0,0,0,0,0,0,0.309,0,0.536,0,0,0,0,0,0,0.311,0,0,0,0,0,0,0,0.305,0.354,0,0,0,0,0,0,0,0,0,0,0,0,0,0,0,0.391,0,0,0.764,0.379,0,0,0,0,0,0,0,0,0,0,0.314,0,0,0,0.152,0,0,0,0,0,0,0.536,0,0,0,0.152,0.56,0.161,0,0.309,0,0,0.429,0,0,0,0,0,0,0,0,0,0,0,0,0.194,0,0,0,0.157,0,0,0.221,0,0.165,0,0,0,0,0,0.198,0,0.696,0,0,0,0,0,0,0,0,0,0.934,0,0.629,0.154,0,0,0,0,0,0,0,0,0,0,0,0,0,0,0,0,0,0.364,0.378,0.557,0,0.333,0.917,0,0,0.44,0,0,0,0,0,0,0,0,0,0,0,0,0,0,0,0,0,0,0,0,0,0,0,0,0,0,0,0,0,0,0.232,0,0,0,0,0,0,0,0,0,0,0,0,0,0,0,0,0,0,0,0.703,0.275,0,0,0,0,0,0,0,0,0,0,0,0,0,0,0,0,0,0,0,0,0.209,0,0,0,0,0,0,0,0,0,0.37,0,0,0,0,0.34,0,0,0.349,0.194,0,0,0,0,0,0,0,0,0,0,0,0,0,0,0,0,0.551,0,0,0,0,0,0,0,0,0,0,0,0,0,0,0,0,0,0,0,0.27,0,0.302,0.174,0,0,0,0,0,0,0.26,0,0,0,0,0,0,0,0,0.98,0.784,0,0,0,0,0,0,0,0,0.859,0,0,0,0,0,0,0,0,0,0,0,0,0,0.305,0,0,0,0,0,0,0.181,0.245,0,0,0,0,0.177,0,0,0,0,0,0,0,0,0,0.718,0,0,0,0,0,0,0,0,0,0,0,0,0,0,0,0,0,0,0,0,0,0,0,0,0,0,0,0,0,0,0,0,0,0,0,0,0,0,0,0,0,0,0,0,0,0,0.68,0,0,0,0,0,0,0.366,0,0,0,0,0,0,0,0,0,0,0,0,0,0,0,0,0,0,0,0,0,0,0,0,0,0,0,0,0,0,0,0,0.927,0,0,0,0,0,0,0,0,0,0.727,0,0,0,0,0,0,0,0,0,0,0,0,0,0,0,0.585,0,0,0,0,0,0,0,0,0.17,0,0,0,0,0,0,0,0,0,0.33,0,0,0,0,0,0,0,0,0,0,0,0,0,0,0,0.17,0,0,0,0,0,0.223,0,0,0,0,0,0.715,0,0,0,0,0,0,0.337,0.55,0,0,0,0,0.236,0,0,0,0,0,0,0,0,0,0,0,0,0,0,0,0,0,0,0.152,0,0,0,0,0,0,0,0,0.299,0,0,0,0,0,0.194,0,0,0,0,0,0,0.161,0.458,0,0.155,0,0,0,0,0,0,0,0,0,0,0,0,0,0,0,0,0,0,0,0.373,0,0,0,0,0,0,0.274,0,0,0,0,0,0,0,0,0,0,0,0.152,0,0,0,0,0,0,0,0,0,0,0.258,0,0,0,0,0,0,0,0,0,0,0,0,0,0,0,0.556,0,0,0,0.385,0,0,0,0,0,0,0,0,0,0,0,0,0,0,0,0,0,0,0,0,0,0,0,0,0,0,0,0,0,0,0,0,0,0,0,0,0,0,0.227,0,0,0,0,0,0,0,0,0,0,0,0,0,0,0,0,0,0,0,0,0,0,0,0,0,0,0.194,0,0,0,0,0,0,0,0,0,0,0,0,0,0,0,0.955,0.551,0,0,0,0.201,0,0,0,0,0,0,0,0,0,0,0,0,0,0,0,0,0.431,0,0,0,0,0,0,0,0,0,0,0,0,0.284,0,0,0,0,0,0,0,0,0,0,0,0,0,0,0,0,0,0,0,0,0,0,0,0,0,0,0,0.464,0,0,0,0,0,0,0.181,0,0,0,0,0,0,0,0,0,0,0.946,0,0.674,0,0,0,0,0,0,0,0,0,0,0,0,0,0,0,0,0,0,0.219,0,0,0,0,0,0,0,0,0,0,0,0,0,0,0,0,0,0,0,0,0,0,0,0,0,0,0,0,0,0,0,0,0,0,0,0,0,0,0,0,0,0,0,0.553,0,0,0,0,0,0,0,0.186,0,0.153,0,0,0,0,0,0,0,0,0,0,0,0,0,0,0,0.181,0,0,0,0,0,0,0,0,0.278,0,0,0,0,0,0,0,0,0,0,0,0,0,0,0,0,0,0,0,0,0,0,0,0,0,0,0,0,0,0,0,0,0,0,0,0,0,0,0,0,0,0,0,0,0,0,0.188,0,0,0,0,0,0,0,0,0.165,0,0,0,0,0,0,0,0,0,0,0,0,0,0,0,0,0,0,0,0,0,0,0,0,0,0,0,0,0,0,0,0,0,0,0,0,0,0,0,0.247,0,0,0,0,0.15,0,0,0.194,0,0,0,0,0,0,0,0,0,0,0,0,0,0,0,0,0,0,0,0,0,0,0,0,0,0,0,0.2,0,0,0,0,0,0,0,0,0,0,0,0,0,0,0,0,0,0.229,0.206,0,0,0.229,0.278,0,0,0,0,0.802,0,0.38,0,0.556,0,0,0.937,0.394,0,0,0,0,0,0,0.211,0,0,0,0.696,0.295,0,0.98,0,0,0,0,0,0,0,0,0,0,0,0,0,0,0,0.339,0,0,0,0.655,0,0,0.397,0.692,0,0.317,0,0.623,0,0,0,0,0,0,0,0,0,0,0,0,0.851,0.15,0,0,0.915,0.679,0,0,0,0,0.783,0,0,0,0,0,0,0,0,0,0,0.275,0,0.271,0,0.444,0,0.156,0.477,0.386,0.15,0,0,0,0,0.206,0,0,0,0.407,0.35,0,0,0,0,0.647,0,0,0,0,0,0,0,0,0,0,0.315,0,0.187,0.42,0,0.177,0,0,0,0.343,0,0,0,0,0.586,0,0,0,0,0,0,0.99,0,0,0,0,0.562,0,0.286,0,0,0,0,0,0,0,0,0,0,0.175,0.413,0,0.225,0,0.462,0,0,0,0,0,0,0,0,0,0,0,0,0,0.73,0.157,0,0,0.162,0.793,0,0,0,0,0.862,0.547,0,0,0,0,0,0,0.672,0,0,0,0,0,0.179,0,0,0,0,0,0,0,0,0,0,0,0,0,0,0,0,0,0,0,0,0,0,0,0,0,0,0,0,0,0,0.872,0,0,0,0,0,0,0,0,0,0,0,0.212,0,0,0,0,0,0,0,0.159,0,0,0.165,0,0,0,0,0,0,0,0,0,0,0,0,0,0,0,0,0,0,0.223,0,0,0,0,0,0,0,0,0,0,0.178,0,0,0,0,0,0,0.42,0,0,0,0,0,0,0,0,0,0,0,0,0,0,0,0,0,0,0,0,0,0,0,0,0,0,0,0,0,0,0,0,0,0,0,0,0,0,0,0.312,0,0,0,0,0,0,0,0,0,0.551,0,0,0,0,0,0,0,0,0,0,0,0,0,0,0.271,0,0,0,0.16,0,0,0,0.224,0,0,0,0,0,0,0,0,0,0,0,0,0,0,0,0,0.289,0,0,0,0,0,0,0.423,0,0,0,0,0.68,0,0,0,0,0,0,0,0,0,0,0,0,0,0,0.176,0.271,0,0,0,0,0,0,0,0,0,0,0,0.175,0.271,0,0,0,0,0,0,0.241,0,0,0.342,0,0,0,0,0,0.197,0,0.271,0,0,0.765,0,0,0,0.348,0.173,0.271,0,0,0,0,0.191,0,0,0,0,0,0,0.346,0,0,0,0.228,0,0,0.219,0,0,0,0,0,0,0.271,0,0,0.512,0,0.181,0,0.448,0,0,0,0,0,0,0,0,0,0,0,0.381,0,0,0,0.809,0,0,0,0,0,0,0,0,0,0,0,0,0,0,0,0,0,0,0,0,0,0,0,0,0,0,0,0,0,0,0,0,0,0,0,0,0,0,0,0,0,0,0,0,0,0,0,0,0,0,0,0,0,0,0,0,0,0,0,0,0,0,0,0,0,0,0,0,0,0,0,0,0,0,0.464,0.842,0,0,0,0,0,0,0,0,0,0,0,0,0,0,0,0.151,0.619,0,0,0.17,0,0,0,0,0,0,0,0,0,0,0,0,0,0.446,0,0,0,0,0,0,0,0,0,0,0,0,0,0.39,0,0.166,0,0,0,0,0,0,0,0,0,0,0,0,0,0,0.841,0,0,0,0,0,0,0,0,0,0,0,0,0,0,0,0,0,0,0,0,0,0,0,0,0,0,0,0,0,0.398,0,0,0,0,0,0,0,0,0,0,0,0,0,0,0,0,0.174,0,0,0,0,0,0.8,0,0,0.248,0,0,0,0,0.181,0,0,0,0,0,0,0,0,0,0,0,0,0,0,0,0,0,0.607,0,0,0,0,0,0.181,0,0,0,0,0,0,0,0,0,0,0,0,0.288,0,0,0.181,0,0.186,0,0,0,0.284,0,0,0,0,0,0,0,0,0,0,0,0,0,0,0,0,0.181,0.717,0,0,0,0,0,0,0,0,0.182,0.167,0,0.168,0,0,0,0,0,0,0,0,0.428,0,0,0,0.16,0,0,0,0,0,0,0.181,0,0,0,0,0,0,0,0,0,0,0,0,0,0,0,0,0,0,0,0,0,0,0.235,0,0,0,0,0,0,0,0,0,0,0,0,0.523,0,0,0,0,0,0,0,0,0,0.486,0,0,0,0,0,0,0,0,0.166,0,0.171,0,0,0,0,0,0,0,0,0,0,0.181,0,0,0.8,0.188,0,0,0,0,0,0,0,0,0,0,0,0,0,0,0,0.158,0,0,0,0,0,0,0,0.155,0,0,0,0,0,0,0,0,0,0,0,0,0,0,0,0,0,0,0,0,0.166,0,0,0,0,0,0,0,0,0,0,0,0,0,0,0,0,0,0,0.436,0,0,0,0.171,0,0.194,0,0,0,0,0,0,0,0,0,0,0,0,0,0,0,0,0,0,0,0,0,0,0,0,0,0,0,0,0,0,0,0,0,0,0,0.213,0,0,0,0.796,0,0,0,0,0,0,0,0,0,0,0,0,0,0,0,0,0,0,0,0,0.181,0,0.234,0,0,0,0,0,0,0,0,0,0,0.163,0,0,0,0,0,0,0,0,0,0,0,0,0,0,0.22,0,0,0,0,0,0,0,0,0,0.194,0,0.174,0,0,0,0,0,0,0,0.189,0,0,0,0,0,0,0,0,0,0,0,0,0,0,0,0,0,0,0,0,0,0,0,0,0,0,0,0,0,0,0,0,0,0,0,0,0,0,0,0,0,0,0,0,0,0,0,0,0,0,0,0,0,0,0,0.386,0,0,0,0,0,0,0,0,0,0,0,0,0,0,0,0,0,0,0,0,0,0.164,0,0,0.553,0,0,0,0,0,0,0,0,0,0,0,0,0,0,0,0,0,0,0,0,0,0,0,0,0,0,0,0,0,0,0,0,0,0,0,0,0.559,0,0.21,0,0,0,0.274,0.161,0,0,0.94,0.464,0,0.167,0.224,0,0.175,0,0,0,0,0,0,0,0.183,0,0,0,0.944,0,0,0,0,0.284,0.389,0,0,0,0,0.239,0,0,0,0.196,0,0,0,0,0,0.578,0.162,0,0,0.254,0,0,0.49,0,0,0.155,0,0,0,0,0.631,0.344,0,0,0,0.707,0,0.51,0,0.235,0.231,0,0,0.22,0,0,0.322,0,0,0,0,0,0,0,0,0.933,0,0.158,0.171,0,0,0.302,0,0.694,0,0,0.405,0.527,0,0,0,0.169,0,0,0,0,0,0,0,0,0,0,0,0,0,0,0,0,0,0,0,0,0,0,0,0,0.153,0,0,0,0,0,0,0,0,0.193,0,0,0,0,0,0,0,0,0,0,0,0,0,0,0,0,0,0,0,0,0,0,0,0,0,0,0,0.279,0,0,0,0,0,0,0,0,0,0,0,0,0,0,0,0,0,0,0,0,0,0,0,0,0,0,0,0,0,0,0,0,0,0,0,0,0,0,0,0,0,0,0,0,0,0,0,0,0,0,0,0,0,0,0,0,0,0,0,0,0,0,0,0,0,0,0,0,0,0,0,0,0,0,0,0,0,0,0,0.664,0,0,0,0,0,0,0,0,0,0,0,0.195,0,0.467,0,0,0,0,0,0.177,0,0,0,0,0,0.655,0,0,0.153,0,0.153,0,0.184,0,0,0,0.264,0,0,0,0,0,0,0.153,0,0,0,0,0,0.511,0,0,0,0,0,0,0,0,0,0.839,0,0.385,0,0,0,0,0,0,0.22,0.209,0,0,0,0,0,0,0,0,0,0,0,0,0,0,0,0,0,0,0,0,0,0,0,0,0,0,0,0,0,0,0,0,0,0,0,0,0,0,0,0,0,0,0,0.159,0.198,0,0,0,0,0,0.227,0,0,0,0,0,0,0.171,0,0,0,0,0,0,0,0,0,0.199,0,0,0,0,0,0.242,0,0.632,0,0.152,0,0,0,0,0,0,0.305,0,0,0,0,0,0.179,0.159,0,0,0.551,0,0,0,0.184,0,0,0.253,0,0,0,0,0,0,0,0,0,0,0.92,0,0,0,0,0,0,0.504,0,0,0,0,0,0,0,0,0,0,0,0,0,0,0,0,0,0,0,0,0,0,0,0,0,0,0,0,0.307,0,0,0,0,0,0,0,0,0,0,0,0,0,0,0,0,0,0,0,0.157,0,0,0,0,0.156,0,0,0,0,0,0,0,0,0,0,0,0,0,0,0,0,0,0,0.168,0,0,0,0.216,0,0,0,0,0.552,0,0,0,0,0,0,0,0,0,0,0,0,0.177,0,0,0,0,0,0,0,0,0,0,0,0,0.182,0,0,0,0,0,0,0,0,0,0,0,0,0.192,0,0.15,0,0.284,0,0,0,0,0,0,0,0,0,0,0,0,0.425,0.354,0,0,0,0,0.219,0.189,0.174,0,0,0,0,0,0,0,0,0,0,0,0,0,0,0,0,0,0,0,0,0,0.315,0,0,0,0,0,0,0,0,0,0,0,0,0,0,0,0,0,0,0,0,0,0,0.203,0,0,0,0,0,0,0,0.304,0,0,0,0,0,0,0,0,0,0,0,0,0.192,0,0,0,0,0,0,0,0,0,0,0,0,0,0,0,0,0,0,0,0,0,0,0,0,0,0,0,0,0,0,0,0,0,0,0,0,0,0,0,0,0,0,0,0,0,0,0,0,0,0,0,0,0,0,0,0,0,0,0,0,0,0,0.166,0.298,0,0,0.188,0.687,0,0,0,0,0,0,0,0,0.91,0,0,0,0,0,0,0,0,0,0,0,0,0,0,0,0,0,0.31,0,0,0,0,0,0,0,0,0,0,0,0,0,0,0,0,0,0,0,0,0,0,0,0,0,0,0,0,0,0,0.442,0,0,0,0,0,0,0.449,0,0,0,0,0,0,0,0,0,0,0,0,0,0,0,0,0,0,0,0,0,0,0,0,0,0,0,0,0,0,0,0,0,0,0,0.575,0,0,0,0,0,0,0,0,0,0,0,0,0,0,0,0,0.443,0,0,0,0,0,0,0,0,0,0,0,0,0,0,0,0,0,0,0,0,0,0,0,0,0,0,0,0,0,0,0.595,0,0,0,0,0,0,0,0,0,0.595,0,0,0,0,0,0,0,0,0,0,0.195,0,0,0,0,0,0,0,0,0,0,0,0,0,0,0,0,0,0,0,0,0,0,0,0,0.194,0,0,0,0,0,0,0,0,0,0.4,0,0,0,0,0,0,0,0,0,0,0,0,0,0,0,0,0,0,0,0,0.2,0,0,0,0,0,0,0,0,0,0,0,0,0,0,0,0,0,0,0,0.192,0,0,0,0,0.369,0,0,0,0.441,0.441,0,0.381,0,0.552,0,0,0,0,0,0,0,0,0,0,0,0,0,0,0,0,0,0,0,0,0,0,0,0,0,0,0,0.22,0.22,0.295,0,0,0,0,0,0,0,0,0,0,0,0,0,0,0,0,0,0,0,0,0,0,0,0,0,0,0,0,0,0,0,0,0,0,0,0,0,0,0,0,0,0,0,0,0,0,0,0,0,0,0,0,0,0,0,0,0,0,0,0,0,0,0,0,0,0,0,0,0.687,0,0,0,0,0,0,0,0,0.735,0.74,0,0,0,0,0,0,0,0,0,0,0,0,0,0,0.68,0,0,0,0,0,0,0,0,0,0,0.165,0,0,0,0,0,0,0,0,0,0,0,0,0,0,0,0,0,0,0,0,0,0,0,0.272,0,0,0,0,0,0,0,0,0,0,0,0,0,0,0,0,0,0,0,0,0,0,0,0,0,0,0,0,0,0,0,0,0,0,0,0,0,0,0,0,0,0.9,0,0.351,0,0,0,0,0,0,0,0,0,0,0,0,0,0,0,0,0,0,0,0,0,0,0,0,0,0,0,0,0,0,0,0,0,0,0,0,0,0,0,0,0,0,0,0,0,0,0,0,0,0,0
853605,0,0,0,0,0,0,0,0,0,0.203,0,0,0,0,0,0,0,0,0.169,0,0,0,0,0,0,0,0,0,0,0,0,0,0,0,0.173,0,0,0,0,0.288,0,0,0,0,0,0,0,0,0,0,0.981,0,0,0,0,0,0,0,0,0,0,0,0,0,0,0,0,0,0,0,0.176,0,0,0,0,0,0,0,0,0,0,0,0,0,0,0,0,0,0,0,0,0,0,0,0,0,0,0,0,0,0,0,0,0,0,0,0,0,0,0,0,0,0,0,0,0,0,0,0,0,0,0,0,0,0,0,0,0,0,0,0,0,0,0,0,0,0,0,0,0,0,0,0.212,0,0,0,0.309,0,0,0,0,0,0,0,0,0,0.652,0,0,0,0,0,0,0,0,0,0,0,0,0,0,0.231,0,0,0,0,0.252,0,0,0,0,0,0,0,0,0,0,0,0,0,0,0,0,0,0,0,0,0,0,0,0,0.262,0,0,0.161,0,0,0,0,0,0,0.551,0,0,0,0,0,0.23,0,0,0,0,0,0,0,0,0,0,0,0,0,0,0,0,0,0.606,0,0,0,0,0,0,0,0,0.152,0,0,0,0,0,0,0,0,0,0,0,0.335,0,0,0,0,0,0,0,0,0,0,0,0,0,0,0,0,0.389,0,0,0,0,0,0,0,0,0,0,0,0,0,0,0,0,0,0,0.206,0,0,0,0,0,0,0,0,0,0,0,0,0.228,0,0,0,0,0,0,0,0,0,0,0,0,0,0,0,0,0,0,0,0,0,0.195,0,0,0,0.721,0,0,0,0.202,0,0,0,0,0,0,0,0,0,0,0.529,0,0,0,0,0,0,0,0,0,0,0,0,0,0,0,0,0,0,0,0,0,0,0,0,0,0,0,0,0,0,0,0,0,0,0,0,0,0,0,0,0,0,0,0,0,0,0,0,0,0,0,0,0,0,0,0,0,0,0,0,0,0,0,0,0,0,0,0,0,0,0,0,0,0.151,0,0,0,0,0,0,0,0,0,0,0,0,0,0,0,0,0,0,0,0,0,0,0,0,0,0,0.22,0,0.193,0,0,0,0.169,0,0,0,0,0,0,0,0,0,0,0.276,0,0,0,0,0,0,0,0,0,0,0,0,0,0,0,0,0,0,0,0,0,0,0,0,0,0,0,0,0,0,0,0,0,0,0,0,0,0,0,0,0,0,0,0,0,0,0,0,0,0,0,0,0,0,0,0,0,0,0,0,0,0,0,0,0,0,0.95,0,0,0,0,0,0,0,0,0,0,0,0,0,0,0,0,0,0,0,0,0,0,0,0,0,0.308,0,0,0,0,0,0,0,0,0,0,0,0,0,0.27,0,0,0,0,0,0,0,0,0,0,0,0,0,0,0,0,0,0,0,0,0,0,0,0,0,0,0,0,0,0,0,0,0,0,0,0.18,0.16,0,0,0,0,0,0,0,0,0,0,0,0,0,0,0,0,0,0,0,0,0,0,0,0,0,0,0,0,0,0,0,0,0,0,0,0,0,0,0,0,0.445,0,0,0,0,0,0,0,0,0,0,0,0,0,0,0,0,0,0,0,0,0,0,0,0,0,0,0,0,0,0,0,0,0,0,0,0,0,0,0.155,0,0,0,0,0,0,0,0,0,0,0,0,0,0,0,0,0,0,0,0,0,0,0,0,0,0,0,0,0,0,0,0,0,0,0,0,0,0,0,0,0,0,0,0,0,0,0,0,0,0.196,0,0,0,0,0,0,0.637,0,0,0,0,0,0,0,0,0,0,0,0,0,0.658,0,0,0,0,0,0,0,0,0,0,0,0,0,0,0,0,0,0,0,0,0,0,0,0,0,0,0,0,0.65,0,0,0,0,0,0,0,0,0,0,0,0,0,0,0,0,0,0,0,0,0,0,0,0,0,0,0,0,0.677,0,0,0,0,0,0,0,0,0,0,0,0.218,0,0,0,0,0,0,0,0,0,0,0,0,0,0,0,0.819,0,0.51,0,0,0,0,0,0,0,0,0,0,0,0,0,0,0,0,0,0,0,0,0,0,0,0,0,0,0,0,0,0,0,0,0,0,0,0,0,0,0,0,0,0,0,0,0,0,0,0,0,0,0,0,0,0,0,0.62,0,0,0,0,0,0,0,0,0,0,0,0,0,0,0.516,0,0,0,0,0,0,0.203,0,0,0,0,0,0,0,0,0,0,0,0,0,0,0,0,0,0,0.157,0,0.184,0,0,0,0,0,0,0,0,0,0,0,0,0,0,0,0,0,0,0,0,0,0,0,0,0,0,0,0,0,0,0,0,0,0,0,0,0,0,0,0,0,0,0,0,0,0,0,0,0,0,0,0,0,0,0,0,0,0,0,0,0,0,0,0,0,0,0,0,0,0,0,0,0,0,0,0,0,0,0,0,0,0,0.315,0,0,0,0,0,0,0,0,0,0,0,0,0,0,0,0,0,0,0,0.184,0,0,0,0.199,0,0,0,0,0,0,0,0,0,0,0,0,0,0,0,0,0,0,0,0,0,0,0,0,0,0,0,0,0.243,0,0,0,0,0.551,0,0,0,0.209,0,0,0,0.206,0,0,0,0,0,0.207,0,0.207,0,0,0,0,0,0.396,0,0,0,0,0,0,0,0,0,0.57,0,0,0,0,0,0,0,0,0,0,0,0,0,0,0.171,0,0,0,0,0,0,0,0,0,0,0.185,0,0,0,0.202,0,0,0,0,0,0,0,0,0.442,0.239,0,0,0,0,0,0,0,0,0,0,0,0,0,0,0,0,0,0,0,0,0,0,0,0,0,0,0,0,0,0,0,0,0,0,0,0,0,0,0,0,0,0.557,0,0,0,0,0,0,0,0,0,0,0,0,0,0,0.657,0,0,0,0,0,0,0,0,0,0,0.165,0,0.158,0,0,0,0,0,0,0,0,0,0.808,0.172,0,0,0,0,0.305,0,0,0,0,0,0.297,0,0,0,0,0,0,0.196,0,0,0,0.594,0.199,0,0,0,0,0,0,0,0,0,0,0,0,0,0,0,0,0,0,0,0,0,0,0.221,0,0,0,0,0,0,0,0,0.22,0,0,0,0,0,0,0,0,0,0,0.164,0,0.206,0,0.184,0,0,0,0,0,0.198,0,0,0,0.421,0,0,0,0,0.198,0,0,0,0,0,0,0,0,0,0,0,0,0,0,0,0,0,0,0.238,0,0,0,0.275,0.61,0,0,0,0,0,0.273,0.233,0,0,0.155,0.387,0,0,0.726,0,0,0,0,0,0,0,0.161,0,0,0,0,0,0.852,0,0,0,0,0,0,0,0,0,0,0,0,0,0,0,0,0,0,0,0,0,0,0,0,0,0,0,0.179,0.237,0,0,0.362,0,0,0,0,0,0,0,0,0,0.199,0,0,0,0.201,0,0,0,0,0.15,0,0,0.483,0,0,0,0.617,0,0,0,0,0,0,0,0,0,0,0,0,0,0,0,0,0.588,0,0,0,0,0,0,0,0.394,0,0,0,0,0,0,0,0,0,0,0,0,0.18,0,0,0,0,0,0,0,0,0,0,0,0,0,0,0,0,0.186,0,0.467,0.198,0.999,0,0,0.694,0,0,0,0,0,0,0,0,0,0,0,0,0,0,0,0,0,0,0,0,0,0,0,0,0,0,0,0,0,0,0,0,0,0,0,0,0,0,0,0,0,0,0,0,0,0,0.999,0,0,0,0,0,0.173,0,0,0,0,0,0,0,0,0,0,0,0,0,0,0,0,0.2,0,0,0,0,0,0,0.173,0,0,0,0,0,0,0,0,0,0,0,0,0,0,0,0,0,0,0,0,0,0,0,0,0,0,0,0,0,0,0,0,0,0,0,0,0,0,0,0,0,0,0,0,0,0,0,0,0,0,0,0,0,0,0,0,0,0,0,0,0,0,0,0,0,0,0,0,0,0,0,0,0,0.166,0.307,0,0,0,0,0,0,0,0,0,0,0,0,0,0,0,0,0,0,0,0,0,0,0.233,0,0,0,0,0,0,0,0,0,0,0,0,0,0,0,0,0,0,0,0,0,0,0.203,0,0,0,0,0,0,0,0,0,0,0,0,0,0,0,0,0,0,0,0,0,0,0,0,0,0,0,0,0,0,0,0,0,0,0,0,0,0,0,0.191,0,0,0,0,0,0,0,0,0,0,0,0,0,0,0,0,0,0,0,0,0,0,0,0,0,0,0,0.17,0,0,0,0,0,0,0,0,0,0,0,0,0,0,0,0,0,0,0,0,0,0,0,0,0,0,0,0,0,0,0,0,0,0,0,0,0,0,0,0,0,0,0,0,0,0,0,0,0,0,0,0,0,0,0,0,0,0,0,0,0,0,0,0,0,0,0,0,0,0,0,0,0,0,0,0,0,0,0,0.186,0,0.207,0,0,0,0,0,0,0,0,0,0,0,0,0,0,0,0,0,0,0,0,0,0,0,0,0,0,0,0,0,0,0,0,0,0,0,0,0,0,0,0,0,0,0,0,0,0,0,0,0,0,0,0,0,0,0.152,0,0,0,0,0,0,0,0,0,0,0,0,0,0,0,0,0,0,0,0,0,0.205,0,0,0,0,0,0,0,0,0,0,0,0,0,0,0,0,0,0,0,0,0,0,0,0,0,0,0,0,0,0,0,0,0,0,0,0,0,0,0,0,0,0,0,0,0,0,0,0,0,0,0,0,0,0,0,0,0,0,0,0,0,0,0,0,0,0,0,0,0,0,0,0,0,0,0,0,0,0,0,0,0,0,0,0,0,0,0,0,0,0,0,0,0,0,0,0,0,0,0,0,0,0,0,0,0,0,0,0,0,0,0,0,0,0,0,0,0,0,0.174,0,0,0,0,0,0.222,0,0,0,0,0,0,0,0,0,0,0,0,0,0,0,0,0,0,0,0,0,0,0,0,0,0,0,0,0,0,0,0,0,0,0,0,0,0,0,0,0,0,0,0,0.168,0,0,0,0,0,0,0,0,0,0,0,0,0,0,0,0,0,0,0,0,0,0,0,0,0,0,0,0,0,0,0,0,0,0,0,0.163,0,0,0,0,0,0,0,0,0,0,0,0,0,0,0,0,0,0,0,0,0,0,0,0,0,0,0,0,0,0,0,0,0,0,0,0,0,0,0,0,0,0,0,0,0,0,0,0,0,0,0,0,0,0,0,0,0,0,0,0,0,0,0,0,0,0,0,0,0,0,0,0,0,0,0,0,0,0,0,0,0,0,0,0,0,0,0,0,0,0,0,0,0,0,0,0,0,0,0,0,0,0,0,0,0,0,0,0,0,0,0,0,0,0,0,0,0,0,0,0,0,0,0,0,0,0,0,0,0,0,0,0,0,0,0,0,0,0.299,0,0,0,0,0,0,0,0,0,0,0,0,0,0,0,0,0,0,0,0,0,0,0,0,0,0,0,0,0,0,0,0,0.299,0,0,0,0,0,0,0,0,0,0,0,0,0,0,0,0,0,0,0,0,0,0,0,0,0,0,0,0,0,0,0,0,0,0,0,0,0,0,0,0,0,0,0,0,0,0,0,0,0,0,0,0,0,0,0,0,0,0,0,0,0,0,0,0,0,0,0,0,0,0,0,0,0,0,0,0,0,0,0,0,0,0,0,0,0,0,0,0,0,0,0,0,0,0,0,0,0,0,0,0,0.215,0,0,0,0,0,0,0,0,0,0,0,0,0,0,0,0,0,0,0,0,0,0,0,0,0,0,0,0,0,0,0,0,0,0,0,0,0,0,0,0,0,0,0,0,0,0,0,0,0,0,0,0,0,0,0,0,0,0,0,0,0,0,0,0,0,0,0,0,0,0,0,0,0,0,0,0,0,0,0,0,0,0,0,0,0,0,0,0,0,0,0,0,0,0,0,0,0,0,0,0,0,0,0,0,0,0,0,0,0,0,0,0,0,0,0,0,0,0,0,0,0,0,0,0,0,0,0,0,0,0,0,0,0,0,0,0,0,0,0,0,0,0,0,0,0,0,0,0,0,0,0,0,0,0,0,0,0,0,0,0,0,0,0,0,0,0,0,0,0,0,0,0,0,0,0,0,0,0,0,0,0,0,0,0,0,0,0.324,0,0,0,0,0,0,0,0,0,0,0,0,0,0,0,0,0,0,0,0.175,0,0,0,0,0,0,0,0,0,0,0,0,0,0,0,0.221,0,0,0,0,0,0,0,0,0,0,0,0,0,0,0,0,0,0,0,0,0,0.193,0,0,0,0,0,0,0,0,0,0,0,0,0.999,0,0,0,0,0,0,0,0,0,0,0.196,0,0,0,0.188,0,0,0,0,0,0,0.229,0,0,0,0,0,0,0,0,0,0,0,0,0,0,0,0,0,0,0,0,0,0,0,0,0,0,0.357,0,0,0,0,0,0,0,0,0,0,0,0,0,0,0,0,0,0,0,0,0,0,0,0,0,0,0,0,0,0,0,0,0,0.23,0,0,0,0,0,0,0,0,0,0,0,0,0,0,0,0,0,0,0,0,0,0,0,0,0,0,0,0,0,0,0,0,0,0,0,0,0,0,0,0,0,0,0,0,0,0,0,0,0,0,0,0,0,0,0,0,0,0,0,0,0,0,0,0,0,0,0,0,0,0,0,0,0,0,0,0,0,0,0,0,0,0,0,0,0,0,0,0,0,0,0,0,0,0,0,0,0,0,0,0,0,0,0,0,0,0,0,0,0,0,0,0,0,0,0,0,0,0,0,0,0,0,0,0,0,0,0,0,0,0,0,0,0,0,0,0,0,0,0,0,0,0,0,0,0,0,0,0,0,0,0,0,0,0,0,0,0,0.192,0,0,0,0,0,0,0,0,0,0,0,0,0,0,0,0,0,0,0,0,0,0,0,0,0,0,0,0,0,0,0,0,0,0,0,0,0,0,0,0,0,0,0,0,0,0,0,0,0,0,0,0,0,0,0,0,0,0,0,0,0,0,0,0,0,0,0,0,0,0,0,0,0,0,0,0,0,0,0,0,0,0,0,0,0,0,0,0,0,0,0,0,0,0,0,0,0,0,0,0,0,0,0,0,0,0,0,0,0,0,0,0,0,0,0,0,0,0,0,0,0,0,0,0,0,0,0,0,0,0,0,0,0,0,0,0,0,0,0,0,0,0,0,0,0,0,0,0,0,0,0,0,0,0,0,0,0,0.219,0,0,0,0,0.735,0,0,0,0,0,0,0,0,0,0,0,0,0,0,0,0,0,0,0,0,0,0,0,0,0,0,0,0,0,0,0,0,0,0,0,0,0,0,0,0,0,0,0,0,0,0,0,0,0,0,0,0,0,0,0,0,0,0,0,0,0,0,0,0,0,0,0,0,0,0,0,0,0,0,0,0,0,0,0,0,0,0,0,0,0,0,0,0,0,0,0,0,0,0,0,0,0,0,0,0,0,0,0,0,0,0,0,0,0,0,0,0,0,0,0,0,0,0,0,0,0,0,0,0,0,0,0,0,0,0,0,0,0,0,0,0,0,0,0,0,0,0,0,0,0,0,0,0,0,0,0,0,0,0,0,0,0,0,0,0,0,0,0,0,0.581,0,0,0,0,0,0,0,0,0,0,0,0,0,0,0,0,0,0,0,0,0,0,0,0,0,0,0.204,0,0,0,0,0,0,0,0,0,0,0,0,0,0,0,0,0,0,0,0,0,0,0,0,0,0,0,0,0,0,0,0,0,0,0.189,0,0,0.313,0,0,0,0,0,0,0,0,0,0,0,0,0,0,0,0,0,0,0,0,0,0,0,0,0,0,0,0,0,0,0,0,0,0,0,0,0,0,0,0,0,0,0,0,0,0,0,0,0,0,0,0,0,0,0,0,0,0,0,0,0,0,0,0,0,0,0,0,0,0,0,0,0,0,0,0,0,0,0,0,0,0,0,0,0,0,0,0,0,0,0,0,0,0,0,0,0,0,0,0,0,0,0,0,0,0.203,0,0,0,0,0,0,0,0,0,0,0,0,0,0,0,0,0,0,0,0,0,0,0,0,0,0,0,0,0,0,0,0,0,0,0,0,0,0,0,0,0,0,0,0,0,0.266,0,0,0,0,0,0,0,0,0,0,0,0,0,0,0,0,0.309,0,0,0,0,0,0,0,0,0,0,0,0,0,0,0,0,0,0,0,0,0,0,0,0,0,0,0,0,0.394,0,0,0,0,0,0,0,0,0,0,0,0,0,0,0,0,0,0,0,0,0,0,0,0,0,0,0,0,0,0,0,0,0,0,0,0,0,0,0,0,0,0,0,0,0,0,0,0,0,0,0,0,0,0,0,0,0,0,0,0,0,0,0,0,0,0,0,0,0,0,0,0,0,0,0,0,0,0,0,0,0,0,0,0,0,0,0,0,0,0,0,0,0,0,0,0,0,0,0,0,0,0,0,0,0,0,0,0,0,0,0,0,0,0,0,0,0,0,0,0,0,0,0,0,0,0,0,0,0,0,0,0,0.199,0,0,0,0,0,0,0,0,0,0,0,0,0,0,0,0,0,0,0,0,0,0.215,0,0,0,0,0,0,0,0,0,0,0,0,0,0,0,0,0,0,0,0,0,0,0,0,0,0,0,0,0,0,0,0,0,0,0,0,0,0,0,0,0,0,0,0,0,0,0,0,0,0,0,0,0,0,0,0,0,0,0,0,0,0,0,0,0,0,0,0,0,0,0,0,0,0.192,0,0,0,0,0,0,0,0,0,0,0,0,0,0,0,0,0,0,0,0,0,0,0,0,0,0,0,0,0,0,0,0,0,0,0,0,0,0,0,0,0,0,0,0,0,0.598,0,0,0,0,0,0,0,0,0,0,0,0,0,0,0,0,0,0,0,0,0,0.185,0,0,0,0,0,0,0,0,0,0,0,0.672,0,0,0,0,0,0,0,0,0,0,0,0,0,0,0,0,0,0,0,0,0,0,0,0,0,0,0,0,0,0,0,0,0,0,0,0,0,0,0,0,0,0,0,0,0,0,0,0,0,0,0,0,0,0,0,0,0,0,0,0,0,0,0,0,0,0,0,0,0,0,0,0,0,0,0,0,0,0.25,0,0,0,0,0,0,0,0,0,0,0,0,0,0,0,0,0,0,0,0,0,0,0,0.23,0,0,0,0,0,0,0,0,0,0,0,0,0,0,0,0,0,0,0,0,0,0,0,0,0,0,0,0,0,0,0,0,0,0,0,0,0,0,0,0,0,0,0,0,0,0,0,0,0,0,0,0,0,0,0,0,0,0,0,0,0,0,0,0,0,0,0,0,0,0,0,0,0,0,0,0,0,0,0,0,0,0,0,0,0,0,0,0,0,0,0,0,0,0,0,0,0,0,0,0,0,0,0,0,0,0,0,0,0,0,0,0,0,0,0,0,0,0,0,0,0,0,0,0,0,0,0,0,0,0,0,0,0,0,0,0,0,0,0,0,0,0,0,0,0,0,0,0,0,0,0,0,0,0,0,0,0,0,0,0,0,0,0,0,0,0,0,0,0,0,0,0,0,0,0,0,0,0,0,0,0,0,0,0,0,0,0,0,0,0,0,0,0,0,0,0,0,0,0,0,0,0,0,0,0,0,0,0,0,0,0,0,0,0,0,0,0,0,0,0,0,0,0,0,0,0,0,0,0,0,0,0,0,0,0,0,0,0,0,0,0,0,0,0,0,0.293,0,0,0,0,0,0,0,0,0,0,0,0,0,0,0,0,0,0,0,0,0.173,0,0,0,0,0,0,0,0,0,0,0,0,0,0,0,0,0,0,0,0,0.156,0,0,0,0,0,0,0,0,0,0,0,0,0,0,0,0,0,0,0,0,0,0,0,0,0,0,0,0,0,0,0,0,0,0,0,0,0.22,0,0,0,0,0,0,0,0,0,0,0,0,0,0,0,0,0.191,0,0,0,0,0,0,0,0,0,0,0,0,0,0,0,0,0,0,0,0,0,0.522,0,0,0,0,0,0,0,0,0
854815,0,0.274,0,0,0,0,0,0,0,0.187,0.468,0.157,0.706,0,0,0,0,0,0,0,0,0,0,0,0.269,0,0,0,0,0,0,0,0.511,0.15,0,0.374,0,0,0,0.541,0,0.973,0.368,0,0,0,0,0,0,0,0,0,0,0,0,0,0,0,0,0,0.28,0,0,0,0.767,0.974,0,0.972,0.822,0,0.633,0.907,0,0,0,0,0.244,0,0,0.761,0,0,0.363,0,0,0.28,0.943,0,0,0,0,0.577,0,0,0.274,0,0.919,0.317,0,0,0,0.291,0,0,0,0,0.28,0,0,0,0,0,0,0,0.747,0.332,0,0,0,0,0,0.284,0,0,0,0.42,0,0,0,0,0,0,0,0,0,0.915,0,0,0,0,0,0,0,0,0,0,0,0,0.663,0.494,0,0,0,0,0,0.187,0,0.193,0.662,0,0,0.394,0,0.212,0,0,0,0.232,0,0,0.228,0,0,0,0,0.178,0,0,0,0.188,0,0,0,0,0,0,0,0,0,0,0,0,0,0,0.226,0,0,0,0,0,0,0,0,0,0,0,0,0,0,0,0,0,0,0,0,0,0,0,0,0,0,0,0,0,0,0,0.398,0,0,0,0,0,0,0,0,0,0,0,0,0,0,0,0,0,0,0,0,0,0,0,0,0,0,0,0,0,0,0,0,0,0,0,0,0,0,0,0,0,0,0,0,0,0,0,0,0,0,0,0,0,0,0.29,0,0,0,0,0,0,0,0,0,0.194,0,0,0,0,0,0,0,0,0,0,0,0,0,0,0,0,0,0,0,0,0,0,0,0,0,0,0,0.239,0,0,0,0,0,0,0,0,0.155,0,0,0,0,0,0,0,0,0,0,0,0,0,0,0,0,0,0,0,0,0.488,0,0,0,0,0,0,0,0,0,0,0,0,0,0,0,0,0,0,0,0,0,0,0,0,0,0,0,0,0,0,0,0,0.328,0,0.344,0,0,0,0,0,0,0,0,0,0,0,0,0,0,0,0,0,0,0,0,0,0,0,0,0,0,0,0,0,0,0,0,0,0,0,0,0,0,0,0,0,0,0,0,0,0,0,0,0,0,0,0,0,0,0,0,0,0,0,0,0,0,0,0,0,0,0,0,0,0,0,0,0,0,0,0,0,0,0,0,0,0,0.304,0,0.174,0,0,0,0,0,0,0,0.165,0,0,0,0,0,0,0,0,0,0,0,0,0,0,0,0,0,0,0,0,0,0,0,0,0,0,0,0,0,0,0,0,0,0,0,0,0,0,0,0,0,0,0,0,0,0,0,0,0,0,0,0,0,0,0,0,0,0,0,0,0,0,0,0,0,0,0,0,0,0,0,0,0,0,0.154,0,0,0,0,0,0,0,0,0,0,0,0,0,0,0,0,0,0,0,0,0,0,0,0,0,0,0,0,0,0,0,0,0,0,0,0,0,0,0,0,0,0,0,0,0,0,0,0,0,0,0,0,0,0,0,0,0,0,0,0,0,0,0,0,0,0,0,0,0,0,0,0,0,0,0,0,0,0,0,0.299,0,0,0,0,0,0,0,0,0,0,0,0,0,0,0,0,0,0,0,0,0,0,0,0,0,0,0,0,0,0,0,0,0,0,0,0,0,0,0,0,0,0,0,0,0,0,0,0,0,0,0,0,0,0,0,0,0,0,0,0,0,0,0,0,0,0,0,0,0,0,0,0,0,0,0,0,0,0,0,0,0,0,0,0,0,0,0,0,0,0,0,0,0,0,0,0,0,0,0.281,0,0,0,0,0,0,0,0,0,0,0,0,0,0,0,0,0,0,0,0,0,0,0,0,0.306,0,0,0,0,0,0,0,0,0,0,0,0,0,0,0,0,0,0,0,0,0,0,0,0,0,0,0,0,0,0,0,0,0,0,0,0,0,0,0,0,0,0,0,0,0,0,0,0,0,0,0,0,0,0,0,0,0,0,0,0,0,0,0,0,0,0,0,0,0,0,0,0,0,0,0,0,0,0,0,0,0,0,0,0,0,0,0,0,0,0,0,0.513,0,0,0,0,0,0,0,0,0,0,0,0,0,0,0,0,0,0,0,0,0,0,0,0,0,0,0,0,0,0,0,0,0,0,0,0,0,0,0,0,0,0,0,0,0,0,0,0,0,0,0,0,0,0,0,0,0,0,0,0,0,0,0.152,0,0,0,0,0,0,0,0,0,0,0,0,0,0,0,0,0,0,0,0,0,0,0,0,0,0,0,0,0,0,0,0,0,0,0,0,0,0,0,0,0,0,0,0,0,0,0,0,0,0,0,0,0,0,0,0,0,0,0,0,0,0,0,0,0,0.952,0,0,0,0,0,0,0,0,0,0,0,0,0,0,0,0,0,0.952,0,0,0,0,0,0,0,0,0,0,0,0,0.6,0,0,0,0,0,0,0,0,0,0,0,0,0,0,0,0,0,0,0,0,0,0,0.199,0,0,0,0,0,0,0,0,0,0,0,0,0,0,0,0,0,0,0,0,0,0,0,0,0,0.398,0,0,0,0,0,0,0.216,0,0,0,0.161,0,0,0,0,0,0,0,0,0,0,0,0,0,0,0,0,0,0,0,0,0,0,0,0,0,0,0,0,0,0,0,0,0,0,0,0.19,0,0,0,0,0,0,0,0,0,0,0,0,0,0,0,0,0,0,0,0,0,0.194,0,0,0,0,0,0,0.171,0,0,0,0.155,0,0.467,0,0,0,0,0,0,0,0,0,0,0,0,0,0,0,0,0,0,0,0,0,0,0,0,0,0,0,0,0,0.193,0,0,0,0,0,0,0,0,0,0,0,0,0,0,0,0,0,0,0,0,0,0,0,0,0,0,0,0,0,0,0,0,0,0.541,0,0,0,0,0,0,0,0,0,0,0,0,0,0,0,0,0,0,0,0,0,0,0,0,0,0,0,0,0,0,0,0,0,0,0,0,0,0,0,0,0.907,0,0,0,0,0,0,0,0,0,0,0,0,0,0,0,0,0,0,0,0,0,0,0,0,0,0,0,0,0,0,0,0,0,0,0,0,0,0,0,0,0,0,0,0,0,0,0,0,0,0,0,0,0,0,0,0,0.18,0,0.48,0,0,0,0,0,0,0,0,0,0,0,0,0,0,0,0,0,0,0,0,0,0.225,0,0,0,0,0,0,0,0,0,0,0,0,0,0,0,0,0,0,0,0,0,0,0,0,0,0,0,0,0,0,0,0,0,0,0,0,0,0,0,0,0,0,0,0,0,0,0,0,0,0,0,0,0,0.198,0,0,0.246,0,0.413,0,0,0,0,0,0,0,0,0,0,0,0,0,0,0,0,0,0,0,0,0,0,0.579,0,0,0,0,0,0,0,0,0,0,0,0,0,0,0,0,0,0,0,0,0,0,0,0,0,0,0,0,0,0,0,0,0,0,0,0,0,0,0,0,0,0,0,0,0,0,0,0,0,0,0,0,0,0,0,0,0,0,0,0,0,0,0,0,0,0,0,0,0,0,0,0,0,0,0,0,0,0,0,0,0,0,0,0,0,0,0,0,0.191,0,0,0,0,0,0,0,0,0,0,0,0,0,0,0,0,0,0,0,0,0,0,0,0,0,0,0,0,0,0,0,0,0,0,0,0,0,0,0,0,0,0,0,0,0,0,0,0,0,0,0,0,0,0,0,0,0,0,0,0,0,0,0,0,0,0,0,0,0,0,0.165,0.2,0,0,0,0,0,0,0,0,0,0,0,0,0.204,0,0,0,0,0,0,0,0,0,0,0,0,0,0,0,0,0.344,0.201,0,0,0,0,0,0,0,0.265,0,0.3,0,0,0,0,0.166,0,0,0,0,0,0,0,0,0,0,0,0,0,0,0,0,0,0,0,0,0,0,0,0,0,0,0,0,0,0,0,0,0.208,0,0,0,0.202,0,0,0,0.238,0,0,0,0,0,0,0,0,0,0,0,0,0,0,0,0,0,0,0,0,0,0,0,0,0,0,0,0,0,0,0,0,0,0,0.154,0,0,0,0,0.166,0,0,0,0,0,0,0,0,0,0,0,0,0,0,0,0,0,0,0,0,0,0,0,0,0,0,0,0,0,0,0,0,0,0,0,0,0,0,0,0,0,0.307,0,0,0,0,0,0,0,0,0,0,0,0,0,0,0,0.202,0,0,0,0,0,0,0,0,0,0,0.235,0,0,0,0,0,0,0,0,0,0,0,0,0,0,0,0,0,0,0,0,0,0,0,0,0,0,0,0,0,0,0,0.242,0,0,0,0,0,0.18,0,0,0,0.56,0,0,0,0,0,0,0,0,0,0,0,0,0,0,0,0,0,0,0,0,0,0,0,0,0,0,0,0,0,0,0,0,0,0,0,0,0,0,0,0,0,0.185,0,0,0,0,0,0,0,0,0,0,0,0,0,0,0,0,0,0,0,0,0,0,0,0,0,0,0,0,0,0,0,0,0,0,0,0,0,0,0,0,0,0,0,0,0,0,0,0,0,0,0,0,0,0,0,0,0,0,0.306,0,0,0,0,0,0,0,0,0,0,0,0,0.247,0,0,0,0,0,0,0,0,0,0,0,0,0,0,0,0,0,0,0,0,0,0,0,0,0,0,0,0,0.193,0,0,0,0,0.188,0,0,0,0,0,0,0,0,0,0,0,0,0,0,0,0,0,0,0,0,0,0,0,0,0,0,0,0,0,0,0,0,0,0,0,0,0,0,0.163,0,0,0,0,0,0,0,0.16,0,0,0,0,0,0,0,0,0,0,0,0,0,0,0,0,0,0,0,0,0,0,0,0,0,0.199,0,0,0,0,0,0,0,0,0,0,0,0,0,0,0,0,0,0,0,0,0,0,0,0,0,0,0,0,0,0,0,0,0,0,0,0,0,0,0,0,0,0,0,0,0,0,0,0,0,0,0,0,0,0,0,0,0,0,0,0,0,0,0,0,0,0.185,0,0,0,0,0,0,0,0,0,0,0,0,0,0,0.199,0,0,0,0,0,0,0,0,0,0.587,0,0,0,0,0,0,0,0,0,0,0,0,0,0,0,0,0,0,0,0,0,0,0,0,0,0,0,0,0,0,0,0,0,0,0,0,0,0,0,0,0,0,0,0,0,0,0,0,0,0,0,0,0,0,0,0,0,0,0,0,0,0,0,0,0,0,0,0,0,0,0,0,0,0,0,0,0,0,0,0,0,0,0,0,0,0,0,0,0,0,0,0,0,0,0,0,0,0,0,0,0,0,0,0,0,0,0,0,0,0,0,0,0,0,0,0,0,0.151,0,0,0,0,0,0,0,0,0,0,0,0,0,0,0,0,0,0,0,0,0,0,0,0,0,0,0,0,0,0,0,0,0,0,0,0,0,0,0,0,0,0,0,0,0,0,0,0,0,0.719,0,0,0,0,0,0,0,0,0,0,0,0,0,0,0,0,0,0,0,0,0,0,0,0,0,0,0,0,0,0,0,0,0,0,0,0,0,0,0,0,0,0,0,0,0,0,0,0,0,0,0,0,0,0,0,0,0,0,0,0,0,0,0,0,0,0.583,0,0,0,0,0,0,0,0,0,0,0,0,0,0,0,0,0,0,0,0,0,0,0,0,0,0,0,0,0,0,0,0,0,0,0.283,0,0,0,0,0,0,0,0,0,0,0,0,0,0,0,0,0,0,0,0,0.171,0.92,0,0,0.914,0.565,0,0,0.263,0.236,0,0,0,0,0,0,0,0,0.538,0,0,0,0,0,0.79,0.907,0,0,0,0.226,0.613,0,0,0,0,0,0,0,0,0,0.449,0,0,0.28,0,0,0.161,0.792,0,0.8,0,0,0.166,0,0,0.191,0,0,0,0,0,0,0.194,0,0,0,0,0,0,0,0,0,0,0,0,0,0,0.408,0,0.191,0,0,0,0,0,0,0.83,0,0,0,0,0,0,0,0,0,0.397,0.27,0,0,0,0,0,0,0,0.47,0,0,0.181,0,0,0.459,0,0.169,0.584,0,0,0,0.178,0,0,0,0.338,0,0.327,0,0,0,0,0,0,0.181,0,0,0,0,0,0.371,0,0.309,0,0.337,0,0,0,0,0,0,0,0,0.554,0.788,0,0.482,0.264,0,0,0,0,0,0,0,0,0,0,0,0.33,0,0,0,0,0,0,0,0,0,0,0,0,0,0,0,0,0,0,0,0,0,0,0.617,0,0,0,0,0,0,0,0,0,0,0,0,0,0,0,0,0,0,0,0,0,0,0,0,0,0,0,0,0,0,0,0,0,0,0,0,0,0,0,0,0,0,0,0,0,0,0,0,0,0,0,0,0,0,0,0,0,0,0,0,0,0.321,0,0,0,0,0,0,0,0,0,0,0,0,0,0,0,0,0,0,0,0,0,0,0,0,0,0,0,0,0,0,0,0,0,0,0,0,0,0,0,0,0,0,0,0,0,0,0,0,0,0,0,0,0,0,0,0,0,0.449,0,0,0,0,0,0,0,0,0,0,0,0,0,0,0,0,0,0,0,0,0,0,0,0,0,0,0,0,0,0,0,0,0,0,0,0,0,0,0,0,0,0,0,0,0,0,0,0,0,0,0,0,0,0,0,0,0,0,0,0,0,0,0,0,0,0,0,0,0,0,0,0,0,0,0,0,0,0,0,0,0,0,0,0,0,0,0,0,0,0,0,0,0,0,0,0,0,0,0,0,0,0,0,0,0.166,0,0,0,0,0,0,0,0,0,0,0,0,0,0,0,0,0,0,0,0,0,0,0,0,0,0,0,0,0,0,0,0,0,0,0,0,0,0,0,0,0,0,0,0,0,0,0,0,0,0,0,0,0,0,0,0,0,0,0,0,0,0,0,0,0,0,0,0,0,0,0,0,0,0,0,0,0,0,0,0,0,0,0,0,0,0,0,0,0,0,0,0,0,0,0,0,0,0,0,0,0,0,0,0,0,0,0,0,0,0,0,0,0,0,0,0,0,0,0,0,0,0,0,0,0,0,0,0,0,0,0,0,0,0,0,0,0,0,0,0,0,0,0,0,0,0,0,0,0,0,0,0,0,0,0,0,0,0,0,0,0,0,0,0,0,0,0,0,0,0,0,0,0,0,0,0,0,0,0,0,0,0,0,0,0,0,0,0,0,0,0,0,0,0,0,0.684,0,0,0,0,0,0,0,0,0,0,0,0,0,0,0,0,0,0,0,0,0,0,0,0,0,0,0,0,0,0,0,0,0,0,0,0,0,0,0,0,0,0,0,0,0,0,0,0,0,0,0,0,0,0,0,0,0,0,0,0,0,0,0,0,0,0,0,0,0,0,0,0,0,0,0,0,0,0,0,0,0,0,0,0,0,0,0,0,0,0,0,0,0,0,0,0,0,0,0,0,0,0,0,0,0,0,0,0,0,0,0,0,0,0,0,0,0,0,0,0,0,0,0,0,0,0,0,0,0.954,0,0,0,0,0,0,0,0,0,0,0,0,0.16,0.268,0,0,0,0,0,0,0,0,0,0,0,0,0,0,0,0,0,0,0,0,0,0,0,0,0,0,0,0,0,0,0,0,0,0,0,0,0,0,0.612,0,0,0,0,0,0,0,0,0,0,0,0,0,0,0,0,0,0,0,0,0,0,0,0,0,0.356,0,0,0,0,0,0,0,0,0,0,0,0,0,0,0,0,0,0,0,0,0,0,0,0,0,0,0,0,0,0,0,0,0,0,0,0,0,0,0,0,0,0,0,0,0,0,0,0,0,0,0,0,0,0,0,0,0,0,0,0,0,0,0,0,0,0,0,0,0,0,0,0,0,0,0,0,0,0,0,0,0,0,0,0,0,0,0,0,0,0,0,0.377,0,0,0,0,0,0,0,0,0,0,0,0,0,0,0,0,0,0,0,0,0,0,0,0,0,0,0,0,0,0,0,0,0,0,0,0,0,0,0,0,0,0,0,0,0,0,0,0,0,0,0,0.152,0,0,0,0,0,0,0,0,0,0,0,0,0,0,0,0,0,0,0,0,0,0,0,0,0,0,0,0,0,0,0,0,0,0,0,0,0,0,0,0,0,0,0,0,0,0,0,0,0,0,0,0,0.194,0,0,0,0,0,0,0,0,0,0,0,0,0,0,0,0,0,0,0,0,0,0,0,0,0,0,0,0,0,0,0,0,0,0,0,0,0.194,0,0,0,0,0.167,0,0,0,0,0,0,0,0,0,0,0,0,0,0,0,0,0,0,0,0,0,0,0,0,0,0,0,0,0.191,0,0,0,0,0,0,0,0,0,0,0,0,0,0,0,0,0,0,0,0,0,0,0,0,0,0,0,0,0,0,0,0,0,0,0,0,0,0,0,0,0,0,0,0,0,0,0,0,0,0,0,0,0,0,0,0,0,0,0,0,0,0,0,0,0,0,0.201,0,0,0,0,0,0,0,0,0,0,0,0,0,0,0,0,0,0,0,0,0,0,0,0,0,0,0,0,0.158,0,0,0,0.925,0,0,0,0,0,0,0,0,0,0,0,0,0,0,0,0,0,0,0,0,0,0,0,0,0,0,0,0,0,0,0,0,0,0,0,0,0,0,0,0,0,0,0,0,0,0,0,0,0,0,0,0,0,0,0,0,0,0,0,0,0,0,0,0,0,0,0,0,0,0,0,0,0,0,0,0,0,0,0,0,0,0,0,0,0,0,0,0,0,0,0,0,0,0,0,0,0,0,0,0,0,0,0,0,0,0,0,0,0,0,0,0,0,0,0,0,0,0,0,0,0,0,0,0,0,0,0,0,0,0,0,0,0,0,0,0,0,0,0,0,0,0,0,0,0,0,0,0,0,0,0,0,0,0,0,0,0,0,0,0,0,0,0,0.552,0,0,0,0,0,0,0,0.213,0,0,0,0,0,0,0,0,0,0,0,0,0,0,0,0,0,0,0,0,0,0,0,0,0,0,0,0,0,0,0,0,0,0,0,0,0,0,0,0,0.339,0,0,0,0,0,0,0,0,0,0,0,0,0,0,0.165,0,0,0,0,0,0,0,0,0,0,0,0,0,0,0,0,0,0,0,0,0,0,0,0.169,0,0,0,0,0,0,0,0.157,0,0,0,0,0,0,0,0,0,0,0,0,0,0,0,0,0,0,0,0,0,0,0,0,0,0,0,0,0,0,0,0,0,0,0,0,0,0,0,0.556,0,0,0,0,0,0,0,0,0,0,0,0,0,0,0,0,0,0,0,0,0.26,0,0,0,0,0,0,0,0,0,0,0,0,0,0,0,0,0,0,0,0,0,0,0,0,0,0,0,0,0,0,0,0,0,0,0,0,0,0,0,0,0,0,0,0,0,0,0,0,0,0,0,0,0,0,0,0,0,0,0,0,0,0,0,0,0,0,0,0,0,0,0,0,0,0.165,0,0,0,0,0,0,0,0,0,0,0,0,0,0,0,0,0,0,0,0,0,0,0,0,0,0,0,0,0,0,0,0,0,0,0,0,0,0,0,0,0,0,0,0,0,0,0,0.194,0,0,0,0,0,0,0,0,0,0.258,0,0,0,0,0,0,0,0,0,0,0,0,0,0,0,0,0,0,0,0,0,0,0,0,0,0,0,0,0,0,0,0,0,0,0,0,0,0.167,0,0,0,0,0,0,0,0,0,0,0,0,0,0,0,0,0,0,0,0,0,0,0,0,0,0,0,0,0,0,0,0,0,0,0,0,0,0,0,0,0,0,0,0,0,0,0,0,0,0,0,0,0,0,0,0,0,0,0,0,0,0,0,0,0,0,0,0,0,0,0,0,0,0,0,0,0,0,0,0,0,0,0,0,0,0,0,0,0,0,0,0,0,0,0,0,0,0,0,0,0,0,0,0,0,0,0,0,0,0.217,0,0,0,0,0,0,0,0.25,0,0,0,0,0,0.217,0,0,0,0,0,0,0,0,0,0,0,0,0,0,0,0,0,0,0,0,0,0,0,0,0,0,0,0,0,0,0,0,0,0,0,0,0,0,0,0,0,0,0,0,0,0,0,0,0,0,0,0,0,0,0,0,0,0,0,0,0,0,0,0,0
852638,0.245,0.16,0,0,0,0,0.263,0,0,0.158,0,0,0,0,0,0,0.232,0,0.197,0,0,0,0,0,0.16,0,0,0,0,0,0,0,0.199,0,0,0,0,0,0,0,0,0,0,0,0.276,0,0,0,0,0,0,0,0,0,0,0,0,0,0,0,0.16,0,0,0,0,0,0,0,0,0,0,0,0,0,0,0,0,0,0.227,0,0,0,0,0,0,0.16,0,0,0,0,0,0,0,0,0.16,0,0,0.183,0.175,0,0,0,0,0,0,0.236,0.16,0,0,0,0,0,0,0,0,0,0,0,0,0,0,0,0,0,0,0,0,0,0,0,0,0,0,0,0,0,0,0,0,0,0,0,0,0,0,0,0,0,0,0,0,0,0,0,0,0,0,0,0,0,0,0,0,0,0.175,0,0,0,0,0,0,0,0,0,0,0,0.258,0,0,0,0,0,0,0,0,0,0,0,0.165,0,0.19,0,0,0,0,0,0,0,0,0,0,0,0.18,0,0,0,0,0,0,0,0,0,0,0,0,0,0,0,0,0,0,0,0,0,0,0,0,0,0,0,0,0,0,0,0,0.192,0,0,0,0,0,0,0,0,0,0,0,0,0,0,0,0.186,0.19,0,0,0,0.198,0,0,0.186,0,0,0,0.217,0,0,0,0,0,0,0,0,0,0.183,0,0,0,0,0,0,0,0,0,0,0,0.256,0,0,0,0,0,0,0,0,0,0,0,0,0.488,0,0,0,0,0.199,0,0,0,0,0,0,0,0.4,0,0,0,0,0,0,0,0,0,0,0,0,0,0,0,0,0,0,0,0,0,0,0,0.276,0,0,0.165,0,0,0,0,0,0,0,0.192,0,0,0,0,0,0,0,0,0,0,0,0,0,0,0,0,0.172,0,0,0,0,0,0,0.351,0,0,0,0,0,0,0,0,0,0,0,0,0,0,0,0,0,0,0,0,0,0,0.196,0,0.234,0,0,0,0,0,0,0,0,0,0,0,0,0,0,0,0,0,0,0,0,0,0,0,0,0,0,0,0,0.315,0,0,0,0,0.255,0,0,0,0,0,0,0,0.222,0,0,0,0.199,0,0,0,0,0,0,0,0,0,0,0,0.297,0,0,0,0,0,0,0,0,0,0,0,0,0,0,0,0,0,0,0,0,0,0,0,0,0,0,0,0,0,0,0,0,0,0,0,0,0,0,0,0,0,0,0,0,0,0.225,0,0,0,0.179,0,0,0,0.165,0,0,0,0,0,0,0,0.194,0,0,0,0,0,0,0,0,0,0,0,0,0,0,0,0,0,0,0,0,0,0,0,0,0,0,0,0,0,0,0,0,0,0,0,0,0,0.177,0,0,0,0.196,0,0,0,0,0,0,0,0,0,0,0,0,0,0.201,0,0,0,0,0,0,0,0,0,0,0,0,0,0,0,0,0.155,0,0,0,0,0,0,0,0.173,0,0,0,0,0,0,0,0,0,0,0,0,0,0,0,0,0,0,0,0.376,0,0,0,0,0,0,0,0,0.183,0,0,0.164,0,0,0,0,0,0,0,0,0,0,0,0,0,0,0,0.153,0,0,0,0,0.193,0,0,0,0,0,0,0,0,0,0,0,0,0,0,0,0,0,0,0,0,0,0,0,0,0,0,0.191,0,0,0,0,0,0,0,0.81,0,0,0,0,0,0,0,0,0,0,0,0,0,0,0,0,0,0,0,0.19,0,0,0.197,0,0,0,0,0,0,0,0,0,0,0,0,0,0,0.165,0,0,0,0,0,0,0,0,0,0,0,0,0,0,0,0,0,0,0,0,0,0.313,0,0,0,0,0,0,0,0,0,0,0,0,0,0,0,0.232,0,0,0,0,0,0,0,0,0,0,0.174,0,0.173,0,0,0,0,0,0,0,0,0,0,0,0,0,0,0,0,0,0,0,0,0,0.171,0.167,0,0,0,0,0,0,0,0,0,0,0,0,0.175,0,0,0,0,0,0,0,0.169,0,0,0,0,0,0,0,0,0,0,0,0.171,0,0,0,0,0,0,0,0,0,0,0,0,0,0,0,0,0.263,0,0,0,0,0,0.155,0,0,0,0,0,0,0,0.241,0,0,0.196,0,0,0,0,0,0,0,0,0,0,0,0,0,0,0,0,0,0.453,0,0.309,0,0,0,0,0,0,0,0,0,0,0,0.26,0,0,0,0.199,0,0,0,0,0,0,0,0,0,0,0,0,0,0,0,0,0,0,0,0,0,0,0.172,0,0,0,0,0,0,0,0,0,0,0,0,0.165,0,0,0,0,0,0,0,0,0.262,0,0,0,0.201,0,0,0,0,0,0,0,0,0,0,0,0,0,0.292,0,0,0,0,0,0,0,0,0,0,0,0,0,0,0,0,0,0,0.27,0,0,0,0,0,0,0,0,0,0,0,0,0,0,0,0,0,0,0,0,0,0,0,0,0,0.445,0.19,0,0,0,0,0,0,0.396,0,0,0,0,0,0,0,0.82,0,0,0,0,0,0,0,0,0,0.358,0,0,0,0,0,0,0,0,0,0,0,0.197,0.381,0,0,0.21,0,0,0,0,0,0,0,0,0,0,0,0.159,0.196,0,0,0,0,0,0.187,0,0,0,0,0,0.199,0,0.195,0,0,0,0,0,0,0.164,0.165,0,0,0,0,0,0.187,0,0,0,0,0,0,0,0,0,0,0,0,0,0,0,0,0,0,0,0,0,0,0.199,0,0,0,0,0,0,0,0,0.26,0,0,0,0,0,0,0.232,0,0,0,0,0.354,0,0,0,0,0,0,0,0.171,0,0,0.152,0,0,0,0,0,0,0,0,0,0.171,0,0.197,0,0,0,0.199,0,0.187,0,0,0,0,0,0,0,0,0,0.169,0,0,0,0.167,0,0,0,0.179,0,0,0,0,0,0,0,0,0.19,0,0,0,0,0,0,0,0.278,0,0.286,0,0,0.276,0,0,0.255,0.187,0,0,0,0,0,0,0,0,0.28,0,0,0.159,0,0.269,0,0,0,0,0,0,0,0,0,0.178,0,0,0.225,0,0,0,0,0,0,0.232,0,0,0,0.189,0,0.167,0,0.271,0,0,0,0,0,0,0,0.196,0,0.353,0.19,0,0,0.196,0,0.282,0,0,0,0,0,0,0,0.169,0.258,0.167,0,0.187,0,0.222,0,0,0,0.271,0,0,0,0,0,0,0,0.199,0,0,0,0,0,0,0,0,0,0,0,0,0,0,0.195,0,0.155,0.255,0.178,0,0.212,0.155,0,0.227,0,0,0,0,0.488,0,0,0.48,0,0.164,0,0,0,0.398,0,0,0,0,0.274,0,0,0,0,0,0.197,0,0,0,0,0.222,0,0,0.191,0,0,0,0,0,0.165,0,0.195,0,0,0,0.196,0,0,0,0,0,0,0,0,0,0,0,0,0,0,0.158,0,0,0,0,0,0.19,0,0,0,0,0,0,0.212,0.164,0,0,0,0,0,0,0,0,0.165,0,0,0,0,0,0,0,0.199,0,0,0.255,0,0.274,0,0,0.164,0,0.199,0.28,0.204,0.234,0,0,0,0,0,0,0,0,0.178,0,0,0,0,0.161,0.198,0,0.314,0,0,0,0,0,0,0.322,0,0,0,0,0,0,0.394,0,0,0,0,0,0.175,0,0,0,0,0.217,0.154,0,0,0,0,0,0,0,0,0,0,0.26,0,0,0,0,0,0.199,0.169,0,0,0,0,0,0.281,0.229,0,0,0,0,0,0,0,0,0,0,0,0,0,0,0,0,0.199,0,0,0,0,0,0,0,0,0,0,0.191,0,0,0.157,0,0.192,0,0,0,0,0.355,0,0,0,0.187,0,0,0,0,0,0,0,0,0,0,0,0.16,0.412,0,0,0,0,0,0,0,0,0.155,0,0,0,0,0,0.196,0,0,0,0,0,0,0,0,0,0,0,0,0,0,0,0,0,0,0,0,0,0,0,0,0,0.196,0,0,0,0,0.151,0,0,0,0,0,0,0,0,0,0,0,0,0.181,0,0,0,0,0.177,0,0,0,0,0,0,0,0,0,0,0,0,0,0,0,0,0,0,0,0,0,0,0,0,0,0,0,0,0,0,0,0,0,0,0,0,0,0,0,0,0,0,0,0,0,0,0,0,0,0,0,0,0,0,0,0,0,0,0,0,0,0,0,0,0,0,0,0,0,0,0,0,0,0,0,0.157,0,0,0,0,0,0,0,0,0,0,0,0,0,0,0,0,0,0,0,0,0,0,0,0,0,0,0,0,0,0,0,0,0,0,0,0,0,0,0,0,0,0,0,0,0,0,0,0,0,0,0,0,0,0.181,0,0,0,0,0,0,0,0,0,0,0.153,0,0,0,0,0,0,0.191,0,0,0,0,0,0,0,0,0,0,0,0,0,0,0,0,0,0,0,0,0,0,0,0,0,0,0,0,0,0,0,0,0,0,0,0,0,0,0,0,0,0,0,0,0,0,0,0,0,0,0,0,0,0,0,0,0,0,0,0,0,0,0,0,0,0,0,0,0,0,0,0,0,0,0,0,0,0,0,0,0,0,0,0,0,0,0,0,0,0,0,0,0,0,0,0,0,0,0,0,0,0,0,0,0,0,0,0,0,0,0.191,0,0,0,0,0,0,0,0,0,0,0,0,0,0,0,0,0,0,0,0.195,0,0,0,0,0,0,0,0,0,0,0,0,0,0,0,0,0,0,0,0,0,0,0,0,0,0,0,0,0,0,0,0,0,0,0,0,0,0,0,0,0,0,0,0,0,0,0,0,0,0,0,0,0,0.234,0,0,0,0,0,0,0,0.157,0,0,0,0,0,0,0,0,0,0.192,0,0,0,0,0,0,0,0,0,0,0,0,0,0,0,0,0,0,0,0,0,0,0,0,0,0,0,0,0,0,0,0.353,0,0,0,0,0,0,0,0,0.167,0,0.294,0,0,0,0,0,0,0,0,0,0,0,0,0,0,0,0,0,0,0,0,0,0,0,0,0,0.271,0,0,0,0,0,0,0,0,0.191,0,0,0,0,0,0,0,0,0,0,0,0,0,0,0,0.446,0,0,0,0,0,0,0,0,0,0,0,0,0,0,0,0,0,0,0,0,0,0,0,0,0,0,0,0,0,0,0,0,0,0,0.159,0,0,0,0,0,0,0,0.163,0,0,0,0,0,0,0,0,0,0,0.161,0,0,0,0,0,0,0,0,0,0,0,0,0,0,0,0,0,0,0,0,0,0,0,0,0,0,0,0,0,0,0,0,0,0,0,0,0,0,0,0,0,0,0,0,0,0,0,0,0,0,0,0,0,0,0,0,0.181,0,0,0,0,0,0,0,0,0,0,0,0,0,0,0,0,0,0,0,0,0,0,0,0,0,0,0,0,0,0,0,0,0,0,0,0,0,0,0,0,0,0,0,0,0,0,0,0,0,0,0,0,0,0,0,0,0,0,0,0,0,0,0,0,0,0,0,0,0,0,0,0,0,0,0,0,0,0,0,0,0,0,0,0,0,0,0,0,0,0,0,0,0,0,0,0,0,0,0,0.232,0,0,0,0,0,0,0,0,0,0,0,0,0,0,0,0,0,0,0,0,0,0,0,0,0,0,0,0,0,0,0,0,0,0,0,0,0,0,0,0,0,0,0,0,0,0,0,0,0,0,0,0,0,0,0,0,0,0,0,0,0,0,0,0,0,0,0,0,0,0,0,0,0,0,0,0,0,0,0,0,0,0,0.172,0,0,0,0,0,0,0,0,0.172,0,0,0,0,0,0,0,0,0,0,0,0.163,0,0,0,0,0,0,0,0,0,0,0,0,0.207,0,0,0,0,0,0,0,0,0,0,0,0,0,0,0,0,0,0,0,0,0,0,0,0,0,0,0,0,0,0,0,0,0,0,0,0,0,0,0,0,0,0,0,0,0,0,0,0,0,0,0,0,0,0,0,0,0,0,0,0,0,0,0,0,0,0,0.188,0,0,0,0,0,0,0,0,0,0,0,0,0,0,0,0,0,0,0,0,0,0,0,0,0,0,0,0,0,0,0,0,0,0,0,0,0,0,0,0,0,0,0,0,0,0,0,0,0,0,0,0,0,0,0,0,0,0,0,0,0,0,0,0,0,0,0,0,0,0,0,0,0,0,0,0,0,0,0,0,0,0,0,0,0,0,0,0,0,0,0,0,0,0,0,0,0,0,0,0,0,0,0,0,0,0,0,0,0,0,0.165,0,0,0,0,0,0,0,0.336,0,0,0,0,0,0,0,0,0,0,0.365,0,0,0,0.172,0,0,0,0,0,0,0,0.16,0,0,0,0,0,0,0,0,0,0,0,0,0,0,0,0,0,0,0,0,0,0,0,0,0,0,0,0,0,0,0,0.252,0.445,0,0,0,0,0,0,0,0,0,0,0,0,0,0,0,0,0,0,0,0,0,0,0,0,0,0,0,0,0,0,0,0,0,0,0.191,0,0,0,0,0,0,0,0,0,0,0,0,0,0,0,0,0,0,0,0,0,0,0,0,0,0,0,0,0,0,0,0,0,0,0,0,0,0,0,0,0,0,0,0,0,0,0,0,0,0,0,0,0,0.183,0,0,0,0,0,0,0,0,0.314,0,0,0,0,0,0,0,0,0,0,0,0,0,0,0,0,0.22,0,0,0,0,0,0,0,0,0,0,0,0,0,0,0,0,0,0.399,0,0,0,0,0,0,0,0,0,0,0,0,0,0,0,0,0,0,0,0,0,0,0,0,0,0,0,0,0,0,0,0,0,0.198,0,0,0,0,0,0,0,0,0,0.378,0,0,0,0,0,0,0,0,0,0,0,0,0,0,0,0,0,0,0,0,0,0,0,0,0,0,0,0,0,0,0,0,0,0,0,0,0,0,0,0,0,0,0,0,0,0,0,0,0,0,0,0,0,0,0,0,0,0,0,0,0,0,0,0,0,0,0,0,0,0,0,0,0,0,0,0,0,0,0,0,0,0,0,0.197,0,0,0,0,0,0,0,0,0,0,0,0,0,0,0,0,0,0,0,0,0,0,0,0,0,0,0,0,0,0,0,0,0,0,0,0,0,0,0,0,0,0,0,0,0,0.198,0,0,0,0,0,0,0,0,0,0,0,0,0,0,0,0,0,0,0,0,0,0,0,0,0,0,0,0,0,0,0,0,0,0,0,0,0,0,0,0,0,0,0,0,0,0,0,0,0,0,0,0,0,0,0,0,0,0,0,0,0,0,0,0,0,0,0,0,0,0,0,0,0,0,0,0,0,0,0,0,0,0,0,0,0,0,0,0,0,0,0,0,0,0,0,0,0,0,0,0,0,0,0,0,0,0,0,0,0,0,0,0,0,0,0,0,0,0,0,0,0,0,0,0,0,0,0,0,0,0,0,0,0.165,0,0,0,0,0,0,0,0,0,0,0,0,0,0,0,0,0,0,0,0,0,0,0,0,0,0,0,0,0,0,0,0.399,0,0,0,0,0,0.159,0,0,0,0,0,0,0,0,0,0,0,0,0,0,0,0,0,0,0,0,0,0,0,0,0,0,0,0,0,0,0,0,0,0,0,0,0,0,0,0,0,0,0,0,0,0,0,0,0,0,0,0,0,0,0,0,0,0,0,0,0,0,0,0,0,0,0,0,0,0,0,0,0,0,0,0,0,0,0,0,0,0,0,0,0,0,0,0,0,0,0,0,0,0,0,0,0,0,0,0,0,0,0,0,0,0,0,0,0,0,0,0,0,0,0,0,0,0,0,0,0,0,0,0,0,0,0,0,0,0,0,0,0,0,0,0,0,0,0,0,0,0,0,0,0,0,0,0,0,0,0,0,0,0,0,0,0,0,0,0,0,0,0.309,0,0,0,0,0,0,0,0,0,0,0,0,0,0,0,0,0,0,0,0,0,0,0,0,0,0,0.199,0,0,0,0,0,0,0,0,0,0,0,0,0,0,0,0,0,0,0,0,0,0,0,0,0,0,0,0,0,0,0,0,0,0,0,0,0.69,0,0.374,0,0.328,0,0,0,0,0,0,0,0,0,0,0,0,0,0,0,0,0,0,0,0,0,0,0,0,0,0,0,0,0,0,0,0,0,0,0,0,0,0,0,0,0,0,0,0,0,0,0,0,0,0,0,0,0,0,0,0,0,0,0,0,0,0,0,0,0,0,0,0,0,0,0,0,0,0,0,0,0,0,0,0,0,0,0,0,0,0,0,0,0,0,0,0,0,0,0,0,0,0,0,0,0,0,0,0,0,0,0,0,0,0.981,0,0,0,0,0,0,0,0,0,0,0,0,0,0,0,0,0,0,0,0.288,0,0,0,0,0,0,0,0.246,0,0,0,0,0.157,0,0,0,0,0,0.444,0,0,0,0,0,0,0,0,0,0,0,0,0,0,0,0,0,0,0,0,0,0,0,0,0,0,0,0,0,0,0,0,0,0,0,0,0,0,0,0,0,0,0,0,0,0.307,0,0,0,0,0,0,0,0,0,0,0,0,0,0,0,0,0,0,0,0,0,0,0,0.208,0,0,0,0,0,0,0,0,0,0,0,0,0,0,0,0,0,0,0,0,0,0,0.33,0,0,0,0,0,0,0,0,0,0.309,0,0,0,0,0,0,0,0,0,0,0,0,0,0,0,0,0,0,0,0,0,0,0,0,0,0,0,0,0,0,0,0,0,0,0,0,0,0,0,0,0,0,0,0,0,0,0,0,0,0,0,0,0,0,0,0,0,0,0,0,0,0,0,0,0,0,0,0,0,0,0,0,0,0,0,0,0,0,0,0,0,0,0,0,0,0,0,0,0,0,0,0,0,0.192,0,0,0,0,0,0,0,0,0,0,0,0,0,0,0,0,0,0,0,0,0,0,0,0,0,0,0,0,0,0,0,0,0,0,0,0,0,0,0,0,0,0,0.217,0,0,0.359,0,0,0,0,0,0,0,0,0,0,0,0,0,0,0,0,0,0,0,0,0,0,0,0,0,0,0,0,0.309,0,0,0,0,0,0,0,0,0,0,0,0,0,0,0,0,0,0,0,0.22,0,0,0,0,0,0,0,0,0,0,0,0,0,0,0,0,0,0,0,0,0,0,0,0,0,0,0,0,0,0,0,0,0,0,0,0,0,0,0.234,0,0,0,0,0,0,0,0,0,0,0,0,0,0,0,0,0,0,0,0,0,0,0.216,0,0,0,0,0,0,0,0,0,0,0,0,0,0,0,0,0,0,0,0,0,0,0,0,0,0,0,0,0,0,0,0,0,0,0,0,0,0,0,0,0,0,0,0,0,0,0,0,0,0,0,0,0,0,0,0,0,0,0,0,0,0,0,0,0,0,0,0,0,0,0,0,0,0,0,0,0,0,0,0,0,0,0,0,0,0,0,0,0,0,0,0,0,0,0,0,0,0,0,0,0,0,0,0,0.446,0,0,0,0,0,0,0,0,0,0,0,0,0,0,0,0,0,0,0,0,0,0,0,0,0,0,0,0,0,0,0,0,0,0,0,0,0,0,0,0,0,0,0,0,0,0,0,0,0,0,0,0,0,0,0,0,0,0,0,0,0,0,0,0,0.224,0,0,0,0,0,0,0,0,0,0,0,0,0,0,0,0,0,0,0,0,0,0,0,0,0,0,0,0,0,0,0,0,0,0,0,0,0,0,0,0,0,0,0,0,0,0,0,0,0,0,0,0,0,0,0,0,0,0.284,0,0,0,0,0,0,0,0,0,0,0,0,0,0,0,0,0,0,0,0,0,0,0,0,0,0,0,0,0,0,0,0,0,0,0,0,0,0,0,0,0,0,0,0,0,0,0,0,0,0,0,0,0,0,0,0,0,0,0,0,0,0,0,0,0,0,0,0,0,0,0,0,0,0,0,0,0,0,0,0,0,0,0,0,0,0,0,0,0,0,0,0,0,0,0,0,0,0,0,0,0,0,0,0.445,0,0,0,0,0,0,0,0,0,0,0,0,0,0,0,0.241,0,0,0,0,0,0,0,0,0,0,0,0,0,0,0,0.339,0,0,0,0,0,0,0,0,0,0,0,0,0,0,0,0,0,0,0.192,0,0,0,0,0,0,0,0,0,0.29,0,0,0,0,0,0,0,0,0,0,0,0,0,0,0,0,0,0,0,0,0,0,0,0,0,0,0,0,0,0,0.297,0,0,0,0,0,0,0.313,0,0,0,0,0,0,0,0,0,0
855361,0,0,0,0,0,0,0.803,0,0,0,0,0,0,0,0,0,0,0,0,0,0,0,0,0,0,0,0,0,0,0,0,0,0,0,0,0,0.21,0.179,0,0,0,0,0,0,0,0,0,0,0,0,0,0,0,0,0.191,0,0,0,0,0,0,0,0,0,0,0,0,0,0,0,0,0,0,0,0,0,0.418,0,0,0,0,0,0,0,0,0,0.192,0,0,0,0,0,0,0,0,0,0,0,0,0,0.189,0,0.196,0.583,0,0,0,0,0,0,0,0.219,0,0,0,0,0,0,0,0,0,0,0,0,0,0,0,0,0,0,0,0,0,0,0,0,0,0,0,0,0,0,0,0,0,0.173,0,0,0,0,0,0,0,0,0.25,0.522,0,0,0,0,0,0,0,0,0,0,0,0,0,0,0,0,0,0,0,0,0,0,0,0,0,0,0,0,0,0,0,0,0,0,0,0,0,0,0,0,0,0,0,0,0,0,0,0,0,0,0,0,0,0,0,0,0,0,0,0,0,0,0,0,0,0,0,0,0,0,0,0,0,0,0,0,0,0,0.161,0,0,0,0,0,0,0,0,0,0,0,0,0,0.155,0,0,0,0,0,0,0,0,0,0,0,0,0,0,0,0,0,0,0,0,0,0,0,0,0,0,0,0,0,0,0,0,0,0,0,0,0,0.395,0,0,0,0,0,0,0,0,0,0,0,0,0,0,0,0,0,0,0,0,0,0,0,0.903,0,0,0,0,0,0,0,0,0,0,0,0,0,0,0,0.594,0,0,0,0,0,0,0,0,0,0,0,0,0,0,0,0.157,0.158,0,0,0,0,0,0,0,0,0,0,0,0,0,0,0,0,0,0,0,0,0,0,0,0,0,0,0,0,0,0.216,0,0,0,0,0,0,0,0,0,0,0,0,0,0,0,0,0,0,0,0,0,0,0,0,0,0,0,0,0,0,0,0,0,0,0,0,0,0,0,0,0,0,0.182,0,0,0,0,0,0,0,0,0,0,0,0,0,0,0,0,0,0,0,0,0,0,0,0,0.224,0,0,0,0,0,0,0,0,0,0,0,0,0,0,0.23,0,0,0,0.6,0,0,0,0,0,0,0.158,0,0,0,0,0.996,0,0,0,0,0,0,0,0,0,0,0.158,0,0,0,0,0,0,0,0,0,0,0,0,0,0,0,0,0,0,0,0,0,0,0,0,0,0,0,0,0,0,0,0,0,0,0,0,0,0,0,0,0,0,0,0,0,0.15,0,0,0,0,0,0,0,0,0,0,0,0,0,0,0,0,0,0,0,0,0,0,0,0,0,0,0,0,0,0,0,0,0,0,0,0,0,0,0,0,0,0,0.284,0,0,0,0,0,0,0,0,0,0,0,0,0,0,0,0,0.177,0,0,0,0,0,0,0,0,0,0,0.202,0,0,0,0,0,0,0,0,0,0,0,0,0,0,0,0.153,0,0,0,0,0,0,0,0,0,0,0,0,0,0,0,0,0,0,0,0.167,0,0,0,0,0,0,0,0,0,0.179,0,0,0,0,0,0,0,0,0,0,0,0,0,0,0,0,0,0,0,0,0,0,0,0,0,0,0,0,0,0,0,0,0,0,0,0,0,0,0,0,0,0,0,0,0,0,0,0,0,0,0.993,0,0,0,0,0,0,0,0,0,0,0,0,0,0,0,0,0,0,0,0,0,0,0,0,0,0,0,0,0,0,0,0,0,0,0,0,0,0,0,0,0,0,0,0,0,0,0,0,0,0,0,0,0,0,0,0,0,0,0,0,0,0,0,0.153,0,0.161,0.52,0,0,0,0,0,0,0,0,0,0,0,0,0,0,0,0,0,0,0,0,0,0,0,0,0,0,0,0.154,0,0,0,0,0,0,0,0,0,0,0.164,0,0,0,0,0,0,0,0,0,0,0,0,0,0,0,0,0,0,0,0,0,0,0,0,0,0,0,0,0.157,0,0,0,0,0,0,0,0,0,0,0,0,0,0,0,0,0,0,0,0,0,0,0,0,0.151,0,0,0,0,0,0,0,0,0,0,0,0,0,0,0,0,0.164,0,0,0,0,0,0,0,0,0,0.623,0,0,0,0,0,0,0,0,0,0,0,0,0,0,0.289,0,0,0,0,0,0,0,0,0,0,0,0,0,0,0,0,0,0,0,0,0,0,0,0,0,0,0,0,0,0,0,0,0.356,0,0,0,0.204,0,0,0.159,0,0,0,0,0,0,0,0,0,0,0,0,0,0,0,0,0,0,0,0,0,0,0,0,0,0,0,0,0,0,0,0,0,0,0,0.656,0,0,0,0,0.152,0,0,0,0.403,0,0,0,0,0,0,0,0,0,0,0,0.228,0,0,0.382,0,0,0.162,0,0.57,0,0,0,0,0,0,0,0,0,0,0,0,0,0,0.241,0,0,0,0,0,0,0,0,0,0,0,0,0,0,0,0,0,0,0,0,0,0,0,0,0,0,0,0,0,0,0,0,0,0,0,0,0,0,0,0,0,0,0,0,0,0,0,0,0,0.158,0,0,0,0,0,0,0,0.207,0,0,0,0,0,0,0,0,0,0,0,0,0,0,0,0,0,0,0,0,0,0,0,0,0,0,0,0,0.532,0,0,0,0,0,0,0,0,0,0,0,0,0,0,0,0,0,0,0,0,0,0,0,0,0,0,0.968,0,0.48,0,0,0,0,0,0,0,0,0,0,0,0,0,0,0,0,0,0,0,0,0,0,0,0,0,0,0,0,0,0,0.181,0,0,0,0,0,0,0,0.622,0,0,0,0,0,0.573,0,0,0,0,0,0,0,0,0,0,0,0,0,0.659,0,0,0,0,0,0,0,0.159,0,0,0,0,0,0,0,0,0,0,0,0,0,0,0,0,0,0,0,0,0,0,0,0,0,0,0,0,0,0,0,0,0,0,0,0,0,0,0,0,0,0,0,0,0,0,0,0,0,0,0,0,0,0,0,0,0,0,0,0,0,0,0,0,0,0,0,0.165,0,0,0,0,0,0,0,0,0,0,0,0,0,0,0,0,0,0,0,0,0,0,0,0,0,0.633,0,0,0,0,0,0,0,0,0,0,0,0,0,0,0,0,0,0,0,0,0,0,0,0,0,0,0,0,0,0,0,0,0,0,0,0,0,0,0,0,0,0,0,0,0,0,0,0,0,0,0,0,0,0,0,0,0,0,0,0,0,0,0,0,0,0,0,0,0,0,0,0,0,0,0.603,0,0,0,0,0,0,0,0,0,0,0.157,0,0,0,0,0,0,0,0,0,0,0,0,0,0,0,0,0,0,0,0,0,0,0,0,0,0,0,0,0,0,0,0,0,0,0,0,0,0,0,0,0,0,0,0,0,0,0,0,0,0,0,0.27,0,0.328,0,0,0,0,0,0,0,0,0,0,0,0,0,0,0,0,0,0,0,0,0,0,0,0,0,0,0,0,0,0,0,0,0,0,0,0,0,0,0,0,0,0,0,0,0,0,0,0,0,0,0,0,0,0,0,0,0,0,0,0,0,0,0,0,0,0,0.161,0,0,0,0,0,0,0,0,0,0,0,0,0,0,0,0,0,0,0,0,0,0,0,0,0,0,0.394,0,0,0,0,0,0,0,0,0,0,0,0,0,0,0,0,0,0,0,0,0,0,0,0,0,0,0,0,0,0,0,0,0.252,0,0,0,0,0,0.194,0,0,0,0.983,0,0,0,0,0,0,0,0,0,0,0,0.209,0,0,0,0,0,0,0,0,0,0,0,0,0,0,0,0,0,0,0,0,0,0,0,0,0,0,0,0,0,0,0,0,0,0,0,0,0,0,0,0,0,0,0,0,0,0,0,0,0,0,0,0,0.283,0,0,0,0,0,0,0,0,0,0,0,0,0,0,0,0.36,0,0,0,0,0,0,0,0,0,0,0,0,0,0,0,0,0,0,0,0,0,0,0,0,0,0,0,0,0,0,0,0,0,0,0,0,0,0.158,0,0,0,0,0,0,0,0,0,0,0,0,0,0,0,0,0,0,0,0,0,0,0,0,0,0,0,0,0,0,0,0,0,0,0,0,0,0,0,0,0,0,0,0,0,0,0,0,0.236,0,0,0,0,0,0,0,0,0,0,0,0,0,0,0,0,0,0,0,0,0,0,0,0,0,0,0,0,0,0,0,0.265,0,0,0,0,0,0,0,0,0,0,0,0,0,0,0,0,0,0,0,0,0,0,0,0,0,0,0,0,0,0,0,0,0,0,0,0,0,0,0,0,0,0,0,0,0,0,0,0,0,0,0,0,0,0,0,0,0,0,0,0,0,0,0,0,0,0,0,0,0,0,0,0,0,0,0,0,0,0,0,0,0,0,0,0,0,0,0,0,0,0,0,0,0,0,0,0,0,0,0,0,0,0.151,0,0,0,0,0,0,0,0,0,0,0,0,0,0,0,0,0.488,0,0,0,0,0,0,0,0,0,0,0,0,0,0,0,0,0,0,0,0,0,0,0.156,0,0,0,0,0,0,0,0,0,0,0,0,0,0,0,0,0,0,0.157,0,0,0,0,0,0,0,0,0.719,0,0,0,0,0,0,0,0.421,0,0,0,0,0,0,0,0,0,0,0.598,0,0.2,0,0,0,0,0,0,0,0,0,0,0,0,0,0,0,0,0,0,0,0,0.209,0,0,0,0,0,0,0,0.196,0,0,0,0,0,0,0,0,0,0,0,0,0,0,0,0,0,0,0,0,0,0,0,0.242,0.684,0,0,0,0,0,0,0,0,0,0,0,0,0,0,0,0,0,0,0,0,0,0,0,0,0,0,0,0,0,0,0,0,0,0,0,0,0,0,0,0,0,0,0,0,0,0,0.15,0,0,0,0,0.609,0.508,0,0,0,0,0,0,0,0,0,0,0,0,0,0,0,0,0,0,0,0,0,0,0,0,0,0,0,0,0,0,0,0,0,0,0,0,0,0,0,0,0,0,0,0,0,0,0,0,0,0,0,0,0,0,0,0,0,0,0,0,0,0,0,0,0,0,0,0,0,0,0,0,0,0,0,0,0,0,0,0,0,0,0,0,0,0,0,0.983,0,0,0,0,0,0,0,0,0,0,0,0,0,0,0,0,0,0,0,0,0,0,0,0,0,0,0,0,0,0,0,0,0.263,0,0,0.218,0.171,0,0,0,0,0,0,0,0,0,0,0,0,0,0,0,0,0,0,0,0,0,0,0,0,0,0,0,0,0,0.552,0,0,0,0,0,0,0,0,0,0,0,0,0,0.271,0,0,0.736,0,0,0,0,0,0.884,0.171,0,0,0,0,0,0,0,0,0,0,0,0,0,0,0,0,0,0,0,0,0,0,0,0,0.21,0,0,0,0,0,0,0,0,0,0,0,0,0,0,0,0,0,0,0,0,0,0,0,0,0,0,0,0,0,0,0,0,0,0,0,0,0,0.161,0,0,0,0,0,0,0,0,0,0.223,0,0,0,0,0,0,0,0,0,0,0,0,0,0,0,0,0,0,0.884,0,0,0,0,0,0,0,0,0,0,0,0,0,0,0,0,0,0,0.287,0,0.196,0,0,0,0,0,0,0,0,0,0,0,0,0,0,0,0,0,0,0,0,0,0,0.434,0,0,0,0,0,0,0,0,0,0,0,0,0,0,0,0,0,0,0,0,0,0,0,0,0,0,0,0,0,0,0.966,0,0.163,0,0,0,0,0,0,0,0,0,0,0.244,0,0,0,0,0,0,0,0,0,0,0,0,0,0,0.227,0,0,0,0,0,0,0,0,0,0,0,0,0,0,0,0,0,0,0,0,0,0,0,0,0.2,0,0,0,0,0,0,0,0,0,0,0,0,0,0,0,0,0,0,0,0,0,0,0,0,0,0,0,0,0,0,0.196,0,0,0,0,0,0,0,0,0,0,0,0,0,0,0,0,0,0,0,0,0,0,0,0,0,0,0,0,0,0,0,0,0,0,0,0.894,0,0,0,0,0,0,0,0,0.61,0,0,0,0,0,0,0,0,0,0.263,0,0,0,0,0,0,0,0,0,0,0,0,0,0,0,0,0,0,0,0,0,0,0,0,0,0,0,0,0,0,0,0,0,0,0,0,0,0,0,0,0,0,0,0,0,0,0,0,0,0,0,0,0,0,0,0,0,0,0,0,0,0,0,0,0,0,0,0,0,0,0,0,0,0,0,0,0,0,0,0,0,0,0,0,0,0,0,0,0,0,0,0,0,0,0,0,0,0,0,0,0,0,0,0,0,0,0,0,0,0,0,0,0,0,0,0,0,0,0,0,0,0,0,0,0,0,0,0,0,0,0,0,0,0,0,0,0,0,0,0,0,0,0,0,0,0,0,0,0.174,0,0,0,0,0,0,0,0,0,0,0,0,0,0,0,0,0,0,0,0,0,0,0,0,0,0,0,0,0,0,0,0,0,0,0,0,0,0,0,0,0,0,0,0,0,0,0,0,0,0,0,0,0,0,0,0,0,0,0,0,0,0,0,0,0,0,0,0,0,0,0,0,0,0,0,0,0,0,0,0,0,0,0,0,0,0,0,0,0,0,0,0,0,0.401,0,0,0,0,0,0,0,0,0,0,0,0.217,0,0,0,0,0,0,0,0,0,0,0,0,0,0,0,0,0,0,0,0,0,0,0,0,0,0,0,0,0,0,0,0,0,0,0,0,0,0,0,0,0,0,0,0,0,0,0,0,0,0,0,0,0,0,0,0,0,0,0,0,0,0,0,0,0,0,0,0,0,0,0,0,0,0,0,0,0,0,0,0,0,0,0,0,0,0,0,0,0,0,0,0,0,0,0,0,0,0,0,0,0,0,0,0,0,0,0,0,0,0,0,0,0,0,0,0,0,0,0,0,0,0,0,0,0,0,0,0,0,0,0,0,0,0,0,0,0,0,0,0,0,0,0,0,0,0,0.193,0,0,0,0,0,0,0,0,0,0,0,0,0,0,0,0,0,0,0,0,0,0,0,0,0,0,0,0,0,0,0,0,0,0,0,0,0,0,0,0,0,0,0,0,0,0,0,0,0,0,0,0,0,0,0,0,0,0,0,0,0,0,0,0,0,0,0,0,0,0,0.34,0,0,0,0,0,0,0,0,0,0,0,0,0,0,0,0,0,0,0,0,0,0,0,0,0,0,0,0,0,0,0,0,0,0,0,0,0,0,0,0,0,0,0,0,0,0,0,0,0,0,0,0,0,0,0,0,0,0,0,0,0,0,0,0,0,0,0,0,0,0,0,0,0,0,0,0,0.815,0,0,0,0,0,0,0,0,0,0,0,0,0,0,0,0,0,0,0,0,0,0,0,0,0,0,0,0,0,0.344,0,0.284,0,0,0,0,0,0,0.238,0,0,0,0,0,0,0,0,0,0,0,0,0,0,0,0,0,0,0,0,0,0,0,0,0,0,0,0,0,0,0,0,0,0,0,0,0,0,0,0,0,0,0,0,0,0,0,0,0,0,0,0,0.162,0,0,0,0,0,0,0,0,0,0,0,0,0,0,0.691,0,0,0,0,0,0,0,0,0,0,0.38,0,0,0,0.154,0,0,0,0,0,0,0,0,0.171,0,0.282,0,0,0,0,0,0,0,0,0,0,0,0,0,0,0,0,0,0,0,0,0,0,0,0,0,0,0,0,0,0,0,0,0,0,0.163,0,0,0,0,0,0,0,0,0,0,0,0,0,0,0,0,0,0,0,0,0,0,0,0,0,0,0,0,0,0,0,0,0,0,0,0,0,0,0,0,0,0,0,0,0,0,0,0,0,0,0,0,0,0,0,0,0,0,0,0,0,0,0.65,0,0,0,0,0,0,0,0,0,0,0,0,0,0,0,0,0,0,0,0,0,0,0,0,0,0,0,0,0,0,0,0,0.225,0,0,0.181,0,0,0,0,0,0,0,0,0,0,0,0,0,0,0,0,0,0,0,0,0,0,0,0,0,0,0,0,0,0,0,0,0,0.2,0,0,0,0,0,0,0,0,0,0,0,0,0,0,0,0,0.207,0,0,0,0,0,0,0,0,0,0,0,0,0,0,0,0,0.457,0,0,0,0,0,0,0,0,0,0,0,0,0,0,0,0,0,0,0,0,0,0,0,0,0,0,0,0,0,0,0,0,0,0,0,0,0,0,0,0,0.305,0,0,0,0,0,0,0,0,0,0.261,0,0,0,0,0,0,0,0,0,0,0,0,0,0,0.934,0,0,0,0,0,0.207,0,0.98,0,0,0.153,0,0,0,0,0,0,0,0,0,0,0,0,0,0,0,0,0,0,0,0,0,0,0,0,0,0,0,0,0,0,0,0.36,0,0,0,0,0,0,0.374,0,0,0,0,0,0,0,0,0,0,0,0,0.965,0,0,0,0,0,0,0,0.161,0,0,0,0,0,0,0,0,0,0,0.222,0.199,0,0,0,0,0,0,0,0,0,0,0,0,0,0,0,0,0,0,0,0,0,0,0,0,0,0,0,0,0,0,0,0,0,0,0,0,0,0,0,0,0,0,0,0,0,0.258,0,0,0,0,0,0,0.519,0,0,0,0,0,0,0.311,0,0,0,0,0,0,0,0,0,0,0,0,0,0,0,0,0,0,0,0,0,0,0,0,0.451,0,0,0,0.18,0.363,0,0,0,0,0,0,0,0,0,0.225,0,0,0,0,0,0,0,0,0,0,0,0,0,0,0,0,0,0,0,0,0,0,0,0,0,0,0,0,0,0,0,0,0,0,0,0,0,0,0,0,0,0,0,0,0,0,0,0,0,0,0,0,0,0,0,0,0,0,0,0,0,0,0.23,0,0,0,0,0,0,0,0,0,0,0,0,0,0,0,0,0,0,0,0,0,0,0,0,0,0,0,0,0,0,0,0,0,0,0,0,0,0,0,0,0,0,0,0,0,0,0,0,0,0,0,0,0,0,0,0,0,0,0,0,0,0,0,0,0,0,0,0,0,0,0,0,0,0,0,0.282,0,0,0.175,0,0,0,0,0,0.942,0,0,0,0,0,0,0,0,0,0,0,0,0,0,0,0,0,0,0,0,0,0,0,0,0,0,0,0,0,0,0,0,0,0,0,0,0,0,0,0,0.3,0,0,0,0,0,0,0,0,0,0,0,0,0,0,0,0,0,0,0,0,0,0,0,0,0,0,0,0,0,0,0,0,0,0,0,0,0,0,0,0,0,0,0,0,0,0,0,0,0,0,0,0,0,0,0,0,0,0,0,0,0,0,0,0,0,0,0,0,0,0,0,0.3,0,0,0.618,0,0,0,0,0,0,0,0,0,0,0,0,0,0,0,0,0,0,0,0,0,0,0,0,0,0,0,0,0,0,0,0,0,0,0,0,0,0,0,0,0,0,0,0,0,0,0,0,0,0,0,0,0,0,0,0,0,0,0,0,0,0,0,0,0,0,0,0,0,0,0,0,0,0,0,0,0,0,0,0,0,0,0,0,0,0.276,0,0,0,0,0,0,0.749,0.376,0,0.39,0,0,0,0,0,0,0,0,0,0,0,0,0,0,0,0,0,0,0,0,0,0,0,0,0,0,0,0,0,0,0,0,0,0,0,0,0,0,0,0,0,0,0,0,0,0,0,0,0,0,0,0,0,0,0,0,0,0,0,0,0,0,0,0,0,0,0,0,0,0,0,0,0,0,0,0,0,0,0,0,0,0,0,0,0,0,0,0,0,0,0,0,0,0,0,0,0,0,0,0,0,0,0,0,0,0,0,0,0,0,0,0,0,0,0,0,0,0,0,0,0,0,0,0,0,0,0,0,0.309,0,0,0,0,0,0,0,0,0,0,0,0,0,0,0,0,0,0,0,0,0,0,0,0.996,0,0,0,0,0,0,0,0,0,0,0,0,0,0,0,0,0,0,0,0,0,0,0,0,0,0,0,0,0,0,0,0,0,0,0,0,0,0,0,0.45,0,0,0,0,0,0,0,0,0,0,0,0,0,0,0.987,0,0,0,0,0,0,0,0,0,0,0,0,0,0,0,0
855480,0.304,0,0,0,0.184,0,0.183,0.311,0,0,0,0,0,0,0.31,0,0,0,0,0,0,0,0,0,0,0.679,0.593,0,0,0.355,0,0,0,0,0.26,0,0.559,0,0,0,0,0,0,0,0,0.165,0,0,0,0,0,0,0,0,0,0,0,0,0,0,0,0,0,0,0.375,0,0,0,0,0,0.576,0,0,0.159,0,0,0,0,0,0,0,0,0,0,0,0,0,0,0.224,0,0,0,0,0,0,0,0,0,0,0,0.555,0,0.438,0,0,0,0,0,0,0,0,0,0.314,0.253,0,0,0,0,0.465,0,0,0,0,0,0,0,0,0,0,0,0.19,0.31,0,0,0,0,0.354,0.252,0.589,0,0.177,0,0.366,0.275,0,0.484,0,0.151,0,0,0.403,0,0,0.292,0,0.382,0,0,0,0.221,0,0,0,0,0,0,0,0,0.182,0,0,0.204,0,0,0,0,0,0,0.569,0,0,0,0.296,0,0.672,0,0.916,0,0,0.254,0,0,0.428,0.163,0,0,0.57,0,0,0,0,0,0.289,0,0,0,0,0.3,0,0.362,0,0,0.72,0.196,0,0,0,0,0,0,0,0,0,0,0,0,0,0,0,0,0.417,0,0,0.401,0.542,0,0.974,0,0.216,0.237,0,0,0,0.216,0.228,0,0,0.162,0.189,0,0.46,0,0.446,0.614,0.398,0,0,0,0,0,0,0.228,0.151,0,0,0,0,0,0,0,0,0.216,0.742,0,0,0.193,0,0.483,0,0.216,0,0.22,0.281,0,0,0.968,0,0,0.175,0,0,0,0,0,0,0.969,0,0,0,0.859,0,0,0,0.215,0,0,0.466,0.254,0,0.325,0,0,0.831,0,0.193,0.231,0,0.782,0.501,0,0,0.442,0,0,0.5,0,0.6,0,0.652,0,0,0,0,0,0.652,0,0,0,0,0,0,0,0.435,0.231,0,0.257,0,0.194,0.794,0,0,0,0,0.465,0,0.301,0.259,0,0,0.457,0,0,0,0,0,0,0,0.494,0,0,0.598,0.152,0,0,0,0.417,0,0,0.605,0.692,0,0,0,0,0,0.686,0,0,0,0.332,0.28,0,0,0,0,0.237,0,0.336,0.196,0,0.254,0,0,0.193,0.913,0,0,0,0.293,0.181,0,0,0,0,0,0.235,0,0.315,0.23,0,0,0.324,0.273,0.311,0.154,0,0,0,0.372,0,0,0.591,0,0.177,0,0,0,0,0.186,0.35,0,0,0.565,0.481,0.77,0.301,0.382,0,0,0,0.233,0.169,0.32,0,0.319,0,0.434,0,0,0,0.236,0,0.688,0,0,0,0.311,0.48,0,0,0.463,0,0,0.288,0,0.235,0.458,0.183,0.585,0.198,0,0,0,0.604,0.26,0,0,0,0,0.993,0,0,0,0,0.193,0.173,0,0,0,0.478,0.335,0.475,0.835,0.164,0,0,0,0,0,0,0,0,0.256,0,0,0.59,0.191,0,0,0,0.341,0,0,0.2,0,0.335,0,0,0,0,0,0,0,0.271,0.312,0,0.187,0.197,0.2,0,0.995,0,0.231,0.393,0.154,0,0.218,0,0.933,0.509,0,0,0,0.185,0,0.201,0,0.305,0,0,0,0,0,0,0,0,0.447,0.569,0,0.567,0,0,0.201,0.614,0.929,0,0.483,0,0.319,0,0.355,0.354,0,0,0.291,0.252,0,0,0,0.553,0,0,0,0.283,0.219,0,0,0,0,0,0.674,0.185,0,0.16,0.167,0,0,0,0,0,0,0,0,0,0,0.464,0,0,0.57,0,0,0,0,0,0.277,0,0.179,0,0,0.364,0,0.256,0,0.172,0.274,0,0.439,0.601,0.714,0,0,0.264,0,0,0.936,0,0,0.892,0.406,0,0,0.193,0.25,0,0.973,0.332,0,0,0.976,0,0.514,0,0.263,0,0.772,0.237,0.359,0,0.256,0,0,0,0,0,0,0,0,0,0,0,0,0,0,0,0.315,0.159,0.269,0,0,0,0.574,0.782,0.443,0,0,0,0,0.702,0.181,0.536,0.235,0.293,0,0,0,0.193,0.49,0.234,0,0,0,0,0,0,0,0,0,0,0.317,0.204,0.26,0,0,0.453,0,0,0,0.163,0,0.156,0.26,0.171,0,0,0,0,0,0.245,0,0,0,0.198,0,0,0,0.262,0.193,0.302,0,0,0,0.286,0.2,0,0.346,0.441,0,0.199,0.972,0,0,0.32,0,0,0.273,0,0.19,0.341,0,0,0,0,0.155,0.452,0,0.455,0.664,0.27,0,0.212,0.218,0,0,0,0.172,0,0,0.501,0,0,0.325,0.898,0.179,0,0,0,0.479,0,0.16,0.23,0,0.164,0.169,0,0.286,0.152,0,0.519,0,0,0,0,0.235,0,0,0.685,0.572,0,0.968,0.483,0,0,0,0,0.171,0.173,0,0,0,0.151,0,0,0,0,0.709,0.176,0,0,0.213,0.199,0,0.769,0,0,0,0,0,0.273,0,0,0.616,0,0,0.194,0,0.359,0.385,0,0,0.227,0,0,0.632,0,0,0.74,0.506,0,0.778,0,0.411,0.347,0.188,0,0.2,0.243,0,0,0.445,0,0.69,0.495,0,0,0,0,0.167,0,0,0,0,0,0.739,0,0.477,0,0,0,0.235,0.213,0.272,0,0.466,0,0,0,0,0,0.292,0,0.393,0.175,0,0.437,0,0,0,0,0,0.516,0,0.171,0,0.228,0,0,0,0.325,0.204,0,0.245,0,0.304,0.972,0,0,0.587,0.311,0,0.254,0.432,0,0,0.973,0,0.886,0,0.21,0,0.163,0,0,0.267,0,0,0,0,0.316,0.258,0,0,0,0,0,0,0,0.77,0,0,0.408,0,0,0.389,0,0,0,0,0,0,0,0,0,0,0,0,0,0,0,0.235,0,0,0,0,0,0,0,0,0,0.225,0,0,0,0,0.177,0.297,0.201,0,0,0,0,0,0.227,0,0.227,0,0,0,0.171,0,0,0,0,0,0,0,0,0,0,0,0,0,0,0,0,0,0,0.197,0,0,0,0,0.198,0,0,0,0,0,0,0,0,0,0,0,0,0,0.19,0,0,0,0,0.748,0,0.264,0.894,0,0,0,0,0,0,0,0,0,0.165,0,0,0,0,0,0,0,0,0,0,0,0,0,0,0,0,0.969,0,0,0,0,0,0,0,0,0.211,0,0,0,0,0.194,0,0.221,0,0,0,0.19,0,0,0,0,0,0,0,0,0,0.178,0,0.96,0,0,0,0,0,0,0,0.254,0,0,0,0,0,0.179,0,0,0.244,0,0,0,0,0,0,0,0,0,0,0.331,0,0,0,0.239,0,0,0.204,0.335,0.452,0,0,0,0,0,0,0.152,0,0,0,0,0,0,0,0,0,0,0,0,0,0,0,0,0,0,0,0,0.166,0,0,0,0,0,0,0.316,0,0,0.152,0,0,0,0,0,0.171,0,0,0,0,0,0,0,0,0,0,0,0,0,0,0,0,0,0.315,0,0,0,0,0,0,0,0,0,0,0,0,0,0.504,0,0.358,0,0,0,0,0,0,0,0,0,0,0,0,0,0,0,0,0.285,0,0,0,0,0,0,0,0,0.275,0,0,0,0,0,0,0.163,0,0.224,0.273,0,0,0.337,0,0,0,0,0,0,0,0,0,0,0,0,0,0.181,0,0,0,0,0,0,0,0,0,0,0,0,0.594,0,0,0,0,0,0,0,0,0,0,0.2,0.466,0,0,0,0,0,0,0,0,0,0,0,0,0,0,0,0,0,0,0.199,0.552,0.457,0,0,0,0.16,0,0,0,0,0,0,0,0,0,0.303,0,0,0,0.324,0.21,0,0,0.154,0,0,0,0,0,0,0,0,0,0.154,0,0,0,0,0,0,0.273,0,0,0.252,0,0,0,0,0,0,0.243,0.54,0,0,0,0,0,0,0,0,0,0,0,0,0,0,0,0,0,0,0,0,0,0,0,0,0.199,0.18,0,0,0,0,0,0,0,0,0,0.166,0,0,0.536,0,0,0,0,0,0,0,0,0.153,0,0,0,0,0,0,0,0,0,0.217,0,0,0,0,0,0.225,0,0,0,0,0,0.181,0,0,0,0,0,0,0.56,0,0,0,0,0.349,0,0,0,0,0,0,0,0,0,0,0,0,0,0,0,0,0,0,0,0,0,0,0,0,0,0,0.195,0,0.207,0,0,0,0.22,0,0.207,0,0,0,0,0,0,0.207,0,0,0,0,0,0,0,0,0,0,0,0,0,0,0,0,0,0,0,0,0,0,0,0,0,0.873,0,0,0,0,0,0,0,0,0.22,0,0,0,0,0,0,0.624,0,0,0,0,0,0.68,0,0.197,0,0,0,0.175,0,0,0,0,0,0.215,0,0,0,0,0,0,0,0.253,0,0,0,0,0,0,0,0,0,0,0,0,0,0,0,0,0,0,0,0,0,0,0,0,0,0,0,0,0,0,0,0,0,0,0,0,0,0,0,0,0,0,0,0,0,0,0,0,0,0,0.152,0,0,0,0,0,0,0,0,0,0,0,0,0,0,0,0,0,0,0,0,0,0,0,0,0,0,0,0,0,0,0,0,0,0,0,0,0,0,0,0.245,0,0,0,0,0,0,0,0,0,0,0,0,0,0,0,0,0,0,0,0,0,0,0.475,0,0,0,0,0,0,0,0,0,0,0,0,0,0,0,0,0,0,0,0,0,0,0,0,0,0,0,0,0,0,0,0,0,0,0,0,0,0,0.193,0,0.184,0,0,0,0,0,0,0,0,0,0,0.317,0,0,0,0,0,0,0,0,0,0,0,0,0,0,0,0.332,0.247,0,0,0,0,0,0,0,0,0,0,0,0,0.157,0,0,0,0,0,0,0,0,0,0,0,0,0,0,0,0,0.151,0,0,0,0.196,0,0,0,0,0.259,0,0,0,0,0,0,0.154,0,0,0.316,0,0,0.206,0,0,0,0,0,0,0,0,0,0,0,0,0,0,0,0,0.225,0,0,0,0,0,0,0,0,0,0,0,0,0,0,0,0.252,0,0,0,0,0.162,0,0,0,0,0,0,0,0,0,0,0,0,0,0.193,0,0.21,0.32,0,0,0.21,0.409,0,0,0,0,0.843,0,0.24,0,0.749,0.32,0,0.977,0,0,0.241,0.264,0,0,0,0.711,0.322,0,0,0.981,0.697,0,0.948,0,0,0,0,0.448,0.308,0,0,0,0,0.187,0,0,0,0.176,0.774,0.412,0,0,0.906,0.239,0,0.627,0.175,0,0,0,0.634,0.616,0,0.164,0.169,0,0,0,0,0.512,0,0,0,0.963,0.171,0,0,0,0.815,0,0,0.488,0,0.922,0.678,0,0,0,0,0,0,0,0,0.174,0.792,0.187,0.921,0.336,0.256,0.508,0.439,0.607,0.754,0.555,0,0,0,0.576,0,0,0,0.452,0.361,0.549,0,0.276,0,0,0.771,0,0,0.284,0,0,0,0.517,0,0,0,0,0,0.364,0.423,0,0,0,0,0,0.481,0,0,0.428,0.518,0.872,0,0.46,0,0,0,0,0.999,0,0,0.435,0,0.876,0,0,0,0.152,0,0,0,0,0,0,0,0,0.223,0.505,0,0.726,0,0.737,0,0,0,0,0.234,0,0,0,0,0,0.179,0.187,0,0,0.361,0.4,0,0.434,0.93,0,0,0,0,0.991,0.615,0.172,0,0,0.275,0.623,0,0.656,0,0,0,0,0,0,0,0.249,0,0,0,0,0,0,0,0,0,0,0,0,0,0,0,0,0,0,0,0,0,0,0,0,0,0,0,0,0,0,0,0,0,0,0,0,0,0,0,0,0.512,0,0,0,0,0,0,0,0,0,0,0,0,0,0,0,0,0,0,0,0,0,0,0,0,0,0,0,0,0,0,0,0,0,0,0,0,0,0,0,0,0,0,0,0,0,0,0,0.168,0.245,0,0,0,0,0,0,0,0,0,0,0,0,0,0,0,0,0,0,0,0,0,0,0,0.181,0,0,0,0,0.28,0,0,0,0.206,0,0,0,0,0,0,0,0.192,0,0,0,0,0,0,0,0,0,0,0,0,0,0,0.474,0,0,0.308,0,0.22,0,0,0.242,0,0,0,0,0.159,0,0,0,0,0,0,0,0,0.214,0,0,0,0,0.362,0,0,0,0,0,0.872,0,0,0,0.171,0,0,0,0.168,0,0.195,0.227,0.331,0.198,0.255,0,0.583,0,0,0,0,0.153,0.193,0.296,0,0,0,0,0.208,0,0,0,0,0,0.171,0,0.165,0,0,0,0,0.208,0.155,0,0,0.177,0,0,0.224,0,0,0.218,0,0,0.461,0,0,0,0,0.242,0,0.265,0,0,0.238,0,0.78,0.272,0.477,0.195,0,0.537,0,0,0,0,0,0,0.24,0.211,0.298,0,0,0,0.198,0,0,0.828,0,0,0,0,0,0,0.208,0.151,0,0.172,0,0,0,0,0,0,0,0,0,0,0,0.187,0,0,0,0,0,0,0,0,0,0,0,0,0.81,0,0,0,0.22,0,0,0,0,0,0,0,0,0,0,0,0,0,0,0,0,0,0,0,0,0,0,0,0,0,0,0,0,0,0,0,0,0,0,0,0,0,0,0,0,0,0,0,0,0.248,0,0,0,0,0,0,0,0,0,0,0,0,0.238,0,0,0,0,0,0,0,0,0.765,0,0,0,0.267,0,0,0,0,0,0,0,0,0.267,0.267,0,0,0,0,0,0,0,0,0,0,0,0,0,0,0,0,0,0,0,0,0,0,0,0,0,0,0,0,0,0,0,0,0,0,0,0.313,0,0,0,0,0,0,0,0,0,0,0,0,0,0,0.966,0,0,0,0,0,0,0.195,0,0,0,0,0,0,0,0,0,0,0,0,0,0,0,0,0,0,0,0,0,0,0,0.31,0,0,0,0,0,0,0,0.199,0,0,0,0,0,0,0,0,0,0,0,0,0,0.325,0,0,0,0,0,0,0.243,0,0,0,0.318,0,0,0,0,0,0,0,0,0,0,0,0,0,0,0.165,0,0,0,0,0,0,0,0,0,0.171,0,0,0,0,0,0,0,0,0,0,0,0,0,0,0,0,0,0,0,0.206,0,0,0,0,0,0,0,0,0,0,0,0,0,0.324,0,0.167,0,0,0,0,0,0,0,0,0,0,0,0,0,0.188,0,0,0,0,0,0,0,0,0,0,0,0,0,0,0,0,0,0,0,0,0,0,0,0,0,0,0,0,0,0,0,0,0,0,0,0,0,0,0,0,0.3,0,0,0,0.19,0,0,0,0,0,0,0,0,0,0,0,0,0,0,0,0,0,0,0,0,0,0,0,0.269,0,0,0,0,0,0,0,0,0,0,0.551,0,0,0,0,0,0,0.481,0,0.912,0,0,0,0,0,0,0,0,0.724,0,0,0,0,0,0,0,0,0,0,0,0,0,0,0,0,0,0,0,0,0,0,0,0.291,0,0,0.154,0,0,0,0,0,0,0,0,0,0,0,0,0,0,0,0.163,0.301,0,0,0,0,0,0,0,0,0,0,0,0,0,0,0,0,0,0,0,0,0,0,0,0,0,0,0,0,0,0,0,0,0,0,0,0,0,0,0,0,0.205,0,0,0,0,0,0,0,0,0,0.176,0,0,0,0,0,0,0,0,0,0,0,0,0,0,0,0,0,0,0.15,0,0,0,0,0,0,0,0,0,0,0.343,0,0,0,0,0,0,0,0,0,0,0,0.291,0,0,0.228,0,0,0,0,0,0,0,0,0,0,0,0,0,0,0,0,0,0,0,0,0.155,0,0,0,0,0,0,0,0,0,0,0,0,0,0,0,0,0,0,0,0,0,0,0,0,0,0,0.297,0,0,0,0,0,0.291,0,0,0,0,0,0,0,0,0,0,0,0,0,0.202,0,0,0,0,0,0,0,0,0,0,0,0,0,0,0,0,0,0,0.507,0,0,0,0,0,0,0,0,0,0,0,0,0,0,0,0,0.228,0,0,0,0,0.294,0,0,0,0,0,0,0,0.437,0,0,0,0,0,0,0,0,0,0,0,0,0,0,0,0,0,0.312,0.262,0,0,0,0,0,0,0,0,0,0,0,0,0,0.216,0,0.385,0,0.16,0.898,0.321,0,0.26,0.837,0.884,0.601,0.552,0,0,0.168,0,0.539,0.552,0,0,0,0,0.99,0,0.178,0,0.504,0,0.256,0,0.355,0.49,0.421,0.421,0,0,0,0.485,0.252,0.483,0,0.244,0.287,0,0,0.307,0.316,0.833,0.742,0,0,0.392,0.298,0.522,0,0,0,0.173,0,0.165,0.181,0,0.973,0.624,0.163,0.281,0,0.552,0,0.812,0.205,0,0,0,0.256,0.229,0,0,0.542,0.186,0,0,0.2,0.507,0.312,0.307,0,0.409,0,0.275,0.657,0.202,0.267,0.774,0.453,0.471,0.73,0,0.333,0.692,0.579,0,0,0,0.176,0,0,0,0,0,0,0,0,0,0,0,0,0,0,0,0,0,0,0.216,0,0,0,0,0,0,0,0,0,0,0,0,0.174,0,0,0,0,0,0,0,0,0,0,0,0,0,0.39,0,0,0,0,0,0,0,0,0,0,0,0,0,0.403,0.323,0,0,0,0,0,0.344,0,0,0,0,0,0,0,0.267,0.344,0,0.503,0,0,0,0.273,0,0.165,0,0,0.164,0,0,0.61,0.242,0,0,0,0.55,0.195,0,0,0,0,0,0,0,0,0,0,0,0,0,0,0,0,0,0,0,0,0,0,0,0.227,0,0,0,0,0.232,0,0,0.462,0,0,0,0,0,0,0,0,0,0,0,0,0.791,0,0,0,0,0,0,0,0,0,0,0,0,0,0.864,0,0.623,0,0.305,0,0.362,0,0,0,0,0,0.163,0,0,0.567,0,0,0,0,0,0,0.185,0,0.198,0,0,0,0,0.217,0,0,0.309,0,0,0.407,0.166,0,0.326,0,0,0,0,0,0,0.225,0,0.186,0.997,0,0,0,0.166,0.215,0.425,0,0,0,0,0.234,0.155,0,0.348,0,0.185,0.568,0,0,0,0,0,0.614,0,0,0,0,0,0,0.74,0.548,0,0,0,0,0,0,0,0,0,0.629,0.438,0,0,0,0,0,0,0.404,0,0,0.998,0,0,0,0.189,0,0,0,0,0.186,0,0,0.287,0.178,0.579,0,0.229,0,0,0,0.751,0,0.373,0,0.997,0,0,0,0,0,0.43,0.517,0.858,0,0.36,0.333,0,0,0,0,0,0,0,0,0.229,0,0,0,0.156,0,0,0,0.818,0,0,0,0,0.169,0.462,0,0.165,0.753,0,0,0,0.559,0,0,0,0,0.499,0,0,0.239,0,0,0.858,0,0,0,0,0,0,0,0,0,0,0,0,0.177,0,0,0,0,0,0,0,0,0,0,0,0,0,0,0,0,0.355,0.186,0,0.698,0,0.185,0,0,0,0,0,0,0,0,0,0,0,0,0,0,0,0,0,0,0.188,0,0,0.309,0,0,0,0,0,0.403,0,0,0,0,0,0,0,0,0.932,0,0,0,0,0,0.977,0,0,0,0,0.233,0,0,0,0,0,0,0.155,0,0,0,0,0.223,0,0,0,0.769,0,0,0,0,0,0,0,0,0,0,0,0,0,0.212,0,0.191,0,0,0,0,0,0,0.193,0,0,0,0,0,0,0,0,0,0,0,0,0,0,0,0,0.155,0,0,0,0,0,0,0,0,0,0,0,0,0,0,0,0.175,0,0.175,0,0.348,0,0.167,0,0.341,0,0,0,0,0.2,0,0.725,0,0,0,0,0,0,0,0,0.293,0,0,0,0,0,0.249,0,0,0,0,0,0,0,0,0.151,0.214,0,0,0,0,0,0,0,0.354,0,0.38,0,0,0.952,0,0.512,0,0,0.235,0,0,0.195,0,0,0,0,0,0,0,0,0,0,0,0,0.205,0,0,0,0,0,0,0,0,0,0,0,0,0,0,0,0,0,0,0,0,0,0,0,0,0,0,0,0,0,0,0,0,0,0,0,0,0,0,0,0,0,0,0,0.226,0,0.19,0,0,0,0.199,0.486,0,0,0,0,0,0,0,0,0,0,0,0,0,0,0,0,0,0,0,0,0,0,0,0,0,0,0.481,0,0,0,0,0.509,0,0.151,0,0,0,0,0,0,0,0,0,0,0,0,0,0,0,0,0,0,0,0,0,0,0,0,0,0,0,0,0,0,0,0,0,0,0,0,0,0,0,0,0,0,0,0,0,0,0,0,0,0,0,0,0,0,0,0,0,0,0,0,0,0,0,0,0,0,0.343,0,0,0,0,0,0,0,0,0,0,0,0,0,0,0,0,0,0,0,0,0,0,0,0,0,0,0,0,0,0.184,0,0,0,0,0,0,0,0,0,0,0,0,0,0,0,0,0,0,0,0,0,0,0,0,0,0,0,0,0,0,0,0,0,0,0,0,0,0,0,0,0,0,0,0,0,0,0,0,0,0,0,0,0,0,0,0,0,0,0,0,0,0,0,0,0,0,0,0,0,0,0,0,0,0,0,0,0,0,0,0,0,0,0,0,0,0,0,0,0,0,0,0,0,0.284,0.997,0,0,0,0,0,0,0,0,0,0,0,0,0,0,0,0,0,0,0,0,0,0,0,0,0,0,0,0,0,0,0,0,0,0,0,0,0,0,0,0,0,0,0,0,0,0,0,0.157,0,0,0,0,0.364,0.326,0,0,0,0,0,0,0,0,0,0,0,0,0,0,0,0,0,0,0,0,0,0,0,0,0,0,0,0,0,0,0,0,0,0,0,0,0,0,0,0,0,0,0,0,0,0,0,0,0.277,0,0,0,0,0,0,0,0,0,0,0,0,0,0,0,0,0,0,0,0,0,0.364,0,0,0,0,0.342,0,0,0.475,0.203,0,0,0,0,0,0,0,0.477,0.337,0,0,0,0,0,0,0,0,0,0,0,0,0,0,0,0,0,0,0,0,0,0,0,0,0,0,0,0,0,0,0,0,0,0,0,0,0,0,0,0,0,0,0,0,0,0,0,0,0,0.694,0,0,0,0,0.17,0,0,0,0,0,0,0,0,0,0,0,0,0,0,0,0,0,0,0,0,0,0,0,0,0,0,0,0,0,0,0,0,0,0,0.159,0,0.831,0,0,0,0,0,0,0,0,0,0,0,0,0,0,0,0,0,0,0,0,0,0,0,0,0,0,0.22,0,0,0,0,0,0,0,0,0,0,0.199,0,0.326,0,0,0,0.177,0,0,0,0,0,0,0,0,0
853980,0,0,0,0,0,0,0,0,0,0.193,0,0,0,0,0,0,0,0,0,0,0,0,0,0,0,0,0,0,0.173,0,0,0,0,0,0,0,0,0,0.152,0,0,0,0,0,0.166,0,0,0,0.174,0,0,0,0,0,0,0,0,0,0,0,0,0,0.208,0,0,0,0,0,0,0,0,0,0,0,0,0,0,0,0,0,0,0,0.255,0,0,0,0,0,0,0,0,0,0,0,0,0,0,0,0,0,0,0,0,0,0,0,0,0,0,0,0,0,0,0,0,0,0,0,0,0,0,0,0,0,0,0,0,0,0,0.194,0,0,0,0,0,0,0.181,0,0,0,0,0,0,0,0,0,0,0,0,0.165,0.169,0,0,0,0,0,0,0,0,0,0,0,0,0,0,0,0,0.185,0,0,0,0,0,0,0.21,0,0,0,0,0,0.179,0,0,0,0.152,0,0,0,0.155,0.185,0,0,0,0,0,0,0,0,0.179,0,0,0,0.183,0,0,0,0,0,0,0,0,0,0,0,0,0,0,0,0.173,0,0,0,0,0,0,0,0,0,0,0.16,0,0,0,0,0,0,0.161,0,0,0,0,0,0,0,0.248,0,0,0,0,0,0,0,0,0,0,0,0,0,0,0,0,0,0,0,0,0,0,0,0,0,0,0,0,0,0,0.153,0.164,0,0,0,0,0,0.197,0,0,0,0,0,0,0,0,0,0,0,0,0,0,0,0,0,0,0.26,0,0,0,0,0,0,0,0,0,0,0,0,0.153,0,0,0,0,0.226,0,0,0,0,0,0,0,0,0,0,0,0.204,0,0,0,0.167,0,0,0,0,0.208,0,0,0,0,0,0,0,0,0,0,0,0,0,0,0,0,0,0,0,0,0,0,0,0,0,0,0,0,0,0.161,0,0,0,0,0,0,0,0,0,0,0,0,0,0,0,0,0,0,0,0,0,0,0,0,0,0,0,0,0,0,0,0,0.164,0,0,0,0,0,0.205,0.173,0,0,0,0,0,0,0,0.158,0,0,0,0,0,0,0.155,0,0,0,0,0,0,0,0,0.173,0,0,0,0,0,0,0,0,0,0,0,0,0,0,0,0,0,0.331,0,0,0,0,0,0.263,0,0,0,0,0,0,0,0,0,0,0,0,0,0,0,0,0,0,0,0.169,0,0,0,0,0,0,0.151,0,0,0,0,0,0,0,0,0,0,0,0,0,0,0,0,0,0,0,0,0,0,0,0,0,0,0,0,0,0,0,0,0,0,0,0,0.158,0,0,0,0,0,0,0,0,0,0,0,0,0,0,0,0,0.163,0,0,0,0,0,0,0,0,0,0,0,0,0,0,0,0,0,0,0,0,0,0,0,0,0,0.173,0,0,0,0,0,0,0,0,0,0,0,0,0.316,0,0,0.359,0,0,0,0.157,0,0.201,0,0,0,0,0,0,0,0,0,0,0,0,0,0,0.173,0,0,0,0,0,0,0,0,0,0,0,0.201,0,0,0,0,0,0,0,0,0,0,0,0,0,0,0,0,0,0,0.261,0,0,0,0,0.207,0,0.157,0,0,0,0,0,0,0,0,0,0,0.163,0,0,0,0,0,0,0,0,0,0,0,0,0.236,0,0,0,0,0,0,0,0,0,0,0,0,0,0,0,0,0,0,0,0,0,0,0,0,0.173,0,0,0,0,0,0,0,0,0,0.412,0,0,0,0,0,0.158,0,0,0,0,0.267,0,0,0,0,0,0,0.155,0,0,0,0,0,0,0,0,0,0,0,0,0,0,0,0,0,0,0.162,0,0,0,0.176,0,0,0,0,0.197,0,0,0,0,0,0,0,0,0,0,0.248,0,0,0,0,0,0,0,0,0,0,0,0,0,0,0,0,0,0,0.16,0,0,0,0,0,0,0,0,0,0,0,0,0,0,0,0,0,0,0,0,0,0,0,0.158,0,0,0,0,0,0,0,0,0,0,0,0,0,0,0,0.151,0,0,0,0,0,0,0.156,0,0,0,0,0,0,0,0,0,0,0,0.152,0,0,0,0.361,0,0,0,0,0,0,0.254,0.155,0.197,0,0,0.152,0,0,0,0,0,0,0,0,0,0,0,0,0,0,0,0,0,0,0,0,0.168,0,0,0,0.255,0,0,0.159,0,0,0,0,0,0,0.154,0,0,0,0,0,0,0,0,0,0,0,0,0,0,0,0,0,0.173,0,0,0,0,0,0,0,0,0,0,0,0,0,0.156,0,0,0,0,0,0,0,0,0,0,0,0,0,0,0,0,0,0,0,0.171,0.165,0,0.158,0,0.166,0.216,0,0,0,0.156,0,0,0,0,0,0,0,0,0,0,0,0,0,0,0,0,0,0,0,0,0,0,0,0,0,0,0,0.164,0,0,0,0,0,0,0,0,0,0,0,0,0,0,0,0,0,0,0,0,0,0,0,0,0,0,0,0,0,0,0,0,0,0,0,0,0,0,0,0,0,0,0,0,0,0,0,0,0,0,0,0,0,0,0,0,0,0,0,0,0,0,0,0,0,0.209,0,0,0,0,0,0,0,0,0,0,0,0,0,0,0,0,0,0,0,0,0,0,0.228,0,0,0,0,0,0,0,0,0,0,0,0,0,0,0.159,0,0,0,0,0,0,0,0,0,0,0.248,0,0,0,0,0,0,0.175,0,0,0,0,0,0,0,0,0,0,0,0,0,0,0,0,0,0,0,0,0,0,0.189,0,0.168,0,0,0,0,0.23,0,0,0,0,0,0,0,0,0,0,0,0,0,0,0,0,0,0,0,0,0,0.175,0.184,0,0,0,0,0,0,0,0,0,0,0,0,0,0,0,0,0,0,0,0,0,0,0,0,0,0,0,0,0,0,0,0,0,0,0,0,0,0,0.228,0,0,0,0,0,0,0,0.177,0,0,0,0,0,0,0,0,0,0,0,0,0,0,0,0,0,0,0,0,0,0,0,0,0,0,0,0,0,0,0,0,0,0,0,0.175,0.309,0,0,0,0,0,0,0,0,0,0,0,0,0,0,0,0,0,0,0,0,0,0,0,0,0,0,0,0,0,0,0,0,0,0,0,0,0,0,0.169,0,0,0,0.175,0,0,0,0,0,0,0.171,0,0,0,0,0,0,0,0,0,0,0,0,0,0,0,0,0,0,0,0.173,0,0.186,0,0,0,0,0,0.162,0,0,0,0,0,0,0.248,0,0,0,0,0,0,0,0,0,0,0,0,0,0,0.26,0,0,0,0,0,0,0,0,0,0,0,0,0.175,0,0,0,0,0,0,0.248,0,0.187,0,0,0,0,0,0,0,0,0,0.159,0,0,0,0,0.158,0,0,0,0.169,0,0,0,0,0,0,0,0,0,0,0,0,0.158,0,0,0,0,0,0,0,0,0,0,0,0,0,0.175,0,0,0,0,0,0,0,0,0.179,0,0,0,0,0,0,0,0,0,0,0,0,0,0,0,0,0,0,0,0,0,0,0,0,0,0,0,0,0,0,0,0,0,0,0.173,0,0.173,0,0,0,0.169,0,0.248,0,0,0,0,0,0,0,0,0,0,0,0,0.154,0,0,0,0,0,0,0,0,0,0,0,0,0,0,0,0,0.198,0,0,0,0.184,0,0,0,0,0,0,0,0,0,0.413,0.158,0,0,0,0,0,0,0,0,0,0,0,0.258,0,0,0,0.175,0.16,0,0,0,0,0,0,0,0,0,0,0,0,0,0,0,0,0,0,0,0,0,0,0,0,0,0.175,0.152,0,0.158,0.175,0,0,0,0,0,0,0,0,0,0.269,0,0,0,0,0,0,0,0.22,0.577,0,0,0,0,0,0,0,0,0,0,0,0,0,0.159,0,0,0,0,0,0,0,0,0,0,0,0,0,0,0,0,0.692,0,0,0.261,0,0,0,0,0.546,0,0,0.153,0,0,0,0,0,0,0,0,0.196,0,0,0,0,0,0.266,0,0,0.247,0,0,0,0,0,0,0,0.248,0,0,0.248,0,0,0,0,0,0.199,0,0.158,0,0,0,0,0,0,0,0,0.187,0,0,0,0,0,0,0,0,0.158,0,0,0,0,0,0,0,0,0,0,0.206,0,0,0,0,0,0,0,0,0.158,0,0,0,0,0,0,0,0,0,0,0,0,0,0,0,0,0,0,0,0,0.173,0,0,0,0,0,0,0,0,0,0,0,0,0,0,0.219,0,0,0,0,0,0,0,0,0,0,0,0,0.205,0,0,0,0,0,0,0,0,0,0,0,0,0,0,0,0,0,0,0,0,0,0,0,0.173,0,0,0,0,0,0,0,0,0,0,0,0,0,0,0,0,0,0,0.158,0,0,0,0,0,0,0,0,0,0,0,0,0,0,0,0,0,0,0,0,0,0,0,0,0,0,0,0,0,0,0,0,0.177,0,0,0.196,0,0,0,0,0,0,0.199,0,0,0,0,0,0,0,0,0,0,0,0,0,0,0.15,0,0,0,0,0,0,0,0,0,0,0,0,0,0,0,0,0,0,0,0,0,0.173,0.255,0,0,0,0,0,0,0.155,0,0.212,0,0.2,0,0,0,0,0,0,0,0,0.196,0,0,0,0,0,0,0,0,0,0,0,0,0,0,0,0,0,0,0,0.233,0.173,0,0,0.176,0.178,0,0,0,0,0,0,0,0,0,0,0,0,0,0,0,0,0,0,0,0,0,0,0,0,0,0,0,0,0,0,0,0,0,0,0,0.159,0,0,0,0,0,0,0,0,0,0,0,0,0,0,0,0,0,0,0,0,0,0,0,0,0,0,0,0,0,0,0,0,0,0.248,0,0,0,0,0,0,0,0,0,0,0.204,0,0,0,0,0,0,0,0,0.459,0,0,0,0,0,0,0,0,0,0,0,0,0,0,0,0,0,0,0,0,0,0,0,0,0,0,0,0,0,0,0,0,0,0,0.23,0,0,0,0,0,0,0,0,0,0,0,0,0,0,0,0,0,0,0,0,0,0,0,0,0,0,0,0,0,0,0,0,0,0,0.331,0,0,0,0,0,0,0,0,0,0,0.299,0,0,0,0,0,0,0,0.165,0,0,0,0.253,0,0,0.248,0,0,0.279,0,0,0.212,0,0,0.154,0,0,0,0,0,0,0.164,0,0,0,0,0.152,0,0,0,0,0,0,0,0,0,0.169,0,0,0,0,0,0,0,0,0,0,0.363,0,0,0,0,0,0,0,0,0,0,0,0,0,0,0,0,0,0,0,0,0,0,0,0,0,0,0,0,0,0,0,0,0,0,0,0,0,0,0,0,0,0,0,0,0,0,0,0,0,0,0,0,0,0,0,0,0,0,0,0,0,0,0,0,0,0,0,0,0,0,0,0.216,0,0,0.152,0,0,0,0,0,0,0,0,0,0,0,0,0.173,0,0,0,0,0,0,0,0,0,0,0,0,0,0,0,0.169,0,0,0,0,0,0,0,0,0,0,0,0,0,0,0.272,0,0,0,0,0,0,0,0,0,0,0,0,0,0,0,0,0.167,0,0,0,0,0,0,0,0,0,0,0,0,0,0,0,0,0,0,0,0,0,0,0,0,0,0,0,0,0,0,0,0,0,0,0,0,0,0,0,0.153,0,0,0,0,0,0,0,0,0,0.224,0,0,0,0,0,0,0,0,0,0,0.204,0,0,0,0,0,0,0.224,0,0,0,0,0,0,0,0,0,0,0,0,0,0,0,0,0.22,0,0,0,0,0,0,0,0.176,0,0,0.213,0,0,0,0,0,0,0.169,0,0,0,0,0,0,0,0,0,0,0,0.225,0,0,0.387,0,0,0,0,0,0,0,0,0,0.317,0,0,0,0,0,0,0,0,0,0,0,0,0,0,0,0,0,0,0,0,0,0,0,0,0,0,0,0,0,0,0,0.201,0,0,0,0,0,0,0,0,0,0,0,0,0,0,0,0,0,0,0,0,0,0,0,0,0,0,0,0,0,0,0,0,0,0,0,0,0,0,0,0,0,0,0,0,0,0,0,0,0,0,0,0,0,0,0,0,0,0,0,0,0,0,0,0,0,0,0.158,0,0,0,0,0,0.212,0,0,0,0,0,0,0,0,0,0,0,0,0,0.233,0,0.159,0,0,0,0,0,0,0,0,0,0,0,0,0,0.195,0,0,0,0,0,0,0,0,0,0.166,0.196,0.196,0,0,0,0,0.169,0,0,0,0.167,0,0,0,0,0.173,0,0,0,0,0,0,0,0,0,0.7,0,0,0.19,0,0,0.158,0,0,0,0,0,0.173,0,0,0,0,0,0,0,0,0.213,0,0,0,0,0,0,0,0,0,0,0.738,0,0,0,0,0,0.219,0,0,0,0,0,0,0,0,0.455,0,0,0,0,0,0,0.155,0,0.191,0,0,0.248,0,0,0,0,0,0,0,0,0,0,0,0,0,0,0.248,0,0,0,0,0,0,0,0,0.2,0,0,0,0,0,0,0,0.234,0,0,0,0,0,0,0,0,0,0,0,0.351,0.398,0,0,0,0,0.185,0.164,0,0,0.248,0.181,0,0.212,0,0,0.22,0,0,0.226,0,0,0,0.433,0,0,0.155,0,0,0,0,0,0,0,0.248,0.173,0,0,0,0,0,0,0,0,0,0,0,0,0,0.216,0,0,0,0,0,0,0,0,0,0,0,0,0.17,0,0,0,0,0,0,0,0,0,0,0,0,0,0,0,0,0,0,0,0,0,0,0,0,0,0,0,0,0,0,0,0,0,0,0,0,0,0,0.169,0,0,0,0,0,0,0,0,0,0,0,0,0,0,0,0,0,0,0,0,0,0,0,0,0,0,0,0,0,0,0,0,0,0,0,0,0,0,0,0.169,0,0,0,0,0,0,0,0,0,0,0,0,0,0,0,0,0,0,0,0,0,0,0,0,0,0,0,0,0,0,0,0,0,0,0,0,0,0,0,0,0,0,0,0,0,0,0,0,0,0,0,0,0,0,0,0,0,0,0,0,0,0,0.176,0.337,0,0.248,0,0,0,0,0,0,0,0,0,0,0,0,0,0,0,0,0,0,0,0,0,0,0,0,0,0,0,0,0,0,0,0,0,0,0,0,0,0,0,0,0,0,0,0,0,0,0,0,0,0.298,0,0,0,0.216,0,0,0,0,0,0,0,0,0,0,0,0,0,0,0,0,0.241,0,0,0,0,0,0,0,0.248,0,0,0,0,0,0,0,0,0,0,0,0,0,0,0,0,0,0,0,0,0,0,0,0,0,0,0,0,0,0,0,0,0,0,0,0,0,0,0,0,0,0,0,0,0,0,0,0,0,0.203,0.234,0,0,0,0,0,0,0,0,0,0,0,0,0,0,0,0,0,0.158,0.301,0,0,0,0,0,0,0,0,0,0,0,0,0,0,0,0,0,0,0,0,0,0,0,0,0,0,0,0.196,0,0,0,0,0,0.196,0,0,0,0,0,0,0,0,0,0,0,0,0,0,0,0,0,0,0,0,0.155,0,0,0,0,0,0,0,0,0,0,0,0,0,0,0,0,0,0,0,0,0,0,0,0,0,0,0.184,0,0,0,0.217,0,0,0,0,0,0,0,0,0,0,0,0,0.248,0,0,0,0,0,0,0,0,0,0,0.152,0,0,0,0,0,0,0,0,0,0.169,0,0,0,0,0,0,0,0,0,0,0,0,0,0,0,0,0,0,0,0,0,0,0,0,0,0,0.229,0,0,0,0,0,0.156,0,0,0,0,0,0,0,0,0,0.212,0.248,0,0,0,0,0,0,0,0,0,0,0,0,0.256,0,0,0,0,0,0,0,0,0,0,0,0,0,0,0,0,0,0,0,0,0,0,0,0.687,0,0,0,0.447,0,0,0,0,0,0,0,0,0,0,0,0,0,0,0,0,0,0,0.161,0,0.247,0,0,0,0,0,0,0,0,0,0,0,0.182,0.249,0,0,0,0.16,0,0.346,0,0,0,0,0,0,0,0,0,0,0,0,0,0,0,0,0.248,0,0,0,0,0,0,0.181,0,0,0,0,0,0,0,0,0,0,0,0,0,0,0,0,0,0,0,0,0,0,0,0,0,0,0,0.254,0,0,0,0,0,0,0,0,0,0,0,0,0,0,0.387,0,0,0,0,0,0,0,0,0,0,0,0,0,0,0,0,0,0.248,0,0,0,0,0,0,0,0,0,0,0,0,0,0,0,0,0,0,0,0,0,0,0,0,0,0,0.185,0,0,0.258,0,0,0,0,0,0,0,0,0,0,0,0.219,0,0,0,0,0,0,0.194,0,0,0,0,0,0,0,0,0,0,0,0,0,0,0,0,0,0,0,0,0,0,0,0,0,0,0,0.469,0,0,0,0,0,0,0,0,0,0,0,0,0,0,0,0,0,0,0.187,0,0,0.646,0,0.179,0,0,0,0,0,0,0,0,0,0,0,0,0,0,0,0,0,0,0,0,0.161,0,0,0,0.24,0,0.198,0,0,0,0,0,0,0,0,0,0,0,0,0,0,0,0,0,0,0,0,0,0,0,0,0,0,0,0,0,0.341,0,0,0,0,0,0.558,0,0,0,0,0,0,0,0,0,0,0,0,0,0,0,0,0,0.476,0,0,0,0,0,0,0,0,0,0,0,0,0,0,0.157,0,0,0,0,0,0,0,0,0,0,0,0,0,0,0,0,0,0,0,0.317,0,0,0,0,0,0,0,0,0,0,0,0,0,0,0,0,0,0,0.477,0,0,0,0,0,0,0,0,0,0,0,0,0,0,0,0,0,0,0.23,0,0,0.862,0,0,0,0,0.718,0.794,0,0,0,0,0,0.774,0,0,0,0,0,0,0,0,0,0,0,0,0,0,0,0,0,0,0,0,0,0,0,0,0,0.274,0,0,0,0,0,0,0.305,0,0,0,0,0,0,0,0,0,0,0,0,0,0,0,0,0,0,0,0,0,0.173,0,0,0,0,0,0,0,0,0,0,0,0,0,0,0,0,0,0,0,0,0,0,0,0,0,0,0,0,0,0,0,0,0,0,0,0.255,0,0,0,0,0,0,0,0,0,0,0,0,0,0,0,0,0,0,0,0,0,0,0,0,0.248,0,0,0,0,0,0,0,0,0.218,0,0,0,0,0,0,0,0,0,0,0,0,0,0.248,0,0,0,0,0,0,0,0,0,0,0,0.163,0,0,0.244,0,0,0,0,0,0,0,0,0,0,0,0,0,0,0,0,0,0,0,0,0,0,0,0,0,0,0.248,0,0,0,0,0,0,0,0,0,0,0,0,0,0,0,0,0,0,0,0,0,0.165,0,0.165,0,0,0,0.256,0,0,0,0,0,0,0,0,0,0,0,0,0,0,0,0,0,0,0,0,0,0,0,0.248,0,0,0,0,0,0,0,0,0,0,0,0,0,0,0,0.177,0,0,0,0,0,0,0,0,0.231,0,0,0,0,0.226,0,0,0,0,0,0,0,0,0,0,0,0,0,0,0,0,0,0,0,0,0,0.258,0,0,0,0,0,0,0,0,0,0,0,0,0,0,0.271,0,0,0,0.248,0,0,0,0,0,0,0,0,0,0,0,0,0,0,0,0,0,0,0,0,0,0,0,0,0,0,0,0,0,0,0,0,0,0,0,0.212,0,0,0,0,0,0,0,0,0,0,0,0,0,0,0,0,0,0,0,0,0,0,0,0,0,0,0,0,0,0,0,0,0,0,0,0,0,0,0,0,0,0,0,0,0,0,0,0,0,0,0,0,0,0,0,0,0,0,0,0,0,0,0,0,0,0,0,0,0,0,0,0,0,0,0,0,0,0,0,0,0,0,0.248,0,0,0,0,0,0,0,0,0,0,0,0,0,0,0,0,0,0,0,0,0,0,0,0,0,0,0,0,0,0,0,0,0,0,0,0.248,0,0,0,0,0,0,0,0,0,0,0,0,0,0,0,0,0,0,0.248,0,0,0,0,0,0,0,0,0,0,0,0,0,0.169,0,0,0,0,0,0,0,0,0,0,0,0,0,0.156,0,0,0,0,0,0,0,0,0,0,0.183,0,0,0,0,0,0,0.248,0,0,0,0,0.31,0,0,0,0,0,0,0,0,0,0,0,0,0,0,0,0,0,0,0,0,0,0,0,0,0,0,0,0,0.248,0,0,0,0,0,0,0,0,0,0,0,0,0,0,0.357,0,0,0,0,0,0.248,0,0,0,0,0,0,0,0,0,0,0,0,0,0,0,0,0,0,0,0,0,0,0,0,0,0,0,0,0,0.248,0,0,0.248,0.248,0,0,0.17,0,0,0,0,0,0,0,0,0,0,0,0,0,0,0,0,0,0,0,0,0,0,0,0,0,0,0,0,0,0,0,0,0,0,0,0
854274,0,0.286,0,0,0,0,0,0.49,0,0,0,0,0,0,0,0,0.371,0,0,0,0,0,0,0,0.307,0,0,0,0.548,0,0,0,0,0,0.769,0,0,0,0,0,0,0,0,0,0,0.2,0,0,0,0,0,0,0,0.243,0,0,0,0,0,0,0.753,0,0,0,0,0,0,0,0,0,0.351,0,0,0,0,0.291,0,0,0.379,0,0.196,0,0,0,0,0.761,0,0,0.225,0,0,0,0,0,0.286,0,0.155,0.756,0,0,0,0,0.569,0.348,0,0.325,0.753,0.195,0,0,0,0,0,0,0,0,0,0,0.222,0,0,0,0,0,0,0,0,0,0,0,0,0,0,0,0.392,0,0,0,0,0,0,0,0,0,0,0.184,0,0,0,0,0.331,0.237,0,0.453,0,0,0,0,0,0,0,0,0,0,0,0,0,0,0,0.163,0,0,0,0,0,0,0,0.514,0,0,0,0.496,0,0,0,0,0,0,0,0,0,0,0,0,0.452,0,0,0,0,0,0,0,0.247,0,0,0,0,0,0,0,0,0,0,0.173,0,0,0,0,0,0,0,0,0,0,0,0,0,0,0,0,0,0,0,0,0,0,0,0,0,0,0,0,0,0,0,0,0,0,0,0,0,0,0,0,0,0,0,0,0,0,0,0,0,0,0,0,0,0,0,0,0,0,0,0,0,0,0,0,0,0,0,0,0,0,0,0,0,0,0,0,0,0,0,0,0,0,0,0,0,0,0,0,0,0,0,0,0,0,0,0,0,0,0,0,0,0,0,0,0,0,0,0,0,0,0,0,0,0,0,0,0,0,0,0,0,0,0,0,0,0,0,0,0,0,0,0,0,0,0,0,0,0,0.32,0,0,0,0,0,0.44,0,0,0,0,0,0,0,0.185,0,0,0,0,0,0,0,0,0,0,0,0,0,0,0,0,0,0,0,0,0,0,0,0,0,0.442,0,0,0,0,0,0.173,0,0,0,0,0,0,0,0,0,0,0.155,0,0,0,0,0,0,0,0,0,0,0,0,0,0,0,0,0,0,0,0,0,0,0.19,0,0,0,0,0,0,0,0,0.203,0,0,0,0,0,0,0,0,0,0,0,0,0,0,0,0,0,0,0.189,0,0,0,0,0,0,0,0,0,0,0,0,0,0,0,0,0,0,0.173,0,0,0,0,0,0,0,0,0.429,0,0,0,0.97,0,0,0,0,0,0,0,0,0,0.171,0,0,0,0,0,0,0,0,0,0,0,0,0,0,0,0,0,0,0,0,0,0,0,0,0,0,0,0,0,0,0,0,0,0,0,0.173,0,0,0,0,0,0,0,0,0,0,0,0,0,0,0,0,0,0,0,0,0,0,0,0,0,0,0,0,0,0,0,0,0,0,0,0,0,0,0,0,0,0,0,0,0,0,0,0,0,0,0,0,0,0,0,0,0,0,0,0,0,0,0,0,0,0,0,0,0,0,0,0,0,0,0,0,0,0,0,0,0,0,0,0,0,0.173,0,0,0,0,0,0,0,0,0,0,0,0,0,0,0,0,0,0,0,0,0,0,0,0,0,0,0,0,0,0,0,0,0,0,0,0,0,0,0,0.449,0,0,0,0,0,0,0,0,0,0,0,0,0,0,0,0,0,0,0,0,0,0,0,0.184,0,0,0,0,0,0,0,0,0,0,0,0,0,0,0,0,0,0,0,0,0,0,0,0.17,0,0.159,0,0,0,0,0,0,0,0,0,0,0,0,0.201,0,0,0,0,0,0,0,0,0,0,0,0,0,0,0,0,0,0,0,0,0,0,0,0,0.272,0,0,0,0,0,0,0,0,0,0,0,0,0,0,0.165,0,0,0,0,0,0,0,0,0,0,0,0.226,0,0,0,0,0,0,0,0,0,0,0,0,0,0,0,0,0,0,0,0,0,0,0,0,0,0,0,0,0,0,0,0,0,0,0,0,0,0,0,0,0,0,0,0,0,0,0,0,0,0,0,0,0,0,0,0,0,0,0,0,0,0,0,0,0,0,0,0,0,0,0,0,0,0,0,0,0,0,0,0,0,0,0,0,0,0,0,0,0,0,0,0,0,0,0,0,0,0,0,0,0,0,0,0,0,0,0,0,0,0,0,0,0,0,0,0,0,0,0,0.193,0,0,0,0,0,0,0,0,0.173,0,0,0,0,0,0,0,0,0,0,0,0,0,0,0,0,0,0,0,0,0,0,0,0.183,0,0,0,0.161,0,0.68,0,0,0,0,0,0,0,0,0,0,0,0,0,0,0,0,0,0,0,0,0,0,0,0,0,0,0,0,0,0,0,0,0,0,0,0,0,0,0,0.617,0,0,0,0,0,0,0,0,0,0,0,0.17,0,0,0,0,0,0,0,0,0,0,0,0,0,0,0,0,0,0,0,0,0,0,0,0,0,0,0,0,0,0,0,0,0,0,0,0,0,0,0,0,0.186,0,0.486,0,0,0,0.184,0,0,0,0,0,0,0,0.179,0,0,0,0.177,0,0,0,0,0,0,0,0.189,0,0,0,0,0.183,0,0,0,0,0,0,0,0,0,0,0,0,0,0,0,0,0,0,0.309,0,0,0,0,0,0,0,0.16,0,0,0,0,0,0,0,0,0,0,0,0.165,0,0.165,0,0,0,0,0,0,0,0,0,0,0,0,0,0,0,0,0.219,0,0,0,0,0,0,0,0,0,0.274,0,0,0,0,0,0,0.228,0.187,0,0,0,0,0.357,0,0,0,0,0,0,0,0,0,0,0,0,0,0,0.173,0,0,0,0,0,0.16,0,0,0.278,0,0,0,0,0,0.226,0,0,0.162,0,0,0,0,0,0,0,0,0,0,0,0,0,0,0,0,0,0,0,0,0,0,0,0,0,0,0,0,0.258,0,0,0,0,0.189,0.232,0,0.19,0.194,0,0,0,0,0,0,0,0,0,0,0,0,0,0.165,0,0,0,0,0,0,0,0,0,0,0,0,0.216,0,0,0,0,0,0,0,0,0.181,0,0,0,0.282,0,0,0,0,0,0,0,0,0.503,0.218,0,0,0.157,0.193,0,0,0,0,0,0,0,0,0,0,0,0,0,0,0,0,0.173,0,0,0,0,0,0,0,0,0,0,0,0,0,0.186,0,0.174,0,0,0,0,0,0,0,0,0,0,0,0,0,0,0,0,0,0,0,0,0,0,0,0,0,0,0,0,0,0,0,0,0,0.194,0,0,0,0,0,0,0,0.168,0.164,0,0,0,0,0,0,0,0.183,0,0,0,0,0,0,0,0.362,0,0,0,0,0,0,0,0,0,0,0,0.197,0.309,0,0,0,0,0,0,0,0,0,0,0.325,0,0,0.191,0,0,0,0,0,0,0,0,0,0,0,0,0,0,0,0,0,0,0,0,0,0,0,0,0,0,0,0,0,0,0,0,0,0,0,0,0,0,0,0,0,0,0,0,0,0,0.175,0,0,0,0,0,0,0,0,0,0.173,0,0,0,0,0,0.186,0,0,0,0,0,0,0,0,0.166,0,0,0,0,0.155,0,0,0,0,0,0,0,0,0,0,0,0,0,0,0,0.182,0,0,0,0,0,0,0,0,0,0,0,0,0,0,0,0,0,0.19,0,0,0,0,0,0,0,0,0,0,0,0,0,0,0.161,0,0,0.183,0,0,0.163,0,0.173,0,0,0,0,0,0,0,0,0,0,0,0,0,0,0,0,0,0,0,0,0,0,0,0,0,0,0,0,0,0,0,0,0,0,0,0,0,0,0,0,0,0,0,0,0,0,0,0,0,0,0,0,0,0,0,0,0,0,0,0,0,0,0,0,0,0,0,0,0,0,0,0,0,0,0,0,0,0,0,0,0,0,0,0,0.198,0,0,0,0,0,0.24,0,0,0,0,0,0,0.984,0,0,0,0,0,0,0,0,0,0,0,0,0,0,0,0,0,0,0,0,0,0,0,0,0,0,0,0,0,0,0,0,0,0,0,0,0,0,0,0,0,0,0,0,0,0,0,0,0,0,0,0,0,0,0,0,0,0,0,0,0,0,0.339,0,0,0,0,0.43,0,0,0,0,0,0,0,0,0,0,0,0,0,0,0,0,0,0,0,0,0,0,0,0,0,0,0,0,0,0.292,0,0,0,0,0,0,0,0,0,0,0,0,0,0,0,0,0,0,0,0,0,0,0,0,0,0,0,0,0,0,0,0,0,0,0,0,0,0,0,0.177,0,0,0,0,0,0,0,0,0,0,0,0,0,0,0,0,0,0,0,0,0,0,0,0,0,0,0,0,0,0,0,0,0,0,0,0,0,0,0,0,0,0,0,0,0,0,0,0,0,0,0,0,0,0,0,0,0,0,0,0,0,0,0,0,0,0,0,0,0,0,0,0,0,0,0,0,0,0,0,0,0,0,0,0,0,0,0,0,0,0,0,0,0,0,0,0,0,0,0,0,0,0,0,0,0,0,0,0.401,0,0,0,0,0,0,0,0,0,0,0,0,0,0,0,0,0,0,0.22,0.57,0,0,0,0,0,0,0,0,0,0,0,0,0,0.171,0,0,0,0,0,0,0,0,0,0,0,0,0,0,0,0,0.392,0,0,0,0,0,0,0,0,0.455,0,0,0,0,0,0,0,0,0,0,0,0,0,0,0,0,0,0,0,0,0,0.262,0,0,0,0,0,0,0,0,0,0,0,0,0,0,0,0,0,0,0,0,0,0,0,0,0,0.165,0,0.3,0,0,0,0,0,0,0,0,0,0,0,0,0,0,0,0,0,0,0,0,0,0,0,0,0,0,0,0,0,0,0,0,0,0,0,0,0,0,0,0,0,0,0,0,0,0,0.172,0,0,0,0,0,0,0,0.165,0,0,0,0,0.401,0,0,0,0,0,0,0,0,0,0,0,0,0,0,0,0,0,0,0.226,0,0,0,0,0,0,0,0,0,0,0.224,0,0,0,0,0,0,0,0,0,0.444,0,0,0,0,0,0,0,0,0,0,0,0,0,0,0,0,0.266,0,0,0,0,0,0,0,0,0,0,0,0,0,0,0,0,0,0,0,0,0,0,0,0,0,0,0,0,0,0,0,0,0,0,0,0.175,0.203,0,0,0,0,0,0,0,0,0,0,0,0,0,0,0,0,0,0,0,0,0,0,0,0,0,0,0.171,0,0,0,0,0,0,0,0,0,0,0,0,0,0,0,0.287,0,0,0,0,0,0,0,0,0,0,0,0,0,0,0,0,0,0,0,0,0,0,0,0,0,0,0,0,0,0,0,0,0,0,0,0,0,0,0,0,0,0,0,0,0,0,0,0,0,0,0,0,0,0,0,0,0,0,0,0,0,0,0,0,0,0,0,0,0,0,0,0,0,0,0,0,0,0,0,0,0,0,0,0,0,0,0,0,0,0,0,0,0,0,0,0,0.194,0,0,0,0,0,0,0,0,0,0,0,0,0,0,0,0,0.314,0,0,0,0,0.241,0,0,0,0,0,0,0,0,0,0,0,0,0,0,0,0,0,0,0,0.907,0,0,0,0,0,0,0,0,0,0,0,0,0,0,0,0,0,0,0,0,0,0,0,0,0,0,0,0,0,0,0,0,0,0,0,0,0,0,0,0,0,0,0,0,0,0,0,0,0.228,0,0,0,0,0,0,0,0,0,0,0,0,0,0,0,0,0,0,0,0,0,0,0,0,0.365,0,0,0,0,0,0,0,0,0,0,0.165,0,0,0.222,0,0,0,0,0,0,0,0,0,0,0,0,0,0,0,0,0,0,0,0,0,0,0,0,0,0,0,0,0,0,0,0,0,0,0,0,0,0,0,0,0,0,0,0,0,0,0,0,0.202,0,0,0,0,0,0,0,0,0,0,0,0,0,0,0,0,0,0,0.17,0,0.382,0,0.683,0,0,0,0,0,0,0,0,0,0,0,0,0,0,0,0,0,0,0,0,0,0,0,0,0,0,0,0,0,0,0,0,0,0,0,0,0.261,0,0,0,0,0,0,0,0,0,0,0,0,0,0,0,0,0,0,0,0.417,0,0,0,0,0.194,0,0,0,0,0.22,0,0,0,0,0,0,0,0,0,0,0,0,0,0,0,0,0,0,0,0,0,0,0,0,0.165,0,0,0,0,0,0,0,0,0,0,0,0,0,0,0,0,0,0,0,0.165,0,0,0,0,0,0,0,0,0,0,0,0.179,0.262,0,0,0,0,0,0,0,0,0,0,0,0.165,0,0.165,0,0,0,0,0,0,0.165,0,0,0,0,0,0,0.66,0,0,0,0,0,0,0,0,0.165,0,0,0,0,0,0.165,0.192,0,0.199,0,0,0,0.165,0,0,0,0,0,0,0,0.165,0,0.401,0,0,0,0,0,0,0,0.181,0,0,0.165,0,0,0,0,0,0,0,0,0,0,0,0,0,0,0,0,0,0,0,0,0,0.165,0,0,0,0,0,0,0,0,0,0,0,0,0,0,0,0,0,0,0,0,0.172,0,0,0,0,0,0,0,0,0,0.236,0,0,0,0,0,0,0,0,0,0,0,0,0,0,0,0,0,0,0,0,0,0,0,0,0,0,0,0,0,0,0,0,0,0,0,0,0,0,0,0,0,0,0,0,0,0,0.299,0,0,0,0,0,0,0,0,0,0,0,0,0.195,0,0,0,0,0,0,0,0,0,0,0,0,0,0,0,0,0,0.235,0,0,0,0,0,0,0,0,0,0,0,0,0,0,0,0,0,0,0,0,0,0,0,0,0,0,0,0,0,0,0,0,0,0,0,0,0,0,0,0,0,0,0,0,0,0,0,0,0,0,0,0,0,0,0,0,0,0,0,0,0,0,0,0,0,0,0,0,0,0,0,0,0,0,0,0,0,0,0,0,0,0,0,0,0,0,0,0,0,0,0,0,0,0,0,0,0,0,0,0,0,0,0,0,0,0,0,0,0,0,0,0,0,0,0,0,0,0,0,0,0,0,0,0,0,0,0,0,0,0,0,0,0,0,0,0,0,0,0,0,0,0,0,0,0,0,0,0,0,0,0,0,0,0,0,0,0,0,0,0,0,0,0,0,0,0,0,0,0,0,0,0,0,0,0,0,0,0,0,0,0,0,0.233,0,0,0,0,0,0,0,0,0,0,0,0,0,0,0,0,0,0,0,0,0,0.437,0,0,0,0,0,0,0,0,0,0,0,0,0,0,0,0,0,0,0,0,0,0,0,0,0,0,0,0,0,0,0,0,0,0,0,0,0,0,0,0,0,0,0,0,0,0,0,0,0,0.213,0,0,0,0,0,0,0,0,0,0,0,0,0,0,0,0,0,0,0,0,0,0,0,0,0,0,0,0.224,0,0.309,0,0,0,0,0,0,0,0,0,0,0.2,0,0,0,0,0,0,0,0,0,0,0,0,0,0,0,0,0,0,0,0,0,0,0,0,0,0,0,0,0,0,0,0,0,0,0,0,0,0,0,0,0,0,0,0,0,0,0,0,0,0,0,0,0,0,0,0,0,0,0,0,0,0,0,0,0,0,0,0,0,0,0,0,0,0,0,0,0.271,0,0,0,0,0,0,0,0,0,0,0,0,0,0,0,0,0,0,0,0,0,0,0,0,0,0,0,0,0,0,0,0,0,0,0,0,0,0,0,0,0,0,0,0,0,0,0,0,0,0,0,0,0,0,0,0,0,0,0,0,0,0,0,0,0,0,0,0,0,0,0,0,0,0,0,0,0.29,0,0,0,0,0,0,0,0,0,0.153,0,0,0,0,0,0,0,0,0,0,0,0,0,0,0,0,0,0,0,0,0,0,0,0,0,0,0.55,0,0.165,0,0,0,0,0,0,0,0,0,0,0,0,0,0,0,0,0,0,0,0,0,0,0,0,0.351,0,0,0,0.298,0,0,0,0,0,0,0,0,0,0,0.333,0,0,0,0,0,0,0,0,0,0,0,0,0.255,0,0,0,0,0,0,0.196,0,0,0.465,0,0,0,0,0,0,0,0,0,0,0,0,0,0,0,0,0,0,0,0,0,0,0,0,0,0,0,0,0,0,0,0,0,0,0,0,0,0,0,0,0,0,0,0,0,0,0,0,0,0,0,0,0,0,0,0,0,0,0,0,0,0,0,0,0,0,0,0,0,0,0,0,0,0,0,0,0,0,0,0,0.154,0,0,0,0,0,0,0,0,0,0,0,0,0,0,0,0.2,0,0,0,0,0,0,0,0,0,0,0,0,0,0,0,0,0,0,0,0,0,0,0,0,0,0.309,0,0,0,0,0,0,0,0,0,0,0,0,0,0,0,0,0,0,0,0,0,0,0,0,0.338,0,0,0,0,0,0,0,0,0,0,0,0,0,0,0,0,0,0,0,0,0,0,0,0,0,0,0,0,0,0.53,0,0,0,0,0,0,0,0,0,0,0,0,0.168,0,0,0,0,0,0,0,0.61,0,0,0,0.165,0,0,0,0,0,0,0,0,0,0,0,0,0,0,0,0,0,0,0,0,0,0,0,0,0,0,0,0,0,0,0,0,0,0,0,0,0,0,0,0,0,0.24,0,0,0,0,0,0.165,0.179,0,0,0.186,0,0.165,0,0,0.165,0,0,0,0,0.165,0.165,0,0.187,0.454,0,0,0.165,0,0.165,0.165,0.188,0,0,0,0,0.19,0,0,0,0,0,0,0,0,0,0,0,0,0,0,0,0,0,0,0,0,0,0,0,0,0,0,0,0,0,0,0,0,0,0,0,0,0,0,0,0,0,0,0,0,0,0,0,0,0,0,0,0,0,0,0.229,0,0,0,0,0,0,0,0,0,0.249,0,0,0,0,0,0,0,0,0,0,0,0,0,0,0,0,0,0,0,0,0,0,0,0,0,0,0,0,0,0,0,0,0,0,0,0,0,0,0,0,0,0,0,0,0,0,0,0,0,0,0,0,0,0,0,0,0,0,0,0,0,0,0,0,0,0,0,0,0.179,0,0,0,0,0,0,0,0,0,0,0,0,0,0,0,0,0,0,0,0,0,0.446,0,0,0,0,0,0,0,0,0,0,0,0,0,0,0,0,0,0,0,0,0,0,0,0,0,0,0,0,0.19,0,0,0,0,0,0,0,0,0,0,0,0,0,0,0,0,0,0,0,0,0,0,0,0,0,0,0,0,0,0,0,0,0,0,0,0,0,0,0,0,0,0,0,0,0,0,0,0,0,0,0,0,0,0,0,0,0,0,0,0,0,0,0,0,0,0,0,0,0,0,0,0,0,0,0,0,0,0,0,0,0,0,0,0,0,0,0,0,0,0,0,0,0,0,0,0,0,0,0,0,0,0,0,0,0,0,0,0,0,0,0,0,0,0,0,0,0,0,0,0,0,0,0.191,0,0,0,0,0.181,0,0,0,0,0,0,0,0,0,0,0,0,0,0,0,0,0,0,0,0,0,0,0,0,0,0,0,0,0,0.252,0,0,0,0,0,0,0,0,0,0,0,0,0,0,0,0,0,0,0,0,0,0,0,0,0,0,0,0,0,0,0,0.23,0,0,0,0,0,0,0,0,0,0,0,0,0,0,0,0,0,0,0,0,0,0,0,0,0,0,0,0,0,0,0,0,0,0,0,0,0,0,0,0,0,0,0,0,0,0.181,0,0,0,0,0,0,0,0,0,0,0,0,0,0,0,0,0,0,0,0.227,0,0,0,0,0,0,0,0,0,0,0,0,0,0,0,0,0,0,0,0,0,0,0,0,0,0,0,0,0,0,0,0,0,0,0,0,0,0,0,0,0,0,0,0.445,0,0,0,0,0,0,0.196,0,0,0,0,0,0,0,0,0,0,0,0.881,0,0.442,0,0,0,0,0,0,0.22,0,0,0,0,0,0,0,0,0,0,0,0,0,0,0,0,0,0,0,0,0,0,0.181,0,0,0,0,0,0,0,0.382,0,0,0,0,0,0,0,0,0,0.252,0,0,0,0,0,0,0.179,0,0,0,0,0.197,0,0,0,0,0,0,0,0,0,0,0,0,0,0,0,0,0,0,0,0,0,0,0,0,0,0,0,0,0,0,0,0,0,0,0.267,0,0,0,0,0,0,0,0,0,0,0,0,0,0,0,0,0,0,0,0,0,0,0,0,0,0,0,0,0,0.445,0,0,0,0.192,0,0,0,0,0,0,0,0
853186,0,0,0,0,0,0,0.609,0,0,0,0,0,0,0,0,0,0,0,0,0.28,0,0,0,0,0,0,0.259,0,0,0,0,0,0,0,0,0,0,0,0,0,0,0,0,0,0,0,0,0,0,0,0.897,0,0,0,0.336,0,0.299,0,0,0,0,0.259,0,0,0.261,0.282,0,0,0,0,0,0,0,0,0,0,0.197,0,0,0,0.293,0,0,0,0,0,0,0,0.154,0,0,0,0.21,0,0,0,0,0,0.254,0,0,0,0,0,0,0,0,0,0,0,0,0.219,0,0,0,0,0,0.156,0.158,0,0,0,0.15,0,0,0,0,0,0,0,0,0,0,0,0,0,0,0,0.259,0,0,0,0.281,0,0.26,0,0.65,0,0,0,0,0,0,0,0,0.261,0.885,0,0,0,0,0,0,0.153,0.203,0.195,0,0.187,0,0,0,0,0,0,0,0,0.224,0,0,0,0,0,0,0.281,0,0,0,0,0,0.249,0,0,0,0,0,0,0,0,0,0,0.217,0.613,0.243,0,0,0,0,0,0,0.154,0,0.612,0,0,0,0,0,0.222,0.217,0,0.16,0,0,0,0,0,0,0,0,0,0.164,0,0,0,0,0.67,0.197,0.312,0,0,0,0,0,0,0,0,0,0.234,0,0.261,0,0,0,0,0,0,0.395,0,0,0,0,0.184,0,0,0,0,0,0,0,0,0,0.228,0,0.598,0,0,0.177,0,0,0.243,0,0,0.154,0,0,0,0.183,0,0,0,0,0,0,0,0,0.233,0.282,0,0,0,0,0.336,0.198,0,0,0.669,0,0,0,0,0,0,0.158,0,0,0,0,0.166,0.41,0.151,0,0,0,0,0,0.189,0,0,0,0,0,0.879,0,0,0.207,0.353,0,0,0.157,0,0,0,0,0.205,0.218,0.154,0.472,0,0.179,0,0,0,0,0,0.164,0,0,0,0,0.19,0.228,0,0,0,0,0.177,0.308,0,0,0,0.206,0,0,0,0,0,0,0.267,0,0.166,0,0,0,0,0,0.166,0.189,0,0,0.159,0.556,0,0,0,0,0,0,0,0,0,0,0,0.184,0.182,0.26,0,0,0,0,0,0,0.218,0,0,0,0,0,0,0,0,0.395,0,0,0,0,0,0,0.337,0,0.177,0,0,0,0,0,0,0,0.195,0,0,0,0.508,0,0,0,0,0,0,0,0,0,0,0.154,0,0,0,0,0,0,0.163,0.162,0,0,0,0,0.273,0,0,0,0,0.158,0,0,0,0.288,0,0,0,0,0,0,0,0,0,0,0,0,0,0,0,0,0,0,0,0.264,0,0,0,0.581,0,0.159,0,0.195,0,0,0,0.165,0,0,0,0,0,0,0,0,0.171,0,0,0,0,0,0,0,0.157,0,0,0.191,0.159,0.209,0,0,0.799,0,0,0,0,0,0,0,0.158,0.275,0,0,0,0.211,0,0,0,0.239,0.188,0,0,0.308,0,0,0,0.225,0,0,0,0,0,0,0.33,0,0,0,0.164,0,0,0,0.558,0,0,0.187,0,0,0,0,0,0,0,0,0,0.151,0,0,0,0.265,0,0,0,0.18,0.154,0,0.243,0,0,0,0,0.35,0,0.233,0,0,0,0,0.395,0,0,0,0,0,0,0,0.178,0,0,0,0,0.279,0,0.273,0,0,0,0,0,0,0,0,0,0,0,0,0,0,0,0,0,0,0,0,0,0,0.624,0.227,0,0,0,0.208,0.162,0,0,0,0,0,0.16,0,0,0.161,0,0,0,0.2,0,0,0,0.174,0,0,0,0.353,0,0,0,0,0,0,0,0,0,0,0,0,0,0,0,0.238,0.195,0,0.166,0,0,0,0,0.231,0,0,0,0,0,0,0,0,0,0,0.301,0,0,0,0,0,0,0.178,0,0.368,0,0.214,0,0,0,0,0,0,0,0,0,0.417,0,0,0,0,0,0,0.157,0,0.266,0.382,0,0,0,0,0,0,0.476,0.162,0,0.5,0,0,0,0,0,0,0,0.153,0,0.195,0.265,0,0,0,0,0,0,0,0,0,0,0.341,0,0.156,0.595,0,0,0,0,0,0,0,0,0,0,0,0,0,0,0.661,0,0,0.239,0.171,0.22,0,0,0,0.394,0,0,0.331,0,0,0,0,0.218,0,0,0.197,0,0,0.178,0.236,0,0.16,0,0,0.191,0,0,0.209,0,0.274,0,0,0,0,0,0,0,0,0.916,0,0,0,0,0,0,0,0,0,0,0,0,0,0.435,0,0.348,0,0,0,0,0.298,0,0.163,0.402,0,0,0,0,0,0,0,0,0,0.226,0,0,0,0,0.262,0.173,0,0,0,0.346,0,0.402,0,0,0.222,0.25,0,0,0,0,0,0,0,0,0.161,0,0,0,0.194,0,0,0,0,0.508,0,0,0,0.738,0,0,0.683,0.226,0,0,0,0,0,0,0,0.164,0,0.336,0.306,0,0,0,0.369,0,0,0,0,0,0,0,0,0,0,0,0,0,0,0,0,0.396,0,0,0,0,0,0.193,0.199,0.21,0,0,0,0,0,0,0.18,0,0.437,0,0,0,0,0,0,0,0,0,0,0,0.175,0,0,0,0,0,0,0,0.196,0,0,0,0,0,0,0,0,0,0,0,0,0,0,0.282,0,0,0,0,0,0,0,0,0,0,0,0,0,0,0,0,0.249,0,0,0,0.21,0,0,0,0,0,0,0,0,0,0.75,0,0,0,0.214,0,0,0.242,0.294,0,0,0,0.44,0,0,0,0.221,0,0,0,0,0,0,0.298,0,0,0.222,0.505,0,0,0,0,0,0,0,0.452,0,0,0,0.22,0,0,0,0.418,0,0,0.528,0,0,0,0,0,0.258,0,0,0,0,0,0,0,0.372,0,0,0,0,0,0.183,0,0.338,0,0,0.353,0,0.193,0,0,0,0,0.38,0,0,0,0,0,0,0,0,0.364,0,0,0,0.258,0,0.569,0,0,0,0,0,0,0,0.161,0,0,0,0,0,0.261,0,0,0,0,0,0.199,0,0.21,0.182,0.204,0,0,0,0,0.29,0.435,0,0,0,0.167,0.195,0,0.207,0,0,0.173,0,0.276,0,0,0.953,0.258,0,0.228,0,0,0.199,0,0.276,0,0,0,0.208,0,0,0,0,0.25,0,0,0.199,0,0,0,0,0,0.353,0,0.354,0,0.289,0,0.243,0,0,0,0,0.319,0.27,0.177,0.173,0.316,0,0,0,0,0,0,0,0,0.347,0,0,0,0,0,0,0.195,0,0,0,0,0,0,0,0,0.565,0.227,0,0.313,0,0.187,0,0,0,0,0,0,0,0.901,0,0.459,0.202,0,0,0.24,0,0.533,0,0.306,0,0,0,0,0,0,0,0,0,0,0.3,0,0,0,0,0,0.243,0.182,0.234,0,0.174,0,0,0.204,0,0.499,0,0,0,0,0,0,0,0.306,0.367,0,0,0,0,0,0,0,0.264,0.153,0,0,0,0,0,0,0.353,0,0,0.514,0,0,0.372,0,0.568,0,0.757,0,0.38,0.206,0,0,0,0,0,0.177,0.352,0.2,0.162,0.195,0,0.655,0.238,0,0,0,0,0,0,0.293,0.339,0,0,0,0,0,0.317,0,0,0,0.178,0,0,0,0,0,0,0,0,0,0.401,0,0.351,0,0,0,0.433,0,0,0.215,0.21,0,0,0,0,0.156,0,0,0,0,0.167,0.191,0.182,0.456,0,0,0,0.249,0,0.314,0.259,0,0,0,0.157,0.686,0,0.456,0,0,0,0,0,0,0.342,0.474,0,0.297,0,0.205,0,0,0,0.283,0,0.632,0,0.276,0,0,0.489,0.292,0.258,0,0,0,0,0,0,0,0.239,0,0,0,0.349,0.804,0,0.507,0.371,0,0,0.571,0.445,0,0,0,0.152,0.227,0,0,0,0,0,0,0,0,0,0.201,0.791,0,0,0,0.182,0,0,0.356,0,0.329,0.386,0.218,0,0,0,0,0,0,0,0,0,0,0,0,0,0,0,0,0,0,0,0.235,0,0,0.599,0,0,0,0.17,0,0,0.193,0.647,0,0,0.205,0,0,0.55,0,0,0,0.258,0,0,0.168,0,0.221,0,0.155,0.709,0,0.372,0,0,0,0.298,0,0.3,0,0,0,0.228,0.173,0.499,0.26,0.204,0.617,0,0,0,0,0,0,0.211,0,0,0.173,0,0,0,0.227,0.753,0,0,0,0.375,0,0.207,0.313,0,0,0,0,0,0,0,0.229,0,0,0,0,0,0,0,0,0,0,0,0,0,0.155,0,0,0,0,0,0,0,0,0,0,0,0.216,0,0,0,0,0,0,0.186,0,0,0,0,0,0,0,0,0,0,0,0,0,0,0,0,0,0,0,0,0,0,0,0,0,0,0,0,0,0.159,0,0,0,0,0,0,0,0.265,0,0,0,0,0,0,0,0,0,0.171,0,0,0,0.605,0,0,0,0,0.287,0,0,0,0,0,0,0.189,0,0,0,0,0,0,0.547,0,0,0,0,0,0,0,0,0,0,0,0,0,0.215,0,0,0,0,0,0,0,0.177,0,0,0,0,0,0,0,0,0,0,0,0,0,0.154,0,0,0,0.242,0,0,0.219,0,0,0.185,0,0,0,0,0,0,0,0,0,0,0,0.249,0,0,0.542,0,0,0,0,0,0,0,0,0,0,0,0,0,0,0,0,0,0,0,0,0,0.206,0,0.157,0,0,0,0.168,0,0,0,0,0,0,0,0,0,0.153,0,0,0,0.363,0,0,0,0.168,0,0,0,0,0,0,0,0,0,0,0,0.151,0,0,0,0.191,0,0,0,0,0,0,0,0,0,0.602,0,0,0,0,0,0,0,0,0,0,0.161,0,0.199,0,0,0.158,0,0,0,0,0,0.214,0,0.177,0,0,0,0,0,0,0,0,0,0,0,0,0,0,0,0,0,0,0,0,0,0,0,0.156,0,0,0,0,0,0,0,0,0,0,0.358,0.595,0,0,0,0,0,0,0,0,0,0,0,0,0,0,0,0,0.155,0,0,0,0.211,0.19,0,0,0,0,0.183,0,0,0,0,0,0,0,0,0.431,0,0,0,0,0,0,0,0,0,0,0,0,0.239,0,0,0,0,0.266,0.181,0,0.634,0,0,0,0,0,0,0,0,0,0,0.185,0,0,0,0,0,0,0,0.271,0,0,0,0,0,0,0,0,0,0.159,0,0,0.2,0,0,0,0,0,0,0,0,0,0,0,0,0,0,0,0,0,0,0,0.233,0,0.177,0,0,0,0,0.337,0,0,0,0,0,0,0,0,0,0,0,0,0,0,0,0,0,0,0,0.312,0,0.171,0.248,0,0,0,0,0,0,0,0,0,0,0,0,0.156,0,0,0.221,0,0,0,0,0,0.297,0,0,0,0.332,0,0,0,0,0.159,0,0,0,0,0,0,0,0,0,0,0,0,0,0,0,0,0,0,0,0,0,0,0,0.18,0,0,0,0,0,0,0,0.177,0,0,0.19,0,0,0,0,0,0,0,0,0.161,0,0.196,0,0,0,0,0,0,0,0,0,0,0,0,0,0,0,0.54,0,0,0,0,0,0,0.186,0,0,0,0,0,0,0,0,0.172,0,0,0,0,0.188,0,0,0,0,0,0,0,0,0,0,0.207,0.222,0,0,0,0,0,0.163,0,0,0,0,0,0,0,0,0,0.158,0,0,0,0,0,0,0,0,0,0,0,0,0,0,0,0,0,0,0,0,0,0,0,0,0,0,0,0,0,0,0,0.218,0,0,0,0,0,0,0,0,0,0,0,0,0,0,0,0,0,0,0,0,0,0,0,0,0,0,0,0,0,0,0,0,0,0,0,0,0,0,0,0.154,0,0,0,0,0,0,0,0,0,0,0,0.165,0,0,0,0,0,0,0,0,0,0,0,0,0,0,0,0,0,0,0,0,0,0,0,0,0.177,0,0,0,0,0,0,0,0,0,0,0,0.152,0,0,0,0.21,0,0,0,0,0,0,0,0,0,0,0,0,0,0,0,0,0,0,0,0,0,0,0,0,0,0,0,0,0.214,0,0,0,0,0,0,0,0,0,0,0,0,0,0,0,0.154,0,0.18,0,0,0,0,0,0,0,0,0,0,0,0,0,0,0,0,0,0,0,0,0.465,0,0,0,0,0,0,0,0,0,0.163,0,0,0,0,0,0,0.154,0,0,0,0,0,0,0,0,0,0.187,0,0.219,0,0,0.464,0.217,0,0,0,0,0,0,0,0,0,0,0,0,0,0,0,0,0,0,0,0,0,0,0,0,0,0,0,0.169,0,0,0.432,0,0,0,0,0,0.19,0,0,0,0,0,0,0,0,0,0,0,0,0,0,0,0,0,0,0,0,0,0,0,0,0,0,0,0,0,0,0,0,0,0,0,0,0.201,0,0,0,0,0,0,0,0,0,0,0,0,0,0,0,0,0,0,0,0,0,0,0,0,0,0,0,0,0,0,0,0,0,0,0.202,0,0,0,0,0,0,0,0,0,0,0,0,0,0,0,0,0,0,0,0,0,0,0,0,0,0,0,0,0.688,0,0,0,0,0,0,0,0.279,0,0,0,0,0,0,0,0,0,0.176,0,0,0,0.357,0,0,0,0,0,0,0,0,0,0,0,0,0,0,0,0,0,0,0,0,0,0,0,0,0,0,0,0,0,0,0,0.208,0,0.162,0,0,0,0,0,0,0,0.15,0,0,0,0.163,0,0,0,0,0.325,0,0,0,0,0,0.351,0,0,0,0.201,0,0,0,0,0,0.325,0,0,0.26,0,0,0,0,0,0,0,0,0,0,0,0,0,0.374,0,0,0,0.255,0.314,0.176,0,0.199,0,0,0,0,0,0,0,0.374,0.264,0,0,0.352,0,0,0,0,0,0,0,0,0.43,0,0,0,0,0,0,0,0.173,0,0,0,0.567,0,0,0,0,0,0,0,0,0,0.234,0,0.17,0,0,0.196,0.197,0.173,0,0,0,0.173,0,0,0,0.258,0,0.173,0,0,0.338,0,0.653,0,0.292,0,0,0.211,0.205,0,0,0,0,0.17,0,0,0,0,0.229,0,0,0,0,0,0,0,0,0,0.159,0,0,0,0,0,0,0.357,0,0.16,0,0,0,0,0,0,0,0,0,0,0,0,0,0,0,0,0,0,0,0,0,0,0,0,0,0,0,0,0,0.239,0,0,0,0,0,0,0,0,0,0,0,0,0,0,0,0,0,0,0,0,0,0,0,0,0.184,0,0,0,0,0,0,0,0,0,0,0,0,0,0,0,0,0,0,0,0,0,0,0,0,0,0,0,0,0,0,0,0,0,0,0,0,0,0,0,0,0,0,0,0,0.184,0,0,0,0,0,0,0.195,0,0,0,0,0,0,0,0,0,0,0,0,0,0,0,0,0,0,0,0,0,0,0,0,0,0,0,0,0,0,0,0,0,0,0,0,0,0,0,0,0,0,0,0,0,0,0,0,0,0,0.754,0,0,0,0,0,0,0,0.37,0,0,0,0,0,0,0,0,0,0,0,0,0,0,0,0,0,0,0,0,0,0,0,0,0,0,0,0,0,0,0,0,0,0,0,0,0,0,0,0,0,0,0,0,0,0,0,0,0,0,0,0,0,0,0,0,0,0,0,0,0,0,0,0,0,0,0,0,0,0,0,0,0,0.182,0,0,0,0,0,0,0,0,0,0,0,0,0,0,0,0,0,0,0,0,0,0,0,0,0,0,0,0,0,0,0,0,0.302,0,0,0,0,0,0,0,0,0,0,0,0,0,0,0,0,0,0,0,0,0,0,0,0,0,0,0,0,0,0,0,0,0,0,0,0,0,0,0,0,0,0,0,0,0,0,0.153,0,0,0,0,0,0,0,0,0,0,0,0,0,0.239,0,0,0,0.179,0,0,0,0,0,0,0,0,0,0,0,0,0,0,0,0,0,0,0.312,0,0,0,0,0,0,0,0,0,0.195,0,0,0,0,0,0,0,0,0,0,0,0,0,0.239,0,0,0,0,0,0,0,0,0,0,0,0,0,0,0,0,0,0,0,0,0,0,0,0,0,0,0,0,0,0,0,0,0,0,0,0,0,0,0,0,0,0,0,0,0,0,0,0,0,0,0,0,0,0,0,0,0,0.22,0,0,0,0,0,0,0,0,0,0,0.162,0,0.221,0,0,0.259,0,0,0.259,0,0,0,0,0,0,0,0,0,0.312,0,0,0,0,0,0,0,0,0,0,0,0,0,0,0.357,0,0,0,0,0.569,0,0,0,0,0,0,0,0,0,0,0,0.286,0,0,0,0,0,0,0,0,0,0,0,0.732,0,0,0,0,0,0,0,0.312,0,0,0,0,0,0,0,0,0,0,0,0.212,0,0,0,0,0,0,0,0,0,0,0.191,0,0,0,0,0,0,0,0,0,0,0,0,0,0,0,0,0,0,0,0,0,0,0,0,0,0,0,0.29,0,0,0,0,0,0,0,0,0,0,0,0,0,0,0,0,0,0,0,0,0,0,0,0,0,0,0,0.312,0,0,0,0,0,0,0,0.511,0,0,0.312,0,0,0,0,0,0,0,0,0,0,0,0,0,0,0,0,0,0,0,0.281,0,0,0,0,0,0,0,0,0,0,0,0,0,0,0,0,0,0,0,0,0,0,0,0,0,0,0,0,0,0,0,0,0,0,0,0,0.19,0.173,0,0,0,0.333,0.475,0,0,0.312,0,0,0,0,0,0,0,0,0,0.271,0,0,0,0,0,0,0,0,0,0,0,0,0,0,0,0,0,0,0,0,0,0,0.248,0,0,0,0,0,0.208,0,0,0,0,0,0,0,0,0,0,0,0,0,0,0,0,0,0,0,0,0,0,0,0,0,0,0.173,0,0,0,0,0,0,0,0,0,0,0,0,0,0,0,0,0.285,0.286,0,0,0,0,0,0.312,0.592,0,0,0,0,0,0,0,0,0,0,0,0,0,0,0.355,0,0,0,0,0.181,0,0,0,0,0,0,0,0,0,0,0.248,0,0.301,0,0,0,0,0,0,0,0,0,0,0,0,0,0,0,0,0,0,0,0,0,0,0,0,0,0,0,0,0,0,0,0,0,0.266,0,0,0,0,0,0,0,0.169,0,0,0,0,0,0,0,0,0,0,0,0,0,0,0,0,0,0,0,0,0,0,0,0,0,0,0,0,0,0,0,0,0,0,0,0,0,0,0,0,0,0,0,0,0,0.174,0,0,0,0,0,0,0,0.429,0,0,0,0,0,0,0,0,0,0,0,0,0,0,0,0,0,0,0,0,0,0,0,0.271,0,0.271,0,0,0,0,0,0,0,0,0,0,0,0,0,0,0,0.276,0,0.182,0,0,0,0,0,0,0,0,0,0,0,0,0,0,0,0,0,0,0,0,0,0,0,0,0,0,0,0,0,0,0,0,0,0,0.2,0,0,0,0,0,0,0,0,0,0,0,0,0,0,0,0,0,0,0.433,0,0,0,0,0,0.452,0,0,0,0,0,0,0,0,0,0,0,0,0,0,0,0,0,0,0,0,0,0,0,0,0,0,0,0,0,0,0,0,0,0,0,0,0,0,0,0,0,0,0,0,0,0,0,0,0,0.17,0,0,0,0,0,0,0,0,0,0.21,0,0,0,0,0,0,0,0,0,0,0,0.208,0,0,0,0,0,0,0,0,0,0,0,0,0,0,0,0.224,0,0,0,0,0,0,0,0,0,0,0,0,0,0,0,0,0,0,0,0,0,0.153,0,0,0,0,0,0,0,0,0,0,0,0,0,0,0,0,0,0,0,0,0,0,0,0,0,0,0,0,0,0,0.312,0,0,0,0,0,0,0,0,0,0,0,0,0,0,0,0,0,0.284,0,0,0,0,0,0,0.542,0,0,0,0,0,0,0.209,0,0,0,0,0,0,0,0.212,0,0,0,0,0.635,0,0,0,0,0,0,0,0,0,0,0,0,0,0,0,0,0,0,0,0,0,0,0,0,0,0,0,0,0,0,0,0,0,0,0,0,0,0,0,0,0,0,0,0,0,0,0,0,0,0,0,0,0,0,0,0,0,0,0,0,0,0,0,0,0,0,0.495,0.161,0.286,0,0,0,0,0,0,0,0,0,0,0,0,0,0,0,0,0,0.23,0,0,0,0,0.245,0,0,0,0,0,0,0,0,0,0,0,0,0,0,0,0,0,0,0,0,0,0,0,0,0,0,0,0,0.15,0,0,0,0,0,0,0,0,0,0,0,0,0,0,0,0,0,0,0,0,0,0,0.334,0,0,0,0,0,0,0,0,0,0,0,0,0,0,0,0.183,0,0.352,0,0,0,0,0,0,0,0,0,0,0,0,0,0,0,0,0,0,0,0,0,0,0,0,0,0,0,0,0,0,0,0,0,0,0.218,0.273,0,0,0,0,0,0,0,0,0,0,0,0,0,0,0,0,0,0,0,0,0,0,0,0,0,0,0,0,0,0,0,0,0,0,0,0,0,0,0,0,0,0,0,0,0,0,0,0,0,0,0,0,0,0,0,0,0,0,0,0,0,0,0,0,0,0,0,0,0,0,0,0,0,0,0,0,0,0,0,0,0,0.266,0,0,0,0,0,0,0,0,0,0,0,0,0,0,0,0,0,0,0,0,0,0,0,0,0,0,0,0,0,0,0,0,0,0,0,0,0,0.48,0,0,0,0,0,0,0.205,0,0,0,0,0,0,0,0,0,0,0,0,0,0,0,0,0,0,0,0,0,0,0,0,0,0,0,0,0,0,0,0,0,0.311,0,0,0,0,0,0,0,0,0,0,0,0,0,0
850592,0,0.3,0,0,0,0,0,0,0,0,0,0,0,0,0,0,0,0,0.297,0,0,0,0,0,0,0,0.334,0,0,0,0,0,0,0,0,0,0,0,0,0,0,0,0,0,0,0,0,0,0,0,0,0.999,0,0,0,0,0,0,0,0,0,0,0,0,0,0,0,0,0,0,0.368,0,0,0,0.89,0,0,0,0,0,0,0,0,0,0,0,0,0,0,0,0,0,0,0,0,0.999,0,0,0,0,0,0,0,0,0,0,0,0,0,0,0,0,0,0,0,0,0,0,0,0,0,0,0.247,0,0,0,0,0.83,0,0,0,0,0,0,0,0,0,0,0.35,0,0.999,0,0,0,0,0,0,0,0,0,0,0,0,0,0,0.9,0,0,0,0,0,0,0,0,0,0,0,0,0,0,0,0,0,0,0,0,0,0,0,0,0,0,0,0,0,0,0,0,0.235,0,0,0,0,0.183,0,0.152,0,0,0,0,0,0,0,0.744,0,0,0.999,0,0,0,0,0,0,0,0,0,0,0.193,0,0,0.999,0,0,0.68,0,0,0,0,0.166,0.332,0.157,0,0.999,0,0.209,0,0.385,0,0,0,0,0,0,0,0.406,0,0,0,0,0,0,0,0,0,0,0,0,0,0,0,0,0,0,0,0.305,0,0,0,0,0,0,0,0,0,0,0.979,0,0,0.183,0,0,0,0.386,0,0,0,0,0.909,0,0.157,0,0,0,0,0,0,0,0,0,0,0.999,0,0,0.312,0,0,0,0,0,0.999,0,0,0,0,0.98,0,0,0,0,0,0,0,0,0,0,0,0,0,0,0.935,0,0,0,0,0.183,0,0,0,0,0,0,0,0,0,0,0,0,0,0,0,0,0,0,0,0,0.28,0,0,0,0,0,0,0,0,0,0,0.191,0,0,0.999,0,0.672,0,0,0,0,0.999,0,0,0,0,0,0,0.999,0,0,0,0,0,0,0,0,0,0,0,0,0.999,0,0.173,0,0.161,0,0,0,0.218,0,0,0,0,0.376,0,0,0,0,0,0,0,0,0,0,0,0,0,0,0,0.401,0,0,0.183,0,0,0,0,0,0,0,0,0,0,0,0,0,0,0,0,0.243,0,0,0,0,0.998,0,0,0.283,0,0,0,0.573,0,0,0,0,0,0,0,0,0,0,0,0,0,0,0,0.999,0,0,0,0,0,0,0,0,0,0,0,0,0,0,0,0,0,0.514,0,0,0,0,0,0.901,0,0,0,0,0,0,0,0,0,0,0.442,0,0,0,0,0,0,0,0.999,0.317,0,0,0,0,0,0,0,0,0,0,0,0,0,0,0,0,0,0,0.524,0,0,0,0.196,0,0,0,0,0,0,0,0,0,0,0,0,0,0,0,0,0,0,0,0,0,0,0,0,0.321,0,0,0,0,0,0,0,0,0,0,0,0,0,0,0,0,0,0,0,0.989,0,0,0,0,0,0,0,0,0,0,0,0,0,0,0,0,0,0.171,0,0,0,0.156,0,0,0,0,0,0,0,0,0,0,0,0,0,0,0,0,0.173,0.901,0,0,0,0.28,0,0,0,0,0.754,0,0,0,0,0,0,0,0,0,0,0,0,0,0,0,0,0,0,0,0.161,0,0,0,0,0,0,0,0,0,0,0,0,0,0,0,0,0,0,0,0,0,0,0,0,0,0,0.709,0,0,0,0,0.155,0,0,0,0,0,0,0,0,0,0,0,0,0,0,0,0,0,0,0,0,0.597,0,0,0,0,0,0,0,0,0,0.253,0.999,0,0,0,0,0,0,0,0,0,0,0.999,0,0,0,0,0,0.288,0,0,0,0,0,0,0,0,0,0,0,0,0,0,0.999,0,0.173,0,0,0,0,0,0,0,0,0,0,0,0,0,0,0,0,0,0,0.19,0,0,0,0,0,0,0,0,0,0,0,0.357,0,0,0,0,0,0,0,0,0,0,0,0,0,0,0,0,0,0,0,0,0,0,0,0,0,0,0,0,0,0,0.835,0,0,0,0,0,0,0,0,0,0,0,0,0,0,0,0,0,0,0,0,0.183,0,0.999,0,0,0,0,0,0,0,0,0,0,0,0.224,0,0,0,0,0,0,0,0.173,0,0,0,0,0,0,0,0,0,0.999,0,0,0,0,0,0,0,0,0,0,0,0,0,0,0.999,0,0,0,0,0,0,0,0,0,0,0,0,0,0,0,0,0,0,0,0,0,0,0,0,0,0,0.979,0,0.998,0,0,0,0,0,0,0,0,0.999,0.254,0,0,0.198,0.441,0,0.999,0,0.98,0.291,0.999,0,0.213,0,0,0,0,0,0,0,0.212,0,0,0,0,0,0,0.953,0,0.919,0.999,0,0,0,0,0,0,0,0.277,0,0,0,0,0.152,0.216,0,0,0,0,0,0.999,0,0,0,0,0,0,0,0,0,0,0,0,0,0,0,0,0,0,0,0,0,0,0,0,0,0,0,0,0,0,0,0,0,0,0,0,0,0,0,0,0,0,0,0,0,0,0,0,0,0,0,0,0,0,0,0,0,0,0,0,0,0,0,0.999,0,0,0,0,0,0,0,0,0,0.999,0,0,0,0,0,0,0,0,0,0,0,0,0.901,0,0,0,0,0,0,0,0,0,0,0,0,0,0,0,0,0,0,0,0.537,0,0,0,0,0,0,0,0,0,0,0,0,0,0,0,0,0,0,0,0,0,0,0.198,0,0.198,0,0,0,0,0.999,0,0,0,0,0,0,0,0,0.983,0,0,0,0,0,0,0,0,0,0,0,0,0,0,0,0,0,0,0.999,0,0,0,0,0,0,0,0.192,0,0,0.999,0,0,0,0,0,0,0,0,0.999,0.604,0,0,0,0,0,0,0,0,0,0,0,0,0,0,0,0,0,0,0,0,0,0,0,0,0,0,0,0,0,0,0,0,0,0,0,0.999,0,0,0,0,0,0,0,0,0,0,0,0,0,0,0,0.999,0,0,0.911,0,0,0,0,0,0.829,0,0.976,0,0,0,0,0,0,0,0,0,0,0,0,0,0,0,0,0,0,0,0,0,0,0,0,0,0,0,0,0.999,0,0,0,0.339,0,0.443,0,0,0,0,0,0,0,0,0,0.808,0,0,0,0,0,0,0,0,0.441,0,0,0,0,0,0,0.999,0,0.999,0,0,0,0,0,0,0,0,0,0,0,0,0,0,0,0,0,0,0,0,0,0,0,0,0,0,0,0,0,0,0,0,0,0,0,0,0,0,0,0,0,0,0,0,0,0,0,0,0,0,0.64,0,0,0,0,0,0.597,0,0,0,0,0,0,0,0,0,0,0.307,0,0,0,0,0,0,0,0,0,0,0,0,0,0,0,0,0.999,0,0,0,0,0,0,0,0,0,0,0,0,0,0,0,0,0.171,0,0,0,0,0,0,0,0,0,0,0,0,0,0,0,0,0,0,0,0,0,0,0,0,0,0.64,0,0,0,0,0,0,0,0.442,0,0,0,0,0,0,0,0,0,0,0,0,0,0,0,0,0,0,0,0,0,0,0,0,0,0,0,0,0,0,0,0,0,0,0,0,0,0,0,0,0,0,0,0,0,0,0,0,0,0,0,0.999,0,0,0,0,0,0,0,0,0,0,0,0,0,0,0,0,0,0,0,0,0,0,0,0,0,0,0,0,0,0,0,0.392,0,0,0,0,0,0,0,0,0,0,0,0,0,0,0,0,0,0,0,0,0,0,0,0,0,0,0,0,0,0,0,0,0,0,0,0,0,0,0,0,0,0,0,0,0,0,0,0,0,0,0,0,0,0,0,0,0,0,0,0,0.406,0,0,0,0,0,0,0,0,0,0,0,0,0.214,0,0,0,0,0,0,0,0,0,0,0,0,0,0,0,0,0,0,0,0,0,0,0,0,0,0,0,0,0,0,0,0,0,0,0,0,0,0,0,0,0.277,0,0.295,0,0.8,0,0,0,0.999,0,0.313,0,0,0,0.222,0,0.256,0.155,0.896,0,0,0.979,0,0,0,0,0,0,0,0,0,0,0,0,0.205,0,0,0,0,0.263,0,0,0,0,0,0,0,0,0,0,0.999,0.364,0,0,0.999,0,0.896,0,0,0,0,0,0,0,0,0.999,0,0.415,0,0,0,0.197,0,0.22,0,0,0,0,0,0,0,0,0,0,0,0,0,0,0,0,0.181,0,0.999,0,0,0,0.171,0,0,0,0,0,0,0.155,0.896,0,0,0.833,0,0,0,0,0,0.515,0,0,0,0,0,0,0,0,0,0,0.999,0,0,0,0,0,0,0,0,0,0.999,0,0,0,0,0.283,0,0,0,0,0,0,0,0,0.183,0,0,0,0.8,0,0,0,0,0,0,0,0,0.999,0,0.468,0.83,0,0,0.174,0,0,0.331,0,0,0,0.893,0,0.999,0,0,0,0,0.357,0,0,0,0,0.237,0,0.309,0,0,0,0,0,0,0,0,0,0,0,0.903,0,0,0,0,0,0.901,0,0,0,0.322,0,0,0,0,0,0,0,0,0,0,0,0,0,0,0.162,0.282,0,0,0,0,0,0,0,0,0.293,0,0.152,0,0,0,0,0,0,0,0,0,0,0,0,0,0,0,0,0,0,0,0,0,0,0,0.159,0,0,0,0.896,0,0,0,0,0,0,0,0,0,0,0,0,0,0,0,0,0.218,0,0,0.999,0,0,0,0,0,0,0,0,0,0,0.161,0,0,0,0,0,0,0.275,0,0,0,0,0,0,0,0,0,0,0,0,0,0,0,0,0,0,0,0,0,0,0,0,0,0,0,0,0,0,0,0.911,0.495,0,0,0,0,0,0,0,0,0,0,0,0,0,0,0,0,0,0,0,0,0,0.83,0,0,0,0,0,0,0,0,0,0,0,0,0,0,0,0,0,0,0,0,0,0,0,0,0,0,0,0,0,0,0,0,0,0,0,0,0,0,0,0,0,0,0,0,0,0,0,0,0,0,0.495,0,0,0,0,0,0.219,0,0,0,0,0,0,0,0,0,0,0,0,0,0,0,0,0,0,0,0,0,0,0,0,0,0,0,0,0,0,0,0,0,0,0,0,0,0,0,0,0.912,0,0,0.999,0,0,0,0,0,0,0,0,0,0,0,0,0,0,0,0,0,0,0,0,0,0,0,0,0,0,0,0,0,0.191,0,0,0,0,0,0,0,0,0.362,0,0,0,0,0,0,0,0,0,0,0.516,0,0,0,0,0,0,0,0,0,0,0.885,0.317,0,0,0.513,0,0.999,0,0,0,0,0,0,0.301,0,0,0,0,0,0,0,0,0,0,0,0,0,0,0,0,0,0,0,0,0,0,0,0,0,0,0,0,0,0,0,0,0,0,0,0,0,0,0,0.999,0,0,0,0,0,0.999,0,0,0,0,0.999,0,0,0,0,0,0,0,0.262,0,0,0,0,0,0,0,0,0,0,0,0,0,0,0.917,0,0,0,0.495,0,0,0,0,0,0.268,0.23,0.999,0,0,0,0.882,0,0,0,0,0,0,0,0,0,0,0,0,0,0.788,0,0.301,0,0,0,0,0,0,0,0,0.197,0,0,0,0,0,0,0,0,0,0,0,0,0,0,0,0,0,0,0,0,0,0,0,0,0,0,0,0,0,0,0,0,0.243,0,0,0,0,0.406,0,0,0,0,0,0,0,0,0,0,0,0.999,0,0,0,0,0,0.179,0,0,0,0,0,0,0,0,0.916,0.25,0,0,0,0,0,0,0,0,0,0,0,0,0,0,0,0,0,0,0,0,0,0,0.844,0,0.28,0,0,0,0,0,0,0,0,0,0,0,0,0,0,0,0,0.999,0,0,0.999,0,0,0,0,0,0,0,0,0,0,0.311,0,0,0,0,0,0,0,0,0,0,0,0,0,0,0,0,0,0,0,0,0,0,0,0,0,0,0,0,0,0,0,0,0,0,0,0,0,0,0,0,0,0,0,0,0,0,0,0,0,0,0,0,0.194,0,0,0,0,0,0,0,0,0,0,0,0,0,0,0,0,0,0,0,0,0,0,0,0,0,0,0,0,0,0,0,0,0,0,0,0,0,0,0,0,0.429,0,0,0,0,0,0,0,0,0,0,0,0,0,0,0,0.802,0,0,0,0,0,0,0,0,0,0,0,0,0,0,0,0,0,0.168,0,0,0,0,0,0,0,0,0,0,0,0,0.244,0,0.203,0,0,0,0,0,0,0,0,0,0,0.999,0,0,0,0,0,0,0,0.159,0,0,0,0,0,0,0,0,0,0.297,0,0,0,0,0,0,0,0,0,0,0,0,0,0,0,0,0.754,0,0,0,0,0,0,0,0,0,0,0,0,0.562,0,0,0,0,0,0,0,0,0,0,0,0,0,0,0,0,0,0,0,0,0,0,0,0,0,0,0,0,0,0,0,0.173,0,0,0,0,0,0.8,0,0.569,0,0,0,0,0,0,0,0,0,0,0,0,0,0,0,0,0,0,0,0,0,0,0,0,0,0,0,0,0,0,0,0,0,0,0,0,0,0,0,0,0,0,0,0,0,0,0,0,0,0,0,0,0,0,0,0,0,0,0,0,0,0,0,0,0,0,0,0,0,0,0,0,0,0,0,0.8,0,0,0,0,0,0,0,0,0,0,0,0,0,0,0.73,0.921,0.999,0.9,0,0.904,0.188,0,0.999,0.999,0.999,0.803,0,0.999,0,0,0,0.999,0.155,0.892,0.999,0,0,0,0,0,0,0.999,0.168,0.999,0.31,0,0.999,0.165,0,0,0,0,0.885,0.999,0.22,0.999,0.229,0.988,0,0,0,0.999,0.999,0.226,0.919,0.278,0.899,0.555,0,0.823,0.904,0,0.853,0,0.225,0.998,0.999,0.999,0.999,0.985,0.999,0.999,0.547,0.341,0.999,0.878,0.999,0,0,0,0.884,0,0,0,0.999,0.999,0,0.999,0.999,0.999,0,0.157,0.999,0,0.88,0.897,0,0.999,0,0.809,0,0.999,0.999,0,0.988,0,0.165,0.999,0,0.999,0.999,0.903,0,0.999,0.236,0.268,0.999,0.978,0.999,0.91,0.999,0.999,0.881,0.999,0.952,0,0.609,0,0.999,0.999,0.877,0.925,0,0,0.924,0,0.999,0,0.879,0,0.999,0.945,0,0,0,0.463,0.999,0.999,0,0,0.754,0.999,0.227,0,0.999,0,0.642,0.802,0.999,0.999,0,0.993,0,0.999,0,0.877,0.999,0.883,0.887,0.999,0.999,0.284,0,0.999,0.999,0.887,0.271,0,0,0,0,0,0,0.296,0.66,0.649,0,0.87,0,0.733,0,0,0.988,0.999,0.999,0.999,0.172,0,0,0.999,0.999,0,0.256,0.999,0,0.999,0.999,0,0.999,0.211,0.632,0.999,0,0.999,0.263,0,0.992,0.999,0.999,0,0.898,0.999,0,0.961,0,0,0.999,0.201,0.999,0,0,0.999,0,0,0,0,0,0,0,0,0,0,0.718,0,0,0,0,0,0.309,0,0,0,0,0,0,0,0,0,0,0,0,0,0,0,0,0,0,0,0,0,0,0,0,0,0,0.999,0,0,0,0,0,0,0,0,0,0,0,0,0,0,0,0,0.164,0,0,0,0,0,0,0,0,0,0,0.697,0,0,0,0,0,0,0,0,0,0,0,0,0,0,0,0,0,0,0,0,0,0,0,0,0,0,0,0,0,0,0,0,0,0,0,0,0,0,0,0,0,0,0,0,0,0,0,0,0,0,0,0,0,0,0,0,0,0,0,0,0,0,0,0,0,0,0,0,0,0,0,0,0,0,0,0,0,0,0,0,0,0,0,0,0,0,0,0,0,0,0,0,0,0,0,0,0,0,0,0,0,0,0,0,0,0,0,0,0,0,0,0,0,0,0,0,0.173,0,0,0,0,0,0,0,0,0,0,0,0,0,0,0,0,0,0,0,0,0,0,0,0,0,0,0,0,0,0,0,0,0,0,0,0,0,0,0,0,0,0,0,0,0,0,0,0,0,0,0,0.317,0,0,0.903,0,0,0,0.941,0,0,0.152,0.91,0,0,0,0,0.248,0,0,0,0,0,0,0,0,0,0,0,0,0,0,0,0,0,0,0,0,0,0,0,0,0,0,0,0.681,0,0,0,0,0,0,0.229,0,0,0,0,0,0,0,0,0,0,0,0,0,0,0,0,0,0,0,0,0,0,0,0,0,0,0,0,0,0,0,0,0,0,0,0.162,0,0,0,0,0,0,0,0,0,0,0,0,0,0,0,0,0,0,0,0,0,0,0,0,0,0,0,0,0,0,0,0,0,0,0,0,0,0,0,0,0,0,0,0,0,0,0.231,0,0,0,0,0,0,0,0,0,0,0,0,0,0,0,0,0,0,0,0,0,0,0,0,0,0,0,0,0,0,0,0,0,0,0,0,0,0.212,0,0,0,0,0,0,0,0,0,0,0,0,0,0,0,0,0,0,0,0,0,0,0,0,0,0,0.181,0,0,0,0,0,0,0,0,0,0,0,0,0,0,0,0,0,0,0,0,0,0,0.21,0,0,0,0,0,0,0,0,0,0,0,0,0,0,0,0,0,0,0,0,0,0,0,0,0,0,0,0,0,0,0,0,0,0,0,0,0,0,0,0,0,0,0,0,0,0.28,0,0.158,0,0,0,0,0,0,0,0,0,0,0,0,0,0,0,0,0,0,0,0,0,0,0,0,0,0,0,0,0,0,0,0,0,0,0,0,0,0,0,0,0,0,0,0,0,0,0,0,0,0,0,0,0,0,0,0,0,0,0.193,0,0.21,0,0,0,0,0,0,0,0,0,0,0,0,0,0,0,0.196,0,0,0,0,0,0,0,0,0,0,0,0,0,0,0,0,0,0,0,0,0,0,0,0,0,0,0.159,0,0,0,0,0,0,0,0,0,0,0,0,0,0.299,0,0,0,0,0,0,0,0,0,0,0,0,0,0,0,0,0,0,0,0,0,0,0,0,0,0,0,0,0,0,0,0,0,0,0,0,0,0,0,0,0,0,0,0,0,0,0,0,0,0,0,0,0,0,0,0,0,0,0,0,0,0,0,0,0,0,0,0,0,0,0,0,0,0,0,0,0,0,0,0,0,0,0,0,0,0,0,0,0,0,0,0,0,0,0,0,0,0,0,0,0,0,0,0,0,0,0,0,0,0.276,0,0,0,0,0,0,0,0,0,0,0,0,0,0,0,0,0,0,0,0,0,0,0,0,0,0.883,0,0,0,0,0,0,0,0,0,0,0,0,0,0,0,0,0,0,0,0,0,0,0,0,0.207,0,0,0,0,0,0,0,0,0,0,0.151,0,0,0,0,0,0,0,0,0,0,0,0.189,0,0,0,0,0,0,0,0,0,0,0.173,0,0,0,0,0,0,0,0,0,0,0,0,0,0,0,0,0.32,0,0,0,0,0,0,0.23,0,0,0,0,0,0,0,0,0,0,0,0,0,0,0,0,0,0,0,0,0,0,0,0,0,0,0,0,0,0,0,0,0,0,0,0,0,0,0,0,0,0,0,0,0,0,0,0,0,0,0,0,0,0,0,0,0,0,0,0,0,0,0,0,0.555,0,0,0,0,0,0,0,0,0,0,0,0,0,0,0,0,0,0,0,0.171,0.309,0,0,0,0,0,0,0,0,0,0,0,0,0,0,0,0,0,0,0,0,0,0,0,0,0,0,0,0,0,0,0,0,0,0,0,0,0,0,0,0,0,0,0,0.179,0,0,0,0,0,0,0,0,0,0,0,0,0,0,0,0,0,0,0,0,0,0,0,0,0,0,0,0,0,0,0,0,0,0,0,0,0,0,0,0,0,0,0,0,0,0,0,0,0,0,0,0,0,0,0,0,0,0,0,0,0,0,0,0,0,0,0,0,0,0,0,0,0,0,0,0,0,0,0,0,0,0,0,0,0,0,0,0,0,0,0,0,0,0,0,0,0,0,0,0,0,0,0,0,0,0,0,0,0,0,0,0,0,0,0,0,0,0,0,0,0,0,0,0,0,0,0,0,0,0,0,0,0,0,0,0,0,0,0,0,0,0,0,0,0,0,0,0,0,0,0,0,0,0,0,0,0,0,0,0,0,0,0,0,0,0,0,0,0,0,0,0,0,0,0,0,0,0,0,0,0,0,0,0,0,0,0,0,0,0,0,0,0,0,0,0,0,0,0,0,0,0,0,0,0,0,0,0,0,0,0,0,0,0,0,0,0,0,0,0,0,0.196,0,0,0,0,0,0,0,0,0,0,0.196,0.196,0,0,0,0,0,0,0,0,0,0,0,0,0,0,0,0,0,0,0,0,0,0,0,0,0,0,0,0,0,0,0,0,0,0,0,0,0,0,0,0,0,0,0,0,0,0,0,0,0,0,0,0,0,0,0,0,0,0,0,0,0,0,0,0,0,0,0,0,0,0,0,0,0,0,0,0,0,0,0,0,0,0,0,0,0,0,0,0,0,0,0,0,0,0,0,0,0,0,0,0,0,0,0,0,0,0,0,0,0,0,0,0,0,0
855126,0,0,0,0,0,0,0,0,0,0,0,0,0,0,0,0,0,0,0,0,0,0,0,0,0,0,0,0,0,0,0,0,0,0,0,0,0,0,0,0,0,0,0,0,0,0,0,0,0,0,0,0,0,0,0,0,0,0,0,0,0,0,0.158,0,0,0,0,0,0,0,0,0,0,0,0,0,0,0,0,0,0,0,0,0,0,0,0,0,0,0,0,0,0,0,0,0,0,0,0,0,0,0,0,0,0,0,0,0,0,0,0,0,0,0,0,0,0,0,0,0,0,0,0,0,0,0,0,0,0,0,0,0,0,0,0,0,0,0,0,0,0,0,0,0,0,0,0,0,0,0,0,0,0,0.183,0,0,0,0,0,0,0,0,0,0,0,0,0,0,0,0,0,0,0,0,0,0,0,0,0,0,0,0,0,0,0,0,0,0,0,0,0,0,0,0,0,0,0,0,0,0,0,0,0,0,0,0,0,0,0,0,0,0,0,0,0,0,0,0,0,0,0,0,0,0,0,0.229,0,0,0,0,0,0,0,0,0,0,0,0.45,0,0.203,0,0,0,0,0,0,0,0,0,0,0,0.444,0,0,0,0,0,0,0,0,0,0,0,0,0,0,0,0,0,0,0,0.193,0,0,0,0,0,0,0,0,0,0,0,0,0,0,0,0,0,0,0,0,0,0,0,0,0,0,0,0,0,0,0,0,0,0,0,0,0,0,0,0,0,0,0,0,0,0,0,0,0,0,0,0,0,0,0,0,0,0,0,0.368,0,0,0,0,0,0,0.978,0,0,0,0,0,0,0,0,0,0,0,0,0,0,0,0,0,0,0,0,0,0,0,0,0,0,0,0,0,0,0,0,0,0,0,0,0,0,0,0,0,0,0,0,0,0,0,0,0,0,0,0,0,0,0,0,0,0,0,0,0,0,0,0.454,0,0,0,0,0,0,0,0,0,0,0,0,0,0,0,0,0,0,0,0,0,0,0,0,0,0,0,0,0,0.152,0,0,0,0,0,0,0,0,0,0,0,0,0,0,0,0,0.788,0,0,0,0,0,0,0,0,0,0,0.161,0,0,0,0,0,0,0,0,0,0,0,0,0,0,0,0,0,0,0,0,0,0,0,0,0,0,0,0,0,0,0,0,0,0,0,0.386,0,0,0,0,0,0,0,0,0,0,0.456,0,0,0,0,0,0,0,0,0,0,0,0,0,0.444,0,0,0,0,0,0,0,0,0,0,0,0,0,0,0,0,0,0,0,0,0,0,0,0,0,0,0,0,0,0,0,0,0.443,0.159,0,0,0,0,0,0,0,0,0,0,0,0,0,0,0,0,0,0,0,0,0,0,0,0,0,0,0,0,0,0,0,0,0,0,0,0,0,0,0,0,0.213,0,0,0,0,0,0,0,0,0,0,0,0,0,0,0,0,0,0,0,0,0,0,0,0,0,0,0,0,0,0,0,0,0,0,0,0,0,0.196,0,0,0,0,0,0,0,0,0,0,0,0,0,0,0,0,0,0,0,0,0,0,0,0,0,0,0,0,0,0,0,0,0,0,0,0,0,0,0,0,0,0,0,0.196,0,0,0,0,0,0,0,0,0,0.704,0,0,0,0,0,0,0,0,0,0,0,0,0,0,0,0,0,0,0,0,0,0,0,0,0,0,0,0.161,0,0,0,0,0,0,0,0,0,0,0,0,0,0,0,0,0,0,0,0,0,0,0,0,0,0,0,0,0.398,0,0,0,0,0,0,0,0,0,0,0,0,0,0,0,0,0,0,0,0,0,0,0,0,0,0,0,0,0.555,0,0,0,0,0,0,0,0,0,0,0,0,0,0,0,0,0,0,0,0,0,0,0,0,0,0,0,0,0,0,0,0,0,0,0,0,0,0,0,0,0,0,0,0,0,0,0,0,0,0,0.448,0,0,0,0,0,0,0,0,0,0,0,0,0,0,0,0,0,0,0,0.176,0,0.441,0,0,0,0,0,0.153,0,0,0,0,0,0,0,0,0,0,0,0,0,0,0,0,0,0,0,0,0,0,0,0,0,0,0,0,0,0,0,0,0,0,0,0,0,0,0,0,0,0,0,0,0,0,0,0,0,0.369,0,0,0,0,0,0,0,0,0,0,0,0,0,0,0,0,0,0,0,0,0,0,0.169,0,0,0,0,0,0,0,0,0.22,0,0.185,0,0,0,0,0.311,0,0,0,0,0,0,0,0,0,0,0,0,0,0,0.194,0,0,0,0,0,0,0,0,0,0,0,0,0,0,0,0,0,0,0,0,0,0,0,0,0,0,0,0,0,0,0,0,0,0,0,0,0,0,0,0,0,0,0.218,0,0.193,0,0,0,0,0,0,0,0,0,0,0,0,0,0,0,0,0,0,0,0,0,0,0,0,0,0,0,0,0,0,0,0,0,0,0,0,0,0,0,0,0,0,0,0,0,0,0.613,0,0,0,0,0,0,0,0,0,0,0,0,0,0,0,0,0,0,0,0,0,0,0,0,0,0,0,0,0,0,0,0,0,0,0,0,0,0,0,0,0,0,0,0,0,0,0,0,0,0,0,0,0,0,0,0,0,0,0,0,0,0,0,0,0,0,0,0,0,0,0,0,0,0,0,0,0,0,0,0,0,0,0,0,0,0,0,0,0,0,0,0,0,0,0,0,0,0,0,0,0,0,0,0,0,0,0,0,0,0,0,0,0,0,0,0,0,0,0.195,0,0,0,0,0,0,0,0,0,0,0,0,0,0.177,0,0,0,0,0,0,0,0,0,0,0,0,0,0,0,0,0,0,0,0,0,0,0,0,0,0,0,0,0,0,0.173,0,0,0,0,0,0,0,0,0,0,0,0,0,0,0,0,0,0,0,0,0,0,0,0,0,0,0,0,0,0,0,0.186,0,0.203,0,0,0,0,0,0,0,0,0,0,0,0,0,0,0,0,0,0,0,0,0,0,0,0,0,0,0,0.2,0,0,0,0,0,0,0,0,0.636,0,0,0,0,0,0,0,0,0,0,0,0,0,0,0,0,0,0,0,0,0,0,0,0,0,0,0,0,0,0,0,0,0,0,0,0,0,0,0,0,0,0.991,0,0,0,0,0,0,0,0.264,0,0,0,0,0,0,0,0,0,0.153,0,0,0,0,0,0,0,0,0,0,0,0,0,0,0,0,0.189,0,0,0,0,0,0,0,0,0,0,0,0,0,0,0,0,0,0,0.434,0,0,0,0,0.198,0,0.19,0,0,0,0,0,0,0,0,0,0,0,0,0,0,0,0,0,0.561,0,0,0,0,0,0,0,0,0,0,0,0,0,0,0,0.177,0,0,0,0,0,0,0,0,0,0,0,0,0,0,0,0,0,0,0,0,0,0,0,0,0,0,0.511,0,0.155,0,0,0,0,0,0,0,0,0,0,0,0,0,0,0,0,0,0,0,0,0,0,0,0,0,0,0,0,0,0,0,0,0,0,0,0,0,0.214,0,0,0,0,0,0,0,0,0,0,0,0,0,0,0,0,0,0,0,0,0,0,0,0,0,0,0,0,0,0,0,0,0,0,0,0,0,0,0,0,0,0,0,0,0,0,0,0,0.241,0,0,0,0,0,0,0,0,0,0,0,0,0,0,0,0,0,0,0,0,0,0,0,0,0,0,0,0,0,0,0,0,0,0,0,0,0,0,0,0,0,0,0,0,0,0,0,0,0,0,0,0,0,0,0,0,0,0,0,0,0,0,0,0,0,0,0,0,0,0,0,0,0,0,0,0,0,0,0,0,0,0,0,0,0,0,0,0,0,0,0,0,0,0,0,0,0,0.194,0,0,0,0,0,0,0,0,0,0,0,0,0,0,0,0,0,0,0,0,0,0,0,0,0,0,0,0,0,0,0,0,0,0,0,0.969,0,0,0,0,0,0,0,0,0,0,0,0,0,0,0,0,0,0,0,0,0,0,0,0,0,0,0,0,0,0,0,0,0,0,0,0,0,0,0,0,0,0,0.486,0,0,0,0,0,0,0,0,0,0,0,0,0,0,0,0,0,0,0,0,0,0,0,0,0,0,0.29,0,0,0,0,0,0,0,0,0,0,0,0,0,0,0,0,0,0,0,0,0,0,0,0,0,0,0.19,0,0,0,0,0,0,0,0,0,0,0,0,0,0,0,0,0,0,0,0,0,0,0,0,0,0,0,0.173,0,0,0,0,0,0,0,0,0,0,0,0,0,0,0,0,0,0,0,0,0,0,0,0,0,0,0,0,0,0,0,0,0,0,0,0,0,0,0,0,0,0,0,0,0,0,0,0,0,0,0,0,0,0,0,0,0,0,0,0.202,0,0,0,0,0,0,0,0,0,0,0,0,0,0,0,0,0,0,0,0,0,0,0,0,0,0,0,0,0,0,0,0,0,0,0,0,0,0,0,0,0,0,0,0,0,0,0,0,0,0,0,0,0,0.192,0,0,0,0,0,0,0,0,0,0,0,0,0,0,0,0,0,0,0,0,0,0,0,0,0,0,0,0,0,0,0,0,0,0,0,0,0,0,0,0,0,0,0,0,0,0,0,0,0,0,0,0,0,0,0,0,0,0,0,0,0,0,0,0,0,0,0,0,0,0,0,0,0,0,0,0,0,0,0,0,0,0,0,0,0.176,0,0,0,0,0,0,0,0,0,0,0,0,0,0,0,0,0,0,0,0,0,0,0,0,0,0,0,0,0,0,0,0,0,0,0,0,0,0,0,0,0,0,0,0,0,0,0,0,0,0,0,0,0,0,0,0,0,0,0,0,0,0,0,0,0,0,0,0,0,0,0,0,0,0,0,0,0,0,0,0,0,0,0,0,0,0,0,0,0,0,0,0,0,0,0,0,0,0,0,0,0,0,0.155,0,0,0,0,0,0,0,0,0,0,0,0,0,0,0,0,0,0,0,0,0.238,0,0,0,0,0,0,0,0,0,0,0,0,0,0,0,0,0,0,0,0,0,0,0,0,0,0,0,0,0,0,0,0,0,0,0.161,0,0,0,0,0,0,0,0.166,0,0,0,0,0,0,0,0,0,0,0,0,0,0,0,0,0,0,0,0,0,0,0,0,0,0,0,0,0,0,0,0,0,0,0,0,0,0,0,0,0,0,0,0,0,0,0,0,0,0,0,0,0,0,0,0,0,0,0,0,0,0,0,0,0,0,0,0,0,0,0,0,0,0,0,0,0,0,0,0,0,0,0,0,0,0,0,0,0,0,0,0,0,0,0,0,0,0,0,0,0,0,0,0,0,0,0,0,0,0,0,0,0,0,0,0,0,0,0,0,0,0,0,0,0,0,0,0,0,0,0,0,0,0,0,0,0,0,0,0,0,0,0,0,0,0,0,0,0,0,0,0,0,0,0,0,0,0,0,0,0,0,0,0,0,0,0,0,0,0,0,0,0,0,0,0,0,0,0,0,0,0,0,0,0,0,0,0,0,0,0,0,0,0,0,0,0,0,0,0,0,0,0,0,0,0,0,0,0.766,0,0,0,0,0,0,0,0,0,0,0,0,0,0,0,0,0,0,0,0,0,0,0,0,0,0,0,0,0,0,0,0,0,0,0,0,0,0,0,0,0,0,0,0,0,0,0,0,0,0,0,0,0,0,0,0,0,0,0,0,0,0,0,0,0,0,0,0,0,0,0.159,0,0,0,0,0,0,0,0,0,0,0,0,0,0,0,0,0,0,0,0,0,0,0,0,0,0,0,0,0,0,0,0,0,0,0,0,0,0,0,0,0,0,0,0.271,0,0,0,0,0,0,0,0,0,0,0,0,0,0,0,0,0,0,0,0.16,0,0,0,0,0,0,0,0,0,0,0.194,0,0,0,0,0,0,0,0,0,0,0,0,0,0,0,0,0,0,0,0,0,0,0,0,0,0,0,0,0,0,0,0,0,0,0,0,0,0.164,0,0,0,0,0,0,0,0,0,0,0,0,0,0,0,0,0,0,0.198,0,0,0,0,0,0,0,0,0,0,0,0,0,0,0,0,0,0,0.215,0,0,0,0,0,0,0,0,0,0,0,0,0,0,0,0,0,0,0,0,0,0,0,0,0,0,0,0,0,0,0,0,0,0,0,0,0,0,0,0,0,0,0,0,0,0,0,0,0,0.334,0,0,0,0,0,0,0,0,0,0.445,0,0,0,0,0,0,0,0,0,0,0,0,0,0,0,0,0.272,0,0,0,0,0,0,0,0,0,0,0,0,0,0,0,0,0,0,0,0,0,0,0,0,0,0,0,0,0,0,0.588,0,0,0,0,0,0,0.336,0,0,0,0,0,0,0,0,0,0,0,0,0,0,0,0,0,0,0,0,0,0,0,0,0,0,0,0,0,0,0,0,0,0,0,0,0,0,0,0,0,0,0,0,0,0.159,0,0,0,0,0,0,0,0,0,0,0,0,0,0,0,0,0,0,0,0,0,0,0,0,0,0,0,0,0,0,0,0,0,0,0,0,0,0,0,0,0,0,0,0,0,0,0,0,0,0,0,0,0,0,0,0,0,0,0,0,0,0,0,0,0,0,0,0,0,0,0,0,0,0,0.309,0,0,0,0,0,0,0,0,0,0,0,0,0,0,0,0,0,0,0,0,0,0,0,0,0,0,0,0,0,0,0,0,0,0,0,0,0,0,0,0,0,0,0,0,0,0,0,0.179,0,0,0,0,0,0,0,0,0,0,0,0,0,0,0,0,0.227,0,0,0,0,0,0,0,0,0,0,0,0,0,0,0,0,0,0,0,0,0,0,0,0,0,0,0,0,0,0,0,0,0,0,0,0,0,0,0,0,0,0,0,0,0,0,0,0,0.335,0,0,0,0,0,0,0,0,0,0,0,0,0,0,0,0,0,0,0,0,0,0,0,0,0,0,0,0,0,0,0,0,0,0,0,0,0,0,0,0,0,0,0,0,0,0,0,0,0,0,0,0,0,0,0,0,0,0,0,0,0,0,0,0,0,0,0,0,0,0,0,0,0,0,0,0,0,0,0,0,0,0,0,0,0,0,0,0,0,0,0,0,0,0,0,0,0,0,0,0,0,0,0,0,0,0,0,0,0,0,0,0,0,0,0,0,0,0,0,0,0.482,0,0,0,0,0,0,0,0,0,0,0,0,0,0,0,0,0,0,0,0,0,0,0,0,0,0,0,0,0.158,0,0,0,0,0,0,0,0,0,0,0,0,0,0,0,0,0,0,0,0,0,0,0,0,0,0,0,0,0,0,0,0,0,0,0,0,0,0,0,0,0,0,0,0,0,0,0,0,0,0,0,0,0,0,0,0,0,0,0,0,0,0,0,0,0.22,0,0,0,0,0,0,0,0,0,0,0,0,0,0,0,0,0.276,0,0,0,0,0,0,0,0,0,0,0,0,0,0,0,0,0,0,0,0,0,0,0.208,0,0,0,0,0,0,0,0,0,0,0,0,0,0,0,0,0,0,0,0,0.252,0,0,0,0,0,0,0,0,0,0,0,0,0.299,0,0.298,0.229,0,0,0,0,0.351,0,0,0,0,0,0,0,0,0,0,0,0,0,0,0,0,0,0,0,0,0,0,0,0,0,0,0,0,0,0,0,0,0,0,0,0,0,0,0,0,0,0,0,0,0,0,0,0,0,0,0,0,0,0,0,0,0,0,0,0,0,0,0,0,0,0,0,0,0,0,0,0,0,0,0,0,0,0,0,0,0,0,0,0,0,0,0,0,0,0,0,0,0,0,0,0,0,0,0.256,0,0,0,0,0.329,0,0,0,0,0,0,0,0,0,0,0,0,0,0,0.23,0,0,0,0,0,0,0,0,0,0,0,0,0,0,0,0.231,0,0,0,0,0,0,0,0,0,0,0,0,0,0,0,0.631,0,0,0,0,0,0,0,0,0,0,0,0,0,0,0,0,0,0,0,0,0,0,0,0,0,0,0,0,0,0,0,0,0,0,0,0,0,0,0,0,0,0,0,0,0,0,0,0,0,0,0,0,0,0,0,0,0,0,0,0,0,0,0,0,0,0,0,0,0,0,0,0,0,0,0,0,0,0,0,0,0,0,0,0,0,0,0,0,0,0,0,0,0,0,0,0,0,0,0,0,0,0,0,0,0,0,0,0,0,0,0,0,0,0,0,0,0,0,0,0,0,0,0,0,0,0,0,0,0,0,0,0,0,0,0,0,0,0,0,0,0,0,0,0,0,0,0,0,0,0,0,0,0,0,0,0,0,0,0,0,0,0,0,0,0,0,0,0,0,0,0,0,0,0,0,0,0,0,0,0,0,0,0,0,0,0,0,0,0,0,0,0,0,0,0,0,0,0,0,0,0,0,0,0,0,0,0,0,0,0,0,0,0,0,0,0,0,0,0,0,0,0,0,0,0,0,0,0,0,0,0,0,0,0,0,0,0,0,0,0,0,0,0,0,0,0,0,0,0,0,0,0,0,0,0,0,0,0,0,0,0,0,0,0,0,0,0,0,0,0,0,0,0,0,0,0,0,0,0,0,0,0,0,0,0,0,0,0,0,0,0,0,0,0,0,0,0,0,0,0,0,0,0,0,0,0,0,0,0,0,0,0,0,0,0,0,0,0.399,0,0,0,0,0,0,0,0,0,0,0,0,0,0,0,0,0,0,0,0,0,0.164,0,0,0,0,0,0,0.199,0,0,0,0,0,0,0,0,0,0,0,0,0,0,0,0,0,0,0,0,0,0,0,0,0,0,0,0,0,0,0.173,0,0,0,0,0,0,0,0,0,0,0,0,0,0,0,0,0,0,0,0,0,0,0,0,0,0,0,0,0,0,0,0,0,0,0,0,0,0,0,0,0,0,0,0,0,0,0,0,0,0,0,0,0,0,0,0,0,0,0,0,0,0,0,0,0,0,0,0,0,0,0,0,0,0,0,0,0,0,0,0,0,0,0,0,0,0,0.505,0,0,0,0,0,0,0,0,0,0,0,0,0,0,0,0,0,0,0,0,0,0,0,0,0,0,0,0,0,0,0,0,0,0,0,0,0,0,0,0,0,0.207,0,0,0,0,0,0,0,0,0,0,0,0,0,0,0,0,0,0,0,0,0,0,0,0,0,0,0,0,0,0,0,0,0,0,0,0,0,0,0,0,0,0,0,0,0,0,0,0,0,0,0,0,0,0,0,0,0,0,0,0,0,0,0,0,0,0,0.305,0,0,0,0,0,0,0,0,0,0,0,0,0,0,0,0,0,0,0,0,0,0,0,0,0,0,0,0,0,0,0,0,0,0,0,0,0,0,0,0,0,0,0,0,0,0,0,0,0,0,0,0,0,0,0,0.354,0,0,0,0,0,0,0,0,0,0,0,0,0,0,0,0,0,0,0,0,0,0,0,0,0,0,0,0,0,0,0,0,0.309,0,0,0,0,0,0,0,0,0,0,0,0,0.297,0.271,0,0,0,0,0,0,0,0,0,0,0,0,0,0,0,0,0,0,0,0,0,0,0,0,0,0,0,0,0,0,0,0,0,0,0,0,0,0,0,0,0,0,0,0,0,0,0,0,0,0,0,0,0,0,0,0,0,0,0,0,0,0,0,0,0,0,0,0,0,0,0,0,0,0,0,0,0,0,0,0,0,0,0,0,0,0,0,0,0,0,0,0,0,0,0,0,0,0,0,0,0,0,0,0,0,0,0,0,0,0,0,0,0,0,0,0,0,0,0,0,0,0,0,0,0,0,0,0,0,0,0,0,0,0,0,0,0,0,0,0,0,0,0,0,0,0,0,0,0,0.333,0,0,0,0,0,0,0,0,0,0,0,0,0,0,0,0,0,0,0,0,0,0,0,0,0,0,0,0,0,0,0,0,0,0,0,0,0,0,0,0,0,0,0,0,0,0,0,0,0,0,0,0,0,0,0,0
851676,0.21,0.701,0.479,0.57,0,0,0.956,0.342,0.278,0,0.398,0,0,0,0,0.367,0.598,0.366,0,0,0.282,0,0,0.198,0.312,0,0.425,0,0,0,0,0,0.231,0.221,0.832,0,0,0,0,0.288,0.501,0.532,0,0,0.368,0.184,0,0.198,0.253,0,0,0,0,0,0,0.267,0,0.268,0.188,0.282,0.335,0.197,0.326,0,0.532,0.393,0,0.836,0.224,0,0.718,0.245,0,0,0.365,0.335,0.255,0,0.639,0.245,0.263,0,0,0,0,0.616,0,0.225,0.813,0,0.289,0,0,0.237,0.433,0,0.871,0.401,0.981,0.292,0,0,0.565,0.195,0.991,0.884,0.335,0.896,0.282,0,0,0,0,0.206,0.168,0,0,0,0.813,0,0,0.635,0,0.16,0,0.196,0,0,0,0,0.171,0.166,0,0,0,0.275,0,0.165,0.418,0.295,0,0,0.63,0,0,0.779,0,0,0,0,0.6,0,0,0.963,0,0.578,0.187,0,0,0.343,0,0,0,0.913,0,0,0,0.606,0,0.254,0,0,0,0,0,0.168,0,0.185,0.651,0.458,0.38,0.464,0,0,0,0,0,0,0,0,0,0,0,0.182,0,0.409,0,0,0,0,0,0.163,0,0,0,0,0,0,0,0.547,0,0,0,0,0,0,0,0,0.162,0,0.294,0,0,0,0,0,0,0,0,0.385,0.166,0,0,0,0,0.222,0.398,0.357,0,0.295,0,0,0,0.34,0,0,0,0.152,0,0,0,0,0.421,0,0,0,0.335,0,0,0,0,0,0,0.264,0,0,0,0,0,0,0,0,0,0.224,0,0.406,0,0,0.182,0,0.295,0,0.573,0,0,0.155,0,0.206,0.348,0.217,0,0,0,0,0,0.39,0,0,0,0,0,0.312,0,0,0,0,0.287,0,0,0.213,0,0.175,0,0.91,0.406,0,0.346,0.281,0,0.175,0,0,0,0,0.153,0,0,0,0.198,0,0,0.616,0,0,0.164,0.259,0,0,0.668,0,0,0,0,0.223,0,0.574,0.222,0,0,0.192,0,0,0,0,0,0,0.21,0.295,0,0,0,0.287,0,0.154,0,0.236,0.49,0,0,0,0.351,0.449,0.228,0,0,0,0,0.217,0.151,0.249,0,0,0,0.234,0,0,0,0.174,0,0.205,0,0,0,0,0,0,0.216,0,0.322,0,0,0,0,0.259,0.559,0,0,0,0,0.54,0,0,0,0,0,0,0,0,0,0,0,0,0,0,0,0,0,0,0.182,0,0.538,0,0.206,0,0,0,0,0.735,0.515,0,0,0.289,0,0,0,0.38,0.481,0,0,0,0,0,0.533,0.321,0.155,0,0,0,0,0,0,0.438,0.281,0,0,0.217,0,0,0,0,0,0,0,0,0,0,0,0.151,0,0,0,0,0,0,0,0.262,0,0,0,0.18,0,0,0.198,0,0.225,0,0,0,0,0,0,0,0,0,0,0,0,0,0,0,0.161,0,0,0,0,0,0,0,0,0,0,0,0.437,0,0,0,0,0,0,0.234,0,0,0,0.171,0,0,0,0,0.274,0,0.306,0,0,0.165,0,0,0,0,0.414,0.152,0.199,0,0.286,0,0,0,0.221,0.477,0,0,0,0,0,0,0,0,0,0,0,0.172,0,0.218,0,0,0.525,0,0,0,0,0,0.203,0,0.288,0,0.215,0,0.278,0,0,0,0,0,0.172,0.617,0,0.295,0,0,0,0.215,0,0,0,0,0,0,0,0.309,0,0,0,0,0,0,0,0,0,0,0,0.176,0.259,0,0,0,0.166,0,0,0,0.926,0,0,0,0,0.33,0.268,0,0,0,0,0,0,0,0,0.217,0.179,0,0,0.337,0,0,0,0.204,0,0,0.364,0,0,0,0,0,0,0,0,0,0.498,0,0,0.19,0,0.417,0,0,0.954,0,0,0,0,0,0,0,0,0,0,0,0,0.289,0,0,0,0,0,0.214,0,0,0,0.368,0,0,0.295,0,0,0,0,0,0,0.233,0,0.367,0,0,0,0.538,0,0,0.175,0,0.209,0.291,0,0.202,0.443,0,0,0,0,0,0,0,0,0,0,0,0,0,0,0.167,0,0.463,0,0,0.506,0,0,0,0,0.239,0.593,0,0,0,0,0,0.228,0,0,0,0,0.246,0,0,0,0,0,0,0.262,0,0,0.185,0,0,0.302,0,0,0,0,0.349,0,0,0,0,0.4,0,0,0,0,0,0,0,0,0,0.244,0.156,0,0,0.49,0,0,0,0,0,0.177,0,0,0,0.364,0,0.295,0,0,0,0,0,0,0,0,0.232,0,0.267,0,0,0,0,0,0,0,0,0,0,0,0.194,0,0,0,0,0.179,0.182,0,0,0,0.246,0,0,0.284,0,0,0.722,0,0.239,0,0.369,0.416,0,0,0.558,0,0,0.217,0,0.181,0,0,0,0,0,0,0.183,0,0,0,0,0.443,0,0,0,0,0,0,0.563,0,0,0.174,0,0,0,0,0.262,0,0.202,0,0,0,0.175,0,0,0.274,0.192,0.287,0,0,0.496,0,0,0,0.338,0,0,0.307,0,0.329,0,0,0,0,0,0,0,0,0.312,0,0,0,0,0,0.573,0,0,0,0.412,0,0,0.238,0,0,0.361,0,0,0.608,0,0,0,0,0,0.293,0,0,0,0.166,0,0,0,0.198,0.159,0.298,0,0.387,0,0,0,0,0,0,0.366,0,0,0,0.156,0.196,0,0.434,0.29,0,0.236,0,0,0,0,0,0,0,0,0,0,0,0,0,0,0.199,0.183,0.184,0,0,0,0,0,0,0,0,0,0.188,0,0,0,0,0.263,0,0,0,0,0.194,0,0,0.184,0,0.184,0,0,0,0,0,0,0,0,0,0.839,0,0,0,0,0,0,0,0.21,0,0.175,0,0,0,0.186,0,0,0,0.223,0,0.903,0.18,0.311,0,0,0,0,0,0,0,0,0,0.914,0,0.185,0,0.292,0.17,0,0.219,0.168,0,0,0,0,0,0,0.224,0.175,0,0,0.241,0,0,0,0,0,0,0,0,0,0,0.243,0,0,0,0.175,0,0,0,0.903,0.323,0,0.225,0,0,0,0,0.181,0,0.181,0,0,0,0,0,0,0,0.175,0,0.241,0,0.226,0,0,0.292,0,0.413,0,0.431,0,0,0,0,0,0,0.272,0,0,0.903,0,0,0,0.204,0,0.204,0.163,0,0.286,0.671,0.246,0.369,0,0,0,0,0,0.205,0,0.781,0,0.291,0,0.279,0.207,0,0,0,0.241,0,0,0,0,0,0,0,0,0.403,0.159,0,0.275,0,0,0,0,0.57,0.181,0,0,0,0,0,0,0,0.21,0,0,0.194,0,0.159,0,0.16,0,0,0,0,0,0,0,0.268,0.268,0,0,0,0.292,0,0,0,0.175,0,0.621,0,0.187,0,0,0,0.492,0,0.302,0.323,0,0.518,0,0,0,0.17,0.611,0,0,0,0,0.214,0.175,0,0,0,0,0,0.194,0,0,0.257,0,0,0,0,0,0.238,0,0,0,0,0,0,0,0,0,0,0,0,0.188,0.175,0,0,0.171,0,0,0,0,0,0,0,0,0,0,0,0.313,0,0,0.301,0,0.309,0.246,0.482,0.278,0,0,0,0,0,0,0.164,0.342,0.18,0,0.63,0.175,0.826,0.444,0,0,0.174,0.175,0,0,0,0,0,0,0.784,0,0,0,0,0,0,0,0.252,0,0.206,0.175,0,0,0,0.373,0,0.175,0,0,0,0,0.306,0.33,0,0,0.175,0.208,0.295,0,0,0.204,0.175,0.316,0.293,0,0,0.175,0,0,0.442,0,0,0.203,0,0.292,0.348,0.166,0.199,0,0,0,0,0,0,0,0,0,0,0.316,0.175,0,0,0,0,0,0.156,0.307,0,0.194,0.291,0,0.653,0.239,0,0,0.911,0,0,0,0,0,0.217,0.17,0,0,0.151,0,0,0.269,0,0,0,0,0.255,0.368,0,0,0,0.252,0,0,0,0,0.241,0,0,0.286,0,0,0,0.166,0,0,0.292,0,0,0,0,0,0,0,0.67,0,0,0,0.2,0,0,0,0,0.257,0,0,0,0.645,0,0.187,0.54,0,0,0,0,0,0.244,0,0,0,0,0,0,0.174,0,0.492,0,0,0,0,0,0,0,0.288,0,0.175,0,0,0,0,0.458,0,0,0,0,0.405,0,0,0,0.336,0,0.322,0,0.633,0.183,0.257,0,0,0,0,0,0.235,0.318,0,0.241,0,0,0,0,0,0,0,0,0.292,0.28,0,0.211,0.492,0,0.639,0,0.175,0,0,0,0,0,0,0,0,0,0.244,0.414,0,0.903,0,0,0,0.243,0,0.243,0.292,0,0,0,0,0.395,0,0,0,0,0,0,0,0,0,0.34,0.185,0,0,0,0,0,0,0,0,0,0,0.289,0,0,0,0,0,0,0,0,0,0,0,0,0,0.209,0.185,0,0,0,0,0,0,0,0,0,0,0,0,0,0.432,0,0.252,0,0,0,0,0,0,0,0.473,0,0.192,0,0,0,0,0,0.282,0.629,0.267,0,0.236,0,0,0,0,0,0,0,0,0,0,0,0,0,0,0,0,0,0,0,0,0,0,0,0,0,0,0,0,0,0,0,0,0,0,0,0,0,0,0.153,0,0,0,0,0,0,0,0,0,0,0,0,0,0,0,0,0,0,0,0,0,0,0,0.513,0,0,0,0,0,0,0.266,0,0,0,0,0,0.503,0,0,0,0,0,0,0,0,0,0,0,0,0,0,0,0,0,0,0,0,0,0.169,0,0,0,0,0,0,0.224,0,0,0,0,0,0.341,0,0,0,0,0,0,0,0,0,0,0,0,0,0,0,0,0,0,0,0,0,0,0,0,0,0,0,0,0,0,0,0,0.27,0,0,0,0,0,0,0,0,0,0,0,0,0,0,0,0,0,0,0,0,0,0,0,0,0,0,0,0,0,0,0,0,0.265,0,0,0,0,0,0,0,0,0,0.317,0.203,0,0,0,0,0,0,0,0,0,0,0.221,0,0,0,0,0,0,0,0,0,0,0.385,0,0,0,0,0,0,0,0,0,0,0,0,0.159,0.16,0,0,0,0,0,0,0,0,0,0,0.193,0,0.159,0,0.248,0,0,0,0,0,0,0.218,0,0.203,0,0,0,0.203,0,0,0,0,0,0.176,0.213,0,0,0,0,0.199,0.187,0,0,0,0,0,0,0,0,0,0.257,0,0,0,0,0,0.887,0,0,0,0,0,0,0,0,0,0,0,0,0,0,0.204,0,0,0,0.166,0,0,0,0.378,0,0,0,0,0,0,0,0,0,0,0,0,0,0,0,0,0,0,0.511,0,0,0,0,0,0,0,0.194,0,0.907,0,0.177,0,0,0,0,0,0,0,0,0,0,0,0,0,0,0,0,0,0,0,0,0.19,0,0,0,0,0,0.189,0,0,0.877,0,0,0,0,0,0,0,0.158,0.174,0.218,0,0,0,0,0,0,0.25,0,0.208,0,0.313,0,0,0,0,0,0,0,0.521,0,0,0,0.174,0,0,0,0,0,0,0.151,0.189,0.218,0,0,0.904,0.181,0,0.231,0,0,0.23,0,0,0.167,0,0,0.208,0,0,0,0,0,0.18,0,0,0,0.376,0.376,0,0.591,0,0,0.521,0,0.26,0.181,0.245,0,0,0.291,0,0,0.212,0,0,0,0,0.164,0,0,0.276,0,0,0,0,0,0,0,0,0,0,0,0,0,0,0,0,0,0,0,0,0,0,0,0,0,0,0,0,0,0,0,0.35,0,0,0,0,0,0,0,0,0.165,0,0,0.288,0,0,0,0,0.41,0,0,0,0,0.185,0.175,0,0,0,0,0,0,0,0,0,0,0,0,0,0,0,0,0,0,0,0,0,0,0,0,0,0,0,0,0,0,0,0,0,0,0,0,0,0,0,0,0,0,0,0,0,0,0,0,0,0,0,0,0,0,0,0,0,0,0,0,0,0,0,0.197,0,0,0.219,0,0,0,0,0,0,0,0,0,0,0,0.262,0,0,0,0,0,0,0,0,0,0,0,0,0,0,0,0,0.243,0,0,0,0.445,0,0,0.151,0,0.153,0.253,0,0,0,0,0,0,0,0,0,0,0,0,0,0,0,0.151,0.186,0.151,0,0.217,0.152,0,0,0,0,0.252,0.186,0.165,0.217,0.393,0,0,0,0,0.47,0,0,0,0,0,0,0.162,0,0,0.168,0,0,0,0,0.313,0,0.435,0,0,0,0,0.319,0,0.248,0,0,0.196,0.189,0,0.191,0,0,0,0.19,0,0.324,0,0,0.301,0,0.347,0,0,0,0.4,0,0,0,0.158,0.217,0,0.186,0,0,0.205,0,0,0,0,0,0,0,0,0,0,0.186,0,0,0,0.252,0,0.324,0,0.426,0,0,0,0,0,0,0.91,0,0,0.253,0.47,0.152,0,0,0,0,0,0,0,0,0,0,0,0,0,0,0,0,0,0,0,0,0,0,0,0,0,0,0,0,0,0,0,0,0,0,0,0,0,0,0,0,0,0,0,0,0,0,0,0.167,0,0,0,0,0,0,0,0,0,0,0,0,0,0,0,0,0,0,0,0,0,0,0.476,0,0,0.257,0,0.257,0.497,0,0,0,0.355,0,0,0.301,0,0,0.169,0,0.181,0,0,0,0,0.217,0.168,0,0,0.18,0.298,0,0,0.426,0,0,0,0,0,0.3,0.298,0,0,0.171,0,0,0,0,0,0,0.307,0,0.476,0,0,0,0,0.171,0.382,0.324,0.293,0,0,0.202,0,0.406,0,0,0,0,0,0,0,0.166,0,0.28,0,0,0,0.814,0.156,0.168,0,0,0.426,0,0,0.221,0,0,0.518,0,0,0,0.256,0,0,0,0,0,0,0,0.845,0,0,0,0.198,0.559,0.717,0,0.222,0,0.511,0.286,0,0,0,0,0.157,0,0,0,0,0.288,0,0,0,0,0,0,0,0,0,0,0,0.187,0,0,0,0.508,0.205,0,0,0,0.156,0,0,0,0,0,0,0,0,0,0,0,0,0,0.188,0,0,0,0,0,0,0,0,0,0,0,0.186,0,0,0,0,0,0,0,0.163,0.169,0,0,0,0,0,0.199,0,0,0,0,0,0,0,0,0,0,0,0,0.189,0.507,0,0,0,0,0.359,0,0,0,0,0,0.508,0,0,0,0,0,0,0,0,0,0,0.183,0,0,0,0.377,0,0,0,0,0.218,0,0,0.224,0.197,0,0,0,0.187,0,0,0,0,0,0,0,0,0,0,0.177,0,0,0,0,0,0,0,0,0,0,0,0,0.237,0,0,0,0,0,0.169,0,0,0,0,0.236,0,0.2,0.183,0.322,0,0,0,0,0,0,0.588,0,0,0,0.25,0,0,0,0.663,0,0.589,0.355,0,0,0,0,0,0,0,0.151,0,0,0,0,0.364,0,0,0,0,0,0,0,0,0,0,0.393,0,0,0,0,0,0,0,0,0,0,0,0,0,0,0,0,0,0,0,0,0,0,0,0,0,0.256,0,0,0,0,0,0,0,0,0,0,0,0,0,0,0,0,0,0,0.15,0,0,0,0,0.214,0,0,0,0,0,0,0,0,0,0,0,0,0,0,0.511,0,0,0,0,0,0,0,0,0,0,0,0,0,0,0,0,0,0,0,0,0,0,0,0.471,0,0,0,0,0,0,0,0,0,0,0,0,0,0,0,0,0.204,0.171,0,0,0,0,0,0,0,0,0,0,0,0,0,0,0,0.203,0,0,0,0,0,0,0,0,0,0,0.276,0,0,0,0,0,0.46,0.164,0,0,0,0,0,0,0.166,0.269,0,0,0,0,0,0,0,0.249,0,0,0,0,0,0,0,0,0,0,0,0,0,0,0,0,0,0,0.564,0,0,0,0.192,0.21,0,0,0,0.161,0,0,0.152,0.306,0,0,0,0,0,0,0,0,0,0,0,0,0.311,0,0,0,0,0.298,0,0.915,0,0,0,0,0,0,0,0,0,0,0.54,0.163,0,0,0,0,0,0,0,0,0,0,0.785,0,0,0,0,0,0,0,0,0,0,0,0,0,0,0,0,0,0.208,0.716,0,0,0,0.781,0,0,0,0,0,0,0,0,0,0,0,0,0,0,0,0,0.716,0,0,0.426,0.195,0,0.193,0,0,0,0,0,0,0,0,0,0,0,0.915,0,0,0,0,0,0,0,0.347,0,0,0,0,0,0.156,0.15,0,0,0,0,0,0,0,0,0,0,0,0,0,0,0,0,0,0,0,0,0.823,0.323,0.183,0,0,0,0,0,0,0,0,0,0,0,0,0,0,0,0.15,0,0,0,0,0.304,0,0.156,0,0,0,0,0,0,0,0.208,0,0,0,0,0.281,0,0,0,0,0,0,0.223,0.248,0,0,0,0,0,0,0,0,0,0,0,0.183,0,0,0.61,0,0,0,0,0,0,0,0,0,0,0,0,0,0.192,0.256,0,0,0,0,0,0.344,0,0,0,0,0,0,0,0.338,0,0,0,0,0,0,0,0,0.266,0.157,0,0,0,0,0,0,0,0,0.194,0,0,0.212,0,0,0,0,0,0,0,0,0.221,0,0,0,0,0,0,0.22,0,0.27,0,0,0.22,0,0.162,0,0,0,0,0,0,0,0,0,0,0,0,0,0,0,0,0,0,0,0.322,0,0,0,0,0.222,0,0,0,0.218,0,0,0,0,0,0,0,0,0.26,0,0,0,0,0,0,0,0,0,0,0,0,0,0,0,0,0.259,0,0,0,0,0,0,0.19,0,0,0,0,0,0,0,0,0,0,0.22,0,0,0,0,0,0,0,0,0,0,0,0,0,0,0,0,0,0,0,0,0,0,0,0,0,0,0,0,0,0,0,0,0,0,0.233,0,0,0,0,0,0,0.774,0,0,0,0,0,0,0,0,0,0,0,0,0,0,0,0,0,0,0,0,0,0,0,0,0,0,0,0.216,0,0,0,0,0,0.192,0,0,0,0,0,0,0,0,0.16,0,0,0,0,0,0,0,0,0,0,0,0,0.297,0,0,0,0,0,0,0,0,0,0,0,0,0,0,0,0,0,0,0,0,0,0,0,0,0,0,0,0,0,0,0,0,0,0,0,0,0,0,0,0,0,0,0,0.248,0,0,0,0,0,0,0,0,0,0,0,0,0,0,0,0,0,0,0,0.354,0,0,0,0,0,0,0.202,0,0,0,0,0,0,0,0,0,0,0,0,0,0,0,0,0.198,0,0,0,0,0,0,0,0,0,0,0,0,0,0,0,0.185,0,0,0.177,0,0,0,0,0,0,0,0,0,0,0,0,0,0,0,0,0,0,0,0,0.26,0,0,0,0,0,0,0,0,0,0,0,0,0,0,0,0,0,0,0,0.278,0,0,0,0,0,0,0,0,0,0,0,0,0,0,0,0,0,0,0,0,0,0,0,0,0,0,0,0,0,0,0,0,0,0,0,0,0.591,0,0,0,0,0,0,0,0.293,0,0,0,0,0,0,0,0,0,0,0,0,0,0,0,0,0,0.157,0,0,0,0,0,0.445,0,0,0,0,0,0,0,0,0,0,0,0,0,0,0,0,0,0,0,0.204,0,0,0,0,0,0.53,0,0,0,0,0,0,0,0,0,0,0,0,0,0,0,0,0,0,0,0,0,0,0,0,0,0,0,0,0,0,0,0,0,0,0,0,0,0,0,0,0,0,0,0,0,0,0,0,0,0,0,0,0,0,0.354,0,0,0,0,0,0,0,0,0,0,0,0,0,0,0,0,0,0,0,0,0.173,0,0,0,0.172,0,0,0,0,0,0,0,0,0,0,0,0,0,0,0,0,0,0.156,0,0,0,0,0,0,0,0,0,0,0,0,0.203,0,0,0,0,0,0,0,0,0,0,0,0.347,0,0,0,0,0,0,0,0,0,0,0,0,0.68,0,0,0,0,0,0.363,0,0.196,0,0,0,0,0.556,0.414,0,0,0,0,0,0.718,0,0,0,0,0,0,0.605,0,0,0,0.189,0,0,0,0,0,0.271,0,0,0,0,0,0,0,0,0,0,0,0,0,0,0,0,0,0,0,0,0,0.247,0,0.244,0,0.244,0,0,0,0,0,0.341,0,0.297,0.274,0,0,0,0,0,0,0,0,0,0,0,0.435,0,0,0,0,0,0,0.189,0,0,0,0,0,0,0,0,0.366,0,0,0,0,0,0,0,0,0,0,0,0,0,0,0,0,0,0,0,0,0,0,0,0,0,0,0,0,0,0,0,0,0,0,0,0.288,0,0,0,0,0,0,0,0,0,0,0,0,0,0,0,0,0.321,0,0,0,0,0,0,0.191,0,0,0.32,0,0,0,0.208,0,0,0,0,0,0,0,0,0,0,0,0,0,0,0,0,0,0,0,0,0,0,0,0,0,0,0,0,0,0,0,0,0,0,0,0,0,0,0,0,0,0.826,0,0,0,0,0,0,0.429,0,0,0,0,0,0,0,0,0,0,0,0,0,0.34,0,0.159,0,0,0,0,0.303,0,0,0,0,0,0.163,0.229,0,0,0,0,0,0,0,0,0,0,0,0,0,0,0,0,0.403,0,0,0,0,0,0,0,0,0,0,0,0,0,0,0,0,0,0,0,0,0,0,0.185,0,0.817,0,0,0,0,0,0,0,0,0,0.187,0,0,0,0,0,0,0,0,0,0,0,0,0.288,0,0,0,0,0,0,0,0,0,0,0,0,0,0,0,0,0,0,0,0,0,0,0,0,0,0,0,0,0,0,0.444,0,0.27,0,0,0,0.154,0,0.351,0,0,0,0,0,0,0,0,0,0,0,0,0,0,0,0,0,0,0,0,0,0,0,0.158,0,0,0,0,0,0,0,0,0,0,0,0,0,0,0,0,0,0,0,0,0,0,0,0,0,0,0,0,0,0,0,0,0,0,0,0,0,0,0.353,0,0,0,0,0,0,0,0,0,0,0,0.164,0,0,0,0,0,0,0,0,0,0,0,0.206,0,0,0,0,0.158,0,0,0,0,0,0,0,0.271,0,0,0,0,0,0,0,0,0,0,0,0,0,0.325,0.451,0,0,0,0.341,0,0,0,0,0,0,0,0,0,0,0,0,0,0,0,0,0,0,0,0,0,0,0,0,0,0,0,0,0,0,0,0,0,0,0,0,0.451,0,0.22,0,0,0,0,0,0,0,0,0,0,0,1
853974,0.734,0.246,0.211,0,0,0,0.695,0,0,0.246,0,0,0,0,0,0.307,0,0,0.925,0.301,0,0,0,0,0.222,0,0.253,0,0,0,0.217,0,0.323,0.183,0,0,0,0,0,0,0,0.177,0,0,0.203,0.269,0,0.177,0,0.243,0.179,0,0,0.169,0,0.192,0,0,0.258,0,0.225,0.276,0.188,0,0.222,0,0,0.188,0.183,0,0.215,0.16,0,0,0,0,0,0,0,0,0.206,0.9,0,0,0,0.213,0.256,0,0.47,0.169,0,0,0.289,0.258,0.191,0,0,0.213,0,0,0,0.185,0,0,0.254,0,0.213,0.39,0,0,0,0,0.901,0.227,0,0,0,0.254,0.66,0,0,0.258,0.283,0,0,0.21,0,0.226,0,0,0.199,0,0,0.319,0,0,0,0.19,0.27,0,0,0.315,0.209,0,0,0.218,0,0,0,0.163,0.257,0.343,0,0.199,0,0.247,0,0,0,0,0,0,0,0.254,0,0,0,0,0.199,0.29,0,0,0,0,0,0,0.309,0,0,0,0.209,0.192,0,0.21,0,0,0,0,0.261,0.276,0.219,0,0,0,0,0.95,0.733,0,0,0.207,0,0.464,0,0,0,0.33,0,0,0.274,0.22,0,0,0,0.182,0.241,0,0.218,0,0.468,0,0,0,0,0,0,0,0.208,0,0,0.222,0.913,0,0,0,0.627,0.245,0.159,0,0,0,0.184,0,0,0.168,0.305,0,0,0.323,0.165,0.21,0,0.23,0.18,0,0,0,0,0,0,0.183,0,0,0.81,0.517,0,0,0,0.169,0.165,0,0,0,0,0.258,0.914,0.277,0,0,0,0,0,0.213,0.181,0,0.328,0,0,0.189,0.187,0,0,0,0,0,0.173,0,0.21,0.367,0,0,0,0,0,0,0,0,0,0,0,0.157,0,0.959,0,0.379,0.277,0.623,0,0,0.445,0.33,0.233,0,0,0.211,0,0.283,0,0.281,0.307,0,0.286,0.187,0,0.523,0,0.554,0,0,0.196,0,0,0,0.744,0.255,0,0.215,0.245,0.782,0,0,0.272,0,0.169,0,0.168,0,0,0,0,0,0,0.169,0,0,0,0.278,0,0,0.261,0,0.169,0,0,0,0,0,0,0.323,0,0,0,0,0,0,0.256,0,0,0,0.208,0,0,0,0,0.444,0.536,0.55,0.157,0,0.179,0,0,0,0.169,0.21,0.168,0.205,0,0,0,0.235,0,0,0,0.241,0,0,0,0,0.165,0,0.222,0,0,0,0,0,0,0.195,0,0.342,0,0,0.351,0,0.15,0.455,0,0.367,0.202,0,0,0.602,0,0,0,0,0,0.581,0,0,0,0,0.178,0.303,0,0,0,0.282,0.2,0,0,0.909,0,0,0.342,0.323,0,0,0,0,0.327,0,0,0,0.903,0,0,0,0,0.179,0,0.19,0,0.667,0,0.187,0,0,0,0,0,0,0,0,0.23,0,0,0.241,0,0,0,0,0,0,0.287,0,0.24,0.197,0.505,0,0,0,0.956,0.338,0.558,0,0,0,0.159,0,0,0.22,0,0,0,0,0,0.538,0.381,0,0,0,0,0,0,0,0,0,0.191,0,0,0,0,0,0,0.331,0,0,0,0,0,0.497,0,0.233,0,0,0.185,0.362,0,0.214,0.242,0,0.205,0.316,0,0,0,0.552,0,0,0,0.39,0,0.158,0,0,0.214,0,0,0,0,0,0,0,0,0.283,0,0,0.161,0,0,0,0.176,0.23,0,0,0,0.303,0,0,0.454,0,0.27,0.282,0,0,0,0.249,0,0,0.296,0,0,0.196,0.442,0.162,0,0,0.459,0.553,0,0,0.21,0,0.179,0.291,0,0.17,0.232,0,0.257,0.588,0,0.308,0,0,0.72,0,0,0,0,0.206,0.22,0,0,0.271,0,0,0,0.29,0,0.265,0,0,0,0.162,0,0.28,0,0.343,0,0,0,0,0.578,0,0,0.405,0,0,0,0,0.358,0,0,0,0,0,0.33,0,0,0,0,0,0,0,0.241,0,0,0.157,0,0,0,0,0,0.184,0,0,0,0,0,0,0,0,0,0.21,0,0.202,0,0,0,0.157,0.394,0.182,0.323,0,0.204,0,0.279,0,0,0,0.197,0.556,0,0,0,0,0.291,0,0.602,0,0,0,0,0,0,0,0.303,0,0.567,0.173,0,0,0,0,0.265,0,0.314,0,0,0,0.18,0.323,0,0,0.612,0,0,0,0,0,0,0,0,0,0,0.213,0,0.38,0.245,0.454,0.154,0.207,0.276,0,0.154,0,0,0.203,0.227,0,0,0,0.256,0.202,0,0,0,0,0,0,0,0.232,0,0.571,0.302,0.2,0,0.168,0.261,0,0,0.18,0.174,0,0,0,0.24,0.241,0,0.232,0,0,0,0,0,0.391,0,0,0.295,0,0.207,0.22,0,0,0,0.551,0,0,0.227,0.186,0,0,0,0,0,0,0,0.193,0,0,0,0.441,0,0,0,0,0.182,0.193,0,0,0.163,0,0,0.222,0,0.789,0,0,0,0,0,0.444,0.973,0,0.451,0,0,0,0,0,0.191,0,0,0.926,0.498,0.226,0,0,0,0.315,0,0,0,0.187,0,0.165,0.259,0,0,0.224,0,0,0,0.364,0.204,0.271,0,0,0,0,0,0.181,0.25,0,0,0.658,0.191,0.287,0,0,0.285,0,0,0.178,0.163,0,0,0.685,0,0,0,0.168,0.16,0.68,0.625,0.157,0,0,0.187,0,0,0,0,0.197,0,0.171,0.194,0,0,0,0.248,0,0,0,0.175,0,0.31,0,0.224,0.364,0,0,0.176,0,0,0,0,0,0,0,0.253,0,0,0,0,0,0.266,0,0,0,0,0,0,0,0,0,0,0,0,0.429,0,0,0,0,0,0.266,0.258,0,0,0,0.224,0,0,0,0,0,0.181,0,0,0,0,0,0,0,0,0,0,0,0,0.197,0,0.176,0,0,0,0,0.199,0,0,0,0,0,0,0.161,0.27,0,0.316,0.195,0,0.251,0,0.474,0,0,0,0.401,0.305,0.34,0.225,0,0,0.331,0.251,0.202,0.276,0,0.318,0.289,0.302,0,0,0,0,0.445,0,0.152,0,0,0,0.175,0.3,0,0,0.305,0.175,0,0.308,0,0,0.165,0,0.19,0,0,0,0.578,0,0,0,0.232,0.321,0.289,0.197,0,0,0,0,0.737,0.331,0.153,0.37,0.367,0,0.347,0.266,0.443,0.276,0,0.259,0.169,0,0.169,0,0.301,0,0,0,0,0,0.18,0,0,0.254,0.283,0.632,0,0,0.515,0.399,0.247,0,0.188,0,0.257,0,0,0,0,0.169,0,0.508,0,0.481,0,0,0,0,0.367,0.394,0,0,0,0.193,0.448,0,0,0,0.399,0,0.235,0,0.282,0,0,0,0.241,0.179,0.445,0.326,0,0.186,0.315,0.207,0,0,0.169,0,0,0.638,0.239,0.243,0.169,0,0,0.266,0.288,0.169,0.169,0,0.222,0,0,0,0.461,0.339,0.271,0,0,0,0.635,0.917,0,0,0,0.386,0.236,0.378,0.351,0.187,0,0.333,0.481,0.401,0.157,0.295,0,0.254,0,0,0.383,0,0.351,0,0.215,0.428,0.917,0,0.176,0.192,0,0.913,0,0,0.19,0,0,0.214,0.162,0,0.202,0,0.289,0.489,0.258,0,0.21,0,0.193,0,0,0,0,0,0.27,0,0.3,0.206,0,0.171,0,0,0.701,0.169,0.479,0,0.37,0.272,0.729,0.176,0.438,0,0.444,0.301,0.766,0,0,0,0.283,0,0.311,0,0.563,0.446,0.288,0,0.362,0.242,0.286,0,0,0.215,0,0,0.462,0,0.915,0.255,0,0,0,0,0.247,0.299,0.319,0,0,0,0.387,0.333,0.169,0,0,0,0.768,0.47,0,0.161,0.295,0.216,0,0.277,0.487,0,0,0.307,0,0.28,0.531,0.645,0.271,0.274,0.165,0,0.348,0,0,0,0.165,0,0,0.319,0,0.285,0,0,0,0.165,0.943,0.202,0.195,0.285,0.471,0.412,0.286,0.27,0.392,0,0.302,0,0,0.169,0.293,0.929,0.243,0.552,0,0,0.175,0.504,0,0,0,0.21,0,0,0,0,0,0,0.219,0.165,0.547,0,0.36,0.285,0,0,0,0.648,0.333,0,0,0.262,0.187,0,0,0.438,0.309,0,0,0,0,0,0,0,0,0.373,0,0.156,0,0.362,0.152,0.438,0,0.538,0.208,0.228,0.459,0,0.27,0,0,0.348,0.262,0,0.428,0.277,0.591,0,0.186,0,0.169,0,0,0,0,0.351,0,0,0.324,0.234,0.282,0,0,0.324,0,0,0,0,0,0,0.158,0.179,0.29,0.435,0,0,0.215,0.576,0,0.162,0,0.226,0,0.266,0.259,0,0.367,0.302,0,0.547,0,0,0.176,0,0.402,0.883,0,0.903,0,0,0.467,0,0.257,0,0.213,0,0,0.169,0,0,0,0,0,0,0.552,0,0.153,0,0,0,0.225,0.583,0.271,0.198,0,0.351,0.241,0,0.22,0,0.901,0,0,0,0.184,0.219,0.302,0,0.596,0,0,0.184,0.362,0.348,0.176,0.27,0.169,0.161,0.165,0,0,0.369,0.187,0.224,0.231,0,0.311,0,0.276,0,0.314,0.331,0,0.258,0,0,0,0,0,0.557,0,0.377,0,0.362,0,0,0.2,0,0.161,0,0.308,0,0,0,0.294,0,0.267,0,0,0,0,0.277,0,0,0,0,0,0,0,0,0,0,0,0,0,0,0,0,0,0.271,0.294,0,0,0,0,0,0.186,0,0,0,0,0.275,0,0,0,0,0,0,0,0,0,0,0,0.296,0.203,0.273,0,0,0,0.173,0,0,0,0,0,0.55,0,0.17,0.203,0,0,0,0.55,0,0.4,0,0,0.271,0.421,0,0,0,0,0.266,0,0,0,0,0.276,0,0.357,0.259,0.343,0,0.175,0.321,0.303,0,0.509,0.236,0,0,0.299,0,0.486,0.362,0.318,0,0,0.193,0,0,0,0,0.425,0,0,0.277,0.473,0,0.274,0,0.272,0.418,0.901,0,0,0.284,0,0.241,0,0,0.218,0.367,0.183,0,0.233,0,0.292,0,0,0,0,0,0.274,0,0,0,0,0.253,0,0,0.214,0.195,0,0.235,0.546,0,0,0,0.302,0.19,0,0.535,0,0.287,0.229,0.249,0.601,0,0,0.282,0,0,0.203,0.183,0,0,0.303,0.239,0,0,0.43,0,0,0.263,0.163,0,0,0,0,0,0.173,0.457,0,0.404,0,0,0.187,0,0.505,0,0,0.161,0,0,0,0,0.292,0,0.175,0,0.331,0,0.201,0,0.182,0,0,0,0,0,0,0,0,0,0,0,0.212,0,0.229,0,0.435,0,0,0,0,0.155,0.154,0.325,0,0,0,0,0,0,0.338,0.195,0.267,0.195,0,0,0,0,0.226,0.252,0,0,0.229,0.258,0,0.437,0.25,0.32,0.319,0.298,0,0.295,0,0,0,0,0,0,0,0.273,0.184,0,0.163,0,0,0,0,0.188,0.554,0.215,0,0.229,0.396,0,0.162,0,0,0.907,0.213,0.218,0,0,0,0,0.406,0,0.907,0.271,0.191,0,0,0.166,0,0,0,0.266,0.184,0.273,0.214,0.154,0,0,0.214,0,0,0.163,0,0,0.395,0.226,0,0,0,0,0,0,0,0,0,0.213,0,0,0,0,0,0,0.515,0,0.442,0,0,0.615,0,0,0,0,0,0,0,0.309,0.193,0,0.252,0,0,0,0.214,0,0,0,0,0.175,0.174,0,0,0,0.234,0,0,0,0,0,0,0,0,0,0,0,0,0,0,0,0,0.283,0,0,0,0,0,0,0.371,0,0,0,0.348,0,0,0,0.343,0,0.163,0,0,0,0,0,0,0,0,0,0,0,0,0.165,0,0,0,0,0,0,0,0,0.217,0,0,0,0,0,0,0,0.404,0.401,0.415,0,0,0.251,0,0,0,0.293,0,0,0.169,0,0,0,0,0,0,0,0,0,0,0,0.263,0,0,0.157,0,0,0,0,0,0,0,0,0.217,0.25,0,0,0,0,0,0,0,0,0.232,0,0,0,0,0,0,0,0,0,0,0,0.474,0,0,0,0,0,0,0.179,0,0,0.257,0,0,0,0.336,0,0,0,0,0,0.197,0,0,0,0,0,0,0.173,0,0,0,0,0.247,0,0,0.226,0.304,0,0,0.301,0,0.169,0.548,0.9,0,0.355,0.184,0,0,0,0,0,0,0,0,0,0,0,0.192,0,0,0,0,0,0,0,0,0,0.415,0.189,0.429,0.287,0,0,0,0,0,0.272,0,0,0,0,0,0,0.203,0,0.203,0,0,0,0.205,0,0,0,0,0,0.183,0.163,0.183,0,0,0,0,0,0,0,0,0,0,0,0,0,0,0,0,0,0,0,0,0,0.282,0.183,0,0,0,0,0,0,0,0.205,0,0,0,0,0,0,0,0.286,0,0,0,0,0,0,0.163,0,0,0.193,0,0,0,0,0,0,0,0,0,0,0,0,0.266,0,0.171,0,0,0,0,0,0,0,0,0,0,0.203,0,0,0,0,0,0,0,0,0,0,0,0.429,0,0,0.263,0.362,0,0,0,0,0,0,0,0,0,0,0,0,0,0,0,0.185,0,0,0.199,0,0.263,0,0,0,0,0,0,0.189,0,0.251,0,0,0,0,0,0,0,0,0,0,0.228,0,0,0,0,0,0,0,0,0.345,0,0,0,0,0,0.187,0,0,0,0,0,0,0.251,0,0,0.426,0.196,0.277,0.262,0,0.187,0,0.188,0,0,0.185,0,0.523,0,0,0,0,0,0,0,0,0,0.236,0,0.188,0,0,0,0.294,0,0.512,0,0.197,0,0.274,0,0,0,0,0,0,0.174,0,0,0,0,0.365,0,0,0,0.222,0,0,0.362,0,0.263,0.235,0,0,0,0,0,0,0,0,0,0,0,0,0,0,0,0.274,0,0.207,0,0,0.319,0,0,0,0,0,0.429,0.203,0,0,0,0,0,0,0,0,0,0.169,0,0,0,0.245,0.317,0,0,0,0,0,0,0,0,0,0,0,0,0,0,0,0,0,0,0,0,0,0,0,0,0,0.197,0,0,0,0,0,0,0,0,0,0,0.265,0,0,0,0,0,0,0,0.185,0.313,0,0,0,0,0,0,0,0,0,0,0,0,0,0,0,0,0,0,0,0,0,0.169,0,0,0,0,0.267,0,0,0,0,0,0,0,0,0,0,0,0,0,0,0,0,0,0,0,0,0,0.203,0,0,0,0,0,0,0,0.208,0,0,0,0,0,0,0,0,0,0,0,0,0,0,0,0,0,0,0.245,0.272,0,0.189,0.161,0,0,0,0,0,0,0,0,0,0,0.209,0.209,0,0,0.184,0,0.203,0,0,0,0,0,0,0,0,0,0,0,0.192,0.361,0,0,0,0.265,0,0.183,0,0.187,0.266,0,0.273,0.21,0,0,0,0,0,0.277,0.175,0,0.235,0,0,0,0,0.169,0.309,0,0,0,0,0,0.279,0,0,0,0,0.241,0.169,0,0.28,0.179,0.279,0.573,0.235,0,0,0,0,0,0.169,0,0.19,0,0.173,0,0.188,0,0.172,0.225,0.235,0,0.284,0,0.909,0,0,0.303,0,0.326,0,0,0,0,0,0.182,0,0.504,0,0.599,0.201,0.169,0,0.235,0.169,0,0.157,0,0.192,0.266,0.219,0.292,0,0.235,0.271,0,0.175,0,0,0,0,0.183,0.181,0.212,0,0,0,0,0,0.17,0,0.388,0,0,0,0,0.235,0,0.275,0.197,0,0,0,0,0.32,0.227,0,0.579,0,0,0,0.195,0.27,0,0,0,0,0.177,0.314,0.475,0,0,0.596,0.19,0.266,0,0,0,0,0,0,0.194,0.169,0.229,0,0.34,0,0.319,0,0,0.266,0,0.169,0,0,0,0,0.241,0,0.266,0,0,0,0,0.576,0,0,0.157,0.229,0,0,0,0,0,0.235,0,0.202,0,0,0,0.162,0,0,0.156,0,0,0.169,0,0,0,0.281,0,0,0,0,0.271,0,0,0,0.268,0,0,0,0,0,0.156,0,0.189,0,0,0,0,0,0,0.168,0,0,0,0,0.274,0,0,0.185,0.282,0,0,0,0,0.154,0,0.154,0,0,0,0,0,0,0,0.273,0.26,0,0,0,0,0,0,0.322,0,0,0,0.322,0,0.151,0,0,0,0,0,0,0,0,0,0,0,0,0.293,0,0.268,0,0,0,0,0,0,0,0,0,0,0,0,0,0,0,0,0.235,0,0,0,0.235,0.182,0,0,0,0,0,0,0,0.272,0,0,0,0.201,0,0,0,0.903,0,0,0.182,0,0,0,0.184,0,0,0,0,0,0,0.166,0,0,0,0,0,0.188,0.187,0,0.901,0.186,0,0,0.9,0.28,0,0,0.245,0.166,0,0,0,0,0,0,0,0,0,0,0,0,0,0,0,0,0,0,0,0,0.481,0.518,0,0,0,0,0.297,0,0,0,0,0,0,0,0.271,0,0,0,0.266,0,0,0.308,0,0,0.153,0,0.293,0,0,0,0.185,0.208,0,0,0,0.249,0,0.294,0.615,0.239,0,0.241,0,0.237,0,0.251,0,0,0.263,0,0.152,0,0,0,0,0.196,0,0,0,0.244,0,0.187,0.189,0,0,0.179,0,0.153,0,0,0.254,0.192,0,0,0,0.152,0,0.329,0,0.173,0,0,0.211,0,0,0.163,0,0,0,0,0,0.254,0,0.176,0.355,0.272,0,0,0,0,0.155,0,0,0,0,0.151,0,0,0.215,0,0.192,0,0,0,0.263,0.173,0,0,0,0,0,0,0,0,0,0,0.15,0,0,0.213,0,0,0,0,0,0.169,0.151,0,0,0,0,0,0,0,0,0,0,0,0.164,0,0,0,0,0,0,0,0,0.192,0.244,0.157,0,0,0,0,0,0,0,0.169,0.271,0,0,0,0,0.514,0,0.308,0,0,0,0,0,0,0,0.271,0,0,0,0,0,0,0.261,0.271,0,0,0,0.541,0,0,0,0,0,0,0,0,0,0.259,0,0,0,0,0,0,0,0,0,0,0.27,0,0,0.192,0,0,0,0,0,0,0,0,0,0,0,0,0,0.299,0,0.24,0,0,0.276,0.258,0,0.325,0,0,0,0,0,0,0,0,0.267,0,0,0,0.274,0,0,0,0,0,0.521,0,0,0,0,0,0.253,0,0,0,0,0,0.215,0.9,0,0,0,0,0,0,0,0,0,0,0,0.186,0,0,0,0.313,0,0,0,0,0,0,0,0,0,0,0,0,0,0,0,0,0,0,0,0,0,0,0,0,0,0,0,0,0,0,0,0,0,0,0,0,0,0,0,0.204,0,0,0,0,0,0,0,0.175,0,0,0,0,0,0,0,0,0,0,0,0,0,0,0,0,0,0,0,0,0.727,0,0,0.179,0,0,0,0,0,0,0,0,0,0,0,0,0,0,0,0,0,0,0,0,0,0,0,0.276,0,0,0,0,0.169,0,0,0,0,0,0,0,0,0,0,0.169,0,0,0.196,0,0,0,0.274,0,0,0,0,0,0.169,0,0.447,0,0,0,0,0,0,0.169,0,0,0,0,0.274,0,0,0,0,0,0,0,0,0,0,0,0,0,0,0,0,0,0,0,0,0,0,0,0,0.289,0,0,0.279,0,0,0,0,0,0,0,0,0,0,0,0,0,0,0,0,0,0,0,0,0,0,0,0,0,0,0,0,0,0,0,0,0,0,0,0,0,0,0.263,0,0,0,0,0,0,0,0,0,0.198,0,0.174,0,0,0,0,0,0,0,0,0,0,0,0,0,0.165,0,0,0.202,0,0,0,0.258,0.51,0,0,0,0,0,0,0,0,0,0,0,0,0,0,0,0.25,0,0.23,0,0,0,0,0,0,0,0,0,0.172,0,0,0,0,0,0,0,0,0,0,0,0,0.9,0,0,0,0,0,0,0.187,0,0,0,0,0,0,0,0,0,0,0.256,0,0,0,0.199,0,0,0,0,0,0,0,0,0,0,0,0,0,0,0,0,0,0,0,0,0,0,0,0,0,0,0,0,0,0,0,0,0,0,0.183,0,0,0,0,0,0,0,0,0,0,0,0,0,0,0,0,0,0,0,0,0,0,0,0,0,0,0,0,0,0,0,0,0,0,0,0,0,0,0,0,0,0,0.277,0.182,0,0.267,0.186,0.169,0,0,0,0.169,0,0.191,0,0,0.208,0,0,0,0,0.202,0.203,0,0.169,0.169,0.242,0,0.205,0,0.169,0.169,0.169,0,0,0,0,0.279,0,0,0,0,0,0,0,0,0,0,0,0,0,0,0,0,0,0,0,0,0.298,0,0,0,0,0.156,0,0,0,0,0,0.263,0,0,0,0,0,0,0.281,0,0,0,0,0,0,0.156,0,0,0,0,0,0,0,0,0,0,0,0,0,0,0,0,0,0,0,0,0,0,0,0,0,0.519,0,0,0,0,0,0,0,0,0,0.495,0,0,0,0,0,0.921,0.166,0,0,0,0,0,0.207,0,0,0,0,0.392,0,0,0,0,0.165,0.197,0.282,0,0,0,0,0,0,0,0,0.266,0,0,0.239,0,0,0,0,0,0.298,0,0,0,0,0.282,0,0,0,0,0,0,0,0,0,0,0.318,0,0,0,0,0,0,0.153,0,0,0,0,0.202,0,0,0,0.188,0.9,0,0,0,0,0,0,0,0.175,0,0,0,0,0.353,0.241,0,0,0,0,0,0,0,0,0,0,0,0.239,0,0.239,0,0.239,0,0,0,0,0,0.292,0,0.292,0.153,0,0,0,0,0,0,0,0,0,0,0,0,0,0,0,0,0,0,0,0,0,0,0,0,0.266,0,0,0.25,0.169,0,0,0,0,0.271,0,0,0.245,0,0,0,0,0.202,0,0,0,0,0,0,0,0,0.414,0,0,0,0,0,0.583,0,0,0,0,0,0,0,0,0,0,0,0.276,0,0,0,0,0,0,0,0,0,0,0.187,0,0,0,0,0.175,0,0,0,0,0,0,0.233,0,0,0,0.187,0,0,0,0,0,0,0,0,0,0.16,0.312,0,0,0,0,0,0,0,0,0,0,0,0,0,0,0,0,0,0,0,0,0,0,0,0,0,0,0,0,0,0,0,0,0.279,0,0.186,0,0,0,0.314,0,0,0,0.281,0,0,0,0,0,0,0,0,0.233,0,0,0.298,0,0,0.187,0,0,0,0,0,0,0,0,0,0,0,0,0,0,0,0,0,0,0,0.186,0,0,0,0,0,0.274,0,0,0.186,0,0,0,0,0,0,0.155,0,0,0,0,0,0,0,0,0,0,0,0,0,0,0,0.499,0,0,0,0,0,0,0,0.197,0,0.283,0,0,0,0,0,0,0,0.28,0,0,0,0,0,0.28,0,0.167,0,0,0,0,0,0,0,0,0,0.37,0,0,0,0,0,0,0,0,0,0,0,0,0,0,0,0.154,0,0,0.63,0,0,0,0,0,0,0,0,0,0,0,0,0,0,0,0,0,0,0,0,0,0,0,0,0,0,0,0,0,0.213,0,0,0,0,0,0,0,0,0,0,0,0,0,0,0,0.533,0,0,0,0,0,0,0.266,0,0,0,0,0,0,0,0,0,0,0,0,0.351,0,0,0,0.173,0,0,0,0,0,0,0,0,0,0.532,0,0,0,0,0.314,0,0,0.29,0,0,0,0,0.2,0,0,0,0,0,0,0,0.532,0,0,0,0,0,0,0,0,0,0,0,0.384,0,0,0,0.571,0,0,0,0,0,0.39,0,0,0,0,0.186,0.279,0,0.545,0,0,0.536,0.397,0,0,0,0,0,0.184,0.169,0,0,0,0,0,0,0,0,0,0,0,0,0,0,0,0,0,0,0,0,0,0,0,0,0.47,0,0,0,0,0,0,0
851437,0,0,0,0,0,0,0,0,0,0,0.198,0,0,0,0,0,0.246,0,0,0,0,0,0,0,0.15,0.426,0,0,0,0.16,0,0,0,0,0,0,0,0,0,0,0,0,0,0,0.188,0,0,0,0,0,0,0,0,0,0,0,0,0,0,0,0,0,0,0,0,0.429,0,0,0,0,0,0,0,0,0,0,0,0,0.246,0,0,0,0,0,0,0,0,0,0,0,0,0,0.184,0,0,0,0,0,0,0,0,0,0,0,0,0.246,0,0.284,0,0,0,0,0,0,0,0,0,0,0,0,0.901,0,0,0,0,0,0,0,0,0,0,0,0,0,0,0,0,0,0,0,0,0,0.414,0,0,0.567,0,0,0,0,0,0,0,0,0,0,0,0,0,0,0,0,0,0,0,0,0,0,0,0,0,0,0.728,0,0,0.198,0,0,0.222,0,0,0.387,0,0,0.359,0.219,0,0,0,0,0,0,0,0,0,0,0,0,0,0.246,0,0,0,0,0.359,0,0,0,0,0.415,0.98,0,0,0,0,0.707,0,0,0,0,0,0,0,0,0,0,0.462,0,0,0,0.284,0,0,0,0,0,0,0,0.908,0,0,0,0,0.415,0,0,0.266,0,0,0,0,0,0,0.186,0.307,0,0,0,0,0,0,0,0.232,0.171,0,0,0,0,0,0.309,0.156,0,0,0,0,0,0,0,0,0.963,0,0,0.424,0.169,0.243,0,0,0,0,0,0,0,0,0,0,0,0,0,0,0,0,0,0,0,0,0,0,0,0,0,0,0,0,0,0,0,0,0,0,0,0,0,0,0,0,0,0,0,0,0,0,0,0.318,0,0.179,0,0,0,0,0,0,0,0,0.151,0.922,0.415,0,0,0,0,0,0,0,0.616,0,0,0,0,0,0.201,0,0,0,0,0,0,0,0,0,0,0.317,0,0.208,0,0,0.195,0,0,0,0,0,0,0,0,0,0,0,0,0,0,0,0,0,0,0,0,0,0,0,0,0,0.168,0,0,0,0,0,0.445,0,0,0,0.311,0.183,0,0,0,0,0.237,0,0,0,0,0,0,0,0,0,0,0,0,0,0,0,0,0,0,0,0,0,0,0,0,0,0,0,0.557,0,0,0,0,0,0,0,0,0,0,0,0,0,0,0,0,0.766,0,0,0,0,0,0,0,0,0,0,0,0,0,0.261,0,0.353,0,0,0,0,0,0,0,0.225,0,0,0,0,0.36,0,0,0,0.952,0,0,0,0,0,0.38,0,0,0.913,0,0.188,0,0,0,0,0,0,0,0,0,0,0,0,0,0,0,0,0,0,0,0.167,0,0,0,0,0,0.736,0,0,0,0,0,0,0,0,0,0.774,0.177,0,0,0,0.794,0,0,0,0,0,0,0,0,0,0,0,0.151,0,0,0.154,0,0,0,0,0.459,0,0,0,0,0,0.499,0,0,0,0,0,0.909,0,0,0,0,0,0,0,0,0,0,0,0,0,0.414,0,0,0,0,0,0,0,0.194,0,0,0,0.906,0,0,0,0,0,0,0,0,0,0,0,0,0,0,0,0,0,0,0,0,0.196,0,0,0,0,0,0,0,0,0,0,0.186,0,0,0.307,0,0,0,0,0,0,0,0,0,0,0,0,0.317,0,0,0,0,0,0,0.463,0,0,0.907,0,0.469,0,0,0,0.552,0,0,0,0,0,0.238,0,0,0,0,0,0,0,0.238,0,0,0,0,0,0,0.204,0,0,0.238,0.437,0,0,0,0.365,0,0,0.222,0,0,0,0,0,0,0,0.905,0,0,0,0,0.159,0,0,0,0,0,0,0.299,0,0,0,0,0,0,0,0,0,0,0,0,0.546,0,0,0,0,0.913,0,0,0,0,0,0,0,0,0,0,0,0,0,0,0,0,0,0,0,0,0,0,0,0,0,0,0,0.442,0,0,0,0,0,0,0,0,0,0,0,0,0.415,0,0,0,0,0,0,0,0,0,0.6,0,0,0,0,0,0,0,0,0,0,0.191,0,0,0.558,0.566,0,0,0,0.204,0.515,0,0,0,0.155,0.988,0,0,0,0,0,0,0,0,0,0,0,0,0,0,0,0,0,0.998,0.922,0,0,0.457,0,0,0,0.165,0,0,0,0,0,0,0,0,0.736,0,0,0,0,0,0,0,0,0,0,0,0,0,0,0,0.335,0,0,0,0.923,0,0,0,0,0,0.204,0,0,0,0.976,0,0,0,0,0,0,0,0,0.271,0,0,0,0,0,0,0,0,0,0,0.232,0,0.402,0,0,0,0,0,0.913,0,0,0,0,0,0,0,0,0,0,0,0,0,0,0.415,0,0,0,0,0,0,0,0,0,0,0,0,0,0,0,0,0,0,0,0,0,0,0,0,0,0,0,0,0,0.272,0,0,0,0,0,0,0,0,0,0.386,0,0,0,0,0,0,0.451,0,0,0,0,0,0,0,0,0,0,0,0,0,0,0,0,0,0,0,0,0,0,0,0,0,0,0,0,0,0,0,0,0,0,0,0,0,0,0,0,0,0,0,0,0,0,0,0,0,0,0,0,0,0,0,0,0.188,0,0,0,0,0,0,0,0,0,0,0,0,0,0,0,0,0,0,0,0,0,0,0,0,0,0,0,0,0,0,0,0,0.483,0,0,0,0,0,0,0.553,0,0,0,0,0,0,0,0,0,0,0,0,0,0,0,0,0,0,0,0,0,0,0,0,0,0,0,0,0,0,0,0.187,0,0,0,0,0,0,0,0,0,0,0,0,0,0,0,0,0,0,0.168,0,0,0,0,0.248,0,0,0,0,0,0,0,0,0,0,0,0,0,0.192,0,0,0,0,0,0,0,0,0,0,0,0,0.304,0,0,0,0.991,0,0,0,0,0,0,0,0,0,0,0,0,0,0,0,0,0,0,0,0,0,0,0,0,0,0,0,0,0,0,0,0,0,0,0,0,0,0,0,0,0,0,0,0,0,0,0,0,0,0,0,0,0,0,0,0,0,0,0,0,0,0,0,0,0,0,0.911,0,0,0,0,0,0,0,0,0,0,0,0,0,0,0,0,0,0,0,0,0,0,0,0,0,0,0,0,0.177,0,0,0,0,0,0,0,0,0,0,0,0,0,0,0,0,0,0,0,0,0,0,0,0,0,0,0,0,0,0,0,0,0,0,0,0,0,0,0,0,0,0,0,0,0,0,0,0,0,0,0,0,0,0,0,0,0,0,0,0,0.183,0,0,0,0,0,0,0,0,0,0,0,0,0,0,0,0,0,0,0,0,0,0,0,0,0.172,0,0,0,0,0,0,0,0,0,0,0,0,0,0,0,0,0,0,0,0,0,0,0,0,0,0,0,0,0,0,0,0,0,0,0,0,0,0,0,0,0.184,0.773,0,0.232,0,0,0,0,0,0,0,0,0,0,0,0,0,0,0,0,0,0,0,0,0,0,0,0,0,0,0,0,0,0,0,0,0,0,0,0,0,0,0,0,0,0,0,0,0,0,0,0,0,0,0,0,0,0,0,0,0,0,0,0,0,0.264,0,0,0,0,0,0,0,0,0,0,0,0,0,0,0,0,0,0,0,0,0.605,0,0,0,0,0.25,0,0,0,0,0,0,0,0,0,0,0,0,0,0,0,0,0,0,0,0,0,0,0,0,0,0,0,0,0,0,0,0,0.416,0,0,0,0,0,0,0,0,0,0,0,0,0,0,0,0,0,0,0,0,0,0,0.45,0,0,0,0,0,0,0,0,0,0,0,0,0,0,0,0,0,0,0,0,0.999,0,0,0,0,0,0,0,0,0,0.19,0,0,0,0,0,0,0,0,0,0,0,0,0,0,0,0,0,0,0,0,0,0,0,0,0,0,0,0,0,0,0,0,0,0,0,0,0,0,0,0,0,0,0,0,0,0,0,0,0,0.169,0,0,0,0,0,0,0,0,0,0,0,0,0.195,0,0,0,0,0,0,0,0,0,0,0,0,0,0,0,0,0,0,0,0,0,0.962,0,0,0,0,0,0,0,0,0,0,0,0,0,0,0,0,0,0,0,0,0,0,0,0,0,0,0,0,0,0,0,0,0,0,0,0,0,0,0,0,0,0,0,0,0,0,0,0,0,0,0,0,0.999,0,0,0,0,0,0,0,0,0,0,0,0,0,0,0,0,0,0,0,0,0.307,0,0,0,0,0,0,0,0,0,0,0,0,0,0,0,0,0,0,0.167,0,0,0,0,0,0,0.972,0,0,0,0,0,0,0,0,0.315,0,0,0,0,0.999,0,0,0,0,0,0,0,0,0,0,0,0,0,0,0,0,0,0,0,0.998,0,0,0,0,0,0,0,0,0,0,0,0,0,0,0,0,0,0,0,0,0,0,0,0,0,0,0,0,0,0,0,0,0,0,0,0,0,0,0,0,0,0,0,0,0,0,0,0,0,0,0,0,0,0,0,0,0,0,0,0,0,0,0,0,0,0,0,0.339,0,0,0,0,0,0,0,0,0,0,0,0,0,0,0,0,0,0.183,0,0,0,0,0,0,0,0.286,0,0,0,0.296,0,0,0,0,0,0,0,0.161,0,0,0,0,0,0,0,0,0,0,0,0.192,0,0,0,0,0.364,0,0,0,0.714,0,0,0.34,0,0,0,0.158,0,0,0,0,0,0,0,0,0,0,0,0,0,0.878,0,0,0,0,0,0,0,0,0,0.446,0,0,0,0,0,0,0,0,0,0.252,0,0,0,0,0,0,0,0,0,0,0,0,0,0,0,0,0,0,0,0,0,0,0,0,0,0,0.456,0,0,0,0,0.662,0,0,0,0,0,0,0,0,0,0,0,0,0,0,0,0,0,0,0,0,0,0,0,0,0,0,0,0,0,0,0.901,0,0,0,0.426,0,0,0,0,0,0,0,0,0,0,0,0,0,0,0.2,0,0,0,0,0,0,0,0.589,0,0,0,0,0,0.258,0,0.238,0,0,0,0,0,0,0,0,0,0,0.582,0.774,0.445,0,0,0,0,0,0,0,0,0,0,0,0,0,0,0,0,0,0,0,0,0,0,0,0,0,0,0,0,0,0,0,0,0,0,0,0,0,0,0,0,0,0,0,0,0,0,0,0,0,0,0,0.379,0,0,0,0,0,0,0,0,0,0.821,0,0,0,0,0,0,0,0,0,0,0,0,0,0,0,0,0,0,0,0,0,0,0,0,0,0,0.163,0,0,0,0.45,0,0,0,0,0,0,0,0,0,0,0,0,0,0,0,0,0,0,0,0,0,0,0,0.35,0,0,0,0,0,0,0,0,0,0,0,0,0,0,0,0,0,0,0,0,0,0,0,0.415,0,0,0,0,0,0,0,0,0,0,0,0.523,0,0,0,0,0,0,0,0,0,0,0,0,0,0,0,0.169,0,0,0,0,0,0.448,0,0,0,0,0,0,0,0,0,0,0.171,0,0,0,0,0,0,0.681,0.924,0,0,0,0,0,0,0,0,0,0,0,0,0,0,0,0,0,0,0,0,0,0,0,0,0,0,0,0,0,0.901,0,0,0,0.198,0.608,0.194,0.226,0,0,0,0,0,0,0.193,0,0,0,0,0,0,0,0,0,0.244,0,0,0,0,0,0.625,0,0,0,0,0,0.156,0,0,0,0,0,0,0,0,0,0,0,0,0,0,0,0,0,0,0,0,0,0,0,0,0.999,0,0,0,0,0.97,0,0,0,0,0,0,0,0,0,0,0,0,0,0,0,0,0.192,0,0,0,0,0,0,0,0,0,0,0,0,0,0,0,0,0,0,0,0,0,0,0,0,0,0,0,0,0,0,0,0.19,0,0,0,0,0,0,0,0,0,0,0,0,0,0,0.165,0,0,0,0,0,0,0,0,0,0,0,0,0,0.193,0,0.664,0,0,0,0,0,0,0,0,0,0,0,0,0,0,0,0,0,0,0,0,0,0,0,0,0,0,0,0,0,0.215,0,0,0,0,0,0,0,0,0,0,0,0,0,0.372,0.909,0,0,0,0,0,0,0,0,0,0,0,0,0,0,0,0,0,0,0,0,0,0,0,0,0,0,0,0,0,0,0,0,0,0,0,0,0,0,0,0.254,0,0,0,0,0,0,0.481,0,0,0,0,0,0,0,0,0,0,0,0,0,0,0,0,0,0,0,0,0,0,0,0,0,0,0,0,0,0,0,0,0,0,0,0,0,0,0,0,0,0,0,0,0,0,0,0,0,0,0,0,0,0,0,0,0,0,0,0,0,0,0,0,0,0,0,0,0,0,0,0,0,0,0,0,0,0,0,0,0,0,0,0,0,0,0,0,0,0,0,0,0,0,0.191,0,0,0,0,0,0,0.292,0,0,0,0,0,0,0,0,0,0,0,0,0,0,0,0,0,0,0,0,0,0,0,0,0,0.161,0,0,0,0,0,0,0,0,0,0,0.169,0,0,0,0,0,0,0,0,0,0,0,0,0,0,0,0,0,0,0,0,0,0,0,0,0,0,0,0,0,0,0,0,0,0,0,0,0,0,0,0,0,0,0,0,0,0,0,0,0,0,0,0,0,0,0,0,0,0,0,0,0,0,0,0,0,0,0,0,0,0,0,0,0,0,0,0,0,0,0,0,0,0,0,0,0,0,0,0.161,0.458,0,0,0,0,0,0,0,0,0,0,0,0.15,0,0,0,0,0,0,0,0,0,0,0,0,0,0,0,0,0,0,0,0,0,0,0,0,0,0,0,0,0,0,0,0,0,0,0,0,0,0,0,0,0,0,0,0,0,0,0,0,0,0,0,0,0,0,0,0,0,0,0,0,0,0,0,0,0,0,0,0,0,0.181,0,0,0,0,0,0,0,0,0,0,0,0,0,0,0,0,0,0.211,0,0,0,0,0,0,0,0,0,0,0,0,0,0,0,0,0,0,0,0,0,0,0,0,0,0,0,0,0,0,0,0,0,0,0,0,0,0,0,0,0.218,0,0,0,0,0,0,0,0,0,0,0,0,0,0,0,0.157,0,0,0,0,0,0,0,0,0,0,0,0,0,0,0,0,0,0,0,0,0,0,0,0,0,0,0.258,0,0,0,0,0,0,0,0,0,0,0,0,0,0,0,0,0,0,0,0,0,0,0,0,0,0,0,0,0,0,0,0,0,0,0,0,0,0,0,0,0,0,0,0,0,0,0,0,0,0,0,0,0,0,0,0,0,0,0,0,0,0,0,0,0,0,0,0,0,0,0,0,0,0,0.26,0,0,0,0,0,0,0,0,0,0,0,0,0,0,0,0,0,0,0,0,0,0,0,0,0,0,0,0,0,0,0,0,0.741,0,0,0,0,0,0,0,0,0,0,0,0.925,0,0,0,0,0.28,0,0,0,0,0,0,0,0,0,0,0,0,0,0,0,0,0,0,0,0,0.304,0,0.671,0.275,0.392,0,0,0,0,0,0,0,0,0,0.244,0,0,0.454,0.244,0,0,0,0,0,0,0,0,0,0,0,0,0,0,0,0,0.649,0,0,0,0,0.169,0,0,0,0,0,0,0.296,0,0,0,0,0.157,0,0,0,0.795,0.428,0,0,0,0,0,0,0,0,0,0,0.231,0,0,0.182,0,0,0.226,0.184,0,0,0,0,0,0,0,0,0,0,0,0,0,0,0,0,0,0,0,0,0,0,0,0,0,0,0,0,0,0,0,0,0,0.797,0,0,0,0,0,0,0,0,0,0,0,0,0,0,0,0,0,0,0,0,0,0,0,0,0,0.185,0,0,0,0,0,0,0,0,0,0.905,0,0.895,0,0,0,0,0,0,0,0,0.704,0,0.337,0,0,0,0,0,0,0,0,0,0,0,0,0.9,0.194,0,0.171,0,0,0,0,0,0,0,0,0,0,0.445,0,0,0,0,0,0,0,0,0,0.199,0.22,0,0,0,0,0.323,0,0,0,0,0,0,0,0,0,0,0,0,0,0,0,0,0.921,0,0,0.193,0,0,0,0,0,0,0,0,0,0,0,0,0,0.302,0,0,0,0,0,0,0,0,0,0,0,0,0,0,0.42,0,0,0.663,0,0,0,0,0.204,0,0.682,0,0,0,0,0.153,0,0,0,0,0,0,0,0,0.675,0,0,0,0.341,0,0,0,0,0,0,0,0,0,0.191,0,0,0,0,0,0.182,0,0,0,0,0,0,0,0,0,0,0.445,0,0,0.191,0,0,0,0.451,0,0.232,0,0.25,0,0,0,0,0,0,0,0,0,0.33,0,0,0,0,0,0,0,0,0.167,0.559,0,0.301,0,0,0,0,0,0,0,0,0,0,0.177,0,0,0,0,0.161,0,0,0,0,0,0,0,0,0,0,0.309,0.697,0,0,0,0,0,0,0,0,0,0,0,0,0,0,0,0,0,0,0,0,0,0,0,0,0,0.219,0,0.533,0,0,0,0,0,0,0,0,0,0,0,0,0,0,0,0,0,0,0,0,0,0,0,0,0,0,0,0,0,0,0,0,0,0,0,0,0,0,0,0,0,0,0,0,0,0,0,0,0,0.337,0,0,0,0.482,0,0,0,0,0,0,0,0,0,0.454,0.193,0,0,0,0,0,0,0,0,0,0,0.293,0,0,0,0,0,0,0,0,0,0,0,0,0,0,0.217,0.173,0,0,0,0,0,0.904,0,0,0,0.15,0,0,0,0,0,0,0,0.295,0,0,0,0,0,0,0,0,0,0,0,0.245,0,0,0,0,0,0,0,0,0,0,0,0,0,0,0,0,0,0,0,0,0,0,0,0.174,0,0.191,0,0,0,0,0,0,0,0,0,0,0,0,0,0,0,0,0,0,0,0,0,0,0,0,0,0.236,0,0,0,0,0,0,0,0,0,0,0.214,0,0.166,0,0,0,0,0,0,0,0,0,0,0,0,0,0,0,0,0,0,0,0,0,0,0,0,0,0,0,0,0,0,0,0,0,0.195,0,0,0.186,0,0,0,0,0,0,0,0,0,0,0,0,0,0,0,0,0,0,0,0,0,0,0,0,0,0.593,0,0,0,0,0,0,0,0,0,0,0,0,0,0,0,0,0,0,0,0,0,0,0,0,0,0,0,0,0,0,0,0,0,0,0,0,0,0,0,0,0,0,0,0,0,0,0,0.465,0,0,0,0,0,0,0,0,0,0,0,0,0,0,0,0,0,0,0,0.295,0,0,0,0,0,0,0,0.407,0,0.926,0,0,0,0,0,0,0,0,0,0,0,0,0,0,0,0,0,0,0,0.433,0,0.577,0,0.568,0,0,0,0,0,0,0,0,0,0,0,0,0,0,0,0,0,0,0,0,0,0,0,0,0,0,0,0,0,0,0,0,0,0,0,0,0,0,0,0.905,0,0,0,0,0,0,0,0,0,0,0,0,0,0,0,0,0,0,0,0,0,0,0,0,0,0,0,0,0,0,0,0,0,0,0,0,0,0,0,0,0,0,0,0,0,0,0,0,0,0,0,0,0,0,0,0,0,0.437,0,0,0,0,0,0,0,0,0,0,0,0,0,0.213,0,0,0,0,0,0,0,0,0,0,0.469,0,0,0,0,0,0,0,0,0,0,0,0,0,0,0,0,0,0,0,0,0,0,0,0,0,0,0,0,0,0.921,0,0,0,0,0.9,0,0,0,0,0,0,0,0,0,0,0,0,0,0,0,0,0,0,0,0,0,0,0,0,0,0,0,0,0,0,0,0,0,0,0,0,0,0,0,0,0,0,0,0,0,0,0,0,0,0,0,0,0,0,0,0,0,0,0,0,0,0,0,0,0,0,0,0,0.175,0,0,0,0,0,0,0,0,0,0,0,0,0,0,0,0,0,0,0,0,0,0,0,0,0,0,0,0,0,0,0,0,0,0,0,0,0,0,0,0,0,0,0,0,0,0.193,0,0,0,0,0,0,0,0,0,0,0,0,0,0.196,0,0,0,0,0,0,0,0,0,0,0,0,0,0,0,0,0,0,0,0,0,0,0,0,0,0,0,0,0,0,0,0,0.161,0,0,0,0,0,0,0,0,0,0,0,0,0,0,0.908,0,0,0.228,0,0,0,0,0,0,0.45,0,0,0,0,0,0,0,0,0,0,0,0.199,0,0.75,0,0,0,0,0,0,0,0,0,0.637,0,0,0.32,0,0,0.194,0,0,0,0,0,0,0,0,0,0.237,0,0,0.336,0,0,0,0,0,0,0,0,0,0,0,0,0,0,0,0,0,0,0,0,0,0,0,0,0,0,0,0,0,0,0,0,0,0,0,0,0,0,0,0,0,0,0,0.161,0,0,0,0,0,0,0,0,0,0,0,0,0,0,0,0,0.901,0,0,0,0,0,1
854283,0.297,0,0.255,0,0,0,0.166,0,0,0,0,0,0,0,0,0.802,0,0,0,0.15,0,0,0,0,0,0,0,0,0,0,0,0,0,0,0.704,0,0,0,0,0,0,0.238,0,0,0,0,0,0,0.159,0.24,0,0,0,0.177,0,0,0.223,0.161,0,0,0,0.211,0.182,0,0,0,0,0,0,0,0,0,0,0,0,0,0.157,0.302,0,0,0.264,0.911,0,0,0,0,0,0.257,0,0,0,0,0.152,0,0,0,0,0,0,0,0,0,0.467,0,0,0,0,0,0,0,0,0,0.938,0,0,0,0,0.242,0,0.246,0,0,0.284,0,0,0,0,0.512,0,0,0,0,0,0,0,0,0,0,0.16,0,0,0.172,0,0,0,0,0,0,0,0,0,0,0,0,0,0,0.223,0,0,0,0,0,0,0,0,0,0,0.228,0,0.248,0,0,0,0,0,0,0,0,0,0,0,0,0.299,0.174,0,0,0,0.162,0,0.999,0.41,0.193,0,0,0,0.995,0.361,0,0,0,0,0,0.236,0,0,0.328,0.445,0,0,0,0,0,0.249,0.298,0.639,0,0.373,0,0,0,0.463,0,0,0.327,0,0,0,0,0,0.182,0.224,0,0,0,0.418,0.299,0.244,0,0,0,0.365,0,0,0.185,0.449,0,0.194,0.216,0.731,0,0.31,0.309,0,0,0,0,0,0,0,0.309,0.228,0,0.305,0,0.19,0,0,0,0,0.188,0,0,0,0.369,0.955,0.465,0,0.2,0,0,0,0,0,0.17,0.15,0.74,0,0.195,0.349,0,0,0,0,0.477,0,0.625,0.161,0.361,0,0,0.473,0,0,0,0,0,0,0.297,0,0.328,0,0.226,0,0,0.465,0,0.232,0,0,0.459,0,0,0.245,0.654,0.249,0.303,0,0,0.203,0.241,0.577,0.325,0.203,0,0.369,0,0,0,0,0,0.173,0,0,0.381,0,0,0.299,0,0,0,0.938,0,0.177,0,0,0,0,0,0,0.307,0,0,0,0,0,0.253,0,0.156,0.959,0,0.29,0,0,0,0,0,0.517,0,0,0.344,0,0,0,0.505,0,0,0.239,0,0,0.186,0.981,0,0,0.295,0,0,0.194,0.16,0.27,0,0.297,0.299,0.392,0.191,0.356,0,0,0,0.296,0.194,0,0,0.17,0,0.169,0.247,0.303,0,0.169,0,0,0.3,0,0.346,0,0.619,0.338,0,0,0.4,0,0,0,0,0.252,0,0.307,0.172,0,0,0,0,0.174,0,0,0,0,0,0,0,0,0,0,0,0,0,0,0.229,0,0,0,0,0.163,0,0,0,0,0,0,0,0.186,0,0,0,0,0.199,0.326,0,0,0.247,0.394,0,0,0,0,0,0,0,0,0,0,0.205,0,0,0.199,0,0,0.213,0,0,0.778,0.273,0,0.285,0,0,0,0,0.283,0,0,0,0,0,0,0,0,0,0,0,0,0,0,0.241,0,0.797,0.618,0,0,0,0,0,0,0,0.37,0,0.45,0,0.245,0,0,0,0,0,0,0,0,0,0,0.204,0,0,0,0.669,0.388,0,0,0,0,0,0.658,0,0,0,0,0,0,0.224,0,0,0,0.228,0,0,0,0.289,0.222,0,0,0,0,0,0.39,0,0,0.333,0,0,0,0,0.635,0.169,0,0,0,0,0,0.381,0,0,0,0,0.175,0.208,0,0.158,0,0,0.185,0,0,0,0.333,0,0.55,0.234,0,0.961,0.384,0,0.456,0,0.247,0,0.257,0,0,0,0.204,0,0,0,0,0,0.402,0,0,0,0.508,0,0,0.261,0,0.258,0,0,0,0,0.16,0,0,0.192,0,0,0.244,0.161,0,0.329,0.189,0.405,0.231,0,0,0.17,0.238,0,0,0,0,0,0,0,0,0,0,0,0,0,0,0,0,0,0,0,0,0,0.318,0.389,0,0,0,0,0,0,0.203,0.294,0,0,0,0,0.199,0,0,0,0.304,0.184,0.228,0,0,0.196,0,0,0,0,0,0,0,0.338,0.867,0.195,0,0,0.701,0,0,0.328,0.152,0.164,0.213,0,0,0.227,0,0,0,0.214,0,0,0,0,0,0,0,0,0,0.255,0.192,0.312,0.199,0,0.445,0,0.283,0,0.161,0.176,0.33,0,0,0,0.99,0.246,0.324,0,0,0,0,0,0,0,0.184,0.848,0.195,0.401,0,0,0.312,0,0,0.199,0,0.708,0,0,0.203,0.412,0,0,0.168,0,0,0,0,0,0,0,0.17,0,0,0.157,0,0.748,0,0,0,0,0,0,0.257,0,0,0,0.29,0,0.499,0,0.346,0,0.74,0.156,0.294,0,0,0,0,0,0.229,0,0,0.73,0,0,0.209,0,0,0,0,0.569,0,0,0.325,0.246,0,0,0,0,0.294,0.597,0.4,0,0,0,0.288,0,0,0,0,0,0,0,0,0,0.485,0.295,0,0,0,0.315,0.287,0,0,0.276,0.307,0,0,0.892,0,0.191,0,0,0.238,0,0,0,0,0,0,0,0.979,0,0,0.948,0,0,0.195,0,0,0,0.212,0,0,0,0.513,0.272,0,0.684,0,0.202,0.245,0.414,0.252,0,0,0,0,0,0,0,0.168,0.195,0.645,0.239,0,0.397,0,0,0,0.328,0,0,0,0,0,0.244,0,0,0,0,0,0.605,0.481,0,0,0,0.185,0,0,0,0.234,0,0.227,0.359,0,0.228,0.187,0,0,0,0,0.393,0,0,0,0.17,0.245,0.152,0,0,0,0,0,0.505,0.16,0,0,0,0,0,0,0,0,0,0,0,0,0,0,0,0,0,0,0,0,0,0,0,0,0,0,0,0,0,0,0,0,0,0,0,0,0,0,0,0,0,0,0,0.15,0,0,0,0.172,0,0.35,0,0,0,0.244,0,0.303,0.26,0,0.389,0,0,0,0,0,0.15,0.229,0.174,0,0,0,0,0.223,0,0,0,0.185,0.431,0,0,0,0,0,0,0,0.269,0.416,0,0,0,0,0,0,0.307,0,0,0.581,0.185,0,0,0,0,0,0,0,0.296,0.224,0,0,0,0,0.195,0,0.179,0,0.748,0,0,0.177,0,0,0,0,0,0,0,0,0,0,0.177,0,0.177,0,0.328,0,0,0,0,0,0,0,0.169,0,0,0,0.388,0,0,0,0,0,0.221,0,0,0,0,0,0,0.177,0,0,0,0,0,0.328,0,0,0.25,0,0,0,0,0,0.602,0,0.205,0,0,0.151,0,0,0,0,0,0.328,0.185,0.282,0,0.755,0,0.372,0.33,0,0.333,0.288,0.177,0,0,0,0.576,0,0.196,0,0,0.212,0.43,0.222,0,0,0,0.289,0,0,0.263,0,0,0,0,0,0.236,0,0.205,0.483,0,0.415,0,0,0.243,0.359,0.761,0,0.166,0,0,0.318,0,0,0,0,0.366,0,0,0,0.189,0,0.322,0.231,0.211,0.31,0.367,0,0,0,0,0,0.24,0.177,0,0,0.295,0,0,0,0,0,0,0.164,0.176,0.259,0,0,0,0,0,0,0.196,0,0,0,0,0,0.586,0.177,0.248,0,0,0.154,0,0.295,0,0,0,0,0.161,0,0,0,0,0.166,0,0,0.174,0.701,0.209,0,0,0.293,0,0,0.608,0.241,0,0.345,0.15,0,0.755,0,0,0,0.198,0,0.254,0,0.505,0,0,0,0,0,0.444,0,0,0.504,0,0.734,0,0,0.318,0.338,0,0,0.326,0,0,0,0,0,0.615,0,0.27,0.371,0,0.28,0.196,0,0,0,0,0,0,0,0,0.155,0,0.305,0,0,0,0,0.219,0,0,0,0.172,0,0,0,0.164,0,0.224,0.429,0.216,0.414,0.319,0.342,0,0,0,0,0,0,0,0,0,0,0,0.598,0,0.202,0,0,0,0,0.168,0,0,0,0,0,0,0,0,0,0,0,0,0,0.195,0,0,0,0,0,0,0,0,0.195,0,0,0,0,0,0,0.184,0,0,0,0.352,0,0,0,0,0.196,0.161,0,0,0,0.528,0,0,0,0,0,0,0,0,0.42,0,0,0.259,0.692,0,0,0,0,0,0,0,0.191,0,0,0,0.299,0,0,0,0,0.189,0,0,0.175,0,0,0,0.235,0,0,0,0.153,0,0.183,0,0,0.187,0,0.534,0,0.162,0.366,0.159,0,0,0,0,0,0,0.526,0.198,0.196,0,0,0.247,0,0,0,0,0,0,0.577,0,0,0.335,0.166,0,0,0.593,0,0.324,0,0,0,0.999,0,0,0,0.294,0,0.264,0,0.235,0.164,0,0.755,0,0,0.187,0,0.165,0.602,0,0,0,0.275,0.359,0,0,0.24,0.365,0,0.215,0,0.221,0,0,0,0.667,0,0,0,0,0,0.225,0.166,0,0,0,0,0,0.32,0.363,0,0.483,0,0,0,0,0,0,0,0,0,0,0.308,0,0,0,0,0,0,0,0,0,0,0,0,0,0,0,0,0,0,0,0,0,0,0,0.167,0,0,0,0,0,0,0,0,0,0,0,0,0,0.164,0,0,0,0,0,0,0,0,0,0,0,0,0,0,0,0.264,0,0.174,0.228,0.331,0.194,0,0.709,0,0.187,0,0,0,0.662,0,0,0,0,0,0,0,0.307,0,0.631,0,0.433,0.978,0.192,0,0,0.282,0.374,0,0,0.352,0,0,0,0,0.701,0.746,0,0.524,0.264,0.205,0,0.192,0,0,0.684,0,0.999,0.615,0,0.5,0.73,0,0.424,0,0,0,0.217,0.176,0,0,0.32,0,0.562,0.936,0.906,0.62,0.957,0,0.311,0.162,0,0,0,0.25,0.458,0,0.278,0.157,0,0.269,0,0,0.925,0.212,0,0.151,0.329,0.259,0,0.629,0,0,0,0.739,0,0,0.254,0.872,0.663,0,0.176,0,0.272,0,0.228,0.379,0.176,0,0.448,0.255,0.295,0,0.32,0,0,0.413,0.171,0,0,0,0.441,0.38,0,0.572,0.15,0.351,0,0.173,0.225,0,0,0,0.323,0.352,0.713,0,0.656,0.329,0.457,0,0.304,0.258,0.723,0,0,0,0.277,0,0,0,0,0,0,0,0,0.729,0,0,0.749,0.505,0,0,0.448,0,0,0,0,0.356,0.288,0.418,0.22,0.5,0,0,0,0,0.915,0.677,0.589,0,0.508,0,0.194,0,0.997,0.935,0,0,0.173,0.394,0,0.846,0.527,0.949,0.175,0.445,0.207,0.201,0,0.705,0.698,0.487,0.209,0,0,0.429,0,0,0.397,0.172,0,0.27,0,0.76,0,0.926,0,0.168,0.796,0.183,0.391,0.425,0,0.999,0.839,0,0.273,0,0,0.715,0.541,0.999,0.999,0,0.412,0.192,0,0,0,0,0.334,0.301,0.189,0,0,0,0,0,0,0,0,0,0,0,0,0.441,0,0,0,0,0.726,0,0,0,0,0,0,0,0,0,0,0,0.219,0,0,0,0,0,0,0,0,0,0,0,0,0,0.171,0,0.337,0,0,0,0,0,0,0,0,0,0,0,0,0.449,0,0,0,0,0,0,0,0,0,0,0.676,0,0,0,0,0,0,0,0,0,0,0,0,0,0,0,0.194,0,0.22,0,0.307,0,0,0,0.164,0,0,0,0,0,0.26,0,0,0,0,0,0,0.688,0,0.191,0,0.558,0,0.324,0,0,0.198,0,0,0,0,0,0,0,0,0,0.744,0,0,0.159,0,0,0,0.16,0,0,0,0,0.186,0,0.419,0,0.307,0.527,0,0,0,0,0,0,0.602,0.259,0.316,0,0,0.241,0,0,0,0,0.245,0,0,0,0,0,0,0,0,0,0,0,0,0,0,0,0.186,0,0,0.321,0.212,0,0.166,0.157,0,0,0.154,0.154,0,0.177,0,0,0.3,0,0.241,0,0,0,0,0.241,0,0,0.227,0,0,0,0,0,0,0.182,0,0,0,0.301,0,0,0,0,0.251,0,0,0.22,0,0,0,0.785,0,0,0,0.277,0.305,0,0.357,0.254,0,0,0.267,0,0,0,0,0,0.382,0,0.264,0,0,0,0,0,0,0,0,0,0,0,0,0,0.295,0,0,0,0,0,0,0,0,0,0,0,0,0,0,0,0,0,0,0,0,0.429,0.158,0,0,0,0,0,0.45,0,0,0,0,0.193,0,0,0,0,0,0,0,0,0,0,0,0.158,0,0,0,0,0,0,0,0,0,0,0,0,0,0,0,0,0,0,0,0,0,0,0.429,0,0,0,0,0,0,0,0,0,0,0.425,0,0,0,0,0,0,0,0,0,0,0,0,0,0,0,0,0.671,0,0,0,0,0,0,0,0,0,0,0,0,0,0,0,0.15,0.196,0.442,0,0,0,0.442,0,0,0,0,0.163,0,0,0,0,0,0.294,0,0,0,0,0.15,0.181,0,0,0,0,0,0,0,0.167,0,0,0,0,0,0,0,0,0,0.336,0,0,0,0,0,0,0,0,0,0,0,0,0,0,0.212,0.294,0,0,0,0,0,0,0.165,0,0,0.438,0.278,0.308,0.903,0,0,0,0.216,0,0,0.294,0.296,0.176,0,0.451,0.349,0,0,0,0,0,0.161,0,0,0.219,0,0,0.198,0,0,0.252,0,0,0,0.353,0,0,0,0,0,0,0,0.345,0,0,0.278,0.223,0,0.405,0,0,0,0,0.182,0,0.212,0,0,0,0,0,0,0,0,0,0,0,0,0,0,0,0,0,0,0,0.457,0,0.175,0,0,0,0,0,0,0,0,0,0,0,0,0.194,0,0,0,0.177,0,0,0,0,0,0,0,0,0,0,0,0.251,0,0,0,0,0,0,0,0,0,0,0,0,0,0,0,0,0,0,0,0,0,0.241,0,0,0,0,0,0,0,0,0,0,0,0,0,0,0,0,0,0,0,0,0,0,0,0,0,0,0,0,0,0,0.212,0,0,0,0,0,0.166,0,0.177,0,0,0,0,0,0,0,0,0,0,0,0,0,0,0,0,0,0,0,0,0,0.184,0,0,0,0,0,0,0.264,0,0,0,0,0,0,0,0,0,0,0,0,0,0,0,0,0,0,0,0,0,0,0,0,0,0,0,0,0,0,0.329,0,0,0,0,0,0,0,0,0,0,0,0,0,0,0,0,0,0,0.266,0,0,0,0,0,0,0,0,0,0,0,0,0,0,0.177,0,0,0,0.211,0,0,0.288,0,0,0.206,0,0,0,0.402,0,0,0,0,0,0.177,0,0,0.321,0.388,0,0,0,0.167,0,0,0,0.177,0.177,0,0,0.35,0,0,0,0,0,0,0.324,0,0.177,0,0.177,0,0.999,0,0.181,0.364,0,0.177,0,0.999,0,0,0.999,0,0.15,0,0,0,0,0,0,0,0,0.177,0,0.396,0.247,0.254,0,0.177,0.289,0,0.177,0,0,0.26,0.177,0,0,0,0,0,0,0.237,0.177,0,0,0,0,0,0,0,0,0,0,0,0,0.177,0,0,0,0,0,0,0,0,0,0,0.999,0.397,0,0,0.186,0.838,0,0.195,0,0,0,0.177,0,0,0,0.193,0,0.221,0,0,0.999,0,0.327,0,0,0,0,0,0.291,0,0,0,0.177,0,0.151,0,0,0,0.388,0,0,0.984,0.177,0,0.573,0,0.333,0.253,0,0,0.201,0.408,0,0.315,0,0,0,0.361,0,0,0,0,0,0,0,0,0.192,0,0,0.385,0,0.271,0.573,0.323,0.478,0,0,0.54,0.209,0,0.195,0.497,0,0.159,0.159,0.554,0.517,0.219,0,0,0,0,0.204,0,0.384,0.639,0,0.229,0,0.517,0,0,0,0,0.562,0,0,0.402,0,0,0.57,0,0.423,0,0.583,0.55,0,0.196,0,0.457,0,0,0,0.274,0.497,0,0.517,0,0,0,0.151,0.55,0.196,0.824,0.569,0,0,0.204,0.315,0,0,0,0.174,0,0,0.293,0,0.456,0,0,0.568,0,0.207,0.307,0,0,0.236,0,0,0,0.388,0.366,0.159,0.445,0,0,0,0,0.32,0.5,0.453,0,0,0.48,0,0,0.433,0.562,0,0,0.625,0,0,0,0,0.517,0,0.219,0.152,0.402,0.619,0.266,0.234,0,0.15,0.999,0.411,0,0,0,0.409,0,0,0,0.843,0,0,0.224,0,0.457,0,0.18,0.725,0.366,0,0,0,0,0.473,0,0,0,0.998,0,0,0,0.349,0,0,0.656,0,0.619,0.207,0.388,0,0.361,0,0,0.625,0.274,0,0,0,0,0.562,0,0,0,0.371,0,0.57,0.196,0,0.45,0,0.583,0,0.583,0,0.718,0.497,0,0,0,0,0.425,0.192,0.525,0.227,0,0.366,0,0.285,0.434,0,0,0,0,0.41,0.353,0,0,0,0.49,0,0,0,0.298,0.252,0,0.165,0.29,0,0.401,0,0.331,0,0.158,0,0,0.15,0,0.999,0,0,0,0,0,0,0,0.999,0.997,0,0.233,0.608,0,0.522,0.67,0,0,0,0.271,0.24,0,0,0,0,0.321,0,0.24,0,0.589,0,0.228,0,0,0,0.389,0,0,0,0.271,0,0,0,0,0.24,0,0.329,0,0,0,0,0.192,0,0,0.222,0,0,0,0,0,0.162,0,0,0,0,0,0,0,0,0,0,0,0,0,0,0,0,0,0,0,0,0,0,0,0,0,0,0,0,0.227,0,0,0.27,0,0,0,0,0,0,0.208,0,0,0.226,0,0,0,0,0,0,0,0,0,0,0,0,0.22,0,0,0,0,0,0,0,0,0,0,0,0,0,0,0,0,0,0,0,0,0.305,0,0,0,0,0,0,0,0,0,0,0,0,0,0,0,0,0,0,0,0,0,0,0,0,0,0,0,0.261,0,0,0,0,0,0,0,0,0,0,0,0,0,0,0,0,0,0,0,0,0,0,0,0,0,0.288,0,0.192,0,0.193,0,0,0,0,0,0,0,0,0.268,0,0.229,0,0,0,0,0,0.152,0.197,0.156,0,0,0,0,0,0.917,0,0,0.506,0,0,0,0.176,0.172,0,0,0.319,0,0,0,0,0.374,0,0,0.278,0,0,0,0,0,0,0,0,0,0,0,0,0,0,0,0,0,0,0,0,0,0,0,0,0,0,0,0,0,0,0,0,0.226,0,0,0,0,0,0,0,0,0,0,0,0.166,0,0,0,0,0,0,0,0,0,0,0,0,0,0,0,0,0,0,0,0,0,0,0,0.177,0,0,0,0,0,0,0,0,0,0.199,0,0,0,0,0,0,0,0,0.26,0,0.205,0,0,0,0,0,0,0,0.177,0,0,0,0,0,0,0,0,0,0,0.177,0,0,0,0,0,0,0,0,0,0,0,0,0.177,0,0,0,0,0,0,0,0,0,0,0,0,0,0,0,0,0,0,0,0,0,0,0.248,0,0,0,0,0,0,0,0,0,0.242,0,0.186,0,0,0,0,0,0,0.296,0,0,0,0,0,0,0,0,0,0,0.186,0,0,0,0,0,0,0,0,0,0,0,0,0,0,0.275,0,0,0,0,0,0,0,0,0,0,0,0,0,0,0,0,0,0,0,0,0,0.195,0.999,0,0,0,0,0,0,0,0.236,0.155,0.201,0,0,0,0,0,0,0,0,0,0,0,0,0,0,0,0.697,0,0,0,0,0,0,0,0,0,0,0,0,0,0.337,0,0,0,0,0,0,0,0,0,0.229,0,0,0,0,0,0,0,0,0,0,0,0,0,0,0,0,0,0,0,0,0,0.405,0,0,0,0,0,0,0,0,0,0,0,0,0,0,0,0,0,0,0,0,0,0,0,0,0,0,0,0,0,0,0,0,0,0,0,0,0,0,0,0,0,0,0,0,0,0,0,0,0,0.177,0,0,0,0,0,0,0,0,0,0,0,0,0,0,0,0,0,0,0,0,0,0,0,0,0,0,0,0,0,0,0,0,0,0,0,0,0,0,0,0,0,0,0,0,0,0,0,0.177,0,0,0,0.177,0,0.177,0,0,0.177,0,0,0,0.995,0.177,0.177,0,0.177,0.177,0,0,0.177,0,0.177,0.177,0.177,0,0,0,0,0,0,0,0,0,0,0,0,0,0.177,0,0,0,0,0,0,0,0,0,0,0,0,0,0,0,0,0,0,0,0,0.279,0,0,0,0,0.157,0,0,0,0,0,0,0,0,0,0,0,0,0,0,0,0,0,0,0,0,0,0,0,0,0.223,0,0,0,0,0,0,0,0,0,0,0,0.406,0,0,0,0,0,0,0,0.172,0,0,0,0,0.199,0,0.179,0.329,0,0.237,0,0,0,0,0,0,0,0.178,0,0,0,0,0,0,0,0.309,0,0,0,0,0,0,0,0,0,0,0,0,0,0,0,0,0,0,0,0,0,0,0,0.209,0,0,0,0,0,0,0,0.351,0,0,0,0,0,0.998,0,0,0.209,0.23,0,0,0.814,0,0,0,0.186,0.15,0,0.646,0,0,0,0,0,0,0,0,0,0,0,0,0,0.536,0,0,0,0,0,0,0,0,0,0,0,0,0,0,0,0,0,0,0,0,0,0,0,0,0,0,0,0,0,0,0,0,0,0,0,0,0,0,0,0,0,0,0,0,0,0,0,0,0,0,0,0,0,0,0,0.435,0.286,0,0,0,0,0,0,0,0,0,0,0,0,0,0,0,0,0.285,0,0,0,0,0,0,0,0,0.192,0.306,0,0,0,0,0,0,0,0,0,0,0,0,0,0,0,0,0,0,0,0,0,0,0,0,0,0,0,0,0,0,0.462,0,0,0.201,0,0,0,0,0,0,0,0,0,0,0,0,0,0,0,0,0,0,0,0,0,0,0,0,0,0,0,0,0,0,0,0,0,0,0,0,0,0,0,0,0,0,0,0,0,0,0,0,0,0,0,0,0.413,0,0,0,0,0,0,0,0,0,0,0,0,0,0,0,0,0,0,0,0,0,0,0,0.277,0,0,0,0,0,0,0,0,0,0,0,0,0,0,0,0.318,0,0,0,0,0,0,0,0,0,0,0,0,0,0,0,0,0,0,0,0,0,0,0,0,0,0,0,0,0,0,0.203,0,0,0,0,0,0,0,0,0,0,0,0,0,0,0,0,0,0,0,0,0.906,0,0,0,0,0,0,0,0,0,0,0,0,0,0,0,0,0,0,0,0,0,0,0,0,0,0.236,0,0,0,0,0.513,0,0,0.174,0,0,0,0,0,0,0,0,0,0,0,0,0,0,0,0,0,0,0,0,0,0,0.194,0,0,0,0,0,0,0,0,0,0,0,0,0,0,0,0,0,0,0,0,0,0,0,0,0,0,0,0,0,0,0,0,0,0,0,0,0,0,0,0,0,0,0,0,0,0,0.171,0,0,0,0,0,0,0,0,0,0,0,0,0,0,0.194,0,0,0,0.323,0,0,0,0,0,0,0,0,0,0,0,0,0,0,0,0.495,0,0,0,0,0,0,0,0,0,0,0,0,0,0,0,0,0,0,0,0,0,0,0,0,0,0,0.16,0,0,0,0,0,0,0,0,0,0,0,0,0,0,0,0,0,0,0,0,0,0,0,0,0,0,0,0,0,0,0,0,0,0,0,0,0,0,0,0,0,0
855492,0.471,0,0.816,0.445,0.177,0,0.24,0.292,0,0,0,0,0,0,0,0.312,0,0,0.594,0,0,0,0,0,0,0,0.754,0,0,0,0,0,0,0,0,0,0,0,0,0,0,0,0,0,0.15,0,0,0,0,0.372,0,0.186,0,0,0,0,0,0.7,0.23,0,0,0,0,0.19,0.603,0,0,0,0,0,0.483,0,0,0.366,0.205,0,0,0,0.202,0,0,0,0,0,0,0,0,0,0.38,0,0,0,0.393,0,0,0.265,0,0.232,0.421,0,0,0,0.199,0.57,0,0,0,0.377,0,0,0,0,0,0,0,0,0,0,0.456,0,0,0.201,0,0,0,0,0,0.194,0,0,0.226,0,0,0,0,0,0,0,0.896,0,0.277,0,0.439,0,0,0.434,0,0,0,0,0,0,0,0,0,0.722,0,0,0,0.557,0,0,0,0.243,0.165,0,0,0.551,0,0.156,0,0.454,0,0,0,0,0,0,0,0,0.171,0,0.45,0.281,0,0,0,0,0,0.266,0,0,0,0.348,0,0,0,0,0,0,0,0.202,0,0,0.54,0,0.215,0,0.376,0.758,0,0,0.976,0.258,0,0,0,0,0,0,0.27,0,0,0,0,0,0,0,0,0.391,0,0,0.286,0,0.225,0,0.391,0,0,0,0,0,0,0.423,0,0,0,0.775,0,0,0.442,0,0.509,0.974,0,0,0,0,0,0,0,0.228,0,0,0,0.173,0,0.23,0,0,0.161,0,0,0,0,0.395,0,0.152,0.186,0,0,0,0.432,0.165,0,0,0,0.197,0,0,0.639,0,0,0.179,0,0,0,0,0,0,0.162,0,0,0.575,0,0,0.782,0,0,0.224,0,0,0.46,0.164,0.395,0,0,0,0.614,0,0,0,0.595,0,0.514,0.245,0.234,0,0,0,0,0,0,0,0,0.185,0,0.61,0,0,0,0,0.165,0,0,0.618,0,0,0.282,0,0,0,0,0,0,0,0.439,0,0,0.182,0,0.16,0,0,0,0,0,0.195,0,0.153,0.645,0.238,0.451,0,0.959,0,0,0,0.623,0,0,0,0,0.207,0,0.206,0,0,0,0,0,0.789,0,0,0,0.161,0,0,0.19,0,0,0,0,0,0.442,0.924,0,0,0,0.569,0,0,0,0,0,0,0.318,0,0.382,0,0,0,0.168,0.578,0.312,0,0,0,0.224,0,0,0.372,0,0,0,0.446,0,0.45,0,0,0,0.261,0,0,0.196,0,0,0.441,0,0.518,0.257,0.397,0,0,0.382,0,0,0,0,0.324,0,0,0.601,0,0.559,0,0,0,0,0,0,0,0,0.258,0,0,0,0,0,0.239,0,0.403,0,0,0,0,0,0,0.386,0,0,0,0,0,0,0.171,0,0,0,0.162,0,0,0.195,0.227,0.383,0,0,0,0,0,0,0,0,0,0,0,0.247,0,0,0,0.166,0,0,0,0,0,0,0,0,0,0,0,0,0,0,0,0,0,0,0,0.174,0,0,0,0,0.156,0,0,0.299,0,0.169,0,0,0,0,0,0,0.418,0,0,0,0.556,0,0,0,0,0,0,0,0,0,0.557,0,0.758,0,0,0.152,0,0,0,0,0,0,0,0.363,0,0,0,0,0,0,0,0,0.925,0,0,0,0,0.556,0,0,0.491,0,0.408,0,0,0,0,0.29,0,0,0,0,0.443,0,0,0.234,0,0,0,0,0,0,0.79,0.209,0,0.448,0,0,0,0,0.721,0,0.185,0.618,0,0.234,0.983,0,0,0,0.177,0,0,0,0,0,0,0,0.3,0,0,0,0,0.22,0,0,0,0,0,0.199,0,0,0,0.814,0,0.164,0,0,0.169,0,0,0,0,0,0,0,0,0,0,0,0,0,0,0,0,0,0,0,0,0.152,0,0,0,0,0,0,0,0.232,0.157,0,0,0,0,0,0,0.224,0,0,0,0,0,0,0,0,0.37,0,0,0.317,0.294,0.322,0,0,0,0,0,0,0,0,0.267,0,0,0,0,0,0.224,0,0.165,0,0,0.991,0,0,0,0,0,0,0,0,0,0.215,0,0.272,0,0,0,0,0,0,0,0.258,0.696,0.279,0,0,0,0,0.962,0,0,0,0,0.24,0,0,0,0,0,0,0,0.554,0,0,0.162,0,0,0,0.539,0,0,0.601,0.233,0,0,0.367,0,0,0,0,0.382,0,0,0,0,0.191,0,0,0.575,0,0,0,0,0,0.898,0.177,0.155,0,0.555,0,0.152,0,0,0,0.246,0,0,0.163,0,0,0.224,0,0.396,0,0.369,0,0.186,0,0.312,0,0,0,0,0,0,0,0,0.299,0,0,0,0.228,0,0,0,0,0.156,0,0,0,0,0,0,0.371,0,0,0.309,0,0,0,0.333,0.212,0,0,0,0,0,0,0,0.386,0,0.383,0,0.199,0,0,0,0,0,0,0,0,0,0,0,0,0,0,0,0,0.238,0,0,0,0,0,0,0,0,0.228,0.355,0.248,0.218,0.383,0,0,0,0.384,0,0,0,0.383,0,0,0.557,0.203,0.365,0.182,0.224,0,0,0,0.267,0.15,0.23,0,0,0.207,0.191,0,0,0,0,0,0.184,0.283,0,0,0,0.605,0.17,0.98,0.271,0,0,0,0,0,0,0,0,0,0.155,0,0,0,0.191,0,0,0,0,0,0.209,0,0,0,0,0.199,0,0,0,0,0,0,0,0,0,0,0,0,0,0,0,0,0,0,0,0,0,0.153,0,0,0,0,0.196,0.363,0,0,0,0.273,0,0.187,0,0,0,0,0,0,0.259,0,0,0.158,0,0,0,0,0.371,0,0,0,0,0,0.192,0,0,0,0.153,0,0,0.316,0,0,0.556,0,0.153,0,0.264,0,0,0,0,0,0,0,0,0,0.394,0,0,0,0,0.603,0,0,0,0,0,0,0,0,0,0,0.17,0,0,0.181,0,0,0,0,0.158,0,0,0,0,0,0,0,0,0,0.168,0,0,0,0,0,0,0,0.836,0,0.168,0,0.183,0,0.183,0,0,0,0,0,0,0,0,0,0,0,0,0.17,0,0,0,0,0,0,0,0,0,0,0,0,0,0,0,0,0,0,0,0,0,0.229,0.414,0,0,0,0,0,0,0.19,0,0,0.828,0,0,0,0,0,0,0,0,0.448,0,0,0,0,0,0,0,0.386,0,0,0,0.699,0,0,0.45,0,0,0,0,0,0,0,0,0,0,0,0.552,0,0.8,0,0,0,0,0,0,0,0,0,0,0,0,0,0,0,0.537,0,0,0,0,0,0,0,0,0.27,0,0,0,0,0,0.333,0,0,0,0,0,0,0.411,0,0.373,0,0,0,0.288,0,0,0,0,0,0,0,0,0,0.184,0,0,0,0,0,0,0,0,0,0,0,0,0,0,0,0.446,0,0,0,0.477,0,0,0,0,0,0.196,0,0,0,0,0,0,0.365,0,0,0,0,0,0,0.261,0,0,0,0.156,0,0,0.918,0,0,0,0.276,0,0,0.448,0,0,0,0,0,0.195,0,0,0.396,0,0,0,0,0,0,0,0,0,0,0,0,0,0,0,0,0.2,0,0,0,0,0,0,0,0,0.504,0,0,0.553,0,0.252,0.604,0,0,0,0,0,0,0,0,0,0,0,0,0,0,0,0,0.181,0,0,0,0,0,0,0,0,0,0,0,0,0,0,0.648,0,0,0.216,0,0,0,0,0,0,0,0,0,0,0,0,0.185,0,0,0.564,0,0,0.392,0,0,0,0,0,0,0,0,0,0,0,0,0,0,0,0,0,0,0,0,0,0.155,0,0,0,0,0,0,0,0,0,0.207,0.164,0,0,0,0.21,0,0,0,0.158,0,0,0,0,0.481,0.481,0,0,0,0,0,0,0.226,0,0,0,0,0,0,0,0,0,0.186,0,0,0,0,0,0,0,0,0,0,0,0,0,0.735,0.369,0,0,0,0.337,0,0,0,0,0.159,0,0.449,0,0,0.349,0,0,0,0,0,0,0,0,0.22,0,0,0,0,0,0,0,0,0.471,0,0,0,0,0,0,0,0,0,0.158,0,0.272,0,0,0.844,0,0,0,0,0,0,0,0,0,0,0,0,0,0,0,0,0,0,0,0,0,0,0,0,0,0,0,0,0,0.934,0,0,0,0,0,0.552,0,0,0,0,0,0,0.192,0,0,0,0,0.16,0,0,0,0,0,0,0,0,0,0,0,0,0,0.447,0,0,0,0,0.164,0,0,0,0,0,0,0,0,0,0,0.224,0,0,0.458,0.159,0,0,0,0,0,0,0,0,0,0,0,0,0,0,0,0,0,0.45,0,0,0.229,0.244,0,0,0,0,0.883,0,0,0,0.378,0,0,0,0,0,0.625,0,0,0,0,0,0,0,0,0,0,0,0,0,0,0,0.365,0,0.171,0,0,0,0,0,0,0,0,0,0,0,0,0,0,0.312,0,0,0,0.285,0,0,0,0,0,0.198,0,0,0,0.17,0,0,0,0,0,0,0,0,0,0,0,0.227,0.217,0,0,0,0.244,0,0,0,0,0,0,0,0,0,0,0.287,0,0,0.374,0.391,0,0,0.385,0,0,0,0,0,0,0,0.412,0,0,0,0,0,0,0,0,0.249,0,0,0,0,0,0,0.206,0.366,0,0.368,0,0,0,0,0,0,0,0,0.365,0,0,0,0.465,0,0.156,0.288,0.218,0,0,0.345,0,0,0,0,0,0,0,0,0,0,0,0,0,0,0.219,0,0,0.15,0,0,0,0.284,0,0,0,0,0,0.164,0,0.283,0,0,0,0,0,0,0,0,0,0.256,0,0,0,0,0.207,0.178,0,0,0,0,0.389,0,0,0,0,0,0,0.239,0,0,0,0.151,0,0,0,0,0,0.228,0,0,0,0,0,0,0,0,0,0,0,0,0,0,0,0,0.531,0,0,0,0,0,0,0,0,0,0.159,0,0,0,0,0,0,0,0,0,0,0,0,0,0.925,0,0,0,0,0,0,0,0,0,0,0,0,0,0,0,0,0,0,0,0,0,0,0,0.278,0,0,0.166,0,0,0,0,0,0,0,0,0,0,0,0,0,0,0,0,0,0.192,0,0,0,0,0,0,0.15,0,0,0,0,0,0,0,0,0,0,0.481,0,0,0,0,0,0,0,0,0,0.3,0,0.476,0,0,0,0,0,0.696,0.162,0,0.156,0,0,0,0,0,0.17,0,0,0,0,0,0.541,0,0,0,0,0.179,0,0,0.322,0,0,0,0,0,0,0.359,0,0,0,0,0,0.227,0,0,0,0,0,0,0,0,0,0.26,0,0,0,0.366,0,0,0,0.171,0,0,0,0,0,0.171,0,0,0.481,0,0,0,0,0,0,0,0,0,0,0,0,0,0,0,0,0,0,0,0,0,0,0,0,0,0,0,0,0,0.205,0,0,0,0,0,0,0,0,0,0,0,0,0,0,0,0,0,0,0,0,0,0,0.171,0,0,0,0.195,0,0,0,0,0,0,0,0,0,0,0,0,0,0,0,0,0,0,0,0.267,0,0.289,0,0,0,0,0,0,0,0,0,0,0.16,0,0,0,0,0,0,0,0.196,0,0,0.164,0,0,0,0,0,0,0,0,0,0.238,0.586,0,0.407,0,0.407,0,0,0,0.375,0,0,0,0,0,0.375,0,0.375,0,0,0,0,0,0,0,0,0,0,0,0,0,0,0,0,0,0,0,0,0,0.25,0.375,0,0,0,0,0,0,0,0.375,0,0,0,0,0,0,0,0.375,0,0,0,0,0,0,0,0,0,0.422,0,0,0.153,0,0,0,0,0,0,0.199,0,0,0,0,0.173,0,0,0,0,0,0,0,0,0,0,0.407,0,0,0,0,0,0.217,0,0,0,0,0,0,0,0.302,0,0.277,0.26,0,0,0,0.249,0,0,0,0,0,0,0,0,0,0,0,0,0,0,0.813,0,0,0.215,0,0,0,0,0,0,0,0,0,0,0.207,0,0.579,0,0,0,0,0,0,0,0,0,0,0,0,0,0.215,0.227,0,0,0,0,0,0,0,0,0.316,0,0,0,0.227,0,0,0,0.16,0,0,0.465,0,0.288,0.227,0,0,0,0,0,0.293,0,0.302,0,0,0,0,0,0,0.555,0.495,0.302,0,0,0,0.179,0,0,0,0,0.466,0,0.208,0.336,0,0,0,0.465,0,0,0.25,0.25,0,0,0,0,0,0.227,0,0.27,0,0,0.183,0,0,0,0,0,0,0,0,0,0,0,0,0,0,0,0,0,0,0.256,0,0.286,0,0,0,0,0,0,0,0,0,0,0,0.368,0,0,0,0,0,0,0,0,0,0,0.304,0,0,0,0,0,0,0,0,0,0,0,0.335,0,0,0,0,0,0,0,0,0,0,0,0,0,0,0,0,0,0,0,0,0,0,0,0,0,0,0,0,0,0,0,0,0,0,0,0.177,0,0.21,0,0,0,0,0,0,0,0,0,0.372,0,0,0.167,0,0,0,0,0,0,0,0,0.26,0,0,0,0,0,0,0,0,0,0,0,0,0,0,0,0,0,0,0,0,0,0,0,0,0,0,0,0,0,0,0,0,0,0,0,0,0,0,0,0,0,0.204,0,0,0,0,0,0,0,0,0,0,0,0.15,0,0,0,0,0,0,0,0,0,0,0,0,0,0,0,0,0,0,0,0,0,0,0,0,0,0,0,0,0,0,0.236,0,0,0,0,0,0,0.551,0,0,0,0,0,0,0,0,0,0,0.177,0,0,0,0,0.536,0,0,0,0,0,0,0,0.19,0,0,0,0,0,0,0,0,0,0,0,0,0,0,0,0,0,0,0,0,0,0,0,0,0,0,0,0,0,0,0,0,0,0,0,0,0,0.33,0,0,0,0,0,0,0.207,0,0,0,0,0,0,0,0,0,0,0,0,0,0,0,0,0,0.157,0,0,0,0,0,0,0,0,0,0,0.448,0,0,0,0,0,0,0,0,0,0,0,0,0,0,0,0,0,0.15,0,0,0,0,0,0,0,0,0,0,0,0,0,0,0.192,0,0,0,0.208,0,0,0,0,0,0,0,0.273,0,0,0,0,0,0,0,0,0,0,0,0,0,0.185,0.15,0,0,0,0,0.423,0,0,0,0,0.198,0,0,0,0,0,0,0.283,0,0,0,0.233,0,0.474,0,0,0,0,0,0,0.645,0,0,0,0.334,0,0.165,0.349,0,0,0,0,0,0,0,0,0.175,0.636,0,0,0,0,0.289,0,0.894,0,0.201,0.378,0,0.173,0.298,0.638,0,0,0.31,0,0,0.189,0,0,0,0,0,0.186,0.15,0,0.179,0.15,0,0,0,0,0,0,0,0,0,0,0.186,0,0.284,0.175,0,0,0.284,0,0,0,0,0,0.185,0,0,0.199,0,0,0,0,0,0,0.329,0.152,0,0,0,0,0,0.203,0.183,0,0,0.173,0,0.178,0.152,0.68,0,0.303,0.302,0,0,0,0,0.214,0.209,0,0,0,0,0,0,0,0,0.219,0.207,0,0,0,0,0,0,0,0.214,0.253,0,0.35,0.209,0,0.23,0,0,0.36,0,0.211,0,0,0.619,0,0,0,0,0.282,0.267,0,0,0,0,0.331,0.421,0,0.164,0.446,0,0,0,0.173,0,0,0.298,0,0,0,0.209,0.15,0,0,0,0,0,0,0,0.153,0,0,0.31,0.288,0,0,0,0,0.198,0.158,0.442,0.304,0,0.361,0,0,0,0,0,0,0,0,0,0,0,0,0,0.447,0,0.196,0.35,0,0,0,0,0,0,0,0,0,0,0,0,0,0,0,0,0,0,0,0,0,0,0,0,0,0,0,0,0,0,0,0,0,0,0,0.288,0,0,0,0,0,0,0,0,0,0,0,0,0,0,0,0,0,0,0,0.277,0,0,0,0,0,0,0,0,0,0.183,0,0,0,0,0,0,0,0,0,0,0.501,0,0,0,0,0,0,0,0,0,0,0,0,0,0.199,0,0.233,0,0,0,0,0,0.208,0,0,0,0,0,0.445,0,0,0.453,0,0,0.993,0,0.304,0,0,0,0,0,0,0.356,0.195,0,0,0,0,0,0,0,0,0,0,0,0,0.162,0,0,0.686,0.251,0,0.233,0,0,0,0,0,0,0.278,0,0,0,0,0,0.152,0,0,0,0,0,0.291,0,0.274,0,0,0,0,0,0,0.457,0,0,0,0,0,0,0,0.172,0.369,0,0,0,0,0,0,0,0.985,0.169,0,0,0.212,0,0,0,0,0,0,0,0,0,0,0,0,0,0,0,0,0,0.478,0,0,0,0,0,0,0,0,0,0.161,0,0,0,0,0,0,0,0.193,0,0,0,0,0,0,0,0,0,0,0.175,0,0,0,0,0,0,0,0,0,0,0,0,0,0.59,0.158,0,0,0,0,0,0,0.31,0,0,0,0,0,0,0,0,0,0,0,0,0,0,0,0,0.16,0,0,0,0,0,0,0,0.161,0,0,0,0,0.207,0,0,0.151,0.504,0,0,0,0,0,0,0,0,0,0,0.361,0,0,0,0,0,0,0,0.184,0,0,0,0.266,0,0,0.155,0,0,0,0,0,0,0.213,0,0,0,0,0,0,0,0,0,0,0,0,0.284,0.219,0,0,0,0,0,0,0,0,0,0,0.505,0.542,0,0,0,0,0.724,0,0,0,0,0,0,0.278,0,0.785,0,0,0,0,0,0,0,0.194,0.449,0,0,0,0,0,0,0.45,0,0.716,0,0.309,0.24,0,0,0,0,0.287,0,0,0.474,0,0,0,0.376,0,0,0.93,0,0,0,0,0,0.272,0,0,0,0,0.723,0,0.162,0,0,0.326,0,0.543,0,0,0,0,0,0,0,0,0,0,0,0,0,0,0,0,0,0.542,0.167,0,0,0,0.183,0,0,0,0,0,0,0,0,0,0,0,0,0,0,0,0,0,0.225,0,0,0,0,0,0,0,0,0,0,0,0,0,0,0,0,0,0,0,0,0,0,0.349,0,0,0,0,0,0,0,0.623,0,0,0,0,0,0.19,0,0,0,0,0,0,0,0,0.186,0,0.219,0,0,0,0,0,0.555,0,0,0,0,0,0,0,0.297,0,0,0,0,0,0,0,0,0,0,0,0,0,0,0,0,0,0,0,0,0.157,0.196,0,0,0,0,0,0,0,0,0,0,0,0,0,0,0,0,0,0,0,0,0,0,0,0,0,0,0,0.48,0,0,0.24,0,0,0,0,0,0,0,0,0,0,0,0,0,0,0,0,0,0,0,0,0.355,0,0,0,0,0,0,0,0,0,0,0,0,0,0,0,0,0,0,0,0,0,0,0,0,0,0.365,0,0,0,0,0.195,0,0,0,0,0,0,0,0.191,0,0,0,0,0,0,0,0,0,0,0,0,0,0,0,0,0,0,0,0,0,0,0,0,0,0,0,0,0,0,0,0,0,0,0,0,0,0,0.219,0,0,0,0,0,0,0,0,0,0,0,0,0,0,0,0,0,0,0,0,0,0,0,0,0,0,0,0,0,0,0.341,0,0,0,0,0.315,0,0,0.282,0,0,0,0,0,0,0,0,0,0,0,0,0,0,0,0,0,0,0,0,0,0,0,0,0,0,0,0,0,0,0,0,0,0,0,0,0,0,0,0,0,0.158,0,0,0,0,0,0.287,0,0,0,0,0,0,0,0,0,0,0,0,0,0,0,0,0,0,0,0,0,0,0,0,0,0,0,0,0,0,0,0,0.297,0,0,0,0,0,0.491,0,0,0,0,0,0,0,0,0,0,0,0,0,0,0,0,0.172,0,0,0,0,0,0,0,0,0,0,0,0,0,0,0,0,0,0,0,0,0,0,0,0,0,0,0,0,0,0,0,0,0,0,0,0,0,0,0,0,0,0,0,0,0,0,0,0,0.293,0,0,0,0,0,0,0,0,0,0,0,0,0,0,0,0,0,0,0,0,0.158,0,0,0,0,0,0,0,0,0,0,0,0,0,0,0,0,0,0,0,0,0,0,0,0,0,0,0,0,0,0,0,0,0,0,0,0,0,0,0,0,0,0,0,0.773,0,0,0.507,0,0,0,0,0,0,0,0.55,0,0,0,0.556,0,0,0,0,0,0,0.165,0,0,0,0.557,0,0,0,0,0,0,0,0,0.456,0,0,0,0,0,0,0,0,0,0,0,0,0,0,0,0,0,0,0,0,0,0,0,0,0,0,0,0,0,0,0,0,0,0,0,0,0,0,0,0,0,0.183,0,0,0,0,0,0.567,0.482,0,0,0,0,0,0,0,0,0,0,0,0,0,0,0,0,0,0,0,0,0,0,0,0,0,0,0,0,0,0,0,0,0,0,0,0,0,0,0,0,0,0,0,0,0,0,0,0,0,0,0,0,0,0,0,0,0,0,0,0,0,0,0,0,0,0,0,0,0,0,0,0,0,0,0,0,0,0,0,0,0,0,0,0,0,0,0,0,0,0,0,0,0,0,0,0,0,0,0,0,0,0,0,0,0,0,0,0,0,0,0,0,0,0,0,0,0,0,0,0.366,0,0,0,0,0,0,0,0,0.209,0,0,0,0,0,0,0,0,0.762,0,0,0,0,0,0,0,0,0,0,0,0,0,0,0,0,0,0,0,0,0,0,0,0,0,0,0,0.531,0,0,0,0,0,0,0,0,0,0,0,0,0,0,0.361,0,0,0,0,0,0,0,0,0,0,0,0,0,0.702,0,0,0,0,0,0,0,0,0,0,0,0,0,0,0,0,0,0,0,0,0,0.15,0,0,0,0,0,0,0,0,0,0.448,0.449,0,0,0,0,0,0,0,0,0,0.156,0,0,0,0,0,0,0,0,0,0,0,0,0,0.172,0,0,0,0,0,0,0,0,0,0,0,0,0,0,0,0,0,0,0.174,0,0,0,0,0,0,0,0,0,0,0,0,0,0.551,0.448,0,0,0,0,0,0,0,0,0,0,0,0,0,0,0,0,0
853071,0.281,0.204,0.555,0.564,0,0,0.226,0.276,0,0.164,0,0,0,0,0,0.543,0.245,0.906,0.269,0.839,0,0,0,0,0.22,0,0.286,0.907,0,0.161,0,0,0,0,0,0,0,0,0,0,0.55,0.199,0,0,0,0.225,0,0,0.75,0.479,0,0.934,0.477,0,0,0,0,0,0.475,0,0.215,0.342,0,0,0.689,0,0,0,0,0,0.459,0,0,0,0.58,0,0,0,0.161,0,0,0,0,0,0,0.228,0,0.198,0.552,0,0.153,0,0,0.8,0.204,0.908,0,0.215,0.302,0.283,0,0,0.289,0,0,0.153,0.215,0.631,0,0,0,0,0,0,0,0,0,0.834,0.552,0.22,0,0.477,0.994,0,0,0.156,0,0.467,0,0,0,0,0,0,0,0,0,0.162,0.319,0,0.473,0.341,0.256,0,0,0,0,0,0,0,0.199,0,0.266,0,0,0.965,0,0,0.444,0,0,0,0,0,0.221,0,0,0.295,0,0.203,0,0,0,0,0,0,0,0.225,0.212,0,0,0,0,0,0,0,0,0,0.236,0.3,0.235,0,0,0,0,0.188,0.165,0.437,0,0,0,0.233,0.298,0,0,0.198,0.903,0,0,0.241,0,0,0.239,0,0.896,0,0,0,0,0,0.916,0,0,0.173,0,0,0,0,0,0.35,0,0,0,0,0.363,0.181,0.234,0,0,0.228,0,0,0,0.406,0.251,0,0,0,0.287,0,0,0,0,0,0,0,0,0,0,0,0,0,0,0,0.317,0,0,0,0,0,0,0,0,0.257,0,0.662,0,0.327,0,0.161,0,0,0.304,0,0,0,0,0.999,0,0,0,0,0,0,0,0,0,0.255,0,0,0.908,0,0,0.628,0,0,0,0,0,0.905,0,0,0,0.16,0.672,0.206,0.169,0,0,0.799,0,0,0.242,0.29,0,0.531,0,0,0.331,0.156,0,0.21,0,0.479,0,0,0,0,0,0,0.951,0,0,0,0,0,0.598,0,0,0,0.721,0,0,0,0,0,0,0,0,0,0,0.218,0,0,0,0.363,0,0,0.793,0.904,0.249,0.641,0,0,0,0,0.903,0,0,0,0,0,0,0.903,0,0,0,0,0.396,0,0.519,0,0,0,0,0,0.904,0,0,0,0.188,0,0,0,0.25,0,0,0,0,0.504,0,0,0,0.889,0,0.293,0.494,0.155,0,0,0.326,0,0,0,0,0.818,0,0,0,0.199,0.175,0,0,0,0,0,0,0,0,0,0,0,0.208,0,0,0,0,0,0.168,0,0,0,0.714,0.499,0,0,0,0.194,0,0,0.246,0,0.254,0,0,0,0,0,0,0,0.159,0,0,0.914,0,0.363,0,0,0,0.175,0.564,0,0,0,0.338,0,0,0,0,0,0,0.425,0,0,0,0,0,0.954,0,0,0,0,0,0,0,0,0,0,0.551,0,0.35,0,0.18,0.234,0,0,0.915,0,0,0,0,0,0,0,0,0.28,0,0,0,0,0,0,0,0,0,0,0.333,0,0,0,0,0,0,0,0,0,0,0,0,0.234,0.169,0,0,0,0,0,0,0,0,0,0.509,0,0,0,0,0.703,0,0,0,0,0,0,0,0,0,0.229,0.214,0.317,0,0,0,0,0,0,0,0,0,0.167,0,0,0,0,0.258,0.191,0,0,0.654,0.35,0,0,0,0,0,0.694,0.258,0.235,0,0.245,0,0,0,0,0,0,0.523,0,0,0.797,0,0,0,0,0.154,0,0,0.963,0,0.397,0,0,0,0,0,0,0,0,0.212,0,0,0.338,0,0,0.228,0,0,0.166,0,0,0,0,0,0,0,0,0.31,0,0,0,0.171,0.616,0,0,0,0,0,0,0,0.191,0,0,0,0,0,0,0,0,0,0,0,0,0,0,0,0,0,0,0.745,0,0,0,0.177,0,0,0,0,0,0,0,0,0,0,0.151,0,0,0.226,0,0.208,0.235,0,0,0,0,0,0,0,0.425,0.216,0.732,0.942,0,0,0,0.901,0,0,0.28,0,0,0.762,0.186,0.234,0,0,0,0,0.996,0,0,0,0,0.556,0,0,0,0,0,0,0,0.211,0,0.903,0,0.186,0,0,0,0,0,0,0,0,0.155,0,0,0,0,0,0.168,0,0,0.212,0.834,0,0,0,0,0,0,0,0,0.247,0.625,0,0.999,0,0.536,0,0,0.159,0,0,0,0,0,0,0,0,0,0,0,0,0,0,0,0.591,0.151,0,0.171,0,0,0,0.158,0.211,0,0,0,0,0,0,0,0,0,0,0,0.2,0,0.206,0,0,0.352,0,0,0,0,0,0,0,0.901,0,0,0,0,0,0,0,0,0,0,0.282,0,0,0,0,0,0,0.25,0,0.209,0,0,0,0,0,0,0,0,0,0.928,0,0.202,0,0,0,0,0,0.325,0,0,0.202,0,0,0,0.903,0,0,0,0,0,0.891,0,0,0,0,0,0,0,0.169,0.38,0.256,0,0,0,0.259,0,0,0.669,0,0.274,0,0.938,0,0.285,0,0,0,0,0.674,0,0.251,0,0.933,0,0,0.91,0,0,0,0.911,0,0,0.151,0.917,0,0.209,0,0,0,0,0,0,0,0,0,0.171,0.248,0,0,0,0.95,0,0.959,0.91,0,0,0.169,0,0,0.226,0,0.799,0,0,0,0,0.261,0.984,0,0,0,0,0,0.911,0,0,0,0,0,0,0,0,0.197,0,0,0,0,0,0,0,0,0,0,0,0,0,0,0,0,0,0,0,0,0,0,0,0,0,0,0,0,0,0,0,0,0,0,0,0,0,0,0,0,0,0,0,0.669,0.156,0,0,0.38,0,0,0,0,0,0,0.903,0,0.174,0.197,0.17,0,0,0,0,0.351,0.908,0,0.152,0.163,0,0,0,0,0,0,0,0.308,0.182,0.996,0,0,0,0,0,0,0,0,0,0.153,0.16,0,0,0,0,0,0,0,0.219,0,0.338,0,0,0,0,0.901,0.359,0,0,0,0,0.717,0,0,0,0,0.194,0,0,0,0,0,0.173,0,0.173,0,0.453,0,0,0.9,0,0,0,0,0,0,0.219,0,0,0,0.218,0,0,0.15,0,0,0,0,0,0,0,0,0.192,0,0,0,0,0,0,0,0,0,0.163,0,0,0.208,0,0,0,0,0,0,0.223,0,0,0,0,0.91,0,0.164,0,0,0,0.624,0.172,0,0.235,0.457,0,0,0,0.288,0,0,0,0,0,0.175,0,0,0,0,0,0,0,0.197,0,0,0,0.308,0,0,0,0.156,0.903,0,0,0.89,0.445,0.156,0.249,0,0.184,0,0,0,0,0,0,0,0.912,0,0,0.846,0.167,0,0,0,0,0.821,0,0.319,0,0,0,0,0,0,0,0,0,0,0,0,0,0,0,0,0.165,0,0,0.154,0,0,0.421,0,0,0.359,0,0,0,0,0,0,0.299,0,0.716,0,0,0,0,0,0,0.178,0,0,0.183,0,0,0.213,0.197,0,0,0,0.282,0,0.182,0,0,0,0,0,0.905,0,0.901,0,0,0,0.28,0,0,0,0,0.202,0,0,0,0,0,0,0,0,0,0,0,0,0,0.315,0,0,0,0.25,0,0,0,0,0,0,0,0,0.24,0,0.977,0.287,0,0,0,0,0,0,0,0,0,0,0,0.901,0,0.185,0,0,0,0,0,0,0,0,0,0,0,0,0,0,0,0,0,0.419,0.214,0,0,0,0,0,0.219,0,0.206,0.266,0,0,0,0.698,0,0,0,0,0,0,0.237,0.271,0,0,0,0,0,0.174,0,0.68,0,0,0,0,0,0,0,0,0,0,0,0,0,0,0,0,0,0,0.197,0,0,0,0,0,0,0,0,0,0.568,0,0,0.454,0,0,0.489,0,0,0,0,0,0,0,0,0,0,0.501,0,0.2,0,0.462,0,0,0.479,0.85,0.42,0,0,0,0,0.17,0,0,0,0,0,0,0,0,0,0.789,0,0,0,0,0,0,0,0,0,0,0,0,0.564,0,0,0,0.911,0,0,0,0,0,0,0,0,0,0,0,0.419,0,0,0,0,0,0,0,0,0,0,0,0,0,0.357,0,0.325,0,0.214,0,0,0,0,0,0,0,0,0,0,0,0.54,0.796,0,0,0,0,0,0,0,0,0,0.245,0,0,0,0,0,0,0.871,0,0,0,0,0.226,0,0,0.155,0,0,0,0.15,0,0,0,0,0,0,0,0,0,0,0.229,0,0,0,0,0,0,0,0,0,0.179,0,0.208,0.262,0,0,0,0,0,0,0.162,0,0,0,0,0,0,0,0.162,0,0,0,0,0,0,0,0,0,0,0,0,0,0,0,0,0,0,0,0.169,0,0,0,0.343,0,0,0,0,0,0,0,0,0,0,0,0.346,0,0.974,0,0.2,0,0.15,0.93,0.904,0.156,0,0,0.165,0.895,0.165,0,0,0,0,0,0.165,0.429,0,0.487,0,0.708,0.798,0.274,0,0,0,0.864,0,0,0.373,0.788,0,0,0,0.762,0.69,0,0.226,0.228,0.23,0.154,0,0,0,0.894,0.91,0.731,0.59,0,0,0.869,0,0.612,0.158,0,0,0,0.151,0,0,0.901,0,0.632,0.295,0.518,0.354,0.64,0,0.195,0,0,0,0,0.741,0.852,0,0.181,0.315,0,0.523,0,0,0.696,0,0,0.773,0.159,0.903,0,0.167,0,0.155,0,0.751,0.409,0,0,0.895,0.912,0,0,0,0.225,0,0,0.775,0.298,0,0.236,0,0,0,0.255,0,0,0.319,0.321,0,0,0,0.51,0.231,0.151,0.287,0,0.681,0,0,0,0.903,0.157,0,0,0.395,0.688,0,0.237,0,0.752,0,0.411,0.334,0.821,0,0,0,0.761,0,0,0.15,0,0,0,0,0,0.193,0.91,0,0.749,0.228,0,0,0.925,0,0,0.171,0.18,0.658,0.234,0.451,0,0.903,0,0,0,0.246,0.606,0.757,0.346,0,0.896,0.667,0.217,0,0.956,0.921,0,0,0.548,0.281,0,0.839,0.999,0.814,0,0,0,0,0,0,0.814,0.99,0,0.215,0,0.372,0,0,0.865,0.194,0.212,0,0,0.873,0.692,0.766,0,0,0.812,0,0.997,0.478,0.304,0.394,0.825,0,0.83,0,0,0,0.791,0,0,0,0.464,0.248,0,0,0,0,0,0.167,0,0.156,0,0,0,0.151,0,0,0,0,0,0,0,0.243,0,0,0,0,0,0,0,0,0,0,0,0,0,0,0,0,0.159,0,0.151,0,0.15,0,0,0,0.191,0,0,0,0,0.333,0,0,0.233,0,0,0,0,0,0,0,0.15,0,0,0,0,0,0,0.194,0,0,0,0,0,0,0,0,0,0.174,0,0,0,0,0,0,0,0,0,0,0,0,0,0,0,0,0.972,0,0.335,0.179,0.32,0,0,0,0,0,0,0,0,0,0,0,0,0,0,0.32,0.269,0.152,0,0.386,0,0,0,0,0,0,0,0,0,0,0,0,0,0,0.641,0,0,0,0,0,0,0,0,0,0,0,0.192,0,0.191,0.293,0,0,0,0,0,0,0,0,0,0.235,0,0,0,0,0,0,0,0,0,0,0,0,0,0.266,0,0,0.475,0,0,0,0,0,0,0,0.915,0,0,0,0,0,0,0,0.205,0,0,0,0,0,0,0,0,0,0,0,0,0,0,0,0,0,0.307,0,0,0,0,0,0,0.492,0,0,0,0,0,0,0,0,0,0,0,0,0,0.248,0,0.184,0,0.204,0.158,0,0,0.377,0,0,0,0,0,0,0,0,0,0,0,0,0,0,0,0,0,0,0,0.847,0,0,0,0,0,0,0,0,0,0,0,0,0,0,0,0.163,0,0,0,0.157,0,0,0,0,0,0,0,0,0,0,0,0,0,0.301,0.19,0,0,0,0,0.155,0,0,0,0,0,0,0,0,0,0,0,0,0.192,0,0,0,0,0,0,0,0,0,0,0,0,0,0,0,0,0,0,0,0.492,0,0.907,0,0,0,0,0,0.907,0,0,0,0,0.902,0,0,0,0,0,0,0,0.887,0.183,0,0,0,0,0,0,0,0,0,0,0,0,0,0,0,0,0,0,0,0,0,0,0,0.549,0.259,0.912,0,0,0,0,0,0,0,0,0,0,0,0,0,0,0,0,0,0.433,0,0.665,0,0,0,0,0,0,0.847,0,0.999,0,0,0,0,0,0,0,0,0,0,0,0,0,0,0,0,0,0,0,0,0,0.168,0,0,0,0,0,0,0,0,0,0,0.999,0,0,0.547,0,0.159,0.584,0,0,0,0,0,0,0,0.342,0.319,0,0.92,0,0,0,0.338,0,0,0,0,0,0,0,0,0,0,0.373,0.922,0,0,0,0.164,0,0,0,0,0,0,0,0,0,0,0,0.745,0,0,0,0.315,0,0.4,0.169,0,0.98,0.403,0,0,0,0,0,0,0,0,0,0,0,0,0,0,0,0.906,0,0,0.901,0,0,0,0,0,0,0,0,0,0,0,0,0,0,0,0,0,0,0,0,0,0,0,0,0,0,0,0,0,0,0.208,0,0,0,0,0,0,0,0,0,0,0,0,0,0,0,0,0,0,0,0,0,0,0,0.188,0,0,0,0,0,0,0,0,0.206,0,0,0,0,0,0,0,0,0,0,0,0,0,0,0,0,0,0,0,0,0,0.288,0.707,0,0,0,0.187,0,0,0,0,0,0,0,0,0,0,0,0,0,0,0,0,0,0,0,0,0,0,0,0,0.842,0,0,0,0,0.162,0,0,0.657,0,0,0,0,0,0,0,0,0,0,0,0,0,0,0,0,0,0,0,0,0,0.155,0,0,0,0,0,0,0,0.153,0,0,0,0.743,0,0,0.197,0.197,0,0,0.912,0,0,0.151,0,0,0,0,0,0,0,0,0,0,0,0,0,0,0,0,0,0,0,0,0,0,0,0.19,0,0.879,0,0.431,0.175,0,0,0,0.883,0,0,0,0,0,0.773,0.399,0.473,0,0,0,0.968,0,0,0,0.271,0,0,0,0,0,0,0,0.445,0,0.197,0,0,0,0,0,0,0,0.186,0,0.474,0,0.418,0,0.567,0.223,0,0,0,0,0,0,0,0,0,0,0.153,0,0,0,0.202,0.31,0.153,0.17,0,0,0,0.312,0,0,0,0.189,0,0,0.295,0.352,0,0.463,0,0,0,0,0,0,0,0,0,0,0,0,0,0,0.183,0,0.259,0,0.253,0,0,0.26,0.379,0,0,0,0,0,0,0,0.414,0,0,0.18,0,0.784,0.173,0,0,0,0,0,0,0.366,0,0,0,0,0,0,0,0,0,0,0,0,0,0,0,0.221,0.169,0,0,0,0,0,0,0,0,0.227,0,0.91,0.467,0,0,0,0.155,0.911,0.297,0.924,0,0.271,0.913,0.221,0,0,0.903,0,0.585,0.908,0.846,0,0.325,0.177,0,0.355,0.917,0.288,0.905,0.173,0.311,0.926,0.248,0,0.311,0,0.282,0,0.901,0.151,0.907,0.272,0,0,0,0,0,0.904,0.228,0.291,0.359,0.657,0,0,0,0,0,0,0.258,0.238,0,0.908,0.901,0.912,0,0.923,0.901,0,0.17,0.92,0,0.908,0.235,0,0,0,0,0,0,0.928,0.902,0,0,0.91,0.901,0,0.883,0.901,0,0,0,0,0.914,0,0,0,0.913,0.916,0,0,0,0,0,0,0.923,0,0,0.903,0.901,0,0,0.905,0.197,0.901,0,0.902,0.927,0,0.903,0,0,0,0.705,0,0,0,0,0,0,0.959,0.85,0.902,0.565,0,0.15,0,0,0,0,0,0,0.905,0.906,0,0,0,0.909,0.334,0,0.907,0,0,0,0.907,0,0,0.244,0,0.903,0,0,0.906,0,0.191,0.9,0.918,0.2,0,0.917,0.914,0,0.989,0,0.291,0,0.154,0.455,0,0,0.982,0.61,0,0.175,0.32,0.298,0,0,0,0,0.228,0.908,0.343,0,0.188,0.923,0.935,0,0,0.91,0,0.91,0.901,0,0,0.373,0,0,0,0.904,0.19,0,0,0,0,0,0.589,0.914,0,0,0.247,0,0.902,0,0.903,0.187,0,0,0,0.172,0,0,0,0,0,0.21,0.744,0,0,0,0.325,0,0,0,0.622,0.681,0.218,0.173,0.15,0,0.8,0,0.498,0.693,0,0,0,0.591,0,0,0,0,0,0,0.474,0,0,0,0.204,0.617,0.519,0,0,0.74,0,0,0,0,0,0,0,0,0,0.234,0.225,0,0.186,0.239,0.667,0,0.163,0.387,0,0.487,0,0,0,0,0.253,0,0,0,0,0,0,0.419,0,0,0,0,0,0,0.21,0.467,0,0.171,0,0,0,0.17,0,0.188,0,0,0.221,0,0,0,0,0.178,0,0,0.155,0,0,0.309,0,0,0.19,0,0.277,0,0,0,0,0,0,0,0,0,0,0,0,0,0.258,0,0,0,0.756,0,0,0.154,0,0,0,0,0,0,0,0.311,0,0,0.247,0,0.5,0,0,0,0,0,0,0,0,0,0,0,0,0,0,0,0,0,0,0,0,0,0,0,0,0,0.517,0,0,0,0,0,0,0,0,0.231,0,0,0,0,0,0,0,0,0,0,0,0,0,0,0,0,0,0,0,0,0,0,0,0,0,0,0,0,0,0,0,0.152,0,0,0,0,0,0,0,0,0,0,0,0,0,0,0,0,0,0,0,0,0,0.768,0,0,0,0,0,0,0.177,0.967,0,0,0,0,0,0.911,0.431,0,0,0,0,0,0,0.697,0.178,0,0,0,0,0,0,0,0.647,0,0,0,0,0,0,0,0,0,0,0,0,0,0,0,0,0,0,0,0,0,0,0.152,0,0,0,0,0,0,0,0,0,0,0,0,0,0,0,0,0,0,0,0,0,0,0,0,0,0,0,0,0,0,0,0,0,0.9,0,0,0,0,0,0,0,0,0,0,0,0.231,0.388,0,0,0,0.312,0,0,0,0,0,0,0,0.179,0,0,0,0,0,0,0,0,0,0,0,0,0,0.221,0,0,0.154,0,0,0,0,0,0,0,0,0,0,0,0.154,0,0,0,0,0,0,0,0,0,0.208,0,0,0,0,0.3,0,0,0.538,0,0,0,0,0,0,0,0,0,0,0,0,0,0,0,0,0,0,0,0,0,0,0,0,0,0,0,0,0,0,0.232,0.448,0,0,0,0,0,0,0,0,0,0,0,0,0,0,0,0,0.229,0,0,0,0,0,0,0,0,0,0,0,0,0,0,0,0,0,0,0,0,0,0,0,0,0,0,0,0,0,0,0,0,0,0,0,0,0,0,0,0,0,0,0,0.157,0.19,0,0,0.237,0,0,0.608,0,0,0,0,0,0,0,0,0.206,0,0,0,0.191,0,0,0,0,0,0,0,0,0,0,0,0,0,0,0,0,0,0,0,0,0,0,0,0.166,0,0,0,0,0,0,0,0,0,0,0,0,0,0,0,0,0,0,0,0,0,0,0,0,0,0,0,0,0,0,0,0,0,0,0,0,0,0,0,0,0,0,0,0,0.477,0,0,0,0,0,0,0,0,0,0,0,0,0,0,0,0,0,0,0,0,0,0,0,0,0,0,0,0,0,0,0,0,0,0,0,0,0,0,0,0,0,0,0,0,0,0,0,0,0,0,0,0,0,0,0,0,0,0,0,0,0,0,0,0,0,0,0,0,0,0,0,0,0,0,0,0,0,0,0,0,0,0,0,0,0.173,0,0,0,0.171,0,0,0,0,0,0,0,0,0,0,0,0,0,0,0,0.159,0,0,0,0,0,0,0,0,0,0,0,0,0,0,0,0,0,0,0,0,0,0,0,0,0,0,0,0,0,0,0.398,0,0,0,0,0,0,0,0,0,0,0,0,0.153,0,0,0,0,0,0,0,0,0,0,0,0,0,0,0,0,0,0,0,0,0,0,0.379,0,0,0,0.292,0.297,0,0,0,0,0,0,0,0,0,0,0,0,0,0,0.494,0,0,0.189,0,0,0,0,0,0,0,0,0,0.166,0.552,0,0.212,0,0.283,0.237,0,0,0,0,0,0,0,0,0,0,0.171,0,0.238,0,0,0,0,0,0.631,0,0,0,0,0,0,0,0,0,0,0,0,0,0,0,0,0,0.241,0,0,0,0,0,0,0,0,0,0,0,0.239,0,0.313,0,0,0,0,0,0,0,0.193,0,0,0,0,0,0,0,0,0,0,0,0,0,0,0,0,0,0,0,0,0,0,0,0,0,0,0,0,0,0,0,0,0,0,0,0,0,0,0,0,0,0,0,0,0,0,0,0,0,0,0,0,0,0,0,0,0.159,0,0,0.171,0,0,0,0,0,0,0,0,0,0,0,0,0,0,0,0,0,0,0,0,0,0,0,0.163,0,0,0,0,0,0,0.751,0,0,0,0,0,0,0,0,0,0,0,0,0,0,0,0,0,0,0,0,0,0,0.445,0.276,0,0,0,0,0,0,0.155,0,0,0,0,0,0,0,0,0,0,0,0,0,0,0,0,0,0,0,0,0,0,0,0,0,0,0,0,0,0,0,0,0,0,0,0,0,0,0,0,0,0.309,0,0,0,0,0.207,0,0,0,0,0,0,0,0,0,0,0.364,0,0,0,0,0,0,0,0,0,0,0,0,0,0,0,0,0,0,0,0,0,0,0,0,0,0,0,0.445,0,0,0,0,0.172,0,0,0,0.264,0,0,0,0,0,0,0,0,0,0,0,0,0,0,0,0,0,0,0,0,0,0,0,0,0,0,0,0,0,0,0,0.665,0,0,0,0,0,0,0,0,0,0,0.187,0,0,0,0,0,0,0,0,0,0,0,0,0,0,0.863,0,0,0,0.296,0,0,0,0,0,0,0,0,0,0,0,0,0,0,0,0,0,0,0,0,0,0,0,0,0,0,0,0,0,0,0,0,0.161,0,0,0,0,0,0,0,0,0,0,0,0,0,0,0,0,0,0,0,0,0,0,0,0,0,0,0,0,0,0,0,0,0,0,0,0,0,0,0,0,0,0,0,0,0,0,0,0,0,0,0,0,0,0,0,0,0,0,0,0,0,0.165,0,0,0,0,0,0,0,0,0,0,0,0,0,0,0,0,0,0,0,0,0,0,0,0,0,0,0,0,0,0,0,0,0,0,0,0,0,0,0,0,0,0,0,0,0,0,0,0,0,0,0,0,0,0,0,0,0,0,0,0,0.159,0.781,0,0,0,0,0,0,0,0,0,0,0,0,0,0,0,0,0,0,0,0,0,0,0,0,0,0,0,0,0,0,0,0,0,0,0,0,0.323,0,0,0,0,0
853198,0,0,0,0,0,0,0,0,0,0,0,0,0,0,0,0,0,0,0.557,0,0.242,0,0,0,0,0,0.171,0,0,0,0,0,0,0,0,0,0,0,0,0,0,0,0,0,0.177,0,0,0,0,0,0,0,0,0,0,0,0,0,0,0.426,0.206,0,0,0,0.239,0,0,0,0.201,0,0.24,0,0,0,0,0,0,0,0,0,0.228,0,0,0,0,0.153,0.227,0,0,0.222,0,0,0.237,0,0,0,0,0,0.309,0,0,0,0.181,0.159,0,0,0,0,0.552,0.379,0,0,0,0,0,0,0,0,0,0,0,0,0,0,0,0,0,0.152,0.157,0.808,0,0,0,0,0,0,0,0.15,0.173,0,0,0.198,0.435,0.538,0,0,0,0,0,0,0,0.196,0.273,0,0,0.181,0.292,0,0,0,0,0.171,0,0,0.295,0,0,0,0,0,0.39,0,0.201,0,0,0,0,0,0.15,0.284,0,0.223,0,0,0,0,0,0,0,0,0,0,0,0,0,0,0,0,0,0,0,0,0,0,0,0,0,0,0,0.437,0.378,0,0,0,0,0,0,0,0,0,0,0,0.209,0,0,0,0.213,0,0,0,0,0,0,0,0,0,0,0,0,0,0,0,0,0.698,0,0,0,0,0,0,0,0,0,0,0,0.98,0,0,0.202,0,0,0,0,0,0,0,0,0.241,0,0,0,0,0,0,0,0.202,0,0,0,0,0.27,0,0.486,0,0,0,0,0,0,0,0,0,0,0,0.933,0,0,0.249,0.176,0,0,0,0,0.183,0,0,0,0,0,0,0,0,0,0.209,0.186,0,0,0,0.469,0,0,0,0,0,0.17,0,0.338,0,0,0,0,0.151,0,0,0,0,0,0,0.216,0,0,0,0,0,0,0.439,0,0,0,0,0,0,0,0,0.234,0,0,0.25,0,0,0,0,0.98,0,0,0,0,0,0,0,0.281,0,0,0,0,0,0,0,0.167,0,0,0,0,0,0,0,0,0,0,0,0,0,0,0,0,0,0.159,0,0,0,0,0,0,0,0,0,0,0,0,0,0,0,0,0,0,0,0.159,0,0,0,0,0,0,0,0,0,0,0,0,0,0.409,0,0,0,0,0,0,0,0,0,0,0.271,0,0,0,0,0,0,0,0,0,0,0.151,0,0,0,0,0,0,0,0,0,0,0,0,0,0,0,0,0,0,0,0,0.216,0,0,0.236,0,0,0,0,0,0,0,0,0,0,0,0,0,0,0.577,0,0,0,0,0,0.21,0,0,0,0,0,0,0,0,0,0.243,0,0,0,0,0,0,0.169,0,0,0,0,0,0,0,0.176,0,0,0,0,0,0,0,0,0.198,0,0,0,0,0,0,0,0,0,0,0,0,0,0,0,0,0,0,0,0,0,0,0,0,0,0,0.287,0,0,0,0,0,0,0,0,0,0,0.198,0,0,0,0,0,0,0,0,0,0,0,0,0,0.198,0.156,0,0,0,0,0.181,0,0,0,0.507,0,0.216,0.208,0,0,0,0.201,0,0,0,0,0,0.155,0,0,0.168,0,0,0,0,0,0,0,0,0.367,0,0.197,0,0,0,0,0.208,0,0.159,0,0,0,0,0,0,0,0,0.178,0,0,0,0,0,0,0.655,0,0,0,0,0,0,0,0,0,0,0,0,0,0,0,0,0,0,0,0,0,0,0,0,0,0,0,0,0,0,0,0,0,0,0,0,0,0,0,0,0,0,0,0,0,0,0,0,0,0,0,0,0,0,0.518,0,0,0,0,0,0,0,0,0,0,0,0,0,0,0,0,0.182,0.186,0,0,0,0,0,0,0,0,0,0.305,0,0,0,0,0,0,0,0,0,0,0,0,0,0,0,0,0,0,0.195,0,0,0,0,0,0,0,0,0,0,0,0,0,0,0,0,0,0,0,0,0,0.267,0,0,0,0,0,0.208,0,0.44,0,0,0,0,0.411,0,0,0,0,0,0,0,0,0,0,0,0,0,0,0,0,0,0,0,0,0,0,0,0,0,0,0.257,0,0,0,0,0,0,0,0,0.174,0,0,0,0,0,0,0,0,0,0,0,0,0,0,0,0,0,0,0,0.188,0,0,0,0,0.333,0,0,0,0,0,0.195,0,0.154,0,0,0,0,0,0,0,0.237,0,0,0,0,0.203,0,0,0,0,0,0,0,0.228,0,0,0,0,0,0,0,0,0,0,0,0,0,0.208,0,0,0,0,0,0,0,0,0.232,0,0,0,0,0,0,0,0,0,0.151,0.89,0,0,0,0,0,0,0,0,0,0,0,0.449,0,0,0,0,0,0,0.402,0,0,0.198,0.215,0.158,0,0,0,0.202,0,0,0,0,0,0,0.203,0,0,0,0,0,0,0,0,0,0,0,0,0,0,0,0,0,0,0,0,0,0,0,0,0,0,0,0,0,0,0,0,0,0,0,0,0,0,0.194,0,0,0,0,0,0,0,0,0,0.246,0,0,0,0.196,0,0,0.154,0,0,0,0,0,0,0,0,0,0,0.22,0,0,0,0,0,0,0,0,0,0,0,0,0,0,0,0,0,0,0,0,0,0,0.194,0,0.635,0,0,0,0.184,0,0,0,0.198,0,0.161,0,0,0,0,0,0,0,0,0.198,0,0,0,0,0.368,0,0,0.208,0,0.317,0,0,0,0,0,0,0,0.155,0,0,0,0,0,0,0,0,0,0,0,0.245,0,0,0,0,0,0,0.208,0,0,0,0,0,0,0,0,0,0,0,0,0,0,0,0.289,0,0,0,0,0.203,0,0,0,0,0,0,0,0,0,0,0.198,0,0,0,0,0,0,0,0,0,0,0,0,0,0,0,0,0,0,0,0,0,0,0,0,0.154,0,0.29,0.201,0,0,0,0,0,0,0,0,0,0,0,0.596,0,0,0,0,0,0,0,0.151,0.198,0,0,0,0,0,0,0,0,0,0,0.217,0,0,0,0,0,0,0,0,0,0,0,0,0,0,0.236,0,0,0,0.245,0,0,0,0,0,0,0,0,0,0,0,0,0,0,0,0,0.155,0,0,0,0,0,0,0,0,0,0,0.199,0.198,0,0,0,0,0,0,0,0,0,0,0,0,0,0,0,0,0,0,0,0,0,0,0,0,0,0,0,0,0.198,0,0,0,0,0,0,0,0,0,0,0,0,0,0.151,0,0,0,0,0,0,0,0,0,0,0.238,0,0.244,0,0,0,0,0,0,0,0.192,0,0,0,0,0,0,0,0,0,0,0,0,0,0,0,0,0,0,0,0,0,0,0,0,0,0,0,0,0,0,0,0,0,0,0,0,0,0,0,0,0.225,0,0.163,0,0,0,0,0.187,0,0,0,0,0,0.232,0,0,0,0,0,0.217,0,0,0,0,0,0,0,0,0.226,0,0,0,0.198,0,0,0,0,0,0,0,0,0,0,0,0,0,0,0,0,0,0,0,0,0,0,0,0,0,0,0,0,0,0.206,0,0,0,0,0,0,0,0,0,0,0.207,0,0,0,0,0,0.155,0,0,0,0,0.165,0,0.281,0,0,0,0,0,0,0,0,0,0,0,0,0.202,0,0,0,0,0,0,0.235,0,0.284,0,0,0,0,0,0,0,0,0,0,0,0,0.236,0,0,0.15,0,0,0,0,0,0,0,0.208,0,0,0,0.155,0,0,0,0,0,0,0,0,0,0,0,0,0,0,0,0,0,0,0,0,0,0,0,0,0,0,0,0,0,0,0,0,0.429,0,0,0,0,0,0,0,0,0.296,0,0,0,0,0,0,0,0,0,0,0,0,0,0,0,0,0,0,0.236,0,0,0,0,0,0,0,0,0,0,0.271,0,0,0,0,0,0,0,0,0,0,0,0,0,0,0.227,0,0,0,0,0.191,0,0,0.392,0,0,0,0,0,0,0,0,0,0,0,0,0,0,0.171,0,0,0.484,0,0,0,0,0,0,0,0,0,0,0,0,0,0,0,0,0,0,0,0,0,0,0,0,0,0,0,0.238,0,0,0,0,0.203,0.38,0,0,0,0.223,0,0,0.3,0,0,0.456,0,0,0,0,0,0,0,0,0,0,0,0,0.201,0,0,0,0,0.173,0,0.158,0,0,0,0,0,0,0,0,0,0,0,0.178,0,0,0,0,0,0,0,0,0,0,0.276,0,0,0.443,0,0,0,0,0.455,0,0,0,0,0,0,0,0,0,0,0,0,0,0,0,0,0,0,0,0,0,0,0,0,0,0,0,0,0,0,0,0,0,0,0,0,0,0,0,0,0.567,0,0,0,0,0,0,0,0,0,0,0,0,0,0,0,0,0,0,0,0,0,0,0,0,0,0,0,0,0,0,0,0,0,0,0,0,0.157,0,0,0,0,0,0,0,0,0.189,0,0,0.204,0,0,0,0.209,0,0,0,0,0,0.207,0,0,0,0,0,0,0.208,0.198,0,0,0,0,0,0,0,0.208,0,0,0.198,0,0,0,0,0,0,0,0,0,0,0,0,0,0,0,0,0,0,0,0,0,0,0.228,0.286,0,0,0,0,0.208,0,0,0,0,0,0.16,0,0,0,0,0,0,0,0,0,0,0,0,0,0.606,0,0,0,0,0,0,0,0,0.255,0,0,0,0,0,0,0,0,0.41,0,0,0,0,0,0,0,0,0,0,0,0,0.53,0,0,0,0,0,0.213,0,0,0,0,0,0,0.19,0,0,0,0,0,0,0,0.229,0,0,0,0,0,0.208,0,0.194,0,0,0,0,0,0,0,0.233,0.207,0,0,0,0,0,0,0.204,0,0,0,0,0,0,0,0,0.235,0,0,0,0,0.216,0,0,0,0,0,0,0,0,0,0,0,0,0,0,0,0,0.157,0,0,0,0,0,0,0,0,0,0,0,0,0,0,0,0,0.154,0,0,0,0,0,0,0.182,0,0,0,0,0,0,0,0.294,0,0.276,0,0,0,0,0,0,0,0,0,0,0,0,0,0.184,0,0,0.218,0,0,0.663,0,0.198,0,0,0,0,0,0,0,0,0,0,0,0,0,0,0.155,0,0,0,0,0,0,0,0,0,0,0,0,0,0,0,0,0.231,0,0,0,0,0,0,0,0,0,0,0,0,0,0,0.181,0,0,0,0,0,0,0,0,0,0,0,0,0,0,0,0,0.35,0,0,0,0,0,0,0,0,0,0,0,0,0,0,0,0.595,0,0,0,0,0,0,0,0,0,0,0,0,0,0,0,0,0,0,0,0,0,0,0,0,0.197,0,0,0,0,0,0,0,0.179,0,0,0.175,0,0,0,0,0,0.249,0,0,0.214,0,0,0,0,0.306,0,0,0,0,0,0,0.255,0,0,0,0,0,0,0,0,0.202,0,0,0,0,0,0,0,0,0,0,0,0,0,0,0,0,0.158,0,0,0,0,0,0,0.196,0.159,0,0,0.199,0,0,0,0,0,0,0,0,0,0,0,0,0.491,0,0,0.251,0,0,0,0,0,0,0,0,0.164,0,0,0.187,0,0.191,0,0,0,0.263,0,0,0,0,0,0,0,0,0,0,0,0,0,0,0,0,0,0.25,0,0,0.266,0.207,0,0,0,0,0,0,0,0,0,0,0,0,0,0,0,0,0,0,0,0,0,0,0,0,0,0,0,0,0,0,0,0,0,0.282,0,0,0,0,0,0,0,0,0,0,0,0,0,0,0.315,0,0,0,0,0,0,0,0,0,0,0,0,0,0,0,0,0,0,0,0,0.399,0,0.194,0.407,0,0,0.357,0.243,0,0,0,0,0,0,0,0,0,0,0,0,0,0,0,0,0,0.469,0,0,0,0,0,0,0,0,0,0,0.399,0,0,0,0,0,0.151,0,0,0.161,0,0,0,0,0,0,0,0,0,0,0,0,0,0,0,0.622,0,0,0,0,0,0,0,0,0.207,0,0,0,0.227,0,0,0.157,0,0,0,0,0,0.157,0,0,0,0,0,0,0,0,0,0,0,0,0,0,0,0,0,0,0,0,0,0,0.218,0,0,0,0,0,0.475,0,0,0,0,0,0,0,0,0,0,0.157,0,0,0,0,0,0,0,0,0,0,0.266,0,0,0.198,0,0,0,0,0,0,0,0,0.208,0,0,0,0,0,0,0,0,0,0.198,0,0,0,0.181,0,0.179,0,0,0,0,0,0,0,0,0,0,0,0,0,0,0,0,0,0,0,0,0,0,0,0.198,0,0,0,0,0,0,0,0,0,0,0,0,0,0,0.213,0,0,0,0,0,0,0,0,0,0,0,0,0,0,0,0,0,0,0.447,0,0,0,0,0,0,0,0,0,0,0,0.218,0,0,0,0,0,0,0,0,0,0,0,0,0,0,0,0,0,0.216,0,0,0,0,0,0.361,0.365,0,0,0,0,0,0,0,0,0,0,0,0,0,0,0,0,0.19,0,0,0.196,0,0,0,0,0,0,0,0,0,0,0.643,0.177,0,0,0,0,0,0,0,0,0,0,0,0,0,0,0,0,0,0,0,0,0.239,0.198,0,0,0.207,0,0,0.23,0,0,0,0,0,0,0,0,0.191,0,0,0,0,0,0,0,0,0.163,0,0,0,0.239,0,0,0,0,0,0,0,0.242,0,0,0,0,0,0,0,0,0,0,0,0,0.239,0,0,0,0,0,0.198,0,0,0,0,0,0,0,0,0,0,0,0,0,0,0,0,0,0,0,0,0,0,0,0,0,0,0,0,0,0.175,0,0,0.249,0,0,0,0.159,0,0,0,0,0,0,0,0,0,0,0,0,0,0,0,0,0,0,0,0,0,0,0,0,0,0,0,0,0,0,0,0,0,0.59,0,0,0,0,0,0,0,0,0,0,0,0,0,0,0,0,0.269,0,0,0,0,0,0,0,0,0,0,0,0,0,0,0,0,0,0,0,0,0,0,0,0,0.198,0,0,0,0,0,0,0.198,0,0,0,0,0,0,0,0,0,0,0,0,0,0,0,0,0,0,0,0,0.208,0,0,0,0,0,0,0,0,0,0,0,0,0,0,0,0,0,0,0,0,0,0,0,0,0,0,0,0,0,0,0,0.203,0,0,0.47,0,0,0.198,0,0,0,0,0,0,0,0,0,0,0,0.207,0,0,0.199,0,0,0,0,0,0,0,0.207,0,0,0,0,0,0,0,0,0,0,0,0.207,0,0,0,0,0,0,0,0,0,0,0,0,0,0,0,0,0,0,0,0,0,0,0,0,0,0.157,0,0,0,0.207,0.259,0,0,0,0,0,0,0,0,0,0,0,0,0,0,0,0,0,0,0,0,0.257,0,0,0,0,0,0,0,0,0,0,0,0,0,0.311,0,0,0,0,0,0,0,0,0,0,0,0,0,0,0,0,0,0,0,0,0,0,0,0,0,0,0,0,0,0,0,0,0,0,0,0,0.198,0,0,0,0,0,0,0,0,0,0,0,0.152,0,0.198,0,0,0,0,0,0,0,0,0,0,0,0,0,0,0,0,0,0,0,0,0,0,0,0,0,0.945,0,0,0,0,0,0,0,0,0.171,0,0,0,0,0,0,0,0,0,0,0,0,0,0,0,0,0,0,0,0,0,0,0,0.198,0,0.198,0,0.167,0.191,0,0,0,0,0,0,0,0,0,0,0,0.208,0,0,0,0,0,0,0,0.207,0,0,0,0,0,0,0,0,0,0,0,0,0,0,0,0,0,0,0,0,0,0,0,0,0,0,0,0,0,0,0,0,0,0,0.355,0,0,0,0,0,0,0,0,0,0,0,0,0,0,0,0,0,0,0,0,0,0,0,0,0,0,0,0,0,0,0,0.193,0,0,0,0,0,0,0.198,0,0,0,0,0,0,0,0,0,0,0,0.332,0,0,0.525,0,0,0,0,0.501,0,0,0,0,0,0,0.208,0,0,0,0,0,0,0,0,0,0,0.202,0,0,0,0,0,0,0,0,0,0,0,0,0,0,0,0,0,0,0,0,0,0,0,0,0,0,0.159,0,0,0,0,0,0,0,0,0,0,0,0,0,0,0,0,0,0,0.622,0,0,0,0,0,0,0,0,0.208,0,0,0,0,0.55,0,0,0,0.232,0.355,0,0.282,0,0,0,0,0,0.216,0,0,0,0,0,0,0,0,0,0,0,0,0,0.722,0,0.2,0,0,0,0,0,0.228,0,0,0,0,0,0,0,0,0,0,0,0,0,0,0,0,0,0,0,0,0,0,0,0,0.177,0,0,0,0,0,0,0,0.207,0.192,0.197,0.279,0,0,0,0,0.454,0,0.3,0,0.36,0,0,0.198,0,0,0,0,0,0,0,0,0,0,0,0.187,0,0.324,0.623,0,0,0.198,0,0,0,0,0,0.293,0,0.356,0.198,0,0,0,0,0,0,0,0,0.166,0,0.196,0,0,0,0,0,0,0,0,0,0,0,0,0.213,0,0,0,0,0,0,0,0,0,0,0,0,0,0,0,0,0,0,0.214,0,0,0,0,0.193,0,0,0,0,0,0,0,0,0.153,0,0,0,0,0,0.173,0,0.253,0,0,0,0,0.193,0,0.151,0,0,0,0,0.151,0.198,0,0,0,0,0,0,0,0,0,0,0,0,0,0,0,0,0,0,0,0,0.374,0,0,0.164,0,0,0,0,0,0,0,0,0,0.181,0,0,0,0.198,0,0,0,0,0,0,0.285,0,0,0,0,0,0,0,0,0,0,0,0,0,0,0,0,0,0,0,0,0,0,0,0,0,0,0,0,0,0,0,0,0,0,0,0,0,0,0,0,0,0,0,0,0,0,0,0,0,0,0,0,0,0,0,0,0,0,0,0,0,0,0,0,0,0,0,0,0,0,0,0,0,0,0,0,0,0,0,0,0,0,0,0,0,0.286,0,0,0,0,0,0,0,0,0,0,0,0,0,0,0,0,0,0.787,0,0,0,0.274,0,0,0,0.802,0.195,0,0,0,0,0,0,0,0,0,0.27,0.227,0,0,0.288,0.319,0.55,0,0.803,0.803,0,0,0,0,0.197,0,0,0,0,0,0.715,0,0,0,0,0,0,0,0.533,0,0,0,0,0,0,0,0,0,0,0,0,0,0.194,0,0,0,0,0,0,0,0,0,0,0,0.198,0,0,0,0,0.175,0,0,0,0,0,0,0,0,0,0,0,0,0,0,0,0,0,0.216,0,0,0,0,0,0,0,0,0,0,0,0,0,0,0,0,0,0,0,0,0,0,0,0,0,0.161,0,0,0,0,0,0,0,0.198,0,0,0,0.211,0,0,0,0,0,0,0,0,0,0,0,0,0,0,0,0,0,0,0,0,0,0,0,0.165,0,0.193,0,0.241,0,0,0,0,0,0,0,0,0,0,0,0,0,0.186,0,0,0,0,0,0,0,0,0,0,0.193,0,0,0,0,0.217,0,0,0,0.245,0,0,0,0,0,0,0,0.221,0,0,0,0,0,0,0.339,0,0.558,0,0,0,0,0,0,0,0.208,0,0.342,0,0,0,0.861,0,0.202,0,0,0,0,0,0,0.885,0,0,0,0,0,0,0,0,0,0,0,0,0,0,0,0,0,0,0,0,0,0,0,0,0,0,0,0,0,0,0.234,0,0,0,0.162,0,0,0,0,0,0,0,0,0,0,0,0,0,0.203,0.219,0,0,0,0,0,0,0,0,0,0,0,0.198,0,0,0,0,0,0,0,0,0,0,0,0,0,0,0,0,0,0,0,0,0,0,0,0,0,0,0,0,0,0,0,0,0,0,0,0,0,0,0.27,0,0,0,0,0,0,0,0,0,0,0,0,0,0.198,0,0,0,0,0,0,0,0,0,0,0,0.203,0,0,0,0,0,0,0,0,0.275,0,0,0,0.198,0,0.198,0,0,0,0,0,0,0,0,0,0,0,0,0,0,0,0.17,0,0,0,0,0,0,0,0,0,0,0,0,0,0,0,0,0,0,0,0,0,0.647,0,0,0,0,0,0,0,0,0,0,0,0,0,0,0,0,0,0,0.307,0,0,0.177,0,0,0,0,0,0,0,0,0,0,0.684,0,0,0,0,0,0,0,0,0,0,0,0,0,0,0,0,0,0,0,0,0,0,0,0,0,0,0,0,0.185,0,0.473,0,0,0,0,0,0,0,0,0,0,0,0.374,0,0,0,0,0,0,0,0,0,0,0,0,0,0.222,0,0,0,0,0,0,0.229,0,0,0,0.242,0,0,0.215,0,0,0,0,0,0,0,0,0,0,0,0,0.192,0,0,0,0,0,0,0,0,0.182,0,0,0,0,0.198,0.733,0,0,0,0,0,0.269,0,0,0,0,0.334,0,0,0,0,0,0,0,0,0,0,0,0,0,0,0,0,0,0,0.198,0,0,0,0.167,0,0,0,0,0,0,0.198,0,0,0,0,0,0,0,0.225,0,0,0,0,0,0,0,0,0,0.174,0,0,0,0,0,0,0,0,0,0,0,0,0,0,0,0.15,0,0,0,0,0,0.257,0,0,0,0,0,0,0,0,0,0,0.206,0.694,0,0,0,0,0,0,0,0,0,0,0,0,0,0,0.462,0,0,0.448,0,0,0,0,0,0,0,0.763,0,0,0.198,0,0,0,0,0,0,1
851692,0,0,0,0,0,0,0,0,0,0,0,0,0,0,0,0,0,0,0,0,0,0,0,0,0,0,0,0,0,0,0,0,0,0,0,0,0,0,0,0,0,0,0,0,0,0,0,0,0,0,0,0,0,0,0,0,0,0,0,0,0,0,0,0,0,0,0,0,0,0,0,0,0,0,0,0,0,0,0,0,0,0,0,0,0,0,0,0,0,0,0,0,0,0,0,0,0,0,0,0,0,0,0,0,0,0,0,0,0,0,0,0,0,0,0,0,0,0,0,0,0,0,0,0,0,0,0,0,0,0,0,0,0,0,0,0,0,0,0,0,0,0,0,0,0,0,0,0,0,0,0,0,0,0,0,0,0,0,0,0,0,0,0,0,0,0,0,0,0,0,0,0,0,0,0,0,0,0,0,0,0,0,0,0,0,0,0,0,0,0,0.271,0,0,0,0,0,0,0,0,0,0,0,0,0,0,0,0,0,0,0,0,0,0,0,0,0,0,0,0,0,0.267,0,0,0,0,0,0,0,0,0,0,0,0,0,0,0,0,0,0,0,0,0,0,0,0,0,0,0,0,0,0,0,0,0,0,0,0,0,0.8,0,0,0,0,0,0,0,0,0,0,0,0,0,0,0,0.184,0,0,0,0,0,0,0.182,0,0,0,0,0,0,0,0,0,0,0,0,0,0,0,0,0,0,0,0,0,0,0,0,0,0.194,0,0.285,0,0,0,0,0,0,0,0,0,0,0,0,0,0,0,0,0,0,0,0,0,0,0,0,0.834,0,0,0,0,0,0,0,0,0,0,0,0,0,0,0,0,0,0,0,0,0,0,0,0,0,0,0,0,0,0,0,0,0,0,0,0,0,0,0,0,0,0.276,0,0,0,0,0,0,0,0,0,0,0,0,0,0,0,0,0,0,0,0,0,0,0,0.194,0,0,0,0,0,0,0,0,0,0,0,0,0,0,0,0,0,0,0,0,0,0,0,0,0,0,0,0,0,0,0,0,0,0,0,0,0,0,0,0,0,0,0,0,0,0,0,0,0,0,0,0,0,0,0,0,0,0,0,0,0,0,0,0,0,0,0,0,0,0,0,0,0,0,0,0,0,0,0,0,0,0,0,0,0,0,0,0,0,0,0,0,0,0,0,0,0,0,0,0,0,0,0,0,0,0,0,0,0,0,0,0,0,0,0,0,0,0,0,0,0,0,0,0,0,0.96,0,0,0,0,0,0,0,0,0,0,0,0,0,0,0,0,0,0,0,0,0,0,0,0,0,0,0,0,0,0,0.288,0,0,0,0,0,0,0,0,0,0,0,0,0.481,0,0,0,0,0,0,0,0,0,0,0,0,0,0,0,0,0,0,0,0,0,0,0,0,0,0,0,0,0,0,0,0,0,0,0,0,0,0,0,0,0,0,0,0,0,0,0,0,0,0,0,0,0,0,0,0,0,0,0,0,0,0,0,0.288,0,0,0,0,0,0,0,0,0,0,0,0,0,0,0,0,0,0,0,0,0,0,0,0,0,0,0,0,0,0,0,0,0,0,0,0,0,0,0,0,0,0,0,0,0,0,0,0,0,0,0,0,0,0,0,0,0,0,0,0,0,0,0,0,0.171,0,0,0,0,0.932,0,0,0,0,0.164,0,0,0,0,0,0,0,0,0,0,0,0,0,0,0,0,0,0,0,0,0,0.483,0,0,0,0,0,0,0,0,0,0,0,0,0,0,0,0,0,0,0,0,0,0,0,0,0,0,0,0,0,0,0,0,0,0,0,0,0,0,0,0,0,0,0,0,0,0,0,0,0,0,0,0,0,0,0,0,0,0,0,0,0,0,0,0.196,0,0,0,0,0,0,0,0,0,0.638,0,0,0,0,0,0,0,0,0.99,0,0,0,0,0,0,0,0,0,0,0,0,0,0,0,0,0,0,0,0,0,0,0.463,0,0,0.992,0,0,0,0,0,0,0,0,0,0,0,0,0,0,0,0,0,0,0,0,0,0,0,0,0,0,0,0,0,0,0,0,0,0,0,0,0,0,0,0,0,0,0,0,0,0,0,0,0.287,0,0,0,0,0,0,0,0,0,0,0,0,0,0,0,0,0,0,0,0,0,0,0,0,0,0,0,0,0,0,0,0,0,0,0,0,0,0.285,0,0,0,0,0,0,0,0,0,0,0,0,0,0,0,0,0,0,0,0,0,0,0,0,0,0,0,0,0,0,0,0,0,0,0,0,0,0,0,0,0,0,0,0,0,0,0,0,0,0,0,0,0,0,0,0,0,0,0,0,0,0,0,0,0,0,0,0,0,0,0,0,0,0,0,0,0,0,0,0,0,0,0,0,0,0,0,0,0,0,0,0,0,0,0,0,0,0,0,0,0,0,0,0,0,0,0,0,0,0,0,0,0,0,0,0,0,0,0,0,0,0,0,0,0,0,0,0,0,0,0,0,0,0,0,0,0,0,0,0,0,0,0,0,0,0,0,0,0,0,0,0,0,0,0,0,0,0,0,0,0,0.156,0,0,0,0,0,0,0,0,0,0,0,0,0,0,0,0,0,0,0,0,0,0,0,0,0,0,0,0.846,0,0,0,0,0,0,0,0,0,0,0,0,0,0,0,0,0,0,0.285,0,0,0,0,0,0,0,0,0,0,0,0,0,0,0,0,0,0,0,0.285,0,0,0,0,0,0,0,0,0,0,0,0,0,0,0,0,0,0,0,0,0,0,0,0,0,0,0,0,0,0,0,0,0,0,0,0,0,0,0,0,0,0,0,0,0,0,0,0,0,0,0,0,0.189,0,0,0,0,0,0,0,0,0,0,0,0,0,0,0,0,0,0,0,0,0,0,0,0,0,0,0,0,0,0,0,0,0,0,0,0,0,0,0,0,0,0,0,0,0,0,0,0,0,0,0,0,0,0,0,0,0,0,0,0,0,0,0,0,0,0,0,0,0,0,0,0,0,0,0,0,0,0,0,0,0,0,0,0,0,0,0,0,0,0,0,0,0,0,0,0.156,0,0,0,0,0,0.484,0,0,0,0,0,0,0,0,0,0,0,0,0,0,0,0,0,0,0,0,0,0,0,0,0,0,0,0,0,0,0,0,0,0,0,0,0,0,0,0.197,0,0,0,0,0,0,0,0,0,0,0,0,0,0,0,0,0,0,0,0,0,0,0,0,0,0,0,0,0.193,0,0,0,0,0,0,0,0,0,0,0,0,0,0,0,0,0,0,0,0,0,0,0,0,0,0,0,0,0,0,0,0,0,0,0,0,0,0,0,0,0,0,0,0,0,0,0,0,0,0,0,0,0,0,0,0,0,0,0,0,0,0,0,0,0,0,0,0,0,0,0,0,0,0,0,0,0,0,0,0,0,0,0,0,0,0,0,0,0,0,0,0,0,0,0,0,0,0,0,0,0,0,0,0,0,0,0,0,0,0,0,0,0,0,0,0,0,0,0,0,0,0,0,0,0,0,0,0,0,0,0,0,0,0,0,0,0,0,0,0,0,0,0,0,0,0,0,0,0,0,0,0,0,0,0,0,0,0,0,0,0,0,0,0,0,0,0,0,0,0,0,0,0,0,0,0,0,0,0,0,0,0,0,0,0,0,0,0,0,0,0,0,0,0,0,0,0,0,0,0,0,0,0,0,0,0,0,0,0,0,0,0,0,0,0,0,0,0,0,0,0,0,0,0,0,0,0,0,0,0,0,0,0,0,0,0,0,0,0,0,0,0,0,0,0,0,0,0,0.394,0,0,0,0,0.975,0,0,0,0,0,0,0,0,0,0,0,0,0,0,0.233,0,0,0,0,0,0,0,0,0,0,0,0,0,0,0,0,0,0,0,0,0,0,0.273,0,0,0,0,0,0,0,0,0,0,0,0,0,0,0,0,0,0,0,0,0,0,0,0,0,0,0,0,0,0,0,0,0,0,0,0,0,0,0,0,0,0,0,0,0,0,0,0,0,0.173,0,0,0,0,0,0,0,0,0,0,0,0,0,0,0,0,0,0,0,0,0,0,0,0,0,0,0,0,0,0,0,0,0,0,0,0,0,0,0,0,0,0,0,0.727,0,0,0,0,0,0.931,0,0,0,0,0,0,0,0,0,0.802,0,0.162,0,0,0,0,0,0.44,0,0,0,0.273,0,0,0,0,0,0,0,0,0,0,0,0,0,0,0,0,0,0.198,0,0,0,0,0,0,0,0,0,0.984,0,0,0,0,0,0,0,0,0,0,0,0,0,0,0,0,0,0,0,0,0,0,0,0,0,0,0,0,0,0,0,0,0,0,0,0,0,0,0,0,0,0,0,0,0,0,0,0,0,0,0,0,0,0.915,0,0,0,0,0,0,0,0,0,0,0,0,0,0,0,0,0,0,0,0,0,0,0,0,0,0,0.189,0,0,0,0,0,0,0,0,0,0,0,0,0,0,0,0,0,0,0,0,0,0,0,0,0,0,0,0,0,0,0,0,0,0,0.854,0,0,0,0,0,0,0,0,0,0,0,0,0,0,0,0,0,0,0,0,0,0,0,0,0,0,0,0,0,0,0,0,0,0,0,0,0,0,0,0,0,0,0,0,0,0,0,0,0,0,0,0,0,0,0,0,0,0,0,0,0,0,0,0,0,0,0,0,0,0,0,0,0,0.193,0,0,0,0,0,0,0,0,0,0,0,0,0,0,0,0,0,0,0,0,0,0,0,0,0,0,0,0,0,0,0,0.809,0,0,0,0,0,0,0,0,0,0,0,0,0,0,0,0,0,0,0,0,0,0,0,0,0,0,0,0,0,0,0,0,0,0,0,0,0,0,0,0,0,0,0,0,0,0,0,0,0,0,0,0,0,0,0,0.173,0,0,0,0,0,0,0,0,0,0,0,0,0,0,0,0,0,0,0,0,0,0,0,0,0,0,0,0,0,0,0,0,0,0,0,0,0,0,0,0,0,0,0,0.307,0,0,0,0,0,0,0,0,0,0,0,0,0,0,0,0,0,0,0,0,0,0,0,0,0,0,0,0,0,0,0.229,0,0,0,0,0,0,0,0,0,0,0,0,0,0,0,0.307,0,0,0,0,0,0,0,0,0,0,0.513,0,0,0,0,0.199,0,0,0,0,0,0,0,0,0,0,0,0,0,0,0,0,0,0,0,0,0,0,0,0,0,0,0,0,0,0.269,0,0,0,0.932,0,0,0,0,0,0,0,0,0,0,0,0,0,0,0,0,0,0,0.612,0,0,0,0,0,0,0,0,0,0,0,0,0,0,0,0,0,0,0,0,0,0,0,0.539,0.229,0,0,0,0,0,0,0,0,0,0,0,0,0,0,0,0,0,0,0,0,0,0,0,0,0,0,0,0,0,0,0.269,0,0,0,0,0,0,0,0,0,0,0,0,0,0,0.204,0,0,0,0,0,0,0,0,0,0,0,0,0,0,0,0,0.331,0,0,0,0,0,0,0,0,0,0,0,0,0,0.765,0,0,0,0,0,0,0,0,0,0,0,0,0,0,0,0,0,0,0,0,0,0,0,0,0,0,0,0,0,0,0,0,0,0,0,0,0,0,0,0,0,0,0,0,0,0,0,0,0,0,0,0,0,0,0,0,0,0,0,0,0,0,0,0,0,0.269,0,0,0,0,0,0.386,0,0,0,0,0,0,0,0,0,0,0,0,0,0,0,0,0,0,0,0,0,0,0,0,0,0,0,0,0,0,0,0,0,0,0,0,0,0,0,0,0,0,0,0.931,0,0,0,0,0,0,0,0,0,0,0,0,0,0,0,0,0,0,0,0,0,0,0,0,0,0,0,0,0,0,0,0,0,0,0,0,0,0,0,0,0,0,0,0,0,0,0,0,0,0,0,0,0,0,0,0,0,0,0,0,0,0,0,0,0,0,0,0,0,0,0,0,0,0,0,0,0,0,0,0,0,0,0,0,0,0,0,0,0,0,0,0,0,0,0,0,0,0,0.308,0,0,0,0,0,0,0,0,0,0,0,0,0,0,0,0,0,0,0,0,0,0,0,0,0,0,0,0,0,0,0,0,0,0,0,0,0,0,0,0,0,0,0,0,0,0,0,0,0,0,0,0,0,0,0,0,0,0,0,0,0,0,0,0,0,0,0,0,0,0,0,0,0,0,0.394,0,0,0,0,0,0,0,0,0,0,0,0,0,0,0,0,0,0,0,0,0,0,0,0,0,0,0,0,0,0,0,0,0,0,0,0,0.169,0,0,0,0,0,0,0,0,0,0,0,0,0,0,0,0,0,0,0,0,0,0,0,0,0,0,0,0,0,0,0,0,0.941,0,0.938,0,0,0,0,0.275,0,0,0,0,0,0,0,0,0,0,0,0,0,0.167,0,0,0,0,0,0,0.279,0,0,0,0,0.978,0,0.153,0,0.986,0,0,0,0,0.824,0,0,0,0,0,0,0,0,0.426,0,0,0,0.901,0,0,0,0,0,0.15,0,0.288,0,0,0.297,0,0,0,0.827,0.293,0,0,0,0.929,0,0,0,0.275,0.436,0,0,0,0,0,0,0.293,0,0.946,0.969,0,0.211,0,0.93,0,0.211,0,0,0,0,0.968,0,0.7,0,0,0.888,0,0,0.89,0,0,0,0,0,0,0,0.921,0,0.833,0,0.289,0,0.15,0,0.961,0.979,0,0,0,0,0,0.941,0.815,0,0,0.866,0,0,0,0,0,0,0,0,0.973,0.285,0,0.944,0,0.937,0,0.965,0,0,0,0,0,0,0,0.973,0,0,0,0,0,0,0,0.389,0.3,0.173,0,0,0,0,0,0,0,0,0,0,0,0,0,0,0.98,0,0.882,0,0,0,0,0,0,0,0.275,0,0,0,0,0,0,0,0,0,0,0.297,0,0,0.97,0,0,0,0,0,0.941,0.436,0,0,0,0,0.513,0,0.276,0,0,0.3,0,0,0,0,0,0,0,0,0,0,0,0,0,0,0,0,0,0,0,0,0,0,0,0,0,0,0.443,0,0,0,0,0,0,0,0,0,0,0,0,0,0,0,0,0,0,0,0,0,0,0,0,0,0,0,0,0,0,0,0,0,0,0,0,0,0,0,0,0,0,0,0,0,0,0,0,0,0,0,0,0,0,0,0,0,0,0,0,0,0,0,0,0,0,0,0,0,0,0,0.159,0,0,0,0,0,0,0,0.621,0,0.336,0,0,0,0,0,0,0,0,0,0,0,0,0,0,0,0,0,0,0,0,0,0,0,0,0,0,0,0,0,0,0,0,0.841,0,0,0,0,0,0,0,0,0,0,0,0,0,0,0,0,0,0,0,0,0,0,0,0,0,0,0,0,0,0,0,0,0,0,0,0,0,0,0,0.813,0,0,0,0,0,0,0,0,0,0,0,0,0,0,0.225,0,0,0,0,0,0,0,0,0,0,0,0,0,0,0,0,0,0,0,0,0,0,0,0,0,0,0,0,0,0,0,0,0,0,0,0,0,0,0,0,0,0,0,0,0,0,0,0,0,0,0,0.966,0,0,0,0,0,0,0,0.951,0,0,0.195,0,0.163,0,0,0.481,0,0,0,0,0,0,0,0,0,0,0,0,0,0,0,0,0,0,0,0,0,0,0,0,0,0,0,0,0,0,0,0,0,0.371,0,0,0,0,0,0,0,0,0,0,0,0,0,0,0,0,0,0,0,0,0,0,0,0,0,0,0,0,0.98,0.353,0,0,0,0.61,0,0,0,0,0,0,0,0,0,0,0,0,0,0,0,0,0,0,0,0,0.973,0,0,0,0,0,0,0,0,0,0,0,0,0,0,0,0,0,0,0,0,0.401,0,0,0,0,0,0,0,0,0,0,0,0,0,0,0,0,0,0,0,0,0,0,0,0,0,0,0,0,0,0,0,0,0,0,0,0,0,0,0,0,0,0,0,0,0,0,0,0,0,0,0,0,0,0,0,0,0,0,0.536,0,0,0,0,0,0,0,0,0,0,0,0,0,0,0,0,0,0,0,0,0,0,0,0,0.448,0,0,0,0.768,0,0,0,0,0,0.228,0,0,0,0,0,0,0,0,0,0,0,0,0,0,0,0,0,0,0,0,0,0,0,0,0,0,0,0,0,0,0,0,0,0,0,0,0,0,0,0,0,0,0,0,0,0,0,0,0,0.2,0,0,0,0,0,0,0,0,0,0,0,0,0,0,0,0,0,0,0.165,0.358,0,0,0,0,0,0,0,0,0,0,0,0,0,0,0,0,0,0,0,0,0,0,0,0,0.611,0,0,0,0,0,0,0.694,0,0,0,0,0,0,0,0,0,0,0,0,0.157,0,0,0,0.358,0,0,0,0,0,0,0,0,0,0,0,0,0,0,0,0,0,0,0,0,0,0,0,0,0,0,0,0,0,0,0,0,0,0,0,0,0,0.34,0,0,0,0.166,0,0,0.155,0,0,0,0,0,0,0,0,0,0,0.946,0,0,0,0,0,0,0,0,0,0,0,0,0,0,0,0,0,0,0,0,0,0,0,0,0,0,0,0,0,0,0,0,0,0,0,0,0,0,0,0,0,0,0,0,0,0,0,0.915,0,0,0,0,0,0,0,0,0,0,0,0,0,0.171,0,0,0,0.171,0,0,0,0,0,0,0,0,0,0,0,0,0,0,0,0,0,0,0,0,0,0,0,0,0,0,0,0,0,0,0,0,0,0,0,0,0,0,0,0,0,0,0,0,0,0.8,0,0,0,0,0,0,0,0,0,0,0,0,0,0,0,0,0,0,0,0,0,0,0,0,0,0.82,0,0,0,0,0,0,0,0,0,0,0.811,0,0,0,0,0,0,0,0,0,0,0,0,0,0,0,0,0,0,0,0,0,0,0,0,0,0,0,0,0,0,0,0,0,0,0,0,0,0,0,0,0,0,0,0,0,0,0,0,0,0.288,0,0,0,0,0,0,0,0,0,0,0,0,0.191,0,0,0,0,0,0,0,0,0,0,0,0,0,0,0,0,0,0,0,0,0,0,0,0,0,0,0,0,0,0,0,0,0,0,0,0,0,0.167,0,0,0,0,0,0,0,0,0.935,0.938,0,0,0,0,0,0,0,0,0,0,0,0,0,0,0,0,0,0,0,0,0,0,0,0,0,0,0,0,0,0,0,0,0,0,0,0,0,0,0,0,0,0,0,0,0,0,0,0,0,0,0,0,0.821,0,0,0,0,0,0,0,0,0,0,0,0,0,0,0,0,0,0,0,0,0,0,0,0,0,0,0.612,0,0,0,0,0,0,0,0,0,0,0,0,0,0,0,0,0,0,0,0,0.54,0,0,0,0,0,0,0,0.992,0,0,0,0,0.943,0,0,0,0,0,0,0,0,0,0,0,0,0,0,0,0,0,0,0,0,0,0,0,0,0,0,0,0.826,0,0,0,0,0,0,0,0,0,0,0,0,0,0,0,0,0,0,0,0,0,0,0,0,0,0,0,0,0,0,0,0,0,0.84,0,0,0,0,0,0,0,0,0,0.539,0,0,0,0,0,0,0,0,0,0,0,0,0,0,0,0,0,0,0,0,0,0,0,0,0,0,0,0,0,0,0,0,0,0,0,0,0,0,0,0,0,0.204,0,0,0,0,0,0,0,0,0,0,0,0,0,0,0,0,0,0,0,0,0,0,0,0,0,0,0,0.482,0,0,0,0,0,0,0,0,0,0,0,0,0,0,0,0,0,0,0,0,0,0,0,0,0,0,0,0.828,0,0,0,0,0,0,0,0,0,0,0,0,0,0,0,0,0,0.168,0,0,0,0,0,0,0,0.568,0,0,0,0,0,0,0,0,0,0,0,0,0,0,0.935,0,0,0,0,0.8,0,0,0,0,0,0,0,0,0,0,0,0,0,0,0,0,0,0,0,0,0,0,0,0.953,0,0,0,0.817,0,0,0,0,0,0,0.276,0,0,0,0,0,0,0.82,0,0,0,0,0,0,0,0,0,0,0,0,0,0,0,0,0,0,0,0,0,0,0,0,0,0,0,0,0,0,0,0,0,0,0,0,0,0,0,0,0,0,0,0,0,0.8,0.191,0,0,0
856463,0,0,0,0,0,0,0.445,0,0,0,0,0,0,0,0,0,0,0,0,0,0,0,0,0,0,0,0,0,0,0,0,0,0,0,0.228,0,0,0,0,0,0,0,0,0,0,0,0,0,0,0.731,0,0,0,0,0,0,0,0,0,0,0,0,0,0,0,0,0,0,0,0,0,0,0,0,0.183,0.36,0,0,0,0,0,0,0,0,0,0,0,0,0,0,0,0,0,0,0,0.347,0,0,0,0,0,0,0,0,0,0,0.22,0,0,0,0,0,0,0,0,0,0,0,0,0.899,0,0,0.256,0,0,0,0,0.995,0,0,0,0,0.249,0,0,0,0,0,0.5,0,0,0.999,0,0,0,0,0,0,0,0,0,0,0,0,0,0,0.952,0,0,0,0,0,0,0,0,0,0,0,0,0.813,0,0,0,0,0,0,0,0.256,0,0,0,0,0,0,0,0,0,0,0,0.338,0.884,0,0,0,0,0,0,0,0,0,0,0,0.4,0,0,0,0,0,0,0,0,0,0,0,0.911,0,0.678,0,0,0,0.986,0,0,0.989,0,0,0,0,0,0,0,0,0,0,0.342,0,0,0,0,0,0,0,0,0,0,0,0,0,0.208,0,0,0,0,0,0,0,0,0,0,0,0,0,0,0,0.389,0,0,0,0.221,0,0,0,0,0.811,0,0,0,0,0,0,0,0,0,0,0,0,0,0,0,0,0,0,0,0,0,0,0,0.739,0,0,0.909,0,0,0.904,0,0,0,0,0,0,0,0,0,0,0,0,0.186,0,0,0.907,0,0,0,0.924,0,0,0,0,0.895,0.232,0,0,0,0.901,0,0.297,0,0,0,0,0,0,0,0,0,0,0,0,0,0,0.986,0,0,0,0,0,0,0,0,0,0,0,0,0,0,0.239,0,0,0.845,0,0,0,0,0,0,0,0,0,0,0,0,0,0,0.229,0,0,0,0,0,0,0,0,0,0,0,0,0.379,0,0,0,0,0,0,0,0,0,0,0,0,0,0,0,0,0,0,0.207,0,0,0,0,0,0,0,0,0,0.838,0,0,0,0,0,0,0,0,0,0,0,0,0,0,0,0,0,0,0,0,0,0,0,0,0,0,0,0,0,0,0,0,0,0,0,0,0,0,0,0,0,0,0,0,0,0,0,0,0,0,0,0,0,0,0.919,0,0,0,0.342,0,0,0,0,0,0,0.912,0,0,0,0,0,0,0.9,0,0,0,0,0,0,0,0,0,0.976,0,0.216,0,0,0,0,0,0.203,0,0,0,0,0,0,0,0,0.761,0,0,0,0,0,0,0,0,0,0,0,0,0,0,0,0,0,0,0,0.583,0,0,0,0,0,0,0,0,0,0,0,0,0,0,0.389,0,0,0,0.428,0,0,0,0,0,0,0.25,0,0,0,0,0.156,0,0,0,0,0,0,0,0,0,0.17,0,0,0,0,0,0,0,0,0,0.161,0.196,0,0,0,0,0,0,0,0,0,0,0,0,0,0,0.183,0,0.881,0,0,0.778,0,0,0,0,0,0,0,0,0,0,0,0,0,0,0,0,0,0,0.175,0,0,0,0,0,0,0,0,0,0,0,0,0,0,0,0,0,0,0,0,0,0.237,0.991,0,0,0,0,0,0,0,0,0,0,0,0.206,0,0,0,0,0,0,0,0,0,0,0,0,0,0,0.955,0,0,0,0,0,0,0,0,0,0.171,0,0,0,0,0,0,0,0,0,0,0.323,0,0,0,0,0,0.242,0,0,0,0.957,0,0,0,0,0,0,0,0,0,0,0,0,0,0,0,0,0,0,0,0,0,0,0,0,0,0,0,0.218,0,0,0,0,0,0,0,0,0,0,0.251,0,0,0,0,0.156,0,0,0,0.266,0,0,0,0,0,0.999,0,0.234,0,0,0,0,0,0,0,0.786,0,0.272,0,0.996,0,0,0.713,0,0,0,0,0,0,0,0,0,0,0,0,0,0,0,0,0,0,0,0.674,0,0,0,0,0,0,0,0,0,0,0.171,0,0,0,0,0.908,0,0.244,0,0,0.276,0,0,0,0,0,0,0,0.901,0,0,0,0,0,0,0,0,0,0,0.999,0,0,0,0,0,0,0,0,0,0,0,0,0,0,0,0,0,0,0.202,0,0,0,0,0,0,0,0.241,0,0,0,0,0,0,0,0,0,0,0,0,0.486,0,0,0,0,0,0,0,0,0,0,0,0,0,0.755,0,0,0.769,0,0,0.2,0.905,0,0,0,0,0,0,0,0,0,0,0.28,0,0,0,0,0,0,0.802,0,0,0,0,0,0,0,0,0,0,0,0,0,0,0,0,0,0,0,0,0.169,0,0,0.398,0,0.211,0,0,0,0,0,0.694,0,0,0,0,0,0.218,0,0,0,0,0,0.192,0,0,0,0,0,0,0,0,0,0,0,0,0,0,0.387,0,0.218,0,0,0,0,0,0,0,0,0,0,0,0,0,0,0,0,0,0,0,0,0,0,0,0,0,0,0,0.226,0,0,0,0,0,0,0,0,0.556,0,0.198,0.936,0.729,0,0,0,0,0,0,0,0,0.23,0.215,0,0,0,0,0.974,0,0,0,0,0.233,0,0,0,0,0,0,0,0.733,0,0,0,0,0,0,0,0,0,0,0,0,0,0,0.266,0,0,0,0,0.88,0,0,0,0,0,0,0,0.92,0,0,0,0,0,0,0,0,0,0,0,0,0,0,0,0,0,0,0,0.169,0,0.43,0.979,0,0,0,0,0,0.248,0,0,0,0,0,0,0,0,0,0,0,0,0,0,0,0,0,0,0,0,0,0,0,0,0,0,0,0,0,0,0.199,0,0.188,0,0,0,0.181,0,0,0,0,0,0,0,0,0.551,0,0,0,0,0,0,0,0,0,0,0,0,0,0,0,0,0.254,0.249,0,0,0.256,0,0,0,0,0,0,0.838,0,0,0.813,0.208,0.188,0,0.205,0.62,0.187,0,0,0,0,0,0,0,0,0.194,0,0,0,0.736,0,0,0.269,0,0,0,0,0.202,0,0.999,0,0,0,0,0,0,0.731,0,0,0,0,0,0,0,0,0,0,0.195,0,0,0,0,0,0,0,0,0,0,0,0,0,0,0.888,0,0,0,0,0,0,0,0,0,0,0,0.993,0,0,0.608,0,0.173,0,0,0,0,0.254,0,0,0,0,0,0.985,0,0,0,0,0,0,0,0,0,0,0,0,0,0.213,0,0,0,0,0,0,0,0,0,0,0,0,0,0,0,0,0,0,0,0,0,0,0,0.225,0.56,0.206,0,0,0,0.411,0,0,0,0,0,0,0,0,0,0,0,0,0,0,0,0,0,0,0,0,0,0,0,0,0,0,0,0,0,0,0,0,0,0,0,0,0,0,0,0,0,0,0,0,0,0,0,0,0.193,0,0,0,0,0,0,0,0,0,0,0,0,0,0,0,0,0,0,0,0,0,0,0,0.248,0,0,0,0,0,0,0,0,0,0,0,0,0,0,0,0.278,0,0,0,0,0,0,0,0,0,0,0,0,0,0,0.588,0,0.623,0,0,0,0,0,0,0.834,0.972,0,0,0,0,0,0,0,0,0,0,0,0.205,0.675,0,0,0,0,0,0,0,0,0,0,0,0,0,0,0.911,0,0,0,0,0,0,0,0,0,0,0,0,0,0,0,0.543,0,0,0.815,0,0,0,0,0,0.725,0,0,0,0,0,0,0.245,0,0,0,0.289,0,0,0,0,0,0.219,0,0,0,0,0,0,0,0,0,0,0.552,0,0,0,0,0,0.201,0,0,0,0,0,0,0,0,0,0,0.198,0,0,0,0,0,0,0,0,0,0,0.208,0,0,0.552,0,0,0,0,0,0,0,0,0,0,0,0,0,0,0,0,0,0,0,0,0,0,0,0,0,0.558,0,0,0,0,0,0,0,0,0.447,0,0,0,0,0,0,0,0,0,0,0,0,0,0,0,0,0,0,0,0.167,0,0,0,0,0,0,0,0,0,0,0,0.999,0,0,0,0,0.951,0.316,0.934,0,0,0.999,0,0,0.999,0.69,0.19,0,0,0,0,0,0.814,0,0.877,0,0.997,0.884,0.207,0.292,0,0.769,0.308,0,0,0.999,0,0,0,0.277,0.978,0.998,0,0,0.832,0.2,0,0,0.999,0,0.999,0,0.559,0.999,0,0.229,0.999,0,0.958,0.364,0,0,0.996,0.975,0.209,0,0,0,0.979,0.704,0.712,0.235,0.958,0,0.49,0,0,0,0,0.622,0.978,0,0,0.261,0,0.923,0,0,0.999,0,0,0.927,0,0,0,0.156,0,0,0,0.982,0,0,0,0.877,0.989,0,0.187,0,0,0.98,0,0.951,0.835,0,0,0.93,0,0,0.21,0,0,0.942,0.667,0,0,0,0.954,0,0.836,0.968,0,0.999,0.319,0.769,0,0,0,0,0,0.963,0,0,0.478,0,0,0,0,0.22,0.946,0,0,0,0.901,0,0.353,0,0,0,0,0,0,0.496,0,0.489,0.989,0,0,0,0.998,0,0,0.996,0.507,0.925,0.969,0.997,0.257,0.213,0,0,0,0.331,0.905,0.472,0.367,0,0.999,0.183,0.464,0,0.311,0.972,0.224,0,0.734,0,0,0.936,0.202,0.983,0,0.156,0.993,0,0,0,0.409,0,0.725,0.565,0,0.999,0,0,0.998,0.764,0.963,0,0.504,0.978,0,0.969,0.208,0.216,0.988,0,0,0.998,0,0.255,0.999,0,0.241,0.152,0,0.194,0.99,0.239,0.432,0,0.993,0.392,0,0,0,0,0,0,0.338,0,0,0,0,0,0,0,0,0.207,0,0,0,0.916,0,0,0,0,0,0,0,0,0,0,0,0,0,0,0,0,0,0,0,0,0,0,0,0,0.826,0,0,0,0,0,0,0,0,0,0,0,0,0,0,0,0,0,0.6,0,0,0,0,0,0,0,0,0,0,0,0,0,0,0,0,0,0,0,0,0,0,0,0,0,0,0,0,0,0,0,0.933,0,0,0,0,0,0.622,0,0,0,0,0,0,0,0,0,0,0,0,0.795,0,0,0,0.672,0,0.165,0,0,0,0,0,0,0,0,0,0,0,0,0.973,0,0,0,0,0,0,0,0,0,0,0,0,0,0,0,0,0,0,0.201,0,0,0,0,0,0.938,0,0,0,0,0.816,0,0,0,0,0,0,0,0,0,0,0,0,0,0,0,0,0,0,0,0,0,0,0.288,0,0,0,0.889,0,0,0,0,0,0,0,0,0,0,0,0,0,0,0,0,0,0,0,0,0,0,0,0,0,0.993,0,0,0,0.161,0,0,0,0,0.157,0,0,0,0,0,0,0,0,0,0,0,0.169,0.43,0,0,0,0,0,0,0,0,0,0,0,0,0,0,0,0,0,0,0,0,0,0,0,0,0,0,0,0,0,0,0,0,0,0,0,0,0,0,0,0,0,0,0,0,0,0,0,0,0,0,0,0,0,0,0,0,0,0,0,0,0,0,0,0,0,0,0,0,0,0,0,0,0,0,0,0,0,0,0,0,0,0,0,0,0,0,0,0.319,0,0,0,0,0,0,0.913,0,0,0,0,0,0,0,0,0,0,0.819,0,0,0,0,0,0,0,0,0,0,0,0,0,0,0,0,0,0,0,0,0,0,0,0,0.254,0,0,0,0,0,0,0,0,0,0,0,0,0,0,0,0,0,0,0,0,0,0,0,0,0,0,0,0,0,0,0,0,0,0,0,0,0,0,0.169,0,0,0,0,0,0,0,0,0,0,0,0,0,0,0,0,0,0,0,0,0,0,0,0,0,0,0,0,0,0,0,0,0,0,0,0.964,0.982,0,0.901,0,0,0,0,0,0.56,0,0,0.177,0,0,0,0,0,0,0,0,0,0,0,0,0,0,0.721,0,0,0.659,0,0,0,0.864,0,0,0,0,0,0,0,0,0,0,0,0.264,0,0,0,0,0,0.686,0,0,0.166,0.167,0,0,0,0,0,0,0,0,0,0,0,0,0,0,0,0,0,0,0,0,0,0,0,0,0,0,0,0,0,0,0,0,0,0,0,0,0,0,0,0,0,0,0,0,0,0,0,0,0,0.565,0,0,0,0,0,0,0,0,0,0,0,0,0,0,0,0,0,0,0,0,0,0,0,0,0,0,0,0,0,0,0,0,0,0,0,0,0,0,0,0,0,0,0,0,0.158,0,0,0,0,0,0,0,0,0,0,0,0,0,0,0,0,0,0,0,0,0,0,0,0,0,0,0,0,0,0.452,0,0,0,0,0,0,0,0,0,0.211,0,0,0,0,0.786,0,0,0,0,0,0,0,0,0,0,0,0,0,0,0,0,0,0,0,0,0,0,0,0,0,0,0,0,0,0,0,0,0.199,0,0,0,0,0,0,0,0,0,0,0,0.284,0,0,0,0,0,0,0,0,0,0,0,0,0,0,0,0,0,0,0,0,0,0,0,0,0,0,0,0,0,0,0,0,0,0,0.167,0,0,0,0,0,0,0,0.917,0,0,0,0,0,0,0,0,0,0,0,0,0,0,0,0.167,0,0,0,0,0,0,0,0,0,0.385,0,0.165,0,0.693,0,0.167,0.692,0,0,0,0,0,0,0,0,0.248,0,0,0,0,0,0,0,0,0,0,0,0,0.167,0,0,0,0,0,0,0,0,0,0.167,0,0,0,0,0,0,0,0,0,0,0,0,0,0,0,0,0,0,0,0,0,0,0.248,0,0,0,0.182,0.4,0,0,0.226,0.528,0,0,0,0,0,0,0,0,0,0,0,0.332,0,0,0.315,0,0,0,0,0,0,0,0,0,0,0,0,0.171,0,0,0,0,0,0,0,0,0,0,0,0,0,0.713,0.229,0,0,0,0,0.981,0,0.9,0.805,0.999,0,0.903,0.98,0,0.991,0,0.167,0,0.91,0,0,0,0,0.72,0,0.999,0.919,0,0,0,0.324,0,0.999,0,0.864,0,0.872,0.919,0,0.926,0,0,0,0.911,0,0.233,0.795,0.991,0,0.502,0,0,0,0,0,0,0,0.847,0,0.356,0,0,0.9,0,0.922,0,0,0.901,0.753,0,0.997,0,0,0,0,0,0,0,0.392,0,0,0,0.157,0.986,0,0,0,0,0.811,0,0,0,0,0,0.944,0,0,0,0,0,0.504,0,0,0,0.186,0,0,0,0,0.15,0,0.9,0.8,0,0.156,0,0,0,0.927,0.846,0,0,0.2,0,0.9,0,0.167,0,0,0,0.193,0,0,0,0.895,0.16,0,0.271,0,0,0,0,0,0.999,0,0,0,0,0,0,0,0,0.999,0,0.818,0,0,0.813,0,0,0.9,0,0,0.999,0,0.927,0,0,0,0,0,0.894,0,0,0.287,0.482,0,0,0.191,0.309,0,0,0.961,0,0.186,0.8,0.816,0.999,0.972,0,0,0.868,0.344,0,0,0,0,0.807,0,0.901,0.996,0,0.9,0,0,0.7,0,0,0.802,0.576,0,0,0,0.949,0,0,0,0.316,0,0,0.999,0,0.301,0,0.727,0.616,0,0,0,0,0.229,0.957,0,0.208,0.25,0.991,0,0,0,0.978,0.532,0,0.922,0.868,0.693,0.923,0.236,0.953,0.246,0.271,0.982,0,0.206,0,0.621,0,0,0,0,0.944,0,0,0.258,0.349,0.459,0.977,0.984,0.2,0.262,0,0,0.288,0,0.169,0,0.914,0,0,0.844,0.995,0,0.903,0.658,0.958,0.202,0.366,0.703,0,0.155,0,0,0,0,0.988,0,0,0,0,0,0,0.978,0,0.946,0,0,0.798,0,0.917,0.996,0,0.833,0.248,0,0,0.77,0.969,0,0,0,0,0,0,0,0,0,0.203,0,0,0,0,0,0,0,0,0,0,0.196,0,0,0,0,0,0,0,0,0,0,0,0,0,0,0,0,0,0,0,0,0,0,0,0,0,0,0,0,0,0,0,0,0,0,0,0,0,0,0,0,0,0,0,0,0,0,0,0,0,0,0,0,0,0,0,0,0,0,0,0,0,0,0,0,0,0,0,0,0,0,0,0,0,0,0,0,0,0,0,0,0,0,0,0,0,0,0,0,0,0,0,0,0,0,0.487,0,0,0,0,0,0,0,0,0,0,0,0,0,0,0,0,0,0,0,0,0,0,0,0,0,0,0,0,0,0,0.913,0,0.191,0,0.566,0,0,0,0,0,0,0.177,0,0,0,0,0,0,0,0,0,0,0,0,0,0,0,0,0,0,0.175,0,0,0,0,0,0,0,0,0,0,0,0,0,0,0,0,0,0,0,0,0,0,0,0,0,0,0,0,0,0,0,0,0,0,0,0,0,0,0,0,0,0,0,0,0.789,0,0,0,0,0,0,0,0,0,0,0,0.7,0,0,0,0,0,0,0,0,0,0,0,0,0,0,0,0,0,0,0,0,0,0.324,0,0.635,0,0,0,0,0,0,0,0,0,0,0,0.653,0,0,0,0,0,0,0,0,0,0,0,0,0,0,0,0,0,0,0,0,0,0,0,0,0,0,0,0,0,0,0,0,0,0,0.183,0,0,0,0,0,0,0,0,0,0,0,0,0,0,0,0,0,0,0,0,0,0,0,0,0,0,0,0,0,0,0,0,0.161,0,0,0,0,0,0,0,0,0,0,0,0,0,0,0,0,0,0,0,0,0,0,0,0,0,0,0,0,0,0,0,0,0,0,0,0,0,0,0,0,0,0,0,0,0,0,0,0,0,0,0,0,0,0,0,0,0,0,0,0,0,0,0,0,0,0,0,0,0,0,0,0,0,0,0,0,0,0,0,0,0,0,0,0,0,0,0,0,0,0,0,0.263,0,0,0,0,0,0,0,0,0,0,0,0,0,0,0,0,0,0,0,0,0,0,0,0,0,0,0,0.686,0,0,0,0,0,0,0,0,0,0,0,0,0,0,0,0,0,0,0,0,0,0,0,0,0,0,0,0,0,0,0,0,0,0,0,0,0,0,0,0,0,0,0,0,0,0,0,0,0,0,0,0,0,0,0,0,0,0,0,0,0,0,0,0,0,0,0,0,0,0,0,0,0,0,0,0,0,0,0,0,0,0,0,0,0,0,0,0,0,0,0,0,0,0,0,0,0,0,0,0,0,0,0,0,0,0,0,0,0,0,0,0,0,0,0,0,0,0,0,0,0,0,0,0,0,0,0,0,0,0,0,0,0,0,0,0,0,0,0,0,0,0,0,0,0,0,0,0,0,0,0,0,0,0,0,0,0,0,0,0,0,0,0,0.33,0,0,0,0,0,0,0,0,0,0,0,0,0,0,0,0,0,0,0,0,0,0,0,0,0,0,0,0,0,0,0,0,0,0,0,0,0,0.654,0.237,0,0.448,0,0.928,0,0,0,0,0,0.322,0,0,0,0.856,0,0.395,0,0,0.397,0,0,0,0,0,0.716,0,0.157,0,0.349,0,0,0,0,0,0,0,0.313,0,0,0,0,0.268,0,0,0,0.856,0,0.15,0,0,0,0,0,0,0,0,0,0,0,0,0,0,0,0,0.157,0,0,0,0,0.276,0,0,0,0,0,0.616,0,0,0,0.305,0,0,0,0.379,0,0.479,0,0,0,0,0,0,0,0,0,0,0,0,0,0,0,0,0,0,0,0,0,0,0,0,0,0,0,0,0,0,0,0,0,0,0,0,0,0,0,0,0,0,0,0,0,0,0,0,0,0,0,0,0.165,0,0,0,0,0,0,0,0,0,0,0,0,0,0,0,0,0,0,0.44,0,0,0,0,0,0,0,0,0,0,0,0,0,0,0,0,0,0,0,0,0,0,0,0,0,0,0,0,0,0,0,0,0,0,0,0,0,0,0,0,0,0,0,0,0,0,0,0,0,0,0,0,0,0,0,0,0,0.153,0,0,0,0,0,0,0,0,0,0,0,0,0,0,0,0,0,0,0,0,0,0,0,0,0,0,0,0,0,0,0,0,0,0,0,0,0.194,0,0,0,0,0,0,0,0,0,0,0.338,0,0,0,0,0,0,0,0,0.206,0.249,0,0,0,0.237,0,0.282,0,0,0,0,0,0,0,0,0,0,0,0,0,0,0,0,0,0,0,0,0,0,0,0,0,0,0,0,0,0,0,0,0,0,0,0,0,0,0,0,0,0,0,0,0,0,0.188,0,0,0,0,0,0,0,0,0,0,0,0,0,0,0,0,0,0,0,0,0,0,0,0,0,0,0,0,0,0,0,0,0,0,0,0,0,0,0,0,0,0.266,0,0,0,0,0,0,0,0,0,0,0,0,0,0,0,0,0,0,0,0,0,0,0,0,0,0,0,0,0,0,0,0,0,0,0,0,0,0,0,0,0,0,0,0,0,0,0,0,0.288,0,0,0,0,0,0,0,0,0,0,0,0,0,0,0,0,0,0,0,0,0,0,0,0,0,0,0,0,0,0,0,0,0,0,0,0,0,0,0,0,0,0,0,0,0,0,0,0,0,0,0,0,0,0,0,0,0,0,0,0,0,0,0,0,0,0,0,0,0,0,0,0,0,0,0,0,0,0,0,0,0,0,0,0,0,0,0,0,0,0,0,0,0,0,0,0,0,0.282,0,0,0,0,0,0,0,0,0,0,0,0,0,0,0,0,0,0,0,0,0,0,0,0,0,0,0,0,0,0,0.428,0,0,0,0,0,0.198,0,0,0,0,0,0,0,0,0,0,0,0,0,0,0,0,0,0,0
852783,0.163,0,0,0,0,0,0.816,0,0,0,0,0,0,0,0,0,0,0,0,0,0,0,0,0,0,0,0,0,0,0,0,0,0.225,0,0,0,0,0,0,0,0,0,0,0,0.314,0,0,0,0,0,0,0,0,0,0,0,0,0,0,0,0,0,0,0,0,0,0,0,0,0,0,0,0,0,0,0,0,0,0,0,0,0,0,0,0,0,0,0,0.168,0.4,0,0,0,0,0,0,0,0,0,0,0,0,0,0,0,0,0,0,0,0,0,0,0,0,0,0,0,0,0,0,0,0,0,0,0,0,0,0,0,0,0,0,0,0,0,0,0,0,0,0,0,0,0,0,0,0,0,0,0,0,0,0,0,0,0,0,0,0,0,0.209,0,0,0,0,0,0,0,0.183,0,0,0,0,0,0,0.22,0,0,0,0,0,0,0,0,0,0,0,0,0,0,0,0,0,0,0,0,0,0,0,0,0,0,0,0.175,0,0,0,0,0,0,0,0,0,0,0,0,0,0,0,0,0,0,0,0,0,0,0,0,0,0,0,0,0,0,0,0,0,0,0.582,0,0,0,0,0,0,0,0,0,0,0,0,0,0,0,0,0,0,0,0,0,0,0,0,0,0,0,0,0,0,0.276,0,0,0,0,0.185,0,0,0,0,0,0,0,0,0,0,0,0,0,0,0,0,0,0,0,0,0,0,0,0,0,0,0,0,0,0,0,0,0,0,0,0,0,0.16,0,0,0,0,0,0,0,0,0,0,0,0,0,0,0,0,0,0,0,0,0,0,0,0.207,0,0,0,0,0,0,0,0,0,0,0,0,0,0,0,0,0,0,0,0.394,0,0,0,0.191,0,0,0,0,0,0,0,0,0,0,0,0,0,0,0,0,0,0,0,0,0,0,0,0,0,0.199,0,0,0,0,0,0,0,0.162,0,0,0,0,0,0,0,0,0,0,0,0,0,0,0,0,0,0,0,0.235,0,0,0,0,0,0,0,0,0,0,0,0,0,0,0,0,0,0,0,0,0,0,0,0,0,0,0,0,0,0,0,0,0,0.179,0,0,0,0,0,0,0,0,0,0.38,0,0,0,0,0,0,0,0,0,0,0,0,0,0,0,0,0,0,0,0.171,0,0,0,0,0,0,0,0,0,0,0,0,0,0,0,0,0,0,0,0,0,0,0,0,0,0,0,0,0,0,0,0,0,0,0,0,0,0,0,0,0,0,0,0,0,0,0,0,0,0,0,0,0,0,0,0,0,0,0,0,0,0,0,0,0,0,0,0,0,0,0,0,0,0,0,0,0,0,0,0,0,0,0,0,0,0,0,0,0,0,0,0,0,0,0,0,0,0,0,0,0,0,0,0,0,0,0,0,0,0,0,0,0,0,0,0,0,0,0,0,0,0,0,0,0,0,0,0,0,0,0,0,0,0,0,0,0,0,0,0,0,0,0,0,0,0,0,0,0,0,0,0,0.15,0,0,0,0,0,0,0,0,0,0,0.156,0,0,0,0,0,0,0,0,0,0,0,0,0,0,0,0,0,0,0,0,0,0,0,0,0,0,0,0,0,0,0,0,0,0,0,0,0,0,0.339,0,0,0,0,0,0,0,0.171,0,0,0,0,0,0,0,0,0,0,0,0,0,0,0,0,0,0,0,0,0,0,0,0,0,0.179,0,0,0,0,0,0,0,0,0,0,0,0,0,0,0,0,0,0,0,0,0,0,0,0,0,0.238,0,0,0,0,0,0,0,0,0,0,0,0,0,0,0,0,0,0,0,0,0,0,0.514,0,0,0,0,0,0,0,0,0,0,0,0,0,0,0,0,0,0,0,0,0,0,0,0,0,0.513,0,0,0,0,0,0,0,0,0,0,0,0,0,0,0,0,0,0,0,0.277,0,0,0.226,0.177,0,0,0,0,0,0,0,0,0,0,0,0,0,0,0,0,0,0,0,0,0,0,0,0,0,0,0,0,0,0,0,0,0,0,0,0,0,0,0,0,0,0,0,0,0,0,0,0,0,0,0.268,0,0,0,0,0,0,0,0,0,0,0,0.318,0,0,0,0,0,0,0,0,0,0,0,0,0,0,0,0,0,0,0.265,0,0,0,0,0,0,0,0,0,0,0,0,0,0,0,0,0,0,0,0,0,0,0,0,0,0,0,0,0,0,0,0,0,0,0,0,0,0,0,0,0,0,0,0,0,0,0,0,0,0,0,0,0,0,0,0,0,0,0,0,0,0,0,0,0,0,0,0,0,0,0,0,0,0,0,0,0,0,0,0,0,0,0,0,0,0.281,0,0,0,0,0,0,0,0,0,0.343,0,0,0,0,0,0,0,0,0,0,0,0,0,0,0.198,0,0,0,0,0,0,0,0,0,0,0,0,0,0,0,0,0,0,0,0,0,0,0,0,0,0,0.509,0,0,0,0.212,0,0,0,0,0,0,0,0,0,0,0,0,0,0,0,0.161,0,0,0,0,0,0,0,0,0,0,0,0,0.226,0,0.184,0,0,0,0,0,0,0,0,0,0,0,0,0,0,0,0,0,0,0,0,0,0,0,0.196,0,0,0,0,0,0,0,0,0,0,0,0,0,0,0,0,0,0,0.365,0,0,0,0,0.213,0,0,0,0,0,0,0,0,0.515,0,0,0,0,0,0,0,0,0,0,0,0,0,0,0,0,0,0,0,0,0,0,0,0.334,0,0,0,0,0,0,0,0,0.288,0,0,0,0,0,0,0,0,0,0.713,0,0,0,0,0,0,0,0,0,0,0,0,0,0,0,0,0,0,0,0,0,0,0.392,0.254,0,0,0,0,0,0,0,0,0,0,0.199,0.405,0,0,0,0,0,0,0.301,0,0,0,0,0,0,0,0,0,0,0,0,0,0,0,0,0,0,0,0,0,0,0,0.158,0,0,0,0,0,0,0,0,0,0,0,0,0,0,0.342,0,0,0,0,0,0,0,0,0,0,0,0,0,0,0.22,0,0,0,0,0,0,0,0.169,0,0,0,0.167,0,0,0,0,0,0,0,0.222,0,0,0,0,0,0,0,0,0,0,0,0.276,0,0,0.163,0,0.43,0,0,0,0.211,0,0,0,0,0,0,0,0,0,0,0,0,0,0.208,0,0,0,0,0,0,0,0,0.474,0,0,0.199,0,0,0.194,0,0,0,0,0,0,0,0,0.31,0,0,0,0,0.16,0,0,0,0,0,0,0.211,0,0,0,0,0,0,0,0,0,0,0.332,0,0,0,0,0,0,0,0,0,0,0,0,0,0,0,0,0,0,0,0,0,0,0,0,0,0,0,0,0.377,0,0,0,0.162,0,0,0,0,0.205,0,0,0,0,0,0,0,0,0,0,0,0,0,0,0,0,0,0,0,0,0,0,0,0,0,0,0,0.18,0,0,0.171,0,0,0,0,0,0,0.27,0.299,0,0,0,0,0,0.152,0,0,0,0,0,0,0,0,0,0,0.227,0,0,0,0,0,0.167,0,0,0,0,0,0,0,0.388,0,0,0,0,0,0,0,0,0,0,0,0.531,0,0,0,0,0,0,0,0,0,0,0,0,0,0,0,0,0,0.351,0,0,0,0,0,0,0.162,0,0,0.175,0,0,0,0,0,0,0,0,0,0,0,0,0,0,0,0,0,0.195,0,0,0,0,0,0,0,0,0,0,0,0,0,0,0,0,0,0,0,0,0,0,0,0,0,0,0,0,0,0,0,0,0,0,0,0,0,0,0,0,0,0,0,0.445,0,0,0,0,0,0,0,0,0,0,0,0,0,0,0,0,0,0,0,0,0,0,0,0,0,0,0,0,0,0,0,0,0,0,0,0,0,0,0,0,0,0,0,0,0,0,0,0,0,0,0,0,0,0,0,0,0,0,0,0,0,0.22,0,0,0,0,0,0,0,0,0,0,0,0,0,0,0,0,0,0,0,0,0,0,0,0,0,0,0,0,0,0,0,0.161,0,0,0,0,0,0,0,0,0,0,0,0,0,0,0,0,0,0,0,0,0,0,0,0,0,0,0,0,0,0,0,0,0,0,0,0,0,0,0,0,0,0,0,0,0,0,0,0,0,0,0,0,0,0,0,0,0,0,0,0,0,0,0,0,0,0,0,0,0,0,0,0,0,0,0,0,0,0,0,0,0,0,0,0,0,0,0,0,0,0,0,0,0,0,0,0,0,0,0,0,0,0,0,0,0,0,0,0,0,0,0,0,0,0,0,0,0,0,0,0,0,0,0,0,0,0,0,0,0,0,0,0,0,0,0,0,0,0,0,0,0,0,0,0,0,0,0,0,0,0,0,0,0,0,0,0,0,0,0,0,0,0,0,0,0,0,0,0,0,0,0,0,0,0,0,0,0,0,0,0,0,0,0,0,0,0,0,0,0,0,0,0,0,0,0,0,0,0,0,0,0,0,0,0,0,0,0,0,0,0,0,0,0,0,0,0,0,0,0,0,0,0,0,0,0,0,0,0,0,0,0,0,0,0,0,0,0,0,0,0,0,0,0,0,0,0,0,0,0,0,0,0,0,0,0,0,0,0,0,0,0,0,0,0,0.209,0,0,0,0,0,0,0,0,0,0,0,0,0,0,0,0,0,0,0,0,0,0,0,0,0,0,0,0,0,0,0,0,0,0,0,0,0,0,0,0,0,0,0,0.34,0,0,0,0,0,0,0,0,0.599,0,0,0,0,0,0,0,0,0,0,0.276,0,0,0,0,0,0,0,0,0,0,0,0,0,0,0,0,0,0,0,0,0,0,0,0,0,0,0,0,0,0,0,0,0,0,0,0,0,0,0,0,0,0,0,0,0,0.337,0,0,0,0,0,0,0,0,0,0,0,0.23,0,0,0,0,0,0,0,0,0.284,0,0,0,0,0,0.334,0,0,0,0,0,0,0,0,0,0,0,0,0,0,0,0,0,0,0,0,0,0,0,0,0,0,0,0.26,0,0,0.171,0.38,0,0,0,0,0,0,0,0,0,0.273,0,0,0,0,0,0,0,0,0,0,0,0,0,0,0,0,0,0,0,0,0,0,0,0,0,0,0,0,0,0,0,0,0,0,0,0,0,0,0,0,0,0,0,0,0,0,0,0,0,0,0,0,0,0,0,0,0,0,0,0,0,0,0,0,0,0,0,0,0,0,0,0,0,0,0,0,0,0,0,0,0,0,0,0,0,0,0,0,0,0,0,0,0,0,0,0,0,0,0,0,0.339,0,0,0,0,0,0,0,0,0,0,0,0,0,0,0,0,0,0,0,0,0,0,0,0,0,0,0,0,0,0,0,0,0,0,0,0,0,0,0,0,0,0.446,0,0,0,0,0.173,0.516,0,0,0,0,0,0,0,0,0,0,0.165,0,0,0,0,0,0,0,0,0,0,0,0,0,0,0,0,0,0,0,0,0,0,0,0,0,0,0,0,0,0,0,0,0,0,0,0,0,0,0,0,0,0,0,0,0,0,0,0,0,0,0,0,0,0,0,0,0,0,0,0,0,0,0,0,0,0,0,0,0,0,0,0,0,0,0,0,0,0,0,0,0,0,0,0,0,0,0,0,0,0,0,0,0,0,0,0,0,0,0,0,0,0,0,0,0,0,0,0,0,0,0,0,0.275,0,0,0.189,0,0.309,0,0,0,0,0,0,0,0,0,0,0,0,0,0,0.39,0,0,0,0,0,0,0,0,0,0,0,0,0,0,0,0,0,0,0,0,0,0,0,0,0,0,0,0,0,0,0,0,0,0,0,0,0,0,0,0,0,0,0,0,0,0,0,0,0,0,0,0,0,0,0,0,0,0,0,0,0,0,0,0,0,0,0,0,0,0,0,0,0,0,0,0,0,0,0,0,0,0,0,0,0,0,0,0,0,0,0,0,0,0,0,0,0,0,0,0,0,0,0,0,0,0,0,0,0,0,0,0,0,0,0,0,0,0,0,0,0,0,0,0,0,0,0,0,0,0,0,0,0,0,0,0,0,0,0,0,0,0,0,0,0,0,0,0,0,0,0,0,0,0,0,0,0,0,0,0,0,0,0,0,0,0,0,0,0,0,0,0,0,0,0,0,0,0,0,0,0,0,0,0,0,0,0,0,0,0,0,0,0,0,0,0,0,0,0,0,0,0,0,0,0,0,0,0,0,0,0,0,0,0,0,0,0,0,0,0,0,0,0,0,0,0,0,0,0,0,0,0,0,0,0,0,0,0,0,0,0,0,0,0,0,0,0,0,0,0,0,0,0,0,0,0,0.201,0,0,0,0,0,0,0,0,0,0.195,0,0,0.583,0,0.333,0,0,0,0,0,0,0,0,0,0,0,0,0,0,0,0,0.193,0,0,0,0,0,0,0,0,0,0,0,0,0,0,0,0,0,0,0,0,0,0,0,0,0,0,0,0,0,0,0,0,0,0,0,0,0,0,0,0,0,0,0,0,0,0,0,0,0,0,0,0,0,0,0,0,0,0,0,0,0,0,0,0,0,0,0,0,0,0,0,0,0,0,0,0,0,0,0,0,0,0,0,0,0,0,0,0,0,0,0,0,0,0,0,0,0,0,0,0,0,0,0,0,0,0,0,0,0,0,0,0,0,0,0,0,0,0,0,0,0,0,0,0,0,0,0,0,0,0,0,0,0,0,0,0,0,0,0,0,0,0,0,0,0,0,0,0,0,0,0,0,0,0.351,0,0,0,0,0,0,0,0,0,0,0,0,0,0,0,0,0,0,0,0,0,0,0,0,0,0,0,0,0,0,0,0,0,0,0,0,0,0,0,0,0,0,0,0,0,0,0,0,0,0,0,0,0,0,0,0,0,0,0,0,0,0,0,0,0,0,0,0,0,0,0,0,0,0,0,0,0,0,0,0,0,0,0,0,0,0,0,0,0,0,0,0,0,0,0,0,0,0,0,0,0,0,0,0,0,0,0,0,0,0,0,0,0,0,0,0,0,0,0,0,0,0,0,0,0,0,0,0,0,0,0,0,0,0,0,0,0,0,0,0,0,0,0,0,0,0.187,0,0,0,0,0,0,0,0,0,0,0,0,0,0,0,0,0,0,0,0,0,0,0,0,0,0,0,0,0,0,0,0,0,0,0,0,0,0,0,0,0,0,0,0,0,0,0,0,0,0,0,0,0,0,0,0,0,0,0,0,0,0,0,0,0,0,0,0,0,0,0,0,0,0,0,0,0,0,0,0,0,0,0,0,0,0,0,0,0,0,0,0,0,0,0,0,0,0,0,0,0,0,0,0,0,0,0,0,0,0,0,0,0,0,0,0,0,0,0,0,0,0.271,0,0,0,0,0,0,0,0,0,0,0,0,0,0,0,0,0,0,0,0,0,0,0,0,0,0,0,0,0,0,0,0,0,0,0,0,0,0,0,0,0,0,0,0,0,0,0,0,0,0,0,0,0,0,0,0,0,0,0,0,0,0.22,0,0,0,0,0,0,0,0,0,0,0,0,0,0,0,0,0,0,0,0,0,0,0,0,0,0,0,0,0,0,0,0,0,0,0,0,0,0,0,0,0,0,0,0,0,0,0,0,0.377,0,0,0,0,0,0,0,0,0,0,0,0,0,0,0.19,0,0,0,0,0,0,0,0,0,0,0,0,0,0,0,0,0.317,0,0,0,0,0,0,0,0,0,0,0.297,0,0,0,0,0,0,0,0,0,0,0,0,0,0,0,0,0,0,0,0,0,0,0,0,0,0,0,0,0,0,0,0,0,0,0,0,0,0,0,0,0,0,0,0,0,0,0,0,0.254,0,0,0,0,0,0,0,0.252,0,0,0,0,0,0,0,0,0,0,0,0,0,0,0,0,0,0,0,0,0,0,0,0,0.296,0,0,0.159,0,0,0,0,0,0,0,0.515,0,0,0,0,0,0,0,0,0,0,0,0,0,0,0.446,0,0,0,0,0,0,0,0,0,0.232,0,0,0,0,0,0,0,0,0,0,0,0,0,0,0,0,0,0,0,0,0,0,0,0,0,0,0,0,0,0,0,0,0,0,0,0,0,0,0,0,0,0,0,0,0,0,0,0,0.331,0,0,0,0,0,0,0,0,0,0,0,0,0,0,0,0,0,0,0,0,0,0,0,0,0,0,0,0,0,0,0,0,0,0,0,0.446,0,0,0,0,0,0,0,0,0,0,0,0,0,0,0,0,0.195,0,0,0,0,0,0,0,0,0,0,0,0,0,0,0,0,0,0,0,0,0,0,0,0,0,0,0,0,0,0,0,0,0,0,0.15,0,0,0,0,0,0,0,0,0,0,0.481,0,0,0,0,0,0,0,0,0,0,0,0,0,0,0,0,0,0,0,0,0,0,0,0,0,0,0,0,0,0,0,0,0,0,0,0,0,0,0,0,0,0,0,0,0,0,0,0,0,0,0,0,0,0,0,0,0,0,0,0,0,0,0,0.192,0,0,0,0,0,0,0,0,0,0,0,0,0,0,0,0,0,0,0,0,0,0,0,0,0,0,0,0,0,0,0,0,0,0,0.683,0,0,0,0,0,0,0,0,0,0,0,0,0,0,0,0,0,0,0,0,0,0,0,0,0,0,0,0,0,0,0,0,0,0,0,0,0,0,0,0,0,0,0,0,0,0,0,0,0,0,0,0,0,0,0,0,0,0,0,0,0,0,0,0,0,0,0,0,0,0,0,0,0,0,0,0,0.272,0,0,0,0,0,0,0,0,0,0,0,0,0,0,0,0,0,0,0,0,0,0,0,0,0,0,0,0,0,0,0,0,0,0,0,0,0,0,0,0,0,0,0,0,0,0,0,0,0,0,0,0,0,0,0,0,0.266,0,0,0,0,0,0,0,0,0,0,0,0,0,0,0,0,0,0,0,0,0,0,0,0,0.258,0,0,0.297,0,0,0,0,0,0,0,0,0,0.263,0,0,0,0,0,0,0,0,0,0,0.309,0,0,0,0.286,0,0,0,0,0,0.93,0,0,0,0,0,0,0,0,0,0,0,0,0,0.358,0,0,0,0,0.216,0,0,0,0,0,0,0,0,0,0,0,0,0,0,0,0,0,0.229,0,0,0,0,0,0,0,0,0,0,0,0.549,0,0,0,0,0,0,0,0,0,0,0,0,0,0,0,0,0,0,0,0,0,0,0,0,0,0,0,0,0,0,0.215,0,0.169,0,0,0,0,0,0,0,0,0.232,0,0,0,0,0,0,0,0,0,0,0.29,0,0,0,0,0,0.258,0,0,0,0,0,0,0,0,0,0,0,0,0,0,0,0,0,0,0,0,0,0,0,0,0,0,0,0,0,0,0,0,0,0,0,0,0,0,0,0,0,0,0,0,0,0,0,0,0,0,0,0,0,0,0,0,0,0,0,0,0,0,0,0,0,0,0.272,0,0,0,0,0.253,0,0,0,0,0,0,0,0,0,0,0,0,0,0,0,0.236,0,0,0,0,0,0,0,0,0,0,0,0,0,0,0,0,0,0,0,0,0,0,0,0,0,0,0,0,0,0,0,0,0,0,0,0,0,0,0,0,0,0,0,0,0,0,0,0,0,0,0,0,0,0,0,0,0,0,0,0.351,0,0,0,0,0,0,0,0,0,0,0,0,0,0,0,0,0,0,0,0,0,0.22,0,0,0,0,0,0,0,0,0,0,0,0,0,0,0,0,0,0,0,0,0.392,0,0.159,0,0,0,0,0,0,0,0,0,0,0,0,0,0,0,0,0,0,0.212,0.393,0,0,0,0,0,0,0,0,0,0,0,0,0,0,0,0,0,0,0,0,0,0,0,0,0,0,0,0,0,0,0,0,0,0,0,0,0,0.333,0,0,0,0,0,0,0,0,0,0,0,0,0,0,0,0,0,0,0,0,0,0,0,0,0,0,0,0,0,0,0,0,0,0,0,0,0,0,0.194,0,0,0,0,0,0,0,0,0,0,0,0,0.302,0,0.396,0,0,0,0,0,0,0,0,0,0,0,0,0,0,0,0,0,0,0,0,0.61,0,0,0,0,0,0,0,0,0
853994,0,0,0,0,0,0,0,0,0,0,0,0,0,0,0.162,0,0,0,0,0,0,0,0,0,0,0,0.277,0,0,0,0.163,0,0,0,0.188,0,0.246,0,0,0,0,0,0,0,0.182,0,0,0,0,0,0,0.207,0,0,0,0.39,0.31,0,0,0,0.17,0,0,0,0,0,0,0,0,0,0.166,0.224,0,0,0,0,0,0,0,0,0,0,0,0,0.336,0,0,0,0.292,0,0,0.276,0.692,0,0,0,0,0,0.246,0,0.246,0,0.211,0,0,0,0,0,0,0,0,0,0,0,0,0,0,0,0.257,0,0,0,0.25,0,0,0,0,0,0,0,0,0.162,0,0,0,0,0.234,0,0.262,0,0.184,0,0,0.368,0.295,0.404,0,0,0,0,0,0,0,0,0,0,0,0,0,0,0.163,0,0,0,0.249,0,0,0,0,0,0,0,0,0,0,0,0,0,0,0,0,0,0.531,0,0.983,0,0.599,0,0,0.28,0,0,0,0.191,0,0.172,0,0,0,0,0,0,0,0,0,0,0,0.234,0,0,0,0,0.217,0.303,0,0.248,0,0,0,0,0.162,0,0,0,0,0,0,0,0,0,0.351,0.208,0,0.335,0.281,0,0.627,0,0.496,0,0,0,0,0,0.308,0,0.203,0,0,0,0.3,0,0.325,0.208,0.279,0,0,0,0.198,0,0.221,0,0,0,0,0,0,0,0,0,0,0.196,0.187,0,0,0.159,0,0.198,0.191,0.331,0,0,0,0,0,0.766,0,0,0,0,0,0,0,0,0,0.542,0,0,0,0.299,0,0,0,0,0,0,0.344,0.239,0,0,0,0,0.878,0,0.159,0,0,0.9,0,0,0,0,0.186,0,0.207,0,0.337,0,0,0,0,0,0,0,0.476,0,0.285,0,0,0,0,0,0,0.181,0.163,0,0,0.312,0.344,0,0,0,0,0.523,0.319,0.156,0.335,0.166,0,0.407,0,0.188,0,0,0,0,0,0.238,0,0,0.217,0.239,0,0,0,0,0,0,0.449,0,0,0,0.252,0,0,0.263,0,0.185,0,0.24,0.184,0,0,0,0.227,0.317,0,0.192,0.284,0,0.239,0,0.326,0.156,0.771,0,0,0,0.302,0,0,0.41,0,0,0,0,0.251,0.293,0.291,0,0,0,0,0,0.193,0,0,0,0.34,0,0.204,0.885,0,0,0,0,0,0,0,0.294,0,0.273,0,0,0,0.203,0,0,0,0,0,0.346,0.175,0,0.276,0,0.152,0,0,0,0.188,0.292,0.466,0.156,0,0,0.192,0,0,0.156,0.337,0,0,0,0,0,0.317,0,0.692,0.302,0,0,0,0.498,0.214,0,0,0.15,0,0.375,0,0,0,0,0.156,0,0,0,0,0.346,0.193,0.196,0.991,0,0,0,0,0,0,0,0,0.262,0.849,0,0.188,0.329,0.162,0,0,0,0.187,0,0,0,0,0.243,0,0,0,0,0,0,0,0.501,0.211,0,0.161,0,0.334,0,0.858,0,0,0,0.311,0,0,0.156,0.6,0.367,0.316,0.241,0,0,0,0,0,0,0,0,0,0,0,0,0,0,0.563,0.328,0,0,0.292,0,0,0.314,0.931,0,0.198,0,0.192,0,0,0,0,0,0.237,0.308,0,0.249,0,0.457,0.33,0,0,0.162,0,0,0,0.224,0,0,0.603,0,0,0.267,0,0.215,0,0,0.255,0,0,0,0,0,0,0.179,0,0.262,0,0,0,0,0,0,0.303,0,0,0,0,0.182,0,0.151,0.252,0,0,0,0.217,0.233,0.635,0.156,0,0.297,0,0.932,0.591,0,0.179,0.381,0.417,0,0,0.156,0.25,0,0.645,0.183,0,0,0.52,0,0.327,0,0.273,0.153,0.36,0.197,0.445,0,0,0.162,0,0,0,0,0,0.197,0,0,0,0.45,0,0,0,0.197,0,0,0,0,0,0,0.367,0.905,0,0.197,0,0,0,0.309,0,0.455,0,0.414,0,0,0,0.156,0.198,0,0,0.535,0,0,0,0,0,0,0,0,0,0.229,0,0.197,0,0,0,0,0,0,0,0,0.214,0.284,0,0,0,0,0.19,0.241,0,0,0,0.249,0,0,0,0,0.156,0.461,0,0,0,0,0.315,0,0.183,0,0,0.233,0.562,0,0,0.215,0.153,0,0.334,0,0.199,0,0,0,0,0,0,0.389,0,0,0.475,0.296,0,0,0,0,0,0,0.174,0,0,0.174,0,0.193,0.337,0.578,0.25,0,0,0,0.268,0,0,0.331,0,0.502,0.249,0.346,0.197,0.326,0.225,0,0,0,0,0,0.164,0,0,0.832,0.426,0,0.885,0.198,0,0,0.155,0.303,0,0,0,0,0,0,0,0,0,0,0.983,0.191,0,0,0,0.233,0.275,0.267,0.155,0,0,0,0.336,0,0,0,0.987,0,0,0,0,0,0,0.194,0.173,0,0,0,0.329,0,0,0.457,0.442,0,0.314,0.196,0.82,0.847,0,0,0.354,0.28,0,0,0.385,0,0.427,0.346,0,0,0.166,0,0,0,0,0,0,0,0.312,0,0.229,0,0.188,0,0,0.299,0,0,0,0,0,0,0,0,0.362,0.22,0.234,0.162,0,0,0,0,0,0,0,0.406,0.186,0,0,0.162,0,0,0,0,0.26,0,0.18,0,0,0.661,0,0.171,0.311,0.176,0,0.195,0.251,0.156,0,0.527,0.201,0.423,0,0,0,0,0,0,0,0.22,0,0,0,0,0.201,0,0,0.205,0,0,0.278,0,0.237,0.193,0,0,0,0,0.797,0.227,0,0,0,0,0,0,0,0,0,0,0,0,0,0,0.181,0,0,0,0,0,0,0,0,0,0.237,0.209,0,0,0.25,0,0,0,0,0.151,0,0,0,0.181,0,0.181,0,0,0,0.167,0,0,0,0,0,0,0,0,0,0,0,0,0,0,0,0,0,0,0.156,0,0,0,0,0.335,0,0,0,0,0,0,0,0,0,0,0,0,0,0,0,0,0,0,0.341,0,0,0.45,0,0,0,0,0,0,0,0,0,0,0,0,0,0.179,0.156,0,0,0.511,0,0,0.193,0,0,0,0,0,0.187,0,0,0,0,0,0,0,0,0.256,0,0,0,0,0,0,0,0,0,0,0,0,0,0,0,0,0,0,0,0,0.332,0,0.516,0,0,0,0,0,0,0,0.28,0,0,0,0,0,0,0,0,0,0,0,0,0,0,0,0,0,0,0,0,0,0,0,0.259,0,0,0,0.286,0,0,0,0,0,0,0,0.257,0.339,0,0,0,0,0,0,0,0,0,0,0.195,0,0,0,0,0,0,0,0,0,0,0.443,0,0,0,0,0.171,0,0,0.344,0,0,0.363,0,0,0,0,0,0,0,0,0,0,0,0,0,0.616,0,0,0,0,0,0,0.774,0,0,0,0,0,0,0,0,0.176,0,0,0,0,0,0,0,0,0,0,0,0,0,0,0,0,0,0,0,0,0,0,0,0.165,0,0,0,0,0,0,0,0,0,0.272,0,0,0,0,0,0.163,0,0,0,0,0,0.686,0,0,0,0,0.153,0,0,0,0,0,0,0,0,0,0,0,0,0,0,0,0,0,0.181,0,0,0,0,0,0,0,0,0,0,0,0,0,0,0,0.327,0,0,0,0,0,0,0.298,0,0.153,0,0,0,0,0,0,0,0,0,0.251,0,0.155,0,0,0,0,0,0,0,0.154,0,0,0,0,0,0.192,0.156,0,0,0.17,0.166,0,0,0,0.184,0,0,0,0,0,0,0,0,0.191,0,0,0,0,0,0,0.153,0,0,0.352,0,0,0.301,0.331,0,0,0.212,0.354,0,0,0,0,0,0,0,0,0,0,0,0,0,0,0,0,0,0,0,0,0,0.192,0,0.201,0,0,0,0,0,0,0,0.194,0,0,0,0,0,0,0,0,0,0,0,0,0,0,0,0,0,0,0,0,0,0,0,0,0,0.285,0,0,0,0.191,0,0.388,0,0,0,0,0,0,0,0,0,0,0,0,0.643,0.253,0,0,0,0.162,0.203,0,0,0,0,0,0,0,0,0,0,0,0,0.347,0,0,0,0,0,0,0,0,0,0,0,0,0.185,0,0,0,0,0,0,0,0.263,0,0,0,0,0,0,0,0,0,0,0,0,0,0,0,0,0,0.242,0,0,0,0.363,0,0,0,0,0,0,0,0,0,0,0.657,0,0,0,0,0,0,0,0,0.253,0,0,0,0,0,0,0.356,0,0,0,0,0,0.604,0,0,0,0,0,0.155,0,0,0,0,0,0,0.22,0,0.183,0,0,0,0,0,0,0,0,0,0,0,0,0,0,0,0,0,0,0,0,0,0.163,0,0,0,0,0,0,0,0,0,0,0,0,0,0,0,0,0,0,0,0,0,0,0,0,0,0,0,0,0,0,0,0,0,0.335,0,0,0,0,0,0,0,0,0,0,0,0,0,0,0,0,0,0,0,0,0,0,0,0,0,0.172,0,0,0,0,0,0,0,0,0,0,0,0,0,0.169,0,0,0,0,0.283,0,0,0,0,0,0,0,0,0,0,0,0,0,0,0,0,0,0.394,0,0,0,0,0,0,0,0,0,0,0,0,0,0,0,0,0.292,0,0,0,0,0,0,0,0,0,0,0,0,0.562,0,0,0,0,0,0,0,0,0.155,0,0.214,0,0,0,0,0,0,0,0,0,0,0,0,0,0,0,0,0,0,0,0,0.169,0,0,0.32,0,0,0,0.184,0.152,0,0,0,0.151,0,0,0,0,0,0,0,0.231,0,0,0,0,0,0,0,0,0,0,0,0,0,0,0,0,0,0,0,0.181,0,0,0,0,0,0,0,0,0,0,0,0,0,0,0,0,0,0,0,0,0,0,0,0,0,0,0,0,0,0,0,0,0,0,0,0.27,0,0,0,0,0,0,0.209,0,0,0,0,0.224,0,0,0,0.163,0,0,0,0,0,0,0,0,0,0.19,0,0,0,0,0.393,0,0.162,0,0.184,0,0.168,0.62,0,0,0.168,0.313,0.376,0,0.365,0,0.38,0,0,0,0.969,0,0.464,0.439,0,0,0,0,0,0,0,0.58,0.159,0,0,0.432,0.86,0,0.485,0,0,0,0,0,0,0,0,0,0,0.308,0.302,0,0,0,0.249,0.336,0,0,0.231,0,0,0.744,0.17,0,0,0,0.988,0.226,0,0,0,0,0,0,0,0.377,0,0,0.192,0.67,0,0,0.188,0,0.384,0,0,0.88,0,0.316,0.333,0,0,0,0,0,0,0,0,0.331,0.241,0,0.86,0,0.413,0.188,0,0.552,0.499,0.841,0.199,0,0,0.828,0,0,0.318,0,0.183,0.533,0,0.265,0,0,0.88,0,0,0.248,0,0,0,0.337,0,0,0,0.187,0,0.225,0.477,0,0,0,0,0,0.803,0,0,0.647,0.423,0.246,0,0.285,0,0,0,0,0.755,0,0,0.215,0,0.552,0.332,0,0,0,0,0,0,0,0,0.347,0,0,0.184,0.527,0,0.979,0,0.994,0,0.293,0,0,0,0,0,0.198,0,0,0,0.153,0,0.163,0.246,0,0,0,0.46,0.171,0,0,0,0.463,0.436,0.927,0,0.522,0.206,0.611,0.228,0.997,0,0,0,0,0,0.282,0,0,0,0.22,0,0,0,0,0,0,0,0,0.221,0,0,0,0,0,0,0,0,0,0,0,0,0,0,0,0,0,0,0,0,0,0,0,0,0,0,0,0,0,0,0,0,0,0,0,0,0.256,0,0,0,0,0,0,0,0,0,0,0,0,0,0,0,0.164,0.165,0,0,0,0,0,0.197,0,0,0,0,0.152,0,0,0,0,0,0,0,0,0,0,0,0.165,0,0.162,0,0,0,0,0,0,0,0,0,0.169,0,0,0,0,0,0,0,0,0,0,0.163,0,0,0,0,0,0,0,0.254,0,0,0,0,0,0,0,0,0.182,0,0,0,0.22,0,0,0,0.225,0,0,0,0,0,0,0,0.191,0,0,0,0,0,0,0.174,0,0,0.154,0,0,0.259,0.232,0,0,0.25,0.471,0,0,0,0.313,0.153,0.344,0.307,0,0,0,0.193,0,0,0,0,0,0.711,0,0.152,0,0,0,0,0,0,0,0,0.156,0.667,0,0.241,0.272,0.837,0,0.192,0,0,0,0,0.22,0,0,0,0,0.154,0,0,0,0.2,0,0.165,0,0.165,0,0,0,0,0.154,0.159,0,0,0.155,0,0,0.18,0,0,0.154,0,0,0.241,0,0,0.25,0,0.154,0,0,0,0,0,0.2,0.898,0,0.154,0,0,0,0,0,0,0,0,0,0.224,0.256,0.267,0,0,0,0.18,0.324,0.227,0.846,0,0,0,0,0,0,0.154,0,0,0.667,0,0,0,0,0,0,0,0,0,0,0,0,0,0,0,0,0,0,0,0,0,0,0,0,0.226,0,0,0,0.169,0,0,0,0,0,0.165,0.203,0,0,0,0,0,0,0,0,0,0,0,0,0,0,0,0,0,0,0,0,0,0,0,0,0,0,0,0,0.823,0.161,0,0,0,0,0,0.206,0,0.211,0,0,0,0,0,0,0,0,0,0,0,0,0,0,0,0,0,0,0,0,0,0,0,0,0,0,0,0,0,0,0,0,0,0,0,0,0,0,0.201,0,0,0,0,0,0,0,0,0,0,0,0,0.226,0,0,0,0,0,0,0,0,0,0,0,0,0.219,0,0,0,0,0,0,0.329,0,0,0,0,0,0,0,0,0,0,0,0,0,0,0.582,0,0,0,0,0,0,0,0,0,0,0,0,0,0,0,0,0,0,0,0,0,0,0,0,0,0,0,0,0,0,0,0,0,0,0,0,0,0,0,0,0,0,0.151,0,0,0,0,0,0,0,0,0,0,0,0,0,0,0,0,0,0,0,0,0,0,0,0,0,0,0,0,0,0,0,0.54,0,0,0,0,0,0,0,0,0,0,0,0,0,0,0,0,0,0,0,0,0,0,0,0,0,0,0,0,0,0,0,0,0,0,0,0,0,0,0,0.171,0,0,0.469,0,0,0,0,0,0,0.172,0,0,0,0,0,0,0,0,0,0,0,0,0,0.184,0,0,0,0,0,0,0,0,0,0,0,0,0,0,0,0,0,0,0,0,0,0.198,0.207,0,0,0,0,0,0,0,0,0,0,0,0,0,0,0,0,0,0,0,0,0.198,0,0,0.153,0,0,0,0,0,0,0,0,0,0,0,0,0,0,0,0.288,0,0,0,0,0,0,0,0,0.268,0,0,0,0,0,0,0,0,0,0,0,0,0,0,0.752,0,0.642,0,0.169,0,0,0.246,0,0,0,0.23,0.222,0,0,0,0,0,0,0,0,0,0,0,0,0,0,0,0,0,0,0,0,0,0,0.405,0,0,0.335,0,0,0,0,0,0,0,0,0,0,0,0,0,0,0,0,0.222,0,0,0,0,0,0,0,0,0,0,0,0,0,0,0,0,0,0,0,0,0,0,0,0,0,0,0.314,0,0,0,0,0,0.199,0,0,0.307,0,0,0,0,0.154,0,0,0,0,0,0,0,0,0,0,0,0,0,0,0.248,0,0,0,0,0,0,0,0,0,0,0.208,0,0,0,0,0,0,0,0,0,0,0,0,0,0.166,0,0,0.189,0,0,0.289,0,0,0,0,0.177,0,0,0,0.18,0,0,0,0,0,0,0,0.226,0,0,0,0,0.287,0,0,0,0,0,0,0,0,0,0,0,0,0,0,0,0,0,0,0,0,0,0,0,0,0.262,0,0,0,0,0.212,0,0,0,0,0.192,0,0,0,0,0,0,0,0.244,0,0,0,0,0,0,0,0,0,0,0,0,0,0,0,0,0,0,0,0,0,0,0,0,0,0,0,0,0,0,0.517,0.192,0,0.154,0,0,0,0,0,0,0,0.153,0,0,0.154,0,0,0,0,0,0,0,0,0,0,0,0,0,0,0,0,0,0,0,0,0,0,0,0,0,0,0,0,0,0,0,0,0,0,0,0,0,0,0,0,0,0,0,0,0,0,0,0,0.364,0,0,0.914,0.223,0.577,0.38,0,0.529,0.433,0.312,0.202,0.476,0.492,0.504,0,0.191,0.271,0,0,0,0,0,0.363,0,0.291,0,0.195,0,0.668,0.16,0,0.49,0.717,0,0,0,0,0.956,0.153,0,0,0.182,0.336,0,0.173,0.266,0.628,0.401,0.23,0,0,0.476,0.206,0,0.359,0.156,0,0,0,0,0,0,0.43,0.746,0,0.348,0.29,0.362,0.215,0.455,0,0.321,0,0.283,0,0.658,0,0,0,0.259,0,0.191,0,0,0.74,0.266,0,0.23,0,0.206,0.949,0,0,0.309,0.725,0.326,0.185,0,0.986,0.835,0.197,0,0,0,0.62,0,0,0,0,0,0,0,0,0,0,0,0,0,0,0,0,0,0.201,0,0,0,0,0,0,0,0,0,0,0,0,0,0.24,0,0.151,0,0.21,0,0.197,0,0,0,0.196,0,0,0,0.184,0,0,0,0,0,0,0,0,0,0,0,0,0.527,0.184,0.723,0,0,0,0,0.292,0,0,0,0,0,0,0,0,0.609,0.323,0,0,0.247,0,0,0.193,0.152,0,0.169,0,0,0,0,0.296,0,0,0,0,0.664,0,0,0,0.159,0,0,0.352,0,0,0,0,0,0,0,0,0,0,0,0,0,0,0,0.159,0,0.168,0.156,0,0,0,0,0,0,0.286,0.15,0,0,0,0,0,0,0,0,0,0.195,0,0.284,0,0,0.2,0,0,0,0,0.204,0,0,0,0,0,0.36,0,0,0,0,0,0.271,0,0.172,0,0,0,0.398,0,0,0.152,0,0,0,0.257,0,0,0,0,0.151,0,0,0,0,0,0,0,0,0,0,0.242,0.3,0,0.2,0,0,0.178,0,0,0,0.181,0,0,0.2,0,0,0,0.2,0.206,0,0,0.708,0,0,0.16,0.153,0.151,0,0,0.26,0,0,0,0,0,0,0.269,0,0,0,0,0,0,0.189,0.375,0.171,0,0,0,0,0,0,0,0,0.267,0.317,0,0,0,0,0.333,0,0,0,0,0.189,0.188,0,0.184,0.214,0,0,0,0,0.194,0.184,0,0.271,0.184,0.424,0.175,0,0,0,0,0.348,0,0.168,0,0,0,0,0.255,0,0,0.171,0,0.306,0,0.193,0.226,0.429,0.303,0,0,0,0.154,0,0,0,0,0,0,0.189,0,0,0.275,0,0,0,0.173,0,0,0.174,0,0,0,0.193,0,0,0,0,0,0.24,0,0,0,0,0,0,0,0.388,0,0.216,0.62,0,0,0,0.787,0,0,0,0,0,0,0,0,0,0.17,0,0,0,0,0,0,0,0,0,0,0,0,0,0,0,0.348,0,0,0,0,0,0,0,0,0,0,0,0,0,0,0,0.603,0,0,0,0,0,0.172,0,0.195,0,0,0.289,0.453,0,0.275,0,0,0,0,0,0.178,0,0,0.152,0,0.215,0.378,0.192,0,0.267,0,0,0,0.169,0.153,0,0,0,0,0,0,0,0,0,0,0.243,0,0,0.155,0,0.155,0,0,0,0,0,0,0,0,0,0,0,0,0,0,0,0,0,0,0,0,0,0.319,0,0,0,0,0,0,0,0,0,0,0,0,0,0,0,0,0.153,0,0,0,0,0,0,0,0,0,0.203,0,0,0,0,0,0,0,0,0,0,0,0,0.168,0,0,0,0,0,0,0.28,0,0.434,0,0,0.195,0.213,0,0.195,0.243,0,0.184,0,0.325,0,0,0,0,0,0,0,0,0,0,0.25,0,0,0.344,0,0,0,0,0.259,0,0,0.278,0,0,0,0,0.175,0,0.36,0,0,0,0,0.3,0.167,0.279,0,0,0,0,0,0,0,0,0,0,0,0,0,0,0,0,0,0,0,0,0,0,0,0,0,0,0.34,0,0,0,0,0,0,0,0,0,0,0,0,0,0,0,0.302,0,0,0,0,0,0,0,0,0,0,0,0,0,0,0,0,0,0,0,0,0,0,0,0,0,0,0,0,0,0,0,0,0,0,0,0,0,0,0,0,0,0,0,0,0,0,0,0,0,0.212,0,0.177,0,0,0,0,0,0,0,0,0,0.162,0,0,0,0,0,0,0,0,0,0,0,0,0,0,0,0,0,0,0,0,0,0,0,0,0,0,0,0,0,0,0,0,0,0,0,0,0,0,0,0,0,0,0,0,0,0,0,0,0,0,0,0,0,0,0,0,0,0,0,0,0,0,0.575,0,0,0,0,0,0,0,0,0.223,0,0,0,0,0,0,0,0,0,0,0,0,0,0,0,0,0,0,0,0,0,0,0,0,0,0,0,0,0,0,0,0,0,0,0,0,0,0,0.214,0,0,0,0,0,0,0,0,0,0,0,0,0.219,0,0,0,0,0,0,0,0,0,0.167,0.194,0,0,0,0.221,0,0,0,0.402,0.241,0.302,0,0,0.227,0.195,0,0.195,0,0,0,0.194,0.392,0,0,0,0,0,0,0,0,0,0,0,0,0,0,0,0,0,0,0,0,0,0,0.211,0,0,0,0.193,0.153,0,0,0,0,0,0,0,0,0,0,0,0,0,0.233,0.183,0,0,0,0.267,0,0,0,0,0,0,0,0,0,0,0,0,0,0,0,0,0,0,0,0,0,0,0,0.156,0,0,0,0,0.158,0,0,0,0,0,0,0,0,0,0,0.22,0,0,0,0,0,0,0,0,0,0,0,0,0,0,0,0,0,0,0,0,0,0,0,0,0,0,0,0,0,0,0,0,0,0,0,0,0,0,0,0.197,0,0,0,0,0,0,0,0,0.267,0,0,0,0,0,0,0,0,0,0,0,0,0,0,0,0,0,0,0,0,0,0,0.263,0.17,0,0,0,0,0,0,0,0,0,0,0.161,0,0,0,0,0,0,0,0,0,0,0,0,0,0,0,0.169,0,0,0,0,0,0,0,0,0,0,0,0,0,0,0,0,0,0,0,0,0,0,0,0,0,0,0,0,0,0,0.296,0,0.175,0.297,0,0.198,0,0,0,0,0,0,0,0,0,0,0.249,0,0,0,0,0.377,0,0,0,0,0,0,0,0,0,0,0,0,0,0,0,0,0,0,0,0,0,0,0,0,0,0,0,0,0,0,0,0,0,0,0,0,0,0,0,0,0,0,0,0,0,0,0,0,0,0,0,0,0,0,0,0,0,0,0,0,0,0,0,0,0,0,0,0,0,0,0,0,0,0,0,0,1
852540,0.254,0,0,0,0,0,0,0,0,0,0,0,0,0,0,0.25,0,0,0,0,0,0,0,0,0,0,0,0,0,0,0.15,0,0,0,0,0,0,0,0,0,0,0,0,0,0,0,0,0,0,0.265,0,0,0,0,0,0,0,0,0,0,0,0,0,0,0,0,0,0,0.392,0,0,0,0,0,0,0,0,0,0,0,0,0,0.211,0,0,0,0,0,0,0,0,0,0,0,0,0,0,0,0,0,0,0,0,0,0,0,0,0,0,0,0,0,0,0,0,0,0,0,0,0,0,0,0,0,0,0,0,0.307,0,0,0,0,0,0,0,0,0,0,0,0,0,0,0.195,0,0,0,0,0,0,0,0,0.775,0,0,0,0.229,0,0,0,0,0,0,0,0,0,0,0,0,0,0.342,0,0,0,0,0,0,0,0,0,0,0,0,0,0,0,0,0,0,0,0,0,0,0,0,0,0,0,0,0,0,0,0,0.239,0,0,0,0,0,0,0,0,0,0,0,0.407,0,0.236,0,0,0,0,0,0,0,0,0,0,0,0,0,0,0,0,0,0,0,0,0,0,0,0,0,0,0,0,0,0,0,0,0,0,0,0,0,0,0,0,0,0,0,0,0,0,0,0,0,0,0,0,0,0,0,0,0,0,0,0,0,0,0,0,0,0,0.446,0.323,0,0,0.211,0,0,0,0,0,0,0,0,0,0,0,0,0,0,0,0,0,0,0,0,0,0,0,0,0,0,0,0,0,0,0,0.216,0,0,0,0,0,0,0,0,0.248,0,0,0,0,0,0,0,0,0,0,0,0,0,0,0,0,0,0,0,0,0,0.355,0,0,0,0,0,0,0,0,0,0,0,0,0,0,0.173,0,0,0.239,0,0,0,0,0,0,0,0,0,0,0,0,0,0,0,0,0,0,0,0,0,0,0,0,0,0,0,0,0,0,0,0,0,0,0,0,0,0,0,0,0,0,0,0.173,0.549,0,0,0,0,0,0,0,0,0,0,0,0.173,0,0,0,0,0,0,0,0,0,0,0,0,0,0,0,0,0,0,0,0,0,0,0,0,0,0,0,0.192,0,0,0,0,0,0,0,0,0,0,0,0,0,0,0,0,0,0,0,0,0,0,0,0,0,0,0,0,0,0,0,0,0,0,0,0,0,0.24,0,0,0,0,0,0,0,0,0,0,0,0,0,0,0,0,0.173,0,0,0,0,0,0,0,0,0,0,0,0,0,0,0,0,0.171,0,0,0,0,0,0,0,0,0,0,0,0,0,0,0,0,0,0.297,0,0,0,0,0,0,0,0,0,0,0,0,0,0,0,0,0,0,0,0,0,0,0,0,0,0,0,0,0,0,0,0,0,0,0,0,0,0,0,0,0,0,0,0,0,0,0,0,0,0,0,0,0,0,0,0,0,0,0,0,0,0,0,0,0,0,0,0,0,0,0.171,0,0,0,0,0.22,0,0,0,0,0,0,0,0,0,0,0,0,0,0,0,0,0,0,0,0,0,0,0,0,0,0,0,0,0,0,0,0,0,0,0,0,0,0,0,0.465,0,0,0,0,0,0,0,0,0,0,0,0,0,0,0,0,0,0,0,0,0,0,0,0,0,0,0,0,0,0,0,0,0,0,0,0,0,0,0,0,0,0,0,0,0,0,0,0,0,0,0,0,0,0,0,0,0,0.178,0.218,0,0,0,0,0,0,0,0,0,0,0,0,0,0,0,0.211,0,0,0,0,0,0,0,0,0,0,0,0,0,0,0,0,0,0,0,0,0,0,0,0,0,0,0,0,0,0,0,0,0,0,0,0,0.433,0,0,0,0,0,0,0,0,0,0.173,0,0,0,0.203,0,0,0,0,0,0,0,0,0,0,0,0,0,0,0,0,0,0,0,0,0,0,0,0,0,0,0,0,0,0,0,0,0,0,0,0,0,0,0,0,0,0,0,0,0,0,0,0,0,0,0,0,0,0,0,0,0,0,0,0,0,0,0,0,0,0,0,0,0,0,0,0,0,0,0,0,0,0,0,0,0,0,0,0.601,0,0,0,0,0,0,0,0,0,0,0,0,0,0,0,0,0,0,0.202,0,0,0,0,0,0,0,0,0,0,0,0,0,0,0,0,0,0,0,0,0,0,0,0,0,0,0,0,0,0,0,0,0,0,0,0,0,0,0,0,0,0,0,0,0,0,0,0,0,0,0,0,0,0,0,0,0,0,0.197,0,0,0,0,0,0,0,0,0,0,0,0,0,0,0,0.15,0,0,0,0,0,0,0,0,0,0,0,0.19,0,0,0,0,0,0,0,0,0,0,0,0,0,0,0,0,0,0,0,0,0,0,0,0,0,0,0,0,0,0,0.173,0,0,0,0,0,0,0,0,0,0,0,0,0,0,0,0,0,0,0,0,0,0,0,0,0,0,0,0,0,0,0.173,0,0,0,0,0,0,0,0,0,0,0,0,0,0,0,0,0,0,0,0,0,0,0,0,0,0,0,0,0,0,0,0,0,0,0,0,0,0,0,0.337,0,0,0,0,0,0,0,0,0,0,0,0,0,0,0,0,0,0,0,0,0,0,0,0,0,0,0,0,0,0,0,0,0,0,0,0,0,0,0,0,0,0,0,0,0,0,0,0,0,0,0,0,0,0,0,0,0,0,0,0.197,0,0,0,0,0,0,0,0,0,0,0,0,0,0,0,0,0,0,0,0,0,0,0,0,0,0,0,0,0,0,0,0,0,0,0,0,0,0,0,0,0,0,0,0,0,0,0,0,0,0,0,0,0,0.547,0,0,0,0,0.543,0,0,0,0,0,0,0,0,0,0,0,0,0,0,0,0,0,0,0,0,0,0,0,0,0,0,0,0,0,0,0,0,0,0,0,0,0,0,0,0,0,0,0,0,0,0,0,0,0,0,0,0,0,0,0,0,0.161,0,0.237,0,0,0,0,0,0,0,0,0,0.356,0,0,0,0,0,0,0,0,0,0,0,0,0,0,0,0,0,0,0,0,0,0,0,0,0,0,0,0,0,0,0,0,0,0,0,0,0,0,0,0,0,0,0,0,0,0,0,0,0,0,0,0,0,0,0,0,0,0,0,0,0,0,0,0,0,0,0,0,0,0,0,0,0,0,0,0,0,0,0,0,0,0,0,0,0,0.394,0,0,0,0,0,0,0,0,0,0,0,0,0,0,0,0,0,0,0,0,0,0,0,0,0,0,0,0,0,0,0,0,0,0,0,0,0,0,0,0,0,0,0,0,0,0,0,0,0,0,0,0,0,0,0,0,0,0,0,0,0,0,0,0,0,0,0,0,0,0,0,0,0,0,0,0,0,0,0,0,0,0,0,0,0,0,0,0,0,0,0,0,0,0,0,0,0,0,0,0,0,0,0,0,0,0,0,0,0,0,0,0,0,0,0,0,0,0,0,0,0,0,0,0,0,0,0,0,0,0,0,0,0,0,0,0,0,0,0,0,0,0,0,0,0,0,0,0,0,0,0,0,0,0,0,0,0,0,0,0,0,0.411,0,0,0,0,0,0,0,0,0,0,0,0,0,0,0,0,0,0,0,0,0,0,0,0,0,0,0,0,0,0,0,0,0,0,0,0,0,0,0,0,0,0,0,0,0,0,0,0,0,0,0,0,0,0,0,0,0,0,0,0,0,0,0,0,0,0,0,0,0,0,0,0,0,0,0,0,0,0,0,0,0,0,0,0,0,0,0,0,0,0,0,0,0,0,0,0,0,0,0.154,0,0,0,0,0,0,0,0,0,0,0,0,0.345,0,0.15,0,0,0,0.249,0.61,0,0,0,0,0,0,0,0,0.171,0,0,0,0,0,0,0,0.234,0,0,0.173,0,0,0,0,0.203,0,0,0,0,0,0,0,0,0,0,0,0.199,0.173,0,0,0.299,0,0,0,0,0,0,0,0,0,0,0,0.204,0,0,0,0,0,0,0,0,0,0,0,0.25,0,0,0,0,0.237,0,0,0.238,0,0,0,0,0,0,0,0,0,0,0.235,0,0,0,0.242,0.219,0,0,0,0,0,0,0,0,0,0,0.167,0,0,0.161,0,0,0,0.181,0,0,0,0,0,0,0,0,0.25,0,0,0,0,0,0,0,0,0,0,0,0,0,0,0,0,0,0,0,0,0.353,0,0,0,0,0,0,0,0,0,0,0,0.171,0,0,0,0.254,0,0,0,0,0,0,0,0,0,0,0,0,0,0,0,0,0,0.165,0.61,0,0,0.255,0.394,0,0,0.266,0,0,0.183,0.552,0.307,0,0.238,0,0,0,0,0.234,0,0,0,0,0.158,0,0,0.237,0,0,0,0,0.234,0,0,0,0,0.194,0,0,0,0,0,0.24,0,0.239,0,0,0,0.356,0,0,0,0,0,0,0,0,0,0,0,0,0,0,0,0,0,0,0,0,0,0,0,0,0,0,0,0,0,0,0,0,0,0,0,0,0,0,0,0,0,0,0,0,0,0,0,0,0,0,0,0,0,0,0,0,0,0,0,0,0,0,0,0,0,0,0,0,0,0,0,0,0,0,0,0,0,0,0,0,0,0,0,0,0,0,0,0,0,0,0,0,0,0,0,0,0,0,0,0,0,0,0,0,0,0,0,0.196,0,0,0,0,0,0,0,0,0,0,0,0,0,0,0,0,0,0,0,0,0,0,0,0,0,0,0,0,0,0.171,0,0,0,0,0,0,0,0,0,0,0,0,0,0,0,0,0,0,0,0,0,0,0,0,0,0,0,0,0,0,0,0,0,0,0,0,0,0,0,0,0,0,0,0,0,0,0,0,0,0,0,0,0,0,0,0,0,0,0,0,0,0,0,0,0,0,0,0,0,0,0,0,0,0,0,0,0,0,0,0,0,0,0.171,0,0,0,0,0,0,0,0,0,0,0,0,0,0,0,0,0,0,0,0,0,0,0,0,0,0,0,0,0,0,0,0,0,0,0,0,0,0,0,0,0,0,0,0,0,0,0,0,0,0,0,0,0,0,0,0,0,0,0,0,0,0,0,0,0,0,0,0,0,0,0,0,0,0,0,0,0,0,0,0,0,0,0,0,0,0,0,0,0,0,0,0,0,0,0,0,0,0,0,0,0,0,0,0,0,0,0,0,0,0,0,0,0,0,0,0,0,0,0,0,0,0,0,0,0,0,0,0,0,0,0,0,0,0,0,0,0,0,0,0,0,0,0,0,0,0,0,0,0,0,0,0,0,0,0,0,0,0,0,0,0,0,0,0,0,0.198,0,0,0,0,0,0,0,0,0,0,0,0,0,0,0.614,0,0,0,0,0,0,0,0,0,0,0,0,0,0,0,0,0,0,0,0,0,0,0,0,0,0,0,0,0,0,0,0,0,0,0,0,0,0,0,0,0,0,0,0,0,0,0.173,0,0,0,0,0,0,0,0,0,0,0,0,0,0,0,0,0,0,0,0,0,0.193,0,0,0,0,0,0,0,0,0,0,0,0,0,0,0,0,0,0,0,0,0,0,0,0,0,0,0,0,0,0,0,0,0.285,0.653,0,0,0,0,0,0,0,0,0,0,0,0,0,0,0,0,0,0,0,0,0,0,0,0,0,0,0,0,0,0,0,0,0,0,0,0,0,0,0,0,0,0,0,0,0,0,0,0,0,0,0,0,0,0,0,0,0,0,0,0,0,0,0,0,0,0,0,0,0,0,0,0.194,0,0,0,0,0,0,0,0,0,0,0,0,0,0,0,0,0,0,0,0,0,0,0,0,0,0,0,0,0,0,0,0,0,0,0,0,0,0,0,0,0,0,0,0,0,0,0,0,0,0,0,0,0,0,0,0,0,0,0,0,0,0,0,0,0,0,0,0,0,0,0,0,0,0,0,0,0,0,0,0,0,0,0,0,0,0,0,0,0,0,0,0,0,0,0,0,0,0,0,0,0,0,0,0,0,0,0,0,0,0,0,0,0,0,0,0,0,0,0,0,0,0,0,0,0,0,0,0,0,0,0,0,0,0.22,0,0,0,0,0,0,0,0,0,0,0,0,0,0,0,0,0,0,0,0,0,0,0,0,0,0,0,0,0,0,0,0,0,0,0,0,0,0,0,0,0,0,0,0,0,0,0,0,0,0.173,0,0,0,0,0,0,0,0,0,0,0,0,0,0,0,0,0,0,0,0,0,0,0,0,0,0,0,0,0,0,0,0,0,0,0,0,0,0,0,0,0,0,0,0,0,0,0,0,0,0,0,0,0,0,0,0,0,0,0,0,0,0,0,0,0,0,0,0,0,0,0,0,0,0,0,0,0,0,0,0,0,0,0,0,0,0,0,0,0,0,0,0,0,0,0,0,0,0,0,0,0,0,0,0,0,0,0,0,0,0,0,0,0,0,0,0,0,0,0,0,0,0,0,0,0,0,0,0,0,0,0,0,0,0,0,0,0,0.234,0,0,0,0,0,0,0,0,0,0,0.345,0,0,0,0,0,0,0,0,0,0,0,0,0,0,0,0,0,0,0,0,0,0,0,0,0,0,0,0.538,0,0,0,0,0,0,0,0,0,0,0,0,0,0,0,0,0.267,0,0,0,0,0,0,0,0,0,0,0,0,0,0,0,0,0,0,0,0,0,0,0,0,0,0,0,0,0,0,0,0,0,0,0,0,0,0,0,0,0,0,0,0.45,0,0,0,0,0,0,0,0,0,0,0,0,0,0,0,0,0,0,0,0,0,0,0,0.198,0,0,0,0,0,0,0,0,0,0,0,0,0,0,0,0,0,0,0,0,0,0,0,0,0,0,0,0,0,0,0,0,0,0,0,0,0,0,0,0,0,0,0,0,0,0,0,0,0,0.292,0,0,0,0,0,0,0,0,0,0,0,0,0,0,0,0,0,0,0,0,0,0,0,0,0,0,0,0,0,0,0,0,0,0,0,0,0,0,0.152,0,0,0,0,0,0.171,0,0,0,0,0,0,0,0,0,0,0,0,0,0,0,0,0,0,0,0,0,0,0.205,0,0,0,0,0,0,0,0,0,0,0,0,0,0,0,0,0.378,0,0,0,0,0,0,0,0,0,0,0,0,0,0.171,0.181,0,0,0,0,0,0,0,0,0,0,0,0,0,0,0,0,0,0,0,0,0,0,0,0,0,0,0,0,0,0,0,0,0,0,0,0,0,0,0,0,0,0,0,0,0,0,0,0,0,0,0,0,0,0,0,0,0,0,0,0,0,0,0.169,0,0,0,0,0,0,0,0,0,0,0,0,0,0,0,0,0,0,0,0,0,0,0,0,0,0,0,0,0,0,0,0,0,0,0,0,0,0,0,0,0,0,0,0,0,0,0,0,0,0,0,0,0,0,0,0,0,0,0,0,0,0,0,0,0,0,0,0,0,0,0,0,0,0,0,0,0,0,0,0,0,0,0,0,0,0,0,0,0,0,0,0,0,0,0,0,0,0,0,0,0,0,0,0,0,0,0,0,0,0,0,0,0,0,0,0,0,0,0,0,0,0,0,0,0,0,0,0,0,0,0,0,0,0,0,0,0,0,0,0,0,0,0,0,0,0,0,0,0,0,0,0,0,0,0,0,0,0,0,0,0,0,0,0,0,0,0,0,0,0,0,0,0,0,0,0,0,0,0,0,0,0,0,0,0,0,0,0,0,0,0,0,0,0,0,0.195,0,0,0,0,0,0,0,0,0,0,0,0,0,0,0,0,0,0,0,0,0,0,0,0,0,0,0,0,0,0,0,0,0,0,0,0,0,0,0,0,0,0,0,0,0,0,0,0,0,0,0,0,0,0,0,0,0,0,0.482,0,0,0,0,0,0,0,0,0,0,0,0,0,0,0,0,0,0,0,0,0,0,0,0,0,0,0,0,0,0,0,0,0,0,0.24,0,0,0,0,0,0,0,0,0,0,0,0,0,0,0,0,0,0,0,0,0,0,0,0,0,0,0,0,0,0,0,0,0,0,0,0,0,0,0,0,0,0,0,0,0,0,0,0,0,0,0,0,0,0,0,0,0,0,0,0,0,0,0,0,0.394,0,0,0,0,0,0,0,0,0,0,0,0,0,0,0,0,0,0,0,0,0,0,0,0,0,0,0,0,0,0,0,0,0,0,0,0,0,0,0,0,0,0,0,0,0,0,0,0,0,0,0,0,0,0,0,0,0,0,0,0,0,0,0,0,0,0,0,0,0,0,0,0,0,0,0,0,0,0,0,0,0,0,0,0,0,0,0,0,0,0,0,0,0,0,0,0,0,0,0,0,0,0,0,0,0,0,0,0,0,0,0,0,0,0,0,0,0,0,0,0,0,0,0,0,0,0,0,0,0,0,0,0,0,0,0,0,0,0,0,0,0,0,0,0,0,0,0,0,0,0,0,0,0,0,0,0,0,0,0,0,0,0,0,0,0,0,0,0,0,0,0,0,0,0,0,0,0,0,0,0,0,0,0,0,0,0,0,0,0,0,0,0,0,0,0,0,0,0,0,0,0,0,0,0,0,0,0,0,0,0,0,0,0,0,0,0,0,0,0,0,0,0,0,0,0,0,0,0,0,0,0,0,0,0,0,0,0,0,0,0,0,0,0,0,0,0,0,0,0,0,0,0,0,0,0,0,0,0,0,0,0,0,0,0,0,0,0,0,0,0,0,0,0,0,0,0,0,0,0,0,0,0,0,0,0,0,0.471,0,0,0,0,0.265,0,0,0,0,0,0,0,0,0,0,0,0.264,0,0,0,0,0,0,0,0,0,0,0,0,0,0,0,0,0,0,0,0,0,0,0,0,0,0,0,0,0,0,0,0,0,0,0,0,0,0,0,0,0,0,0,0,0,0,0,0,0,0,0,0,0,0,0,0,0.22,0,0,0,0,0,0,0,0,0,0,0,0,0,0,0,0,0,0,0,0,0,0,0,0,0,0,0,0,0,0,0,0,0,0,0,0,0,0,0,0,0,0,0,0,0,0,0,0,0,0,0,0,0,0.192,0,0,0,0,0,0,0,0,0,0,0,0,0,0,0,0,0,0,0,0.22,0,0,0,0,0,0,0,0,0,0,0,0,0,0,0,0,0,0,0,0,0,0,0,0,0,0,0,0,0,0,0,0,0,0,0,0,0,0,0,0,0,0,0,0,0,0,0,0,0,0,0,0,0,0,0,0,0,0,0,0,0,0,0,0,0,0,0,0,0,0,0,0,0,0,0,0,0,0,0,0,0,0,0,0,0,0,0,0,0,0,0,0,0,0,0,0,0,0,0,0,0,0,0,0,0,0,0,0,0,0,0,0,0,0,0,0,0,0,0,0,0,0,0,0,0,0,0,0,0,0,0,0,0,0,0,0,0,0,0,0,0,0,0,0,0,0,0,0,0,0,0,0,0,0,0,0,0,0,0,0,0.292,0,0,0,0,0,0,0,0,0,0,0,0,0,0,0,0,0,0,0,0,0,0,0,0,0,0,0,0,0,0,0,0,0,0,0,0,0,0,0,0,0,0,0,0,0,0,0,0,0,0,0,0,0,0,0,0,0,0,0,0,0,0,0,0,0,0,0,0,0,0,0,0,0,0,0,0,0,0,0,0,0,0,0,0,0,0,0,0,0.226,0,0,0,0,0,0,0,0,0,0,0,0,0,0,0,0,0,0,0,0,0,0,0,0,0,0.152,0,0,0,0,0,0,0,0,0,0,0,0,0,0,0,0,0,0,0,0,0,0,0,0,0,0,0,0,0,0,0,0,0,0,0,0,0,0,0,0,0,0,0,0,0,0,0,0,0,0,0,0,0,0.583,0,0,0,0,0,0,0,0,0,0,0,0,0,0,0,0,0,0,0,0,0,0,0,0,0,0,0,0,0,0,0,0,0,0,0,0,0,0,0,0,0,0,0,0,0,0,0,0,0,0,0,0,0,0,0,0,0,0.169,0.165,0,0,0,0,0,0
855930,0,0,0,0,0,0,0,0,0,0,0,0,0,0,0,0,0,0,0,0,0,0,0,0,0,0,0,0,0,0,0,0,0,0,0,0,0,0,0,0,0,0,0,0,0,0,0,0,0,0,0,0,0,0,0,0,0,0,0,0,0,0,0,0,0,0,0,0,0,0,0,0,0,0,0,0,0,0,0,0,0,0,0,0,0,0,0,0,0,0,0,0,0,0,0,0,0,0,0,0,0,0,0,0,0,0,0,0,0,0,0,0,0,0,0,0,0,0,0,0,0,0,0,0,0,0,0,0,0,0,0,0,0,0,0,0,0,0,0,0,0,0,0,0,0,0,0,0,0,0,0,0,0,0,0,0,0,0,0,0,0,0,0,0,0,0,0,0,0,0,0,0,0,0,0,0,0,0,0,0,0,0,0,0,0,0,0,0,0.175,0,0,0,0,0,0,0,0,0,0,0,0,0,0,0,0,0,0.261,0,0,0,0,0,0,0,0,0,0,0,0,0,0,0,0,0,0,0,0,0,0.172,0,0,0,0,0.194,0,0,0,0,0,0,0,0,0,0,0,0,0,0,0.215,0,0,0,0,0,0,0,0,0,0.807,0,0,0,0,0,0,0,0,0,0,0,0.657,0,0,0,0,0,0,0,0,0,0,0,0,0.263,0,0,0,0,0,0,0,0,0,0,0,0,0,0,0,0,0,0,0,0,0,0,0,0,0,0,0,0,0,0,0,0,0,0,0,0,0,0,0,0,0,0,0,0,0,0,0,0,0,0,0,0,0,0,0,0,0,0,0,0,0,0,0,0,0,0,0,0,0,0,0,0,0,0,0,0,0,0,0,0,0,0,0,0.249,0,0,0,0,0,0,0,0,0,0,0.353,0,0,0,0,0,0,0,0,0,0,0,0,0,0,0,0,0,0,0,0,0,0,0,0,0,0,0,0,0,0,0,0,0,0,0,0,0,0,0,0,0,0,0,0,0,0,0,0.528,0,0,0,0,0,0,0,0,0,0.299,0,0,0,0,0,0,0,0,0,0,0,0,0,0,0,0,0,0,0,0,0,0,0,0,0,0.273,0,0,0,0,0,0,0,0,0,0,0,0,0,0,0,0,0,0,0,0,0,0,0,0,0,0,0,0,0,0,0,0,0,0,0,0,0,0,0,0,0,0,0,0,0,0,0,0,0,0,0,0,0,0,0,0,0,0,0,0,0,0,0,0.817,0,0,0,0,0,0,0,0,0,0,0,0,0,0,0,0,0,0,0,0,0,0,0.267,0,0,0,0,0,0,0,0,0,0,0,0,0,0,0,0,0,0,0,0,0.396,0,0,0.23,0,0,0,0,0,0,0,0,0,0,0,0,0,0,0,0,0.173,0,0,0,0,0,0,0,0,0,0,0,0,0,0,0,0,0,0,0,0,0,0,0,0,0,0,0,0,0,0,0,0,0,0,0,0,0,0,0,0,0,0,0,0,0,0,0,0,0,0,0,0,0,0.224,0,0,0,0,0,0,0,0,0,0,0,0,0,0,0,0,0,0,0,0,0,0,0,0,0,0,0,0,0,0,0,0,0,0,0,0,0,0,0,0,0,0,0,0,0,0,0,0,0,0,0,0,0,0,0,0,0,0,0,0.928,0,0,0,0,0,0,0,0,0,0,0,0,0,0,0.202,0,0,0,0,0,0,0,0,0,0,0,0.697,0,0,0,0,0,0,0,0.63,0,0,0,0,0,0,0,0,0,0,0.261,0,0,0,0,0.277,0,0,0,0,0,0,0,0,0,0,0,0,0,0,0,0,0,0,0,0,0,0,0,0,0,0,0,0,0,0,0,0,0,0,0,0,0,0,0,0,0,0,0,0,0,0,0,0,0,0,0,0,0,0,0.309,0,0,0,0.892,0.209,0,0,0,0,0,0,0,0,0,0,0,0,0,0,0,0,0,0,0.186,0,0,0,0,0,0.94,0,0,0,0,0,0,0,0,0,0,0,0.306,0,0,0,0,0,0,0,0,0.203,0,0,0,0,0,0,0,0,0,0,0,0,0,0,0,0,0,0,0.222,0,0,0,0,0,0,0,0,0,0,0,0,0,0,0,0,0,0,0,0,0,0,0,0,0,0,0,0.163,0,0,0,0,0,0,0,0,0,0,0,0,0,0,0,0,0,0,0,0,0,0,0,0,0,0,0,0,0,0,0,0,0,0,0,0,0,0,0,0,0,0,0,0,0,0,0,0,0,0,0,0,0,0,0,0,0,0,0,0,0,0,0,0,0,0,0,0,0,0,0,0,0,0,0,0,0,0,0,0,0,0,0,0,0,0,0,0,0,0,0,0,0,0,0,0,0,0,0,0,0,0,0,0,0,0,0,0,0,0,0,0,0.229,0,0,0,0,0,0,0,0,0,0,0,0,0,0,0,0,0,0,0,0,0,0,0,0,0,0,0,0,0,0,0,0,0,0,0,0,0,0,0,0,0,0.262,0,0,0,0,0,0,0,0,0,0,0,0,0,0,0.173,0,0,0,0,0,0,0,0,0,0,0,0,0,0,0,0,0,0,0,0,0.229,0,0,0,0,0,0,0,0,0,0,0,0,0,0,0,0,0,0.95,0,0,0,0,0,0,0,0,0,0,0,0,0,0,0,0,0,0,0,0,0,0,0,0,0,0,0,0,0,0,0,0,0,0,0,0,0,0,0,0,0,0,0,0,0,0,0,0,0,0,0,0,0,0,0,0,0,0,0,0,0,0,0,0,0,0,0,0,0,0,0,0,0,0,0,0,0,0,0,0,0,0,0,0,0,0,0,0,0,0,0,0,0,0,0,0,0,0,0,0,0,0,0,0,0,0,0,0,0,0,0,0,0,0,0,0,0,0,0,0,0,0,0,0,0,0,0,0,0,0,0,0,0,0,0,0,0,0,0,0,0,0,0,0,0,0,0,0,0,0,0,0,0,0,0,0,0,0,0,0,0,0,0,0,0,0,0,0,0,0,0,0,0,0,0,0,0,0,0,0,0,0,0,0,0,0,0,0,0,0,0,0,0,0.166,0,0,0,0,0,0,0,0,0,0,0,0,0,0,0,0,0,0,0,0,0.62,0,0.216,0,0,0,0,0,0,0,0,0,0,0,0,0,0,0,0,0.817,0,0,0,0,0,0,0,0,0,0,0,0,0,0,0,0,0,0,0,0,0,0,0,0,0,0,0,0,0,0,0,0,0,0,0,0,0,0,0,0,0,0,0,0,0,0,0,0,0,0,0,0,0,0,0,0,0,0,0,0,0,0,0,0,0,0,0,0,0,0,0,0,0,0,0,0,0,0,0,0,0,0,0,0,0,0,0,0,0,0,0,0,0,0,0,0,0,0,0,0,0,0,0,0,0,0,0,0,0,0,0,0.154,0,0,0,0,0,0,0,0,0,0,0,0,0,0,0,0,0,0,0,0,0,0,0,0,0,0,0,0,0,0,0,0,0,0,0,0,0,0,0,0,0,0,0,0,0,0,0,0,0,0,0,0,0,0,0,0,0,0,0,0,0,0,0,0,0,0,0,0,0,0,0,0,0,0,0,0,0,0,0,0,0,0,0,0,0,0,0,0,0,0,0,0,0,0,0,0,0,0,0,0,0.411,0,0,0,0,0,0,0,0,0,0,0,0,0,0,0,0,0,0,0,0,0,0,0,0,0,0,0,0,0,0,0,0,0,0,0,0,0,0,0,0,0,0,0,0,0,0,0,0,0,0,0,0,0,0,0,0,0,0,0,0,0,0,0,0,0.404,0,0,0,0,0.883,0,0,0,0,0,0,0,0,0,0.195,0,0,0,0,0,0,0,0,0,0,0,0,0,0,0,0,0,0,0,0,0,0,0,0,0,0,0,0,0,0,0,0,0,0,0,0,0,0,0,0,0,0,0,0,0,0,0,0,0,0,0,0,0,0,0,0,0,0,0,0,0,0,0,0,0,0,0,0,0,0,0,0,0,0,0,0,0,0,0,0,0,0,0,0,0,0,0,0,0,0,0,0,0,0,0,0,0,0,0,0,0,0,0,0,0,0,0,0,0,0,0,0,0,0,0,0,0,0,0,0,0,0,0,0,0,0,0,0.84,0,0,0,0,0,0,0,0,0,0.901,0,0,0.265,0,0,0,0,0,0,0,0,0,0,0,0,0.17,0,0,0,0,0.476,0,0,0,0,0,0,0,0,0,0,0,0,0,0,0,0,0,0,0.906,0,0,0,0,0,0,0,0,0,0,0,0,0,0,0,0,0,0,0,0,0,0,0,0,0,0,0,0,0,0,0,0,0,0,0,0,0,0,0,0,0.241,0,0,0.26,0,0,0,0,0,0,0,0,0,0.908,0,0,0,0,0,0,0,0,0,0,0,0,0,0,0,0,0,0,0,0,0,0,0,0,0,0,0,0,0,0,0,0,0,0,0,0,0,0,0,0,0,0,0,0,0,0,0,0,0,0,0,0,0,0,0,0,0,0,0,0,0,0.94,0,0,0,0,0,0,0,0,0,0,0,0,0,0,0,0,0,0,0,0,0,0,0,0,0,0,0,0,0,0,0,0,0,0,0,0,0,0,0,0,0,0,0,0,0,0,0,0,0,0,0,0,0,0,0,0,0,0,0,0,0,0,0,0,0,0,0.155,0,0,0.243,0,0,0,0,0,0,0,0,0,0,0,0,0,0,0,0,0,0,0,0,0,0,0,0,0,0,0,0,0,0,0,0,0,0,0,0.8,0,0,0,0,0,0,0,0,0,0,0,0,0,0,0,0,0,0,0,0,0,0,0,0,0,0,0,0,0,0,0,0,0,0,0,0,0,0,0,0,0,0,0,0,0,0,0,0,0,0,0,0,0,0,0,0,0,0,0,0,0,0,0,0,0,0,0,0,0,0,0,0,0,0,0,0,0,0,0,0,0,0,0,0,0,0,0,0,0,0,0,0,0,0,0,0,0,0.344,0,0,0,0,0,0,0,0,0,0,0,0,0,0,0,0,0,0,0,0,0,0,0,0,0,0,0,0,0,0,0,0,0.194,0,0,0,0,0,0,0,0,0,0,0,0,0,0,0,0,0,0,0,0,0,0,0,0,0,0,0,0,0,0,0,0,0,0,0,0,0,0,0,0,0,0,0,0,0,0,0,0,0,0,0,0,0,0,0,0,0,0,0,0.707,0,0,0,0,0,0.941,0,0,0,0,0,0,0,0,0,0,0,0,0,0,0,0,0,0,0.538,0,0,0,0,0,0,0,0,0,0,0,0,0,0,0,0,0,0,0,0,0,0,0,0.718,0,0,0,0,0,0,0.226,0,0,0,0,0,0,0,0,0,0,0,0,0.173,0.167,0,0,0,0,0,0,0,0,0,0,0,0,0,0,0,0,0,0,0,0,0,0,0,0,0,0,0,0,0,0,0,0,0,0,0,0,0,0,0,0,0,0,0.491,0,0,0,0,0,0,0,0,0,0,0,0,0,0,0,0,0,0,0,0,0,0,0,0,0,0,0,0,0,0,0,0,0,0,0,0,0,0,0,0,0,0,0,0,0,0,0,0,0,0,0,0,0,0,0,0,0,0,0,0,0,0,0,0,0,0,0,0,0,0,0,0,0,0,0,0,0,0,0,0.187,0,0,0,0,0,0.187,0,0,0,0,0,0,0,0,0.177,0,0,0,0,0,0,0,0,0,0,0,0,0,0,0,0,0,0,0,0,0,0,0,0,0,0,0,0,0,0,0,0,0,0,0.959,0,0,0,0,0,0,0,0,0,0,0,0,0,0,0,0,0,0,0,0,0,0,0,0,0,0,0,0,0,0,0,0,0,0,0,0,0,0,0,0,0,0,0,0,0,0,0,0,0,0,0,0,0,0,0,0,0,0,0,0,0,0,0,0,0,0,0,0,0,0,0,0,0,0,0,0,0,0,0,0,0,0,0,0,0,0,0,0,0,0,0,0,0,0,0,0,0,0,0,0,0,0,0,0,0,0,0,0,0,0,0,0,0,0,0,0,0,0,0,0,0,0,0,0,0,0,0,0,0,0,0,0,0,0,0,0,0,0,0,0.233,0,0,0,0,0,0,0,0,0,0,0,0,0,0,0,0,0,0,0,0,0,0,0,0,0,0,0,0,0,0,0,0,0,0.353,0,0,0,0,0,0,0,0,0,0,0,0,0,0,0,0,0,0,0,0,0,0,0,0,0,0,0,0,0,0,0,0,0.396,0,0,0,0,0,0,0,0,0.534,0,0,0,0,0,0,0,0,0,0,0,0,0,0,0,0,0,0,0,0,0,0,0,0,0,0,0,0.857,0,0.845,0,0,0,0,0,0,0,0,0,0,0,0,0,0,0,0,0,0,0,0,0,0,0,0,0,0,0,0,0,0,0.981,0,0,0,0.83,0,0,0,0,0.843,0,0,0,0,0,0,0,0,0,0,0,0,0.871,0,0,0,0,0,0,0,0,0,0,0.177,0,0,0,0.862,0,0,0,0,0.858,0,0,0,0,0,0,0,0,0,0,0,0,0,0.843,0.857,0,0,0,0.916,0,0,0,0,0,0,0.839,0,0.729,0,0,0.185,0,0,0.61,0,0,0,0,0,0,0,0.261,0,0.95,0,0.514,0,0,0,0.872,0.854,0,0,0,0,0,0.969,0.852,0,0,0.848,0,0,0,0,0,0,0,0,0.87,0.215,0,0.972,0,0.976,0,0.956,0,0,0,0,0,0,0,0.872,0,0,0,0,0,0,0,0.185,0,0.159,0,0,0,0,0,0,0,0,0,0,0,0.418,0,0,0.933,0,0.86,0,0,0,0,0,0,0,0,0,0,0,0,0,0,0,0,0,0,0.177,0,0,0.827,0,0,0,0,0,0.932,0,0,0,0,0,0,0,0,0,0,0,0,0,0,0,0,0,0,0,0,0,0,0,0,0,0,0,0,0,0,0,0,0,0,0,0,0,0,0,0,0,0,0,0,0,0,0,0,0,0,0,0,0,0,0,0,0,0,0,0,0,0,0,0,0,0,0,0,0,0,0,0,0,0,0,0,0,0,0,0,0,0,0,0,0,0,0,0,0,0,0,0,0,0,0,0,0,0,0,0,0,0,0,0,0,0,0,0,0,0,0,0,0.181,0,0,0,0,0,0.181,0,0,0,0,0,0,0,0,0,0,0,0,0,0,0,0,0,0,0,0,0.153,0,0,0,0,0,0,0,0,0,0,0,0.238,0.941,0,0,0,0,0,0,0,0,0,0,0,0,0,0,0,0,0,0,0,0,0,0,0,0,0,0,0,0,0,0,0,0,0,0,0,0,0,0,0,0.853,0,0,0,0,0,0,0,0,0,0,0,0,0,0,0,0,0,0,0,0,0,0,0,0,0,0,0,0,0,0,0,0,0,0,0,0,0,0,0,0,0,0,0,0,0,0,0,0,0,0,0,0,0,0,0,0,0,0,0,0,0,0,0,0,0,0,0.861,0,0,0,0,0,0,0,0.987,0,0,0,0,0,0,0,0,0,0,0,0,0,0,0,0,0,0,0,0,0,0,0,0,0,0.224,0,0,0,0,0,0,0,0,0,0,0,0,0,0,0,0.262,0,0,0,0,0,0,0,0,0,0,0,0,0,0,0,0,0,0,0,0,0,0,0,0,0,0,0,0,0.98,0.332,0.549,0,0,0.557,0,0,0,0,0,0,0,0,0,0,0,0,0,0,0,0,0,0,0,0,0.971,0.18,0,0.182,0,0,0,0,0,0,0,0,0,0,0,0,0,0,0,0,0,0,0,0,0,0,0,0,0,0,0,0,0,0,0,0,0,0,0,0,0,0,0,0,0,0,0,0,0,0,0.156,0,0,0,0,0,0,0,0,0,0,0,0,0,0,0,0,0,0,0,0,0,0,0,0,0,0,0,0,0,0,0,0,0,0,0,0,0,0,0,0,0,0,0,0,0,0,0,0,0,0,0,0.156,0,0,0,0,0,0,0,0,0,0,0,0,0,0,0,0,0,0,0,0,0,0,0,0.156,0,0,0,0,0,0,0,0,0,0.318,0,0,0,0,0,0,0,0,0,0,0,0,0,0,0,0,0,0,0,0,0,0,0,0,0,0,0,0,0,0,0,0,0,0,0,0,0,0,0,0,0,0,0,0,0,0,0,0,0,0,0,0,0,0,0,0,0,0,0,0,0,0,0,0,0,0,0,0,0,0,0,0,0,0,0,0,0,0,0,0,0.311,0,0,0,0,0,0,0,0,0,0,0,0.387,0,0,0,0,0,0,0,0,0,0,0,0.154,0,0,0,0.681,0,0,0,0,0,0,0,0,0,0,0,0,0,0,0,0,0,0.258,0,0,0,0,0,0,0,0,0,0,0,0,0,0,0,0,0,0,0,0,0,0,0,0,0,0,0.846,0,0,0,0,0,0,0,0,0,0,0,0,0,0,0,0,0,0,0,0,0,0,0,0,0,0,0,0,0,0,0,0,0,0,0,0,0,0,0,0,0,0,0,0,0,0,0,0.366,0,0,0,0,0,0,0,0,0,0,0,0,0,0.175,0,0,0,0,0,0,0.199,0,0,0,0,0,0,0,0,0,0,0.177,0,0,0,0,0,0,0,0,0,0,0,0,0,0,0,0,0,0,0,0,0,0,0,0,0,0,0,0,0,0,0,0.821,0,0,0,0,0,0,0,0,0,0,0,0,0,0,0,0,0,0,0,0,0,0,0,0,0,0.952,0,0,0,0,0,0,0,0,0,0,0.845,0,0,0,0,0,0,0,0,0,0,0,0,0,0,0,0,0,0,0,0,0,0,0,0,0,0,0,0,0,0,0,0,0,0,0,0,0,0,0,0,0,0,0,0,0,0,0,0,0,0,0,0,0,0,0,0,0,0.189,0,0,0,0,0.221,0.155,0,0,0,0,0,0,0,0,0,0,0,0,0,0,0,0,0,0,0,0,0,0,0,0,0,0,0,0,0,0,0,0,0,0,0,0,0,0,0,0,0,0,0,0,0,0.923,0.983,0,0,0,0,0,0,0,0,0,0,0,0,0,0,0,0,0,0,0,0,0,0,0,0,0,0,0,0,0,0,0,0,0,0,0,0,0,0,0,0,0,0,0,0,0,0,0,0.293,0,0,0,0,0.944,0,0,0,0,0,0,0,0,0,0,0,0,0,0,0,0,0,0,0,0,0,0,0,0,0,0,0,0,0,0,0,0,0,0,0,0,0,0,0,0,0,0,0,0,0,0,0,0.483,0,0,0,0,0,0,0,0.911,0,0,0,0,0.879,0.953,0,0,0,0,0,0,0,0,0,0.228,0,0,0.199,0,0.257,0,0,0,0.156,0,0,0,0,0,0,0,0.941,0,0,0,0,0,0,0,0,0,0,0,0,0,0,0,0,0,0,0,0,0,0,0,0,0,0,0,0,0,0,0,0,0,0.892,0,0,0,0,0,0,0,0,0,0.482,0,0,0,0,0,0,0,0,0,0,0,0,0,0,0,0,0,0,0,0,0,0,0,0,0,0,0,0,0,0,0,0,0,0,0,0,0,0,0,0,0,0,0,0,0,0,0,0,0,0,0,0,0,0,0,0,0.159,0,0,0,0,0,0,0,0,0,0,0,0,0.445,0,0,0,0,0,0,0,0,0,0,0,0,0,0,0,0,0,0,0,0,0,0,0,0,0,0,0,0.885,0,0,0,0,0,0,0,0,0,0,0,0,0,0.523,0,0,0,0.208,0,0,0,0,0,0,0,0.298,0.429,0,0,0,0,0,0,0,0,0,0,0,0,0,0.87,0,0,0,0,0.819,0,0,0,0.533,0,0,0,0,0,0,0,0,0,0,0,0,0,0,0,0,0,0,0,0,0,0,0,0.841,0,0,0,0,0,0,0,0,0,0,0,0,0,0.96,0,0,0,0,0,0,0,0,0,0,0,0,0,0,0,0,0,0,0,0,0,0,0,0,0,0,0,0,0,0,0,0,0,0,0,0,0,0,0,0,0,0,0,0,0,0.814,0,0,0,0
851333,0.167,0,0.396,0.176,0,0,0.219,0.263,0,0.194,0,0,0,0.175,0,0.418,0.161,0,0.22,0,0,0,0,0,0,0,0,0,0.219,0,0.353,0,0,0,0.655,0,0,0,0,0,0,0,0,0,0.155,0,0,0,0.329,0,0,0,0.169,0.321,0,0,0,0,0,0,0.306,0,0.173,0,0.173,0,0,0,0,0,0.362,0,0,0.163,0,0.446,0,0,0.193,0,0,0,0,0,0,0.175,0,0,0.363,0,0,0,0.254,0,0,0,0,0,0.156,0.231,0,0,0.467,0,0,0.394,0,0,0,0,0.197,0,0,0,0,0,0,0,0.382,0,0,0,0,0,0,0,0,0,0,0,0,0,0,0,0,0,0.215,0.161,0,0,0.157,0,0.152,0,0,0.945,0,0,0,0,0.198,0,0,0,0,0.379,0,0,0,0.152,0.246,0,0,0.195,0,0,0.198,0.26,0,0,0,0,0.174,0,0,0,0,0,0,0,0.243,0.572,0.172,0,0.236,0,0.214,0,0.155,0.185,0,0,0,0,0,0.551,0,0,0.179,0,0,0,0.169,0,0,0,0,0,0,0,0,0,0,0,0,0,0,0,0.197,0,0,0,0,0,0,0,0,0,0,0,0,0.15,0,0,0,0,0.284,0,0,0,0,0,0,0,0.248,0,0,0.867,0,0,0,0,0,0,0,0,0,0,0,0,0,0,0,0,0,0,0,0,0,0,0,0,0,0,0,0.153,0.164,0,0,0,0,0,0,0,0,0.176,0,0,0.202,0,0,0.153,0,0,0,0,0,0,0,0,0,0,0,0,0,0,0,0,0,0,0,0,0,0,0.153,0,0,0,0,0.226,0,0,0,0,0,0,0,0,0,0,0,0.197,0,0,0,0.181,0,0,0,0,0.208,0,0,0,0,0,0,0,0,0.264,0,0,0.302,0,0,0.222,0,0,0,0,0,0,0,0,0,0,0,0,0,0,0.424,0,0,0,0,0,0,0,0.183,0.28,0,0,0,0,0,0,0,0,0,0,0,0,0,0,0,0,0,0,0,0,0,0,0,0.158,0.214,0,0,0,0,0.15,0.173,0,0,0,0,0,0,0,0.158,0,0,0,0,0.169,0.391,0.155,0,0,0,0,0.566,0,0,0,0.173,0,0,0.172,0,0.713,0,0.164,0,0,0,0.578,0.267,0,0,0,0,0,0,0,0,0.164,0,0,0.169,0,0,0,0,0,0,0,0,0,0,0,0,0,0.213,0,0,0,0,0,0,0,0,0.187,0,0,0,0,0,0,0,0.831,0,0,0.444,0,0,0,0,0,0,0,0,0,0,0,0,0,0,0,0,0,0,0,0,0,0,0,0.174,0,0,0,0.203,0,0.158,0,0,0,0,0,0,0,0,0,0,0.322,0,0,0,0,0,0.163,0.163,0,0,0,0,0.179,0,0,0.184,0,0,0,0.17,0,0,0,0,0.345,0,0,0,0,0,0,0,0.173,0,0,0.258,0.23,0,0.287,0,0,0.417,0,0,0,0,0,0.15,0,0,0,0.414,0,0,0.173,0,0,0,0,0,0,0,0,0,0,0,0,0.414,0,0.173,0.188,0,0,0,0,0.173,0,0,0,0,0.303,0.2,0,0,0,0,0,0,0,0,0,0,0,0,0,0.595,0,0,0,0,0,0,0,0,0,0,0,0,0,0,0,0,0,0,0.177,0,0.692,0,0,0,0,0.227,0,0,0,0,0,0,0,0,0,0.15,0,0,0,0.299,0,0,0,0,0.155,0.275,0,0.157,0,0,0,0,0,0,0,0,0,0,0,0,0.173,0,0,0,0,0,0,0,0,0,0,0,0,0,0,0,0.158,0,0,0,0,0,0,0,0,0,0,0,0.155,0,0,0,0,0,0,0,0,0,0,0,0,0,0,0,0,0,0,0,0,0,0,0.377,0,0,0,0,0.197,0,0,0,0,0,0,0,0,0,0,0.248,0,0,0,0,0,0,0,0,0,0,0,0,0,0,0,0,0,0,0.157,0,0.209,0,0.633,0,0,0,0,0,0,0,0,0,0,0,0,0,0,0,0,0,0,0,0.158,0,0,0,0,0,0,0,0,0,0.16,0,0,0,0,0,0.239,0,0,0.192,0,0,0,0,0,0,0,0,0,0,0,0,0,0,0,0.29,0,0,0,0,0,0,0,0,0,0,0.166,0,0.197,0,0,0.273,0,0,0.181,0,0,0,0,0,0.177,0,0,0,0,0,0,0,0,0,0,0,0,0,0,0,0.255,0,0,0.159,0.173,0,0,0,0,0,0,0,0,0,0,0,0,0,0,0,0,0,0,0,0,0,0,0,0.197,0,0,0,0,0,0,0,0.154,0,0,0,0,0,0,0,0,0,0,0,0,0,0.297,0,0,0,0,0,0,0,0.229,0,0,0,0,0.168,0,0.155,0,0.166,0.187,0,0.286,0.185,0,0,0,0.159,0,0.3,0,0.185,0,0,0,0,0,0,0,0,0,0,0,0,0,0,0,0,0,0.284,0,0,0.16,0,0,0.29,0,0,0,0,0,0,0,0,0,0,0,0,0,0,0,0,0,0,0,0,0,0,0,0,0,0,0,0,0,0,0,0,0,0,0,0,0,0,0,0,0,0,0,0,0.88,0,0,0,0,0,0,0,0.155,0,0,0,0,0,0,0,0,0,0,0,0,0,0,0,0,0,0,0,0,0,0,0,0.158,0,0,0,0,0,0,0,0,0,0,0,0,0.184,0,0,0,0,0,0,0,0.197,0,0,0.159,0,0.349,0,0,0,0,0.88,0,0,0,0.248,0,0,0,0,0,0,0.211,0,0,0,0.239,0,0.216,0,0,0,0,0,0,0,0,0,0,0,0,0,0,0,0,0.905,0,0.859,0,0,0,0,0,0,0,0,0,0,0,0,0,0,0,0,0,0,0,0.191,0.152,0,0,0,0,0,0.219,0.209,0,0,0,0,0,0,0,0,0,0,0,0,0,0,0,0,0.633,0,0,0.158,0,0,0,0,0,0,0,0,0.157,0,0,0,0,0,0,0,0,0,0.161,0,0,0.231,0,0,0,0,0.177,0,0,0,0,0,0.168,0,0.248,0,0,0,0,0,0,0,0,0.648,0,0,0,0,0,0,0,0.151,0,0,0,0,0,0.375,0.186,0,0,0,0,0,0.24,0,0,0.162,0,0,0,0,0.219,0.251,0.193,0,0,0,0,0,0,0,0,0.586,0,0,0,0,0,0,0,0,0,0.691,0,0,0.156,0,0.155,0,0,0,0.169,0,0,0.177,0.175,0,0,0.296,0,0,0,0.171,0.258,0,0,0,0,0,0,0,0,0,0,0,0,0,0.414,0,0,0,0,0.199,0,0.186,0,0,0,0,0,0.158,0,0,0,0,0,0,0.248,0,0,0,0,0,0,0,0.392,0,0,0,0,0,0,0.188,0,0,0,0,0,0,0,0,0.16,0,0,0.158,0.175,0,0.24,0,0,0,0,0.248,0,0.318,0,0,0,0,0.174,0,0,0,0,0.159,0,0,0,0,0.187,0,0,0,0.169,0,0,0,0,0,0,0,0,0.439,0,0,0,0.158,0,0,0,0.156,0,0,0,0,0,0,0,0,0,0.175,0,0,0,0,0,0,0,0,0.179,0,0,0,0,0,0,0,0.209,0,0,0,0,0,0,0.796,0,0,0,0,0,0,0,0,0,0,0,0,0,0,0,0,0,0,0,0.173,0,0.173,0,0.531,0,0,0,0.248,0,0,0,0,0,0,0,0,0,0,0.18,0,0,0,0.154,0,0,0,0,0,0,0,0,0,0,0,0,0,0,0.198,0,0,0,0.22,0,0,0,0,0,0,0.15,0,0,0,0.159,0,0,0.153,0,0,0,0,0,0,0,0,0.258,0,0.33,0,0.175,0,0,0,0,0,0,0,0,0,0,0,0,0,0,0,0,0,0,0,0,0.385,0,0,0,0.152,0.84,0.175,0,0,0.188,0.217,0,0,0,0,0,0,0,0,0,0,0,0,0,0,0,0,0,0.153,0,0,0,0,0,0,0,0,0,0,0,0,0,0,0.159,0,0,0,0,0,0,0,0,0,0.275,0,0,0,0,0,0,0,0,0,0,0,0,0,0,0,0,0,0.153,0,0,0,0,0.254,0,0,0,0,0.269,0,0.826,0,0,0.248,0,0,0.224,0,0,0,0,0,0,0,0.248,0,0,0.248,0,0,0,0,0,0.199,0,0.158,0,0,0,0,0,0,0,0,0,0,0,0,0,0,0,0,0,0.158,0,0,0,0,0,0,0,0,0,0,0.206,0,0,0,0,0,0,0,0,0.165,0,0,0,0,0,0,0,0,0,0,0,0,0,0,0,0,0,0,0,0,0,0,0,0,0,0,0,0,0,0,0.445,0,0,0,0.801,0.219,0,0,0,0,0,0,0,0,0,0,0,0,0.16,0,0,0,0,0,0,0,0,0,0,0,0,0,0,0,0,0,0,0,0,0,0,0,0.194,0,0,0,0,0,0,0,0,0,0,0,0,0,0,0,0,0,0,0.161,0,0,0,0,0,0,0,0,0,0.171,0,0,0,0,0,0,0,0,0,0,0,0,0,0,0,0,0,0,0,0,0,0,0.177,0,0,0,0,0,0.186,0,0,0,0.171,0,0,0,0,0,0,0,0,0.163,0,0,0,0,0,0,0,0,0,0,0,0,0,0,0,0,0,0,0,0.202,0,0,0,0,0,0,0,0.173,0.277,0,0,0,0,0,0,0,0,0.212,0,0.2,0,0,0,0,0,0,0,0,0,0,0,0,0,0,0.173,0,0,0.848,0.37,0,0,0,0,0,0,0.2,0,0,0.233,0,0,0,0.86,0.178,0,0,0,0,0,0,0,0,0,0.287,0,0,0,0,0,0,0,0,0.599,0,0,0,0,0,0.235,0,0.167,0,0,0,0,0,0,0.171,0,0.162,0,0,0,0,0,0,0,0,0.312,0,0,0,0,0,0,0,0,0,0,0,0,0,0,0,0,0,0.214,0,0,0,0.15,0.194,0,0,0,0,0,0,0.721,0,0,0,0,0.163,0.247,0,0,0.597,0.38,0,0,0,0,0.246,0,0,0,0,0,0,0.656,0,0,0,0.291,0,0,0,0,0,0,0,0,0,0,0,0,0,0,0,0.181,0,0,0,0.32,0,0,0,0.204,0,0,0,0,0,0,0,0,0,0,0.151,0,0,0,0,0,0,0,0,0,0,0,0,0,0,0,0,0,0.703,0,0,0,0,0.159,0,0,0,0,0.167,0.163,0,0,0,0.199,0,0.577,0.38,0,0,0,0,0,0,0.274,0,0,0,0.253,0,0,0.248,0,0,0.248,0,0,0.212,0,0,0.154,0,0,0,0,0,0,0,0,0,0,0,0.152,0.198,0.348,0,0,0,0,0,0,0,0.163,0,0,0,0.228,0,0,0,0,0,0,0,0.225,0,0,0,0,0,0,0,0,0,0,0,0,0,0,0,0,0,0,0,0,0,0,0,0,0.166,0,0,0,0,0,0,0,0,0,0,0,0,0,0,0,0,0,0,0,0,0,0,0,0,0,0,0,0,0,0,0,0,0,0,0,0,0,0,0,0,0,0,0,0,0,0,0,0,0.176,0,0,0,0,0,0,0,0,0,0,0,0,0.173,0,0,0,0,0,0,0,0,0,0,0,0,0,0,0,0,0,0,0,0,0,0,0,0,0,0,0.179,0,0,0,0,0,0.168,0,0,0,0,0,0,0.692,0,0,0,0,0,0,0,0,0,0,0,0,0,0,0.158,0,0,0,0,0,0,0,0,0,0,0,0,0.194,0,0,0,0,0,0,0,0,0,0,0,0,0,0,0,0,0,0,0.245,0.153,0,0,0,0,0,0,0,0,0,0.224,0,0,0,0,0,0,0,0,0,0,0,0,0,0,0,0,0,0.224,0,0,0,0,0,0,0,0,0,0.168,0,0,0,0,0,0,0,0,0,0,0,0,0,0.185,0.158,0,0,0,0,0,0,0,0,0,0,0,0,0,0,0,0,0,0,0,0,0,0.184,0,0,0,0,0,0,0,0,0,0,0.154,0,0,0,0,0,0.192,0,0,0,0,0,0,0,0,0,0,0,0,0,0,0,0,0,0,0,0,0,0,0,0,0,0,0,0,0,0,0,0,0,0,0,0,0,0,0,0,0,0,0,0,0,0,0,0,0,0,0,0,0,0,0,0.197,0,0,0,0.274,0,0.183,0,0,0,0,0,0,0,0.259,0,0,0.697,0,0.301,0,0,0,0,0,0,0,0,0,0,0,0,0,0,0,0,0,0,0,0,0,0,0,0,0,0.212,0,0,0,0,0,0,0,0,0,0,0,0,0,0,0.183,0.162,0,0,0,0,0,0,0,0,0,0,0,0,0,0,0.277,0,0,0,0,0,0,0,0,0,0.196,0.196,0,0,0,0,0.169,0,0,0,0.157,0,0,0,0,0.173,0,0,0,0,0,0,0,0,0,0,0,0,0.156,0,0,0,0.156,0,0,0,0.171,0.173,0,0,0,0,0,0,0,0.215,0.213,0,0,0,0,0,0,0,0,0,0,0,0.321,0,0,0,0,0.219,0.206,0,0.196,0,0,0,0.152,0,0,0,0,0,0,0,0,0,0,0.191,0.19,0,0.248,0,0.566,0,0,0,0,0,0,0,0,0,0,0,0,0.248,0,0.193,0.371,0,0.486,0,0,0,0,0,0,0,0,0,0,0,0,0,0,0,0,0,0,0,0,0,0,0,0,0,0,0.152,0,0,0.173,0,0,0,0.248,0.181,0,0.212,0,0,0.22,0,0,0.226,0,0,0,0,0,0,0.155,0,0,0,0,0,0,0,0.248,0.173,0,0,0,0,0,0,0.273,0,0.267,0,0,0.17,0,0.216,0,0,0,0,0.217,0,0,0,0,0,0,0,0.155,0,0,0,0,0,0,0,0,0,0,0,0,0,0,0,0,0.171,0,0,0,0,0,0,0,0,0,0,0,0,0,0,0,0,0,0,0,0,0,0.169,0,0,0,0,0,0,0,0,0,0,0,0,0,0,0,0,0,0,0,0,0,0,0,0,0,0,0,0,0,0,0,0,0,0,0,0,0,0,0,0.169,0,0,0,0,0,0,0,0,0,0,0,0,0,0,0,0,0,0,0,0,0,0,0,0,0,0,0,0,0,0,0,0,0,0,0,0,0,0,0,0,0,0,0,0,0,0,0,0,0,0,0,0,0,0,0,0,0,0,0,0,0,0,0,0,0,0.248,0,0,0,0,0,0,0,0,0,0,0,0,0,0,0,0,0,0,0,0,0,0,0,0,0,0,0,0,0,0,0,0,0,0,0,0,0,0,0,0,0,0,0,0,0,0,0,0,0,0,0,0,0,0.216,0,0,0,0,0,0,0,0,0,0,0,0,0,0,0,0,0.241,0,0,0,0,0,0,0,0.248,0,0,0,0,0,0,0.202,0,0,0,0,0,0,0.293,0,0,0,0,0,0,0,0,0,0,0,0,0,0,0,0,0,0,0,0,0,0,0,0,0,0,0,0,0,0,0,0,0,0,0,0,0,0,0,0.435,0,0,0,0,0,0,0,0,0,0,0,0,0,0,0.158,0.192,0,0,0,0,0,0,0,0,0,0,0,0,0,0,0,0,0,0,0,0,0.28,0,0,0,0,0,0,0.201,0,0,0,0,0,0.196,0,0,0,0,0,0,0,0,0,0,0,0,0,0,0.164,0,0,0,0,0,0.248,0,0,0,0.189,0.167,0,0.154,0,0,0,0,0,0,0,0.397,0,0.163,0,0,0,0,0.531,0,0,0,0,0.186,0,0,0,0,0,0,0,0.245,0,0.399,0.26,0,0,0,0,0,0.248,0,0,0,0,0,0,0,0,0,0,0.217,0,0.199,0,0,0,0,0,0.214,0,0.169,0.299,0.297,0,0,0.32,0,0,0,0,0,0,0,0,0,0,0,0,0,0,0,0,0,0,0,0,0,0,0,0,0,0,0,0.156,0,0,0,0,0,0,0.228,0,0,0.212,0.248,0,0,0,0,0,0,0,0,0,0,0,0,0.256,0,0,0,0,0,0,0,0,0,0,0,0,0,0,0,0,0,0,0,0,0,0,0,0,0,0.661,0,0,0,0,0,0,0,0,0,0,0,0,0,0,0,0,0,0,0.35,0,0,0,0.273,0.186,0,0,0,0,0,0,0.17,0,0,0,0.244,0.274,0,0,0,0,0,0.198,0,0,0.182,0,0,0,0,0,0,0,0,0,0,0,0,0,0.254,0,0,0,0,0,0.198,0.181,0,0,0,0,0,0,0,0,0.15,0,0,0,0.16,0,0,0,0,0,0,0,0.578,0,0,0,0.303,0,0,0,0.358,0,0,0,0,0,0,0.248,0,0,0,0,0,0,0,0,0,0,0,0,0.287,0,0,0,0,0,0,0,0,0,0.946,0,0,0,0,0,0,0,0,0,0,0,0,0,0,0,0,0,0,0,0,0,0,0,0,0,0,0,0,0.263,0,0,0.376,0,0,0,0,0,0,0,0,0,0,0,0,0,0,0,0,0,0,0,0,0,0,0,0,0,0,0,0,0,0,0,0,0,0,0,0,0,0,0,0,0,0,0,0,0,0,0.153,0,0,0,0,0,0,0.181,0,0,0,0,0,0,0,0,0,0,0.55,0.179,0,0,0,0,0.179,0.154,0.392,0.204,0,0,0,0.169,0.272,0,0,0,0,0,0,0,0,0,0,0,0.973,0,0,0,0,0.218,0,0.187,0,0,0,0,0,0,0,0,0,0,0,0,0.191,0,0,0,0,0,0,0,0,0,0,0,0,0,0,0,0,0,0,0,0,0,0,0,0,0,0,0,0,0,0,0,0,0,0,0.161,0,0.169,0,0,0,0.453,0,0,0,0,0,0,0,0,0,0,0,0,0,0,0,0,0,0,0,0,0.353,0,0,0,0,0,0,0.26,0,0,0,0,0,0,0,0,0,0,0,0,0.275,0,0,0,0,0,0,0,0.673,0,0,0,0,0.261,0,0,0,0,0,0,0,0,0,0,0,0,0.26,0,0,0,0.184,0,0,0,0,0,0,0,0,0,0,0,0,0.296,0.301,0,0,0,0,0.292,0.171,0.244,0,0,0,0,0,0.171,0,0.156,0,0,0,0,0,0,0,0,0,0,0,0,0,0,0,0,0,0,0,0,0.243,0,0,0,0,0,0,0,0,0,0,0,0,0,0,0,0,0,0,0,0,0,0.173,0,0,0,0,0,0,0,0,0,0.223,0,0,0,0,0,0,0,0,0,0,0,0,0,0,0,0,0,0,0,0,0,0.182,0,0,0,0.255,0,0,0,0,0,0,0,0,0,0,0,0,0,0,0,0,0,0,0,0,0,0,0,0,0.28,0,0,0,0,0,0,0,0,0.218,0,0,0,0,0,0,0,0,0,0,0,0,0,0.274,0,0,0,0,0,0,0,0.219,0,0,0,0,0,0,0,0,0,0,0,0,0,0,0,0,0,0.332,0,0,0,0,0,0,0,0,0,0,0,0,0,0,0,0.248,0,0,0,0.188,0,0,0,0,0,0,0,0,0,0,0.28,0,0.152,0,0,0,0,0.207,0,0.165,0,0,0,0.197,0,0,0,0,0,0,0,0,0.151,0,0,0,0,0,0,0,0,0,0,0,0,0,0,0.248,0,0,0,0,0,0.192,0,0,0,0,0,0,0,0,0,0.177,0,0,0,0,0,0,0,0,0.231,0,0,0,0,0.226,0,0,0,0,0,0,0,0,0,0,0,0,0,0,0.154,0,0.757,0,0,0,0,0,0,0.426,0.185,0,0,0.192,0,0,0,0,0.159,0.425,0,0,0,0,0,0,0.248,0,0,0,0,0,0,0,0,0,0,0,0,0,0,0,0,0,0,0,0,0,0,0,0,0,0,0,0,0,0,0,0,0,0,0,0.212,0,0,0,0,0,0,0,0,0,0,0,0,0,0,0,0,0,0,0,0,0,0,0,0,0,0,0.173,0,0,0,0,0,0,0,0,0,0,0,0,0,0.394,0,0,0.3,0.17,0,0,0,0,0,0,0,0,0,0,0.184,0,0,0,0,0,0,0.169,0,0,0,0,0,0,0,0,0.25,0,0,0,0,0,0,0.173,0,0,0,0.248,0,0,0,0,0,0,0,0,0,0,0,0,0,0,0,0,0,0,0,0,0,0,0,0,0,0,0,0,0,0,0,0,0,0,0,0.248,0,0,0,0,0,0,0,0,0,0,0,0,0,0,0,0,0,0,0.248,0,0,0,0,0,0,0,0,0,0,0,0,0,0,0,0,0,0,0,0,0,0,0,0,0,0,0,0.188,0.18,0,0,0,0,0,0,0,0,0,0,0,0,0,0,0.972,0,0.248,0,0,0,0,0,0,0,0,0,0.249,0,0,0,0,0,0,0,0,0,0,0,0,0,0,0,0,0,0,0,0,0,0,0,0.248,0,0,0,0,0,0,0,0,0,0,0,0.158,0,0,0,0.173,0,0.351,0.351,0,0.248,0,0,0,0,0,0,0,0,0,0,0,0,0,0,0,0,0,0,0,0,0,0.294,0,0,0,0,0,0,0,0.248,0,0,0.248,0.248,0,0,0.282,0,0,0.161,0.357,0,0,0,0,0,0,0,0,0,0,0,0,0,0,0,0,0,0,0,0,0.176,0,0,0,0,0,0,0,0,0,0,0
853751,0.534,0,0,0,0,0,0,0,0,0,0,0,0,0,0,0.716,0.196,0,0.841,0,0,0,0,0,0,0,0,0,0,0,0,0,0,0,0,0,0,0,0,0,0,0,0.351,0,0,0,0,0,0,0,0.378,0,0,0,0,0,0,0,0,0,0,0.497,0,0,0,0,0,0,0,0,0,0,0,0,0,0,0,0,0,0,0,0,0,0,0,0,0,0,0.68,0,0,0,0,0,0,0,0,0,0,0,0,0,0.195,0,0,0,0,0.394,0,0,0,0,0,0,0,0,0,0,0.62,0,0,0,0,0,0,0,0,0,0,0,0,0,0,0,0.152,0,0,0,0,0,0,0,0,0,0,0.651,0,0,0,0,0,0,0,0,0,0.157,0,0,0,0,0,0,0,0,0,0,0,0,0,0,0,0,0,0,0,0,0.398,0,0,0,0.193,0,0,0,0.302,0,0,0,0,0,0,0,0,0,0,0,0,0,0,0,0,0,0.514,0,0,0,0,0,0,0,0,0,0,0,0,0,0,0,0,0,0,0,0,0,0,0,0,0,0,0,0,0,0,0,0,0,0.196,0,0,0,0,0,0,0,0,0,0,0.258,0,0,0,0,0,0,0,0,0,0,0,0,0,0,0,0,0,0,0,0,0,0,0,0,0,0,0,0,0,0,0,0,0,0,0,0,0,0.192,0,0,0,0,0,0,0,0,0.309,0,0,0,0,0,0,0,0,0,0,0,0,0,0,0,0,0.537,0,0,0,0,0,0.567,0.617,0,0,0,0,0,0,0,0,0,0,0,0,0,0,0,0,0.554,0,0,0,0,0,0,0,0,0,0,0,0,0,0,0,0,0,0,0,0,0.276,0,0,0,0,0,0,0,0,0,0,0,0,0,0.215,0,0,0,0,0,0,0,0,0.359,0,0,0,0,0,0,0,0,0,0,0,0,0,0,0,0,0,0,0,0,0,0,0,0,0,0,0,0,0,0,0,0.19,0,0,0,0,0,0,0,0,0,0,0,0,0.309,0,0,0,0,0,0,0,0,0,0,0.196,0,0,0,0.171,0,0,0,0,0,0,0,0.351,0,0,0,0,0,0,0,0,0,0,0,0,0,0,0.295,0,0.398,0,0,0,0,0,0,0,0,0,0,0,0,0,0.371,0,0,0,0,0,0,0,0,0,0,0,0,0,0,0,0,0,0,0.786,0,0.193,0,0,0,0,0,0,0,0,0,0,0,0,0,0,0,0,0,0,0,0,0,0,0,0,0,0,0,0.284,0,0,0,0,0,0.514,0,0,0,0,0,0,0,0,0,0,0,0,0,0,0,0,0,0,0,0,0,0,0,0.333,0,0,0,0,0,0,0,0,0,0,0,0,0,0,0,0,0,0,0,0,0,0,0.22,0,0,0,0,0,0,0,0,0,0,0,0,0,0,0,0,0,0,0,0,0,0,0,0,0,0,0,0,0,0,0,0,0.357,0,0,0,0,0,0,0,0,0,0,0,0,0,0.44,0.196,0,0,0,0,0,0,0,0,0,0,0,0,0,0,0.164,0,0,0,0,0.191,0.309,0,0,0,0,0,0,0,0,0,0,0,0,0,0.161,0,0,0,0,0,0,0,0,0,0,0,0,0,0,0,0,0,0,0,0,0,0,0,0,0,0,0,0,0,0,0,0,0,0,0,0,0,0,0,0,0,0,0,0,0,0,0,0,0,0,0.379,0,0,0,0,0,0,0,0,0,0,0,0,0,0,0,0,0,0,0,0,0,0,0,0,0,0.511,0,0,0,0,0,0,0,0,0,0,0,0,0,0,0,0,0,0,0,0,0,0,0,0,0,0,0,0,0,0,0,0,0,0,0,0,0,0,0,0,0,0,0,0,0,0,0,0,0,0,0,0,0,0,0.514,0,0,0,0,0,0,0,0,0,0.332,0,0,0,0,0,0,0,0,0,0.339,0,0.406,0,0,0,0,0,0,0,0,0,0.303,0,0,0.445,0,0,0,0.51,0,0,0,0,0,0,0,0,0,0,0,0,0,0,0,0.481,0,0,0,0,0,0,0,0,0,0,0,0,0,0,0,0.368,0,0,0,0.396,0,0,0,0,0,0.394,0,0,0,0,0.169,0,0,0,0,0,0,0,0,0,0,0,0,0,0,0,0,0,0,0,0,0,0,0,0,0,0,0,0,0,0,0,0,0,0,0,0,0,0,0,0,0,0,0,0.68,0.483,0,0,0,0,0,0,0,0,0,0,0,0,0,0,0,0,0,0.193,0,0,0,0,0,0,0,0,0,0,0,0,0,0,0,0,0,0,0,0,0,0,0,0,0,0,0,0.315,0,0,0,0,0,0.252,0,0,0,0,0,0,0,0,0,0,0,0,0,0,0,0,0,0,0,0,0,0,0,0,0,0,0,0,0,0,0,0,0,0,0,0,0,0,0,0,0,0,0,0,0,0,0,0.585,0,0,0,0,0,0,0,0,0,0,0,0,0,0,0,0,0,0,0,0.48,0,0,0,0,0,0,0,0,0.531,0,0,0,0,0.229,0,0,0,0,0,0,0,0,0,0,0,0,0,0,0,0.196,0,0,0,0,0.684,0,0,0,0,0,0,0,0.619,0,0,0.514,0,0,0.157,0,0.353,0.392,0,0,0,0,0,0,0,0,0,0,0,0,0.159,0,0,0,0,0.229,0,0,0,0.681,0,0.49,0,0,0,0,0,0,0,0.531,0,0,0,0.398,0,0,0,0,0,0.54,0,0,0,0,0,0.45,0,0,0,0,0,0,0,0,0,0,0,0,0.228,0,0,0,0,0,0,0,0.315,0,0,0.483,0,0,0,0,0,0,0,0,0.193,0,0,0,0,0,0,0,0,0,0.297,0,0,0,0,0,0,0,0,0,0,0,0,0.333,0,0.394,0,0,0,0,0,0,0.315,0,0,0.768,0,0,0,0,0,0,0.23,0,0,0,0,0,0,0,0,0,0,0,0,0.83,0,0,0,0,0,0,0,0,0,0,0.398,0,0,0,0,0.392,0,0,0,0.455,0,0.554,0,0,0.394,0,0,0.229,0,0.392,0,0,0,0,0,0,0.339,0,0.48,0.61,0.239,0.272,0,0,0,0,0,0,0,0,0.392,0.164,0,0.37,0,0,0,0,0,0,0,0,0.515,0,0.44,0,0,0.618,0,0,0.481,0.273,0,0,0,0,0,0,0,0,0,0,0,0,0,0.539,0,0,0,0,0,0,0.237,0,0,0,0,0,0,0,0,0,0,0,0.445,0,0,0,0.532,0,0,0.282,0,0.418,0,0,0.419,0,0,0,0,0.651,0,0,0.585,0.638,0,0,0,0,0,0,0,0,0,0,0,0,0,0,0.331,0,0,0,0,0.68,0,0,0,0,0,0,0,0,0,0,0,0,0,0,0,0.163,0,0,0,0,0.284,0,0,0,0,0.446,0,0,0,0,0,0,0,0,0,0,0,0,0.61,0,0,0,0,0,0,0.164,0,0,0,0,0,0,0,0,0,0,0,0,0,0,0,0,0.193,0,0,0,0,0,0,0.699,0,0,0,0,0,0.969,0,0,0,0,0,0.978,0,0,0,0,0,0,0,0,0,0,0.446,0,0.309,0,0,0,0,0,0,0,0,0,0,0,0.3,0,0,0,0,0,0,0.191,0,0,0,0,0,0,0,0,0,0,0,0.302,0,0,0,0.15,0,0,0,0,0,0.319,0,0,0,0,0,0,0,0,0,0,0,0,0,0,0,0,0,0,0,0,0,0,0,0,0,0.351,0,0,0,0,0,0,0,0,0,0,0,0,0,0,0,0,0,0,0,0,0,0.196,0,0,0,0,0,0,0,0,0,0,0,0,0,0,0,0,0,0,0,0,0,0,0,0,0,0,0,0,0,0,0,0,0,0,0,0,0,0,0,0,0,0,0,0,0,0,0,0,0,0,0,0,0,0,0.217,0,0,0,0,0,0,0,0,0,0,0,0,0,0,0,0,0,0,0,0,0,0,0,0,0,0,0,0,0,0,0,0,0,0,0,0.171,0,0,0,0,0,0,0,0,0.18,0,0,0,0,0,0,0.482,0,0,0.187,0,0,0,0,0,0,0,0.292,0,0,0,0,0,0,0,0,0,0,0,0,0,0,0,0,0,0,0,0,0,0,0,0,0,0,0,0,0,0,0,0,0,0,0,0,0,0,0,0.272,0,0,0,0,0,0,0,0,0,0,0,0,0,0,0,0,0,0,0,0,0,0,0,0,0,0,0,0,0,0,0,0,0,0,0,0,0,0,0,0,0,0,0,0.206,0,0,0,0,0,0,0,0,0,0,0,0,0,0,0,0,0,0,0,0,0,0,0,0,0,0,0,0,0,0,0,0,0,0,0,0,0,0,0,0,0,0,0,0,0,0,0,0,0,0,0,0,0,0,0,0,0,0,0,0,0,0,0,0,0,0,0,0,0,0,0,0,0,0,0,0,0,0,0,0,0,0.196,0,0,0,0,0,0,0,0,0,0,0,0,0,0,0,0,0,0,0,0.43,0,0,0,0.36,0,0,0,0,0,0,0,0,0.3,0,0,0.169,0,0,0,0,0,0,0.171,0.659,0,0,0,0,0.556,0,0.226,0,0,0,0,0,0,0,0,0,0,0,0,0,0,0,0.449,0,0,0,0,0,0,0.309,0,0,0.589,0,0,0,0,0,0,0,0,0,0,0,0,0,0,0,0,0,0,0,0.171,0,0,0,0,0,0,0,0,0,0,0,0,0,0,0,0,0,0.39,0,0,0,0,0.191,0,0,0,0,0,0.239,0,0,0,0,0,0,0,0,0,0.299,0.374,0,0,0,0.258,0,0,0,0,0,0,0,0,0,0.165,0,0,0,0,0,0.23,0,0,0,0,0,0,0,0,0,0,0,0,0,0,0,0,0.161,0,0,0,0,0,0,0,0,0,0,0,0.337,0,0.3,0,0.269,0,0.338,0,0,0,0,0,0,0,0,0,0,0,0,0,0.175,0,0,0,0,0,0,0,0,0,0,0,0,0,0,0,0,0,0.437,0,0,0,0,0,0,0,0,0,0,0,0,0,0,0,0,0,0,0,0,0,0,0,0,0,0,0.165,0,0,0,0,0,0.53,0,0,0,0,0,0,0,0,0,0.169,0,0,0,0,0,0,0,0,0,0,0,0,0,0,0,0,0,0,0,0,0,0,0,0,0,0,0,0,0,0,0,0,0,0,0,0,0,0,0,0,0,0,0,0,0,0,0,0,0,0,0,0,0,0,0,0,0,0,0,0,0,0,0,0,0,0,0,0,0,0,0,0,0,0,0,0,0,0,0,0,0,0,0,0,0,0,0,0,0,0,0,0,0,0,0,0,0,0,0,0,0,0,0,0,0,0,0,0,0,0,0.193,0,0,0,0,0,0,0,0,0,0,0,0,0,0,0,0,0,0,0,0,0,0,0,0,0,0,0,0,0,0,0,0,0,0,0,0,0,0,0,0,0,0,0,0,0,0,0,0,0,0,0,0,0,0,0,0.189,0,0,0,0,0,0,0,0,0,0.193,0,0,0,0,0,0,0,0,0,0,0,0,0,0,0,0,0,0,0,0,0,0,0,0,0,0,0,0,0,0,0,0,0,0,0,0,0,0,0,0,0,0,0,0,0,0,0,0,0,0,0,0,0,0.157,0,0,0,0,0,0,0,0,0,0,0,0,0,0,0,0,0,0,0,0,0,0,0,0,0,0,0,0,0,0,0,0,0,0,0,0,0,0,0,0,0,0,0,0,0,0,0,0,0,0,0,0,0,0,0,0,0,0,0,0,0,0,0,0,0,0,0,0,0,0,0,0,0,0,0,0,0,0,0,0,0,0,0,0,0.295,0,0.167,0,0,0,0,0,0,0,0,0,0,0,0,0,0,0,0,0,0,0,0,0,0,0,0,0,0,0,0,0,0,0,0,0,0,0,0.193,0,0,0,0,0,0,0,0,0,0,0,0,0,0,0,0,0,0,0,0,0,0,0,0,0,0,0,0,0,0,0,0,0,0,0,0,0,0,0,0,0,0,0,0,0,0,0,0,0,0,0,0,0,0,0,0,0,0,0,0,0,0,0,0,0,0,0,0,0,0,0,0,0,0,0,0,0,0,0,0,0,0.191,0,0,0,0,0,0,0,0,0.207,0,0,0,0,0,0.159,0,0,0,0,0,0,0,0,0,0,0,0,0,0,0,0,0,0,0,0,0,0,0,0,0,0,0,0,0,0.295,0,0,0,0,0,0,0,0,0,0,0,0,0,0,0,0,0,0,0,0,0,0,0,0.994,0,0,0,0.303,0,0,0,0.192,0,0,0,0,0,0,0,0,0,0,0,0,0,0.258,0,0,0,0,0,0,0,0,0,0,0,0,0,0,0,0,0,0,0,0,0,0,0,0,0,0,0,0,0,0,0,0,0,0,0,0,0,0,0,0,0,0,0,0,0,0,0,0,0,0,0,0,0,0,0.276,0,0,0,0,0.481,0,0,0,0,0,0,0.307,0,0,0,0,0,0,0,0,0,0,0,0,0,0,0,0,0,0,0,0,0,0,0,0,0,0,0,0,0,0,0,0,0,0,0,0,0,0,0,0,0,0,0,0,0,0,0,0,0,0,0,0,0,0,0,0,0,0,0,0,0,0,0,0,0,0,0,0,0,0,0,0,0,0,0,0,0,0,0,0,0,0,0,0,0,0,0,0,0,0,0,0,0,0,0,0,0,0,0,0,0,0,0,0,0,0,0,0,0,0,0,0,0,0,0,0,0,0,0,0,0,0,0,0,0,0,0,0,0,0,0,0,0,0,0,0,0,0,0,0,0,0,0,0,0,0,0,0,0,0,0,0,0,0,0,0,0,0,0,0,0,0,0,0,0,0,0,0,0,0,0,0,0,0,0,0.152,0,0,0,0,0,0,0,0,0,0,0,0,0,0,0,0,0,0,0,0,0,0,0,0,0,0,0,0,0,0,0,0,0,0,0,0,0,0,0,0,0,0,0,0,0,0,0,0,0,0,0,0.169,0,0,0,0,0,0,0,0,0,0,0,0,0,0,0,0,0,0,0,0,0,0,0,0,0,0,0.682,0,0,0,0,0,0,0,0,0,0,0,0,0,0,0,0,0,0,0,0,0,0,0,0,0,0,0,0,0,0,0,0,0,0,0,0,0,0,0,0,0,0.195,0,0,0,0,0,0,0,0,0,0,0,0,0,0,0,0,0,0,0,0,0,0,0,0,0,0,0.497,0,0,0,0,0,0,0,0,0,0,0,0,0,0.519,0,0,0.45,0,0.273,0,0,0,0.447,0.247,0.228,0,0,0,0,0,0.191,0,0,0,0,0,0,0,0,0,0,0,0.24,0.353,0,0,0,0,0.309,0,0,0,0,0,0,0,0,0,0.161,0,0,0,0,0,0,0,0,0,0,0,0,0.271,0,0,0,0,0,0,0,0,0,0,0,0,0,0,0,0,0,0,0,0,0,0,0,0,0,0,0,0,0,0,0,0,0,0.552,0,0,0,0.39,0.377,0,0,0,0,0,0,0,0,0,0,0,0,0,0,0,0,0,0,0,0,0,0,0,0,0,0,0,0,0,0,0,0,0,0,0,0,0,0,0,0,0,0,0,0,0,0,0,0,0,0,0,0,0,0,0,0,0,0,0,0,0,0,0,0,0,0,0,0,0,0,0,0,0,0,0,0,0,0,0,0,0,0,0,0,0,0,0,0,0,0,0,0,0,0,0,0,0,0,0,0.551,0,0,0.175,0,0,0,0,0,0,0,0,0,0,0,0,0,0,0,0,0,0,0,0,0,0,0,0,0,0,0,0,0,0.45,0.304,0,0,0,0,0,0,0,0,0,0,0,0,0,0,0,0,0,0,0,0,0,0,0.16,0,0,0,0,0,0,0,0,0,0,0.159,0,0,0,0.187,0,0,0,0,0,0,0.476,0,0,0.19,0,0,0,0.297,0,0,0,0,0,0,0,0,0,0,0,0,0,0,0,0,0,0,0,0.335,0,0,0,0,0,0,0,0,0,0.183,0.212,0,0,0,0,0,0,0,0,0,0,0,0,0,0,0,0,0,0,0,0,0,0,0,0,0,0,0,0,0,0,0.551,0,0,0,0,0.191,0,0.188,0,0,0,0,0,0,0,0,0,0,0,0.368,0,0,0,0,0,0,0,0,0,0,0,0,0,0,0,0,0,0,0,0,0,0,0.632,0,0,0,0.626,0,0,0,0,0,0,0,0,0,0,0,0,0,0.391,0,0,0.513,0,0,0,0.229,0,0,0,0,0,0,0,0,0,0,0,0,0,0.449,0,0,0,0,0,0,0,0,0,0,0,0,0,0,0,0,0,0,0,0,0,0,0,0,0,0,0,0,0,0,0,0,0,0,0,0,0,0,0,0,0,0,0,0.25,0,0,0.164,0,0,0,0,0,0,0,0,0.159,0.3,0,0.357,0,0,0,0.161,0,0,0,0.929,0,0,0,0,0,0,0,0,0,0,0,0,0,0,0.217,0,0,0,0,0,0,0.392,0,0,0,0,0,0,0.331,0,0,0.71,0,0,0,0,0,0.351,0,0,0,0,0,0,0,0,0,0,0,0,0,0,0,0,0,0,0,0,0,0,0.271,0,0,0,0,0,0,0,0,0,0,0,0,0,0,0,0,0.163,0,0,0,0,0,0,0,0,0,0,0,0,0,0,0,0,0,0,0,0,0,0,0,0,0,0,0,0,0.446,0.551,0,0,0,0,0,0,0,0,0,0,0,0,0,0,0,0,0,0,0,0,0,0,0,0,0,0,0,0,0,0,0,0,0,0,0,0,0,0,0,0,0,0,0,0,0,0,0.172,0,0,0,0,0,0,0,0,0,0,0,0,0,0,0,0,0,0,0,0,0,0,0,0,0,0,0,0,0.297,0,0,0,0,0,0,0,0,0,0,0,0,0,0,0,0,0,0,0,0,0,0,0,0,0,0,0,0,0,0,0,0.229,0,0,0,0,0,0,0,0,0,0,0,0,0,0,0,0,0,0,0,0,0,0,0,0,0,0,0,0,0,0,0,0,0,0,0,0,0,0,0,0,0,0,0,0,0,0,0,0,0,0,0,0,0,0,0,0,0,0,0,0,0,0,0,0,0,0,0,0,0,0,0,0,0,0,0,0,0,0,0,0,0,0,0,0,0,0,0,0,0,0,0,0,0,0,0,0,0,0,0,0,0,0,0,0,0,0,0,0,0,0,0,0,0,0,0,0,0,0,0,0,0,0,0,0,0,0,0,0,0,0,0,0,0,0,0,0,0,0,0,0,0.514,0,0,0,0,0,0,0,0,0,0,0,0,0,0,0,0,0,0,0,0,0,0.53,0,0,0,0,0,0,0,0,0,0,0,0,0.22,0,0,0,0,0,0,0,0,0,0.645,0,0,0,0,0,0,0,0,0,0,0,0,0,0,0,0,0,0,0,0,0,0,0,0,0,0,0,0,0,0,0,0,0,0,0,0,0,0,0,0,0,0,0,0,0,0,0,0.15,0,0,0,0,0,0,0,0,0,0,0,0,0.357,0,0,0.276,0,0,0,0,0.17,0,0,0,0,0,0,0,0,0,0,0,0,0,0,0,0,0,0,0,0,0,0,0,0,0,0,0,0,0,0,0,0,0,0,0,0,0,0,0,0,0,0,0.284,0,0,0,0,0,0,0,0,0,0,0,0.323,0,0,0,0,0,0,0,0,0,0,0,0,0,0,0,0,0,0,0,0,0,0,0,0,0,0,0,0,0,0,0,0,0,0,0,0,0,0,0,0,0,0,0,0,0,0,0,0,0,0,0,0,0,0,0,0,0,0,0.155,0,0,0,0,0,0,0,0,0,0,0,0,0,0,0,0,0,0,0.169,0,0,0,0,0,0,0,0,0,0,0,0,0.354,0,0,0,0,0,0,0,0.515,0.358,0,0,0,0,0,0,0,0,0,0,0,0,0,0,0,0,0,0,0,0,0,0.293,0,0,0.201,0,0,0,0,0,0,0,0,0,0,0,0,0,0,0,0,0,0,0,0,0,0,0,0,0,0.514,0,0,0,0,0,0.571,0,0,0,0,0,0,0,0,0,0,0,0,0,0,0,0,0,0,0,0,0,0.195,0,0,0,0,0,0,0,0,0,0,0,0,0,0,0,0,0.156,0,0,0,0,0,0,0,0,0,0,0,1
853872,0,0,0,0,0,0,0,0,0,0,0,0,0,0,0,0,0,0,0,0,0.401,0,0,0,0,0,0,0,0,0.479,0,0,0,0,0,0,0,0.171,0,0,0,0.495,0.163,0,0,0,0,0,0,0,0,0,0,0,0.171,0,0,0,0,0,0,0,0,0,0,0.2,0,0.72,0,0,0,0,0,0,0,0,0,0.211,0,0,0,0,0,0,0,0,0.783,0,0,0,0,0,0,0,0,0,0.36,0,0,0,0,0,0,0,0,0,0,0,0,0,0,0.201,0,0,0,0,0,0,0,0,0,0,0,0,0,0.173,0,0,0,0,0,0,0,0,0,0.338,0,0,0,0,0,0,0,0,0,0,0,0,0,0,0,0,0,0,0,0.658,0,0,0,0,0,0,0,0,0,0,0,0,0,0,0,0,0,0,0,0,0,0,0,0,0,0,0,0,0,0,0,0,0,0,0.158,0,0,0,0,0,0,0,0,0,0,0,0,0,0,0,0,0,0,0,0,0,0,0,0,0,0,0,0,0,0,0,0,0,0,0,0,0,0,0,0,0,0,0,0,0,0,0,0,0.218,0,0,0,0,0,0,0,0,0,0,0,0,0,0,0,0,0,0,0,0,0,0,0,0,0,0,0,0,0,0,0,0,0,0,0,0,0,0,0,0,0,0,0,0,0,0,0,0,0.169,0,0,0,0,0,0,0,0,0,0,0,0,0,0,0,0,0,0,0,0,0,0.169,0,0,0,0,0,0,0,0,0,0,0,0,0,0,0,0.392,0,0,0,0,0,0,0,0,0,0,0,0,0,0,0,0,0,0,0,0,0,0,0,0,0,0,0,0,0,0,0,0,0,0,0,0,0,0,0,0.17,0,0,0,0,0,0,0,0,0,0,0,0,0,0,0,0,0,0,0,0,0,0,0,0,0,0,0,0,0,0,0,0,0,0,0,0,0,0,0,0,0,0,0,0,0.194,0,0,0,0,0.191,0,0,0,0,0,0,0,0,0,0,0,0,0.309,0,0,0,0,0,0,0,0,0,0,0,0,0,0,0,0,0,0,0,0,0,0,0,0,0,0,0,0,0,0,0.334,0,0,0,0,0,0,0,0,0,0,0,0,0,0,0,0,0,0,0,0,0,0,0,0,0,0,0,0,0,0,0,0,0,0,0.175,0,0,0,0,0,0,0,0,0,0,0,0,0,0,0,0,0,0,0,0,0,0,0,0,0,0,0,0,0,0,0,0,0,0,0,0,0,0,0,0,0,0,0,0,0,0,0.175,0,0,0,0,0,0,0,0,0,0,0,0,0,0,0,0,0,0,0,0,0,0.218,0,0,0,0,0,0,0,0,0,0,0,0,0,0,0,0,0,0,0,0,0,0,0,0,0,0,0,0,0,0.312,0,0,0,0,0,0,0.176,0,0,0,0,0,0,0,0,0,0,0,0,0,0,0,0,0,0,0,0,0,0,0,0,0.195,0,0,0,0,0,0,0,0,0,0,0,0,0,0,0,0,0,0,0,0,0,0,0,0,0,0,0,0,0,0,0,0,0,0,0,0,0.202,0,0,0,0,0,0,0,0,0,0,0,0,0,0,0,0,0,0,0,0,0,0,0,0,0,0,0,0,0,0,0,0,0,0,0,0,0,0.662,0,0,0,0,0,0,0,0.309,0,0,0,0,0,0,0.156,0,0,0,0,0,0,0,0,0,0,0,0,0,0,0,0,0,0.175,0,0,0,0,0,0,0,0,0,0,0,0,0,0,0,0,0,0,0,0,0,0,0,0,0,0,0,0,0,0,0,0,0,0,0,0,0,0,0,0,0,0,0,0,0,0,0,0,0,0,0,0,0,0,0,0,0,0,0,0,0,0,0,0.216,0,0,0,0,0,0,0.193,0,0,0,0,0,0,0,0,0,0,0,0,0,0,0,0,0,0,0,0,0,0,0,0,0,0,0,0,0,0,0,0,0,0,0,0,0,0,0,0,0,0,0,0,0,0,0,0,0,0,0,0,0,0,0,0,0,0,0,0,0,0,0,0,0,0,0,0,0,0,0,0,0,0,0,0,0,0,0,0,0,0,0,0,0,0,0,0,0,0,0,0,0,0,0,0,0,0,0,0,0,0,0,0,0,0,0,0,0,0,0,0,0,0,0,0,0,0,0,0,0,0,0,0,0,0,0,0,0,0,0,0,0,0,0,0,0,0,0,0,0,0,0,0,0,0,0,0,0,0,0,0,0,0,0,0,0,0,0,0,0,0,0,0,0,0,0,0,0,0,0,0,0,0.339,0,0,0,0,0,0,0,0,0,0,0,0,0,0,0,0,0,0,0,0,0,0,0,0,0,0,0,0,0,0,0,0,0,0,0,0,0,0,0,0,0,0,0,0,0,0,0,0,0,0,0,0,0,0,0,0,0,0,0,0,0,0,0.786,0,0,0,0,0,0,0,0,0,0,0,0,0,0,0,0,0,0,0.307,0,0,0,0,0.307,0,0,0,0,0,0,0,0,0,0,0,0,0.171,0,0,0,0,0,0,0,0,0,0,0,0,0,0,0,0,0,0,0,0,0,0,0,0,0,0,0,0,0,0,0.269,0,0,0,0,0,0,0,0,0,0,0,0,0,0,0,0,0,0.228,0.363,0,0,0,0.158,0,0,0,0,0,0,0,0,0,0,0,0,0,0,0,0,0,0,0,0,0,0,0,0,0,0,0,0,0,0,0,0,0,0,0,0,0,0.242,0,0,0,0,0,0.194,0,0,0,0,0,0,0,0,0,0,0,0,0,0,0,0,0,0,0,0,0,0,0,0,0,0,0,0,0,0,0,0,0.207,0,0,0,0,0,0,0,0,0.233,0,0,0,0,0,0,0,0,0,0,0,0,0,0,0,0,0,0,0,0,0,0,0,0,0,0,0,0,0,0,0,0,0,0,0,0,0,0,0,0,0,0,0,0,0,0,0,0,0,0,0,0,0,0,0,0,0,0,0,0,0,0,0,0,0,0,0,0,0,0,0,0,0,0,0,0,0,0,0,0,0,0,0,0,0,0,0,0,0,0,0,0,0,0,0,0,0,0,0,0,0,0,0,0,0,0,0,0,0,0,0,0,0,0,0,0,0,0,0,0,0.219,0,0,0,0,0,0,0,0,0,0,0.192,0,0,0,0,0,0,0,0,0,0,0,0,0,0,0,0,0,0,0,0,0,0,0,0,0,0,0,0,0,0,0,0,0,0,0,0,0,0,0,0,0,0,0,0.298,0,0,0.202,0,0,0,0,0,0,0,0,0,0,0,0,0,0,0.443,0,0,0,0,0,0,0,0,0,0,0,0,0,0,0,0,0,0,0,0,0,0,0,0,0,0,0,0,0,0,0,0,0,0,0,0,0,0,0,0,0,0.264,0,0,0,0,0,0,0,0,0,0,0,0,0,0,0,0.252,0,0,0,0,0,0,0,0,0,0,0,0,0,0,0,0,0,0,0.187,0,0,0,0,0,0.269,0,0,0,0,0,0,0,0,0,0,0,0,0,0,0,0,0,0,0,0,0,0,0,0,0,0,0,0,0,0,0.195,0,0,0,0,0,0,0,0,0,0,0,0,0,0,0,0,0,0,0,0,0,0,0,0,0,0,0,0,0,0,0,0,0,0,0,0,0,0,0,0,0,0,0,0,0,0,0,0,0,0,0,0,0,0,0,0,0,0,0,0,0,0,0,0,0,0,0,0,0,0,0,0,0,0,0,0,0,0,0,0.313,0,0,0,0,0,0,0,0.262,0,0,0,0.203,0,0,0,0,0.217,0,0,0,0,0,0,0,0,0,0,0,0,0,0,0,0,0,0,0,0,0,0,0,0,0,0,0,0,0,0,0,0,0,0,0,0,0,0,0,0,0,0,0,0,0,0,0,0,0,0,0,0,0,0,0,0,0,0,0,0,0,0,0,0,0,0,0,0,0,0,0,0,0,0,0,0,0,0,0,0,0,0,0,0,0,0,0,0,0,0,0,0,0,0,0,0,0,0,0,0,0,0,0,0,0,0,0,0,0,0,0,0,0,0,0,0,0,0,0,0,0,0,0.203,0,0,0,0,0,0,0,0.165,0,0,0,0,0,0,0,0,0,0,0,0,0,0,0,0,0,0,0,0,0,0,0,0,0,0,0,0,0,0,0,0,0,0,0,0,0,0,0,0,0,0,0,0,0,0,0.389,0,0,0,0,0,0,0,0,0,0,0,0,0,0,0,0,0,0,0,0,0,0,0,0,0,0,0,0,0,0,0,0,0,0,0,0,0,0,0,0,0,0,0,0,0,0,0,0,0,0,0,0,0,0,0,0,0,0,0,0,0.448,0,0.167,0,0,0,0,0,0,0,0,0,0,0,0,0,0,0,0,0,0,0,0,0,0,0,0,0,0,0,0,0,0,0,0,0.445,0,0,0.227,0,0,0,0,0,0.363,0,0,0,0,0,0,0,0,0,0,0,0,0,0,0,0,0,0,0,0.154,0,0,0,0,0,0,0,0,0,0,0,0,0,0,0,0,0,0,0,0,0,0,0,0.45,0.177,0,0,0,0,0.204,0,0,0,0,0,0,0,0.156,0,0,0,0,0,0,0,0,0,0,0,0,0,0,0,0,0,0.353,0,0,0,0,0,0,0,0,0,0,0,0,0,0,0,0,0,0,0,0,0,0,0,0,0,0,0,0,0,0,0,0,0,0,0,0,0,0,0,0,0,0,0,0,0,0.177,0,0,0,0,0,0.167,0,0,0,0,0,0,0,0,0,0,0,0,0,0.533,0,0,0,0,0,0,0,0,0,0,0,0,0,0,0,0,0,0,0,0,0,0,0,0,0,0,0,0,0,0,0,0,0,0,0,0,0,0,0,0,0,0,0,0.239,0,0,0,0,0,0,0,0,0,0,0,0,0,0,0,0,0,0,0,0,0,0,0,0,0,0,0,0,0,0,0,0,0,0,0,0,0,0,0,0,0,0,0,0,0,0,0,0,0,0,0,0,0,0,0,0,0,0,0,0,0,0,0.228,0,0,0,0,0,0,0,0,0,0,0,0,0,0,0,0,0,0,0,0,0,0,0,0,0,0,0,0,0,0,0,0,0,0,0,0,0,0,0,0,0,0,0,0,0,0,0,0,0,0,0,0,0,0,0,0,0,0,0,0,0,0,0,0,0,0,0,0,0,0.198,0,0,0,0,0,0,0,0,0,0,0,0,0,0,0,0,0,0,0,0,0,0,0,0,0,0,0.194,0,0,0,0,0,0,0,0,0,0,0,0,0,0,0,0,0,0,0,0,0,0,0,0,0,0,0,0,0,0,0,0,0,0,0,0,0,0,0,0,0,0,0,0,0,0,0,0,0,0,0,0,0,0,0,0,0,0,0,0,0,0,0,0,0,0,0,0,0,0,0,0,0,0,0,0,0,0,0,0,0,0,0,0,0,0,0,0,0.167,0,0,0,0,0,0,0,0,0,0,0,0,0,0,0,0,0,0,0,0,0,0,0,0,0,0,0,0,0,0,0,0,0,0,0,0,0,0,0,0,0,0,0,0,0,0,0,0,0,0,0,0,0,0,0,0,0,0,0,0,0,0,0,0,0,0,0,0,0,0,0,0,0,0,0,0,0.186,0,0,0,0,0,0,0,0,0,0,0,0,0,0,0,0,0,0,0,0,0,0,0,0,0,0,0,0,0,0,0,0,0.177,0,0,0,0,0,0,0,0,0,0,0,0,0,0,0,0,0,0,0,0,0,0,0,0,0.554,0,0,0,0,0,0,0,0,0,0,0,0,0,0,0,0,0,0,0,0,0,0,0,0,0,0,0,0,0,0,0,0,0,0,0,0,0,0,0,0,0,0,0,0,0,0,0,0,0,0,0,0,0,0,0,0,0,0,0,0,0,0,0,0,0,0,0,0,0.272,0,0,0,0,0,0,0,0,0.236,0.223,0,0,0,0,0,0,0,0,0,0,0,0,0,0,0,0,0,0,0,0,0,0,0,0,0,0,0,0,0,0,0,0,0,0,0,0,0,0,0,0,0,0,0,0,0,0,0,0,0,0.215,0,0,0,0,0,0,0,0,0,0,0,0,0,0,0,0,0,0,0.153,0.304,0,0,0,0,0,0,0,0,0,0,0,0,0,0,0,0,0,0,0,0,0,0,0,0,0,0,0,0,0,0.167,0,0,0,0,0,0,0,0.212,0,0,0,0,0,0,0,0,0.199,0,0,0,0,0,0,0,0,0,0,0,0,0,0,0.218,0,0,0,0,0,0,0,0,0,0,0.36,0,0,0,0,0,0.181,0,0,0,0,0,0,0,0,0,0,0,0,0,0,0,0,0,0,0,0,0,0,0,0,0,0,0,0,0,0,0,0,0,0,0,0,0,0,0,0,0,0,0,0,0,0,0,0,0,0.252,0,0,0,0,0,0,0,0,0,0,0,0,0,0,0,0,0,0,0,0,0,0,0,0,0,0,0,0,0,0,0,0,0,0,0,0,0,0,0,0,0,0,0,0,0,0,0,0,0,0,0,0,0,0,0,0,0,0,0,0,0,0,0,0,0,0,0,0,0,0,0,0,0,0,0,0,0,0,0,0,0,0,0,0,0,0,0,0,0,0,0,0,0,0,0,0,0,0,0,0,0,0,0,0,0,0,0,0,0,0,0,0,0,0,0,0,0,0,0,0,0,0,0,0,0,0,0,0,0,0,0,0,0,0,0,0,0,0,0,0,0,0,0,0,0,0,0,0,0,0,0,0,0,0,0,0,0,0,0,0,0,0,0,0,0,0,0,0,0,0,0,0,0,0,0,0,0,0,0,0,0,0,0,0,0,0,0,0,0,0,0,0,0,0,0,0,0,0,0,0,0,0,0,0,0,0,0,0,0,0,0,0,0,0,0,0,0,0,0,0,0,0,0,0,0,0,0,0,0,0,0,0,0,0,0,0,0,0,0,0,0,0,0,0,0,0,0,0,0,0,0,0,0,0,0,0,0,0,0,0,0,0,0,0,0,0,0,0,0,0,0,0,0,0,0,0,0,0,0,0,0,0,0,0,0,0,0.825,0,0,0,0,0.171,0,0,0,0,0,0,0,0,0,0,0,0,0,0,0,0,0,0,0,0,0,0,0,0,0,0,0,0,0,0,0,0,0,0,0,0,0,0,0,0,0,0,0,0,0,0,0,0,0,0,0,0,0,0,0,0,0.267,0,0,0,0,0,0,0,0,0,0,0,0,0,0,0,0,0,0,0,0,0,0,0,0,0,0,0,0,0,0,0,0,0,0.225,0,0,0,0,0,0,0,0,0,0,0,0,0,0,0,0,0,0,0,0.275,0,0,0,0,0,0,0,0,0,0,0,0,0,0,0.238,0,0,0,0,0,0,0,0.218,0,0,0,0,0,0,0,0,0,0,0,0,0,0,0,0,0,0,0,0,0,0,0,0,0,0,0,0,0,0,0,0,0,0,0,0,0,0,0,0,0,0,0.191,0,0.699,0,0,0,0,0,0,0,0,0,0,0,0,0,0,0,0.239,0,0.205,0.22,0,0,0.218,0,0,0,0,0,0,0,0,0,0,0,0,0,0,0,0,0,0,0.218,0,0,0,0,0,0.218,0,0,0,0,0,0,0,0,0,0,0,0,0,0,0,0,0,0,0,0,0,0.292,0,0,0,0,0,0,0,0,0,0,0,0,0,0,0,0,0,0,0,0,0,0,0,0,0,0,0,0.15,0,0,0,0,0,0,0,0,0,0.214,0,0,0,0,0,0,0,0,0,0,0,0,0,0,0,0,0,0,0,0,0,0,0,0,0,0,0,0,0,0,0,0,0,0,0,0,0.449,0,0.331,0,0,0,0,0,0,0,0,0,0,0,0,0,0,0,0,0,0,0,0,0,0,0,0,0,0,0,0,0,0,0.218,0,0,0,0,0,0,0,0,0,0,0,0,0,0,0,0,0,0,0,0,0,0,0,0,0,0,0,0,0,0,0,0,0,0,0,0,0,0,0,0,0,0,0,0,0,0,0,0,0.227,0,0,0,0,0,0,0,0,0,0,0,0,0.455,0,0,0,0,0,0,0,0,0,0,0,0,0,0,0,0,0,0,0,0,0,0,0,0,0,0,0,0,0,0,0,0,0,0,0,0,0,0,0,0,0,0,0,0,0,0,0,0,0,0.19,0,0,0,0,0,0,0,0,0,0,0,0,0,0,0,0,0,0,0,0,0,0,0,0,0,0,0,0,0,0,0,0,0,0,0,0,0,0,0,0,0,0.202,0,0,0,0,0,0,0,0,0,0,0,0,0,0,0,0,0,0,0,0,0,0,0,0,0,0,0,0,0,0,0,0,0.187,0,0,0,0,0,0,0,0,0,0,0,0,0,0,0,0,0,0,0,0,0,0.524,0,0,0,0,0,0,0,0,0,0,0,0,0,0,0,0,0,0,0,0,0,0,0,0,0,0,0,0,0,0,0,0.206,0,0,0,0,0,0,0,0,0,0,0,0,0,0,0,0,0,0,0,0,0,0,0,0,0,0,0,0,0,0,0,0,0,0,0,0,0,0,0,0,0,0,0,0,0.161,0,0,0,0,0,0,0,0,0,0,0,0,0,0,0,0,0,0,0,0,0,0,0.175,0,0,0,0,0,0,0,0,0,0,0,0,0,0,0,0,0,0,0,0,0,0,0,0,0,0,0,0,0,0,0,0,0,0,0,0,0,0,0,0,0,0,0,0,0,0,0,0,0,0,0,0,0,0,0,0,0,0,0,0,0.218,0,0,0,0,0,0,0,0.662,0,0,0,0,0,0,0,0,0,0,0,0,0,0,0,0.307,0,0,0,0.329,0,0,0,0,0,0,0,0,0.266,0,0,0.187,0,0,0,0,0,0,0,0,0,0,0,0,0,0,0,0,0,0,0,0,0,0,0,0,0,0.218,0,0,0,0,0,0,0,0,0,0,0,0,0,0,0,0,0,0,0,0,0,0,0,0,0,0,0.254,0,0,0,0,0,0,0,0,0,0,0,0,0,0,0,0,0,0,0,0,0,0,0,0,0,0,0,0,0.351,0,0,0,0,0,0,0,0,0,0,0,0,0,0,0,0,0,0,0,0,0,0,0,0,0,0,0,0,0,0,0,0,0,0.218,0,0,0,0,0,0,0,0,0,0,0,0,0,0,0,0,0,0,0,0,0,0,0,0,0,0,0,0,0,0,0,0,0,0,0,0,0,0,0,0,0,0,0,0,0,0,0,0,0,0,0,0,0,0,0,0,0,0,0,0,0,0,0,0,0,0,0,0,0,0,0,0,0,0,0,0,0,0,0,0,0,0,0,0,0,0,0,0,0,0,0,0,0,0,0,0,0,0,0,0,0,0,0,0,0,0,0,0,0,0,0,0,0,0,0,0,0,0,0.27,0,0,0,0,0,0,0,0,0,0,0,0,0,0,0,0,0,0,0,0,0,0,0,0,0,0,0,0,0.393,0.399,0,0,0,0,0,0,0,0,0,0,0,0,0,0,0,0,0,0,0,0,0,0,0,0,0,0,0,0,0,0,0,0,0,0,0,0,0,0,0,0,0,0,0,0,0,0.694,0,0,0,0,0,0,0,0,0,0,0.293,0,0,0,0,0,0,0,0,0,0,0,0,0,0,0,0,0,0,0,0,0,0,0,0,0,0,0,0,0,0,0,0,0,0,0,0,0.355,0,0,0,0,0,0,0,0,0,0,0,0,0,0,0,0,0,0,0,0,0,0,0,0,0,0,0,0,0,0,0,0,0,0,0,0,0,0,0,0,0,0,0,0,0,0,0,0,0,0,0,0,0,0,0,0,0,0,0,0,0,0,0,0,0,0,0.164,0,0,0,0,0.19,0,0,0,0,0,0,0,0,0,0,0,0,0,0,0,0,0,0,0,0,0,0,0,0,0.198,0,0,0,0,1
854713,0,0.152,0,0,0,0,0.193,0.151,0.248,0,0,0.17,0,0.166,0,0.254,0.263,0.249,0,0,0,0,0,0,0,0,0,0.251,0,0,0,0,0,0.165,0.292,0,0,0,0,0,0,0,0,0,0,0,0.159,0,0,0,0,0,0,0,0,0,0,0,0,0.152,0,0,0,0,0.279,0,0.195,0,0,0.795,0.743,0,0,0,0,0,0,0.193,0.259,0,0.243,0,0.852,0.227,0,0.235,0,0,0,0,0,0,0,0.182,0,0,0.335,0.42,0,0,0,0.642,0.339,0,0,0.263,0,0,0,0,0,0,0,0,0.251,0,0,0,0,0,0,0,0,0,0,0.751,0,0,0,0,0.16,0,0,0,0,0,0,0,0,0,0,0,0.317,0,0,0.235,0,0,0,0.823,0.311,0,0.159,0.175,0,0.261,0,0,0,0.293,0,0.232,0,0.288,0.307,0,0,0.202,0,0,0,0,0,0,0,0,0,0,0,0.217,0,0,0,0,0,0,0,0,0,0,0,0,0,0,0,0,0,0,0,0,0,0,0,0,0,0,0,0,0,0.272,0,0,0,0,0,0,0,0,0,0,0,0,0,0,0,0,0.267,0,0,0,0,0,0,0,0,0,0,0,0,0,0,0,0,0.185,0,0,0,0,0,0,0,0,0,0,0,0,0,0,0,0,0,0,0,0,0,0,0,0,0,0,0,0,0,0,0,0,0,0,0,0,0,0,0.185,0,0,0,0.191,0.226,0,0.195,0,0,0,0,0,0,0,0,0,0,0,0,0,0.444,0,0,0,0,0,0,0,0,0,0.2,0,0,0,0,0,0,0,0,0,0,0,0,0,0,0,0,0,0,0,0.181,0,0,0,0,0,0,0,0,0,0,0,0.198,0,0,0,0.348,0,0,0,0,0,0,0,0,0,0,0,0,0,0,0,0,0,0,0,0,0,0,0,0,0,0,0,0,0,0,0,0,0,0,0,0.26,0,0,0,0,0,0,0,0.188,0,0,0,0,0,0,0,0,0.176,0,0,0,0,0,0,0,0,0,0,0,0,0,0,0,0,0,0,0,0,0,0,0,0,0,0,0,0,0,0,0,0,0,0,0.228,0,0.446,0,0,0,0,0,0.185,0,0,0,0,0,0,0.198,0.258,0,0.185,0,0.196,0,0,0,0,0,0,0,0,0,0,0,0,0,0,0,0,0,0,0,0,0,0,0,0,0,0,0,0,0,0,0.368,0,0,0,0,0,0,0,0,0,0,0,0,0,0,0,0,0,0,0,0,0,0,0,0,0,0,0,0,0,0,0,0,0,0,0,0,0,0,0,0,0,0,0,0,0,0,0,0,0,0,0,0,0,0,0,0,0,0,0,0,0,0,0,0,0,0,0,0,0,0,0,0,0,0.188,0,0,0,0,0,0,0,0,0,0,0,0,0,0,0,0,0,0,0,0,0,0.194,0,0,0.581,0,0,0,0,0,0.198,0,0,0,0,0,0,0,0,0,0,0,0,0,0,0,0,0,0,0,0,0,0,0,0,0,0,0,0,0,0,0,0,0,0,0.81,0.305,0,0,0,0,0,0,0,0,0,0,0,0,0,0,0,0,0,0,0,0,0,0,0,0,0,0,0,0,0.226,0,0,0,0,0,0,0,0,0,0,0,0,0,0,0,0,0,0,0,0,0,0,0,0,0,0,0.247,0,0,0,0,0,0,0,0,0,0,0,0,0,0,0,0,0,0,0,0,0,0,0,0,0,0.28,0,0,0,0,0.168,0,0,0.175,0,0,0,0,0,0,0,0,0,0,0,0,0,0,0,0,0,0,0,0,0,0,0,0,0,0,0,0,0,0,0,0,0.659,0,0,0,0,0,0,0,0.465,0,0,0,0,0,0,0,0,0,0,0,0,0,0,0,0,0,0,0,0.185,0,0,0,0,0,0,0,0,0,0,0,0,0,0,0,0,0,0,0,0,0,0,0,0.259,0,0,0,0,0,0,0,0,0,0,0,0,0,0,0,0,0,0,0,0,0,0,0,0,0,0,0,0,0,0,0,0,0,0,0,0,0,0,0,0.339,0,0,0,0,0,0,0,0,0,0,0,0,0,0,0,0,0,0,0.188,0,0,0,0,0,0,0,0,0,0,0,0,0,0,0,0,0,0,0.163,0,0,0,0.355,0,0,0,0,0,0,0,0.23,0.181,0,0,0,0,0,0,0,0,0,0,0,0,0,0,0,0,0,0,0,0,0,0,0,0,0.339,0,0,0.185,0,0,0,0,0,0,0,0,0,0,0,0,0,0,0,0,0,0,0,0,0,0.371,0,0,0,0,0,0,0,0,0,0,0,0,0,0,0,0,0,0,0,0,0,0,0,0,0,0,0,0.339,0,0,0,0.293,0,0,0,0,0,0,0,0,0,0.515,0,0,0,0,0,0,0,0.293,0,0,0,0,0,0,0,0,0,0,0,0,0,0,0,0,0,0,0,0,0,0,0,0,0,0,0,0.192,0,0,0,0,0,0,0,0,0,0,0,0,0,0,0,0,0,0,0,0,0,0,0,0,0,0,0,0,0,0,0,0,0,0,0,0,0,0,0.223,0,0,0.213,0,0,0,0,0,0,0,0,0,0,0,0,0,0,0,0,0,0.161,0,0,0,0,0,0,0,0,0,0.154,0,0,0,0,0,0.372,0,0.216,0,0.216,0,0,0,0,0,0,0,0,0,0,0,0,0,0,0.188,0,0,0,0,0,0,0,0,0,0,0,0,0,0,0.618,0,0,0,0.504,0.514,0.372,0,0,0.176,0,0,0,0,0,0,0,0,0,0,0,0,0,0,0.183,0.205,0,0,0.259,0,0,0,0,0,0,0,0,0,0,0,0.234,0,0,0,0,0,0,0,0,0,0,0,0,0.256,0,0,0,0,0,0,0,0,0,0,0,0,0,0,0.175,0,0.443,0,0,0,0,0,0,0.233,0,0,0,0,0,0,0,0,0,0,0,0,0,0.338,0,0,0,0,0,0,0,0,0,0,0,0,0,0,0,0,0,0,0,0,0,0,0,0,0,0,0,0,0,0,0,0,0,0,0,0,0,0.192,0,0,0.197,0.363,0.322,0,0.343,0,0,0,0,0,0.335,0,0,0,0,0,0,0,0,0,0,0,0,0,0,0,0,0,0,0,0.285,0,0,0,0,0,0,0,0,0,0,0,0,0,0,0,0,0,0,0,0,0,0,0,0,0,0,0,0,0,0,0,0,0,0,0,0,0,0,0,0,0,0,0,0,0,0,0,0,0,0,0,0,0,0,0,0,0,0,0,0,0,0,0,0,0,0,0,0,0,0,0,0,0,0,0,0,0,0,0,0,0,0,0,0,0.196,0,0,0,0.394,0,0,0,0,0.161,0,0,0,0,0.429,0,0,0.37,0,0,0,0,0,0.424,0,0,0,0.446,0,0,0,0,0,0,0.162,0,0,0,0,0,0,0,0,0,0,0,0,0,0,0,0,0,0,0,0,0,0,0,0,0,0,0,0,0,0,0,0,0,0,0,0,0,0,0,0,0,0,0,0,0,0,0,0,0,0,0,0,0,0,0,0.153,0,0,0,0,0,0,0,0,0,0.234,0,0,0,0,0,0,0,0,0.179,0,0,0,0.235,0,0,0,0,0,0,0,0.261,0.196,0,0,0,0,0,0.703,0,0.378,0,0,0,0,0,0,0,0,0,0.237,0,0,0,0,0,0,0,0.299,0,0,0,0,0,0,0,0,0,0,0,0,0,0,0,0,0,0,0,0,0,0.335,0,0,0,0,0,0,0,0,0.339,0,0,0,0,0,0,0,0,0,0,0,0,0,0,0.202,0,0,0,0,0.274,0,0,0,0,0,0,0,0,0,0.229,0,0,0,0.34,0,0,0,0,0,0,0,0.402,0,0,0,0,0,0.269,0,0,0,0,0,0,0,0,0,0,0,0,0,0,0,0,0,0,0,0,0,0,0,0,0,0,0,0,0,0,0,0,0,0,0.251,0,0,0,0,0,0,0,0,0,0,0,0,0.587,0.342,0,0,0,0,0,0,0,0,0,0,0,0,0,0,0,0,0,0,0,0,0,0,0,0,0,0.345,0,0,0,0,0,0,0,0,0,0,0,0,0,0,0,0,0,0,0,0,0,0,0,0,0,0,0,0,0.268,0,0,0,0,0,0.459,0,0,0.288,0,0,0,0,0,0,0,0,0,0.219,0,0,0,0,0,0,0,0,0,0,0,0,0,0,0,0,0,0,0,0,0,0,0,0,0,0,0,0,0,0,0,0,0,0,0,0,0,0,0,0,0,0,0,0,0,0,0,0,0,0,0,0,0,0,0,0,0.175,0,0,0,0,0,0,0,0,0,0,0,0,0,0.339,0,0,0,0,0,0,0,0,0,0,0,0,0,0,0,0,0,0,0,0,0,0,0,0,0,0,0,0,0,0,0,0,0,0,0,0,0,0,0,0,0.196,0,0,0,0,0,0,0,0,0,0,0,0,0,0,0,0,0,0,0,0.154,0,0,0,0,0,0,0,0,0,0,0,0,0,0,0,0,0,0,0,0,0,0,0,0,0,0,0,0,0,0.242,0,0,0,0,0,0,0,0,0,0,0,0,0,0,0,0,0,0,0,0,0.288,0,0,0,0,0,0,0,0,0,0,0.276,0.198,0,0,0,0,0,0,0,0,0,0,0,0,0,0,0,0,0,0,0,0,0,0,0,0,0,0,0,0,0.279,0,0,0,0,0,0,0,0,0,0,0,0,0,0,0,0,0,0,0.221,0.183,0.31,0,0,0,0,0,0.24,0,0,0,0,0,0,0,0,0,0,0,0,0,0,0.151,0,0,0,0,0,0,0,0,0,0,0,0,0,0,0,0,0,0,0,0,0,0,0,0,0,0,0,0,0,0,0.384,0,0,0.221,0,0,0,0,0,0,0,0,0,0,0,0,0,0,0,0,0.236,0,0,0,0,0,0,0,0,0,0,0,0,0,0,0,0,0,0,0,0.204,0,0,0,0,0.398,0,0,0,0,0,0,0,0,0,0,0,0,0,0,0,0,0,0,0,0,0,0,0.212,0,0,0,0,0,0,0,0,0,0,0,0.709,0,0,0,0.192,0,0,0,0,0,0,0.911,0,0,0,0,0,0,0,0,0.218,0,0,0,0,0,0,0,0,0,0,0,0,0,0,0,0,0,0,0,0,0,0.163,0,0,0,0,0,0,0,0,0,0,0,0,0,0,0,0,0,0,0,0,0,0,0,0,0,0,0,0,0,0.479,0,0,0,0,0,0,0,0,0,0.151,0,0,0.173,0,0,0.199,0,0,0,0.339,0,0,0,0,0,0,0,0,0,0,0,0.179,0,0,0,0,0,0,0,0,0,0,0,0,0,0,0.22,0,0,0,0,0,0,0,0,0,0,0,0,0,0,0,0,0,0,0,0,0,0,0,0,0,0,0,0.156,0,0,0,0,0,0,0,0.33,0,0,0,0,0,0,0,0,0,0,0,0,0.263,0,0,0,0,0,0,0,0,0,0,0.8,0,0,0,0,0,0,0,0,0,0,0,0.305,0,0,0,0,0,0,0,0,0.297,0,0,0,0,0,0,0,0,0,0,0,0,0.656,0,0,0,0,0,0,0,0.173,0,0,0,0,0,0,0,0,0,0,0,0,0,0,0.259,0,0,0,0,0,0,0,0,0.769,0,0,0,0,0,0,0,0.152,0,0,0,0,0,0,0,0,0,0,0,0,0,0,0,0,0,0,0,0,0,0,0,0,0,0,0,0,0,0,0,0,0,0,0,0,0,0,0,0,0,0,0,0,0,0,0,0,0.727,0,0.198,0.267,0,0,0,0,0,0,0,0,0,0,0.15,0,0,0.922,0,0,0.16,0,0,0.969,0,0,0.16,0,0.295,0.8,0,0.301,0,0,0,0.48,0,0.221,0,0.802,0.613,0,0.166,0,0,0.572,0.653,0,0.939,0.793,0,0.415,0,0,0.617,0.308,0,0,0,0,0,0,0,0,0.491,0.155,0.265,0,0,0,0,0,0,0.325,0,0,0.686,0,0,0,0.725,0,0,0,0,0,0,0,0,0.187,0,0.289,0,0,0,0.276,0.175,0.334,0,0,0,0,0,0.625,0.53,0,0,0.681,0,0,0.478,0,0.456,0.853,0.171,0,0,0,0,0,0,0.392,0,0.786,0,0,0,0,0,0.51,0.51,0.16,0,0,0,0.279,0,0,0.958,0,0.481,0,0,0,0,0,0,0,0,0.733,0.905,0,0.695,0.227,0,0,0,0,0,0,0,0,0.216,0,0,0,0,0,0,0,0,0,0,0,0,0,0,0,0,0,0,0,0.344,0,0,0,0,0,0,0,0,0,0,0,0.192,0,0,0,0,0,0,0,0,0,0.159,0,0,0,0,0,0,0.183,0,0,0,0,0.173,0,0,0,0.165,0,0,0.246,0,0,0,0,0,0,0,0,0,0,0,0,0,0.154,0,0,0,0,0,0,0,0,0,0,0,0,0,0,0,0,0.228,0,0,0,0,0,0.226,0,0.339,0,0.394,0,0,0,0,0,0,0,0,0,0,0,0,0,0,0,0,0,0,0,0,0,0,0,0,0,0,0,0,0.298,0,0,0,0,0,0,0,0,0,0,0,0,0,0,0,0,0,0,0,0,0,0,0,0,0,0,0,0,0,0,0,0,0,0,0,0,0,0,0,0,0,0,0,0,0.339,0,0,0,0,0,0,0,0,0,0,0,0.177,0,0,0,0,0,0,0,0,0,0,0,0,0,0,0,0,0,0,0,0,0,0,0,0,0,0,0,0,0,0,0,0,0,0,0,0,0,0,0,0,0,0,0,0,0,0,0,0,0,0,0,0,0,0,0,0,0,0,0,0,0,0,0,0,0,0,0,0.163,0,0,0,0,0,0,0,0,0,0,0,0,0,0,0,0,0,0,0,0,0,0,0,0,0,0,0,0,0,0,0,0,0,0,0,0,0,0,0,0,0,0,0,0,0,0,0,0,0,0,0,0,0,0,0,0,0,0,0,0,0,0,0,0,0,0,0,0,0,0,0,0.352,0,0,0,0,0,0,0,0,0,0,0,0,0,0,0,0,0,0,0,0,0,0,0,0,0,0,0,0,0,0,0,0,0.3,0,0,0,0,0,0,0,0,0,0,0,0,0,0,0,0,0,0,0,0,0,0,0,0,0,0,0,0,0,0,0,0,0,0,0,0,0,0,0,0,0,0,0,0,0,0,0,0,0,0,0,0.497,0,0,0,0,0,0,0,0,0,0,0,0,0,0,0,0,0,0,0,0,0,0,0,0,0,0,0,0,0,0,0,0,0,0,0,0,0,0,0,0,0,0,0,0,0,0,0,0,0,0,0,0,0,0,0,0,0,0,0,0,0,0,0,0,0,0,0,0,0,0,0,0,0,0,0,0,0,0,0,0,0,0,0,0,0,0,0,0,0,0,0,0,0,0,0,0,0,0,0,0,0,0,0,0,0,0.276,0,0,0,0,0,0,0,0,0,0,0,0,0,0,0,0,0,0,0,0,0,0,0,0,0,0,0,0,0,0,0,0,0,0,0,0,0,0,0,0,0,0,0,0,0,0,0,0,0,0,0,0,0,0,0,0,0,0,0,0,0,0,0,0,0,0,0,0,0,0,0,0,0,0,0,0,0,0,0,0,0,0,0,0,0,0,0,0,0,0,0,0,0,0,0,0,0,0,0,0,0,0,0,0,0,0,0,0.17,0,0,0,0,0,0,0,0,0,0,0,0,0.154,0,0,0,0,0,0,0,0,0,0,0,0,0,0,0,0,0,0,0,0,0,0,0,0,0,0,0,0,0,0,0,0,0,0,0,0,0,0,0,0,0,0,0,0,0,0,0,0.228,0,0,0,0,0,0,0,0,0,0,0,0,0,0,0,0,0,0,0,0,0,0,0,0,0,0,0,0,0,0,0,0,0,0,0,0,0,0,0,0,0,0,0,0,0,0,0,0,0,0,0,0,0,0,0,0,0,0,0,0,0,0,0,0,0,0,0,0,0,0,0,0,0,0,0,0,0,0,0,0,0,0,0,0,0,0,0,0,0,0,0,0,0,0,0,0,0,0,0,0,0,0,0,0,0,0,0,0,0,0,0,0,0,0,0,0,0,0,0,0,0,0,0,0,0,0,0,0,0,0,0,0,0,0,0,0,0,0,0,0,0,0,0,0,0,0,0,0,0,0,0,0,0,0,0,0,0,0,0,0.572,0,0,0,0,0,0,0,0,0,0.195,0,0,0,0,0,0,0,0,0,0,0,0,0,0,0,0,0,0,0.206,0,0.381,0,0,0.168,0,0,0,0,0,0,0,0,0,0,0,0,0,0,0,0,0,0,0,0,0,0.178,0,0,0,0,0,0,0,0,0,0,0,0,0,0,0,0,0,0,0,0,0,0,0,0,0,0,0,0,0,0,0,0,0,0,0,0,0,0,0,0,0,0,0,0,0,0,0,0,0,0,0,0,0,0,0,0,0,0,0,0,0,0,0,0,0,0.209,0,0,0,0,0,0,0,0,0,0,0,0,0,0,0,0,0,0,0,0,0,0,0,0,0,0.311,0,0,0,0,0,0,0,0,0,0,0,0,0,0,0,0,0,0,0,0,0,0,0,0.181,0,0.192,0.329,0,0.232,0.493,0.232,0.441,0.229,0.167,0.151,0.248,0.181,0,0,0,0,0,0,0,0,0,0,0,0,0,0,0,0,0,0,0,0,0,0,0,0,0,0,0,0,0,0,0,0,0,0,0,0,0,0,0,0,0,0,0,0,0,0,0,0,0,0,0,0,0,0,0,0,0,0,0,0,0,0,0,0,0,0,0,0,0,0,0,0,0,0,0,0,0,0,0,0,0,0,0,0,0,0,0,0,0,0,0,0,0,0,0,0,0,0,0,0,0,0,0,0,0,0,0,0,0,0,0,0,0,0,0,0,0,0,0,0,0,0,0,0,0,0,0,0,0.429,0,0,0,0,0,0,0,0,0,0,0,0,0,0,0,0,0,0,0,0,0,0,0,0,0,0,0,0,0,0,0,0,0,0,0,0,0.173,0,0,0,0,0,0,0,0,0,0,0,0,0,0,0,0,0,0,0,0,0,0,0,0,0,0,0,0,0,0,0.166,0,0,0,0,0,0,0,0,0,0,0.385,0,0,0,0,0,0,0,0,0,0,0,0,0,0,0,0,0,0,0,0,0,0,0,0,0,0.158,0,0,0,0,0,0,0,0,0,0,0,0,0,0,0,0,0,0,0,0,0,0,0,0,0,0,0,0.161,0,0,0,0,0,0,0.394,0,0,0,0,0,0,0,0,0,0,0,0,0,0,0,0,0,0,0.45,0,0.552,0,0,0,0,0,0,0,0,0,0,0,0,0,0,0,0,0,0,0,0,0,0,0,0,0,0,0,0,0,0.339,0,0,0,0,0,0,0,0,0,0,0,0,0,0,0,0,0,0,0,0,0,0,0,0,0,0,0,0,0,0,0,0,0,0,0,0,0,0,0,0,0,0,0,0,0,0,0,0,0,0,0.309,0,0,0,0,0,0,0,0,0,0,0,0,0,0,0,0,0,0,0,0,0,0,0,0,0,0,0,0,0,0,0,0,0,0,0,0,0,0,0,0,0,0,0,0,0,0,0,0,0,0,0,0,0,0,0,0,0,0,0,0,0,0,0,0,0,0,0,0,0,0,0,0,0,0,0,0,0.296,0,0,0,0,0,0,0,0,0,0,0,0,0,0,0,0,0,0,0,0,0,0.333,0,0,0,0,0,0,0,0,0,0,0,0,0,0,0,0,0,0,0,0,0,0,0,0,0,0,0,0,0,0,0,0,0,0,0,0,0,0,0,0,0,0,0,0,0,0,0,0,0,0,0,0,0,0,0,0,0,0,0.263,0,0,0,0,0,0,0,0,0,0,0,0,0,0,0,0,0,0,0,0,0,0,0,0,0,0,0,0,0,0,0,0,0,0,0,0,0,0,0,0.357,0,0,0,0,0,0,0,0,0,0,0,0,0,0,0,0,0,0,0,0,0,0.55,0,0,0,0,0,0,0.356,0,0,0,0,0,0,0,0,0,0,0,0,0,0,0,0,0,0,0,0.265,0,0,0,0,0,0,0,0,0,0,0,0,0,0,0.225,0,0,0,0,0,0,0,0,0,0,0,0,0,0,0,0,0,0,0,0,0,0.26,0,0,0,0,0,0,0,0,0,0,0,0,0,0,0
851566,0,0,0,0,0,0,0.169,0,0,0,0,0,0,0,0,0,0,0,0,0,0,0,0,0,0,0,0,0,0,0,0,0,0,0,0,0,0,0,0,0,0,0,0,0,0,0,0,0.292,0,0,0,0,0,0,0,0,0,0,0,0,0,0,0,0,0,0,0,0,0,0,0,0,0,0.336,0,0,0,0,0.171,0,0,0,0,0,0,0,0,0,0,0,0,0,0,0,0,0,0,0,0,0,0,0,0,0,0,0,0,0,0,0,0,0,0,0,0,0,0,0,0,0,0,0,0,0,0,0,0,0,0,0,0,0,0,0,0,0,0,0,0,0,0,0,0,0,0,0,0,0,0,0,0,0,0,0,0,0,0,0,0,0,0,0,0,0,0,0,0,0.583,0,0,0,0,0,0,0,0,0,0,0,0,0,0,0,0,0,0,0,0,0,0,0,0,0,0,0,0,0,0,0,0,0,0,0,0,0,0,0,0,0,0,0,0,0,0,0,0,0,0,0,0,0,0,0,0,0,0,0,0,0,0,0,0,0,0,0,0,0,0,0,0,0,0,0,0,0,0,0,0,0,0,0,0,0,0,0,0,0,0,0,0,0,0,0,0,0,0,0,0,0,0,0,0,0,0,0,0,0,0,0,0,0,0,0,0,0,0,0,0,0,0,0,0,0,0,0,0,0,0,0,0,0,0,0,0,0,0,0,0,0,0,0,0,0,0,0,0,0,0,0,0,0,0,0,0,0,0,0,0,0,0,0,0,0,0,0,0,0,0,0,0,0,0,0,0,0,0,0,0,0,0,0,0,0,0,0,0,0,0,0,0,0,0,0,0,0,0,0,0,0,0,0,0,0,0,0,0,0,0,0.248,0,0,0,0,0,0,0,0,0,0,0,0,0,0,0,0,0,0,0,0,0,0,0,0,0,0,0,0,0,0,0,0,0,0,0,0,0,0,0,0,0,0,0,0,0,0,0,0,0,0,0,0,0,0,0,0,0,0,0,0,0,0,0,0,0,0,0,0,0,0,0,0,0,0,0,0,0,0,0,0,0,0,0,0,0,0.238,0,0,0,0,0,0,0,0,0,0,0,0,0,0,0,0,0,0,0,0,0,0,0,0,0,0,0,0,0,0,0,0,0,0,0,0,0,0,0,0,0,0,0,0,0,0,0,0,0,0,0,0,0,0,0,0,0,0,0,0,0,0,0,0,0,0,0,0,0,0,0,0,0,0,0,0,0,0,0,0,0,0,0,0,0,0,0,0,0,0,0,0,0,0,0,0,0,0,0,0,0,0,0,0,0,0,0,0,0,0,0,0,0,0,0,0,0,0,0,0,0,0,0,0,0,0,0,0,0,0,0,0,0,0,0,0,0,0,0,0,0,0,0,0,0,0,0,0,0,0,0,0,0,0,0,0,0,0,0,0,0,0,0,0,0,0,0,0,0,0,0,0,0,0,0,0,0,0,0,0,0,0,0,0,0,0,0,0,0,0,0,0,0,0,0,0,0,0,0,0,0,0,0,0,0,0,0,0,0,0,0,0,0,0,0,0,0,0,0,0,0,0,0,0,0,0,0,0,0,0,0,0,0,0,0,0,0,0,0,0,0,0,0,0,0,0.271,0,0,0,0,0,0,0,0,0,0,0,0,0,0,0,0,0,0,0,0,0,0,0,0,0,0,0,0,0,0,0,0,0,0,0,0,0,0,0,0,0,0,0,0,0,0,0,0,0,0,0,0,0,0,0,0,0,0,0,0,0,0,0,0,0,0,0,0,0,0,0,0,0,0,0,0,0,0,0,0,0,0,0,0,0,0,0,0,0,0,0,0,0,0,0,0,0,0,0,0,0,0,0,0,0,0,0,0,0,0,0,0,0,0,0,0,0,0,0,0,0,0,0,0,0,0,0,0,0,0,0,0,0,0,0,0,0,0,0,0,0,0,0,0,0,0,0,0,0,0,0,0,0,0,0,0,0,0,0,0,0,0,0,0,0,0,0,0,0,0,0,0,0,0,0,0,0,0,0,0,0,0,0,0,0,0,0,0,0,0,0,0,0,0,0,0,0,0,0,0,0,0,0,0,0,0,0,0,0,0,0,0,0,0,0,0,0,0,0,0,0,0,0,0,0,0,0,0,0,0,0,0,0,0,0,0,0,0,0,0,0,0,0,0,0,0,0,0,0,0,0,0,0,0,0,0,0,0,0,0,0,0,0,0,0,0,0,0,0,0,0,0,0,0,0,0,0,0,0,0,0,0,0,0,0,0,0.614,0,0,0,0.171,0,0,0,0,0,0,0,0,0,0,0,0,0,0,0,0,0,0,0,0,0,0,0,0,0,0,0,0,0,0,0,0,0,0,0,0,0,0,0,0,0,0,0,0,0,0,0,0,0,0,0,0,0,0,0,0,0,0,0,0,0,0,0,0,0,0,0,0,0,0,0,0,0,0.234,0,0,0,0,0,0,0,0,0.171,0,0,0,0,0,0,0,0,0,0,0,0,0,0,0,0,0,0,0,0,0,0,0,0,0,0,0,0,0,0,0,0,0,0,0,0,0,0,0,0,0,0,0,0,0,0,0.26,0,0,0,0,0,0,0,0,0,0,0,0,0,0,0,0,0,0,0,0,0,0,0,0,0,0,0,0,0,0.161,0,0,0,0,0,0,0,0,0,0,0,0,0,0,0,0,0,0,0,0,0,0,0,0,0,0,0,0,0,0,0,0,0,0,0,0,0,0,0,0,0,0,0,0,0,0,0,0,0,0,0,0,0,0,0,0,0,0,0,0,0,0,0,0,0,0,0,0,0,0,0,0,0,0,0,0,0,0,0,0,0,0,0,0,0,0,0,0,0,0,0,0,0,0,0,0,0,0,0,0,0,0,0,0,0,0,0,0.353,0,0,0,0,0,0,0,0,0,0,0,0,0,0,0,0,0,0,0,0,0,0,0,0,0,0,0,0,0,0,0,0,0,0,0,0,0,0,0,0,0,0,0,0,0,0,0,0,0,0,0,0,0,0,0,0,0,0,0,0,0,0,0,0,0,0,0,0,0,0,0,0,0,0,0,0,0,0,0,0,0,0,0,0,0,0,0,0,0,0,0,0,0,0,0,0,0,0,0,0,0,0,0,0,0,0,0,0,0,0,0,0,0,0,0,0,0,0,0,0,0,0,0,0,0,0,0,0,0,0,0,0,0,0,0,0,0,0,0,0,0,0,0.171,0,0,0,0,0,0,0,0,0,0,0,0,0,0,0,0,0,0,0,0,0,0,0,0,0,0,0,0,0,0,0,0,0,0,0,0,0,0,0,0,0,0,0.317,0,0,0,0,0,0,0,0,0,0,0,0,0,0,0,0,0,0,0,0,0,0,0,0,0,0,0,0,0,0,0,0,0,0,0,0,0,0,0,0,0,0,0,0,0,0,0,0,0,0,0,0,0,0,0,0,0,0,0,0,0,0,0,0,0,0,0,0,0,0,0,0,0,0,0,0,0,0,0,0,0,0,0,0,0,0,0,0,0,0,0,0,0,0,0,0,0,0,0,0,0,0,0,0,0,0,0,0,0,0,0,0,0,0,0,0,0,0,0,0,0,0,0,0,0,0,0,0,0,0,0,0,0,0,0,0,0,0,0,0,0,0,0,0,0,0,0,0,0,0,0,0,0,0,0,0,0,0,0,0,0,0,0,0,0,0,0,0,0,0,0,0,0,0,0,0,0,0,0,0,0,0,0,0,0,0,0,0,0,0,0,0,0,0,0,0,0,0,0,0,0,0,0,0,0,0,0,0,0,0,0,0,0,0,0,0,0,0,0,0,0,0,0,0,0,0,0,0,0,0,0,0,0,0,0,0,0,0,0,0,0,0,0,0,0,0,0,0,0,0,0,0,0,0,0,0,0,0,0,0,0,0,0,0,0,0,0,0,0,0,0,0,0,0,0,0,0,0,0,0,0,0,0,0,0,0,0,0,0,0,0,0,0,0,0,0,0,0,0,0,0,0,0,0,0,0,0,0,0,0,0,0,0,0,0,0,0,0,0,0,0,0.38,0,0,0,0,0,0,0,0,0,0,0,0,0,0,0,0,0,0,0,0,0,0,0,0,0,0,0,0,0,0,0,0,0,0,0,0,0,0,0,0,0,0,0,0,0,0,0,0,0,0,0,0,0,0,0,0,0,0,0,0,0,0,0,0,0,0,0,0,0,0,0,0,0,0,0,0,0,0,0,0,0,0,0,0,0,0,0,0,0,0,0,0,0,0,0,0,0,0,0,0,0,0,0,0,0,0,0,0,0,0,0,0,0,0,0,0,0,0,0,0,0,0,0,0,0,0,0,0.204,0,0,0,0,0,0,0,0,0,0,0,0,0,0,0,0,0,0.171,0,0,0,0,0,0,0,0,0,0,0,0,0.317,0,0,0,0,0,0,0,0,0,0,0,0,0,0,0,0,0,0,0,0,0,0,0,0,0,0,0,0,0,0,0,0,0,0,0,0,0,0,0,0,0,0,0,0,0,0,0,0,0,0,0,0,0,0,0,0,0,0,0,0,0,0,0,0,0,0,0,0,0,0,0,0,0,0,0,0,0,0,0,0,0,0,0,0,0,0,0,0,0,0,0,0,0,0,0,0,0,0,0,0,0.536,0,0,0,0,0,0,0,0,0,0,0,0,0,0,0,0,0,0,0,0,0,0,0,0,0,0,0,0,0,0,0,0,0,0,0,0,0,0,0,0,0,0,0,0,0,0,0,0,0,0,0,0,0,0,0,0,0,0,0,0,0,0,0,0,0,0,0,0,0,0,0,0,0,0,0,0,0,0,0,0,0,0,0,0,0,0,0,0,0,0,0,0,0,0,0,0,0,0,0,0,0,0,0,0,0,0,0,0,0,0,0,0,0,0,0,0,0,0,0,0,0,0,0,0,0,0,0,0,0,0,0,0,0,0,0,0,0,0,0,0,0,0,0,0,0,0.482,0,0,0,0,0,0,0,0,0,0,0,0,0,0,0,0,0,0,0,0,0,0,0,0,0,0,0,0,0,0,0,0,0,0,0,0,0,0,0,0,0,0,0,0,0,0,0,0,0,0,0,0,0,0,0,0,0,0,0,0,0.356,0,0,0,0,0,0,0,0,0,0,0,0,0,0,0,0,0,0,0,0,0,0,0,0,0,0,0,0,0,0,0,0,0,0,0,0,0,0,0,0,0,0,0,0,0,0,0,0,0,0,0,0,0,0,0,0,0,0,0,0,0,0,0,0,0,0,0,0,0,0,0,0,0,0,0,0,0,0,0,0,0,0,0,0,0,0,0,0,0,0,0,0,0,0,0,0,0,0,0,0,0,0,0,0,0,0,0,0,0,0,0,0,0,0,0,0,0,0,0,0,0,0,0,0,0,0,0,0,0,0,0,0,0,0,0,0,0,0,0,0,0,0,0,0,0,0,0,0,0,0,0,0,0,0,0,0,0,0,0,0,0,0,0,0,0,0,0,0,0,0,0,0,0,0,0,0.461,0,0,0,0,0,0,0,0.211,0,0,0,0,0,0,0,0,0,0,0,0,0,0,0,0,0,0,0,0,0,0,0,0,0,0,0,0,0,0,0,0,0,0,0,0,0,0,0,0,0,0,0,0,0,0,0,0,0,0,0,0,0,0,0,0,0,0,0,0,0,0,0,0,0,0,0,0,0,0,0,0,0,0,0,0,0,0,0,0.578,0,0,0,0,0,0,0,0,0,0,0,0,0,0,0,0,0,0,0,0,0,0,0,0,0,0,0,0,0,0,0,0,0,0,0,0,0,0,0,0,0,0,0,0,0,0,0,0,0,0,0,0,0,0,0,0,0,0,0,0,0,0,0,0,0,0,0,0,0,0,0,0,0,0,0,0,0,0,0,0,0,0,0,0,0,0,0,0,0,0,0,0,0,0,0,0,0,0,0,0,0,0,0,0,0,0,0,0,0,0,0,0,0,0,0,0,0,0,0,0,0,0,0,0,0,0,0,0,0,0,0,0,0,0,0,0,0,0,0,0,0,0,0,0,0,0,0,0,0,0,0,0,0,0,0,0,0,0,0,0,0,0,0,0,0,0,0,0,0,0,0,0,0,0,0,0,0,0,0,0,0,0,0,0,0,0.219,0,0,0,0,0,0,0,0,0.177,0,0,0,0,0,0,0,0,0,0,0,0,0,0,0,0,0,0,0,0,0,0,0,0,0,0,0,0,0,0,0,0,0,0,0,0,0,0,0,0,0,0,0,0,0,0,0,0,0,0,0,0,0,0,0,0,0,0,0,0,0,0,0,0,0,0,0,0,0,0,0,0,0,0,0,0,0,0,0,0,0,0,0,0,0.171,0,0,0,0,0,0,0,0,0,0,0,0,0,0,0,0,0,0,0,0,0,0,0,0,0,0,0,0,0,0,0,0,0,0,0,0,0,0,0,0,0,0,0,0,0,0,0,0,0,0,0,0,0,0,0,0,0,0,0,0,0,0,0,0,0,0,0,0,0,0,0,0,0,0,0,0,0,0,0,0,0,0,0,0,0,0,0,0,0,0,0,0,0,0,0,0,0,0,0,0,0,0,0,0,0,0,0,0,0,0,0,0,0,0,0,0,0,0,0,0,0,0,0,0,0,0,0,0,0,0,0,0,0,0,0,0,0,0,0,0,0,0,0,0,0,0,0,0,0,0,0,0,0,0,0,0,0,0,0,0,0,0,0,0,0,0,0,0,0,0,0,0,0,0,0,0,0,0,0,0,0,0,0,0,0,0,0,0,0,0,0,0,0,0,0,0,0,0,0,0,0,0,0,0,0,0,0,0,0,0,0,0,0,0,0,0,0,0,0,0,0,0,0,0,0,0,0,0,0,0,0,0,0,0,0,0,0,0,0,0,0,0,0,0,0,0,0,0,0,0,0,0,0,0,0,0,0,0,0,0,0,0,0,0,0,0,0,0,0,0,0,0,0,0,0,0,0,0,0,0.15,0,0,0,0,0,0,0,0,0,0,0,0,0.294,0,0,0,0,0,0,0,0,0,0,0,0,0,0,0,0,0,0,0,0,0,0,0,0,0,0,0,0,0,0,0,0,0,0,0,0,0,0,0,0,0,0,0.171,0,0,0,0,0,0,0,0,0.728,0,0,0,0,0,0,0,0,0,0,0,0,0,0,0,0,0,0,0,0,0.339,0,0,0,0,0,0,0,0,0.42,0,0,0,0,0.202,0,0,0,0,0,0,0,0,0,0,0,0,0,0,0,0,0,0,0,0,0,0,0,0,0,0,0,0,0,0,0,0,0,0,0,0,0,0,0,0,0,0,0,0,0,0,0,0,0,0,0,0,0.25,0,0,0,0,0,0,0,0,0,0,0,0,0,0,0,0,0,0,0,0,0.203,0,0,0,0,0,0,0,0,0,0,0,0,0,0,0,0,0,0,0,0,0,0,0,0,0,0,0,0,0,0,0,0,0,0,0,0,0,0,0,0,0,0,0,0,0,0.204,0,0,0,0,0.192,0,0,0,0,0,0,0,0,0,0,0,0,0,0,0,0,0.173,0,0,0,0,0,0,0,0,0,0,0,0,0,0,0,0,0,0,0,0,0,0,0,0,0,0,0,0,0,0,0,0,0,0,0,0,0,0,0,0,0,0,0,0,0,0,0,0,0,0,0,0,0,0,0,0,0,0,0,0,0,0,0,0,0,0.311,0,0,0,0,0,0,0.173,0,0,0,0,0,0,0,0,0,0,0,0,0.163,0,0,0,0,0,0,0,0,0.181,0,0,0,0,0,0,0.169,0,0,0,0,0,0,0,0,0,0,0,0,0,0,0,0,0,0,0,0,0,0,0,0,0,0,0,0,0,0,0,0,0,0,0,0,0,0,0,0,0,0,0,0,0,0,0,0,0,0,0,0,0,0,0,0,0,0,0,0,0,0,0,0,0,0,0,0,0,0,0,0,0,0,0,0,0,0,0,0,0,0,0,0,0,0,0,0,0,0,0,0,0,0,0,0,0,0,0,0,0,0,0,0,0,0,0.171,0,0,0,0,0,0,0,0,0,0,0,0,0,0,0,0.171,0,0,0.241,0,0,0,0,0,0,0,0.161,0,0,0,0,0,0,0,0,0,0,0,0,0,0,0,0,0,0,0,0,0,0.171,0,0,0,0,0,0,0,0,0,0,0,0,0,0,0,0,0,0,0,0,0,0,0,0,0,0,0,0,0,0,0,0,0,0,0,0,0,0,0,0,0,0,0,0,0,0,0,0,0,0,0,0,0,0,0,0,0,0,0,0,0,0,0,0,0,0,0,0,0,0,0,0,0,0,0,0,0,0,0,0,0,0,0,0,0,0,0,0,0,0,0,0,0,0.221,0,0,0,0,0,0,0,0,0,0,0,0,0,0,0,0,0,0,0,0,0,0,0,0,0,0,0,0,0,0,0,0,0,0,0,0,0,0,0,0,0,0,0,0,0,0,0,0,0,0,0,0,0,0,0,0,0,0,0,0,0,0,0,0,0,0,0,0,0,0,0,0,0,0,0,0,0,0,0,0,0,0,0,0,0,0,0,0,0,0,0,0,0,0,0.194,0,0,0,0,0,0,0,0,0,0,0,0,0,0,0,0,0,0,0,0,0,0,0,0.152,0,0.462,0,0,0,0,0,0,0,0.165,0,0,0,0,0,0,0.446,0,0,0,0,0,0,0,0,0,0,0,0,0,0,0,0,0,0,0,0.179,0,0.191,0,0,0,0,0,0,0,0,0,0,0,0,0,0,0,0,0,0,0.64,0,0,0,0,0,0,0,0,0,0,0,0,0,0,0,0,0,0,0,0,0,0,0,0,0,0,0,0,0,0,0,0,0,0,0,0,0,0,0,0,0,0,0,0,0,0,0,0,0,0,0,0,0,0,0,0,0,0,0,0,0.392,0,0,0,0,0,0,0,0,0,0,0,0,0,0,0,0,0,0,0,0.572,0,0,0,0,0,0,0,0,0,0,0,0,0,0,0,0,0,0,0,0,0,0,0,0,0,0,0,0,0,0,0,0,0,0,0,0,0,0,0,0,0,0,0,0,0,0,0,0,0,0,0.514,0,0,0,0.237,0,0,0,0,0,0,0,0,0,0,0,0.61,0,0,0,0,0,0,0,0,0,0,0,0,0,0,0,0,0,0,0,0,0,0,0,0,0,0,0,0,0,0,0,0,0,0,0,0,0,0,0,0,0,0,0,0,0,0,0,0,0,0,0,0,0,0,0,0,0,0,0,0,0,0,0,0,0,0,0,0,0,0,0,0,0,0,0,0,0,0,0,0,0,0,0,0,0,0,0,0,0,0,0,0,0,0,0,0,0,0,0,0,0,0,0,0.171,0,0,0,0,0,0,0,0,0,0,0,0,0,0,0,0,0,0,0,0,0,0,0,0,0,0,0,0,0,0,0.234,0.163,0,0,0.23,0,0.205,0,0,0,0.169,0,0.193,0,0,0,0,0,0,0,0,0,0,0,0,0,0,0,0,0,0,0,0,0,0,0,0,0,0,0,0,0,0,0,0,0,0,0,0,0,0,0,0,0,0,0,0,0,0,0,0,0,0,0,0,0,0.29,0,0,0,0,0,0,0,0,0,0,0,0,0,0,0,0,0,0,0,0,0,0,0,0,0,0,0,0,0,0,0,0,0,0,0,0,0,0,0,0,0,0,0,0,0,0,0,0,0,0,0,0,0,0,0,0,0,0,0,0,0,0,0,0,0,0,0,0,0,0,0,0,0,0,0,0,0,0,0,0,0,0,0,0,0,0
850597,0,0,0,0,0,0,0,0,0,0,0,0,0,0,0,0,0,0,0,0,0,0,0,0,0,0,0,0,0,0,0,0,0,0,0,0,0,0,0,0,0,0,0,0,0,0,0,0,0,0,0,0,0,0,0,0,0,0,0,0,0,0,0,0,0,0,0,0,0,0,0,0,0,0,0,0,0,0,0,0,0,0,0,0,0,0,0,0,0,0,0,0,0,0,0,0,0,0,0,0,0,0,0,0.297,0,0,0,0,0,0,0,0,0,0,0,0,0,0,0,0,0,0,0,0,0,0,0,0,0,0,0,0,0,0,0,0,0,0,0,0,0,0,0,0,0,0,0,0,0,0,0,0,0,0,0,0,0,0,0,0,0,0,0,0,0,0,0,0,0,0,0,0,0,0,0,0,0,0,0,0,0,0,0.173,0,0,0,0,0,0.165,0,0,0,0,0,0,0,0,0,0,0,0,0,0,0,0,0,0,0,0,0.309,0,0.293,0,0,0,0,0,0,0,0,0,0,0,0,0,0,0,0,0,0,0,0,0,0,0,0,0,0,0,0,0,0,0,0,0,0,0,0,0,0,0,0,0,0,0,0,0,0,0,0,0,0,0,0,0,0,0,0,0,0,0,0,0,0,0,0,0,0,0,0,0,0,0,0,0,0,0,0,0,0,0,0,0,0,0,0,0,0,0,0,0,0,0,0,0,0,0,0,0,0,0,0,0,0.812,0,0,0,0,0,0,0,0.195,0,0,0,0,0,0,0,0,0,0,0,0,0,0,0,0,0.293,0,0,0,0,0,0,0,0,0,0.338,0,0,0,0,0,0.297,0,0,0,0,0,0,0,0,0,0,0,0,0,0,0,0,0,0,0,0,0,0,0.556,0,0,0,0,0,0,0,0,0,0,0,0,0,0,0,0,0,0,0,0.227,0,0,0,0,0,0,0,0,0,0,0,0,0,0,0,0,0,0,0,0,0,0,0,0,0,0,0,0,0,0,0,0,0,0,0.959,0,0,0,0,0,0,0,0,0,0,0,0.297,0,0,0,0,0,0,0,0,0,0,0,0,0,0,0,0,0,0,0,0,0.555,0,0,0.9,0,0,0,0,0,0,0,0,0,0,0,0,0,0,0,0,0,0,0,0,0,0,0,0,0,0,0,0,0,0,0,0,0,0,0,0,0,0,0,0,0,0,0,0,0,0,0,0,0,0,0,0,0,0,0,0,0,0,0,0,0,0,0,0,0,0,0,0,0,0,0.177,0,0,0,0,0,0,0,0,0,0,0,0,0,0,0,0,0,0,0,0,0,0,0,0,0,0,0,0,0,0,0,0,0,0,0,0,0,0,0,0,0,0,0,0,0,0,0,0,0,0,0,0,0,0,0,0,0,0,0,0,0,0,0,0,0,0,0,0,0.356,0,0,0,0,0,0,0.357,0,0,0,0,0,0,0.193,0,0,0,0,0,0,0,0,0,0,0,0,0,0,0,0,0,0,0,0,0,0,0,0,0,0,0,0,0,0,0,0,0,0,0,0,0,0,0,0,0,0,0,0,0,0,0,0,0,0.6,0,0,0,0,0,0,0,0,0,0,0,0,0,0,0,0,0.6,0,0,0,0,0,0,0,0,0,0,0,0,0,0,0,0,0,0,0,0,0,0,0.862,0,0,0,0,0,0.161,0,0,0,0.201,0,0.813,0,0,0,0,0,0,0,0,0,0,0,0,0,0,0,0,0,0,0,0,0,0,0,0,0,0,0,0,0,0,0,0,0,0,0.585,0,0,0,0,0,0,0,0,0,0.731,0,0,0.214,0,0,0,0,0,0,0,0,0,0,0,0.993,0,0,0,0,0,0,0,0,0,0,0,0,0,0,0,0,0,0,0,0,0,0,0,0,0,0,0,0,0,0,0,0,0,0,0,0,0,0,0,0,0,0,0,0,0,0,0,0,0,0,0,0,0,0,0,0,0,0,0.9,0,0,0,0,0,0,0,0,0,0,0,0,0,0,0,0,0,0,0,0,0,0,0,0,0.396,0,0,0,0,0,0,0,0,0,0,0,0,0,0,0,0,0,0,0,0,0,0,0,0,0,0,0,0,0,0,0,0,0,0,0,0,0,0,0,0,0,0,0,0,0,0,0,0,0,0,0,0,0,0,0,0,0,0,0,0,0,0,0,0,0,0,0,0,0,0,0,0,0,0,0,0.311,0,0,0,0,0,0,0,0,0,0,0,0,0,0,0,0,0,0,0,0,0,0,0,0,0,0,0,0,0,0,0,0,0,0,0,0,0,0,0,0,0,0,0,0,0,0,0,0,0,0,0,0,0,0,0,0,0,0,0,0,0,0,0,0,0,0,0,0,0,0,0,0,0,0,0,0,0,0,0,0,0,0,0,0,0,0,0,0,0,0,0,0,0,0,0.358,0,0,0,0.555,0,0,0,0,0,0,0,0,0,0,0,0.153,0,0,0,0,0,0,0,0,0,0,0,0,0,0,0,0,0,0,0,0,0,0,0,0,0,0,0,0,0,0,0,0,0,0,0,0,0,0.6,0,0,0,0,0,0,0,0,0,0,0,0,0,0,0,0,0,0,0,0,0,0,0,0,0,0,0,0,0,0.992,0,0,0,0,0,0,0,0,0.6,0,0,0,0,0,0,0,0,0,0,0,0,0,0,0,0,0,0,0,0,0,0,0,0,0,0,0,0,0,0,0,0,0,0,0,0,0,0,0.22,0,0,0,0,0,0,0,0,0,0,0,0,0,0,0,0,0,0,0,0,0,0,0,0,0,0,0,0,0,0,0,0,0,0,0,0,0,0,0,0,0,0.865,0,0,0,0,0,0,0,0,0,0,0,0,0.309,0,0,0,0,0,0,0.645,0,0,0,0,0,0,0,0,0,0,0,0,0,0,0,0,0,0,0,0,0,0,0,0,0,0,0,0,0,0,0,0,0,0,0,0,0,0,0,0,0,0,0,0,0,0,0,0,0,0,0,0,0,0,0,0,0,0,0,0,0.992,0.22,0,0,0,0,0,0,0,0,0,0,0,0,0,0,0,0,0,0,0,0,0,0,0,0,0,0,0,0,0,0,0,0,0,0,0,0,0,0,0,0,0,0,0,0,0,0,0.6,0,0,0,0,0,0,0,0,0,0,0,0,0,0,0,0,0,0,0,0,0,0,0,0,0,0,0,0,0,0,0,0,0,0,0,0,0,0,0,0,0,0,0,0,0,0,0,0,0,0,0,0,0,0,0,0,0,0,0.991,0,0,0,0,0,0,0,0,0,0,0,0,0,0,0,0,0,0,0,0,0,0,0,0,0,0,0,0,0,0,0,0,0,0,0,0,0,0,0,0,0,0,0,0.997,0,0,0,0,0,0,0,0,0,0,0,0,0,0,0,0,0,0,0,0,0,0,0,0,0,0,0,0,0,0,0,0,0,0,0,0,0,0,0,0,0,0,0,0,0,0,0,0,0,0,0,0,0.865,0,0,0,0,0,0,0,0,0,0,0,0,0,0,0,0,0,0,0,0,0,0,0,0,0,0,0,0,0,0,0,0,0,0,0,0,0,0,0.9,0,0,0,0,0,0,0,0,0,0,0,0,0,0,0,0,0,0.191,0,0,0,0,0,0,0,0,0,0,0,0,0,0,0,0,0,0,0,0,0,0,0,0,0,0,0,0,0,0,0,0,0,0,0,0.394,0,0,0,0,0,0,0,0,0,0,0,0,0,0,0,0,0,0,0,0,0,0,0,0,0,0,0,0,0,0,0,0,0,0,0,0,0,0,0,0,0,0,0,0,0,0.313,0,0,0,0,0,0,0,0,0.297,0,0,0,0,0,0,0,0,0,0,0,0,0,0,0,0,0,0,0,0,0,0,0,0,0,0,0,0,0,0,0,0,0,0,0.297,0,0,0,0,0,0,0.161,0,0,0,0.298,0,0,0,0,0,0,0,0,0,0,0,0,0,0,0,0,0,0,0,0,0,0,0,0,0,0,0,0,0,0,0,0,0,0,0,0,0,0,0,0,0,0,0,0,0,0,0,0,0,0,0,0,0,0,0,0,0,0.511,0,0,0,0,0,0.199,0,0,0,0,0,0,0,0,0,0,0,0,0,0,0,0,0,0,0,0,0,0,0,0,0,0,0,0,0,0,0,0,0,0,0,0,0,0,0,0,0,0,0,0,0,0,0,0,0,0,0,0,0,0.311,0,0,0.231,0,0,0,0,0,0,0,0,0,0,0,0,0,0,0,0,0,0,0,0,0,0,0,0,0.29,0,0,0,0,0,0,0,0,0,0,0,0,0,0,0,0,0,0,0,0.309,0,0,0,0,0,0,0,0,0,0,0,0,0,0,0,0,0,0,0,0,0,0,0,0,0,0,0,0,0,0,0,0,0,0,0,0,0,0,0,0,0,0,0,0,0,0,0,0,0,0,0,0,0,0,0,0,0,0,0,0,0,0,0,0,0,0,0,0,0,0,0,0,0,0,0,0,0,0,0,0,0,0,0,0.396,0,0,0,0,0,0,0,0,0,0,0,0,0,0,0,0,0,0,0,0,0,0,0,0,0,0,0,0,0,0,0,0,0,0,0,0,0,0,0,0,0,0,0,0,0,0,0,0,0,0,0,0,0,0,0,0,0,0.351,0,0,0,0,0,0,0,0,0,0,0,0,0,0,0,0,0,0,0,0,0,0,0,0,0,0,0,0,0,0,0,0,0,0,0,0,0.196,0,0,0,0,0,0,0,0,0,0,0,0,0,0,0,0,0,0,0,0,0,0,0,0,0,0,0,0,0,0,0,0,0,0,0,0,0,0,0,0,0,0,0,0,0,0,0,0,0,0,0,0,0,0,0,0,0,0,0,0,0,0,0,0,0,0,0.42,0,0,0,0,0,0,0,0,0,0,0,0,0,0,0,0,0,0,0,0,0,0,0,0,0,0,0,0,0,0,0,0,0,0,0,0,0,0,0,0,0,0,0,0,0,0,0,0,0,0,0,0,0,0,0,0,0,0,0,0,0,0,0,0,0,0,0,0,0,0,0,0,0.198,0,0,0,0,0,0,0,0,0,0,0,0,0,0,0,0,0,0,0,0,0,0,0,0,0,0,0,0,0,0,0,0,0,0,0,0,0,0,0,0,0,0.9,0,0,0,0,0,0,0,0,0,0,0,0,0,0,0,0,0.256,0,0,0,0,0,0,0,0,0,0,0,0,0,0,0,0,0,0,0,0,0,0,0,0,0,0,0,0,0,0,0,0,0,0,0,0,0,0,0,0,0,0,0,0,0,0,0,0,0,0,0,0,0,0,0,0,0,0,0,0,0,0,0,0,0,0,0,0,0,0,0,0,0,0,0,0,0,0,0,0,0,0,0,0,0,0,0,0,0,0,0,0,0,0,0,0,0,0,0,0,0,0,0,0,0,0,0,0,0,0,0,0,0,0,0,0,0,0,0,0,0,0,0,0,0,0,0,0,0,0,0,0,0,0.293,0,0,0,0,0,0,0,0,0,0,0,0,0,0,0,0,0,0,0,0,0,0,0,0,0,0,0,0,0,0.189,0,0,0,0,0,0,0,0,0,0,0,0,0,0,0,0,0,0,0,0,0,0,0,0,0,0,0,0,0,0,0,0,0,0,0,0,0,0,0,0,0,0,0,0,0,0,0,0,0,0,0,0,0.161,0,0,0,0,0,0,0,0,0,0,0,0,0,0,0,0,0,0,0,0,0,0,0,0,0,0,0,0,0,0,0,0,0,0,0,0,0,0,0,0,0,0,0,0,0,0,0,0,0,0,0,0,0,0,0,0,0,0,0,0,0,0,0,0,0,0.206,0,0,0,0,0,0,0,0,0,0,0,0,0,0,0,0.29,0,0,0,0,0,0,0,0,0,0,0,0,0,0,0,0,0,0,0,0,0,0,0,0,0,0,0,0,0,0,0,0,0,0,0,0,0,0,0,0,0,0,0,0,0,0,0,0,0,0.284,0,0,0,0,0,0,0,0,0,0,0,0,0,0,0,0.167,0,0,0,0,0,0,0,0,0,0,0,0,0,0,0,0,0,0,0,0,0,0,0,0,0,0.258,0.194,0,0,0,0,0,0,0,0,0,0,0,0,0,0,0,0,0,0,0,0,0,0,0,0,0,0,0,0,0,0,0,0,0,0,0,0,0,0,0,0,0,0,0,0,0,0,0.556,0,0,0,0,0,0,0,0,0,0,0,0,0,0,0,0.293,0,0,0,0,0,0,0,0,0,0,0,0,0,0,0,0,0,0,0,0,0,0,0,0,0,0,0,0,0,0,0,0,0,0,0,0,0,0,0,0,0,0,0,0,0,0,0,0,0,0,0,0,0,0,0,0,0,0,0,0,0,0,0,0,0,0,0,0,0,0,0,0,0,0,0,0,0,0,0,0,0,0,0,0,0,0,0,0,0,0,0,0,0,0,0,0,0,0,0,0,0,0,0,0,0,0,0,0,0,0,0,0,0,0,0,0,0,0,0,0,0,0,0,0,0,0,0,0,0,0,0,0,0,0,0,0,0,0,0,0,0,0,0,0,0,0,0,0,0,0,0,0,0,0,0,0,0,0,0,0,0,0,0,0,0,0,0,0,0,0,0,0,0,0,0,0,0,0,0,0,0,0,0,0,0,0,0,0,0,0,0,0,0,0,0,0,0,0,0,0,0,0,0,0,0,0,0,0,0,0,0,0,0,0,0,0,0,0,0,0,0,0,0,0,0,0,0.32,0,0,0,0,0,0,0,0,0,0,0,0,0,0,0,0,0,0,0,0,0,0,0,0,0,0,0,0,0,0,0,0,0,0,0,0,0,0,0,0,0,0,0,0,0,0,0,0,0,0,0,0,0,0,0,0,0,0,0,0,0,0,0,0,0,0,0,0,0.9,0,0,0,0,0,0,0,0,0,0,0,0,0,0,0,0,0,0,0,0,0,0,0,0,0,0,0,0,0,0,0,0,0,0,0,0,0,0,0,0,0,0,0,0,0,0,0,0,0,0,0,0,0,0,0,0,0,0,0,0,0,0,0,0,0,0,0,0,0,0,0,0,0,0,0,0,0,0,0,0,0,0,0,0,0,0,0,0,0,0,0,0,0,0,0,0,0,0,0,0,0,0,0,0,0,0,0,0,0,0,0,0,0,0,0,0,0,0,0,0,0,0,0,0,0,0,0,0,0,0,0,0,0,0,0,0,0,0,0,0,0,0,0,0,0,0,0,0,0,0,0,0,0,0,0,0,0,0,0,0,0,0,0,0,0,0,0,0,0,0,0,0,0,0,0.193,0,0,0,0,0,0,0,0,0,0,0,0,0,0,0,0,0,0,0,0,0,0,0,0,0,0,0,0,0,0,0,0,0,0,0,0,0,0,0,0,0,0,0,0,0,0,0,0,0,0,0,0,0,0,0,0,0,0,0,0,0,0,0,0,0,0,0,0,0,0,0,0,0,0,0,0,0,0,0,0,0,0,0,0,0,0,0,0,0,0,0,0,0,0,0,0,0,0,0,0,0,0,0,0,0,0,0,0,0,0,0,0,0,0,0,0,0,0,0,0,0,0,0,0,0,0,0,0,0,0,0,0,0,0,0,0,0,0,0,0,0,0,0,0,0,0,0,0,0,0,0,0,0,0,0,0,0,0,0,0,0,0,0,0,0,0,0,0,0,0,0,0,0,0,0,0,0,0,0,0,0,0,0,0,0,0,0,0,0,0,0,0,0,0,0,0,0,0,0,0,0,0,0,0,0,0,0,0,0,0,0,0,0,0,0,0,0,0,0,0,0,0,0,0,0,0,0,0,0,0,0,0,0,0,0,0,0,0,0,0,0,0,0,0,0,0,0,0,0,0,0,0,0,0,0,0,0,0,0,0,0,0,0,0,0,0,0,0,0,0,0,0,0,0,0,0,0,0,0,0,0,0,0,0,0,0,0,0,0,0,0,0,0,0,0,0,0,0,0,0,0,0,0,0,0,0,0,0,0,0,0,0,0,0,0,0,0,0,0,0,0,0,0,0,0,0,0,0,0,0,0,0,0,0,0,0,0,0,0,0,0,0,0,0.618,0,0,0,0,0,0,0,0,0,0,0,0,0,0,0,0,0,0,0,0,0,0,0,0,0,0,0,0,0,0,0,0,0,0,0,0,0,0,0,0,0,0,0,0,0,0,0,0,0,0,0,0,0,0,0,0,0,0,0,0,0,0,0,0,0,0,0,0,0,0,0,0,0,0,0,0,0,0,0,0,0,0,0,0,0,0,0,0,0,0,0,0,0,0,0,0,0,0,0,0,0,0.309,0,0,0,0,0,0,0,0,0.993,0,0,0,0,0,0,0,0,0,0,0,0,0,0,0,0,0,0,0,0.258,0,0,0,0,0,0,0,0,0,0,0,0,0,0,0,0,0,0,0,0,0,0,0,0,0,0,0,0,0,0,0,0,0,0,0,0,0,0,0,0,0,0,0,0,0,0,0,0,0,0,0,0,0,0,0,0,0,0,0,0,0,0,0,0,0,0,0,0,0,0,0,0,0.292,0,0,0,0,0,0,0,0,0,0,0.258,0,0,0,0,0,0,0.376,0,0,0,0,0,0.294,0,0.394,0,0,0,0,0,0,0,0,0,0,0,0,0.309,0,0,0,0,0,0,0,0,0,0.195,0,0,0,0,0,0,0,0,0,0,0,0,0,0,0,0,0,0,0.302,0,0,0,0,0,0,0,0.301,0,0.4,0,0,0,0,0,0,0,0,0,0,0,0,0,0,0,0,0,0,0,0,0,0,0,0,0,0,0,0,0,0,0,0,0,0,0,0,0,0,0,0,0,0,0,0,0,0,0,0,0,0,0,0,0,0,0,0,0,0,0,0,0,0,0,0,0,0,0,0,0,0,0,0,0,0,0,0,0,0,0,0,0,0,0,0,0,0,0,0,0,0,0,0,0,0,0,0,0,0,0,0,0,0,0,0,0,0,0,0,0,0,0,0,0,0,0,0,0,0,0,0,0,0,0,0,0,0,0,0,0,0,0,0,0,0,0,0,0,0,0,0,0,0,0,0,0,0,0,0.993,0,0,0,0,0,0,0,0,0,0,0,0,0,0,0,0,0,0,0,0,0,0,0,0,0,0,0,0,0,0,0,0,0,0,0,0,0,0,0,0,0,0,0,0,0,0,0,0,0,0,0,0,0,0,0,0,0,0,0,0,0,0,0,0,0,0,0,0,0,0,0,0,0,0,0,0,0,0,0,0,0.54,0,0,0,0,0,0,0,0,0,0,0,0,0,0,0,0,0,0,0,0,0,0,0,0,0,0,0,0,0,0,0,0,0,0,0,0,0,0,0,0,0,0,0,0.993,0,0,0,0,0,0,0,0,0,0,0,0.993,0,0,0,0,0,0,0,0,0,0,0,0,0,0,0,0,0,0,0,0,0,0,0,0,0,0,0,0,0,0,0,0,0,0,0,0,0,0,0,0,0,0,0,0,0,0,0,0.9,0,0,0,0,0,0,0,0,0,0,0,0,0,0,0,0,0,0,0,0,0,0,0,0,0,0,0,0,0,0,0,0,0,0,0,0,0,0,0,0,0,0,0,0,0,0,0,0,0,0,0,0,0,0,0,0,0,0,0,0,0,0,0,0,0,0,0,0,0,0,0,0,0,0,0,0,0,0,0,0,0,0,0,0,0,0,0,0,0,0,0,0,0,0,0,0,0,0,0,0,0,0,0,0,0,0,0,0,0,0,0,0,0,0,0,0,0,0,0,0,0,0,0,0,0,0,0,0,0,0,0,0,0,0,0,0,0,0,0,0.398,0,0,0,0,0,0,0,0,0,0,0,0,1
853503,0.422,0,0,0,0.558,0,0.253,0.574,0,0,0,0,0,0,0,0,0,0,0,0,0,0,0,0,0,0.18,0.967,0,0,0,0.288,0,0,0,0.159,0,0,0,0,0,0,0,0,0,0,0,0,0.156,0,0,0,0,0,0,0,0.172,0,0,0,0,0,0,0,0,0,0,0.311,0,0,0,0.564,0.341,0,0,0.21,0,0,0,0,0,0,0,0,0,0,0,0,0,0,0,0,0,0.286,0,0,0,0.15,0,0.367,0,0,0.164,0,0,0,0,0,0,0,0,0,0,0,0.257,0,0,0,0,0,0,0.987,0,0,0.171,0,0,0,0.202,0,0,0,0,0,0,0,0,0,0,0.957,0,0.15,0,0.484,0,0,0.341,0,0,0,0,0.268,0,0,0,0,0.35,0,0,0,0,0,0,0,0,0.364,0,0,0.223,0,0.205,0,0,0,0,0,0,0,0,0,0.489,0,0,0.194,0,0.296,0,0.252,0,0,0.225,0.204,0,0,0.276,0,0.157,0.155,0,0,0,0,0.18,0.174,0,0,0.16,0.226,0,0.384,0.98,0.33,0,0.742,0.455,0,0.168,0,0,0,0,0.255,0,0,0,0,0,0.268,0.319,0.796,0.451,0.218,0,0,0.211,0.181,0,0.442,0.161,0.16,0,0.155,0,0,0.429,0.181,0,0,0.225,0,0,0.527,0,0.492,0,0,0,0,0,0,0.157,0,0.166,0,0.161,0,0,0,0,0,0,0.685,0,0,0.186,0,0.465,0,0,0.213,0.293,0,0,0.928,0.756,0,0.186,0.202,0.621,0.155,0.194,0,0,0,0,0,0,0,0,0,0,0.159,0,0,0,0,0,0.241,0.155,0,0.289,0,0,0,0,0.49,0.16,0,0.372,0,0,0,0,0.262,0,0.918,0,0,0,0,0,0,0,0,0,0.191,0.195,0,0,0,0,0,0,0,0.2,0.16,0.595,0,0,0,0,0,0,0,0.16,0.153,0.219,0.193,0,0,0.966,0,0.276,0,0,0,0,0,0,0,0,0.221,0.674,0,0,0,0,0,0,0.342,0.197,0,0,0,0.201,0,0.222,0,0.206,0,0,0.191,0,0,0,0,0,0.179,0.152,0.702,0,0.168,0.282,0.161,0,0.725,0.972,0,0,0,0.478,0,0.25,0.729,0,0,0,0.162,0,0,0,0.15,0.184,0,0.192,0,0,0,0,0.215,0,0.345,0,0,0,0,0,0.162,0,0.334,0,0,0.378,0,0,0,0,0,0,0,0,0.275,0,0.926,0,0,0,0.778,0.645,0,0.72,0,0,0.44,0,0,0,0,0,0,0,0,0,0,0.279,0,0,0.151,0,0,0.559,0,0,0,0.434,0,0.3,0,0,0,0.358,0,0,0,0,0,0.709,0,0,0,0,0,0,0.161,0,0.999,0,0,0.164,0,0,0,0,0,0,0.261,0.247,0.34,0,0,0,0,0,0,0,0,0,0,0,0,0,0,0,0,0,0,0,0.309,0,0.836,0,0.592,0,0,0.191,0,0,0.155,0.675,0.694,0.544,0.882,0,0.159,0,0,0,0,0,0,0,0,0,0.403,0,0,0,0,0.216,0,0,0,0.15,0,0.378,0.173,0,0,0,0,0,0,0,0.164,0,0,0.193,0,0,0,0,0.225,0,0.154,0.453,0,0,0,0.199,0,0.194,0.22,0,0,0.335,0,0.93,0,0.158,0.262,0,0,0,0,0,0,0,0.175,0.306,0,0,0,0,0.153,0,0.472,0,0,0.189,0,0,0,0,0,0.522,0.429,0,0,0,0.433,0,0,0.195,0,0.344,0.257,0.161,0,0,0.227,0.296,0,0,0,0,0.398,0,0,0,0,0.157,0,0,0,0.301,0.291,0.426,0,0,0,0.174,0,0,0,0,0,0,0,0,0,0,0,0,0,0,0,0,0,0,0,0,0.167,0.184,0,0,0,0.231,0,0,0,0,0,0,0,0.856,0.262,0,0,0.175,0,0.574,0,0.27,0,0,0,0.432,0.285,0.177,0.246,0,0,0,0.177,0,0,0.152,0,0,0,0.158,0,0,0,0,0,0.198,0,0,0,0.999,0,0,0.482,0,0,0,0,0,0,0,0.226,0,0.555,0,0,0,0,0,0,0,0,0.168,0,0,0,0,0,0.907,0,0,0,0,0,0.185,0,0,0.303,0,0,0,0.336,0,0.18,0.595,0,0,0.168,0,0,0,0,0.236,0,0,0,0,0,0,0.166,0,0,0.218,0,0,0,0.307,0,0.204,0,0,0.522,0,0,0,0.16,0.608,0.226,0,0.358,0,0,0,0,0,0,0,0,0,0,0,0,0.152,0,0.826,0.335,0.228,0.225,0.156,0,0,0.238,0.419,0,0,0,0,0.172,0,0,0.335,0.307,0,0,0,0,0.18,0.158,0,0,0,0,0.819,0.155,0,0,0,0.297,0,0,0,0,0,0,0,0.159,0.18,0,0,0.343,0,0.999,0,0,0,0,0.301,0,0,0,0,0,0,0.239,0,0.191,0,0.276,0,0,0.403,0,0,0,0,0,0,0,0,0.999,0,0,0.263,0.96,0,0,0,0.949,0,0,0.167,0.249,0,0,0.93,0,0,0,0.289,0,0,0.203,0.159,0,0.399,0,0.16,0,0,0,0,0.236,0,0,0.286,0.273,0,0.23,0,0.393,0,0.167,0.328,0,0,0.154,0,0,0.656,0,0,0,0.675,0,0.733,0,0.215,0.159,0,0,0,0,0.201,0,0,0,0,0,0,0,0,0,0,0,0,0,0,0,0,0.27,0,0,0,0,0,0,0,0,0,0.276,0,0,0,0,0,0,0,0,0,0.208,0,0,0.27,0,0.27,0,0,0,0,0,0,0.195,0,0,0,0,0,0,0,0,0.225,0,0,0,0,0,0,0,0,0.163,0,0,0.158,0,0,0.239,0.211,0,0,0,0,0,0,0,0,0,0.54,0,0,0,0,0.325,0,0,0.34,0,0,0,0,0,0,0,0,0,0.187,0.256,0.206,0,0,0.67,0,0,0,0,0,0.164,0.278,0,0,0,0,0.188,0,0,0,0,0,0,0,0,0.22,0,0,0,0,0,0,0,0,0,0,0,0,0.167,0.256,0,0.327,0,0,0,0,0,0,0.183,0.237,0,0,0,0.286,0,0.266,0,0,0,0,0,0,0,0,0,0.868,0,0,0,0.278,0.335,0,0,0,0,0.24,0,0,0,0,0,0,0,0.177,0.635,0,0,0.256,0,0,0.193,0,0.181,0,0,0,0,0,0,0,0,0,0,0,0.234,0,0,0,0,0,0,0,0,0.506,0.21,0,0.208,0,0,0,0,0,0.201,0,0,0,0,0,0,0.164,0,0,0,0,0.263,0.228,0,0,0,0,0,0,0,0,0,0,0,0.758,0,0,0,0.587,0,0,0,0,0,0,0,0,0.211,0,0,0,0,0,0,0.195,0.271,0,0,0,0,0,0,0,0,0,0,0.509,0,0,0,0,0,0,0,0,0,0,0,0,0,0,0.21,0,0.218,0,0,0.179,0,0,0,0,0,0,0,0,0,0,0.157,0,0,0,0,0,0,0,0,0.263,0,0,0,0,0,0,0,0,0,0,0,0,0,0,0,0,0,0.463,0,0,0,0,0,0,0,0,0.195,0.207,0,0,0,0,0,0,0,0,0,0,0,0,0.167,0,0.331,0,0,0,0.19,0,0,0,0,0,0.194,0,0,0,0,0.781,0,0.237,0.158,0,0,0,0,0.23,0.195,0,0,0,0,0,0,0,0.537,0,0,0,0,0,0,0.166,0,0,0,0.259,0,0.195,0.238,0,0,0.199,0,0,0,0,0,0,0,0,0,0.609,0,0,0.194,0,0,0.151,0,0,0,0,0,0.333,0.329,0,0,0.167,0.27,0,0,0,0.256,0,0,0,0,0,0,0,0,0,0,0,0,0,0,0,0,0.389,0,0,0,0,0,0,0,0,0,0,0.449,0,0,0,0,0,0,0,0,0,0.233,0,0,0,0,0,0,0,0,0.237,0,0,0,0,0.151,0.185,0,0,0,0,0,0,0,0,0,0,0,0,0.288,0,0,0,0,0,0,0,0,0,0,0,0,0.696,0,0,0,0,0,0.975,0,0,0.256,0,0,0,0.259,0.186,0,0,0,0,0.337,0,0,0,0,0,0,0,0,0,0,0,0,0,0,0,0,0.301,0,0,0,0,0.285,0,0.283,0,0.278,0,0,0,0,0.629,0,0,0,0,0.288,0,0,0,0,0,0,0,0.307,0,0,0,0,0,0.684,0,0,0,0,0,0,0,0,0,0,0,0,0,0,0,0,0,0,0,0,0,0,0,0,0,0,0,0,0,0,0,0,0,0,0,0,0,0,0,0,0,0,0,0,0,0,0,0,0,0,0,0,0,0.167,0,0,0,0,0,0,0.224,0,0,0,0.233,0,0,0,0,0,0,0,0,0,0,0,0,0,0,0,0,0,0,0,0,0,0,0,0,0,0,0,0,0,0,0,0,0,0.179,0,0,0,0,0,0,0,0,0,0,0,0,0,0,0.202,0,0,0,0,0,0,0,0,0,0.165,0,0,0,0,0.699,0,0.158,0,0,0,0,0,0,0,0,0,0,0,0,0,0,0,0,0,0,0,0,0,0,0,0,0,0,0,0.313,0,0,0,0,0,0,0,0.173,0,0.212,0,0,0,0,0,0,0,0,0,0,0.195,0,0,0,0.179,0,0,0,0,0,0.713,0.413,0,0.182,0,0,0,0,0,0.221,0,0,0,0,0.293,0,0,0,0.167,0,0.576,0,0,0,0,0,0,0,0.203,0,0.683,0,0,0,0,0,0,0,0.21,0,0,0,0.207,0,0,0,0,0,0,0,0,0,0,0,0,0,0,0,0,0,0,0,0,0,0.591,0,0,0,0.188,0,0,0,0,0,0,0,0,0,0,0,0.193,0,0,0,0,0,0,0,0,0.342,0,0.192,0,0,0,0,0,0.202,0,0,0,0,0,0,0,0,0.439,0,0,0.198,0,0,0,0,0.471,0.601,0,0.203,0.15,0,0,0,0,0.309,0.179,0,0,0,0,0.286,0.199,0,0,0,0,0,0,0,0.164,0,0,0,0,0.195,0,0.183,0,0.236,0,0.228,0.165,0,0,0,0,0,0,0,0,0,0.265,0.206,0,0,0,0.183,0,0,0.641,0,0,0,0,0,0,0,0,0.158,0,0,0,0.357,0.363,0,0,0,0,0,0,0,0,0,0,0,0,0,0.197,0,0,0.161,0,0.159,0,0,0,0,0,0,0,0,0,0.171,0,0,0,0.325,0,0,0,0.207,0.71,0,0.181,0,0,0,0.165,0,0.153,0,0,0,0,0,0,0,0,0,0.171,0,0,0,0,0,0,0.202,0,0.189,0,0.159,0,0.704,0,0.151,0.638,0.18,0,0,0,0.214,0,0,0,0.297,0,0,0,0,0,0,0,0,0,0,0,0,0,0,0,0,0,0,0,0,0.173,0,0.167,0.159,0,0,0,0,0,0.164,0,0,0,0,0,0,0,0,0,0.214,0,0,0,0,0,0,0,0,0,0.159,0,0,0,0,0.182,0,0,0,0,0,0,0,0,0,0,0,0,0,0,0.2,0,0,0.307,0,0,0,0,0,0,0,0,0,0.152,0,0,0,0,0,0,0.183,0,0,0,0,0,0,0,0.163,0.17,0,0,0,0,0,0,0,0.152,0,0,0.218,0.247,0,0,0.707,0,0.666,0,0,0,0.705,0.687,0,0,0,0.711,0.544,0,0.512,0.394,0,0,0,0,0.48,0,0,0,0,0,0,0,0,0,0,0,0,0,0,0,0.389,0.988,0,0,0,0,0,0,0,0.457,0,0,0,0,0,0,0,0.466,0,0,0,0,0.155,0,0,0,0,0.329,0,0,0,0,0,0,0,0,0,0,0,0,0,0,0.595,0,0,0,0,0,0,0.202,0,0,0,0.687,0,0,0,0,0,0,0,0,0,0,0,0,0,0,0,0,0.287,0,0.41,0,0.242,0,0,0,0,0.733,0.243,0,0,0,0,0,0,0,0,0,0,0,0,0,0,0,0,0.153,0,0.318,0,0,0,0,0.573,0,0.323,0,0,0,0.297,0,0,0,0,0.329,0,0,0,0.167,0,0,0,0,0.697,0.15,0,0,0,0,0,0,0.318,0,0,0,0,0.333,0.154,0,0.457,0,0.373,0,0,0,0,0.191,0,0.285,0,0,0,0,0,0,0,0.406,0,0.849,0,0,0,0,0.216,0.233,0,0,0,0.237,0,0.493,0,0,0,0,0.902,0.181,0.21,0,0,0,0,0,0,0.232,0,0.332,0,0.242,0,0,0,0,0,0,0,0,0,0,0,0,0,0,0,0,0,0,0,0,0.155,0,0,0,0,0,0,0,0,0,0,0,0,0,0,0,0,0,0,0,0,0.302,0,0,0,0,0,0,0,0,0,0,0,0,0,0,0,0,0,0.247,0,0,0,0,0,0,0,0,0,0,0,0,0,0.217,0,0.199,0,0,0,0,0,0,0,0,0,0,0.266,0,0,0,0,0,0,0,0,0,0,0,0,0,0,0,0,0,0,0,0.259,0,0.588,0,0,0.45,0,0,0,0,0,0,0,0,0,0.158,0,0,0,0,0,0,0.256,0.216,0,0,0,0,0,0,0,0,0,0,0,0,0,0,0,0,0,0.455,0,0,0.173,0.204,0,0,0,0,0,0,0,0,0,0,0,0,0,0,0,0,0,0,0,0,0,0,0,0,0,0,0,0,0,0,0,0,0,0,0,0,0,0,0,0,0,0,0,0,0,0,0,0,0,0,0,0,0,0,0,0,0,0,0,0.229,0,0,0.279,0,0,0,0.186,0,0.383,0,0,0,0,0,0,0,0,0,0,0.536,0,0,0,0,0,0,0,0,0,0,0,0,0,0,0,0,0,0,0,0,0,0,0,0,0,0,0,0,0,0,0,0,0,0,0,0,0,0,0,0,0,0.242,0,0,0,0,0,0,0,0.247,0,0,0,0,0,0,0,0,0,0,0,0,0,0,0,0,0,0,0,0,0,0,0,0,0,0,0,0,0,0,0,0,0,0,0,0,0,0,0.315,0,0,0,0.165,0,0,0,0,0,0,0,0,0,0,0,0,0,0,0,0,0,0,0,0.219,0,0,0,0,0,0,0,0,0,0,0,0,0,0,0,0,0,0,0,0,0.162,0,0.181,0,0,0,0,0.305,0,0,0,0,0,0,0,0,0.166,0,0.15,0,0,0.496,0,0.271,0,0.168,0,0,0.158,0,0,0,0.266,0.19,0,0.695,0,0,0,0,0.187,0,0,0,0,0,0,0,0.15,0.151,0,0.321,0.193,0,0,0,0.189,0,0,0.233,0,0,0.335,0.481,0,0,0.201,0.706,0,0,0,0,0,0,0,0,0,0,0,0.182,0,0,0,0,0,0,0,0,0,0,0,0,0.173,0.153,0,0,0.173,0,0,0,0,0,0,0.197,0,0,0.156,0,0,0.204,0,0,0.21,0,0,0,0,0.36,0.187,0.228,0,0.734,0,0,0,0,0.172,0.189,0,0.19,0,0,0.207,0,0,0,0,0,0,0,0,0,0,0,0,0.301,0.165,0,0,0,0.21,0,0.232,0,0,0,0.346,0,0,0,0,0.166,0,0.163,0,0.155,0.19,0,0.338,0.199,0.719,0,0.27,0.199,0,0,0,0,0,0,0.674,0,0.214,0.394,0.193,0.174,0,0.165,0,0,0.288,0,0,0,0.234,0.182,0,0,0,0,0,0,0,0,0,0,0.187,0,0,0,0,0,0,0,0,0.275,0,0,0,0,0,0,0,0,0,0.486,0.199,0,0,0,0,0,0,0,0,0,0,0,0,0,0,0,0,0,0,0,0,0,0,0,0,0,0,0,0,0,0,0,0.21,0,0,0,0,0,0,0,0,0,0,0,0,0,0,0,0,0,0,0,0,0,0,0,0,0,0,0,0,0,0,0,0,0,0,0,0,0,0,0,0,0,0,0,0,0,0,0,0,0,0,0,0,0,0,0,0,0,0,0,0,0,0,0,0.194,0,0,0.432,0,0.236,0.182,0,0.186,0,0,0,0.209,0.252,0,0,0,0.181,0,0.336,0.188,0,0,0.443,0,0,0,0,0.279,0.335,0,0,0.297,0.268,0,0,0,0,0.198,0,0,0,0,0,0,0.268,0.153,0,0,0.266,0.228,0,0.236,0,0,0,0,0,0,0,0,0,0,0,0,0,0,0,0,0.163,0,0,0.218,0.556,0,0,0,0,0.178,0,0,0,0,0,0,0.484,0.153,0,0,0,0,0.156,0,0,0.158,0.182,0,0,0,0,0.27,0,0,0,0,0,0,0,0,0,0,0,0,0,0.183,0,0,0,0,0,0,0,0,0,0,0,0,0,0,0,0,0,0,0,0,0,0,0,0,0.317,0,0,0,0,0,0,0,0,0,0,0,0,0,0,0.166,0,0,0,0,0,0,0.193,0,0.182,0,0,0.317,0,0,0,0,0.192,0,0,0.997,0,0.436,0,0,0,0,0,0,0,0,0,0,0.609,0,0,0,0,0,0,0,0,0,0,0,0,0.315,0,0,0.223,0,0,0,0,0,0.212,0,0,0,0,0,0,0,0,0,0,0,0,0,0,0,0,0,0,0,0,0.335,0.157,0,0,0,0,0,0,0,0,0,0,0,0,0,0,0,0.393,0,0,0,0,0,0,0,0,0.183,0.22,0,0,0,0.273,0,0,0,0,0,0,0,0.236,0,0,0.309,0,0,0,0,0,0,0.905,0,0,0.548,0,0,0,0,0,0,0,0,0,0,0,0,0,0,0,0,0.228,0.237,0,0.21,0.249,0,0.18,0,0,0,0,0.37,0,0,0,0,0,0,0,0,0,0,0,0,0,0,0,0,0,0,0,0,0.162,0,0,0.377,0,0.685,0,0,0,0,0,0,0,0,0,0,0,0,0.159,0,0,0,0,0,0.249,0,0,0,0,0,0,0,0,0.21,0,0,0,0,0,0,0.515,0,0,0,0,0,0.248,0.353,0,0,0,0,0,0,0,0,0,0,0,0,0,0,0.157,0,0.234,0,0,0,0,0.188,0,0,0,0,0,0,0,0,0,0,0,0,0,0,0,0,0,0,0,0,0,0,0.174,0,0,0,0,0,0,0,0,0,0,0,0,0,0.209,0,0,0,0,0.935,0,0,0,0,0,0,0,0,0,0,0,0,0,0,0,0,0,0,0,0,0,0,0,0,0,0,0,0,0,0,0,0,0,0.235,0,0,0,0,0,0.267,0,0,0,0,0,0,0,0,0,0,0,0,0,0,0,0.167,0,0,0,0,0,0,0,0,0,0,0,0,0,0,0,0,0,0,0,0,0,0,0.991,0,0,0,0,0.297,0,0,0.17,0,0,0,0.229,0.225,0,0,0,0,0,0,0,0,0,0,0,0,0,0,0,0,0,0,0,0,0.21,0,0,0,0,0,0,0,0,0,0,0,0.152,0,0,0,0,0,0,0,0,0,0,0,0,0,0,0,0,0,0,0,0,0,0,0,0,0,0,0,0,0,0,0,0,0,0,0,0,0,0,0,0,0.24,0,0,0,0,0,0,0,0,0,0,0,0,0,0,0,0,0.199,0,0,0,0,0,0,0,0,0,0,0,0,0,0,0,0,0,0.216,0,0,0.17,0,0.196,0,0,0,0,0,0,0,0,0,0.193,0,0,0,0,0,0,0,0,0.182,0,0,0,0,0,0,0,0.295,0,0,0,0,0,0.323,0,0,0,0,0,0,0,0,0,0,0,0,0,0,0,0,0,0,0,0,0,0,0,0,0,0,0,0,0,0,0,0,0,0,0,0,0,0,0,0,0,0,0,0,0,0,0,0,0,0,0,0.443,0,0,0,0,0,0,0,0,0,0,0,0,0,0,0.152,0.447,0,0,0,0,0,0.269,0,0,0,0,0.479,0,0,0,0,0,0,0,0,0,0,0,0,0,0,0,0,0,0,0,0,0,0,0,0,0,0,0,0,0,0,0,0,0.509,0,0,0,0,0,0,0,0,0,0,0,0,0,0,0,0,0,0,0.212,0,0,0.618,0,0,0,0,0,0,0,0,0,0,0,0,0,0,0,0,0,0,0,0,0,0,0,0,0,0,0,0,0.194,0,0,0,0,0,0,0,0,0,0,0.306,0,0,0,0,0,0,0,0,0,0,0,0,0.171,0,0,0,0,0,0,0,0,0,0,0,0,0,0,0,0,0,0,0,0,0.167,0,0.389,0,0,0,0,0,0,0.206,0,0,0,0,0,0.333,0,0,0,0,0,0,0,0,0,0,0,0,0,0,0,0,0,0,0,0.312,0,0,0,0.999,0,0,0,0,0.729,0,0,0,0,0,0,0,0,0,0,0,0,0,0,0,0,0,0,0,0,0,0.154,0,0,0,0,0,0,0,0,0,0,0,0,0,0,0,0,0,0,0,0,0,0,0,0,0,0,0,0,0,0,0,0,0,0,0,0,0.226,0,0,0,0,0,0,0,0.169,0.257,0,0,0,0,0,0,0,0,0,0,0,0,0,0,0,0,0,0,0,0,0,0,0.219,0,0,0,0,0,0,0,0,0,0,0,0,0,0,0,0,0,0,0,0,0,0,0,0.152,0,0,0,0,0.345,0,0,0,0,0,0,0,0,0,0,0,0,0,0,0,0,0,0,0,0,0,0,0,0,0,0,0,0,0,0,0,0,0,0,0,0,0,0,0,0,0,0,0,0,0,0,0,0,0.244,0.167,0.7,0.98,0.799,0,0,0,0.996,0,0,0,0,0,0,0,0.304,0.322,0.2,0,0,0,0,0,0,0.16,0.346,0,0,0,0.478,0.236,0,0,0,0,0,0,0,0,0,0,0,0,0,0,0,0,0,0,0,0,0,0,0,0,0,0,0.23,0,0,0,0,0,0,0,0,0,0,0,0,0,0,0,0,0,0,0,0,0,0,0,0,0,0,0,0,0,0,0,0,0,0,0,0,0,0,0,0,0,0,0,0,0,0,0,0.309,0,0,0,0,0,0,0,0,0,0,0,0,0,0,0,0.996,0,0.699,0,0,0,0
854714,0,0,0,0,0.222,0,0,0,0,0,0,0,0,0,0,0,0,0,0.449,0,0,0,0,0,0,0,0.289,0,0,0,0,0,0,0,0,0,0,0,0,0,0,0,0,0,0,0,0,0.275,0,0,0,0.211,0,0,0,0,0,0,0,0,0,0,0,0,0,0,0,0,0,0.154,0.279,0.274,0,0,0,0,0,0,0,0,0,0,0.256,0,0,0,0,0,0,0,0,0,0.293,0,0,0,0,0,0,0,0.199,0,0,0,0,0,0,0,0,0,0,0,0,0,0,0,0,0,0,0,0,0,0,0,0,0,0,0,0,0,0,0,0,0,0,0,0,0,0.305,0,0.267,0,0,0,0,0,0,0,0,0,0.186,0,0,0,0,0,0,0,0,0,0,0,0,0,0,0,0,0.349,0,0,0,0.338,0,0,0,0,0,0,0.589,0,0,0,0.691,0,0.47,0,0.167,0,0.205,0,0,0,0,0.159,0,0,0.227,0,0,0,0,0,0,0,0,0.312,0,0,0,0,0,0,0,0.174,0,0,0,0.152,0,0,0.319,0.235,0,0,0,0,0,0,0,0,0.192,0.934,0,0.515,0.19,0.847,0.204,0,0.417,0,0,0,0,0.181,0,0,0.649,0,0,0,0.359,0,0,0,0,0,0.195,0,0,0,0,0.15,0.667,0.418,0,0,0,0.866,0,0.219,0,0,0.292,0,0,0,0,0.167,0.152,0.52,0,0,0.161,0,0,0.397,0,0,0.234,0,0,0,0,0,0,0.156,0,0,0,0,0.249,0,0,0,0,0,0,0,0,0.203,0,0,0.371,0,0,0.811,0.151,0.414,0,0,0,0.733,0.242,0,0,0,0,0,0,0,0,0.686,0,0,0.17,0,0,0,0.296,0,0,0,0,0,0.19,0,0.845,0,0.331,0,0,0,0,0.995,0,0,0,0,0,0,0,0,0,0,0,0,0,0.167,0,0,0.537,0,0,0,0,0,0,0,0,0.414,0,0,0,0.152,0,0.234,0,0.202,0,0,0,0,0,0,0,0.168,0.167,0.372,0,0,0.23,0,0.257,0.267,0.329,0,0,0,0.215,0,0,0.415,0,0,0,0,0,0.814,0,0,0,0,0,0.333,0,0,0,0,0.152,0,0,0.43,0.321,0,0,0.293,0,0.356,0.211,0,0,0,0.199,0.194,0.415,0,0,0,0.223,0,0.177,0,0,0,0,0,0,0.201,0.226,0,0,0.296,0,0,0,0,0.253,0,0,0,0,0,0,0.187,0,0,0.159,0,0.271,0,0,0.268,0,0.763,0,0.274,0,0,0,0,0,0,0,0,0,0,0,0,0,0,0,0.193,0.567,0,0,0,0,0.446,0,0,0,0,0.307,0,0.172,0.869,0.289,0,0,0,0.181,0.22,0,0,0,0.586,0,0,0,0,0,0,0,0,0,0,0,0,0.181,0,0.939,0,0,0,0,0,0,0,0.196,0.725,0,0.17,0,0.173,0,0.194,0,0,0,0,0.565,0,0,0,0,0,0,0.192,0,0,0.187,0.428,0.194,0,0.236,0,0.167,0,0.184,0,0,0,0,0,0,0.165,0,0.281,0,0.154,0,0,0,0,0,0,0,0,0.233,0,0.306,0,0,0,0,0,0,0,0.288,0,0,0,0,0,0,0.673,0,0,0,0,0,0,0,0.239,0,0,0,0,0,0,0,0,0,0,0,0,0.883,0,0.892,0,0,0.233,0,0.331,0.284,0.322,0,0,0.355,0,0,0,0,0.26,0.206,0,0,0,0,0,0.227,0,0,0,0.329,0,0,0,0.169,0.163,0,0,0,0.997,0,0,0,0.195,0,0,0,0,0.302,0,0,0,0,0,0,0,0.252,0.448,0,0,0,0,0,0,0,0,0,0,0,0,0,0,0.201,0.283,0,0.151,0,0,0,0,0,0,0.521,0,0.349,0,0,0,0.256,0.298,0,0,0,0,0,0.244,0.223,0,0,0,0,0,0.913,0,0,0,0,0.2,0,0,0.927,0.256,0,0,0,0,0,0,0,0,0,0,0,0,0.215,0,0,0,0.305,0,0.201,0,0.387,0,0,0,0,0,0,0,0.274,0,0.191,0,0,0,0,0,0,0.158,0,0,0,0.419,0.374,0,0.3,0.156,0,0,0,0,0.367,0,0.446,0,0,0.164,0.172,0.289,0,0.52,0,0,0,0,0,0.201,0,0,0.218,0.676,0,0,0.347,0.167,0,0,0,0,0,0,0,0,0,0,0,0,0,0,0.962,0.152,0,0.196,0,0,0.187,0,0,0,0,0,0,0.258,0,0,0.475,0,0,0.344,0.196,0,0,0.643,0.22,0.233,0,0,0.207,0,0,0,0,0.232,0.394,0,0.927,0.697,0.402,0,0.253,0,0,0,0,0,0,0,0,0,0,0.238,0,0,0,0,0,0,0.568,0,0,0,0,0,0.17,0,0.337,0,0.152,0.686,0,0,0,0,0.181,0,0,0.287,0,0,0.954,0.592,0,0,0.376,0,0.191,0.191,0,0,0,0.37,0.171,0.196,0,0,0,0.245,0,0.21,0,0,0.247,0.591,0,0,0,0,0,0.214,0.23,0.17,0,0,0,0,0,0.307,0,0,0,0.476,0.2,0,0.305,0,0,0,0,0,0,0,0.291,0,0,0.166,0,0.194,0.355,0.168,0,0,0,0,0,0,0,0,0,0,0,0,0,0,0,0.366,0,0,0,0,0,0,0,0,0,0,0,0,0,0,0,0,0,0,0,0,0,0,0,0,0,0,0.167,0,0,0,0,0,0,0,0,0,0,0,0,0.582,0,0,0,0,0,0,0,0,0,0,0,0,0,0,0,0.159,0,0,0,0,0,0.161,0.895,0,0,0,0.162,0,0,0,0,0,0,0.677,0,0,0,0,0,0.154,0,0,0,0,0,0,0,0,0,0,0,0,0,0,0,0,0,0,0,0,0,0,0,0,0,0,0,0,0,0,0,0,0,0,0,0,0,0,0,0,0,0,0,0,0,0.175,0,0,0,0,0,0,0,0,0,0,0,0,0,0,0,0.192,0,0,0,0,0.207,0,0,0,0,0,0,0,0,0,0,0.173,0,0,0,0,0,0,0.171,0,0.196,0,0,0,0,0,0,0,0,0,0.289,0,0,0,0,0,0,0,0,0,0,0,0,0,0,0,0,0,0,0,0,0,0,0,0.167,0,0,0,0,0,0,0,0,0,0.186,0,0,0,0,0,0.652,0,0,0,0,0,0,0,0,0,0,0,0.242,0,0,0.74,0,0,0,0,0,0,0,0.194,0,0,0,0,0,0,0,0,0,0,0,0,0.229,0,0,0,0,0,0.396,0.246,0,0,0,0,0,0,0,0.374,0,0,0,0,0,0,0,0,0,0,0,0,0,0,0,0.558,0,0,0,0,0,0,0,0,0,0.499,0,0,0,0,0,0,0,0,0,0,0,0,0,0,0,0.15,0,0,0,0,0,0,0,0,0,0,0,0,0,0.199,0,0.185,0,0,0,0,0,0,0,0,0,0.164,0,0,0,0,0,0,0,0,0.221,0,0.301,0,0,0,0,0,0,0,0,0,0,0,0,0,0.215,0,0,0,0,0,0,0,0,0,0,0,0,0,0,0,0,0,0,0,0,0,0,0,0,0,0,0,0.264,0,0,0,0.173,0,0,0.393,0.638,0,0,0,0,0,0,0,0,0.585,0,0,0,0,0,0,0,0,0,0,0,0,0.322,0,0,0,0,0,0,0,0,0.276,0,0,0,0,0,0,0,0,0,0,0,0,0,0,0,0,0,0,0,0,0,0,0,0,0,0,0,0,0,0,0,0,0,0,0,0,0,0,0,0,0.189,0,0,0,0,0.87,0,0,0,0,0.372,0.164,0.22,0,0,0,0.199,0,0,0,0,0,0,0,0,0,0,0,0,0,0,0,0,0,0,0,0,0,0,0,0,0,0,0,0,0.176,0,0,0,0,0,0,0,0,0,0,0.201,0,0,0,0,0,0,0,0,0,0,0.247,0,0,0,0,0,0,0,0,0,0,0.5,0,0,0,0,0.204,0,0,0,0,0,0,0,0.36,0,0,0.193,0,0,0,0,0,0.334,0,0,0,0.297,0,0.16,0,0,0,0.433,0,0.204,0,0,0,0,0,0,0,0,0,0,0,0,0,0,0,0,0,0,0,0,0,0,0,0,0,0,0,0,0,0.154,0,0,0,0,0,0,0,0,0,0,0,0,0,0,0,0,0,0,0,0.153,0,0,0,0,0,0,0,0,0.169,0,0,0,0,0,0.163,0,0,0,0,0,0,0.157,0,0,0,0,0,0,0,0,0,0,0,0,0,0,0,0,0,0,0,0,0,0,0,0,0,0.155,0,0,0,0,0,0,0,0,0,0,0,0,0,0,0,0,0,0,0,0,0,0,0,0.596,0,0,0,0,0,0,0.161,0,0,0,0,0,0,0,0,0,0,0.169,0,0,0,0,0,0,0,0,0.181,0,0,0,0,0.393,0.17,0,0,0,0,0,0,0,0,0,0,0,0,0.336,0,0,0,0,0,0.23,0,0,0,0,0,0,0,0,0,0,0,0,0.563,0,0,0.326,0,0.151,0,0,0,0,0,0,0,0,0,0,0,0,0,0,0,0,0.155,0,0,0,0.219,0,0,0.198,0,0,0,0,0,0.17,0,0,0,0.578,0,0,0,0,0,0,0,0,0,0.197,0,0,0,0.638,0,0.565,0,0,0,0,0,0.151,0,0,0,0,0,0,0,0,0,0,0,0,0,0,0,0,0,0,0,0,0,0,0,0,0,0,0,0,0,0,0.25,0,0,0,0,0,0,0.243,0,0,0,0,0,0,0,0,0,0,0,0.441,0,0,0,0,0,0,0,0,0.475,0,0,0.163,0.298,0,0,0,0,0,0,0,0,0,0.173,0.16,0,0,0,0.222,0.376,0,0,0,0,0,0,0,0,0,0,0,0,0,0,0,0,0.283,0,0,0,0,0,0,0,0.707,0,0,0,0,0.298,0,0,0,0.151,0,0,0,0,0,0,0,0,0,0,0,0,0,0,0.15,0,0.216,0,0,0.179,0,0,0,0,0,0,0,0,0,0.175,0,0.427,0,0,0,0,0,0,0.16,0,0,0,0.234,0,0,0,0,0,0,0,0,0,0,0.18,0.151,0,0,0,0,0,0,0,0,0,0,0,0.328,0.225,0,0,0.662,0.29,0,0.768,0,0,0.32,0,0.151,0,0,0,0,0,0.179,0.261,0,0,0.151,0,0.292,0,0,0,0,0,0,0,0.212,0,0,0,0,0.191,0.177,0,0,0,0.696,0,0,0,0,0.357,0,0,0,0,0,0,0,0,0,0,0,0,0,0.182,0.164,0,0,0,0.182,0,0,0,0,0.415,0.391,0,0,0,0,0,0,0,0,0,0,0,0,0,0,0,0,0,0,0,0,0,0,0,0,0,0,0,0,0,0,0,0,0,0,0,0,0,0,0,0,0,0,0,0,0,0,0,0,0,0,0,0,0,0,0,0,0,0,0,0,0,0,0,0,0,0,0,0,0,0,0,0,0,0,0,0,0,0,0,0,0,0,0,0,0,0.762,0,0,0,0.235,0,0.198,0,0,0,0,0,0,0,0,0,0,0,0,0,0,0,0,0,0,0,0,0,0,0,0,0,0,0,0,0,0,0,0,0,0,0,0,0.278,0,0,0,0,0,0,0,0,0,0.167,0,0,0,0,0.158,0,0,0,0,0,0,0,0,0,0,0,0,0,0,0,0,0,0,0,0,0,0,0.324,0,0,0,0.275,0,0,0,0.168,0,0,0.167,0,0,0,0,0,0,0,0,0,0,0.422,0,0,0,0,0,0,0,0,0,0,0.698,0.231,0.166,0.321,0.297,0.292,0,0.209,0,0,0,0,0.307,0,0,0,0,0,0,0,0,0,0,0.167,0,0.167,0,0,0,0,0,0,0,0,0.151,0.192,0,0,0,0,0,0,0,0,0,0,0.354,0,0,0.221,0,0,0,0,0.214,0.321,0,0,0,0,0.276,0.302,0,0,0,0,0,0,0,0.155,0,0,0,0,0.165,0.165,0.418,0,0,0,0,0,0.771,0,0,0,0,0,0,0,0,0,0,0,0,0,0,0,0,0,0,0,0,0,0,0,0,0,0,0,0,0,0,0.223,0,0,0,0,0,0,0,0.256,0.174,0,0,0.192,0,0,0,0,0,0,0,0,0,0,0,0,0,0,0,0,0,0,0,0,0,0,0,0,0,0,0,0,0,0,0,0,0,0,0,0,0,0,0,0,0,0,0,0,0,0,0,0,0,0,0.533,0,0,0,0,0,0,0,0,0,0,0,0,0,0,0,0,0,0,0,0,0,0,0,0,0,0,0,0,0,0,0,0,0,0,0,0,0,0,0,0,0,0,0,0,0,0,0,0,0,0,0,0.167,0,0,0,0,0,0,0,0,0,0,0,0,0,0,0,0,0,0,0,0,0,0,0,0,0.553,0,0,0,0,0,0,0,0,0,0,0,0,0.288,0.204,0,0,0,0,0,0,0,0,0,0,0,0,0,0,0,0,0,0,0,0,0,0,0,0,0,0,0,0,0,0,0,0,0,0,0,0,0,0,0,0,0,0,0,0,0,0,0,0,0,0,0,0,0,0,0,0,0,0,0,0,0,0,0,0,0,0,0,0,0,0,0,0,0,0,0,0,0,0,0,0,0,0,0,0,0,0,0,0,0,0,0.199,0,0,0,0,0,0,0,0,0,0,0,0,0,0.23,0,0,0,0,0,0,0,0,0,0,0,0,0,0,0,0,0,0,0,0.196,0.199,0.15,0,0,0,0,0,0,0,0,0,0,0,0,0,0,0.444,0,0,0,0,0,0,0,0,0,0,0,0,0,0,0,0,0,0,0,0,0,0.485,0,0,0,0,0,0,0,0,0,0,0,0,0,0,0,0,0,0,0,0,0.195,0,0,0,0,0,0,0.236,0,0.184,0,0,0.162,0,0.299,0,0.229,0,0,0.186,0,0.236,0,0.198,0,0.153,0,0,0.185,0,0,0,0,0,0,0.161,0,0,0,0,0.169,0,0,0,0,0,0.157,0.17,0,0,0,0,0.177,0,0.206,0,0,0,0,0.252,0.205,0,0.177,0.184,0,0,0.184,0,0,0,0,0.257,0,0,0,0,0.215,0,0,0.198,0,0,0,0,0,0.154,0,0.28,0,0,0,0,0.195,0,0,0,0,0,0,0,0,0,0,0,0,0,0,0,0,0,0,0.152,0,0,0,0,0.154,0,0.171,0,0,0,0,0,0,0,0,0,0,0,0,0,0,0,0,0,0,0,0,0,0,0,0.173,0,0,0.161,0.271,0,0,0.165,0,0,0,0.198,0,0.393,0,0,0,0.515,0,0,0,0,0,0,0,0,0.243,0,0,0,0.334,0.282,0,0,0,0.166,0,0,0,0,0.212,0,0.177,0.162,0,0.161,0,0.154,0.248,0,0,0,0,0.243,0,0,0,0,0.206,0.182,0,0,0,0,0.184,0,0.169,0,0,0.219,0.155,0.162,0,0,0,0,0,0,0.215,0,0,0,0,0,0,0,0,0.165,0,0,0,0,0,0.307,0,0,0,0,0,0,0,0,0,0,0,0,0,0,0,0,0,0,0,0,0,0,0,0,0,0,0,0,0,0,0,0,0,0,0,0,0,0,0,0,0,0,0,0,0,0.28,0,0,0,0,0,0,0,0,0,0,0,0,0,0,0,0,0,0,0,0,0,0,0,0,0,0,0,0,0,0,0,0,0,0,0,0,0,0,0,0,0.204,0,0,0.364,0.341,0.156,0.424,0.15,0.426,0,0,0.347,0.461,0.254,0.254,0.151,0.307,0,0,0,0.173,0,0,0.243,0,0.177,0,0,0,0.506,0.233,0,0,0.507,0.204,0,0,0,0.793,0,0,0,0,0.198,0,0.219,0,0.198,0,0,0,0,0.156,0.247,0.194,0,0,0,0.964,0,0,0.204,0,0.174,0.745,0,0,0.204,0,0,0,0.204,0.344,0,0.628,0,0.462,0,0,0.258,0,0.245,0.307,0.227,0.301,0.506,0,0,0,0,0.361,0.183,0,0,0,0.368,0,0,0,0,0.754,0.347,0,0,0,0,0,0,0,0,0,0,0,0,0,0,0,0,0,0,0,0,0,0,0,0,0,0,0,0,0,0,0,0,0,0,0,0,0,0,0,0,0,0,0,0,0,0,0,0,0,0.16,0,0,0.261,0,0,0,0,0.182,0,0,0,0,0.543,0.16,0.308,0,0,0,0,0,0,0,0,0,0,0,0,0,0,0,0,0,0.168,0,0,0,0,0,0,0,0,0,0,0,0,0,0,0,0.307,0,0,0,0,0,0,0,0,0,0,0,0,0,0,0,0,0,0,0,0,0,0,0,0,0.197,0,0,0,0,0,0,0,0,0,0,0,0,0,0,0,0,0,0,0,0.284,0,0,0,0,0,0,0,0,0.159,0,0,0,0,0,0,0,0,0,0,0,0,0,0,0,0.301,0,0,0,0,0,0,0,0.158,0.234,0,0,0,0,0,0,0,0,0,0,0,0,0,0,0,0,0,0,0.181,0,0,0,0,0,0,0,0,0.193,0.152,0,0,0,0,0,0,0,0.46,0,0,0,0,0,0,0.199,0,0,0,0,0,0,0,0.178,0,0,0,0,0.254,0,0,0.245,0,0,0,0,0,0,0,0,0,0.178,0,0,0,0,0,0,0,0,0,0,0,0,0,0,0,0,0,0,0,0,0,0,0,0,0,0,0,0,0,0,0,0,0.197,0,0,0,0,0,0,0,0.519,0,0,0,0,0,0,0,0,0,0,0.16,0,0,0,0,0,0,0,0,0,0.552,0,0,0,0.224,0,0,0.197,0,0,0,0,0,0,0,0,0,0,0,0,0,0,0,0,0,0,0,0,0,0,0,0,0,0,0,0,0,0,0,0,0,0,0,0,0,0,0,0,0,0,0,0,0,0,0,0.173,0,0,0,0,0,0,0,0,0,0,0,0,0,0,0,0,0,0,0,0,0,0,0,0,0,0,0.325,0,0,0,0,0,0,0,0,0,0,0,0,0,0,0,0,0,0,0,0,0,0,0,0,0,0,0,0.178,0,0,0.662,0,0,0,0,0,0,0,0,0.312,0,0,0,0,0,0,0,0,0,0,0,0,0,0,0,0,0,0,0,0,0,0,0,0,0,0,0,0,0,0,0,0,0,0,0,0.155,0.199,0,0,0,0,0,0,0,0,0,0,0,0,0,0,0,0,0.211,0,0,0,0,0,0,0,0,0,0,0,0,0,0,0,0,0,0,0,0.368,0,0,0,0,0,0,0,0.16,0,0,0,0,0,0,0.165,0,0,0.196,0,0,0,0,0,0,0,0,0,0,0,0,0,0.276,0,0.276,0.234,0,0,0,0,0,0,0,0,0,0,0,0,0,0,0,0,0,0,0,0,0,0,0.377,0,0,0,0,0,0,0,0,0,0,0,0,0,0,0,0,0,0,0,0,0,0,0,0,0,0,0,0,0,0,0,0,0,0,0,0,0,0,0,0,0,0,0,0,0,0,0,0,0,0,0,0,0,0,0,0,0,0,0,0,0,0,0,0,0,0,0,0,0,0,0,0.667,0,0,0,0,0,0,0,0,0,0,0,0,0,0,0,0,0,0.178,0,0,0,0,0,0,0,0,0,0,0,0,0,0,0,0,0,0,0,0,0,0,0,0,0,0,0,0,0,0,0,0,0,0,0,0,0,0,0,0,0,0,0,0,0,0,0,0,0,0,0,0,0,0,0,0,0,0,0,0,0,0,0,0,0,0,0,0,0,0,0,0,0,0,0,0,0,0,0,0,0,0.355,0,0,0,0,0,0,0,0,0,0.538,0,0,0,0,0,0,0,0,0,0,0,0,0,0,0,0,0,0,0,0,0,0,0,0,0,0,0,0,0,0,0,0,0,0,0,0,0,0,0,0,0,0,0,0,0,0,0,0,0,0,0,0,0,0,0,0,0,0,0,0,0,0,0,0,0,0,0,0,0,0,0,0,0,0,0,0,0.174,0,0,0.808,0.287,0.21,0,0,0,0,0,0,0,0,0,0,0,0,0,0,0,0,0,0,0,0,0,0,0,0,0,0,0,0,0,0,0,0,0,0,0,0,0,0,0,0,0,0,0,0.513,0,0,0,0,0,0,0,0,0,0,0,0,0,0,0,0,0,0.224,0,0,0,0,0,0,0,0,0,0,0,0,0,0,0,0,0,0,0,0,0,0,0,0,0,0,0,0,0,0,0,0,0,0,0,0,0.371,0.636,0,0,0,0,0,0,0,0,0,0,0,0,0,0,0,0,0,0,0,0,0,0,0,0,0,0,0,0,0,0,0,0,0,0,0,0,0,0,0,0,0,0.202,0,0,0,0,0,0,0,0,0,0,0,0,0,0,0,0,0,0,0,0,0,0,0,0,0,0,0,0,0,0,0,0,0,0,0,0,0.288,0,0,0,0,0,0,0,0,0,0,0,0,0,0,0,0,0,0,0,0,0,0,0,0,0,0,0,0,0,0,0,0,0,0,0,0,0,0,0,0,0,0,0,0,0,0,0,0,0,0,0,0,0,0,0,0,0,0,0,0,0,0,0,0,0,0,0,0,0,0.537,0,0,0,0,0,0,0,0,0,0,0,0,0,0,0,0,0,0,0,0,0,0,0,0,0,0,0,0,0,0,0,0,0,0,0,0,0,0,0,0,0,0,0,0,0,0,0,0,0,0,0,0
851688,0,0,0,0,0,0,0.212,0,0,0,0,0,0,0,0,0.68,0,0,0.252,0,0,0,0,0,0,0,0,0,0,0,0,0,0,0,0,0,0,0,0,0,0,0,0,0,0,0,0,0,0,0.171,0.461,0,0,0,0,0,0,0,0,0,0,0,0.481,0,0,0,0,0,0,0,0.151,0,0,0,0,0,0,0,0,0,0,0,0,0,0,0,0,0,0,0,0,0,0,0,0,0,0,0,0,0,0,0,0,0.61,0,0,0,0,0,0,0,0,0,0,0,0,0,0,0.228,0,0,0,0,0,0,0,0,0.205,0,0,0,0,0,0,0,0,0,0,0,0,0.224,0,0,0,0,0,0.196,0,0,0,0,0,0,0,0,0.61,0,0,0,0,0,0,0,0,0,0,0,0,0,0,0,0,0,0,0,0,0.171,0,0,0,0,0,0,0.532,0,0,0,0,0,0,0.154,0,0,0,0,0.151,0,0,0,0,0.707,0,0,0,0,0,0,0,0,0,0,0.629,0.195,0,0,0,0,0.327,0,0,0,0,0,0,0,0,0,0,0,0,0,0,0,0,0,0.519,0,0,0,0,0,0,0.271,0,0,0,0,0,0,0.787,0,0.194,0,0,0,0,0.354,0,0,0,0,0,0,0,0,0,0,0,0,0,0,0,0,0,0,0,0.276,0,0,0,0,0,0,0,0.373,0,0,0,0.978,0,0,0,0,0,0,0,0,0,0,0,0,0.228,0.941,0,0,0.195,0.539,0,0,0,0,0,0,0.237,0,0,0,0.154,0,0,0.311,0,0,0,0,0,0,0,0,0,0,0.493,0,0,0,0.485,0,0,0,0.796,0,0,0,0,0,0,0.519,0,0,0,0,0,0,0,0,0,0,0,0,0,0,0,0,0,0,0.17,0,0,0,0,0.515,0,0,0,0,0,0,0,0,0,0.443,0,0,0,0,0,0,0,0,0.445,0,0,0,0,0,0,0,0,0,0,0,0,0,0,0,0,0,0,0,0,0.587,0,0,0,0.682,0,0,0,0,0.733,0,0,0,0,0,0,0,0.429,0,0.167,0,0,0,0,0.167,0,0,0.21,0,0,0,0,0,0,0,0,0,0.212,0,0,0,0,0,0,0,0,0,0,0,0,0,0,0,0,0,0,0,0,0,0,0,0,0,0,0,0,0,0,0,0,0,0.351,0,0,0,0,0,0,0.235,0.195,0,0,0,0,0.231,0,0.209,0,0,0,0,0,0,0,0,0,0.843,0,0.723,0,0,0,0,0,0,0,0,0,0,0,0,0,0,0,0,0,0,0,0.61,0,0,0.19,0,0,0,0,0,0,0,0.445,0,0,0,0,0,0,0,0,0,0,0,0,0,0.309,0.446,0,0,0,0,0,0,0,0,0.372,0,0,0,0,0,0,0,0.232,0,0,0,0,0,0,0,0,0,0,0,0,0.167,0,0.219,0,0.511,0,0,0.298,0,0,0,0,0,0,0,0,0,0.297,0.795,0,0.889,0,0,0,0,0,0.22,0.335,0,0,0,0,0,0,0,0,0,0,0.371,0,0,0,0.304,0,0,0,0,0,0,0,0,0,0,0,0,0,0,0,0,0,0,0,0,0,0,0,0.988,0,0,0,0,0,0.244,0.491,0,0.16,0,0,0,0,0,0,0,0.693,0,0,0,0,0,0,0,0,0.481,0,0,0,0,0,0,0,0,0.297,0.229,0,0,0,0,0,0,0,0,0,0,0,0,0,0,0,0.543,0,0,0.195,0,0,0,0,0,0.916,0.394,0,0,0,0,0,0,0,0,0,0,0,0.39,0,0.159,0,0.309,0,0,0,0,0,0,0,0,0,0.392,0,0,0,0,0,0,0.341,0,0,0,0,0,0,0,0.152,0,0,0,0,0,0.636,0,0,0,0,0,0,0,0,0,0,0.29,0.347,0,0.821,0,0,0,0,0,0,0,0,0,0,0,0,0,0.22,0.368,0,0.155,0,0,0,0,0,0,0.325,0,0,0.673,0,0,0,0,0,0,0,0.317,0,0,0,0,0,0,0,0,0,0,0,0,0,0,0,0,0,0,0,0,0,0,0.291,0,0,0,0,0,0,0,0,0,0,0,0,0,0.612,0,0.362,0,0,0,0.15,0,0,0.191,0,0,0,0,0.357,0,0,0,0,0,0,0,0,0,0,0,0,0,0,0,0,0,0.48,0,0,0,0,0,0.809,0,0,0.611,0,0,0,0,0,0,0,0,0,0,0,0,0,0,0.392,0,0.394,0,0,0.194,0,0,0,0,0,0,0,0,0.392,0,0.228,0.347,0,0,0,0,0,0,0.365,0,0,0,0,0,0,0,0,0,0,0,0,0,0,0.539,0,0,0,0,0,0,0,0,0,0,0,0,0,0,0,0,0,0,0.612,0.377,0,0,0.585,0,0,0,0,0.15,0,0,0,0,0,0,0,0,0,0,0,0,0,0,0,0,0,0,0,0,0,0,0,0,0,0,0,0,0,0,0,0,0,0,0,0.398,0,0,0,0,0,0.197,0,0,0,0,0,0,0,0,0,0,0,0,0.324,0,0,0,0,0,0,0,0,0,0,0,0,0,0,0,0,0,0,0,0,0,0,0,0,0,0,0,0.497,0,0,0,0,0,0,0,0,0,0,0,0,0,0,0,0,0,0,0,0,0,0,0,0,0,0,0,0,0,0,0,0,0,0,0,0,0,0,0,0,0,0,0,0,0,0,0,0,0,0,0,0,0,0,0,0,0,0,0,0,0,0,0,0,0,0,0,0.226,0,0,0.788,0,0,0,0,0,0,0,0,0,0.228,0,0,0,0,0,0,0,0,0,0,0,0,0,0,0,0,0,0,0,0,0,0,0,0,0,0,0,0,0,0,0,0,0,0,0,0,0.229,0,0.191,0,0,0,0,0,0,0,0,0,0.19,0,0,0,0,0,0,0,0,0,0,0,0,0,0,0,0,0,0,0,0,0,0,0,0,0,0,0,0,0,0,0,0,0,0,0.628,0,0,0,0,0,0,0,0,0,0,0,0,0,0,0,0.534,0,0,0,0,0,0,0,0,0,0,0,0,0,0,0,0,0,0,0,0,0,0,0,0,0,0,0,0,0,0,0,0,0,0.229,0,0,0,0,0,0,0.841,0.365,0,0,0,0,0,0,0,0,0,0,0,0,0,0,0,0,0,0,0,0,0,0,0,0,0,0,0,0,0,0,0,0,0,0,0,0,0,0,0,0,0,0,0,0.684,0.219,0.241,0,0,0,0,0,0,0,0,0,0,0,0,0,0,0,0,0,0,0,0,0,0,0,0,0,0,0,0,0,0,0,0,0,0,0.231,0,0,0,0,0,0,0,0,0.406,0.371,0,0,0,0.195,0,0,0,0,0,0.944,0,0.628,0,0,0,0,0,0,0,0,0,0,0,0,0,0,0,0,0,0,0,0,0.507,0,0,0.478,0,0,0,0,0,0,0,0,0,0,0,0,0,0,0,0,0.286,0,0,0,0,0,0,0,0,0,0,0,0,0,0,0,0,0,0,0,0.726,0,0,0.218,0.555,0,0,0,0,0,0,0,0,0,0,0,0,0,0,0,0,0,0,0,0.199,0,0,0,0,0,0.449,0,0,0,0,0,0,0,0,0,0,0,0,0,0,0,0,0,0,0,0,0.252,0,0,0,0,0,0,0,0,0,0,0,0,0,0,0,0,0,0,0,0,0,0,0,0,0,0,0,0,0,0,0,0,0,0,0,0,0,0,0,0,0,0,0,0,0,0,0,0.196,0,0,0,0,0,0,0.177,0,0,0.514,0,0,0,0,0,0,0,0,0,0,0,0,0,0,0,0,0,0,0,0,0,0,0,0,0,0,0,0,0,0,0,0,0,0,0,0,0,0,0,0,0,0,0,0,0,0,0,0,0,0,0,0,0,0,0,0,0,0,0,0,0,0,0,0,0,0,0,0,0,0,0,0.596,0,0,0,0,0,0,0,0.171,0,0,0,0.349,0,0,0,0,0,0,0,0,0,0,0,0,0,0,0,0,0,0,0,0,0,0,0,0,0,0,0,0,0,0,0,0,0,0,0,0,0,0.61,0,0,0,0.156,0,0,0,0,0,0,0,0,0,0,0,0,0,0.238,0,0,0,0,0,0,0,0,0,0,0,0,0,0,0,0,0,0,0,0,0,0,0,0,0,0,0,0,0,0,0,0,0,0,0,0,0,0,0,0,0,0,0,0,0,0,0,0,0,0,0,0,0,0,0,0,0,0,0,0,0,0,0,0,0,0,0,0,0,0,0,0,0,0,0,0,0,0.749,0,0,0,0,0,0,0,0,0,0,0,0,0,0,0,0,0,0,0,0,0,0,0,0,0,0,0,0,0,0,0,0,0,0,0,0,0,0,0,0,0,0.239,0,0,0,0,0,0,0,0,0,0,0,0.241,0,0,0,0,0,0,0,0,0,0,0,0,0,0,0,0,0.173,0,0,0,0,0,0,0,0,0,0.323,0,0,0,0,0,0,0,0,0,0,0,0,0,0,0,0,0,0,0,0,0,0,0,0,0,0,0,0,0,0,0,0,0,0,0,0.443,0,0,0,0,0,0,0,0,0,0,0.443,0,0,0,0,0,0,0,0,0,0,0,0.481,0,0,0,0,0,0,0,0,0,0,0,0,0,0,0,0,0,0,0,0,0,0,0,0,0,0,0,0,0,0,0,0,0,0,0,0,0,0,0,0,0,0,0,0,0,0,0,0,0,0,0,0,0,0,0,0,0,0,0,0,0,0,0,0,0,0,0.377,0,0,0,0,0,0,0,0,0,0,0,0,0,0,0,0,0,0,0,0,0,0,0,0,0,0,0,0,0,0,0,0,0,0,0,0,0,0,0,0,0,0,0,0,0,0,0,0,0,0,0.443,0,0,0,0,0,0,0,0,0,0,0,0,0,0,0,0,0,0,0,0,0,0,0,0,0,0,0,0,0,0,0,0,0,0,0,0,0,0,0,0,0,0,0,0,0,0,0,0,0,0,0,0,0,0,0,0,0,0,0,0,0,0,0,0,0,0,0,0,0,0,0,0,0,0,0,0,0,0,0,0,0,0,0.78,0,0,0,0,0,0,0,0,0,0,0,0,0,0,0,0,0,0,0,0,0,0,0.61,0,0,0,0,0,0,0,0,0,0,0,0,0,0,0,0,0,0,0,0,0,0,0,0,0,0,0,0,0,0,0,0,0,0,0,0,0,0,0,0,0,0,0,0,0,0,0,0,0,0,0,0,0,0,0,0,0,0,0,0,0,0,0,0,0,0,0,0,0,0,0,0,0,0,0,0,0,0,0,0,0,0,0,0,0,0,0,0,0,0.39,0,0,0,0,0,0,0,0,0,0,0,0,0,0,0,0,0,0,0,0,0,0,0,0,0,0,0,0,0,0,0,0.197,0.229,0,0,0,0,0,0,0,0,0,0,0,0,0,0,0,0,0,0,0,0,0,0,0,0,0,0,0,0,0,0,0,0,0,0,0,0,0,0,0,0,0,0,0,0,0,0,0,0,0,0,0,0,0,0,0,0,0,0,0,0,0,0,0,0,0,0,0.444,0,0,0,0,0,0,0,0,0,0,0,0,0,0,0,0,0,0,0,0,0,0,0,0,0,0,0,0,0,0,0,0,0,0,0,0,0,0,0,0,0,0,0,0,0.963,0,0,0,0,0,0,0,0,0,0,0,0,0,0,0,0,0,0,0,0,0,0,0,0,0,0,0,0,0,0,0,0,0,0,0,0,0.204,0,0,0,0,0,0,0,0,0,0,0,0,0,0,0,0,0,0,0,0,0,0,0,0,0,0,0,0,0,0,0,0,0,0,0,0,0,0,0,0,0,0,0,0,0,0,0,0,0,0,0,0,0,0,0,0,0,0,0,0,0,0,0,0,0,0,0,0,0,0,0,0,0,0,0,0,0,0,0,0,0,0,0,0,0,0,0,0,0,0,0,0,0,0,0,0,0,0.356,0,0,0,0,0,0,0,0,0,0,0,0,0,0,0,0,0,0,0,0,0,0,0,0,0,0,0,0,0,0,0,0,0,0,0,0.323,0,0,0,0,0,0,0,0,0,0,0,0,0,0,0,0,0,0,0,0,0,0,0,0,0,0,0,0,0,0,0,0,0,0,0,0,0,0,0,0,0,0,0,0.379,0,0,0,0,0,0,0,0,0,0.179,0,0,0,0,0,0,0,0,0,0,0,0,0,0,0,0,0,0,0,0,0,0,0,0,0,0,0,0,0,0,0,0,0,0,0,0,0,0,0,0,0,0,0,0,0,0,0,0,0,0,0,0,0,0,0,0.159,0,0,0,0,0,0,0,0,0,0,0,0,0,0,0,0,0,0.195,0,0,0,0,0,0.308,0.394,0,0.739,0,0,0,0.169,0,0,0,0,0,0,0.169,0,0,0,0,0,0,0,0,0,0,0,0,0.258,0,0,0,0,0,0,0,0,0,0,0.226,0,0,0,0,0,0,0,0,0,0,0,0,0,0,0,0.165,0,0,0,0.266,0,0,0,0,0,0,0,0,0,0,0,0,0,0,0.219,0,0,0,0,0,0,0,0,0,0,0,0,0,0,0,0,0,0,0,0,0,0,0,0,0,0,0,0,0,0,0,0,0,0,0,0,0,0,0,0,0,0,0,0,0,0,0,0,0,0,0,0,0,0,0,0,0,0,0,0,0,0,0,0,0,0,0,0,0,0,0,0,0,0,0,0,0,0,0,0,0,0.165,0,0,0,0,0,0,0,0,0,0,0,0,0,0,0,0,0,0,0,0,0,0,0,0,0,0,0,0,0,0,0,0,0,0,0,0,0,0,0,0,0,0,0,0,0,0,0,0,0,0,0,0,0,0,0,0,0,0,0,0,0,0,0,0,0,0,0,0,0,0,0,0,0,0,0,0,0,0,0,0,0,0,0,0,0,0,0,0,0,0,0,0,0,0,0,0,0,0,0,0,0,0,0,0,0,0,0,0,0,0,0,0,0,0,0,0,0,0,0,0,0,0.174,0,0,0,0,0,0,0,0,0,0,0,0,0,0,0.156,0,0,0,0.173,0,0,0,0,0,0.167,0,0.171,0,0,0,0,0,0,0.24,0,0,0,0,0,0,0,0,0,0,0,0,0,0,0,0,0.196,0,0,0,0,0,0.444,0,0,0,0,0.175,0,0,0,0,0,0,0,0,0,0,0,0,0,0,0,0,0,0,0,0,0,0,0,0,0,0,0,0,0,0,0,0,0,0,0,0,0,0,0,0,0,0,0,0,0,0,0,0,0,0,0,0,0,0,0,0,0,0,0,0,0,0,0,0,0,0,0,0,0,0,0,0,0,0,0,0,0,0,0,0,0,0,0,0,0,0,0,0,0,0,0,0,0,0,0,0,0,0,0,0,0,0,0,0,0,0,0,0,0,0,0,0,0,0,0,0,0,0,0,0,0,0,0,0,0,0,0,0,0,0,0,0,0,0,0,0,0,0,0,0,0,0,0,0,0,0,0,0,0,0,0,0,0,0,0,0,0,0,0,0,0,0,0,0,0,0,0,0,0,0,0,0,0,0,0,0,0,0,0,0,0,0,0,0,0,0,0,0,0,0,0,0,0,0,0,0,0,0,0,0,0,0,0,0,0,0,0,0,0,0,0,0,0,0,0,0,0,0,0,0,0,0,0,0,0,0,0,0,0,0,0,0,0,0,0,0,0,0,0,0,0,0,0,0,0,0,0,0,0,0,0,0,0,0,0,0,0,0,0,0,0,0,0,0,0,0,0,0,0,0,0,0,0,0,0,0,0,0,0,0,0,0,0,0,0,0,0,0,0,0,0,0,0,0,0,0,0,0,0,0,0,0,0,0,0,0,0,0,0,0,0,0,0,0,0,0,0,0,0,0,0,0,0,0,0,0,0,0,0,0,0,0,0,0,0,0,0,0,0,0,0,0.214,0,0,0,0,0,0,0,0,0,0,0,0,0,0,0,0,0,0,0,0,0,0,0,0,0,0,0,0,0,0,0,0,0,0,0,0,0,0,0,0,0,0,0,0,0,0,0,0,0,0,0,0,0,0,0,0,0,0,0,0,0,0,0,0,0,0,0,0,0,0,0,0,0,0,0,0,0,0,0,0,0,0,0,0,0,0,0,0,0,0,0,0,0,0,0,0,0,0.297,0.608,0,0,0,0,0,0,0,0.306,0,0,0,0,0,0,0,0,0,0,0.165,0,0,0,0,0,0,0,0,0,0,0,0,0,0,0,0,0,0,0,0,0,0,0,0,0,0,0,0,0,0,0,0,0,0,0,0,0,0,0,0,0,0,0,0,0,0,0,0,0,0,0,0,0,0,0,0,0,0,0,0,0,0,0,0,0,0,0,0,0,0,0,0,0,0,0,0,0,0,0,0,0,0,0,0,0,0,0,0,0,0,0,0,0,0,0,0,0,0,0,0,0,0,0,0,0,0,0,0,0,0,0,0,0,0,0,0,0,0,0,0,0,0,0,0,0,0,0,0,0,0,0,0,0,0,0,0,0,0,0,0,0,0,0,0,0,0,0,0,0.534,0,0,0,0,0,0,0,0,0,0,0,0,0,0,0,0,0,0,0,0,0,0,0,0,0,0,0,0,0,0,0,0,0,0,0,0,0,0,0,0.443,0,0,0,0,0,0,0,0,0,0,0,0,0,0,0,0,0,0,0,0,0,0,0,0,0,0,0,0,0,0,0,0,0,0,0,0,0,0,0,0,0,0,0,0,0,0,0,0,0,0,0,0,0,0,0,0,0,0,0,0,0,0.195,0,0,0,0,0,0,0,0,0.214,0,0,0,0,0,0,0,0.25,0,0,0,0,0,0,0,0,0,0,0,0,0,0,0.161,0,0,0,0,0,0,0,0,0,0,0,0,0,0,0,0,0,0,0,0,0,0,0,0,0,0,0,0,0,0,0,0,0,0,0,0,0,0.15,0,0,0,0,0,0,0,0,0,0,0,0,0,0,0,0,0,0,0,0,0,0,0,0,0,0,0,0,0,0,0,0,0,0,0,0,0,0.193,0,0,0,0,0,0,0,0,0,0,0,0,0,0,0,0,0,0,0,0,0,0.151,0,0,0,0,0,0,0,0,0,0,0,0,0,0,0,0,0,0,0,0,0,0,0,0,0,0,0,0,0,0,0,0,0,0,0,0,0,0,0,0,0,0,0,0,0,0.56,0,0,0,0,0,0,0,0,0,0.317,0,0,0,0,0,0,0,0,0,0,0,0,0.237,0,0,0,0,0.402,0,0,0,0,0,0,0,0,0,0,0,0,0,0,0,0,0.258,0,0,0,0,0,0,0,0,0,0,0,0.778,0,0,0,0,0.539,0,0,0,0,0,0,0,0,0,0,0,0,0,0,0,0,0,0,0,0,0.207,0,0,0,0,0,0,0,0,0,0,0,0,0,0,0,0,0,0,0,0,0,0,0,0,0,0,0,0,0,0,0,0,0,0,0,0,0,0,0,0,0,0,0,0,0,0,0,0,0,0,0,0,0,0,0,0,0,0,0,0,0,0,0,0,0,0,0,0,0,0,0,0,0,0,0,0,0,0,0,0,0.161,0,0,0,0,0.432,0,0,0,0,0,0.356,0,0,0,0,0,0,0,0,0,0,0,0,0,0,0,0,0,0,0,0,0,0,0,0,0,0,0,0,0,0,0,0,0,0,0,0,0,0,0,0,0,0,0,0,0,0,0,0,0,0,0,0,0,0,0,0,0,0,0,0,0,0,0,0,0,0,0,0,0.444,0,0,0,0,0,0,0,0,0,0,0,0,0,0,0,0,0,0,0,0,0,0,0,0,0,0,0,0,0,0,0,0,0,0,0,0,0,0,0,0,0,0,0,0,0,0,0,0,0,0,0,0,0,0,0,0,0,0,0,0,0,0,0,0,0,0,0,0,0,0,0,0,0,0,0,0,0.297,0,0,0,0,0,0,0,0,0,0,0,0,0,0,0,0,0.258,0.218,0,0,0,0,0,0,0,0,0,0,0,0,0,0,0,0,0,0,0,0,0,0,0,0,0,0,0,0,0,0,0,0,0,0,0,0,0,0,0,0
855807,0,0,0,0,0,0,0.195,0.154,0,0,0,0,0,0,0,0,0,0,0,0,0,0,0,0,0,0,0,0,0,0,0,0,0,0,0,0,0,0,0,0,0,0,0,0,0,0,0,0,0,0,0,0,0,0.342,0,0,0,0,0,0,0,0,0,0,0,0,0,0,0,0,0,0,0,0,0,0,0,0,0,0,0,0,0,0,0,0,0,0,0,0,0,0,0,0,0,0,0,0,0,0,0,0,0,0,0,0,0,0,0,0,0,0,0,0,0,0,0,0,0,0,0,0,0,0,0,0,0,0,0,0,0,0,0,0,0,0,0,0,0,0,0,0,0,0,0,0,0,0,0,0,0,0,0,0,0,0,0,0,0,0,0,0,0,0,0,0,0,0,0,0,0,0,0,0,0,0,0,0,0,0,0,0,0,0,0,0,0,0,0.208,0,0,0,0,0,0,0,0,0,0,0,0,0,0,0,0,0,0,0,0,0,0,0,0,0,0,0,0,0,0,0,0,0,0,0,0,0,0,0,0,0,0,0,0,0,0,0,0,0,0,0.764,0,0,0,0.344,0,0,0,0,0.168,0,0,0,0,0,0,0,0,0,0,0,0,0,0,0,0,0,0,0,0,0,0,0,0,0,0,0,0,0,0,0,0.295,0,0,0,0,0,0,0,0,0,0,0,0,0,0.539,0,0,0,0.441,0,0,0,0,0,0,0,0,0,0,0,0,0,0,0,0,0,0,0,0.376,0,0,0,0,0,0,0,0.234,0,0,0,0,0,0,0,0,0,0,0,0,0,0,0,0,0,0,0,0,0,0,0.201,0,0,0,0,0,0,0,0.647,0,0,0.22,0,0,0,0,0,0,0,0,0,0,0,0,0,0,0,0,0,0,0,0,0,0,0,0,0,0,0,0,0,0,0,0,0,0,0,0,0,0,0,0,0,0,0,0,0,0,0,0,0,0,0,0,0,0,0,0,0,0,0,0,0,0,0,0,0,0,0,0,0,0,0,0,0,0,0,0,0,0,0,0,0,0,0,0,0,0.156,0,0,0,0,0,0,0,0,0,0,0,0,0,0,0,0,0,0,0,0,0,0,0,0,0,0,0,0,0,0,0,0,0,0,0,0,0,0,0,0,0,0,0,0,0.153,0,0,0,0,0,0,0,0,0,0,0,0,0,0,0,0,0,0,0,0,0,0,0,0,0,0,0,0,0,0,0,0,0,0,0,0,0,0,0,0,0,0,0,0,0,0,0,0,0,0,0,0,0,0,0,0,0,0,0,0,0,0,0,0,0,0,0,0,0,0,0,0,0,0,0,0,0,0,0,0,0,0,0,0,0,0,0,0,0,0,0,0,0,0,0,0,0,0,0,0,0,0,0,0.276,0,0,0,0,0,0,0,0,0,0,0,0,0,0.29,0,0,0,0,0,0,0,0,0,0,0,0,0,0,0,0,0,0,0,0,0,0,0,0,0,0,0.251,0,0,0,0,0,0,0,0,0,0,0,0,0,0,0,0,0,0,0,0,0,0,0,0,0,0,0,0,0,0,0,0,0,0,0,0,0,0,0,0,0,0,0,0,0,0,0,0,0,0,0.298,0,0,0,0,0,0,0,0,0,0,0.322,0,0,0,0,0,0,0,0,0,0,0,0,0,0,0,0.215,0,0,0,0,0,0,0,0,0,0,0,0,0,0,0,0,0,0,0,0,0,0,0,0,0,0,0,0,0,0,0,0,0,0,0,0,0,0,0,0,0,0,0,0,0,0,0,0,0,0,0,0,0,0,0,0,0,0,0,0,0.196,0,0,0,0,0,0,0,0,0,0,0,0,0,0,0,0,0,0,0,0,0,0,0,0,0,0,0,0,0,0,0.69,0,0,0,0,0,0,0,0,0,0,0,0,0,0,0,0,0,0,0,0,0,0,0,0,0,0,0,0,0,0,0,0,0,0,0,0,0,0,0,0,0,0,0,0,0,0,0,0,0,0,0,0,0,0,0,0,0,0,0,0,0,0,0,0,0,0,0,0,0,0,0,0,0,0,0,0,0,0,0,0,0,0,0,0,0,0.212,0,0,0,0,0,0,0,0,0,0,0,0.61,0,0,0,0,0,0,0,0,0,0,0,0,0,0,0,0,0,0,0,0,0,0,0,0,0,0,0,0,0,0,0,0,0,0,0,0,0,0,0,0,0,0,0,0,0,0,0,0,0,0,0,0,0,0,0,0,0,0,0,0,0,0,0,0,0,0.161,0,0,0,0,0,0,0,0,0,0,0,0,0,0,0,0,0,0,0,0,0,0,0,0,0,0,0,0,0,0,0,0,0,0,0,0,0,0,0,0,0,0,0,0,0,0,0,0,0,0,0,0,0,0,0,0,0,0,0,0,0,0,0,0,0,0,0,0,0,0,0,0,0,0,0,0,0,0,0,0,0,0,0,0,0,0,0,0,0,0,0,0,0,0,0,0,0,0,0,0,0,0,0,0,0,0,0,0,0,0,0,0,0,0,0,0,0,0,0,0,0,0,0,0,0,0,0,0,0,0,0,0,0,0,0,0,0,0,0,0,0,0,0,0,0,0,0,0,0,0,0,0,0,0,0,0,0,0,0,0,0,0,0,0,0,0,0,0,0,0,0,0,0,0,0,0.152,0,0,0,0,0,0,0,0,0,0,0,0,0,0,0,0,0,0,0,0,0,0,0,0,0,0,0,0,0,0,0,0,0,0,0,0,0,0,0,0,0,0,0,0,0,0,0,0,0,0,0,0,0,0,0,0,0,0,0,0,0,0,0,0,0,0,0,0,0,0,0,0,0,0,0,0,0,0,0,0,0,0,0,0,0,0,0,0,0,0,0,0,0,0,0,0,0,0,0,0,0,0,0,0,0,0,0,0,0,0,0,0,0,0,0,0,0,0,0,0,0,0,0,0,0,0,0,0,0,0,0,0,0,0,0,0,0,0,0,0,0,0,0,0,0,0,0,0,0,0,0,0,0.393,0,0,0,0,0,0,0,0,0,0,0,0,0,0,0.327,0,0,0,0,0,0,0,0,0,0,0,0,0,0,0,0,0,0,0,0,0,0,0,0,0,0,0,0,0,0,0,0,0,0,0,0,0,0,0,0,0,0,0,0,0,0,0,0,0,0,0,0,0,0,0,0,0,0,0,0,0,0,0,0,0,0,0,0,0,0,0,0,0,0,0,0,0,0,0,0,0,0,0,0,0,0,0,0,0,0,0,0,0,0,0,0,0,0,0,0,0,0,0,0,0,0,0,0,0,0,0,0,0,0,0,0,0,0,0,0,0,0,0,0,0,0,0,0,0,0,0,0,0,0,0,0,0,0,0,0,0,0,0,0,0.189,0,0,0,0,0,0,0,0,0,0,0,0,0,0,0,0,0,0,0,0,0,0,0,0,0,0,0,0,0,0,0,0,0,0,0,0,0,0,0,0,0,0,0,0,0,0,0,0,0,0,0,0,0,0,0,0,0,0,0,0,0,0,0,0,0,0,0,0,0,0,0,0,0,0,0,0,0,0,0,0,0,0,0,0,0,0,0,0,0,0,0,0,0,0,0,0,0,0,0,0,0,0,0,0,0,0,0,0,0,0,0,0,0,0,0,0,0,0,0,0,0,0,0,0,0,0,0,0,0,0,0,0,0,0,0,0,0,0,0,0,0,0,0,0,0,0,0,0,0,0,0,0,0,0,0,0,0,0,0,0,0,0,0,0,0,0,0,0,0,0,0,0,0,0,0,0,0,0,0,0,0,0,0,0,0,0,0,0,0,0,0,0,0,0,0,0,0,0,0,0,0,0,0,0,0,0,0,0,0,0,0,0,0,0,0,0,0,0,0,0,0,0,0,0,0,0,0,0,0,0,0,0,0,0,0,0,0,0,0,0,0,0,0,0,0,0,0,0,0,0,0,0,0,0,0,0,0,0,0,0,0,0,0,0,0,0,0,0,0,0,0,0,0,0,0,0,0,0,0,0,0,0,0,0,0,0,0,0,0,0,0,0,0,0,0,0,0,0,0,0,0,0,0,0,0,0,0,0,0,0,0,0,0,0,0,0,0,0,0,0,0,0,0,0,0,0,0,0,0,0,0,0,0,0,0,0,0,0,0,0,0,0,0,0,0,0,0,0,0,0,0,0,0,0,0,0,0,0,0,0,0,0,0,0,0,0,0,0,0,0,0,0,0,0,0,0,0,0,0,0,0,0,0,0,0,0,0,0,0,0,0,0,0,0,0,0,0,0,0,0,0,0,0,0,0,0,0,0,0,0,0,0,0,0,0.231,0.2,0,0,0,0,0,0,0,0,0,0,0,0,0,0,0,0,0,0,0,0,0,0,0,0,0,0.157,0,0,0,0,0,0,0,0,0.491,0,0,0,0,0,0,0,0,0,0,0,0,0,0,0,0,0,0,0,0,0,0,0,0,0,0.178,0,0,0,0,0,0,0,0,0,0,0,0,0,0,0,0,0,0,0,0,0,0,0,0,0,0,0,0,0,0,0,0,0,0,0,0,0,0,0,0,0,0,0,0,0,0,0,0,0,0,0,0,0,0,0,0,0,0,0,0,0,0,0,0,0,0,0,0,0,0,0,0,0,0,0,0,0,0,0,0,0,0,0,0,0,0,0,0,0,0,0,0,0,0,0,0,0,0,0,0,0,0,0,0,0,0,0,0,0,0,0,0,0,0,0,0,0,0,0,0,0,0,0,0,0,0,0,0,0,0,0,0,0,0,0.2,0,0,0,0,0,0,0,0,0,0,0,0,0,0,0,0,0,0,0,0,0,0,0,0,0,0,0,0,0,0,0,0,0,0,0,0,0,0,0,0,0,0,0,0,0,0,0,0,0,0,0,0,0,0,0,0,0,0,0,0,0.356,0,0,0,0,0,0,0,0,0,0,0,0,0,0,0,0,0,0,0,0,0,0,0,0,0,0,0,0,0,0,0,0,0,0,0,0,0,0,0,0,0,0,0,0,0,0,0,0,0,0,0,0,0,0,0,0,0,0,0,0,0,0,0,0,0,0,0,0,0,0,0,0,0,0,0,0,0,0,0,0,0,0,0,0,0,0,0,0,0,0,0,0,0,0,0,0,0,0,0,0,0,0,0,0,0,0,0,0,0,0,0,0,0,0,0,0,0,0,0,0,0,0,0,0,0,0,0,0,0,0,0,0,0,0,0,0,0,0,0,0,0,0,0,0,0,0,0,0,0,0,0,0,0,0,0,0,0,0,0,0,0,0,0,0,0,0,0,0,0,0,0,0,0,0,0,0,0,0,0,0,0,0,0,0,0,0,0,0,0,0,0,0,0,0,0,0,0,0,0,0,0,0,0,0,0,0,0,0,0,0,0,0,0,0,0,0,0,0,0,0,0,0,0,0,0,0,0,0,0,0,0,0,0,0,0,0.283,0,0,0,0,0,0,0,0,0,0,0,0,0,0,0,0,0,0,0,0,0,0,0,0,0,0,0,0,0,0,0,0,0,0,0,0,0,0,0,0,0,0,0,0,0,0,0,0,0,0,0,0,0,0,0,0,0.198,0,0,0,0,0,0,0,0,0,0,0,0,0,0,0,0,0,0,0,0,0,0,0,0,0,0,0,0,0,0,0.336,0,0,0,0,0,0,0,0,0,0.336,0.201,0,0,0,0,0,0,0,0,0,0,0,0,0,0,0,0,0,0,0,0,0,0,0,0,0,0,0,0,0,0,0,0,0,0,0,0,0,0,0,0,0,0,0,0,0,0,0,0,0,0,0,0,0,0,0,0,0,0,0,0,0,0,0,0,0,0,0,0,0,0,0,0,0,0,0,0,0,0,0,0,0,0,0,0,0,0,0,0,0,0,0,0,0,0,0,0,0,0,0,0,0,0,0,0,0,0,0,0,0,0,0,0,0,0,0,0,0,0,0,0,0,0,0,0,0,0,0,0.355,0,0,0,0,0,0,0,0,0,0,0,0,0,0,0,0,0,0,0,0,0,0,0,0,0,0,0,0,0,0,0,0,0,0,0,0,0,0,0,0,0,0,0,0,0,0,0,0,0,0,0,0,0,0,0,0.313,0,0,0,0,0,0,0,0,0,0,0,0,0,0,0,0,0,0,0,0,0,0,0,0,0,0,0,0,0,0,0,0,0,0,0,0,0,0,0,0,0,0,0,0,0,0,0,0,0,0,0,0,0,0,0,0,0,0,0,0,0,0,0,0,0,0,0,0,0,0,0,0,0,0,0,0,0,0,0,0,0,0,0,0,0,0,0,0,0,0,0,0,0.166,0,0,0,0,0,0,0,0,0,0,0,0,0,0,0,0,0,0,0,0,0,0,0,0,0,0,0,0,0,0,0,0,0,0,0,0,0,0,0,0,0,0,0,0,0,0,0,0,0,0,0,0,0,0,0,0,0,0,0,0,0,0,0,0,0,0,0,0,0,0,0,0,0,0,0,0,0,0,0,0,0,0,0,0,0,0,0,0,0,0,0,0,0,0,0,0,0,0,0,0,0,0,0,0,0,0,0,0,0,0,0,0,0,0,0,0,0,0,0,0,0,0,0,0,0,0,0,0,0,0,0,0,0,0,0,0,0,0,0,0,0,0,0,0,0,0,0,0,0,0,0,0,0,0,0,0,0,0,0,0,0,0,0,0,0,0,0,0,0,0,0,0,0,0,0,0,0,0,0,0,0,0,0,0,0,0,0,0,0,0,0,0,0,0,0,0,0,0,0,0,0,0,0,0,0,0,0,0,0,0,0,0,0,0,0,0,0,0,0,0,0,0,0,0,0,0,0,0,0,0,0,0,0,0,0,0,0,0,0,0,0,0,0,0,0,0,0,0,0,0,0,0,0,0,0,0,0,0,0,0,0,0,0,0,0,0,0,0,0,0,0,0,0,0,0,0,0,0,0,0,0,0,0,0,0,0,0,0,0,0,0,0,0,0,0,0,0,0,0,0,0,0,0,0,0,0,0,0,0,0,0,0,0,0,0,0,0,0,0,0,0,0,0,0,0,0,0,0,0,0,0,0,0,0,0,0,0,0,0,0,0,0,0,0,0,0,0,0,0,0,0,0,0,0,0,0,0,0,0,0.183,0,0,0,0,0,0,0,0,0,0,0,0,0,0,0,0,0,0,0,0,0,0,0,0,0,0,0,0,0,0,0,0,0,0,0,0,0,0,0,0,0,0,0,0,0,0,0,0,0,0,0,0,0,0,0,0,0,0,0,0,0,0,0,0,0,0,0,0,0,0,0,0,0,0,0,0,0,0,0,0,0,0,0,0,0,0,0,0,0,0,0,0,0,0,0,0,0,0,0,0,0,0,0,0,0,0,0,0,0,0,0,0,0,0,0,0,0,0,0,0,0,0,0,0,0,0,0,0,0,0,0,0,0,0,0,0,0,0,0,0,0,0.713,0,0,0,0,0,0,0,0,0,0,0,0,0,0.393,0,0.373,0,0,0.552,0,0,0,0,0,0,0,0,0,0,0,0,0,0,0,0,0,0,0,0,0,0.71,0,0,0,0,0,0,0,0,0,0,0,0,0,0,0,0,0,0,0,0,0,0,0,0,0,0,0,0,0,0,0,0,0,0,0,0,0,0,0,0,0,0,0.181,0,0,0,0,0,0.204,0,0,0,0,0,0,0,0,0,0,0,0,0,0,0,0,0,0,0,0,0,0,0.22,0,0,0,0.183,0,0,0,0.584,0,0,0,0,0,0,0,0,0,0,0,0.529,0,0,0,0,0,0,0.163,0,0,0,0,0,0,0,0,0,0,0,0,0,0,0,0,0,0,0,0,0,0,0,0,0,0,0,0,0,0,0,0,0,0,0,0,0,0,0,0,0,0,0,0,0.194,0,0,0,0,0,0,0,0,0,0,0,0,0,0,0,0,0,0,0,0,0,0,0,0,0,0,0,0,0,0,0,0,0,0,0,0,0,0,0,0,0,0,0,0,0,0,0,0,0,0,0,0,0,0,0,0,0,0,0,0,0,0,0,0,0,0,0,0,0,0,0,0,0,0,0,0,0,0,0,0,0,0,0,0,0,0,0,0,0,0,0,0,0,0,0,0,0,0,0,0,0,0,0,0,0,0,0,0,0,0,0,0,0,0,0,0,0,0,0,0,0,0.222,0,0,0,0,0,0,0,0,0,0,0,0,0,0,0,0,0,0,0,0,0,0,0,0,0,0,0,0,0,0,0,0,0,0,0,0,0,0,0,0,0,0,0,0,0,0,0,0,0,0,0,0,0,0,0,0,0,0,0,0,0,0,0,0,0,0,0,0.396,0,0,0,0,0,0,0,0,0,0,0,0,0,0,0.612,0,0,0.171,0,0,0,0,0.619,0,0,0,0,0,0,0,0,0,0,0,0,0,0,0,0,0,0,0,0,0,0,0,0,0,0,0,0,0,0,0,0,0,0,0,0,0,0,0,0,0,0,0,0,0,0,0,0,0,0,0,0,0,0,0,0,0,0,0,0,0,0,0,0,0,0,0,0,0,0,0,0,0,0,0,0,0,0,0,0,0,0,0,0,0,0,0,0,0,0,0,0,0,0,0,0,0,0,0,0,0,0,0,0,0,0,0,0,0,0,0,0,0,0,0,0,0,0,0,0,0,0,0,0,0,0,0,0,0.748,0,0,0,0,0,0,0,0,0,0,0.375,0,0,0,0,0,0,0,0,0.189,0,0,0,0,0,0,0,0,0,0,0,0,0,0,0,0,0.53,0,0,0,0,0,0,0,0,0,0,0,0,0,0,0,0,0,0,0,0,0,0,0,0,0,0,0.16,0,0,0,0,0,0,0,0,0,0,0,0,0,0,0,0,0,0,0,0,0,0,0,0,0,0,0,0,0,0,0,0,0,0,0,0,0,0,0,0,0,0,0.199,0,0,0,0,0,0,0,0,0,0,0,0,0,0,0,0,0,0,0,0,0,0,0,0,0,0,0,0,0,0,0,0,0,0,0,0,0,0,0,0,0,0.195,0,0,0,0,0,0,0,0,0,0,0,0,0,0,0,0,0,0,0,0,0,0,0,0,0,0,0,0,0,0,0,0,0,0,0,0,0,0,0,0,0,0,0,0,0,0,0,0,0,0,0,0,0,0,0,0,0,0,0,0,0,0,0,0,0,0,0,0,0,0,0,0,0,0,0,0,0,0,0,0,0,0,0,0,0,0,0,0,0,0,0,0,0,0,0,0,0,0,0,0,0,0,0,0,0,0,0,0,0,0,0,0,0,0,0,0,0.282,0,0,0,0,0,0,0,0,0,0,0,0,0,0,0,0,0,0,0,0,0,0,0,0,0,0,0,0,0,0,0,0,0,0,0,0,0,0,0,0,0,0,0,0,0,0,0,0,0,0,0,0,0,0,0,0,0,0,0,0,0,0,0,0,0,0,0,0,0,0,0,0,0,0,0,0,0,0,0,0,0,0,0,0,0,0,0,0,0,0,0,0,0,0,0,0,0,0,0,0,0,0,0.339,0,0,0,0,0,0,0,0,0,0,0,0,0,0,0,0,0,0,0,0,0,0,0,0,0,0,0,0,0,0,0,0,0,0,0,0,0,0,0,0,0,0,0,0,0,0,0,0,0,0,0,0,0,0,0,0,0,0,0,0,0,0.196,0,0,0,0,0,0,0,0,0,0,0,0,0,0,0,0,0,0,0,0,0,0,0,0,0,0,0,0,0,0,0,0,0,0.4,0,0,0,0,0,0,0,0,0,0,0,0,0,0,0,0,0,0,0,0,0,0,0,0,0,0,0.219,0,0,0,0,0,0,0,0,0
852417,0,0,0,0,0,0,0,0,0,0,0,0,0,0,0,0,0,0,0,0,0,0,0,0,0,0,0,0,0,0,0,0,0,0,0,0,0,0,0,0,0,0,0,0,0,0,0,0,0,0,0,0,0,0,0,0,0,0,0,0,0,0,0,0,0,0,0,0,0,0,0,0,0,0,0,0,0,0,0,0,0,0,0,0,0,0,0,0,0,0,0,0,0,0,0,0,0,0,0,0,0,0,0,0,0,0,0,0,0,0,0,0,0,0,0,0,0,0,0,0,0,0,0,0,0,0,0,0,0,0,0,0,0,0,0,0,0,0,0,0,0,0,0,0,0,0,0,0,0,0,0,0,0,0,0,0,0,0,0,0,0,0,0,0,0,0,0,0,0,0,0,0,0,0,0,0,0,0,0,0,0,0,0,0,0,0,0,0,0,0,0,0,0,0,0,0,0,0,0,0,0,0,0,0,0,0,0,0,0,0,0,0,0,0,0,0,0,0,0,0,0,0,0,0,0,0,0,0.167,0,0,0,0,0,0,0,0,0,0,0,0,0,0,0,0,0,0,0.456,0,0,0,0,0,0,0,0,0,0,0.196,0,0,0,0,0.273,0,0,0,0,0,0,0,0,0,0,0,0,0,0,0,0,0,0,0,0,0,0,0,0,0,0,0,0,0,0,0,0,0,0,0,0,0,0,0,0,0,0,0,0,0,0,0,0,0,0,0,0,0,0,0,0,0,0,0,0,0,0,0,0,0,0,0,0,0,0,0,0,0,0,0,0,0,0,0,0,0,0,0,0,0,0,0,0,0,0,0,0,0,0,0,0,0,0,0,0,0,0,0,0,0,0,0,0,0,0,0,0,0,0,0,0,0,0,0,0,0,0,0,0,0,0,0,0,0,0,0,0,0,0,0,0,0,0,0.25,0,0,0,0,0,0,0,0,0,0,0,0,0,0,0,0,0,0,0,0,0,0,0,0,0,0,0,0,0,0,0,0,0,0,0,0,0,0,0,0,0,0,0,0,0,0,0,0,0,0,0,0,0,0,0,0,0,0,0,0,0,0,0,0,0,0,0,0,0,0,0,0,0,0,0,0,0,0,0,0,0,0,0,0,0,0,0,0,0,0,0,0,0,0,0,0,0,0,0,0,0,0,0,0,0,0,0,0,0,0,0,0,0,0,0,0,0,0,0,0,0,0,0,0,0.167,0,0,0,0,0,0,0,0,0,0,0,0,0,0,0,0,0,0,0,0,0,0,0,0,0,0,0,0,0,0,0,0,0,0,0,0,0,0,0,0,0,0,0,0,0,0,0,0,0,0,0,0,0,0,0,0,0.43,0,0,0,0,0,0,0,0,0,0,0,0,0,0,0,0,0,0,0,0,0,0,0,0,0,0,0,0,0,0,0,0,0,0,0,0,0,0,0,0,0,0,0,0.437,0,0,0,0,0,0,0,0,0,0,0,0,0,0,0,0,0,0,0,0,0,0,0,0,0,0,0,0,0,0,0,0,0,0,0,0.483,0,0.957,0,0,0,0,0,0,0,0,0,0,0,0,0,0,0,0,0,0,0,0,0,0,0,0,0,0,0,0,0,0,0,0,0,0,0,0,0,0,0,0,0,0,0,0.161,0,0,0,0,0,0,0,0,0,0,0,0,0,0,0,0,0,0,0,0,0,0,0,0,0,0,0,0,0,0,0,0,0,0,0,0,0,0,0,0,0,0,0,0,0,0,0,0,0,0,0,0,0,0,0,0,0,0,0,0,0,0,0,0,0,0,0,0,0,0,0,0,0,0,0,0,0,0,0,0,0,0,0,0,0,0,0,0,0,0,0,0,0,0,0,0.542,0,0,0,0,0,0,0,0,0,0,0,0.22,0,0,0,0,0,0,0,0,0,0,0,0,0,0,0,0,0,0,0,0,0,0,0.233,0,0,0,0,0,0,0,0,0,0,0,0,0,0,0,0,0,0,0,0,0,0,0,0,0,0,0,0,0,0,0,0,0,0.211,0,0,0,0,0,0.173,0,0,0,0,0,0,0,0,0,0,0,0,0,0,0,0,0,0,0,0,0,0,0,0,0,0,0,0,0,0,0,0,0,0,0,0,0,0,0,0,0,0,0,0,0,0,0,0,0,0,0,0,0,0,0,0,0,0,0,0,0,0,0,0,0,0,0,0,0,0,0,0,0,0,0,0,0,0,0,0,0,0,0,0,0,0,0,0,0,0,0,0,0,0,0,0,0,0,0,0,0,0,0,0,0,0,0,0,0,0,0,0,0,0,0,0,0,0,0,0,0,0,0.48,0,0,0,0,0,0,0,0,0,0,0,0,0,0,0,0,0,0,0,0,0,0,0,0,0,0,0,0,0,0,0,0,0,0,0,0,0,0,0,0,0,0,0,0,0,0,0,0,0,0,0,0,0,0,0,0,0,0,0,0,0,0,0,0,0,0,0,0,0,0,0,0,0,0,0,0,0.614,0,0,0,0,0,0,0,0,0,0,0,0,0,0,0,0,0,0,0,0,0,0,0,0,0,0,0,0,0,0,0,0,0,0,0,0,0,0,0,0,0,0,0,0,0,0.297,0,0,0,0,0,0,0,0,0,0.38,0,0,0,0,0,0,0,0,0,0,0,0,0,0,0,0,0,0,0,0.349,0,0,0,0,0,0,0,0,0,0,0,0,0,0,0,0,0,0,0,0,0.196,0,0,0,0,0,0,0,0.218,0,0,0,0,0,0,0,0,0,0,0,0,0,0,0,0,0,0,0,0,0,0,0,0,0,0,0.377,0,0,0,0,0,0,0,0,0,0,0,0,0,0,0,0,0,0,0,0,0,0,0,0,0,0,0,0,0,0,0,0,0,0,0,0,0,0,0,0,0,0,0,0,0,0,0,0,0,0,0,0,0,0,0,0,0,0,0,0,0,0,0,0,0,0,0,0,0,0,0,0,0,0,0,0,0,0,0,0,0,0,0,0,0,0,0,0,0,0,0,0,0,0,0,0,0,0,0.339,0,0,0,0,0.254,0,0,0,0,0,0,0,0,0,0,0,0.227,0,0,0,0,0,0,0,0,0,0,0,0,0,0,0,0,0,0,0,0,0,0,0.299,0,0,0,0,0,0,0,0,0,0,0,0,0.158,0,0,0,0,0,0,0,0,0,0,0,0,0,0,0,0,0,0,0,0,0,0,0,0,0,0,0.199,0,0,0,0,0,0,0,0,0,0,0,0,0,0,0,0,0,0,0,0,0,0,0,0,0,0,0,0,0,0,0,0,0,0,0,0,0,0,0,0,0,0,0,0,0,0,0,0,0,0,0.169,0,0,0,0,0.252,0,0,0,0,0,0,0,0,0,0,0,0,0,0,0,0,0,0,0,0,0,0,0,0,0,0,0,0,0,0,0,0,0,0,0,0,0,0,0,0,0,0,0,0,0,0,0,0,0,0,0,0,0,0,0,0,0,0,0,0,0,0,0,0,0,0,0,0,0,0.511,0,0,0,0,0,0,0,0,0,0,0,0,0,0,0,0,0,0,0,0,0,0,0,0,0,0,0,0,0,0,0,0,0,0,0,0,0,0,0,0,0,0,0,0,0,0,0,0,0,0,0,0,0,0,0,0,0,0,0,0,0,0,0,0,0,0,0,0,0,0,0,0,0,0,0,0,0,0,0,0,0,0,0,0,0,0,0,0,0,0,0,0,0,0,0,0,0,0,0,0,0,0,0,0,0,0,0,0,0,0,0,0,0,0,0,0,0.366,0,0,0,0,0,0,0,0,0,0,0.276,0,0,0,0,0,0,0,0,0,0,0,0,0,0,0,0,0,0,0,0,0,0,0,0,0,0,0.185,0,0.385,0,0,0,0,0,0,0,0,0,0,0,0,0,0,0,0,0,0,0,0,0,0,0,0,0,0,0,0,0,0,0,0,0,0,0,0,0,0,0,0,0,0,0,0,0,0,0,0.565,0,0,0,0,0,0,0,0,0,0,0,0.368,0,0,0,0,0,0,0,0.313,0,0,0,0,0,0,0,0,0,0,0,0,0,0,0,0.329,0,0,0,0,0,0,0,0.33,0,0,0.276,0,0,0.177,0,0,0,0,0.329,0,0,0,0,0,0,0,0,0,0,0,0,0,0,0,0,0.185,0,0,0,0,0,0,0,0,0,0,0,0,0,0,0,0,0,0,0,0,0,0,0.254,0,0,0,0,0.3,0,0,0,0.329,0,0,0,0,0,0,0,0,0,0,0,0,0,0,0,0,0,0,0,0,0,0,0,0,0,0,0,0,0,0,0,0,0,0,0,0,0,0,0,0,0,0,0,0,0,0,0,0,0,0.221,0,0,0,0,0,0,0,0,0,0,0,0,0,0,0,0,0,0,0,0,0,0,0,0,0,0,0,0,0,0,0,0,0,0,0,0,0,0,0,0,0,0,0,0,0,0,0,0,0,0,0,0,0,0,0,0,0,0,0,0,0,0.163,0,0,0,0,0,0,0,0,0,0,0,0,0,0,0,0,0,0,0,0,0,0,0,0,0,0,0.583,0,0,0,0,0,0,0,0,0,0,0,0,0.236,0,0,0,0,0,0,0,0,0,0,0,0,0.309,0,0,0,0,0,0,0,0,0,0,0,0,0,0,0,0,0,0,0,0,0,0,0,0,0,0,0,0,0,0,0,0,0,0,0,0,0,0,0,0,0,0,0,0,0,0,0,0,0,0,0,0,0.204,0,0,0,0,0,0,0,0,0,0,0,0,0,0,0,0,0,0,0,0,0,0,0,0,0,0,0,0,0,0,0,0,0,0,0,0,0,0,0,0,0,0,0,0,0,0,0,0,0,0,0,0,0,0,0,0.235,0,0,0.353,0,0,0,0,0,0,0,0,0,0,0,0,0,0,0,0,0,0,0,0,0,0,0,0,0,0,0,0,0,0,0,0,0,0,0.217,0,0,0,0,0,0,0,0,0,0,0,0,0,0,0,0,0,0,0,0,0,0,0,0,0,0,0,0,0,0,0,0,0,0,0,0,0,0,0,0,0,0,0,0,0,0,0,0,0,0,0,0,0,0,0,0,0,0,0,0,0,0,0,0,0,0,0,0,0,0,0,0,0,0,0.615,0,0,0,0,0,0,0,0,0,0,0,0,0,0,0,0,0,0,0,0,0,0,0,0,0,0,0,0,0,0,0,0,0,0,0,0,0,0,0,0,0,0.375,0,0,0,0,0,0,0,0,0,0,0,0,0,0,0,0,0,0,0,0,0,0,0,0,0,0,0,0,0,0,0,0,0,0,0,0,0,0,0,0,0,0,0,0,0,0,0,0.167,0,0,0,0,0,0,0,0,0,0,0,0,0,0,0,0,0,0,0,0,0,0,0,0,0,0,0,0,0,0,0,0.571,0,0,0,0,0,0,0,0,0,0,0,0,0,0,0,0,0,0,0,0,0,0.161,0,0,0,0,0,0,0,0,0,0,0,0,0,0,0,0,0,0,0,0,0,0,0,0,0,0,0,0,0,0,0,0,0,0,0,0,0,0,0,0,0,0,0,0,0,0,0,0,0,0,0,0,0,0,0,0,0,0,0,0,0,0,0,0,0,0,0,0,0,0,0.156,0,0,0,0,0,0,0,0,0,0,0,0,0,0,0,0,0,0,0,0,0,0,0,0,0,0,0,0,0,0,0,0,0,0,0,0,0,0,0,0,0,0,0,0,0,0,0,0,0,0.324,0,0,0,0,0,0,0,0,0,0,0,0,0,0,0,0,0,0,0,0,0,0,0,0,0,0,0,0,0,0,0,0,0,0,0,0,0,0,0,0,0,0,0,0,0,0,0,0.26,0,0,0,0,0,0,0,0,0,0,0,0,0,0,0,0,0,0,0,0,0,0,0,0,0,0,0,0.351,0,0,0,0,0,0,0,0,0,0,0,0,0,0,0,0,0,0,0,0,0,0,0,0,0,0,0,0,0,0,0,0,0,0,0,0,0,0,0,0,0,0,0,0,0,0,0,0,0,0,0,0,0,0,0,0,0,0,0,0.4,0,0,0,0.297,0,0,0,0,0,0,0,0,0,0,0,0,0,0,0,0.29,0,0,0,0,0,0,0,0,0,0,0,0,0,0,0,0,0,0,0,0,0,0,0,0,0,0,0,0,0,0,0,0,0,0.179,0,0,0,0,0,0,0,0,0,0,0,0,0,0,0,0,0,0,0,0,0,0,0,0,0,0,0,0,0,0,0,0,0,0,0,0,0,0,0,0,0,0,0,0,0,0,0,0,0,0,0,0,0,0.191,0,0,0,0,0,0,0,0,0,0,0,0,0,0,0,0,0,0,0,0,0,0,0,0,0,0,0,0,0,0,0,0,0,0,0,0,0.246,0,0,0,0,0.236,0,0,0,0,0,0,0,0,0,0,0,0,0,0,0,0,0,0,0,0,0,0,0,0,0,0,0.295,0.289,0,0,0,0,0.264,0,0,0,0,0,0,0,0,0,0,0.638,0,0,0.191,0.221,0,0,0,0,0,0,0,0,0,0,0.238,0,0,0,0,0,0,0,0,0,0,0,0,0,0,0,0.231,0,0.173,0,0.191,0,0,0,0.317,0.173,0,0,0,0,0,0,0,0,0,0,0,0,0,0,0,0,0,0,0,0,0,0.169,0,0.238,0,0,0,0,0,0,0,0,0,0,0,0,0,0,0,0,0,0,0,0.248,0,0,0,0,0,0,0,0,0,0,0,0,0,0,0.275,0,0.185,0,0,0,0,0,0,0,0,0,0,0,0,0,0,0,0,0,0,0,0,0,0,0,0,0,0,0,0.191,0,0,0,0,0,0,0,0,0,0,0,0,0,0,0,0,0,0,0,0,0,0,0.511,0,0,0,0,0,0,0,0,0,0,0,0,0,0,0,0,0,0,0,0,0,0,0,0,0,0,0,0,0,0,0,0,0,0,0,0,0,0,0,0,0,0,0,0,0,0,0,0,0,0,0,0,0,0,0,0.398,0,0,0,0,0,0,0,0,0,0,0,0,0,0,0,0,0,0,0,0,0,0,0,0,0,0,0,0,0,0,0.371,0,0,0,0,0,0,0,0,0,0.229,0,0,0,0,0,0,0,0,0,0,0,0,0,0,0,0.392,0,0,0,0,0,0,0.339,0,0,0,0,0,0,0,0,0.191,0,0,0,0,0,0,0,0,0,0,0,0,0,0,0,0,0,0,0,0,0,0,0,0,0,0,0,0,0,0,0.26,0,0,0,0,0,0,0,0,0,0,0,0,0,0,0,0,0,0,0,0,0,0,0,0,0,0,0,0,0,0,0,0,0,0,0,0,0,0,0,0,0,0,0,0,0,0,0,0,0,0,0,0,0,0,0,0,0,0,0,0,0,0,0,0,0,0,0,0,0,0,0,0,0,0,0,0,0.274,0,0,0,0,0,0,0,0.441,0,0,0,0,0.216,0,0,0,0,0,0,0,0,0,0,0,0,0,0,0,0,0,0,0,0,0,0,0,0,0,0,0,0,0,0,0,0,0,0,0,0,0.664,0,0,0,0,0,0,0,0,0,0,0,0,0,0,0,0,0,0,0,0,0,0,0,0,0,0,0.181,0,0.706,0.446,0,0,0,0,0,0,0,0,0.374,0,0,0,0,0,0,0,0,0,0,0,0,0,0,0.378,0,0.993,0,0,0,0.156,0,0,0,0,0,0,0,0,0,0,0,0,0,0,0,0.452,0,0,0,0,0,0,0,0,0,0,0,0,0,0,0,0,0,0.329,0,0,0,0,0,0,0,0,0,0,0,0,0,0,0,0,0,0,0.232,0,0,0,0,0,0,0,0,0,0,0,0,0,0,0,0,0,0,0,0,0,0,0,0,0,0,0,0,0,0,0,0,0,0,0,0,0,0,0,0,0,0,0,0,0,0,0.372,0,0,0,0.574,0,0,0,0,0,0,0,0,0,0,0,0,0,0,0,0,0,0,0,0,0,0,0,0,0,0,0,0,0,0,0,0,0,0,0,0,0,0,0,0,0,0,0,0,0,0,0,0,0,0,0,0,0,0,0,0,0,0,0,0,0,0,0,0,0,0,0,0,0,0,0,0,0,0,0,0,0.194,0.679,0,0,0,0,0,0,0,0,0,0,0.204,0,0,0,0,0,0,0,0,0,0,0,0,0,0,0,0,0,0,0,0,0,0,0,0,0,0,0,0,0,0,0,0,0,0,0,0.355,0,0,0,0,0,0,0,0,0,0,0,0,0,0,0,0,0,0,0,0,0,0,0,0,0.171,0,0,0,0,0,0,0,0,0,0,0,0,0,0,0,0,0,0,0.54,0.345,0,0,0,0,0,0,0,0,0,0,0,0,0,0,0,0,0,0,0,0,0,0,0,0,0,0,0,0,0,0,0,0,0,0,0,0,0,0,0,0,0,0,0,0,0,0,0,0,0,0,0,0,0,0,0,0,0,0,0,0,0,0,0,0,0,0,0,0,0,0,0,0,0,0,0,0,0,0,0,0,0,0.531,0,0,0,0,0,0,0,0,0,0,0,0,0,0,0,0,0,0,0,0,0,0,0,0,0,0,0,0,0,0,0,0,0,0,0,0,0,0,0,0,0.157,0,0,0,0,0,0,0,0,0,0,0,0,0,0,0,0,0,0,0,0,0,0,0,0,0,0,0,0,0,0,0,0,0.448,0,0,0,0.211,0,0.345,0,0,0,0,0,0,0,0,0,0,0,0,0,0,0,0,0,0,0,0,0,0,0,0,0,0,0,0,0,0,0,0,0,0,0,0,0,0,0,0,0,0,0,0,0,0,0,0,0,0,0,0,0.317,0,0,0.201,0,0,0,0,0.355,0.203,0,0,0,0,0,0,0,0,0,0,0,0,0,0,0,0,0,0,0,0,0,0,0,0,0,0,0,0,0,0,0,0,0,0,0,0,0,0,0,0,0,0,0,0,0,0,0.208,0,0,0,0,0,0,0,0,0,0,0.43,0,0,0,0,0,0,0,0,0,0,0,0,0,0,0,0,0,0,0,0,0,0,0,0,0,0,0,0,0,0.29,0,0,0,0,0,0,0,0,0,0,0,0.24,0,0,0,0,0,0,0,0,0,0,0,0,0,0,0,0,0,0,0,0,0,0,0,0,0,0,0,0,0,0,0,0,0,0,0,0,0.371,0,0,0,0,0,0,0,0,0,0,0,0,0,0,0,0,0,0,0,0,0,0,0,0.419,0,0,0,0,0,0,0,0,0,0,0,0,0,0,0,0,0,0,0,0,0,0,0,0,0,0,0,0.345,0,0,0,0,0,0,0,0,0,0,0,0,0,0,0,0,0,0,0,0,0,0,0,0,0,0,0,0,0,0,0,0,0,0,0,0,0.29,0,0,0,0,0,0,0,0,0,0,0,0,0,0,0,0,0,0,0,0,0,0,0,0,0,0,0,0,0,0,0,0,0,0,0,0,0,0,0,0,0,0,0,0,0,0,0,0,0,0,0,0,0,0,0,0,0,0,0,0,0,0,0,0,0,0,0,0,0,0,0,0,0,0,0,0,0.819,0,0,0,0,0,0,0,0,0,0,0,0,0,0,0,0,0,0,0,0,0,0,0,0.39,0,0,0,0,0,0,0,0,0,0,0,0,0,0,0,0,0,0.531,0,0,0,0,0,0,0.237,0,0,0,0.358,0.42,0.176,0,0,0,0,0,0.237,0,0,0,0,0,0,0.238,0.265,0,0,0,0,0,0,0,0,0,0,0,0,0,0,0,0,0,0,0,0,0,0,0,0,0,0,0,0,0.181,0,0.21,0,0.237,0.873,0.813,0,0,0,0,0,0,0,0,0,0,0,0.189,0,0,0,0,0,0,0,0,0,0,0,0,0,0,0,0,0,0,0,0,0,0,0,0,0,0,0,0,0,0,0,0,0,0,0,0,0,0,0,0,0,0,0,0,0,0.337,0,0,0,0
851569,0,0,0,0,0,0,0.194,0,0,0,0,0,0,0,0,0.338,0.61,0,0,0,0,0,0,0,0,0,0.229,0,0,0,0,0,0,0,0.445,0,0,0,0,0,0,0,0,0,0,0,0,0,0,0,0,0,0,0,0,0,0,0,0,0,0,0.235,0,0,0,0,0,0,0,0.333,0,0,0,0,0,0.515,0,0,0.666,0,0,0,0.333,0,0,0,0.238,0,0,0,0,0,0,0,0,0,0,0,0,0,0,0,0.232,0,0,0.656,0,0,0,0,0,0,0,0,0,0,0,0,0,0,0,0,0,0,0,0,0,0,0,0,0,0,0,0,0,0,0,0,0.228,0,0,0,0,0,0,0,0,0,0,0,0,0,0,0,0,0.311,0,0,0,0,0,0,0,0,0,0,0,0,0,0,0,0,0,0,0,0,0,0,0,0,0,0,0,0,0,0,0,0,0,0,0,0,0,0,0,0,0,0,0,0,0,0,0,0,0,0,0,0,0,0,0,0,0,0,0,0,0,0,0,0,0,0,0,0,0,0,0,0,0,0,0,0,0,0,0,0,0,0,0,0,0,0,0,0,0,0,0,0,0,0,0,0,0,0,0,0,0,0,0,0,0,0,0,0,0,0,0,0,0,0,0,0,0,0,0,0,0,0,0,0,0,0,0,0,0,0,0,0,0,0,0,0,0,0,0,0,0,0,0,0,0,0,0,0,0,0,0,0,0,0,0,0,0,0,0,0,0,0,0,0,0,0,0,0,0,0,0,0,0,0,0,0,0,0,0,0,0,0,0,0,0,0,0,0,0,0,0,0,0,0,0,0,0,0,0.192,0,0,0,0,0,0,0,0,0,0,0,0,0,0,0,0,0,0,0,0,0,0,0,0,0,0,0,0,0,0,0,0,0,0,0,0,0,0,0,0,0,0,0,0,0,0,0,0,0,0,0,0,0,0,0,0,0,0,0,0,0,0,0,0,0,0,0,0,0,0.271,0,0,0,0,0,0,0,0,0,0,0,0,0,0.273,0,0,0,0,0,0,0,0,0,0,0,0,0,0,0.169,0,0,0,0,0,0,0,0,0,0,0,0,0,0,0,0,0.195,0,0,0,0,0,0,0,0,0,0,0,0,0,0,0.71,0,0,0,0,0,0,0,0,0,0,0,0,0,0,0,0,0,0,0,0,0,0,0,0,0,0,0,0,0,0,0,0,0,0,0,0,0,0,0,0,0,0,0,0,0,0,0,0,0,0,0,0,0,0,0,0,0,0,0,0,0,0,0,0,0,0,0,0,0,0,0,0,0,0,0,0,0,0,0,0,0,0,0,0,0,0,0,0,0,0,0,0,0,0,0,0,0,0,0,0,0,0,0,0,0,0,0,0,0,0,0,0,0.269,0,0,0,0,0,0,0,0,0,0,0,0,0,0,0,0,0,0,0,0,0,0,0,0,0,0,0,0,0,0,0,0,0,0,0,0,0,0,0.22,0,0,0,0,0,0,0,0,0,0,0,0.394,0,0,0,0,0,0,0,0,0,0,0,0,0,0,0,0,0,0,0,0,0,0,0,0,0,0,0,0,0,0,0,0,0,0,0,0,0,0,0.765,0,0,0,0,0,0,0,0,0,0,0,0,0,0,0,0,0,0,0.169,0,0,0.298,0.262,0,0,0.503,0,0.153,0,0,0,0,0,0,0,0,0,0,0,0,0,0,0,0,0,0,0,0,0,0,0,0.297,0,0,0,0,0,0,0,0,0,0,0,0,0,0,0,0,0,0,0,0,0,0,0,0,0,0,0,0,0,0,0,0,0,0,0,0,0,0,0,0,0,0,0,0,0,0,0,0,0,0,0,0,0,0,0,0,0,0,0,0,0,0,0,0,0,0,0,0,0,0,0,0,0,0,0,0,0,0,0,0,0,0,0,0,0,0,0,0,0,0,0,0,0,0,0,0,0,0,0,0,0,0,0.177,0,0,0,0,0,0,0,0,0,0,0,0,0,0,0,0,0,0.193,0,0,0,0,0,0,0,0,0,0,0,0,0,0,0,0,0,0,0,0,0,0,0,0.71,0,0,0,0,0,0,0,0,0,0,0,0,0,0,0,0,0,0,0,0,0,0,0,0,0,0,0,0,0,0,0.546,0,0,0,0,0,0,0,0,0,0,0,0,0,0,0,0,0,0,0,0,0,0,0,0,0,0,0,0,0,0,0,0,0,0,0,0,0,0.194,0,0,0,0,0,0,0,0,0,0,0,0,0,0,0,0,0,0,0,0,0,0,0,0,0,0,0.842,0,0,0,0,0,0,0,0,0,0,0,0,0,0,0,0,0,0,0,0,0,0,0,0,0,0,0,0,0,0,0,0,0,0,0,0,0,0,0,0,0,0,0,0,0,0,0,0,0,0,0,0,0,0,0,0.282,0,0,0,0,0,0,0,0,0.273,0,0,0,0,0,0,0,0,0,0,0,0,0,0,0,0,0,0,0,0,0,0,0,0,0,0,0,0,0,0,0,0,0,0,0,0.231,0,0,0,0,0,0,0,0,0,0,0,0,0,0,0,0,0,0,0,0,0,0,0,0,0,0,0,0,0,0,0,0,0,0,0,0,0,0,0,0,0,0,0,0,0,0,0,0,0,0,0,0,0,0,0,0,0,0,0,0,0,0,0,0,0,0,0,0,0,0,0,0,0,0,0.275,0,0,0,0,0,0,0,0.459,0,0,0,0,0,0,0,0,0,0,0,0,0,0,0,0,0,0,0,0,0,0,0,0,0,0,0,0,0,0,0,0,0,0,0,0,0,0,0,0,0,0,0,0,0,0,0,0,0,0,0,0,0,0,0,0,0,0,0,0,0,0,0,0,0,0,0,0.198,0,0,0,0,0,0,0,0,0,0,0,0,0,0,0,0,0,0,0,0,0,0,0,0,0,0,0,0,0,0,0,0,0,0,0,0,0,0,0,0,0,0,0,0,0,0,0,0,0,0,0,0.228,0,0,0,0,0,0,0,0,0.195,0,0,0,0,0,0,0,0,0,0,0,0,0,0,0,0,0,0,0,0,0,0,0,0,0.172,0,0,0,0,0,0,0.241,0,0,0,0,0,0,0,0,0,0,0,0,0.157,0,0,0,0.701,0.388,0,0,0,0,0,0,0,0,0,0,0,0,0,0,0,0,0,0,0,0,0,0,0,0,0,0,0,0,0,0,0,0,0,0,0,0,0,0,0,0.21,0,0,0,0,0,0,0,0,0,0,0,0,0,0,0,0.188,0,0,0,0,0,0,0,0,0,0,0,0,0,0,0,0,0,0,0,0,0,0,0,0,0,0,0,0,0,0,0,0,0.255,0,0,0,0,0,0.445,0,0,0,0,0,0,0,0,0,0,0,0,0,0,0,0,0,0,0,0,0,0,0,0,0,0,0,0,0,0,0,0,0,0,0,0,0,0.311,0,0,0,0,0,0,0,0,0,0,0,0,0,0,0,0,0,0,0,0,0,0,0,0,0,0,0,0,0,0,0,0,0,0,0.188,0,0.198,0,0,0,0,0,0,0,0,0,0,0,0,0,0,0,0,0,0,0,0,0,0,0,0,0,0,0,0,0,0,0,0.297,0,0,0,0,0,0,0,0,0,0,0,0,0,0,0,0,0,0,0,0,0,0,0,0,0,0,0,0,0,0,0,0,0,0,0,0,0,0,0,0,0,0,0,0,0,0,0,0,0,0,0,0,0,0,0,0.182,0,0,0,0,0,0,0,0,0,0,0,0,0,0,0,0,0,0,0,0,0,0,0,0,0,0,0,0,0,0,0,0,0,0,0,0,0,0,0,0,0,0,0,0,0,0,0,0,0,0,0,0,0,0,0,0,0,0,0,0,0,0,0,0,0,0,0,0,0,0,0,0,0,0,0,0,0,0,0,0,0,0,0,0,0,0,0,0,0,0,0,0,0,0,0,0,0,0,0,0,0,0,0,0,0,0,0,0,0,0,0,0,0,0,0,0,0,0,0,0,0,0,0,0,0,0,0,0,0,0,0,0,0,0,0,0,0,0,0,0,0,0,0,0,0,0,0,0,0,0,0,0,0,0,0,0,0,0,0,0,0,0,0,0,0,0,0,0,0,0,0,0,0,0,0,0,0,0,0,0,0,0,0,0,0,0,0,0,0,0,0,0,0,0.167,0,0,0,0,0,0,0,0,0,0,0,0,0,0,0,0,0,0,0,0,0,0.276,0,0,0,0,0,0,0,0,0,0,0.305,0,0,0,0,0,0,0,0,0,0,0,0,0,0,0,0,0,0,0,0,0,0,0,0,0,0,0,0,0,0,0,0,0,0,0,0,0,0,0,0,0,0,0,0,0,0,0,0,0.179,0,0,0,0,0,0,0,0,0,0,0,0,0,0,0,0,0,0,0,0,0,0,0,0,0,0,0,0,0,0,0,0,0,0,0,0,0,0,0,0,0,0,0,0,0,0,0,0,0,0,0,0,0,0,0,0,0,0,0,0,0,0,0,0,0,0,0,0,0,0,0,0,0,0,0,0,0,0,0,0,0,0,0,0,0,0,0,0,0,0,0,0,0,0,0,0,0,0,0,0,0,0,0.22,0,0,0,0,0,0,0,0,0,0,0,0,0,0,0,0,0,0,0,0,0,0,0,0,0,0,0,0,0,0,0,0,0,0,0,0,0,0,0,0,0,0,0,0,0,0,0,0,0,0,0,0,0,0,0,0,0,0,0,0,0,0,0,0,0,0,0,0,0,0,0,0,0,0,0,0,0,0,0,0,0,0,0,0,0,0,0,0,0,0,0.22,0,0,0,0,0,0,0,0,0,0,0,0,0,0,0,0,0,0,0,0,0,0.155,0,0,0,0,0,0,0,0,0,0,0,0,0,0,0,0,0,0,0,0,0,0,0,0,0,0,0,0,0,0,0,0,0,0,0,0,0,0,0,0,0,0,0,0,0,0,0,0,0,0,0,0,0,0,0.309,0.159,0,0,0,0,0,0,0,0,0,0,0,0,0,0,0,0,0,0,0,0,0,0,0,0,0,0,0,0,0,0,0,0,0,0,0,0,0,0,0,0,0,0,0,0,0,0,0,0,0,0,0,0,0,0,0,0,0,0,0,0,0,0,0,0,0,0,0,0,0,0,0,0,0,0,0,0,0,0,0,0,0,0,0,0,0,0,0,0,0,0,0,0,0,0,0,0,0,0,0,0,0,0,0,0,0,0,0,0,0,0,0,0,0,0,0,0,0,0,0,0,0,0,0,0,0,0,0,0,0,0,0,0,0,0,0,0,0,0,0,0,0,0,0,0,0,0,0,0,0,0,0,0,0,0,0,0,0,0,0,0,0,0,0,0,0,0,0,0,0,0,0,0,0,0,0,0,0,0.155,0,0,0,0.288,0,0.362,0,0,0,0,0,0,0,0,0,0,0,0,0,0,0,0,0,0,0,0,0,0,0,0,0,0,0,0,0,0,0,0,0,0,0,0,0,0,0,0,0,0,0,0,0,0,0,0,0,0,0,0,0,0,0,0,0,0,0,0,0,0,0,0,0,0,0,0,0,0,0,0,0,0,0,0,0,0,0,0,0,0,0,0,0,0,0,0,0,0,0,0,0,0,0.224,0,0,0,0,0,0.224,0,0,0,0,0,0,0,0,0,0,0,0,0,0,0,0,0,0,0,0,0,0,0,0,0,0,0,0,0,0,0,0,0,0,0,0,0,0,0,0,0,0,0,0,0,0,0,0,0,0,0.311,0,0,0,0,0,0,0,0,0,0,0,0,0,0,0,0,0,0,0,0,0,0,0,0,0,0,0,0,0,0,0,0,0,0,0,0,0,0,0,0,0,0,0,0,0,0,0,0,0,0,0,0,0,0.224,0,0,0,0,0,0,0,0.308,0,0,0,0,0,0,0,0,0,0,0,0,0,0,0,0,0,0,0,0,0,0,0,0,0,0,0,0.215,0,0,0,0,0,0,0,0,0,0,0,0,0,0,0,0,0,0,0,0,0,0,0,0,0,0,0,0,0,0,0,0,0,0,0,0,0,0,0,0,0,0,0,0,0,0,0,0,0,0,0,0,0,0,0,0.48,0,0,0,0,0,0,0,0,0,0,0,0,0,0,0,0,0,0,0,0,0,0,0,0,0,0,0,0,0,0,0,0,0,0,0,0,0,0,0,0,0,0,0,0,0,0,0,0,0,0,0,0,0,0,0,0,0,0,0,0,0,0,0,0.19,0,0,0,0,0,0,0,0,0,0,0,0,0,0,0,0,0,0,0,0,0.647,0,0,0,0.515,0,0,0,0,0,0,0,0,0,0,0,0,0,0,0,0,0,0,0,0,0,0,0,0,0,0,0,0,0,0,0,0,0,0,0,0,0,0,0,0,0,0,0,0,0,0,0,0,0,0,0,0,0.225,0,0,0,0,0,0,0,0,0,0,0,0,0,0,0,0,0,0,0,0,0,0,0,0,0,0,0,0,0,0,0,0,0,0,0,0,0,0,0,0,0,0,0,0,0,0,0,0,0,0,0,0,0,0,0,0,0,0,0,0,0,0,0,0,0,0,0,0,0,0,0,0,0,0,0,0,0,0,0,0,0,0,0,0,0,0.616,0,0,0,0,0,0,0,0,0,0,0,0,0,0,0,0,0,0,0,0,0,0,0,0,0,0,0,0,0,0,0,0,0,0,0,0,0,0,0,0,0,0,0,0,0,0.225,0,0,0,0,0,0,0,0,0,0,0,0,0,0,0,0,0,0,0,0,0,0,0,0,0,0,0,0,0,0,0,0,0,0,0,0,0,0,0,0,0,0,0,0,0,0,0,0,0,0,0,0,0,0,0,0,0,0.515,0,0,0,0,0,0,0,0,0,0,0,0,0,0,0,0,0,0,0,0,0,0,0.197,0,0,0.288,0,0,0,0,0,0,0,0,0,0,0,0,0,0,0,0,0,0,0,0,0,0,0,0,0,0,0,0,0,0,0,0,0,0,0,0,0,0,0,0,0,0,0,0,0,0,0,0,0,0,0,0,0,0,0,0,0,0,0,0,0,0,0,0,0,0,0,0,0,0,0,0,0,0,0,0,0,0,0,0,0,0,0,0,0,0,0,0,0,0,0,0,0,0,0,0,0,0,0,0,0,0,0,0,0,0,0,0,0,0,0,0,0,0,0,0,0,0,0,0,0,0,0,0,0,0,0,0,0,0,0,0,0,0,0,0,0,0,0,0,0,0,0,0,0,0,0,0,0,0,0,0,0,0,0,0,0,0,0,0,0,0,0,0,0,0,0,0,0,0,0,0,0,0,0,0,0,0,0,0,0,0,0,0,0,0,0,0,0,0,0,0,0,0,0,0,0,0,0,0,0,0,0,0,0,0,0,0,0,0,0,0,0,0,0,0,0,0,0,0,0,0,0,0,0,0,0,0,0,0,0,0,0,0,0,0,0,0,0,0,0,0,0,0,0,0,0,0,0,0,0,0,0,0,0,0,0,0,0,0,0,0,0,0,0,0,0,0,0,0,0,0,0,0,0,0,0,0,0,0,0,0,0,0,0,0,0,0,0,0,0,0,0,0,0.272,0,0,0,0,0,0,0,0,0,0,0,0,0,0,0,0,0,0,0,0,0,0,0,0,0,0,0,0,0,0,0,0,0,0,0,0,0,0,0,0,0,0,0,0,0,0,0,0,0,0,0,0,0,0,0,0,0,0,0,0,0,0,0,0,0,0,0,0,0,0,0,0,0,0,0,0,0,0,0,0,0,0,0.339,0,0,0,0,0,0,0,0,0,0,0,0,0,0,0,0,0,0,0,0,0,0,0,0,0,0,0,0,0,0,0,0,0,0,0,0,0,0,0,0,0,0,0,0,0,0,0,0,0,0,0,0,0,0,0,0,0,0,0,0,0,0,0,0,0,0,0.309,0,0,0,0,0,0,0,0,0,0,0,0,0,0,0,0,0,0.298,0,0,0,0,0,0,0,0,0,0,0,0,0,0,0,0,0,0,0,0,0,0,0,0,0,0,0,0,0,0,0,0,0,0,0,0,0,0,0,0,0.375,0,0,0,0,0,0,0,0,0,0,0,0,0,0,0,0,0,0,0,0,0,0,0,0,0,0,0,0,0,0,0,0,0,0,0,0,0,0,0,0,0,0,0,0,0,0.757,0,0,0,0,0,0,0,0,0,0,0,0,0,0,0,0,0,0,0,0,0,0,0,0,0,0,0,0,0,0,0,0,0,0,0,0,0,0,0,0,0,0,0,0,0,0,0,0,0,0,0,0,0,0,0,0,0.294,0,0,0,0,0,0,0,0,0,0,0,0,0,0,0,0,0,0,0,0,0,0,0,0,0,0,0,0,0,0,0,0,0,0,0,0,0,0,0,0,0,0,0,0,0,0,0,0,0,0,0,0,0,0,0,0,0,0,0,0,0,0,0,0,0,0,0,0,0,0,0,0,0,0,0,0,0,0,0,0,0,0,0,0,0,0,0,0,0,0,0,0,0,0,0,0,0,0,0,0,0,0,0,0,0,0,0,0,0,0,0,0,0,0,0,0,0,0,0,0,0,0,0,0,0,0,0,0,0,0,0,0,0,0,0,0,0,0,0,0,0,0,0,0,0,0,0,0,0,0,0,0,0,0,0,0,0,0,0,0,0,0,0,0,0,0,0,0,0,0,0,0,0,0,0,0,0,0,0,0,0,0,0,0,0,0,0,0,0,0,0,0,0,0,0,0,0,0,0,0,0,0,0,0,0,0,0,0,0,0,0,0,0,0,0,0,0,0,0,0,0,0,0,0,0,0,0,0,0,0,0,0,0,0,0,0,0,0,0,0,0,0,0,0,0,0,0,0,0,0,0,0,0,0,0,0,0,0,0,0,0,0,0.195,0.277,0,0,0,0,0,0,0,0,0,0,0,0,0,0,0,0,0,0,0,0,0,0,0,0,0,0,0,0,0,0,0,0,0,0,0,0,0,0,0,0,0,0,0.164,0,0,0,0.177,0,0,0,0,0,0,0,0,0,0,0,0,0,0,0,0.177,0,0,0,0,0,0,0,0,0,0,0,0,0,0,0,0,0,0,0,0,0,0,0,0,0,0,0,0,0,0,0,0,0,0,0,0,0,0,0,0,0,0,0,0,0,0,0,0,0,0,0,0,0,0,0,0,0,0,0,0,0,0,0,0,0,0,0,0,0,0,0,0,0,0,0,0,0,0,0,0,0,0,0,0,0,0,0.196,0,0,0,0,0,0,0,0,0,0,0,0,0,0,0,0,0,0,0,0,0,0,0,0,0,0,0,0,0,0,0,0,0,0,0,0,0,0,0,0.173,0,0,0,0,0,0,0,0,0,0,0,0,0,0,0,0,0,0,0,0,0,0,0,0,0,0,0,0,0,0,0,0,0,0,0,0,0,0,0,0,0,0,0,0,0,0,0,0,0,0,0,0,0,0,0,0,0,0,0,0,0,0,0,0,0,0,0,0,0,0,0,0,0,0,0,0,0,0,0,0,0,0,0,0,0,0,0,0,0,0,0,0,0,0,0,0,0,0,0,0,0,0,0,0,0,0,0,0,0,0,0,0,0,0,0,0,0,0,0,0,0,0,0,0,0,0,0,0,0,0,0,0,0,0,0,0,0,0,0,0,0,0,0,0,0,0,0,0,0,0,0,0,0,0,0,0,0,0,0,0,0,0,0,0,0,0,0,0,0,0,0,0,0,0,0,0,0,0,0,0,0,0,0,0,0,0,0,0,0,0,0,0,0,0,0,0,0,0,0,0,0,0,0,0,0,0,0,0,0,0,0,0,0,0,0,0,0,0,0,0,0.19,0,0
853747,0,0,0,0,0,0,0.725,0,0,0,0,0,0,0,0,0,0,0,0,0.156,0,0,0.152,0,0,0,0,0,0,0,0,0,0,0,0,0,0,0,0,0,0,0.166,0,0,0,0,0,0.173,0,0,0.797,0,0,0,0,0.15,0,0,0,0,0.28,0.205,0.75,0,0.177,0,0,0.153,0.15,0,0.195,0,0,0,0,0,0,0,0,0,0,0,0,0,0,0.278,0,0,0,0,0,0,0.193,0,0,0,0,0.393,0.219,0,0,0,0,0,0,0,0.278,0,0,0,0,0,0,0,0,0,0,0,0,0,0,0,0.247,0,0,0.157,0,0,0,0,0,0,0,0,0,0,0,0,0.15,0.161,0.194,0.205,0,0,0,0,0,0,0,0,0,0,0,0,0,0.177,0.174,0,0,0,0,0,0,0.351,0.225,0,0,0.15,0,0,0,0,0,0,0,0,0.189,0,0,0,0,0,0,0.687,0,0.616,0,0,0,0.244,0.188,0.815,0.611,0,0,0,0,0,0,0.978,0.984,0.411,0.23,0,0,0,0,0.162,0,0,0,0.4,0.192,0,0,0,0,0.293,0.962,0,0,0,0.992,0,0,0,0,0.395,0,0.308,0.18,0,0,0,0.3,0.558,0.284,0,0,0,0,0,0.175,0.15,0.16,0,0.193,0,0.159,0.484,0,0.71,0,0,0,0,0,0.947,0,0.443,0,0,0.271,0.261,0,0,0.205,0.173,0,0.885,0,0.581,0,0.264,0,0,0.774,0,0,0,0,0,0,0,0.998,0,0,0.204,0.407,0,0,0,0.901,0,0,0,0.467,0.209,0.412,0.156,0,0.433,0,0,0,0.502,0.396,0.212,0,0,0,0,0,0.515,0,0,0.186,0.156,0,0,0.261,0,0.179,0,0.171,0,0,0.718,0,0,0,0.52,0,0,0.237,0,0,0,0.589,0.846,0,0.216,0,0.242,0,0,0.558,0,0.172,0,0,0,0.233,0,0,0,0,0,0,0.227,0.994,0.184,0,0,0,0,0,0,0,0,0.56,0,0,0,0,0,0,0.609,0,0.156,0,0,0,0,0,0,0.968,0,0,0.984,0.372,0,0,0.904,0,0,0,0,0,0,0.222,0.167,0.999,0.715,0.337,0,0,0,0,0.308,0.679,0,0,0,0.974,0,0.328,0,0.954,0.273,0,0,0.709,0.242,0,0,0,0.945,0,0.15,0.204,0,0.719,0,0.951,0,0,0,0,0,0.383,0.233,0,0,0,0,0,0,0,0.169,0,0,0,0.362,0,0.971,0,0.221,0,0,0,0.249,0.176,0,0,0.609,0,0.156,0,0,0,0.322,0,0,0,0,0.664,0,0,0,0,0.514,0,0.646,0,0.16,0,0.759,0.368,0,0,0,0,0,0,0,0,0.26,0,0,0.335,0.936,0,0.225,0,0,0.993,0.463,0,0,0,0,0,0,0.272,0,0,0,0,0.68,0,0.85,0,0.226,0,0.393,0,0.781,0.394,0,0.681,0.191,0,0,0,0,0.151,0.172,0,0.544,0.424,0,0,0,0,0.29,0,0,0,0,0,0,0,0.663,0.939,0,0.273,0.185,0,0.992,0,0,0,0.385,0.34,0,0,0.18,0,0,0.176,0,0,0.238,0,0,0,0,0,0,0,0,0.161,0,0.267,0.324,0.391,0.995,0.193,0,0.372,0.841,0,0,0,0,0,0.235,0,0,0.194,0,0.998,0,0.802,0,0,0,0,0,0,0,0.174,0,0,0,0.223,0.378,0.936,0,0,0.457,0.739,0,0.295,0,0,0,0,0,0.825,0.265,0,0,0,0,0.296,0,0.171,0,0.916,0.319,0,0.219,0,0,0,0,0,0,0,0.826,0,0.873,0.276,0.658,0,0.917,0.224,0,0.315,0,0,0,0.249,0,0,0.342,0,0,0,0,0.353,0,0,0,0.69,0.9,0.216,0,0,0,0,0,0,0,0.32,0,0.199,0.903,0.242,0.173,0,0,0,0,0.231,0,0,0,0,0,0.757,0,0.152,0.911,0,0.355,0,0,0,0,0.384,0,0.441,0,0.16,0.159,0,0,0.183,0,0,0,0,0,0.907,0.269,0.992,0,0,0.16,0,0,0,0,0,0,0.765,0,0,0,0.339,0,0,0.161,0.842,0,0.945,0.167,0,0,0.357,0.205,0.951,0.321,0,0,0.594,0.471,0,0.238,0.712,0.168,0,0.168,0,0.217,0.185,0.697,0.944,0,0.185,0.791,0.829,0,0,0.192,0.6,0,0,0,0,0,0.238,0,0,0.308,0.31,0,0.336,0,0.983,0.997,0,0,0,0.853,0,0.92,0.658,0,0,0.244,0,0,0,0,0.998,0,0,0.163,0,0,0,0,0.223,0,0,0,0.686,0.416,0.996,0,0.262,0.701,0.169,0,0.842,0,0,0.863,0,0,0.193,0,0,0,0,0,0.189,0.375,0,0,0,0.781,0,0.177,0,0,0,0,0.258,0,0.524,0,0,0.235,0,0,0.17,0,0,0.737,0.424,0.194,0,0,0.153,0,0,0,0,0,0,0.211,0,0.978,0,0,0.228,0,0,0,0,0,0.953,0,0,0,0.996,0,0.238,0,0.15,0.293,0.182,0,0,0.233,0.956,0.82,0.373,0.478,0,0,0.249,0.999,0,0.231,0,0,0,0,0,0.909,0.16,0.174,0.314,0,0,0.814,0.29,0,0.434,0,0,0,0,0,0,0,0,0.277,0,0,0,0.222,0,0,0.891,0,0.824,0,0,0.203,0.181,0.212,0,0,0,0,0,0,0,0,0.544,0,0,0,0,0,0,0,0.302,0,0,0,0.937,0.16,0,0,0,0,0,0,0,0,0,0,0,0,0,0,0,0,0,0.292,0,0,0,0,0,0,0,0,0,0,0,0,0,0,0,0,0,0,0,0,0,0,0,0,0,0,0,0,0,0,0,0,0,0,0.683,0,0,0,0,0,0.559,0.359,0,0,0,0,0,0,0.528,0,0.181,0,0.344,0,0,0.31,0,0,0,0,0.939,0,0,0,0,0,0,0,0.234,0,0,0,0,0,0,0,0,0.953,0,0,0.32,0.288,0.195,0,0,0.166,0,0,0,0,0,0,0,0,0.535,0,0,0,0,0,0.901,0,0.97,0,0,0.198,0,0,0.292,0,0,0,0,0,0,0,0,0,0,0,0,0,0,0,0,0,0,0,0,0,0,0,0,0.215,0,0,0,0.188,0,0.655,0,0,0,0,0.312,0,0,0,0,0,0,0.151,0,0,0,0,0,0,0,0,0,0,0.823,0.225,0,0,0.172,0.896,0,0,0,0,0,0,0,0.395,0,0,0.158,0,0,0,0,0,0.996,0,0,0,0,0,0,0,0,0.151,0,0.216,0,0,0.57,0,0,0,0,0,0,0,0,0,0.155,0.199,0,0,0,0,0,0.47,0,0,0,0,0,0,0,0,0,0.705,0,0,0.692,0,0,0.243,0,0,0.258,0,0.335,0,0,0.2,0,0,0,0.314,0,0.899,0.15,0,0.277,0.344,0.32,0,0,0,0.317,0,0,0,0.344,0,0.166,0,0,0,0,0.161,0,0,0,0,0.362,0,0.249,0,0,0.174,0,0,0.196,0,0,0,0.402,0,0.252,0.21,0,0,0,0,0,0,0,0,0,0,0.291,0,0,0,0,0,0,0,0,0.192,0.195,0.756,0,0,0.169,0,0.57,0,0,0,0,0,0.259,0,0.193,0,0.209,0,0,0.193,0,0,0,0,0,0,0,0,0,0,0.877,0,0.153,0,0,0,0,0,0,0,0,0,0,0,0,0,0.246,0,0,0,0,0,0.202,0,0,0,0,0,0,0,0.196,0.264,0.352,0,0.224,0,0,0,0,0,0,0,0,0,0,0,0,0.379,0,0,0,0.21,0,0.768,0,0,0,0,0.157,0,0,0,0,0,0,0,0,0,0,0,0,0,0,0,0,0,0,0,0,0,0.899,0.182,0,0,0,0,0,0,0,0,0,0.387,0,0.647,0,0,0,0,0,0.164,0,0,0,0,0.241,0,0,0.188,0.161,0,0,0.157,0,0,0.84,0,0,0,0.28,0,0.339,0,0.234,0,0,0,0,0,0.701,0,0,0,0.902,0,0,0,0,0,0,0,0,0,0.368,0,0.312,0,0.597,0,0,0,0,0,0,0.497,0,0,0,0,0,0,0,0,0,0,0,0,0.191,0,0,0,0.189,0,0,0,0.67,0,0,0,0.151,0,0,0,0,0,0,0.416,0.36,0,0,0,0,0,0,0,0,0,0.203,0,0,0,0.615,0,0,0,0,0.507,0,0,0,0,0.31,0,0,0.46,0,0,0,0,0,0.979,0.21,0,0,0.691,0,0.275,0,0.203,0,0,0,0,0,0,0,0,0,0,0,0,0.195,0,0,0,0,0,0,0,0,0,0,0,0,0,0,0,0,0,0,0,0,0,0.32,0,0,0,0,0,0,0,0,0,0,0,0,0,0,0,0,0,0,0,0.201,0,0,0,0,0,0,0,0,0,0,0,0,0,0,0.188,0,0,0,0,0,0,0,0,0,0,0,0,0,0,0,0,0,0,0,0,0,0,0,0,0.557,0,0,0.662,0,0.65,0,0,0,0,0,0,0,0,0,0.361,0,0.286,0,0,0,0,0,0,0,0.151,0,0,0,0,0,0.169,0,0,0,0.456,0,0,0,0,0,0,0,0,0,0,0.157,0,0,0,0,0,0,0.174,0.612,0,0,0,0,0,0,0,0.202,0,0,0,0,0,0.156,0,0,0,0,0,0,0,0,0,0,0,0,0.188,0,0,0,0,0,0.241,0,0,0,0,0,0,0,0,0,0,0,0,0,0.565,0.155,0,0,0.161,0,0.895,0,0.719,0,0.328,0,0.244,0,0,0,0,0.155,0,0,0.303,0,0,0,0,0,0,0,0,0,0,0,0,0,0,0,0,0,0,0,0,0,0,0,0,0,0,0,0,0.203,0,0,0,0,0,0,0,0,0,0,0.362,0,0.171,0,0,0.598,0,0,0,0,0.214,0,0,0,0,0,0,0,0,0,0,0,0.664,0,0,0,0,0,0,0,0,0,0,0,0,0.479,0,0,0.437,0.521,0,0,0.155,0,0,0,0,0,0,0,0,0,0,0,0.24,0,0.169,0,0,0,0,0,0,0,0,0,0,0,0,0,0,0,0,0,0,0,0,0,0,0,0.168,0,0,0,0,0.15,0,0,0,0,0,0,0,0,0,0,0,0.161,0,0,0,0,0,0,0,0,0.344,0.91,0,0,0,0,0,0,0,0,0,0,0.431,0.159,0,0,0,0,0,0,0,0.155,0,0,0,0,0,0,0,0,0,0,0,0.189,0,0,0,0,0,0,0,0,0,0,0,0,0,0,0,0,0,0,0,0,0,0,0,0,0,0,0,0,0,0,0,0,0,0,0,0,0,0,0,0,0,0,0,0,0,0,0,0.393,0,0.215,0,0,0,0,0,0,0,0,0.354,0,0,0.241,0,0,0,0,0,0,0,0,0,0,0.153,0,0,0,0.164,0,0,0,0,0,0,0,0,0.178,0,0,0,0,0,0,0,0,0,0,0,0,0,0,0.448,0.174,0,0.15,0,0,0,0,0,0,0,0,0,0,0.223,0,0,0,0,0,0,0,0,0,0,0,0,0,0,0,0,0.18,0,0,0,0,0,0,0,0,0,0,0,0,0,0,0,0,0,0,0,0.298,0,0,0,0.171,0,0,0,0,0.202,0,0,0,0,0,0,0,0.199,0.204,0,0,0.554,0,0,0.212,0,0,0,0,0,0,0,0,0,0,0,0,0,0,0,0,0,0,0,0,0,0,0,0,0,0,0,0,0,0,0,0,0,0,0,0,0,0,0,0,0,0,0,0,0,0,0,0,0,0,0,0,0,0,0,0,0,0,0,0,0,0,0,0,0,0,0,0,0,0,0,0,0,0,0,0,0,0,0,0,0,0,0,0,0,0,0,0,0,0,0,0,0,0.266,0,0,0.431,0,0,0,0,0,0,0,0,0,0,0,0,0,0,0,0,0,0,0,0,0,0,0,0,0,0,0.205,0,0,0,0.821,0,0,0,0,0.226,0,0,0,0,0,0.164,0,0,0.204,0,0.545,0,0,0,0.5,0.187,0,0,0,0,0.362,0,0,0,0,0,0,0,0,0,0,0,0,0,0,0.169,0,0,0,0,0,0,0,0.545,0,0,0,0.256,0.194,0,0,0,0,0,0,0,0,0,0,0,0,0.392,0,0,0,0,0,0,0,0,0,0,0,0,0,0,0,0,0.514,0.176,0,0,0,0.2,0,0,0,0,0.32,0,0,0.174,0,0,0.187,0,0,0,0,0,0,0,0.201,0,0,0,0,0.179,0,0,0.159,0,0,0,0.508,0,0,0,0,0,0.16,0,0.158,0.214,0,0,0,0,0,0,0,0,0,0,0,0,0,0,0,0,0,0,0,0,0.854,0.311,0,0.216,0,0,0,0,0,0,0,0,0,0,0,0,0,0,0,0,0,0,0,0,0,0,0.348,0,0,0,0,0,0,0,0,0,0,0,0.193,0,0.368,0.297,0,0.207,0,0,0,0,0,0,0,0,0,0,0,0,0,0,0,0,0.194,0,0,0,0,0,0,0,0,0,0,0,0,0,0,0,0,0,0,0,0,0,0.338,0,0,0,0,0,0.158,0,0,0,0,0,0,0,0,0,0.222,0,0,0,0,0,0,0,0,0,0.275,0,0.254,0,0,0,0.214,0,0,0,0,0,0,0,0,0,0,0,0,0,0,0.308,0,0,0,0,0,0,0,0,0,0,0,0,0,0,0,0,0,0,0,0,0,0,0,0,0,0.201,0,0.869,0,0,0,0,0,0,0,0,0.292,0.996,0,0.996,0,0,0.22,0.171,0,0,0,0,0.201,0.987,0,0.706,0,0,0,0,0,0,0,0.52,0,0,0,0,0,0,0,0,0.229,0,0,0,0.201,0.428,0,0,0,0,0,0,0,0,0,0,0,0,0,0,0.201,0,0.91,0,0,0,0.209,0.686,0,0.894,0,0,0,0.996,0,0,0,0,0.944,0.196,0,0,0,0.201,0,0,0.185,0.991,0,0.292,0,0,0,0.217,0.337,0.247,0,0,0,0,0.238,0,0,0.9,0,0.999,0,0,0,0,0,0.315,0,0,0.898,0,0.201,0.653,0.554,0.878,0,0,0,0,0,0,0,0,0,0,0.197,0,0.202,0.825,0.156,0,0,0,0.859,0,0,0,0,0.167,0.292,0,0.247,0.45,0,0.928,0,0.156,0,0.996,0,0.559,0,0,0.389,0,0.292,0,0,0,0,0,0,0.305,0,0,0.346,0,0,0,0,0,0,0,0,0,0,0,0,0,0.201,0.159,0,0,0,0.295,0,0,0,0,0,0,0,0,0,0,0,0,0,0,0,0,0,0,0,0.172,0,0,0,0.151,0,0,0,0,0.157,0,0,0,0,0,0,0,0.216,0,0,0,0,0,0,0,0,0,0,0,0,0,0.199,0,0,0,0,0,0,0,0,0,0,0,0.31,0,0,0,0,0.204,0,0,0,0,0,0,0,0,0,0,0,0,0,0,0,0.186,0,0,0,0,0,0,0,0,0,0,0,0,0,0,0,0,0.161,0,0,0.194,0.201,0,0.156,0,0.201,0,0,0,0,0,0,0,0,0,0,0,0,0,0,0,0,0,0,0,0,0.151,0,0,0,0,0,0,0,0,0,0,0,0,0,0,0,0,0.293,0,0,0,0,0,0,0,0,0,0,0,0,0.151,0,0,0,0,0.214,0,0,0,0,0,0,0,0,0,0,0,0,0,0,0,0,0,0,0,0,0,0,0,0,0,0,0,0,0,0,0,0,0,0,0,0,0,0,0,0,0,0,0,0,0,0.173,0,0,0,0,0,0,0,0,0,0,0,0,0,0,0,0.213,0,0,0,0,0,0,0,0,0,0,0,0,0.369,0,0,0,0,0,0,0,0,0,0.445,0,0,0,0.613,0.627,0,0,0,0,0,0,0,0,0,0,0,0,0,0,0,0,0,0,0,0,0.188,0,0,0,0.549,0,0,0,0.218,0,0,0,0,0,0.303,0,0,0,0,0,0,0,0,0,0,0,0,0,0,0,0,0,0,0,0,0,0,0,0,0,0,0.275,0,0,0.191,0,0,0,0.353,0.299,0,0,0,0,0,0,0,0,0,0,0,0,0,0,0,0,0,0,0,0,0,0,0,0,0,0,0,0,0,0,0,0,0,0,0,0,0,0,0,0,0,0,0,0,0,0,0,0,0,0,0,0,0,0,0,0.154,0,0,0,0,0.195,0,0,0,0,0,0.155,0,0,0,0,0.158,0,0,0,0,0,0,0,0,0,0,0,0,0,0,0,0,0.202,0,0,0,0,0.182,0,0,0,0,0,0,0,0,0,0,0,0,0,0,0,0,0.282,0,0,0,0.24,0,0,0,0,0,0,0,0,0,0,0,0,0.187,0,0,0,0.304,0,0,0,0,0,0.225,0,0,0,0,0,0,0,0,0,0,0,0,0,0,0.268,0.317,0.181,0,0,0,0,0,0,0,0,0,0,0,0,0,0,0,0,0,0,0,0,0,0,0,0,0,0,0,0,0,0,0,0,0,0,0,0,0,0,0,0,0,0,0,0,0,0,0.166,0,0,0.15,0,0,0,0,0,0,0,0,0,0,0,0,0,0,0,0,0,0,0,0,0,0,0,0,0,0,0,0,0,0,0,0,0,0.287,0,0,0.319,0,0,0.297,0,0,0,0,0,0,0,0,0,0,0,0,0,0,0,0,0,0,0,0,0,0,0,0,0,0,0,0,0,0,0,0,0,0.177,0,0.404,0,0,0,0,0,0,0,0,0,0,0,0,0,0,0,0,0,0,0,0.182,0,0.163,0,0,0,0,0,0,0.158,0,0,0,0.822,0,0,0,0,0.259,0,0,0,0,0,0,0.739,0,0,0.194,0.337,0,0,0,0,0,0.241,0.167,0,0,0,0,0,0,0,0,0,0,0,0.899,0,0,0,0,0,0,0,0,0.444,0,0,0,0,0,0,0,0,0,0,0,0,0,0,0,0,0,0,0,0,0,0.254,0,0,0,0,0,0,0,0,0,0,0,0,0,0,0.213,0,0,0,0,0,0,0,0,0,0,0,0,0,0.267,0,0,0,0,0,0,0,0,0,0,0,0,0,0,0,0,0,0,0,0,0,0,0,0,0,0,0,0,0,0,0,0,0,0,0,0,0,0,0,0,0,0,0,0,0,0,0,0,0,0,0,0,0,0,0.191,0,0,0,0,0,0,0.32,0,0,0,0,0,0,0,0,0,0,0,0,0.216,0,0,0,0.152,0,0,0,0,0,0,0,0,0.256,0,0,0,0,0,0.43,0,0,0,0,0,0,0,0,0,0,0.16,0,0,0,0,0,0,0,0,0,0,0,0,0,0,0,0,0,0,0,0,0,0,0,0,0.225,0,0.214,0.171,0,0,0,0,0,0.179,0.228,0,0,0,0,0,0,0.227,0,0,0,0,0,0,0,0,0,0,0,0,0.276,0,0,0,0.389,0,0,0,0,0,0,0,0,0,0,0,0.164,0,0,0,0.152,0,0,0,0,0.155,0,0,0,0,0,0,0,0,0,0,0,0,0,0,0,0,0.175,0,0.175,0,0,0,0,0,0,0,0,0,0,0,0,0,0.22,0.276,0,0,0,0,0,0,0,0,0,0,0,0,0,0,0,0,0,0,0,0,0,0,0,0,0,0,0,0,0,0,0,0,0,0,0,0,0,0,0,0,0,0,0,0.929,0,0,0,0,0,0,0,0,0,0,0,0,0,0,0,0,0.154,0,0,0,0,0,0,0,0,0,0,0,0,0,0,0,0,0,0,0,0,0,0,0,0,0,0.197,0,0,0,0,0,0,0,0,0,0,0,0,0,0,0,0.153,0,0,0,0,0,0,0,0,0,0,0,0,0,0,0,0,0,0,0,0,0,0,0,0,0.166,0,0.368,0,0,0,0,0,0,0,0,0,0,0,0,0,0.274,0,0,0,0,0,0,0,0,0,0,0,0.295,0,0,0,0,0,0,0,0,0,0,0,0,0,0,0,0,0,0,0,0,0,0,0,0,0,0,0,0,0,0,0,0,0,0,0,0,0,0,0,0,0,0,0,0,0,0,0,0,0,0,0,0,0,0,0,0,0,0,0,0.197,0,0,0,0,0,0,0,0,0,0,0,0,0,0,0,0,0,0,0,0,0,0,0,0.893,0,0,0,0,0,0,0,0,0.214,0,0,0,0,0,0,0,0,0,0.311,0,0,0,0.311,0.311,0,0,0,0,0,0,0,0,0,0,0,0,0,0,0,0,0,0,0,0,0,0,0,0,0,0,0,0,0,0,0,0,0.489,0.643,0,0,0,0,0,0,0,0,0,0,0,0,0,0,0,0,0,0,0.542,0,0,0,0,0,0,0,0,0,0,0,0,0,0,0,0,0.224,0,0,0,0,0,0,0,0,0,0,0,0,0,0,0,0,0,0,0,0,0.315,0.198,0.468,0,0.326,0,0,0,0.245,0.352,0.395,0.152,0,0,0,0,0,0,0,0,0,0,0,0,0,0,0,0,0,0,0,0,0,0,0,0,0,0,0,0,0,0,0,0,0,0.237,0,0,0,0,0,0,0,0,0,0,0,0,0,0,0,0,0,0,0,0,0,0,0,0,0,0,0,0,0,0,0,0,0,0,0,0,0,0,0,0,0,0,0.455,0,0,0,0,0.191,0,0,0,0,0,0,0,0,0,0,0.191,0.191,0,0,0,0,0,0,0,0.179,0,0,0,0,0,0,0,0,0,0,0,0,0,0,0,0,0,0,0,0,0,0,0,0,0,0,0,0,0,0,0,0,0,0,0,0,0,0,0,0,0,0,0,0,0,0,0,0,0,0,0,0,0,0,0,0,0,0,0.208,0,0,0,0,0,0,0,0,0,0,0,0,0,0,0,0,0,0,0,0,0,0,0,0,0,0,0,0,0,0,0,0,0,0,0.277,0,0,0,0,0,0,0,0,0,0,0,1
853869,0,0,0,0,0,0,0,0,0,0,0,0,0,0,0,0,0,0,0.275,0,0,0,0,0,0,0.499,0,0,0,0,0,0,0,0,0,0,0,0,0,0,0,0,0,0.151,0,0,0,0,0,0,0,0,0,0,0,0,0,0,0,0,0,0,0,0,0,0,0,0,0,0,0,0,0,0,0,0,0,0,0,0,0,0,0,0,0.168,0,0,0,0,0,0,0,0.154,0,0,0,0,0,0,0,0,0,0,0,0,0,0,0,0,0,0,0,0,0,0,0,0,0,0,0,0,0,0,0,0,0.159,0,0.253,0,0,0,0,0,0,0,0,0,0,0,0,0,0,0,0.186,0,0,0,0,0,0,0,0,0,0,0,0,0,0,0,0,0,0,0,0,0,0,0,0,0,0,0,0,0,0,0,0,0,0,0,0,0,0,0,0,0.256,0.173,0,0,0,0,0,0,0,0,0,0,0.47,0,0,0,0,0,0,0.204,0,0.224,0.202,0.38,0,0,0,0,0,0,0,0,0,0,0,0,0,0.28,0,0,0,0,0,0,0,0.906,0.653,0,0,0.153,0,0,0.284,0,0.181,0,0,0,0,0,0,0,0.285,0,0,0,0.336,0,0,0,0,0.172,0,0,0.177,0,0,0,0.512,0,0,0,0,0.299,0,0,0,0.243,0,0,0,0,0,0,0,0,0.241,0,0.207,0,0,0,0,0,0,0,0,0,0,0,0,0,0,0.167,0,0.154,0,0,0,0,0,0,0,0.246,0,0,0,0,0,0,0,0.298,0,0.4,0.163,0,0,0.366,0.272,0,0,0,0,0,0,0,0,0,0,0,0.22,0,0,0,0,0,0,0,0,0.497,0,0,0,0.525,0,0,0,0,0,0,0,0,0,0,0,0,0,0.571,0,0,0.409,0,0,0.329,0,0,0.625,0,0,0,0,0,0.214,0,0,0.311,0,0.194,0.344,0,0,0,0,0,0,0,0,0,0,0,0,0.362,0.191,0,0,0,0.246,0,0,0,0.287,0,0,0,0.999,0.906,0,0,0,0,0,0,0.455,0,0,0,0,0,0,0.576,0,0,0,0,0,0,0,0.313,0,0,0,0,0,0,0,0.243,0,0,0,0,0.173,0,0,0,0.182,0,0.203,0,0.195,0.227,0,0,0,0,0,0,0,0.307,0,0.202,0,0,0,0.183,0,0.202,0,0.191,0,0.203,0,0,0.298,0,0,0,0,0.309,0,0.783,0.179,0,0,0,0,0,0.194,0,0,0,0,0,0,0,0,0,0,0,0,0,0,0,0,0,0,0,0.182,0,0.154,0,0,0.188,0,0,0,0,0.171,0,0,0,0,0,0,0,0,0,0,0,0,0,0.298,0.539,0.171,0,0,0,0.36,0,0,0,0,0,0.505,0,0,0,0,0.202,0,0,0,0,0,0,0,0,0,0,0,0,0,0,0.281,0.314,0,0,0,0,0,0,0,0.254,0,0,0,0,0,0.19,0,0,0,0,0,0.176,0,0,0.456,0.364,0,0,0,0,0,0,0,0,0.527,0,0,0,0,0,0.278,0,0.208,0,0,0,0,0,0,0.439,0,0,0.181,0,0,0,0,0,0,0,0,0,0,0,0,0.282,0.344,0,0.319,0,0.295,0,0.795,0.27,0,0,0,0,0.151,0,0,0,0.27,0,0.27,0,0,0,0.281,0,0,0,0.259,0,0.449,0,0.177,0,0.437,0,0.386,0,0.16,0,0,0,0,0,0,0,0,0,0.274,0.191,0,0.204,0.182,0,0.952,0,0,0.219,0,0,0,0.294,0,0,0,0,0,0,0,0.187,0,0,0,0,0,0,0,0,0,0,0,0.229,0,0.165,0.163,0,0.23,0,0,0.388,0.697,0.376,0,0,0,0,0,0.178,0,0.173,0.339,0,0,0,0,0,0,0,0.19,0,0,0.151,0,0,0,0,0,0.424,0,0,0.202,0,0,0,0,0.441,0,0.675,0,0,0,0,0,0,0.163,0,0.201,0,0.19,0,0,0,0,0,0,0,0.457,0.154,0,0,0,0,0,0,0,0,0,0.504,0,0,0.226,0,0.25,0,0,0.689,0.3,0,0,0,0,0,0,0,0,0,0,0.798,0,0,0,0,0,0,0,0.17,0,0,0,0,0,0,0,0,0,0,0,0,0,0,0,0,0,0,0.27,0,0,0.26,0,0.675,0,0.346,0,0.572,0,0,0,0,0,0,0.256,0,0,0,0,0,0,0,0.669,0.91,0,0,0.185,0,0,0,0,0,0,0.202,0,0,0,0,0,0,0,0,0.265,0.985,0,0,0,0,0,0,0,0,0,0,0,0,0.458,0,0.373,0,0.742,0,0,0.23,0,0,0,0,0,0,0,0,0,0,0,0,0,0,0,0,0,0,0,0.626,0.311,0,0,0,0,0,0,0,0.18,0,0.183,0.173,0,0.269,0.215,0,0.163,0,0,0,0,0,0,0,0.23,0,0,0,0.186,0,0.454,0,0,0,0,0.211,0,0.65,0.169,0.258,0,0,0,0,0,0,0,0,0,0,0,0.161,0.237,0,0,0,0,0,0,0,0,0,0,0,0,0,0,0,0.269,0,0,0,0.258,0,0,0,0,0,0,0,0,0,0,0,0,0.186,0,0,0,0,0,0.269,0,0.269,0,0,0.197,0,0,0,0,0,0,0,0,0,0,0,0,0,0,0,0,0,0,0,0,0,0,0,0,0.276,0,0,0,0,0,0,0,0,0,0,0,0,0,0,0,0,0,0,0,0,0,0,0,0,0,0,0,0,0,0,0,0.223,0,0,0,0,0,0,0,0,0,0,0,0,0,0,0,0.874,0,0,0,0,0,0,0,0,0,0,0,0,0,0,0,0,0,0,0,0,0,0,0,0,0,0,0,0,0,0,0,0,0,0,0,0.191,0,0,0,0,0,0,0,0,0,0,0,0,0,0,0.167,0,0,0,0,0,0,0.183,0,0,0,0,0,0,0,0,0,0,0,0,0,0,0,0,0,0,0,0,0,0,0,0,0,0,0,0,0,0,0,0,0,0,0,0,0,0,0,0,0.327,0,0,0,0,0.183,0,0,0,0,0,0,0,0,0,0,0,0,0,0,0,0.218,0,0,0.173,0,0,0.349,0,0,0,0.162,0,0,0,0,0,0,0,0,0,0,0,0,0,0,0,0,0,0,0,0,0,0,0,0,0,0,0,0,0.223,0,0.192,0,0,0,0,0,0,0,0,0,0,0,0,0,0,0,0,0,0,0,0,0,0,0,0,0,0,0,0,0,0,0,0,0,0,0,0,0,0,0,0,0,0,0,0,0,0,0,0,0,0,0,0,0,0,0.801,0,0,0,0,0,0,0,0,0,0.313,0,0,0,0,0,0.426,0,0,0,0,0,0,0,0,0,0,0,0,0,0,0.292,0,0,0,0,0,0,0.156,0,0,0,0,0,0,0,0,0,0,0,0.211,0,0,0,0,0,0,0,0,0,0,0,0,0,0,0,0,0,0,0,0,0,0,0.181,0,0.651,0,0.6,0,0,0.183,0.251,0,0,0,0,0,0,0,0,0,0,0,0,0,0,0,0,0,0,0,0,0.276,0,0,0.284,0,0,0,0,0,0,0,0,0,0,0,0,0,0,0,0,0,0,0,0,0,0,0,0,0,0,0,0,0,0,0,0,0,0,0,0,0,0,0,0,0,0,0,0,0,0,0,0,0,0,0,0,0.433,0,0,0,0,0.69,0.186,0,0.214,0,0,0,0,0,0,0,0,0,0,0,0,0,0,0,0,0,0,0,0,0,0,0,0,0,0,0,0,0,0,0,0,0,0,0,0,0,0,0,0,0,0,0,0,0,0,0,0,0,0,0,0,0,0,0,0,0,0,0,0,0,0,0,0,0.221,0,0,0,0,0,0,0,0,0,0,0,0,0.223,0,0,0.184,0,0,0,0,0,0,0,0,0,0,0,0,0,0,0,0,0,0,0,0,0,0,0,0,0,0,0,0,0,0,0,0,0,0,0,0,0,0,0,0,0,0,0,0,0,0,0,0,0,0,0,0,0,0,0,0,0,0,0,0,0,0,0,0,0,0,0,0,0,0,0,0,0,0.175,0,0,0,0,0,0.183,0,0,0,0,0,0,0.203,0,0,0,0,0,0,0,0,0,0,0,0,0,0,0,0,0,0,0,0,0,0,0,0,0,0,0,0,0,0.216,0,0,0,0,0,0,0,0,0,0,0,0,0,0,0,0,0,0,0,0,0,0,0.295,0,0,0,0,0,0,0,0,0,0,0,0,0,0,0,0,0,0,0,0,0,0.223,0,0,0,0,0,0,0,0,0,0,0,0,0,0,0,0,0,0,0,0,0,0,0,0,0,0,0,0,0,0,0,0,0,0,0,0,0,0,0,0,0,0,0,0,0,0,0,0,0,0,0,0,0.223,0,0,0,0,0,0,0,0,0,0,0.197,0,0,0,0,0,0,0,0,0,0,0,0,0,0,0,0,0,0,0,0,0,0,0,0,0,0,0,0,0.152,0,0,0.332,0,0,0,0,0,0,0,0,0,0,0,0,0,0,0,0,0,0,0,0,0.203,0,0,0,0,0,0,0,0.19,0,0,0.222,0,0,0,0,0,0,0.36,0,0,0,0,0,0,0,0,0,0,0,0,0,0,0,0,0,0.517,0,0,0,0.517,0,0.183,0,0,0,0.188,0,0,0.311,0,0,0,0,0,0,0.171,0,0,0,0,0,0,0,0,0,0.28,0,0,0,0,0,0.218,0.44,0,0,0,0,0,0,0,0,0,0,0.556,0,0,0,0,0,0,0,0,0,0,0,0,0,0,0,0.474,0,0,0,0,0,0,0,0,0,0.194,0,0,0,0.549,0,0,0,0,0.167,0,0,0,0,0,0,0,0,0,0,0,0,0,0,0.464,0,0,0,0,0,0.173,0,0,0,0,0,0,0,0,0,0,0,0,0,0.227,0,0,0,0,0,0,0,0,0,0,0,0,0.665,0,0,0,0,0,0,0,0,0,0.241,0.995,0.281,0.258,0,0,0.289,0,0,0.226,0,0,0.532,0,0,0,0,0,0,0,0,0,0,0.254,0.332,0.173,0.294,0,0,0,0.339,0,0.214,0,0,0,0,0,0.181,0,0,0,0,0,0,0,0,0.281,0,0,0,0,0.275,0,0,0,0,0.226,0,0,0,0,0.194,0,0.332,0.203,0,0,0,0,0,0,0,0,0,0,0.189,0,0,0,0,0,0,0,0,0,0,0,0,0,0,0,0,0,0,0,0,0,0,0,0,0,0,0,0,0,0,0,0,0,0,0,0,0,0,0.194,0.163,0,0,0,0,0,0,0,0,0,0,0,0,0,0,0.313,0.791,0,0,0,0.183,0,0,0,0,0,0,0.171,0,0,0,0,0,0,0,0,0,0,0.65,0,0,0,0,0,0,0.174,0,0,0,0,0,0,0,0,0,0,0,0,0,0,0,0,0,0,0,0,0,0.183,0,0,0,0,0,0.177,0,0.996,0,0,0,0,0,0,0,0,0.211,0,0,0,0,0,0,0,0,0,0,0,0,0,0,0,0,0,0,0,0,0,0,0,0,0,0,0,0,0,0,0,0,0,0,0,0,0,0,0,0,0,0,0,0,0,0,0,0,0,0,0,0,0,0,0,0,0,0.232,0.616,0,0,0.266,0,0.22,0,0,0.21,0,0,0,0,0,0,0,0,0,0.237,0,0,0,0,0.167,0,0,0,0,0,0.281,0.535,0,0.232,0,0,0,0,0,0,0,0,0,0,0,0,0,0.483,0,0,0,0,0,0,0,0,0,0,0,0,0,0,0,0,0,0,0,0,0,0,0,0,0,0,0,0,0,0,0,0,0,0,0,0,0,0,0,0,0,0.735,0,0,0,0,0,0,0,0,0,0,0,0,0,0,0,0,0,0,0,0,0,0,0,0,0,0.306,0,0,0,0,0,0,0,0,0,0.999,0,0.181,0,0,0,0,0,0,0,0,0,0,0,0,0,0,0,0,0,0,0,0,0,0,0,0,0,0,0,0,0,0,0,0,0,0,0,0,0,0,0,0,0,0,0,0,0,0,0,0,0,0,0,0,0,0,0,0,0,0,0,0,0,0,0,0,0,0,0,0,0,0,0,0,0,0,0,0,0,0,0,0,0,0,0,0,0,0,0,0,0,0,0,0,0,0,0,0,0,0,0,0,0,0,0,0,0.176,0,0,0,0,0,0,0,0,0,0,0,0,0,0,0,0,0,0,0,0,0,0,0,0,0.169,0,0,0,0.398,0,0,0,0,0,0,0,0,0,0,0,0,0,0,0,0,0,0,0,0,0,0,0,0,0,0,0,0,0,0,0,0,0,0,0,0,0,0,0,0,0,0,0,0,0,0,0,0,0,0.188,0,0,0,0,0,0,0,0,0,0,0,0,0,0,0,0,0,0,0,0,0,0,0,0,0,0,0,0,0,0,0.202,0,0,0,0,0,0,0,0,0,0,0,0,0,0,0,0,0,0,0,0,0,0,0,0,0,0,0,0,0,0,0,0,0,0,0,0,0,0,0,0,0,0,0,0,0,0,0,0,0,0,0,0,0,0,0,0,0,0,0,0,0,0,0,0,0,0,0,0,0,0,0,0,0,0,0,0,0,0,0,0,0,0,0,0,0,0,0,0,0,0,0,0,0.223,0,0,0,0,0,0,0,0.223,0,0,0,0,0,0,0,0,0,0,0,0.377,0.188,0,0,0,0,0,0,0,0,0,0,0,0,0,0.301,0,0,0,0,0,0,0,0,0,0,0,0.16,0.258,0.889,0,0,0,0,0,0,0,0,0,0,0,0,0,0,0,0,0,0,0.218,0,0,0,0,0,0,0,0,0,0,0,0,0.301,0.189,0.177,0.195,0,0,0,0,0,0,0,0.246,0,0,0,0,0,0,0,0,0,0,0,0,0,0.185,0.167,0.246,0,0.177,0,0,0,0,0,0,0,0,0,0,0,0,0,0,0.218,0,0,0,0,0,0,0,0,0,0,0,0.207,0,0,0,0,0,0,0.189,0,0,0,0,0,0,0,0,0,0.175,0,0,0.173,0,0,0,0,0,0,0,0,0,0,0,0,0.2,0.225,0,0,0,0,0,0,0,0,0,0,0,0,0,0.182,0.188,0,0,0.512,0,0,0,0.184,0,0,0,0.167,0,0,0,0,0,0,0.299,0,0,0,0,0,0.207,0.177,0,0,0.974,0.316,0,0,0,0,0,0.305,0.219,0,0.177,0.203,0,0,0,0.175,0,0,0,0,0,0,0,0,0,0,0,0,0,0,0.268,0,0,0,0,0,0,0,0,0,0,0,0,0,0,0,0,0,0,0,0,0,0,0,0,0,0,0,0,0,0,0,0,0,0,0,0.197,0,0,0,0,0,0,0,0,0,0,0,0,0,0,0,0,0,0,0,0,0.216,0,0,0,0,0.152,0,0,0,0,0,0,0,0,0,0,0,0,0,0,0,0,0,0,0,0,0,0,0,0,0,0,0,0,0,0,0,0,0,0,0,0,0,0,0,0,0.328,0,0,0,0,0.175,0,0,0,0,0,0.312,0,0,0.344,0,0,0,0,0.281,0,0,0.186,0,0,0.172,0.231,0,0,0,0,0.171,0,0,0,0,0,0,0,0.172,0,0,0,0.172,0,0,0,0.193,0,0,0,0,0.212,0,0,0,0.159,0,0,0,0,0,0,0,0,0.169,0,0,0.809,0,0.318,0,0,0,0,0,0.171,0.151,0,0,0.175,0.172,0,0,0,0,0,0,0,0.153,0.169,0.238,0,0,0,0,0.214,0,0,0,0,0.169,0,0,0,0,0,0,0,0,0,0,0,0,0,0,0,0,0,0,0,0,0,0,0,0,0,0,0,0,0,0,0,0,0,0,0,0,0,0,0,0,0,0,0,0,0,0,0,0,0.171,0,0,0,0,0,0,0,0,0,0,0,0,0,0,0,0,0,0,0,0,0,0,0,0,0,0,0,0,0,0,0,0,0.207,0,0,0,0,0,0,0,0.171,0,0,0,0,0,0.19,0,0,0.365,0,0,0,0,0,0,0,0,0,0,0,0,0,0,0,0,0,0.269,0.348,0,0.157,0.206,0,0,0,0,0,0,0,0,0,0,0,0,0,0,0,0,0,0,0,0,0,0,0,0,0,0,0,0,0,0,0,0,0,0,0,0,0,0.499,0,0,0,0.367,0,0,0,0,0,0,0,0.959,0,0,0,0,0,0,0,0,0.169,0,0,0,0,0.259,0,0,0,0,0,0,0,0.171,0,0,0,0,0,0,0,0,0,0,0,0,0,0,0.563,0.365,0,0,0,0,0.156,0,0,0,0,0,0.305,0,0,0,0,0,0.263,0,0,0,0,0,0,0.165,0,0,0,0.197,0,0,0,0,0,0,0.263,0,0,0,0,0,0,0,0,0,0,0,0,0,0,0,0,0,0,0,0,0,0,0,0.262,0,0,0,0,0,0,0,0,0,0,0,0,0,0,0,0.526,0,0,0,0,0,0,0.558,0,0,0,0,0,0,0,0,0,0,0,0,0,0,0,0,0,0,0,0,0,0.196,0,0,0,0,0,0,0,0,0,0,0,0,0,0,0,0,0,0,0,0,0,0,0,0,0,0,0,0,0,0,0,0,0,0,0,0,0,0,0,0,0,0,0,0,0,0,0.644,0,0,0,0,0,0,0,0,0,0,0,0,0,0,0,0,0,0,0,0,0,0.226,0,0,0,0,0,0,0,0,0,0,0,0,0,0,0,0,0,0,0,0,0,0,0,0,0,0.196,0,0,0,0,0,0,0,0,0,0,0,0,0,0,0,0,0,0,0,0,0,0.171,0,0,0,0,0.337,0,0,0,0,0,0,0,0,0,0,0,0,0,0,0,0,0,0,0,0,0,0.425,0,0,0,0,0,0.313,0,0,0,0,0,0,0,0,0,0,0,0,0,0,0,0,0,0,0,0.294,0.181,0.263,0,0,0,0,0,0,0,0,0,0,0,0,0.263,0,0,0,0,0,0,0,0,0,0,0,0,0,0,0,0,0.295,0,0.23,0,0,0,0,0.295,0,0.802,0,0,0,0,0.88,0.166,0,0,0.624,0,0,0,0.191,0,0,0.248,0,0,0.189,0.249,0,0,0,0.172,0,0,0,0,0,0,0,0,0,0,0,0,0.161,0,0,0,0,0,0,0,0,0,0,0,0,0,0,0,0,0,0,0,0,0,0,0,0,0,0,0,0,0,0,0,0,0,0,0,0,0,0,0,0,0,0,0,0,0,0,0,0,0,0,0,0,0,0,0,0,0,0,0,0,0,0,0,0,0,0,0,0,0,0,0,0,0,0,0,0,0,0,0,0.258,0,0,0,0,0,0,0,0,0,0,0,0,0,0,0,0,0,0,0,0,0,0,0,0,0,0,0,0,0,0,0,0,0,0,0,0,0,0,0,0,0,0,0,0,0,0,0,0,0,0,0,0,0,0,0,0,0,0,0,0,0,0,0,0,0,0,0.22,0,0,0,0,0,0,0,0,0,0,0,0.344,0,0,0,0,0,0,0,0,0,0,0,0,0,0,0,0,0,0,0,0,0,0,0,0,0,0,0,0.22,0,0,0,0,0,0,0,0,0,0,0,0,0,0,0,0,0,0,0,0,0,0,0,0,0,0,0,0,0,0,0,0,0,0,0,0,0.505,0,0,0,0,0,0,0,0,0,0,0,0,0,0,0,0,0,0,0,0,0,0,0,0,0,0,0,0,0,0,0,0,0,0,0,0,0,0,0,0,0,0,0,0,0,0.203,0,0.203,0,0,0,0,0,0,0,0,0,0,0,0,0,0,0,0,0,0,0,0,0,0,0,0,0,0,0,0,0,0,0,0,0,0,0,0,0,0,0,0,0,0,0,0,0,0,0.206,0,0,0.24,0,0,0.791,0,0,0,0,0,0,0.182,0,0,0,0.193,0,0,0,0.166,0,0,0,0,0,0,0,0,0,0,0,0,0,0,0,0,0,0,0,0,0,0,0,0,0,0,0,0,0,0,0,0,0,0,0,0,0,0,0,0,0,0,0.748,0,0,0,0,0,0,0,0,0,0,0,0,0,0,0,0,0,0,0,0,0,0,0,0,0,0,0,0,0,0,0,0,0,0,0,0,0,0,0,0,0,0,0,0,0,0,0.241,0,0,0,0,0,0,0,0,0,0,0,0,0,0,0,0,0,0,0,0,0,0,0,0,0,0,0,0,0,0,0,0,0,0,0,0,0,0,0.186,0,0,0,0,0,0,0,0,0,0,0,0,0,0,0,0,0,0,0,0,0,0,0,0,0,0,0,0,0,0,0,0,0,0,0,0,0,0.848,0,0,0.174,0,0,0,0,0,0,0,0.552,0,0,0,0,0,0,0,0,0,0,0,0,0.193,0,0,0,0,0.194,0,0,0,0,0,0,0,0,0,0,0,0,0,0,0,0,0,0,0,0,0,0,0,0,0,0,0,0
852275,0,0,0,0,0,0,0.279,0,0,0,0,0,0,0,0,0,0,0,0.4,0,0,0,0,0,0,0,0.171,0,0,0,0,0,0,0,0,0,0,0,0,0,0,0,0,0,0,0,0,0,0,0,0.999,0,0,0,0,0,0,0,0.203,0,0,0.48,0.162,0,0,0,0.201,0,0,0.219,0.254,0,0,0,0,0,0,0,0,0,0,0,0.219,0,0,0,0,0,0,0,0,0,0,0,0,0,0,0,0.207,0,0,0,0,0,0.24,0,0,0,0,0,0,0,0,0,0,0,0,0,0,0,0,0,0,0,0,0,0,0,0,0,0,0,0,0,0,0,0,0,0.171,0,0,0,0,0,0,0,0,0,0,0,0,0,0,0,0,0,0.641,0,0,0,0,0,0,0,0,0,0,0,0,0,0,0.226,0,0,0,0,0.256,0,0,0,0,0.195,0,0.519,0,0,0,0,0,0,0,0.239,0,0,0,0,0,0,0,0,0.416,0,0.377,0,0,0,0,0,0,0.163,0,0.782,0,0,0,0,0,0,0,0,0,0,0,0,0,0.309,0,0,0,0,0,0,0,0,0,0.734,0,0,0,0,0,0,0,0,0,0,0,0,0,0.218,0,0.188,0,0,0,0,0.42,0,0,0.215,0,0,0,0,0,0,0,0,0,0,0,0,0,0.48,0,0,0,0,0,0,0,0,0,0,0.19,0,0,0,0.378,0,0,0,0,0,0.348,0,0.384,0.158,0,0,0,0,0,0,0,0.66,0,0.175,0.351,0,0.197,0.323,0,0.642,0,0,0,0,0,0,0,0,0,0,0,0,0,0.203,0,0,0,0.83,0,0,0,0.528,0,0,0.166,0,0,0,0,0,0,0,0.665,0,0,0,0,0,0,0,0,0,0,0,0,0,0,0,0,0,0,0,0,0,0,0,0.195,0,0,0,0,0,0,0,0,0,0.471,0,0,0,0,0,0.159,0,0,0,0,0,0,0.283,0,0,0,0,0,0,0.175,0,0.388,0,0,0,0,0,0,0,0,0,0,0,0.409,0,0,0,0.176,0,0.198,0,0,0,0,0,0,0.173,0,0.414,0,0,0,0,0.181,0,0,0.378,0.239,0,0,0,0,0,0,0,0,0.404,0,0,0,0,0,0,0,0,0,0,0,0,0,0,0,0,0.276,0.169,0,0,0,0,0,0,0,0,0,0,0,0,0,0.153,0,0,0,0,0,0.164,0,0,0,0,0,0,0,0,0.21,0,0.701,0.207,0,0,0,0,0,0,0,0,0,0,0,0,0,0,0,0,0,0,0,0,0,0,0,0,0,0,0,0,0,0.241,0.269,0,0,0.947,0,0,0,0,0,0,0,0,0,0,0,0,0,0.245,0,0,0,0,0,0,0,0.19,0,0,0,0,0.173,0.173,0,0,0,0,0,0,0,0,0,0,0,0,0,0,0,0,0,0,0,0,0,0,0,0,0,0,0,0,0,0,0,0,0,0,0,0,0,0,0,0,0,0,0,0,0.598,0,0,0,0,0,0.171,0.16,0,0,0,0,0,0,0,0,0,0,0.461,0,0,0,0,0,0.229,0,0,0,0,0,0,0,0,0,0,0,0,0,0,0,0,0.517,0,0,0,0.284,0.198,0,0,0,0,0,0,0,0,0,0,0,0,0,0,0,0,0,0,0,0,0,0,0,0,0,0,0,0,0,0,0,0,0,0,0,0,0,0,0,0,0,0,0,0,0,0.177,0,0,0,0,0,0,0,0,0,0,0,0,0,0,0.202,0,0,0,0,0,0,0,0.219,0,0,0,0,0,0,0.558,0,0.505,0,0,0,0,0,0,0,0,0,0.647,0,0,0,0,0,0,0.939,0,0,0,0,0,0,0,0,0,0,0,0,0,0.934,0,0,0,0,0,0,0,0,0,0,0.226,0,0,0,0,0,0,0.177,0,0,0,0,0,0,0.193,0,0,0,0.813,0,0,0,0,0.209,0,0.22,0,0,0,0.173,0.31,0,0,0,0,0,0,0,0.441,0,0,0,0,0,0,0,0,0.633,0,0,0,0,0.263,0,0,0,0,0,0,0,0,0.305,0,0,0,0,0,0,0,0,0,0,0,0.191,0,0.434,0,0.684,0,0,0,0,0,0,0.201,0.243,0,0.181,0,0,0,0,0,0.258,0,0,0,0,0,0,0,0,0,0,0,0,0.158,0.256,0,0,0,0,0,0,0,0.164,0,0,0,0,0.2,0,0,0,0.219,0.227,0,0,0,0,0,0,0,0.766,0,0,0.171,0.514,0,0,0,0,0,0,0,0.162,0,0,0.597,0,0,0,0,0,0,0.297,0,0,0,0,0.169,0,0,0,0,0,0,0,0,0,0,0,0.262,0,0,0,0,0,0,0,0,0,0,0,0,0,0.743,0,0,0,0,0,0,0,0,0,0,0,0,0,0,0,0,0,0,0,0,0,0,0,0,0,0,0,0,0,0,0,0,0,0,0,0.381,0,0,0,0,0,0,0,0,0,0,0,0,0,0,0,0,0,0,0,0,0,0,0,0,0,0,0,0,0,0,0,0,0,0.578,0,0,0.29,0,0,0.229,0,0,0,0,0,0.253,0,0,0,0,0,0,0,0,0,0.237,0,0.263,0,0,0,0,0,0,0,0,0,0,0,0,0,0,0.203,0,0,0.279,0,0,0,0,0,0,0,0,0,0,0,0,0,0.26,0,0,0,0,0.745,0.384,0,0.971,0.31,0.276,0,0,0.681,0,0,0,0,0,0.207,0,0.207,0,0,0,0,0,0.215,0,0,0,0,0,0.257,0,0,0,0.539,0,0,0,0,0,0,0,0,0,0,0,0,0.613,0,0.392,0,0,0,0,0,0,0,0,0,0.664,0.343,0,0,0,0,0,0,0,0,0,0,0,0,0.208,0,0,0,0,0.22,0.158,0,0,0,0,0,0,0,0,0,0,0,0,0,0,0,0,0.174,0,0.306,0,0,0,0,0,0,0,0,0.171,0,0,0,0,0.166,0,0.175,0.168,0.578,0,0,0.222,0,0,0,0,0,0,0,0,0,0,0,0.758,0.258,0.267,0,0,0,0,0,0,0,0,0,0,0.275,0,0.184,0,0.184,0,0,0.158,0,0,0,0,0,0,0,0,0.816,0,0.176,0,0,0,0.396,0,0,0,0,0,0,0,0,0.179,0,0.238,0,0,0,0,0,0,0,0,0,0,0.321,0,0.184,0,0,0,0.248,0,0,0,0,0.827,0,0,0,0,0,0,0,0,0,0,0,0,0,0,0,0,0.158,0.254,0,0,0,0.286,0,0.295,0.201,0.667,0,0.253,0.253,0,0,0,0,0,0,0.489,0,0,0,0.158,0.518,0,0,0.448,0,0,0,0,0,0,0,0,0,0,0.2,0,0,0,0.179,0,0.332,0,0,0.436,0,0,0,0.164,0,0.305,0.753,0.816,0,0,0,0.578,0,0,0.304,0,0,0,0,0.442,0,0,0,0,0,0,0.28,0,0.735,0,0,0,0,0,0,0,0,0,0,0.235,0.629,0,0,0,0,0,0,0,0,0,0,0,0.437,0,0,0,0.18,0.562,0,0,0.219,0,0,0,0,0,0,0,0.357,0,0.265,0,0,0,0.615,0,0,0,0,0.4,0.173,0,0.408,0.48,0,0,0.638,0,0,0,0,0,0.249,0,0,0,0,0,0,0,0,0,0,0.651,0,0,0,0.221,0,0,0,0.21,0,0,0,0,0,0,0,0,0,0,0,0,0.389,0,0,0,0,0,0,0,0,0,0,0,0,0,0.263,0,0,0,0,0.178,0,0.982,0,0,0.612,0,0,0,0.163,0.177,0,0,0.229,0.29,0,0,0.426,0,0,0,0,0.175,0,0,0,0,0.152,0,0,0,0,0.178,0.168,0,0,0,0.681,0,0,0,0,0,0,0,0,0,0,0,0,0,0.506,0,0,0,0,0,0.204,0.181,0,0,0,0,0,0,0,0,0,0,0,0,0,0.436,0,0,0,0,0,0,0,0,0,0,0,0,0,0,0,0,0,0,0,0,0,0,0,0,0,0,0,0,0,0,0,0,0,0,0,0,0,0,0,0,0,0,0,0,0,0,0,0,0,0,0,0,0,0,0,0,0,0,0,0,0,0,0,0,0,0,0,0,0,0,0,0,0,0,0,0,0,0,0,0,0,0,0,0.171,0.172,0.252,0.175,0,0,0,0.264,0,0,0,0,0,0,0,0,0,0,0,0,0,0,0,0.342,0,0,0,0,0,0,0,0,0,0,0,0,0,0,0,0,0,0,0,0,0,0,0,0,0,0,0,0,0.309,0,0,0,0,0,0,0,0,0,0,0,0,0,0,0,0,0,0,0,0,0,0,0,0,0,0,0,0,0,0,0,0,0,0,0,0,0,0,0,0,0,0,0,0,0,0,0,0,0,0,0,0,0,0,0,0.198,0,0,0,0,0,0,0.19,0,0,0,0,0,0,0,0,0,0,0,0,0,0,0,0,0,0,0,0,0,0,0,0,0,0,0,0,0,0,0,0,0,0,0,0,0,0,0,0,0,0,0,0.166,0.605,0,0,0,0.176,0,0,0,0,0,0,0,0.175,0,0,0,0,0,0,0,0,0,0,0,0,0,0,0,0,0,0,0,0,0,0,0,0,0.321,0,0,0,0,0,0,0,0,0,0,0,0,0,0,0,0,0,0,0,0,0,0,0,0,0,0,0,0,0,0,0,0,0.178,0,0,0,0,0,0,0,0,0,0,0,0,0,0,0,0,0,0,0,0,0,0,0,0,0,0,0,0,0,0,0,0,0,0,0,0,0,0,0,0,0,0,0,0,0,0,0,0,0,0,0,0,0,0,0,0,0,0,0,0,0,0,0,0.181,0,0,0,0,0,0,0,0,0,0,0,0,0,0,0.182,0,0,0,0,0,0,0,0,0,0,0,0,0,0,0,0,0.173,0,0,0,0,0,0,0,0,0,0,0,0,0,0,0.276,0,0,0,0,0.158,0,0,0,0,0,0,0,0,0,0,0,0,0,0,0,0,0,0,0,0,0,0,0,0,0,0,0,0,0,0,0,0.195,0,0,0,0,0,0,0,0,0,0,0,0,0,0,0,0,0,0,0,0,0.313,0,0,0,0,0,0,0,0,0,0,0,0,0,0,0,0,0,0,0,0,0,0,0,0,0,0,0,0,0,0,0,0,0,0,0,0,0,0,0,0,0,0,0,0.155,0,0,0,0,0,0,0,0,0,0,0,0,0,0,0,0,0,0,0,0,0,0,0,0,0,0,0,0,0,0,0,0,0,0,0,0,0,0,0,0,0,0,0,0,0,0,0,0,0,0,0,0,0,0,0,0,0,0,0,0,0,0,0,0,0,0,0,0,0,0,0,0,0,0,0,0,0,0,0,0,0,0,0,0,0,0,0,0,0,0,0,0,0,0,0,0,0,0,0,0,0,0,0,0,0,0,0,0.181,0,0,0,0,0,0,0,0.171,0,0,0,0,0,0,0,0,0,0,0,0,0,0,0,0,0,0,0,0,0,0,0,0,0,0,0,0,0,0,0,0,0,0,0,0,0,0,0,0.184,0,0,0,0.362,0,0,0,0.166,0,0,0,0,0,0,0,0,0,0,0,0,0,0,0,0,0,0,0,0,0,0,0,0,0,0,0,0,0,0,0,0,0,0,0,0,0,0,0,0,0,0,0,0,0,0,0,0,0.203,0,0,0,0,0,0,0,0,0,0,0,0,0,0,0,0,0,0,0,0,0,0,0,0,0,0,0,0,0,0,0,0,0,0,0,0,0,0,0,0,0,0,0,0,0,0,0,0,0,0,0,0,0,0,0,0,0.197,0,0,0,0,0,0,0,0,0,0,0,0,0,0,0,0,0,0,0,0,0,0,0,0,0,0,0,0,0.209,0,0,0,0,0,0,0,0,0,0.348,0,0,0,0,0,0,0,0,0,0,0,0,0,0,0,0,0,0,0,0,0,0,0.215,0,0,0,0,0,0,0,0,0,0,0,0,0,0,0,0,0,0,0,0,0,0.209,0,0,0,0,0,0,0,0,0,0,0,0,0,0,0,0.189,0,0,0,0,0,0,0,0,0,0,0,0,0,0,0,0,0,0,0,0,0,0,0,0,0,0,0,0,0,0,0,0,0,0,0,0,0,0,0,0,0,0,0,0,0,0,0,0,0,0,0,0,0,0,0,0,0,0,0,0,0,0,0,0,0,0,0,0,0,0,0,0,0,0,0,0,0,0,0,0,0,0,0,0,0,0,0.539,0,0,0,0,0,0,0,0,0,0,0,0,0,0,0,0,0,0,0.152,0,0.181,0,0,0,0,0,0,0,0,0,0,0,0,0,0,0,0,0,0.299,0,0,0,0,0.258,0,0.186,0,0,0,0,0,0,0,0,0,0,0,0,0,0,0,0,0,0,0,0,0,0,0,0,0,0,0,0,0,0.252,0.224,0,0,0,0,0,0.225,0,0,0,0,0,0,0,0,0,0,0,0,0,0,0,0,0,0,0,0,0,0,0,0,0,0,0.999,0,0,0,0,0.183,0,0,0,0,0,0.175,0,0,0,0.341,0,0,0.181,0,0,0,0,0,0,0,0,0,0,0,0,0,0.307,0.431,0,0,0,0,0,0,0,0,0,0,0,0,0,0,0,0,0,0,0,0,0,0,0,0,0,0,0,0.673,0,0,0,0,0,0,0,0,0,0,0,0,0,0,0,0,0,0,0,0,0,0,0,0,0,0,0,0.174,0,0,0,0,0,0,0,0,0,0,0,0.26,0,0,0,0,0,0,0,0,0,0,0,0,0,0,0,0,0,0,0,0,0,0,0,0,0,0,0,0,0,0,0,0,0,0,0,0,0,0,0,0,0,0,0,0,0,0,0,0,0,0,0,0,0,0,0,0,0,0,0,0,0,0,0,0,0,0,0,0,0,0,0,0,0,0,0,0,0,0,0,0,0,0,0,0,0,0,0,0,0,0,0,0,0,0,0,0,0,0,0,0,0,0,0,0,0,0,0,0,0,0,0,0,0,0,0,0,0,0,0,0,0,0,0,0,0,0,0,0,0,0,0,0,0,0,0.2,0,0,0,0,0,0,0,0,0,0,0,0,0,0,0,0,0,0,0,0,0,0,0,0,0,0,0,0,0,0,0,0,0,0,0,0,0,0,0,0,0,0,0,0,0,0,0,0,0,0,0,0,0,0,0,0,0,0,0,0,0,0,0,0,0,0,0,0,0,0,0,0,0,0,0,0,0,0,0,0,0,0,0,0,0,0,0,0,0,0,0,0,0.447,0,0,0,0,0,0,0,0,0.187,0,0,0,0,0,0,0,0,0,0,0,0,0,0,0,0,0,0,0,0,0.187,0,0,0,0,0,0.261,0,0,0,0,0,0,0,0,0,0,0,0,0,0,0,0,0,0,0,0,0,0,0,0,0,0,0,0,0,0,0,0,0,0,0,0,0,0,0,0,0,0,0,0,0,0,0,0,0,0,0,0,0,0,0,0,0,0,0,0,0,0,0,0,0,0,0,0,0,0,0,0,0,0,0,0,0,0,0,0,0,0,0,0,0,0,0,0,0,0,0,0,0,0,0,0,0,0,0,0.313,0,0,0,0,0,0,0,0,0,0,0,0,0,0,0,0,0,0,0,0,0,0,0,0,0,0,0,0,0,0,0,0,0,0,0,0,0,0,0,0,0,0.182,0,0,0,0,0,0,0,0,0,0,0,0,0,0,0,0,0,0,0,0,0,0,0,0,0,0,0,0,0,0,0,0,0,0,0,0,0,0,0,0,0,0,0,0,0,0,0,0,0,0,0,0,0,0,0,0,0,0,0,0,0,0,0,0,0,0,0,0,0,0,0,0,0,0,0,0,0,0,0,0,0,0,0,0,0,0,0,0,0,0,0,0,0,0,0,0,0,0,0,0,0.666,0,0,0,0,0,0,0,0,0,0,0,0,0,0,0,0,0,0,0,0,0,0,0,0,0,0,0,0,0,0,0,0,0,0,0,0,0,0,0,0,0,0,0,0,0.162,0,0,0,0,0,0,0,0,0,0,0,0,0,0,0,0,0,0,0,0.173,0,0,0,0,0,0.202,0,0,0,0,0,0,0,0,0,0,0,0,0,0,0,0,0,0,0,0,0,0,0,0,0,0,0,0,0,0.173,0,0,0,0,0,0.208,0,0,0,0,0,0,0,0,0,0,0,0,0,0,0,0.215,0,0,0,0,0,0,0,0,0.202,0,0,0,0,0,0,0,0,0,0,0,0,0,0,0,0,0,0,0,0,0,0,0,0,0,0,0,0,0,0,0,0,0,0,0,0,0,0,0,0,0,0,0,0,0,0,0,0,0,0,0,0,0,0,0,0,0,0,0,0,0,0,0,0,0,0,0,0,0,0,0,0,0,0,0,0,0,0,0,0,0,0,0,0,0,0,0,0,0,0,0,0,0,0,0,0,0,0,0,0,0,0,0,0,0,0,0,0,0,0,0,0,0,0,0,0,0,0,0,0,0,0,0,0,0,0,0,0,0,0,0,0,0,0,0,0,0,0,0,0,0,0,0,0,0,0.215,0,0,0,0,0,0,0,0,0,0,0,0,0,0,0,0,0,0,0,0,0,0,0,0,0,0,0,0,0,0,0,0,0,0,0,0,0,0,0,0,0,0,0,0,0,0,0,0,0,0,0,0,0,0,0,0,0,0,0,0,0,0,0,0,0,0,0,0,0,0,0,0,0.704,0,0,0,0,0,0.325,0,0,0,0,0,0,0,0,0,0,0,0,0,0,0,0,0,0,0,0,0,0,0,0,0,0,0,0,0,0,0,0,0,0,0,0,0,0,0,0,0,0,0,0,0,0,0,0,0,0,0,0,0,0,0,0,0,0,0,0,0,0,0,0,0,0,0,0,0,0,0,0,0,0,0,0,0,0,0,0,0,0,0,0,0,0,0,0,0,0,0,0,0,0,0,0,0,0,0,0,0,0,0,0,0,0,0,0,0,0,0,0,0,0,0,0,0,0,0,0,0,0,0,0,0,0,0,0,0,0,0,0,0,0,0,0,0,0,0,0,0,0.56,0,0,0,0,0,0,0,0,0,0,0,0,0,0,0,0,0,0,0,0,0,0.252,0,0,0,0,0,0,0,0,0,0,0,0,0,0,0.412,0,0,0,0,0,0,0,0,0,0,0,0,0,0,0,0,0,0,0,0,0,0,0,0,0,0.175,0,0,0.269,0,0,0,0,0,0,0,0,0,0,0,0,0,0,0,0,0,0,0,0,0,0,0,0,0,0,0,0,0,0,0,0,0,0.185,0,0,0,0,0,0,0,0,0,0,0,0.325,0,0,0,0,0,0,0,0,0,0.363,0,0,0,0,0,0,0,0,0,0,0,0,0,0,0,0,0,0,0,0,0.437,0,0,0,0,0,0,0,0,0,0,0,0.185,0,0,0,0,0,0,0,0,0,0,0,0,0,0,0,0,0,0,0,0,0,0,0,0,0,0,0,0,0,0,0,0,0,0,0,0,0,0,0,0,0,0,0,0,0,0,0,0.152,0,0,0,0,0,0,0,0,0,0,0,0,0,0,0,0,0,0,0.185,0,0,0,0,0,0,0,0,0,0,0,0,0,0,0,0,0,0,0,0,0,0,0,0,0,0,0,0,0,0,0,0,0,0,0,0,0,0,0,0,0,0,0,0,0,0,0,0,0,0,0,0,0,0,0,0,0,0,0,0,0,0,0,0,0,0,0,0,0,0,0,0,0,0.183,0,0.187,0,0,0,0,0,0.177,0,0.342,0,0,0,0,0,0,0,0,0,0,0,0,0,0,0,0,0,0,0,0,0,0,0,0,0,0,0,0.999,0,0,0,0,0,0,0,0,0,0,0,0,0,0,0,0,0,0,0,0,0,0,0,0,0,0,0,0,0,0,0,0,0,0,0.25,0,0,0,0,0,0,0,0,0,0,0,0,0.293,0,0,0,0,0,0,0,0,0,0,0,0,0,0,0,0,0,0,0,0,0,0,0.208,0,0,0,0,0,0,0,0,0,0,0,0,0,0,0,0,0,0,0,0,0,0,0,0,0,0,0,0,0,0,0,0,0,0,0,0,0,0,0,0,0,0,0,0,0,0,0,0,0,0,0,0,0,0,0,0.195,0,0,0,0,0,0,0,0,0,0,0,0,0,0,0,0,0.18,0,0,0.181,0,0,0,0.195,0,0,0,0,0,0,0,0,0,0,0,0,0,0,0,0,0,0,0,0,0,0,0,0
854693,0,0.28,0.554,0,0,0,0.268,0,0.745,0.202,0,0,0,0,0,0.19,0,0.274,0.341,0,0,0,0,0.173,0.223,0,0,0,0,0,0,0,0.992,0,0,0,0,0,0,0,0.185,0.197,0,0,0,0.42,0,0.196,0,0,0,0,0,0,0,0,0,0.179,0,0,0.231,0.202,0.199,0,0.207,0,0,0.208,0,0,0,0,0,0,0,0,0,0,0.249,0,0.64,0,0,0,0,0.274,0,0,0.569,0,0,0,0,0.31,0.223,0,0.173,0.231,0.243,0.263,0,0,0,0.208,0.347,0.223,0.231,0,0,0.513,0,0,0,0,0,0,0,0,0.568,0,0,0,0,0,0,0,0,0,0,0,0.189,0,0.483,0.294,0,0.176,0,0,0,0,0,0,0.28,0,0,0.263,0,0,0,0,0.224,0,0,0.216,0,0.224,0,0,0,0,0,0,0,0.521,0.243,0,0,0.216,0.158,0,0,0,0,0,0,0,0,0.309,0,0.194,0.15,0,0,0,0,0,0,0,0,0,0,0,0,0,0,0,0,0,0,0,0,0,0,0,0,0,0,0,0,0.29,0,0,0.177,0,0,0,0,0,0,0,0,0,0,0,0,0,0,0,0,0,0,0,0,0,0,0,0,0,0,0.271,0,0,0,0.27,0,0,0,0,0,0,0,0,0,0,0,0,0,0,0,0,0,0,0,0.166,0,0,0,0,0,0,0,0,0,0,0,0,0,0,0,0,0,0,0.27,0,0,0,0,0,0,0,0,0,0,0,0,0,0,0,0,0,0,0,0,0,0,0,0,0,0,0,0,0,0,0,0,0,0,0,0,0,0,0,0,0,0,0,0,0,0,0,0,0,0,0,0,0,0,0,0,0,0,0,0,0,0,0.27,0,0,0,0.164,0,0,0,0,0,0,0,0,0,0,0,0,0,0,0,0,0,0,0,0,0,0,0.374,0,0,0,0,0.153,0.18,0,0,0,0,0,0,0,0,0,0,0,0,0,0,0,0,0,0,0,0,0,0,0,0,0,0,0,0,0,0,0,0,0,0,0.35,0,0,0,0,0,0,0,0,0,0,0,0,0,0,0.21,0,0,0,0.155,0,0,0,0,0.191,0.194,0,0,0,0,0,0,0,0,0,0,0,0,0,0.281,0,0,0,0,0,0,0,0,0,0,0,0,0.153,0,0,0,0.188,0,0,0,0,0,0,0,0,0,0,0,0,0,0,0,0.223,0,0,0,0,0,0,0.199,0,0,0,0,0,0,0,0,0.155,0,0,0,0,0,0,0,0,0,0,0,0,0,0,0,0,0,0,0,0,0,0,0,0,0,0,0,0,0,0,0,0,0.311,0,0,0,0,0.207,0,0,0,0,0,0,0,0,0,0,0,0,0,0,0,0,0,0.61,0,0,0,0,0,0,0,0,0,0,0,0.204,0,0,0,0,0,0,0,0,0,0,0,0,0,0,0,0,0,0,0,0,0,0,0,0.27,0,0,0,0,0,0,0,0,0,0,0,0,0,0,0,0,0.207,0,0,0,0,0,0,0,0,0,0,0,0,0,0,0,0,0,0.477,0.178,0,0,0,0,0,0,0,0,0,0,0,0,0,0,0,0,0,0,0,0,0,0,0,0,0,0,0,0,0,0,0,0,0,0,0,0,0,0.164,0,0,0,0,0,0,0,0,0.177,0,0,0,0,0,0,0,0,0,0,0,0,0,0,0,0,0,0,0,0,0,0,0,0,0,0,0,0,0,0,0,0,0,0,0,0.255,0,0,0,0,0,0,0.175,0,0,0,0,0,0,0,0,0,0,0,0,0,0,0,0,0,0,0,0,0,0,0,0,0,0,0,0.195,0,0.167,0,0.161,0,0,0,0,0,0,0,0,0,0,0,0,0,0,0,0,0,0,0,0,0,0,0,0,0.195,0,0,0,0.27,0,0,0,0,0,0,0,0,0,0,0,0,0,0,0,0,0,0,0,0,0,0,0,0.278,0,0,0,0,0.807,0,0,0,0,0,0,0,0,0,0,0,0,0,0,0,0,0,0,0,0.226,0,0,0,0,0,0,0,0,0,0,0,0,0,0,0,0.208,0,0,0,0,0,0,0,0,0,0,0,0,0,0,0,0,0,0,0,0,0,0,0,0.168,0,0,0,0,0,0,0,0,0,0,0,0,0,0,0,0.225,0,0,0,0,0.264,0,0,0,0,0,0,0,0,0,0,0,0,0,0,0,0,0.648,0,0,0,0,0,0,0,0,0,0,0,0,0,0,0,0.314,0,0,0,0,0.162,0,0,0,0,0,0.22,0,0,0,0.19,0,0,0,0.195,0,0,0,0,0,0,0,0,0,0,0,0,0,0,0,0,0,0,0,0,0,0,0,0,0,0,0,0,0,0,0,0,0.261,0,0,0,0,0.635,0,0.171,0,0,0,0,0,0,0,0,0,0,0,0,0,0,0,0,0,0,0,0,0,0,0,0,0,0,0,0,0,0,0,0,0,0,0,0,0,0,0,0,0,0,0,0,0,0,0,0,0.375,0,0,0,0,0.194,0.257,0,0,0,0,0,0,0,0,0,0,0,0,0,0,0,0,0,0,0,0,0,0.263,0.29,0,0.613,0,0,0,0,0,0,0,0,0,0.297,0.171,0,0.152,0,0,0,0,0,0,0,0,0,0.345,0,0,0,0,0,0,0,0,0.305,0,0,0,0,0,0,0.349,0,0,0,0,0,0,0,0,0,0,0,0,0,0,0.35,0,0.304,0,0,0,0,0,0,0,0,0,0,0.163,0.152,0,0,0,0,0,0,0,0.402,0.167,0,0,0.263,0,0,0,0,0,0,0,0,0,0,0,0,0,0,0,0,0,0,0,0,0,0,0,0,0,0,0,0,0,0,0.539,0,0,0,0,0.394,0,0,0,0,0,0.24,0,0,0,0,0,0,0,0,0,0,0,0,0,0,0,0,0,0,0.273,0,0,0,0.263,0,0,0,0,0,0.155,0,0,0,0.165,0,0.413,0,0,0,0,0,0,0,0,0,0,0,0,0,0,0,0,0,0.17,0,0,0,0,0.209,0,0.173,0,0,0,0,0,0.27,0,0,0,0.152,0,0,0,0,0.35,0,0,0,0.797,0,0,0,0.737,0,0.64,0,0,0,0,0,0,0,0,0,0.158,0.217,0,0.346,0,0,0,0,0,0.157,0,0.183,0,0,0,0,0.346,0,0,0,0,0,0.216,0,0,0,0,0,0,0,0,0,0,0,0,0,0,0,0,0,0,0.16,0,0,0,0,0,0,0.198,0,0,0,0.189,0,0,0.248,0,0,0,0,0.167,0,0,0,0,0,0.158,0,0,0,0,0,0,0.216,0,0,0,0,0.418,0,0,0,0,0,0,0,0,0,0,0,0,0,0,0,0.35,0,0,0,0,0,0,0,0,0,0,0.325,0,0,0,0,0,0,0,0,0,0.165,0,0,0,0,0,0,0,0,0.443,0.186,0,0.213,0,0,0,0,0.201,0,0,0,0,0,0,0,0.213,0,0,0,0,0,0,0.315,0,0,0,0,0,0,0,0,0,0.159,0,0,0,0,0,0,0.337,0,0,0,0,0,0,0,0,0,0,0,0,0,0,0,0,0,0,0,0,0,0.269,0,0,0,0,0,0,0,0.213,0,0,0,0,0,0,0.389,0,0,0,0,0,0,0,0.168,0.293,0,0.339,0,0,0,0,0,0,0.155,0,0,0.361,0,0,0,0,0,0,0.239,0,0,0,0,0.286,0,0,0,0.226,0,0.216,0,0,0,0,0,0,0,0,0,0,0,0,0.171,0,0,0,0,0,0,0,0,0.303,0,0,0,0,0,0,0,0,0.153,0,0,0,0,0,0,0.38,0,0,0,0,0,0,0,0.191,0,0,0,0,0,0,0,0.191,0,0,0,0,0,0,0,0,0,0.898,0,0,0,0,0,0,0,0,0,0,0,0,0,0,0,0,0,0.185,0,0,0.24,0,0,0,0,0,0,0,0,0,0,0,0,0,0,0.199,0,0,0,0,0,0,0,0,0,0,0,0,0,0,0,0,0,0,0,0,0,0,0,0,0,0,0,0,0,0,0,0,0,0,0,0,0.167,0,0,0,0,0,0,0,0,0,0,0,0,0,0,0,0,0,0,0,0,0,0,0,0,0,0.33,0,0,0,0,0,0,0,0,0,0,0,0,0,0,0,0,0,0,0,0,0,0,0,0,0,0,0,0,0,0,0,0,0,0,0,0,0,0,0,0,0,0,0,0,0,0,0,0,0,0,0,0,0,0,0,0,0,0,0,0,0,0,0,0,0,0,0,0,0,0,0,0,0,0,0,0,0,0,0,0,0.194,0,0,0,0,0,0,0,0,0,0,0,0,0,0,0,0,0,0,0,0,0,0,0,0,0,0,0,0,0,0,0,0,0,0,0,0,0,0,0,0,0,0,0,0,0,0,0,0,0,0.346,0,0,0,0,0,0,0,0,0,0,0,0,0,0,0,0.192,0,0,0,0,0,0,0,0,0,0,0,0,0,0,0,0,0,0,0,0,0,0,0,0,0,0,0,0,0,0,0,0,0,0,0,0,0,0,0,0,0.299,0,0,0,0,0,0,0,0,0,0,0,0,0,0,0,0,0,0,0,0,0,0,0,0.173,0,0,0,0,0,0,0,0,0,0,0.32,0,0,0,0,0,0,0,0,0,0,0,0,0,0,0,0,0,0.203,0,0,0,0,0,0,0,0,0,0.171,0,0,0.294,0,0,0,0.205,0,0,0,0,0,0,0,0,0,0,0,0,0,0,0,0,0,0,0,0,0,0,0,0,0,0,0,0.163,0,0,0,0,0.852,0,0.157,0,0,0,0,0,0,0,0,0,0,0,0,0,0,0,0,0,0,0,0,0,0,0,0,0,0,0,0.194,0,0,0,0,0,0,0,0,0,0.224,0,0,0,0,0,0,0,0,0,0,0,0,0,0,0,0,0.68,0,0,0,0,0,0,0,0,0,0,0.237,0,0,0,0,0,0.308,0,0,0,0,0,0,0,0,0,0.224,0,0,0,0,0,0,0,0.281,0,0.206,0,0,0,0,0,0,0,0,0,0,0,0,0,0,0,0,0,0,0,0,0,0,0,0,0,0,0,0,0,0,0,0,0,0,0,0,0,0,0,0,0,0,0,0,0,0,0,0,0,0,0,0,0,0.163,0,0,0,0,0,0,0,0.288,0,0,0,0,0,0,0,0,0,0,0,0,0,0,0,0,0,0,0,0,0,0,0,0,0,0,0,0,0,0,0,0,0,0,0,0,0,0,0,0,0,0,0,0,0,0,0,0,0,0,0,0.155,0,0,0,0,0,0,0,0,0,0,0,0,0.27,0,0,0,0,0,0,0,0,0,0,0,0,0,0,0,0,0.229,0,0,0,0,0.169,0,0,0,0,0,0,0,0,0,0,0,0,0,0,0,0,0,0,0,0,0,0,0,0,0,0,0,0,0,0,0,0,0,0,0,0.169,0,0.172,0,0,0,0,0,0,0,0,0,0,0,0,0,0,0,0,0,0,0.169,0,0,0,0,0,0,0,0,0,0,0,0,0,0,0,0,0,0,0,0,0,0,0,0,0,0,0,0,0,0,0,0,0,0.278,0,0,0,0.169,0,0,0,0,0,0,0,0,0,0.174,0,0,0,0,0,0,0,0,0,0,0,0,0,0,0,0,0,0,0,0,0,0.278,0,0,0,0,0,0,0,0,0.515,0,0,0,0.402,0,0,0,0,0,0,0,0,0,0,0,0,0.265,0,0,0,0,0,0,0,0,0,0,0,0,0,0,0,0,0,0,0,0,0,0,0,0,0,0,0,0,0,0,0,0,0,0,0,0,0,0,0,0,0,0,0,0,0,0,0,0,0,0,0,0,0.407,0,0,0,0,0,0.318,0,0,0.173,0,0.173,0,0,0,0,0,0,0,0,0,0,0,0,0,0,0,0,0,0,0.15,0,0,0,0,0,0,0,0,0,0,0,0,0,0,0.28,0,0,0,0,0,0,0,0,0,0,0,0,0,0,0,0,0,0,0,0,0,0.186,0,0,0,0,0,0,0,0,0,0,0,0,0,0,0,0.257,0,0,0,0,0,0,0,0,0,0,0.427,0,0,0,0.204,0,0,0,0,0,0,0,0,0,0,0,0,0,0,0,0,0,0,0,0,0,0,0,0,0,0,0,0,0,0,0,0,0,0,0,0,0,0,0,0,0,0,0.418,0,0,0,0,0,0,0,0,0,0,0,0,0,0,0,0,0,0,0,0.157,0,0,0,0.155,0,0,0,0,0,0,0,0,0,0,0,0.163,0,0,0,0,0.714,0,0,0,0,0,0,0,0.194,0,0,0,0,0,0,0,0,0,0,0,0,0,0,0,0,0,0,0,0,0,0,0,0,0,0.188,0,0.698,0,0,0,0,0,0,0,0.38,0,0,0,0,0,0,0,0,0,0,0.359,0,0,0,0,0,0.281,0,0,0,0,0,0,0,0,0,0.16,0,0,0,0,0,0,0,0,0,0,0,0,0,0,0,0,0,0,0,0,0,0,0,0,0,0,0,0.223,0,0,0,0,0,0,0,0,0,0,0,0,0,0,0.201,0,0,0,0,0,0,0,0,0,0.198,0,0,0,0,0,0,0,0,0,0,0,0,0,0,0,0,0,0,0,0,0,0,0,0,0,0,0,0,0,0,0,0,0,0,0,0,0,0,0,0,0,0,0,0,0,0,0,0,0,0,0.171,0,0,0,0,0,0,0,0,0,0,0,0,0,0,0,0,0,0,0,0,0,0,0,0,0,0,0,0,0,0,0,0,0,0,0,0,0,0,0,0,0,0,0,0,0,0,0,0,0,0,0,0,0,0,0,0,0,0,0,0,0,0,0,0,0,0,0,0,0,0,0,0.168,0,0,0,0,0,0,0,0,0,0,0,0,0,0,0,0,0,0,0,0,0,0,0,0,0,0,0,0,0,0,0,0,0,0,0,0,0,0,0,0,0,0.16,0,0,0,0,0,0,0,0,0,0,0,0,0,0,0,0,0,0,0,0,0,0,0,0,0,0,0,0,0,0,0,0,0,0,0,0,0,0,0.256,0,0,0,0,0,0,0,0,0,0,0,0,0,0,0,0,0.432,0,0,0,0,0.172,0.432,0,0,0.307,0,0,0,0,0.473,0,0,0,0.294,0,0,0,0,0,0,0,0,0,0.2,0,0,0,0.288,0,0.161,0,0,0.198,0,0,0,0,0,0,0,0,0,0.347,0.187,0.198,0,0.191,0,0,0.267,0,0,0.198,0,0,0,0,0,0,0,0,0,0,0.347,0.698,0,0.2,0.171,0,0,0.191,0,0,0,0,0.181,0,0,0.188,0,0,0.172,0,0,0,0,0,0,0.156,0,0,0,0,0,0,0,0,0,0,0,0,0,0,0,0,0,0,0,0,0,0,0,0,0,0.222,0,0,0,0,0,0,0,0.238,0,0,0,0,0,0.22,0.346,0,0,0,0,0,0,0,0,0,0,0,0,0,0,0,0,0,0,0,0,0,0,0,0,0,0,0.311,0,0,0,0.151,0,0,0,0,0,0,0,0,0,0,0,0,0,0,0,0,0,0,0,0,0,0,0,0,0,0,0.182,0,0,0,0,0,0,0,0,0,0,0,0,0,0,0,0,0,0,0,0,0,0,0,0,0,0,0,0,0,0,0,0,0,0,0,0,0,0,0,0,0,0,0,0,0,0,0,0,0,0,0,0,0,0.237,0,0,0,0,0,0,0,0,0,0,0,0,0,0,0,0,0,0,0,0,0,0,0,0,0,0.48,0,0,0,0,0,0,0,0,0.392,0,0,0,0,0,0,0,0,0,0,0,0.244,0,0,0,0,0,0,0,0,0,0.338,0,0,0,0,0,0,0,0,0.298,0,0,0,0,0,0,0,0,0,0,0,0,0,0,0,0,0,0,0,0,0,0,0,0,0,0,0.171,0,0,0,0,0.269,0,0,0,0,0,0,0,0,0,0,0,0,0,0,0,0,0.306,0,0,0,0,0,0,0,0,0,0,0,0,0,0,0,0,0,0,0,0,0.164,0,0,0,0,0,0,0,0,0.177,0,0,0,0,0,0,0,0,0,0,0,0,0,0,0,0,0,0,0,0,0,0,0,0,0,0,0,0,0,0,0,0,0,0,0,0,0,0,0,0,0,0,0.533,0,0,0,0,0,0,0,0,0,0,0,0,0.169,0,0,0,0,0,0,0,0.604,0.158,0,0,0,0,0,0,0,0,0,0,0,0,0,0,0,0,0.322,0,0,0.288,0,0,0,0,0,0,0,0,0,0,0,0,0,0,0,0,0,0,0,0,0,0,0.154,0,0,0,0,0.51,0,0,0,0,0,0,0,0,0,0,0,0,0,0,0,0,0,0,0,0,0,0,0,0,0,0.154,0,0,0,0,0,0.238,0,0,0,0,0,0,0,0,0,0,0,0,0,0,0,0,0,0,0,0,0.23,0,0,0,0,0,0,0,0,0,0,0,0,0,0,0,0.197,0,0.239,0.215,0,0.211,0,0,0,0,0,0,0,0.253,0,0,0.245,0.238,0,0,0,0,0,0,0,0.23,0,0.373,0,0,0,0,0,0,0,0,0,0,0,0,0,0.318,0,0,0.181,0,0,0,0,0.237,0,0,0.235,0,0,0,0,0,0,0,0,0.173,0,0,0,0,0,0,0,0,0,0,0,0,0,0,0,0,0,0,0,0,0,0,0,0,0,0,0,0,0,0,0,0,0.545,0,0,0,0,0,0,0,0,0,0,0,0,0,0,0,0,0,0,0,0,0,0,0,0,0,0,0,0,0,0,0,0,0,0,0,0,0,0,0,0,0,0,0,0,0,0.332,0,0,0.179,0,0,0,0,0,0,0,0,0,0,0,0,0,0,0,0,0,0,0,0,0,0,0,0,0,0,0,0,0,0,0,0,0,0,0,0,0,0,0,0,0,0,0,0,0,0,0,0,0,0,0,0,0,0,0,0,0,0,0,0,0,0,0,0,0,0,0,0,0,0,0,0,0,0,0,0,0,0,0,0,0,0,0,0,0,0,0,0,0,0,0,0,0,0.186,0,0,0,0,0,0,0,0,0,0,0,0,0,0,0,0,0,0,0,0,0,0,0,0,0,0,0,0,0,0,0,0,0,0,0,0,0,0,0,0,0,0,0,0,0,0,0,0,0,0,0,0.171,0,0,0,0,0,0,0,0,0,0,0,0,0,0,0,0,0,0,0,0,0,0,0,0,0,0,0,0,0,0,0,0,0,0,0,0,0,0,0,0,0,0,0,0,0,0,0,0,0,0,0,0,0,0,0,0,0,0,0,0,0,0,0,0,0,0,0,0,0,0,0,0,0,0,0,0,0,0,0,0,0,0,0,0,0,0,0,0,0,0,0,0,0,0,0,0,0,0,0,0,0,0,0,0,0,0,0,0,0,0,0,0,0,0,0,0,0,0,0,0,0,0,0,0,0,0,0,0,0,0,0,0,0,0,0,0,0,0,0,0,0,0,0,0,0,0,0,0,0,0,0,0,0,0,0,0,0,0,0,0,0,0,0,0,0,0,0,0,0,0,0,0.15,0,0,0,0,0,0,0,0,0,0,0,0,0.153,0,0,0,0,0,0,0,0,0,0,0,0.198,0,0,0,0,0,0,0,0,0,0,0,0,0,0,0,0,0,0,0,0,0,0,0,0,0,0,0,0,0,0,0,0,0,0,0,0,0,0,0,0,0,0,0,0,0,0,0,0,0,0,0,0,0,0,0,0,0,0,0,0,0,0,0,0,0,0,0,0,0,0,0,0,0,0,0,0,0,0,0,0,0,0,0.245,0,0,0,0,0.157,0,0,0,0,0,0,0,0,0,0,0,0,0,0,0,0,0,0,0,0,0,0,0,0,0,0.317,0.24,0,0,0,0,0.167,0,0,0,0,0,0,0,0,0,0,0,0,0,0,0,0,0,0,0.235,0,0,0,0.265,0,0,0,0,0,0,0,0,0,0,0,0,0,0,0,0,0,0,0,0,0,0,0,0,0,0,0,0,0,0,0.571,0,0,0,0,0,0,0,0,0,0,0,0.228,0,0,0,0,0,0,0,0,0,0,0,0,0,0,0,0,0,0,0,0,0,0,0,0,0,0,0,0,0,0,0,0,0,0,0,0.231,0,0,0,0,0,0,0,0,0,0,0,0,0,0,0,0,0,0,0,0,0,0,0,0,0,0,0,0,0,0,0,0,0,0,0,0,0,0,0,0,0,0,0,0
856078,0,0,0,0,0,0,0,0,0,0,0,0,0,0,0,0.332,0,0,0,0.717,0,0,0,0,0,0,0,0,0,0,0,0,0,0,0,0,0,0,0,0,0,0,0,0,0,0,0,0,0,0,0,0,0,0,0,0,0,0,0,0,0,0,0,0,0,0,0,0,0,0,0,0,0,0,0,0,0,0,0,0,0,0,0,0,0,0,0,0,0,0,0,0,0,0,0,0,0,0,0,0,0,0,0,0,0,0,0,0,0,0,0,0,0,0,0,0,0,0.165,0,0,0,0,0,0,0,0,0,0,0,0,0,0,0,0,0,0,0,0,0,0,0,0,0,0,0,0,0,0,0,0,0,0,0,0,0,0,0,0,0,0,0,0,0,0,0,0,0,0,0,0,0,0,0,0,0,0,0,0,0,0,0,0,0,0,0,0,0,0,0,0,0,0,0,0,0,0,0,0,0,0,0,0,0.271,0,0,0,0,0,0,0,0,0,0,0,0,0,0.197,0,0,0,0,0,0,0,0,0,0,0,0.152,0,0,0,0,0,0,0,0,0,0,0,0,0,0,0,0,0,0,0,0.767,0,0,0,0,0.236,0,0,0,0,0.396,0,0,0,0,0,0,0,0,0,0,0,0,0,0,0,0,0,0,0,0,0,0,0,0,0,0,0,0,0,0,0,0,0,0,0,0,0,0,0.905,0,0,0,0,0.193,0,0,0,0,0,0,0,0,0,0,0,0,0,0,0,0,0.648,0,0,0,0,0,0,0,0,0,0,0,0,0,0.45,0,0,0,0,0,0,0,0,0,0,0,0,0,0,0,0,0,0,0,0,0,0,0,0,0,0.426,0,0,0,0,0,0,0,0,0,0,0,0,0,0,0,0,0,0,0,0,0,0,0,0,0,0,0,0,0.211,0,0,0,0,0,0,0,0,0,0,0,0,0.813,0,0,0,0,0,0,0,0,0.254,0,0,0,0,0,0,0,0,0,0,0,0,0,0,0,0.587,0.257,0,0,0,0,0,0,0,0,0.293,0,0,0,0,0,0,0,0,0,0,0,0,0,0,0,0,0,0,0,0,0,0,0,0,0,0,0,0,0,0,0.254,0,0,0,0,0,0,0,0,0,0,0,0,0,0,0,0,0,0,0,0,0,0,0,0,0,0,0.337,0.161,0,0,0,0,0,0,0,0,0,0,0,0,0,0,0,0,0,0,0,0,0,0,0,0,0,0,0,0,0,0,0,0,0,0,0.286,0,0,0,0,0,0,0,0.237,0,0,0,0,0,0,0,0,0.226,0,0,0,0,0,0,0,0,0,0.161,0,0,0,0,0,0,0,0.38,0,0,0,0,0,0,0,0,0,0,0,0,0,0,0,0,0.685,0,0,0,0,0,0,0,0,0,0,0,0,0,0,0.664,0,0,0,0,0.395,0,0.193,0,0,0,0,0,0,0,0,0,0.9,0,0,0,0,0,0,0,0,0,0,0,0,0,0,0,0,0,0,0,0,0,0,0,0,0,0,0,0,0,0,0,0,0,0,0,0,0,0,0,0,0,0,0,0,0,0,0,0,0,0,0.533,0,0,0,0,0,0,0,0,0,0,0,0,0,0,0,0,0,0.663,0,0,0,0,0,0,0,0,0,0.226,0,0,0,0,0,0,0,0,0,0,0,0,0,0,0,0.537,0,0,0,0,0,0,0,0,0,0,0,0,0,0,0,0,0,0,0,0,0,0.303,0,0,0,0,0,0,0,0,0,0,0,0,0,0,0,0,0,0,0,0,0,0,0,0,0,0,0,0,0,0,0.34,0,0,0,0,0,0,0,0,0,0,0,0,0,0,0,0,0,0,0,0,0,0,0,0,0,0,0,0,0,0,0,0,0,0,0,0,0,0,0,0,0,0,0,0,0,0,0,0,0,0,0,0,0,0,0,0,0,0,0.199,0,0,0,0,0.172,0,0,0.353,0,0,0.322,0,0,0,0,0,0,0,0.411,0,0,0,0,0,0,0,0,0,0,0,0.297,0,0,0,0,0,0,0,0,0,0,0,0,0,0,0,0,0,0,0,0,0,0,0,0,0,0,0,0,0,0,0,0,0,0.492,0,0.173,0,0,0,0,0,0,0,0,0,0,0,0,0,0,0,0,0,0,0,0.441,0,0,0,0,0,0,0,0.301,0,0,0,0,0,0,0,0,0,0,0,0,0,0,0,0,0,0,0,0,0,0,0,0,0,0,0,0,0,0,0,0,0,0,0,0,0,0,0,0,0,0.437,0,0,0,0,0,0,0,0,0,0,0,0,0,0,0,0,0,0,0,0,0,0,0,0,0,0,0,0,0,0,0,0,0,0,0,0,0,0,0,0,0,0,0,0,0,0,0,0,0,0,0,0,0,0,0,0,0,0,0,0,0,0,0,0,0,0,0,0,0,0.248,0,0,0,0,0,0.311,0,0,0,0.297,0,0,0,0,0,0.566,0,0,0,0,0,0,0,0,0,0,0,0,0,0,0,0,0,0,0,0,0,0,0,0.274,0.162,0,0,0,0,0,0,0,0,0,0,0,0,0,0,0,0,0,0,0,0,0.969,0,0,0,0,0,0,0,0,0,0,0,0,0,0,0,0,0,0,0,0,0,0,0,0,0,0,0,0,0,0,0,0.167,0,0.219,0,0,0,0,0,0,0,0,0,0,0,0,0,0,0,0,0,0,0,0,0,0,0,0,0,0,0,0,0,0,0,0,0,0.536,0,0,0,0,0.215,0,0,0,0,0.307,0,0,0,0,0,0,0,0.153,0,0,0,0,0,0,0,0,0,0,0,0,0,0,0,0,0,0,0,0.297,0,0,0,0,0,0,0,0,0,0,0,0,0,0,0,0,0,0,0,0,0,0,0,0,0,0,0,0,0.301,0.169,0,0,0,0,0,0,0,0,0,0,0,0,0,0,0,0,0,0,0.199,0.25,0,0,0,0,0,0,0,0,0,0,0,0,0,0,0,0,0,0,0,0,0,0,0,0,0,0,0.271,0,0,0,0,0,0,0,0,0,0,0,0,0,0,0,0,0,0,0,0.22,0,0,0,0,0,0,0,0,0,0,0,0,0,0,0,0,0,0,0,0,0.192,0,0,0,0,0,0,0.156,0,0,0,0,0,0,0,0,0,0,0,0,0,0,0,0,0,0,0,0,0,0,0.196,0,0,0,0,0,0,0,0,0,0,0,0,0,0,0,0,0,0,0,0,0,0,0,0,0.202,0,0,0,0,0,0.271,0.165,0,0,0,0,0,0,0,0,0,0,0,0,0,0,0,0,0,0,0,0,0,0,0.236,0,0,0,0,0,0,0,0,0,0,0,0,0,0.442,0,0,0,0,0,0,0,0,0,0,0,0,0,0,0.344,0,0,0,0,0,0,0,0,0,0,0,0,0,0,0,0,0,0,0,0,0,0,0,0,0,0,0,0,0,0,0,0,0,0,0,0,0,0,0,0,0,0,0,0,0,0,0,0,0,0,0,0,0,0,0,0,0,0,0,0,0,0,0,0,0,0,0,0,0,0,0.167,0,0,0,0,0,0,0,0,0,0,0,0,0,0,0,0,0,0,0,0,0,0,0,0,0,0,0,0,0,0.262,0,0,0,0,0,0,0,0,0,0,0,0,0,0,0,0,0,0,0,0,0,0,0,0,0,0,0,0,0,0,0,0,0,0,0.155,0,0,0,0,0,0,0,0,0,0,0,0,0,0,0.258,0,0,0,0,0,0,0,0,0,0,0,0,0,0,0,0,0,0,0,0,0,0,0,0.241,0,0,0,0,0,0,0.433,0,0,0,0,0,0,0,0,0,0,0,0.422,0,0,0,0,0,0,0.248,0,0,0,0,0,0,0,0,0,0,0,0,0,0.685,0.441,0.151,0.914,0.254,0,0,0,0,0,0,0,0,0,0,0.685,0,0,0,0.167,0,0,0,0,0.507,0,0,0,0,0,0,0,0,0,0,0,0,0,0.9,0,0,0,0,0.387,0,0.961,0.363,0,0,0,0,0,0,0,0,0,0,0,0,0,0,0,0,0,0,0,0,0,0,0,0,0,0,0.803,0,0,0,0,0.219,0,0,0,0,0,0.153,0.628,0,0,0,0,0,0,0.455,0,0,0,0,0,0,0,0,0.361,0,0,0,0.38,0,0.901,0,0,0,0,0.871,0,0,0,0,0,0,0,0,0,0.192,0,0,0,0,0,0,0,0,0,0,0,0,0,0,0.405,0,0,0,0,0.756,0,0,0,0,0,0,0,0,0,0,0,0,0.326,0,0,0,0,0,0,0,0,0,0,0,0,0,0,0,0,0,0,0.697,0,0,0,0,0,0,0,0,0,0,0,0,0,0,0,0,0,0,0,0,0,0,0,0.381,0,0,0.288,0,0,0,0,0,0,0,0,0.697,0,0,0,0,0.9,0,0,0,0,0,0.189,0,0.48,0,0,0,0,0,0,0,0,0,0,0,0,0,0,0,0,0,0.167,0,0,0,0,0,0,0,0,0,0,0,0,0,0,0.167,0,0.153,0,0,0,0,0,0,0,0,0,0.538,0,0,0,0,0,0,0,0.167,0,0,0,0,0,0,0,0,0,0,0,0,0,0,0,0,0,0,0,0,0,0,0,0,0,0,0,0,0,0,0,0,0,0,0,0,0,0,0,0,0,0,0,0,0,0,0,0,0,0,0,0,0,0,0,0,0,0,0,0,0,0,0,0,0,0,0,0,0,0,0,0.642,0,0,0,0,0,0,0,0,0,0,0,0,0,0.166,0,0,0,0,0,0,0,0,0,0,0.195,0,0,0,0,0,0,0,0,0,0,0,0,0,0,0,0,0,0,0,0,0,0,0,0,0,0,0,0,0,0,0,0,0,0,0,0,0,0,0,0,0,0,0,0,0,0,0,0,0,0,0,0,0,0,0,0,0,0,0,0,0,0,0,0,0,0,0,0,0,0,0,0,0,0,0,0,0,0,0,0,0,0,0,0,0,0,0,0,0,0,0,0,0,0,0,0,0,0,0,0,0,0,0,0,0,0,0,0,0,0,0,0,0,0,0,0,0,0,0,0,0,0,0,0,0,0,0,0,0,0,0,0,0,0,0,0,0,0,0,0.229,0,0,0,0.473,0,0,0,0,0,0,0,0,0,0,0,0,0,0,0,0,0,0,0,0,0,0,0,0,0,0,0,0,0,0,0,0,0,0,0,0,0,0,0,0,0,0,0,0,0,0,0,0,0,0,0,0,0,0,0,0,0,0,0,0,0,0,0,0,0,0,0,0,0,0,0,0,0,0,0.936,0,0,0,0,0,0,0,0,0,0,0.351,0,0,0,0,0,0,0,0,0,0,0.286,0,0,0,0,0,0,0,0,0.469,0,0,0,0,0,0,0,0,0,0.68,0,0,0,0,0,0,0,0,0,0,0,0,0,0,0,0,0,0,0,0,0,0,0.452,0,0,0.403,0,0,0.597,0,0,0,0,0,0,0,0,0,0,0,0,0,0,0,0,0,0,0,0,0,0,0,0,0,0,0,0,0,0,0,0,0,0,0,0,0,0,0,0,0,0,0.969,0,0.79,0,0,0,0,0,0,0.397,0,0,0,0,0,0,0,0,0,0,0,0,0,0,0,0,0,0,0,0,0,0,0,0.623,0,0,0,0,0,0,0,0,0,0,0,0,0,0,0,0,0,0,0,0,0,0,0,0.303,0,0,0,0,0,0,0,0,0,0,0,0,0,0,0,0,0,0,0,0,0,0,0,0,0,0,0,0,0,0,0,0,0,0,0,0,0,0,0,0,0,0,0,0,0,0,0,0,0,0,0,0,0,0,0,0,0,0,0,0,0,0,0,0,0,0,0.406,0,0,0,0,0,0,0,0,0,0,0,0,0,0,0,0,0,0,0,0,0,0,0,0,0,0,0,0,0,0,0,0,0,0,0,0,0,0,0,0,0,0,0,0,0,0,0,0,0,0,0,0,0,0.159,0,0,0,0,0,0,0,0,0,0,0,0,0,0,0,0,0,0,0,0,0,0,0,0,0,0,0,0,0,0,0,0,0,0,0,0,0,0,0,0,0,0,0,0,0,0,0,0,0,0,0,0,0,0,0,0,0,0,0,0,0,0,0,0,0,0,0,0,0,0,0,0,0,0,0,0,0,0,0,0,0,0,0,0,0,0,0,0,0,0,0,0,0,0,0,0,0,0,0,0,0,0,0,0,0,0,0,0,0,0,0,0,0,0,0,0,0,0.167,0,0,0,0,0,0,0,0,0,0,0,0,0,0,0,0,0,0,0,0,0,0,0,0,0,0,0,0,0,0,0,0,0,0,0,0,0.997,0,0,0,0,0,0.205,0,0,0,0,0.733,0,0,0,0,0,0,0,0,0,0,0,0,0,0,0,0,0,0,0,0,0,0,0,0.485,0,0,0,0,0,0,0,0,0,0,0,0,0,0,0,0,0,0,0,0,0,0,0,0,0,0,0,0,0,0,0,0,0,0,0,0,0,0,0,0,0,0,0,0,0,0,0,0,0,0,0,0,0,0,0,0,0,0,0,0,0,0,0,0,0,0,0,0,0,0,0,0,0,0,0,0,0,0,0,0,0,0,0,0,0,0,0,0,0,0,0,0,0,0,0,0,0,0,0,0.36,0,0,0,0,0,0,0.584,0,0,0,0,0,0,0,0,0,0,0,0,0,0,0,0,0,0.376,0,0,0,0,0,0,0,0,0,0,0,0,0,0,0,0,0,0,0,0.268,0,0,0,0,0,0.4,0,0,0,0,0,0,0.197,0,0,0,0,0,0,0,0,0,0,0,0,0,0,0,0,0,0,0,0,0,0,0,0,0,0,0,0,0,0,0,0,0.349,0,0,0,0,0,0,0,0,0,0,0.445,0,0,0,0,0,0,0,0,0,0,0,0,0,0,0,0,0.212,0,0.397,0,0,0,0,0,0,0,0,0,0,0,0,0,0,0,0,0,0,0,0.163,0,0,0,0,0,0,0,0,0,0,0,0,0,0,0,0,0,0,0,0,0,0,0,0,0,0,0,0,0,0,0,0,0,0,0,0,0,0,0,0,0,0,0,0,0,0,0,0,0,0,0,0,0,0,0,0.165,0,0,0,0,0,0,0,0,0,0,0,0,0,0,0,0,0,0,0,0,0,0,0,0,0,0,0.208,0,0,0,0,0,0,0,0,0,0,0,0,0,0,0,0,0,0.343,0,0,0,0,0,0,0,0,0,0,0,0,0,0,0,0,0,0,0,0,0,0,0,0,0,0,0,0,0,0,0,0,0,0,0,0,0,0,0,0,0,0,0,0,0,0,0,0,0,0,0,0,0,0,0,0,0,0,0,0,0,0,0,0,0,0,0,0,0,0,0,0,0,0,0,0,0,0,0,0,0,0,0,0,0,0,0,0,0,0,0,0,0,0,0,0,0,0,0,0,0,0,0,0,0,0,0,0,0,0,0,0,0,0,0,0,0,0,0,0,0,0,0,0,0,0,0,0,0,0,0,0,0,0,0,0,0,0,0,0,0,0,0,0,0,0,0,0,0,0,0,0,0,0,0,0,0,0,0,0,0,0,0,0,0,0,0,0,0,0,0,0,0,0,0,0,0,0,0,0,0,0,0,0,0,0,0,0,0.29,0,0,0,0,0,0,0,0,0,0,0,0,0,0,0,0,0,0,0,0,0,0,0,0,0,0,0,0.315,0.466,0.485,0.62,0,0.7,0.39,0.264,0,0,0,0,0,0,0,0,0,0,0,0,0,0,0,0,0,0,0,0.371,0,0,0,0,0,0,0,0,0,0,0,0,0,0,0,0,0,0,0,0,0,0,0,0,0,0,0,0,0,0,0,0,0,0,0,0,0,0,0,0,0,0,0,0,0,0.22,0,0,0,0,0,0,0,0,0,0,0,0,0,0,0,0,0,0,0,0,0,0,0,0,0,0,0,0,0,0,0,0,0,0,0,0,0,0,0,0.512,0,0,0,0,0,0,0,0,0,0,0,0,0,0,0,0,0,0,0,0,0,0,0,0,0,0,0,0,0,0,0,0,0,0,0,0,0,0.26,0,0,0,0,0,0,0,0,0,0,0,0,0,0,0,0,0,0,0,0,0,0,0,0,0,0,0,0,0,0,0,0,0,0,0,0,0,0,0,0,0,0,0,0,0,0,0,0,0,0,0,0,0,0,0,0,0,0,0,0,0.171,0,0,0,0,0,0,0,0,0,0,0,0,0,0,0,0,0,0,0,0,0,0,0,0,0,0,0,0,0,0,0,0,0,0,0,0,0,0,0,0,0,0,0,0,0,0,0,0,0.662,0,0,0,0,0,0,0.208,0,0,0,0,0,0,0,0,0,0,0,0,0,0,0,0,0,0,0,0,0,0,0,0,0,0,0,0,0,0,0,0,0,0,0,0,0,0,0,0,0,0,0.255,0,0,0,0,0,0.349,0,0,0,0,0,0,0,0,0,0,0,0,0,0,0,0,0,0,0,0,0,0,0,0,0,0,0,0,0,0,0,0,0,0,0,0,0,0,0,0,0,0,0,0,0,0,0,0,0,0,0,0,0,0,0,0,0,0,0,0,0,0,0,0,0,0,0,0,0.193,0,0,0,0,0,0,0,0,0,0,0,0,0,0,0,0,0,0,0,0,0,0,0,0,0,0,0,0,0,0,0,0,0,0,0,0,0,0,0,0,0,0.224,0,0,0,0,0,0,0,0,0,0,0,0.536,0,0,0,0,0,0.9,0,0,0,0,0,0.39,0,0,0,0,0,0,0.9,0,0,0.659,0,0.156,0,0,0,0,0,0,0,0,0,0.901,0,0,0.841,0,0,0,0,0,0,0,0,0,0,0,0,0,0,0,0,0,0,0,0,0,0,0,0,0,0.907,0,0,0,0,0,0,0,0.9,0,0,0,0,0,0,0,0,0,0,0,0,0,0,0,0,0,0,0,0,0,0,0,0,0,0,0,0,0,0,0,0,0,0,0,0,0,0,0,0,0,0,0,0,0,0,0,0,0,0,0,0,0,0,0,0,0,0,0,0,0,0,0,0,0.359,0,0,0,0,0,0,0,0,0,0,0,0,0,0,0,0,0,0,0,0,0,0,0,0,0,0,0,0,0,0,0,0,0,0,0,0.299,0,0,0,0,0,0,0,0,0,0,0,0,0,0,0,0,0,0,0,0,0,0,0,0,0,0,0,0,0,0,0.296,0,0,0,0,0,0,0,0,0,0,0,0,0,0,0,0,0,0,0,0,0,0,0,0,0,0,0,0,0,0,0,0,0,0,0,0,0,0,0,0,0,0,0,0,0,0,0,0.573,0.394,0,0,0,0,0,0,0,0,0,0,0,0,0.539,0,0,0,0,0,0,0,0,0,0,0,0,0,0,0,0,0,0,0,0,0,0,0,0,0,0,0,0,0,0,0,0,0,0,0,0,0,0,0,0,0,0.309,0,0,0,0,0,0,0,0,0,0,0.39,0,0,0,0,0,0,0,0,0,0,0,0,0,0,0,0,0,0,0,0,0,0,0,0,0,0,0,0,0,0,0,0,0,0,0,0,0,0,0,0,0,0,0,0,0,0,0,0,0,0,0,0,0,0,0,0,0,0,0,0,0.622,0,0,0,0,0,0,0,0,0,0,0,0,0,0.297,0,0,0,0,0,0,0,0,0,0,0,0,0,0,0,0,0,0,0,0.187,0,0,0,0,0,0,0,0,0,0,0,0,0,0,0,0,0,0,0,0.519,0,0,0,0,0,0,0,0,0,0,0.169,0.169,0.29,0,0,0,0,0,0,0,0,0,0,0,0,0,0,0,0,0,0,0,0,0,0,0,0,0,0,0,0,0,0,0,0,0,0,0,0,0,0,0,0,0,0,0,0,0.353,0,0,0,0,0,0,0,0,0,0,0,0,0,0,0,0,0,0,0,0,0,0,0,0,0,0,0,0,0,0,0,0,0,0,0,0,0,0,0,0,0,0,0,0,0,0,0,0,0.199,0,0,0,0,0,0,0,0,0,0,0,0,0,0,0.857,0,0,0,0
852035,0,0,0,0,0,0,0,0,0,0,0,0,0,0,0,0,0.25,0,0,0,0,0,0,0,0,0,0,0,0,0,0,0,0,0,0,0,0,0,0,0,0.198,0,0,0,0,0,0,0.315,0,0,0,0,0,0,0,0,0,0,0,0,0,0,0,0,0,0,0.497,0,0,0,0,0,0,0.275,0,0,0,0.166,0.202,0,0,0,0,0,0,0,0,0,0,0,0,0,0,0,0,0,0,0,0,0,0,0.206,0,0,0,0.25,0,0,0,0,0,0,0,0,0,0,0,0,0,0,0,0,0,0,0,0.208,0,0,0,0,0,0.188,0,0,0,0,0,0,0,0,0,0,0,0,0,0,0,0,0,0.204,0,0,0,0,0,0,0,0.217,0,0,0,0.229,0,0,0,0,0.297,0,0,0,0,0,0,0,0,0,0,0,0,0,0,0,0,0,0,0,0,0,0,0,0,0,0,0,0,0,0,0,0,0.284,0,0,0,0,0,0,0,0,0,0,0,0,0,0,0,0,0,0,0,0,0,0,0,0,0,0,0,0,0,0,0,0,0,0.208,0,0,0,0.156,0,0,0,0,0,0,0,0,0,0,0,0,0,0,0,0,0,0,0,0,0,0,0,0,0,0,0,0,0,0,0,0,0,0,0,0,0,0,0,0,0,0,0,0,0,0,0,0,0,0,0,0,0,0,0,0,0,0,0,0,0,0,0,0,0,0,0,0,0,0,0,0,0,0,0,0,0,0,0,0,0,0,0,0,0,0,0,0,0,0,0,0,0,0,0,0,0,0,0,0,0,0,0.161,0,0,0,0,0,0,0,0.256,0,0,0,0,0,0,0,0,0,0,0,0,0,0,0,0,0,0,0,0,0,0,0,0,0,0,0,0,0,0,0,0,0,0,0,0,0,0,0,0,0,0,0,0,0,0,0.336,0,0,0,0,0,0,0,0,0,0,0,0,0,0,0,0,0,0,0,0.221,0,0,0,0,0,0,0,0,0,0,0,0,0,0,0,0,0,0,0,0,0,0,0,0,0,0,0,0,0,0,0,0,0,0,0,0,0,0,0,0,0,0,0,0,0,0,0,0,0,0,0,0,0,0,0,0,0,0,0,0.185,0,0,0,0,0,0,0,0.224,0,0,0,0,0,0,0,0,0,0,0,0,0,0,0,0,0,0,0,0.268,0,0,0,0,0,0,0,0,0,0,0,0,0,0,0,0,0,0,0,0,0,0,0,0,0,0,0,0,0,0,0,0,0,0,0,0,0,0,0,0,0,0,0,0,0,0,0,0,0,0,0,0,0,0,0,0.181,0,0,0,0,0,0,0,0,0,0,0,0,0,0,0,0,0,0,0,0,0,0,0,0,0,0,0,0,0,0,0,0,0.171,0,0,0,0,0,0,0,0,0,0,0,0,0,0,0,0,0,0,0,0,0,0,0,0,0,0,0,0,0,0,0,0,0,0,0,0,0.47,0,0,0,0,0,0,0,0,0,0,0,0,0,0,0,0,0,0,0,0,0,0,0,0,0,0,0,0,0,0,0,0,0,0,0,0,0,0,0,0,0,0,0,0,0,0,0,0,0,0,0,0,0,0,0,0,0,0,0,0,0,0,0,0,0,0,0,0,0,0,0.185,0,0,0,0,0,0,0,0,0,0,0,0,0,0,0,0,0,0,0,0,0,0,0,0,0,0,0,0,0,0,0,0,0,0,0,0,0,0,0,0,0,0,0,0,0,0,0,0,0,0,0,0,0,0,0,0,0,0,0,0,0,0,0,0,0,0,0,0,0,0,0,0,0,0,0,0,0,0,0,0,0,0,0,0,0,0,0,0,0,0,0,0,0.181,0,0,0,0,0,0,0,0,0,0,0,0.223,0,0,0,0,0,0,0.212,0,0,0,0,0,0,0,0,0,0,0,0.196,0,0,0,0,0,0,0,0,0,0,0,0,0,0.185,0,0,0,0,0,0,0,0,0,0,0,0,0,0,0,0,0.21,0,0,0,0,0,0,0,0,0,0,0,0,0,0,0,0,0,0,0,0,0,0,0,0,0,0,0,0,0.581,0,0,0,0,0,0,0,0,0,0,0,0,0,0.185,0,0,0,0,0,0,0,0,0,0,0,0,0,0,0,0,0,0,0,0,0,0,0,0,0,0,0,0,0,0,0,0,0,0,0,0,0,0,0,0,0,0,0,0,0,0,0,0,0,0,0.161,0,0,0,0,0.171,0,0,0,0,0,0,0,0,0,0,0,0,0,0,0,0,0,0,0,0.167,0,0,0,0,0,0.168,0,0,0,0,0,0,0,0,0,0,0,0,0,0,0,0,0,0,0,0,0,0,0,0,0,0,0,0,0,0,0,0,0,0,0,0,0,0,0,0,0,0,0,0,0,0,0,0,0,0,0,0,0,0,0,0,0,0,0,0.181,0,0,0,0,0,0,0,0,0,0,0,0,0,0,0,0,0,0,0,0,0,0,0,0,0,0,0,0,0,0,0,0,0,0,0,0,0,0,0,0,0,0,0,0,0,0,0,0,0,0,0,0,0,0,0,0,0,0,0.446,0,0,0,0,0,0,0,0,0,0,0,0,0,0,0,0,0,0,0,0,0,0,0,0,0,0,0,0,0,0,0,0,0,0,0,0,0,0.244,0,0,0,0,0,0,0,0,0,0,0,0,0,0,0,0,0,0,0,0,0,0,0,0,0,0,0,0,0,0,0,0,0,0.173,0,0,0,0,0,0,0,0,0,0,0,0,0,0,0,0,0,0,0,0,0,0,0,0,0,0,0,0,0,0,0,0,0,0,0,0,0,0,0,0,0,0,0,0,0,0,0,0,0,0,0,0,0,0,0,0,0,0,0,0,0,0,0,0,0,0,0,0,0,0,0,0,0,0,0,0,0,0,0,0,0,0,0,0,0,0,0,0,0,0,0,0,0,0,0,0,0,0,0,0,0,0,0,0,0,0,0,0,0,0,0,0,0,0,0,0,0,0,0,0,0,0,0,0,0,0,0,0,0,0,0,0,0,0,0,0,0,0,0,0,0,0,0,0,0,0,0,0,0,0,0,0.48,0,0,0,0,0,0,0,0,0,0,0,0,0,0,0,0,0,0,0,0,0,0,0,0,0,0,0,0,0,0,0,0,0,0,0,0,0,0,0,0,0,0,0,0,0,0,0,0,0,0,0,0,0,0,0,0.394,0,0,0,0,0.173,0,0,0,0,0,0,0,0,0,0,0,0,0.466,0,0,0,0,0,0,0,0,0,0.241,0,0,0,0,0.183,0,0,0.181,0,0,0,0,0,0,0,0,0,0,0,0,0,0,0,0,0,0,0,0,0,0,0,0,0,0,0,0,0,0,0,0,0,0,0,0,0,0,0,0,0,0,0,0,0,0,0,0,0,0,0,0,0,0,0,0,0.481,0,0,0,0,0.181,0,0,0,0,0,0,0,0,0,0,0,0,0.17,0,0,0,0,0,0,0,0,0,0,0,0,0,0,0,0,0,0.258,0,0.448,0,0,0,0,0,0,0,0,0,0,0,0,0,0,0,0,0,0,0,0,0,0,0,0,0,0,0,0,0,0,0,0,0,0,0.254,0,0,0,0,0,0,0,0,0.516,0,0,0,0,0,0,0,0,0,0,0,0.798,0,0.286,0.205,0,0,0,0,0.367,0.542,0.871,0,0,0.243,0,0,0,0,0,0,0,0,0,0,0,0,0.781,0,0,0,0,0,0.424,0,0.198,0,0.384,0.99,0,0,0.165,0,0,0.628,0.774,0,0,0,0.609,0,0,0,0,0,0,0,0,0,0,0,0,0,0,0.242,0,0,0,0,0,0,0,0,0,0,0,0,0,0,0,0,0,0,0,0,0,0,0,0,0,0,0,0,0,0,0,0,0,0,0,0,0,0,0,0,0,0,0,0,0,0,0,0,0.225,0,0,0,0.172,0,0.158,0,0,0,0,0,0,0,0,0,0,0,0,0,0,0,0,0,0,0.236,0,0,0,0,0,0,0,0,0,0,0,0,0,0,0,0,0,0,0,0,0,0,0,0,0,0,0,0,0,0,0,0,0,0,0,0,0,0,0,0,0,0,0,0,0,0,0,0,0,0,0,0,0,0,0,0,0,0,0,0,0,0,0,0,0.297,0.195,0,0,0,0,0,0,0,0,0.539,0,0,0,0,0,0,0,0,0.309,0,0,0,0,0.191,0,0,0,0,0,0,0,0,0,0,0,0,0,0,0,0,0,0,0,0,0,0,0,0,0,0,0,0,0,0,0,0,0,0,0,0,0,0,0,0,0,0,0,0,0,0,0,0,0,0,0,0,0,0,0,0,0,0,0,0,0,0,0,0,0,0,0,0,0,0,0,0,0,0,0,0,0,0,0,0,0,0,0,0,0,0,0,0,0,0.181,0,0,0,0,0,0,0,0,0,0,0,0,0,0,0,0,0,0,0.256,0,0,0,0,0,0,0,0,0,0,0,0,0,0,0,0.181,0,0,0,0,0,0,0,0,0.759,0,0,0,0,0,0.236,0,0.23,0,0,0,0,0,0,0,0,0,0,0,0,0,0,0.163,0,0,0,0,0,0,0,0,0,0,0,0,0,0,0,0,0,0,0,0,0,0,0,0,0,0,0,0,0,0,0,0,0,0,0,0.21,0,0,0,0,0,0,0.168,0,0,0,0,0,0,0,0,0,0,0,0,0,0,0,0,0,0,0,0,0,0,0,0,0,0,0,0,0,0,0,0,0,0,0,0,0,0,0,0,0,0.227,0,0,0,0,0,0,0,0.217,0,0,0,0,0,0,0,0,0,0,0,0,0,0,0,0,0,0,0,0,0,0,0,0,0.266,0,0,0,0,0,0,0,0,0,0,0,0,0,0,0,0,0,0,0,0,0,0,0,0,0,0.485,0,0,0,0.211,0,0,0,0,0,0.151,0,0,0,0,0,0,0,0.445,0,0,0,0.163,0,0,0.618,0,0,0,0,0,0,0,0,0,0,0,0,0,0,0,0,0,0,0,0,0,0,0,0,0,0,0,0,0,0,0,0,0,0,0,0,0,0,0,0,0,0,0,0,0,0,0,0,0,0,0,0,0,0,0.297,0,0,0,0,0,0,0,0,0,0,0,0,0,0,0,0,0,0,0,0,0,0,0,0,0,0,0,0,0,0,0,0,0,0,0,0,0,0,0,0,0,0,0,0,0,0,0,0,0,0,0,0,0,0,0,0,0,0,0,0.256,0,0,0,0,0,0,0,0,0,0,0,0,0,0,0,0,0,0,0,0.202,0.396,0,0,0,0,0,0,0,0,0,0,0,0,0,0,0,0,0,0,0,0,0,0,0,0.378,0,0,0,0,0,0,0,0.15,0,0,0,0,0,0,0,0,0,0,0,0,0,0,0,0,0,0,0,0,0,0,0,0,0,0,0,0,0,0,0,0,0,0,0,0,0,0,0,0,0,0,0,0,0,0,0,0,0,0,0,0,0,0.167,0,0,0,0,0,0,0,0,0,0,0.214,0.282,0,0,0,0,0,0,0,0,0,0,0,0,0,0,0,0,0,0,0,0,0,0,0,0,0,0,0,0,0,0,0,0,0,0,0.164,0.238,0,0,0,0.366,0,0,0,0,0,0,0,0,0,0,0,0,0,0,0,0.226,0.195,0,0,0.25,0,0,0,0,0,0,0,0.422,0,0,0.27,0,0,0.157,0.259,0,0,0,0,0,0,0,0,0,0,0,0.269,0,0,0.51,0,0,0,0,0,0.166,0,0,0,0,0,0,0.439,0,0,0,0,0,0,0.573,0,0.802,0,0,0,0,0,0,0,0,0,0,0,0,0,0,0.16,0,0,0,0,0,0,0,0,0,0,0,0,0,0,0,0,0,0,0,0,0,0,0,0.278,0,0,0.511,0,0.332,0,0,0,0,0,0,0,0,0,0,0.158,0,0,0,0,0,0,0,0,0,0,0,0,0,0,0,0,0,0,0,0,0,0,0,0,0,0,0,0,0,0,0,0,0,0,0,0.576,0,0,0.195,0,0,0,0,0,0,0,0,0,0,0,0,0,0,0,0.313,0,0,0,0,0,0,0,0.311,0,0,0,0,0,0,0,0,0,0,0,0,0,0,0,0,0,0,0,0,0,0,0,0,0,0,0,0,0,0,0.317,0,0,0,0.172,0,0,0,0,0,0,0,0,0.16,0,0,0.299,0,0,0,0,0,0,0,0,0,0,0,0,0,0,0,0,0,0,0,0,0,0,0,0,0,0,0,0,0,0,0,0,0,0,0,0,0,0,0,0,0,0,0,0,0,0,0,0,0,0,0,0,0,0,0,0,0,0,0,0,0,0,0,0,0,0,0,0,0,0,0,0,0,0,0,0,0,0,0,0,0,0,0,0,0,0,0,0,0,0,0,0,0,0,0,0,0,0,0,0,0,0,0,0,0,0,0,0,0,0,0,0,0,0,0,0,0,0,0,0,0,0,0,0,0,0,0,0,0,0,0,0,0,0,0,0,0,0,0,0,0,0,0,0,0,0,0,0,0,0,0,0.242,0,0,0,0,0,0,0,0,0,0,0,0,0,0,0,0,0,0,0,0,0,0,0,0,0,0,0,0,0,0,0,0,0,0.203,0,0,0,0,0,0,0,0,0,0,0,0,0,0,0,0,0,0,0,0,0,0,0,0,0,0,0,0,0,0,0,0,0,0,0,0,0,0,0,0,0,0,0,0,0,0,0,0,0,0,0,0,0,0,0,0,0,0,0,0,0,0,0,0,0,0,0,0,0,0,0,0,0,0,0,0,0,0,0,0,0,0,0,0,0,0,0,0,0,0,0,0,0,0,0,0,0,0,0.34,0,0,0,0.196,0,0,0,0,0,0,0,0,0,0,0,0,0,0,0,0,0,0,0,0,0.264,0,0,0,0,0,0,0,0,0,0,0,0,0,0,0,0,0,0,0.162,0.198,0,0,0,0,0.217,0,0,0,0,0,0.374,0,0,0,0,0,0,0,0,0,0,0,0,0,0,0,0,0,0,0,0,0,0,0,0,0,0.331,0,0,0,0,0.263,0,0,0,0,0,0,0,0,0,0,0,0,0,0,0,0,0.173,0,0,0,0,0,0,0,0,0,0.396,0,0,0,0,0,0,0,0,0,0,0,0,0,0,0,0,0,0,0,0,0,0,0,0,0,0,0,0,0,0,0,0,0,0,0,0,0,0,0,0,0,0,0,0.163,0,0,0,0,0,0,0,0,0,0,0,0,0,0,0,0,0,0,0,0,0,0,0,0,0,0,0,0,0,0,0,0.313,0,0,0,0,0,0,0,0,0,0,0,0,0,0,0,0,0,0,0,0,0,0,0,0,0,0,0,0,0,0,0,0,0,0,0,0,0,0.298,0,0,0,0,0,0,0,0,0.322,0.359,0,0,0,0.443,0,0,0.169,0,0,0.168,0,0,0,0,0,0,0,0,0,0,0,0,0,0,0,0,0.689,0,0,0.273,0.204,0,0,0,0,0,0,0,0,0,0,0,0,0,0,0,0,0,0,0,0,0,0,0,0,0,0,0,0,0,0,0,0,0,0,0,0,0,0,0,0,0,0,0,0,0,0,0,0,0,0,0,0.163,0,0,0.29,0,0,0,0,0,0,0,0,0,0,0,0,0,0,0,0,0,0,0,0,0,0,0,0,0,0,0,0,0,0,0,0,0,0,0,0,0,0,0,0,0,0,0,0,0,0,0,0,0,0,0,0,0,0,0,0,0,0,0,0,0,0,0,0,0,0,0,0,0,0,0,0,0,0,0,0.151,0,0,0,0,0,0,0,0,0,0.288,0.267,0,0,0,0,0,0,0,0,0,0,0,0,0.271,0,0,0,0,0,0,0,0,0,0,0,0,0,0.162,0,0,0,0,0,0,0,0,0,0,0,0,0,0,0,0,0,0,0,0,0,0,0,0,0.154,0,0,0,0,0,0,0,0.37,0,0,0,0,0,0.159,0,0,0,0,0,0,0,0,0,0,0,0,0.162,0,0,0,0,0.164,0,0,0,0,0,0,0,0,0,0.509,0,0,0,0,0,0,0,0,0.162,0,0,0,0,0,0,0,0,0,0,0,0,0,0,0,0,0,0,0,0,0,0,0,0,0,0,0,0,0,0,0,0,0.178,0,0,0.334,0,0,0,0,0,0,0,0,0,0,0,0,0,0,0,0,0.163,0,0,0,0,0,0,0,0,0,0,0,0,0,0,0,0,0.335,0,0,0.161,0,0,0,0,0,0,0,0,0,0,0,0,0,0,0,0,0,0,0,0,0,0,0,0,0,0,0,0,0.276,0,0,0,0,0,0,0,0,0,0,0,0,0,0,0,0,0,0,0,0,0,0,0,0,0,0,0,0,0,0,0,0,0,0,0,0,0,0,0,0,0,0,0,0,0,0,0,0,0,0,0,0,0,0,0,0,0,0,0,0,0,0,0,0,0,0,0,0,0,0,0,0,0,0,0,0,0,0,0,0,0.16,0,0,0,0,0,0,0,0,0.192,0,0,0,0,0,0,0,0,0,0,0,0,0,0,0,0,0,0,0,0,0,0,0,0,0,0,0,0,0,0,0,0,0,0,0,0,0,0,0,0,0,0,0,0,0,0,0,0,0,0,0,0,0,0,0,0,0,0,0,0,0,0,0,0,0,0,0,0,0,0,0,0,0,0,0,0,0,0,0,0,0,0,0,0,0,0,0,0,0,0,0,0,0,0,0,0,0,0,0,0.467,0,0,0,0,0,0,0,0,0,0,0,0,0,0,0,0,0,0,0,0,0,0,0,0,0,0,0,0,0,0,0,0,0,0,0,0,0,0,0,0,0,0,0,0,0,0,0,0,0,0.301,0,0,0,0,0,0,0.461,0,0,0,0,0,0.282,0,0,0,0,0,0,0,0,0,0,0,0.297,0,0,0,0,0,0,0,0,0,0,0,0,0,0,0,0,0,0,0,0.269,0,0.299,0,0.269,0,0,0,0,0,0,0,0,0,0,0,0,0,0,0,0,0,0,0,0,0,0,0.193,0,0,0,0,0,0,0,0,0,0,0,0.24,0,0.151,0,0,0,0,0,0,0,0,0,0.279,0,0,0,0.209,0,0,0,0.174,0,0,0,0,0,0,0,0,0,0.883,0,0,0,0,0,0,0.828,0.477,0,0.448,0,0,0,0,0,0,0,0,0,0,0,0,0,0,0,0,0,0,0,0,0.177,0,0,0,0,0,0,0,0,0,0,0,0,0,0,0,0,0,0,0,0,0,0,0,0,0,0,0,0,0,0,0,0,0,0,0,0,0,0,0,0,0,0,0,0,0,0,0,0,0,0,0,0,0,0,0,0,0,0,0,0,0,0,0,0,0,0,0,0,0,0,0.162,0,0,0,0,0,0,0,0,0,0,0,0,0,0,0,0,0,0,0,0,0,0,0,0,0,0,0,0,0,0,0,0,0,0,0,0,0,0,0,0,0,0,0,0,0,0,0,0,0,0,0,0,0,0,0,0,0,0,0,0,0,0,0,0,0,0,0,0,0,0,0,0,0,0,0,0,0,0,0,0,0,0.197,0,0,0,0,0,0.537,0.31,0,0,0.301,0.202,0,0,0,0,0.333,0,0,0,0,0,0,0,0,0,0,0,0,0,0,0,0,0,0,0,0,0,0,0,0,0.552,0,0,0,0,0,0,0,0,0,0,0,0,0,0,0,0,0,0,0,0.231,0,0,0,0,0,0.278,0,0,0,0,0,0,0,0,0,0,0,0,0,0,0,0,0,0.462,0,0,0,0,0,0,0,0,0,0,0,0,0,0,0,0,0,0,0,0,0,0,0,0,0,0,0,0,0,0,0,0,0,0,0,0,0,0,0,0,0,0,0,0,0,0,0,0,0,0,0,0,0,0,0,0,0,0,0,0,0,0,0,0,0,0.159,0,0,0,0,0,0.264,0,0,0,0,0,0,0,0,0,0,0,0,0,0,0,0,0,0,0,0,0,0,0,0,0,0,0,0,0,0,0,0,0,0,0,0,0,0,0,0,0,0,0,0,0,0,0,0,0
855787,0.153,0,0,0,0,0,0.207,0,0.21,0,0,0,0,0,0,0,0,0,0,0.316,0,0,0.297,0,0.179,0,0,0,0,0,0,0,0.155,0,0,0,0,0,0,0,0,0,0,0,0.19,0.304,0,0,0.25,0,0.307,0.261,0,0,0,0,0,0,0,0,0,0,0,0,0,0,0.349,0,0,0,0,0.36,0,0,0,0.18,0,0,0,0,0,0,0,0,0,0,0,0,0,0,0,0,0,0,0,0,0,0.179,0,0,0,0,0.185,0,0,0,0,0,0,0,0,0,0,0,0,0,0,0.526,0,0.294,0,0.347,0.26,0,0,0,0,0.183,0,0,0.152,0,0,0.183,0,0.213,0.249,0,0,0,0.284,0.153,0.269,0,0,0.187,0,0,0,0,0,0,0,0,0,0.336,0,0,0,0,0,0,0,0,0,0,0,0.799,0,0.344,0,0,0,0,0,0.15,0,0,0,0,0,0.226,0,0,0,0,0,0,0,0,0.29,0.328,0,0,0,0.256,0,0,0,0,0,0.316,0,0,0,0,0,0,0,0,0,0,0,0.257,0.185,0,0,0,0,0,0.327,0,0,0,0,0,0,0,0,0,0,0,0,0,0,0.214,0,0,0,0,0,0,0,0.159,0,0,0,0,0,0,0,0,0,0,0,0,0,0,0,0,0,0,0,0,0.5,0,0,0,0,0,0,0,0,0,0,0,0,0,0,0,0,0,0,0,0,0,0,0.645,0,0,0,0,0,0,0,0,0,0.175,0,0,0.612,0,0,0,0,0,0.199,0,0,0.261,0,0,0,0,0,0,0,0,0,0.317,0,0,0,0,0,0.232,0,0.29,0,0,0.255,0,0,0.163,0,0.176,0,0,0.166,0,0.178,0,0,0,0,0.158,0,0,0,0,0.166,0,0,0,0,0,0,0,0,0,0,0,0,0,0,0.217,0,0,0.153,0,0.204,0,0,0,0,0,0,0,0,0,0,0,0,0.276,0,0,0,0,0.327,0,0.157,0,0,0.299,0,0,0,0,0.166,0,0,0,0.151,0,0,0,0,0,0,0,0,0,0,0.231,0,0,0,0,0,0.359,0,0,0,0.209,0,0.601,0,0,0,0.159,0,0,0,0,0,0,0,0,0.16,0,0,0,0,0,0,0,0,0,0,0,0,0,0,0.181,0,0,0,0.283,0,0,0,0,0,0,0,0,0,0,0,0,0,0,0,0,0,0,0,0,0,0,0,0,0,0,0,0,0,0,0,0,0,0.757,0,0,0,0,0,0,0,0,0,0,0,0,0,0,0,0,0,0,0,0,0.215,0.312,0,0,0.343,0,0,0,0,0,0,0,0,0,0,0,0,0,0,0.27,0,0,0,0,0,0,0.19,0,0.158,0,0,0,0,0,0,0,0,0,0,0,0,0,0,0,0,0.589,0,0,0,0,0,0,0,0.461,0,0,0,0,0,0,0,0.177,0,0,0,0,0,0,0,0,0.648,0,0,0,0,0,0.173,0,0,0,0,0.192,0,0,0,0,0,0.201,0,0,0,0.471,0,0.199,0.363,0,0,0,0,0,0,0,0,0,0,0.33,0,0,0,0,0,0,0.182,0,0,0.311,0,0,0,0,0,0,0,0,0,0,0,0,0,0.15,0,0,0,0,0,0,0.309,0,0,0,0,0,0,0,0,0,0,0.397,0,0,0,0,0,0,0,0,0,0.2,0,0,0,0,0,0,0,0,0,0,0,0,0,0,0,0,0.797,0,0,0,0,0,0,0,0,0,0,0,0,0,0,0,0,0,0.31,0,0,0.204,0,0,0,0.254,0,0,0,0,0.422,0.368,0,0,0,0,0,0,0,0,0.296,0,0,0,0,0,0.251,0,0,0.648,0,0,0,0,0,0,0,0,0,0,0,0,0.173,0,0,0,0.239,0,0,0,0.542,0,0,0,0,0,0,0,0,0,0,0,0,0,0,0,0,0,0,0,0,0,0,0,0,0.253,0,0.466,0,0,0,0,0,0,0,0,0,0,0,0,0,0,0,0,0,0,0,0,0.237,0,0,0,0,0,0,0.207,0,0,0.218,0,0,0,0,0,0,0,0,0,0,0,0,0,0,0,0,0,0,0,0,0,0.786,0,0,0,0,0,0,0,0,0,0,0.294,0,0,0,0,0,0,0,0,0,0,0,0,0,0,0,0,0,0,0,0,0,0,0,0,0,0,0,0,0,0,0,0,0,0,0,0,0,0,0,0,0,0,0,0,0,0,0,0,0,0.42,0,0,0,0,0,0,0,0,0,0,0.192,0,0,0.259,0,0,0,0,0,0,0.215,0,0,0,0,0,0.221,0,0,0.261,0,0,0,0,0,0,0,0,0,0,0,0,0,0,0,0,0,0,0,0,0.168,0,0,0,0,0,0,0,0,0,0,0.58,0,0,0,0,0,0.215,0,0,0,0,0,0.276,0,0,0,0,0,0,0,0,0,0,0,0,0,0,0,0,0.191,0,0,0,0,0,0,0.214,0,0,0,0,0,0,0,0,0,0,0,0,0,0,0,0.191,0,0.191,0,0.191,0,0,0,0,0,0,0,0,0,0,0,0.172,0,0.157,0,0.342,0,0,0,0,0,0.17,0.599,0,0,0,0,0,0,0,0,0.197,0,0,0,0,0,0,0,0,0.163,0,0.244,0,0,0,0.176,0,0,0,0,0,0,0,0.211,0,0,0.316,0,0,0,0,0,0.407,0,0,0,0,0,0,0,0.32,0,0,0,0,0,0,0,0,0,0,0,0.229,0,0,0,0,0,0,0,0,0,0,0.171,0,0.153,0,0,0.164,0,0,0,0,0,0,0,0,0,0,0,0,0,0,0,0,0,0,0,0,0.176,0,0,0,0,0,0,0,0,0,0,0,0,0,0,0,0,0,0,0,0.176,0,0,0,0,0.381,0,0,0,0,0,0,0.244,0,0,0,0,0,0,0,0,0,0,0,0,0,0,0,0,0,0.154,0,0,0,0,0,0,0,0,0.196,0.159,0,0,0.189,0,0.234,0,0,0,0,0,0,0,0,0.255,0,0,0,0,0,0,0,0.218,0,0,0.209,0,0,0,0,0,0,0,0,0.334,0,0,0,0,0,0,0.221,0.193,0,0,0,0.151,0,0,0,0,0,0,0,0.157,0,0,0.285,0,0,0,0,0,0,0,0,0,0,0,0,0,0,0,0,0,0,0,0,0,0,0,0,0,0,0.189,0,0,0.175,0,0,0,0,0,0,0,0.433,0,0,0,0,0,0,0.187,0.191,0,0,0,0,0.181,0.154,0,0,0,0,0,0,0,0,0,0,0,0,0,0.191,0.184,0,0,0,0,0,0.385,0,0,0,0,0,0,0,0.337,0,0,0,0,0.176,0,0.165,0,0,0,0,0,0,0,0,0,0,0,0,0.817,0,0.262,0,0,0,0,0,0,0,0.22,0,0,0,0.549,0,0,0,0,0,0.212,0,0,0,0,0,0,0,0,0.519,0.248,0.618,0,0,0,0,0,0.28,0,0,0,0,0,0.197,0,0,0,0.211,0,0,0,0,0,0,0,0.326,0,0,0.442,0,0,0,0,0,0,0,0.196,0.158,0,0,0,0,0,0,0.234,0,0,0,0,0,0,0,0.224,0,0.224,0,0,0.21,0,0,0.172,0,0,0,0,0.787,0,0,0.162,0,0,0,0,0,0,0,0,0,0,0,0,0,0,0,0,0,0,0,0,0,0,0,0,0,0,0.708,0,0.194,0,0.285,0,0,0.233,0,0,0,0.715,0,0,0,0,0,0,0,0,0,0,0,0,0,0,0,0,0,0,0.315,0.227,0.229,0,0.349,0.62,0,0.197,0,0,0,0,0,0,0,0.211,0,0.532,0.174,0,0,0,0.416,0,0,0,0,0,0,0,0.163,0,0,0,0,0,0,0,0,0.208,0,0.315,0,0,0,0,0,0,0,0,0,0,0,0,0,0,0,0,0,0.22,0,0,0,0,0,0,0,0,0,0,0,0.201,0,0,0,0,0,0,0,0.154,0,0,0,0,0.34,0.207,0,0,0.592,0.168,0,0,0,0.256,0,0,0,0.21,0,0,0,0,0,0,0,0,0,0,0,0,0,0,0,0,0,0.309,0.163,0,0,0,0,0.363,0.386,0.432,0,0,0,0,0,0,0,0,0,0,0.203,0.169,0,0,0,0,0.185,0,0,0,0,0,0,0,0.187,0.187,0,0,0,0,0,0,0.162,0,0.155,0,0,0.154,0.377,0,0,0,0.167,0,0,0,0,0,0,0.279,0.151,0.167,0,0,0.183,0,0,0,0,0,0,0,0,0,0,0,0,0,0,0,0,0,0,0,0,0,0,0,0,0,0,0,0,0.194,0,0,0,0.177,0.168,0,0,0.163,0.159,0,0,0,0,0,0,0,0,0,0,0,0,0,0,0,0.283,0,0,0,0,0,0,0,0,0,0,0,0,0,0,0,0.2,0,0,0,0,0,0,0.27,0,0,0,0.52,0,0.195,0,0,0,0,0,0,0,0,0,0,0.156,0.237,0,0,0.229,0,0,0,0,0,0,0,0,0,0,0.258,0.18,0,0,0,0,0,0.225,0.794,0,0,0,0,0,0,0,0.26,0.212,0.217,0.375,0.17,0,0.538,0.517,0,0,0,0,0.799,0,0,0,0,0,0,0,0,0,0.307,0,0,0,0,0,0,0,0,0.554,0,0,0,0,0,0.22,0,0.219,0,0,0,0,0.201,0,0,0,0,0,0,0,0.816,0,0.817,0,0,0,0,0,0,0,0,0,0,0,0,0,0,0,0,0,0,0,0,0,0,0,0,0,0,0,0,0,0,0,0,0,0,0,0,0,0,0,0,0,0,0,0,0,0,0.264,0,0,0,0.221,0,0,0,0,0,0,0.191,0,0,0,0,0,0,0,0.466,0,0,0,0,0,0,0,0,0,0.182,0,0,0,0,0.188,0,0,0,0,0,0.177,0,0.181,0,0,0,0,0,0,0.667,0,0,0,0,0,0,0,0,0,0,0,0,0,0.226,0,0,0,0,0,0,0,0,0,0,0,0,0,0,0,0.469,0.309,0,0.259,0,0,0,0,0,0,0,0,0.55,0,0,0,0,0,0,0,0,0,0,0,0,0,0,0,0,0,0.195,0,0,0,0,0,0,0,0.163,0,0,0,0,0,0,0,0,0,0,0,0,0,0,0,0,0,0,0,0,0,0,0,0,0,0,0,0,0,0,0,0,0,0,0,0,0,0,0,0,0,0,0,0,0,0,0,0,0,0,0,0,0,0.186,0,0,0.806,0,0,0,0,0,0,0,0.577,0,0,0,0,0,0.213,0.271,0,0,0,0,0,0,0.167,0,0,0,0,0,0,0.318,0,0,0,0,0,0,0,0,0,0,0,0,0,0,0,0.665,0.158,0,0,0,0,0,0,0,0.404,0,0,0,0,0,0,0,0,0,0,0.173,0,0,0,0,0,0,0,0,0.37,0,0,0,0,0,0,0,0,0,0,0,0,0,0,0,0,0,0.49,0,0,0,0,0,0,0,0,0,0.236,0,0,0,0,0.156,0,0,0,0,0,0,0,0,0,0,0,0,0,0,0,0,0,0,0,0.436,0,0.43,0,0,0,0,0,0.22,0,0,0,0,0,0,0,0,0,0,0,0,0.154,0,0.182,0,0,0,0,0,0,0.317,0,0,0,0,0,0,0,0,0,0,0.213,0,0.17,0,0.616,0,0,0.532,0,0.318,0,0.28,0,0,0.585,0,0,0,0,0,0,0,0,0,0,0,0,0,0,0,0,0,0,0,0,0,0,0,0,0,0,0,0,0,0.258,0,0,0,0,0,0.177,0,0.225,0,0,0,0,0,0,0,0,0,0,0,0,0,0,0,0.197,0,0,0,0,0,0,0,0,0,0,0,0,0,0,0,0,0,0,0,0.214,0,0,0,0,0.191,0,0,0,0,0,0.279,0,0,0.384,0.3,0,0,0,0,0,0,0,0,0,0,0,0,0,0,0,0,0,0.212,0,0,0,0,0,0,0,0,0,0,0,0,0,0,0,0,0,0,0,0,0,0,0,0,0,0,0,0,0,0,0,0,0,0,0,0,0,0,0,0,0,0,0,0,0,0,0,0,0,0,0,0,0,0,0,0,0,0,0,0,0.232,0,0,0,0,0.183,0,0,0,0,0,0,0,0,0.175,0,0,0,0.198,0,0,0,0,0,0,0,0,0,0.152,0,0,0,0,0,0,0,0,0,0,0,0,0,0,0,0,0,0,0,0,0,0,0,0,0.366,0,0,0,0,0,0,0.22,0.183,0,0.165,0.248,0,0,0,0,0,0,0,0,0,0,0,0,0,0,0,0,0,0,0,0,0.215,0.309,0,0,0,0,0,0,0,0,0,0,0,0.789,0,0,0,0,0,0,0,0,0,0,0,0,0,0,0,0.412,0,0,0,0,0,0,0.184,0.329,0,0,0,0,0,0,0,0,0,0,0,0.342,0,0,0,0,0,0.15,0.824,0,0,0,0,0,0,0.179,0.151,0,0,0,0,0.336,0,0.787,0,0,0,0,0,0,0,0,0.373,0,0,0.307,0.188,0,0,0,0,0,0,0.218,0.239,0.373,0.153,0,0,0,0,0,0,0,0,0.154,0,0,0,0,0.229,0,0,0,0,0.289,0,0,0,0,0,0,0,0.152,0,0,0,0,0.159,0,0,0,0,0,0,0,0,0,0,0,0,0,0,0,0.609,0,0,0,0.203,0,0.999,0,0.207,0,0,0,0,0,0,0,0,0,0,0,0,0,0,0.266,0,0,0,0,0,0,0.531,0,0,0,0,0,0,0,0,0,0,0,0.17,0,0,0,0,0,0.512,0,0,0,0,0,0,0,0,0.246,0,0,0,0.256,0,0,0,0,0,0,0,0,0,0.153,0,0,0,0,0,0,0.818,0,0,0,0,0,0,0,0,0,0,0,0,0,0,0,0,0,0,0.355,0,0,0,0,0,0,0,0,0,0,0,0,0,0,0,0,0,0.218,0,0,0,0,0,0.235,0,0,0,0,0,0,0,0,0,0,0,0,0,0,0,0,0,0,0,0,0,0,0.431,0,0,0,0,0.25,0.269,0,0,0,0.269,0,0,0,0,0,0,0.165,0,0,0,0,0,0,0,0,0.299,0,0,0,0,0,0,0,0,0,0,0,0.186,0,0.153,0,0,0,0.352,0,0,0,0,0,0,0,0,0,0,0.168,0,0,0,0,0,0.251,0,0,0,0,0.22,0,0,0.152,0,0,0,0.169,0,0,0,0,0,0,0,0,0,0,0,0,0,0,0,0.245,0,0,0,0.32,0,0,0,0.333,0,0,0,0,0,0,0,0,0,0,0,0.285,0.347,0.733,0,0,0,0,0,0.164,0.164,0,0,0,0,0,0.591,0,0,0,0,0,0,0,0,0,0,0,0,0,0,0,0.17,0,0,0,0.231,0,0,0,0,0,0,0,0.323,0.181,0,0,0,0,0,0,0,0,0,0,0,0,0,0,0,0,0,0,0,0,0,0,0,0,0.153,0,0,0,0,0,0,0,0,0,0,0,0,0,0,0,0,0,0,0,0,0,0,0,0,0,0,0,0,0,0,0,0,0,0,0,0,0.162,0,0,0.173,0,0,0,0,0,0,0,0,0,0,0,0,0,0,0,0,0,0,0,0,0,0,0,0,0,0,0,0,0,0,0,0,0,0,0,0,0,0,0,0,0,0.234,0,0,0,0,0,0,0,0,0,0,0,0,0,0,0,0,0,0,0,0,0,0,0,0,0,0,0,0,0,0,0,0,0,0,0,0.191,0,0,0,0,0,0,0,0,0,0,0,0.179,0,0,0,0,0,0,0,0,0,0,0,0,0,0,0.177,0,0,0,0,0,0,0,0.152,0,0,0,0,0,0,0,0,0,0,0,0,0,0,0.231,0,0,0,0.265,0.269,0,0,0,0,0.307,0,0.287,0.286,0,0.158,0,0,0,0,0,0,0,0.659,0,0,0,0,0,0,0,0,0,0,0,0,0,0,0.559,0,0,0,0,0,0,0,0,0,0.229,0,0,0,0.85,0,0,0,0,0,0,0,0,0,0,0,0.156,0.338,0,0,0,0,0,0,0.294,0,0,0,0,0,0,0,0,0,0,0,0,0,0.159,0,0,0,0,0,0,0,0,0,0,0,0,0,0,0.31,0,0,0,0,0,0.169,0,0,0,0,0,0,0.209,0,0,0,0,0,0,0,0,0,0,0,0,0,0,0,0,0.192,0,0,0,0.177,0,0,0,0,0,0,0,0,0,0,0.18,0,0,0,0,0,0,0,0,0,0,0.197,0,0,0,0,0,0,0,0,0,0,0,0,0,0,0,0,0,0,0,0.197,0,0,0,0.196,0,0,0,0,0,0.2,0,0,0,0,0,0,0,0,0,0,0,0,0,0,0,0,0,0.152,0,0,0,0,0,0,0,0,0,0,0,0,0,0,0,0,0,0,0,0,0,0,0,0,0,0,0,0,0,0,0,0.478,0,0,0,0,0,0,0,0,0,0,0,0,0,0,0,0,0,0,0,0,0,0,0,0,0,0,0,0,0,0,0,0,0,0,0,0,0,0,0,0,0,0,0,0.205,0,0,0,0,0,0,0,0,0.183,0,0,0,0,0,0,0,0,0,0,0,0,0,0,0,0,0,0,0,0,0,0,0,0,0,0,0,0.22,0,0,0,0,0,0,0,0,0,0,0,0,0,0,0,0,0,0,0,0,0,0.288,0,0.601,0,0,0,0,0,0,0,0.39,0,0,0,0,0.426,0,0,0,0,0.322,0,0,0,0,0,0,0,0,0,0,0,0.86,0,0,0,0,0,0,0,0,0,0,0,0,0,0,0,0,0,0,0,0,0,0,0,0,0,0,0,0,0,0,0,0,0,0,0,0,0,0,0,0,0.311,0,0,0,0,0,0,0,0,0,0,0,0,0,0,0,0,0,0,0,0,0,0,0.237,0,0,0,0,0,0,0,0,0,0,0,0,0,0,0,0,0,0,0,0,0,0,0,0,0,0,0,0,0,0,0,0,0.19,0,0,0,0,0,0,0,0,0,0,0,0,0,0,0,0,0,0,0,0,0,0,0,0,0,0,0,0,0,0,0,0,0,0,0,0,0,0,0,0,0,0,0,0,0,0,0.207,0,0,0,0,0,0,0,0,0,0,0,0.256,0,0,0.445,0,0,0,0,0,0,0,0,0,0,0,0,0.206,0,0,0,0,0.269,0,0,0,0,0,0.422,0,0,0,0,0,0,0.331,0,0.318,0,0,0,0,0,0,0,0.156,0,0,0,0,0,0,0,0,0,0,0.161,0,0,0,0,0,0,0,0,0,0.839,0,0,0.482,0,0,0,0,0,0,0,0.157,0.165,0,0,0,0,0,0,0,0,0,0,0,0,0,0,0,0,0,0,0,0,0,0,0,0,0,0,0,0,0,0,0,0,0,0,0,0,0,0,0,0,0,0.24,0,0,0,0,0,0,0,0,0,0.3,0,0,0,0,0,0,0,0,0,0,0,0,0,0,0,0,0,0,0,0,0,0,0,0,0,0,0,0,0,0,0,0,0,0,0,0,0,0,0,0,0,0,0,0,0,0,0,0,0,0,0,0,0,0,0,0.61,0,0,0,0,0,0,0.35,0,0,0,0,0,0,0,0.329,0,0,0,0,0,0,0,0,0,0.449,0,0,0,0,0,0,0.336,0,0,0,0,0,0,0,0,0,0,0,0,0,0,0,0,0,0,0,0,0,0.181,0,0,0,0,0,0,0,0,0,0,0,0,0,0,0,0,0,0,0,0,0,0,0.402,0,0,0,0,0,0,0,0,0,0,0,0,0,0,0,0,0,0,0,0,0,0,0,0,0,0.167,0,0,0,0,0.309,0,0,0,0,0,0,0,0,0,0,0,0,0,0,0,0,0,0,0,0,0,0,0,0,0,0,0,0,0,0,0,0,0,0,0,0,0,0,0,0,0,0,0,0,0,0,0,0,0,0,0,0,0,0,0,0,0,0,0,0,0,0,0,0,0,0,0,0,0,0,0,0,0,0,0,0,0.34,0,0,0,0,0,0,0,0,0,0,0,0.181,0,0,0,0,0,0,0,0,0,0,0,0,0,0,0,0,0,0.19,0,0,0,0,0,0,0.16,0,0.361,0.155,0.305,0,0,0,0,0,0,0,0,0,0,0,0,0,0,0,0,0,0,0,0,0,0,0,0,0,0,0,0,0,0,0,0,0,0,0,0,0,0,0,0.259,0,0,0,0,0,0,0,0,0,0,0,0,0,0,0,0,0,0,0,0,0,0,0,0,0,0,0,0,0,0,0,0,0,0.421,0,0,0,0,0,0,0.154,0,0,0,0,0,0,0,0,0,0,0,0,0,0,0,0,0,0,0.196,0,0,0,0,0,0,0,0,0.229,0,0,0,0,0,0,0,0,0,0,0,0,0,0,0,0,0,0,0,0.26,0,0,0,0,0,0,0,0,0,0,0,0,0,0,0.22,0,0,0,0,0,0,0,0,0,0,0,0,0,0,0.514,0,0,0,0,0,0,0.26,0,0,0,0,0,0,0,0,0,0,0,0,0,0,0
853244,0,0,0,0,0,0,0.999,0.28,0.246,0.153,0,0,0,0,0,0.15,0,0,0,0,0,0,0.645,0,0,0,0.278,0,0,0,0,0,0,0,0,0,0,0,0,0,0,0.185,0,0,0,0,0,0.185,0,0,0.908,0,0,0.173,0,0,0,0,0,0,0.423,0.367,0.516,0,0.185,0,0,0.185,0,0,0.541,0,0,0,0,0,0.163,0,0,0,0,0,0,0,0,0.426,0,0,0,0.899,0,0,0,0,0,0.158,0.538,0.883,0.625,0,0,0,0,0.561,0.825,0,0.573,0,0,0,0,0,0,0,0,0,0,0,0,0,0,0.504,0,0,0,0,0.442,0,0,0,0,0,0,0,0,0.221,0,0,0.263,0,0.297,0,0,0,0.9,0,0,0,0,0,0.241,0,0,0,0,0.227,0.203,0,0,0,0,0,0,0,0.162,0,0,0.176,0,0,0,0,0,0,0,0,0.554,0,0.153,0,0,0,0,0.548,0,0,0,0,0.778,0,0,0,0.16,0,0,0.312,0,0,0,0.172,0.968,0.343,0.468,0,0,0.29,0,0,0,0,0,0.151,0,0,0,0,0,0.459,0,0,0,0,0.514,0,0,0.304,0,0,0,0,0,0,0,0,0,0.898,0.295,0.901,0,0,0,0,0.954,0,0,0,0,0.47,0,0.309,0,0.206,0.204,0,0,0,0.458,0,0,0.163,0,0,0,0,0,0,0.514,0.382,0,0,0,0,0,0.446,0,0,0,0,0,0,0,0,0,0,0.985,0.373,0,0,0.726,0,0,0,0.996,0,0,0,0.384,0,0,0,0,0.362,0,0.208,0,0.165,0,0,0.298,0,0,0.929,0,0.998,0,0,0,0,0,0,0,0,0,0,0,0.193,0,0.304,0.554,0,0,0.939,0,0,0,0.64,0,0,0.397,0.626,0,0,0,0,0,0,0.898,0,0,0,0,0,0.173,0,0,0,0,0,0.551,0,0.998,0,0,0,0,0,0.544,0,0,0,0.431,0,0,0.151,0,0,0,0.899,0,0,0.551,0,0,0,0,0,0.266,0,0,0.848,0,0,0,0.304,0,0,0,0,0,0,0,0,0.965,0.21,0.503,0,0,0,0,0,0.232,0,0,0,0.489,0,0,0,0.957,0.745,0.9,0,0.585,0.194,0,0,0,0.999,0,0.436,0,0,0.965,0,0.183,0,0,0.222,0,0,0,0.181,0,0,0,0,0,0.846,0,0,0.192,0,0,0,0,0.577,0,0,0,0,0.206,0,0,0,0,0.91,0,0,0,0,0,0,0,0,0,0,0.186,0,0,0,0,0.229,0,0,0,0.474,0,0,0.408,0,0.276,0.178,0,0,0.962,0,0.364,0.214,0,0.375,0,0.258,0,0,0,0.359,0.577,0.221,0,0,0,0,0,0,0,0,0.276,0,0,0,0,0.273,0,0,0,0,0,0.958,0.998,0,0.156,0,0,0,0,0,0,0,0,0.524,0.287,0,0,0,0,0.813,0,0,0.368,0,0,0,0.569,0,0.289,0,0.915,0,0,0.45,0,0,0,0.992,0,0,0,0,0,0,0,0.793,0,0,0,0,0,0,0,0,0,0,0,0,0.331,0,0,0,0,0,0,0,0,0,0,0,0,0,0,0,0,0,0.254,0,0.412,0,0,0.9,0,0,0,0,0,0,0,0,0,0,0.954,0,0,0,0.729,0,0,0,0,0,0,0,0.688,0,0,0,0,0,0,0,0,0,0,0,0.309,0,0,0.901,0,0,0,0,0,0.894,0,0,0.335,0.265,0,0.58,0.165,0,0,0,0,0,0.253,0,0,0.97,0,0,0,0,0.996,0,0,0,0,0,0.911,0,0,0,0,0,0,0.931,0,0,0.171,0.919,0,0,0,0,0,0,0,0,0,0,0,0,0.843,0,0,0.231,0,0.156,0,0,0.616,0.961,0.785,0,0,0,0.903,0,0,0,0,0,0.209,0,0.647,0,0.45,0,0.994,0,0.16,0,0,0,0,0,0,0,0.994,0,0,0,0,0,0,0.453,0.919,0,0.999,0,0,0,0,0,0.242,0,0,0,0,0,0,0,0.221,0.299,0,0.992,0,0,0,0.941,0.999,0,0,0.781,0.214,0,0,0,0,0.187,0,0,0,0.229,0.77,0.156,0,0,0.578,0.16,0,0,0.905,0.846,0,0.551,0,0.896,0,0.952,0.99,0,0,0,0,0,0,0,0.999,0,0,0,0,0,0,0,0,0,0,0,0.662,0.384,0.959,0,0,0,0,0,0.309,0.536,0,0.643,0,0,0.454,0,0,0,0,0,0,0.818,0,0.624,0,0.929,0,0.426,0,0,0,0,0,0.98,0,0.904,0,0,0,0,0,0,0,0.308,0,0,0,0,0,0,0,0,0,0,0.238,0,0,0.999,0,0,0,0,0,0,0,0.474,0.472,0.155,0,0,0.77,0,0,0,0,0.537,0,0,0,0.182,0,0.247,0,0.862,0,0,0.999,0.965,0,0,0,0.258,0,0,0,0.999,0,0,0.52,0,0.429,0,0,0,0,0,0,0,0,0,0.958,0,0,0.335,0,0.223,0,0,0,0,0.232,0,0.765,0,0,0.321,0.164,0,0,0,0,0,0,0,0,0,0.938,0,0,0,0,0,0,0,0,0.344,0,0,0.99,0,0,0,0,0,0,0,0,0,0,0.213,0,0,0,0,0,0,0,0.537,0,0,0,0,0.213,0,0,0,0,0,0.204,0,0,0.553,0,0,0,0,0,0,0,0,0,0,0,0,0,0,0,0,0.378,0,0,0,0,0.566,0,0,0,0,0.982,0,0,0,0,0,0,0,0,0.482,0,0,0,0,0,0.988,0,0.915,0,0,0.999,0,0.355,0.363,0,0.366,0,0.662,0.694,0,0,0,0,0,0,0,0,0.999,0,0,0.544,0,0,0,0.392,0,0.168,0,0,0,0,0,0.284,0,0,0,0.161,0.471,0,0,0,0,0.377,0,0,0.989,0,0,0.537,0,0,0,0,0.272,0,0.272,0,0,0,0,0,0,0,0,0,0.302,0,0.906,0,0,0,0,0,0.694,0,0.846,0,0.895,0,0,0,0.181,0.197,0,0.993,0,0.396,0,0,0,0.37,0,0,0,0,0,0,0,0,0,0,0,0.636,0,0,0,0,0.903,0,0,0,0,0,0.168,0,0.687,0,0,0,0.173,0,0,0,0.497,0.83,0,0,0.161,0,0,0,0,0,0,0,0.204,0,0,0.783,0,0,0,0.908,0,0,0,0,0,0,0,0,0.167,0,0,0,0.959,0.553,0,0,0,0,0,0,0,0,0.971,0,0,0,0.349,0,0,0,0,0.218,0,0,0,0,0,0.173,0.431,0,0.258,0.307,0.29,0,0,0,0,0,0,0,0.156,0,0,0.19,0.35,0.229,0,0,0,0,0,0.284,0,0.199,0,0,0,0,0,0,0,0,0.151,0,0,0.981,0.37,0,0,0,0,0,0.303,0.575,0.162,0,0,0,0,0,0,0,0.901,0.462,0.235,0.551,0.183,0,0,0,0,0,0.423,0.649,0,0.369,0,0,0,0.783,0,0,0,0,0,0,0,0,0,0,0,0,0,0,0,0,0,0,0,0.586,0,0,0,0.668,0,0.171,0,0,0,0,0,0,0,0.926,0,0.244,0,0,0.174,0,0,0,0,0,0,0,0,0,0,0,0,0,0,0,0.217,0,0,0.399,0,0.631,0,0,0,0,0.218,0,0,0,0,0,0.938,0,0,0,0.303,0,0.578,0,0,0,0,0,0,0,0.905,0,0,0.352,0,0,0,0,0,0,0,0,0,0,0,0,0.6,0.208,0,0.936,0.436,0.313,0.232,0,0,0,0.526,0,0,0,0,0.168,0.182,0,0,0,0,0,0,0,0,0,0.343,0,0.503,0,0.356,0,0,0.195,0,0,0,0.26,0,0,0,0,0.182,0,0,0.272,0,0,0,0,0,0.312,0,0,0,0.941,0,0,0,0,0,0,0,0,0,0.995,0.226,0.26,0.375,0.304,0,0,0.324,0,0,0,0.187,0.537,0,0,0,0.162,0,0,0,0,0.634,0.919,0,0,0,0,0,0,0,0,0,0.8,0,0,0,0.228,0,0.168,0.169,0,0,0,0.159,0,0,0,0.401,0.677,0,0,0,0.297,0,0,0,0,0,0,0,0,0,0.355,0.345,0,0,0,0.444,0.984,0,0,0,0,0,0,0,0,0.513,0,0,0,0.894,0,0,0,0,0.365,0,0,0,0,0,0,0,0,0,0,0,0,0,0,0,0,0,0,0,0,0,0,0,0,0,0,0,0,0,0,0,0,0,0,0,0,0,0,0,0,0,0,0,0,0,0,0.313,0,0,0,0,0,0,0.224,0,0,0,0,0,0,0,0,0,0,0,0,0,0,0,0,0,0,0,0,0,0,0,0,0,0.197,0,0,0,0,0,0,0,0,0,0,0,0,0,0,0,0,0,0,0.732,0,0,0,0,0,0,0,0,0,0,0,0.906,0,0,0,0,0,0,0,0,0,0,0,0,0,0.179,0,0.196,0,0,0,0,0,0,0,0,0,0,0,0,0,0,0,0,0,0,0,0,0,0,0,0,0,0,0,0,0,0,0,0,0,0,0,0,0,0,0,0,0,0,0,0,0.9,0,0,0,0,0,0,0,0,0.204,0,0.664,0,0,0,0,0,0,0,0.151,0,0,0,0.25,0,0,0,0,0,0.882,0,0,0,0,0,0,0,0.356,0.172,0.836,0,0,0,0,0,0,0,0,0,0.169,0,0,0,0,0,0,0,0,0,0,0,0,0,0,0,0,0,0,0,0,0,0,0.907,0,0,0,0,0,0,0,0,0,0,0,0,0,0,0,0.493,0,0,0,0,0,0,0,0.167,0,0,0,0.167,0,0,0.542,0,0,0.199,0,0,0,0,0,0,0,0,0,0,0,0,0,0,0,0,0,0,0,0,0,0,0,0,0,0.903,0.919,0,0,0,0,0,0,0,0,0,0,0,0,0,0,0,0,0,0,0,0,0.449,0,0,0,0,0,0,0,0,0,0,0,0,0,0.196,0,0.19,0,0,0,0,0,0,0.15,0,0,0,0,0,0,0,0,0,0,0,0,0.904,0,0,0.191,0,0,0,0,0,0,0,0,0,0,0,0,0,0,0,0,0,0,0,0,0,0,0,0,0.979,0,0,0,0,0,0,0,0,0,0,0,0,0,0,0,0,0,0,0,0,0,0,0,0,0,0,0,0,0,0,0,0.153,0,0,0,0,0,0,0,0,0,0,0,0,0,0.17,0.497,0,0,0.9,0,0.381,0,0,0,0,0,0,0,0,0.254,0,0,0,0,0,0,0,0,0,0,0,0,0,0,0,0.165,0,0,0,0,0,0,0.518,0,0,0,0,0,0,0,0,0,0,0,0,0,0,0,0,0,0,0.201,0,0.911,0,0,0,0,0,0,0.173,0.23,0,0,0,0,0,0.693,0.236,0,0,0,0,0.651,0,0,0,0,0,0,0,0,0,0,0.623,0,0,0,0,0,0,0,0,0,0,0,0,0,0,0,0,0,0,0,0,0,0,0,0,0,0,0,0,0,0,0,0,0,0,0,0,0,0,0,0,0.927,0,0,0,0,0,0,0,0,0,0.219,0,0,0,0,0,0,0,0,0,0,0,0,0,0,0,0,0,0,0,0,0,0,0,0,0,0,0,0,0,0,0,0,0.169,0,0,0,0,0.195,0,0,0,0,0.192,0,0,0,0,0,0,0,0,0,0,0,0,0,0,0,0,0,0,0,0,0,0,0,0,0,0,0,0,0,0,0,0,0,0,0,0,0,0,0,0,0,0.439,0,0.293,0,0,0,0,0,0,0,0,0,0,0,0,0,0,0,0,0,0,0.248,0,0,0,0,0,0,0,0,0,0,0.184,0,0,0,0,0,0.16,0,0,0.181,0,0.275,0,0,0,0,0,0,0,0.15,0.166,0,0,0,0,0,0,0,0,0,0.199,0,0,0.223,0,0,0,0,0,0,0,0,0,0,0,0.285,0.167,0,0,0,0,0,0,0.166,0,0,0,0,0,0,0,0,0,0,0,0,0.16,0,0,0,0,0.253,0,0,0,0,0,0,0,0,0,0,0,0,0.901,0,0,0,0,0,0.236,0,0,0,0,0,0,0,0,0,0,0,0,0,0,0,0,0,0,0,0,0.294,0,0,0,0,0,0.287,0,0,0,0,0,0,0.155,0,0,0,0,0.297,0,0,0,0,0,0,0,0,0,0,0,0,0,0,0,0,0,0,0,0.506,0.267,0,0,0,0.904,0.3,0,0,0,0,0,0,0,0,0,0,0,0,0,0,0,0,0,0,0,0,0,0,0,0,0,0,0,0,0,0.19,0,0.19,0,0,0,0,0,0,0,0,0,0,0,0,0,0,0,0,0,0,0,0,0,0,0,0,0,0,0,0,0,0,0,0,0,0,0,0.173,0,0,0,0,0,0,0,0,0,0,0,0,0,0,0,0,0,0,0,0,0,0,0,0,0,0,0,0,0,0,0,0,0,0,0,0,0,0,0,0,0,0,0,0,0,0,0,0,0,0,0,0,0,0,0,0,0,0,0,0,0,0,0,0,0,0,0,0,0,0,0,0,0,0,0,0,0,0,0.222,0,0,0,0,0,0,0,0,0.721,0,0,0,0,0,0.173,0,0.264,0.537,0.995,0,0.733,0,0.45,0,0,0,0,0,0,0,0.434,0,0,0,0.173,0,0,0,0,0,0,0,0,0,0.157,0,0.173,0.173,0,0,0,0,0,0,0,0,0,0,0,0.173,0,0.207,0,0,0,0,0,0,0.173,0,0,0.917,0,0,0,0.268,0.999,0,0.904,0,0,0,0.997,0,0.173,0,0,0.991,0,0,0.173,0,0,0.173,0,0,0.965,0.173,0.556,0,0,0,0,0,0,0.173,0,0,0,0,0,0,0,0,0.961,0,0,0,0.173,0.165,0.896,0,0,0.94,0,0,0.858,0.999,0.747,0,0,0,0,0,0,0,0,0,0,0,0.173,0.898,0.765,0,0,0,0,0.999,0,0,0,0,0.198,0.537,0,0,0.202,0,0,0,0,0.173,0.759,0,0.999,0,0,0,0,0.537,0,0.173,0,0,0,0,0,0.333,0,0.317,0,0,0,0,0,0,0,0,0,0,0,0,0,0,0,0,0.368,0,0,0,0,0,0,0,0,0,0,0,0,0,0,0,0,0,0,0,0,0,0,0,0,0,0,0,0,0,0,0,0,0,0,0,0,0,0,0,0,0,0,0.386,0,0,0,0,0,0,0,0,0,0,0,0,0,0,0,0,0,0,0,0,0,0,0,0,0,0,0,0,0,0,0,0,0,0,0,0,0,0,0,0.346,0,0,0,0,0,0,0,0,0,0,0,0,0,0,0,0,0,0,0,0,0,0,0,0,0,0,0,0,0,0,0,0,0,0,0,0,0.159,0,0,0,0,0,0,0,0,0,0,0,0,0,0,0,0,0,0,0,0,0,0,0,0,0.173,0,0,0,0.911,0,0,0,0,0,0,0,0,0,0.258,0,0,0,0,0,0,0,0,0,0.358,0,0,0,0,0,0,0,0,0,0,0,0,0,0.381,0,0,0,0,0,0,0,0,0,0,0,0,0,0,0,0,0,0,0,0,0,0,0,0,0,0,0,0,0,0,0,0,0,0,0,0,0,0,0,0,0,0,0,0,0,0,0,0,0,0,0,0,0,0,0,0,0,0,0.987,0,0,0,0,0,0,0,0,0.487,0.49,0,0,0,0,0,0,0,0,0,0,0,0,0,0,0,0,0,0.537,0,0.487,0,0,0,0,0,0,0,0,0,0.219,0,0,0,0,0,0,0,0,0,0,0,0,0,0,0,0,0,0,0,0,0,0,0,0,0,0,0,0,0,0,0,0,0,0,0,0,0,0,0,0,0,0,0,0,0.9,0,0,0,0,0,0,0,0,0,0,0,0,0,0,0,0,0,0,0,0,0,0,0,0,0,0,0,0,0,0,0,0,0,0,0,0,0,0,0,0,0,0,0,0,0,0,0,0,0,0,0,0,0,0,0,0,0,0,0,0,0,0,0,0,0,0,0,0,0,0,0,0,0,0,0,0,0,0,0,0,0,0,0,0,0,0,0,0,0,0,0,0,0,0,0,0,0,0,0,0,0,0,0,0,0,0,0,0,0,0,0.9,0,0,0,0,0,0,0,0,0,0,0,0,0,0,0.9,0,0,0,0,0.906,0,0,0,0,0,0,0,0,0,0,0,0.306,0,0,0,0,0,0,0,0,0,0,0,0,0,0,0,0,0,0,0,0.901,0,0,0,0,0,0,0,0,0,0,0,0,0.314,0,0,0,0,0,0,0,0,0,0,0,0,0,0,0,0,0,0,0,0,0,0,0,0.241,0,0,0,0,0,0,0,0,0,0,0,0,0,0,0.173,0,0,0,0,0,0,0,0,0,0,0,0,0,0,0,0,0,0,0,0,0,0,0,0,0.32,0,0.9,0,0.173,0.219,0,0,0,0,0.901,0,0,0.901,0,0.173,0,0,0,0,0,0,0,0,0,0,0,0,0.173,0,0,0,0,0,0,0,0,0,0,0,0,0,0,0,0,0,0,0,0.441,0,0,0,0,0,0,0,0,0,0,0,0,0,0,0,0,0,0,0,0,0,0,0,0,0,0,0,0.219,0,0,0.9,0,0,0,0,0,0,0.49,0,0,0,0,0,0,0,0,0,0,0,0,0,0.284,0,0,0,0,0,0,0,0,0.996,0,0,0,0,0,0,0,0,0,0,0,0,0,0,0,0,0,0,0,0,0,0,0,0,0,0,0,0.334,0,0,0,0,0,0,0,0,0,0,0,0,0,0,0,0,0,0,0,0,0,0,0,0,0,0,0,0,0,0,0,0.9,0,0,0,0,0,0,0,0,0,0,0,0,0,0,0,0,0,0,0,0,0,0,0,0,0,0,0,0.155,0,0,0,0,0,0,0,0,0,0,0,0,0,0,0,0,0,0,0,0,0,0,0,0,0,0,0,0,0,0,0,0,0,0,0,0,0,0,0,0,0,0,0,0.173,0,0,0,0,0,0,0.656,0,0,0,0,0,0,0,0,0,0,0,0,0,0,0,0,0,0,0,0,0,0,0,0,0,0,0,0,0,0,0,0,0,0,0,0,0,0,0,0,0.173,0,0,0,0.173,0,0.173,0,0,0.173,0.9,0,0,0,0.173,0.173,0,0.173,0.173,0,0.183,0.173,0,0.173,0.173,0.173,0,0,0,0,0,0,0,0,0,0,0,0,0,0,0,0,0,0,0.854,0,0,0,0,0,0,0,0,0,0,0,0,0,0,0,0,0,0,0,0,0,0,0,0,0,0,0,0,0,0,0,0,0,0.364,0,0,0,0,0,0,0,0,0,0,0,0,0,0,0,0,0,0,0,0,0,0,0,0,0,0,0,0,0,0,0,0,0,0,0,0.9,0,0,0,0,0,0,0,0,0,0,0,0,0,0,0,0,0,0,0,0,0,0,0,0,0,0,0,0,0,0,0,0,0,0,0,0,0,0,0,0,0,0,0,0,0,0,0,0,0.62,0,0,0,0,0,0,0,0,0,0,0,0,0,0,0,0.175,0,0,0,0,0,0,0.268,0,0,0,0,0,0,0,0,0,0,0,0,0,0,0,0,0,0,0,0,0,0,0,0,0,0,0,0,0,0,0,0,0,0,0.552,0,0,0,0,0,0,0,0.783,0,0,0,0,0,0,0,0,0,0,0,0,0.192,0,0,0,0,0,0.164,0,0,0,0,0,0,0.9,0,0,0,0,0,0,0,0,0,0,0,0,0,0,0,0,0,0,0,0,0,0,0,0,0.901,0,0,0,0,0,0,0,0,0,0,0,0,0,0,0,0,0,0,0,0,0,0,0,0,0,0,0.554,0,0,0,0,0,0,0,0,0,0,0,0,0,0,0,0.196,0,0,0.803,0,0,0,0,0,0,0,0,0,0,0,0,0,0,0,0,0,0,0,0,0,0,0,0,0,0,0,0,0.229,0,0,0,0,0,0,0,0,0.355,0,0,0.901,0,0,0.435,0,0,0,0,0,0,0,0,0,0,0,0,0,0,0,0,0,0,0,0,0,0.409,0,0,0,0,0,0,0,0,0,0,0,0,0,0,0,0,0,0,0,0,0,0,0,0.957,0,0,0,0,0,0,0,0,0,0,0,0,0,0,0,0,0,0,0,0,0,0,0,0,0,0,0,0,0,0,0,0,0,0,0,0,0,0.999,0,0.999,0.26,0,0,0,0,0.999,0.232,0,0,0.171,0,0,0,0.24,0,0.696,0,0,0,0,0,0.282,0,0,0,0,0,0,0,0,0,0,0,0.434,0,0,0,0,0.552,0,0,0,0,0,0,0,0.551,0,0,0,0,0,0,0,0,0,0,0,0,0,0,0,0,0,0,0,0,0,0,0,0,0,0,0,0,0.284,0.445,0,0,0,0,0,0,0,0,0,0,0,0,0,0,0,0,0,0,0,0,0,0,0,0,0,0,0,0,0,0,0,0,0,0,0,0,0,0,0,0,0,0,0,0,0,0,0,0,0,0,0,0,0,0,0,0,0,0,0,0,0,0,0,0,0,0,0,0,0,0,0,0,0,0,0,0,0,0,0.154,0,0,0,0,0,0,0,0,0,0,0,0,0,0,0,0,0,0,0,0.61,0,0,0,0,0,0,0,0,0,0,0,0,0,0,0,0,0,0,0,0,0,0,0,0,0,0,0,0,0,0,0,0,0,0,0,0,0,0,0,0,0
853365,0,0,0,0,0,0,0,0,0,0.193,0,0,0,0,0,0,0,0,0,0.605,0,0,0,0,0,0,0.353,0,0.206,0,0,0,0,0,0,0,0,0,0,0,0,0,0.338,0,0,0,0.189,0.152,0,0,0,0.181,0,0,0,0,0,0,0,0,0,0,0,0,0,0,0,0,0,0,0.467,0,0,0,0,0,0,0,0,0,0,0,0,0,0,0,0.33,0,0,0,0,0,0,0,0,0.384,0.412,0,0.388,0,0,0,0,0,0,0,0,0,0,0.237,0,0,0,0,0,0,0,0.77,0,0,0,0,0.237,0,0,0,0,0.184,0,0,0,0,0,0,0,0,0.185,0,0.371,0,0.315,0,0.745,0,0,0,0,0,0,0,0.288,0,0.249,0.196,0,0,0,0,0,0,0,0.194,0,0,0.244,0,0,0,0,0.159,0,0,0,0,0,0,0,0.556,0,0,0,0,0,0,0,0,0,0,0,0,0,0,0,0,0.191,0,0,0.698,0,0,0,0,0.276,0.648,0,0,0,0,0,0.174,0,0,0,0,0.205,0,0,0,0,0,0.172,0,0,0,0,0,0,0,0,0,0,0,0.324,0,0.279,0,0.152,0,0,0,0,0,0,0.495,0,0,0,0.22,0,0,0,0,0.636,0,0,0,0,0,0,0,0,0,0,0.161,0,0,0,0,0,0,0,0,0,0,0,0.189,0,0.355,0,0,0,0,0.329,0,0,0,0,0.9,0,0,0,0,0,0.196,0,0,0,0,0,0,0.42,0,0,0,0,0,0,0,0,0.36,0,0,0,0,0.256,0,0.296,0,0,0.212,0,0,0.312,0,0,0.162,0.166,0,0,0,0,0,0,0,0,0,0,0,0.163,0,0,0,0,0,0,0,0,0,0.613,0,0,0,0,0,0,0,0,0,0.524,0,0,0.22,0.302,0,0,0,0,0.355,0,0.319,0,0.429,0,0,0,0,0.298,0,0,0,0,0,0,0.276,0,0.194,0,0,0,0,0,0,0,0,0,0,0.276,0,0,0.78,0.259,0,0,0,0.151,0.301,0,0,0,0.67,0,0,0,0.824,0,0.411,0.347,0,0,0,0,0,0,0,0,0.284,0,0,0,0,0.269,0,0,0,0,0,0,0.47,0,0,0,0,0.178,0,0,0,0,0,0.22,0,0,0,0,0,0,0,0,0.308,0,0,0.357,0,0,0,0,0.318,0,0,0,0,0,0,0,0.448,0,0.311,0,0,0,0,0,0,0,0,0.497,0,0,0,0,0,0,0.39,0.699,0,0,0,0,0.792,0.332,0,0,0,0,0,0,0,0,0,0,0,0,0,0,0,0,0,0.337,0,0,0,0,0,0,0,0,0,0,0,0.472,0,0,0,0,0,0,0,0.912,0,0,0,0.28,0,0,0,0,0,0,0,0.276,0,0,0,0,0,0,0,0.225,0,0,0,0,0,0,0,0,0.475,0,0.279,0,0,0,0,0,0.194,0,0.318,0,0.583,0,0,0,0,0.328,0,0,0,0,0,0,0,0,0,0.808,0,0,0,0,0,0,0,0.214,0,0.238,0,0,0,0,0,0,0,0,0,0,0,0.157,0,0.231,0.322,0,0,0.267,0,0.19,0,0,0,0,0.755,0,0,0,0,0,0,0.168,0,0,0,0,0,0,0,0.713,0,0,0,0,0.276,0,0,0.171,0,0,0,0,0,0,0,0,0,0,0,0,0,0,0,0,0.272,0,0.314,0,0,0,0.307,0,0,0,0,0,0,0,0.173,0,0,0,0,0.267,0.276,0,0,0,0.329,0,0,0,0,0,0,0,0,0,0,0,0,0,0,0.199,0.456,0,0,0,0,0,0,0,0.534,0,0.489,0.277,0,0,0,0,0,0,0.319,0,0,0.163,0.302,0.368,0,0,0,0,0.54,0,0.552,0,0,0,0,0,0,0,0,0,0,0,0,0.337,0,0,0,0,0,0,0,0,0,0,0,0,0,0,0,0,0.279,0,0,0,0,0,0,0,0,0,0,0,0,0.15,0.187,0,0.717,0,0,0,0,0,0,0,0,0,0,0,0,0,0,0,0,0,0,0,0,0.301,0,0,0,0.188,0,0,0,0.35,0,0,0,0,0,0,0.355,0,0,0,0,0,0,0,0,0,0,0,0,0.238,0.431,0,0,0.424,0.306,0,0,0,0,0,0,0,0,0,0.22,0,0.161,0,0,0,0,0,0,0,0,0,0,0,0,0,0,0,0,0,0,0,0,0,0,0.646,0,0,0,0,0,0,0,0,0,0.276,0,0,0,0,0,0.48,0,0,0,0,0,0,0,0,0,0.378,0,0,0,0,0,0,0.202,0,0,0,0.435,0,0,0,0,0.205,0,0.768,0,0,0,0.204,0,0,0.342,0,0,0,0.338,0,0,0,0.455,0,0,0,0,0,0,0,0,0,0,0,0.206,0,0,0.218,0,0.403,0.262,0.358,0.344,0,0.191,0.424,0,0,0,0,0.346,0,0,0,0,0.262,0,0,0,0,0,0,0.353,0,0,0,0,0,0,0,0,0,0,0,0,0,0,0,0,0,0,0,0,0,0,0,0,0,0,0.175,0,0,0,0,0.276,0,0,0,0,0,0,0,0,0,0,0,0,0,0,0,0,0,0,0,0,0.565,0,0,0,0,0.171,0,0,0,0,0,0.288,0,0,0,0,0,0,0,0,0,0.182,0,0,0,0,0,0,0,0,0,0,0,0,0.614,0,0.187,0,0,0,0,0,0,0,0,0,0,0,0,0.239,0,0,0,0,0,0,0,0,0,0,0,0,0,0,0,0,0.969,0,0,0,0,0,0,0,0,0,0,0,0,0,0,0,0,0,0,0,0,0,0,0,0,0,0,0,0,0,0,0,0,0.217,0,0,0,0,0,0,0,0,0,0,0,0,0.152,0,0,0.279,0,0,0,0,0,0,0,0.25,0,0,0,0,0,0,0,0,0.368,0,0,0,0,0,0,0,0,0,0.251,0,0,0,0,0,0,0,0,0,0,0,0,0,0,0,0,0,0,0.163,0,0,0.154,0,0,0,0,0.231,0,0,0.237,0.215,0.192,0,0,0,0,0,0,0.22,0,0,0,0.471,0.565,0.787,0,0,0,0,0,0,0.224,0,0,0.192,0,0,0,0.22,0,0,0,0,0,0,0,0,0,0,0,0,0,0,0.171,0,0,0,0,0,0.28,0,0.204,0,0,0,0,0,0,0,0,0,0,0,0,0,0.202,0.569,0,0,0.179,0,0,0.316,0.235,0,0,0.278,0,0,0,0,0,0.174,0,0,0,0,0,0,0,0,0,0,0,0,0,0,0.203,0,0,0,0,0,0.154,0,0,0,0,0,0,0,0,0,0,0,0.204,0,0,0,0,0,0,0,0,0.546,0.211,0,0.194,0,0,0,0,0,0,0,0,0,0,0,0,0,0,0,0.203,0,0,0,0,0,0,0,0,0,0,0.431,0,0.171,0.346,0,0,0,0.195,0,0,0,0,0,0,0,0,0,0.945,0,0,0,0,0,0,0.278,0,0,0,0,0,0,0.291,0,0,0,0.191,0,0.186,0,0,0,0,0,0,0,0.276,0,0,0,0,0,0,0,0,0,0,0,0.353,0,0,0,0,0.294,0.171,0,0,0,0,0,0,0,0,0,0,0,0,0,0,0,0,0,0,0.273,0,0,0,0,0,0.351,0,0,0,0,0,0,0,0.152,0,0,0,0,0,0,0.473,0,0,0,0,0,0,0,0,0,0,0,0,0.168,0,0,0,0.276,0,0,0,0,0,0,0,0,0,0,0,0,0,0,0,0,0,0,0,0,0,0.219,0,0,0,0,0,0,0,0,0,0,0,0,0.169,0,0,0,0,0,0,0,0,0,0,0,0,0,0,0.184,0,0,0.284,0,0,0,0,0,0,0,0,0,0,0,0.203,0,0.356,0,0,0,0,0,0,0,0,0,0,0.204,0.153,0,0,0,0,0,0,0,0,0.318,0,0,0,0,0,0,0,0,0,0,0,0,0.358,0.151,0,0,0,0,0,0,0,0,0,0,0.198,0,0,0,0,0.189,0,0.248,0,0,0.17,0,0,0,0,0,0,0,0.187,0,0,0,0.445,0.244,0,0,0.369,0,0.879,0,0,0,0.205,0,0,0,0.268,0,0.287,0,0,0.54,0.34,0,0,0,0.334,0.246,0,0,0,0,0,0,0.266,0,0,0.182,0,0.174,0.566,0.187,0,0,0,0.209,0,0,0.196,0,0,0,0.343,0,0.208,0,0,0,0,0,0,0,0,0.193,0.351,0.478,0,0,0,0.585,0,0,0,0,0,0,0,0,0.232,0.322,0,0,0,0,0.163,0,0,0,0,0,0,0,0,0.171,0.297,0,0.179,0,0,0,0,0.173,0,0,0,0,0,0,0,0,0.213,0,0.162,0,0,0,0,0.198,0,0,0,0.216,0,0,0,0.271,0,0,0,0,0.303,0.309,0,0,0,0,0,0,0.271,0.167,0.332,0,0,0,0.196,0,0,0,0,0,0,0,0,0.65,0,0.161,0,0.483,0,0,0,0,0,0.204,0,0.432,0,0,0,0.241,0,0,0,0,0,0.21,0,0,0,0,0,0.292,0,0,0,0,0,0,0.184,0,0,0,0,0,0,0.183,0,0,0,0,0.462,0,0,0.763,0.47,0,0,0,0.203,0,0.178,0.537,0.228,0.282,0.871,0,0,0,0,0,0,0,0,0,0,0,0,0.342,0,0,0,0,0,0.204,0,0,0,0.157,0,0.528,0,0,0,0,0,0.507,0,0,0,0.175,0.235,0,0.392,0,0,0,0,0,0,0,0,0,0,0,0,0,0,0,0,0,0,0,0,0,0,0,0,0,0,0,0,0,0,0,0,0,0,0,0,0,0,0,0,0,0,0,0,0.15,0,0.489,0,0,0,0,0.414,0,0,0,0,0,0,0,0,0,0,0,0,0,0,0,0,0,0.716,0,0,0,0,0.294,0,0,0,0,0,0,0,0,0,0,0.164,0,0,0,0,0,0,0,0.29,0,0,0,0,0.158,0,0,0,0,0,0,0,0,0,0,0,0,0,0.187,0,0,0,0,0,0,0,0,0,0,0,0,0,0,0,0,0,0,0,0,0,0,0,0,0.166,0,0,0,0,0,0,0,0,0,0,0,0,0,0,0,0,0,0,0,0,0,0,0,0,0,0,0,0,0,0,0,0.165,0,0,0,0,0,0,0.165,0,0,0,0,0,0,0,0,0,0,0,0,0,0,0,0,0,0,0,0,0,0,0,0,0,0,0,0.484,0,0,0,0,0,0,0,0,0,0,0,0,0,0,0,0,0,0,0,0.204,0,0,0,0,0,0.243,0,0,0,0,0,0,0,0,0.175,0,0,0,0,0,0,0,0,0,0,0,0,0,0,0,0,0,0,0,0,0,0,0,0,0,0,0,0,0,0,0,0,0,0.2,0,0.906,0,0.181,0,0,0,0,0,0,0.521,0,0,0.401,0,0,0,0,0.41,0.466,0.391,0,0,0.198,0,0,0,0,0,0,0,0.157,0,0,0,0,0,0,0,0,0,0,0,0,0,0,0,0,0.9,0,0.553,0,0,0,0,0,0.165,0,0.6,0,0.252,0,0,0.895,0,0.649,0.298,0,0,0,0.179,0.322,0,0,0,0,0,0,0.737,0.24,0.291,0,0,0,0,0,0,0.192,0,0,0,0,0,0,0,0,0.25,0,0,0.179,0,0,0,0,0.169,0,0.401,0,0,0,0,0,0,0,0,0,0,0,0,0,0,0,0,0,0.469,0,0.402,0,0,0,0,0,0,0,0,0.369,0,0,0,0,0,0,0,0,0,0,0,0,0,0,0,0,0,0,0,0,0,0,0,0,0,0,0,0,0,0,0,0,0.23,0.229,0,0,0,0,0,0,0,0,0.209,0.309,0.394,0,0,0.401,0,0.339,0,0,0,0,0,0,0,0,0,0.441,0,0.428,0,0,0.51,0.573,0,0.238,0,0.697,0,0,0,0,0,0,0,0,0,0,0,0.337,0.191,0,0,0.166,0,0.51,0,0,0.246,0.68,0,0,0.199,0,0.211,0,0,0,0,0,0,0,0,0,0,0,0,0,0.324,0,0,0,0,0,0,0,0,0,0,0,0,0,0,0,0,0,0,0,0,0,0,0,0,0,0,0,0,0.177,0,0,0,0,0,0,0,0,0,0,0,0,0.282,0,0,0,0,0.247,0,0,0,0,0,0,0,0,0,0,0,0.288,0,0,0,0,0,0,0,0,0,0,0,0,0,0,0,0,0,0,0,0,0,0,0,0,0,0,0,0.708,0,0,0,0,0,0,0,0,0,0,0.235,0,0,0,0,0,0,0,0,0,0,0.251,0,0,0,0,0,0,0.856,0,0,0,0,0,0,0,0.609,0,0,0,0,0,0,0,0,0,0,0,0,0,0,0,0,0,0,0,0,0,0,0,0,0,0,0,0,0,0,0,0,0,0.294,0,0,0.434,0.434,0,0.169,0.343,0,0,0,0,0,0,0.195,0,0,0,0,0,0,0,0,0,0,0,0,0,0,0,0,0,0,0,0,0,0.246,0,0,0,0,0,0.168,0.782,0,0,0,0,0,0.477,0.295,0,0,0,0,0.174,0,0,0,0.387,0,0,0,0,0,0,0,0.453,0,0,0,0,0.154,0,0,0,0,0,0.227,0.78,0,0,0,0.77,0,0,0,0,0.178,0,0,0,0,0,0,0.361,0,0,0,0.351,0,0.563,0,0,0,0,0,0,0,0,0,0,0,0,0,0,0.169,0,0,0,0,0,0,0,0,0,0,0,0,0,0,0.18,0,0,0,0.334,0,0,0.155,0.309,0,0,0,0,0,0,0,0,0,0,0,0,0.472,0,0,0,0,0,0,0,0,0,0,0,0.306,0,0.705,0,0,0,0,0.276,0,0,0.204,0,0,0.158,0,0,0.167,0,0,0,0,0,0,0,0.165,0,0,0,0,0,0,0,0.153,0,0,0.324,0,0,0.275,0,0,0.152,0.348,0,0.225,0.344,0.276,0.257,0.459,0,0.215,0,0,0,0.338,0.174,0,0.171,0,0,0,0,0,0,0,0,0,0.212,0,0,0.164,0.237,0,0,0,0,0,0,0,0,0.381,0.328,0.167,0,0.353,0,0.3,0,0,0.324,0,0,0,0,0.375,0,0,0,0,0,0,0,0.371,0,0,0,0,0,0.322,0.645,0.348,0,0,0,0,0.27,0,0,0,0.221,0,0,0,0,0,0.203,0,0.177,0,0,0,0,0,0,0,0.344,0,0,0,0.326,0.307,0.171,0,0,0,0,0,0.355,0,0,0,0,0,0.642,0,0,0,0,0,0,0,0,0,0,0.374,0,0,0,0,0.217,0,0,0.15,0,0,0,0,0.282,0.206,0.307,0,0,0,0,0.384,0,0,0,0.285,0,0,0.318,0,0,0.351,0,0.343,0,0,0,0,0,0.373,0,0,0,0.62,0.445,0,0,0,0.319,0,0.319,0,0,0,0.393,0.166,0,0,0.185,0,0.232,0,0,0,0,0,0,0,0.171,0,0,0,0,0.337,0,0,0.243,0,0,0,0,0,0,0.276,0,0,0.291,0,0,0,0,0,0,0,0,0,0,0,0.158,0,0,0,0,0,0.554,0.265,0,0,0,0,0,0,0.327,0,0,0,0,0.25,0,0,0,0,0,0,0.276,0,0,0,0,0,0.393,0,0.204,0,0,0,0,0,0,0,0,0,0,0,0,0,0,0,0,0,0,0,0,0,0,0,0,0,0,0,0,0,0,0,0,0,0,0,0,0,0.623,0,0,0,0,0,0,0,0,0,0,0,0,0.203,0,0,0,0,0,0,0,0,0,0,0.271,0,0,0.298,0,0,0,0,0,0,0,0,0,0,0,0,0,0,0.173,0,0,0,0,0.61,0,0,0,0,0,0,0,0,0,0,0,0,0,0.173,0,0,0,0,0,0,0,0.297,0,0,0,0,0,0,0,0,0,0,0,0,0,0,0,0,0,0,0,0,0,0,0,0,0,0,0,0,0,0,0,0,0,0,0,0,0,0,0,0,0,0,0,0,0,0,0,0,0,0,0,0,0.692,0,0,0,0,0,0,0,0,0,0,0,0.187,0.2,0,0,0,0,0,0,0.173,0.696,0,0,0,0.169,0,0,0,0,0.588,0,0,0,0,0,0,0,0.701,0,0,0,0,0,0,0.581,0,0,0,0,0,0,0.354,0,0,0,0,0,0,0,0,0,0,0,0,0,0,0,0,0,0,0,0,0,0.217,0,0,0,0,0,0,0,0,0,0,0,0.428,0,0.305,0.205,0,0,0,0.297,0,0,0,0,0,0,0,0,0,0,0,0,0,0,0,0,0,0,0.276,0,0,0,0,0,0,0.171,0,0,0,0,0,0,0,0,0,0,0,0.513,0,0,0,0.544,0,0.288,0,0,0,0,0,0.175,0,0,0,0,0,0,0,0,0,0,0,0,0,0.179,0,0,0,0,0,0,0,0,0.194,0,0,0,0,0.165,0,0,0,0,0,0,0,0,0,0,0,0,0,0,0,0.703,0,0,0.416,0,0,0,0,0,0,0,0,0,0,0,0,0,0,0,0,0,0,0,0,0,0,0,0,0,0,0,0,0,0,0,0,0,0,0,0,0,0,0,0,0,0,0,0,0,0,0,0,0,0,0,0,0,0,0,0,0,0,0,0,0,0,0,0,0,0,0,0,0,0,0,0.156,0,0,0,0,0,0,0,0,0,0,0,0,0.258,0,0,0,0,0,0,0,0.43,0,0,0,0.411,0,0,0.334,0,0.22,0,0,0,0,0,0,0,0,0,0,0,0,0,0,0,0,0,0,0,0,0,0,0,0,0,0.291,0,0,0,0.79,0,0,0,0,0,0.291,0,0,0,0,0,0,0,0,0,0,0,0,0,0,0,0,0,0,0,0,0,0,0,0,0,0,0,0,0,0,0,0,0,0,0,0,0,0,0,0,0,0,0,0.802,0,0,0,0,0,0,0,0,0.151,0,0,0,0,0,0,0,0,0,0,0,0,0,0,0,0,0,0,0,0,0,0,0,0,0,0,0,0,0,0.194,0,0,0,0,0,0,0,0,0,0,0,0,0,0,0,0,0,0,0,0,0,0,0,0,0,0,0,0,0,0,0,0.22,0,0,0,0,0,0,0,0,0,0,0,0.7,0,0,0,0,0,0.276,0,0,0,0,0,0,0,0,0,0,0,0.165,0,0,0,0,0,0,0,0,0,0,0,0,0,0,0,0,0,0.19,0,0,0,0,0,0,0,0,0,0,0,0,0,0,0,0,0.43,0,0,0,0,0,0,0,0,0,0,0,0,0.412,0,0,0,0,0,0,0,0,0,0,0,0,0,0,0,0,0,0,0,0,0,0,0,0,0,0,0,0,0,0,0,0,0,0,0,0,0,0,0,0,0,0,0.549,0,0,0,0,0,0,0,0.288,0,0,0,0,0.282,0,0,0,0,0,0,0.193,0,0,0,0,0,0,0,0,0,0,0,0,0,0,0,0,0,0,0,0,0,0,0,0,0,0.276,0,0,0,0,0,0,0.163,0,0,0.4,0,0,0,0,0,0,0,0,0,0,0,0,0,0,0,0,0,0,0,0,0,0,0,0,0,0,0.33,0,0,0,0,0.392,0,0,0,0,0,0,0,0,0,0,0,0,0,0,0,0,0,0,0,0,0,0,0.225,0,0,0,0,0,0,0,0,0,0,0,0,0,0,0,0,0,0,0,0,0,0,0,0,0,0,0,0,0,0,0,0,0,0,0,0,0,0,0.191,0,0,0,0,0,0,0,0,0,0,0,0,0,0,0,0,0,0,0,0,0,0,0,0,0,0,0,0,0,0,0,0,0,0,0,0,0,0,0,0,0,0,0,0,0,0,0,0,0,0,0,0,0.276,0,0,0,0,0,0,0,0,0,0,0,0,0,0,0,0,0,0,0,0,0,0,0,0,0,0,0,0,0,0,0,0,0,0,0,0,0,0,0.218,0,0,0,0,0,0,0,0,0,0,0.17,0,0,0,0,0,0,0,0,0,0,0,0,0,0,0,0,0,0,0,0.29,0,0,0,0,0,0,0,0,0,0,0,0,0,0,0,0,0,0,0,0,0,0.22,0,0,0,0,0,0,0,0,0,0,0,0,0.276,0,0,0,0,0,0,0,0,0.194,0,0,0,0,0,0,0,0,0.374,0,0,0,0,0,0,0,0,0,0,0,0,0,0,0,0,0,0,0,0,0.195,0,0,0,0,0,0.172,0,0,0,0,0,0,0,0,0,0,0,0,0,0,0,0,0,0,0.31,0,0,0,0,0,0,0,0,0,0,0,0,0.276,0,0,0,0.169,0,0,0.434,0,0,0,0,0.186,0,0,0,0,0,0,0,0,0.258,0,0,0,0,0,0,0,0,0,0,0,0,0.446,0.173,0,0,0,0,0,0,0,0,0.286,0,0,0,0,0,0,0,0,0,0,0,0,0,0,0,0,0,0,0,0,0,0,0,0,0,0,0,0,0,0,0,0,0,0,0,0,0,0,0,0,0,0,0,0,0,0,0,0,0,0,0,0,0,0,0,0,0,0,0,0,0,0,0,0,0,0,0,0,0,0,0,0,0,0,0,0,0,0,0,0,0,0,0,0,0,0,0,0,0,0,0,0,0,0,0,0,0,0,0,0,0,0,0,0,0,0,0,0,0,0,0,0,0,0,0,0,0,0,0,0,0,0,0,0,0,0,0
855786,0,0,0,0,0,0,0,0,0,0,0,0,0,0,0,0,0,0,0.55,0,0,0,0,0,0,0,0.276,0,0,0,0,0,0,0,0,0,0,0,0,0,0,0,0,0,0,0,0,0,0,0,0.159,0,0,0,0,0,0,0,0,0,0,0,0,0,0,0,0,0,0,0,0.396,0,0,0,0,0,0,0,0,0,0,0,0,0,0,0,0,0,0,0,0,0,0,0,0,0,0,0,0,0,0,0,0,0,0,0,0,0,0,0,0,0,0,0,0,0,0,0,0,0,0,0,0.199,0,0,0,0,0,0,0,0,0,0,0,0,0,0,0,0.252,0,0.284,0,0,0.15,0,0.317,0,0,0,0,0.219,0,0,0,0,0,0,0,0,0,0,0,0,0,0,0,0,0.226,0,0,0,0,0,0,0,0,0,0,0,0,0,0,0.615,0,0,0,0,0,0,0,0,0,0,0,0,0.279,0,0,0,0,0,0,0,0,0,0.531,0.191,0.194,0,0,0,0.17,0,0,0,0,0,0.483,0,0,0.25,0.176,0,0,0,0,0,0,0,0,0.256,0.941,0,0.445,0,0.83,0.431,0,0,0,0,0,0,0.173,0,0,0.722,0,0,0,0.623,0,0,0,0,0,0.206,0,0,0,0,0,0.392,0,0.155,0,0,0.99,0,0,0.258,0.18,0,0.351,0,0,0,0,0,0,0,0,0,0,0,0,0,0.161,0.394,0,0,0,0,0,0,0,0,0,0,0,0,0,0,0,0,0,0,0,0,0.502,0,0,0.32,0,0,0.767,0,0,0,0,0,0.707,0.217,0,0,0,0.156,0,0,0,0,0.966,0,0,0,0.302,0,0,0,0,0,0,0,0,0,0,0.83,0,0.215,0,0,0,0,0.982,0,0.201,0,0,0,0.229,0,0.285,0,0,0,0,0,0,0,0,0.292,0,0,0,0,0,0,0,0,0,0,0,0,0,0,0,0,0,0,0.169,0,0,0,0,0.454,0.457,0,0,0,0,0.156,0,0,0,0.209,0,0,0,0.399,0,0,0,0,0,0,0,0.157,0.386,0,0,0,0,0,0.391,0,0,0,0,0,0.453,0,0.238,0,0,0,0.297,0,0.344,0,0,0,0,0,0,0,0.201,0,0,0.33,0,0.237,0.214,0,0,0,0,0,0,0.541,0,0,0.33,0,0,0,0,0.17,0,0,0,0,0,0,0.245,0,0,0,0,0,0,0,0,0,0.31,0,0,0,0,0,0,0,0,0,0,0,0,0,0,0,0,0,0,0.261,0,0,0,0,0,0,0,0,0,0.253,0,0,0.376,0.339,0,0.515,0,0,0,0,0,0,0,0,0,0,0,0,0,0,0,0,0,0,0.169,0,0,0,0,0,0,0,0,0,0,0,0.89,0,0.256,0,0,0,0,0,0,0,0,0,0,0,0,0,0,0.311,0.236,0,0,0,0.639,0,0.239,0,0,0,0,0.17,0,0,0,0,0,0,0,0,0,0,0,0,0,0,0,0,0,0,0,0,0,0.168,0,0,0.204,0,0,0,0,0.676,0,0,0,0,0,0,0.493,0,0,0,0,0,0,0,0.178,0,0,0,0,0.269,0.201,0,0.397,0,0,0,0,0.223,0,0.681,0,0,0.339,0,0,0.65,0,0,0,0,0,0,0,0,0,0.39,0.162,0,0,0,0,0,0,0,0,0.347,0,0.212,0,0,0,0,0,0,0,0,0,0,0,0,0,0,0,0.355,0,0,0,0,0,0,0,0.435,0,0,0,0,0,0,0,0,0.212,0,0.997,0,0,0,0,0,0,0,0,0,0,0,0,0,0,0,0,0.199,0,0,0,0,0.201,0,0,0,0,0,0.292,0,0,0,0,0,0,0.979,0,0,0,0,0.339,0,0,0.922,0.53,0,0,0,0,0.191,0,0,0,0,0,0,0,0,0,0,0,0,0,0,0,0.199,0,0.258,0,0,0,0,0,0,0,0.219,0,0,0,0,0,0,0,0,0,0,0.204,0.514,0,0.309,0,0.165,0,0,0,0,0,0.407,0,0,0.181,0.339,0,0,0,0,0.152,0,0,0,0,0,0,0,0.245,0,0,0,0,0,0,0,0.168,0,0,0,0,0,0,0,0,0,0,0.549,0,0,0,0,0,0,0.196,0,0,0,0,0,0.515,0,0,0,0,0,0,0,0,0,0.526,0.16,0.25,0,0,0,0,0,0.32,0,0.198,0.215,0,0,0.443,0.152,0,0,0,0,0,0,0.493,0.173,0,0,0,0,0,0,0,0,0,0,0,0.235,0,0,0,0.185,0,0,0,0,0,0,0.966,0,0,0,0,0.222,0,0,0.323,0,0,0.998,0,0.851,0,0.514,0.647,0,0,0,0,0,0,0.173,0.502,0,0,0,0.286,0,0.427,0,0,0,0.301,0,0.169,0,0,0,0.251,0.291,0,0,0,0.406,0,0.331,0.196,0,0,0,0.233,0,0.245,0,0,0,0,0,0,0,0.199,0,0,0,0,0,0,0,0,0,0,0,0,0,0,0,0,0,0,0,0,0,0,0,0.432,0,0,0,0,0,0,0,0,0,0,0,0,0,0,0,0,0,0,0,0,0,0,0,0,0,0,0,0.183,0,0,0,0,0,0,0,0,0,0,0,0,0,0,0,0,0,0,0,0,0,0,0,0,0,0,0,0,0,0,0,0,0,0,0.945,0,0.203,0,0,0,0,0,0,0,0,0.894,0,0,0,0,0,0,0,0,0,0,0,0,0,0,0,0,0,0,0,0,0,0,0,0,0,0,0,0.172,0,0,0,0,0,0,0,0,0,0.227,0,0.227,0,0,0,0,0,0,0,0,0,0,0,0,0,0,0,0,0,0,0,0,0.343,0,0,0,0,0,0.155,0,0,0,0,0,0,0,0,0,0,0,0,0,0,0,0,0,0,0,0,0,0,0,0,0,0,0,0,0,0,0,0,0,0,0,0,0,0,0,0,0,0,0,0,0,0,0,0,0,0,0,0,0,0,0,0,0,0,0,0,0,0,0,0,0,0.162,0,0,0,0,0,0,0,0,0,0,0,0,0,0,0,0,0,0,0,0,0,0.237,0.19,0,0,0,0,0,0.177,0,0,0,0.348,0,0,0,0,0,0,0,0,0,0,0,0,0,0,0,0,0,0,0,0,0,0,0,0,0.155,0,0,0.219,0,0,0,0,0,0,0,0,0,0,0,0,0.155,0,0.183,0,0,0,0,0,0,0,0,0,0,0,0,0,0,0.194,0,0,0,0,0,0,0,0,0,0,0,0,0,0,0,0,0,0,0,0,0,0,0,0,0,0,0,0,0,0,0,0,0,0,0,0,0,0,0,0,0,0,0,0,0,0,0,0,0,0,0,0,0,0,0,0,0,0,0,0,0,0,0,0,0,0,0,0,0.361,0,0,0,0,0,0,0,0,0,0,0,0.284,0,0,0,0,0,0,0,0,0.651,0,0,0,0,0.187,0,0,0,0,0,0.42,0,0,0,0,0,0,0,0,0,0,0,0,0,0,0,0,0,0,0,0,0.503,0,0.217,0,0,0,0,0,0,0.175,0,0,0,0,0,0,0,0,0,0,0,0,0,0,0,0,0,0,0,0,0,0,0,0,0,0,0,0,0,0,0,0,0,0,0,0,0,0,0,0,0,0,0,0,0,0,0.19,0,0,0.184,0.374,0,0,0,0,0,0,0,0,0,0,0,0,0,0,0,0,0,0,0,0,0,0,0,0,0,0,0,0,0,0,0,0,0,0,0,0,0,0,0,0,0,0,0.183,0,0,0,0,0.19,0.338,0,0,0,0,0,0,0.489,0,0,0,0,0,0.307,0,0,0,0.543,0.268,0,0,0,0,0,0,0,0,0,0,0,0,0,0,0,0.298,0,0,0,0,0,0.166,0,0,0,0.252,0,0.47,0,0,0,0,0,0,0,0,0,0,0,0,0,0,0,0,0,0,0,0,0,0,0,0,0,0,0,0,0,0,0,0,0,0,0,0,0,0,0,0,0,0,0,0,0,0,0,0,0,0,0.29,0,0,0.308,0,0,0,0,0,0,0.432,0,0,0,0,0,0.368,0,0,0,0,0,0,0,0,0,0,0,0,0,0,0,0,0,0,0,0,0,0,0,0,0,0,0,0,0,0,0,0,0,0,0,0,0.175,0,0,0,0,0,0,0,0,0,0,0,0,0,0,0,0,0.288,0.284,0,0,0,0,0.214,0.588,0,0,0,0,0,0,0,0,0,0,0,0,0,0,0.193,0,0,0,0,0,0,0,0,0,0,0,0,0,0,0,0,0,0,0,0,0,0,0,0,0.681,0,0,0,0,0,0,0,0,0,0,0,0.323,0,0,0,0.2,0,0,0,0,0,0,0,0,0.192,0,0,0.196,0,0,0,0,0,0,0,0,0,0,0,0.198,0,0,0,0,0,0,0,0,0,0.248,0,0,0.209,0,0,0,0,0,0,0,0,0,0,0,0,0,0,0,0.154,0,0,0,0,0,0,0,0.543,0.41,0,0,0,0,0.359,0,0,0,0,0,0,0,0,0,0,0,0,0,0,0.596,0,0,0,0,0,0,0,0,0,0,0,0.426,0.175,0,0,0,0,0,0,0.961,0,0,0,0,0,0,0,0,0,0,0,0,0,0,0,0,0,0.192,0.48,0,0,0,0,0,0,0,0.164,0,0,0,0.194,0,0,0,0,0,0,0,0,0,0,0,0,0,0,0,0,0,0,0,0,0,0,0,0.16,0,0,0,0,0,0,0,0,0,0.19,0.186,0,0,0.808,0,0,0,0,0,0,0,0.173,0,0,0,0.435,0,0,0,0,0,0,0,0,0,0,0,0.195,0,0,0,0,0,0,0,0,0,0.27,0,0,0.328,0,0,0,0,0,0,0,0,0,0,0,0.181,0,0,0,0,0,0,0,0,0,0,0,0.204,0,0.272,0,0,0.152,0,0,0,0,0,0.186,0,0,0,0,0,0,0.185,0.197,0,0,0,0,0,0,0,0,0.53,0,0,0,0,0,0,0,0,0,0,0,0,0,0.153,0.169,0,0,0,0,0,0,0,0,0,0,0,0,0.19,0,0.152,0,0,0,0,0,0,0,0,0,0,0,0,0,0,0,0.155,0,0,0,0,0,0,0,0,0,0,0,0,0,0,0.245,0.207,0,0.18,0,0,0,0,0,0,0,0,0,0,0,0,0,0,0,0,0,0,0,0,0,0,0,0,0,0,0,0,0,0,0,0,0,0,0,0,0,0,0,0,0,0,0,0,0,0,0,0,0,0,0,0,0,0,0,0,0,0,0,0.162,0,0,0,0,0,0,0,0,0,0,0,0,0,0,0,0,0,0,0,0,0,0,0,0.173,0,0,0,0,0,0.271,0,0,0,0,0,0,0,0,0,0,0,0,0,0,0,0,0,0,0,0,0,0,0,0,0,0,0,0,0,0,0,0,0,0,0,0,0,0,0,0,0,0,0,0,0,0,0,0,0,0,0,0,0,0,0,0,0,0,0,0,0,0,0,0,0,0,0,0,0,0,0,0,0.253,0,0.211,0,0,0,0,0,0,0,0,0,0,0,0,0,0,0,0,0,0,0,0.232,0,0,0,0,0,0,0,0,0.184,0,0,0.18,0.536,0,0,0.188,0,0,0,0,0,0,0,0,0.198,0,0,0,0,0,0,0,0,0,0,0.172,0,0,0,0,0,0.183,0,0,0,0,0,0.162,0,0,0,0,0,0,0,0.213,0.208,0,0.257,0,0,0,0,0,0,0,0,0.176,0,0,0,0,0,0.205,0.219,0,0,0.155,0,0,0,0,0,0,0,0,0,0,0,0,0.2,0,0,0,0,0,0,0,0,0.232,0,0,0,0,0,0,0,0,0,0,0,0,0,0,0,0,0,0,0,0,0.171,0,0,0,0,0.258,0,0,0,0,0,0,0,0.274,0.282,0,0,0,0,0,0,0,0,0,0,0,0,0,0,0,0,0,0,0,0,0,0,0,0,0,0,0.607,0,0,0,0,0,0,0,0,0,0,0,0,0,0,0,0,0,0,0,0,0,0,0,0,0,0,0,0,0,0,0,0,0,0,0,0,0,0,0,0,0,0,0,0,0,0,0,0,0,0.158,0,0,0,0,0,0,0,0,0.246,0,0,0,0,0,0,0,0,0,0,0,0,0,0,0,0,0,0,0,0,0,0,0,0,0,0,0,0.152,0,0,0,0,0,0,0,0,0,0,0,0,0,0,0,0,0,0,0,0,0,0,0,0,0,0,0,0,0.362,0,0,0,0,0,0,0,0,0,0,0,0,0,0,0,0,0,0,0,0,0.153,0,0,0,0.538,0,0,0,0,0,0,0.444,0,0,0,0,0,0,0,0,0,0,0,0,0,0,0,0,0,0,0,0,0,0,0,0,0,0,0,0.164,0,0,0,0,0,0,0,0,0.161,0,0,0,0,0,0,0,0,0,0,0,0,0,0,0,0,0,0,0,0,0,0,0,0,0,0,0,0,0,0,0,0,0,0,0,0,0,0,0,0,0,0,0,0,0,0,0,0,0,0,0,0,0,0,0,0,0,0,0,0,0,0,0,0,0,0,0,0,0.573,0,0,0,0,0,0,0,0,0,0,0.759,0,0,0,0,0,0,0,0,0,0,0,0,0,0,0,0,0,0,0,0,0,0,0,0,0,0,0,0,0,0,0,0,0,0,0,0,0,0.208,0,0,0.227,0,0,0,0,0,0,0,0,0,0,0.22,0,0.151,0,0,0.175,0,0,0,0,0,0,0,0,0,0,0,0,0,0,0,0,0,0,0,0,0,0,0,0.198,0,0,0,0,0,0.174,0,0,0,0,0,0,0,0,0,0.162,0.247,0,0,0,0,0,0,0,0,0,0,0.179,0,0,0,0,0,0,0,0.258,0,0,0,0,0,0,0,0.179,0,0,0,0,0,0,0,0,0,0,0,0,0,0,0,0.25,0,0,0,0,0,0,0,0,0.179,0,0,0,0,0.199,0,0.644,0,0,0,0,0,0,0,0,0,0,0,0,0.274,0,0,0.208,0,0,0,0,0,0,0,0,0,0,0.199,0,0,0,0,0,0.635,0,0.208,0.211,0,0,0,0,0,0,0,0,0,0,0,0,0,0,0,0,0,0.213,0,0,0,0,0,0,0,0,0.274,0,0,0,0,0,0,0,0,0,0,0,0.483,0.258,0,0,0,0,0.212,0,0,0,0.208,0,0,0,0,0,0,0,0,0,0,0.2,0,0,0,0,0,0,0,0,0,0,0,0,0,0,0,0,0,0,0,0,0,0,0,0,0,0,0,0,0.177,0,0,0,0.172,0,0,0,0,0,0,0,0,0,0,0,0,0,0,0,0,0,0,0,0,0,0,0,0,0,0,0,0,0,0,0,0,0,0,0,0,0,0,0,0,0,0,0,0,0,0,0,0,0,0,0,0,0,0,0,0,0,0,0,0,0,0,0,0,0,0,0,0,0,0,0,0,0,0,0.535,0,0,0.186,0,0.304,0,0.192,0,0,0,0.902,0,0,0.76,0,0,0,0,0,0,0.178,0,0,0,0,0,0,0,0.361,0,0,0.237,0,0,0,0.515,0.2,0.181,0,0,0,0,0,0,0,0,0,0,0,0,0,0,0.15,0,0,0,0.752,0,0,0,0,0,0.92,0,0,0,0,0,0,0,0.332,0,0.54,0,0,0,0,0.294,0.262,0,0,0,0.283,0,0.648,0,0,0,0.246,0.183,0,0,0,0,0,0,0,0,0,0,0,0,0.188,0,0,0,0,0,0,0,0.501,0,0,0,0,0,0,0,0,0,0,0,0,0,0,0,0,0,0,0,0,0,0,0,0,0,0,0,0,0,0,0,0,0,0,0,0,0.333,0,0,0,0,0,0,0,0,0,0,0,0,0,0,0,0,0,0,0,0,0,0,0,0,0,0,0,0,0,0,0,0,0,0,0,0,0,0,0,0,0,0,0,0,0,0,0,0,0,0,0,0,0,0,0,0,0,0,0,0,0,0.281,0,0,0,0,0,0,0,0,0,0,0,0,0,0,0,0,0,0,0,0,0.197,0,0,0,0,0,0,0,0,0,0,0,0,0,0,0,0,0,0,0,0,0,0,0,0,0,0,0,0,0,0,0,0,0,0,0,0,0,0,0,0,0,0,0,0,0,0,0,0,0,0,0,0,0,0,0,0,0,0,0,0,0,0,0,0,0,0,0,0,0,0,0,0,0,0,0,0.354,0,0,0,0,0,0,0,0,0,0,0.167,0,0,0,0,0,0,0,0,0,0,0,0,0,0,0,0,0,0,0,0,0,0,0,0,0,0,0,0,0,0,0,0,0,0,0,0,0,0,0,0,0,0,0,0,0,0,0,0,0,0,0,0,0.228,0,0,0,0,0,0,0,0,0,0,0,0,0,0,0,0,0,0,0,0,0,0.199,0,0,0,0,0,0,0,0,0.214,0,0,0,0,0,0,0,0,0,0,0,0,0,0,0,0,0,0,0,0,0,0,0,0,0,0,0,0,0,0,0,0,0,0,0,0,0,0,0,0,0.191,0,0,0,0,0,0,0,0,0,0,0,0,0,0,0,0,0,0,0,0,0,0,0,0,0,0,0,0,0,0,0,0,0.456,0,0,0,0,0,0,0,0,0,0,0,0,0,0,0,0.197,0,0,0,0,0,0,0,0,0,0,0,0,0,0,0,0,0,0,0,0,0,0,0,0,0,0,0,0.246,0,0,0,0,0,0,0,0,0,0,0,0,0,0,0,0,0,0,0,0,0,0,0,0,0,0,0,0,0,0,0,0,0,0,0,0,0,0,0,0,0,0,0,0,0,0,0,0,0,0,0,0,0,0,0,0,0,0,0,0,0,0,0,0,0,0.191,0,0,0,0,0,0,0,0,0,0,0.693,0,0,0,0,0,0.178,0,0,0.203,0,0,0,0,0,0,0,0,0.682,0,0,0,0,0,0.151,0,0,0.213,0,0.168,0,0,0,0,0,0,0,0,0,0.166,0,0,0,0,0,0,0,0,0,0,0,0,0.565,0,0,0,0,0,0,0,0,0,0,0,0,0,0,0,0,0,0,0,0,0,0,0,0,0,0,0,0,0,0,0,0,0,0,0,0,0,0,0,0,0,0,0,0,0,0,0,0,0,0,0,0,0,0,0,0,0,0,0,0,0,0,0,0,0,0,0,0,0,0,0,0,0,0,0,0,0,0.266,0,0,0,0,0,0,0,0,0,0,0,0,0,0,0,0,0,0,0,0,0,0,0,0,0,0,0,0,0,0,0,0,0,0,0,0,0,0,0,0,0,0,0,0,0,0,0,0,0,0,0,0,0,0,0,0,0,0,0,0,0,0,0,0,0,0,0,0,0,0,0,0,0,0,0,0,0,0,0,0.649,0,0,0,0,0,0,0,0,0,0,0,0,0,0,0,0,0,0,0,0,0,0,0,0,0,0,0,0,0,0,0,0,0,0,0,0,0,0,0,0,0,0,0,0,0,0,0,0,0,0,0,0,0,0,0,0,0,0,0,0,0,0,0,0,0,0,0,0,0,0,0,0,0,0,0,0,0,0,0,0,0,0,0,0,0,0,0,0,0,0,0,0,0,0,0,0,0,0,0,0,0,0,0,0,0,0,0,0,0,0,0,0,0,0,0,0,0,0,0,0,0,0,0,0,0,0,0,0,0,0,0,0,0,0,0,0,0,0,0,0,0,0,0,0,0,0,0,0,0,0,0,0,0.272,0,0,0,0,0,0,0,0,0,0,0,0,0,0,0,0,0,0,0,0,0,0,0,0,0,0,0,0,0,0,0,0,0,0,0,0,0,0,0,0,0,0,0,0,0,0,0,0,0,0,0,0,0,0,0,0,0,0,0,0,0,0.353,0,0,0,0,0.169,0,0,0,0,0,0,0,0,0,0,0,0,0,0,0,0,0,0,0,0,0,0,0,0,0,0,0,0,0,0,0,0,0,0,0,0,0,0,0,0,0,0,0,0,0,0,0,0,0,0,0,0,0,0,0,0,0,0,0,0,0,0,0,0,0,0.297,0,0,0,0,0,0,0,0,0,0,0,0,0,0,0,0,0,0,0,0,0,0,0,0,0,0,0,0,0,0,0,0,0,0,0,0,0,0,0,0,0,0,0,0,0,0,0,0,0,0,0,0,0,0,0,0,0,0,0,0,0,0,0,0,0,0,0,0,0,0,0,0,0.152,0,0,0,0,0,0,0,0,0,0,0,0,0,0,0,0,0,0,0,0,0,0,0,0,0,0,0,0,0,0,0,0,0,0,0,0,0,0,0,0,0,0,0,0,0,0,0,0,0,0,0,0,0,0,0,0,0,0.328,0,0,0,0,0
850892,0,0,0,0,0,0,0.195,0,0,0,0,0,0,0,0,0,0,0,0,0,0,0,0,0,0,0,0,0,0,0,0,0,0,0,0,0,0,0,0,0,0,0,0,0,0.638,0,0,0,0,0,0,0,0,0,0,0,0,0,0,0,0.263,0,0,0,0,0,0,0,0,0,0.193,0,0,0,0,0,0,0,0,0,0,0,0,0,0,0.263,0.155,0,0,0,0,0,0,0,0,0,0,0.177,0,0,0,0,0,0,0,0,0.177,0,0,0,0,0,0,0,0,0,0,0,0,0,0,0,0,0,0,0,0,0.213,0,0,0,0,0,0,0,0,0,0,0,0,0,0,0,0,0,0,0,0,0,0,0.59,0,0,0,0,0,0,0,0,0,0,0,0,0,0,0,0,0,0,0.292,0,0,0,0,0,0,0,0,0,0,0,0.178,0,0,0,0,0,0,0,0,0,0,0,0,0,0,0,0,0,0,0,0.541,0,0,0,0.68,0,0,0,0,0,0,0,0,0,0,0,0.217,0,0,0,0,0,0,0,0,0,0,0,0,0,0,0,0,0,0,0,0,0,0,0.454,0,0,0,0.227,0,0,0,0,0,0,0,0,0,0,0,0,0,0,0,0,0,0.174,0,0.617,0,0,0,0,0,0.193,0,0.316,0.236,0,0,0,0.279,0,0,0,0,0,0,0,0,0,0,0,0,0,0,0,0,0,0,0,0,0,0,0,0,0,0,0,0,0,0,0,0,0.163,0,0,0,0,0,0,0,0,0,0,0,0,0,0,0.218,0.442,0,0,0,0,0,0,0.219,0.317,0.25,0,0,0,0,0,0,0,0,0,0,0,0,0,0.244,0,0,0,0,0,0,0,0,0,0,0,0,0.263,0,0,0,0.907,0.29,0,0,0.483,0.162,0.61,0,0,0,0,0,0,0,0,0,0,0,0,0,0,0,0,0,0,0,0,0,0,0,0,0,0.415,0,0,0,0.205,0,0.732,0,0,0,0,0,0,0,0,0,0,0,0.408,0.682,0,0,0,0,0.405,0,0,0.461,0,0,0,0,0,0,0,0,0,0,0,0.2,0,0,0,0,0,0,0,0,0,0,0,0,0,0,0,0,0,0,0,0,0,0,0,0,0,0,0,0,0,0,0,0,0,0,0,0,0,0,0,0,0,0.173,0,0,0,0.61,0,0,0,0,0,0,0,0,0.581,0,0,0,0,0.536,0,0.193,0.267,0,0,0,0,0,0,0,0,0,0,0.821,0,0,0,0,0,0,0,0,0,0,0,0,0,0.236,0,0,0,0,0,0,0,0,0,0,0,0,0,0.202,0,0,0,0,0,0,0,0,0,0,0,0,0.841,0,0,0,0,0,0,0,0,0,0,0,0,0,0,0,0,0,0.19,0.311,0,0,0,0.231,0.262,0,0,0,0,0,0,0,0,0,0,0,0,0.26,0,0,0,0,0,0,0,0,0,0,0,0,0.179,0,0,0.189,0,0,0,0,0,0,0,0,0,0,0,0,0,0,0,0,0,0,0,0,0,0,0,0,0,0.195,0,0,0,0,0,0,0,0,0,0,0,0,0.263,0,0,0.307,0,0,0,0,0,0,0,0,0,0,0,0,0,0,0,0,0,0,0,0,0,0,0,0,0,0,0,0,0,0,0,0,0,0,0,0,0,0,0.346,0.596,0,0,0.155,0,0,0,0,0,0,0,0,0,0,0,0,0,0,0,0.262,0,0,0,0,0,0,0,0.157,0,0,0.21,0,0,0,0,0,0,0,0.18,0,0,0,0,0,0,0,0,0,0,0,0,0,0,0,0,0,0,0,0,0,0.437,0,0,0,0,0.186,0,0,0,0.245,0,0,0,0.349,0,0,0,0,0,0,0,0,0,0,0,0,0,0,0,0.437,0,0,0,0,0,0,0,0,0,0,0,0,0,0,0,0,0,0,0,0,0,0,0,0,0,0,0,0,0,0,0,0,0,0,0,0,0,0.201,0,0,0,0,0.279,0,0,0,0,0,0,0,0,0,0,0,0,0,0,0,0,0,0,0,0,0,0.359,0,0,0,0,0,0,0,0.195,0,0,0,0,0,0,0,0,0,0,0,0,0,0,0,0,0,0,0,0,0,0,0,0,0,0,0,0,0,0,0,0,0,0,0,0,0,0,0,0,0,0,0,0,0,0,0,0,0,0,0,0,0.636,0,0,0,0,0.209,0,0,0,0,0,0,0,0,0.162,0,0,0,0,0,0,0,0,0,0,0,0,0,0,0,0,0,0,0,0,0,0,0,0,0,0,0,0,0,0.382,0,0,0,0,0,0,0,0,0,0,0,0,0.436,0,0,0,0,0.161,0,0.666,0,0,0,0,0,0,0,0,0,0,0,0,0,0,0,0,0,0.187,0,0,0,0,0,0,0,0,0,0,0,0,0,0,0,0,0,0,0,0.551,0,0,0,0,0,0,0,0,0,0,0,0,0,0,0.583,0,0,0,0,0,0,0.24,0,0,0,0,0,0,0,0,0,0,0,0,0,0,0,0,0,0,0,0,0,0,0,0,0,0,0,0,0,0,0,0,0,0,0,0,0,0,0,0,0,0,0,0,0,0,0,0,0,0,0,0.361,0,0,0,0,0,0,0.266,0,0,0,0,0,0,0,0,0,0,0,0,0.167,0,0,0,0,0,0,0,0,0,0,0,0,0,0,0,0,0.175,0,0,0,0,0,0,0,0,0,0,0.497,0,0,0,0,0,0,0,0,0,0,0,0,0,0,0,0,0.202,0.197,0,0,0,0,0,0,0,0,0,0,0,0,0,0,0,0,0,0,0,0,0,0,0,0,0,0,0,0,0,0,0,0,0,0,0,0,0.19,0,0,0,0,0,0.181,0,0,0,0,0,0,0,0,0,0,0,0,0,0.163,0.576,0,0,0,0,0,0,0,0,0.256,0,0,0,0,0,0,0,0.199,0,0,0,0,0,0,0,0,0,0.29,0,0,0,0.181,0,0,0,0,0.862,0,0,0,0,0,0,0,0,0,0.154,0,0,0,0,0,0,0,0.565,0,0,0,0,0,0,0,0,0,0,0,0,0,0,0,0,0,0,0,0,0,0,0,0,0,0.269,0,0,0,0,0,0,0,0,0,0,0,0,0.428,0,0,0,0,0,0,0,0,0,0,0,0,0,0,0,0,0,0,0,0,0,0,0,0,0,0,0,0,0,0,0,0,0,0,0,0,0,0,0,0,0,0,0,0,0,0,0,0,0.25,0,0,0,0,0,0,0.201,0,0,0,0,0,0,0,0.382,0,0,0,0,0,0,0,0,0.173,0,0,0,0,0,0,0,0,0,0,0,0,0,0,0,0,0,0,0,0,0,0,0.444,0,0,0,0,0,0,0,0,0,0,0,0,0,0,0,0,0,0,0,0,0,0,0,0,0,0,0,0,0,0,0,0,0.223,0,0,0,0,0,0,0.158,0,0,0,0,0,0,0.699,0,0,0.223,0,0.248,0,0,0,0,0,0,0,0,0,0,0.26,0.585,0,0,0,0,0.24,0,0,0,0,0.296,0,0,0.353,0,0,0,0,0,0,0,0.223,0.245,0,0.203,0.632,0,0,0,0,0.171,0,0,0,0,0,0,0,0,0,0.185,0,0,0,0,0,0,0,0,0,0,0,0.16,0,0,0,0,0,0,0,0,0,0,0,0,0,0,0,0,0.188,0,0,0.24,0,0,0,0,0,0,0,0,0,0,0,0,0,0,0,0,0,0,0,0,0,0,0,0,0,0,0,0,0,0,0,0,0,0,0,0,0,0,0,0,0,0,0,0,0,0,0,0,0,0,0,0,0,0,0,0,0,0,0,0,0,0.736,0,0,0,0,0,0,0,0,0.172,0.674,0,0,0.502,0,0,0,0,0,0,0,0,0,0,0,0,0,0,0,0,0.91,0,0,0,0.258,0,0,0,0,0,0,0,0,0,0,0,0,0,0,0,0,0,0,0,0,0,0,0,0,0,0,0,0,0,0,0,0.261,0,0,0,0,0,0,0,0,0.165,0,0,0,0,0,0,0,0,0,0,0,0,0,0,0,0,0,0,0,0,0,0,0,0,0,0,0,0,0,0,0,0,0.669,0,0,0,0,0,0,0.193,0,0,0,0,0,0,0,0,0,0,0,0,0,0,0,0,0,0,0,0,0,0,0,0,0,0,0,0,0,0,0,0,0,0,0,0,0,0,0,0,0,0.344,0,0,0,0,0,0,0,0,0,0,0,0.169,0,0,0,0,0,0.156,0,0,0,0,0,0.195,0,0.161,0,0,0.247,0,0,0,0,0,0,0,0,0,0,0,0,0,0,0,0,0,0,0,0,0,0,0,0.177,0,0,0,0.234,0,0,0,0,0,0,0,0,0,0,0,0,0,0,0,0,0,0,0,0,0,0,0,0,0,0,0,0,0,0,0,0,0,0,0,0,0,0,0,0.152,0,0,0,0,0,0.231,0,0,0,0,0,0.539,0,0,0,0,0,0,0,0,0,0,0,0,0,0,0,0,0,0,0,0,0,0,0,0,0,0,0,0.175,0.249,0,0,0,0,0,0,0,0,0,0,0,0,0,0,0,0,0,0,0.245,0,0,0,0,0,0,0,0,0,0,0,0,0,0,0,0,0,0,0,0,0,0,0,0,0,0,0,0,0,0.161,0.253,0,0,0,0,0,0,0.189,0,0.81,0,0,0,0,0,0,0,0.461,0,0,0,0.222,0,0,0,0,0,0,0,0,0,0.218,0,0,0,0,0,0,0,0,0,0,0,0,0,0,0,0,0,0,0,0,0,0,0.48,0,0,0,0,0,0,0,0.161,0,0,0,0,0,0,0,0.564,0,0,0,0,0,0,0,0,0,0,0,0,0,0,0,0,0,0,0,0,0,0,0,0,0,0,0,0,0,0,0.301,0,0,0,0,0,0,0,0,0,0,0.529,0,0,0,0,0,0,0,0,0,0,0,0,0,0,0,0,0.22,0,0,0,0,0,0,0,0,0,0.456,0,0,0,0,0,0,0,0,0,0,0,0,0,0.336,0,0,0,0,0,0,0,0,0.178,0,0,0,0,0,0,0,0,0,0,0,0,0,0,0,0,0.201,0,0,0,0,0,0,0,0,0,0,0,0,0,0,0,0,0,0,0,0,0,0,0,0,0,0.542,0,0,0,0,0,0,0,0,0,0,0,0,0,0,0,0,0,0,0,0,0,0,0,0,0,0,0,0,0,0.192,0,0,0,0,0.163,0,0,0,0,0.348,0,0,0,0,0,0,0,0,0,0,0,0,0,0,0,0,0,0,0,0,0,0,0,0,0.306,0,0,0,0,0,0,0,0,0,0,0,0,0,0,0,0,0,0,0,0,0,0.157,0,0,0,0,0,0,0,0,0,0,0,0,0,0,0.522,0,0.846,0,0,0,0,0,0.577,0,0,0,0,0,0.449,0,0,0,0,0,0,0,0,0,0,0.212,0,0,0,0,0,0,0,0,0,0,0,0.175,0,0,0,0,0,0,0,0,0,0,0,0,0,0,0,0,0,0,0,0,0.212,0,0,0,0,0,0,0,0,0,0,0,0,0,0,0,0,0,0,0,0,0,0,0,0.384,0.344,0,0,0,0,0,0,0,0,0,0,0,0,0,0,0,0,0,0.846,0,0,0,0,0,0,0,0,0.199,0.58,0,0,0,0,0,0,0,0,0,0,0,0,0,0,0,0,0,0,0,0,0,0,0,0,0,0,0,0,0,0,0,0,0,0,0,0,0,0,0,0,0.793,0,0,0,0,0,0,0,0,0,0,0,0,0,0,0,0,0,0,0,0,0,0,0,0,0,0,0,0,0,0,0,0,0,0,0,0,0,0,0,0,0,0,0,0,0,0,0,0,0,0,0,0,0,0,0,0,0,0.328,0,0,0,0,0,0,0,0.212,0,0,0,0,0,0,0,0,0,0,0,0,0.413,0,0,0,0,0,0,0,0,0,0,0,0,0,0,0,0,0,0,0,0,0,0,0,0,0,0,0,0,0,0,0,0,0,0,0,0,0,0.214,0,0,0,0,0,0,0,0.171,0,0,0,0,0,0,0,0.205,0,0,0,0,0,0,0,0,0,0.19,0,0,0,0,0,0,0,0,0,0,0,0,0,0,0,0.152,0,0,0.555,0,0,0,0,0,0,0,0,0.151,0,0,0,0,0,0,0,0,0,0,0,0,0,0,0,0,0,0,0,0.536,0,0,0,0,0,0,0,0,0,0,0,0,0,0,0,0,0,0,0,0,0,0,0,0,0,0,0,0,0,0,0,0,0,0,0,0,0,0,0,0,0.241,0,0,0,0,0,0,0,0,0,0,0,0,0,0,0,0,0,0,0,0,0,0,0,0,0,0,0,0,0,0,0,0,0,0,0,0,0,0,0.553,0,0,0,0,0,0,0,0,0.25,0,0,0,0,0,0,0,0,0,0,0,0,0,0,0,0,0,0,0,0,0,0,0,0,0,0,0,0,0,0,0,0,0,0,0,0,0,0,0,0,0,0,0,0,0,0,0,0,0,0,0,0.346,0,0,0,0,0,0,0,0,0,0,0,0,0,0,0,0,0,0,0,0,0,0,0,0.464,0.298,0,0,0,0,0,0,0,0,0,0,0,0,0,0,0,0,0,0,0,0.467,0,0,0,0,0,0,0,0,0,0,0,0,0,0,0,0,0,0,0,0,0,0,0,0,0,0,0,0,0,0,0,0,0,0,0,0,0,0,0,0,0,0,0,0,0.366,0,0,0,0,0,0,0,0,0,0.427,0,0,0,0,0,0.482,0,0,0,0,0,0,0,0,0,0,0,0,0.534,0,0,0,0,0,0,0,0,0,0,0,0,0,0,0,0,0,0,0,0,0,0,0,0,0,0,0,0,0,0,0,0,0.197,0,0,0,0,0.17,0,0,0,0,0,0,0,0.25,0,0,0,0,0,0,0,0,0,0,0,0.162,0,0,0,0,0,0,0,0,0,0,0.504,0,0,0,0,0,0,0,0,0,0,0,0,0,0,0,0,0,0,0,0,0,0,0,0,0,0,0,0,0,0,0,0,0,0,0,0,0,0,0,0.157,0,0,0,0,0,0,0,0,0,0,0,0,0,0,0,0,0,0,0.195,0,0,0,0,0.355,0,0,0,0,0,0,0,0,0,0.217,0.343,0,0,0,0,0,0,0,0,0.208,0,0,0,0,0,0,0,0,0,0,0,0,0,0,0,0,0,0,0,0,0,0,0.288,0,0,0,0,0,0,0,0,0,0,0,0,0,0,0,0,0,0,0,0,0,0.555,0,0,0,0,0,0,0,0,0.225,0,0,0,0,0,0,0,0,0,0,0,0,0.615,0,0,0,0,0,0,0,0,0,0,0.219,0,0,0,0.166,0,0,0,0,0,0,0,0,0,0.159,0,0,0,0,0,0.223,0,0,0,0,0,0,0,0.225,0,0,0,0,0,0,0,0,0,0,0,0,0,0,0,0,0,0,0,0,0,0,0,0,0,0,0,0.151,0,0,0,0,0.805,0,0,0,0,0,0,0,0,0,0,0,0,0,0,0,0,0,0,0,0,0,0.554,0,0,0,0,0,0.429,0,0,0,0,0,0,0,0,0,0.283,0,0,0,0.296,0,0,0,0,0,0,0,0,0,0,0,0,0,0,0.173,0,0,0,0,0,0,0,0,0,0,0,0,0,0,0,0,0,0,0,0,0,0,0,0,0.157,0,0,0,0,0,0,0,0.234,0.201,0,0,0,0,0,0,0,0,0,0,0,0,0,0,0,0,0.206,0,0,0,0,0,0,0,0,0.436,0,0.231,0,0,0,0,0,0,0,0,0,0,0,0,0,0,0,0,0,0,0,0,0,0,0.515,0,0,0,0,0,0,0,0,0,0,0,0,0,0,0,0,0,0,0,0,0,0.553,0,0,0,0,0,0,0,0,0,0,0,0,0,0,0,0,0,0,0,0,0,0,0,0,0,0,0,0,0,0,0,0,0,0,0,0.242,0,0,0,0,0,0,0,0.251,0,0,0,0,0,0,0,0,0,0,0,0,0,0,0,0,0,0,0,0,0,0,0,0,0,0.292,0,0,0,0,0,0,0,0,0,0,0,0,0,0,0,0,0,0,0,0,0,0,0,0,0,0,0,0,0,0,0,0,0,0,0,0,0,0,0,0,0,0,0,0,0,0,0,0,0,0,0,0,0,0,0.21,0,0,0,0,0,0,0,0,0,0,0.307,0.229,0.192,0,0,0.683,0,0.28,0,0,0,0,0,0,0.214,0,0,0,0,0,0.189,0,0,0,0,0,0,0,0,0,0,0,0,0,0,0,0,0,0.175,0,0,0,0,0,0.307,0,0,0,0,0,0,0,0,0,0,0,0,0,0,0,0,0,0,0,0,0,0,0.429,0,0,0,0,0,0,0,0,0,0,0,0,0,0,0,0,0,0,0,0,0,0,0,0,0,0,0,0,0,0,0,0,0,0,0,0,0,0,0,0,0,0,0,0,0,0,0,0,0,0,0,0,0,0,0,0,0,0,0,0,0,0,0,0,0,0,0,0,0,0,0,0,0,0,0,0,0,0,0,0,0,0,0,0,0,0,0,0,0,0,0,0,0,0,0,0,0.711,0,0,0,0,0,0,0,0,0,0,0,0,0,0,0,0,0,0,0,0,0,0,0,0,0,0,0,0.305,0,0,0,0,0.636,0,0,0,0,0,0,0,0.66,0,0,0,0,0,0,0,0,0,0,0,0,0,0,0,0,0,0,0,0.153,0,0,0,0,0.193,0,0,0,0,0,0,0,0,0.237,0,0,0,0.192,0,0.22,0,0,0,0,0,0,0,0,0,0,0,0,0.175,0,0,0,0,0,0,0,0,0,0,0,0,0,0,0,0,0,0,0,0.53,0,0,0,0,0,0,0,0,0,0,0,0,0,0,0,0,0,0,0,0,0.155,0,0,0,0,0,0,0,0,0,0,0,0,0,0,0,0,0,0,0,0,0,0,0,0,0,0.236,0.636,0,0,0,0,0,0,0,0,0,0,0,0,0,0,0,0,0,0,0,0,0,0,0,0,0,0,0,0,0,0,0,0,0,0,0,0,0,0,0,0,0,0,0,0,0,0,0,0,0,0,0,0,0,0,0,0,0,0,0,0,0,0,0,0,0,0,0,0,0,0.15,0,0,0,0,0,0,0,0,0,0,0,0,0,0,0,0.418,0,0,0,0,0,0,0,0.212,0,0,0,0,0,0,0,0,0,0,0,0,0,0,0,0,0,0,0,0,0,0,0,0,0,0,0,0,0,0,0,0,0,0,0,0,0,0,0,0,0,0,0,0,0,0,0,0,0,0,0,0,0,0,0,0,0,0,0,0,0,0,0,0,0,0,0,0,0,0,0,0.578,0,0,0,0,0,0,0,0,0,0,0,0,0,0,0,0,0,0,0,0,0,0,0,0,0,0,0,0,0,0,0,0,0,0,0,0,0,0,0,0,0,0,0,0,0,0,0,0,0,0,0,0,0,0,0,0,0,0,0,0,0,0.189,0,0,0,0,0,0,0,0,0,0,0,0,0,0,0,0,0,0,0,0,0,0,0,0,0,0,0,0,0.179,0,0,0,0,0,0,0,0,0,0,0,0,0,0,0,0,0,0,0,0,0,0,0,0,0,0,0,0,0,0,0.209,0,0,0,0,0,0,0,0,0,0,0,0,0,0,0,0,0.448,0,0,0,0,0,0,0,0,0,0,0,0,0,0,0,0,0,0,0,0,0,0,0,0,0,0.199,0,0,0,0,0,0,0,0,0,0,0,0,0,0,0,0,0,0.215,0,0,0,0,0,0,0,0,0,0,0,0,0,0,0,0,0,0,0,0,0,0,0,0,0,0,0,0,0,0,0.315,0,0,0,0,0.171,0,0,0,0,0,0,0,0,0,0,0,0,0,0,0,0,0,0,0,0,0,0,0,0,0,0,0,0,0,0,0,0,0,0,0,0,0,0,0,0,0,0,0,0,0,0.539,0,0,0,0,0,0,0,0,0,0,0,0,0,0,0,0,0,0,0,0,0,0,0,0,0,0,0,0,0,0,0,0,0,0,0.447,0,0,0,0,0,0,0,0,0,0,0,0,0,0,0,0,0,0,0,0,0,0,0,0,0,0,0,0,0,0,0,0,0,0,0,0,0,0,0,0,0,0,0,0,0,0
851068,0,0,0,0,0,0,0,0,0,0,0,0,0,0,0,0,0,0,0,0,0,0,0,0,0,0,0.237,0,0,0,0,0,0,0,0,0,0,0,0,0,0,0,0,0,0,0,0,0,0,0,0,0,0,0.283,0,0,0.183,0,0,0,0,0,0,0,0,0,0,0,0,0,0.311,0,0,0,0,0,0,0,0,0,0,0,0,0,0,0,0,0,0,0,0,0,0.991,0,0,0,0,0,0.385,0,0,0,0.234,0,0,0,0,0,0,0,0,0,0,0,0,0,0,0,0.45,0,0,0,0.204,0,0,0,0,0,0,0,0,0,0.232,0,0,0,0.91,0,0.258,0,0,0.204,0,0.281,0.183,0.152,0,0,0,0,0,0,0,0,0,0,0,0,0,0.256,0.164,0,0,0,0.291,0,0,0,0,0,0,0.267,0,0,0,0,0,0,0,0,0,0,0.395,0,0.597,0,0.998,0,0,0,0,0,0,0.166,0,0,0.577,0,0,0,0,0.248,0,0,0,0,0.183,0.216,0,0.236,0,0,0.315,0,0,0,0.176,0,0,0,0,0,0,0,0,0,0,0,0,0,0.476,0.203,0,0.489,0,0,0.958,0,0.192,0,0,0.187,0,0,0,0,0.287,0,0,0,0.37,0,0.524,0.192,0,0,0,0,0.198,0,0,0.169,0,0,0,0,0,0,0,0,0,0,0.534,0,0,0.422,0,0.307,0.166,0.234,0,0,0.189,0,0,0.949,0,0.298,0,0,0,0,0,0,0,0.988,0,0,0,0.892,0,0,0,0,0,0,0.465,0.194,0,0,0,0,0.42,0,0.464,0.22,0.156,0.578,0.554,0,0,0.501,0,0,0.302,0,0,0,0,0,0,0,0.154,0,0.34,0,0,0,0,0,0,0,0,0,0,0.235,0,0,0.642,0,0,0,0.16,0.245,0,0.167,0.248,0,0,0.414,0,0,0,0,0,0,0,0.336,0,0,0.311,0,0,0,0,0.303,0,0,0.295,0.463,0,0,0,0,0,0.176,0,0,0,0,0.298,0,0,0,0.159,0.45,0,0,0,0,0.194,0,0.173,0,0.911,0,0,0,0,0.22,0,0,0,0,0,0,0.176,0,0,0,0.173,0,0,0,0.341,0,0.155,0,0.166,0,0,0.276,0,0,0,0,0,0,0,0.151,0,0.241,0,0,0.61,0.167,0,0,0,0,0,0,0.172,0,0,0,0,0,0,0,0,0.354,0.203,0,0,0,0,0.315,0,0,0.342,0,0,0.152,0,0,0,0,0.556,0,0,0,0,0.589,0.24,0,0,0,0.551,0.895,0,0,0,0,0,0,0,0,0,0.552,0.213,0,0.625,0,0.193,0,0,0,0,0,0,0,0.196,0,0,0.357,0,0,0,0,0.237,0,0,0.264,0,0.213,0,0,0,0,0,0,0,0.431,0.22,0,0,0,0,0,0.988,0.194,0,0,0,0,0.247,0,0.943,0.422,0.165,0.159,0,0,0,0,0,0.192,0,0,0,0,0,0,0,0,0.386,0.467,0,0.276,0,0,0,0.234,0.989,0,0.307,0,0.166,0,0,0.262,0,0,0.395,0,0,0,0,0.169,0,0,0,0.231,0,0,0,0,0,0,0.692,0,0,0.191,0,0,0,0,0.154,0,0,0,0.176,0,0,0.268,0,0.353,0,0,0,0,0,0,0,0,0,0,0,0.167,0,0.153,0,0,0,0,0.171,0.167,0.403,0,0,0.175,0,0.216,0.877,0,0.243,0.926,0.306,0,0,0,0.162,0,0.941,0,0.237,0,0.967,0,0.422,0,0.209,0,0.58,0.215,0.227,0,0,0,0,0,0,0,0,0.179,0,0,0,0.233,0,0,0,0.179,0.159,0,0.182,0,0,0,0.438,0.399,0,0.179,0.154,0,0,0,0,0.31,0,0.182,0,0.243,0,0,0.501,0,0,0,0,0,0,0,0.151,0,0,0,0,0.364,0.165,0,0,0,0,0,0,0,0,0,0.214,0,0,0,0,0,0.174,0,0,0,0,0,0,0,0,0,0,0.222,0,0,0.23,0,0,0,0,0,0,0.17,0.989,0,0,0,0,0,0.304,0,0,0,0,0,0,0,0.55,0.309,0,0,0.374,0.357,0,0.702,0,0,0,0,0,0,0,0.218,0,0,0.498,0.869,0,0,0,0,0.252,0,0.177,0,0,0.2,0,0,0,0,0,0.253,0,0,0,0,0,0,0,0.492,0.336,0,0.939,0.307,0,0,0,0,0,0,0.176,0,0,0,0,0,0,0,0.609,0.166,0,0,0,0.17,0,0,0,0,0,0,0,0,0,0,0.525,0,0,0,0.153,0,0,0.173,0.267,0,0,0,0.346,0,0,0.712,0.222,0,0.657,0,0.415,0.404,0.346,0,0,0,0,0,0,0,0.295,0.443,0,0,0,0,0,0,0,0,0,0,0.531,0,0.446,0,0.151,0.293,0,0.41,0,0,0.171,0,0,0,0,0,0.19,0,0,0,0,0,0,0,0,0,0,0.351,0.22,0,0,0,0,0,0,0,0.536,0,0,0,0,0.933,0,0,0.363,0.195,0,0,0,0,0,0.999,0.15,0.426,0,0,0,0,0,0,0,0,0,0.158,0,0,0.298,0,0,0,0,0,0,0,0.449,0,0,0.302,0,0,0.456,0,0,0,0,0,0,0,0,0,0,0,0,0,0,0,0.241,0,0,0,0,0,0,0,0,0,0.326,0,0,0,0,0,0,0,0,0,0,0,0,0.253,0,0.241,0,0,0,0,0,0,0,0,0,0,0,0,0,0,0,0,0,0,0,0,0,0,0,0,0,0,0,0,0,0,0,0,0,0,0,0,0,0,0,0,0,0,0,0,0,0,0.531,0,0,0.887,0,0,0,0,0,0.204,0,0,0,0,0,0,0,0,0.162,0,0,0,0,0,0,0,0,0,0,0,0,0,0,0,0,0,0,0,0,0.156,0,0,0,0,0,0,0,0,0,0,0,0,0,0,0,0,0,0,0,0,0,0,0.862,0,0,0,0,0,0,0,0.167,0,0,0,0,0,0,0,0,0.222,0,0,0,0,0,0,0,0.157,0,0,0,0.204,0,0,0,0,0,0,0,0.454,0.636,0,0,0,0,0,0,0.326,0,0,0,0,0,0,0,0,0,0,0,0,0,0,0,0,0,0,0,0,0,0.258,0,0,0,0,0.231,0,0,0.241,0,0,0.288,0,0,0,0,0,0,0,0,0,0,0,0,0,0.303,0,0,0,0,0,0,0.29,0,0,0,0,0,0,0,0,0.202,0,0,0,0,0,0,0,0,0,0,0,0,0,0,0,0,0,0,0,0,0,0,0,0.279,0,0,0,0,0,0,0,0,0,0,0,0,0,0,0,0,0,0.311,0,0,0,0.576,0,0,0,0,0,0.187,0,0,0,0,0,0,0,0,0,0,0,0,0,0,0,0,0,0,0,0,0.341,0,0,0,0,0,0,0,0,0,0,0,0.161,0,0,0,0,0,0,0,0,0,0,0,0,0,0,0,0,0,0,0,0,0,0,0,0,0,0,0,0,0,0,0,0,0,0,0.158,0.155,0,0,0.241,0,0,0,0,0,0,0,0,0,0,0,0,0,0.328,0,0,0,0,0,0,0,0,0,0.2,0,0,0,0.406,0,0,0,0,0,0,0,0,0,0,0,0,0,0,0,0,0,0,0,0,0,0,0,0,0,0,0,0,0,0,0,0,0,0,0,0.171,0,0,0,0,0,0,0,0,0,0,0,0,0,0,0,0,0,0,0,0,0,0,0,0,0,0,0,0,0,0,0,0,0,0,0,0,0,0,0,0,0,0,0,0,0.373,0,0,0.218,0,0,0.383,0,0,0,0,0,0,0,0,0,0,0,0,0,0,0,0,0,0,0,0,0,0,0,0,0,0,0,0,0,0,0,0,0,0.176,0,0,0,0,0,0,0,0,0,0,0,0,0,0,0,0,0,0,0,0,0,0.288,0,0,0,0,0,0,0,0,0,0,0.974,0,0,0,0,0,0,0,0,0.267,0,0,0,0,0,0,0,0,0,0,0,0,0.496,0,0,0,0,0,0,0,0,0,0,0,0,0,0,0,0,0,0,0,0.226,0,0,0,0,0,0,0,0,0,0,0,0,0,0,0,0,0,0,0,0,0,0,0,0,0,0,0.154,0.204,0,0,0,0,0,0,0,0,0,0,0,0,0,0,0,0,0,0,0,0,0,0,0,0,0,0,0,0,0,0,0,0,0,0,0,0,0,0,0,0,0,0,0,0,0,0,0,0,0,0,0,0,0,0,0,0,0,0,0,0,0,0,0.298,0,0,0,0,0,0,0,0,0,0,0,0,0,0,0,0,0,0,0,0,0,0,0,0,0,0.166,0,0,0,0.153,0,0,0,0,0,0,0,0,0.204,0,0,0,0,0,0,0,0,0,0,0,0,0,0,0,0,0,0,0,0,0,0,0,0,0,0,0,0,0,0,0,0,0,0,0,0,0,0,0,0,0,0,0,0,0,0,0,0,0,0,0,0,0,0.153,0,0,0,0,0,0,0,0,0,0,0,0.308,0,0,0,0,0,0,0,0,0,0,0,0,0,0,0,0,0,0,0,0,0,0.181,0,0,0,0,0,0,0,0,0,0,0.241,0,0,0.341,0,0,0,0,0,0,0,0,0,0,0,0.287,0,0,0,0,0,0,0,0,0,0,0,0,0,0,0,0,0,0,0,0,0,0,0,0.298,0,0,0,0,0,0.173,0,0,0,0,0,0,0,0,0,0,0.171,0,0.251,0,0.203,0.374,0,0,0.237,0,0.16,0,0,0,0.951,0,0.162,0.178,0.491,0.227,0.25,0.885,0,0,0,0,0,0,0,0.479,0.167,0,0,0.974,0.541,0,0.776,0,0,0,0,0.192,0.211,0,0,0,0,0,0,0,0,0,0.7,0.325,0.214,0,0.719,0,0,0.497,0.239,0,0,0,0.478,0,0,0,0.242,0,0,0,0,0,0,0,0,0.94,0,0,0.232,0.158,0.974,0,0,0.168,0,0.932,0.154,0,0,0,0,0,0,0,0,0,0.907,0,0.33,0,0.223,0,0.272,0.537,0.524,0.43,0,0,0,0,0,0,0.156,0.311,0.524,0.463,0,0,0,0,0.713,0,0,0.214,0,0,0,0.309,0,0,0,0.44,0,0.184,0.536,0,0,0,0,0,0.198,0,0,0.335,0,0.894,0.161,0.221,0,0.161,0,0,0.995,0,0,0.293,0,0.647,0,0,0,0,0,0,0,0,0,0,0,0,0.232,0.509,0,0.691,0,0.527,0,0,0,0,0,0,0,0.206,0,0,0,0.202,0,0.423,0.334,0.345,0,0.199,0.961,0.277,0,0,0,0,0.151,0.19,0,0,0.399,0.39,0,0.478,0,0,0,0,0,0.198,0,0,0,0,0,0,0,0,0,0,0,0,0,0,0,0,0,0,0,0,0,0,0,0,0,0,0,0,0,0,0,0,0,0,0,0,0,0.183,0,0,0,0,0.161,0,0,0,0,0,0,0.156,0,0,0,0,0,0,0,0,0,0,0,0,0,0,0,0,0,0,0,0,0,0,0,0,0,0,0,0,0,0,0,0,0,0,0,0,0,0,0,0,0.455,0.159,0,0,0,0,0,0,0,0,0,0,0,0,0,0,0,0,0,0,0,0,0,0,0,0,0,0,0,0,0,0,0,0,0,0,0,0,0,0.368,0,0,0,0,0,0,0,0,0,0,0,0,0.235,0,0,0,0,0.234,0,0,0,0,0,0,0,0.269,0,0,0,0.326,0,0.173,0,0.322,0,0,0,0,0.17,0.229,0,0,0,0,0.161,0,0,0,0,0,0.315,0,0,0,0,0.183,0,0,0,0,0.161,0,0.182,0.168,0,0.156,0.254,0,0,0,0,0,0,0,0,0,0,0,0,0,0,0,0,0,0.229,0,0.229,0,0,0,0,0,0,0,0,0,0,0,0,0,0,0,0,0,0.164,0,0,0,0,0.269,0,0,0,0,0,0,0.406,0.168,0.269,0,0,0,0,0,0,0,0,0,0,0,0,0,0,0,0,0,0,0.315,0.153,0,0,0,0,0,0,0,0,0,0,0.204,0,0,0,0,0,0,0,0,0,0,0,0,0,0,0,0,0,0,0,0,0,0,0.286,0.15,0,0,0,0,0,0,0,0,0,0.339,0,0,0,0,0,0,0.196,0,0,0,0,0,0,0,0,0,0,0,0,0,0,0,0,0,0,0,0,0,0,0,0,0,0,0,0,0,0,0.154,0,0,0,0,0,0,0,0,0,0,0,0,0,0,0,0,0,0,0,0,0,0.435,0,0,0,0,0,0,0,0,0,0,0,0,0,0,0,0,0.203,0,0,0,0,0,0,0,0,0,0,0,0,0,0,0,0,0,0,0,0,0,0,0,0,0,0,0,0,0,0,0,0,0.414,0,0,0,0,0,0,0,0,0,0,0,0,0,0,0.927,0,0,0,0,0,0,0,0,0,0,0,0,0,0,0,0,0,0,0,0,0,0,0,0,0,0,0,0,0,0,0,0,0,0,0,0,0,0,0,0,0,0,0,0,0,0,0,0,0,0,0,0,0.347,0,0,0,0,0,0,0,0.204,0,0,0.196,0,0,0,0,0,0,0,0,0,0,0,0,0,0,0.436,0,0,0,0,0,0.204,0,0,0,0.24,0,0,0,0,0,0,0,0,0,0,0,0.204,0,0,0,0,0,0,0,0,0,0,0,0,0,0,0,0,0,0,0,0,0,0,0.204,0.493,0,0,0,0,0,0,0,0,0.204,0,0,0,0,0.31,0,0,0,0,0,0,0,0,0,0,0,0,0,0,0,0,0,0.204,0,0,0,0,0,0,0,0,0,0,0,0,0,0,0,0,0,0,0,0,0,0,0,0,0,0,0,0,0,0,0,0,0,0,0,0,0,0,0,0,0,0,0,0,0,0,0,0,0,0,0.182,0,0,0.155,0,0,0,0,0,0,0,0.443,0,0,0,0,0,0.204,0.185,0,0.891,0,0.188,0,0,0,0,0,0,0.324,0,0,0,0,0,0,0,0,0,0,0,0,0,0,0,0.319,0,0,0,0,0,0,0,0,0,0,0,0,0,0,0,0,0,0,0,0,0,0,0,0,0,0,0,0.168,0,0.192,0,0,0,0,0,0,0,0,0,0,0,0,0,0,0.318,0,0,0,0,0,0,0,0,0,0,0,0,0,0,0,0,0,0,0,0,0,0,0,0,0,0.183,0,0,0,0,0,0,0,0,0,0,0.204,0,0.269,0,0.796,0,0,0,0,0,0,0,0,0,0,0,0,0,0,0,0,0,0,0,0,0,0,0.217,0,0,0.297,0,0,0,0,0,0,0,0,0,0,0,0,0,0,0,0,0,0,0,0,0.212,0,0,0.177,0.309,0,0,0,0,0,0,0,0,0,0,0,0,0,0,0,0,0,0,0,0,0,0,0,0.171,0,0,0,0,0,0,0,0,0,0,0.158,0,0,0,0,0,0,0,0,0,0,0,0,0,0,0,0,0,0,0,0,0,0,0,0,0,0,0,0,0,0,0,0,0,0,0,0,0,0,0,0,0,0,0,0,0,0,0,0,0,0,0,0,0,0,0,0,0,0,0,0.173,0.219,0,0,0,0,0,0,0,0,0,0,0,0,0,0,0,0,0,0,0,0,0,0,0,0,0,0.164,0,0.288,0,0,0,0,0,0,0,0,0,0,0,0,0,0.184,0.425,0,0.165,0.868,0.263,0,0.253,0.328,0.831,0.323,0.292,0.23,0,0.369,0,0.29,0.443,0,0,0,0,0.506,0,0.225,0,0,0,0.188,0,0,0.205,0.31,0.272,0,0.316,0,0.258,0.182,0,0,0.364,0.28,0,0,0,0.316,0.953,0.331,0,0,0.383,0,0,0,0,0,0,0,0.168,0,0,0.955,0.43,0,0.221,0,0.77,0.326,0.955,0,0.2,0,0.15,0,0,0,0,0.24,0,0,0,0.17,0.404,0.346,0,0,0,0,0.257,0.299,0,0,0,0.374,0.37,0.193,0,0.315,0.478,0.36,0,0,0,0,0,0,0,0,0,0,0,0,0,0,0,0,0,0,0,0,0,0,0,0,0,0,0,0,0,0,0,0,0,0,0,0,0,0,0,0,0,0,0,0,0,0,0,0,0,0.326,0,0,0,0,0,0,0,0,0,0,0,0,0,0.161,0.423,0,0,0,0,0,0,0,0,0,0,0,0,0,0,0,0,0.156,0,0,0,0.356,0,0,0,0,0,0,0,0,0,0,0,0,0,0,0,0.177,0,0,0,0.182,0,0,0,0,0,0,0,0,0,0,0,0,0,0,0,0,0,0,0,0,0,0,0,0,0,0,0,0,0,0,0,0,0,0,0,0,0,0,0.675,0,0,0,0,0.173,0,0,0,0,0,0,0,0,0.863,0,0.325,0,0,0,0.323,0,0.18,0,0,0,0.644,0,0,0.279,0,0,0,0.276,0,0,0,0.23,0,0,0,0,0,0,0.152,0,0,0,0,0,0.485,0,0,0,0,0,0.155,0,0,0.178,0,0,0.894,0,0,0,0,0,0,0,0,0,0,0,0.259,0,0.211,0,0,0.163,0,0,0,0,0,0.337,0,0,0,0,0,0,0.245,0.365,0,0,0,0,0,0,0,0,0,0.362,0.224,0,0,0,0,0,0,0,0,0,0.779,0,0,0,0,0,0,0,0,0,0.192,0,0.335,0,0.615,0,0,0.248,0,0,0,0,0,0.214,0.566,0,0,0,0,0,0,0,0.918,0,0.287,0,0,0,0,0,0,0.192,0,0,0,0,0,0,0,0,0.165,0,0.816,0,0.19,0.235,0,0,0.186,0,0.173,0,0,0,0,0.466,0,0,0,0,0,0,0,0.224,0,0,0.869,0,0,0,0,0,0,0,0,0,0,0,0,0,0,0,0,0,0,0,0,0,0,0,0,0,0,0,0,0,0.26,0.158,0,0,0,0,0,0,0,0,0,0,0,0,0,0,0,0,0,0,0,0,0,0,0,0,0,0.235,0,0,0,0,0,0.179,0,0,0,0,0,0,0,0,0,0,0,0,0,0,0,0,0,0.196,0,0.162,0,0,0,0,0,0,0,0,0.169,0,0,0,0,0,0,0.27,0,0.301,0,0,0,0,0,0,0,0,0,0,0,0,0,0,0.175,0,0,0,0,0,0,0.16,0,0.184,0,0,0,0,0,0,0,0,0,0,0.447,0,0,0,0,0,0,0,0.209,0.221,0.195,0,0.184,0,0.173,0,0,0,0,0,0,0,0,0.211,0,0,0,0,0,0,0,0,0.519,0,0,0,0,0,0,0,0,0,0,0.161,0.154,0,0,0.196,0,0,0,0,0,0,0,0,0,0,0,0,0,0,0,0,0,0,0,0,0.154,0,0,0,0,0,0.405,0,0,0,0,0,0.225,0,0,0,0,0,0,0,0,0,0,0,0,0,0,0,0,0,0,0,0,0.19,0,0,0,0,0,0,0,0,0,0,0,0,0,0,0,0,0,0,0,0,0,0,0,0,0,0,0,0,0,0,0,0,0,0,0,0.202,0.311,0,0,0,0,0,0,0,0,0,0,0,0,0,0,0,0,0,0,0,0,0,0,0,0,0,0,0,0,0,0,0,0,0,0,0,0,0,0.274,0,0,0.169,0,0,0,0,0,0,0,0,0,0,0,0,0,0,0,0,0,0,0,0,0,0,0,0,0,0,0,0,0,0,0,0,0,0,0,0,0,0,0,0,0,0,0,0,0,0,0,0,0,0,0,0,0,0,0,0,0,0,0,0,0,0,0,0,0,0,0,0,0,0,0,0,0,0,0,0,0,0,0,0,0,0,0,0,0,0,0,0,0,0,0,0,0,0,0,0,0,0,0,0,0.267,0,0,0,0,0,0,0,0,0,0,0,0,0,0,0,0,0,0,0,0,0,0,0,0,0,0,0,0,0,0,0,0,0,0,0,0,0,0,0,0,0,0,0,0,0,0,0,0,0,0,0,0,0,0,0,0,0,0,0,0,0,0,0,0,0,0,0,0,0,0,0,0,0,0,0,0,0,0,0,0,0,0,0,0,0,0,0,0,0,0.625,0,0,0,0,0,0,0,0,0,0,0,0,0,0,0,0,0,0,0,0,0,0,0,0,0,0,0,0,0,0,0,0,0,0,0,0,0,0,0,0,0,0,0,0,0,0,0,0.179,0,0,0,0,0,0,0,0,0,0,0,0,0,0,0,0,0,0,0,0,0,0,0,0,0,0,0,0,0,0,0,0,0,0,0,0,0,0,0,0,0,0,0,0,0,0,0,0,0,0,0,0,0,0,0,0,0,0,0,0,0,0,0,0,0,0,0,0,0,0,0,0,0,0,0,0,0,0,0,0,0,0,0,0,0,0,0,0,0,0,0,0,0,0.495,0.241,0,0,0,0,0,0,0,0,0,0,0,0,0,0,0,0,0,0,0,0,0,0,0,0,0.194,0,0,0,0,0,0,0,0,0,0,0,0,0,0,0,0,0,0,0,0,0,0,0,0,0,0,0,0,0,0.241,0,0,0,0,0,0,0,0,0,0,0,0,0,0,0,0,0,0,0,0,0,0,0,0,0,0,0,0,0,0,0,0,0,0,0,0,0.87,0,0,0,0,0,0,0,0.17,0,0,0,0,0.54,0,0,0,0,0,0,0,0,0,0,0,0,0,0,0,0,0.15,0,0,0,0,0,0,0,0,0,0.198,0,0,0,0,0,0,0,0,0,0,0,0,0
853118,0,0,0,0,0,0.335,0,0,0,0,0,0,0,0,0,0,0,0,0,0,0,0,0,0,0,0.433,0,0,0,0,0,0,0,0,0,0,0,0,0,0,0,0,0,0,0,0,0,0,0,0,0,0,0,0,0,0.445,0,0,0,0,0,0,0.337,0,0,0,0,0,0,0,0.186,0,0.166,0,0.178,0,0.154,0,0,0,0,0,0,0,0,0,0,0,0,0,0,0,0.26,0,0,0,0,0,0,0,0,0,0,0,0,0,0,0,0,0,0,0,0,0,0,0,0,0,0,0,0,0,0,0,0,0,0,0,0,0,0,0,0,0,0,0,0.612,0,0,0,0,0,0,0,0,0,0,0,0,0,0,0,0,0,0,0,0,0,0,0,0,0,0,0,0,0,0,0,0,0.237,0,0,0,0,0,0,0,0,0,0,0,0,0.167,0,0.227,0,0,0,0,0,0,0,0,0,0,0,0.781,0.796,0,0,0.169,0,0.602,0,0,0.831,0,0.19,0,0,0,0,0,0,0,0.307,0,0,0.16,0,0,0,0.211,0,0,0,0,0,0,0,0.995,0,0.662,0,0.435,0,0.227,0,0,0,0,0,0,0,0,0,0.165,0,0,0,0,0,0,0.162,0,0,0,0.196,0.179,0,0,0.156,0.221,0,0,0,0,0.604,0.161,0.18,0,0,0,0,0,0,0,0,0,0,0,0,0,0.162,0.161,0.204,0,0,0.16,0,0,0,0,0,0,0,0,0,0,0,0,0.2,0,0,0,0,0.164,0,0,0,0,0,0,0,0,0.314,0,0.229,0,0,0,0,0.371,0,0,0,0,0,0,0,0,0.194,0,0,0.204,0,0,0,0,0,0,0,0.973,0.151,0,0.195,0,0.553,0.267,0.245,0,0,0,0.251,0,0,0,0,0,0.174,0,0.386,0,0.212,0,0,0,0,0,0,0.865,0.165,0,0.154,0,0.258,0,0,0,0.214,0,0,0,0,0,0.234,0,0,0,0.467,0,0,0,0,0.995,0.978,0,0.644,0,0,0.184,0,0,0,0.394,0,0,0,0,0,0,0,0.211,0,0.512,0,0,0.418,0,0,0,0,0.157,0.633,0,0,0,0,0,0,0.166,0,0,0,0.38,0,0.307,0,0,0,0,0.167,0,0,0.171,0,0,0,0.187,0,0,0,0,0,0,0.262,0,0,0,0,0,0.468,0,0,0,0,0.303,0.937,0,0,0,0,0,0,0,0,0,0,0.218,0,0,0.686,0,0.677,0.964,0,0,0,0,0,0,0,0,0,0,0,0,0,0,0,0,0,0.191,0,0,0.226,0.436,0,0.555,0,0,0,0.597,0,0.985,0.197,0,0,0,0.22,0,0,0,0.203,0,0,0,0,0,0,0,0,0,0,0,0,0.505,0,0,0,0.355,0,0,0,0.339,0,0.307,0,0.152,0,0,0.995,0,0,0.411,0,0,0,0,0,0,0,0,0,0.207,0,0.588,0.992,0,0.789,0.497,0,0,0,0,0,0,0,0.252,0,0.153,0,0,0,0.49,0,0,0,0,0,0,0,0,0,0,0,0,0,0,0,0.371,0.171,0.152,0,0,0,0,0,0.177,0,0,0,0,0,0,0.564,0,0.172,0.958,0,0,0,0.196,0,0,0,0.191,0,0,0,0,0.948,0,0,0,0,0.462,0.187,0.689,0,0,0,0,0,0.174,0,0,0,0.378,0,0,0,0,0.152,0.222,0.183,0,0,0,0,0.436,0,0.179,0.162,0.337,0,0.237,0,0.343,0,0,0,0,0,0,0,0,0,0.169,0.179,0,0,0,0,0,0,0,0,0,0,0,0.214,0,0,0,0,0,0,0,0.19,0,0.223,0.173,0,0,0,0,0,0,0,0,0,0,0,0,0,0,0,0,0,0,0,0,0,0,0.193,0.398,0,0,0,0,0.151,0,0,0,0.307,0,0,0,0,0,0.227,0,0,0.834,0,0.31,0,0,0,0,0,0,0,0.211,0,0.255,0.195,0,0,0,0,0,0,0.533,0,0.191,0,0,0,0,0,0.459,0,0,0,0,0,0.229,0,0,0,0,0,0,0,0.184,0.701,0,0.288,0.75,0.175,0.198,0,0,0,0.404,0,0,0.2,0,0,0.157,0.255,0,0,0,0,0.23,0,0,0,0,0,0,0.204,0.474,0,0,0,0,0,0,0,0,0,0,0,0.357,0,0,0.231,0,0,0.224,0,0.187,0.392,0,0.195,0,0.95,0,0,0,0.335,0.175,0,0.154,0.16,0.309,0,0,0,0,0,0.235,0.843,0.983,0.34,0,0,0,0,0,0.191,0,0,0.218,0,0.19,0.156,0,0,0.163,0,0,0,0,0.27,0.227,0.233,0,0,0,0,0.311,0,0,0,0,0,0.221,0,0,0,0.313,0,0,0.157,0,0,0,0.192,0,0,0,0.321,0,0,0.309,0,0,0,0.15,0,0.206,0.224,0,0.949,0,0.255,0,0,0,0,0,0,0,0,0,0,0,0.254,0,0,0.226,0,0,0.588,0.179,0,0.161,0.193,0.156,0,0,0.167,0.223,0,0,0,0,0.208,0,0,0,0.383,0.286,0.197,0,0,0,0.211,0.206,0,0,0.288,0,0,0,0,0.318,0,0,0,0,0,0,0,0,0,0,0,0,0,0,0,0,0,0,0,0,0,0,0,0,0,0,0,0,0,0,0,0,0,0,0,0,0,0,0,0,0,0,0,0,0.267,0,0,0,0,0,0,0,0,0,0,0,0,0,0,0,0,0,0,0.163,0,0.199,0,0,0.292,0,0,0,0,0,0,0,0,0,0,0,0,0,0,0.21,0,0,0.42,0,0,0,0,0.216,0,0,0,0,0.167,0,0,0,0,0,0,0,0,0,0,0,0,0,0,0,0,0,0,0,0.169,0,0,0,0,0,0,0,0,0,0.227,0,0,0,0,0,0,0,0.197,0,0,0,0,0,0,0,0.193,0,0,0,0,0,0,0.251,0,0,0,0,0,0,0,0,0,0,0,0,0,0,0.199,0,0,0,0,0,0,0.194,0,0,0,0,0,0,0,0,0,0,0,0,0,0,0,0,0,0,0,0,0,0,0,0,0,0,0,0.15,0,0,0,0,0,0.209,0,0,0,0,0,0,0,0,0,0,0,0,0,0,0,0,0,0.329,0,0,0,0,0,0,0,0,0,0,0,0,0,0,0,0,0,0,0,0,0,0.183,0,0,0,0,0,0,0,0,0,0,0,0,0,0,0,0,0,0,0,0,0,0,0,0,0,0,0,0,0,0,0,0,0,0,0.951,0,0,0,0,0,0,0,0,0,0,0,0,0,0,0,0,0.192,0,0,0,0,0,0,0,0,0,0,0,0,0,0,0,0,0,0,0,0,0,0,0,0,0,0,0,0,0,0,0,0,0,0,0,0,0,0,0,0,0,0,0,0,0.329,0,0,0,0,0,0.333,0,0,0,0,0,0,0,0,0,0,0,0.152,0,0,0,0,0,0,0,0,0,0,0,0,0,0,0,0,0.324,0,0,0,0,0,0,0,0,0,0,0,0,0,0,0,0,0,0,0,0,0,0,0,0,0,0,0,0,0,0.195,0,0.415,0,0,0,0.16,0,0,0,0,0,0,0,0,0,0,0,0,0,0,0,0,0,0,0,0,0,0,0,0.311,0,0,0,0,0,0,0,0,0,0,0,0,0,0,0,0,0,0,0,0,0,0,0,0,0,0,0,0,0,0,0,0,0,0,0,0,0,0,0,0,0,0,0,0,0,0,0,0,0,0,0,0,0.359,0,0,0,0,0.928,0.165,0,0,0.481,0,0,0,0,0,0,0,0,0,0,0,0,0,0,0,0,0,0.224,0,0,0,0,0,0,0,0,0,0,0,0,0,0,0,0,0,0,0,0,0,0,0,0,0,0,0,0.192,0,0,0,0,0,0,0,0,0,0,0,0,0.368,0,0,0,0,0.355,0,0,0,0,0,0,0,0,0,0,0,0,0,0,0,0.198,0,0,0,0,0,0,0,0,0,0,0,0,0,0,0,0.233,0,0,0,0,0,0,0,0,0,0,0,0,0,0,0,0,0,0,0,0,0,0,0,0,0,0.205,0,0,0,0,0,0,0,0,0,0,0,0,0,0,0,0,0,0,0,0,0,0,0,0.16,0,0.307,0,0,0,0,0.246,0,0,0.156,0.155,0,0.227,0.609,0,0,0,0,0,0,0,0,0,0,0,0,0,0,0,0,0,0,0,0,0,0,0,0,0,0,0,0,0,0,0,0,0,0,0,0,0,0,0,0,0,0.481,0,0.156,0.235,0,0,0,0,0,0,0,0,0,0,0,0,0,0,0.312,0,0,0,0,0,0,0,0,0.2,0,0,0,0,0,0,0,0,0,0,0,0,0,0,0,0,0,0,0,0,0,0,0,0,0,0,0,0,0,0,0,0,0,0,0,0,0,0.284,0,0,0,0,0.319,0,0,0,0.173,0,0,0,0,0,0,0,0.161,0,0,0,0.29,0,0,0.151,0,0,0,0,0,0,0,0,0,0,0,0,0,0,0,0,0,0,0,0,0,0,0,0,0,0,0,0,0.152,0,0,0,0,0,0,0,0,0,0,0.227,0,0,0,0,0,0,0,0,0,0,0,0.307,0,0,0.234,0,0,0,0,0,0,0,0,0,0,0,0.175,0.162,0,0,0,0,0,0,0,0,0,0.161,0,0,0,0,0,0,0,0.15,0,0,0,0.203,0,0,0.216,0,0,0,0,0,0,0,0,0,0,0,0,0.16,0,0,0,0,0,0,0,0.335,0,0,0,0.454,0,0.443,0,0,0,0,0,0,0,0.173,0.224,0,0,0,0,0.386,0,0,0,0,0,0,0,0,0,0,0,0,0,0,0,0,0.263,0,0.386,0,0,0,0,0,0,0,0,0,0,0.486,0,0,0,0,0,0,0,0,0,0,0,0,0,0,0,0,0,0,0,0,0,0,0,0.209,0,0,0,0.216,0,0,0,0,0,0,0,0.189,0,0.382,0,0,0,0,0,0,0,0,0.248,0,0,0.261,0,0,0,0,0,0,0,0,0,0,0,0,0,0,0,0,0,0,0,0,0.535,0,0,0,0,0,0,0,0,0,0,0.323,0,0,0,0,0,0,0,0.379,0,0,0,0,0,0,0.307,0,0,0,0,0,0,0,0,0,0,0.208,0,0,0,0,0,0,0,0,0,0,0,0,0.217,0,0.183,0,0,0,0,0,0,0,0,0.214,0.953,0,0,0,0.214,0,0,0,0,0.465,0.339,0,0.186,0,0,0,0,0,0.582,0,0,0,0,0,0,0,0,0,0,0,0,0,0,0,0,0,0,0,0,0,0,0,0,0,0,0,0,0,0,0,0,0,0,0,0,0,0,0,0,0,0,0,0,0,0,0,0,0,0.248,0,0,0,0,0,0,0,0.157,0,0,0,0,0,0,0,0,0,0,0,0,0,0,0.313,0,0,0,0,0.159,0,0,0.26,0,0,0.37,0,0,0,0,0,0,0,0,0,0,0,0,0,0,0,0,0.212,0,0,0,0,0,0,0,0,0,0,0,0,0,0,0,0,0,0,0,0.296,0,0,0,0,0,0,0,0,0,0,0,0.317,0,0,0,0,0,0,0,0,0,0.322,0,0,0,0,0,0,0,0,0,0,0,0,0,0,0,0,0,0,0,0,0,0,0,0,0.203,0,0,0,0.167,0,0,0.228,0,0,0,0,0,0.189,0,0.321,0,0.222,0,0,0,0.158,0,0,0,0,0,0,0.202,0,0,0,0,0,0.528,0,0,0,0,0,0,0,0,0,0,0,0,0,0,0,0,0.168,0.167,0,0,0.221,0,0,0,0,0.171,0,0,0,0,0,0,0.55,0.183,0.194,0,0,0,0,0,0,0,0.196,0,0,0,0,0,0,0.219,0.204,0.244,0.258,0,0.163,0,0.196,0.216,0,0,0,0,0,0,0,0.216,0,0,0,0,0,0,0,0.304,0,0,0,0,0,0,0,0,0,0,0,0,0,0,0,0,0,0,0,0,0,0,0,0,0,0,0,0,0,0,0,0,0,0,0,0,0.151,0.176,0,0,0,0,0,0,0,0,0,0,0,0,0,0,0,0,0,0,0,0,0,0,0,0,0,0,0,0.218,0,0,0,0,0,0,0,0.31,0,0.209,0,0,0,0,0,0,0,0,0,0,0,0,0,0,0,0,0,0,0,0,0,0,0,0,0,0,0.152,0,0,0,0,0,0,0,0,0,0,0,0,0,0,0,0,0,0,0,0,0,0,0,0,0,0,0,0,0,0,0,0.17,0,0,0,0,0,0,0,0,0,0,0,0,0,0,0,0,0,0,0,0,0,0,0,0,0,0,0,0,0,0,0,0,0,0,0,0,0,0,0,0,0,0,0,0,0,0,0,0,0,0,0,0,0,0,0,0,0,0,0,0,0,0,0,0,0,0,0,0,0,0,0,0,0,0,0,0,0,0,0,0,0,0,0,0,0,0,0,0,0,0,0,0,0,0,0,0,0,0,0,0,0,0,0,0,0,0,0,0,0,0,0,0,0,0,0,0,0,0,0,0,0,0,0,0,0,0,0,0,0,0,0,0,0,0,0,0,0,0,0,0,0,0,0,0,0,0,0,0,0,0,0,0,0,0,0,0,0,0,0,0,0,0,0,0,0,0,0,0,0,0,0,0,0,0,0,0,0,0,0,0,0,0.299,0,0,0,0,0,0,0,0,0,0,0,0,0,0,0.218,0,0,0,0,0.338,0,0,0,0,0,0,0,0,0,0.39,0,0,0,0.154,0,0,0,0.182,0,0,0,0,0,0.22,0,0,0,0,0,0,0,0,0,0,0,0,0,0,0,0,0,0,0,0,0,0,0,0,0,0,0,0,0.386,0.224,0,0.238,0,0,0,0.194,0,0,0,0,0,0,0,0,0,0,0,0.181,0,0,0,0,0,0,0.347,0,0,0,0,0,0,0,0,0,0,0.249,0,0.159,0,0,0,0,0.592,0,0,0,0,0,0,0,0,0,0.988,0,0,0.15,0,0,0,0,0,0,0,0,0,0,0,0,0,0.396,0,0,0,0,0,0,0,0,0,0,0,0,0,0,0,0,0,0,0.156,0,0,0,0,0,0,0,0,0,0,0.152,0,0,0,0,0,0,0,0,0,0,0,0,0,0,0,0,0,0,0,0,0,0,0,0,0,0.228,0,0,0,0,0,0.277,0,0,0,0,0,0,0,0.155,0,0,0,0,0,0,0,0,0,0,0,0,0,0,0,0.392,0,0,0,0.276,0,0,0,0,0,0,0,0,0,0,0,0.282,0,0,0,0,0,0.221,0,0,0,0,0,0,0,0,0,0,0,0,0,0,0,0,0,0,0.941,0,0,0,0,0,0,0,0,0,0,0,0,0,0,0,0,0,0,0,0,0,0,0,0,0,0,0,0,0,0,0,0,0,0,0,0,0,0,0,0,0,0,0,0,0,0,0,0.307,0,0,0,0,0,0,0,0,0,0,0,0,0,0,0,0,0,0,0.175,0,0,0,0,0,0,0,0,0,0,0,0,0,0,0,0,0,0,0,0,0,0,0,0,0,0,0,0,0,0,0,0,0,0,0,0.242,0,0,0,0.175,0,0,0,0,0,0,0,0,0,0,0,0,0,0,0.274,0,0,0.304,0,0,0,0,0,0,0.416,0,0,0,0,0.346,0,0,0.317,0,0,0,0,0,0,0,0,0,0,0,0,0,0.187,0.257,0,0,0.162,0,0.251,0.215,0,0,0,0,0.243,0,0,0,0,0.258,0,0,0.694,0,0,0.175,0,0,0,0,0,0,0,0,0,0,0,0,0,0,0.454,0.187,0,0,0,0.298,0,0.162,0,0,0,0,0,0,0.552,0,0,0,0,0,0,0,0,0,0,0,0,0,0,0,0,0,0,0,0,0,0,0,0,0,0,0,0,0,0,0,0,0,0,0,0,0,0,0,0,0,0,0,0.234,0,0,0.151,0,0,0.22,0,0,0,0,0,0,0,0.307,0,0,0,0,0,0,0,0,0,0,0,0,0,0,0,0,0,0,0,0,0,0,0.276,0,0.342,0,0,0,0,0,0,0,0,0,0,0.22,0.205,0,0,0,0,0.163,0,0,0,0,0,0,0,0,0,0,0,0,0,0,0,0,0,0,0.163,0,0,0,0,0,0,0,0,0,0,0,0,0,0,0,0,0,0,0,0,0,0,0,0,0,0.2,0,0,0,0,0,0.218,0,0,0.284,0,0,0,0,0,0.279,0,0,0,0.163,0,0,0,0,0,0,0.299,0,0,0,0,0,0,0,0,0,0,0,0,0,0,0,0,0,0,0,0,0,0,0.648,0,0,0,0,0,0,0,0,0,0,0,0,0,0,0,0,0,0,0,0,0,0,0,0,0,0,0,0,0,0,0,0,0.189,0,0,0,0,0,0,0,0,0,0,0,0,0,0,0,0,0,0,0.252,0,0,0,0.512,0,0,0,0,0,0,0,0,0,0,0,0,0.194,0,0,0,0,0,0,0,0,0,0,0.353,0,0,0,0,0,0,0,0,0,0,0,0,0,0,0.157,0,0.206,0,0,0,0.235,0,0,0,0,0,0,0,0,0,0,0,0,0,0,0,0,0,0,0,0,0,0,0,0,0,0,0,0,0,0,0,0,0,0,0.167,0,0,0,0,0,0,0,0,0,0,0,0,0,0,0,0,0,0,0,0,0,0,0,0,0,0,0,0,0.26,0,0,0,0,0,0,0,0,0,0,0,0,0,0,0,0,0,0,0,0,0,0,0,0,0,0,0,0,0,0,0,0,0.191,0,0,0,0,0,0,0,0,0,0,0,0.179,0,0,0,0,0,0.179,0,0,0,0,0,0,0,0.156,0,0,0,0,0,0,0,0,0,0,0,0,0,0,0,0,0,0,0,0.171,0,0,0,0,0,0,0,0,0,0,0,0,0,0,0,0,0,0,0,0,0,0,0,0,0,0,0,0,0,0,0,0,0,0,0,0,0,0,0,0,0,0,0,0,0,0,0,0,0,0,0,0,0,0,0,0,0,0,0,0,0,0,0,0,0.153,0,0,0,0,0,0,0,0,0,0,0,0,0.163,0,0,0,0,0,0,0.224,0,0.163,0,0,0,0,0,0,0,0,0,0,0,0,0,0,0.179,0.307,0,0.235,0,0,0,0,0,0,0,0,0,0,0,0,0,0,0,0,0,0,0,0.621,0,0,0,0,0,0,0,0,0,0,0,0,0,0,0,0,0.175,0,0,0,0,0,0,0,0,0,0,0,0.167,0,0.215,0,0,0,0,0,0,0,0,0,0,0.183,0,0,0,0,0,0,0,0,0,0,0,0,0,0,0,0,0,0,0,0,0,0,0,0,0,0,0,0,0,0,0,0,0,0,0.216,0,0,0,0,0,0,0,0,0,0,0,0,0,0,0,0,0,0,0.15,0,0,0,0,0,0,0,0,0,0,0,0,0,0,0,0,0,0,0,0,0,0,0,0,0,0,0,0,0,0.181,0,0,0,0,0,0.191,0,0,0,0,0,0,0,0,0,0,0,0.197,0,0,0,0,0,0,0,0,0,0,0,0,0.19,0,0,0,0,0,0,0,0,0,0,0,0,0.222,0,0,0,0,0,0,0,0,0,0,0,0,0,0,0,0,0,0,0,0,0,0,0,0,0,0,0,0,0,0,0,0,0,0,0,0,0,0,0,0,0,0,0,0,0,0,0,0,0,0,0,0,0,0,0,0,0,0,0,0,0,0,0,0,0,0,0,0,0,0,0,0,0,0,0,0,0,0,0,0,0,0,0,0,0,0,0.313,0,0,0,0,0,0,0,0,0,0,0,0,0,0,0,0,0,0,0,0,0,0,0,0,0,0,0,0,0,0,0,0,0,0,0,0,0,0,0,0,0,0,0,0,0,0,0.154,0,0,0,0,0,0,0,0,0,0,0,0,0,0,0,0,0,0,0,0,0,0,0,0,0,0,0,0,0,0,0,0,0,0,0,0,0,0,0,0,0,0,0,0.192,0,0,0,0,0.185,0,0,0,0,0,0,0,0,0,0,0.264,0,0,0,0,0,0,0,0,0,0,0,0,0,0,0,0,0,0,0,0,0,0,0,0,0,0,0,0,0,0,0,0,0,0,0,0,0,0,0,0,0,0,0,0,0,0,0,0,0,0,0,0,0,0,0,0,0,0,0,0,0,0,0,0,0,0,0,0,0,0,0,0,0,0,0,0,0,0,0,0,0,0,0,0,0,0,0,0,0,0,0,0,0,0,0,0,0,0,0,0,0,0,0,0,0,0,0,0,0,0,0,0,0,0,0,0,0,0,0,0.684,0,0,0,0,0,0,0,0,0,0,0,0,0,0,0,0,0,0,0,0,0,0,0,0,0,0,0,0,0,0,0,0,0,0,0,0,0,0,0,0,0,0,0,0,0,0,0,0,0,0,0,0,0,0.229,0,0,0,0,0,0,0,0,0,0,0,0,0,0,0,0,0,0,0,0,0,0,0,0,0
850764,0,0.313,0,0,0,0,0,0,0,0,0,0,0,0,0,0,0,0,0.248,0,0,0,0,0,0.202,0,0.395,0,0,0,0,0,0,0,0,0,0,0,0,0,0,0,0,0.212,0,0,0,0,0,0.192,0,0.999,0,0,0,0,0.167,0,0,0,0.181,0,0.183,0,0,0,0,0,0,0,0.251,0,0,0,0,0,0,0,0,0,0,0,0,0,0,0.181,0,0,0,0,0,0.284,0,0,0.216,0.999,0,0.181,0,0,0,0,0,0,0,0,0.181,0,0,0,0,0,0,0,0,0,0,0,0.268,0.162,0,0,0.228,0,0,0,0,0.98,0,0,0,0,0,0,0,0,0,0.212,0.408,0,0.999,0.179,0.312,0,0,0,0,0,0,0,0.34,0,0,0,0,0.903,0,0,0,0,0,0,0,0,0,0,0,0,0,0,0,0,0,0,0,0,0,0,0,0,0,0,0,0,0,0,0,0,0,0.716,0.279,0,0,0,0,0.455,0,0,0,0,0,0,0,0.398,0,0,0.999,0,0,0.385,0,0,0.192,0.375,0,0,0.18,0.218,0,0,0.999,0,0.34,0,0,0,0,0,0,0.913,0,0,0.996,0.212,0.339,0,0.519,0,0,0,0,0,0,0.373,0.485,0,0,0,0,0,0,0,0,0,0,0,0.314,0,0,0,0.239,0,0,0,0.18,0,0,0,0,0,0,0,0,0,0.194,0.998,0,0.221,0,0,0,0,0.912,0,0,0.522,0,0.919,0,0.379,0,0,0,0,0,0.499,0,0,0,0,0.999,0,0,0.419,0,0,0.204,0.34,0,0.999,0,0,0,0,0.998,0,0,0,0,0,0,0,0,0.206,0.192,0.316,0,0,0,0.798,0,0.18,0.379,0,0.383,0,0,0,0,0,0,0,0,0,0,0.301,0,0,0,0,0.252,0,0,0,0,0,0,0,0,0.418,0,0.254,0,0,0,0,0.238,0.221,0.169,0.999,0.219,0.92,0,0,0,0,0.999,0,0,0,0,0,0,0.999,0,0,0,0.241,0,0,0.449,0,0,0,0,0,0.999,0,0.697,0,0.501,0.313,0.207,0,0.516,0,0,0,0,0.967,0,0,0,0.158,0,0,0,0,0,0,0,0,0,0.178,0,0.185,0.214,0,0,0,0.226,0,0,0,0,0,0,0,0.361,0,0,0,0,0,0,0,0,0,0.285,0,0.999,0,0.416,0,0,0,0,0.597,0,0.229,0,0,0,0,0,0,0,0,0,0,0.159,0,0,0.999,0,0,0,0,0,0.668,0,0,0,0,0,0,0,0,0,0,0,0.803,0,0,0,0,0,0.913,0.354,0.482,0.252,0,0,0,0,0,0,0,0.415,0,0.234,0,0,0.386,0.252,0,0.999,0.162,0,0,0,0,0,0,0,0.226,0.843,0,0,0,0,0,0,0,0.313,0,0.698,0,0.312,0,0.686,0,0,0.638,0.195,0,0,0,0.239,0.362,0,0,0,0,0,0,0,0,0,0,0,0,0,0,0,0.185,0.479,0,0,0,0,0,0,0.667,0,0.203,0.216,0,0,0,0,0,0,0,0,0.608,0,0,0.353,0,0.616,0,0,0.342,0,0,0,0.518,0,0.248,0,0,0,0.226,0,0,0,0.192,0,0,0,0,0,0,0,0,0.237,0.692,0,0,0,0,0,0,0.539,0.9,0,0,0,0,0,0,0,0.301,0,0,0,0,0,0,0,0.253,0,0.307,0,0,0,0.239,0.54,0,0,0.241,0,0,0.242,0,0,0,0,0,0,0,0,0,0,0,0,0,0,0,0.229,0,0,0,0,0,0,0,0,0,0,0.361,0.239,0,0,0,0.246,0.289,0,0,0.162,0,0,0,0.379,0,0,0,0,0,0,0.184,0,0,0.279,0,0.323,0.328,0,0.284,0,0,0,0,0,0,0.167,0.334,0.999,0,0,0,0.159,0,0,0.398,0,0,0,0.999,0,0,0,0.161,0,0.695,0.296,0,0,0,0,0.258,0,0,0,0,0.241,0.3,0,0,0.999,0,0.826,0,0,0.461,0,0,0,0,0,0,0,0,0,0,0,0.189,0,0,0,0.632,0,0.293,0,0,0.748,0,0,0,0.301,0,0,0.212,0.153,0.517,0.241,0,0,0,0.156,0.172,0,0,0,0,0,0,0,0,0,0,0.173,0,0.481,0,0,0,0.175,0,0,0,0,0,0.799,0,0,0,0.309,0.221,0,0,0,0,0,0,0.161,0,0,0,0,0,0,0,0,0,0,0.999,0,0.207,0.685,0,0,0,0,0,0,0,0,0.254,0,0,0,0.441,0,0,0,0.367,0,0,0,0,0,0,0,0,0.16,0.999,0.247,0,0,0,0,0,0,0.713,0,0,0,0,0.155,0,0.999,0,0,0,0,0,0.307,0,0,0,0,0,0,0,0.168,0.17,0.176,0,0,0,0.232,0.18,0,0.306,0,0.29,0.312,0.998,0,0.998,0,0,0,0,0.176,0,0,0,0.999,0,0.212,0.301,0.171,0.384,0,0.999,0,0.805,0.225,0.999,0,0.338,0,0,0,0,0,0,0.248,0,0,0,0,0,0,0,0.977,0,0.947,0.999,0,0.418,0,0,0,0,0,0.812,0,0,0,0,0,0.302,0,0,0,0.389,0,0.999,0,0,0,0,0,0,0,0,0,0,0,0,0.591,0,0,0,0,0,0,0,0,0,0,0,0,0,0,0,0,0,0,0,0,0,0,0,0,0,0,0,0,0,0,0,0,0,0,0,0.181,0,0,0,0,0,0,0,0.209,0,0,0,0,0,0,0.999,0,0,0,0,0,0,0,0,0,0.999,0,0,0,0,0,0,0,0,0,0,0,0,0.905,0,0,0,0,0,0,0,0,0,0,0,0,0,0,0,0.616,0,0,0,0.161,0,0.404,0,0,0,0,0.399,0,0,0,0,0,0,0,0,0,0,0,0,0,0,0,0,0,0,0,0,0,0,0.999,0,0,0,0,0,0,0.181,0,0.984,0,0,0,0,0,0,0,0,0,0,0,0,0,0,0,0,0,0,0.999,0,0,0.173,0,0,0,0,0,0,0,0.999,0,0,0,0.177,0,0,0,0,0.999,0.328,0.678,0,0,0,0.251,0,0,0,0.507,0,0,0,0,0,0,0,0,0,0,0,0,0,0,0,0,0,0,0,0,0,0,0,0,0,0,0.999,0,0,0,0.402,0,0,0.334,0,0,0,0,0,0,0,0,0.999,0,0,0.3,0,0,0,0.18,0,0.429,0,0.828,0.683,0,0,0,0,0,0,0,0,0,0,0,0,0,0,0,0,0,0,0,0,0,0,0,0,0,0,0,0.999,0,0,0,0,0,0.441,0,0,0,0,0,0,0.234,0,0,0.857,0,0,0,0,0,0,0,0,0.41,0,0,0,0,0,0,0.999,0,0.999,0,0,0,0.287,0,0,0,0,0,0,0,0,0,0,0,0,0,0,0,0,0,0,0,0,0,0,0,0,0,0.222,0,0,0,0,0,0,0,0.574,0,0,0,0,0,0,0,0,0,0,0,0,0.638,0,0,0,0,0,0.328,0,0,0,0,0,0,0,0,0,0,0.31,0,0,0.447,0,0,0,0,0,0,0,0,0,0,0,0,0,0.999,0,0,0,0,0,0,0,0,0,0,0,0,0,0.216,0,0,0.633,0.174,0,0,0,0,0,0,0,0,0.157,0,0,0,0,0,0,0,0,0,0,0,0,0.577,0,0,0.572,0,0,0,0,0,0.18,0.428,0.474,0,0,0,0,0,0,0,0,0,0,0,0,0,0,0,0,0,0,0,0,0,0,0,0,0.263,0,0,0,0,0,0,0,0,0,0.599,0,0,0,0,0,0,0,0,0.168,0,0,0,0,0,0,0,0.999,0,0,0,0,0,0,0,0,0,0,0,0,0,0,0,0,0,0,0,0,0,0,0,0.311,0,0,0,0,0,0.385,0,0,0,0,0,0,0,0,0,0,0,0,0,0,0,0,0,0,0,0,0,0,0,0.33,0,0,0,0,0,0.3,0,0,0,0,0,0,0,0,0,0,0,0,0,0,0,0,0,0,0.297,0.285,0,0,0,0.212,0,0,0,0,0,0,0,0,0.485,0,0,0,0,0,0,0,0,0,0,0,0,0,0,0,0,0,0,0,0,0,0,0,0,0,0,0,0,0,0,0,0,0,0,0,0,0,0,0,0,0,0.164,0,0,0,0,0,0,0,0,0,0,0,0.322,0,0.33,0,0.803,0.278,0,0.321,0.999,0.356,0.286,0,0,0.261,0,0,0.358,0,0,0,0,0.997,0,0,0,0.151,0,0,0,0,0,0.275,0,0,0.422,0,0,0,0,0,0.415,0,0,0,0.171,0,0,0,0,0,0.999,0.423,0.261,0,0.999,0.153,0,0,0,0,0,0.217,0,0,0,0.999,0,0.393,0,0.288,0,0,0,0,0.226,0,0,0,0,0,0,0,0,0.173,0.539,0,0,0.431,0,0,0.203,0,0.999,0,0,0,0,0,0.305,0,0,0,0.24,0.229,0,0.187,0,0.429,0.273,0,0,0,0,0.934,0,0.385,0,0,0,0,0,0,0,0,0.999,0.745,0.363,0.157,0.506,0,0.229,0,0,0,0.999,0,0,0,0,0.183,0,0,0.16,0,0,0,0.281,0,0.597,0,0,0,0.91,0,0.333,0,0,0,0,0,0,0.999,0,0.373,0.546,0.311,0,0.152,0,0,0.196,0.698,0,0.614,0.833,0,0.999,0,0.175,0,0,0.512,0,0,0,0.447,0.731,0,0,0.402,0,0,0,0,0.327,0,0.224,0.193,0.161,0,0.912,0,0,0.212,0.859,0,0.904,0,0,0,0.561,0,0,0.52,0,0,0.238,0.156,0,0,0,0,0,0.19,0,0.163,0.345,0,0.388,0.356,0,0,0.348,0,0,0.425,0,0,0,0.394,0,0,0,0,0,0.274,0,0,0,0,0,0,0,0,0,0,0.388,0,0,0,0.376,0,0,0,0,0,0,0,0,0,0,0,0,0,0,0,0,0,0,0,0,0,0.364,0,0,0.999,0,0,0,0,0,0,0,0,0,0,0,0,0,0,0,0,0,0,0,0,0.154,0,0,0,0,0,0,0,0,0,0,0,0,0,0,0,0,0,0,0,0,0,0,0,0,0,0.253,0.341,0,0.916,0,0,0,0,0,0,0,0,0,0,0,0,0,0,0,0,0,0,0,0,0,0,0.806,0,0.618,0,0,0,0,0,0,0,0,0,0,0,0,0,0,0,0,0,0,0,0,0,0,0,0,0,0,0.666,0,0,0.743,0,0,0,0,0.192,0,0,0,0.254,0,0,0,0,0,0,0,0,0,0,0,0,0,0,0,0,0,0,0,0,0,0,0,0,0,0,0.696,0,0,0,0.213,0,0,0,0,0,0,0,0,0.192,0,0,0,0,0,0,0,0,0,0,0,0,0,0,0,0,0.72,0,0,0.998,0,0,0,0,0,0,0,0,0,0,0,0,0.242,0,0,0,0.331,0,0,0,0,0,0,0,0,0,0,0,0,0,0,0,0,0,0,0,0,0,0.178,0,0,0,0,0,0,0,0,0,0,0.27,0,0,0,0.176,0,0.176,0,0,0,0,0,0.162,0,0,0,0,0.999,0,0,0,0,0,0,0.693,0,0,0,0,0,0,0.24,0,0,0,0,0,0.436,0,0,0,0,0.17,0,0,0,0,0,0,0,0,0,0,0,0,0,0,0.156,0,0,0,0,0,0,0.999,0,0,0.301,0.212,0,0.999,0,0,0,0,0.999,0,0,0,0,0,0,0,0.159,0,0,0,0,0,0,0,0,0,0.176,0,0,0,0,0.499,0.344,0,0,0.689,0,0,0,0,0,0,0.289,0.999,0,0,0,0.6,0,0,0,0,0,0,0,0,0,0,0,0,0,0,0,0,0,0,0,0,0,0,0.178,0,0.298,0,0,0,0,0,0,0.322,0,0.414,0,0.57,0,0,0,0,0.175,0,0,0,0,0,0,0,0,0,0,0,0,0,0,0,0,0.362,0,0.331,0.378,0,0.485,0.278,0,0.301,0,0,0,0,0,0,0.277,0,0.999,0,0,0,0,0,0,0,0.57,0,0.184,0,0,0,0,0.765,0.903,0,0,0,0,0,0,0,0,0,0,0.301,0.391,0,0,0,0.155,0,0,0,0,0,0.287,0.863,0,0,0.164,0,0,0,0.25,0,0,0,0,0,0,0,0,0,0,0,0.999,0,0.439,0.999,0,0,0,0,0,0,0,0,0.157,0,0,0,0,0,0,0,0,0,0,0,0,0,0,0,0,0,0,0,0,0,0,0,0,0,0,0,0,0,0,0,0,0,0,0,0,0,0,0.212,0,0,0.29,0,0.212,0,0,0,0.331,0,0,0,0,0,0,0,0,0,0,0,0,0,0,0,0,0,0,0,0,0,0,0,0,0,0,0.308,0,0,0,0.293,0,0,0,0,0,0,0,0,0,0,0,0,0.294,0,0,0,0,0,0,0,0.158,0,0,0,0,0,0,0,0,0,0,0,0.52,0,0,0,0,0,0,0,0,0,0,0,0,0,0,0,0,0,0,0,0,0,0,0,0,0.342,0,0,0,0,0,0,0,0,0,0,0,0,0,0,0,0,0,0,0.999,0,0,0,0,0,0,0,0,0.461,0,0,0,0,0,0,0,0,0,0,0,0,0,0,0,0,0,0,0,0.164,0,0,0,0,0,0,0.164,0,0,0,0,0,0,0,0.297,0,0,0,0.459,0,0,0,0,0,0,0,0,0,0,0,0.164,0,0,0,0,0,0,0.228,0,0,0,0,0,0,0,0,0.245,0.152,0,0,0.168,0,0,0,0,0,0.818,0,0.684,0,0,0,0.212,0,0,0,0,0,0,0.164,0,0,0,0,0,0,0,0,0,0.164,0,0,0,0,0,0.288,0,0,0,0,0,0,0,0,0,0,0.349,0,0,0,0,0,0.181,0,0,0,0,0,0,0,0,0,0,0,0,0,0,0,0,0,0,0,0,0.24,0,0,0,0,0,0,0,0,0,0,0.802,0,0,0,0,0,0,0,0,0,0,0,0,0,0,0.992,0.756,0.999,0.606,0,0,0,0.215,0.999,0.998,0.999,0.454,0.354,0.999,0,0.172,0,0.999,0,0.998,0.999,0.164,0.22,0,0.312,0.211,0.295,0.999,0.775,0.999,0.378,0.357,0.999,0.198,0.857,0.209,0,0,0.608,0.999,0.59,0.999,0.643,0.983,0.999,0,0,0.999,0.999,0.292,0.974,0.345,0.993,0.619,0,0.429,0.608,0.638,0.948,0,0.227,0.999,0.999,0.999,0,0.98,0.999,0.999,0,0.265,0.999,0.608,0.999,0.159,0.239,0,0.608,0,0,0,0.999,0.999,0,0.999,0.999,0.999,0,0,0.999,0.239,0.608,0.754,0.29,0.999,0.222,0.545,0,0.999,0.999,0.303,0.98,0,0.786,0.999,0.858,0.999,0.998,0.622,0.999,0.999,0.545,0,0.999,0.995,0.999,0,0.999,0.999,0.599,0.999,0.812,0,0,0,0.999,0.995,0.605,0.641,0.638,0,0.968,0.164,0.999,0.698,0.608,0.164,0.999,0.756,0.235,0,0,0.322,0.999,0.999,0,0,0,0.999,0.859,0.702,0.999,0.706,0,0.507,0.999,0.999,0.173,0.996,0.202,0.999,0,0.608,0.999,0,0.943,0.999,0.999,0.639,0.482,0.999,0.999,0.179,0,0.276,0.314,0,0,0,0,0,0.906,0.897,0,0.605,0.375,0.722,0.736,0,0.992,0.999,0.999,0.999,0.191,0.445,0,0.999,0.999,0,0,0.999,0,0.999,0.999,0,0.999,0.787,0,0.999,0.203,0.999,0.855,0,0.996,0.999,0.999,0,0.784,0.999,0,0,0,0,0.999,0,0.999,0,0.256,0.999,0,0,0,0.167,0,0,0,0,0,0,0.824,0.276,0,0,0,0,0,0,0,0,0,0,0,0,0,0,0,0,0,0,0,0,0,0,0,0,0,0,0,0,0,0,0,0.999,0,0.169,0,0,0,0,0,0,0.396,0,0,0,0.35,0,0.252,0,0,0,0,0.201,0,0,0,0.29,0,0,0,0,0,0,0.471,0,0,0,0,0,0,0,0,0,0,0,0,0,0.258,0.256,0,0,0,0,0,0,0.318,0,0,0,0.172,0,0,0,0,0,0,0,0,0,0,0,0,0,0,0.236,0,0,0,0,0,0,0,0,0,0,0,0,0,0,0,0,0,0.196,0,0,0,0,0,0,0,0,0,0,0,0,0,0.172,0,0,0,0,0,0,0,0.215,0,0,0,0,0,0,0,0,0,0,0,0,0,0,0,0,0,0,0,0,0,0,0,0,0,0,0,0,0,0,0,0.33,0,0,0,0,0,0,0,0,0,0,0,0,0,0,0,0,0.329,0,0,0,0,0.19,0,0,0,0,0,0,0,0,0,0,0.19,0,0.329,0,0,0,0,0,0,0,0,0,0,0,0.187,0,0,0,0,0,0.162,0,0,0.902,0,0,0,0.516,0.366,0,0.16,0.297,0,0,0.181,0,0.336,0,0.231,0.648,0,0.333,0,0,0,0,0,0,0,0,0,0,0,0,0,0,0,0,0,0,0,0,0,0,0,0,0.578,0,0,0,0,0,0,0,0,0,0,0,0,0,0,0,0,0,0,0,0,0,0,0,0,0,0,0,0,0,0,0,0,0,0,0,0,0.661,0,0,0,0.31,0,0,0,0,0,0,0,0,0,0,0,0,0,0,0,0,0,0,0,0,0,0,0,0,0,0.297,0,0,0,0,0,0,0,0,0,0,0,0.153,0,0,0,0,0,0,0,0.15,0.263,0,0,0,0,0,0,0,0,0,0,0,0,0,0,0,0,0,0,0,0,0.235,0,0,0,0,0,0,0,0,0,0,0,0,0,0,0,0,0,0,0,0,0,0,0,0,0,0,0,0,0,0,0,0,0,0,0,0,0,0,0,0,0,0,0,0,0,0,0,0,0,0,0,0,0,0,0,0,0,0,0,0,0,0,0,0.183,0,0,0,0,0,0,0,0,0,0,0,0,0,0,0,0,0,0,0,0,0,0,0,0,0,0,0,0,0,0,0,0,0,0,0,0,0,0,0,0,0,0,0,0.165,0,0,0,0,0.28,0,0,0,0,0,0.191,0,0,0,0,0,0,0,0.399,0,0,0,0,0,0,0,0,0,0,0,0,0,0,0,0,0,0,0,0,0,0,0,0,0,0,0,0,0,0,0,0,0,0,0,0,0,0,0,0,0,0,0,0,0,0,0,0,0.888,0,0,0,0,0,0,0,0,0,0,0,0,0,0,0,0.195,0,0,0,0,0,0,0,0,0,0,0,0,0,0,0,0,0,0,0,0,0,0,0,0,0,0,0,0,0,0,0,0,0.165,0,0,0,0,0,0,0,0,0,0,0,0,0,0,0,0,0,0,0,0,0,0,0.292,0,0,0,0,0,0,0,0,0,0,0,0,0,0,0,0,0,0,0.159,0,0,0,0,0,0,0,0,0,0,0,0,0,0,0,0,0,0.709,0,0,0,0,0,0,0,0,0,0,0.285,0,0,0,0,0,0,0,0,0,0,0,0,0,0.261,0,0,0,0,0,0,0.181,0,0.152,0,0,0,0,0,0.266,0,0,0,0,0,0,0,0,0,0,0,0,0,0,0,0,0,0,0,0,0,0,0,0,0,0,0,0,0,0,0,0,0,0,0,0.221,0,0,0,0,0,0.181,0,0,0,0.224,0,0,0,0.309,0,0,0,0,0,0,0.386,0,0,0,0,0,0,0,0,0,0,0,0,0,0,0,0,0,0,0,0,0,0,0,0,0,0,0,0,0,0,0,0,0,0,0,0,0,0,0,0,0,0,0,0,0,0,0,0,0,0,0,0.181,0.157,0,0,0,0,0,0,0,0,0,0,0,0,0,0,0,0,0,0,0,0,0,0,0,0,0,0,0,0,0,0,0,0,0,0,0,0,0,0,0,0,0,0,0,0,0,0,0,0,0,0,0,0,0,0,0,0,0,0,0,0,0,0,0,0,0.165,0,0,0,0,0,0,0,0.336,0,0,0.227,0,0,0,0,0,0,0,0,0,0,0,0,0,0,0,0,0,0,0,0,0,0,0,0,0,0,0,0,0,0,0,0,0,0,0,0,0,0,0,0,0,0,0,0,0,0,0,0,0,0,0,0,0,0,0,0,0,0,0,0,0,0,0.197,0,0,0,0,0,0,0.248,0,0,0,0,0,0,0,0,0,0,0,0,0,0,0,0,0,0,0.172,0,0,0,0,0,0,0,0,0,0,0,0,0,0,0,0,0.31,0,0,0,0.207,0.365,0.288,0,0,0.244,0,0,0,0,0,0,0,0,0,0,0,0,0,0,0,0,0,0,0,0,0,0,0,0,0,0,0,0,0,0,0,0,0,0,0,0,0,0,0,0.979,0,0,0,0,0,0,0,0,0,0,0,0,0,0,0,0,0,0,0,0,0,0,0,0,0,0,0,0,0,0,0,0,0,0,0,0,0,0,0,0,0,0,0,0,0,0,0,0,0,0,0,0,0,0,0,0,0,0,0,0,0,0,0,0,0,0,0,0,0,0,0,0,0,0,0,0,0,0,0,0,0,0,0,0,0,0,0,0,0,0,0,0,0,0,0,0,0,0,0,0,0,0,0,0,0,0,0,0,0.214,0,0,0,0,0,0,0,0,0,0,0,0,0,0,0,0,0,0,0,0,0,0,0,0,0,0,0,0,0.193,0,0,0,0,0,0,0,0,0,0,0.193,0.193,0,0,0,0,0,0,0,0,0,0,0,0,0,0,0,0,0,0,0,0,0,0,0,0,0,0,0.566,0,0,0,0,0,0,0,0,0,0,0,0,0,0,0,0,0,0,0,0,0,0,0,0,0,0,0,0,0,0,0,0,0,0,0,0,0,0,0,0,0,0,0,0,0,0,0,0,0,0,0,0,0,0,0,0,0,0,0,0,0,0,0,0,0,0,0,0,0,0,0,0,0,0,0,0,0,0,0,0,0,0,0,0,0.235,0,0
855658,0,0,0,0,0,0,0,0,0,0,0,0,0,0,0,0,0,0,0,0,0,0,0,0,0,0,0,0,0,0,0,0,0,0,0,0,0,0,0,0,0,0,0,0,0,0,0,0,0,0,0,0.999,0,0,0,0,0,0,0,0,0,0,0.616,0,0,0.163,0,0,0,0,0,0,0,0,0.196,0,0,0,0,0.288,0,0,0,0,0,0,0,0,0,0,0,0,0,0,0,0.999,0,0,0,0,0,0,0,0,0,0,0,0,0,0,0,0,0,0,0,0,0,0,0,0,0,0,0.371,0,0,0,0,0.727,0,0,0,0,0,0,0,0,0,0,0,0,0.998,0.238,0,0,0,0,0,0,0.45,0,0,0,0,0,0,0.905,0,0,0,0,0,0,0,0,0,0,0,0,0,0,0,0,0,0,0,0,0,0,0,0,0,0,0,0,0,0,0,0,0.174,0.737,0,0,0,0.269,0,0.293,0,0,0,0,0,0,0,0.809,0,0,0.999,0,0,0.168,0,0,0,0.393,0,0.271,0.193,0,0,0,0.999,0,0.17,0.282,0,0,0,0,0,0.507,0,0,0.999,0,0.314,0.24,0.274,0,0,0.207,0,0,0,0.226,0.517,0,0,0,0,0,0,0,0,0,0,0,0,0,0,0,0.26,0,0,0,0.308,0.175,0,0,0,0,0,0,0,0,0.162,0.974,0,0.195,0.236,0,0,0,0.752,0,0,0.473,0,0.923,0,0.349,0,0,0,0.272,0,0.183,0,0,0,0,0.999,0,0,0,0,0,0.246,0.257,0,0.999,0,0,0,0,0.977,0.185,0,0,0,0,0,0,0.231,0,0,0.273,0,0,0.154,0.906,0,0,0.522,0,0,0,0,0,0,0,0,0,0,0.675,0,0,0.32,0,0,0,0,0,0,0,0,0,0.181,0,0,0.297,0,0,0,0,0,0.322,0.626,0,0,0.999,0.172,0.954,0,0,0,0,0.999,0,0.161,0,0,0,0,0.999,0,0,0,0,0,0.2,0.52,0,0,0,0.173,0,0.999,0,0.898,0,0.414,0.199,0.228,0,0.385,0,0,0,0,0.578,0,0,0,0,0,0.205,0.176,0,0,0,0,0,0,0,0,0.321,0.247,0,0.236,0,0,0,0,0,0,0,0,0,0,0,0,0,0,0,0,0,0,0,0,0,0.995,0,0.344,0,0,0,0,0.654,0,0.183,0,0.715,0,0,0,0,0,0,0,0,0,0,0,0.999,0,0,0,0,0,0.891,0,0,0,0,0,0,0,0,0,0,0,0.628,0,0,0,0,0,0.908,0,0,0.582,0,0,0,0.162,0,0,0,0,0,0,0,0.156,0,0.237,0.211,0.999,0.282,0,0,0,0,0,0,0,0.448,0.901,0,0,0,0,0,0,0,0.319,0,0.972,0,0,0,0.235,0,0,0.256,0,0,0,0,0.248,0.305,0,0.173,0.462,0,0,0,0,0,0,0,0,0,0,0,0,0.284,0,0,0,0,0,0,0,0,0,0.241,0.171,0,0,0,0,0,0,0,0,0.913,0,0,0,0,0.768,0,0,0,0,0,0,0.489,0,0.181,0,0,0,0,0,0,0,0.198,0,0,0,0,0.193,0,0,0,0,0.858,0,0,0.25,0,0,0,0.894,0.901,0,0,0,0,0,0,0,0.173,0.608,0,0,0,0.217,0,0,0.169,0,0.672,0,0,0,0,0,0,0,0,0.154,0,0.22,0.2,0,0,0.294,0,0,0,0,0,0,0,0,0,0,0,0,0,0,0,0,0,0,0,0,0,0,0.795,0,0,0,0,0.349,0.241,0,0,0,0,0,0,0.522,0,0,0,0,0,0,0,0,0,0,0,0.24,0.516,0,0.191,0,0,0,0,0,0,0.153,0.355,0.999,0,0,0,0,0,0,0.328,0.175,0,0,0.995,0,0.226,0,0.355,0,0.742,0,0,0,0,0,0.233,0,0,0,0,0,0.319,0,0,0.999,0,0.807,0,0.2,0.326,0,0.185,0,0,0,0,0,0,0,0,0,0,0,0,0,0.342,0,0.315,0,0,0.412,0,0,0,0,0,0,0.508,0,0.188,0,0,0,0,0,0.21,0,0,0,0,0,0,0,0,0,0.663,0,0,0.155,0,0,0,0,0,0,0,0,0,0.837,0,0.172,0,0.422,0.187,0,0,0.157,0,0,0,0.193,0,0,0,0,0,0,0,0,0.236,0,0.999,0,0.431,0.866,0,0,0,0,0,0,0.184,0,0,0,0,0,0,0,0,0,0.353,0,0,0,0,0,0,0,0,0,0.999,0.295,0,0.194,0,0,0,0,0.697,0,0,0,0,0.181,0,0.999,0,0,0,0,0,0,0,0,0,0,0,0.165,0,0.212,0.396,0.45,0,0,0,0.244,0.228,0,0,0,0,0,0.946,0,0.998,0,0,0,0,0.188,0,0.241,0,0.999,0,0,0.184,0,0.443,0,0.999,0,0.918,0.366,0.999,0,0.292,0,0,0,0,0,0,0.266,0.209,0,0.192,0,0,0,0,0.984,0,0.931,0.999,0,0.307,0,0,0,0,0,0.715,0,0,0,0,0.309,0.898,0,0,0,0.236,0,0.999,0,0,0,0,0,0,0,0.218,0,0,0,0,0,0,0.343,0,0,0,0,0,0.218,0,0,0,0,0,0,0,0,0,0,0,0,0,0,0,0,0,0,0,0,0,0,0,0,0,0,0,0.23,0,0,0,0,0,0,0,0,0,0,0,0,0,0,0.999,0,0,0,0,0,0,0,0,0.187,0.999,0,0,0,0,0,0,0,0,0,0,0,0,0.912,0,0,0,0,0,0,0,0,0,0,0,0.322,0,0,0,0,0,0,0,0.179,0,0,0,0,0,0,0,0,0,0,0,0.179,0,0,0,0,0,0,0,0,0,0,0,0,0,0,0,0,0,0.999,0,0,0,0,0,0,0.279,0,0.916,0,0,0,0,0,0,0,0.353,0,0,0,0,0,0,0,0,0,0,0.999,0,0,0,0,0,0,0,0,0,0,0.999,0,0,0,0.511,0,0,0.19,0,0.999,0.407,0.648,0,0,0,0,0,0,0,0.304,0,0,0,0,0,0,0,0,0,0,0,0,0,0,0.345,0,0,0,0,0,0,0,0,0.277,0,0,0.999,0,0,0.16,0.457,0,0,0.273,0,0,0,0,0,0,0,0,0.999,0,0,0.335,0,0,0,0,0,0.499,0.3,0.909,0.273,0,0,0,0,0,0,0,0,0,0,0,0,0,0,0,0,0,0,0,0,0,0,0,0,0,0,0,0.999,0,0,0,0,0,0.445,0,0,0,0,0,0,0,0,0,0,0,0,0,0,0.215,0,0,0,0.443,0,0,0,0,0,0,0.999,0,0.999,0,0,0,0,0,0,0,0,0,0,0,0,0,0,0,0,0,0,0,0,0,0,0,0,0,0,0,0,0,0,0,0,0,0,0,0,0,0.688,0,0,0,0,0,0,0,0,0,0,0,0,0.779,0,0,0,0,0,0.425,0,0,0,0,0,0,0,0,0,0,0.195,0,0,0.458,0,0,0,0,0,0,0,0,0,0,0,0,0,0.998,0,0,0,0,0,0,0,0,0,0,0,0,0,0.211,0,0,0.36,0,0,0,0,0.22,0,0,0,0,0.261,0,0,0,0,0,0,0,0,0,0,0,0,0.315,0,0,0.779,0,0,0,0,0,0,0,0.445,0,0,0,0,0,0,0,0,0,0,0,0,0,0,0.16,0,0,0,0,0.351,0,0,0,0,0.542,0,0,0,0,0,0,0,0,0,0,0,0,0,0,0,0,0,0,0,0,0,0,0.167,0,0,0,0.999,0,0,0,0,0.333,0,0,0,0,0,0,0,0,0,0,0,0,0,0,0,0,0,0,0.323,0,0,0,0,0,0.155,0,0.402,0,0,0,0.201,0,0.303,0,0,0,0,0,0,0,0,0,0,0,0,0,0,0,0.273,0,0,0,0,0,0.324,0,0,0,0,0,0,0,0,0,0,0,0.378,0,0,0,0,0,0,0,0,0,0,0,0,0,0,0,0,0,0,0,0,0.517,0,0,0,0,0,0,0,0,0,0,0,0,0,0,0,0,0,0.218,0,0,0,0,0,0,0,0,0,0,0,0,0,0,0,0,0,0,0,0,0,0,0.189,0.238,0,0,0,0,0,0,0,0,0,0,0,0,0,0.285,0,0,0,0,0,0.999,0,0,0.253,0,0,0.521,0,0.173,0,0.185,0,0.237,0.905,0,0,0,0.151,0.251,0,0,0,0,0,0,0,0.31,0,0,0,0,0,0.198,0,0,0.173,0,0.173,0,0,0,0,0.999,0.646,0.202,0,0.999,0.18,0,0,0,0,0,0,0,0,0,0.999,0,0,0,0,0,0,0,0,0,0,0,0.234,0,0.191,0,0.32,0,0,0,0,0,0.173,0,0,0.397,0,0.999,0,0,0,0,0,0,0,0,0,0,0,0,0,0.207,0.551,0,0,0,0,0,0.517,0,0.246,0,0,0,0,0,0,0,0,0.999,0.186,0.424,0,0,0,0.174,0,0,0,0.999,0,0,0,0,0.333,0,0,0.307,0,0.163,0,0.239,0,0,0,0,0.151,0,0,0.188,0.174,0,0,0,0,0,0.999,0,0,0.637,0,0,0.274,0,0,0,0.212,0,0,0.747,0,0.999,0,0.51,0,0,0,0,0,0,0.15,0.373,0.17,0,0.499,0.252,0,0,0,0.164,0,0,0.262,0,0,0.901,0,0,0,0.922,0,0.903,0,0,0,0.322,0,0,0,0,0,0.247,0,0,0,0,0,0.25,0.152,0,0.266,0,0,0.514,0.229,0,0.296,0,0,0,0,0,0.248,0.191,0,0,0,0,0,0,0.33,0,0,0,0,0,0,0,0,0,0,0,0,0,0,0,0,0,0,0,0.534,0,0,0,0,0,0,0,0,0,0,0,0,0,0,0,0,0,0,0,0.999,0,0,0,0,0,0,0,0,0,0,0.288,0,0,0,0,0,0,0,0,0,0,0,0,0,0,0,0,0.185,0,0,0,0,0,0,0,0,0,0,0,0,0,0,0,0,0,0,0.155,0,0,0.912,0,0,0,0,0,0.16,0,0,0,0,0,0,0,0,0,0,0,0,0.156,0,0,0,0.62,0,0.781,0,0,0,0,0,0,0,0,0,0,0,0,0,0,0,0,0,0,0,0,0,0,0,0,0,0,0.485,0,0,0.857,0,0,0,0,0,0,0,0,0,0,0,0,0,0,0,0,0,0,0,0,0,0,0,0,0.279,0,0.179,0,0,0,0,0,0,0,0,0.814,0,0,0,0,0,0,0,0,0,0,0,0,0,0,0,0,0,0,0,0,0,0,0,0,0,0,0,0,0,0.691,0,0,0.989,0,0,0,0,0,0,0,0,0,0,0,0,0,0,0,0,0,0,0,0,0,0,0,0,0,0,0,0,0,0.217,0,0,0,0,0,0,0,0,0.211,0,0,0,0,0,0,0,0,0,0,0.649,0,0,0,0,0,0,0,0,0,0,0,0.282,0,0,0,0,0.999,0,0,0,0.367,0,0,0.933,0,0,0,0,0,0,0,0,0,0,0,0,0,0,0,0,0,0.151,0,0,0.553,0,0,0,0,0,0,0,0,0,0,0,0,0,0,0,0,0,0,0.999,0,0,0,0,0,0.999,0,0,0,0,0.999,0,0,0,0,0,0,0,0.327,0,0,0,0,0,0,0,0,0,0,0,0,0,0,0.911,0,0,0,0.703,0,0,0,0,0,0,0.296,0.999,0,0,0,0.703,0,0,0,0,0,0,0,0,0,0,0,0,0,0,0,0,0,0,0,0,0,0,0.211,0,0.65,0,0,0,0,0,0,0,0,0,0,0.315,0,0,0,0,0,0,0,0,0,0,0,0,0,0,0,0.567,0,0,0,0,0,0.57,0,0,0.25,0,0.517,0.187,0,0.155,0,0,0,0,0,0,0,0,0.999,0,0,0,0,0,0,0,0.315,0,0,0,0,0,0,0.909,0.355,0,0,0,0,0,0,0,0,0,0,0.155,0.353,0,0,0.26,0,0,0,0,0,0,0.287,0.498,0,0,0.238,0,0,0,0,0,0,0,0,0,0,0,0,0,0,0,0.999,0,0,0,0,0,0,0,0,0,0,0,0,0,0,0,0.359,0,0,0,0,0,0,0,0,0,0,0,0,0,0,0,0,0,0,0,0,0,0,0,0,0,0,0,0,0,0,0,0,0,0,0,0,0,0,0,0,0,0,0,0,0,0,0,0,0,0,0,0,0,0,0,0,0,0,0,0,0,0,0,0,0,0,0,0,0,0,0,0,0,0,0,0,0,0,0,0,0,0,0,0,0,0,0,0,0,0,0,0,0,0,0,0,0,0,0,0,0,0,0,0,0,0,0,0.599,0,0,0,0,0,0,0,0,0,0,0,0,0,0,0,0,0,0,0,0,0,0,0,0,0,0,0,0,0,0,0,0,0,0,0,0,0,0,0,0,0,0,0,0.999,0,0,0,0,0,0,0,0,0,0,0,0,0,0,0,0,0,0,0,0,0,0,0,0,0,0,0,0,0,0,0,0,0,0,0.608,0.238,0,0,0,0,0,0,0,0,0,0,0,0.916,0,0,0,0,0,0,0,0,0,0,0,0.238,0,0,0,0,0,0,0,0,0,0,0,0,0,0,0,0.238,0,0,0,0.348,0,0,0,0,0,0,0,0,0,0,0,0,0,0,0,0,0,0,0.238,0,0,0,0,0,0,0,0,0,0.238,0,0,0,0,0,0,0,0,0,0,0,0,0,0,0,0,0,0,0,0,0,0,0.238,0,0,0,0,0,0,0,0,0,0,0,0,0,0,0,0,0.194,0,0,0,0,0,0,0,0,0,0.36,0,0,0,0,0,0,0,0,0,0,0,0,0,0,0,0,0,0,0,0.99,0.837,0.999,0.716,0.239,0.151,0,0,0.999,0.982,0.999,0,0,0.999,0.191,0.282,0,0.999,0.291,0.914,0.999,0.238,0.621,0,0.277,0.359,0.402,0.999,0.675,0.999,0,0,0.998,0.167,0.922,0.648,0.42,0,0.716,0.999,0.605,0.999,0,0.928,0,0,0,0.998,0.999,0.398,0.96,0,0.171,0.214,0.16,0.499,0.716,0.194,0.633,0,0.317,0.989,0.999,0.999,0.999,0.92,0.999,0.999,0.213,0.258,0.999,0.716,0.999,0.17,0.241,0,0,0,0.445,0,0.999,0.999,0,0.996,0.999,0.999,0.207,0,0.999,0.323,0.737,0.836,0,0.999,0.243,0.608,0,0.999,0.999,0,0.911,0,0.796,0.999,0.92,0.999,0.997,0.716,0.999,0.999,0.529,0,0.999,0.918,0.998,0.3,0.999,0.999,0.722,0.999,0.864,0,0.226,0,0.999,0.997,0.716,0.822,0.194,0,0.94,0.238,0.999,0.832,0.716,0.238,0.997,0.837,0.343,0,0,0,0.999,0.999,0,0,0.608,0.999,0,0.875,0.999,0.831,0,0.558,0.999,0.998,0.197,0.98,0,0.999,0,0.716,0.999,0,0.913,0.999,0.998,0.648,0,0.999,0.999,0.197,0.229,0.432,0.305,0,0,0,0,0.214,0.683,0.905,0,0.717,0,0.631,0.9,0,0.967,0.999,0.999,0.999,0.269,0,0,0.999,0.999,0,0.165,0.999,0,0.999,0.999,0,0.999,0,0.195,0.999,0.228,0.999,0.936,0,0.999,0.999,0.999,0,0.837,0.999,0,0.885,0,0,0.999,0.164,0.999,0.154,0.296,0.999,0,0,0,0,0,0,0,0,0,0,0,0,0,0,0,0,0,0,0,0,0,0,0,0.224,0,0,0,0,0,0,0,0,0,0,0,0,0,0,0,0,0,0,0,0.999,0,0,0,0,0,0,0,0,0,0,0,0,0,0,0,0,0.197,0,0,0.199,0,0,0,0,0,0,0,0,0,0,0,0,0,0.324,0,0,0,0,0,0,0.155,0,0.26,0,0,0,0,0,0,0,0,0,0.229,0,0,0,0.21,0,0,0,0,0,0,0,0,0,0.208,0,0,0,0,0,0,0,0,0,0,0,0,0.293,0,0,0,0,0,0,0,0,0,0,0,0,0,0,0,0,0,0,0,0,0,0.33,0,0.21,0,0.287,0,0,0,0,0,0,0,0,0,0,0.218,0,0,0,0,0,0,0,0.457,0,0,0,0,0,0.237,0,0,0,0,0,0,0,0,0,0,0,0,0,0,0,0,0,0,0,0,0,0,0,0,0,0,0,0,0,0,0,0,0,0.208,0,0,0,0,0,0,0,0,0,0,0,0,0,0,0,0,0,0,0,0,0,0,0,0,0,0.177,0,0,0,0,0.506,0.282,0.173,0,0.901,0,0,0,0.899,0.185,0.189,0,0.773,0,0,0,0,0.212,0.19,0.366,0.289,0,0.182,0,0,0,0,0,0,0,0,0,0,0,0,0,0,0,0,0.232,0,0,0,0,0,0,0,0,0,0,0,0,0,0,0,0,0,0,0,0,0,0,0,0,0,0,0,0,0,0,0,0,0,0,0,0,0,0,0,0,0,0,0,0,0,0,0,0,0,0,0,0.288,0,0,0,0,0,0,0,0,0,0,0,0,0,0,0,0,0,0,0,0,0,0,0,0,0,0,0,0,0,0,0,0,0.215,0,0.382,0,0,0,0,0,0,0,0,0,0,0,0,0,0,0,0,0,0,0,0,0,0,0,0,0,0,0,0,0,0,0,0,0,0,0,0,0,0,0,0,0,0,0,0,0,0,0.647,0,0,0,0,0,0,0,0,0,0,0,0.22,0,0,0,0,0,0,0,0,0,0,0,0,0,0,0.197,0,0,0.266,0,0,0,0,0,0,0,0,0,0,0,0,0,0,0,0,0.228,0,0,0,0.427,0.2,0,0,0,0,0,0.232,0,0,0,0,0,0,0.39,0,0,0,0,0,0,0,0,0,0,0,0,0,0,0,0,0,0.227,0,0,0,0,0,0,0,0,0,0,0,0,0,0,0.157,0,0,0,0,0,0,0,0,0,0,0,0,0,0,0,0,0,0,0,0,0,0.202,0,0,0,0,0,0,0,0,0.176,0,0,0,0,0,0,0,0,0,0,0,0,0,0,0,0,0,0,0,0,0,0,0,0,0,0,0,0,0,0,0,0,0,0,0,0,0,0,0.174,0,0,0,0,0,0,0,0,0,0,0,0,0,0,0,0,0,0,0,0,0,0,0,0,0,0,0,0,0,0,0,0,0,0,0,0,0,0,0,0,0,0,0,0,0,0,0,0,0,0,0,0,0,0,0,0,0,0,0,0,0,0,0,0,0,0,0,0,0,0,0,0,0,0,0,0,0,0,0,0,0,0,0,0,0,0,0,0,0,0,0,0,0,0,0,0,0,0,0,0,0,0,0,0,0,0,0,0,0,0,0,0,0,0,0,0,0,0,0,0,0,0,0,0,0,0,0,0,0,0,0,0.228,0,0.209,0,0,0.156,0,0,0,0,0,0,0,0,0,0,0,0,0,0,0,0,0,0,0,0,0,0,0,0,0,0,0,0,0,0,0,0,0,0,0,0,0,0,0.254,0,0.171,0,0,0,0.23,0,0.206,0,0,0,0,0,0,0,0,0,0,0,0,0,0,0,0,0,0,0,0,0,0,0,0,0,0,0,0,0,0,0,0,0,0,0,0,0,0,0,0,0,0,0,0,0,0,0,0,0,0,0,0,0,0,0,0,0,0,0,0,0,0,0,0,0,0,0,0,0,0,0,0,0,0,0,0,0,0.623,0,0,0,0,0,0,0,0,0,0,0,0,0,0,0,0,0,0,0,0,0,0,0,0,0,0,0,0,0,0,0,0,0,0,0,0,0,0,0,0,0,0,0,0,0.186,0,0,0,0,0,0,0,0,0,0,0,0,0,0,0,0.202,0.156,0,0,0.173,0,0,0,0,0,0.531,0,0,0,0,0,0,0,0,0,0,0,0,0,0,0,0,0,0.173,0,0,0,0,0,0,0,0,0,0,0,0.193,0,0,0,0.193,0,0,0,0,0,0,0,0,0,0,0,0,0,0,0,0,0,0,0,0,0,0,0,0,0,0,0,0,0,0,0,0,0,0,0,0,0,0,0,0,0,0.307,0,0,0,0,0,0,0,0,0,0,0,0,0,0,0,0,0,0.22,0,0,0.158,0,0,0,0.158,0.159,0,0,0,0.196,0,0,0,0,0,0,0,0,0,0,0,0,0,0,0,0,0,0,0,0,0,0,0,0,0,0,0,0,0,0,0,0,0,0,0,0,0,0,0,0,0,0.473,0,0,0,0,0,0,0,0,0,0,0,0,0,0,0.427,0,0,0,0,0,0,0,0,0,0,0,0,0,0,0,0,0,0,0,0,0,0,0.237,0.237,0,0,0,0,0,0,0,0,0,0,0,0,0,0,0,0,0,0,0,0,0,0,0,0,0,0,0,0,0,0,0,0,0,0,0,0,0,0,0,0,0,0,0,0,0,0,0,0.383,0,0,0,0,0,0,0,0,0,0,0,0,0,0,0,0,0,0,0,0,0,0,0,0,0,0,0,0,0,0,0,0,0,0,0,0,0,0,0.202,0,0,0,0,0,0,0,0,0,0,0,0,0,0,0,0,0,0,0,0,0,0,0,0,0,0,0,0,0,0,0,0,0,0,0,0,0,0,0,0,0,0,0,0,0,0,0,0,0,0,0,0,0,0,0,0,0,0,0,0,0,0,0,0,0,0,0,0,0,0,0,0.215,0,0,0,0,0,0,0,0,0,0,0,0,0,0,0,0,0,0,0,0,0,0,0,0,0,0,0,0,0,0,0,0,0,0,0,0,0,0,0,0,0,0,0,0,0,0,0,0,0,0,0,0,0,0,0,0,0,0,0,0,0,0,0,0,0,0
856868,0,0,0.286,0,0,0,0,0,0,0,0,0,0,0,0,0,0,0,0,0.228,0,0,0,0,0,0,0,0,0,0,0,0,0,0,0,0,0,0,0,0,0,0,0,0,0,0,0,0,0,0,0,0.999,0,0,0,0,0,0,0,0,0,0,0,0,0,0,0,0,0,0,0,0,0,0,0,0,0,0,0,0,0,0,0,0,0,0,0,0.183,0,0,0,0,0,0,0,0.999,0,0,0,0,0,0,0,0,0,0,0,0,0,0,0,0,0,0,0,0,0,0,0,0.842,0,0,0.349,0,0,0,0,0.59,0,0,0,0,0,0,0,0,0,0,0,0,0.999,0.177,0,0,0,0,0,0,0,0,0,0,0,0,0,0,0,0,0,0,0,0,0,0,0,0,0,0,0,0,0,0,0,0,0,0,0,0,0,0,0,0,0,0,0,0,0,0,0,0.22,0,0,0,0.197,0,0,0,0,0,0,0,0,0,0.807,0,0,0.999,0,0,0,0,0,0,0.206,0,0,0,0,0,0,0.999,0,0,0.321,0,0,0,0,0.169,0.923,0,0,0.993,0,0.647,0,0,0,0,0,0,0,0,0.209,0.348,0,0,0,0,0,0,0,0,0,0,0,0,0,0,0,0,0,0,0,0.217,0,0,0,0,0,0,0,0,0,0,0.981,0,0,0.168,0,0,0,0.891,0,0,0,0,0.208,0,0.483,0,0,0,0.182,0,0.196,0,0,0,0,0.999,0,0,0.156,0,0,0.237,0,0,0.997,0,0,0,0,0.981,0.192,0,0,0,0.268,0,0,0,0,0,0.165,0,0,0.191,0.892,0,0,0,0,0,0,0,0,0,0,0,0,0,0.17,0,0,0.173,0,0,0,0,0,0,0,0,0,0.237,0,0,0.195,0,0,0,0,0,0,0.323,0,0,0.994,0.173,0.642,0,0,0,0,0.999,0,0,0,0,0,0,0.999,0,0,0,0,0,0,0,0,0,0,0,0,0.999,0,0.654,0,0.257,0,0,0,0,0.9,0,0,0,0.926,0,0,0,0,0,0.218,0.185,0,0,0,0.185,0,0,0,0,0.592,0,0,0.168,0,0,0,0,0,0,0,0,0,0,0,0,0,0,0,0,0,0,0,0,0,0.999,0,0.355,0,0,0,0,0.379,0,0,0,0,0,0,0,0,0,0,0,0,0,0,0,0.999,0,0,0,0,0,0.32,0.204,0,0,0,0,0,0,0,0,0,0,0.941,0,0,0,0,0,0.211,0,0,0,0,0,0,0,0,0,0,0.267,0,0,0,0,0,0.199,0,0.999,0.302,0,0,0,0,0,0,0,0.627,0,0,0,0,0,0,0,0,0,0,0.908,0,0,0,0.157,0,0,0,0,0,0,0,0,0.267,0,0,0,0,0,0,0,0,0,0,0,0.201,0,0,0,0.318,0,0,0,0,0,0,0,0,0,0,0,0,0,0,0,0,0,0,0,0.911,0,0,0,0,0,0,0,0,0,0,0,0.312,0,0,0,0,0,0,0,0,0,0.266,0,0,0,0,0,0,0,0,0,0.337,0,0,0,0,0,0.175,0.837,0.262,0,0.161,0.266,0,0,0,0,0,0.567,0,0,0,0,0,0,0,0,0,0,0,0,0.168,0,0,0,0,0,0,0,0,0,0,0.198,0,0,0,0,0,0,0,0,0,0,0.183,0,0,0,0,0,0,0,0,0,0,0,0.794,0,0,0,0,0.478,0,0,0,0,0,0,0,0,0,0,0,0,0,0,0.157,0,0,0,0,0.185,0.407,0,0.414,0,0,0,0,0,0,0.378,0.63,0.999,0,0,0,0,0,0,0.297,0,0,0,0.999,0,0,0,0.319,0,0.943,0,0,0,0,0,0.327,0,0,0,0,0,0,0,0,0.999,0,0.603,0,0,0,0,0,0,0,0,0,0,0,0,0,0,0,0,0,0,0.373,0,0,0,0,0.226,0.245,0,0,0,0,0,0.307,0,0.201,0,0,0,0,0,0,0,0,0,0,0,0,0,0,0,0,0,0,0,0,0,0,0,0,0,0,0,0,0.845,0,0,0,0,0,0,0,0,0,0,0,0,0,0,0,0,0,0,0,0,0.168,0,0.999,0,0.236,0,0,0,0,0,0,0,0,0,0.222,0,0,0,0,0,0,0,0.248,0,0,0,0,0,0,0,0,0,0.999,0,0,0,0,0,0,0,0,0,0,0,0,0,0,0.999,0,0,0,0,0,0.368,0,0,0,0,0,0,0,0,0.397,0.229,0,0,0,0,0,0,0,0,0,0,0.977,0,0.999,0,0,0,0,0.195,0,0.151,0,0.999,0,0,0,0.241,0,0,0.998,0,0.939,0.291,0.999,0,0,0,0,0,0,0,0,0,0,0,0,0,0,0,0,0.933,0,0.816,0.999,0,0.157,0,0.171,0,0,0,0.752,0,0,0,0,0.272,0.933,0,0,0,0.181,0,0.999,0,0,0,0,0,0,0,0,0,0,0,0,0,0,0,0,0,0,0,0,0,0,0,0,0,0,0,0,0,0,0,0,0,0,0,0,0,0,0,0,0,0,0,0,0,0,0,0,0,0,0.281,0,0,0,0,0,0,0,0,0.284,0,0,0,0.991,0,0,0.407,0,0,0,0,0,0,0.999,0,0,0,0,0,0,0,0,0,0,0.177,0,0,0,0,0,0,0,0,0,0,0,0,0,0,0,0,0,0.617,0,0,0,0,0,0,0,0,0,0,0.168,0,0,0,0,0,0,0,0,0,0,0,0,0,0,0,0,0,0,0,0,0,0,0.999,0,0,0,0,0,0,0.256,0,0.899,0,0,0,0,0,0,0,0,0,0,0,0,0,0,0,0,0,0,0.999,0,0,0,0,0,0,0,0,0,0,0.999,0,0,0,0,0,0,0,0,0.999,0.407,0.167,0,0,0,0,0,0,0,0.369,0,0,0,0,0,0,0,0,0,0,0,0.291,0,0,0,0,0,0,0,0,0,0.238,0,0,0,0,0.999,0,0,0.188,0,0,0,0,0,0,0,0,0,0,0,0,0.998,0,0,0.967,0,0,0,0.169,0,0.577,0,0.842,0,0,0,0,0,0,0,0,0,0,0,0,0,0,0,0,0,0,0,0,0,0,0,0,0,0,0,0,0.999,0,0,0,0,0,0,0,0,0,0,0,0,0,0,0,0,0,0,0,0,0,0,0,0,0,0,0,0,0,0,0,0.999,0.28,0.999,0,0,0,0,0,0,0,0,0,0,0,0.3,0,0,0,0,0,0.255,0,0,0,0,0,0,0,0,0,0,0,0,0,0,0,0,0,0,0,0.33,0,0,0,0,0,0,0,0,0,0,0,0,0.883,0,0,0,0,0,0.407,0,0,0,0,0,0,0,0,0,0,0,0.253,0,0,0,0,0,0,0,0,0,0,0,0,0,0,0,0.999,0,0,0,0,0,0,0,0,0,0,0,0,0,0.192,0,0,0.476,0,0,0,0,0,0.192,0,0,0,0,0,0,0,0,0,0,0,0,0,0,0,0,0,0,0,0.855,0,0,0,0,0,0.174,0,0,0,0,0,0,0,0,0,0,0,0,0,0,0,0,0,0,0,0,0,0,0,0,0,0,0.207,0,0,0,0,0,0,0,0,0,0.177,0,0,0,0,0,0,0,0,0,0,0,0,0.241,0,0,0,0.999,0,0,0,0,0,0,0,0,0,0,0,0,0,0,0,0,0,0,0,0,0,0,0,0,0,0,0,0.329,0,0,0,0.314,0,0,0,0,0,0.273,0,0,0,0,0,0,0,0.295,0,0,0,0,0,0,0,0,0,0,0,0,0,0,0,0,0,0,0,0,0,0,0,0,0,0,0,0,0,0,0,0,0.288,0,0,0,0,0,0,0,0,0,0,0,0,0,0.409,0,0,0,0,0,0,0,0,0,0,0,0,0,0,0,0,0,0,0,0,0,0,0,0.636,0,0,0,0,0,0,0,0,0,0,0,0,0,0,0,0,0,0,0,0,0,0,0,0,0,0,0,0,0,0.257,0,0.555,0,0,0,0,0,0.999,0,0,0.175,0,0.268,0,0,0.195,0,0.204,0,0.15,0.174,0,0,0,0.154,0.402,0,0,0,0,0.427,0,0,0.193,0,0,0,0,0,0.184,0,0,0.184,0.409,0,0,0,0,0.165,0.999,0.275,0.176,0,0.999,0.165,0,0,0,0,0,0,0,0,0,0.999,0,0.71,0,0,0,0.152,0,0,0,0,0,0,0.173,0.234,0,0.244,0,0,0.578,0,0,0.348,0,0,0.401,0,0.999,0,0,0,0,0,0,0,0,0,0.798,0,0,0,0.196,0.617,0.201,0,0,0.178,0,0.398,0,0,0,0,0,0,0,0,0,0,0.999,0.771,0.3,0,0,0,0.265,0,0,0,0.999,0,0,0,0,0,0,0,0,0,0,0,0.303,0.391,0,0,0,0.178,0,0,0,0.151,0,0,0,0,0,0.999,0.157,0.4,0.666,0,0,0.34,0,0,0.162,0.968,0,0,0.792,0,0.999,0,0,0,0,0,0,0,0,0.277,0.387,0,0,0,0,0,0,0.277,0.574,0,0,0.932,0.164,0,0,0.175,0,0,0,0,0,0,0,0,0.244,0,0,0.262,0,0,0,0,0,0,0,0,0,0,0,0.942,0,0,0,0,0,0.286,0,0,0.276,0.151,0,0.185,0,0,0,0,0,0,0,0,0,0,0,0,0,0,0,0,0,0,0.351,0,0,0,0,0,0,0,0,0.175,0,0,0.268,0,0,0,0,0,0,0,0,0,0,0.167,0,0,0,0,0,0.999,0,0,0,0,0,0,0,0,0,0,0.156,0,0,0,0,0,0,0,0,0,0,0,0,0,0,0,0,0,0,0,0,0,0,0,0,0,0,0,0,0,0,0,0,0,0,0,0,0.153,0,0,0,0.189,0,0,0,0.154,0,0,0,0,0,0,0,0,0,0,0,0,0.241,0,0,0,0.773,0,0,0,0,0,0,0,0,0,0,0,0,0,0,0,0,0,0,0,0,0,0,0,0,0,0,0,0,0,0.594,0,0.193,0,0,0.184,0,0,0.184,0,0,0,0,0,0,0,0,0,0,0,0,0,0,0,0,0.171,0,0.711,0.184,0.244,0,0,0,0,0,0,0,0,0,0,0,0,0.184,0,0,0,0,0,0,0,0,0,0,0,0,0,0,0,0,0,0,0,0,0,0,0,0,0,0.857,0,0,0.999,0,0,0,0,0,0,0,0,0,0,0,0,0,0,0,0,0,0,0,0,0,0,0,0,0,0,0,0,0,0,0,0,0,0,0,0,0,0,0.17,0,0,0,0,0,0,0,0,0,0,0.152,0,0,0,0,0,0,0,0,0,0,0,0.302,0,0,0,0,0.999,0,0,0,0,0,0,0.784,0,0,0,0,0,0,0,0,0,0,0,0,0,0,0,0,0,0,0,0,0,0,0,0,0,0,0,0,0,0,0,0,0,0,0,0,0,0,0,0.999,0,0,0,0,0,0.999,0,0,0,0,0.999,0,0,0,0,0,0,0,0.328,0,0,0,0,0,0,0,0,0,0,0,0,0,0,0.904,0,0,0,0,0,0,0,0,0,0,0.384,0.999,0,0,0,0.796,0,0,0,0,0,0,0,0,0,0,0,0,0,0,0,0,0,0,0,0,0,0,0.17,0,0.623,0,0,0,0,0,0,0,0,0,0,0,0.17,0,0,0,0,0,0,0,0,0,0,0,0,0,0,0,0,0,0,0,0,0.671,0,0,0,0,0.421,0.187,0,0,0,0,0,0,0,0,0,0,0.999,0,0,0,0,0,0,0,0,0,0,0,0,0,0,0.57,0.355,0,0,0,0,0,0,0,0,0,0,0,0,0,0,0,0,0,0,0,0,0,0,0.888,0,0,0,0,0,0,0,0,0,0,0,0,0,0,0,0,0,0,0.999,0,0,0.998,0,0,0,0,0,0,0,0,0,0,0,0,0,0,0,0,0,0,0,0,0,0,0,0,0,0,0,0,0,0,0,0,0,0,0,0,0,0,0,0,0,0,0,0,0,0,0,0,0,0,0,0,0.153,0,0,0,0,0,0,0,0,0,0,0,0,0,0,0,0,0,0,0,0,0,0,0,0,0,0,0,0,0,0,0,0,0,0,0,0,0,0,0,0,0,0,0,0,0,0,0,0,0,0,0,0,0,0,0,0,0,0,0,0,0,0,0,0,0,0,0,0.779,0,0,0,0,0,0,0,0,0,0,0,0,0,0,0,0,0,0,0,0,0,0,0,0,0.314,0,0,0,0,0,0.297,0,0,0,0,0.183,0,0,0,0,0,0,0,0.999,0,0,0,0,0,0,0,0,0,0,0,0,0,0,0,0,0,0,0,0,0,0,0,0,0,0,0,0,0,0.268,0,0,0,0,0.567,0,0,0,0,0,0,0,0.901,0,0,0,0,0.912,0,0,0,0,0,0,0,0,0,0,0,0,0,0,0,0,0,0,0,0,0,0,0,0,0,0,0,0,0.162,0,0,0.45,0,0,0,0,0,0.898,0,0.183,0,0,0,0,0.158,0,0,0,0,0,0,0,0,0,0,0,0,0,0,0,0,0,0,0,0.32,0,0,0,0,0,0,0,0,0,0,0,0,0.445,0,0,0,0,0,0,0,0,0,0,0,0,0,0,0.169,0,0,0,0,0,0,0,0,0,0,0,0,0,0,0,0,0,0,0,0,0,0,0,0,0,0,0,0,0,0,0,0,0,0,0,0,0,0.857,0.825,0.999,0.798,0.169,0.242,0.307,0,0.999,0.999,0.999,0,0.574,0.999,0,0.316,0,0.999,0.926,0.407,0.999,0,0,0,0,0,0,0.999,0.596,0.999,0,0.191,0.999,0,0,0.48,0.161,0.155,0.793,0.999,0,0.999,0.231,0.921,0.68,0,0,0,0.999,0.317,0.827,0.635,0.37,0.508,0,0.577,0.791,0,0.957,0,0.344,0.999,0.999,0.984,0.999,0.855,0.999,0.999,0.177,0.654,0.999,0.892,0.998,0.474,0.17,0,0.798,0,0,0,0.999,0.999,0,0.999,0.999,0.999,0.17,0.182,0.999,0.17,0.777,0.812,0,0.999,0,0.688,0,0.999,0.999,0.78,0.841,0,0,0.999,0,0.999,0.999,0.77,0.999,0.999,0,0,0.998,0.882,0.962,0,0.999,0.999,0.771,0.999,0.789,0.183,0.238,0,0.999,0.999,0.799,0.817,0,0.332,0.934,0,0.998,0,0.895,0,0.999,0.858,0.237,0.293,0,0,0.999,0.997,0,0.183,0.567,0.999,0.175,0,0.998,0.404,0,0.575,0.999,0.999,0.303,0.934,0,0.999,0,0.778,0.999,0,0.328,0.995,0.999,0.175,0,0.999,0.999,0.215,0.773,0.247,0.366,0,0.221,0,0,0.191,0.803,0.497,0,0.721,0.183,0.741,0,0,0.916,0.999,0.999,0.999,0.644,0,0,0.999,0.999,0,0,0.999,0,0.999,0.999,0,0.999,0.262,0,0.999,0.172,0.999,0.237,0,0.999,0.999,0.999,0,0.895,0.999,0,0.909,0,0,0.998,0,0.999,0.268,0,0.999,0,0,0,0,0,0,0,0,0,0,0.16,0,0,0,0,0,0,0.207,0,0,0,0,0,0.22,0,0.222,0,0,0,0,0,0,0,0,0,0,0,0,0,0,0,0,0,0.999,0,0,0.223,0,0,0,0,0,0.205,0,0,0,0.157,0,0.399,0.173,0,0,0,0,0,0,0,0,0,0,0,0,0.183,0,0,0,0,0,0,0,0,0,0,0,0.254,0,0,0,0,0,0,0.441,0,0,0,0,0.193,0,0,0,0,0,0,0,0,0,0,0,0,0,0,0,0,0,0,0,0,0,0,0,0,0,0,0,0,0,0,0,0,0,0,0,0,0,0,0,0,0,0,0,0,0,0,0,0,0,0,0,0,0.183,0,0,0,0,0,0,0,0,0,0,0,0,0,0,0,0,0,0,0,0,0,0,0,0,0.202,0.311,0,0,0,0,0,0,0,0,0,0,0.232,0,0,0,0.15,0,0,0,0,0,0,0,0,0,0,0,0,0,0,0,0,0,0,0,0,0,0,0,0,0,0,0,0,0,0,0,0,0,0,0,0,0,0,0,0,0,0,0,0,0,0,0,0,0,0.302,0,0,0,0,0,0,0.906,0.542,0.305,0,0.869,0,0,0,0,0,0.931,0.247,0,0,0,0,0,0,0,0,0,0,0,0,0,0,0,0,0,0,0,0,0,0,0,0,0,0,0,0,0,0,0,0,0,0,0,0,0,0,0,0,0,0,0,0,0,0,0,0,0,0,0,0,0,0,0,0,0,0,0,0,0,0,0,0,0,0,0,0,0,0,0,0,0,0,0,0,0,0,0,0,0,0,0,0.288,0,0,0,0,0,0,0,0,0,0,0,0,0,0,0,0,0,0,0,0,0.228,0,0.161,0,0,0,0,0,0,0,0,0,0,0,0,0,0,0,0,0,0,0,0,0,0,0,0,0,0,0,0,0,0,0,0,0,0,0,0,0,0,0,0,0,0,0,0,0,0,0,0,0,0,0,0,0,0,0,0,0,0,0,0,0,0,0,0,0,0,0,0,0,0,0,0,0,0,0,0,0,0,0,0,0,0,0,0,0,0,0,0,0,0,0,0,0,0,0,0,0,0,0,0,0,0,0,0,0.228,0,0,0,0,0,0,0,0,0,0,0,0,0,0,0,0,0,0,0,0,0,0,0,0,0,0,0,0,0,0,0,0,0,0,0,0,0,0,0,0,0,0,0,0,0,0,0,0,0,0,0,0,0,0,0,0,0,0,0,0,0,0.181,0,0,0,0,0,0,0,0,0,0,0,0,0,0,0,0,0,0,0,0,0,0,0,0,0,0,0,0,0,0,0,0,0,0,0,0,0,0,0.179,0,0,0,0,0,0,0,0,0.183,0,0,0,0,0,0,0,0,0,0,0,0,0,0,0,0,0,0,0,0,0,0,0,0,0,0,0,0,0,0,0,0,0,0,0,0,0,0,0,0,0,0,0,0,0,0,0,0,0,0,0,0,0,0,0,0,0,0,0,0,0,0,0,0.256,0,0,0,0,0,0,0,0,0,0,0,0,0,0,0,0,0.189,0,0,0,0,0,0,0,0,0,0,0,0,0,0,0,0,0,0,0,0,0,0.176,0,0.156,0,0,0,0,0,0,0,0,0,0,0,0,0.156,0,0,0,0,0,0,0,0,0,0,0,0,0,0,0,0.247,0,0,0,0,0,0,0,0,0,0,0,0,0,0,0,0,0,0,0,0,0,0,0,0,0,0,0,0,0,0,0,0,0,0,0,0,0,0,0,0,0,0.242,0,0,0,0,0,0,0,0,0,0,0,0,0,0,0,0,0,0,0,0,0,0.395,0,0,0,0,0,0,0,0,0,0,0,0,0,0,0,0,0,0,0.177,0,0,0,0,0,0,0,0,0,0,0,0,0,0,0,0,0,0,0,0,0,0,0,0,0,0,0,0,0,0,0,0,0,0,0,0,0,0,0,0,0,0,0,0,0,0,0,0,0,0,0,0,0.321,0,0,0,0,0,0,0,0,0,0,0,0,0,0,0,0,0,0,0,0,0,0,0,0,0,0,0,0,0,0,0,0,0,0,0,0,0.161,0,0,0,0,0,0,0,0,0,0,0,0,0,0,0,0,0,0,0,0,0,0,0,0,0.246,0,0,0,0,0,0,0.254,0,0,0,0,0,0,0,0,0.307,0,0,0,0,0,0,0,0,0,0,0,0,0,0,0,0,0,0,0,0,0,0,0,0,0,0,0,0,0,0,0,0,0,0,0,0,0,0,0,0,0,0,0,0,0,0,0,0,0,0,0,0,0,0,0,0,0,0,0,0,0,0,0,0,0,0,0,0,0,0,0,0,0,0,0,0,0,0,0,0,0,0,0,0,0,0,0,0.207,0,0,0.196,0,0,0,0,0,0,0,0,0,0,0,0,0,0,0,0,0,0,0,0,0,0,0,0,0,0,0,0,0,0,0,0,0,0,0,0,0,0,0,0,0,0.237,0,0,0,0,0,0,0,0,0,0,0,0,0,0,0,0,0,0,0,0,0,0,0,0,0,0,0,0,0,0,0,0,0,0,0,0,0,0,0,0,0,0,0,0,0,0,0,0,0,0,0,0,0,0,0,0,0,0,0,0,0,0.24,0,0,0,0,0,0,0,0,0,0,0,0,0,0,0,0,0,0,0,0,0,0,0,0,0,0,0,0,0,0,0,0,0,0,0,0,0,0,0,0,0,0,0,0,0,0,0,0,0,0,0,0,0,0,0,0,0,0,0,0,0,0,0,0,0,0,0,0,0,0,0,0,0,0,0,0,0,0,0,0,0,0,0,0,0,0,0,0,0,0,0,0,0,0,0,0,0,0,0,0,0,0,0,0,0,0,0,0,0,0,0,0,0,0,0,0,0,0,0,0,0,0,0,0,0,0,0,0,0,0,0,0,0,0,0,0,0,0,0,0,0,0,0,0,0,0,0,0,0,0,0,0,0,0,0,0,0,0,0,0,0,0,0,0,0,0,0,0,0,0,0,0,0,0,0,0,0,0,0,0,0,0,0,0,0,0,0,0,0,0,0,0,0,0,0,0,0,0,0,0,0,0
856504,0,0,0,0,0,0,0,0,0,0,0,0,0.268,0.344,0,0,0,0,0,0,0,0,0,0,0,0,0,0,0,0,0,0,0,0,0,0,0,0,0,0,0,0,0.181,0,0,0,0,0,0,0,0,0,0,0.288,0,0,0,0,0,0,0,0,0,0,0,0,0,0,0,0,0.156,0,0,0,0,0,0,0,0.339,0.202,0,0,0,0,0.382,0.203,0,0,0.32,0,0,0,0.812,0,0,0,0,0,0,0,0,0,0.266,0,0,0.735,0,0,0,0,0,0,0,0,0,0,0,0,0.378,0,0,0,0,0,0,0,0,0,0,0,0,0,0,0,0,0,0.814,0,0.271,0,0,0,0,0,0,0.161,0,0,0.479,0,0,0,0,0,0,0,0,0,0,0,0.216,0,0.236,0,0,0,0,0,0,0,0,0,0,0,0,0,0,0,0,0,0,0,0,0,0,0,0.737,0,0,0,0,0,0,0,0,0,0,0,0,0,0,0,0,0,0,0,0,0,0,0,0,0,0.95,0.232,0,0,0,0,0,0,0,0,0,0,0,0,0,0,0,0,0,0,0,0.356,0,0,0.685,0,0.183,0,0,0,0,0,0,0,0,0.197,0,0,0.246,0,0,0.296,0.833,0,0,0,0,0,0,0,0,0,0,0,0,0,0,0,0,0,0.351,0,0,0,0,0,0,0,0,0,0,0,0,0.478,0,0,0,0,0,0,0,0,0.154,0.54,0,0,0,0,0,0,0,0,0,0,0.215,0,0,0,0,0,0.727,0,0,0,0,0.438,0.216,0,0,0,0,0,0.82,0,0,0,0,0,0,0,0,0,0,0,0,0,0,0,0,0,0,0,0,0.223,0,0,0.169,0,0,0,0.159,0,0,0,0.323,0,0,0.194,0,0.204,0,0,0,0,0,0,0,0,0.541,0,0,0,0,0,0,0,0.891,0.455,0,0,0,0,0,0,0,0.268,0,0,0,0,0,0,0,0,0,0,0,0,0,0,0,0,0.817,0.282,0,0,0,0.314,0,0,0,0,0,0,0,0,0,0,0.153,0,0,0.206,0.279,0,0,0,0.311,0,0,0,0,0,0,0,0,0,0,0.396,0,0,0,0,0,0,0.702,0,0,0,0,0.198,0.463,0,0.267,0.187,0,0,0,0,0,0.243,0.509,0,0,0,0,0,0,0,0,0,0.336,0,0,0,0,0.171,0.284,0,0,0.181,0,0.173,0,0,0,0,0,0.519,0,0,0,0,0,0,0,0,0,0.634,0,0,0.501,0,0,0,0,0,0,0,0,0,0,0,0,0,0,0.183,0,0,0.542,0,0,0,0,0,0,0,0,0,0,0,0,0.164,0,0,0,0,0,0,0.733,0,0,0,0,0,0,0,0.432,0.334,0,0,0,0,0,0,0,0.579,0,0,0,0,0,0,0.181,0,0,0,0,0.709,0,0,0,0.237,0.31,0,0,0,0,0,0,0,0,0,0.455,0,0,0,0,0,0,0,0,0.251,0,0,0,0,0,0.281,0.603,0,0,0,0,0,0,0,0,0,0,0,0,0,0,0,0,0,0,0,0,0,0,0,0,0,0,0,0,0.546,0,0,0.196,0,0,0,0.389,0.392,0,0,0,0,0,0,0,0,0.267,0.506,0,0,0,0,0,0,0.487,0,0,0,0.819,0,0,0,0,0,0,0,0.199,0,0.574,0,0,0,0,0,0,0,0,0,0,0,0,0,0,0,0,0,0,0,0,0,0,0.402,0,0,0,0,0,0,0,0.224,0,0,0,0,0,0,0,0,0,0,0,0,0,0,0.213,0,0,0,0,0,0,0.173,0,0,0,0,0,0,0,0,0,0,0,0,0,0,0,0,0,0,0,0,0,0,0,0,0,0,0,0,0,0,0,0,0,0,0,0,0.847,0,0,0,0,0,0.462,0,0,0,0,0,0,0,0,0,0,0.204,0.223,0,0,0.685,0.368,0,0,0,0,0,0,0.192,0,0,0.303,0.304,0,0,0,0,0.154,0,0,0,0,0,0,0,0,0,0,0.427,0,0,0,0,0,0,0,0.25,0,0,0.312,0,0.671,0,0,0,0,0,0,0,0,0,0,0,0,0,0.267,0.258,0,0,0.271,0,0,0.226,0.206,0,0,0,0,0,0,0,0.218,0,0,0,0,0,0.405,0,0,0,0,0,0.217,0,0,0.959,0.285,0,0,0,0.258,0.159,0,0,0,0,0,0,0.752,0,0,0.195,0,0,0,0,0,0,0,0,0,0,0,0,0,0,0.218,0,0,0.253,0,0,0,0,0,0.15,0,0,0,0,0.175,0,0,0,0,0,0,0,0,0,0,0,0,0.738,0,0,0,0,0,0,0,0,0,0.446,0,0,0.176,0,0,0,0,0.32,0,0.876,0,0.591,0,0,0,0,0,0,0,0,0,0,0,0,0,0,0,0.181,0,0,0,0,0.702,0,0,0,0,0,0.296,0,0,0,0,0,0,0,0,0,0,0,0,0,0,0,0,0,0,0.151,0,0,0,0,0,0,0,0,0,0,0,0.332,0,0,0.276,0,0,0,0,0.211,0,0,0,0,0,0,0,0,0,0,0,0,0,0,0,0,0,0,0,0,0,0,0,0,0.835,0,0,0,0,0.262,0,0,0,0,0,0,0,0,0,0,0,0,0,0,0,0,0,0,0.788,0,0,0,0.166,0,0,0,0,0,0,0,0,0,0,0.324,0,0,0,0,0,0,0,0,0,0,0,0,0,0,0,0,0,0,0,0,0,0,0,0,0,0,0,0,0,0,0,0,0,0,0,0,0,0,0,0,0.178,0,0,0,0.231,0,0.51,0,0,0,0,0,0,0,0.399,0,0,0,0,0,0,0,0,0,0,0,0,0,0,0,0,0,0,0,0,0,0,0,0,0,0,0,0,0,0,0,0,0,0,0,0,0.49,0,0,0,0,0,0,0,0,0,0,0,0,0,0,0,0,0,0,0,0,0,0,0,0,0,0,0,0,0,0,0,0,0,0,0,0,0,0,0,0,0,0,0,0,0,0,0.338,0.234,0,0,0,0,0,0,0,0,0,0,0,0,0.152,0,0,0,0,0,0,0,0,0,0,0,0,0,0,0,0,0,0,0,0,0,0.339,0,0,0,0.415,0,0,0,0,0,0,0,0,0,0.168,0,0,0,0,0,0,0,0,0,0,0,0,0,0,0,0,0,0,0,0,0,0,0,0,0,0.158,0.156,0,0,0,0,0,0,0,0.177,0,0,0,0,0,0,0,0,0,0,0,0,0,0,0,0.216,0,0,0,0,0,0,0,0,0,0,0,0,0,0,0,0,0,0,0.248,0,0,0,0,0,0,0,0,0,0,0,0,0,0,0,0,0,0,0,0.193,0,0,0,0,0,0,0,0,0,0,0,0,0,0,0,0,0,0,0,0,0,0,0,0,0,0,0,0,0,0.303,0,0.345,0,0,0,0,0,0,0,0.195,0,0,0.249,0,0,0,0,0,0,0,0,0,0,0,0,0,0,0.251,0,0,0,0,0,0,0,0,0,0.36,0,0,0,0,0,0,0,0,0,0,0,0,0,0,0,0,0,0,0,0,0,0,0,0,0,0,0,0.194,0,0,0,0,0,0,0,0,0,0,0,0,0,0,0,0,0,0,0,0,0,0,0,0,0,0,0,0,0,0,0,0,0,0,0,0,0,0,0,0,0,0,0,0,0.281,0,0,0,0,0,0.848,0,0,0,0,0,0,0,0,0.632,0,0,0,0,0,0,0,0,0,0,0,0,0,0,0,0,0,0,0,0,0,0,0,0,0,0.229,0,0,0,0.151,0,0,0,0,0.204,0,0,0,0,0,0,0,0,0,0,0,0,0.615,0,0,0,0,0,0,0,0,0,0,0,0.333,0,0,0,0,0,0.154,0,0.39,0,0,0,0,0,0,0,0,0,0,0,0.231,0,0,0,0,0,0,0,0,0,0,0,0,0,0,0,0,0,0,0,0,0,0,0,0,0,0,0,0,0,0,0,0,0,0,0,0,0,0,0,0,0,0,0,0,0,0,0,0,0,0,0,0,0,0,0,0,0,0,0,0,0,0,0,0,0,0,0,0,0,0,0,0,0,0,0,0,0,0,0,0,0.15,0,0,0,0,0,0,0,0,0,0,0,0,0,0,0,0,0,0,0,0,0,0,0,0,0,0,0,0,0,0,0,0,0,0,0,0,0,0,0,0,0,0,0,0,0,0,0,0,0,0,0,0,0,0,0,0,0,0,0,0,0,0,0,0,0,0,0,0,0,0,0,0,0,0,0,0,0,0,0,0,0,0,0,0,0,0,0,0,0,0,0,0,0,0,0,0,0,0,0,0,0,0,0.159,0,0,0,0,0,0,0,0,0,0,0,0,0,0,0,0,0,0,0,0,0,0.158,0,0,0,0,0,0,0,0,0,0,0,0,0,0,0,0,0,0,0,0,0,0,0,0,0,0,0,0,0,0,0,0,0,0,0,0,0,0,0,0,0,0,0,0,0,0,0,0,0,0,0,0,0,0,0,0,0,0,0,0,0,0,0,0,0,0,0,0,0,0,0,0.161,0,0,0,0.172,0,0,0,0,0,0,0.257,0,0.168,0,0.549,0.934,0.161,0,0,0,0,0,0,0.547,0,0,0,0.633,0.319,0,0.671,0,0,0,0,0,0.932,0,0,0,0,0.447,0,0,0,0,0.383,0,0,0.322,0.38,0.188,0,0.306,0.513,0,0,0,0.167,0,0.168,0,0,0,0.252,0,0,0.864,0,0,0,0.946,0,0,0,0.247,0.987,0,0,0.402,0,0.398,0.151,0,0,0,0,0,0,0,0,0.265,0,0,0.441,0,0.183,0,0.841,0.867,0.302,0.414,0,0,0,0,0,0,0.365,0,0.736,0.73,0,0,0,0,0.445,0,0,0,0,0,0,0,0,0,0,0,0,0,0.482,0,0,0,0,0,0.246,0,0,0,0,0.208,0,0.373,0,0,0,0,0.622,0,0,0,0,0.663,0,0,0,0,0,0,0,0,0,0,0,0,0,0.524,0,0.207,0,0,0,0,0,0,0,0,0,0.161,0,0.226,0,0,0,0.539,0,0,0,0.573,0.806,0,0,0,0,0.955,0.794,0,0,0,0,0.333,0,0.307,0,0,0,0,0,0,0,0,0,0,0,0,0,0,0,0,0,0,0,0,0,0,0,0,0,0,0,0,0,0,0,0,0,0,0,0,0,0,0,0,0,0,0,0,0,0,0.183,0,0.4,0,0,0.193,0,0,0,0,0,0,0,0,0,0,0,0,0,0,0,0,0,0,0,0,0,0,0,0,0,0,0,0,0,0,0,0,0,0,0,0,0,0,0,0,0,0,0,0,0,0,0,0,0,0,0,0,0,0,0,0,0,0,0,0,0,0,0,0,0,0,0,0,0,0,0,0,0,0,0,0,0,0,0,0,0,0,0,0,0,0,0,0,0,0,0,0,0,0,0,0.174,0,0,0,0,0,0,0,0,0,0,0,0,0,0,0,0,0,0.394,0,0,0,0.554,0,0,0,0,0,0,0,0,0,0,0.392,0,0,0,0,0,0.37,0,0,0,0,0,0,0,0.182,0.179,0,0,0.156,0.158,0.642,0,0,0,0,0,0,0,0,0,0,0,0,0,0,0,0,0,0,0,0,0,0,0,0,0,0,0,0,0,0,0,0,0,0,0,0,0.194,0,0,0,0,0,0,0,0,0,0,0,0,0,0,0.188,0.46,0.217,0,0,0,0,0,0,0,0,0,0,0,0.354,0,0,0.189,0,0,0,0.296,0,0,0,0,0,0,0.176,0,0,0,0,0,0,0,0,0,0,0,0,0,0,0,0.246,0,0,0,0,0,0,0,0,0,0,0,0,0,0,0,0,0.161,0,0,0,0,0,0,0,0,0,0,0,0,0,0,0,0,0,0,0,0,0,0,0,0,0,0,0,0,0,0,0,0,0,0.174,0,0.23,0,0,0,0,0,0.927,0,0,0,0,0,0,0,0,0,0,0,0,0,0,0,0,0,0,0,0,0,0,0,0.917,0,0,0,0,0,0.678,0,0,0,0,0,0,0,0,0,0,0.365,0,0,0,0,0,0,0,0,0,0,0,0,0,0,0,0,0,0,0,0,0,0,0,0,0,0,0,0,0,0,0,0,0.153,0,0,0,0,0,0,0,0,0,0.194,0,0,0,0.194,0.251,0,0,0,0,0,0,0,0,0,0,0,0,0.165,0,0,0,0,0,0,0.327,0,0,0,0,0,0,0,0,0,0,0,0,0,0,0,0,0,0,0,0,0,0,0,0,0,0,0,0,0,0,0,0,0.401,0,0,0,0,0,0,0,0,0,0,0,0,0,0,0,0,0,0,0,0,0,0,0,0,0,0.35,0,0,0,0,0,0,0,0,0,0,0,0,0,0,0,0,0,0,0,0,0,0,0,0,0,0,0,0.196,0,0,0,0,0,0.252,0,0,0,0,0,0,0,0,0,0,0,0.616,0,0,0,0,0,0,0,0,0,0,0,0,0.311,0,0,0,0,0,0,0,0.23,0,0,0,0,0,0,0,0,0,0,0,0,0,0,0,0,0,0,0,0,0,0,0,0,0,0,0,0,0,0,0,0,0,0,0,0,0,0,0,0.286,0,0,0,0,0,0,0.19,0,0,0,0,0,0,0,0,0,0.331,0,0,0,0,0,0,0,0,0,0,0,0,0,0,0,0,0,0,0,0,0,0,0,0,0.362,0,0,0,0,0,0,0,0,0.226,0,0,0,0,0,0,0,0,0,0,0,0,0,0,0,0,0,0,0,0,0,0,0,0.401,0,0,0,0,0,0,0,0,0,0,0,0,0,0,0,0,0,0,0,0,0,0,0,0,0,0,0,0,0,0,0,0,0,0,0,0,0,0,0,0,0,0,0,0,0,0,0,0,0,0,0,0,0.183,0,0,0,0,0,0,0,0,0,0,0,0,0,0,0,0,0,0,0,0,0,0,0,0,0,0,0,0,0,0,0,0,0,0,0,0,0,0,0,0,0,0,0,0,0,0,0,0,0,0,0,0,0.171,0.168,0,0,0,0,0,0,0,0,0,0,0,0,0,0,0,0,0,0,0,0,0,0,0,0,0,0,0,0,0,0,0,0,0,0,0,0,0,0,0,0,0,0,0,0,0,0,0.319,0,0,0,0,0,0,0,0,0,0,0,0,0,0,0,0,0,0,0,0,0,0,0,0,0,0,0,0,0,0,0,0,0,0,0,0,0,0,0,0,0,0,0,0,0.154,0,0,0,0.276,0,0,0,0,0,0,0,0,0,0,0,0,0,0,0,0,0,0,0,0,0,0,0.229,0,0,0,0,0,0,0,0,0,0,0,0,0,0,0,0,0,0,0,0,0,0,0,0,0,0,0,0,0,0,0,0,0,0,0,0,0,0,0,0.395,0,0.162,0,0,0.293,0,0,0,0,0.649,0.201,0.158,0.195,0,0,0.152,0.197,0,0,0,0,0,0.367,0.211,0,0,0.729,0,0,0,0,0.24,0.172,0.285,0,0,0,0,0.923,0,0,0.711,0.445,0,0,0.191,0.483,0.998,0.226,0,0,0.314,0,0,0,0,0,0,0,0,0,0,0.538,0,0,0.546,0,0.995,0,0,0,0,0,0,0,0,0,0,0,0.53,0,0,0.456,0,0,0.191,0,0.299,0,0,0,0,0,0,0.257,0.99,0.403,0,0.154,0.339,0.264,0,0,0,0,0,0,0,0,0,0,0,0,0,0,0,0,0,0,0,0,0,0,0.358,0,0,0,0,0,0,0,0,0,0,0,0,0,0,0,0,0,0,0,0,0,0,0,0,0,0,0.851,0,0,0,0,0,0,0,0.162,0,0,0,0,0.174,0.428,0,0,0,0,0,0,0,0,0,0,0,0.825,0,0,0,0.152,0,0.2,0,0,0.161,0.26,0,0,0,0,0,0,0,0,0,0,0.813,0,0.295,0,0,0,0,0,0,0.156,0,0,0,0,0,0,0,0,0,0,0,0,0,0,0,0,0,0.307,0,0,0,0,0,0,0,0,0,0,0,0,0,0,0,0,0,0,0.753,0,0.374,0,0,0.856,0.251,0.335,0,0,0,0,0,0,0,0,0.224,0.22,0,0,0,0,0.65,0,0,0.341,0,0,0.704,0,0,0.168,0,0,0,0,0,0.171,0,0,0,0.604,0,0,0.25,0,0,0,0.151,0,0,0.312,0.669,0,0,0,0,0,0,0,0,0,0,0,0.411,0,0,0,0,0,0.742,0,0,0,0,0,0.838,0,0,0,0.376,0.701,0,0,0,0,0,0,0,0,0,0,0,0,0,0.553,0,0,0,0,0,0,0,0,0,0.192,0.37,0.196,0.858,0,0,0,0.33,0,0,0,0.932,0.509,0,0.24,0,0,0,0,0,0,0,0,0.8,0,0.597,0,0,0,0,0,0.652,0,0,0.251,0.184,0,0,0,0,0,0,0,0.33,0,0,0,0,0,0,0,0,0.157,0,0,0,0,0,0,0,0,0,0,0,0,0.264,0.346,0,0,0,0,0.247,0,0,0,0,0.429,0,0,0,0.151,0,0,0,0,0,0.157,0.354,0,0,0,0,0.755,0,0,0,0,0,0,0,0,0,0,0,0,0,0,0,0,0,0,0,0,0.202,0.185,0,0,0,0,0,0.895,0,0.197,0,0,0,0.171,0,0,0,0.302,0.232,0.173,0,0.623,0.228,0,0,0,0,0,0,0.911,0,0,0.248,0.235,0,0,0,0,0.173,0,0,0.24,0.268,0,0,0,0,0,0.22,0,0,0,0.397,0,0,0.152,0,0.922,0,0,0.482,0.416,0.471,0,0,0.25,0,0,0.514,0.175,0.177,0,0,0.444,0.359,0.229,0,0.319,0.423,0.172,0,0.264,0,0,0,0,0.181,0,0,0,0,0,0,0,0,0,0,0,0,0,0,0,0,0,0,0,0.263,0,0,0,0,0,0.163,0,0,0,0,0,0.243,0,0,0,0,0,0.343,0,0,0,0,0,0,0,0,0,0,0,0,0,0,0,0,0,0.168,0,0,0,0,0,0,0,0,0,0,0,0,0,0.928,0,0,0.652,0,0,0,0,0,0,0,0,0,0,0,0,0,0,0,0,0,0,0,0,0,0,0,0,0,0,0,0.184,0.2,0.199,0,0,0,0,0,0,0,0,0,0,0,0,0,0,0.385,0,0,0,0,0,0,0,0,0,0,0,0,0,0,0,0,0,0,0,0,0,0,0,0,0,0,0,0,0,0,0,0,0,0,0,0,0,0,0,0,0,0,0,0,0,0,0,0,0,0,0,0,0,0,0,0,0,0,0,0,0,0,0,0,0,0,0,0,0,0,0,0,0,0,0,0,0.197,0,0,0,0.505,0.801,0,0.235,0,0.922,0,0,0,0,0,0,0,0,0,0,0,0,0.619,0,0.609,0,0.785,0,0,0,0,0,0,0,0,0,0,0,0.218,0,0,0,0,0,0,0,0,0,0.171,0,0,0,0,0.197,0,0,0,0,0,0,0,0,0,0,0,0,0,0,0,0,0,0,0,0,0,0,0,0,0.156,0,0,0,0,0,0,0,0,0,0,0,0,0,0,0,0,0,0,0,0,0,0,0,0,0,0,0,0,0,0,0,0,0,0,0,0,0,0,0,0,0,0,0,0,0,0,0,0,0,0,0,0,0,0,0,0,0,0,0,0,0,0,0,0,0,0,0,0,0,0,0,0,0,0,0,0,0,0,0,0,0,0,0,0,0,0,0,0,0,0,0,0,0,0,0,0,0,0,0,0,0,0,0,0,0,0,0,0,0,0.25,0,0,0,0,0,0,0,0,0,0,0.313,0,0,0,0,0,0,0,0,0,0,0,0,0,0,0,0,0.165,0,0,0,0,0,0,0,0,0,0,0,0,0,0,0,0,0,0,0,0,0,0,0,0,0,0,0,0,0,0,0.222,0,0,0,0,0,0,0,0,0.204,0,0,0,0,0,0,0,0,0,0,0,0,0,0,0,0,0,0,0,0,0,0,0,0,0,0,0,0,0,0,0,0,0.171,0,0,0,0,0,0,0,0,0,0,0,0,0,0,0.471,0,0,0,0,0,0,0,0,0,0,0,0,0,0,0,0,0,0,0,0,0,0,0,0,0,0,0,0,0,0,0.612,0.853,0,0.397,0.24,0.173,0.289,0,0,0,0.171,0,0,0,0,0,0,0,0,0,0,0,0,0,0,0,0,0,0,0,0,0,0,0,0,0,0,0,0,0,0,0,0,0,0,0,0,0,0,0,0,0,0.154,0,0,0,0,0,0,0,0,0,0,0,0,0.155,0,0,0,0,0,0,0,0,0,0,0,0,0,0,0.217,0,0,0,0,0,0,0,0,0,0,0,0,0,0,0,0,0.172,0,0,0,0,0,0,0,0,0,0,0.202,0,0,0,0,0,0,0,0,0,0,0,0,0,0,0,0,0,0,0.188,0,0,0.204,0,0,0,0,0,0,0,0,0,0,0,0,0,0,0,0,0,0,0,0,0.301,0
852824,0.213,0,0.511,0,0,0,0.294,0,0,0,0,0,0,0,0,0,0.255,0,0,0,0,0,0,0,0,0,0,0,0,0,0,0,0.235,0,0.347,0,0,0,0,0,0,0,0,0,0,0.324,0,0.162,0,0,0,0,0,0,0,0,0,0,0,0,0,0,0,0,0,0,0.18,0,0,0,0,0.161,0,0,0,0.166,0.252,0,0.244,0,0,0,0,0,0,0.262,0,0,0,0,0.166,0,0.301,0,0,0.261,0.177,0,0,0.339,0,0,0.345,0.206,0,0.271,0,0,0,0,0,0,0,0,0,0,0,0,0,0,0,0,0,0,0,0,0,0,0,0,0,0,0,0,0,0.177,0,0,0,0.166,0,0,0.259,0,0,0.426,0,0,0,0,0.208,0,0,0,0,0.318,0,0,0,0,0,0,0,0.216,0,0,0,0,0,0,0,0,0,0,0.297,0,0,0.221,0,0,0.189,0.166,0,0,0,0,0,0,0,0.207,0,0,0,0,0,0,0.504,0,0,0,0,0,0,0,0,0.402,0,0,0,0,0,0,0.188,0,0,0,0,0,0,0,0,0,0,0,0,0,0,0,0,0.23,0.226,0,0,0,0.643,0,0.369,0,0,0,0,0,0,0,0,0,0,0.152,0,0,0.279,0,0,0,0,0.287,0,0,0,0,0,0.249,0.155,0,0,0.219,0,0,0.339,0,0,0,0,0,0,0,0,0,0,0,0,0,0,0,0,0,0,0,0,0,0,0,0,0,0,0.301,0,0.178,0,0.266,0,0,0,0,0,0,0.334,0,0,0,0,0,0,0,0,0.156,0.161,0.157,0,0,0,0.207,0.237,0,0.24,0,0,0,0,0,0,0,0,0,0.283,0,0,0,0,0,0,0,0,0.315,0,0,0,0,0,0,0,0,0,0,0,0,0.334,0,0,0.383,0,0.22,0.283,0,0.23,0,0.166,0,0,0.217,0.198,0,0,0.248,0,0,0.231,0,0.254,0.156,0,0.23,0,0,0,0.402,0,0,0,0.192,0.154,0,0,0,0.322,0,0,0,0,0,0,0,0.267,0,0.153,0,0,0,0,0.23,0,0,0,0,0,0.176,0.186,0,0,0,0,0,0.406,0.276,0,0.193,0.17,0,0,0,0,0,0,0,0,0,0,0,0,0,0,0,0,0,0,0.309,0,0,0,0,0,0.246,0,0,0,0,0,0.332,0,0.215,0.215,0.387,0.176,0.165,0,0,0,0.178,0,0.165,0,0.182,0,0,0,0.176,0.186,0,0,0,0,0,0,0.439,0,0,0,0,0,0,0,0,0.216,0,0,0,0,0,0,0,0.275,0,0,0.189,0,0,0.159,0,0,0,0,0,0.383,0,0.39,0,0.231,0,0,0,0.214,0,0,0,0,0.275,0.242,0,0,0,0,0,0,0,0.167,0,0,0.159,0,0,0.267,0,0,0,0,0,0.207,0,0.284,0,0,0.322,0.166,0,0.209,0,0,0.377,0,0,0,0,0,0,0,0.169,0,0.226,0,0,0,0,0,0.311,0.3,0,0,0,0,0,0,0,0,0,0,0.4,0,0,0,0,0,0,0.175,0,0,0,0,0,0,0,0.267,0,0,0,0,0,0,0,0.28,0,0,0,0,0,0,0,0,0.235,0,0,0,0,0,0,0,0,0,0.27,0.403,0.382,0,0.3,0,0,0,0,0.186,0,0.215,0.165,0,0,0,0,0,0,0,0.181,0,0,0,0,0,0,0.369,0.192,0.204,0,0,0,0.258,0,0,0,0.153,0,0,0,0,0,0,0,0,0.201,0,0,0,0,0,0,0.416,0,0,0,0,0,0.275,0,0,0,0.327,0.156,0,0,0,0,0,0,0,0,0.176,0,0,0,0,0,0,0,0,0,0,0,0,0,0,0,0.216,0,0.229,0.212,0.281,0,0,0.359,0,0,0,0,0,0,0,0.197,0,0,0,0,0,0,0,0,0,0.198,0,0.25,0,0,0,0.167,0,0,0,0,0,0,0.194,0.255,0,0.43,0.24,0,0.296,0.222,0,0,0,0,0,0,0,0,0,0,0,0.171,0,0,0.167,0.267,0,0,0.283,0,0,0,0.57,0,0,0.266,0,0,0,0.284,0.207,0,0,0,0,0,0,0,0,0.452,0.198,0.234,0.219,0,0,0,0,0,0,0,0.176,0.25,0,0,0.345,0,0,0,0,0,0.152,0,0,0,0,0,0,0,0,0,0,0,0,0,0,0,0,0.43,0,0,0,0,0,0.16,0.242,0,0,0,0,0,0,0,0,0,0,0.399,0,0,0,0,0.183,0,0,0,0,0,0.29,0.165,0,0,0.152,0,0.359,0.307,0,0,0.155,0.161,0,0,0,0,0.176,0,0,0,0,0,0,0,0.195,0,0.384,0,0.22,0,0.176,0,0,0,0.216,0,0,0,0,0,0,0,0.63,0.231,0,0,0.302,0,0,0,0,0.2,0,0,0,0,0,0,0,0,0.221,0,0,0.15,0.215,0.369,0,0,0,0,0,0,0,0,0.16,0.158,0.272,0,0,0.198,0,0.177,0,0,0,0,0.175,0,0,0.241,0,0,0,0,0,0,0.197,0,0,0,0,0,0,0,0,0,0,0,0,0,0,0,0,0,0,0,0,0,0,0,0,0,0,0.368,0,0,0.482,0,0,0,0.17,0,0,0,0,0,0,0,0.262,0,0,0,0,0,0,0,0,0,0,0,0,0,0,0,0,0,0,0,0,0,0.272,0.152,0,0.201,0,0,0,0.217,0.16,0,0,0,0,0,0,0,0,0,0,0,0,0,0,0,0,0.161,0.196,0,0,0,0,0.339,0,0,0.235,0,0,0,0,0,0,0,0,0,0,0,0,0,0,0,0.239,0,0,0,0,0,0,0,0,0.197,0,0,0,0,0,0,0.357,0,0,0.291,0,0,0,0.231,0,0.231,0.18,0,0,0,0.177,0,0,0,0,0,0,0,0.169,0,0.339,0,0,0,0,0.228,0,0,0,0,0,0,0.222,0,0,0,0,0,0.231,0,0,0.251,0,0.485,0.357,0,0,0,0,0,0,0,0,0,0,0,0,0,0.231,0,0.373,0,0,0,0,0,0.158,0,0,0,0.23,0,0,0,0,0,0,0,0,0,0,0,0,0,0,0,0,0,0,0,0,0,0,0.227,0,0,0.26,0,0,0,0,0,0,0,0,0.282,0,0,0,0.339,0,0,0,0,0,0,0,0,0,0,0.173,0.232,0,0,0.151,0,0,0,0,0,0,0,0,0,0,0,0,0,0,0,0,0,0,0,0,0,0.216,0.197,0,0,0,0,0,0,0,0,0.226,0,0,0,0,0,0,0,0,0.235,0,0,0,0,0,0,0.197,0,0,0,0,0,0,0,0.199,0,0.627,0,0,0,0,0,0,0,0,0,0,0,0,0,0.216,0,0,0.351,0,0,0,0.194,0,0,0,0,0,0,0,0,0,0,0,0,0,0,0,0,0,0,0,0.413,0,0,0,0,0,0.627,0,0,0,0,0,0,0,0,0,0,0,0,0,0,0,0,0,0,0,0,0,0,0.151,0.239,0.194,0.152,0,0,0,0.339,0,0,0,0,0,0,0,0,0,0.396,0.438,0,0,0.299,0,0,0,0,0,0,0,0,0,0,0,0,0,0,0,0,0,0,0,0,0,0,0,0,0.219,0,0,0,0,0,0,0,0,0.195,0,0,0,0,0,0,0,0,0,0,0,0,0,0,0,0,0,0,0,0,0.339,0,0,0,0,0,0,0,0,0,0,0,0,0,0,0,0,0,0.388,0,0,0,0,0,0,0,0,0,0,0,0,0,0,0,0,0,0,0,0,0.232,0,0,0.3,0,0,0,0,0,0,0,0,0,0,0,0,0,0,0,0,0,0,0,0,0.339,0,0.339,0,0,0,0,0,0,0,0,0,0,0,0,0,0,0,0,0,0,0,0,0,0.371,0,0,0,0.202,0.268,0,0,0,0,0,0,0,0,0,0,0,0,0,0,0,0,0,0,0,0,0,0,0.339,0,0,0,0,0,0,0,0,0,0,0,0,0,0,0,0.214,0,0,0,0,0,0,0,0,0,0,0,0,0,0,0,0,0,0,0,0,0,0,0,0,0,0.235,0,0,0,0,0,0,0,0,0,0,0,0,0.181,0,0,0.172,0,0,0,0,0,0,0,0,0,0,0,0,0,0,0,0,0,0,0,0.251,0,0.185,0,0,0,0,0,0,0,0.217,0,0,0,0,0,0,0,0,0,0,0,0,0,0,0,0.342,0,0,0.195,0,0,0,0,0,0,0,0,0,0,0,0,0,0,0,0,0,0,0,0,0.154,0,0,0,0,0,0,0,0,0,0,0,0,0,0,0,0,0,0,0,0,0,0,0,0,0,0,0,0,0,0,0,0,0,0,0,0,0,0,0,0,0.173,0,0,0,0,0,0,0,0,0,0,0,0,0,0,0.173,0,0.185,0,0,0,0,0,0,0,0,0,0,0,0,0,0.195,0,0,0.205,0,0,0,0,0,0,0,0,0,0,0,0,0.203,0,0,0.205,0,0,0,0,0,0,0,0,0,0,0,0,0,0,0,0,0,0,0,0,0,0,0,0,0,0,0,0,0,0,0,0,0,0,0,0,0.645,0.152,0,0,0,0,0,0,0,0,0,0,0,0.207,0,0,0,0,0,0,0,0,0,0,0,0,0,0,0,0,0,0,0,0,0,0,0,0.17,0,0,0,0,0,0,0,0,0,0,0,0.154,0,0,0,0,0,0,0,0,0,0,0,0,0,0,0,0,0.162,0,0,0,0,0,0.157,0,0,0,0,0,0,0,0,0,0,0,0,0,0.298,0,0.2,0,0,0,0,0,0,0,0,0.177,0,0.187,0.273,0,0,0,0,0,0,0,0,0,0,0,0,0,0,0.188,0,0,0,0,0,0,0,0,0,0,0,0,0.194,0.296,0,0,0,0,0,0,0,0,0,0.229,0,0,0,0,0,0,0,0,0,0,0,0,0,0,0,0,0,0,0,0,0,0,0,0,0,0.176,0,0,0,0,0,0,0,0,0,0,0.221,0,0,0,0,0,0,0,0,0,0,0.277,0,0,0,0,0,0,0,0,0,0,0,0.248,0,0,0,0.363,0,0,0.151,0,0.23,0,0.203,0.173,0,0,0,0,0,0,0,0,0.231,0,0,0,0,0,0,0,0,0,0,0,0,0.221,0,0,0,0,0,0,0,0,0,0,0,0,0,0,0,0.394,0.204,0,0,0,0,0,0,0.265,0,0.192,0,0.302,0.167,0,0,0,0,0.167,0,0,0.398,0,0,0,0,0.153,0.394,0,0,0,0,0.204,0,0,0,0,0,0,0,0,0,0,0,0,0,0,0,0,0,0,0,0,0,0,0,0,0,0,0,0,0,0,0,0,0,0,0,0,0,0,0,0,0,0,0,0,0,0,0,0,0,0,0,0,0,0,0,0,0,0,0,0,0,0,0,0,0,0.239,0,0,0,0,0,0,0,0,0,0,0,0,0,0,0,0,0,0,0.656,0,0,0,0,0,0.212,0,0,0,0,0,0,0,0,0,0,0,0,0,0,0,0,0,0,0,0,0,0.239,0,0,0,0,0,0,0,0,0,0,0,0.268,0,0,0,0,0.233,0,0,0,0,0,0,0,0.309,0,0,0,0,0,0,0,0,0,0,0,0,0,0,0,0,0,0,0.24,0,0,0,0,0,0,0,0,0,0,0.222,0,0,0,0,0,0,0,0,0,0,0.411,0,0,0,0,0,0,0,0,0,0,0,0,0,0.191,0,0,0,0,0,0,0,0,0,0,0,0,0,0,0,0,0.482,0,0,0.235,0,0,0,0,0,0,0,0,0,0,0,0,0,0,0,0,0,0.152,0,0,0,0.222,0,0,0,0,0,0,0,0,0,0,0,0,0.152,0,0,0,0,0,0,0,0,0,0.152,0,0,0,0,0,0,0,0,0,0,0,0,0.411,0,0,0,0,0,0,0.191,0.411,0,0,0,0,0,0,0,0,0,0,0,0,0,0,0,0,0,0,0,0,0,0,0,0,0,0,0,0,0,0,0.396,0,0,0,0,0.373,0,0,0,0,0,0,0,0,0,0,0,0.266,0,0,0,0,0,0,0,0,0,0,0,0,0.5,0,0,0,0,0,0,0,0,0,0,0,0,0.177,0,0.177,0,0,0,0,0,0,0,0,0,0.226,0,0,0,0,0,0,0,0.171,0,0,0,0,0,0,0,0.174,0,0,0,0,0,0,0,0,0,0,0,0,0,0,0,0,0,0,0,0,0,0,0,0,0,0,0,0,0,0,0,0,0,0,0,0,0,0,0,0,0,0,0,0,0,0,0,0,0,0.169,0.174,0,0,0,0,0,0,0,0,0,0,0,0,0.216,0,0,0,0.206,0,0,0,0,0,0,0,0,0.174,0,0,0,0,0,0,0,0,0,0,0,0,0,0,0,0,0,0,0,0,0,0,0,0,0,0,0,0,0,0,0,0,0,0,0,0,0,0,0,0.394,0,0,0,0,0,0,0,0,0,0,0,0,0,0,0,0,0,0,0,0,0,0,0,0,0,0,0,0,0,0.294,0,0,0,0,0,0,0,0,0,0,0,0,0,0,0,0,0,0,0,0,0,0,0,0,0,0,0,0,0,0,0,0,0,0,0,0,0,0,0,0,0,0,0,0,0,0,0,0.164,0,0,0,0,0,0,0.267,0,0,0,0.279,0,0.155,0,0,0.22,0,0,0,0,0.297,0,0,0,0,0,0,0,0,0,0,0,0,0,0,0,0,0,0,0,0,0,0,0,0,0,0,0,0,0,0.158,0,0,0,0,0.154,0,0,0,0,0,0.232,0,0,0,0,0,0.193,0,0,0.275,0,0,0,0.29,0,0,0,0,0.231,0,0,0,0,0,0,0,0,0,0,0.284,0,0.203,0,0,0.282,0,0,0,0,0,0,0,0,0,0.36,0,0.299,0,0,0,0,0,0,0,0.163,0,0,0,0,0,0.298,0.165,0,0,0,0.217,0,0,0,0,0,0,0,0,0,0,0,0,0,0,0,0,0.151,0,0,0,0,0,0,0,0,0,0,0,0,0,0,0,0,0.163,0,0,0,0,0,0,0,0,0,0,0,0,0.173,0.28,0,0,0,0,0,0,0,0,0,0,0.273,0,0,0,0,0,0,0,0.209,0,0,0,0,0,0,0,0,0,0,0,0,0,0,0,0,0,0,0,0,0,0,0,0,0,0,0,0,0,0,0,0,0,0,0,0,0,0.177,0,0,0,0,0,0,0,0,0,0,0,0,0,0,0.235,0,0,0,0,0,0,0,0,0,0,0,0,0,0,0,0,0,0,0,0,0,0,0,0,0,0,0,0,0,0,0,0,0.231,0,0,0,0,0,0,0,0.151,0,0,0.231,0,0,0,0,0,0,0.162,0.152,0.16,0,0,0,0,0,0,0,0,0,0,0,0,0,0,0,0,0,0,0,0,0,0,0,0,0,0,0,0,0,0,0,0.627,0,0,0,0,0,0,0,0,0.161,0,0,0.627,0,0,0,0,0,0,0,0.646,0,0,0,0,0,0,0,0,0,0,0,0,0,0,0,0.229,0,0,0,0,0,0,0,0.173,0,0,0,0,0.16,0,0,0,0,0,0,0,0.289,0,0,0.214,0,0,0.284,0,0,0,0,0,0,0,0,0,0,0,0,0,0,0,0,0,0.273,0,0,0,0,0,0,0,0,0,0,0,0,0,0,0,0,0,0,0,0,0,0,0,0,0,0,0,0,0.284,0,0,0,0,0,0,0,0,0,0,0.194,0,0,0,0,0,0,0,0,0.279,0,0.18,0,0,0,0,0,0,0,0,0,0,0,0,0,0,0,0,0,0,0,0,0.273,0,0,0,0,0.264,0,0,0,0,0,0,0,0,0,0,0,0,0,0,0,0,0,0,0,0,0,0,0,0,0,0,0,0,0,0,0,0,0,0,0,0,0.484,0,0,0,0,0,0,0,0,0,0,0,0,0,0,0,0,0.22,0,0,0,0,0,0,0,0,0,0,0,0,0,0,0,0,0,0,0,0,0,0,0,0,0,0,0,0,0.258,0,0,0.441,0,0,0,0,0,0,0,0,0,0,0,0,0,0,0.193,0,0,0,0,0,0.212,0,0,0,0,0,0,0,0,0.294,0,0,0,0,0.197,0,0,0,0,0,0,0,0.46,0,0,0,0,0,0,0,0,0,0,0,0,0,0,0.191,0,0,0,0,0,0,0.245,0,0,0,0,0,0,0,0,0,0,0,0,0,0,0,0,0,0,0,0,0,0,0,0.158,0,0,0.302,0,0,0.171,0,0,0,0,0,0,0,0.209,0,0,0,0,0,0,0,0,0,0,0,0,0,0,0,0,0,0,0,0,0,0.354,0,0,0.24,0,0.191,0,0,0.313,0,0,0,0,0,0,0,0,0,0,0,0.31,0,0,0,0,0,0.394,0.219,0,0,0,0,0,0,0,0,0.355,0,0.279,0.158,0,0,0,0,0,0,0.226,0,0.243,0,0,0,0,0,0,0,0,0,0,0,0,0,0,0,0,0,0,0,0,0.252,0,0,0,0,0,0,0,0,0,0,0,0.181,0,0,0,0.307,0,0,0,0,0,0.231,0,0,0,0,0,0,0,0,0,0.181,0,0,0,0,0.17,0,0,0.245,0,0,0,0,0,0,0,0.392,0,0,0,0.538,0,0,0,0.181,0.271,0.195,0,0,0,0,0,0,0,0,0,0,0,0,0,0,0,0,0,0,0,0,0,0,0,0,0,0,0,0,0.175,0,0.252,0,0,0,0,0,0,0,0,0,0,0,0,0,0,0,0,0,0,0,0,0,0,0,0,0,0.539,0,0,0,0.253,0,0,0,0,0,0,0,0,0,0,0,0,0,0,0,0,0,0,0,0,0,0,0,0,0,0,0,0,0,0,0,0,0,0,0,0.214,0,0,0,0,0,0,0,0,0,0,0,0,0,0,0,0,0,0,0,0.184,0,0,0,0.326,0,0,0,0,0,0,0,0,0,0,0,0,0,0,0,0,0,0,0,0,0,0,0,0,0.284,0,0.326,0.217,0,0,0,0,0,0,0,0,0,0,0,0,0,0,0,0,0,0,0,0,0,0.189,0,0,0.185,0,0,0,0,0.202,0,0,0,0,0,0,0.169,0,0,0,0,0,0,0,0.156,0,0,0,0,0,0,0,0,0,0.335,0,0,0,0,0,0,0.196,0,0,0,0,0,0,0,0,0,0,0,0,0,0,0,0,0,0,0,0,0,0.32,0,0,0,0,0,0,0,0,0,0,0,0,0,0,0,0,0,0,0,0,0,0,0,0,0,0,0,0,0,0,0,0,0,0,0,0,0,0.224,0,0,0,0,0,0,0,0,0,0,0,0,0,0,0,0,0,0,0,0,0,0,0,0,0,0,0,0,0,0,0,0,0,0,0,0,0,0,0,0,0,0,0,0,0,0,0.357,0.197,0,0,0,0,0,0,0,0,0.303,0,0,0,0,0,0,0,0,0,0,0.376,0,0,0,0.783,0,0.157,0,0,0,0.2,0,0,0,0,0,0.196,0,0,0,0,0,0,0,0.447,0,0,0,0,0.309,0,0,0,0,0,0,0,0,0,0,0,0,0,0,0,0,0,0,0,0,0,0,0,0,0,0,0,0,0,0,0,0,0,0,0,0,0,0,0,0,0,0,0,0,0,0,0,0.201,0,0,0,0,0,0,0,0,0,0,0.36,0,0,0,0.343,0,0,0,0,0,0.343,0,0,0.319,0.161,0,0,0,0,0,0,0,0,0,0,0,0,0,0,0,0.334,0,0,0,0,0,0,0,0,0,0,0,0,0,0,0,0,0,0,0,0,0,0,0,0,0,0,0,0,0,0,0,0,0,0,0,0,0,0,0,0,0,0,0,0,0,0.271,0,0,0,0,0,0,0,0,0,0,0,0,0,0,0,0,0,0,0,0,0,0,0,0,0,0.305,0,0,0,0,0,0,0,0,0,0,0,0,0,0,0,0,0,0,0,0,0,0,0,0,0,0,0,0,0,0,0,0,0,0,0,0,0,0,0,0,0,0,0,0,0,0,0,0,0,0,0,0,0,0,0,0,0,0,0,0,0,0,0,0,0,0,0,0,0,0,0,0,0,0,0,0.446,0,0,0,0,0,0,0,0,0,0,0,0,0,0,0,0,0,0,0,0,0,0.376,0,0,0,0,0,0,0,0,0,0,0,0,0,0,0,0,0,0,0,0,0.258,0,0,0,0,0,0,0,0,0,0,0,0,0.538,0,0,0,0,0,0,0,0.26,0.459,0,0,0,0,0,0,0,0,0,0,0,0,0,0,0,0,0,0,0,0,0,0,0,0,0,0,0,0,0,0,0,0,0,0,0,0,0,0.398,0,0,0,0,0,0,0,0,0,0,0,0,0,0,0,0,0,0,0,0,0,0,0,0,0,0,0,0,0,0,0,0,0,0,0,0,0,0,0,0,0,0,0,0,0,0,0,0,0,0,0,0,0,0.481,0,0,0,0,0,0,0,0,0,0,0,0,0,0,0,0,0,0,0,0,0,0,0,0,0,0,0,0,0,0
850645,0,0.172,0,0,0,0,0,0,0,0,0,0,0,0,0,0,0,0,0,0,0,0,0,0,0,0,0,0,0,0,0,0,0,0,0,0,0,0,0,0,0,0,0,0,0,0,0,0,0,0,0,0,0,0,0,0,0,0,0,0.196,0,0,0,0,0,0,0,0,0,0,0.164,0,0,0,0,0,0,0,0,0,0,0,0,0,0,0,0,0,0,0,0,0,0,0,0,0,0,0,0.295,0,0,0,0.152,0,0,0,0,0,0.197,0,0,0,0,0,0,0,0,0,0,0,0,0,0,0,0,0,0,0,0,0,0,0,0,0,0,0,0,0,0,0,0,0,0.173,0,0,0,0,0,0,0,0,0,0,0,0,0,0,0,0,0,0,0,0,0,0.295,0,0,0,0,0,0,0,0,0,0,0,0,0,0,0.284,0,0,0,0,0,0,0,0,0,0,0,0,0,0,0,0,0,0,0,0,0,0,0,0,0,0,0,0,0,0,0.37,0,0,0,0,0,0,0,0,0,0,0,0,0,0,0,0.154,0,0,0,0,0,0,0,0,0,0,0,0,0.216,0,0,0,0,0,0,0,0,0,0,0,0,0,0,0,0.278,0,0,0.191,0,0,0,0,0,0,0,0,0.233,0,0,0,0,0,0,0,0,0,0,0,0,0.287,0,0,0,0,0,0,0,0,0,0,0,0,0,0.433,0,0,0,0,0,0,0,0,0,0,0,0,0,0,0,0,0,0,0,0,0,0,0,0.454,0,0,0,0,0,0,0,0,0,0,0,0,0,0,0,0,0,0,0,0,0,0,0,0,0,0,0.15,0,0,0,0,0,0,0,0,0.2,0,0,0.284,0,0,0,0,0.544,0,0,0,0,0,0,0,0,0,0,0,0,0,0,0,0,0,0,0,0,0,0,0,0,0,0,0,0,0,0,0,0,0,0,0,0,0,0,0,0,0,0,0,0,0,0,0,0,0,0,0,0,0,0.159,0,0,0,0,0,0,0,0,0,0,0,0,0,0,0,0,0,0,0.22,0,0,0,0,0,0,0,0,0,0,0.16,0,0,0,0,0,0,0,0,0,0,0,0,0,0,0,0,0,0,0,0,0,0,0,0,0,0,0,0,0,0.23,0,0,0,0,0,0,0,0,0,0,0,0,0,0,0.392,0,0,0,0,0,0,0,0,0,0,0,0,0,0,0,0,0,0,0,0,0,0,0.169,0,0,0,0,0,0,0,0,0,0,0,0,0,0,0,0,0,0,0,0,0,0,0,0,0,0.169,0,0,0,0,0,0,0,0,0,0,0,0,0,0,0,0,0,0.179,0,0,0,0,0,0,0,0,0,0,0,0,0,0,0,0,0,0,0,0,0,0,0,0,0,0,0,0,0,0,0,0,0,0,0.153,0,0,0,0,0,0,0.201,0,0,0,0,0,0,0,0,0,0,0,0,0,0,0,0,0,0.319,0,0.267,0,0,0,0,0,0,0.198,0,0,0,0.312,0,0,0,0,0.176,0,0,0,0,0,0,0,0,0,0,0,0,0,0,0,0,0,0,0,0,0,0,0,0.157,0,0,0,0,0,0,0,0,0,0,0,0,0,0,0,0,0,0,0,0,0,0,0,0,0,0,0,0,0,0,0,0,0,0,0,0,0,0.595,0,0,0,0,0,0,0,0,0,0,0,0,0,0,0,0,0,0,0,0,0,0,0,0,0,0,0,0,0,0,0,0,0,0,0,0,0,0,0,0,0,0,0,0,0,0,0,0,0,0,0,0,0,0,0,0,0,0,0,0,0,0,0,0,0,0,0,0,0,0,0,0,0,0,0.198,0,0.216,0,0,0,0,0,0,0,0,0,0,0,0.161,0,0,0,0,0,0,0,0,0,0,0,0,0,0,0,0,0,0,0,0.205,0,0,0,0,0,0,0,0,0,0,0,0,0,0,0,0,0,0,0,0,0,0,0,0,0,0,0,0,0,0,0,0,0,0.318,0,0,0,0,0,0,0,0.154,0,0,0,0,0,0,0.176,0,0,0,0,0,0,0,0,0,0,0,0,0,0,0,0,0,0,0,0,0,0,0,0,0,0,0,0,0,0,0,0,0,0,0,0,0,0,0,0,0,0,0,0,0,0,0,0.359,0,0,0,0,0,0,0,0,0,0,0,0,0,0,0,0,0,0,0,0,0,0,0,0.158,0,0,0,0,0,0,0,0,0,0,0.203,0,0,0,0,0,0,0,0,0,0,0,0,0.161,0,0,0,0,0,0,0,0,0,0,0,0,0,0,0,0,0,0,0,0,0,0,0,0,0,0,0,0,0,0,0,0,0,0,0,0,0,0,0,0,0,0,0,0,0,0,0,0,0,0,0,0,0,0,0,0,0,0,0,0,0,0,0,0,0,0,0,0,0,0,0,0,0,0,0,0,0,0,0,0,0,0,0,0,0,0,0,0,0,0,0,0,0,0,0,0,0,0,0,0,0,0,0,0,0,0,0,0,0,0,0,0,0,0,0,0,0,0,0,0,0,0,0,0,0,0,0,0,0,0,0,0,0,0,0,0,0,0,0,0,0,0,0,0,0,0,0,0,0,0,0,0,0,0,0,0,0,0,0,0,0,0,0,0,0,0,0,0,0,0,0,0,0,0,0,0,0,0,0,0,0,0,0,0,0,0,0,0,0,0,0,0.154,0,0,0,0,0,0,0,0,0,0,0,0,0,0,0,0,0,0,0,0,0,0,0,0,0,0,0,0,0,0,0,0,0,0,0,0,0,0,0,0,0,0,0,0,0,0,0,0,0,0.417,0,0,0,0,0,0,0,0,0,0,0,0,0,0,0,0.292,0,0,0,0,0,0,0,0,0,0,0,0,0,0,0,0,0,0,0,0,0,0,0,0.278,0,0,0,0,0,0,0,0,0,0,0,0,0,0,0,0,0,0,0,0.337,0,0,0,0,0,0,0,0,0,0,0,0,0,0,0,0.151,0,0,0,0,0,0,0,0,0,0,0,0,0,0,0,0,0,0,0,0,0.152,0,0,0,0,0,0,0,0,0,0,0,0,0,0,0,0,0,0,0,0,0,0,0,0,0,0,0,0,0,0,0,0,0,0,0,0,0,0,0,0,0,0,0.155,0,0,0,0,0,0,0,0,0,0,0,0,0,0,0,0,0,0,0,0,0.243,0,0,0,0,0.226,0,0,0,0,0,0,0,0,0,0,0,0,0,0,0,0,0,0,0,0,0,0,0,0,0,0,0,0,0,0,0,0,0,0,0,0,0,0,0,0,0,0,0,0,0,0,0,0,0,0,0.155,0,0,0,0,0,0,0,0,0,0,0,0,0,0,0,0,0,0,0,0,0,0,0,0,0,0,0,0,0,0,0,0,0,0,0,0,0,0,0,0,0,0,0,0,0,0,0,0,0,0,0,0,0,0,0,0,0.357,0,0,0,0,0,0,0,0,0,0,0,0,0,0,0,0,0,0,0,0,0,0,0,0,0,0,0,0,0,0,0,0,0.151,0,0,0,0,0,0,0,0,0,0,0,0,0,0,0,0,0,0,0,0,0,0,0,0,0,0,0,0,0.207,0,0,0,0,0,0,0,0,0,0,0,0,0,0,0,0,0,0,0,0,0,0,0,0,0,0,0,0,0,0,0,0,0,0,0,0,0,0,0,0,0,0,0,0,0,0,0,0,0,0,0,0,0,0,0,0,0,0,0,0,0,0,0,0,0,0,0,0,0,0,0,0,0,0,0,0,0,0,0,0,0,0,0,0,0,0,0,0,0,0,0,0,0,0,0.477,0,0,0,0,0,0,0,0,0,0,0,0,0,0,0,0,0.15,0,0,0,0,0,0,0,0,0,0,0,0,0,0,0,0,0,0,0,0,0,0,0,0,0,0,0,0,0,0,0,0,0,0.256,0,0,0,0,0,0,0,0,0,0,0,0,0,0,0,0,0,0,0,0,0,0,0,0,0,0,0,0,0,0,0,0,0,0,0,0,0,0,0,0,0.165,0,0,0,0,0,0,0,0,0,0,0,0.153,0,0,0,0,0,0,0,0,0.411,0,0,0,0,0,0,0,0,0,0,0,0,0,0,0,0,0,0,0,0,0,0,0,0,0,0,0,0,0,0,0,0,0,0,0,0,0,0,0,0,0,0,0,0,0,0,0,0,0,0,0,0,0,0,0,0,0,0,0,0,0,0,0,0,0,0,0,0,0,0,0,0,0,0,0,0,0,0,0,0,0,0,0,0,0,0,0,0,0,0,0,0.16,0,0,0,0,0,0,0,0,0,0,0,0,0,0,0,0,0,0,0,0,0,0,0,0,0,0,0,0,0,0,0,0,0,0,0,0,0,0,0,0,0,0,0,0,0.258,0,0,0,0,0,0,0,0,0.173,0,0,0,0.238,0,0,0,0,0,0,0,0,0,0,0,0,0,0,0,0,0,0,0,0,0,0.256,0,0,0,0,0,0,0,0,0,0.281,0,0,0,0,0,0,0,0,0,0,0,0,0,0.228,0,0,0,0,0,0,0,0,0,0,0,0,0,0,0,0,0.157,0,0,0,0,0,0,0,0,0,0,0.354,0,0,0,0,0,0,0,0,0,0,0,0,0,0,0,0,0,0,0,0,0,0,0,0,0,0,0,0,0,0,0,0,0,0,0,0,0,0,0,0,0,0,0,0,0,0,0,0,0,0,0,0,0,0,0,0,0.309,0,0,0,0,0,0,0,0,0,0,0,0,0,0,0,0,0,0,0,0,0,0,0,0,0,0,0,0,0,0,0,0,0,0,0,0,0,0,0,0,0,0,0,0,0,0,0,0.168,0,0,0,0.255,0,0,0,0,0,0,0,0,0,0,0,0,0,0,0,0,0.305,0,0,0,0,0,0,0,0,0,0,0,0,0,0,0,0,0,0,0,0,0,0,0,0,0,0,0,0,0,0,0,0,0,0,0.156,0,0,0,0,0,0,0,0,0.175,0,0,0,0,0,0,0.202,0,0,0,0,0,0,0,0,0,0,0,0,0,0,0,0,0,0,0,0,0,0,0,0,0,0,0,0,0,0,0,0,0,0,0,0,0,0,0,0,0,0,0,0,0,0,0,0,0,0,0,0,0,0,0,0,0,0,0,0,0,0,0,0,0,0,0,0,0,0,0,0.163,0,0,0,0,0,0,0,0,0,0,0,0,0,0,0,0,0,0,0,0,0,0.162,0,0,0,0,0,0,0,0,0,0,0,0,0,0,0,0,0,0,0,0,0.162,0,0,0,0,0,0,0,0,0,0,0,0,0,0,0,0,0,0,0,0,0,0,0,0.46,0,0,0,0,0,0,0,0.315,0,0,0,0,0,0,0,0,0,0,0,0,0,0,0,0,0,0,0,0,0,0,0,0,0,0,0.357,0.491,0,0,0,0,0,0,0,0,0,0,0,0,0,0,0,0,0,0.471,0,0,0,0,0,0,0,0,0,0,0,0,0,0,0,0,0,0,0,0,0,0,0,0.168,0,0,0,0,0,0,0,0,0,0,0,0.697,0,0,0,0,0,0,0,0,0,0,0,0,0,0,0,0,0,0,0,0,0,0,0,0,0,0,0,0,0,0,0,0,0,0,0,0,0,0,0,0,0,0,0,0,0,0,0,0,0,0,0.199,0,0,0,0,0,0,0,0,0,0,0.157,0,0,0,0,0.202,0,0,0,0,0,0.166,0,0,0,0,0,0,0,0,0,0,0,0,0,0,0.161,0,0,0,0,0,0,0,0,0,0.16,0,0,0,0,0,0,0,0,0.429,0,0,0,0,0,0,0,0,0,0,0,0,0,0,0,0,0,0,0,0,0,0,0,0,0,0,0,0,0,0,0,0,0,0,0,0,0,0,0,0,0,0,0,0,0,0,0,0,0,0,0,0,0,0,0,0,0,0,0,0,0,0,0,0,0,0,0,0,0,0,0,0,0,0,0,0,0,0,0,0,0,0,0,0,0,0,0,0,0,0,0,0,0,0,0,0,0,0,0,0,0,0,0,0,0,0,0,0,0,0,0,0,0,0,0,0,0,0,0,0,0,0,0,0,0,0,0,0,0,0,0,0,0,0,0.177,0,0,0,0,0,0,0,0,0,0,0,0,0,0,0,0,0,0,0,0,0,0,0,0,0,0,0,0,0,0,0,0,0,0,0,0,0,0,0,0,0,0,0,0,0,0,0,0,0,0,0,0,0,0,0,0,0,0,0,0,0,0,0,0,0,0,0,0,0,0,0,0,0,0,0,0,0,0,0.181,0,0,0,0,0,0,0,0,0,0,0,0,0,0.175,0,0,0,0,0,0,0,0,0,0,0,0,0,0,0,0,0,0,0,0,0,0,0,0,0,0,0,0,0,0,0,0,0,0,0,0,0,0,0,0,0.374,0,0,0,0,0,0,0,0,0,0.176,0,0,0,0,0,0,0,0,0,0,0,0,0,0,0,0,0,0,0,0,0,0,0,0.341,0,0,0,0,0,0,0,0,0,0,0,0,0,0,0,0,0,0,0,0,0,0,0,0,0,0,0,0,0,0,0,0,0,0,0,0,0,0,0,0,0,0,0,0,0,0,0,0,0,0,0,0,0,0,0,0,0,0,0,0,0,0,0,0,0,0,0,0,0,0,0.552,0,0,0,0,0,0,0,0,0,0,0,0,0,0,0,0,0,0,0,0,0,0,0,0,0,0,0,0,0,0,0,0,0,0,0,0.238,0,0,0,0,0,0,0,0,0,0,0,0,0,0,0,0,0,0,0,0,0,0,0,0,0,0,0,0,0,0,0,0,0,0,0,0,0,0,0,0,0,0,0,0,0,0,0,0,0,0,0,0,0,0,0,0,0,0,0,0,0,0,0,0,0,0,0,0,0,0,0,0,0,0,0,0,0,0,0,0,0,0,0,0,0,0,0,0,0,0,0,0,0,0,0,0,0,0,0,0,0,0,0,0,0,0,0,0,0,0,0,0,0,0,0.345,0,0.152,0,0,0,0,0,0,0,0,0,0,0,0,0,0,0,0,0,0,0,0,0,0,0,0,0,0,0,0.515,0,0,0,0,0,0,0,0,0,0,0,0,0,0,0,0,0,0,0,0,0,0,0,0,0,0,0,0,0,0,0,0,0,0.501,0,0,0.167,0,0,0,0.218,0,0,0,0,0,0,0,0,0,0,0,0,0,0,0,0,0,0,0,0,0,0.174,0,0,0,0,0,0,0,0,0,0,0,0,0,0,0,0,0,0,0,0,0,0,0,0,0,0,0,0,0,0,0,0,0,0,0,0,0,0,0,0,0,0,0,0,0,0,0,0,0,0,0,0,0,0,0,0,0,0,0,0,0,0,0,0,0,0,0,0,0,0,0,0,0,0,0,0,0,0,0,0,0,0,0,0,0,0,0,0,0,0,0,0,0,0,0,0,0,0,0,0,0,0,0,0,0,0,0,0,0,0,0,0,0,0,0,0,0,0,0,0,0,0,0,0,0,0,0,0,0,0,0,0,0,0,0,0,0,0,0,0,0,0,0,0,0,0,0,0,0,0,0,0,0,0,0,0,0,0,0,0,0,0,0,0,0,0,0.281,0,0,0,0,0,0,0,0,0,0,0,0,0,0,0,0,0,0,0,0,0,0,0,0,0.2,0,0,0,0,0,0,0,0,0,0,0,0,0,0,0,0,0,0,0,0,0,0,0,0,0,0,0,0,0,0,0,0,0,0,0.177,0,0,0,0,0,0,0,0,0,0.163,0.219,0,0,0,0,0,0,0,0,0,0,0,0,0,0,0,0,0,0,0,0,0,0,0,0,0,0,0,0,0,0,0,0,0,0,0,0.188,0,0,0,0,0,0,0,0,0,0,0,0,0,0,0,0,0,0,0,0,0,0,0,0,0,0,0,0,0,0,0,0,0,0,0,0,0,0,0,0,0,0,0,0,0,0,0,0,0,0,0,0,0,0,0,0,0,0,0,0,0,0,0,0,0,0,0,0,0,0,0,0,0,0,0,0,0,0,0,0,0,0,0,0,0,0,0,0,0,0,0,0,0,0,0,0,0,0,0,0,0,0,0,0,0,0,0,0,0,0,0,0,0,0,0,0,0,0,0,0,0,0,0,0,0,0,0,0,0,0,0,0,0,0,0,0,0,0,0,0,0,0,0,0,0,0,0,0,0,0,0,0,0,0,0,0,0,0,0,0,0,0,0,0,0,0,0,0,0,0,0,0,0,0,0,0,0,0,0,0,0,0,0,0,0,0,0,0,0,0,0,0,0,0,0,0,0,0,0,0,0,0,0,0,0,0,0,0,0,0,0,0,0,0,0,0,0,0,0,0,0,0,0,0,0,0,0,0,0,0,0,0,0,0,0,0,0,0,0.177,0.178,0,0,0,0,0,0,0,0,0,0,0,0,0,0.351,0,0,0,0,0,0,0,0,0,0,0,0,0,0,0.229,0,0,0,0,0,0,0,0.394,0,0,0,0,0,0,0,0,0,0,0,0,0,0,0,0,0,0,0,0,0,0,0,0,0,0,0,0,0,0,0,0,0,0,0,0,0,0,0,0,0,0,0,0,0,0,0,0,0.234,0,0,0,0,0,0,0,0.167,0,0,0,0,0,0,0,0,0,0,0,0,0,0,0,0,0,0,0,0,0,0,0,0,0,0,0,0,0,0,0,0,0,0,0,0,0,0,0,0,0,0,0,0,0,0,0,0,0,0.355,0,0,0,0,0,0,0,0,0,0,0,0,0,0,0,0,0,0,0,0,0.266,0,0,0,0,0,0,0,0,0,0,0,0.547,0,0,0,0,0,0,0,0,0.16,0,0,0,0,0,0,0,0,0,0,0,0,0,0,0,0,0,0,0,0,0,0,0,0,0,0,0,0,0,0,0,0,0,0,0,0,0,0,0,0.356,0,0,0,0,0.234,0,0,0,0,0,0,0,0,0,0,0,0,0,0,0,0,0,0,0,0,0,0,0,0,0,0,0,0,0,0,0.401,0,0,0,0,0,0,0,0,0,0,0,0,0,0,0,0,0,0,0,0,0,0,0,0,0,0,0,0,0,0,0,0,0,0,0,0,0,0,0,0,0,0,0,0,0,0,0,0,0,0,0,0,0,0,0,0,0,0,0,0,0,0,0,0,0,0,0,0,0,0,0,0,0,0,0,0,0.195,0,0,0,0,0,0,0,0,0,0,0,0,0,0,0,0,0,0,0,0,0,0,0,0,0,0,0,0,0,0,0,0,0,0,0,0,0,0,0,0,0,0,0,0,0,0,0,0,0,0,0,0,0,0,0,0,0,0,0,0,0,0,0,0,0,0,0,0,0,0,0,0,0,0,0,0,0,0,0,0,0,0,0,0,0,0.184,0,0,0.177,0,0,0,0,0,0,0,0,0,0,0,0,0,0,0,0,0,0,0,0,0,0,0,0,0,0,0,0,0,0,0,0,0,0,0,0,0,0,0,0,0,0.239,0,0,0,0,0,0,0,0,0,0,0,0,0,0,0,0,0,0,0,0,0,0,0,0,0,0,0,0,0,0,0,0,0,0,0,0,0,0,0,0,0,0,0,0,0,0,0,0,0,0,0,0,0,0.517,0,0,0,0,0,0,0,0,0,0,0,0,0,0,0,0,0,0,0,0.226,0,0,0,0,0.204,0,0,0,0,0,0,0,0,0,0,0,0,0,0,0,0,0,0,0,0,0,0,0,0,0,0,0,0,0,0,0,0,0,0,0,0,0,0,0,0,0,0,0,0,0,0,0,0.162,0,0,0,0,0,0,0,0,0,0,0,0,0,0,0,0,0,0,0,0,0,0,0,0,0,0,0,0,0,0,0,0,0,0,0,0,0,0,0,0,0,0,0,0,0,0,0,0,0.389,0,0,0,0,0,0,0,0,0,0,0.256,0,0,0,0,0,0,0,0,0,0
853916,0.514,0,0,0,0,0,0,0,0.2,0,0,0,0,0,0,0,0,0,0,0,0,0.22,0,0,0,0,0,0,0,0,0,0,0,0.19,0,0,0,0,0,0,0,0,0,0.456,0,0,0,0.235,0,0,0,0,0,0,0,0,0,0,0,0,0,0,0,0,0,0.217,0.513,0,0,0,0.228,0,0,0,0,0,0,0,0,0,0,0,0,0,0.172,0,0,0,0,0,0,0,0,0,0,0,0,0,0,0,0,0,0,0,0,0,0,0.513,0,0,0,0,0,0,0,0,0,0,0.192,0,0,0,0,0,0,0,0,0,0,0,0,0,0,0.194,0,0,0,0,0.228,0,0,0,0.195,0,0,0,0,0,0,0,0,0,0,0,0,0.22,0,0,0,0,0,0,0,0,0,0,0,0,0,0,0,0,0,0,0,0,0,0,0,0,0,0,0,0,0,0,0,0,0,0,0,0,0,0,0,0,0,0,0,0,0,0,0,0,0.353,0,0,0,0,0.161,0,0,0,0,0,0,0,0,0,0,0,0,0,0,0,0,0.34,0,0.275,0,0,0,0,0,0,0,0,0,0,0,0,0,0,0,0,0,0,0,0,0,0,0,0,0,0,0,0,0,0,0,0,0,0,0,0,0,0,0,0,0,0,0,0,0,0,0,0,0,0,0,0,0,0.185,0.358,0,0.196,0,0,0.405,0,0,0,0,0,0,0.172,0,0,0,0,0,0,0,0,0,0,0.22,0,0,0,0,0,0,0,0,0,0,0,0,0,0,0,0,0,0,0,0,0,0,0,0,0,0,0,0,0,0,0,0,0,0,0,0,0,0,0,0,0,0,0,0,0,0,0,0,0,0,0,0,0,0,0,0.195,0,0,0,0,0,0,0,0,0,0,0,0,0,0,0,0,0,0,0,0,0,0,0,0,0,0,0,0,0,0,0,0,0,0,0,0,0,0,0.786,0,0,0.23,0,0,0,0,0.215,0,0,0,0,0,0,0,0,0,0,0,0,0,0,0,0,0,0,0,0,0.171,0,0,0,0,0,0,0,0,0,0,0,0,0,0,0,0,0,0,0,0,0,0,0,0,0,0,0,0,0,0,0,0.377,0,0.187,0,0,0,0,0,0,0,0,0,0,0,0,0,0,0,0,0,0,0,0,0,0,0,0,0,0,0,0,0.191,0,0,0,0,0,0.341,0,0,0,0,0,0,0,0,0,0,0,0,0,0,0,0,0,0,0,0,0,0,0,0,0,0,0,0,0,0,0,0,0,0,0,0,0,0,0,0,0,0,0,0,0,0,0,0,0,0,0,0,0,0,0,0,0,0.196,0,0,0,0,0.193,0,0.191,0,0,0,0,0,0,0,0,0.319,0,0.311,0,0,0,0,0,0,0.56,0,0,0,0.156,0,0,0,0,0,0,0.159,0,0,0,0,0,0,0,0,0,0,0,0,0,0,0,0,0,0,0,0,0,0,0,0,0,0,0,0,0,0,0,0,0,0,0,0,0,0,0,0,0,0,0,0,0,0,0,0,0,0,0,0,0,0.169,0,0,0,0,0,0,0.325,0,0,0,0,0,0,0,0,0.275,0,0,0,0,0,0,0,0,0,0,0,0,0,0,0,0,0,0,0,0,0,0,0,0,0,0,0,0,0,0,0,0,0,0,0,0,0,0,0,0,0,0,0,0,0,0,0,0,0,0,0.229,0,0,0,0,0,0,0,0,0,0,0,0,0,0,0,0,0,0,0,0,0,0,0,0,0,0,0,0,0,0,0,0,0,0,0,0,0,0.199,0,0,0.313,0,0,0,0,0,0,0,0,0,0,0,0,0,0,0,0,0,0,0,0,0,0,0,0,0,0,0,0,0,0,0,0,0,0,0,0,0,0,0,0,0,0,0,0,0,0,0,0,0,0,0,0,0,0,0,0,0,0,0,0,0,0,0,0,0,0,0,0,0,0,0,0,0,0,0,0,0,0,0,0,0,0,0,0,0,0,0,0,0,0,0,0,0,0,0,0,0,0,0,0,0.22,0,0,0,0,0,0,0,0,0,0,0,0,0,0,0,0,0,0,0,0,0,0,0,0,0.169,0.288,0,0,0,0,0,0,0,0,0,0,0,0,0,0,0,0,0,0,0,0,0,0,0,0,0,0,0,0,0,0,0,0,0,0,0,0,0,0,0,0,0,0,0,0,0,0,0,0,0,0,0.152,0,0,0,0,0,0,0,0.39,0,0,0,0,0,0,0,0,0,0,0,0,0,0,0,0,0,0,0,0,0,0,0,0,0,0,0,0,0,0,0,0,0,0,0,0,0,0,0,0,0,0,0,0,0,0,0,0,0,0,0,0.355,0,0,0,0,0,0,0,0,0,0,0,0,0,0,0,0,0,0,0,0,0,0,0,0,0,0.307,0,0,0,0,0.48,0,0,0,0,0,0,0,0,0,0,0,0,0,0,0,0,0,0,0,0,0,0,0,0,0,0,0,0,0,0,0.217,0,0,0,0,0.196,0,0,0,0,0,0,0,0,0,0,0,0,0.571,0,0,0,0,0,0,0,0,0,0,0,0,0,0,0,0,0,0,0,0,0,0,0,0,0,0,0,0,0,0,0,0,0,0,0,0,0,0,0.187,0,0,0,0,0,0,0,0,0,0.22,0,0,0,0,0,0,0,0,0,0,0,0,0,0,0,0,0,0,0,0,0,0,0,0,0,0,0,0,0,0.356,0,0,0,0,0,0,0,0,0,0,0.217,0,0,0,0,0,0,0,0,0,0,0,0.373,0,0,0,0,0,0,0,0,0,0,0,0,0,0,0,0,0,0,0,0,0,0,0,0,0,0,0,0,0,0,0,0,0,0,0,0,0,0,0,0,0,0,0,0,0,0,0,0,0,0,0,0,0,0,0,0,0,0,0,0,0,0,0,0,0,0,0.45,0,0,0,0,0,0,0,0,0,0,0,0,0,0,0,0,0,0,0,0,0,0,0,0,0,0,0,0,0,0,0,0,0,0,0,0,0,0,0,0,0,0,0,0,0,0,0.61,0,0,0,0,0,0,0,0,0,0,0,0,0,0,0,0,0,0,0,0,0.276,0,0,0,0,0,0,0,0,0,0,0,0,0,0,0,0,0,0,0,0,0,0,0,0,0,0,0,0,0.161,0,0,0,0,0,0,0,0,0,0,0,0,0,0,0,0,0,0,0,0,0,0,0,0,0,0,0,0,0,0,0,0,0,0,0,0,0,0,0,0,0,0,0,0,0,0,0,0,0,0,0,0,0,0,0,0,0,0,0,0,0,0,0,0,0,0,0,0,0,0,0,0,0.616,0,0,0,0,0,0,0,0.319,0,0,0,0,0,0,0,0,0,0.156,0,0,0,0,0,0,0,0,0,0,0,0,0,0,0,0,0,0,0,0,0,0,0.206,0,0,0,0,0,0.156,0,0,0,0,0,0,0,0,0,0,0,0,0,0,0,0,0,0,0,0,0,0,0.228,0,0,0,0,0,0,0,0,0,0,0,0,0,0,0,0,0,0,0,0,0,0,0,0,0,0,0,0,0,0,0,0,0,0,0,0,0,0,0,0,0,0,0,0,0,0,0,0,0,0.196,0,0,0,0,0,0,0,0,0,0,0,0,0,0,0,0,0,0.219,0,0,0,0,0,0,0,0,0,0,0,0,0,0,0,0,0,0,0,0,0,0,0,0,0,0,0,0,0,0,0,0,0,0,0,0,0,0,0,0,0,0,0,0,0,0,0,0,0,0,0,0,0,0,0,0,0,0,0,0,0,0,0,0.217,0,0,0,0,0,0,0,0,0,0,0,0,0,0,0,0,0,0,0,0,0,0,0,0,0,0,0,0,0,0,0,0,0,0,0,0,0,0,0,0,0,0,0,0,0,0,0.165,0,0,0,0,0,0,0,0,0,0,0,0,0,0,0,0,0,0,0,0,0,0,0,0,0,0,0,0,0,0,0,0,0,0,0,0,0,0,0,0,0,0,0,0,0,0,0,0,0,0,0,0,0,0,0,0,0,0,0,0,0,0,0,0,0,0,0,0,0,0,0,0,0,0,0,0,0,0,0,0,0,0,0,0,0,0,0,0,0,0,0,0,0,0,0,0,0,0.226,0,0,0,0,0,0,0,0,0,0,0,0,0,0,0,0,0,0,0,0,0,0,0,0,0,0,0,0,0,0,0,0,0,0,0,0,0.197,0,0,0,0,0,0,0,0.176,0,0,0,0,0,0,0,0,0.279,0,0,0,0,0,0,0,0,0,0,0,0,0,0,0,0,0,0,0,0,0,0,0,0,0,0,0,0,0,0,0,0,0,0,0,0,0,0,0,0,0,0,0,0,0,0,0,0,0,0.256,0,0,0,0,0,0,0,0,0.194,0,0,0,0,0,0,0,0,0,0,0,0,0,0,0,0,0,0,0,0,0,0,0,0,0,0,0,0,0,0,0,0,0,0,0,0,0,0,0,0,0,0,0,0,0,0,0,0,0,0,0,0,0.191,0,0,0,0,0,0,0,0,0,0,0,0,0,0,0,0,0,0,0,0,0,0,0,0,0,0,0,0,0,0,0,0,0,0,0,0,0,0,0,0.449,0,0,0,0,0,0,0,0,0,0,0,0,0,0,0,0,0,0,0,0,0,0,0,0,0,0,0,0,0,0,0,0,0,0,0,0,0,0,0,0,0,0,0,0,0,0,0,0,0,0,0,0,0,0,0,0,0,0,0,0,0,0,0,0,0,0,0,0,0,0,0,0,0,0,0,0,0,0,0,0,0,0,0,0,0,0,0,0,0,0,0,0,0,0,0,0,0,0,0,0,0,0,0,0,0,0,0,0,0,0,0,0,0,0,0,0,0,0,0,0,0,0,0,0,0,0,0,0,0,0,0,0,0,0,0,0,0,0,0,0,0,0,0,0,0,0,0.339,0,0,0,0,0,0,0,0,0,0,0,0,0,0,0,0,0,0,0,0,0,0,0,0,0,0,0,0,0,0,0,0,0,0,0,0.215,0,0,0,0,0,0,0,0,0,0,0,0.219,0.176,0,0,0,0,0,0,0,0,0,0.286,0,0,0,0,0,0,0,0,0,0,0,0,0,0.156,0,0,0,0,0,0,0,0,0,0,0,0,0,0,0,0,0,0,0,0,0,0,0,0.257,0,0,0,0,0,0,0,0,0,0,0,0.329,0.234,0,0,0,0,0,0,0,0,0,0,0,0,0,0,0,0,0,0,0,0,0,0.268,0,0,0,0,0,0,0,0,0,0,0,0,0,0,0,0,0,0,0,0,0,0,0,0,0,0,0.446,0,0,0,0,0,0,0,0,0,0,0,0,0,0,0,0,0,0,0,0,0,0,0,0,0,0,0,0,0,0,0,0,0.223,0,0,0,0,0,0.307,0,0,0,0,0,0,0,0,0,0,0,0,0,0,0,0,0,0.258,0,0,0,0,0,0,0,0,0,0,0,0,0,0,0,0,0.196,0,0,0,0,0,0,0,0,0,0,0,0,0,0,0,0,0,0,0,0,0,0,0,0,0,0,0,0,0,0,0,0,0,0,0,0,0,0,0,0,0,0,0,0,0,0,0,0,0,0,0,0,0,0,0,0,0,0,0,0,0,0,0,0,0,0,0,0,0,0,0,0,0,0,0,0,0,0,0,0,0,0,0,0,0.169,0,0,0,0,0,0,0,0,0,0,0,0,0,0,0,0,0,0,0,0,0,0,0,0,0.16,0,0,0,0,0,0,0,0,0,0,0,0.252,0,0,0,0,0,0,0,0,0,0,0,0,0,0,0,0,0,0,0,0,0,0,0,0,0,0,0,0,0,0,0,0,0.195,0,0,0,0,0,0,0,0,0,0,0,0,0,0,0,0,0,0,0.15,0,0,0.169,0,0,0,0,0,0,0,0,0,0,0,0,0,0,0,0,0,0,0,0,0,0,0,0,0,0,0,0,0.208,0,0,0,0,0,0,0,0.18,0,0,0,0,0,0,0,0,0,0,0,0,0,0,0,0,0,0,0,0,0,0,0,0,0,0,0,0,0,0,0,0,0,0,0,0.338,0,0,0,0,0,0,0,0,0.839,0,0,0,0,0,0,0,0,0,0,0,0,0,0,0,0,0,0,0,0,0,0,0,0,0,0,0,0,0,0,0,0,0,0,0,0,0,0,0,0,0,0,0,0,0,0,0,0,0,0,0,0,0,0,0,0,0,0,0,0,0,0,0,0,0,0,0,0,0,0,0,0,0,0,0,0,0,0,0,0,0,0,0,0.219,0,0,0,0,0,0,0,0,0,0,0,0,0,0,0.566,0,0,0,0,0,0,0,0,0,0,0,0,0,0,0,0,0,0.303,0,0,0,0,0,0,0,0,0,0,0,0,0,0,0,0,0,0,0,0,0,0,0,0.36,0,0,0,0,0,0,0,0,0,0,0,0,0,0,0,0,0,0,0,0,0,0,0,0,0,0,0,0,0,0,0.217,0,0,0,0,0,0,0,0,0,0,0,0,0,0,0,0,0,0,0,0,0,0,0,0,0.191,0,0.286,0,0,0,0,0,0,0,0,0,0,0,0,0,0,0,0,0,0,0,0,0,0,0,0.582,0,0,0,0,0,0,0,0,0,0,0,0,0,0,0,0,0,0,0,0,0,0,0,0,0,0,0,0,0,0,0,0,0,0,0,0,0,0,0,0,0,0,0,0,0,0,0,0,0,0,0,0,0,0,0,0,0,0,0,0,0,0,0,0,0,0,0,0,0,0,0,0,0,0,0,0,0,0,0,0.22,0,0,0,0,0,0,0,0,0,0.192,0,0,0,0,0,0,0,0,0,0,0,0,0,0,0,0,0,0,0,0,0,0,0,0,0,0,0,0,0,0,0,0,0,0,0,0,0,0,0,0,0,0,0,0,0,0,0,0,0,0,0,0,0.232,0,0,0,0,0,0,0,0,0,0,0,0,0,0,0,0,0,0,0,0,0,0,0,0,0,0,0,0,0,0,0,0,0,0,0,0,0,0,0,0,0,0,0,0,0,0,0,0,0,0,0,0,0,0,0,0,0,0,0,0,0,0,0,0,0,0,0,0,0,0,0,0,0,0,0,0,0,0,0,0,0,0,0,0,0,0,0,0,0,0,0,0,0,0,0,0,0,0,0,0,0,0,0,0,0,0,0,0,0,0.685,0,0,0,0,0,0,0,0,0,0,0,0,0,0,0,0,0,0,0,0,0,0,0,0,0,0,0,0,0,0,0,0,0,0,0,0,0.171,0,0,0,0,0,0,0,0,0,0,0,0,0,0,0,0,0,0,0,0,0,0,0,0,0,0,0,0,0,0,0,0,0.165,0,0,0,0,0,0,0,0,0,0,0,0,0,0,0,0,0,0,0,0,0,0,0,0,0,0,0,0,0,0,0,0,0,0,0,0,0,0,0,0,0,0,0,0,0,0,0,0,0,0,0,0,0,0,0,0,0,0,0,0,0,0,0,0,0,0,0,0,0,0,0,0,0,0,0,0,0,0,0,0,0.229,0,0,0,0,0,0,0,0,0,0,0,0,0,0,0,0,0,0,0,0,0,0,0,0.31,0,0,0,0,0,0,0,0,0,0,0,0,0,0,0,0,0,0,0,0,0,0,0,0,0,0,0,0,0,0.174,0,0,0,0,0,0,0,0,0,0.169,0,0,0,0,0,0,0,0,0,0,0,0.193,0,0,0,0,0,0.169,0,0,0,0,0,0,0,0,0,0,0.197,0,0,0,0,0,0,0.228,0,0,0,0.337,0,0,0,0,0,0,0,0,0.152,0,0,0,0,0,0,0,0,0,0,0,0,0,0,0,0,0,0,0,0,0,0,0,0,0,0,0,0,0,0,0,0,0,0,0,0,0,0,0,0,0,0,0,0,0,0,0,0,0,0,0,0,0,0,0,0,0,0,0,0,0,0.191,0,0,0,0,0,0,0,0,0,0,0,0,0,0,0,0,0,0,0,0,0,0,0.263,0,0,0,0,0,0,0,0,0.161,0,0,0,0,0,0,0,0.389,0,0,0,0,0.207,0,0.392,0,0,0,0,0,0,0,0.175,0,0,0,0,0,0,0,0,0,0,0.22,0,0,0,0,0,0,0,0,0,0,0,0,0,0,0,0,0,0,0,0,0,0,0,0,0,0,0,0,0.192,0,0,0,0,0,0,0,0,0,0,0,0.288,0,0,0,0,0,0,0,0,0,0,0,0,0,0,0,0,0,0,0,0.303,0,0.214,0,0,0,0,0,0,0,0,0,0,0,0,0,0,0,0,0,0,0,0,0.378,0,0.25,0,0,0,0,0,0,0,0,0,0,0,0,0,0,0,0,0,0.699,0,0,0,0,0,0,0,0,0,0,0,0,0,0,0,0,0,0,0,0,0,0,0,0,0,0,0,0,0,0,0,0,0,0,0,0,0,0,0,0,0,0,0,0,0,0,0,0,0,0,0,0,0,0,0,0,0,0,0,0,0,0,0,0,0,0,0,0,0,0,0,0,0,0,0,0,0,0,0,0,0,0,0,0,0,0,0,0,0,0.155,0,0,0,0,0,0,0,0,0,0,0,0,0,0,0.29,0,0,0,0,0,0,0,0,0,0,0,0,0,0,0,0,0,0,0,0,0,0,0,0,0,0,0,0,0.315,0,0,0,0,0,0,0,0,0,0,0,0,0,0,0,0,0,0.165,0,0,0,0,0,0,0,0,0,0,0,0,0,0,0,0.258,0.229,0,0,0,0,0,0,0,0,0,0,0.178,0,0.197,0,0,0,0,0,0,0,0,0,0,0,0,0,0,0,0,0,0,0.227,0,0,0,0,0,0,0,0,0,0,0,0,0,0,0,0,0,0,0,0,0,0,0,0,0,0,0,0,0,0,0,0,0,0,0,0,0,0,0,0,0,0,0,0,0,0,0,0,0,0,0,0,0,0,0,0.664,0,0,0,0,0,0,0,0,0,0,0,0,0,0,0,0,0,0,0,0,0,0,0.236,0,0.16,0,0,0,0,0.217,0,0,0,0,0,0,0,0,0,0,0,0,0,0,0,0.196,0,0,0.23,0,0.258,0,0.179,0,0,0,0,0,0.761,0,0,0,0.171,0,0,0.878,0,0,0,0,0,0.338,0,0,0,0,0,0,0,0,0,0,0,0,0,0,0,0,0,0,0,0,0,0,0,0,0.421,0,0,0.19,0,0,0,0,0,0,0,0,0.169,0,0,0,0,0,0,0,0,0,0,0,0,0,0,0,0,0,0,0,0,0,0,0,0.229,0,0,0,0,0,0,0,0,0,0,0,0,0,0,0,0,0.208,0,0,0,0,0,0,0,0,0,0,0,0,0,0,0,0,0,0,0,0,0,0,0,0,0,0,0,0,0,0,0,0,0,0,0,0,0,0,0,0,0,0,0,0,0,0,0,0.311,0,0,0,0,0,0,0,0,0,0,0,0,0,0,0,0,0,0,0,0,0,0,0,0,0,0,0,0,0,0,0,0,0,0,0,0,0,0,0,0,0,0,0,0,0,0,0,0,0.213,0,0,0,0.194,0,0,0,0,0,0,0,0,0,0,0,0,0,0,0,0,0,0,0,0,0,0,0,0,0,0,0,0,0,0,0.241,0,0,0,0,0,0,0,0,0,0,0,0,0,0,0,0,0,0,0,0,0,0,0,0,0,0,0,0,0,0,0,0,0,0,0,0,0.229,0,0,0,0,0,0,0,0,0.787,0.169,0,0,0,0,0,0,0,0,0,0,0,0.194,0,0,0,0,0,0,0,0,0,0,0,0,0,0,0,0,0,0,0,0,0,0,0,0,0,0,0,0,0,0,0,0,0,0,0,0.34,0,0,0,0,0,0,0,0.153,0,0,0,0,0,0,0,0,0,0,0,0,0,0,0,0,0,0,0,0,0,0.185,0,0,0,0,0,0,0.331,0,0,0,0,0.45,0,0,0,0,0,0.171,0,0,0,0,0,0,0,0,0,0,0,0,0,0,0,0
852709,0.247,0,0.347,0.58,0,0,0,0,0.155,0.223,0,0.396,0,0,0,0.154,0,0,0,0,0,0.163,0,0,0.253,0,0,0,0,0,0,0.207,0.191,0,0,0.152,0,0,0,0,0,0,0,0.198,0.88,0,0.209,0,0.5,0,0,0,0,0,0,0,0,0,0,0,0,0.311,0.536,0,0.162,0,0,0,0,0,0.696,0,0,0,0.254,0,0.3,0.234,0,0,0.223,0,0,0,0,0,0,0.572,0,0,0,0,0.267,0,0.154,0,0.381,0,0.345,0,0,0,0,0,0,0.418,0.171,0,0,0.418,0.2,0,0,0,0.322,0,0.237,0,0,0,0,0,0,0,0,0.153,0,0,0.274,0,0,0,0,0,0,0.177,0,0,0,0,0,0,0.679,0,0,0.505,0,0,0,0,0.913,0,0.345,0,0,0.569,0,0,0,0,0,0,0,0.202,0.3,0,0,0.3,0,0,0.178,0,0.213,0.394,0,0,0,0,0.216,0,0,0,0,0,0.163,0,0,0,0,0,0,0,0.18,0,0,0,0.19,0,0,0,0,0,0,0,0,0,0,0,0,0.158,0,0.193,0,0,0,0,0,0,0,0,0,0,0,0,0,0,0,0,0,0,0,0,0,0,0,0,0.197,0,0,0,0,0,0,0,0,0,0,0,0,0,0,0,0.508,0,0.17,0.199,0,0,0.309,0,0,0,0,0,0,0,0,0,0,0,0,0,0,0,0,0,0,0,0,0,0,0,0,0.242,0,0,0,0.178,0,0,0,0,0,0,0,0,0,0,0,0,0,0,0,0.171,0,0,0.192,0,0,0,0,0,0,0,0,0,0.418,0,0,0,0,0,0,0,0,0,0.153,0.157,0,0,0,0,0,0.15,0,0,0,0,0,0,0,0.217,0,0.198,0,0,0,0,0,0,0,0,0,0,0.44,0,0,0.163,0,0,0,0,0.352,0,0,0,0.162,0,0,0,0,0,0.743,0,0,0,0,0,0,0,0,0,0,0.313,0,0,0,0,0,0,0.154,0,0,0,0,0,0,0,0.443,0,0,0,0,0,0,0,0,0,0,0,0,0,0.158,0,0.187,0,0,0,0,0,0,0,0,0,0,0,0,0,0,0,0.459,0,0,0,0,0,0,0,0.206,0,0,0.265,0,0,0,0,0.745,0,0.179,0,0,0,0,0,0,0,0,0,0,0,0.262,0.203,0.755,0,0,0,0,0,0,0,0,0,0,0,0,0,0,0,0,0,0,0,0,0.196,0,0,0,0,0.367,0,0,0,0,0,0,0,0,0,0,0,0,0,0,0,0,0,0,0,0,0,0,0,0,0,0,0,0,0,0,0,0,0,0.558,0,0,0,0,0,0,0,0,0,0,0,0,0,0.363,0,0,0,0,0,0,0.167,0,0,0,0,0,0,0.626,0,0.204,0,0,0.32,0.169,0.425,0.281,0,0,0,0,0,0,0,0,0,0,0,0,0,0,0.81,0,0.173,0,0,0,0.871,0,0,0,0,0,0,0,0,0,0,0,0,0,0,0,0,0,0,0,0,0,0.45,0,0,0.195,0,0.236,0,0,0.154,0,0,0,0,0,0,0,0,0.19,0,0,0,0,0,0.328,0,0.55,0,0.46,0,0,0,0,0,0,0,0,0,0,0,0,0,0,0.199,0,0,0,0,0,0,0,0,0,0,0.178,0,0,0,0,0,0,0,0,0,0,0,0,0,0,0.621,0,0,0.554,0,0,0,0,0,0,0,0,0,0.179,0,0,0,0,0,0.166,0,0,0,0,0,0,0,0,0,0.467,0,0,0,0,0,0,0,0,0,0,0,0,0,0,0,0.187,0.283,0,0,0,0,0,0,0,0,0,0,0,0,0,0,0,0,0,0,0,0,0,0,0,0,0.584,0,0,0,0,0,0,0,0,0,0,0,0,0,0,0,0,0,0,0,0,0,0,0.27,0,0,0,0.186,0,0,0,0,0,0,0.173,0.233,0.165,0.179,0,0,0,0,0,0,0,0,0,0,0,0,0.226,0,0,0,0.262,0,0,0,0,0,0,0,0,0,0.588,0,0,0,0,0.25,0,0,0,0,0,0,0.312,0,0,0,0,0,0,0,0,0,0,0,0,0,0,0,0,0.443,0.163,0,0.451,0,0.359,0,0,0,0,0,0.783,0.538,0,0,0,0.303,0.163,0,0.162,0,0,0,0,0,0,0,0,0,0.159,0,0,0,0.25,0,0,0,0.185,0,0,0,0,0,0,0,0,0,0,0,0,0,0.61,0,0,0,0,0,0,0,0.25,0,0,0,0,0,0,0.273,0,0,0,0,0,0,0,0.222,0,0,0,0,0,0,0,0,0,0,0,0,0,0,0,0,0,0,0,0,0,0,0,0,0,0.179,0.189,0,0,0,0,0,0,0,0.471,0.586,0,0.246,0,0,0,0.439,0,0,0.347,0,0,0,0,0,0,0,0,0.649,0,0.67,0,0,0,0,0,0.679,0,0.296,0,0,0,0,0,0,0,0,0,0,0,0,0,0,0,0,0,0,0,0,0,0,0,0,0,0,0.303,0,0,0,0,0,0,0,0,0,0,0,0,0,0,0,0,0,0,0,0,0,0,0,0,0,0,0,0,0,0,0,0,0,0.61,0,0,0,0,0,0,0,0,0,0.2,0.48,0,0,0,0,0,0,0,0,0,0,0,0,0,0,0,0,0,0,0,0,0.187,0,0,0,0,0,0,0,0,0,0,0,0,0,0,0,0,0,0,0,0,0,0,0,0,0,0,0,0,0,0,0,0.16,0,0,0,0,0,0,0,0,0,0,0,0,0,0,0,0,0,0,0,0,0,0,0,0,0,0,0.18,0,0,0,0.297,0,0.211,0,0,0,0,0,0,0,0.154,0,0.184,0,0.719,0,0,0.303,0,0,0,0,0,0,0,0,0,0,0,0,0,0,0,0,0,0,0,0,0,0,0,0,0,0.246,0,0,0.778,0,0,0,0,0.337,0,0,0,0,0,0,0,0,0,0,0,0,0,0,0,0,0,0,0,0,0,0,0,0,0.177,0,0.673,0.212,0,0,0,0,0,0,0,0,0,0,0,0,0.3,0,0.225,0,0,0,0,0,0,0,0,0,0,0,0,0,0,0,0,0,0,0,0.168,0,0,0,0,0,0,0,0,0,0,0,0,0,0,0,0,0,0.26,0,0,0,0,0,0,0,0,0,0.235,0,0,0.221,0,0,0,0,0,0,0,0,0,0.349,0,0,0,0.238,0,0,0,0,0,0,0,0,0.407,0.361,0,0,0,0,0.302,0,0,0,0,0.166,0,0,0,0,0,0,0,0,0,0,0,0,0,0.188,0,0,0,0,0,0,0,0.529,0,0,0,0,0,0,0,0,0,0,0,0,0,0,0.282,0.497,0,0,0,0,0,0,0,0.303,0,0.181,0,0,0,0,0,0.153,0,0,0,0,0,0.201,0,0,0,0,0.536,0,0,0,0,0,0,0,0,0,0,0,0,0,0,0,0,0,0,0,0,0.642,0,0.358,0,0,0,0,0,0,0,0,0,0,0,0,0.207,0.694,0,0,0,0,0,0,0,0,0,0,0,0,0,0,0,0,0,0,0,0,0,0.196,0,0,0,0.187,0,0,0,0,0,0,0,0,0,0,0,0,0,0,0,0,0,0,0,0,0.356,0,0,0,0,0,0,0,0,0,0.267,0,0,0,0,0,0,0,0,0,0,0,0,0,0,0.788,0,0,0,0,0.3,0,0,0,0,0,0,0,0,0,0,0,0,0,0.314,0,0,0,0,0,0,0,0,0,0,0,0,0,0.166,0,0,0,0,0,0,0,0,0,0,0.346,0,0,0,0,0,0,0,0,0,0,0,0,0,0,0,0,0,0,0,0,0.558,0,0,0,0,0,0,0,0,0.452,0,0.589,0,0,0.38,0,0,0,0.384,0,0,0.16,0,0.501,0,0.294,0,0,0,0.507,0.167,0,0,0,0,0,0,0,0,0,0,0,0,0,0,0,0,0.243,0,0.156,0.17,0,0,0.185,0.597,0,0,0.232,0,0,0,0,0,0,0,0,0,0,0,0.152,0,0,0,0,0,0,0,0,0,0,0,0,0,0,0,0.156,0,0,0,0,0,0,0,0,0,0,0,0,0,0,0.193,0,0,0,0.183,0,0,0,0,0,0,0,0,0,0,0,0,0,0,0,0,0,0,0,0,0,0,0,0,0,0,0,0,0,0,0,0,0,0,0.182,0,0,0.191,0,0,0,0,0,0,0,0.319,0,0,0,0.315,0,0,0,0,0,0,0,0,0,0,0,0,0,0,0,0,0,0.441,0,0,0,0,0,0,0,0,0,0,0,0,0.297,0,0,0,0.273,0,0,0.68,0,0,0,0,0,0,0.625,0,0.307,0.19,0,0,0,0,0,0,0,0,0,0,0,0.169,0,0.185,0,0.189,0,0,0,0,0,0,0,0.244,0,0,0,0,0,0,0,0,0,0,0,0.319,0.15,0,0,0,0,0.164,0,0,0,0,0,0,0,0,0,0,0,0,0,0,0,0,0.178,0,0,0,0,0,0,0.199,0,0,0,0,0,0,0,0,0,0,0,0,0,0,0,0,0,0,0,0,0,0,0,0,0,0,0.179,0,0,0,0,0,0,0.201,0,0,0,0.431,0,0,0,0,0,0,0,0,0,0,0,0,0,0,0,0,0,0.407,0,0,0,0,0,0,0,0.27,0,0,0,0.24,0,0,0,0,0,0,0,0,0,0,0,0,0,0,0.291,0,0,0,0.19,0,0,0,0,0,0,0,0,0,0.349,0,0,0,0,0,0,0,0,0,0.17,0,0,0,0,0,0.154,0.237,0,0,0,0,0,0,0.746,0.155,0,0,0,0,0,0,0,0,0,0,0,0,0,0,0,0,0,0,0,0,0,0.209,0,0,0,0,0,0,0,0,0,0,0,0,0,0,0,0,0,0.452,0,0,0,0,0,0,0,0,0,0,0,0,0,0,0,0,0,0,0,0,0,0,0,0,0,0,0,0,0,0.679,0,0,0,0,0,0,0,0.43,0,0,0,0,0.43,0,0.539,0,0,0,0,0,0,0,0,0,0,0,0,0,0,0,0,0,0,0,0,0,0,0,0,0,0,0,0,0,0,0,0,0,0,0,0,0.452,0,0,0,0,0,0,0,0,0,0,0,0,0,0,0,0,0,0,0,0,0,0,0.167,0,0,0,0,0,0,0.183,0,0,0,0,0,0.351,0,0,0,0,0,0,0,0,0,0,0,0,0,0,0,0,0,0,0,0,0,0.667,0,0,0.382,0,0,0,0,0,0,0.301,0,0,0,0,0,0,0,0,0.207,0.396,0.224,0,0,0,0,0,0,0,0,0,0,0.271,0,0,0.218,0,0,0,0.635,0,0,0,0,0,0,0,0,0,0,0,0.21,0,0.161,0,0,0,0,0,0.533,0.192,0,0,0,0.159,0,0,0.463,0.225,0,0.706,0,0,0,0,0,0,0.194,0.161,0.176,0,0.188,0,0,0,0,0,0,0.239,0,0,0,0,0,0.61,0,0,0,0.334,0,0,0.178,0,0.209,0,0,0.278,0.162,0.186,0,0,0.167,0.377,0,0,0,0,0,0.27,0,0,0,0,0,0,0,0.346,0,0,0,0,0,0,0,0,0,0,0,0,0,0,0.226,0,0,0,0,0,0.313,0,0,0.2,0,0,0,0,0,0.424,0,0.159,0,0,0,0.173,0.186,0,0,0,0.159,0,0,0,0,0,0.64,0,0,0,0,0,0,0,0,0,0,0,0,0,0,0,0,0,0,0,0,0.172,0,0.233,0,0,0,0,0,0,0,0,0,0.2,0,0,0.637,0,0.152,0,0,0,0,0,0,0,0,0,0,0,0,0,0,0.2,0,0.454,0,0,0,0.217,0,0,0,0,0.552,0,0,0,0.211,0,0,0,0,0,0,0,0,0,0,0,0,0,0.351,0,0,0,0,0,0,0,0,0,0.236,0,0,0,0,0,0,0,0,0.194,0,0,0,0,0,0,0,0,0,0,0.155,0,0,0,0,0,0,0,0,0,0,0,0,0,0,0,0,0,0,0.225,0,0,0,0,0,0,0,0.155,0,0,0,0,0.16,0,0,0,0,0.153,0,0,0,0.489,0.222,0,0,0.231,0,0,0,0,0,0,0.161,0,0,0.266,0.352,0,0,0.153,0,0,0,0,0.215,0,0.308,0.934,0,0,0,0,0,0,0,0,0,0.79,0,0.151,0,0.157,0,0,0,0,0,0.212,0,0,0.184,0,0,0,0.165,0.355,0,0,0,0,0,0.67,0,0,0,0,0,0,0.377,0,0.195,0.252,0,0,0,0,0.728,0,0.299,0,0,0,0,0,0,0,0,0,0,0,0,0,0,0.272,0,0,0.319,0,0,0,0,0,0,0,0,0,0,0,0,0,0,0,0.156,0,0,0.379,0,0,0,0.224,0,0,0,0,0.183,0,0.565,0,0.299,0,0,0,0,0,0,0,0,0,0,0,0,0,0.194,0,0,0,0,0,0,0,0,0,0,0,0.151,0,0,0,0,0.313,0,0,0,0,0,0,0,0,0,0,0,0,0,0,0,0,0,0,0,0,0,0,0,0,0,0,0.179,0,0,0.424,0,0,0,0,0,0,0,0,0,0,0,0,0,0,0,0,0,0,0,0,0,0,0,0,0,0,0,0,0,0,0,0,0,0,0,0,0,0,0,0,0,0,0,0,0,0,0,0,0,0,0,0,0,0,0,0.207,0,0,0,0,0,0,0,0,0,0,0,0,0,0,0,0,0,0,0,0,0,0,0,0,0,0,0,0,0,0,0,0,0,0,0,0.179,0,0,0,0,0,0,0,0,0,0,0,0,0,0,0,0,0,0,0.202,0,0,0,0.318,0,0.44,0,0,0,0,0,0,0,0,0,0,0,0,0,0,0,0,0,0,0,0,0,0,0,0,0,0,0,0,0,0,0,0,0,0,0,0,0,0,0.293,0,0,0,0,0,0.165,0,0,0,0.207,0,0,0,0,0.196,0,0,0.15,0,0,0,0,0,0,0.327,0,0,0,0,0,0,0.695,0,0,0,0,0,0,0,0,0,0,0,0,0,0,0,0,0,0,0,0,0,0,0,0,0.245,0,0,0,0,0,0,0,0,0,0,0,0.455,0,0,0,0,0,0,0,0,0,0,0,0,0,0,0,0,0,0,0,0,0,0,0,0,0,0,0,0.238,0,0,0,0,0,0,0,0,0,0,0,0,0,0,0,0,0,0,0,0,0,0,0,0,0,0,0.313,0,0,0,0,0,0,0,0,0,0,0,0,0,0,0,0,0,0,0,0,0,0,0,0,0,0,0,0,0,0,0,0,0,0,0,0,0,0,0,0,0,0,0.165,0,0,0,0,0,0,0,0,0,0,0,0,0,0,0,0,0,0,0,0,0,0,0,0,0.576,0,0,0,0,0,0,0,0,0,0,0,0,0,0,0,0,0,0,0,0,0,0,0,0,0,0,0,0,0,0,0,0,0,0,0,0,0,0,0,0,0,0,0.283,0,0,0,0,0,0,0.202,0,0,0,0,0,0,0,0,0,0,0,0.22,0,0,0.256,0,0,0,0,0,0,0,0,0,0,0,0,0,0,0,0,0,0,0,0,0,0,0.2,0,0,0,0,0,0,0.156,0,0,0,0.223,0,0,0,0.38,0,0,0,0,0.258,0,0,0.154,0,0,0,0,0,0,0,0,0,0,0,0.338,0,0,0,0,0,0.152,0.201,0,0,0,0,0,0,0,0,0,0,0,0,0,0,0,0,0,0,0,0,0,0,0,0.191,0,0,0,0,0,0,0,0.244,0,0,0,0,0,0,0,0.212,0,0,0,0,0,0.319,0.394,0,0,0,0,0.429,0,0.317,0,0.305,0,0,0,0,0,0,0.279,0,0,0.375,0,0.431,0,0,0,0,0,0,0,0,0,0,0,0,0,0,0,0,0,0,0,0,0.246,0,0,0,0,0,0,0,0,0,0,0,0,0,0,0,0,0,0,0,0,0,0,0,0,0,0,0,0,0,0,0,0,0,0,0,0,0,0,0,0,0,0,0,0,0,0,0,0.187,0,0,0,0,0,0,0,0,0,0.238,0,0,0,0,0,0,0,0,0,0,0,0,0,0,0,0,0,0,0,0,0,0,0,0,0,0,0,0.215,0,0,0.169,0,0,0,0,0,0,0,0,0,0,0.202,0,0,0,0.198,0,0,0,0,0,0,0,0,0,0,0,0,0,0,0,0.591,0,0,0,0,0,0,0,0,0,0,0,0,0,0,0,0,0,0,0.267,0.156,0,0.279,0.169,0,0,0,0.37,0.152,0,0,0,0,0,0,0,0,0,0,0,0.585,0,0.165,0,0,0,0,0,0,0,0,0.306,0,0,0,0,0,0,0,0,0,0,0,0,0,0,0,0,0,0,0,0,0,0,0.56,0,0,0,0,0,0,0,0,0,0,0,0,0,0,0,0.269,0,0,0,0,0,0.592,0,0,0,0,0,0,0,0,0,0.831,0,0,0,0,0,0,0,0,0,0,0,0,0,0,0,0,0,0,0,0,0.226,0,0,0,0.581,0,0,0,0,0,0,0,0,0,0.164,0,0,0,0,0,0,0,0,0,0.338,0,0,0,0,0,0,0,0,0,0,0,0,0,0,0,0,0,0,0,0,0,0,0,0,0,0,0,0,0,0,0,0,0,0,0,0,0.418,0.175,0,0,0,0,0.197,0,0,0,0,0,0,0,0,0,0,0,0,0,0,0,0,0,0,0,0,0,0,0,0,0,0,0,0,0,0,0,0,0,0,0,0,0,0,0,0,0.161,0,0,0,0,0,0,0,0,0,0,0,0,0.15,0,0,0,0,0,0,0,0,0,0,0,0,0,0,0,0,0,0,0,0,0,0,0,0,0,0,0,0,0,0,0,0,0.161,0,0,0,0,0,0.205,0,0,0,0,0,0,0,0,0,0,0,0,0,0,0,0,0,0,0,0,0,0,0,0,0,0,0,0,0,0,0,0,0,0,0,0,0,0,0,0,0,0,0,0,0,0,0,0,0,0,0,0.153,0,0,0,0,0,0,0,0,0,0,0,0,0.197,0,0,0,0,0,0,0,0,0,0,0,0,0,0,0,0,0,0,0,0,0,0,0,0,0,0,0,0,0,0,0,0,0,0,0,0,0,0,0,0.258,0,0,0,0,0,0,0,0,0.172,0,0,0,0,0,0,0,0,0,0,0,0,0,0.185,0,0,0,0,0,0,0,0,0,0,0,0,0,0,0,0,0,0,0,0,0,0,0.662,0,0,0,0,0,0,0,0,0,0,0,0,0,0,0.239,0,0,0,0,0,0,0,0,0,0,0,0,0,0,0.317,0,0,0,0,0,0,0,0,0,0,0,0,0,0,0,0,0,0,0,0,0,0,0,0,0,0,0,0,0,0,0.879,0.203,0.534,0,0.834,0,0,0,0,0,0.246,0,0.165,0,0,0,0,0.207,0,0,0,0.857,0.736,0.201,0,0,0,0,0,0,0,0.4,0.268,0,0,0.729,0,0,0,0,0,0,0,0,0,0,0,0,0,0.212,0,0.597,0,0.229,0.221,0,0.307,0.19,0,0,0,0,0,0,0.365,0,0,0,0.229,0,0,0.277,0,0.154,0,0,0,0.198,0,0,0,0.151,0,0,0.579,0,0,0,0,0,0,0,0,0,0,0,0,0,0,0,0.315,0.429,0,0,0,0,0,0,0,0,0,0,0,0,0,0,0,0,0,0,0,0,0.22,0,0,0,0,0,0,0,0,0,0,0,0.294,0,0,0,0,0,0,0,0,0,0,0,0,0,0,0,0,0,0,0,0,0,0,0,0,0,0,0,0,0,0,0,0,0,0,0.169,0,0,0,0,0,0,0,0,0,0,0,0,0,0,0,0,0,0,0,0,0,0,0,0,0,0,0,0,0,0,0,0,0,0,0,0,0,0,0,0,0,0,0,0.159,0,0,0,0,0,0,0,0,0,0,0,0,0.183,0,0,0,0,0,0.281,0,0,0,0.229,0,0.175,0,0,0,0,0,0,0.933,0,0,0,0,0,0,0,0,0,0,0,0,0,0,0,0,0,0,0,0,0,0.191,0.339,0.194,0,0.33,0,0.302,0,0,0,0,0,0,0,0,0,0,0,0,0,0,0.689,0,0.171,0,0.218,0,0,0,0,0,0,0,0.24,0,0,0,0,0,0,0,0,0.166,0,0.492,0,0,0,0.446,0,0,0,0,0,0,0,0,0,0,0,0,0,0,0,0,0,0,0,0,0,0,0,0,0,0.178,0,0,0,0,0,0,0,0,0,0,0,0,0,0,0,0,0,0,0,0,0,0,0,0,0,0.333,0,0,0,0,0,0,0,0,0,0,0,0.176,0,0,0,0,0,0,0,0,0,0,0,0,0,0,0,0,0,0,0,0,0,0,0,0,0.241,0,0,0,0,0,0,0,0,0,0,0,0,0,0,0,0,0,0.866,0,0,0,0,0,0,0,0,0,0,0,0,0,0,0,0,0.521,0,0,0,0,0,0,0,0,0,0,0,0,0,0,0,0,0,0,0,0
851191,0.271,0,0.667,0,0,0,0.999,0.478,0.152,0,0,0,0,0,0,0.607,0.161,0,0.314,0,0.34,0,0,0,0,0,0.167,0,0.262,0,0,0,0,0,0.304,0,0,0,0,0,0,0,0,0,0.156,0,0,0,0.163,0,0.195,0,0,0,0,0,0,0,0,0.333,0,0,0.293,0,0.16,0,0,0,0.344,0,0.51,0,0,0,0,0.183,0,0,0.357,0,0,0,0,0,0,0.16,0,0,0.257,0,0.491,0,0,0,0,0,0.44,0.194,0,0.199,0,0,0.294,0.394,0.616,0.455,0,0.241,0.334,0,0,0,0,0,0,0,0,0.616,0.42,0,0,0,0,0,0,0,0,0,0,0,0.346,0,0,0.647,0,0.177,0,0,0.19,0.336,0.16,0,0,0,0,0.418,0,0,0,0.151,0,0,0.206,0.427,0,0.283,0.502,0,0,0.208,0,0,0,0.321,0,0,0.443,0.234,0,0,0,0.172,0,0,0,0,0,0.234,0,0.189,0.547,0.326,0,0,0,0,0,0,0.59,0,0,0,0,0,0,0,0,0,0,0,0.196,0.326,0.331,0,0,0,0,0,0,0,0,0,0,0,0,0,0,0.237,0.813,0,0,0,0,0,0,0,0,0,0,0,0,0,0,0,0,0.206,0,0,0,0,0,0,0.936,0,0,0,0,0.255,0,0,0,0,0,0,0,0,0,0,0,0,0,0,0,0.195,0,0,0.996,0,0,0,0,0,0,0.187,0,0,0,0,0,0,0,0,0,0,0.219,0,0,0.286,0,0,0,0,0.154,0,0,0,0.279,0,0,0,0,0,0,0,0,0,0,0,0,0,0,0.79,0,0.833,0,0,0,0,0,0.248,0,0,0,0,0,0.218,0,0,0.376,0,0,0.478,0,0,0,0.992,0,0,0.445,0,0,0,0,0,0,0.153,0.206,0,0,0,0,0.297,0,0,0.198,0,0,0,0.947,0,0.235,0,0,0,0,0,0,0,0,0,0.421,0.283,0,0,0,0,0,0.392,0,0,0,0,0,0,0,0,0,0,0,0.292,0,0,0.683,0.185,0,0,0,0,0,0,0,0,0.507,0,0,0.179,0,0,0.354,0,0,0,0,0,0,0,0,0,0.558,0,0,0,0,0.297,0,0,0,0.476,0,0.366,0.369,0,0.827,0,0.16,0.15,0,0.456,0.153,0,0,0.241,0,0,0,0.196,0,0.871,0,0,0,0,0,0.169,0,0,0,0,0,0,0,0,0,0.185,0.447,0.384,0,0,0,0.185,0,0,0,0,0,0,0,0,0,0,0,0.393,0,0,0,0.292,0,0,0.659,0,0,0,0.264,0,0.29,0,0,0,0,0.194,0,0,0,0,0,0,0,0.197,0,0,0,0,0,0,0,0,0,0,0,0,0,0.151,0,0,0,0,0,0.58,0.391,0,0,0,0,0,0,0,0,0,0,0,0,0,0,0.156,0,0,0,0,0,0,0,0,0,0,0,0,0.239,0.645,0,0,0,0,0,0.177,0.623,0,0,0,0,0,0,0.205,0,0,0,0,0,0,0,0,0,0,0,0,0.62,0,0,0.15,0,0,0,0,0,0.354,0,0,0,0,0,0,0.329,0,0.168,0.159,0,0,0,0,0,0,0,0,0,0,0,0,0,0,0.188,0.841,0,0,0.166,0,0,0,0,0.42,0.387,0,0.301,0,0,0,0,0,0,0,0,0.185,0,0,0.539,0,0,0,0,0,0,0.188,0,0.187,0,0,0,0.392,0,0,0,0,0,0,0,0,0,0,0,0.543,0,0,0,0,0.94,0,0,0,0,0,0.198,0,0,0,0,0,0,0.782,0,0,0,0.62,0,0,0,0,0,0,0,0,0,0,0,0,0.273,0,0,0,0,0,0,0,0.15,0.633,0.618,0,0,0,0.197,0,0,0,0,0,0.232,0,0.366,0,0,0,0.24,0,0,0,0,0,0,0,0,0,0.414,0,0,0,0,0,0,0.401,0.187,0,0.55,0,0,0,0,0,0.234,0,0,0,0,0,0,0,0.153,0,0,0,0,0.807,0,0.603,0.54,0,0,0.301,0,0,0,0,0,0.185,0.167,0,0,0.622,0.189,0,0,0.226,0.222,0,0.309,0,0,0,0,0.366,0,0.191,0,0.32,0.299,0,0,0.267,0,0,0,0,0.606,0.156,0,0,0,0,0,0,0,0.307,0,0,0.265,0,0,0,0,0,0,0.194,0,0.199,0,0.342,0,0,0,0,0,0,0,0,0,0,0,0.571,0,0.672,0,0.206,0,0,0,0,0,0.636,0,0,0,0,0,0,0,0,0,0.162,0,0,0,0,0,0.185,0,0,0,0,0,0,0,0.553,0,0,0,0,0,0,0,0.261,0,0.884,0,0,0,0,0,0.173,0,0,0,0,0,0,0,0,0,0.262,0,0,0.242,0.464,0,0,0,0,0,0,0,0.314,0,0,0.202,0,0.2,0.227,0,0,0,0.356,0,0,0,0,0,0,0,0,0,0.197,0,0,0.382,0,0,0,0.314,0,0,0,0,0.163,0,0,0,0,0,0,0.165,0,0,0,0,0,0,0,0,0,0,0,0,0,0.162,0,0,0,0,0,0,0,0.185,0,0,0,0,0,0,0,0,0,0,0.18,0,0,0,0,0,0,0,0,0,0,0,0,0,0.368,0,0,0,0,0,0,0,0,0,0,0,0,0,0.197,0,0,0,0,0,0,0,0.804,0,0,0,0,0.26,0.453,0,0.241,0,0,0,0,0,0,0,0,0,0,0,0.907,0,0,0.223,0,0.669,0.179,0,0,0,0.695,0,0,0,0,0,0.245,0.182,0,0.652,0,0,0.51,0,0,0.232,0,0,0.156,0.984,0,0,0,0,0,0,0,0,0,0,0,0.226,0,0,0,0,0,0.298,0,0.54,0.644,0.199,0,0.183,0,0,0,0,0,0,0,0,0,0,0,0,0,0,0,0,0,0,0,0,0,0.199,0,0.153,0.458,0,0.624,0,0,0,0,0,0,0.179,0,0.834,0,0.68,0,0,0.25,0,0.351,0,0,0.666,0.192,0,0.151,0,0,0,0,0.182,0.575,0.254,0,0,0,0,0,0,0,0.369,0,0,0.17,0.265,0,0,0,0,0,0.596,0.22,0.197,0,0,0,0,0,0.234,0.256,0,0.153,0,0.399,0,0,0.875,0,0,0,0,0,0.26,0,0,0,0.202,0,0.192,0,0,0,0,0.931,0.369,0,0,0.199,0.15,0,0,0.709,0,0.645,0,0,0.153,0.331,0,0.159,0,0,0.276,0,0,0,0,0,0,0,0,0.17,0,0.334,0,0,0,0.26,0,0,0,0,0,0,0.166,0.227,0.716,0.175,0,0,0,0,0,0,0.2,0,0,0,0,0,0,0,0.321,0.803,0,0,0.24,0,0,0.156,0,0,0,0.216,0,0,0,0,0,0.267,0,0,0.201,0,0.215,0.247,0.366,0,0,0,0,0,0,0.15,0.326,0.156,0,0,0,0,0.957,0.182,0.733,0,0,0,0,0,0,0,0.172,0,0.549,0,0,0,0,0,0.162,0,0.995,0,0,0,0.171,0,0,0,0,0,0,0,0.363,0,0.181,0.276,0,0,0,0.81,0,0,0,0.275,0.229,0.18,0,0,0.832,0,0,0,0,0.222,0.161,0,0,0.199,0,0,0.977,0,0,0,0,0,0,0,0,0,0,0.906,0,0,0,0.216,0,0,0,0,0,0,0,0,0.421,0,0,0,0.184,0,0,0,0,0,0,0.236,0,0,0,0,0,0.405,0,0,0.613,0.35,0.688,0,0,0,0,0.399,0,0,0,0,0,0,0,0.251,0,0,0,0.231,0,0,0.251,0,0.178,0,0,0,0,0,0.18,0,0.366,0,0.172,0,0,0,0,0.447,0,0.369,0,0,0,0,0.156,0,0.457,0,0,0,0,0,0,0,0,0,0,0,0,0.175,0.394,0,0.206,0,0.485,0,0,0.495,0,0,0,0,0,0,0,0,0,0,0,0,0,0.689,0.474,0.199,0,0.199,0,0.487,0.195,0,0,0.215,0.45,0.203,0,0,0.537,0,0,0,0.294,0,0.154,0,0,0,0,0.221,0.174,0,0.298,0,0.26,0,0.413,0,0,0,0,0,0,0,0,0.17,0,0,0,0,0.789,0,0,0,0,0,0,0.199,0,0,0.245,0,0,0,0,0,0.523,0.413,0,0,0,0,0,0,0,0,0,0,0,0,0,0,0,0,0,0,0,0,0,0,0,0,0,0,0.193,0,0,0,0,0,0,0,0,0,0,0,0,0,0,0,0,0,0,0,0,0,0,0,0,0,0,0,0.97,0,0,0,0,0,0,0,0,0,0,0,0,0.395,0.271,0,0,0,0,0,0,0.583,0,0,0,0,0,0,0,0,0,0,0,0,0,0,0,0,0,0,0,0,0,0,0,0.284,0,0,0,0,0,0,0,0.211,0,0,0,0,0,0,0,0,0,0,0,0,0,0,0,0,0,0,0,0,0,0,0,0,0,0,0,0,0,0,0,0,0,0,0,0,0,0,0,0,0,0,0,0,0,0,0,0,0,0,0,0,0,0,0,0,0,0,0,0,0,0,0,0,0,0,0,0,0,0,0,0,0,0,0,0,0,0,0,0,0,0,0,0,0,0,0.165,0,0.202,0,0,0,0,0.284,0,0,0,0,0,0,0,0,0,0.207,0,0,0,0,0,0,0,0,0,0,0,0,0,0,0,0,0,0,0,0,0,0,0,0,0,0,0,0,0,0,0,0,0,0.302,0,0,0,0,0,0,0,0,0,0,0,0,0,0,0,0,0,0,0,0,0,0,0,0,0,0,0,0,0,0,0,0.164,0,0,0,0,0,0,0,0,0,0,0,0,0,0,0,0,0,0,0,0,0,0,0,0,0,0,0,0,0,0,0,0,0,0,0,0,0,0,0,0,0,0,0,0,0,0,0,0,0,0,0,0,0.229,0,0,0,0,0,0,0,0,0,0,0,0.166,0,0,0,0,0,0.196,0,0,0,0,0,0,0,0.151,0,0,0,0,0,0.271,0,0,0,0,0,0,0,0,0,0,0,0,0,0,0,0,0,0,0,0,0,0,0,0,0,0,0,0.817,0,0,0,0,0,0,0,0,0,0,0,0,0,0,0,0,0,0,0,0,0,0,0,0,0,0,0.182,0,0,0,0,0,0,0,0,0,0,0,0.324,0,0,0,0,0,0,0,0.626,0,0,0,0.377,0,0,0,0,0,0,0,0,0,0.201,0,0,0,0,0,0,0,0,0,0.17,0,0,0,0,0,0,0,0,0,0,0,0.171,0,0,0,0,0,0,0,0,0,0,0,0,0,0,0,0.201,0,0,0,0,0,0.717,0,0,0,0,0,0,0,0,0,0,0,0,0,0.345,0,0,0,0,0,0.201,0,0,0,0,0,0,0,0.394,0,0,0,0,0,0.203,0,0,0,0,0,0,0,0,0,0,0,0,0,0,0,0,0,0,0,0,0,0,0,0,0,0,0,0,0,0,0,0,0,0.503,0.164,0,0,0.835,0.279,0,0,0,0.237,0,0,0,0,0.666,0,0,0,0,0,0,0,0,0,0,0,0,0,0,0,0,0,0,0,0,0,0,0,0,0,0,0,0,0,0,0,0,0,0,0,0,0,0,0,0,0,0,0,0,0,0,0,0,0,0,0,0,0,0,0,0,0,0,0,0,0,0,0,0,0,0,0,0,0,0,0,0,0,0,0,0,0,0,0,0,0,0,0,0,0,0,0,0,0,0,0,0,0,0,0,0,0,0,0,0,0,0,0,0,0,0.23,0,0,0,0,0,0,0,0,0,0,0,0,0,0,0.153,0,0,0,0,0,0,0.242,0,0,0,0,0,0,0.153,0,0.159,0,0,0,0,0,0,0,0,0,0,0,0,0,0,0,0,0,0,0,0,0,0,0,0,0,0,0,0,0,0,0,0,0.16,0,0,0,0,0,0,0,0,0,0.222,0,0.541,0,0,0,0,0,0,0,0,0,0,0,0,0,0,0.229,0,0,0,0,0,0,0,0,0,0.222,0,0,0,0,0.22,0,0,0,0,0,0,0,0,0,0,0,0,0,0,0,0.262,0.199,0,0,0,0,0,0.376,0,0,0,0,0,0,0,0,0,0,0,0,0,0,0,0,0,0,0,0.26,0,0,0,0,0,0,0,0,0,0,0.19,0,0,0.287,0,0.262,0.181,0,0,0,0,0,0,0,0,0,0,0,0,0,0,0,0,0,0,0,0,0,0,0.244,0,0,0,0,0,0,0.168,0,0.166,0,0,0,0,0,0,0,0,0,0,0,0,0.218,0,0,0,0,0,0,0,0,0,0,0,0,0,0,0,0,0,0,0,0,0,0,0,0,0,0,0,0,0,0,0,0,0,0,0,0,0.246,0,0,0,0,0,0,0,0,0,0.232,0,0,0.183,0,0,0,0,0,0,0,0,0,0,0,0,0,0,0,0,0,0,0,0,0,0,0,0,0,0,0.2,0,0,0.183,0,0.384,0,0,0,0,0.447,0,0,0,0,0,0,0,0,0.338,0,0,0,0,0,0,0,0,0,0,0,0,0,0,0.367,0,0.284,0,0,0,0,0,0.228,0.316,0.272,0,0.15,0,0,0,0,0,0,0,0,0,0,0,0,0,0,0,0.157,0,0,0,0,0,0,0,0,0,0,0,0,0.162,0,0,0,0.161,0,0,0,0,0,0,0,0,0,0,0,0,0,0,0,0.168,0,0,0,0,0,0.177,0.245,0,0.319,0,0,0.258,0,0,0,0,0,0.162,0,0,0,0,0.589,0,0,0,0.325,0,0,0,0,0,0,0,0,0,0,0,0,0.191,0,0,0,0,0,0,0,0,0,0,0.384,0,0,0,0.163,0,0.387,0.159,0,0,0,0,0,0,0,0,0,0,0.162,0,0,0,0,0,0,0,0,0.24,0.164,0,0,0,0,0,0,0,0,0,0,0,0,0,0,0,0.391,0,0.195,0,0,0,0,0,0,0,0,0,0,0,0,0.393,0,0,0,0,0,0,0,0,0,0,0,0,0,0,0,0,0,0,0,0,0,0,0,0,0,0,0,0,0,0,0,0,0,0,0,0,0,0,0,0,0,0,0,0,0,0,0,0,0,0,0,0,0,0,0,0,0,0,0,0,0,0,0,0,0,0,0,0,0,0,0,0,0,0,0,0,0,0,0,0.247,0,0,0,0,0,0,0,0,0,0,0,0,0,0,0,0.354,0,0,0,0.195,0,0,0,0,0,0,0,0,0,0,0,0,0,0,0,0,0,0,0,0,0,0,0,0,0,0,0,0,0,0,0,0,0,0,0,0,0,0,0,0,0,0,0,0,0,0,0,0,0,0,0,0,0,0,0,0,0,0,0,0,0,0,0,0,0.211,0,0,0,0,0.21,0,0,0,0.225,0,0,0,0,0,0,0,0,0,0,0,0,0,0,0,0,0,0,0,0,0,0,0,0,0,0,0,0,0,0,0,0,0,0,0,0,0,0,0,0,0,0,0,0,0,0,0,0,0,0,0,0,0,0,0,0,0,0,0,0,0,0.396,0,0,0,0,0,0,0,0,0,0,0,0,0,0,0,0,0,0,0,0,0,0,0.837,0,0,0,0,0,0,0,0,0.357,0.244,0,0,0,0,0,0,0,0,0.186,0,0,0,0,0,0,0,0,0.151,0,0.357,0,0,0,0,0,0,0,0,0,0,0,0,0,0,0,0,0,0,0,0,0,0,0,0,0,0.171,0,0,0,0,0,0,0,0,0,0,0.216,0,0,0,0,0,0,0,0,0,0,0,0,0,0,0,0,0.228,0,0,0,0,0,0,0,0,0,0,0,0,0,0,0,0,0,0,0,0,0,0,0,0,0,0,0,0,0,0,0,0,0,0,0,0,0,0,0,0,0,0,0,0,0,0,0,0,0,0,0,0,0,0,0,0,0,0,0,0,0,0,0,0,0,0,0,0,0,0,0,0,0,0,0,0,0,0,0,0,0,0,0,0,0,0,0,0,0,0,0,0,0,0,0,0,0,0,0,0,0,0,0,0,0,0,0,0,0,0,0,0,0,0,0,0,0,0,0,0,0.179,0,0,0,0,0,0.267,0,0,0,0,0,0,0,0,0,0,0,0,0,0,0,0,0,0,0,0,0,0,0,0,0,0,0,0,0,0,0,0,0,0,0,0,0,0,0,0,0,0,0,0,0,0,0.445,0,0,0,0,0,0,0,0,0,0,0,0,0,0,0,0.266,0,0,0,0,0,0,0,0,0,0,0,0,0,0,0,0,0,0,0,0,0,0,0,0.393,0,0,0,0.209,0,0,0,0,0,0,0,0,0,0,0,0,0,0,0,0,0,0,0,0,0,0,0,0,0,0,0,0,0,0,0,0.551,0,0,0,0,0,0,0,0,0,0,0,0,0,0,0,0,0,0,0.159,0.447,0,0,0,0,0,0,0,0,0.224,0,0,0,0,0,0,0,0,0,0,0,0,0,0,0,0,0,0,0,0,0,0,0,0,0,0,0,0,0,0,0,0,0,0,0,0,0,0,0,0,0,0,0,0,0,0,0,0,0,0,0,0,0,0,0,0,0,0,0,0,0,0,0,0,0,0,0,0,0,0,0,0,0,0,0,0,0,0,0.265,0,0,0,0,0,0,0,0,0,0,0,0,0,0,0,0,0,0,0.248,0,0.174,0,0,0.344,0,0.507,0,0.59,0,0,0,0,0,0,0,0,0,0,0,0,0,0,0,0,0,0,0,0,0,0,0,0,0,0,0,0,0,0,0,0,0,0,0,0,0,0,0,0,0,0,0,0,0,0,0,0,0,0,0,0,0,0,0,0,0,0,0,0,0,0,0,0,0,0,0,0,0,0,0,0,0,0,0,0,0,0,0,0,0,0,0,0,0,0,0,0,0,0,0,0,0,0,0,0,0,0,0,0,0,0,0,0,0,0,0,0,0,0,0,0,0,0,0,0,0,0,0,0,0,0,0,0,0,0,0,0,0,0,0,0,0,0,0,0,0,0,0,0,0,0,0,0,0,0,0,0,0,0,0,0.214,0,0,0.191,0,0,0,0,0,0,0,0.166,0,0,0,0,0,0,0,0,0,0,0,0,0,0,0,0,0,0,0,0,0,0,0,0,0.367,0,0,0,0,0,0,0,0,0,0,0,0,0,0,0,0,0,0,0,0,0,0,0,0,0,0,0,0,0,0,0,0.645,0,0.65,0,0,0,0.244,0,0.244,0,0,0,0,0,0,0,0,0,0,0,0,0,0,0.296,0,0,0,0,0,0,0,0,0,0,0,0,0,0,0,0,0,0,0,0,0,0,0,0,0,0,0,0,0,0,0.152,0,0,0,0,0,0,0,0,0,0,0,0,0,0,0,0,0.169,0,0,0,0,0,0,0,0,0,0,0,0,0,0,0,0,0,0,0,0,0,0,0,0,0,0,0,0,0,0,0,0,0,0,0,0,0,0,0.179,0,0,0,0,0,0,0,0,0,0,0,0,0,0,0,0,0,0,0,0,0,0,0,0,0,0,0,0,0.642,0,0,0,0,0,0.368,0,0,0,0,0,0.364,0,0,0,0,0,0,0,0,0,0,0,0,0,0,0,0,0,0,0,0,0,0,0,0,0,0,0,0,0,0,0,0,0,0,0,0,0,0,0,0,0,0,0,0,0,0,0,0,0,0,0,0,0.243,0,0,0,0,0,0,0,0,0,0,0,0,0,0,0,0,0,0,0,0,0,0,0,0,0,0,0.205,0,0,0,0,0,0,0,0,0,0,0.159,0,0,0,0.183,0.258,0,0,0,0,0,0.159,0,0,0,0,0,0,0,0,0,0,0,0,0,0,0,0,0,0,0,0,0,0,0,0,0.399,0,0,0,0.201,0,0,0,0,0,0,0,0,0,0,0,0,0,0,0,0,0,0,0,0,0,0,0,0,0,0,0,0,0,0,0,0,0,0.228,0,0,0,0,0,0,0,0,0,0,0,0,0,0,0,0,0,0.15,0,0,0,0,0,0.633,0,0,0,0,0,0,0,0,0,0,0,0,0,0,0,0,0,0,0,0,0,0,0,0,0,0,0,0,0,0,0,0,0,0,0,0,0,0.322,0,0,0,0,0,0.317,0.192,0,0,0,0,0,0,0,0,0,0,0.337,0,0,0,0,0,0,0,0,0,0,0,0,0,0,0,0,0,0,0,0,0,0,0,0,0,0,0,0.516,0,0.15,0.55,0,0,0,0.229,0.398,0,0,0,0,0,0,0,0,0,0,0,0,0,0,0,0,0,0,0,0,0,0,0,0,0,0,0,0,0,0,0,0,0,0,0,0,0,0.195,0,0,0,0,0,0,0,0,0,0,0,0,0,0,0,0,0,0,0,0,0,0,0,0,0,0,0,0,0,0,0,0,0,0,0,0.361,0,0,0,0,0,0,0,0,0,0,0,0,0,0.615,0,0,0,0,0,0,0,0,0,0,0,0,0,0,0,0.794,0,0,0,0,0,0,0,0,0,0,0,0,0,0,0,0,0,0,0,0,0,0,0,0,0,0,0,0,0,0,0,0,0,0,0,0.18,0,0,0,0,0,0.266,0,0,0,0,0,0,0,0,0,0,0,0,0,0,0,0,0,0,0
856763,0.507,0.188,0.958,0.829,0,0,0.179,0,0,0.156,0,0,0,0,0,0.713,0.195,0,0.895,0,0,0,0,0,0.188,0,0,0,0,0,0,0,0.215,0,0.241,0,0,0.2,0,0,0.443,0,0,0,0.188,0.251,0,0.43,0.489,0.365,0,0,0.442,0.231,0,0,0,0.924,0.165,0,0.188,0,0,0,0.744,0,0.359,0,0.166,0,0.527,0,0,0.535,0.443,0,0,0,0.199,0,0,0,0,0.398,0,0.373,0,0,0.756,0.197,0.185,0,0,0.555,0.188,0,0.186,0.465,0.419,0,0,0,0.225,0.514,0,0.496,0.188,0.843,0,0,0,0,0,0.188,0,0,0,0,0.757,0,0,0,0,0,0,0,0,0,0,0,0,0,0,0,0,0.261,0,0.179,0,0,0,0,0,0,0,0.743,0,0,0,0,0.422,0,0,0.172,0,0.909,0,0,0.441,0.408,0,0,0,0.161,0.506,0,0.351,0.568,0,0.907,0,0.386,0.159,0,0,0,0.351,0,0,0,0.615,0.418,0.386,0,0,0,0,0,0,0,0,0,0,0,0,0.915,0,0,0,0,0,0.187,0.567,0,0,0,0,0,0,0,0,0,0.365,0,0,0,0,0,0,0,0,0,0,0,0,0,0,0.189,0,0,0,0,0,0,0,0,0,0,0,0,0,0,0.187,0,0,0,0,0.392,0,0,0.386,0.194,0,0,0,0,0,0,0,0.272,0,0.793,0,0.181,0,0,0,0.175,0,0,0,0,0,0.26,0,0,0,0,0,0,0,0,0,0,0,0,0,0,0,0,0.781,0,0,0,0.396,0,0,0,0,0,0,0,0,0.736,0,0,0,0,0,0,0.288,0.216,0.904,0.26,0,0,0,0,0.338,0,0,0,0.585,0,0,0,0,0,0,0,0,0.442,0,0,0,0.387,0,0,0,0,0,0,0,0,0,0.379,0,0.271,0,0,0,0,0.175,0,0.163,0,0,0,0,0,0,0,0,0,0,0,0,0,0,0,0.452,0,0.404,0,0.298,0,0,0,0,0,0,0,0,0,0,0.8,0,0,0,0,0,0.786,0,0.181,0,0,0,0,0,0,0,0,0,0,0,0,0,0,0,0,0,0,0,0,0.441,0,0,0,0,0,0,0,0,0.171,0,0,0,0,0,0.28,0.201,0.56,0,0,0,0.502,0,0.518,0,0,0,0.16,0,0,0,0.495,0,0.468,0,0,0,0,0.228,0,0.312,0,0,0,0.207,0,0,0.238,0,0,0.676,0,0,0,0.227,0,0,0,0,0,0,0,0,0,0,0,0,0.361,0,0.256,0,0,0.252,0,0,0,0,0,0,0,0,0.213,0,0,0,0,0,0,0,0,0,0,0,0,0,0,0,0.353,0.249,0,0.174,0.195,0,0,0,0,0.334,0,0,0,0,0,0,0,0.241,0,0,0,0.252,0,0,0,0,0,0,0,0,0,0.223,0.991,0,0,0,0,0,0,0,0,0,0,0,0,0,0.318,0,0,0,0.556,0.257,0,0,0,0,0,0,0,0,0.96,0,0,0,0,0,0,0,0.17,0,0,0,0,0.297,0,0,0,0.167,0,0,0,0,0.389,0,0,0,0,0.556,0,0,0,0,0.515,0,0,0,0,0,0,0,0,0,0.191,0,0,0,0,0,0,0,0,0,0.789,0,0,0,0,0.379,0,0,0,0,0,0,0,0.155,0,0.237,0,0,0,0.161,0,0.206,0,0,0,0,0.549,0,0,0,0,0,0,0,0,0,0,0,0,0,0,0.874,0,0,0,0,0,0,0,0,0,0,0,0.431,0,0,0,0,0,0.258,0,0,0,0,0,0,0,0,0,0,0,0,0,0,0,0,0,0,0,0,0,0,0,0,0.151,0,0,0.235,0,0,0,0.183,0,0,0,0,0.311,0,0,0,0.26,0,0,0,0.237,0.197,0,0,0,0,0,0.24,0,0,0.265,0,0,0,0.339,0,0,0,0,0.198,0,0,0,0,0,0,0,0,0,0,0,0,0,0.15,0,0,0,0,0,0,0.244,0,0,0,0,0,0,0,0,0,0,0,0.223,0.163,0,0,0,0,0,0,0.154,0,0,0.219,0,0,0,0,0.592,0.206,0,0.195,0,0,0,0,0,0,0,0,0,0.197,0.357,0,0,0,0.873,0,0,0.175,0.499,0,0,0,0,0,0.755,0,0,0,0.531,0,0,0,0,0,0,0,0,0,0,0,0,0,0,0,0,0,0.369,0,0,0,0.169,0.394,0,0,0,0,0,0.248,0,0,0,0,0,0,0.181,0.174,0,0,0,0,0,0,0.193,0,0,0,0,0.273,0,0,0,0,0,0,0,0,0,0,0.367,0,0,0,0,0,0,0,0.237,0,0,0,0.251,0,0,0,0.216,0.351,0,0,0.217,0,0,0,0,0,0,0,0,0,0,0,0.16,0,0,0.16,0,0,0.482,0.61,0,0,0,0,0,0,0,0,0,0,0,0,0,0,0,0.264,0,0,0,0.171,0,0,0,0.499,0,0.398,0,0,0,0,0,0,0,0,0,0.243,0,0,0,0,0,0,0,0,0,0,0,0,0,0,0,0,0,0,0.152,0,0,0,0,0,0,0,0,0,0,0,0,0,0,0,0,0,0,0,0,0,0,0.366,0,0,0,0,0,0,0,0,0,0,0,0,0,0,0,0,0,0,0.284,0,0,0,0.32,0,0,0,0.57,0.22,0,0,0,0,0.335,0,0,0,0.61,0,0.301,0,0.151,0.335,0,0,0,0,0,0,0,0,0.762,0,0,0,0,0,0,0.214,0,0,0,0,0,0.244,0,0,0.493,0,0,0,0,0.196,0,0,0.299,0,0.443,0.172,0.201,0,0,0,0,0,0.525,0.225,0,0.483,0,0,0.241,0,0.936,0.373,0.362,0.27,0.175,0,0.187,0,0,0,0,0,0,0,0,0,0,0,0,0.481,0,0,0,0.512,0.566,0.364,0,0,0,0,0,0,0,0.377,0,0,0,0.223,0,0,0,0,0,0.196,0,0,0,0.186,0.272,0,0,0,0.945,0,0,0,0,0,0,0,0.151,0,0,0,0,0,0.182,0,0,0,0.342,0,0,0.699,0.553,0,0.372,0,0,0,0.209,0,0,0,0,0,0,0,0.635,0,0,0,0,0,0.229,0,0,0,0,0.9,0,0,0,0.205,0,0.392,0.46,0.44,0,0.169,0,0.286,0,0,0.444,0,0,0.442,0,0,0,0.173,0.562,0,0,0,0,0,0,0,0,0.181,0.926,0,0.181,0.158,0,0.461,0.161,0,0,0,0,0,0,0.373,0,0,0.162,0,0.416,0,0.402,0.214,0,0,0,0.376,0.446,0.305,0.444,0,0.589,0.187,0.802,0,0.208,0.159,0,0,0,0,0.245,0,0.725,0,0.238,0.364,0.245,0,0,0,0.174,0.443,0,0,0.386,0.154,0.489,0,0,0.309,0.363,0,0,0,0.286,0,0.555,0,0,0.173,0,0,0.685,0.39,0,0.775,0.492,0.294,0.214,0,0.208,0.229,0,0,0.158,0,0,0,0,0.199,0.168,0.527,0,0,0,0,0.921,0,0.443,0,0,0,0,0,0.569,0.219,0.639,0.381,0,0,0.239,0.217,0,0,0.26,0.342,0.187,0.323,0,0,0,0,0,0.487,0,0,0,0.405,0,0,0.171,0.532,0,0,0,0,0,0,0,0,0,0,0.172,0,0.213,0,0.178,0,0,0,0,0.486,0,0.152,0,0.634,0,0,0.171,0.159,0.23,0.202,0,0,0,0,0.158,0.335,0.362,0.205,0.186,0,0,0.283,0,0,0,0.475,0,0,0.16,0,0.339,0.395,0,0.916,0,0.471,0,0,0.598,0.363,0,0,0.262,0,0,0,0.309,0.225,0,0.268,0,0,0.166,0,0,0.542,0,0,0,0,0,0,0.223,0,0,0,0,0,0.183,0.285,0.268,0,0,0,0,0.293,0.27,0,0,0,0,0.728,0,0,0,0,0,0.167,0.366,0,0,0,0.642,0.198,0.158,0,0,0.61,0,0.371,0,0,0,0,0,0,0.599,0,0,0,0,0,0,0.226,0,0,0,0,0,0.227,0,0,0,0,0,0.309,0,0,0,0.362,0,0,0.229,0,0,0.39,0,0.162,0,0,0,0,0,0,0.169,0,0,0,0.212,0,0,0.396,0,0,0,0,0.366,0,0,0,0,0.223,0,0,0,0.969,0.197,0.187,0,0,0.203,0.733,0,0,0,0.153,0.151,0,0,0,0,0,0,0,0,0,0,0,0,0,0,0,0,0.282,0,0,0,0,0,0,0,0,0.211,0,0,0,0,0,0,0,0,0,0,0,0,0,0.555,0,0.413,0,0,0,0,0,0,0,0,0,0,0,0,0,0,0,0,0.555,0,0,0.336,0,0,0,0,0,0,0,0,0,0,0,0,0,0,0,0.554,0,0,0,0,0,0,0,0,0,0,0,0.203,0.323,0,0,0,0,0,0,0.264,0,0,0,0,0,0,0,0,0,0,0,0,0,0,0,0.45,0,0,0,0,0,0,0,0,0,0,0.379,0,0,0,0,0,0,0,0,0,0.567,0,0.159,0,0,0,0,0,0,0,0,0,0,0,0,0,0,0,0,0,0,0.685,0.174,0,0,0,0.45,0,0,0,0,0,0,0.152,0,0,0,0,0,0,0,0,0,0,0,0,0,0,0,0.309,0,0,0,0,0,0,0,0,0,0,0,0,0,0,0,0,0.373,0,0.151,0,0,0,0,0,0,0,0,0,0,0,0,0,0,0,0,0.358,0,0,0,0,0,0,0,0,0,0,0,0,0,0,0,0,0,0,0,0,0,0,0,0,0,0,0,0,0,0,0,0,0,0,0,0,0,0,0,0,0.556,0,0,0.16,0,0,0,0,0.389,0.203,0,0,0,0,0,0,0,0,0,0,0,0,0,0,0.184,0,0,0,0,0,0,0,0,0,0,0,0,0,0,0,0,0.25,0,0,0,0,0,0,0,0,0.55,0,0,0,0,0,0,0,0,0,0,0,0,0,0,0,0,0,0,0,0,0,0,0,0,0,0,0,0,0,0,0,0,0,0,0,0,0,0,0,0,0.203,0.154,0,0,0,0,0,0,0,0,0,0,0,0,0,0,0.152,0,0,0,0,0,0,0,0,0,0,0,0,0,0,0,0,0,0,0,0,0,0.232,0.556,0,0,0,0,0,0,0,0,0,0,0,0,0,0,0,0,0,0,0,0,0,0,0,0,0,0,0,0,0,0,0,0,0,0,0,0.306,0,0.254,0,0,0.569,0,0,0,0,0,0,0,0,0.173,0,0,0,0,0,0.372,0,0,0,0,0,0,0,0,0,0,0,0,0.441,0,0,0,0,0,0,0.161,0,0,0,0,0,0,0,0,0,0,0,0,0,0,0,0,0,0.152,0,0,0,0,0,0,0,0,0,0,0,0.23,0,0.206,0,0,0,0,0,0,0,0,0,0.45,0,0,0,0,0,0,0,0,0,0,0,0,0,0,0,0,0,0,0,0,0,0,0,0,0,0,0,0,0,0,0,0,0,0,0,0,0,0,0.275,0,0,0,0,0,0,0,0,0,0.435,0,0,0,0,0,0,0,0,0,0,0,0,0,0.487,0,0,0,0,0,0,0,0,0,0,0,0,0,0,0,0,0,0,0,0,0,0,0,0.461,0,0,0,0,0,0,0,0,0,0,0,0.166,0,0.189,0,0,0,0,0,0,0,0,0,0,0,0,0,0,0,0,0.196,0,0,0,0,0,0,0,0,0,0,0,0,0,0,0,0,0,0,0,0,0,0,0,0,0,0,0,0,0,0,0,0,0,0,0.367,0,0,0,0,0,0,0,0,0,0,0,0,0,0,0,0,0,0,0,0,0,0,0,0,0,0,0,0,0.303,0,0,0,0,0,0,0,0.559,0,0,0.15,0,0,0,0,0,0,0,0,0,0,0.15,0,0.553,0,0,0.687,0,0,0,0,0,0,0,0,0,0,0,0,0,0,0,0,0,0,0,0,0.551,0,0,0,0,0,0,0,0,0,0,0,0,0,0,0,0,0,0,0,0,0,0,0,0,0,0,0,0,0.684,0,0,0,0,0,0,0,0,0,0,0,0,0,0,0,0,0,0,0,0.22,0,0,0,0,0,0,0.162,0,0,0,0,0,0.245,0,0,0,0.169,0,0,0,0,0,0,0,0,0,0,0,0,0,0,0,0,0,0,0,0,0,0,0,0,0,0,0,0,0.191,0,0,0,0,0.175,0,0.297,0,0.199,0,0,0,0,0,0,0,0,0,0,0,0,0,0,0,0,0,0,0,0,0.204,0,0,0,0,0,0,0,0,0,0,0,0,0,0,0,0,0,0,0,0,0,0,0,0,0,0,0,0,0,0.413,0,0,0,0,0,0,0,0,0,0,0.368,0,0,0.584,0,0,0,0.237,0,0.192,0,0,0,0,0,0,0,0,0,0,0,0,0,0,0,0,0,0,0,0,0,0,0,0,0,0,0,0,0,0.58,0,0,0.171,0,0,0,0,0,0,0,0,0,0,0.234,0,0,0,0,0,0,0,0.212,0,0,0,0.228,0.347,0,0,0,0,0,0,0,0,0,0,0,0,0,0,0,0,0,0,0,0,0,0,0,0,0,0,0,0,0,0,0,0,0,0,0.175,0,0,0.8,0,0,0,0,0,0,0,0.163,0,0.238,0,0,0,0,0,0,0.175,0,0,0,0,0,0,0,0,0,0,0,0.175,0.244,0,0.199,0,0,0,0,0,0,0,0,0,0.175,0,0.177,0,0,0.29,0,0,0,0.217,0,0,0.62,0,0,0,0,0,0,0,0,0,0.255,0,0,0.176,0,0,0,0,0,0.177,0,0,0.237,0,0,0,0.232,0,0,0,0,0,0,0,0.188,0,0,0,0,0,0,0,0,0,0.944,0,0,0.211,0,0,0,0,0,0,0,0,0,0,0,0,0,0,0,0,0,0,0,0,0,0.235,0,0,0,0.17,0,0,0,0.234,0,0,0,0,0,0,0,0,0,0,0,0,0.209,0,0,0,0,0,0,0,0,0,0.185,0,0,0,0,0,0,0,0,0,0,0,0,0,0,0,0,0,0,0,0,0,0,0,0,0,0,0,0,0,0,0,0,0,0,0,0,0.181,0,0,0,0,0,0,0,0,0,0,0,0,0,0,0,0,0,0,0.174,0,0,0,0,0,0,0,0,0,0,0,0,0,0,0,0,0,0,0,0,0,0.161,0,0,0,0,0,0,0,0,0,0,0,0,0,0,0,0,0,0,0,0,0,0,0,0,0,0,0,0,0,0,0,0,0,0,0,0,0,0,0,0,0,0,0,0,0,0,0,0,0,0,0,0,0,0.184,0,0,0,0,0,0,0,0,0,0,0,0,0,0,0,0,0,0,0,0,0,0,0,0,0,0,0,0,0,0,0,0,0,0,0.193,0,0,0,0,0,0,0,0,0,0,0.359,0,0,0,0,0,0,0,0,0,0,0,0,0,0,0,0,0,0,0,0,0,0,0,0,0,0,0,0,0,0,0,0,0,0,0,0,0,0,0,0,0,0,0,0,0,0,0,0,0,0,0,0,0,0,0.382,0,0,0,0,0,0,0,0,0,0,0.178,0,0,0,0,0,0,0,0,0,0,0,0,0,0,0,0,0,0,0,0.554,0,0,0.201,0,0,0,0,0,0,0,0,0,0,0,0,0,0,0,0,0,0,0.443,0,0,0,0,0,0,0,0,0.309,0,0,0,0,0,0,0.397,0,0,0,0,0,0,0,0,0,0,0,0,0,0,0,0,0,0,0,0,0.443,0,0,0,0,0,0,0,0.152,0,0,0,0.162,0,0.551,0.552,0,0,0,0,0,0,0,0.191,0,0,0,0,0,0,0,0,0,0,0,0,0,0,0,0,0.449,0,0,0,0,0,0,0,0,0,0,0,0,0,0,0,0.511,0,0,0,0,0,0,0,0,0,0,0,0,0,0,0,0,0,0,0,0,0,0,0.413,0,0.556,0,0,0,0,0,0,0,0,0.368,0.298,0.264,0,0,0,0,0,0,0,0,0,0.16,0,0,0,0,0,0,0,0.157,0,0,0,0,0,0,0,0,0,0.449,0,0,0,0,0,0,0,0,0,0,0,0,0,0,0,0,0,0.535,0.271,0,0,0,0,0,0,0,0,0,0.556,0,0,0,0,0,0,0,0,0,0,0,0,0,0.442,0,0,0,0,0,0,0,0.781,0,0,0,0,0,0,0,0,0,0,0,0,0,0,0,0,0,0,0,0,0,0,0,0,0,0,0,0,0,0.19,0,0,0,0.748,0,0,0,0,0,0.447,0.219,0,0,0,0,0,0,0,0,0,0,0,0.698,0,0,0,0,0,0,0,0,0,0,0,0,0,0,0,0,0,0,0,0.175,0,0,0,0,0,0,0,0,0,0,0,0,0,0,0,0,0,0,0,0,0,0,0,0,0.88,0,0,0,0.235,0,0,0,0,0.736,0,0,0,0,0,0.175,0,0,0.39,0,0,0,0,0,0.15,0.44,0,0,0.223,0.229,0,0,0,0.154,0,0,0,0,0.276,0,0,0,0,0,0,0,0,0,0,0,0,0,0,0,0,0,0,0,0,0,0,0,0,0,0.444,0,0,0,0,0,0,0,0,0,0,0,0,0,0,0,0,0,0,0,0,0,0.196,0,0,0,0,0,0,0,0,0,0,0,0,0,0,0,0,0,0,0,0,0.407,0,0,0,0,0,0,0,0,0,0,0,0,0,0,0,0,0,0,0,0,0,0,0,0.161,0,0,0,0.837,0,0,0,0,0,0,0,0,0,0,0,0,0,0.208,0,0,0,0,0,0,0.181,0,0.74,0,0,0.374,0.19,0.177,0,0,0,0,0,0,0,0,0,0,0,0,0,0,0,0,0,0,0,0,0,0,0,0,0,0,0,0,0,0,0,0,0,0,0,0,0,0,0,0,0,0,0,0,0,0,0,0,0,0,0,0,0,0,0,0,0,0,0.254,0,0,0,0,0,0,0,0,0,0,0,0,0,0,0,0,0,0,0.176,0,0,0,0,0,0,0,0,0,0,0,0,0,0,0,0,0,0,0.296,0,0,0,0,0,0,0,0,0,0,0.196,0,0,0,0,0.154,0,0,0.193,0,0.183,0,0,0,0,0,0,0,0.175,0,0,0.169,0.175,0,0.177,0,0,0.175,0,0,0,0,0.175,0.175,0,0.175,0.177,0,0,0.175,0,0.185,0.175,0.175,0,0,0,0,0,0,0,0,0,0,0,0,0,0,0,0,0,0,0,0,0,0,0,0,0.152,0,0,0,0.406,0,0,0,0,0,0.319,0,0,0,0.551,0,0,0,0,0,0,0.152,0,0,0,0,0,0.161,0,0,0.152,0,0,0,0,0,0,0,0,0,0,0,0,0,0,0,0,0,0,0,0,0,0,0,0,0,0,0,0,0,0,0,0,0,0,0,0,0,0.9,0,0,0,0,0,0,0,0,0,0,0,0,0,0.184,0,0,0,0,0,0,0,0,0,0,0,0,0,0,0,0,0,0,0,0,0,0,0.77,0,0,0,0,0,0.205,0.266,0,0,0,0,0,0,0,0,0,0,0,0,0,0,0,0.26,0,0,0,0,0,0,0,0.206,0,0.9,0,0,0,0,0,0,0,0,0,0,0,0,0,0,0,0,0,0,0,0,0,0,0,0,0,0,0,0,0,0,0.36,0,0,0,0,0,0,0,0,0,0,0,0,0,0,0,0,0,0,0,0,0,0,0.161,0,0,0,0,0,0.167,0,0,0,0,0,0,0,0,0,0,0,0,0,0,0,0,0,0,0,0,0,0,0,0,0,0,0,0,0,0,0,0,0,0,0,0,0,0.232,0,0,0.551,0.15,0,0,0.364,0,0.365,0.311,0.449,0,0,0,0.559,0,0,0,0,0.405,0,0.446,0.441,0.297,0,0.611,0,0,0,0,0,0.446,0,0,0.699,0,0,0,0,0,0,0,0,0,0,0,0,0,0,0,0,0.446,0,0,0,0,0,0,0,0,0,0,0,0.444,0,0,0,0,0,0,0,0,0,0,0,0,0,0,0,0,0,0,0,0.368,0,0,0.185,0,0,0,0,0,0,0,0,0,0,0,0,0,0,0,0,0,0,0,0,0,0,0,0,0,0,0,0,0,0,0,0,0,0,0,0,0,0,0,0,0,0,0,0,0,0,0,0,0,0,0,0,0,0.16,0,0,0,0,0,0,0,0,0,0,0,0,0,0,0,0,0,0,0,0,0,0,0,0.904,0,0,0,0,0,0,0.275,0,0,0,0,0,0,0,0,0,0,0,0,0,0,0,0,0,0,0,0,0,0,0,0,0,0,0,0,0,0,0,0.552,0,0,0,0,0,0,0,0,0,0,0,0,0,0,0,0,0,0,0,0,0,0,0,0.631,0,0,0,0,0,0.197,0,0,0,0,0,0,0,0,0,0,0,0,0,0,0,0,0,0,0,0,0,0,0.446,0,0,0,0,0,0,0,0,0,0,0,0,0,0,0,0,0,0,0,0,0.449,0.572,0,0,0,0,0,0,0,0,0,0,0,0,0,0,0,0,0,0,0,0,0,0.295,0,0,0.258,0,0,0,0,0,0,0.446,0.446,0,0,0,0,0,0.213,0,0,0,0,0,0,0,0,0,0,0,0.438,0,0,0,0,0,0.334,0.196,0,0,0,0,0,0,0,0,0,0,0,0,0,0,0,0,0,0.621,0,0,0.543,0,0,0,0,0,0,0,0,0,0,0,0.699,0,0,0,0,0,0,0,0,0,0.253,0,0,0,0,0,0,0
854462,0,0,0,0,0,0,0,0,0,0,0,0,0,0,0,0,0,0,0,0,0,0,0,0,0.183,0,0.325,0,0,0,0,0,0,0,0,0,0,0,0.399,0,0,0,0,0,0,0,0,0,0,0,0,0,0,0,0,0,0,0,0,0,0,0,0,0,0,0,0,0,0,0,0.161,0.164,0,0,0.169,0,0,0,0,0,0,0.271,0,0,0,0,0,0,0,0,0,0,0.227,0,0.209,0,0,0,0.184,0,0.538,0,0,0,0,0,0,0,0,0,0,0,0,0,0,0,0,0,0,0,0,0,0.488,0,0.256,0,0,0,0,0,0,0,0,0,0,0,0,0,0.361,0,0,0,0.976,0,0,0,0,0,0,0,0,0,0,0,0,0,0,0,0,0,0,0,0,0,0.184,0,0,0,0,0,0,0,0,0,0,0,0,0,0,0,0,0,0,0,0.215,0,0.208,0,0.227,0,0,0,0,0,0,0,0,0,0,0,0,0,0.197,0.261,0,0,0,0,0,0.428,0,0,0.195,0,0,0.152,0,0,0,0,0,0,0,0,0,0,0,0,0,0,0,0,0,0,0,0.247,0.239,0.184,0,0,0,0,0,0.253,0.166,0,0,0,0,0,0,0,0.943,0.21,0,0,0,0,0,0,0,0.175,0,0.223,0,0,0,0,0,0,0,0,0,0,0,0.373,0,0,0,0,0,0,0.253,0,0,0,0,0.157,0,0,0,0,0,0,0,0,0,0,0,0,0,0,0,0,0,0,0.505,0,0,0,0,0,0.271,0,0.373,0,0,0.181,0.166,0,0,0,0,0,0,0,0,0,0,0,0,0,0,0,0,0.205,0,0,0.214,0,0,0,0,0,0,0.316,0.247,0,0,0,0,0,0,0,0,0,0.505,0,0,0.254,0,0,0,0,0,0,0.175,0,0,0,0.164,0.232,0.224,0,0,0,0,0,0.451,0.181,0,0,0.181,0,0,0,0,0,0,0,0,0,0,0,0,0,0,0,0.158,0,0,0,0.199,0,0.151,0,0,0,0,0.227,0,0,0,0,0,0,0.183,0,0.165,0,0.177,0,0.191,0.246,0,0,0,0,0.265,0,0,0.184,0,0,0,0,0,0,0.189,0,0,0.219,0,0,0,0,0,0,0,0,0,0.175,0.253,0,0,0,0,0,0,0.193,0,0,0,0,0,0,0,0,0,0,0,0,0,0,0,0,0.162,0,0,0.238,0,0,0,0,0,0.197,0,0,0,0,0,0,0,0,0,0.18,0,0,0,0,0,0,0.182,0,0,0,0,0.212,0,0,0,0,0,0,0,0,0,0,0,0,0,0,0,0,0,0,0,0,0,0.224,0,0,0,0,0,0,0.645,0,0,0,0.319,0,0.208,0,0.269,0,0,0,0.211,0,0,0,0.175,0,0,0,0,0.155,0,0,0,0,0,0,0,0,0,0,0,0,0,0,0,0.444,0.172,0,0,0,0,0,0,0,0,0,0,0,0,0.321,0,0,0,0,0,0.306,0,0,0,0,0,0,0.214,0,0,0,0,0,0.226,0.2,0,0,0,0,0,0,0,0,0,0,0.16,0,0,0,0,0,0,0,0,0,0,0,0,0,0.181,0.274,0,0,0,0.21,0,0,0,0,0,0,0,0,0,0,0,0,0,0,0,0,0.203,0,0,0.246,0.166,0,0.167,0,0,0,0.19,0,0.16,0,0,0.282,0,0,0,0,0,0,0,0,0,0,0,0.191,0,0,0,0.325,0,0,0,0,0,0.181,0,0,0,0,0,0,0,0.16,0,0,0,0.186,0,0,0,0.216,0,0,0,0,0,0,0.194,0.741,0,0,0,0,0.303,0,0.212,0,0,0,0,0,0,0,0,0,0,0,0.18,0,0,0,0,0,0,0.331,0,0,0,0,0,0,0,0,0,0,0,0,0,0,0,0,0.245,0,0,0,0,0,0,0,0,0.26,0,0,0,0,0,0,0,0,0,0,0,0,0.253,0,0.713,0,0,0,0,0,0,0,0,0.209,0,0,0.945,0,0,0,0,0.165,0,0,0,0,0.27,0,0,0.157,0,0,0,0.277,0,0,0,0,0,0,0,0,0,0,0,0,0,0,0,0,0,0,0,0,0,0,0.215,0.428,0.24,0,0.788,0,0,0,0,0,0,0,0,0,0,0.161,0.215,0,0,0,0,0.244,0,0,0,0,0,0,0.253,0,0,0.203,0.156,0,0,0,0,0,0,0,0,0,0,0,0.185,0,0,0,0,0,0,0.197,0,0,0,0,0.205,0,0,0,0,0,0,0,0,0.219,0,0,0,0,0,0,0,0,0.158,0,0,0,0,0,0,0,0.21,0,0,0,0,0,0,0.253,0,0,0,0,0.199,0.193,0,0,0,0.203,0,0.212,0,0,0,0,0.159,0,0,0.208,0,0,0,0,0,0.33,0,0,0,0,0,0,0,0.462,0,0,0,0.246,0,0,0,0,0,0,0,0,0,0,0,0,0,0.54,0,0,0,0,0,0,0,0,0.353,0,0,0,0.942,0,0.393,0,0,0,0,0,0,0.19,0.771,0.331,0,0,0,0,0,0.2,0.449,0,0.205,0,0,0,0,0.956,0,0,0,0,0,0.693,0,0,0,0,0,0,0,0,0,0,0,0.157,0,0,0,0,0,0,0,0,0,0.22,0,0,0,0.219,0,0,0,0.175,0,0,0,0,0,0,0,0,0,0,0.186,0,0,0,0,0,0,0,0,0,0,0,0,0,0.205,0,0,0,0,0,0,0,0,0,0.212,0,0,0,0,0,0.267,0,0,0,0,0,0,0,0,0,0,0,0,0,0,0,0,0,0,0,0,0,0,0.205,0,0,0,0,0,0,0,0.153,0,0,0,0,0,0,0.197,0.21,0,0,0,0,0,0,0,0,0,0.234,0,0,0,0,0.161,0,0,0,0,0,0,0,0,0,0,0,0,0.206,0,0,0,0.205,0,0,0,0,0,0,0,0,0,0,0,0,0,0,0,0,0,0,0,0,0,0,0,0,0,0.186,0.461,0,0.215,0,0,0,0,0,0,0,0,0,0,0,0,0,0,0,0,0,0,0,0,0,0,0,0,0,0,0,0,0,0,0,0,0,0,0.188,0,0,0,0,0,0,0,0,0,0,0,0,0,0,0,0.205,0,0,0,0,0,0,0,0,0.154,0,0,0,0,0,0,0,0,0,0,0,0,0,0,0,0,0,0.286,0,0,0,0,0.169,0,0,0,0,0,0,0,0,0,0,0,0,0.396,0,0,0,0,0,0,0,0,0,0,0,0,0,0,0,0,0,0,0,0,0,0,0,0,0,0,0,0,0,0,0,0,0,0.205,0,0,0,0,0,0,0,0,0,0,0,0,0,0.22,0,0.17,0,0,0,0.216,0,0,0,0,0,0,0,0,0,0,0,0,0,0,0,0,0,0,0,0.207,0,0,0,0,0,0,0,0,0,0,0,0,0,0,0.169,0,0,0,0,0,0.205,0.192,0,0,0.253,0,0,0,0,0,0,0.216,0,0,0,0,0,0,0,0,0,0,0,0,0,0,0,0.151,0,0.175,0.206,0.184,0,0,0,0.205,0,0,0,0,0,0,0,0,0,0,0,0,0,0,0,0,0,0,0,0,0,0,0,0,0,0,0,0.159,0,0,0,0,0,0,0,0,0,0,0.216,0,0,0,0,0,0,0,0,0,0,0,0,0,0,0,0,0,0,0,0,0,0,0,0,0,0,0.159,0,0,0,0,0.177,0,0,0,0,0,0,0,0.434,0,0,0,0,0,0.208,0,0,0.205,0,0,0,0,0,0,0,0,0,0,0,0,0,0,0,0,0,0,0,0,0,0,0,0,0,0,0,0,0,0,0,0,0,0,0,0,0,0,0,0,0,0,0,0,0,0,0,0.152,0,0,0,0.228,0,0.179,0,0,0,0,0.701,0.213,0,0,0,0.174,0,0,0,0.181,0,0,0,0,0,0,0,0,0,0.213,0,0,0,0,0,0,0,0,0,0,0,0,0.161,0,0,0,0,0,0,0,0,0,0,0.185,0,0,0,0,0,0,0,0,0,0,0,0,0,0,0,0,0,0,0,0,0,0,0,0,0,0,0,0,0,0,0,0,0,0,0,0,0,0,0,0,0,0,0,0,0,0,0,0,0,0,0,0,0,0,0,0,0,0,0,0,0,0,0,0,0,0,0,0,0,0,0,0,0,0,0,0,0,0,0,0,0,0,0,0,0,0,0,0,0,0,0,0,0,0,0,0,0,0,0,0,0,0,0,0,0,0,0,0,0,0,0,0,0.15,0,0,0,0,0,0,0,0,0,0,0.196,0,0,0,0,0,0,0,0,0,0,0,0,0,0,0,0,0,0,0,0,0,0,0,0,0,0,0,0,0,0,0,0,0,0,0,0,0,0,0,0,0,0,0,0,0,0,0,0,0,0,0,0,0,0,0,0,0,0,0,0,0,0,0,0,0,0.225,0,0,0,0,0,0,0,0.18,0,0,0,0,0,0,0,0,0,0,0,0,0,0,0,0,0,0,0,0,0,0,0,0,0.18,0,0,0,0,0,0,0,0,0.19,0,0.155,0,0,0,0,0,0,0,0,0,0,0,0,0,0.19,0,0,0,0,0,0,0,0,0,0,0,0,0,0,0,0,0,0,0,0,0,0,0,0,0,0,0,0,0.207,0,0,0,0,0,0,0,0,0,0,0,0,0.183,0.352,0,0,0,0,0,0,0,0,0,0,0,0,0,0,0,0,0,0,0,0,0,0,0,0,0,0,0,0,0.177,0,0,0,0,0,0,0,0,0,0.196,0,0,0,0,0,0,0,0,0,0,0,0,0,0,0,0,0,0,0,0,0,0,0,0.161,0,0,0,0,0.295,0,0,0.182,0.197,0,0,0,0,0,0,0,0,0,0,0,0,0,0,0,0,0,0,0,0.177,0,0,0.364,0,0,0,0,0,0,0.201,0,0,0,0,0,0.155,0,0,0,0,0.209,0,0,0,0,0,0,0,0,0,0,0,0,0,0,0,0,0,0,0,0,0,0.236,0,0,0,0,0,0.196,0,0,0,0,0,0,0,0,0,0.151,0,0,0,0,0,0,0,0,0,0,0.241,0,0,0,0,0.253,0,0,0,0,0,0,0,0,0,0,0,0,0,0,0,0,0,0,0,0,0,0,0,0,0,0,0,0,0,0,0,0,0,0,0,0,0,0,0,0,0,0,0,0,0,0,0,0,0,0,0,0,0,0,0.195,0,0,0,0,0,0,0,0,0,0,0.212,0.21,0,0.275,0.517,0,0.366,0,0,0,0,0,0,0,0,0.378,0,0,0,0,0,0.473,0,0,0,0,0,0.328,0.443,0,0,0,0,0,0.51,0,0.305,0,0.183,0.167,0,0,0,0.166,0,0,0,0,0,0.206,0,0,0,0,0.391,0,0.199,0.312,0,0,0,0,0,0.353,0.778,0,0.774,0,0.244,0.471,0,0.621,0,0,0,0,0,0,0,0.982,0,0.528,0,0,0,0,0,0,0,0,0.21,0.242,0,0,0,0,0.229,0.212,0,0.482,0.621,0.194,0,0,0,0,0,0,0,0,0,0,0,0,0.164,0,0,0,0,0,0,0,0,0,0,0,0,0,0,0,0,0,0,0,0,0,0,0,0,0,0,0.213,0,0,0,0.184,0,0.164,0,0,0,0,0,0,0,0,0.163,0,0,0,0,0,0,0,0,0,0,0,0,0,0,0,0,0,0.22,0,0,0.27,0,0.279,0,0,0,0,0,0,0,0,0,0,0,0,0,0,0.153,0.184,0,0,0,0,0,0.189,0,0,0,0,0.371,0,0.189,0,0,0,0.215,0.27,0.378,0,0,0,0,0,0,0,0,0,0,0,0.213,0,0,0,0,0,0,0,0,0,0,0,0,0,0,0,0,0,0,0,0,0,0,0,0,0,0,0,0,0,0,0,0,0,0,0,0,0,0,0,0,0,0,0,0,0,0,0,0,0,0,0,0,0,0,0,0,0,0,0,0,0,0,0,0,0,0,0,0,0,0,0,0,0,0,0,0,0,0,0,0,0,0,0,0,0,0,0,0,0,0.236,0,0,0,0,0,0,0,0,0,0,0,0,0,0,0,0,0,0,0,0,0,0,0,0,0,0,0,0.27,0.262,0,0,0,0,0,0,0,0,0,0,0,0,0,0,0,0,0,0,0,0,0,0,0,0,0,0,0,0,0,0,0,0,0.168,0,0,0,0,0,0,0,0,0,0,0,0,0,0,0,0.15,0,0,0,0,0,0.181,0,0,0,0,0,0,0,0,0,0,0,0,0,0,0,0,0,0.167,0,0,0,0.161,0,0,0,0,0.212,0,0,0,0,0,0,0,0,0,0,0,0,0,0,0,0,0,0,0,0.365,0,0,0,0,0,0,0,0,0,0,0,0,0,0,0,0,0,0,0,0,0,0,0,0,0,0,0,0,0,0,0,0,0,0,0,0,0.473,0,0,0,0,0,0,0,0,0,0,0,0,0,0,0,0,0,0,0,0,0,0,0,0,0,0,0,0,0,0,0,0,0,0,0,0,0,0,0.224,0,0,0,0,0,0,0,0,0,0,0,0,0,0,0,0,0.651,0,0,0,0,0,0,0,0,0,0,0,0,0,0,0,0,0,0,0,0,0,0,0,0,0,0,0,0,0,0,0,0,0.175,0,0,0,0,0,0,0,0,0,0,0,0,0,0,0,0,0,0,0,0,0,0,0,0,0,0,0,0,0,0,0,0,0,0,0,0,0,0,0,0.178,0,0.209,0,0,0,0,0,0,0,0,0.356,0,0,0,0,0,0,0,0,0,0,0,0,0,0,0,0,0,0,0,0,0,0,0,0,0,0,0,0,0,0,0,0,0,0,0,0,0,0,0,0,0,0,0,0,0,0,0,0,0,0,0,0,0,0,0,0,0,0,0,0,0,0,0,0,0,0,0,0,0,0,0,0,0,0,0,0,0,0,0,0.16,0,0,0,0,0,0,0,0,0,0,0,0,0,0,0,0,0,0,0,0,0,0,0,0.185,0,0,0,0,0,0,0,0,0,0,0,0,0,0,0,0,0,0,0,0,0.306,0,0,0,0,0,0.155,0,0,0,0,0,0,0,0,0,0,0,0,0,0,0,0,0.232,0,0,0,0,0,0,0,0,0,0,0,0,0,0.208,0,0,0,0,0,0,0,0,0,0,0,0,0,0,0,0,0,0,0,0,0,0,0,0,0,0,0,0,0,0,0.274,0,0,0,0,0,0,0,0,0,0,0,0,0,0,0,0,0,0,0,0,0,0,0,0,0,0,0,0,0,0,0,0,0,0,0,0,0,0,0,0,0,0,0,0,0,0,0,0,0,0,0,0,0,0,0,0,0,0,0,0,0,0,0,0,0,0,0,0,0,0,0,0,0,0,0,0,0,0,0,0,0,0,0,0,0,0,0,0,0,0,0,0,0,0,0,0,0,0,0,0,0,0.209,0,0,0,0,0,0,0,0,0,0,0,0.318,0,0,0,0,0,0.657,0,0,0,0,0.187,0,0,0,0,0,0,0,0,0,0,0,0,0,0,0,0,0,0,0,0,0.356,0.213,0,0.209,0,0,0,0,0.186,0,0,0,0,0,0.183,0,0.213,0,0,0,0,0.211,0,0,0.213,0,0.299,0.161,0,0,0,0,0,0,0,0,0,0,0.277,0,0,0,0,0,0,0,0.352,0,0.21,0,0,0,0.175,0,0,0,0,0,0,0,0,0,0,0,0,0,0,0,0,0,0,0,0,0,0,0,0,0,0,0.215,0,0.183,0,0,0,0,0,0,0,0,0,0,0,0,0,0,0,0,0,0,0,0,0,0,0,0.171,0,0,0,0,0,0,0,0,0,0.172,0,0,0,0,0,0,0,0,0.343,0,0,0,0,0,0,0,0,0,0,0,0,0,0,0,0,0,0,0,0,0,0,0,0,0,0,0.172,0,0,0,0,0,0,0,0,0,0,0,0,0,0,0,0,0,0,0,0,0,0,0,0,0,0,0,0,0,0.26,0,0,0.313,0,0,0,0,0,0,0,0,0,0,0,0,0,0,0,0,0,0,0,0,0,0,0,0,0,0,0,0,0.283,0,0,0,0,0,0,0,0.295,0,0,0,0,0.178,0,0,0.213,0,0,0.159,0.272,0,0,0,0,0,0,0,0,0,0,0,0.391,0.271,0,0,0.225,0,0.191,0,0.24,0,0,0,0,0.157,0,0,0,0,0.271,0,0,0,0,0,0,0.264,0,0,0,0,0.271,0,0,0,0,0,0,0.504,0,0,0,0,0,0,0,0,0,0,0,0.339,0,0,0,0,0,0.504,0.178,0,0,0,0,0,0,0,0,0,0,0.236,0,0,0,0,0,0,0,0.271,0.271,0,0.367,0.271,0,0,0,0,0,0,0,0,0,0,0,0,0,0,0,0,0,0,0,0,0,0,0,0,0,0,0,0,0,0,0,0,0,0,0,0,0,0,0,0,0,0,0,0,0,0,0,0,0,0,0,0,0,0,0,0,0,0,0,0,0,0,0,0.179,0,0,0,0,0,0,0,0,0,0,0,0,0,0,0,0,0,0,0,0,0.197,0,0,0,0,0,0,0,0,0,0,0,0,0,0,0,0,0,0,0,0,0,0,0,0.179,0,0,0,0,0,0,0,0,0,0,0,0,0,0,0,0,0,0,0,0,0,0,0,0,0.458,0,0,0,0,0,0,0,0,0,0,0,0,0,0,0.197,0,0,0,0,0,0,0,0,0,0,0,0.26,0,0,0,0,0,0.229,0,0,0,0,0,0,0,0,0.278,0,0,0,0,0,0.271,0,0,0,0.626,0,0,0,0,0,0,0,0.182,0,0,0,0,0,0,0,0,0,0,0,0,0,0,0,0,0,0,0,0,0,0,0,0,0,0,0,0,0,0,0,0,0,0,0,0,0,0,0,0,0,0,0,0,0,0,0,0,0,0,0,0,0,0,0,0,0,0,0,0,0,0,0,0,0,0,0,0,0,0,0,0,0,0,0,0,0,0,0,0,0,0,0,0,0,0,0.473,0,0,0,0,0,0,0,0,0,0,0,0,0,0,0,0,0.194,0,0,0,0.394,0,0,0,0,0,0,0,0,0,0,0,0,0,0,0,0,0,0,0,0,0,0,0,0.228,0,0,0,0,0,0,0,0,0,0,0,0,0,0,0,0,0,0,0.228,0,0,0,0,0,0,0,0.228,0,0,0,0,0,0.228,0,0,0,0,0.228,0,0.228,0,0,0,0,0,0,0,0,0,0,0,0,0,0,0,0,0,0,0,0,0,0,0,0,0,0,0,0,0,0,0,0,0,0,0,0,0,0,0,0,0,0,0,0,0,0,0,0,0,0,0,0,0,0,0,0,0.167,0,0,0,0,0,0,0,0.355,0,0,0,0,0,0,0,0.448,0,0.219,0,0,0,0.191,0,0,0,0,0,0,0,0,0,0,0,0,0,0,0,0,0,0,0,0,0,0,0,0.416,0,0,0,0,0,0,0,0,0,0,0,0,0,0,0,0,0,0,0,0.446,0,0,0,0,0,0,0.249,0,0,0,0,0,0,0,0,0,0,0,0,0,0,0,0,0,0,0,0,0,0,0,0,0,0,0,0,0,0,0,0,0,0,0,0,0,0,0,0,0,0,0,0,0,0,0,0,0,0,0,0,0,0,0,0,0,0,0,0,0,0,0,0,0,0,0,0,0,0,0,0,0,0,0,0,0,0.163,0,0,0,0,0,0,0,0,0,0,0,0,0,0,0,0,0,0,0,0,0.198,0,0,0,0,0,0,0,0,0,0,0,0,0,0,0,0,0,0,0,0,0,0,0,0,0,0,0,0,0,0,0,0,0,0,0,0,0,0,0,0,0,0,0,0,0,0,0,0,0,0,0,0,0,0,0,0,0,0,0,0,0,0,0.291,0.203,0,0.243,0,0,0,0,0,0,0,0,0.169,0,0,0,0,0,0,0,0,0,0,0,0,0.276,0,0,0,0,0,0,0,0,0,0,0,0,0,0,0.22,0,0,0,0,0.216,0,0,0,0,0.377,0,0,0,0,0,0,0,0,0,0,0,0,0,0,0,0,0,0,0,0,0,0,0,0,0,0,0,0,0,0,0,0,0,0,0,0,0,0,0,0,0,0,0,0,0,0,0,0,0,0,0,0,0,0,0,0,0,0,0,0,0,0,0,0,0,0,0,0,0,0,0,0,0,0,0,0,0,0,0,0,0,0,0,0,0,0,0,0,0,0,0,0,0,0,0,0,0,0,0,0,0,0,0,0,0,0,0,0,0,0,0,0,0,0,0,0,0,0,0,0,0,0,0,0,0.353,0,0,0,0,0,0,0,0,0,0,0.21,0,0,0,0,0,0,0,0,0,0,0.614,0,0
856646,0,0,0,0.216,0,0,0.32,0,0,0,0.378,0,0,0,0,0.447,0,0,0.351,0.309,0,0,0,0,0,0,0.322,0,0.396,0.196,0,0,0,0,0,0.194,0,0,0,0.177,0,0,0.514,0,0.15,0.15,0,0,0.196,0,0.291,0,0,0,0,0,0,0,0,0,0,0,0.612,0,0.299,0,0,0,0,0,0.602,0,0,0,0,0,0,0,0,0.701,0,0,0,0,0,0,0.189,0,0.206,0,0.792,0,0,0,0,0,0.181,0,0,0,0,0,0,0,0,0,0,0,0,0.2,0.157,0,0,0,0.233,0,0,0,0.289,0,0,0,0,0,0,0,0,0,0,0.161,0.222,0,0,0,0,0,0,0,0.305,0,0.315,0,0.368,0,0,0,0,0,0.577,0,0.432,0,0,0,0,0.361,0,0,0.39,0,0,0.935,0.79,0.161,0,0,0.319,0.603,0.183,0,0,0,0.244,0.359,0,0,0,0,0,0,0.171,0,0.472,0.304,0,0,0,0,0,0,0,0.248,0.197,0,0.394,0.171,0.153,0,0,0.614,0.22,0.195,0.19,0.25,0.194,0.705,0,0,0,0.164,0,0.297,0.513,0,0,0,0,0,0.229,0,0,0,0.651,0,0.445,0.169,0,0,0,0,0,0.241,0,0.317,0,0.22,0.513,0.196,0,0,0,0,0.219,0,0,0,0.358,0.206,0,0.318,0.609,0.836,0.205,0,0,0,0,0.294,0,0,0,0.207,0.781,0,0,0,0.191,0.873,0.342,0.353,0,0.169,0,0,0.163,0,0.481,0,0,0,0,0,0,0,0.445,0,0,0.197,0.45,0,0,0,0,0,0.258,0,0,0,0.196,0,0,0,0,0,0,0.297,0.275,0,0,0,0,0,0,0.292,0,0.351,0,0,0.258,0,0.202,0.698,0.246,0,0,0,0.242,0.169,0,0,0,0.394,0,0,0.23,0,0,0.61,0.511,0.398,0,0.478,0,0,0,0.213,0.22,0,0,0,0,0,0.752,0,0,0,0.241,0,0,0,0,0,0.408,0,0,0,0,0.483,0,0,0.951,0,0,0,0.358,0,0,0,0,0,0,0,0,0,0,0.436,0.571,0,0,0.629,0,0,0,0.396,0,0,0,0.152,0,0,0,0,0.548,0.349,0.618,0,0,0,0,0.397,0,0,0,0,0.733,0,0,0,0.376,0.214,0,0,0,0.942,0.447,0,0,0,0,0,0.746,0,0,0,0.394,0,0,0,0,0.658,0,0,0,0,0.251,0,0,0,0,0.27,0.192,0,0,0,0.684,0.323,0,0,0,0,0,0.164,0.196,0,0,0.297,0,0,0,0,0,0,0,0.212,0,0,0.265,0,0,0,0,0,0.228,0.286,0,0,0,0.161,0.538,0,0,0,0.245,0,0.514,0,0,0.351,0,0.401,0,0.511,0,0,0,0.7,0.686,0.375,0,0,0,0,0,0,0.696,0,0.351,0,0,0,0.373,0.796,0.214,0,0,0,0,0,0.15,0,0,0.258,0,0,0,0.335,0.404,0.308,0,0.338,0,0,0,0.403,0.309,0.393,0,0,0,0,0,0,0,0.352,0.613,0,0,0.374,0.233,0.68,0,0,0,0.299,0,0,0,0,0.848,0,0,0,0,0.224,0,0,0,0,0,0,0,0,0.217,0,0.7,0,0.535,0.392,0.219,0,0,0.392,0,0.19,0,0,0.309,0,0,0,0.251,0.539,0.453,0,0.51,0,0,0,0,0,0,0.297,0,0.441,0,0,0,0,0,0,0,0.196,0.161,0,0,0.339,0.536,0,0,0,0.34,0.698,0,0,0,0,0.748,0.15,0.428,0,0.36,0,0,0,0,0,0,0,0,0,0,0,0.272,0.338,0,0,0,0.181,0,0,0,0,0,0,0.245,0,0,0,0.25,0,0,0,0.229,0,0,0,0.229,0.22,0.211,0,0,0.258,0,0,0,0,0,0,0.252,0,0.156,0,0.398,0,0,0.161,0.351,0,0.226,0,0,0.268,0,0,0,0.379,0,0.197,0,0,0,0,0,0,0.154,0.247,0.728,0,0,0,0,0,0,0,0,0,0.276,0,0.699,0,0.686,0,0,0,0,0,0,0,0,0,0.361,0,0.611,0,0.445,0.252,0.612,0,0.22,0,0,0.178,0,0.161,0.288,0,0,0,0,0,0,0,0,0,0,0,0,0.277,0,0,0.317,0,0,0.355,0.483,0,0,0.491,0.276,0.753,0.247,0,0,0,0,0,0,0.944,0.254,0,0.943,0,0.652,0.617,0,0,0,0,0,0,0,0,0,0,0,0,0,0,0.447,0,0,0,0,0.53,0,0,0,0,0,0,0,0,0,0,0,0.66,0,0,0.61,0,0,0.195,0,0,0,0,0,0.769,0.4,0,0,0,0,0,0,0.618,0,0.274,0,0.191,0,0.297,0,0,0,0,0.871,0.627,0,0.788,0,0,0,0.19,0,0,0.276,0,0,0,0,0.499,0.446,0,0,0,0,0.359,0.228,0.337,0,0,0,0,0,0,0.61,0,0,0,0.396,0,0.244,0,0,0.212,0,0,0,0,0.397,0.339,0,0.374,0.297,0,0.192,0.693,0,0,0,0.339,0,0.48,0.191,0.273,0,0,0.29,0,0,0.68,0.21,0.18,0.258,0,0,0,0,0,0,0,0,0,0.199,0,0.182,0.624,0,0,0.45,0,0.449,0,0,0,0.21,0,0,0.313,0.512,0,0,0,0.192,0,0,0,0,0.179,0,0,0,0,0,0,0,0,0.161,0,0,0,0,0,0,0,0,0,0,0,0,0,0,0,0,0,0,0,0,0,0,0,0,0,0,0,0,0,0,0,0,0,0,0,0.195,0,0,0,0,0,0,0,0,0,0,0,0,0,0,0,0,0,0,0,0,0,0,0,0,0,0,0,0,0,0,0,0,0,0,0,0,0.319,0,0,0,0,0,0,0.172,0,0,0,0,0,0,0,0,0,0,0,0.196,0,0.16,0,0,0.161,0,0,0,0,0,0,0,0,0,0,0,0,0,0,0,0,0,0,0,0,0,0,0,0,0,0,0,0,0,0,0,0.223,0,0,0,0.23,0,0.422,0.151,0,0,0,0,0,0,0,0,0,0,0,0,0,0,0,0,0,0,0,0,0,0,0,0,0,0.187,0,0,0,0,0,0,0,0,0,0,0,0,0,0,0,0,0,0,0,0,0,0,0,0,0,0,0,0,0,0,0.156,0,0,0,0,0,0,0,0,0,0,0.228,0,0.19,0,0,0,0,0,0,0,0,0,0,0,0,0,0,0.178,0,0,0,0,0,0,0,0,0,0,0,0.199,0,0,0,0,0,0,0,0,0,0,0,0,0,0,0.153,0,0,0,0,0,0,0,0,0,0,0,0.155,0,0,0,0,0,0,0,0,0,0,0,0,0,0,0,0,0,0,0.169,0,0,0,0,0,0,0,0,0,0,0,0,0,0,0,0.162,0,0,0.151,0,0,0,0.319,0,0,0.198,0,0,0,0,0,0,0,0,0,0,0,0,0.445,0,0,0,0,0,0,0,0,0,0,0,0,0,0,0,0,0,0,0,0,0,0,0,0,0,0,0,0,0,0,0,0,0,0,0,0,0,0,0,0,0,0,0,0,0,0,0,0,0,0,0.196,0,0,0,0,0,0,0,0,0,0,0,0,0,0,0,0,0.22,0,0,0,0,0,0,0,0,0,0,0,0,0,0,0,0,0,0,0,0,0.171,0,0.164,0,0,0,0,0,0,0,0,0,0,0,0,0,0,0,0,0,0,0,0,0,0,0,0,0,0,0,0.22,0,0,0,0,0,0,0,0,0,0,0,0,0,0,0,0,0,0,0,0,0,0,0,0,0,0,0,0,0,0,0,0,0.379,0,0,0,0,0,0,0,0,0,0,0,0,0,0,0,0,0.441,0,0,0,0,0,0,0,0,0,0,0,0,0.954,0,0,0,0.249,0,0,0,0,0,0,0,0,0,0,0,0,0,0,0,0,0,0,0,0,0,0,0,0,0,0,0,0,0,0,0,0,0,0,0,0,0,0,0,0,0,0,0,0,0,0,0,0,0,0,0,0,0,0,0,0,0,0,0,0,0,0,0,0,0,0,0,0,0,0,0,0,0,0,0.339,0,0,0,0,0.318,0,0.227,0,0.171,0,0,0,0,0,0,0,0,0,0,0,0,0,0,0,0,0,0,0,0,0,0,0,0,0,0,0,0,0,0,0,0,0,0.153,0,0,0,0,0,0,0.394,0,0,0,0,0,0,0,0,0,0,0,0.357,0.213,0,0,0,0,0,0.38,0,0,0,0,0,0,0,0,0,0,0,0,0,0,0,0,0,0,0,0,0,0,0,0,0,0,0,0,0,0,0,0,0,0,0,0,0,0,0,0,0,0,0,0,0,0,0,0,0,0,0,0,0,0,0,0,0,0,0,0,0,0,0,0,0,0,0,0.165,0,0,0,0,0,0,0,0,0,0,0,0,0,0,0,0,0,0,0,0,0,0,0,0,0,0,0,0,0,0,0,0,0,0,0,0,0,0,0,0,0,0,0,0,0,0,0,0,0,0,0,0,0,0,0,0,0,0,0,0,0,0,0,0,0,0,0,0,0,0,0,0,0,0,0,0,0,0,0,0,0,0,0,0,0,0,0,0,0,0,0,0,0,0.192,0,0,0,0,0,0,0,0,0,0,0,0,0,0,0,0,0,0,0,0,0,0,0,0,0,0,0,0,0,0,0,0,0,0,0,0,0,0,0,0,0,0,0,0,0,0,0,0,0,0,0,0,0,0,0,0,0,0,0,0,0,0,0,0,0,0,0,0,0,0,0,0,0,0,0,0,0,0,0,0,0,0,0,0,0,0,0,0,0,0,0,0,0,0,0,0,0,0,0,0,0,0,0,0,0,0,0,0,0,0,0,0,0,0,0,0,0,0,0,0,0,0,0,0,0,0,0,0,0,0,0,0.195,0,0,0,0.206,0,0,0,0,0,0,0,0,0,0,0,0,0,0,0,0.355,0,0,0.215,0,0,0.159,0,0,0,0,0,0,0,0,0,0,0,0,0,0,0,0,0,0.155,0,0,0,0,0,0,0,0,0,0,0,0,0,0,0,0,0,0,0,0,0,0,0,0,0,0,0,0,0,0,0,0.254,0,0,0,0,0,0,0,0.27,0,0,0,0,0,0,0,0,0,0,0,0,0,0,0,0,0,0,0,0,0,0,0,0,0,0,0,0,0,0,0,0,0,0,0,0,0,0,0,0,0,0,0,0,0,0,0,0,0,0,0,0,0,0,0,0,0,0,0,0.302,0,0,0,0,0,0,0,0,0,0,0,0,0,0,0,0,0,0,0,0,0,0,0,0,0,0,0,0,0,0,0,0,0,0,0,0,0,0,0,0,0,0,0,0,0,0,0,0,0,0,0,0,0,0,0,0,0,0.156,0,0,0,0,0,0.444,0,0,0,0,0,0,0,0,0,0,0,0,0,0,0,0,0,0,0,0,0,0,0,0,0,0,0,0,0,0,0,0,0,0,0,0,0,0,0,0,0,0,0,0,0,0,0,0,0,0,0,0,0,0,0,0,0,0,0,0,0,0,0,0,0,0,0,0,0,0,0,0,0,0,0,0,0,0,0,0,0,0,0,0,0,0,0,0,0,0,0,0,0,0,0,0,0,0,0,0,0,0,0,0,0,0,0,0,0.17,0,0,0,0,0,0,0,0,0,0,0,0,0,0,0,0,0,0,0,0,0,0,0,0,0,0,0,0,0,0,0,0,0,0,0,0,0,0,0,0,0,0,0,0,0.311,0,0,0,0,0,0,0,0,0,0,0,0,0,0,0,0,0,0,0,0,0,0,0,0,0,0,0,0,0,0,0,0,0,0,0,0,0,0,0,0,0,0,0,0,0,0,0,0,0,0,0,0,0,0,0,0,0,0,0,0,0,0,0,0,0,0,0,0,0,0,0,0,0,0,0,0,0,0,0,0,0,0,0,0,0,0,0,0,0,0,0,0,0,0,0,0,0,0,0,0,0,0,0,0,0,0,0,0,0,0,0,0,0,0,0,0.2,0,0,0,0,0,0,0,0,0,0,0,0,0,0,0,0,0,0,0,0,0,0,0,0,0,0,0,0,0,0,0.399,0.258,0,0.788,0,0,0,0.446,0,0,0,0,0,0,0,0,0,0,0,0,0,0,0,0,0,0,0,0,0,0,0,0,0,0,0,0,0.276,0,0,0,0,0,0,0.29,0,0,0,0,0,0,0,0,0,0,0,0,0,0,0,0,0,0,0,0,0,0,0,0,0,0,0,0,0.445,0,0,0,0,0,0,0,0,0,0,0,0,0,0,0,0,0,0,0,0,0,0,0,0,0,0,0,0,0,0,0,0,0,0,0,0.692,0,0,0,0,0,0.567,0,0,0,0,0,0,0.176,0,0,0,0,0,0,0,0,0,0,0,0,0,0,0,0,0,0,0,0,0,0,0,0,0,0.303,0.167,0,0,0,0,0,0,0,0,0,0,0,0.48,0,0,0,0,0,0,0,0,0,0,0,0,0,0,0,0,0.162,0,0,0,0,0,0,0,0,0,0,0,0,0,0.187,0,0,0,0,0,0,0.256,0,0,0,0,0,0,0,0,0,0,0,0,0,0.161,0,0,0,0,0.258,0,0,0,0,0,0,0,0,0.227,0,0,0,0,0,0,0,0.398,0,0,0,0,0,0,0,0,0,0.309,0.159,0.167,0,0.159,0,0,0,0,0.392,0,0,0,0,0,0,0,0,0,0,0,0,0,0,0,0,0.207,0,0.332,0,0,0,0,0,0,0,0,0,0,0,0,0,0.161,0,0.351,0,0,0,0,0,0,0,0,0,0,0,0,0,0,0,0,0,0,0,0,0,0,0,0,0,0,0,0,0,0,0,0,0,0,0,0,0,0,0,0,0,0,0,0,0,0,0.19,0,0,0,0,0,0,0,0,0,0,0,0,0,0,0,0,0,0,0,0,0,0,0,0,0,0,0,0,0,0,0,0,0,0,0,0,0,0,0,0,0,0,0,0,0,0,0,0,0,0,0,0,0,0,0,0,0,0,0,0,0,0,0,0,0,0,0,0,0,0,0,0,0,0,0,0,0,0,0,0,0,0,0,0,0,0,0,0,0,0,0,0,0,0,0,0,0,0,0,0,0,0,0,0,0,0,0,0,0,0,0,0,0,0,0,0,0,0,0,0,0,0,0,0,0,0,0,0,0,0,0,0,0,0,0,0,0,0,0,0,0,0,0,0,0,0,0,0,0,0,0,0,0,0,0,0,0,0,0,0,0,0,0,0,0,0,0,0,0,0,0,0,0,0,0,0,0,0,0,0,0,0.151,0,0,0,0,0,0,0,0,0,0,0,0,0,0,0,0,0.183,0,0,0,0,0,0,0,0,0,0,0,0,0,0,0,0,0,0,0,0,0,0,0,0,0,0,0,0,0,0,0,0,0,0,0,0,0,0,0,0,0,0,0,0,0,0,0,0,0,0,0,0,0,0,0,0,0,0,0,0,0,0,0,0,0,0,0,0,0.159,0,0,0,0,0,0,0.245,0,0,0,0,0,0,0,0,0,0,0,0,0,0,0,0,0,0,0,0,0,0,0,0,0,0,0,0,0,0,0,0.15,0,0,0,0,0,0,0,0,0,0,0,0,0,0,0,0,0,0,0,0,0,0,0,0,0,0,0,0,0,0,0,0.177,0,0,0,0,0,0,0,0,0,0,0,0,0,0,0,0,0,0,0,0,0.181,0,0,0,0.329,0,0,0.16,0.471,0,0.248,0,0,0,0,0,0,0,0,0,0,0,0,0,0,0,0,0,0,0,0,0,0,0,0,0,0,0.192,0,0.211,0.443,0,0,0,0,0.446,0,0,0,0,0,0,0,0,0,0,0,0,0,0.443,0,0.443,0,0,0,0,0,0.236,0.342,0,0,0,0,0,0,0,0,0,0,0,0,0,0,0,0,0,0,0,0,0,0,0,0,0,0,0,0,0,0,0,0.233,0,0,0,0,0,0,0,0,0,0,0,0,0,0,0,0,0,0,0,0,0,0,0,0,0,0,0,0,0,0,0.781,0,0,0.202,0,0,0,0,0,0,0,0,0,0,0,0,0,0,0,0,0,0,0.238,0,0,0,0,0,0,0,0,0,0,0,0,0,0,0,0,0,0,0,0,0,0,0,0,0,0,0,0,0,0,0,0,0.441,0,0,0,0,0,0,0,0,0,0,0,0.386,0,0,0,0,0,0,0,0,0,0,0,0,0,0,0,0,0,0,0,0,0,0,0,0,0,0,0,0,0,0,0,0,0,0,0,0.217,0,0,0,0,0.194,0,0,0,0,0,0,0,0,0,0,0,0,0,0.223,0,0,0,0,0,0,0,0,0,0,0,0,0,0,0,0,0,0,0,0,0,0,0,0,0,0,0,0,0,0,0,0,0,0,0.309,0,0,0,0,0,0,0,0,0,0,0,0,0,0,0,0,0,0,0,0,0,0,0,0,0,0,0,0.192,0,0,0,0,0.157,0,0,0,0,0,0,0,0,0,0,0,0.478,0,0,0,0,0,0,0,0,0,0,0,0,0,0,0,0,0,0,0,0,0,0,0,0,0,0,0,0,0,0,0,0,0,0,0,0,0,0,0,0,0,0,0,0,0,0,0,0,0,0,0,0,0,0,0.229,0,0.443,0,0,0,0,0,0,0,0,0,0,0,0.156,0,0,0,0,0,0,0,0,0,0,0,0,0,0,0,0,0,0.154,0,0,0,0,0,0,0,0,0,0,0,0,0,0,0,0,0,0,0,0,0.281,0,0,0,0,0,0,0,0,0,0,0,0,0,0,0,0,0,0,0,0,0,0,0,0,0,0,0,0,0,0,0,0,0.18,0,0,0,0,0,0,0,0,0,0,0,0,0,0,0,0,0,0,0,0,0,0,0,0,0,0,0,0,0,0,0,0,0,0,0,0,0,0,0,0,0.407,0,0,0,0,0,0,0,0,0,0,0,0,0,0,0,0,0,0,0,0,0,0.288,0,0,0,0.505,0,0,0,0,0,0,0,0,0,0,0,0,0,0,0,0,0,0,0,0,0,0,0,0,0,0,0,0,0,0,0,0,0,0,0,0,0,0,0,0,0,0,0,0,0,0,0,0,0,0,0,0.22,0,0.194,0,0,0,0,0,0,0,0,0,0,0,0,0,0,0,0,0,0,0,0,0,0,0,0,0,0,0,0,0,0,0,0,0,0.196,0,0,0,0,0,0,0,0,0,0,0,0,0,0,0,0,0,0,0.161,0,0,0,0,0,0,0,0,0,0,0,0,0,0.254,0,0,0,0,0,0,0.193,0,0,0,0,0,0,0,0,0,0,0,0,0,0,0,0,0.454,0,0,0,0,0,0.61,0,0,0,0,0,0,0,0,0.33,0,0,0,0,0.213,0.455,0,0,0,0,0,0,0,0,0,0.156,0,0,0,0,0,0,0,0,0,0,0,0,0,0,0,0,0,0,0.194,0,0,0,0,0,0,0,0,0,0,0,0,0,0,0,0,0,0,0,0,0,0,0,0,0,0,0,0,0,0,0,0,0,0,0,0,0,0,0,0,0,0,0,0,0,0,0,0.21,0,0,0,0.189,0,0,0,0,0,0,0,0,0,0,0.196,0,0,0,0,0,0,0,0,0.372,0,0,0,0,0,0,0,0,0,0,0,0,0,0,0,0,0.479,0.25,0,0,0,0,0,0,0,0,0,0,0,0,0,0,0,0,0,0,0,0,0,0,0,0,0,0,0,0,0,0,0,0,0,0,0,0,0,0,0,0,0,0,0,0,0,0,0,0,0.17,0,0,0,0,0,0,0,0,0,0,0,0,0,0,0,0,0,0,0,0,0,0,0,0,0,0,0,0,0,0,0,0,0,0,0,0,0,0,0,0,0,0,0,0,0,0,0,0,0,0,0,0,0,0,0,0,0,0,0,0,0,0,0,0,0,0,0,0.258,0,0.335,0,0,0,0,0.296,0.192,0,0,0,0,0,0,0,0,0,0,0,0,0,0,0,0,0,0,0,0,0,0,0,0,0,0,0,0,0,0,0,0,0,0,0,0,0,0,0,0,0,0,0,0.632,0,0,0,0,0,0,0,0,0,0,0,0,0,0,0.165,0,0,0,0,0,0,0,0,0,0,0,0,0,0,0.193,0,0,0,0,0,0,0,0,0,0,0,0,0,0,0,0,0,0,0,0,0,0,0,0,0,0,0,0,0,0,0,0,0,0,0,0,0,0,0,0,0,0,0,0,0,0,0,0,0,0,0,0,0,0,0,0.189,0.206,0,0,0,0,0,0,0,0,0,0,0,0,0,0,0,0,0,0,0,0,0,0,0.245,0,0,0,0,0,0,0,0,0,0,0,0,0,0,0,0,0,0,0,0,0,0,0,0,0,0,0,0,0,0,0,0,0,0,0,0,0,0,0,0,0,0,0,0,0,0,0,0,0,0,0,0,0,0,0
851077,0,0,0,0,0,0,0,0,0,0,0,0,0,0,0,0,0,0,0,0.191,0,0,0,0,0,0,0,0,0,0,0,0,0,0,0,0,0,0,0,0,0,0,0,0,0,0,0,0,0,0,0,0,0,0,0,0,0,0,0,0,0,0,0,0,0,0,0,0,0,0,0,0,0,0,0,0,0,0,0,0,0,0,0,0,0,0,0,0,0,0,0,0,0,0,0,0,0,0,0,0,0,0,0,0,0,0,0,0,0,0,0,0,0,0,0,0,0,0,0,0,0,0,0,0,0,0,0,0,0,0,0,0,0,0,0,0,0,0,0,0,0,0,0.195,0,0,0,0,0,0,0,0,0,0,0,0,0,0,0,0,0,0,0,0,0,0,0,0,0,0,0,0,0,0,0,0,0,0,0,0,0,0,0,0,0,0,0,0,0,0,0,0,0,0.22,0,0,0,0,0,0,0,0,0,0,0,0,0,0,0,0,0,0,0,0,0.219,0,0,0,0,0,0,0,0,0,0,0,0,0,0,0,0,0,0,0,0,0,0,0,0,0,0,0,0,0,0,0,0,0,0,0,0,0,0,0,0,0,0,0,0,0,0,0,0,0,0,0,0,0,0,0,0,0,0,0,0,0,0,0,0,0,0,0,0,0,0,0,0,0,0,0,0,0,0,0,0,0,0,0,0.157,0,0,0,0,0,0,0,0,0,0,0,0,0,0,0,0,0,0,0,0,0,0,0,0,0,0,0,0,0,0,0,0,0,0,0,0,0,0,0,0,0,0,0,0,0,0,0,0,0,0,0,0,0,0,0,0,0,0,0,0,0,0,0,0,0,0,0,0,0,0,0,0,0,0,0,0,0,0,0,0,0,0,0,0,0,0,0,0,0,0,0,0,0,0,0,0,0,0,0,0,0,0,0,0,0,0,0,0,0,0,0,0,0,0,0,0,0,0,0,0,0,0,0,0,0,0,0,0,0,0,0,0,0,0,0,0,0,0,0,0,0,0,0,0,0,0,0,0,0,0,0,0,0,0,0,0,0,0,0,0,0,0,0,0,0,0,0,0,0,0,0,0,0,0,0,0,0,0,0,0,0,0,0,0,0,0,0,0,0,0,0,0,0,0,0,0,0,0,0,0.917,0,0,0,0,0,0,0,0,0,0,0,0,0,0,0,0,0,0,0,0,0,0,0,0,0,0,0,0,0,0,0,0,0,0,0,0,0,0,0,0,0,0,0,0,0,0,0,0,0,0,0,0,0,0,0,0,0,0,0,0,0,0,0,0,0,0,0,0,0,0,0,0,0,0,0,0,0,0,0,0,0,0,0,0,0,0,0,0,0,0,0,0,0,0,0,0,0,0,0.61,0,0,0,0,0,0,0,0,0,0,0,0,0,0,0,0,0,0,0,0,0,0,0,0,0,0,0,0,0.445,0,0,0,0,0,0,0,0,0,0,0,0,0,0,0,0,0,0,0,0,0,0,0,0,0,0,0,0,0,0,0,0,0,0,0,0,0,0,0,0,0,0,0,0,0,0,0,0,0,0,0,0,0,0,0,0,0,0,0,0,0,0,0,0,0,0,0,0,0,0,0,0,0,0,0,0,0,0,0,0,0,0,0,0,0,0,0,0,0,0,0,0,0,0,0,0,0,0,0,0,0,0,0,0,0,0,0,0,0,0,0,0,0,0,0,0,0,0,0,0,0,0,0,0,0,0,0,0,0,0,0,0,0,0,0,0,0,0,0,0,0,0,0,0,0,0,0,0,0,0,0,0,0,0,0,0,0,0,0,0,0,0,0,0,0,0,0,0,0,0,0,0,0,0,0,0,0,0,0,0,0,0,0,0,0,0,0,0,0,0,0,0,0,0,0,0,0,0,0,0,0,0,0,0,0,0,0,0,0,0,0,0.256,0,0,0,0,0,0,0,0,0,0,0,0,0,0,0,0,0,0,0,0,0,0,0,0,0,0,0,0,0,0,0,0,0,0,0,0,0,0,0,0,0,0,0,0,0,0,0,0,0,0,0,0,0,0,0,0,0,0,0,0,0,0,0,0,0,0,0,0,0,0,0,0,0,0,0,0,0,0,0,0,0,0,0,0,0,0,0,0,0,0,0,0,0,0,0,0,0,0,0,0,0,0,0,0,0,0,0,0,0,0,0,0,0,0,0,0,0,0,0,0,0,0,0,0,0,0,0,0,0,0,0,0,0,0,0,0,0,0,0,0,0,0,0,0,0,0,0,0,0,0,0,0,0,0,0,0,0,0,0,0,0,0,0,0,0,0,0,0,0,0,0,0,0,0,0,0,0,0,0,0,0,0,0,0,0,0,0,0,0,0,0,0,0,0,0,0,0,0,0,0,0,0,0,0,0,0,0,0,0,0,0,0,0,0,0,0,0,0,0,0,0,0,0,0,0,0,0,0,0,0,0,0,0,0,0,0,0,0,0,0,0,0,0,0,0,0,0,0,0,0,0,0,0,0,0,0,0,0,0,0,0,0,0,0,0,0,0,0,0,0,0,0,0,0,0,0,0,0,0,0,0,0,0,0,0,0,0,0,0,0,0,0,0,0,0,0,0,0,0,0,0,0,0,0,0,0,0,0,0,0,0,0,0,0,0,0,0,0,0,0,0,0,0,0,0,0,0,0,0,0,0,0,0,0,0,0,0,0,0,0,0,0,0,0,0,0,0,0,0,0,0,0,0,0,0,0,0,0,0,0,0,0,0,0,0,0,0,0,0,0,0,0,0,0,0,0,0,0,0,0,0,0,0,0.198,0,0,0,0,0,0,0,0,0,0,0,0,0,0,0,0,0,0,0,0,0,0,0,0,0,0,0,0,0,0,0,0,0,0,0,0,0,0,0,0,0,0,0,0,0,0,0,0,0,0,0,0,0,0,0,0,0,0,0,0,0,0,0,0,0,0,0,0,0,0,0,0,0,0,0,0,0,0,0,0,0,0,0,0,0,0,0,0,0,0,0,0,0,0,0,0,0,0,0,0,0,0,0,0,0,0,0,0,0,0,0,0,0,0,0,0,0,0,0,0,0,0,0,0,0,0,0,0,0,0,0,0,0,0,0,0,0,0,0,0,0,0,0,0,0,0,0,0,0,0,0,0,0,0,0,0,0,0,0,0,0,0,0,0,0,0,0,0,0,0,0,0,0,0,0,0,0,0,0,0,0,0,0,0,0,0,0,0,0,0,0,0,0,0,0,0,0,0,0,0,0,0,0,0,0,0,0,0,0,0,0,0,0,0,0,0,0.594,0,0,0,0,0,0,0,0,0,0,0,0,0,0,0,0,0,0,0,0,0,0,0,0,0,0,0,0,0,0,0,0,0,0,0,0,0,0,0,0,0,0,0,0,0,0,0,0,0,0,0,0,0,0,0,0,0,0,0,0,0,0,0,0,0,0,0,0,0,0,0,0,0,0,0,0,0,0,0,0,0,0,0,0,0,0,0,0,0,0,0,0,0,0,0,0,0,0,0,0,0,0,0,0,0,0,0,0,0,0,0,0,0,0,0,0,0,0,0,0,0,0,0,0.276,0,0,0,0,0,0,0,0,0,0,0,0,0,0,0,0,0,0,0,0,0,0,0,0,0,0,0,0,0,0,0,0,0,0,0,0,0,0,0,0,0,0,0,0,0,0,0,0,0,0,0,0,0,0,0,0,0,0,0,0.297,0,0,0,0,0,0,0,0,0,0,0,0,0,0,0,0,0,0,0,0,0,0,0,0,0,0,0,0,0,0,0,0,0,0,0,0,0,0,0,0,0,0,0,0,0,0,0,0,0,0,0,0,0,0.197,0,0,0,0,0,0,0,0,0,0,0,0.234,0,0,0,0,0,0,0,0,0,0,0,0,0,0,0,0,0,0,0,0,0,0,0,0,0,0,0,0,0,0,0,0,0,0,0,0,0,0,0,0,0,0,0,0,0,0,0,0,0,0,0,0,0,0,0,0,0.57,0,0,0,0,0,0,0,0,0,0,0,0,0,0,0,0,0,0,0,0,0,0,0,0,0.311,0,0,0,0,0,0,0,0,0,0,0,0,0,0,0,0,0,0,0,0,0,0,0,0,0,0,0,0,0,0,0,0,0,0,0,0,0,0,0,0,0,0,0,0,0,0,0,0,0,0,0,0,0,0,0,0,0,0,0,0,0,0,0,0,0,0,0,0,0,0,0,0,0,0,0,0,0,0,0,0,0,0,0,0,0,0,0,0,0,0,0,0,0,0,0,0,0,0,0,0,0,0,0,0,0,0,0,0,0,0,0,0,0,0,0,0,0,0,0,0,0,0,0,0,0,0,0,0,0,0,0,0,0,0,0,0,0,0,0,0,0,0,0,0,0,0,0,0,0,0,0,0,0,0.313,0,0,0,0,0,0,0,0,0,0,0,0,0,0,0,0,0,0,0,0,0,0,0,0,0,0,0,0,0,0,0,0,0,0,0,0,0,0,0,0,0,0,0,0,0,0,0,0,0,0,0,0,0,0,0,0,0,0,0,0,0,0,0,0,0,0,0,0,0,0,0,0,0,0,0,0,0,0,0,0,0,0,0,0,0,0,0,0,0,0,0,0,0,0,0,0,0,0,0,0,0,0,0,0,0,0,0,0,0,0,0,0,0,0,0,0,0,0,0,0,0,0,0,0,0,0,0,0,0,0,0,0,0,0,0,0,0,0,0,0,0,0,0,0,0,0,0,0,0,0,0,0,0,0,0,0,0,0,0,0,0,0,0,0,0,0,0,0,0,0,0,0,0,0,0,0,0,0,0,0,0,0,0,0,0,0,0,0,0,0,0,0,0,0,0,0,0,0,0,0,0,0,0,0,0,0,0,0,0,0,0,0,0,0,0,0,0,0,0,0,0,0,0,0,0,0,0,0,0,0,0,0,0,0,0,0,0,0,0,0,0,0,0,0,0,0,0,0,0,0,0,0,0,0,0,0,0,0,0,0,0,0,0,0,0,0,0,0,0,0,0,0,0,0,0,0,0,0,0,0,0,0,0,0,0,0,0,0,0,0,0,0,0,0,0,0,0,0,0,0,0,0,0,0,0,0,0,0,0,0,0,0.315,0,0,0,0,0,0,0,0,0,0,0,0,0,0,0,0,0,0,0,0,0,0,0,0,0,0,0,0,0,0,0,0,0,0,0,0,0,0,0,0,0,0,0,0,0,0,0,0,0,0,0,0,0,0,0,0,0,0,0,0,0,0,0,0,0,0,0,0,0,0,0,0,0,0,0,0,0,0,0,0,0,0,0,0,0,0,0,0,0,0,0,0,0,0,0,0,0,0,0,0,0,0,0,0,0,0,0,0,0,0,0,0,0,0,0,0,0,0,0,0,0,0,0,0,0,0,0,0,0,0,0,0,0,0,0,0,0,0,0,0,0,0,0,0,0,0,0,0,0,0,0,0,0,0,0,0,0,0,0,0,0,0,0,0,0,0,0,0,0,0,0,0,0,0,0,0,0,0,0,0,0,0,0,0,0,0,0,0,0,0,0,0,0,0,0,0,0,0,0,0,0,0,0,0,0,0,0,0,0,0,0,0,0,0,0,0,0,0,0,0,0,0,0,0,0,0,0,0,0,0,0,0,0,0,0,0,0,0,0,0,0,0,0,0,0,0,0,0,0,0,0,0,0,0,0,0,0,0,0,0,0,0,0,0,0,0,0,0,0,0,0,0,0,0,0,0,0,0.19,0,0,0,0,0,0,0,0,0,0,0,0,0,0,0,0,0,0,0,0,0,0,0,0,0,0,0,0,0,0,0,0,0,0,0,0,0,0,0,0,0,0,0,0,0,0,0,0,0,0,0,0,0,0,0,0,0,0,0,0,0,0,0,0,0,0,0,0,0,0,0,0,0,0,0,0,0,0,0,0,0,0,0,0,0,0,0,0,0,0,0,0,0,0,0,0,0,0,0,0,0,0,0,0,0,0,0.682,0,0,0,0,0,0,0,0,0,0,0,0,0,0,0,0,0,0,0,0,0,0,0,0,0,0,0,0,0,0,0,0,0,0,0,0,0,0,0,0,0,0,0,0,0,0,0,0,0,0,0,0,0,0,0,0,0,0,0,0,0,0,0,0,0,0,0,0,0,0,0,0,0,0,0,0,0,0,0,0,0,0,0,0,0.351,0,0,0,0,0,0,0,0,0,0,0,0,0,0,0,0,0,0,0,0,0,0,0,0,0,0,0,0,0,0,0,0,0,0,0,0,0,0,0,0,0,0,0,0,0,0,0,0,0,0,0,0,0,0,0,0,0,0,0,0,0,0,0,0,0,0,0,0,0,0,0,0,0,0,0,0,0,0,0,0,0,0,0,0,0,0,0,0,0,0,0,0,0,0,0,0,0,0,0,0,0,0,0,0,0,0,0,0,0,0,0,0,0,0.338,0,0,0,0,0,0,0,0,0,0,0,0,0,0,0,0,0,0,0,0,0,0,0,0,0,0,0,0,0,0,0,0,0,0,0,0,0,0,0,0,0,0,0,0,0,0,0,0,0,0,0,0,0,0,0,0,0,0,0,0,0,0,0,0,0,0,0,0,0,0.197,0,0,0,0,0,0,0,0,0,0,0,0,0,0,0,0,0,0,0,0,0,0,0,0,0,0,0,0,0,0,0,0,0,0,0,0,0,0,0,0,0,0,0,0,0,0,0,0,0,0,0,0,0,0,0,0,0,0,0,0,0,0,0,0,0,0,0,0,0,0,0,0,0,0,0,0,0,0,0,0,0,0,0,0,0,0,0,0,0,0,0,0,0,0,0,0,0,0,0,0,0,0,0,0,0,0,0.168,0,0,0,0,0,0,0,0,0,0.198,0,0,0,0,0,0,0,0,0,0,0,0,0,0,0,0,0,0,0,0,0,0,0,0,0,0,0,0,0,0,0,0,0,0,0,0,0,0,0,0,0.154,0,0,0,0,0,0,0,0,0,0,0,0,0,0,0,0,0,0,0,0,0,0,0,0,0,0,0,0,0,0,0,0,0,0,0,0,0,0,0,0,0,0,0,0,0,0,0,0,0,0,0,0,0,0,0,0,0,0,0,0,0,0,0,0,0,0,0,0,0,0,0,0,0,0,0,0,0,0,0,0,0,0,0,0,0,0,0,0,0,0,0,0,0,0,0,0,0,0,0,0,0,0,0,0,0,0,0,0,0,0,0,0,0,0,0,0,0,0,0,0,0,0,0,0,0,0,0,0,0,0,0,0,0,0,0,0,0,0,0,0,0,0,0,0,0,0,0,0,0,0,0,0,0,0,0,0,0,0,0.179,0,0,0,0,0,0,0,0,0,0,0,0,0,0,0,0,0,0,0,0,0,0,0,0,0,0,0,0,0,0,0,0,0,0,0,0,0,0,0,0,0,0,0,0,0,0,0,0,0,0,0,0,0,0,0,0,0,0,0,0,0,0,0,0,0,0,0,0,0,0,0,0,0,0,0,0,0,0,0,0,0,0,0,0,0,0,0,0,0,0,0,0,0,0,0,0,0,0,0,0,0,0,0,0,0,0,0,0,0,0,0,0,0,0,0,0,0,0,0,0,0,0,0,0,0,0,0,0,0,0,0,0,0,0,0,0,0,0,0,0,0,0,0,0,0,0,0,0,0,0,0,0,0,0,0,0,0,0,0,0,0,0,0,0,0,0,0,0,0,0,0,0,0,0,0,0,0,0,0,0,0,0,0,0,0,0,0,0,0,0,0,0,0,0,0,0,0,0,0,0,0,0,0,0,0,0,0,0,0,0,0,0,0,0,0,0,0,0,0,0,0,0,0,0,0,0,0,0,0,0,0,0,0,0,0,0,0,0,0,0,0,0,0,0,0,0,0,0,0,0,0,0,0,0,0,0,0,0,0,0,0,0,0,0,0,0,0,0,0,0,0,0,0,0,0,0,0,0,0,0,0,0,0,0,0,0,0,0,0,0,0,0,0,0,0,0,0,0,0,0,0,0,0,0,0,0,0,0,0,0,0,0,0,0,0,0,0,0,0,0,0,0,0,0,0,0,0,0,0,0,0,0,0,0,0,0,0,0,0,0,0,0,0,0,0,0,0,0,0,0,0,0,0,0,0,0,0,0,0,0,0,0,0,0,0,0,0,0,0,0,0,0,0,0,0,0,0,0,0,0,0,0,0,0.685,0,0,0,0,0,0,0,0,0,0,0,0,0.807,0,0,0,0,0,0,0,0,0,0,0,0,0,0,0,0,0,0,0,0,0,0,0,0,0,0,0,0,0,0,0,0,0,0,0,0,0,0,0,0,0,0,0,0,0,0,0,0,0,0,0,0,0,0,0,0,0,0,0,0,0,0,0,0,0,0,0,0,0,0,0,0,0,0,0,0,0,0,0,0,0,0,0,0,0,0,0,0,0,0,0,0,0,0,0,0,0,0,0,0,0,0,0,0,0,0,0,0.538,0,0,0,0,0,0,0,0,0,0,0,0,0,0,0,0,0,0,0,0,0,0,0,0,0,0,0,0,0,0,0,0,0,0,0,0,0,0,0,0,0,0,0,0,0,0,0,0,0,0,0,0,0,0,0,0,0,0,0,0,0,0,0,0,0,0,0,0,0,0,0,0,0,0,0,0,0,0,0,0,0,0,0,0,0,0,0,0,0,0,0,0,0,0,0,0,0,0,0,0,0,0,0,0,0,0,0,0,0,0,0,0,0,0,0,0,0,0,0,0,0,0,0,0,0,0,0,0,0,0,0,0,0,0,0,0,0,0,0,0,0,0,0,0,0,0,0,0,0,0,0,0,0,0,0,0,0,0,0,0,0,0,0,0,0,0,0,0,0,0,0,0,0,0,0,0,0,0,0,0,0,0,0,0,0,0,0,0,0,0,0,0,0,0,0,0,0,0,0,0,0,0,0,0,0,0,0,0,0,0,0,0,0,0,0,0,0,0,0,0,0,0,0,0,0,0,0,0,0,0,0,0,0,0,0,0,0,0,0,0,0,0,0,0,0,0,0,0,0,0,0,0,0,0,0,0,0,0,0,0,0,0,0.635,0,0,0,0,0,0,0,0,0,0,0,0,0,0,0,0,0,0,0,0,0,0,0,0,0,0,0,0,0,0,0,0,0,0,0,0,0,0,0,0,0,0,0,0,0,0,0,0,0,0,0,0,0,0,0,0,0,0,0,0,0,0,0,0,0,0,0,0,0,0,0,0,0,0,0,0.195,0,0,0,0,0,0,0.274,0,0,0,0,0,0,0,0,0,0,0,0,0,0.51,0,0,0,0,0,0,0,0,0,0,0,0,0,0,0,0,0,0,0,0,0,0,0,0,0,0,0,0,0,0,0,0,0,0,0,0,0,0,0,0,0,0,0,0,0,0,0,0,0,0,0,0,0,0,0,0,0,0,0,0,0,0,0,0,0,0,0,0,0,0,0,0,0,0,0,0,0,0,0,0,0,0,0,0,0,0,0,0,0,0,0,0,0,0,0,0,0,0,0,0,0,0,0,0,0,0,0,0,0,0,0,0,0,0,0,0,0,0,0,0,0,0,0,0,0,0,0,0,0,0,0,0,0,0,0,0,0,0,0,0,0,0,0,0,0,0,0,0,0,0,0,0,0,0,0,0,0,0,0,0,0,0,0,0,0,0,0,0,0,0,0,0,0,0,0,0,0,0,0,0,0,0,0,0,0,0,0,0,0,0,0,0,0,0,0,0,0,0,0,0,0,0
851990,0,0,0,0,0,0,0,0,0,0,0,0,0,0,0,0,0,0,0.314,0,0,0,0,0,0,0,0.172,0,0,0,0,0,0,0,0,0,0,0,0,0,0,0,0,0,0,0,0,0,0,0,0,0.998,0,0,0,0,0,0,0,0,0.158,0,0,0,0,0,0,0,0,0,0.393,0,0,0,0.298,0,0,0,0,0,0,0,0,0,0,0.158,0,0,0,0,0,0,0,0,0,0.999,0,0.15,0,0,0,0,0,0,0,0,0,0,0,0,0,0,0,0,0,0,0,0,0,0,0,0,0.229,0,0,0,0,0.705,0,0,0,0,0,0,0,0,0,0,0.179,0,0.992,0.214,0.35,0,0,0,0,0,0,0,0.179,0,0,0,0,0.905,0,0,0,0,0,0,0,0,0,0,0,0,0,0,0,0,0,0,0,0,0,0,0,0,0,0,0,0,0,0,0,0,0,0,0,0,0,0,0,0.155,0,0,0,0,0,0,0,0.244,0,0,0.999,0,0,0.204,0,0,0,0.22,0,0,0,0,0,0,0.999,0,0,0.169,0,0,0,0,0,0.319,0,0,0.999,0,0.307,0,0.439,0,0,0.184,0,0,0,0.178,0.343,0,0,0,0,0,0,0,0,0,0,0,0,0,0,0,0,0,0,0,0.157,0,0,0,0,0,0,0,0,0,0,0.993,0,0.158,0,0,0,0.169,0.883,0,0,0.222,0,0.931,0,0.415,0,0,0,0,0,0.239,0,0,0,0,0.999,0,0,0,0,0,0,0,0,0.999,0,0,0,0,0.995,0.161,0,0,0,0,0,0,0,0,0,0.524,0.169,0,0,0.651,0,0,0,0,0,0,0,0,0,0,0,0,0,0.25,0,0.158,0,0,0,0,0.592,0,0,0,0.305,0.217,0,0,0,0.155,0,0,0,0,0,0,0.331,0,0,0.998,0.238,0.928,0,0,0,0,0.999,0,0,0,0,0,0,0.997,0,0,0,0,0,0,0,0,0,0,0,0,0.999,0,0.193,0,0.176,0,0,0,0.369,0,0,0,0,0.614,0.39,0,0,0,0,0,0,0,0,0,0.154,0,0,0,0,0.163,0,0,0.195,0,0.619,0,0,0,0,0,0,0.312,0,0,0,0,0,0,0,0.194,0,0,0,0,0.985,0,0.377,0,0,0.232,0.15,0.206,0,0.591,0,0,0,0,0,0,0,0,0,0,0,0,0,0.999,0,0,0,0,0,0.223,0,0,0,0,0,0,0,0,0,0.199,0,0.151,0,0,0,0,0,0.905,0,0.241,0,0,0,0,0,0,0,0,0,0,0,0,0,0,0,0,0.999,0,0,0,0,0,0,0,0,0,0,0,0,0,0,0,0,0,0,0,0,0,0,0,0.639,0,0,0.153,0,0,0.224,0,0.212,0.193,0,0,0,0,0,0,0,0,0,0,0,0,0,0,0,0,0,0,0,0,0,0,0,0,0,0,0,0,0,0,0,0,0,0,0.175,0,0,0,0.24,0,0,0,0,0.155,0,0,0,0,0,0.323,0.307,0,0,0.557,0,0,0,0,0,0,0,0,0,0,0,0,0,0,0,0,0,0,0,0,0.317,0.903,0,0,0,0.217,0,0,0,0.223,0.383,0,0,0,0,0,0,0,0,0,0.308,0,0,0,0,0,0,0,0,0,0.246,0,0,0,0.157,0,0,0,0,0,0,0,0,0,0,0.185,0,0,0,0,0,0,0,0,0,0,0,0.175,0,0,0,0,0.216,0,0,0,0,0,0,0,0,0,0,0,0,0,0,0,0,0,0,0,0.238,0.315,0,0.183,0,0,0,0,0,0,0,0.248,0.999,0,0,0,0,0,0,0.211,0,0,0,0.996,0,0,0,0.183,0,0.385,0,0,0,0,0,0.217,0,0,0,0,0,0,0,0,0.999,0,0.48,0,0,0,0,0,0,0,0,0,0,0,0,0,0,0,0,0,0,0,0,0,0,0,0.174,0,0,0,0.158,0.261,0,0.287,0.188,0,0,0,0,0,0,0,0,0,0,0,0,0,0,0,0,0,0,0,0,0,0,0,0,0,0,0,0,0,0.543,0,0,0,0,0,0,0,0,0,0,0,0,0,0,0,0,0,0,0,0,0,0,0.999,0,0.236,0,0,0,0,0,0,0,0,0,0,0,0,0,0.155,0,0,0,0,0,0,0,0,0,0,0,0,0,0.993,0,0,0,0,0,0,0,0,0,0,0,0,0,0,0.997,0,0,0,0,0,0,0,0,0,0,0,0.187,0,0,0.175,0.158,0,0,0,0,0,0,0,0,0,0,0.902,0,0.993,0,0,0,0,0.223,0,0,0,0.999,0,0,0.155,0,0.444,0,0.998,0,0.324,0,0.999,0,0.373,0.161,0,0,0,0,0,0,0,0,0,0.2,0.2,0,0,0.923,0,0.916,0.999,0,0,0,0,0,0.17,0,0.548,0,0,0,0,0,0.634,0,0,0,0.285,0,0.999,0,0,0,0,0,0,0,0,0,0,0.204,0,0,0,0,0,0,0,0,0.314,0,0,0,0,0,0,0,0,0,0,0,0,0,0,0,0,0,0,0,0,0,0,0,0,0,0,0,0,0,0,0.281,0,0,0,0,0,0,0,0,0,0,0,0,0,0,0,0.185,0,0,0,0,0,0,0.999,0,0,0,0,0,0,0,0,0,0,0,0.382,0.901,0,0,0,0,0,0,0,0,0,0,0,0,0,0,0,0,0,0,0,0,0,0,0,0,0,0,0,0,0,0,0,0,0,0,0,0,0,0,0,0,0,0,0,0,0,0,0,0,0,0.999,0,0,0,0,0,0,0.162,0,0.898,0,0,0,0,0,0,0,0,0,0,0,0,0,0,0,0,0,0,0.997,0,0,0,0,0,0,0,0,0,0,0.999,0,0,0,0.182,0,0,0,0,0.999,0.305,0.194,0,0,0,0,0,0,0,0.152,0,0,0,0,0,0,0,0,0,0,0,0,0,0,0,0,0,0,0,0,0,0,0,0,0,0,0.999,0,0,0,0,0,0,0,0,0,0,0,0,0,0,0,0.999,0.363,0,0.573,0,0,0,0,0,0.433,0,0.772,0.228,0,0,0,0,0,0,0,0,0,0,0,0,0,0,0,0,0,0,0,0,0,0,0,0,0,0,0,0.999,0,0,0,0,0,0.446,0,0,0,0,0,0,0,0,0,0,0,0,0,0,0,0,0,0,0.444,0,0,0,0,0,0,0.998,0,0.999,0,0,0,0,0,0,0,0,0,0,0,0,0,0,0,0,0,0,0,0,0,0,0,0,0,0,0,0,0,0.211,0,0,0,0,0,0,0,0.247,0,0,0,0,0,0,0,0,0,0,0,0,0.319,0,0,0,0,0,0.327,0,0,0,0,0,0,0,0,0,0,0,0,0,0,0,0,0,0,0,0,0,0,0,0,0,0,0,0.998,0,0,0,0,0,0,0,0,0,0,0,0,0,0.33,0,0,0,0,0,0,0,0,0,0,0,0,0.181,0,0,0,0,0.286,0,0,0,0,0,0,0,0,0,0,0.305,0,0,0,0,0,0,0,0.481,0,0,0,0,0,0,0,0,0,0,0,0,0,0,0,0,0,0,0,0,0,0,0,0,0,0,0,0,0,0,0,0,0,0,0,0,0,0,0,0,0,0,0,0.718,0,0,0,0,0,0,0,0.999,0,0,0,0,0,0,0.56,0,0,0,0,0,0,0,0,0,0,0,0,0,0,0,0,0,0,0,0,0,0,0.204,0,0,0,0,0,0,0,0.227,0,0,0,0,0,0,0,0,0,0,0,0,0,0,0,0,0,0,0,0,0,0.288,0,0,0,0,0,0,0,0,0,0,0,0,0,0,0,0,0,0,0,0,0,0,0,0,0,0,0,0,0,0,0,0,0.343,0,0,0,0.227,0,0,0,0,0,0,0,0,0,0,0,0,0,0,0,0,0,0,0,0,0,0,0,0,0,0,0,0,0,0,0,0,0,0,0,0,0,0.195,0,0,0,0,0,0,0,0,0,0,0,0,0,0.253,0,0.232,0,0,0,0.999,0,0,0,0,0,0,0,0.173,0,0.401,0,0,0.902,0,0,0,0.197,0,0,0,0,0,0.171,0,0,0,0,0,0,0,0,0,0,0,0,0,0.262,0,0.255,0,0.319,0.998,0,0,0,0.996,0.169,0.3,0,0,0,0,0,0,0,0,0.999,0,0,0,0,0,0,0,0,0,0,0,0,0,0,0,0.185,0,0,0,0,0,0,0,0,0.217,0,0.999,0,0,0,0,0,0,0,0,0,0,0,0,0,0,0.433,0,0,0.258,0,0,0.365,0,0,0,0,0,0,0,0,0,0,0.999,0,0,0,0,0,0.32,0.394,0,0,0.999,0,0,0,0,0,0,0,0,0.203,0,0,0.254,0,0,0,0,0,0,0,0,0,0,0,0,0,0,0.999,0,0,0.48,0,0,0.282,0,0,0,0,0,0,0.543,0,0.999,0,0,0,0,0,0,0.601,0,0.15,0.279,0.302,0,0,0,0,0,0,0.184,0,0,0.161,0,0.22,0.903,0.359,0,0,0,0,0.901,0,0,0,0,0,0,0,0,0,0,0,0,0,0,0,0,0,0,0.223,0.568,0,0,0.306,0,0.162,0.171,0,0,0.25,0,0,0,0,0,0,0,0,0,0,0,0,0,0,0,0,0,0,0,0,0,0,0,0,0,0,0,0,0,0.896,0,0,0,0,0,0,0,0,0,0,0,0,0,0,0,0,0,0,0,0.999,0.193,0,0,0,0,0,0,0,0,0,0.16,0,0,0,0,0,0,0,0,0,0.212,0,0,0,0,0,0,0,0,0,0,0,0,0,0,0,0,0,0,0,0,0,0,0,0.274,0,0.217,0.228,0,0.908,0,0,0,0,0,0,0,0,0,0,0,0,0,0,0,0,0,0.314,0,0,0,0,0.48,0,0,0,0,0,0,0,0,0,0,0,0,0,0,0.337,0,0,0,0,0,0,0,0,0,0,0,0,0,0,0,0,0.227,0,0,0,0,0,0,0,0,0.17,0,0,0,0.15,0,0,0,0,0,0,0,0,0,0,0,0.179,0,0.234,0,0,0,0,0,0,0,0,0,0,0,0,0,0,0,0,0,0,0,0,0,0,0,0,0,0,0,0,0,0,0,0,0,0,0,0,0,0,0.551,0,0,0.986,0,0,0,0,0,0,0,0,0,0,0,0,0,0.191,0,0,0,0,0,0,0.183,0,0,0,0,0,0,0,0,0.228,0,0,0,0,0,0,0,0,0.268,0,0,0,0,0,0,0,0,0,0,0.345,0,0,0,0,0,0,0,0,0,0,0.328,0,0,0,0,0,0.999,0,0,0,0,0,0,0,0,0,0,0,0,0,0,0,0,0,0,0,0,0,0,0,0,0,0,0,0,0,0,0,0,0,0,0,0,0,0,0,0,0,0,0,0,0.605,0,0.999,0,0,0,0,0,0.999,0,0,0,0,0.999,0.194,0,0,0,0.217,0,0,0,0,0,0,0,0,0,0,0,0,0,0,0,0,0,0,0,0,0,0,0,0,0,0,0,0,0.209,0.999,0,0,0,0.504,0,0,0,0,0,0,0,0,0,0,0,0,0,0,0,0,0,0,0,0,0,0,0.224,0,0.326,0,0,0,0,0,0,0,0,0,0,0,0,0,0,0,0,0,0,0,0,0,0,0,0,0,0,0,0,0,0,0,0,0.346,0,0,0,0,0.343,0.162,0,0,0,0,0,0.273,0,0,0,0,0.999,0,0,0,0,0,0.199,0,0.273,0,0.16,0,0,0,0,0.922,0.645,0,0,0,0,0,0,0,0,0,0,0,0.168,0,0,0,0,0,0,0,0,0,0.301,0,0,0,0.214,0,0,0,0,0,0,0,0,0,0,0,0,0,0,0,0.999,0,0,0.999,0,0,0,0,0,0,0,0,0,0,0,0,0,0,0,0,0,0,0,0,0,0,0,0,0,0,0,0,0,0,0,0,0,0,0,0,0,0,0,0,0,0,0,0,0,0,0,0,0,0,0.163,0,0,0,0,0,0.163,0,0,0,0,0,0,0,0,0,0,0,0,0,0,0,0,0,0,0,0,0,0,0,0,0,0,0,0,0,0,0,0,0,0,0,0,0,0,0,0,0,0,0,0,0,0,0,0,0,0,0,0,0,0,0.244,0,0,0,0,0,0,0,0,0.562,0,0,0,0,0,0,0.258,0,0,0,0,0,0,0,0,0,0,0.172,0,0,0,0,0,0,0,0,0,0,0,0,0,0,0,0,0,0,0,0,0,0,0,0,0,0.999,0,0,0,0,0,0,0,0,0.4,0,0,0,0,0,0,0,0,0,0,0.186,0,0,0,0,0,0,0,0,0.179,0,0,0,0,0,0.357,0.179,0,0,0,0,0,0,0,0,0,0,0,0.821,0,0,0,0,0,0,0.179,0,0,0,0,0.179,0,0,0,0,0,0,0,0,0,0,0,0,0,0,0,0.19,0,0,0,0.247,0,0,0,0,0,0,0,0,0,0,0,0,0,0,0,0,0,0,0.179,0,0,0,0,0,0,0,0,0,0.213,0,0.164,0,0,0,0,0,0,0,0,0,0,0,0,0,0,0,0,0,0,0,0,0.179,0,0,0,0,0,0,0,0,0,0,0,0,0,0,0,0,0,0,0,0,0,0,0,0,0,0,0,0,0,0,0,0.255,0,0,0,0,0,0,0,0,0,0,0,0,0.319,0,0.986,0.633,0.999,0.471,0,0.192,0.226,0,0.999,0.941,0.997,0,0,0.999,0.157,0.203,0,0.999,0,0.276,0.996,0.179,0,0,0.313,0,0,0.999,0.372,0.999,0,0,0.995,0.152,0.371,0,0,0,0.524,0.999,0.229,0.999,0,0.909,0,0,0,0.991,0.999,0.163,0.943,0.333,0,0.329,0,0.414,0.52,0.153,0.732,0,0.205,0.989,0.999,0.998,0.999,0.913,0.996,0.999,0.24,0,0.999,0.528,0.998,0,0,0,0.541,0,0,0,0.999,0.999,0,0.99,0.999,0.999,0.256,0,0.999,0.16,0.458,0.712,0.296,0.997,0,0.458,0,0.998,0.999,0,0.92,0,0,0.999,0,0.998,0.994,0.535,0.999,0.997,0,0,0.997,0.9,0.991,0,0.999,0.999,0.523,0.999,0.775,0,0.286,0,0.999,0.996,0.508,0.603,0.153,0,0.92,0.208,0.998,0,0.524,0.179,0.987,0.709,0.173,0,0,0,0.999,0.999,0.157,0,0.361,0.999,0,0,0.998,0,0,0.424,0.999,0.995,0.241,0.963,0.188,0.999,0,0.495,0.999,0,0.855,0.998,0.999,0.66,0,0.999,0.999,0.246,0.195,0,0.188,0,0,0,0,0,0.901,0.917,0,0.559,0.316,0.546,0,0,0.911,0.999,0.999,0.999,0.203,0,0,0.999,0.999,0,0.211,0.999,0,0.998,0.999,0,0.999,0,0.324,0.999,0,0.999,0,0,0.983,0.998,0.997,0,0.744,0.999,0.243,0,0,0,0.999,0.217,0.999,0,0.206,0.999,0,0,0,0,0,0.21,0,0,0,0,0,0,0,0,0,0,0.209,0,0,0,0,0,0,0,0,0,0,0,0,0,0,0,0,0,0,0,0,0,0,0,0,0.201,0,0.999,0,0,0,0,0,0,0,0,0,0,0,0,0,0,0.21,0,0,0,0,0,0,0,0,0,0,0,0,0,0,0,0,0,0,0,0,0,0,0,0,0,0,0,0.21,0,0,0,0,0,0,0,0,0,0,0,0.201,0,0,0,0,0,0,0,0,0,0,0,0,0,0,0,0,0.261,0,0,0,0,0,0,0,0.202,0,0,0,0,0,0,0,0,0,0,0,0,0,0,0,0,0,0,0,0,0,0,0,0,0,0,0,0,0,0,0,0,0,0,0,0,0,0,0,0,0,0,0,0,0,0,0,0,0,0,0,0,0,0,0,0,0,0,0,0,0,0,0,0,0,0,0,0,0,0,0,0,0,0,0,0,0,0,0,0,0,0,0,0,0,0,0,0,0,0,0,0,0,0,0,0,0.335,0,0,0,0,0,0,0,0,0,0,0,0,0,0.202,0,0,0,0,0.229,0,0,0,0.903,0,0,0,0,0,0,0,0,0,0,0.206,0,0,0,0.163,0.254,0,0.164,0,0,0,0,0,0,0,0.253,0,0,0,0,0,0,0,0,0,0,0,0,0,0,0,0,0,0,0,0,0,0,0,0,0,0,0,0,0,0,0,0,0,0,0,0,0,0,0,0,0,0,0,0,0,0,0,0,0,0,0,0,0,0,0,0,0,0,0,0,0,0,0.204,0,0,0,0,0,0,0,0,0,0,0,0,0,0,0,0,0,0,0,0,0,0,0,0,0,0,0,0,0,0,0,0,0.267,0,0,0,0,0,0,0,0,0.306,0,0,0,0,0,0,0,0,0,0,0,0,0,0,0,0,0,0,0,0,0,0,0,0,0,0,0,0,0,0,0,0,0,0,0,0,0,0,0,0,0,0,0,0,0,0,0,0,0,0,0,0,0,0,0,0,0,0,0,0,0,0,0,0,0,0,0,0.175,0,0,0,0,0,0,0,0,0,0,0,0,0,0,0,0,0,0,0,0,0,0,0,0,0,0,0,0,0.276,0,0,0,0,0,0,0,0,0,0,0,0,0,0,0,0,0,0,0,0,0,0,0,0,0,0,0,0,0,0,0,0,0,0,0,0,0,0,0,0,0,0,0.237,0,0,0,0,0,0,0,0,0,0,0,0,0,0,0,0,0,0,0,0,0,0,0,0,0,0,0,0,0,0,0,0,0,0,0,0,0,0,0,0,0,0,0,0,0,0,0,0,0,0,0,0,0,0,0,0,0.263,0,0,0,0,0,0,0,0,0,0,0,0,0,0,0,0,0,0,0,0,0,0,0,0,0,0,0,0,0,0,0,0,0,0,0,0,0,0,0,0,0,0,0,0,0,0,0,0,0.159,0,0,0,0,0,0,0,0,0,0,0,0,0,0,0,0,0,0,0,0,0,0,0.167,0,0,0,0,0,0,0,0,0,0,0,0,0,0,0,0,0,0,0,0,0,0,0,0,0,0,0,0,0,0,0,0,0,0,0,0,0,0,0,0,0,0,0,0,0,0,0,0,0,0,0,0,0,0,0,0,0,0,0,0,0,0,0,0,0,0,0,0,0,0,0,0,0,0,0,0,0,0,0,0,0,0,0,0,0,0,0,0,0,0,0,0.447,0,0,0,0,0,0,0,0,0,0,0,0,0.319,0,0,0,0,0,0,0,0,0,0,0,0,0,0,0,0.244,0,0,0,0,0,0,0,0,0,0,0,0,0,0,0,0,0,0,0,0,0,0,0,0,0.254,0,0,0,0,0,0,0,0,0,0,0,0,0,0,0,0,0,0,0,0,0,0,0.333,0,0,0,0,0,0,0,0,0,0,0.201,0,0,0,0,0,0.176,0,0,0,0,0,0,0,0,0,0,0,0,0,0,0,0,0,0,0,0,0,0,0,0,0,0,0,0,0,0,0,0,0,0,0,0,0,0,0,0,0,0,0,0,0,0,0,0.307,0,0,0,0,0,0,0,0,0,0,0,0,0,0.219,0.282,0,0,0,0,0,0,0,0,0,0,0,0.193,0,0,0,0,0,0,0,0,0,0,0,0,0,0,0,0,0,0,0,0,0,0,0,0,0,0,0,0,0,0,0,0,0,0,0,0,0,0,0,0,0,0,0,0,0,0,0,0,0,0,0,0,0,0,0,0,0,0,0,0,0,0,0,0,0,0,0,0,0,0,0,0,0,0,0,0,0,0,0,0,0,0,0,0,0,0,0,0,0,0,0,0,0,0,0,0,0,0,0,0,0,0,0,0,0,0,0,0,0,0,0,0,0,0,0,0,0,0,0,0,0,0,0.158,0,0,0,0,0,0,0,0,0,0,0,0,0,0,0,0,0,0,0.177,0,0,0,0,0,0,0,0,0,0,0,0,0,0,0,0,0,0,0,0,0,0,0,0,0,0,0,0,0,0,0.194,0,0,0,0,0,0,0,0,0,0,0,0,0,0,0,0,0,0,0,0,0,0,0,0,0,0,0,0,0,0,0,0,0,0,0,0,0,0,0,0,0,0,0,0,0,0,0,0,0,0,0,0,0,0,0,0,0,0,0,0,0,0,0,0,0,0,0,0,0,0,0,0,0,0,0,0.169,0,0,0,0,0,0.274,0,0,0,0,0,0,0,0,0,0,0,0,0,0,0,0,0,0,0,0,0,0,0,0,0,0,0,0,0,0,0,0,0,0,0,0,0,0,0.211,0,0,0,0,0,0,0,0,0,0,0,0,0,0,0,0,0,0,0,0,0,0,0,0,0,0,0,0,0,0,0,0,0,0,0,0,0,0,0,0,0,0.331,0,0,0,0,0,0,0,0,0,0,0,0,0,0,0,0,0,0,0,0,0,0,0,0,0,0,0,0,0,0,0,0,0,0,0,0,0,0,0,0,0,0,0,0,0,0,0,0,0,0,0,0,0,0,0,0,0,0,0,0,0,0,0,0,0,0,0,0,0,0,0,0,0,0,0,0,0,0,0,0,0,0,0,0,0
856524,0,0,0,0,0,0,0.67,0,0,0,0,0,0,0,0,0,0,0,0,0,0,0,0,0,0,0,0,0,0,0,0,0,0,0,0,0,0,0,0,0,0,0,0,0,0,0,0,0,0,0,0,0,0,0,0,0,0,0,0,0,0.191,0,0.746,0,0,0,0,0,0,0,0,0,0,0,0,0,0,0,0,0,0,0,0,0,0,0,0,0,0,0,0.15,0,0,0,0,0,0,0,0,0,0,0,0,0.258,0,0,0,0,0,0,0,0,0,0,0,0,0,0,0.297,0,0,0,0,0,0,0,0,0,0,0,0,0,0,0,0.508,0,0,0,0,0,0,0,0,0,0,0,0,0,0,0,0,0,0,0,0,0.409,0,0,0,0.206,0,0,0,0,0,0,0,0,0,0,0,0,0,0,0,0,0.956,0,0,0,0,0,0,0.371,0,0,0,0,0,0,0,0,0,0,0,0,0,0,0,0,0,0.309,0,0,0,0,0,0,0,0,0,0,0.203,0,0,0,0,0,0.616,0,0,0,0,0,0.379,0.309,0,0,0,0,0,0,0,0,0,0,0,0,0,0,0,0,0,0,0,0,0,0.162,0,0.334,0,0,0,0,0,0,0,0,0,0,0,0,0,0,0,0,0,0.297,0,0,0,0,0,0,0,0,0,0,0,0,0,0,0,0,0,0,0,0,0.369,0,0,0,0,0,0,0,0,0,0,0,0,0,0,0,0,0,0,0,0,0,0,0,0,0.481,0,0.194,0,0,0,0,0,0,0,0,0,0,0,0,0,0,0,0.169,0,0,0,0,0,0,0,0,0,0,0,0,0,0,0,0,0,0,0,0,0,0,0,0,0,0,0,0,0,0,0,0,0,0,0,0,0,0,0.535,0,0,0,0,0,0,0,0,0,0,0,0,0,0,0,0,0,0,0.396,0,0,0,0.258,0,0,0,0,0,0,0,0,0,0,0.392,0,0,0,0,0,0,0,0,0,0.512,0,0,0,0,0,0,0,0,0,0,0,0,0,0,0,0,0,0.345,0,0,0,0,0.193,0,0,0,0,0,0,0,0,0,0.361,0,0,0,0,0,0,0,0,0,0,0,0,0.179,0,0,0,0.786,0,0,0,0,0,0,0,0,0,0,0,0,0,0,0,0,0,0,0,0,0,0,0,0,0,0,0,0,0,0,0,0.216,0,0,0,0,0,0,0,0,0,0.682,0,0,0,0,0,0,0,0,0,0,0,0,0,0,0,0,0,0,0,0,0,0,0,0,0,0,0,0,0,0,0,0,0,0,0,0,0,0,0.15,0,0,0,0,0,0,0,0,0,0,0,0,0,0,0,0,0,0.556,0,0,0,0,0,0,0,0.15,0,0,0,0,0,0,0,0,0,0,0,0,0.483,0,0,0,0,0,0,0,0,0,0,0,0,0,0,0,0,0.195,0,0,0,0,0,0,0,0,0,0,0,0.682,0,0,0,0,0,0,0,0,0,0,0,0,0.214,0,0.271,0,0.904,0,0,0.787,0,0.614,0.334,0,0,0,0,0,0,0,0,0,0,0,0,0.322,0,0,0,0,0,0.906,0,0,0,0,0,0,0,0,0,0,0,0.327,0,0,0,0,0.483,0,0,0,0.26,0,0,0,0,0,0,0,0,0,0,0,0,0.228,0,0,0,0,0,0,0,0,0,0,0,0,0,0,0,0,0,0,0,0,0,0.29,0.891,0,0,0,0,0,0,0,0,0,0,0,0.193,0,0,0,0,0,0,0,0,0,0,0,0,0,0,0,0.235,0,0,0,0,0,0,0,0,0,0,0.309,0,0.333,0,0,0,0,0,0,0,0,0,0,0,0,0,0,0,0.221,0,0,0,0,0,0,0,0,0,0,0,0,0,0,0,0,0,0.297,0,0,0.446,0,0,0,0,0,0,0.392,0,0,0.228,0,0,0,0,0,0,0,0,0,0,0,0,0,0,0,0,0,0,0,0.862,0,0,0,0.197,0,0,0,0,0,0,0,0,0,0,0,0,0,0,0,0,0,0,0,0,0.15,0,0,0,0,0,0,0,0,0,0,0,0,0,0,0,0,0,0,0,0,0,0,0,0,0,0.533,0,0,0,0,0,0.55,0,0,0,0,0,0.161,0,0,0,0.353,0,0,0,0,0,0,0,0,0,0,0,0,0,0.271,0,0,0,0,0.872,0,0,0,0,0,0,0,0,0.631,0,0,0,0,0,0,0,0,0,0,0,0,0,0,0,0,0.179,0,0,0,0,0,0,0,0.331,0,0,0,0,0,0,0,0,0,0,0,0,0,0,0,0,0,0,0,0,0,0,0,0,0,0,0,0,0,0,0,0,0,0,0,0,0,0,0,0,0.256,0,0,0,0,0,0,0,0,0,0,0,0,0,0,0,0,0,0,0,0,0,0,0,0,0,0,0,0,0,0,0,0,0,0,0,0,0.48,0,0,0,0,0,0,0,0,0,0,0,0,0,0,0,0,0,0,0,0,0,0.614,0,0,0.61,0,0,0.297,0,0,0,0,0,0,0.923,0,0.171,0,0,0,0,0,0,0,0,0,0.441,0,0,0,0,0,0,0,0,0,0,0,0,0,0,0,0,0.17,0,0,0,0,0,0,0,0,0,0.29,0.228,0,0,0,0,0,0,0,0,0,0,0,0,0,0,0,0,0,0,0,0,0,0,0,0,0,0,0,0,0,0,0,0,0,0,0,0,0,0,0.698,0,0.151,0,0,0,0,0,0,0,0,0,0,0,0.445,0,0,0,0.192,0,0,0,0,0,0,0,0,0,0,0,0,0,0,0,0,0,0,0,0,0,0,0,0,0,0,0,0,0,0,0,0,0,0,0,0,0,0,0,0,0,0,0,0,0,0,0,0.789,0,0,0,0,0.212,0.738,0,0,0,0,0,0,0,0,0,0,0,0,0.22,0,0,0,0,0,0,0,0,0,0,0,0,0,0,0,0,0.22,0,0,0,0,0,0,0,0,0,0,0,0,0,0,0,0.519,0,0,0,0,0,0,0,0.497,0,0,0,0,0,0,0.198,0,0,0,0,0,0,0,0.26,0,0,0,0,0,0,0,0,0,0,0,0,0,0,0,0,0,0,0,0,0,0,0,0,0,0,0,0,0.185,0,0,0,0,0,0,0,0,0,0,0,0,0,0,0,0,0,0,0,0,0,0,0,0,0,0,0,0,0,0.79,0,0,0,0,0.358,0,0.195,0,0,0,0.517,0.358,0.782,0,0,0,0,0,0,0,0,0,0,0,0,0.832,0.331,0,0,0.7,0,0,0,0,0.682,0,0,0,0.446,0,0,0,0,0,0,0,0,0.379,0,0,0,0,0,0,0,0,0,0,0,0,0.514,0,0,0,0,0,0,0,0,0,0,0.276,0,0.22,0,0,0,0,0,0,0,0,0,0,0,0,0,0,0,0,0,0,0,0,0,0,0,0,0,0,0.398,0,0,0,0,0,0,0,0.789,0,0,0,0,0,0,0.309,0,0,0,0,0,0,0,0,0,0,0,0,0,0,0,0,0,0,0,0.26,0,0,0,0,0.229,0,0.535,0.552,0.658,0,0,0,0,0,0,0,0,0,0,0.995,0,0,0,0,0,0,0,0,0,0.687,0,0,0,0,0,0.79,0,0,0,0,0.15,0,0,0,0,0,0,0.169,0,0,0,0,0,0,0,0,0,0,0,0,0,0,0,0,0,0.396,0,0,0,0,0,0,0,0.187,0,0,0,0,0,0,0,0,0,0,0,0,0,0,0.7,0,0,0,0,0,0,0,0,0,0,0,0,0,0,0,0,0,0,0,0,0,0,0,0,0,0,0,0,0,0,0,0,0,0,0,0,0,0,0,0,0,0,0,0,0,0,0,0,0,0,0,0,0,0,0,0,0,0,0,0,0,0,0,0,0,0,0,0,0,0,0,0,0,0,0,0,0,0,0,0,0,0,0,0,0,0,0,0,0,0,0,0,0,0,0,0,0,0,0,0,0,0,0,0,0,0,0.151,0,0,0,0,0,0,0,0,0,0,0,0,0,0,0,0,0,0,0,0,0,0,0,0,0,0,0,0,0,0,0,0,0,0,0,0,0,0,0,0,0,0,0,0,0,0,0,0,0,0,0,0,0,0,0,0,0,0,0,0,0,0,0,0,0,0,0,0,0,0,0,0,0,0,0,0,0,0,0,0,0,0,0,0,0,0,0,0,0,0,0,0,0,0,0,0,0,0,0,0,0,0,0,0,0,0,0,0,0,0,0,0,0,0,0,0,0,0,0,0,0,0,0,0,0,0,0,0,0,0,0,0,0,0,0,0,0,0,0,0,0,0,0,0,0,0,0,0,0,0,0,0,0,0,0,0,0,0,0,0,0,0,0,0,0,0,0,0,0,0,0,0,0,0,0,0,0,0.196,0,0,0,0,0,0.309,0,0,0,0,0,0,0,0,0,0,0,0,0,0,0,0,0,0,0,0,0,0.19,0,0,0,0,0,0,0,0,0,0,0,0,0,0,0,0,0,0.403,0,0,0,0,0,0,0,0,0,0,0,0,0,0,0,0,0,0,0,0,0,0,0,0,0,0,0,0,0,0,0,0,0,0,0,0,0,0,0,0,0,0,0,0,0,0,0,0,0,0,0,0,0,0.382,0,0,0,0,0,0,0,0,0,0,0,0,0,0,0,0,0,0,0,0,0,0,0,0,0,0,0,0,0,0,0,0,0,0,0,0,0,0,0,0,0,0,0,0,0,0,0,0,0,0,0,0,0,0,0,0,0,0,0,0,0,0,0,0,0,0,0,0,0,0,0,0,0,0,0,0,0,0,0,0,0,0,0,0,0,0,0,0,0,0,0,0,0,0,0,0,0,0,0,0,0,0,0,0,0,0,0,0,0,0,0,0,0,0,0,0,0,0,0,0,0,0,0,0,0,0,0,0,0,0,0,0,0,0,0,0,0,0,0,0,0,0.286,0,0,0,0,0,0,0,0,0,0,0,0,0,0,0,0,0,0,0,0,0,0,0,0,0,0,0,0,0,0,0,0,0,0,0,0,0,0,0,0,0,0,0,0,0.215,0,0,0,0,0,0,0,0,0,0,0,0,0,0,0,0,0,0,0,0,0,0,0,0,0,0,0,0,0,0,0,0,0,0,0,0,0,0,0,0,0,0,0,0,0,0,0,0,0,0,0,0,0,0,0,0,0,0,0,0,0,0,0,0,0,0,0,0,0,0,0,0,0,0,0,0,0,0,0,0,0,0,0,0,0,0,0,0,0,0,0,0,0,0,0,0,0,0,0,0,0,0,0.161,0,0,0,0,0,0,0,0,0,0,0,0,0,0,0,0,0,0,0,0,0,0,0,0,0,0,0,0,0,0,0,0,0.838,0,0,0,0,0,0,0,0,0,0,0,0,0,0.811,0,0,0,0,0.159,0,0,0,0,0,0,0,0,0,0,0,0,0,0,0,0,0,0,0,0,0,0,0,0,0,0,0,0,0,0,0,0,0,0,0,0,0,0,0,0,0,0,0,0,0,0,0,0,0,0,0,0,0,0,0,0,0,0,0,0,0,0,0,0,0,0,0,0,0,0,0,0,0,0,0.309,0,0,0.179,0,0,0,0.278,0.399,0,0,0,0,0.738,0.351,0,0,0,0,0,0.537,0,0,0,0.258,0,0,0,0,0,0,0,0,0,0,0,0.841,0.233,0,0,0,0,0.299,0,0.535,0,0,0,0,0,0,0,0,0,0,0,0,0,0,0,0,0,0,0,0,0,0,0,0,0,0,0,0,0,0,0,0,0,0,0,0,0,0,0,0,0,0,0,0,0,0,0,0,0,0,0,0,0,0,0,0,0,0,0,0,0,0,0,0,0,0,0,0,0,0,0,0,0,0,0,0,0,0,0,0,0,0,0,0,0,0,0,0,0,0,0,0,0,0,0,0,0,0,0,0,0,0.481,0,0,0,0,0,0,0,0,0,0,0,0,0,0,0,0,0,0,0,0,0,0,0,0,0,0,0,0,0,0,0,0,0,0,0,0,0,0,0,0,0,0,0.649,0,0,0,0,0,0,0,0,0,0,0,0,0,0,0,0,0,0,0,0,0,0,0,0,0,0,0,0,0,0.371,0.39,0,0,0,0,0,0,0,0,0,0,0,0,0,0,0,0,0,0,0,0,0,0,0,0,0,0,0,0,0,0,0,0,0,0,0,0,0,0,0,0,0,0,0,0,0,0.441,0,0,0,0,0,0,0,0,0,0,0,0,0,0,0,0,0,0,0,0,0,0,0,0,0,0,0,0,0,0,0,0,0,0,0,0,0,0,0,0,0,0,0,0.319,0,0,0,0,0,0,0,0.359,0,0,0,0,0,0,0,0,0,0,0,0,0,0,0,0,0,0,0,0.173,0,0,0,0,0,0,0,0,0,0,0,0,0,0,0,0,0,0,0,0,0,0,0,0,0,0,0,0,0,0,0,0,0,0,0,0,0,0,0,0,0,0,0,0,0,0,0,0,0,0,0,0,0,0,0,0,0,0,0,0,0,0,0,0,0,0,0,0,0,0,0,0,0,0,0,0,0,0,0,0,0,0,0,0,0,0,0,0,0,0,0,0,0,0,0,0,0,0,0,0,0,0,0,0,0,0,0,0,0,0,0,0,0,0,0,0,0,0,0,0,0,0,0,0,0,0,0,0,0,0,0,0,0,0,0,0,0,0,0,0,0,0,0,0,0,0,0,0,0,0,0,0,0,0,0,0,0,0,0,0,0,0,0.29,0,0,0,0,0,0,0,0,0,0,0,0,0,0,0,0,0,0,0,0,0,0,0,0,0,0,0,0,0,0,0,0,0,0,0,0,0,0,0,0,0,0,0,0,0,0,0,0,0,0,0,0,0,0,0,0,0,0,0,0,0,0,0,0,0,0,0,0,0,0,0,0,0,0,0,0,0,0,0,0,0,0,0,0,0,0,0,0,0,0,0,0,0,0,0,0,0,0,0,0,0,0,0,0.388,0,0,0,0,0,0,0,0,0,0,0,0,0,0,0,0,0,0,0,0,0,0,0,0,0,0,0,0,0,0,0,0,0,0,0,0,0,0,0,0,0,0,0,0,0,0,0,0,0,0,0,0,0,0,0,0,0,0,0,0,0,0,0,0,0,0,0,0,0,0,0,0,0,0,0,0,0,0,0,0,0,0,0,0,0,0,0,0,0,0,0,0,0,0,0,0,0,0,0,0,0,0,0,0,0,0,0,0,0,0,0,0,0,0,0,0,0,0,0,0.212,0,0,0,0,0,0,0,0,0,0,0,0,0,0,0,0,0,0,0,0,0,0,0,0,0,0,0,0,0,0,0,0,0,0,0,0,0,0,0,0.637,0,0,0,0,0,0,0,0,0,0,0,0,0,0,0,0,0,0,0,0,0.272,0,0,0,0,0,0,0,0,0,0,0,0,0,0,0,0,0,0,0,0,0,0,0,0,0,0,0,0,0,0,0,0,0,0,0,0,0,0,0,0,0,0,0,0,0,0,0,0,0,0,0,0,0,0,0,0,0,0,0,0,0,0,0,0,0,0,0,0,0,0,0,0,0,0,0,0,0,0,0,0,0,0,0,0,0,0,0,0,0,0,0,0,0,0,0,0,0,0,0,0,0,0,0,0,0,0,0,0,0,0,0,0,0,0,0,0,0,0,0,0,0,0,0,0,0,0,0,0,0,0,0,0,0,0,0,0,0,0,0,0,0,0.233,0,0,0,0,0,0,0,0,0,0,0,0,0,0,0,0,0,0,0,0,0,0,0,0,0,0,0,0,0,0,0,0,0,0,0,0,0,0,0,0,0,0,0,0,0,0,0,0,0.298,0,0,0,0,0,0,0,0,0,0,0,0,0,0,0,0,0,0,0,0,0,0,0,0,0,0,0,0,0,0,0,0,0,0,0,0,0,0,0,0,0,0,0,0,0,0,0,0,0,0.376,0,0,0,0,0,0,0,0,0,0,0,0.735,0,0,0,0,0,0,0,0,0,0,0,0,0,0,0,0,0,0,0,0,0,0,0,0,0,0,0,0,0.169,0,0,0,0,0,0,0,0,0,0,0,0,0,0,0,0,0,0,0,0,0,0,0,0,0,0,0,0,0,0,0,0,0,0,0,0,0,0,0,0,0,0,0,0,0,0,0,0,0,0,0,0,0,0,0,0,0,0,0,0,0,0,0,0,0,0,0,0,0,0,0,0,0,0,0,0,0,0,0,0,0,0,0,0,0,0,0,0,0,0,0,0,0,0,0,0,0,0,0,0,0,0,0,0,0,0,0,0,0,0,0,0,0.171,0,0,0,0,0.358,0,0,0,0,0,0,0,0.267,0,0,0,0,0,0,0,0,0,0,0,0,0,0,0,0,0,0,0,0,0,0,0,0,0,0,0,0,0,0,0,0,0,0,0,0,0,0,0,0,0,0,0,0,0,0,0,0,0,0,0,0,0,0,0,0,0,0,0,0,0,0,0,0,0,0,0,0,0,0.199,0,0,0,0.551,0,0,0,0,0,0,0,0,0,0,0,0,0,0,0,0,0,0,0,0,0,0,0,0,0,0,0,0,0,0,0,0,0,0,0,0,0,0,0,0,0,0,0,0,0.226,0,0,0,0,0,0,0,0,0,0,0,0,0,0,0,0,0,0,0,0,0,0,0,0,0,0,0,0,0,0,0,0,0,0,0,0,0,0,0,0,0,0,0,0,0,0,0,0,0,0,0,0,0,0,0,0,0,0,0,0,0,0,0,0,0,0,0,0,0,0,0,0,0,0,0,0,0,0,0,0,0,0,0,0,0,0,0,0,0,0,0,0.171,0,0,0,0,0,0,0,0,0,0,0,0,0,0,0,0,0,0,0,0,0.184,0,0,0,0,0,0,0,0,0,0,0,0,0,0,0,0,0,0,0,0,0,0,0,0,0.155,0,0,0,0,0,0,0,0,0,0,0,0,0,0,0,0,0,0,0,0,0,0,0,0,0,0,0,0,0,0,0,0,0,0,0,0,0,0,0,0,0,0,0,0,0,0,0,0,0,0,0,0,0,0,0,0,0,0,0,0,0,0,0,0,0,0,0,0,0,0,0,0,0,0,0,0,0,0,0,0,0,0,0,0,0,0,0,0,0,0,0.195,0,0,0,0,0,0,0,0,0,0.298,0,0,0,0,0,0,0,0,0,0,0,0,0,0,0,0,0,0,0,0,0,0,0,0.22,0,0,0,0,0,0.191,0,0,0.288,0,0,0,0,0,0,0,0,0,0,0,0.917,0,0,0,0,0,0,0,0,0,0,0,0,0,0,0,0,0,0,0,0,0,0,0,0,0,0,0,0,0,0,0,0,0,0,0,0,0,0,0,0,0,0,0,0,0,0,0,0,0,0,0,0,0,0,0,0,0,0,0.252,0,0.382,0,0,0,0,0,0,0,0,0,0,0,0,0,0,0,0,0,0,0,0,0,0,0,0,0,0,0,0,0,0,0,0,0,0,0,0,0,0,0,0,0,0.22,0,0,0,0,0.221,0,0,0,0.169,0,0.33,0,0,0,0,0,0,0,0,0,0,0,0,0,0,0,0,0,0,0,0,0,0,0,0,0,0,0,0,0,0,0,0,0,0,0,0,0,0,0,0,0,0,0,0.261,0,0,0,0,0,0,0,0,0,0,0,0,0,0,0,0,0,0,0,0,0,0,0,0,0,0,0,0,0,0,0,0,0,0,0,0,0,0,0,0,0,0,0,0,0,0,0,0,0,0,0,0,0,0,0,0,0,0,0,0,0,0,0,0,0,0,0,0,0,0,0,0,0,0,0,0,0,0,0,0,0,0,0,0,0,0,0,0,0,0,0,0,0,0,0,0,0,0,0,0,0,0,0,0,0,0,0,0,0,0,0,0,0,0,0,0,0,0,0,0,0,0,0,0,0,0,0,0,0,0,0,0,0,0,0,0,0,0,0,0,0,0,0,0,0,0,0,0,0,0,0,0,0,0,0,0,0,0,0,1
856765,0,0,0,0,0,0,0,0,0,0,0,0,0.191,0,0,0,0,0,0,0,0,0,0,0.191,0,0.336,0.2,0,0,0,0,0,0,0,0,0,0.191,0,0.19,0,0,0,0,0,0,0,0,0,0,0,0,0,0,0,0,0,0,0,0,0,0,0,0,0,0,0,0,0,0,0,0,0,0.155,0,0.152,0,0,0,0,0,0,0,0,0,0,0,0,0.502,0,0,0,0,0.26,0,0,0,0,0,0.443,0,0.191,0,0.176,0,0,0,0,0,0,0,0,0,0,0,0,0,0,0,0,0,0,0,0,0,0,0,0,0.248,0,0,0,0,0,0,0,0,0,0,0.2,0,0,0,0,0,0,0,0,0,0,0,0.17,0,0,0,0,0,0,0,0,0,0,0,0,0,0.443,0,0,0,0,0,0.304,0,0,0,0,0,0,0,0,0,0,0,0.163,0,0,0.235,0,0,0.219,0,0.252,0,0,0.496,0,0.236,0.176,0,0,0,0,0,0,0,0,0.162,0,0.237,0.168,0,0,0,0.4,0.159,0,0,0,0,0,0,0.321,0.176,0.224,0,0,0,0,0,0,0,0.238,0,0,0.249,0,0,0.281,0,0.198,0,0.151,0,0,0,0.193,0,0,0.166,0.185,0,0.71,0.233,0.303,0.493,0.173,0,0,0,0,0,0,0.154,0,0,0,0,0,0.167,0,0.181,0,0,0,0,0,0.193,0,0,0,0,0,0,0,0.241,0,0,0,0,0,0,0,0,0,0,0,0,0.223,0.351,0,0,0,0,0,0,0.26,0,0.67,0,0,0,0,0,0.289,0,0.21,0,0,0,0,0,0,0.203,0,0,0.301,0,0,0,0,0,0,0,0,0,0,0,0,0,0,0,0,0,0,0.314,0,0,0,0,0.22,0,0,0,0,0,0,0.281,0.67,0,0,0.542,0.177,0.308,0,0,0.223,0,0,0,0,0,0.309,0.307,0,0,0.273,0.179,0,0,0.313,0,0,0.223,0,0,0,0.158,0.235,0,0,0.245,0,0,0,0,0,0,0.219,0.277,0.159,0,0,0.165,0,0.183,0.523,0,0,0,0.389,0.813,0,0,0.268,0,0,0,0.449,0.169,0,0,0.226,0,0.16,0.184,0,0,0.183,0,0,0,0,0.289,0,0,0,0,0.816,0,0,0,0.227,0.274,0,0,0.153,0.293,0,0,0,0,0,0.527,0,0,0,0,0.181,0,0,0,0,0,0.678,0.228,0,0.288,0.169,0.188,0,0.228,0,0.191,0,0,0,0,0.186,0,0,0.159,0,0,0,0.175,0,0,0,0.235,0,0,0,0,0,0,0.183,0.607,0,0,0,0,0.196,0.19,0,0.207,0.249,0,0,0,0,0,0,0,0,0,0,0.19,0,0,0,0,0.201,0,0,0.428,0.183,0.196,0.309,0,0,0.234,0,0,0,0,0.189,0,0,0,0.159,0,0.526,0,0.454,0.322,0.697,0,0.448,0,0.189,0,0.167,0,0,0,0.192,0,0,0,0,0,0,0,0,0,0,0,0,0.238,0,0,0,0,0,0.666,0,0.538,0,0,0.169,0,0,0,0,0,0,0.189,0,0,0,0,0.429,0,0,0,0,0,0,0,0,0,0.316,0.319,0,0.19,0.168,0.228,0,0,0,0,0,0,0,0,0,0,0,0,0.187,0,0,0,0,0,0.159,0,0.297,0,0,0.281,0,0.223,0,0,0,0,0.558,0.679,0.246,0.294,0.235,0.208,0,0.185,0,0,0.174,0,0,0,0,0.183,0,0.181,0.304,0.251,0.171,0.429,0.188,0,0.488,0,0,0.241,0.571,0,0,0,0,0.169,0,0,0,0,0,0,0,0,0,0,0,0,0,0,0,0,0,0.475,0,0,0,0,0,0,0,0,0,0,0,0,0,0,0,0,0.252,0.183,0,0,0,0,0,0,0,0,0,0,0,0,0,0,0,0,0,0.213,0,0.176,0,0.244,0,0,0,0.153,0,0,0.454,0,0,0,0,0,0,0,0,0,0,0,0.183,0.194,0,0,0,0,0.159,0,0.245,0.437,0,0.174,0,0,0,0,0,0.191,0.165,0,0.176,0,0,0,0,0,0.199,0.441,0,0,0.194,0,0,0,0,0,0,0,0,0,0,0.174,0,0,0.247,0.189,0.191,0,0,0,0,0,0,0,0,0,0,0,0,0,0,0,0,0,0,0,0,0,0.321,0,0,0,0.157,0,0,0,0,0,0,0.433,0,0,0,0,0,0,0,0,0.159,0,0,0,0,0.174,0,0.517,0.169,0,0.159,0,0.367,0,0,0,0,0,0,0,0,0,0,0,0.343,0.538,0,0,0.422,0,0,0.332,0.19,0,0,0.228,0.17,0,0,0,0,0,0,0,0.29,0.654,0.646,0.213,0,0,0,0,0.168,0,0,0,0,0,0.346,0,0,0,0.291,0,0,0.262,0.223,0,0.522,0,0,0,0.36,0,0.159,0,0,0,0.198,0,0,0,0,0,0,0.193,0,0.163,0,0,0,0,0,0,0.242,0,0,0,0,0.285,0,0,0,0.314,0,0.31,0,0.165,0,0,0,0,0,0,0,0,0.394,0,0,0,0,0,0,0.394,0,0,0,0.204,0,0.268,0.153,0,0,0,0,0,0,0,0,0.19,0,0.19,0,0,0,0,0,0,0,0,0,0,0,0,0.303,0,0.19,0,0,0,0,0,0,0,0.303,0,0,0,0,0.412,0,0,0,0,0,0,0,0.303,0,0.303,0,0.171,0.683,0.311,0,0,0,0,0,0,0,0,0,0,0,0,0,0,0,0,0,0,0,0,0,0,0,0.179,0,0,0,0,0,0,0,0,0,0,0,0,0,0,0,0,0,0,0.61,0,0,0,0,0,0,0,0,0.151,0,0,0,0.191,0,0,0,0.483,0,0,0,0,0,0,0,0,0,0,0,0.313,0,0,0,0,0,0,0,0,0,0,0,0,0,0,0,0,0,0,0.394,0,0,0,0,0,0,0,0,0,0,0,0,0,0,0,0,0,0,0,0,0,0,0,0,0,0,0,0,0,0,0,0,0,0,0,0,0,0,0,0,0,0,0,0,0,0.446,0,0,0,0.159,0,0,0,0,0,0,0,0,0,0,0,0,0,0,0,0,0,0,0,0,0,0,0,0,0,0,0,0,0,0.161,0,0,0,0,0,0.17,0,0,0,0,0,0.284,0,0,0,0,0,0,0,0,0,0,0,0,0,0,0,0,0,0.204,0,0,0.284,0.392,0,0,0,0,0,0,0,0,0,0,0,0.193,0,0,0,0,0,0,0,0,0,0,0,0,0,0.191,0,0,0,0,0,0,0,0,0,0,0,0,0,0,0,0,0,0,0,0.161,0,0.183,0,0.183,0,0,0,0,0,0,0,0,0,0,0,0,0,0,0,0,0,0,0,0,0,0,0,0,0,0,0,0,0,0,0,0.537,0.351,0,0,0,0,0,0,0,0,0,0,0,0,0,0,0,0.394,0,0,0,0,0,0,0,0,0,0,0,0,0,0,0.486,0,0,0,0,0,0,0,0,0,0,0,0,0,0,0,0,0,0,0,0,0,0,0,0,0,0,0,0,0,0,0,0,0,0,0,0,0,0,0,0,0,0,0,0,0,0.403,0,0,0,0,0,0,0,0,0,0,0,0,0,0,0,0,0,0,0,0,0,0,0,0,0,0,0,0.622,0,0,0,0,0,0,0,0,0,0,0,0,0,0,0,0,0,0,0,0,0,0,0,0,0,0,0,0,0,0,0,0,0,0.196,0,0,0,0,0,0.354,0,0,0,0,0,0,0,0,0,0,0,0,0,0,0,0,0,0.312,0,0,0,0.167,0,0,0,0,0,0,0,0,0,0,0,0,0,0,0,0,0,0,0,0,0,0,0,0.221,0,0,0,0,0.157,0,0,0,0,0,0,0,0,0,0,0,0,0,0,0,0,0,0,0,0,0,0,0,0.284,0,0,0,0,0,0,0,0,0,0,0.161,0,0,0,0,0,0,0,0,0.29,0,0,0,0.191,0,0,0,0,0,0,0,0,0,0,0,0,0,0.24,0.193,0,0,0,0,0,0,0,0,0.247,0,0,0,0.311,0.322,0,0,0,0,0,0,0,0.428,0,0,0,0,0,0,0,0,0,0,0,0,0,0.26,0,0,0,0,0,0,0,0,0,0,0,0,0.304,0,0,0,0,0,0,0,0,0,0,0,0,0,0,0,0,0,0.681,0,0,0,0.417,0,0,0,0,0,0,0,0,0,0,0,0,0,0,0,0,0,0,0,0,0,0,0,0,0,0,0,0,0,0,0,0,0,0,0,0,0,0,0,0,0.647,0,0,0,0,0,0,0,0,0,0,0.258,0,0,0,0.291,0.426,0,0,0,0,0,0,0.424,0,0,0,0,0,0,0,0.171,0,0,0.17,0,0,0,0.219,0,0,0,0,0,0,0,0,0,0,0.211,0,0,0,0,0,0.193,0,0.155,0,0,0,0,0,0,0,0,0,0,0,0,0,0,0,0,0,0,0.213,0,0.212,0,0,0,0,0,0,0,0,0,0.242,0,0,0.191,0,0,0,0,0,0,0.271,0,0,0,0,0,0,0,0,0.171,0,0,0,0,0,0,0,0,0,0,0,0,0,0,0,0,0,0.291,0,0,0,0,0,0,0,0,0.224,0,0,0.248,0,0,0,0,0,0,0,0,0,0,0,0,0,0,0,0,0,0,0,0,0.183,0,0,0,0,0,0,0,0,0,0,0,0,0,0,0.273,0,0.332,0,0,0,0,0,0,0,0,0,0,0,0.191,0,0,0,0,0,0,0,0,0,0.152,0,0,0,0.161,0,0,0,0,0.159,0,0.198,0,0,0,0,0,0,0.151,0.157,0,0,0,0,0.33,0,0,0,0,0,0,0,0.174,0.656,0,0,0,0,0,0.315,0,0,0.512,0,0.159,0,0,0,0,0,0,0,0,0.388,0,0,0,0,0.244,0,0,0,0,0.287,0,0,0.19,0,0.187,0,0,0,0,0.983,0,0.349,0,0,0.426,0,0,0,0.192,0,0,0.512,0,0,0,0,0,0,0.529,0.437,0,0,0.565,0.223,0,0,0,0,0,0,0.171,0.191,0,0.152,0,0.239,0,0,0,0,0.177,0,0,0,0,0,0,0,0,0,0,0.241,0,0,0,0,0,0,0.171,0,0,0.243,0.636,0,0,0,0,0,0,0,0,0,0.179,0,0,0,0,0,0,0,0,0,0,0,0,0.682,0,0,0,0,0,0,0,0.229,0,0,0,0,0,0,0,0,0,0.152,0,0,0,0,0,0,0,0,0.165,0.343,0,0,0,0.165,0,0,0,0,0,0.203,0,0,0,0,0,0,0.296,0,0,0,0,0,0,0,0,0,0,0,0,0,0,0,0,0,0,0,0,0,0,0,0,0,0,0,0,0,0,0,0,0,0,0,0,0,0,0,0,0,0,0,0,0,0,0,0,0,0,0,0,0,0,0,0,0,0,0,0,0,0,0.564,0,0,0,0.161,0,0.167,0,0,0,0,0,0,0,0,0,0,0,0,0,0,0,0.453,0,0,0,0,0,0,0,0.175,0,0,0,0,0,0,0,0,0,0,0,0,0,0,0,0,0,0,0,0,0.161,0,0,0,0,0,0,0,0.193,0,0,0,0,0,0,0,0,0,0,0,0,0,0,0,0,0,0,0,0,0,0,0,0,0,0,0,0,0,0,0,0,0,0,0,0,0,0,0,0.332,0.164,0,0,0,0,0.168,0.504,0,0,0,0.199,0,0,0,0,0,0,0,0,0,0.157,0,0,0,0,0,0,0.817,0,0,0.16,0,0,0,0,0.158,0,0,0,0,0,0,0,0,0.157,0.703,0,0,0,0.159,0.287,0.197,0,0,0.159,0,0.453,0.61,0.191,0,0,0,0,0,0.193,0,0.155,0,0.287,0,0,0,0,0.511,0,0,0,0,0,0,0,0,0,0,0,0.289,0,0,0,0,0,0,0.421,0,0,0.186,0,0,0.198,0,0,0,0,0.16,0.212,0,0,0.424,0,0,0,0,0,0,0,0,0,0,0,0,0,0,0,0,0,0,0,0,0,0,0,0,0,0,0,0,0,0,0,0,0,0,0,0,0,0,0,0,0,0,0,0.548,0,0,0,0,0,0,0,0,0,0,0,0,0,0,0,0,0,0,0,0,0,0,0,0,0,0,0,0.155,0,0,0,0.374,0,0,0,0,0,0,0.413,0,0,0,0,0,0,0,0,0,0,0,0,0,0,0,0,0,0,0,0,0,0,0,0,0,0,0,0,0.165,0,0,0,0,0,0,0,0,0,0,0,0,0,0,0,0,0,0,0,0,0,0,0.19,0,0,0,0,0,0,0,0,0,0,0,0,0.155,0,0,0,0,0,0,0,0,0,0,0.26,0,0,0.187,0.165,0,0,0,0,0,0,0,0,0,0,0,0,0,0,0,0,0,0,0,0,0,0,0,0,0.248,0.165,0,0,0,0,0,0,0,0,0,0,0,0,0,0,0,0,0,0,0,0,0,0,0,0,0,0,0,0,0.464,0,0,0,0,0,0,0,0,0,0,0,0,0,0,0,0.223,0,0,0,0,0,0,0,0,0,0,0,0,0,0,0,0,0,0,0,0,0,0,0,0,0,0,0,0,0,0,0,0,0,0,0,0,0,0,0,0,0,0,0,0,0,0,0,0,0,0,0,0,0,0,0,0,0,0,0,0,0,0,0,0,0,0,0,0,0,0,0,0,0,0,0.174,0,0,0,0,0,0,0,0,0,0,0,0,0,0,0,0,0,0,0.193,0,0,0,0,0,0,0,0,0,0,0,0,0,0,0,0,0,0,0,0,0,0,0,0,0,0.191,0,0.174,0,0.171,0,0,0,0.191,0,0,0,0,0,0,0.192,0,0,0,0,0,0,0,0,0,0,0,0,0,0,0,0,0,0,0,0,0,0,0,0,0,0,0.176,0.161,0.189,0,0.514,0,0.271,0,0,0,0,0.965,0,0,0,0,0,0,0,0,0,0,0,0,0,0,0,0.214,0.921,0,0,0,0,0.219,0,0,0,0,0,0,0,0,0,0,0,0,0,0,0,0,0,0,0,0,0,0,0,0,0,0,0,0,0,0,0,0,0,0,0,0,0,0,0.181,0,0.226,0,0,0,0,0,0,0,0,0,0,0.157,0,0,0,0,0,0.207,0,0,0,0,0.167,0,0,0.163,0,0,0,0,0,0,0,0,0,0,0,0,0,0,0.236,0,0,0,0,0,0,0,0,0.173,0,0,0,0,0,0,0,0,0,0.227,0,0,0.325,0,0,0,0,0,0.207,0.394,0,0,0,0,0.161,0,0,0,0,0,0,0,0,0,0,0.948,0,0,0,0,0,0,0,0,0,0,0,0,0,0,0,0,0,0,0,0,0,0,0,0,0,0,0,0,0,0,0,0,0,0,0,0,0,0,0,0,0,0,0,0,0,0.161,0,0,0,0,0,0,0,0,0,0,0,0.161,0,0,0.15,0,0,0,0,0,0,0,0,0,0,0,0,0.311,0,0,0,0,0,0,0,0,0,0,0,0,0,0,0,0,0,0,0,0,0,0,0,0,0,0,0,0,0,0,0,0,0,0,0,0,0,0,0,0,0,0,0,0,0,0,0,0,0,0,0,0,0,0,0,0,0,0,0,0,0,0,0,0,0,0,0,0,0,0,0,0,0.189,0,0,0,0,0,0,0,0,0,0.259,0,0.548,0,0,0,0,0,0.571,0,0.163,0,0,0,0,0.161,0,0.19,0,0,0,0,0,0,0.236,0,0,0,0.199,0,0,0.505,0,0,0.993,0,0,0.189,0,0,0,0,0,0,0,0,0,0,0,0,0,0,0,0,0,0,0,0.513,0,0,0,0,0,0,0,0.233,0,0,0,0.157,0.166,0.505,0,0,0,0,0,0,0,0,0.317,0,0.493,0,0,0,0,0,0,0,0,0,0,0,0,0,0,0,0,0,0,0,0,0,0,0,0,0,0,0,0,0,0,0,0,0,0,0,0,0,0,0,0,0,0,0,0,0,0,0,0,0,0,0,0,0,0.223,0,0,0,0,0,0,0,0,0,0,0,0,0,0.223,0.179,0,0,0,0,0,0,0,0,0,0,0.304,0,0,0,0,0,0,0.209,0,0,0.413,0,0,0,0,0,0,0,0,0,0.161,0,0,0,0,0,0,0.263,0,0,0.383,0,0,0,0,0,0,0,0,0,0,0,0,0,0,0,0.243,0.207,0,0,0,0,0,0,0,0,0,0,0,0,0,0,0,0,0,0,0,0,0,0,0,0,0,0,0,0,0,0,0,0,0,0,0,0,0,0.416,0.221,0.336,0.195,0,0,0.253,0,0,0,0,0,0,0,0,0,0,0,0,0,0,0,0,0,0,0,0,0.592,0,0,0,0,0,0.269,0,0,0,0,0,0,0.196,0,0,0.303,0,0.262,0,0,0.168,0,0.193,0.26,0,0,0,0,0,0.999,0,0,0,0,0.269,0,0,0,0,0,0,0.443,0,0,0.167,0,0,0,0.257,0,0,0,0,0,0,0.324,0,0,0,0.443,0,0,0,0,0,0,0,0,0,0,0,0,0,0,0.155,0,0,0,0,0.228,0.193,0,0,0.325,0,0,0,0,0,0,0,0,0,0,0,0,0,0,0,0.313,0,0,0,0,0,0.165,0,0,0,0,0,0,0,0,0,0,0,0,0,0,0,0,0,0,0,0,0,0,0,0,0,0,0,0,0,0,0,0,0,0,0,0,0,0,0,0,0,0,0,0,0,0,0,0,0,0,0,0,0,0,0,0,0,0,0,0,0,0,0,0,0,0,0,0,0,0.254,0,0.167,0,0,0,0,0,0,0,0,0,0.307,0,0,0,0,0,0,0,0,0,0.163,0,0,0,0,0,0.249,0,0,0,0,0,0.307,0,0,0,0,0,0,0,0,0.155,0,0,0,0,0,0.155,0,0,0,0,0,0,0,0,0,0,0,0,0,0,0,0,0,0,0,0,0.164,0,0,0,0,0,0.616,0,0,0,0,0,0,0,0,0,0,0,0,0,0,0,0,0,0.251,0,0,0,0,0,0,0,0,0,0,0,0,0,0,0,0,0,0.336,0,0,0,0,0,0,0.188,0,0,0,0,0,0,0,0.195,0,0,0,0,0.516,0,0,0.195,0,0,0,0,0,0,0,0.183,0,0,0,0,0,0,0.223,0,0,0,0,0,0,0.279,0,0.248,0,0,0,0,0.292,0,0,0,0,0,0.194,0,0,0.254,0,0,0,0.176,0,0.155,0,0,0,0,0.261,0,0,0,0,0,0,0,0,0,0,0,0,0,0,0,0,0,0,0,0,0,0,0,0,0,0,0,0,0,0,0,0,0,0,0,0,0,0,0,0,0,0,0,0,0,0,0,0,0,0,0,0,0,0,0,0,0,0,0,0,0,0.248,0,0,0,0.248,0,0,0,0,0,0,0,0,0,0.152,0,0,0,0,0,0,0,0,0,0,0,0,0,0,0.161,0,0,0,0,0,0.191,0,0,0,0,0.266,0,0,0,0,0,0,0,0,0,0,0,0,0,0,0,0,0,0,0,0.252,0,0.252,0,0.252,0,0,0,0,0,0,0,0,0,0,0,0,0,0,0,0,0,0,0,0,0,0,0,0,0,0,0,0,0,0,0,0,0,0,0,0,0,0,0,0,0.176,0,0,0,0,0,0,0,0,0,0,0,0,0,0,0,0,0,0,0,0,0,0,0,0,0,0,0,0,0,0,0,0,0,0,0,0,0.299,0,0,0,0,0,0,0,0,0,0,0,0,0,0,0,0,0,0,0,0,0,0,0,0,0,0,0,0,0,0,0,0,0,0,0,0,0.221,0,0,0,0,0,0,0,0,0,0,0,0,0,0,0,0,0,0,0,0,0,0,0,0,0,0,0,0,0,0,0,0,0,0,0,0,0,0,0,0,0,0,0,0,0,0,0.293,0,0,0,0,0,0,0,0,0,0,0,0,0,0,0,0,0,0,0,0,0,0,0,0.254,0,0,0,0,0,0,0,0,0,0,0,0,0,0,0,0,0,0,0,0,0,0,0,0,0,0,0,0,0,0,0,0,0,0,0,0,0,0,0,0,0,0,0.261,0.261,0.194,0,0,0,0,0,0,0,0,0,0,0,0,0,0,0,0,0,0,0,0,0,0,0,0,0,0,0,0,0,0,0,0,0,0,0,0,0,0,0,0,0,0,0,0,0,0,0,0,0,0,0,0,0,0,0,0,0,0,0,0,0,0,0,0,0,0,0,0,0,0,0,0,0,0,0,0,0,0,0,0,0,0,0,0,0,0,0,0,0,0,0,0,0,0,0,0,0,0,0,0,0,0,0,0,0,0,0,0,0,0,0,0,0,0,0,0,0,0,0,0,0,0,0,0,0,0,0,0,0,0,0,0,0,0,0,0,0,0,0,0,0,0,0,0,0,0,0,0,0,0,0,0,0,0,0,0,0,0,0,0,0.237,0,0,0,0,0,0.155,0,0,0,0,0,0,0,0,0,0,0,0,0,0,0,0,0,0,0,0,0.378,0,0,0.271,0,0,0,0,0,0,0,0,0,0,0,0,0,0,0,0,0,0,0,0,0,0,0,0,0.3,0,0,0,0,0,0,0,1
852952,0,0,0,0,0,0.48,0,0,0,0,0,0,0,0,0,0,0,0,0.227,0,0,0,0,0,0,0,0,0,0,0,0,0,0,0,0,0,0,0,0.183,0,0,0,0,0,0,0,0,0,0,0,0,0,0,0,0,0.192,0.178,0,0,0,0,0,0,0,0,0,0.642,0,0,0,0,0,0,0,0,0,0.25,0,0.165,0,0,0,0,0,0,0,0,0,0,0,0,0,0,0,0,0,0,0,0,0,0,0,0,0,0,0,0,0,0,0,0,0,0,0,0.24,0,0,0,0,0,0,0,0.347,0,0,0,0,0.219,0,0,0,0,0,0,0,0,0,0,0,0,0,0.317,0,0,0.178,0,0,0.184,0,0,0,0,0,0,0,0,0,0,0,0,0,0,0,0,0,0,0,0,0,0.209,0,0,0.416,0,0,0,0,0,0,0,0,0.561,0.439,0,0.279,0,0,0,0,0.307,0,0,0,0,0,0,0.999,0,0,0,0,0,0.33,0,0,0,0,0.293,0,0,0,0,0.348,0,0,0,0.212,0,0.29,0,0,0.321,0,0,0,0,0,0,0,0,0.821,0.196,0,0.174,0.958,0,0.164,0,0,0,0,0.261,0,0,0,0,0,0,0.215,0,0.165,0,0,0,0,0,0,0,0,0,0,0.438,0.846,0,0,0,0,0.926,0.419,0,0,0.292,0,0,0.395,0.218,0,0.51,0,0,0,0,0.224,0,0,0.189,0.294,0.23,0,0,0.189,0,0.235,0,0,0,0,0,0.68,0,0,0,0,0,0,0,0.16,0,0,0.182,0,0,0.23,0,0.224,0,0.182,0,0,0,0,0.365,0.955,0,0.284,0,0,0.161,0.484,0,0,0.327,0.184,0,0.191,0,0,0,0,0,0,0,0.234,0.428,0,0,0,0,0.176,0,0.21,0,0,0.894,0,0.402,0,0,0,0.192,0,0,0,0.166,0,0,0,0.587,0,0,0.812,0.159,0,0.25,0,0,0,0,0.179,0,0,0,0,0,0,0,0,0,0,0.314,0.619,0.383,0,0,0.986,0,0,0.262,0,0,0,0,0.191,0,0.545,0,0,0,0,0,0,0,0,0,0,0.559,0.353,0.833,0,0,0,0,0.173,0.679,0,0,0,0,0,0,0,0.25,0,0,0,0,0,0,0,0.167,0.152,0.255,0,0.654,0.249,0.402,0,0,0.555,0,0,0.414,0.226,0.192,0,0,0.181,0,0,0,0.253,0.835,0,0.258,0,0,0.405,0.232,0,0.258,0,0.174,0,0,0,0.411,0.16,0.183,0.293,0,0,0.705,0,0.674,0.608,0,0.161,0.151,0,0,0,0,0.229,0,0,0.161,0,0,0,0.261,0.471,0,0,0.198,0,0,0.176,0,0,0,0.347,0.862,0.972,0,0.999,0.424,0,0.678,0.204,0,0,0,0,0,0,0.541,0.519,0,0.29,0,0,0,0.161,0,0.256,0,0,0.242,0,0,0.324,0.267,0.161,0,0.224,0,0,0,0.222,0.285,0,0.981,0,0,0.194,0.494,0,0.288,0,0,0,0.189,0,0,0,0,0.638,0.708,0,0,0,0,0.494,0,0.154,0.172,0.63,0,0,0,0,0,0.17,0,0,0,0,0,0,0.198,0.237,0,0,0,0,0,0,0.225,0.189,0,0.59,0,0,0,0,0,0,0,0.947,0.653,0,0,0.174,0,0,0.172,0,0.3,0,0,0.267,0,0,0.189,0,0,0,0,0,0.402,0,0.975,0,0,0,0,0.878,0,0,0.258,0,0.202,0,0,0.348,0,0.166,0,0,0,0,0,0,0,0.166,0.277,0.575,0.161,0,0,0.474,0,0,0,0.407,0,0.288,0,0,0,0,0,0,0.531,0,0,0,0,0,0,0.266,0,0.518,0,0,0,0,0.168,0.32,0,0.245,0,0,0,0.184,0,0,0,0,0.288,0.411,0.312,0.169,0,0,0,0.612,0,0,0,0,0,0,0.388,0.394,0,0,0,0.479,0,0.162,0,0,0.379,0,0.554,0,0,0,0,0.831,0.252,0.68,0,0.161,0.487,0.183,0,0,0,0,0.497,0,0.522,0.222,0,0,0.307,0,0.152,0,0,0,0,0.277,0,0,0.599,0.519,0,0,0,0.167,0,0,0,0.39,0,0,0,0,0.303,0.364,0.372,0,0,0.502,0,0,0.482,0,0.19,0.687,0,0.155,0,0,0.852,0,0,0.839,0.175,0,0,0,0,0.329,0,0.307,0,0,0,0.62,0,0.16,0,0,0,0,0,0,0,0.458,0,0,0.182,0.656,0,0.153,0.51,0,0,0,0.254,0,0.184,0.161,0,0,0,0,0,0,0.251,0.279,0,0,0.435,0,0.599,0,0.192,0,0,0,0,0,0,0,0,0.279,0,0,0,0,0,0.284,0.999,0.16,0.384,0.22,0,0,0,0.235,0.181,0,0.254,0.253,0.269,0.228,0.348,0.63,0,0.521,0.328,0,0,0,0,0,0,0,0,0.18,0,0,0,0.174,0,0,0,0.94,0,0,0,0,0,0.589,0.224,0.385,0,0.52,0.328,0,0,0,0,0,0.274,0.578,0,0,0,0.545,0,0,0,0,0.792,0.177,0.184,0,0,0,0,0.25,0.182,0.195,0,0,0,0.207,0.167,0,0,0,0.544,0,0,0.322,0,0,0,0.833,0,0,0,0.2,0,0.665,0,0,0.171,0,0.307,0,0.339,0.191,0.274,0,0,0,0,0.308,0,0,0,0,0,0.612,0,0,0,0,0,0,0,0,0,0,0,0,0,0,0,0,0,0,0,0,0,0,0,0,0,0,0,0,0,0,0,0,0,0,0,0,0.254,0,0,0,0,0,0,0.175,0,0,0.282,0,0,0,0,0,0,0,0,0,0,0,0,0,0,0,0,0,0,0.191,0,0,0,0,0.168,0,0,0,0,0,0,0,0,0,0,0,0,0,0,0,0,0,0,0.155,0,0,0,0,0,0,0,0.16,0,0,0,0,0,0,0,0,0,0.196,0,0,0,0,0,0,0,0,0,0,0,0,0,0,0,0,0,0,0,0,0,0,0,0,0,0.154,0,0,0,0,0,0,0,0,0,0,0,0,0,0,0,0,0,0.155,0,0,0,0,0,0,0,0,0,0,0,0,0,0,0,0,0,0,0,0,0,0,0,0,0,0,0,0,0.275,0,0,0.571,0,0,0,0,0,0,0,0.216,0,0,0,0.24,0,0,0,0,0,0,0,0.15,0,0,0.154,0,0,0,0,0,0,0,0,0,0,0.199,0,0,0,0,0,0,0,0,0.328,0,0.238,0,0,0,0,0,0,0,0,0,0,0,0,0,0,0,0,0,0,0,0,0,0,0.311,0,0,0,0,0,0,0,0,0,0,0,0.19,0,0.16,0,0,0,0.159,0,0,0,0,0,0,0,0,0,0,0,0,0,0,0,0,0,0,0,0,0,0,0,0,0,0,0,0.161,0,0.28,0,0,0,0,0,0,0,0,0,0,0,0,0,0.226,0,0,0,0,0,0,0,0,0,0,0,0,0,0,0,0,0,0,0,0,0,0,0,0,0,0,0,0,0,0,0,0,0,0,0,0,0.273,0,0,0.167,0,0.288,0,0,0,0,0,0,0,0,0,0.228,0,0,0,0,0,0,0,0,0,0,0,0,0,0.18,0.196,0,0,0.537,0,0,0,0,0,0,0,0,0,0,0,0,0,0,0,0,0,0,0,0,0,0,0,0,0,0,0,0,0,0,0,0,0,0,0,0,0,0,0,0,0,0,0,0,0,0,0,0,0,0,0,0,0,0,0,0,0,0,0,0,0,0,0,0,0,0,0.242,0,0,0,0,0,0,0,0,0,0,0.254,0,0,0,0.24,0,0,0,0,0,0,0,0,0,0,0,0,0,0,0,0,0,0.216,0,0,0,0,0,0,0,0,0.253,0,0,0,0.158,0.981,0,0,0,0,0,0,0,0,0,0,0.707,0,0,0,0,0,0,0,0,0,0,0,0,0,0.196,0,0,0,0.275,0,0.154,0,0,0,0,0,0,0,0,0,0,0.179,0,0,0,0,0,0,0,0,0,0,0,0,0,0,0,0,0,0,0,0,0,0,0,0,0,0.228,0,0,0,0,0,0,0,0,0,0,0,0,0,0,0,0,0,0,0,0,0,0,0,0,0,0,0,0,0,0,0,0,0,0,0,0,0,0,0,0,0,0,0,0,0,0,0,0,0,0.16,0,0,0,0,0,0,0,0,0,0,0.651,0,0,0,0,0,0,0,0.16,0.308,0,0,0,0,0,0,0,0,0,0,0,0,0.229,0,0,0,0,0,0.267,0,0,0,0,0,0.288,0,0,0,0,0,0,0,0,0,0,0,0,0.237,0.36,0.157,0,0.198,0.406,0,0,0,0,0,0,0,0,0,0,0,0,0.166,0,0,0,0,0,0,0.382,0,0,0,0,0,0,0,0,0,0,0,0,0,0,0,0,0,0.178,0.17,0,0,0.209,0.157,0,0,0,0,0.15,0,0.509,0,0,0,0,0,0.167,0,0,0.478,0,0,0,0,0,0,0,0,0,0,0,0,0,0,0,0,0.166,0.332,0,0,0,0,0,0,0,0.176,0,0,0,0,0,0,0.15,0,0,0.778,0,0,0,0,0,0,0.308,0,0,0,0,0,0.707,0,0,0.505,0.321,0,0,0.211,0,0,0,0,0,0,0.184,0.758,0,0,0,0,0,0,0,0,0,0,0,0,0,0,0,0,0,0,0,0,0,0,0,0,0,0,0.245,0,0.245,0,0,0,0,0,0.488,0.211,0,0.373,0,0,0,0,0.288,0.197,0,0.198,0,0.24,0,0,0,0,0,0,0,0,0,0,0,0,0,0.213,0,0,0,0,0,0,0,0,0.604,0,0,0.382,0,0,0.304,0,0.153,0,0,0,0.204,0,0,0,0,0,0,0,0.475,0,0.228,0,0,0.22,0.195,0,0,0,0.179,0,0,0,0.178,0,0,0.172,0.295,0,0.515,0,0,0,0.177,0,0,0,0,0,0.187,0,0,0,0.211,0,0,0,0,0,0,0,0.316,0.162,0,0,0,0,0,0.215,0,0.278,0,0.171,0,0,0,0,0,0,0,0,0,0,0.36,0,0,0.184,0.279,0,0,0,0,0,0,0,0,0,0,0,0,0,0.436,0,0,0,0,0,0,0,0,0,0,0,0,0,0,0,0,0.18,0,0,0,0,0,0,0,0.223,0,0,0,0,0,0,0,0.196,0,0,0,0,0,0,0,0,0.155,0,0,0,0,0,0,0,0,0,0,0.354,0,0,0,0,0,0,0.43,0,0.418,0.309,0,0.233,0,0,0,0,0,0,0.21,0,0,0,0,0,0.267,0,0,0,0,0,0,0,0,0,0,0,0.265,0,0,0,0,0,0,0,0,0,0,0,0,0,0,0.184,0,0,0,0,0.233,0.192,0,0,0,0,0,0,0,0,0,0,0,0,0,0,0,0,0,0,0,0,0,0.152,0,0,0,0.646,0,0,0,0,0,0,0,0,0,0,0,0,0,0,0,0,0,0,0,0,0,0,0,0,0,0,0,0,0,0,0,0,0,0,0,0,0,0,0,0,0,0,0.156,0,0,0,0,0,0,0,0,0,0,0,0,0,0,0,0,0,0,0,0,0.155,0,0,0,0,0,0,0,0,0,0,0,0,0,0,0,0,0,0,0,0,0,0,0,0,0,0,0,0,0,0,0,0,0,0,0,0,0,0,0,0,0,0,0,0,0,0.15,0,0,0,0,0,0,0.163,0,0,0,0,0,0,0,0,0,0,0,0,0,0,0,0,0,0,0,0,0,0,0,0,0,0,0.274,0,0,0,0,0,0,0,0,0,0.186,0.208,0,0,0,0.199,0,0,0,0,0,0,0.153,0,0,0.156,0,0,0,0,0,0,0,0,0,0.585,0,0,0,0,0.254,0,0.166,0,0,0,0,0,0,0.169,0.167,0,0,0,0,0,0,0,0,0,0,0,0,0,0,0,0,0.153,0,0.153,0,0,0,0.298,0,0,0,0,0,0,0,0,0,0.161,0,0,0,0,0.205,0,0.208,0.167,0,0.262,0,0,0,0,0,0.179,0,0,0,0,0,0,0.281,0,0,0.173,0,0,0,0,0,0,0,0,0,0.166,0,0.478,0,0,0,0,0,0,0.166,0.186,0,0.202,0.275,0,0,0,0,0,0,0,0,0,0,0,0,0,0,0,0,0,0,0,0.161,0,0,0,0,0,0,0,0,0,0,0,0,0,0,0,0,0,0,0,0,0,0,0,0,0,0,0,0,0,0,0,0,0,0,0,0,0,0,0,0,0,0,0.254,0,0,0,0,0,0,0,0,0,0,0,0,0,0,0,0,0,0,0,0,0,0.22,0,0,0,0,0,0,0,0,0,0,0,0,0,0.443,0,0,0,0,0,0,0,0,0,0,0,0,0,0,0,0,0,0,0,0,0,0,0,0,0,0,0,0,0,0,0,0,0,0,0,0,0,0,0,0,0,0,0,0,0,0,0,0,0,0,0,0,0,0,0,0,0,0.161,0,0,0,0,0,0,0,0,0,0,0,0,0.161,0,0,0,0.254,0,0,0,0,0,0,0,0,0,0,0,0,0,0,0,0,0,0,0,0,0,0,0,0.228,0,0,0,0,0,0,0,0,0,0,0,0,0,0,0,0,0,0,0,0,0,0.275,0.216,0,0.183,0,0,0,0,0,0,0,0,0,0,0,0,0,0,0,0,0,0,0,0,0.275,0,0,0,0,0,0,0,0,0,0,0,0,0,0,0,0.275,0,0,0,0,0,0,0,0,0,0,0,0,0,0,0,0,0,0,0,0,0,0,0.275,0,0,0,0,0,0,0,0,0,0.275,0,0,0,0,0.186,0,0,0,0,0,0,0,0,0,0,0,0,0,0,0,0,0,0.275,0,0,0,0,0,0,0.187,0,0,0,0,0,0,0,0,0,0,0,0,0,0,0,0,0,0,0,0,0,0,0,0,0,0,0,0,0,0,0,0.29,0,0.279,0.158,0,0,0,0,0,0,0,0.31,0,0,0,0,0,0,0.254,0,0,0,0,0.226,0,0,0,0,0,0.275,0,0.151,0.362,0,0.296,0,0,0,0,0,0,0,0,0,0,0,0,0,0,0,0,0.217,0,0,0,0,0,0,0,0,0,0,0,0,0,0,0,0,0.33,0,0,0,0,0,0,0,0,0,0,0,0,0,0,0,0,0.186,0.161,0,0.329,0,0,0.191,0,0,0,0,0,0,0,0,0,0,0,0.235,0,0,0,0,0,0,0,0,0,0,0,0,0,0,0,0,0,0,0,0,0,0,0,0,0,0,0,0,0,0,0,0,0,0,0,0.275,0,0,0,0.911,0,0,0,0,0,0,0.191,0,0,0,0,0,0,0,0,0,0,0,0,0,0.173,0.252,0,0,0,0,0,0,0,0,0,0,0,0.347,0,0,0,0,0.548,0,0.216,0,0,0,0,0.553,0,0,0.22,0,0,0,0,0,0,0,0,0,0,0,0.329,0,0,0,0,0,0,0,0,0,0,0,0,0,0,0,0,0,0,0,0.349,0,0,0,0,0.215,0,0,0,0,0,0,0,0,0,0,0,0,0,0.183,0,0,0,0,0,0,0,0,0,0,0,0,0,0,0,0,0,0,0,0,0,0,0,0,0,0,0,0,0,0,0,0,0,0,0,0,0,0,0,0,0,0,0,0,0,0,0,0,0,0,0,0,0,0,0,0,0,0,0,0,0,0,0,0,0,0,0,0,0,0,0,0,0,0,0,0,0,0,0,0,0,0,0,0,0,0,0,0,0,0,0,0,0.175,0,0,0.22,0,0,0,0,0,0,0.279,0,0,0.226,0,0,0,0,0,0,0,0,0,0,0,0.252,0,0,0,0,0.209,0,0,0.157,0.185,0,0,0,0,0,0,0,0,0,0,0,0,0.175,0,0.175,0,0,0,0,0,0,0,0,0,0.253,0,0,0,0,0,0,0,0.316,0,0,0.189,0,0,0,0.175,0,0,0,0,0,0,0,0,0,0,0,0,0,0,0,0,0,0,0,0,0,0,0,0,0,0,0,0,0,0,0,0,0,0,0,0,0,0,0,0,0,0,0,0,0,0,0,0,0,0,0,0,0,0,0,0,0,0,0,0,0,0,0,0,0,0,0,0,0,0,0,0,0,0,0,0,0,0,0,0,0,0,0,0.15,0,0,0,0,0,0,0,0,0,0,0,0,0,0,0,0,0,0,0,0.2,0,0,0,0,0,0,0,0,0,0,0,0,0,0,0,0,0,0,0,0,0,0,0,0,0,0,0,0,0,0,0,0,0,0,0,0,0,0,0,0,0,0,0,0,0,0,0,0,0,0,0,0,0,0,0,0,0,0.181,0,0,0,0.293,0,0,0,0,0,0,0.22,0.25,0,0,0,0,0,0,0,0,0,0,0,0,0,0,0,0,0,0,0,0,0,0.259,0,0,0,0,0,0,0,0,0.254,0,0,0,0,0.181,0,0.44,0,0,0,0,0,0.155,0.156,0,0,0,0,0,0,0,0,0,0,0,0,0,0,0,0,0,0,0,0,0.183,0,0.254,0,0.375,0,0,0,0,0,0.169,0,0,0,0,0.155,0,0,0,0,0,0,0,0,0,0,0,0,0,0,0,0.259,0,0,0,0,0,0,0.212,0,0,0,0,0,0,0,0,0,0,0,0,0,0,0,0,0,0,0,0.591,0,0,0.188,0,0,0.16,0,0,0,0,0,0,0,0,0,0,0,0,0,0,0,0,0.173,0,0,0,0,0,0,0,0,0,0,0,0,0,0,0,0,0,0,0,0,0,0.289,0,0,0,0,0,0,0,0,0,0,0,0,0,0,0,0,0,0,0.173,0,0,0,0,0.375,0,0,0,0,0,0,0,0,0,0,0,0,0,0,0,0,0,0,0.179,0,0,0,0.188,0,0,0,0,0,0,0,0,0,0,0,0,0.193,0,0,0.175,0,0,0,0,0,0,0,0,0,0,0,0,0,0,0,0,0,0,0,0,0,0,0.162,0,0,0,0,0,0.162,0,0,0,0,0,0.189,0,0,0,0,0,0,0,0,0,0,0,0,0,0,0,0,0,0,0,0,0,0,0,0,0,0,0,0,0,0,0,0,0,0,0,0,0,0,0.155,0,0,0,0,0,0,0,0,0,0,0,0,0,0,0,0,0,0,0,0,0,0,0,0,0,0.44,0,0,0,0,0,0,0,0,0,0,0,0,0.171,0,0,0,0,0,0,0,0,0,0,0,0,0,0,0.267,0,0,0.163,0.331,0,0,0,0,0.192,0,0,0.519,0,0,0,0,0.184,0,0,0,0,0,0,0,0.163,0,0.163,0,0.245,0,0.162,0,0,0.168,0,0,0.539,0,0.183,0.17,0,0,0,0,0,0,0,0,0,0,0,0.179,0.189,0,0,0,0,0,0,0,0,0,0,0.157,0,0,0,0,0,0,0,0,0,0,0.222,0,0,0,0,0,0,0,0,0,0.193,0,0,0,0,0,0,0,0,0,0,0,0,0,0,0,0,0,0,0,0,0,0,0,0,0,0,0,0,0,0,0,0,0,0,0,0,0.193,0,0,0,0,0,0,0.172,0,0,0,0,0,0,0,0,0,0,0,0,0,0,0,0,0,0,0,0,0,0,0,0,0,0,0,0,0.337,0,0,0,0,0,0,0,0,0,0,0,0,0,0,0,0.153,0,0,0,0,0,0.194,0,0,0,0,0,0,0,0,0,0,0,0,0,0,0,0,0,0,0,0,0,0,0,0,0,0,0,0,0,0,0,0,0,0,0,0,0,0,0,0,0,0,0,0,0,0,0,0,0,0,0,0,0,0,0,0,0,0,0,0,0,0,0,0,0,0,0,0,0,0,0,0,0,0,0,0,0,0,0,0,0,0,0,0,0,0,0,0,0,0.163,0,0,0,0,0,0,0,0,0,0,0,0,0,0,0,0,0,0,0,0,0,0,0,0,0,0,0,0,0,0,0,0,0.238,0,0,0,0,0,0,0,0,0,0.22,0,0,0,0,0,0,0,0,0,0,0,0.392,0,0,0,0,0,0,0,0,0,0,0,0,0,0,0,0,0,0,0,0,0,0,0,0,0,0,0,0,0,0,0.22,0,0,0,0,0,0,0,0,0.22,0,0,0,0,0,0,0,0,0,0,0,0,0,0,0,0,0,0,0,0,0,0,0,0,0,0,0,0,0,0,0,0,0,0,0,0,0,0,0,0,0,0,0,0,0,0,0,0,0,0,0,0,0,0,0,0,0,0,0,0,0,0,0,0,0,0,0,0,0,0,0,0,0,0.163,0,0,0,0,0,0,0,0,0,0,0,0,0,0,0,0,0,0,0,0,0,0,0,0,0,0,0,0,0,0,0,0,0,0,0,0,0,0,0,0,0,0,0,0,0.171,0,0,0,0,0,0,0,0,0,0,0,0,0,0,0,0,0,0,0,0,0,0,0,0,0,0,0,0,0,0,0,0,0.177,0,0,0,0,0,0,0,0,0,0,0,0,0,0,0,0,0,0,0,0,0,0,0,0,0,0,0,0,0,0,0,0,0,0,0,0.79,0,0,0,0,0,0,0,0,0.182,0,0,0,0,0,0.701,0,0,0,0.428,0,0,0,0,0,0,0,0,0,0,0,0,0,0,0,0,0,0,0,0,0,0.16,0,0,0,0,0,0,0,0,0.169,0,0,0,0,0,0,0,0,0,0,0,0,0,0
852833,0.195,0.204,0.555,0.544,0,0,0.372,0,0,0.164,0,0,0,0,0,0.475,0.187,0.906,0.349,0.84,0,0,0,0,0.258,0,0,0.907,0,0.252,0,0,0,0,0,0,0,0,0,0,0.582,0,0.37,0,0,0.225,0,0,0.733,0.194,0,0.93,0.445,0,0,0,0,0.152,0.475,0,0.215,0.171,0,0,0.672,0,0,0,0,0,0.47,0,0,0.167,0.58,0,0,0,0.185,0,0,0,0,0,0,0.362,0,0,0.552,0,0.153,0,0,0.8,0.204,0.913,0,0.215,0.221,0,0,0,0.307,0,0,0,0.215,0.631,0,0,0,0,0,0,0,0,0,0.894,0.552,0,0,0.496,0.976,0,0,0,0,0,0,0,0,0,0,0,0,0,0,0.162,0,0,0.441,0.171,0.225,0,0,0,0,0,0,0,0.231,0,0,0.154,0,0.965,0,0,0.444,0,0,0,0,0,0.221,0,0,0.191,0,0.248,0,0,0,0,0,0,0,0.234,0.177,0,0,0,0,0,0,0,0,0,0,0,0,0,0,0,0,0.205,0,0,0,0,0,0,0.253,0,0,0,0.904,0,0,0.202,0,0,0,0,0,0,0,0,0,0,0.916,0,0,0,0,0,0,0,0,0.277,0,0,0,0,0,0,0.178,0,0,0,0,0,0,0.296,0.218,0,0,0,0,0,0,0,0,0,0,0,0,0,0,0,0,0,0,0.21,0,0,0,0,0,0,0,0,0,0,0,0.489,0,0,0,0,0,0,0.294,0,0,0,0,0.999,0,0,0,0,0,0.42,0,0,0,0,0,0,0.907,0,0,0.544,0,0,0,0,0,0.905,0,0,0,0,0.489,0.206,0,0,0,0.215,0,0,0,0,0,0.425,0,0,0.252,0.174,0,0,0,0.434,0,0,0,0,0,0,0.958,0,0,0,0,0,0,0,0,0,0,0,0,0,0,0,0,0,0,0,0,0,0,0,0,0,0,0,0.159,0.905,0.276,0.624,0,0,0,0,0.903,0,0,0,0,0,0,0.903,0,0,0,0,0.309,0,0.285,0,0,0,0,0,0.902,0,0,0,0,0,0,0,0.357,0,0,0,0,0.306,0,0,0,0.81,0,0,0,0,0,0,0.247,0,0,0,0,0.224,0,0,0,0.199,0,0,0,0,0,0,0,0,0,0,0,0,0,0,0,0,0,0,0,0,0,0,0,0.499,0,0,0,0,0,0,0,0,0.23,0,0,0,0,0,0,0,0,0,0,0.908,0,0,0,0,0,0,0,0,0,0,0.234,0,0,0,0,0,0,0.281,0,0,0,0,0,0.966,0,0,0,0,0,0,0,0,0,0,0,0,0,0,0,0.234,0,0,0.902,0,0,0,0,0,0,0,0,0,0,0,0,0,0,0,0,0,0,0,0.353,0,0,0,0,0,0,0.175,0,0.179,0,0,0,0,0.169,0,0,0.208,0,0,0,0.355,0,0,0,0,0,0,0,0.845,0,0,0.22,0,0,0,0,0,0,0,0,0,0,0,0,0,0,0,0,0,0,0.167,0,0,0,0,0,0,0,0,0.629,0.327,0,0,0,0,0,0.539,0.262,0,0,0.245,0,0,0,0,0,0,0.341,0,0,0.536,0,0,0,0,0,0,0,0.958,0,0.552,0,0,0,0,0,0,0,0,0.244,0,0,0,0,0,0,0,0,0,0,0,0,0,0,0,0,0,0,0,0,0,0,0,0,0,0,0,0,0,0,0.179,0,0,0,0,0,0,0,0,0,0,0,0,0,0,0,0,0,0,0.672,0,0,0,0.181,0,0,0,0,0,0,0,0,0,0,0,0,0,0.226,0,0,0.235,0,0,0,0,0,0,0,0.343,0.154,0.242,0.943,0,0,0,0.901,0,0,0.236,0,0,0.159,0,0.234,0,0,0,0,0.995,0,0,0,0,0.556,0,0,0,0,0,0,0,0,0,0.903,0,0,0,0,0,0,0,0,0,0,0,0,0,0,0,0,0,0,0,0,0,0,0,0,0,0,0,0,0,0,0,0.173,0.999,0,0,0,0,0.158,0,0,0,0,0,0,0,0,0,0,0,0,0,0,0,0,0,0,0.171,0,0,0,0,0.164,0,0,0,0,0,0,0,0,0,0,0,0,0,0,0,0,0,0,0,0,0,0,0,0,0.901,0,0,0,0,0,0,0,0,0,0,0.195,0,0,0,0,0,0,0.163,0,0.209,0,0,0,0,0,0,0,0,0,0.909,0,0,0,0,0,0,0,0.263,0,0,0,0,0,0,0.903,0,0,0,0,0,0.238,0,0,0,0,0,0,0,0,0.191,0,0,0,0,0,0,0,0,0,0,0,0.857,0,0,0,0,0,0,0.316,0,0.158,0,0.919,0,0,0.906,0,0,0,0.905,0,0,0,0.903,0,0.171,0,0,0,0,0,0,0,0,0,0,0,0,0,0,0.939,0,0.962,0.907,0,0,0,0,0,0,0,0.372,0,0,0,0,0,0.984,0,0,0,0,0,0.903,0,0,0,0,0,0,0,0,0.197,0,0,0,0,0,0,0,0,0,0,0,0,0,0,0,0,0,0,0,0,0,0,0,0,0,0,0,0,0,0,0,0,0,0,0,0,0,0,0,0,0,0,0,0.565,0,0,0,0,0,0,0,0,0,0,0.903,0,0,0,0,0,0,0,0,0.253,0.901,0,0,0,0,0,0,0,0,0,0,0.166,0,0.996,0,0,0,0.152,0,0,0,0,0,0,0,0,0,0,0,0,0,0,0,0,0.279,0,0,0,0,0.901,0,0,0,0,0,0.701,0,0,0,0,0,0,0,0,0,0,0.173,0.61,0.173,0,0.315,0,0,0.9,0,0,0,0,0,0,0.219,0,0,0,0,0,0,0,0,0,0,0,0,0,0,0,0,0,0,0,0,0,0,0,0,0,0.168,0,0,0,0,0,0,0,0,0,0.23,0,0,0,0,0.903,0,0,0,0,0,0,0,0,0,0,0,0,0,0,0,0,0,0,0,0.192,0,0,0,0,0,0,0,0.197,0,0,0,0,0,0,0,0,0.903,0,0,0.441,0.197,0.156,0,0,0,0,0,0,0,0,0,0,0.906,0,0,0.843,0,0,0,0,0,0.244,0,0,0,0,0,0,0,0,0,0.16,0,0,0,0,0,0,0,0,0.165,0,0,0,0,0,0.407,0,0,0.465,0,0,0,0,0,0,0,0,0,0,0,0,0,0.294,0,0,0,0,0,0,0,0,0.197,0,0,0,0.237,0,0,0,0,0,0,0,0.905,0,0.902,0,0,0,0.243,0,0,0,0,0,0,0,0,0,0,0,0,0,0,0,0,0,0,0,0,0,0,0,0,0,0,0,0,0,0,0,0.151,0,0.943,0.264,0,0,0,0,0,0,0,0,0,0,0,0.901,0,0.185,0,0,0,0.161,0,0,0,0,0,0,0,0,0,0,0,0,0,0.247,0,0,0,0,0,0,0.225,0,0.352,0,0,0,0,0.419,0,0,0,0,0,0,0.237,0.171,0,0,0,0,0,0,0,0.68,0,0,0,0,0,0.229,0,0,0,0,0,0.224,0,0,0,0,0,0,0.197,0,0,0,0,0,0,0,0,0,0.499,0,0,0.454,0,0,0.457,0,0,0,0,0,0,0,0,0,0,0,0,0,0,0.462,0,0,0.163,0.171,0,0,0,0,0,0,0,0,0,0,0,0,0,0,0,0.729,0,0,0,0,0,0,0,0,0,0,0,0,0.202,0,0,0,0.901,0,0,0,0,0,0,0,0,0,0,0,0,0,0,0,0,0,0,0,0,0,0,0,0,0,0.254,0,0.193,0,0.215,0,0,0,0,0,0,0,0,0,0,0,0.544,0,0,0,0,0,0,0,0,0,0,0,0,0,0,0,0,0,0.701,0,0,0,0,0,0,0,0.162,0,0,0,0,0,0,0,0,0,0,0.301,0,0,0,0,0,0,0,0,0,0,0,0,0,0.179,0,0,0.447,0,0,0,0,0,0,0,0,0,0,0,0,0,0,0,0,0,0,0,0,0,0,0,0,0,0,0,0,0,0,0,0,0,0,0,0,0,0,0.443,0,0,0,0,0,0,0,0,0,0,0,0,0,0.982,0,0.201,0,0,0.279,0.905,0.566,0,0,0,0,0.171,0,0,0,0,0,0,0.166,0,0,0,0.286,0.296,0.227,0,0,0,0.218,0,0,0,0.894,0,0,0,0.187,0.431,0,0.179,0,0.181,0,0,0,0,0.621,0.901,0.213,0.27,0,0,0.631,0,0.197,0,0,0,0,0,0,0,0.904,0,0.165,0,0.293,0.164,0.205,0,0.157,0,0,0,0,0.272,0,0,0,0,0,0,0,0,0.177,0,0,0.165,0.204,0.903,0,0,0,0,0,0.633,0.19,0,0,0,0.684,0,0,0,0,0,0,0,0,0,0,0,0,0,0.455,0,0,0,0,0,0,0,0,0.18,0,0,0,0.411,0,0,0,0.903,0,0,0,0,0.194,0,0,0,0,0,0.324,0.18,0,0,0,0,0,0,0,0,0,0,0,0,0,0,0.91,0,0,0,0,0,0.658,0,0,0,0,0,0,0,0,0.903,0,0,0,0.157,0,0.429,0.264,0,0.51,0.71,0.157,0,0.628,0.227,0,0,0,0.214,0,0.183,0.995,0.173,0,0.967,0,0,0,0,0,0.993,0,0.221,0,0.581,0,0,0,0,0,0,0,0.181,0.664,0,0,0,0.203,0,0.993,0,0,0,0,0,0,0,0,0,0.274,0,0,0,0,0,0,0,0,0,0,0,0,0,0,0,0,0,0,0,0,0,0,0,0,0,0,0,0,0,0,0,0,0,0,0,0,0,0,0,0,0,0.164,0,0,0,0,0,0,0,0,0,0,0,0,0.333,0,0,0.233,0,0,0,0,0,0,0,0,0,0,0,0,0,0,0,0,0,0,0,0,0,0,0,0,0,0,0,0,0,0,0,0,0,0,0,0,0,0,0,0,0,0.96,0,0,0.179,0.201,0,0,0,0,0,0,0,0,0,0,0,0,0,0,0,0.259,0,0,0.245,0,0,0,0,0,0,0,0,0,0,0,0,0,0,0.547,0,0,0,0,0,0,0,0,0,0,0,0.192,0,0,0.293,0,0,0,0,0,0,0,0,0,0,0,0,0,0,0,0,0,0,0,0,0,0,0,0.268,0,0,0.477,0,0,0,0,0,0,0,0.915,0,0,0,0,0,0,0,0,0,0,0,0,0,0,0,0,0,0,0,0,0,0,0,0,0,0.307,0,0,0,0,0,0,0,0,0,0,0,0,0,0,0,0,0,0,0,0,0.248,0,0,0,0,0,0.227,0,0.275,0,0,0,0,0,0,0.169,0,0,0,0,0,0,0,0,0,0,0,0,0.847,0,0,0,0,0,0,0,0,0,0,0,0,0,0,0,0,0,0,0,0.157,0,0,0,0,0,0,0,0,0,0,0,0,0,0.178,0.19,0,0,0,0,0,0,0,0,0,0,0,0,0,0,0,0,0,0.192,0,0,0,0,0,0,0,0,0,0,0,0,0,0,0,0,0,0,0,0.492,0,0.901,0,0,0,0,0,0.901,0,0,0,0,0.907,0,0,0,0,0,0,0,0.891,0.222,0,0,0,0,0,0,0,0,0,0,0,0,0,0,0,0,0,0,0,0,0,0,0,0.517,0.172,0.902,0,0,0,0,0,0,0,0,0,0,0,0,0,0,0,0,0,0.312,0,0.56,0,0,0,0,0,0,0.847,0,0.998,0,0,0,0,0,0,0,0,0,0,0,0,0,0,0,0,0,0,0,0,0,0.174,0,0,0,0,0,0,0,0,0,0,0.996,0,0,0.289,0,0.159,0.546,0,0,0,0,0,0,0,0,0.223,0,0.904,0,0,0,0.262,0,0.161,0,0,0,0,0,0,0,0,0.22,0.441,0,0,0,0,0,0,0,0,0,0,0,0,0,0,0,0.704,0,0,0,0.25,0,0.425,0.169,0,0.955,0.174,0,0,0,0,0,0,0,0,0,0,0,0,0,0,0,0.902,0,0,0.901,0,0,0,0,0,0,0,0,0,0,0,0,0,0,0,0,0,0,0,0,0,0,0,0,0,0,0,0,0,0,0,0,0,0,0,0,0,0,0,0,0,0,0,0,0,0,0,0,0,0,0,0,0,0,0,0,0,0,0,0,0,0,0,0.209,0,0,0,0,0,0,0,0,0,0,0,0,0,0,0,0,0,0,0,0,0,0,0.321,0,0,0,0.187,0,0,0,0,0,0,0,0,0,0,0,0,0,0,0,0,0,0,0,0,0,0,0,0,0.61,0,0,0,0,0.156,0,0,0.657,0,0,0,0,0,0,0,0,0,0,0,0,0,0,0,0,0,0,0,0,0,0.154,0,0,0,0,0,0,0,0.215,0,0,0,0.867,0,0,0.197,0.197,0,0,0.903,0,0,0.151,0,0,0,0,0,0,0,0,0,0,0,0,0,0,0,0,0,0,0,0,0,0,0,0.196,0,0.872,0,0.199,0,0,0,0,0.885,0,0,0,0,0,0.754,0.39,0.217,0,0,0,0.966,0,0,0,0,0,0,0,0,0,0,0,0.567,0,0.197,0,0,0,0,0,0,0,0,0,0.339,0,0.18,0,0.415,0.169,0,0,0,0,0,0,0,0,0.27,0,0.171,0,0,0,0.203,0.318,0.371,0,0,0,0,0.211,0,0,0,0,0,0,0.248,0.352,0,0.734,0,0,0,0,0,0,0,0,0,0,0,0,0,0,0.183,0,0.197,0,0.253,0,0,0.175,0.377,0,0,0,0,0,0,0,0.37,0,0,0,0,0.853,0.173,0,0,0,0,0,0,0.176,0,0,0,0,0,0,0,0,0,0,0,0,0,0,0,0.169,0,0,0,0,0,0,0,0,0,0,0,0.9,0.438,0,0,0,0,0.91,0.335,0.909,0,0,0.906,0,0,0,0.903,0,0.536,0.901,0.834,0,0,0.157,0,0,0.917,0.671,0.909,0.59,0,0.928,0.231,0,0,0,0,0,0.901,0,0.901,0,0,0,0,0,0,0.904,0,0.295,0,0,0,0,0,0,0,0,0.259,0,0,0.903,0.901,0.902,0,0.902,0.901,0,0,0.905,0,0.901,0,0,0,0,0,0,0,0.915,0.902,0,0,0.91,0.901,0,0.504,0.901,0,0,0,0,0.904,0,0,0,0.904,0.907,0,0,0,0,0,0,0.904,0,0,0.903,0.901,0,0,0.906,0.198,0.901,0,0.902,0.921,0,0.901,0,0,0,0,0,0,0,0,0,0,0.959,0.934,0.902,0,0,0.15,0,0,0,0,0,0,0.906,0.901,0,0,0,0.902,0,0,0.901,0,0,0,0.901,0,0,0,0,0.91,0,0,0.903,0,0.191,0.9,0.914,0.2,0,0.907,0.912,0,0.979,0,0.164,0,0,0.288,0,0,0.978,0.565,0,0,0.324,0.239,0,0,0,0,0.253,0.901,0.586,0,0.188,0.914,0.915,0,0,0.91,0,0.904,0.901,0,0,0,0,0,0,0.904,0.19,0,0,0,0,0,0,0.903,0,0,0.595,0,0.902,0,0.903,0,0,0,0,0,0,0,0,0,0,0,0,0,0,0,0,0,0,0,0,0.345,0.298,0,0,0,0,0,0,0.273,0,0,0,0,0,0,0,0,0,0,0,0,0,0,0,0.581,0,0,0,0,0,0,0,0,0,0,0,0,0,0,0,0,0,0,0,0,0,0,0,0,0,0,0,0,0,0,0,0,0,0,0,0.181,0,0,0,0,0,0,0,0.331,0,0,0,0,0,0,0,0,0,0,0,0,0,0,0,0.178,0,0,0,0,0,0.15,0,0,0,0,0.286,0,0,0,0,0,0,0,0,0,0,0,0,0,0,0,0,0,0.604,0,0,0,0,0,0,0,0,0,0,0.23,0,0,0.231,0,0.192,0,0,0,0,0,0,0,0,0,0,0,0,0,0,0,0,0,0,0,0,0,0,0,0,0,0.519,0,0,0,0,0,0,0,0,0.231,0,0,0,0,0,0,0,0,0,0,0,0,0,0,0,0,0,0,0,0,0,0,0,0,0,0,0,0,0,0,0,0.152,0,0,0,0,0,0,0,0,0,0,0,0,0,0,0,0,0,0,0,0,0,0.815,0,0,0,0,0,0,0.178,0,0,0,0,0,0,0.911,0.432,0,0,0,0,0,0,0.668,0,0,0,0,0,0,0,0,0,0,0,0,0,0,0,0,0,0,0,0,0,0,0,0,0,0,0,0,0,0,0,0.152,0,0,0,0,0,0,0,0,0,0,0,0,0,0,0,0,0,0,0,0,0,0,0,0,0,0,0,0,0,0,0,0,0,0.9,0,0,0,0,0,0,0,0,0,0,0,0.21,0.348,0,0,0,0.279,0,0,0,0,0,0.159,0,0,0,0,0,0,0,0,0,0,0,0,0,0,0,0,0,0,0,0,0,0,0,0,0,0,0,0,0,0,0,0,0,0,0,0,0,0,0,0,0,0,0,0,0,0.331,0,0,0.559,0,0,0,0,0,0,0,0,0,0,0,0,0,0,0,0,0,0,0,0,0,0,0,0,0,0,0,0,0,0,0.229,0.448,0,0,0,0,0,0,0,0,0,0,0,0,0,0,0,0,0.229,0,0,0,0,0,0,0,0,0,0,0,0,0,0,0,0,0,0,0,0,0,0,0,0,0,0,0,0,0,0,0,0,0,0,0,0,0,0,0,0,0,0,0,0,0,0,0,0,0,0,0.813,0,0,0,0,0.497,0,0,0,0.156,0,0,0,0.236,0,0,0,0,0,0,0,0,0,0,0,0,0,0,0,0,0,0,0,0,0,0,0,0,0,0,0,0,0,0,0,0,0,0,0,0,0,0,0,0,0,0,0,0,0,0,0,0,0,0,0,0,0,0,0,0,0,0,0,0,0,0,0,0,0,0,0,0,0.371,0,0,0,0,0,0,0,0,0,0,0,0,0,0,0,0,0,0,0,0,0,0,0,0,0,0,0,0,0,0,0,0,0,0,0,0,0,0,0,0,0,0,0,0,0,0,0,0,0,0,0,0,0,0,0,0,0,0,0,0,0,0,0,0,0,0,0,0,0,0,0,0,0,0,0,0,0,0,0,0,0,0,0.177,0,0,0,0,0,0,0,0,0,0,0,0,0,0,0,0,0,0,0,0,0,0.159,0,0,0,0,0,0,0,0,0,0,0,0,0,0,0,0,0,0,0,0,0,0,0,0,0,0,0,0,0,0,0,0,0,0,0,0,0,0,0,0,0,0,0,0,0,0,0,0,0,0,0,0,0,0,0,0,0,0,0,0,0,0,0,0,0,0,0.339,0,0,0,0,0.233,0,0,0,0,0,0,0,0,0,0,0,0,0,0,0.435,0,0,0,0,0,0,0,0,0,0,0,0,0,0.647,0,0,0,0,0,0,0,0,0,0,0,0,0,0,0,0,0,0,0,0,0,0,0,0.631,0,0,0,0,0,0,0,0.731,0,0,0,0,0,0,0,0,0,0.193,0,0,0,0,0,0,0,0,0,0,0,0,0,0,0,0,0,0,0,0,0,0,0,0,0,0,0,0,0,0,0,0,0,0,0,0,0,0,0,0,0,0,0,0,0,0,0,0.297,0,0,0,0,0,0,0,0,0,0.194,0,0,0,0,0,0,0,0,0,0,0,0,0,0,0,0,0,0,0,0,0,0,0,0.171,0,0,0,0,0,0,0,0,0,0,0,0,0,0,0,0,0,0,0,0,0,0,0,0,0,0,0,0,0,0,0.804,0,0,0,0,0,0,0,0,0,0,0,0,0,0,0,0,0,0,0,0,0,0,0.445,0,0,0,0,0,0,0,0,0,0,0,0,0,0,0,0,0,0,0,0,0,0,0,0,0,0,0,0,0,0,0,0,0,0,0,0,0,0,0,0,0,0,0,0,0,0,0,0,0,0.341,0,0,0,0,0,0,0,0,0,0,0,0,0,0,0,0,0,0,0,0,0,0,0,0,0,0,0,0,0,0,0,0,0,0,0,0,0,0,0,0,0,0,0,0,0,0,0,0,0,0,0,0,0.634,0,0,0,0,0,0,0,0,0,0,0,0,0,0,0,0,0,0,0,0,0,0,0,0,0,0,0,0,0,0,0,0.695,0,0,0,0,0,0,0,0,0,0,0,0,0,0,0,0,0,0,0,0,0,0,0,0,0,0.889,0,0,0,0.296,0,0,0,0,0,0,0,0,0,0,0,0,0,0,0,0,0,0,0,0,0,0,0,0,0,0,0,0,0,0,0,0,0,0,0,0,0,0,0,0,0,0,0,0,0,0,0,0,0,0,0,0,0,0,0,0,0,0,0,0,0,0,0.22,0,0,0,0,0,0,0,0,0,0,0,0,0,0,0,0,0,0,0,0,0,0,0,0,0,0,0,0,0,0,0,0,0,0,0,0,0,0,0,0,0,0,0,0,0,0,0,0,0,0,0,0,0,0,0,0,0,0,0,0,0,0,0,0,0,0,0,0,0,0,0.504,0,0,0,0,0,0,0,0,0,0,0,0,0,0,0,0,0,0,0,0,0,0,0.784,0,0,0,0,0,0,0,0,0,0,0,0,0,0,0,0,0,0,0,0,0,0,0,0,0,0,0,0,0,0,0,0,0,0,0,0,0,0,0,0,0,0
850413,0,0,0,0,0,0,0,0,0,0,0,0,0,0,0,0,0,0,0,0,0,0,0,0,0,0,0,0,0,0,0,0,0,0,0,0,0,0,0,0,0,0,0,0,0.154,0,0,0,0,0,0,0,0,0,0,0,0.29,0,0,0,0,0,0,0,0,0,0,0,0,0,0,0,0,0,0,0,0,0,0,0,0,0,0,0,0,0,0,0,0,0,0,0,0,0,0,0,0,0,0,0,0,0,0,0,0,0,0,0,0,0,0,0,0,0,0,0,0,0,0,0,0,0,0.282,0,0.167,0,0,0.332,0,0,0,0,0,0,0,0,0,0,0,0,0,0.298,0,0,0.29,0,0,0,0,0,0,0,0,0,0,0,0,0,0,0,0,0,0,0,0,0,0,0,0,0,0,0,0,0,0,0,0,0,0,0,0,0,0,0.161,0,0,0.168,0,0,0.524,0.601,0,0,0,0,0,0,0,0,0,0.271,0,0,0,0,0,0.836,0,0.155,0,0,0,0,0.174,0,0.168,0.244,0,0,0.169,0.911,0.155,0.204,0.198,0,0,0,0,0.265,0,0.279,0,0,0.176,0,0,0.215,0,0.281,0,0,0,0.195,0.156,0.651,0,0,0,0.165,0.171,0,0,0,0,0,0,0,0,0.854,0,0.468,0,0,0,0,0.174,0,0,0,0.203,0.196,0,0,0,0,0.651,0,0.197,0,0,0,0,0,0,0,0,0,0,0,0,0,0,0,0,0,0.221,0,0,0,0.172,0.963,0,0,0,0,0,0.238,0.727,0,0.776,0.428,0,0,0,0.651,0.35,0,0.317,0,0,0,0,0,0,0,0,0,0.358,0,0.188,0,0,0.784,0,0.862,0,0,0,0,0.167,0,0,0,0.239,0,0,0,0,0,0,0,0,0,0,0,0,0.238,0,0,0.578,0,0.186,0,0,0.176,0.53,0,0.197,0,0,0.218,0,0,0.369,0,0,0.837,0,0,0.275,0,0,0,0.729,0,0.172,0,0,0,0.431,0.401,0,0,0,0,0,0.242,0.638,0.155,0,0.713,0.27,0.249,0.169,0.515,0,0,0,0,0,0,0,0,0,0,0,0,0.191,0,0,0,0,0,0.161,0,0,0.31,0,0,0,0,0,0,0,0,0,0.411,0,0,0,0.169,0,0,0,0.227,0,0,0,0,0,0,0.297,0,0,0,0,0,0,0,0,0,0,0,0,0,0,0,0,0,0,0,0.189,0,0,0,0,0.177,0,0.202,0.17,0,0,0,0,0.158,0,0,0,0,0,0,0,0,0,0.189,0,0,0,0,0,0.377,0,0,0.203,0.193,0,0,0,0,0.169,0,0,0.176,0,0,0,0,0.189,0.164,0,0,0,0,0,0,0.377,0.997,0,0,0.179,0.211,0,0,0,0.307,0,0.747,0.167,0.264,0,0,0,0,0,0,0,0,0,0,0,0.19,0,0,0,0.151,0,0,0,0,0,0,0,0,0,0,0.275,0,0.279,0,0,0,0,0,0,0,0.351,0.197,0,0,0,0,0,0,0,0,0.894,0,0.198,0,0,0.918,0,0,0,0,0,0,0.723,0,0,0,0,0,0,0.232,0,0,0.435,0,0,0,0,0.244,0,0,0,0.484,0.951,0.438,0,0.271,0,0,0,0.187,0,0,0.437,0,0,0.509,0.202,0,0,0.685,0,0.506,0,0,0,0,0.165,0,0.495,0.197,0,0,0,0,0,0,0.169,0,0.192,0.215,0.606,0.181,0.328,0,0,0.158,0,0,0,0,0,0.167,0,0,0,0,0,0.161,0,0,0,0,0,0,0,0,0,0,0,0,0,0.167,0.332,0,0,0,0.275,0,0,0.763,0,0,0,0,0.236,0,0.187,0,0,0.997,0.169,0.197,0,0.178,0.158,0,0,0,0,0,0,0,0,0.96,0.255,0,0,0,0.187,0,0.535,0,0,0,0.173,0,0.54,0,0,0,0,0,0,0,0.173,0,0.263,0,0,0,0,0.171,0.322,0,0.169,0.836,0,0.198,0,0.362,0.662,0,0,0.203,0,0,0.152,0,0,0,0,0.151,0,0.399,0,0,0,0,0.484,0,0,0.323,0.171,0.258,0,0,0,0,0,0,0.173,0,0,0,0,0.179,0,0,0,0,0,0,0,0,0.182,0,0.18,0.216,0,0.238,0,0,0,0,0,0,0,0,0,0.999,0,0.188,0,0.373,0.197,0,0,0,0,0.74,0.183,0.24,0,0,0.191,0,0,0,0,0,0,0,0.926,0,0,0,0,0,0,0,0,0,0,0,0,0,0,0,0,0,0,0,0.185,0,0,0,0,0,0,0,0.258,0,0.681,0.496,0,0.195,0.48,0,0,0.257,0.524,0,0.295,0,0,0.311,0,0,0,0,0,0.232,0,0,0,0,0,0,0,0.21,0,0.186,0,0,0,0,0,0.203,0,0,0,0,0,0.284,0.723,0,0,0.193,0,0,0,0,0,0,0.436,0.96,0.161,0,0,0,0,0,0.776,0,0,0,0.173,0,0.215,0.181,0,0,0,0,0,0.26,0,0,0.168,0,0,0,0,0,0,0,0.903,0,0.468,0,0,0,0,0.19,0,0,0.15,0,0,0.272,0,0,0,0,0.173,0,0.726,0,0.192,0,0,0,0,0,0,0,0,0,0,0,0,0,0,0,0,0,0,0,0,0,0,0,0,0,0,0,0,0,0,0,0,0,0,0,0,0,0,0,0,0,0,0,0,0,0,0.366,0,0,0,0,0,0,0,0,0,0,0,0,0,0,0,0.167,0,0,0,0,0,0,0,0,0,0,0,0,0,0,0,0,0,0,0,0,0,0,0,0,0.512,0,0.232,0,0,0.276,0,0,0,0.53,0,0,0,0,0,0,0,0.303,0,0,0,0,0,0,0,0,0,0,0,0,0,0,0,0,0,0,0,0,0.214,0.394,0,0,0,0,0,0,0,0,0,0,0,0,0.801,0,0,0,0.972,0,0,0,0,0,0,0,0,0,0,0,0,0,0,0,0,0,0,0.776,0,0,0,0,0,0,0,0,0,0,0,0,0,0,0.273,0,0,0.439,0,0.776,0,0.17,0,0,0,0,0,0,0,0.221,0,0,0,0,0,0,0,0,0,0,0,0,0,0,0,0,0,0,0,0,0,0,0,0,0,0,0,0,0,0,0.325,0,0,0.306,0,0,0,0,0,0,0,0,0,0,0,0,0,0,0,0,0.216,0.323,0,0,0.32,0,0,0,0,0,0,0,0,0,0,0,0,0,0,0,0,0,0,0,0,0,0,0,0,0,0,0,0,0,0,0,0,0,0,0,0,0,0,0,0,0,0,0,0,0,0,0,0,0.216,0,0,0,0,0,0,0,0,0,0,0.851,0,0,0,0,0,0,0,0,0,0,0,0,0,0,0,0,0,0.165,0,0,0,0,0,0,0,0,0,0,0,0.258,0,0,0,0,0,0,0,0,0,0.52,0,0,0,0,0,0,0,0,0,0,0,0,0,0,0,0,0.208,0,0,0,0,0,0,0,0,0.192,0,0,0,0.479,0,0,0.325,0,0,0,0,0,0,0,0,0,0,0,0,0,0,0,0,0,0,0,0,0,0,0,0.165,0,0,0,0,0,0,0,0,0,0,0,0,0,0,0,0,0,0,0,0,0,0,0,0,0,0,0,0,0,0,0,0,0,0,0,0,0,0,0,0,0,0,0,0,0,0,0,0,0,0,0,0,0,0,0,0,0,0,0,0,0,0,0,0,0,0,0,0,0,0,0,0,0,0,0,0,0,0,0,0,0,0,0,0,0.236,0,0,0,0,0.188,0.321,0,0,0,0,0,0,0,0.214,0,0,0,0,0.184,0,0,0,0,0,0,0,0,0,0,0,0,0,0,0.191,0,0.198,0,0,0,0.46,0,0,0,0,0,0,0,0,0,0,0,0,0,0,0,0,0,0,0,0,0,0.306,0,0,0,0,0,0,0,0,0,0,0,0,0,0,0,0,0,0,0,0,0,0,0,0,0,0,0,0,0,0,0,0,0,0,0,0,0,0,0.681,0,0,0,0,0,0,0,0,0.188,0,0,0,0,0,0,0,0,0,0,0,0,0,0,0,0,0,0,0,0,0,0,0,0,0,0,0,0,0,0,0,0,0.273,0,0,0,0,0,0,0,0,0,0,0,0.19,0,0,0,0,0,0,0,0,0,0,0.52,0,0,0.219,0,0.997,0,0,0,0,0.247,0,0,0,0,0,0,0,0,0,0,0,0,0,0,0,0,0,0,0,0,0,0,0.198,0,0,0,0,0,0,0.379,0,0,0.895,0,0,0,0,0,0,0,0,0,0,0,0,0,0,0,0,0,0,0,0.423,0,0,0,0,0,0,0.162,0,0,0,0,0,0,0,0,0.273,0,0.337,0,0,0,0,0,0,0,0,0,0.698,0,0,0,0,0.323,0,0,0,0,0,0.651,0,0,0.444,0,0,0.394,0,0,0,0,0,0,0.189,0,0,0,0,0,0,0,0,0,0.175,0,0,0.204,0,0,0,0,0,0,0.221,0,0,0,0,0,0,0,0.995,0,0,0,0,0,0,0,0,0,0.942,0,0,0,0,0,0,0.185,0,0,0.903,0,0.895,0,0,0,0.171,0,0,0.182,0,0.244,0,0,0,0.325,0,0,0,0,0,0,0,0,0,0,0,0,0,0,0.999,0,0,0,0,0,0,0,0,0.561,0,0,0.275,0,0,0,0,0,0,0,0,0,0,0,0.379,0,0,0.181,0,0,0,0,0,0,0,0,0,0,0,0,0,0,0,0,0,0,0.185,0.248,0,0,0,0,0,0,0.947,0,0,0,0,0,0,0.201,0,0,0,0.171,0,0,0,0.181,0,0,0,0,0,0.252,0,0,0,0,0,0,0,0.175,0,0,0,0,0,0,0.183,0,0.237,0,0,0.159,0,0,0,0,0.197,0,0,0,0,0,0,0,0,0,0,0,0,0,0,0,0.942,0,0,0,0,0,0,0.428,0,0,0,0,0,0.665,0,0,0,0.344,0,0,0,0,0,0,0,0,0,0,0,0,0,0,0,0,0,0,0.173,0,0.726,0,0.936,0,0,0,0,0,0,0,0.2,0.318,0,0,0,0,0,0,0,0.195,0,0,0,0,0.351,0,0,0,0.195,0.466,0.184,0,0.958,0,0,0,0,0,0,0,0,0.351,0,0.459,0.191,0,0,0,0,0,0,0,0,0,0,0,0.27,0,0,0,0,0,0,0,0,0,0.2,0,0.993,0.177,0,0,0.495,0,0,0,0,0,0,0.621,0,0,0,0,0,0,0,0,0,0,0,0,0,0,0.191,0,0,0,0,0,0,0,0.163,0,0,0,0,0,0,0,0,0,0,0,0,0,0,0,0,0,0,0,0.448,0,0,0,0,0,0,0,0,0,0,0,0,0,0,0.378,0,0,0,0,0,0,0,0,0,0,0,0,0,0,0.208,0,0,0,0,0,0,0,0,0,0.243,0.189,0,0,0.173,0,0.884,0,0,0,0,0,0,0.747,0,0,0,0,0,0,0,0,0.167,0,0.708,0,0,0.832,0.152,0,0,0,0,0,0,0,0,0.159,0,0,0,0,0,0,0,0,0,0,0,0,0,0,0,0.884,0,0,0,0,0,0,0,0,0,0,0.866,0,0,0,0,0,0,0,0,0,0,0,0,0,0,0,0,0,0,0,0,0,0,0,0,0,0,0,0,0,0,0,0,0.362,0,0.906,0,0,0,0.998,0,0,0,0,0.173,0,0,0,0,0,0,0,0,0,0,0,0.178,0,0,0,0,0,0,0,0,0,0,0.955,0,0,0,0.206,0.208,0,0,0,0,0,0,0,0.311,0,0,0,0,0,0,0.179,0,0.154,0,0,0.179,0,0,0,0,0,0,0,0,0,0.651,0.186,0,0.238,0,0,0,0,0,0,0,0,0.906,0,0,0,0,0,0,0,0,0,0,0,0.161,0,0,0,0,0,0,0,0,0,0.324,0,0,0,0,0.238,0.606,0,0,0.201,0,0,0,0,0,0,0,0,0,0,0.273,0,0,0.706,0.946,0,0,0,0,0,0.379,0,0,0,0,0,0,0,0,0.866,0.164,0,0,0,0,0,0,0,0.377,0,0,0,0,0,0,0,0,0,0,0,0,0,0,0,0,0,0,0,0,0,0,0,0,0,0,0,0,0,0,0,0,0,0,0,0,0,0,0,0,0,0.496,0,0.25,0,0,0,0.496,0,0,0,0,0,0,0,0,0,0,0,0,0,0,0,0,0,0,0,0,0,0,0,0,0,0,0,0,0,0,0,0,0,0,0,0,0,0,0,0,0,0,0,0.983,0,0,0,0,0,0,0,0,0,0,0,0,0,0,0,0,0,0,0,0.185,0,0,0,0,0,0,0,0,0,0,0,0,0,0,0,0,0,0,0,0,0,0,0,0,0,0,0.29,0,0,0,0,0,0,0,0,0,0,0,0,0,0,0,0,0,0,0,0,0,0,0,0,0,0,0,0,0,0,0,0,0,0,0,0,0,0,0,0,0,0,0,0,0,0,0,0,0,0,0,0.685,0.273,0,0,0,0,0,0,0,0,0,0,0,0,0,0,0,0,0,0,0,0,0,0,0,0.273,0,0,0,0,0,0,0,0,0,0,0,0,0,0,0,0.273,0,0,0,0,0,0,0,0,0,0,0,0,0,0,0,0,0,0,0,0,0,0,0.273,0,0,0,0,0,0,0,0,0,0.273,0.411,0,0,0,0,0,0,0,0,0,0,0,0,0,0,0,0,0,0,0,0,0,0.541,0,0,0,0,0.644,0,0,0,0,0,0,0.339,0,0,0,0,0,0,0,0,0,0,0,0,0,0,0,0,0,0,0,0,0,0,0,0,0,0,0,0,0,0,0,0,0,0,0,0.99,0,0.999,0.167,0,0.262,0,0.936,0,0.681,0,0,0,0,0.169,0,0,0,0,0,0.273,0.587,0,0,0,0.35,0,0,0.927,0,0,0,0,0.999,0,0,0,0.97,0,0,0.207,0,0.965,0,0,0,0,0,0.163,0,0,0,0,0,0.354,0.971,0,0,0,0.216,0.88,0,0,0.685,0,0,0.856,0.559,0,0,0.991,0.878,0,0,0,0.986,0,0.164,0,0.922,0.816,0,0.819,0,0,0,0,0.876,0,0.996,0.999,0,0,0.163,0.977,0,0,0,0,0,0,0.993,0,0.993,0,0,0.997,0,0,0.987,0.757,0,0.818,0,0,0,0.793,0.999,0.207,0.997,0,0.635,0,0,0,0.994,0.998,0,0,0.498,0.273,0,0.999,0.991,0.273,0,0.973,0,0,0,0,0.819,0,0,0,0.999,0.927,0,0.998,0,0.998,0.312,0.999,0,0,0.806,0.681,0,0,0,0.991,0,0,0.818,0,0.866,0,0,0.927,0.917,0,0,0,0,0,0,0,0,0,0,0,0.156,0.903,0,0,0.999,0,0.995,0.154,0.793,0,0,0,0,0.82,0.922,0,0,0,0,0.87,0,0,0,0.247,0,0.854,0,0,0.994,0,0.823,0,0.823,0,0.988,0.816,0,0,0,0,0.866,0,0.83,0,0.153,0.917,0,0,0,0,0,0,0,0,0,0,0,0,0,0,0,0,0,0,0,0,0,0,0,0,0,0,0,0,0,0,0,0,0,0,0,0,0,0,0,0,0,0,0,0.851,0,0,0,0,0,0,0,0,0,0,0,0,0,0,0,0,0,0,0,0.28,0,0,0,0,0,0,0,0,0,0,0,0,0,0,0,0,0,0,0,0,0,0,0,0,0,0,0,0,0,0,0,0,0,0,0.175,0,0,0,0.231,0.185,0,0,0,0.18,0,0,0,0,0,0.169,0,0.219,0,0,0.205,0,0,0,0,0,0.197,0,0,0,0,0,0,0,0,0.32,0,0,0,0,0.162,0,0.181,0.872,0.162,0,0,0,0,0,0,0,0,0,0,0,0.204,0,0,0,0,0,0,0,0,0,0,0,0,0,0,0,0,0,0.257,0,0,0,0,0,0,0.215,0.197,0.847,0,0,0,0,0,0,0,0,0.228,0,0,0,0,0.211,0,0,0,0,0,0,0,0,0,0,0,0,0,0,0,0,0,0,0,0,0,0,0,0,0,0,0,0,0,0,0,0,0,0,0,0,0,0,0,0,0,0,0,0,0.189,0,0,0,0.153,0,0,0,0.987,0,0.218,0.189,0,0,0,0,0.978,0,0.366,0,0,0.263,0,0,0,0,0,0,0,0,0,0,0,0,0,0,0,0,0,0.172,0,0,0,0,0,0,0,0,0,0,0,0,0,0,0,0,0,0,0,0.153,0,0,0,0,0,0,0,0,0,0,0,0,0,0,0,0,0,0,0.153,0,0,0,0,0,0,0,0,0.999,0,0,0,0,0.511,0,0,0,0,0,0,0,0,0,0,0,0,0,0,0,0,0,0,0,0,0.997,0,0,0.247,0,0,0,0,0,0,0.153,0,0,0,0,0,0,0,0,0,0,0,0,0,0,0,0,0,0,0,0,0,0,0,0,0,0,0,0,0,0.153,0,0,0,0,0,0,0,0,0.186,0,0,0.155,0,0,0,0,0,0,0,0,0,0,0,0,0,0,0,0,0,0,0.261,0,0.178,0,0,0,0,0,0,0.239,0,0,0,0,0,0,0,0,0,0,0.178,0,0,0,0.211,0,0,0,0,0,0,0,0,0,0,0,0,0,0,0,0,0.152,0,0,0,0,0,0,0,0,0,0.195,0,0,0,0,0,0,0,0,0,0,0,0,0,0,0,0.169,0.159,0,0,0.15,0,0,0,0,0,0,0,0,0,0,0,0,0,0,0,0,0,0,0,0,0,0,0,0,0,0,0,0,0,0,0,0,0,0,0,0,0,0,0,0,0.15,0.171,0,0,0,0,0,0,0,0,0,0,0.693,0,0,0,0,0,0,0,0,0,0,0,0,0,0.161,0,0.195,0,0,0,0,0,0,0,0,0,0,0,0,0,0,0,0,0,0,0,0,0,0,0,0.176,0,0,0,0,0,0,0,0,0,0,0,0,0,0,0,0,0,0,0,0,0,0,0,0,0,0,0,0.523,0,0,0,0,0,0,0,0.182,0,0,0,0,0,0,0,0,0,0,0,0,0.315,0,0,0,0,0,0.961,0,0,0,0,0,0,0,0,0,0,0,0,0,0,0.394,0,0,0,0,0,0,0,0,0,0,0,0,0,0,0,0,0,0,0,0,0,0,0,0,0,0,0,0,0,0,0,0,0.894,0,0.177,0,0,0,0,0,0,0,0,0.2,0,0,0.17,0,0,0,0,0,0.277,0.255,0,0,0,0,0.183,0,0,0,0,0,0.176,0,0,0.159,0,0,0,0,0,0.231,0,0,0.277,0,0.151,0,0,0,0,0,0,0,0,0,0,0.275,0,0,0,0,0,0,0.8,0,0,0,0,0,0,0.366,0,0,0,0,0,0,0,0,0,0,0,0,0,0,0,0,0,0,0.93,0,0,0,0,0,0,0,0,0,0,0.923,0,0,0,0,0,0,0,0,0,0,0,0,0,0,0,0,0,0,0,0,0,0,0,0,0,0,0,0,0,0,0.422,0,0,0,0,0,0,0,0,0,0,0,0,0,0,0,0,0,0,0,0,0,0,0,0,0,0,0.171,0,0,0,0,0,0,0,0,0,0,0,0,0,0,0,0,0,0,0,0,0,0,0,0,0,0,0,0,0,0,0,0,0,0,0,0,0,0,0,0,0,0.178,0,0.57,0,0,0,0,0,0,0,0.93,0.997,0,0,0,0,0,0,0.16,0,0,0,0,0,0,0,0,0,0,0,0,0,0,0,0,0,0,0,0,0,0,0,0,0,0,0,0,0,0,0,0,0,0,0,0,0,0,0,0,0,0,0,0,0,0.867,0,0,0,0,0,0,0,0,0,0,0,0,0,0,0,0,0,0,0,0,0,0,0,0,0,0,0,0,0,0,0,0,0,0,0,0,0,0,0,0,0,0,0,0,0,0,0,0,0,0,0,0,0,0.167,0,0.993,0,0.167,0.167,0,0.997,0.992,0,0,0,0,0.182,0,0,0,0,0,0,0,0.247,0,0.247,0,0,0,0,0,0,0,0,0,0,0,0.885,0,0,0,0,0,0,0,0,0,0,0,0,0,0,0,0,0,0,0,0,0,0,0,0,0,0,0,0,0,0,0,0,0,0.812,0,0,0,0,0,0,0,0,0,0.62,0,0,0,0,0,0,0,0,0,0,0,0,0,0,0,0,0,0,0,0,0,0,0,0,0,0,0,0,0,0,0,0,0.307,0,0,0,0,0,0,0,0,0,0,0,0,0,0,0,0,0,0,0,0,0,0,0,0,0,0,0,0,0,0,0,0,0,0,0,0,0.39,0,0,0,0,0,0,0,0,0,0,0,0,0,0,0,0,0,0,0,0,0,0,0,0,0,0,0,0.968,0,0,0,0,0,0,0,0,0,0,0,0,0,0,0,0,0,0.177,0,0,0,0,0,0,0,0,0,0,0,0,0,0,0,0,0,0,0,0,0,0,0.843,0,0,0,0,0.8,0,0,0,0,0,0,0,0,0,0,0,0,0,0,0,0,0,0,0,0,0,0,0,0.94,0.174,0.225,0,0.8,0,0,0,0,0,0,0,0,0.18,0,0,0,0,0.932,0,0,0,0,0,0,0,0,0,0,0,0,0,0,0,0,0,0,0,0,0,0,0,0,0,0,0,0,0,0,0,0,0,0,0,0.18,0,0,0,0,0,0,0,0,0,0.8,0,0,0,0
852955,0,0,0,0,0,0,0,0,0,0,0,0,0,0,0,0,0,0,0,0,0,0,0,0,0,0,0,0,0,0,0,0.217,0,0,0,0,0,0,0,0,0,0,0,0,0,0,0,0,0,0,0.166,0,0,0,0,0,0,0,0,0,0,0,0,0,0,0,0,0,0,0,0,0,0,0,0,0,0,0,0,0,0,0.999,0,0,0,0,0,0,0,0,0,0,0,0,0,0,0,0,0,0,0,0,0,0,0,0,0,0,0,0,0,0,0.999,0,0,0,0,0.349,0,0,0,0,0,0,0,0,0,0,0,0,0,0,0,0,0,0,0,0,0,0,0.208,0,0,0,0,0,0.161,0,0,0,0,0,0,0,0,0,0.995,0,0,0,0,0,0,0.368,0,0,0,0,0,0,0,0,0,0,0,0,0,0,0,0,0,0.581,0,0,0,0,0,0,0,0.813,0,0.174,0,0,0,0.857,0,0.483,0,0,0,0.825,0,0,0,0,0,0,0,0,0,0,0,0,0,0,0,0,0,0,0,0,0,0,0,0,0,0,0,0,0,0,0,0,0,0.623,0,0,0,0.208,0,0,0,0,0,0,0,0,0,0,0,0,0,0,0,0,0,0.468,0,0,0,0,0,0,0,0,0,0,0,0.219,0,0.396,0,0.854,0.999,0,0,0,0,0,0,0,0,0,0,0.22,0,0.307,0,0,0,0,0,0.559,0,0,0,0.67,0,0,0,0,0,0,0,0,0,0,0,0,0,0,0,0,0,0,0,0,0,0,0,0,0,0,0,0.405,0,0,0,0,0.822,0.776,0,0.215,0,0.368,0,0,0.679,0,0,0,0,0,0,0,0.455,0,0,0,0,0,0,0.158,0,0.197,0,0,0,0,0,0,0,0,0,0,0,0,0,0,0.317,0,0,0,0,0,0,0,0,0,0,0,0,0,0,0,0,0,0,0.172,0.999,0,0,0,0,0,0,0.523,0,0,0,0,0,0.173,0,0,0,0,0,0,0,0,0,0.165,0,0,0,0,0,0,0,0,0,0,0,0,0,0,0,0.798,0,0,0,0,0,0,0,0.199,0,0,0,0,0,0,0,0,0,0,0,0,0,0,0,0.214,0,0,0,0,0,0,0,0,0,0,0,0,0,0,0,0,0,0,0,0,0,0,0,0,0,0,0,0,0,0,0,0,0.171,0,0,0,0,0,0,0,0,0,0.649,0,0.658,0,0,0,0,0.818,0,0,0,0,0,0,0,0,0,0,0,0,0,0,0,0,0,0,0,0,0,0,0,0,0,0,0,0.324,0,0,0,0,0,0,0,0,0,0,0,0,0,0,0,0,0,0,0,0,0,0.153,0,0,0,0.754,0,0,0,0,0,0,0,0,0,0,0,0,0,0.345,0,0,0,0,0,0.167,0,0,0,0,0,0,0.192,0,0,0,0.175,0,0,0,0,0,0,0,0,0,0,0,0.501,0,0,0,0,0,0.171,0,0,0,0,0,0,0,0,0,0,0,0,0,0,0,0,0,0,0,0,0.182,0.476,0,0,0,0,0,0,0,0.309,0,0,0,0.186,0,0.256,0,0,0,0,0,0,0.541,0,0,0,0,0,0,0,0,0,0,0,0,0,0,0,0,0,0,0,0,0.566,0,0,0,0,0,0,0.575,0,0,0,0,0,0,0,0,0,0,0,0,0,0,0,0,0,0,0,0,0,0,0,0,0,0,0,0,0,0.217,0,0,0,0,0,0,0,0,0,0,0,0,0,0,0,0,0,0,0,0,0,0,0,0,0,0,0,0,0,0,0,0,0,0,0,0,0,0.72,0,0,0,0,0,0,0,0.436,0,0,0,0,0,0.337,0,0,0.905,0,0,0,0,0,0,0,0,0,0.401,0,0,0,0,0,0,0,0,0,0,0,0,0,0,0,0.706,0,0,0,0,0,0,0,0.445,0,0,0,0,0,0,0,0,0,0,0,0,0,0,0,0.488,0,0,0,0,0,0,0,0,0,0,0,0,0,0,0,0,0.24,0,0.581,0,0,0,0,0,0,0,0,0,0,0,0,0,0,0,0.619,0,0,0,0.296,0,0,0,0,0,0,0,0,0,0,0,0,0,0,0,0,0,0,0,0,0,0,0,0.999,0,0,0,0,0,0,0,0,0,0,0,0,0,0,0,0,0,0.553,0,0,0,0.195,0,0,0,0,0,0.696,0,0,0,0,0,0,0,0,0,0,0,0,0.404,0,0.301,0,0,0.325,0,0,0,0,0,0,0,0,0,0,0,0,0,0,0,0,0,0,0,0,0.192,0,0,0,0,0,0,0,0.328,0,0,0,0,0,0,0,0.78,0,0,0,0,0,0,0,0,0,0,0,0,0,0,0,0,0,0,0,0,0,0,0,0,0,0,0,0,0,0,0,0,0,0,0,0.191,0,0,0,0,0,0,0,0,0,0,0,0,0,0,0,0,0,0,0,0,0,0,0,0,0,0,0,0,0,0,0,0.595,0,0,0.855,0,0,0,0,0,0,0,0,0,0,0,0,0,0,0,0,0,0,0,0,0.274,0.382,0,0,0,0,0,0.443,0.925,0,0,0,0,0,0,0,0,0,0.656,0,0,0,0,0,0,0,0,0,0,0,0,0,0,0,0,0,0,0,0,0,0.246,0.977,0,0,0,0,0,0,0,0,0,0,0,0,0,0.426,0,0,0,0,0,0,0,0,0.158,0,0,0,0,0.168,0,0,0,0,0,0,0,0.264,0,0,0,0,0,0,0,0,0,0,0,0,0,0,0,0,0,0,0,0,0,0,0,0.509,0,0,0,0,0,0,0,0,0.193,0,0,0,0,0.988,0,0,0,0,0,0.333,0,0,0,0,0,0,0,0,0,0,0.828,0.82,0,0.179,0,0,0,0,0,0,0,0,0,0,0,0.748,0.197,0,0,0.999,0,0,0,0,0,0,0,0,0.442,0,0,0,0,0,0,0.976,0,0,0,0,0.913,0,0,0.36,0.221,0.953,0,0,0,0.924,0.37,0,0,0,0.497,0,0,0,0,0,0,0,0,0.199,0.57,0,0,0,0,0.827,0,0,0,0,0.4,0,0,0,0,0,0,0,0,0,0,0,0,0,0,0,0.193,0,0,0,0,0,0.208,0,0,0,0,0,0.398,0,0,0.859,0,0,0,0,0,0.388,0,0.284,0,0.497,0,0,0,0,0,0,0,0,0.251,0,0.163,0,0,0,0.225,0,0,0,0,0,0,0,0.383,0.184,0,0,0,0,0,0,0,0,0,0,0.207,0,0,0,0,0,0,0,0,0,0,0,0,0.188,0,0,0,0,0,0,0,0,0.999,0,0.461,0,0,0,0.369,0.193,0,0,0.161,0,0,0,0,0,0.446,0,0,0,0.554,0,0,0,0,0,0,0,0,0,0,0,0,0,0.282,0,0,0,0,0,0,0.214,0,0,0.168,0,0,0,0,0,0,0.791,0,0,0,0.974,0,0,0,0,0,0,0,0,0,0,0,0.16,0,0,0,0,0,0,0,0.175,0,0.91,0.999,0,0,0,0,0,0.167,0.559,0,0,0,0,0,0,0,0.337,0,0.421,0,0,0.986,0,0,0,0,0,0,0,0.438,0,0,0,0,0,0,0,0,0,0.988,0.231,0,0,0,0,0,0,0,0,0,0,0,0,0,0,0,0,0,0,0,0,0.91,0.565,0.579,0,0,0.998,0,0,0.309,0,0,0.999,0,0,0,0,0,0.48,0,0,0,0,0,0,0,0,0,0,0.395,0,0,0.611,0.465,0,0,0.752,0.251,0,0,0,0,0,0,0,0,0,0,0,0,0,0,0,0.745,0,0,0,0.152,0,0.946,0.382,0,0.616,0,0,0,0,0,0,0,0,0,0,0,0,0,0,0,0,0,0,0,0,0,0,0,0,0,0.59,0,0,0,0,0,0,0,0,0.209,0,0,0,0,0,0.241,0,0,0,0,0,0,0,0,0,0,0,0,0.705,0,0,0.208,0,0,0,0,0,0,0,0,0,0,0,0,0,0,0,0,0,0,0,0,0,0,0,0,0,0,0,0,0,0,0,0,0,0.151,0,0,0,0,0,0.601,0,0,0,0,0,0.183,0,0,0,0,0,0,0,0,0,0,0,0,0.918,0,0,0,0.318,0,0,0,0,0,0,0,0,0,0,0,0,0,0,0,0,0,0,0,0,0,0,0,0,0,0,0,0,0,0,0,0,0,0,0,0,0,0,0,0,0,0,0,0,0,0,0,0,0,0,0,0,0,0,0,0,0,0,0,0,0,0,0,0,0,0,0,0,0,0,0,0,0,0,0,0,0,0,0,0,0,0,0,0,0,0,0,0,0,0,0,0.719,0,0,0,0,0.216,0,0,0,0,0,0,0,0,0,0,0,0,0,0,0,0,0.177,0,0,0,0,0,0,0,0,0,0,0,0,0,0,0,0,0,0,0,0.775,0,0,0,0,0,0,0,0,0,0,0,0,0,0.29,0,0,0.944,0.324,0,0,0,0,0,0,0,0,0,0,0,0,0,0,0,0,0,0,0,0,0.968,0,0,0,0,0,0.215,0,0.739,0.999,0,0,0,0,0,0,0,0,0,0,0,0,0,0,0,0,0,0,0,0,0,0,0,0,0,0,0,0,0,0,0,0,0,0,0,0,0,0,0,0,0,0,0,0,0,0,0,0,0,0,0.359,0,0,0.352,0,0,0,0,0.203,0,0.152,0,0,0,0,0,0,0,0,0,0,0,0,0,0,0,0,0,0,0,0,0,0,0,0,0,0,0,0,0,0,0,0,0,0,0,0,0,0,0,0,0,0,0,0,0,0,0,0,0,0,0,0,0,0,0,0,0,0,0,0,0,0,0,0,0,0,0,0,0,0,0,0,0,0,0,0,0,0,0,0,0,0,0,0,0,0,0,0,0,0,0,0,0,0,0,0,0,0,0,0,0,0,0,0,0.307,0,0,0,0,0,0,0,0,0,0,0,0,0,0,0,0,0,0,0,0,0,0,0,0,0,0,0,0,0,0,0,0,0,0,0,0,0,0,0,0,0,0,0,0,0,0,0,0,0,0,0,0,0,0,0,0,0,0,0,0,0,0,0,0,0,0,0,0,0.982,0.222,0,0,0.324,0,0,0,0,0,0,0.16,0,0.203,0,0,0,0,0,0,0,0,0,0,0,0,0.274,0,0,0,0,0,0,0,0,0,0.554,0,0,0,0,0,0,0,0,0,0,0,0,0,0,0.195,0,0,0,0,0,0,0,0,0,0,0,0,0,0,0,0,0,0,0,0,0,0,0,0,0,0,0,0,0,0,0,0,0,0,0,0,0,0,0,0,0,0,0,0,0,0,0,0.843,0,0,0,0,0,0,0,0,0,0,0,0,0.161,0,0,0,0,0,0,0,0,0,0,0,0,0,0,0,0,0,0,0,0,0,0,0,0,0,0,0,0,0,0,0,0,0,0,0,0,0,0,0,0,0,0,0,0,0,0,0,0,0,0,0,0,0,0,0,0,0,0,0,0,0,0.274,0,0,0,0,0,0,0,0,0,0,0,0,0,0,0,0,0,0,0,0,0,0,0,0,0,0,0,0,0,0,0,0,0,0,0,0,0,0,0,0,0,0,0,0,0,0,0,0,0,0,0,0,0.929,0,0,0,0,0,0,0,0,0,0,0,0,0,0,0.288,0,0,0,0,0,0,0,0,0,0,0,0,0,0,0,0,0.167,0,0,0,0,0,0,0,0,0,0,0,0,0,0,0,0,0,0,0,0,0,0,0,0,0,0,0,0,0,0,0,0,0,0,0,0,0,0,0,0,0,0,0,0,0,0,0,0,0,0,0,0,0,0,0,0,0,0,0.682,0,0,0,0,0,0,0,0,0,0,0,0,0,0,0,0,0,0,0,0,0,0,0,0,0,0,0,0,0,0,0,0,0,0,0,0,0,0,0,0,0,0,0,0,0,0,0,0,0,0,0,0,0,0,0,0,0,0,0,0,0,0,0,0,0,0,0,0,0,0,0,0,0,0,0,0,0,0,0,0,0,0,0,0,0,0,0,0,0,0,0,0,0,0,0,0,0,0,0,0,0,0,0,0,0,0,0,0,0,0,0,0,0,0,0,0,0,0,0,0,0,0,0,0,0,0,0,0,0,0.153,0.153,0,0,0,0,0,0,0,0,0,0,0,0,0,0,0,0,0,0,0,0,0,0,0,0,0,0,0,0,0,0,0,0.31,0,0,0,0,0,0,0,0,0,0,0,0,0,0,0,0,0,0,0,0.209,0,0,0,0,0,0,0,0,0.618,0,0,0.829,0,0,0,0,0,0.226,0,0,0,0,0,0.377,0,0,0,0.752,0,0,0.999,0,0,0,0,0,0,0,0,0,0,0,0.192,0.196,0,0,0,0,0,0,0,0,0,0,0,0,0,0,0,0,0,0,0,0,0,0,0,0,0,0,0,0,0,0,0,0,0,0,0.571,0,0,0,0,0,0,0,0,0,0.252,0,0,0.66,0,0,0,0,0,0,0,0,0,0,0,0,0,0,0,0,0,0,0,0,0,0,0,0,0,0,0,0,0,0,0,0,0,0,0,0,0,0,0,0,0,0,0,0,0.913,0,0,0,0,0,0,0,0,0,0,0,0.172,0,0,0,0,0,0,0,0,0,0,0,0,0,0,0,0,0,0.459,0,0,0.313,0,0,0,0,0.401,0,0,0,0,0,0,0,0,0,0,0,0,0,0.171,0,0,0,0,0,0,0,0,0.157,0,0,0,0,0,0,0,0,0,0,0,0,0,0,0,0,0,0,0,0,0,0,0,0,0,0,0,0,0,0,0,0,0,0.169,0,0,0,0,0,0,0,0,0,0,0,0,0,0,0,0,0,0,0,0,0,0,0,0,0,0,0,0,0,0,0,0,0,0,0,0,0,0,0.276,0,0,0,0,0,0,0,0,0,0,0.999,0,0,0,0,0,0,0,0,0,0,0,0,0,0,0,0,0,0,0,0,0,0,0.532,0,0,0,0.999,0,0,0,0,0,0,0,0,0,0,0,0,0,0,0,0,0,0,0,0,0,0,0,0,0,0,0,0,0,0,0,0,0,0,0,0,0,0,0,0,0,0,0,0,0,0,0,0,0,0,0,0,0,0,0,0,0,0,0,0,0,0,0,0,0,0,0,0,0,0,0,0,0,0,0,0,0,0,0,0,0,0,0,0,0,0,0,0,0,0,0,0,0.293,0,0,0,0,0,0,0,0,0,0,0,0,0,0,0.339,0,0,0,0,0.338,0,0,0,0,0,0,0,0,0,0,0,0,0,0,0,0,0,0,0,0,0,0,0,0,0,0,0,0,0,0,0,0,0,0,0,0,0,0,0,0,0,0,0,0,0,0,0,0,0,0,0,0,0,0,0,0,0,0,0,0,0,0,0,0,0,0,0,0,0,0,0,0,0,0,0,0,0,0,0,0,0,0,0,0,0,0,0,0,0,0,0,0,0,0,0,0,0,0,0,0,0,0,0,0,0,0,0,0,0,0,0,0,0,0,0,0,0,0,0,0,0,0.253,0,0,0,0,0,0,0,0,0,0,0,0,0,0,0,0,0,0,0,0,0,0,0,0,0,0,0,0,0,0,0,0,0,0,0,0,0,0,0,0,0,0,0,0,0,0,0,0,0,0,0,0,0,0,0,0,0,0,0,0,0,0,0,0.999,0,0,0,0,0,0,0,0,0,0,0,0,0,0,0,0,0,0,0,0,0,0,0,0,0,0,0,0,0,0,0,0,0,0,0,0,0,0,0,0,0,0,0,0,0,0,0,0,0,0,0.448,0,0,0,0,0,0,0,0,0,0,0,0,0,0,0,0,0,0,0,0,0,0,0,0,0,0,0,0,0,0,0,0,0,0,0,0,0,0,0,0,0,0,0,0,0,0,0,0,0,0,0,0,0,0,0,0,0,0,0,0,0,0,0,0,0,0,0,0,0,0,0,0,0,0,0,0,0,0,0,0,0,0,0,0,0,0,0,0,0,0,0,0,0,0.32,0,0,0,0,0,0,0,0,0,0,0,0,0,0,0,0,0,0,0,0,0,0,0,0,0,0,0,0,0,0,0,0,0,0,0,0,0,0,0,0,0,0,0,0,0,0,0,0,0,0,0,0,0,0,0,0,0,0,0,0,0,0,0,0,0,0,0,0,0,0,0,0,0,0,0,0,0,0,0,0,0,0,0,0,0,0,0.626,0,0,0,0,0,0,0,0,0,0,0,0,0,0,0,0,0,0.765,0,0,0,0,0,0,0,0,0,0,0,0,0,0,0,0,0,0,0,0,0,0.517,0,0,0,0,0,0,0,0,0,0,0,0,0,0,0,0,0,0,0,0,0,0,0,0,0.346,0,0,0,0,0,0,0,0,0,0,0,0,0,0,0,0,0,0,0,0,0,0,0,0,0,0,0,0,0,0,0,0,0,0,0,0,0,0,0,0,0,0,0,0,0,0,0,0,0,0,0,0,0,0,0,0,0,0,0,0,0,0,0,0,0,0,0,0,0,0,0,0,0,0,0,0,0,0,0,0,0,0,0,0,0,0,0,0,0,0,0,0,0,0,0,0,0,0,0,0,0,0,0,0,0,0,0,0,0,0,0,0,0,0,0,0,0,0.269,0,0,0,0,0,0,0,0,0.273,0,0,0,0,0,0,0,0,0,0,0,0,0,0,0,0,0.182,0,0,0,0,0,0,0,0,0,0,0,0,0,0,0,0,0,0,0,0,0,0,0,0,0,0,0,0,0,0,0,0,0,0,0,0,0,0,0,0,0,0,0,0,0,0,0,0,0,0,0,0,0,0,0,0,0,0,0,0,0,0,0,0,0,0,0,0,0,0,0,0,0,0,0,0,0,0,0,0,0,0,0,0,0,0,0,0.167,0,0,0,0,0,0,0,0,0,0,0,0,0,0,0,0,0,0,0,0,0,0,0,0,0,0,0,0,0,0,0,0,0,0,0,0,0,0,0,0,0,0,0,0,0,0,0,0,0,0,0,0,0,0,0,0,0,0,0,0,0,0,0,0,0,0,0,0,0,0,0,0,0,0,0.901,0,0,0,0,0,0,0,0,0,0,0,0,0,0,0,0,0,0,0,0,0,0,0,0,0,0,0,0,0,0,0,0,0,0,0,0,0,0,0,0,0,0,0,0,0,0,0,0,0,0,0,0.909,0,0,0,0,0,0,0,0,0,0,0,0,0,0,0,0.584,0,0,0,0,0,0.687,0,0,0,0,0,0,0,0,0,0,0,0,0,0,0,0,0,0,0,0,0,0,0,0,0,0,0,0,0,0,0,0,0,0,0,0,0,0,0,0,0,0,0,0,0,0,0,0,0,0,0,0,0,0,0,0,0,0,0,0,0,0,0,0,0,0,0,0,0,0,0,0,0,0,0,0,0,0,0,0,0,0,0,0,0,0,0,0,0,0,0,0,0,0,0,0,0.166,0,0,0,0,0,0,0,0,0,0,0,0,0.273,0,0,0,0,0,0,0,0,0,0.9,0.949,0,0,0,0,0,0,0,0,0,0,0,0,0,0.618,0,0.804,0,0,0,0,0,0,0,0,0,0,0,0,0,0,0,0,0,0,0,0,0,0,0,0,0,0,0,0,0,0,0,0,0,0,0,0,0,0,0,0,0,0,0,0.161,0,0,0,0,0,0,0,0.4,0,0,0,0,0,0,0,0,0,0,0,0,0,0,0,0,0,0,0,0,0,0,0,0,0,0,0,0,0,0,0,0,0.551,0,0,0,0,0,0,0,0,0,0,0,0,0,0,0,0,0,0,0,0,0,0,0,0,0,0,0,0,0,0,0,0,0,0,0,0,0,0,0,0,0,0,0,0,0,0,0,0,0,0,0,0,0,0,0,0,0,0,0,0,0,0,0,0,0,0,0,0,0,0,0,0,0,0,0,0,0,0,0,0,0,0,0,0,0,0,0,0,0,0,0,0,0,0,0,0,0,0,0,0,0,0,0,0,0,0.588,0,0,0,0,0,0,0,0,0.914,0,0,0,0,0,0,0,0,0,0,0,0,0,0,0,0,0,0,0,0,0,0,0,0,0,0,0,0,0,0,0,0,0,0,0,0,0,0,0,0,0,0,0,0,0,0,0,0,0,0,0,0,0,0,0,0,0,0,0,0
852837,0.291,0,0,0,0,0,0,0,0,0,0,0,0,0,0,0,0,0,0,0,0,0,0,0,0,0.213,0,0,0.229,0,0,0,0.198,0.216,0,0,0,0,0,0,0,0,0,0,0.241,0,0,0,0,0,0,0,0,0,0,0,0,0,0,0,0,0,0,0,0,0,0,0,0.217,0,0,0,0,0,0,0.22,0,0.573,0,0,0,0,0,0,0,0,0,0.697,0,0,0,0,0,0,0,0,0,0.349,0,0,0,0,0,0,0,0.195,0,0,0,0,0,0,0,0,0,0,0,0,0,0,0,0.211,0,0,0,0,0,0,0.169,0,0,0,0,0.282,0,0,0,0,0,0,0,0,0,0,0,0.309,0,0,0,0.242,0,0,0,0,0,0,0,0,0,0.15,0,0,0,0,0.297,0.998,0,0.905,0,0.313,0,0.15,0.234,0,0,0,0,0,0,0,0,0.196,0,0,0,0,0,0,0.208,0,0,0,0,0,0,0,0,0,0,0,0,0,0,0,0,0,0,0,0,0,0,0,0,0,0,0,0,0,0,0,0,0,0,0,0,0,0,0,0,0,0,0,0,0,0,0,0,0,0,0,0,0,0,0,0,0,0,0,0,0,0,0,0,0,0,0,0,0,0,0,0,0,0,0,0,0,0,0,0,0,0,0,0,0,0,0,0,0,0,0,0,0,0,0,0,0,0,0,0,0,0,0,0,0,0,0,0,0,0,0,0,0,0,0,0,0,0.183,0,0,0,0,0,0,0,0,0,0,0,0,0,0,0,0,0,0.233,0,0,0,0,0,0,0,0,0,0,0,0,0,0,0,0,0,0,0,0,0,0,0,0,0,0,0,0,0,0,0,0,0,0,0,0,0.194,0,0,0,0,0,0,0,0,0.229,0,0,0,0,0,0,0,0,0,0,0,0,0,0,0,0,0,0,0.195,0,0,0,0,0,0,0,0,0,0,0,0,0,0,0,0,0,0,0,0,0,0,0,0,0,0,0,0,0,0,0,0,0,0.169,0,0,0,0,0,0,0,0,0,0,0,0,0,0,0,0,0,0,0,0,0,0,0,0,0,0,0,0,0,0,0,0,0,0,0,0,0,0,0,0,0.258,0,0,0,0,0,0,0,0,0,0,0,0,0,0,0,0,0,0,0,0,0,0,0,0,0,0,0,0,0,0,0,0,0,0,0,0,0,0,0,0,0,0,0,0,0,0,0,0,0,0,0,0,0,0,0,0,0,0,0,0,0,0,0,0,0,0,0,0.276,0,0,0,0,0,0,0,0,0,0,0,0,0,0,0,0,0,0,0,0,0,0,0,0,0,0,0,0,0,0,0,0,0,0,0,0,0,0,0,0,0.192,0,0,0,0,0,0,0,0,0,0,0,0,0,0,0,0,0,0,0,0,0,0,0,0,0,0,0,0,0,0,0,0,0,0,0,0,0,0,0,0,0,0,0,0,0,0,0.177,0,0,0,0,0,0,0,0,0.258,0,0,0,0,0,0,0,0,0,0,0,0,0,0,0,0,0,0,0,0,0,0,0,0,0,0,0,0,0,0,0,0,0,0,0,0,0,0,0,0,0,0,0,0,0,0,0,0,0,0,0,0,0,0,0,0,0,0,0,0,0,0,0,0,0,0,0,0,0,0,0,0,0,0,0,0,0,0,0,0,0,0,0,0,0,0,0.194,0,0,0,0,0,0,0,0,0,0,0,0,0,0,0,0,0,0,0,0,0,0,0,0,0,0,0,0,0,0,0,0,0,0,0,0,0,0,0,0,0,0,0,0,0,0,0,0,0,0,0,0,0,0,0,0,0,0,0,0,0.159,0,0,0,0,0,0,0,0,0,0,0,0,0,0,0,0,0,0,0,0,0,0,0,0,0,0,0,0,0,0,0,0,0,0,0,0,0,0,0,0,0,0,0,0,0,0,0,0,0,0,0,0,0,0,0,0,0,0,0,0,0,0,0,0,0,0,0,0,0,0,0,0,0,0,0,0,0,0,0,0,0,0,0,0,0,0,0,0,0,0,0,0,0,0,0,0,0,0,0.514,0,0,0,0,0,0,0,0,0,0,0.251,0,0,0,0,0,0,0,0,0.241,0,0,0,0,0,0,0,0,0,0,0,0,0,0,0,0,0,0,0,0,0,0,0,0,0,0,0,0,0,0,0,0,0,0,0,0,0,0,0,0,0,0,0,0,0,0,0,0,0,0,0,0,0,0,0,0.531,0,0,0,0,0,0,0,0,0,0,0,0,0,0,0,0,0,0,0,0,0,0,0,0,0,0,0,0,0.153,0,0,0,0,0,0,0,0,0,0,0,0,0,0,0,0,0,0,0,0,0,0,0,0,0,0,0,0,0,0,0,0,0,0,0,0,0,0,0,0,0,0,0,0,0,0,0,0,0,0,0,0,0,0,0.196,0,0,0,0,0,0,0,0,0,0,0,0,0,0,0,0,0.509,0,0,0,0,0,0,0,0,0,0,0,0,0,0,0,0,0,0,0,0,0,0,0,0,0,0,0,0,0,0.288,0,0,0,0,0,0,0,0,0,0,0,0,0,0,0,0,0,0,0,0.227,0,0,0,0,0,0,0,0,0,0,0.212,0,0,0,0,0,0,0,0,0,0,0,0,0,0,0.192,0,0,0,0,0,0,0,0,0,0,0,0,0,0,0,0,0,0,0,0,0,0,0,0,0,0,0,0,0.198,0,0,0,0,0,0,0,0,0,0,0,0,0,0,0,0,0,0,0,0,0,0,0,0,0,0,0,0,0,0,0,0,0,0,0,0,0,0,0,0,0,0,0,0,0,0.194,0,0,0,0,0,0,0,0,0,0,0,0,0,0,0,0,0,0,0,0,0,0,0,0,0,0,0,0,0,0,0,0,0,0,0,0,0,0,0,0,0,0,0,0,0,0,0,0,0,0,0,0,0,0,0,0,0,0,0,0,0,0,0,0,0,0,0,0,0,0,0,0,0,0,0,0,0,0,0,0,0,0,0,0,0,0,0.171,0,0,0,0,0,0,0,0,0,0,0,0,0,0,0,0,0.177,0,0,0,0,0.179,0,0,0,0,0,0,0,0,0,0,0,0,0,0,0,0,0,0,0,0,0.16,0.171,0,0,0,0,0,0,0,0.464,0.996,0,0,0,0,0,0,0,0,0,0,0,0,0,0,0,0,0,0,0,0,0,0,0,0,0,0,0,0,0,0,0,0,0,0,0,0,0,0,0,0,0,0,0,0,0,0,0,0,0,0,0,0,0,0,0,0,0,0,0,0,0,0,0,0,0.284,0,0,0,0,0,0,0,0,0,0,0,0,0,0,0,0,0,0,0,0,0,0,0,0.203,0,0,0,0,0,0,0,0,0,0,0,0,0,0,0,0,0,0,0,0,0,0.729,0.288,0,0,0,0,0,0,0,0,0,0,0,0,0,0,0,0,0,0,0,0,0,0,0,0.254,0,0,0,0,0,0,0,0,0,0,0,0,0,0,0,0,0,0,0,0,0,0,0,0,0,0,0,0.196,0,0,0,0,0,0,0,0,0,0,0,0,0,0,0,0,0,0,0,0,0,0,0,0,0,0,0,0,0,0,0,0,0,0,0,0,0,0,0,0,0,0,0,0,0,0.205,0,0.699,0,0,0,0,0,0,0,0,0,0.166,0,0,0,0,0,0,0,0.163,0,0,0,0,0,0,0,0,0,0,0,0,0,0,0,0,0,0.162,0,0,0,0,0.536,0,0,0,0,0,0,0,0,0,0,0,0,0.292,0,0,0,0,0,0.538,0,0,0,0,0,0,0,0,0,0,0,0,0,0,0,0,0.378,0,0,0,0,0,0,0,0,0,0,0,0,0,0,0,0,0,0,0,0,0,0,0,0,0,0,0,0,0,0,0,0,0,0,0,0,0,0,0,0,0,0,0,0,0,0,0,0,0.209,0,0,0,0,0,0,0,0,0,0,0,0,0,0,0,0,0,0,0,0,0,0,0,0,0,0,0,0,0,0,0,0,0,0,0.658,0.655,0,0,0,0,0,0.22,0,0,0,0,0,0,0,0,0,0,0,0,0,0,0,0,0,0,0,0,0,0,0.211,0,0,0,0,0,0,0,0,0,0,0,0,0,0,0,0,0,0,0,0,0,0,0,0,0,0,0,0,0,0,0,0,0,0,0,0,0,0,0,0,0,0,0,0,0,0,0,0,0,0,0,0,0,0,0,0,0,0,0,0,0.358,0,0,0,0,0,0,0,0,0,0,0,0,0,0,0,0,0,0,0,0,0,0,0,0,0,0,0,0,0,0,0,0,0,0,0,0,0,0,0,0,0,0,0,0,0,0,0,0,0,0,0,0,0,0,0,0,0,0,0,0,0,0,0,0,0,0,0,0,0,0,0,0,0,0,0,0,0,0,0,0.173,0,0,0,0,0,0,0,0,0,0,0,0,0,0,0,0,0,0,0,0,0,0,0,0,0,0,0,0,0,0,0,0,0,0,0,0,0,0,0,0,0,0,0,0,0,0,0,0,0,0,0,0,0,0,0,0,0,0,0,0,0,0,0,0,0,0,0,0,0,0,0,0,0,0,0,0,0,0,0,0,0,0.19,0,0,0,0,0,0,0,0,0,0,0,0,0,0,0,0,0,0,0,0,0,0,0,0,0.979,0,0,0,0,0,0,0,0,0.697,0,0,0,0,0,0,0,0,0,0,0,0,0,0,0,0.625,0,0,0,0,0,0,0,0,0,0,0,0,0,0,0,0,0,0,0,0,0,0,0,0,0,0,0,0,0,0,0,0,0,0,0,0,0,0,0,0,0,0,0,0,0,0,0,0,0,0,0,0,0,0,0,0.484,0,0,0,0,0,0,0,0,0,0,0,0,0,0,0,0,0,0,0,0,0,0,0,0,0,0,0,0,0,0,0,0,0,0,0,0,0,0,0,0,0,0,0,0,0,0,0,0,0,0,0,0,0,0,0,0,0,0,0,0,0,0,0,0,0,0,0,0,0,0,0,0,0,0,0,0,0,0,0,0,0,0,0,0,0,0,0,0,0,0,0,0,0,0,0,0,0,0.27,0,0,0,0,0,0,0,0,0,0,0,0,0,0,0,0,0,0,0,0,0,0,0,0,0,0,0,0,0,0,0,0,0,0,0.222,0,0,0,0,0,0,0,0,0,0,0,0,0,0,0,0,0,0,0,0,0,0,0,0,0,0,0,0,0,0,0,0,0,0,0,0,0,0,0,0,0,0,0,0,0.196,0,0,0,0,0,0,0,0,0,0,0,0.343,0,0,0,0,0,0,0,0,0,0,0,0,0,0.154,0,0,0,0,0,0,0,0,0,0,0,0,0,0,0,0,0,0,0,0,0,0,0,0,0,0,0,0,0,0,0,0,0,0,0,0,0,0,0,0,0,0,0,0,0,0,0,0,0,0,0,0,0,0,0,0,0,0,0,0,0,0,0,0,0,0,0,0,0,0,0,0,0,0,0,0,0,0,0,0,0,0,0,0,0,0,0,0,0,0,0,0,0,0,0,0,0,0,0,0,0,0,0,0,0,0,0,0,0,0,0,0,0,0,0,0,0,0,0,0,0,0,0,0,0,0,0,0,0,0,0,0,0,0,0,0,0,0,0,0,0,0,0.268,0,0,0,0,0,0,0,0,0,0,0,0,0,0,0,0,0,0,0,0,0,0,0,0,0,0,0,0,0,0,0,0,0.173,0,0,0,0,0,0,0,0,0,0.169,0,0,0.624,0,0,0.989,0,0,0,0,0,0,0,0.662,0,0,0,0,0,0,0,0,0,0,0.731,0,0,0,0,0,0,0,0,0,0,0,0,0,0,0.309,0,0,0,0,0,0.197,0,0,0,0,0,0,0,0,0,0,0,0,0,0,0,0,0,0,0,0,0,0,0,0,0,0,0,0,0,0,0,0,0,0,0,0,0,0,0,0,0,0,0.905,0,0,0,0,0,0,0,0,0,0,0.293,0,0,0,0,0,0,0,0,0,0,0,0,0,0,0,0,0,0,0,0,0,0,0,0,0,0,0,0,0,0,0,0,0,0,0,0,0,0,0,0,0,0,0,0,0,0,0,0,0,0,0,0,0,0,0,0,0,0.22,0,0,0,0,0,0,0,0,0,0,0,0,0,0,0,0,0,0,0,0,0,0,0,0,0,0,0,0,0,0,0,0,0,0,0,0,0,0,0,0,0,0,0,0,0,0,0,0,0,0,0,0,0,0,0,0,0,0,0,0,0,0,0,0,0,0,0,0,0,0,0,0,0,0,0,0,0,0,0,0,0,0,0,0,0,0,0,0,0,0,0,0,0,0,0,0,0,0,0,0,0,0,0,0,0,0,0,0,0,0,0,0,0,0,0,0,0,0,0,0,0,0,0,0,0,0,0,0,0,0,0,0,0,0,0,0,0,0,0,0,0,0,0,0,0,0,0,0,0,0,0,0,0,0,0,0,0,0,0,0,0,0,0,0,0,0,0,0,0,0,0,0,0,0,0,0,0,0,0,0,0,0,0.3,0,0,0,0,0,0,0,0,0,0,0,0,0,0,0,0,0,0,0,0,0,0,0,0,0,0,0,0,0,0,0,0,0,0,0,0,0,0,0,0,0,0,0,0,0,0,0,0,0,0,0,0,0.445,0,0,0,0,0,0,0,0,0,0,0,0.302,0,0,0,0,0,0,0,0,0,0,0,0,0,0,0,0,0,0,0,0,0,0,0,0,0,0,0,0,0,0,0,0,0,0,0,0,0,0,0,0,0,0,0,0,0,0,0,0,0,0,0,0,0,0,0,0,0,0,0,0,0,0,0,0,0,0,0,0,0,0,0,0,0,0,0,0,0,0,0,0,0,0,0,0,0,0,0,0,0,0,0,0,0,0,0,0,0,0,0,0,0,0,0,0,0,0,0,0,0,0,0,0,0,0,0,0,0,0,0,0,0,0,0,0,0,0,0,0,0,0,0,0,0,0,0,0,0,0,0,0,0,0,0,0,0,0,0,0,0,0.219,0,0,0,0,0,0,0,0,0,0,0,0,0,0,0,0,0,0,0,0.306,0,0,0,0,0,0,0,0,0,0,0,0,0,0,0,0,0,0,0,0,0,0,0,0,0,0,0,0,0,0,0,0,0,0,0,0,0,0,0,0,0,0,0,0,0,0,0,0,0,0,0,0,0,0,0,0,0,0,0,0,0,0,0,0,0,0,0,0,0,0,0,0,0,0,0,0,0,0,0,0,0,0,0,0,0,0,0,0,0,0,0,0,0,0,0,0,0,0,0,0,0,0,0,0,0,0,0,0.234,0,0,0,0.482,0,0,0,0.595,0.956,0,0,0.189,0,0,0,0,0,0,0,0,0,0,0.782,0,0.604,0,0,0,0,0,0,0.206,0,0,0,0,0,0,0,0,0,0,0,0,0,0,0,0,0,0,0,0,0,0,0,0,0,0,0,0,0,0,0,0,0,0,0,0,0,0,0,0,0,0,0,0,0,0,0,0,0,0,0,0,0,0,0,0,0,0,0,0,0,0,0.228,0,0,0,0,0,0,0,0,0,0,0,0,0,0,0,0,0,0,0,0,0,0,0,0,0,0,0,0,0,0,0,0,0,0,0,0.204,0,0,0,0,0,0,0,0.294,0,0,0,0,0,0,0,0,0,0,0.659,0,0,0,0,0,0,0,0,0,0,0,0,0,0,0,0,0,0,0,0,0,0,0,0,0,0,0,0,0,0,0,0,0,0,0,0,0,0,0,0,0,0,0,0,0.244,0,0,0,0,0,0,0,0,0,0,0,0,0,0,0,0,0,0,0,0,0,0,0,0,0,0,0,0,0,0.258,0,0,0,0,0,0,0,0,0,0,0,0,0,0,0,0,0.33,0,0,0,0,0,0,0,0,0,0,0.299,0,0,0,0,0,0,0,0,0,0,0,0,0,0,0,0,0,0,0,0,0,0,0,0,0,0,0,0,0,0,0,0,0,0,0,0,0,0,0,0,0,0,0,0.394,0,0,0,0,0,0,0,0,0,0,0,0,0,0,0,0,0,0,0,0,0,0,0,0,0,0,0,0,0,0,0,0,0,0,0,0.258,0.345,0.302,0,0,0,0.307,0.156,0.173,0.196,0.191,0,0,0,0,0,0,0.276,0,0,0,0.357,0.306,0,0,0,0,0,0,0,0,0,0,0,0,0,0,0,0,0,0,0,0,0,0,0,0,0,0,0,0,0,0,0,0,0,0,0,0,0,0,0,0,0,0,0,0,0,0,0,0,0,0.394,0,0,0,0,0,0,0,0,0,0,0,0,0,0,0,0,0,0,0,0,0,0,0,0,0,0,0,0,0,0,0,0,0,0,0,0.398,0,0,0,0,0,0,0,0,0,0,0,0,0.337,0,0,0,0,0,0,0,0,0,0,0,0,0,0,0,0,0,0,0,0,0,0,0,0,0,0,0,0,0,0,0,0,0,0,0,0,0,0,0,0,0.369,0,0,0,0,0,0,0,0,0,0.309,0,0,0,0,0,0,0,0,0,0,0,0,0,0,0,0,0,0,0,0,0,0,0,0,0,0,0,0,0,0,0,0,0,0,0,0,0,0,0,0,0,0,0,0,0,0,0,0,0,0,0,0,0,0,0,0,0,0,0,0,0,0,0,0,0,0,0,0,0,0,0,0,0,0,0,0,0,0,0,0,0,0,0,0,0,0,0,0.781,0,0,0,0,0,0,0,0,0.525,0,0,0,0,0,0,0,0,0,0.762,0,0,0,0,0,0,0,0.781,0,0,0,0,0,0.78,0,0,0,0,0.698,0,0.796,0,0,0,0.288,0,0,0,0,0,0,0,0,0,0,0,0,0,0,0,0,0,0,0,0,0,0,0,0,0,0,0,0.48,0,0,0,0,0,0,0,0,0.171,0,0,0,0,0,0,0,0,0,0,0,0,0,0,0,0,0,0,0,0,0,0,0,0,0,0.325,0,0,0,0,0,0,0,0,0,0,0.334,0,0,0,0,0,0,0,0,0,0,0,0.154,0,0,0,0,0,0,0,0,0,0,0,0,0,0,0,0,0,0,0,0,0,0,0,0,0,0,0,0,0,0,0,0,0,0,0,0,0,0,0,0,0,0,0,0,0,0,0,0,0,0,0,0,0,0,0,0,0,0,0,0,0,0,0,0,0,0,0,0,0,0,0,0,0,0,0,0,0,0,0,0,0,0,0,0,0,0,0,0,0,0,0,0,0,0,0,0,0,0,0,0,0,0,0,0,0,0,0,0,0,0,0,0,0,0,0,0,0,0,0,0,0,0,0,0,0,0,0,0,0,0,0,0,0,0,0,0,0,0,0,0,0,0,0,0,0,0,0,0,0,0,0,0,0,0,0,0,0,0,0,0,0.193,0,0,0,0,0,0,0,0,0,0,0,0,0,0,0,0,0,0,0,0,0,0,0,0,0,0,0,0,0,0,0,0,0,0,0,0,0,0,0.171,0,0,0,0,0,0,0,0,0,0,0,0,0,0,0,0,0,0,0,0,0,0,0,0,0,0,0,0,0,0,0,0,0,0,0,0,0,0,0,0,0,0,0,0,0,0,0,0,0,0,0,0,0,0,0,0,0,0,0,0,0,0,0,0,0,0,0.21,0,0,0,0,0,0,0,0,0,0,0,0.205,0,0,0,0,0,0,0,0,0,0,0,0,0,0,0,0,0,0,0,0,0,0,0,0,0,0,0,0,0,0,0,0,0,0,0,0,0,0,0,0,0,0,0,0,0,0,0,0,0,0,0,0,0,0,0,0,0,0,0,0,0,0,0,0,0,0,0,0,0,0,0,0,0,0,0,0,0,0,0,0,0,0,0,0,0,0,0,0,0,0,0,0,0,0,0,0,0,0,0,0,0,0,0,0,0,0,0,0,0,0,0,0,0,0,0,0,0,0,0,0,0,0
851868,0,0,0,0,0,0,0,0,0,0,0,0,0,0,0,0,0,0,0,0,0,0,0,0,0,0,0,0,0,0,0,0,0,0,0,0,0,0,0,0,0,0,0,0,0,0,0,0,0,0,0,0,0,0,0,0,0,0,0,0,0,0,0,0,0,0,0,0,0,0,0,0,0,0,0,0,0,0,0,0,0,0,0,0,0,0,0,0,0,0,0,0,0,0,0,0,0,0,0,0,0,0,0,0,0,0,0,0,0,0,0,0,0,0,0,0,0,0,0,0,0,0,0,0,0,0,0,0,0,0,0,0,0,0,0,0,0,0,0,0,0,0,0,0,0,0,0,0,0,0,0,0,0,0,0,0,0,0,0,0,0,0,0,0,0,0,0,0,0,0,0,0,0,0,0,0,0,0,0,0,0,0,0,0,0,0,0,0,0,0,0,0,0,0,0,0,0,0,0,0,0,0,0,0,0,0,0,0,0,0,0,0,0,0,0,0,0,0,0,0,0,0,0,0,0,0,0,0,0,0,0,0,0,0,0,0,0,0,0,0,0,0,0,0,0,0,0,0,0,0,0,0,0,0,0,0,0,0,0,0,0,0,0,0,0,0,0,0,0,0,0,0,0,0,0,0,0,0,0,0,0,0,0,0,0,0,0,0,0,0,0,0,0,0,0,0,0,0,0,0,0,0,0,0,0,0,0,0,0,0,0,0,0,0,0,0,0,0,0,0,0,0,0,0,0,0,0.481,0,0,0,0,0,0,0,0,0,0,0,0,0,0,0,0,0,0,0,0,0,0,0,0,0,0,0,0,0,0,0,0,0,0,0,0,0,0,0,0,0,0,0,0,0,0,0,0,0,0,0,0,0,0.592,0,0,0,0,0,0,0,0,0,0,0,0,0,0,0,0,0,0,0,0,0,0,0,0,0,0,0,0,0,0,0,0,0,0.638,0,0,0,0,0,0,0,0,0,0,0,0,0,0,0,0,0,0,0,0,0,0,0,0,0,0,0,0,0,0,0,0,0,0,0,0,0,0,0,0,0,0,0,0,0,0,0,0,0,0.192,0,0,0,0,0,0,0,0,0,0,0.173,0,0,0,0,0,0,0,0,0,0,0,0,0,0,0,0,0,0,0,0,0,0,0,0,0,0,0,0,0,0,0,0,0,0,0,0,0,0,0,0,0,0,0,0,0,0,0,0,0,0,0,0,0,0,0,0,0,0,0,0,0,0,0,0,0,0,0,0,0,0,0,0,0,0,0,0,0,0,0,0,0,0,0,0,0,0,0,0.288,0,0,0,0,0,0,0,0,0,0,0,0,0,0,0,0,0,0,0,0,0,0,0,0,0,0,0,0,0,0,0,0,0,0,0,0,0,0,0,0,0,0,0,0,0,0,0,0,0,0,0,0,0,0,0,0,0,0,0,0,0,0,0,0,0,0,0,0,0,0,0,0,0,0,0,0,0,0,0,0,0,0.288,0,0,0,0,0,0,0,0,0,0,0,0,0,0,0,0,0,0,0,0,0,0,0,0,0,0,0,0,0,0,0,0,0,0,0,0,0,0,0,0,0,0,0,0,0,0,0,0,0,0,0,0,0,0,0,0,0,0,0,0,0,0,0,0,0,0,0,0,0,0,0,0,0,0,0,0,0,0,0,0,0,0,0,0,0,0,0,0,0,0,0,0,0,0,0,0,0,0,0,0,0,0,0,0,0,0,0,0,0,0,0,0,0,0,0,0,0,0,0,0,0,0,0,0,0,0,0,0,0,0,0,0,0,0,0,0,0,0,0,0,0,0,0,0,0,0,0,0,0,0,0,0,0,0,0,0,0,0,0,0,0,0,0,0,0,0,0,0,0,0,0,0,0,0,0,0,0,0,0,0,0,0,0,0,0,0,0,0,0,0,0,0,0,0,0,0,0,0,0,0,0,0,0,0,0,0,0,0,0,0,0,0,0,0,0,0,0,0,0,0,0,0,0,0,0,0,0,0,0,0,0,0,0,0,0,0,0,0,0,0,0,0,0,0,0,0,0,0,0,0,0,0,0,0,0,0,0,0,0,0,0,0,0,0,0,0,0,0,0,0,0,0,0,0,0,0,0,0,0,0,0,0,0,0,0,0,0,0,0.2,0,0,0,0,0,0,0,0,0,0,0,0,0,0,0,0,0,0,0,0,0,0,0,0,0.196,0,0,0,0,0,0,0,0,0,0,0,0,0,0,0,0,0,0,0,0,0,0,0,0,0,0,0,0.592,0,0,0,0,0,0,0,0,0,0,0,0,0,0,0,0,0,0,0,0,0,0,0,0,0,0,0,0,0,0,0,0,0,0,0,0,0,0,0,0,0,0,0,0,0,0,0,0,0,0,0,0,0,0,0,0,0,0,0,0,0,0,0,0,0,0,0,0,0,0,0,0,0,0,0,0,0,0,0,0,0,0,0,0,0,0,0,0,0,0,0,0,0,0,0,0,0,0,0,0,0,0,0,0,0.592,0,0,0,0,0,0,0,0,0,0,0,0,0,0,0,0,0,0,0,0,0,0,0,0,0,0,0,0,0,0,0,0,0,0,0,0,0,0,0,0,0,0,0,0,0,0,0,0,0,0,0,0,0,0,0,0,0,0,0,0,0,0,0,0,0,0,0,0,0,0,0,0,0,0,0,0,0,0,0,0,0,0,0,0,0,0,0,0,0,0,0,0,0,0,0,0,0,0,0,0,0,0,0,0,0,0,0,0,0,0,0,0,0,0,0,0,0,0,0,0,0,0,0,0,0,0,0,0,0,0,0,0,0,0,0,0,0,0,0,0,0,0,0,0,0,0,0,0,0,0,0,0,0,0,0,0,0,0,0,0,0,0,0,0,0,0,0,0,0,0,0,0,0,0,0,0,0,0,0,0,0,0,0,0,0,0,0,0,0,0,0,0,0,0,0,0,0,0,0,0,0,0,0,0,0,0,0,0,0,0,0,0,0,0,0,0,0,0,0,0,0,0,0,0,0,0,0,0,0,0.592,0,0,0,0,0,0,0,0,0,0,0,0,0,0,0,0,0,0,0,0,0,0,0,0,0,0,0,0,0,0,0,0,0,0,0,0,0,0,0,0,0,0,0,0,0,0,0,0,0,0,0,0,0,0,0,0,0,0,0,0,0,0,0,0,0,0,0,0,0,0,0,0,0,0,0,0,0,0,0,0,0,0,0,0,0,0,0,0,0,0,0,0,0,0,0,0,0,0,0,0,0,0,0,0,0,0,0,0,0,0,0,0,0,0,0,0,0,0,0,0,0,0,0,0,0,0,0,0,0,0,0,0,0,0,0,0.309,0,0,0,0,0,0,0,0,0,0.592,0,0,0,0,0,0,0,0,0,0,0,0,0,0,0,0,0,0,0,0,0,0,0,0,0,0,0,0,0,0,0,0,0,0,0,0,0,0.592,0,0,0,0,0,0,0,0,0,0,0,0,0,0,0,0,0,0,0,0,0,0,0,0,0,0,0,0,0,0,0,0,0,0,0,0,0,0,0,0,0.592,0,0,0,0,0,0,0,0,0,0,0,0,0,0,0,0,0,0,0,0,0,0,0,0,0,0,0,0,0,0,0,0,0,0,0,0,0,0,0,0,0,0,0,0,0,0,0,0,0,0,0,0,0,0,0,0,0,0,0,0,0,0,0,0,0,0,0.592,0,0,0,0,0,0,0,0,0,0,0,0,0,0,0,0,0,0,0,0,0,0,0,0,0,0,0,0,0,0,0,0,0,0,0,0,0,0,0,0,0,0,0,0,0,0,0,0,0,0,0,0,0,0,0,0,0,0,0,0,0,0,0,0,0,0,0,0,0,0,0,0,0,0,0,0,0,0,0,0,0,0,0,0,0,0,0,0,0,0,0,0,0,0,0,0,0,0,0,0,0,0,0,0,0,0,0,0,0,0,0,0,0,0,0,0,0,0,0,0,0,0,0,0,0,0,0,0,0,0,0,0,0,0,0,0,0,0,0,0,0,0,0,0,0,0,0,0,0,0,0,0,0,0,0,0,0,0,0,0,0,0,0,0,0,0,0,0,0,0,0,0,0,0,0,0,0,0,0,0,0,0,0,0,0,0,0,0,0,0,0,0,0,0,0,0,0,0,0,0,0,0,0,0,0,0,0,0,0,0,0,0,0,0,0,0,0,0,0,0,0,0,0,0,0,0,0,0,0,0,0,0,0,0,0,0,0,0,0,0,0,0,0,0,0,0,0,0,0,0,0,0,0,0,0,0,0,0,0,0,0,0,0,0,0,0.379,0,0,0,0,0,0,0,0,0,0,0,0,0,0,0,0,0,0,0,0,0,0,0,0,0,0,0,0,0,0,0,0,0,0,0,0,0,0,0,0,0,0,0,0,0,0,0,0,0,0,0,0,0,0,0,0,0,0,0,0,0,0,0,0,0,0,0,0,0,0,0,0,0,0,0,0,0,0,0,0,0,0,0,0,0,0,0,0,0,0,0,0,0,0,0,0,0,0,0,0,0.288,0,0,0,0,0,0,0,0,0,0,0,0,0,0,0,0,0,0,0,0,0,0,0,0,0,0,0,0,0,0,0,0,0,0,0,0,0,0,0,0,0,0,0,0,0,0,0,0,0,0,0,0,0,0,0,0,0,0,0,0,0,0,0,0,0,0,0,0,0,0,0,0,0,0,0,0,0,0,0,0,0,0,0,0,0,0,0,0,0,0,0,0,0,0,0,0,0,0,0,0,0,0,0,0,0,0,0,0,0,0,0,0,0,0,0,0,0,0,0,0,0,0,0,0,0,0,0,0,0,0,0,0,0,0,0,0,0,0,0,0,0,0,0,0,0,0,0,0,0,0,0,0,0,0,0,0,0,0,0,0,0,0,0,0,0,0,0,0,0,0,0,0,0,0,0,0,0,0,0,0,0,0,0,0,0,0,0,0,0,0,0,0,0,0,0,0,0,0,0,0,0,0,0,0,0,0,0,0,0,0,0,0,0,0,0,0,0,0,0,0,0,0,0,0,0,0,0,0,0,0,0,0,0,0,0,0,0,0,0,0,0,0,0,0,0,0,0,0,0,0,0,0,0,0,0,0,0,0,0,0,0,0,0,0,0,0,0,0,0,0,0,0,0,0,0,0,0,0,0,0,0,0,0,0,0,0,0,0,0,0,0,0,0,0,0,0,0,0,0,0,0,0,0,0,0,0,0,0,0,0,0,0,0,0,0,0,0,0,0,0,0,0,0,0,0,0,0,0,0,0,0,0,0,0,0,0,0,0,0,0,0,0,0,0,0,0,0,0,0,0,0,0,0,0,0,0,0,0,0,0,0,0,0,0,0,0,0,0,0,0,0,0,0,0,0,0,0,0,0,0,0,0,0,0,0,0,0,0,0,0,0,0,0,0,0,0,0.536,0,0,0,0,0,0,0,0,0,0,0,0,0,0,0,0,0,0,0,0,0.483,0,0,0,0,0,0,0,0,0,0,0,0,0,0,0,0,0.309,0,0,0,0,0,0,0,0,0,0,0,0,0,0,0,0,0,0,0,0,0,0,0,0,0,0,0,0,0,0,0,0,0,0,0,0,0,0,0,0,0,0,0,0,0,0,0,0,0,0,0,0,0,0,0,0,0,0,0,0,0,0,0,0,0,0,0,0,0,0,0,0.592,0,0,0,0,0,0,0,0,0,0,0,0,0,0,0,0,0,0,0,0,0,0,0,0,0,0,0,0,0,0,0,0,0,0,0,0,0,0,0,0,0,0,0,0,0,0,0,0,0,0,0,0,0,0,0,0,0,0,0,0,0,0,0,0,0,0,0,0,0,0,0,0,0,0,0,0,0,0,0,0,0,0,0,0,0,0,0,0,0,0,0,0,0,0,0.288,0,0,0,0,0,0.196,0,0,0,0,0,0,0,0,0,0,0,0,0,0,0,0,0,0,0,0,0,0,0,0,0,0,0,0,0,0,0,0,0,0,0,0,0,0,0,0,0,0,0,0,0,0,0,0,0,0,0,0,0,0,0,0,0,0,0,0,0,0,0,0,0,0,0,0,0,0,0,0,0,0,0,0,0,0,0,0,0,0,0,0,0,0,0,0,0,0,0,0,0,0,0,0,0,0,0,0,0,0,0,0,0,0,0,0,0,0,0,0,0,0,0,0,0,0,0,0,0,0,0,0,0,0,0,0,0,0,0,0,0,0,0,0,0,0,0,0,0,0,0,0,0,0,0,0,0,0,0,0,0,0,0,0,0,0,0,0,0,0,0,0,0,0,0,0,0,0,0,0,0,0,0,0,0,0,0,0,0,0,0,0,0,0,0,0,0,0,0,0,0,0,0,0,0,0,0,0,0,0,0,0,0,0,0,0,0,0,0,0,0,0,0,0,0,0,0,0,0,0,0,0,0,0,0,0,0,0,0,0,0,0,0,0,0,0,0,0,0,0,0,0,0,0,0,0,0,0,0,0,0,0,0,0,0,0,0,0,0,0,0,0,0,0,0,0,0,0,0,0,0,0,0,0,0,0,0,0,0,0,0,0,0,0,0,0,0,0,0,0,0,0,0,0,0,0,0,0,0,0,0,0,0,0,0,0,0,0.592,0,0,0,0,0,0,0,0,0,0,0,0,0,0,0,0,0,0,0,0,0,0,0,0,0,0,0,0,0,0,0,0,0,0,0,0,0,0,0,0,0,0,0.592,0,0,0,0,0,0,0,0,0,0,0,0,0,0,0,0,0,0,0,0,0,0,0,0,0,0,0,0,0,0,0,0,0,0,0,0,0,0,0,0,0,0,0,0,0,0,0,0,0,0,0,0,0,0,0,0,0,0,0,0,0,0,0,0,0,0,0,0,0,0,0,0,0,0,0,0,0,0,0,0,0,0,0,0,0,0,0,0,0,0,0,0,0,0,0,0,0,0,0,0,0,0,0,0,0,0,0,0,0,0,0,0,0,0,0,0,0,0,0,0,0,0,0,0,0,0,0,0,0,0,0,0.483,0,0,0,0,0,0,0,0,0,0,0,0,0,0,0,0,0,0,0,0,0,0,0,0,0,0,0,0,0,0,0,0.457,0,0,0,0,0,0,0,0,0,0,0,0,0,0,0,0,0,0,0,0,0,0,0,0,0,0,0,0,0,0,0,0,0,0,0,0,0,0,0,0,0,0,0,0,0,0,0,0,0,0,0,0,0,0,0,0,0,0,0,0,0,0,0,0,0,0,0,0,0,0,0,0,0,0,0,0,0,0,0,0,0,0,0,0,0,0,0,0,0,0,0,0,0,0,0,0,0,0,0,0,0.537,0,0,0,0,0,0.513,0,0,0,0,0,0,0,0,0,0,0,0,0,0,0,0,0,0,0,0,0,0,0,0,0,0,0,0,0.226,0,0,0,0,0,0,0,0,0,0,0,0,0,0,0,0,0,0,0,0,0,0,0,0,0,0,0,0,0,0,0,0,0,0,0,0,0,0,0,0,0,0,0,0,0,0,0,0,0,0,0,0,0,0,0,0,0,0,0,0,0,0,0,0,0,0,0.219,0,0,0,0,0,0,0,0,0,0,0,0,0,0,0,0,0,0,0,0,0,0,0,0,0,0,0,0,0.592,0,0,0,0,0,0,0,0,0,0,0,0,0,0,0,0,0,0,0,0,0,0,0,0,0,0,0,0,0,0,0,0,0,0,0,0,0,0,0,0,0,0,0,0,0,0,0,0,0,0,0,0,0,0.196,0,0,0,0,0,0,0,0,0,0,0,0,0,0,0,0,0,0,0,0,0,0,0,0,0,0,0,0,0,0,0,0,0,0,0,0,0,0,0,0,0,0,0,0,0,0,0,0,0,0,0,0,0,0,0,0,0,0,0,0,0,0,0,0,0,0,0,0,0,0,0,0,0,0,0,0,0,0,0,0,0,0,0,0,0,0,0,0,0,0,0,0,0,0,0,0,0,0,0,0,0,0,0,0,0,0,0,0,0,0,0,0,0,0,0,0,0,0,0,0,0,0,0.61,0,0,0,0,0,0,0,0,0,0,0,0,0,0,0,0,0,0,0,0,0,0,0,0,0,0,0,0,0,0,0,0,0,0,0,0,0,0,0,0,0,0,0,0,0,0,0,0,0,0,0,0,0,0,0.445,0,0,0,0,0,0,0,0,0,0,0,0,0,0,0,0,0,0,0,0,0,0.192,0,0,0,0,0,0,0,0,0,0,0,0,0,0,0,0,0,0,0,0,0,0,0,0,0,0,0,0,0,0,0,0,0,0,0,0,0,0,0,0,0,0,0,0.61,0,0,0,0,0,0,0.446,0.177,0,0.288,0,0,0,0,0,0,0,0,0,0,0,0,0,0,0,0,0,0,0,0,0,0,0,0,0,0,0,0,0,0,0,0,0,0,0,0,0,0,0,0,0,0,0,0,0,0,0,0,0,0,0,0,0,0,0,0,0,0,0,0,0,0,0,0,0,0,0,0,0,0,0,0,0,0,0,0,0,0,0,0,0,0,0,0,0,0,0,0,0,0,0,0,0,0,0,0,0,0,0,0,0,0,0,0,0,0,0,0,0,0,0,0,0,0,0,0,0,0,0,0,0,0,0,0,0,0,0,0,0,0,0,0,0,0,0,0,0,0,0,0,0,0,0,0,0,0,0,0,0,0,0,0,0,0,0,0.338,0,0,0,0,0,0,0,0,0,0,0,0,0,0,0,0,0,0,0,0,0,0,0,0,0,0,0,0,0,0,0,0,0,0,0,0,0,0,0,0,0,0,0,0,0,0,0,0,0,0,0,0,0,0,0,0,0,0,0,0,0,0,0,0,0,0,0,0,0,0,0,0,0,0,0,0,0,0,0,0,0,0,0,0,0,0,0,0,0,0,0,0,0,0,0,0,0,0,0,0,0.394,0,0,0,0,0,0,0,0,0,0,0,0,0,0,0,0,0,0,0,0,0,0,0,0,0,0.54,0,0,0,0,0,0,0,0,0,0,0,0,0,0,0,0,0,0,0,0,0,0,0,0,0,0,0,0,0,0,0,0,0,0,0,0,0,0,0,0,0,0,0,0,0,0,0,0,0,0,0,0,0,0,0,0,0,0,0,0,0,0,0,0,0,0,0,0,0,0,0,0,0,0,0,0,0,0,0,0,0,0,0,0,0,0,0,0,0,0,0,0,0,0,0,0,0,0,0,0,0,0,0,0,0.171,0,0,0,0,0,0,0,0,0,0,0,0,0,0,0,0,0,0,0.288,0,0,0,0,0,0,0,0,0,0,0,0,0,0,0,0,0,0,0,0,0,0,0,0,0,0,0,0,0,0,0,0,0,0,0,0,0,0,0,0,0,0,0,0,0,0,0,0,0,0,0,0,0,0,0,0,0,0,0,0,0,0,0,0,0,0,0,0,0,0,0,0,0,0,0,0,0,0,0,0,0,0,0,0,0,0,0.192,0.481,0,0,0,0,0,0,0,0,0,0,0,0,0,0,0,0,0.349,0,0,0,0,0,0,0,0,0,0,0,0,0,0,0,0,0,0,0,0,0,0,0,0,0,0,0,0,0,0,0,0,0,0,0,0,0,0,0,0,0,0,0,0,0.394,0,0,0,0,0,0,0,0,0,0,0,0,0,0,0,0,0.152,0,0,0,0,0,0,0,0,0,0,0,0,0,0,0,0.192,0,0,0,0.166,0,0,0,0,0,0,0,0,0,0,0,0,0,0,0,0,0,0,0,0,0,0,0,0,0,0,0,0,0,0,0,0,0,0
853809,0,0,0,0,0,0,0,0,0,0,0,0,0,0,0,0.277,0,0,0,0,0,0,0,0,0,0,0.169,0,0,0,0,0,0,0,0,0,0,0,0,0,0,0,0,0,0,0,0,0,0,0,0,0.96,0,0,0,0,0.451,0,0.227,0,0,0,0,0,0,0,0,0,0,0,0.334,0,0,0,0.353,0.296,0,0,0,0,0,0,0,0,0,0,0,0,0,0,0.731,0,0,0.227,0,0.982,0.194,0,0.319,0,0,0,0,0,0,0,0,0,0,0,0,0,0,0,0,0,0,0,0,0,0,0.227,0.185,0,0,0,0,0,0,0,0,0,0,0,0,0,0,0,0.185,0.296,0.972,0,0.414,0,0,0,0,0,0,0,0,0,0,0,0,0,0,0,0,0,0,0,0,0.424,0.355,0,0,0,0,0,0,0,0,0,0,0,0,0,0,0,0,0.296,0,0,0,0,0,0,0,0,0,0,0,0,0,0,0,0,0,0,0,0.177,0,0,0.193,0,0.961,0,0,0.166,0.314,0,0,0,0,0,0,0.219,0,0,0.989,0,0,0.231,0,0,0,0,0,0.797,0,0,0.965,0,0.356,0,0.276,0,0,0,0,0,0,0.228,0.184,0,0,0,0,0,0,0,0,0,0,0,0,0,0,0,0,0,0,0,0,0,0,0,0,0,0,0,0,0,0,0.925,0,0,0,0,0,0,0.76,0,0,0.153,0,0.488,0,0.738,0,0,0,0,0,0.264,0,0,0,0,0.972,0,0,0,0,0,0.3,0,0,0.847,0,0,0,0,0.954,0,0,0,0,0,0,0,0,0.319,0,0,0,0.194,0,0.686,0,0.169,0,0.198,0.193,0,0,0,0,0,0,0,0,0.269,0,0.29,0,0,0,0,0,0,0,0,0,0,0.24,0,0,0.288,0,0.574,0,0,0,0,0.414,0,0,0.984,0.19,0.934,0,0,0,0,0.947,0,0.316,0,0,0,0,0.924,0,0,0,0.208,0,0,0,0.157,0,0.199,0.317,0,0.983,0,0,0,0.214,0,0,0,0.253,0,0,0,0,0.86,0,0,0,0,0,0.324,0,0,0,0,0.254,0,0,0,0,0.187,0,0,0,0,0.185,0,0,0,0,0,0.309,0,0.204,0,0.735,0,0,0,0.193,0,0,0,0,0,0.926,0,0.249,0,0.151,0,0,0,0,0,0,0,0,0,0,0,0,0,0,0,0,0,0,0.976,0,0.223,0,0,0,0,0,0,0,0,0,0.368,0,0,0,0,0,0,0.194,0,0,0.483,0,0,0,0.173,0.152,0,0,0,0,0,0,0,0,0,0,0,0,0,0,0,0.959,0,0,0,0,0,0,0,0,0.239,0,0,0,0,0,0,0,0,0.158,0,0,0,0,0.169,0.495,0,0,0,0.377,0,0,0,0.163,0.229,0.23,0,0,0,0,0,0,0,0,0,0,0,0,0,0,0,0.525,0,0,0,0,0,0,0.239,0,0.184,0,0,0,0,0,0,0,0,0,0,0,0,0,0,0,0,0,0.185,0,0,0,0,0,0.505,0,0,0,0,0,0,0,0,0,0,0,0,0,0,0,0,0,0,0,0,0.26,0,0,0,0,0,0,0,0,0,0,0,0,0.396,0.308,0,0.258,0,0,0,0,0,0,0,0,0,0,0,0,0,0,0,0,0,0.188,0,0,0.194,0,0,0,0,0,0,0,0,0,0,0,0.24,0,0,0,0,0,0,0,0,0,0,0,0,0,0,0,0,0.19,0,0,0,0.164,0,0,0,0,0,0,0,0,0,0.223,0,0,0,0,0,0.18,0.376,0,0.283,0,0,0.39,0,0,0,0.251,0.246,0.99,0,0,0,0,0,0,0.168,0,0,0,0.958,0,0,0,0.205,0,0.19,0,0,0,0,0,0.362,0,0,0,0,0,0,0,0,0.99,0,0.224,0,0,0,0,0,0,0,0,0,0,0,0,0,0,0,0,0,0,0,0,0,0,0,0.208,0,0,0,0,0,0,0.608,0,0,0.218,0,0.244,0,0,0,0,0.219,0,0,0,0,0,0,0,0,0.197,0,0,0,0,0,0,0,0,0,0.223,0,0.517,0,0,0,0,0,0,0,0,0,0,0,0,0,0,0,0,0,0,0,0,0,0,0.989,0,0.472,0,0,0.57,0,0,0,0,0,0,0.2,0,0,0.24,0,0,0,0,0,0,0,0,0,0,0,0,0.219,0,0.951,0,0,0,0,0,0,0,0,0,0,0.375,0,0,0,0.855,0,0,0.223,0,0,0,0,0,0,0,0,0,0,0.298,0,0.299,0,0,0,0,0.17,0,0,0,0,0,0,0,0.948,0,0,0,0,0,0,0.159,0,0.975,0,0,0,0,0,0,0.841,0,0,0,0.98,0,0.258,0,0,0,0,0,0,0,0.173,0,0.253,0,0,0,0,0.196,0,0.26,0.988,0.179,0,0,0,0,0.254,0,0.21,0,0.332,0,0,0.161,0,0.234,0,0,0.368,0,0.957,0,0,0,0,0,0,0,0,0,0,0,0,0,0,0.449,0,0,0,0,0,0,0,0,0,0,0,0,0,0,0,0,0,0,0,0,0,0,0,0,0,0,0,0,0,0,0,0,0,0,0,0,0,0,0,0,0,0,0,0,0,0,0,0,0.986,0,0,0,0,0.151,0,0,0,0,0.99,0,0,0,0,0,0,0,0,0,0,0,0,0,0,0,0,0,0,0,0,0,0,0,0,0,0,0,0,0,0,0,0,0,0,0,0,0,0,0,0,0,0,0,0,0,0,0,0,0,0,0,0,0,0,0,0,0,0,0,0,0,0,0.866,0,0.252,0,0,0,0,0.384,0,0.887,0,0,0,0,0,0,0,0,0,0,0,0,0,0,0,0,0,0,0.981,0,0,0,0,0,0,0,0.237,0,0,0.973,0,0,0.344,0,0.222,0,0,0,0.952,0.245,0.527,0,0,0.306,0,0,0,0,0.153,0,0,0,0,0,0,0,0,0,0,0,0,0,0,0,0,0,0,0,0,0,0.173,0,0,0,0,0.96,0,0,0,0,0,0,0,0,0,0,0,0,0,0,0,0.901,0,0,0.383,0,0,0,0,0,0.191,0,0.549,0,0,0,0,0,0,0,0,0,0,0,0,0,0,0,0,0,0,0,0,0,0,0,0,0,0,0,0,0.947,0,0,0,0,0,0,0,0,0,0,0,0,0,0,0,0,0,0,0.166,0,0,0,0,0,0,0,0,0,0,0,0,0.846,0,0.983,0,0,0,0,0,0,0,0,0,0,0,0,0,0,0,0.385,0,0,0,0,0,0,0.192,0,0,0,0,0,0,0,0,0,0,0,0,0,0,0.204,0,0,0,0,0,0,0,0,0,0,0,0,0.537,0,0,0,0,0,0.309,0,0,0,0,0,0,0,0,0,0,0,0,0,0.217,0,0.192,0,0,0,0,0,0,0,0,0,0,0,0.962,0,0,0.536,0,0,0,0,0,0,0,0,0,0,0.567,0,0,0,0,0,0,0,0,0,0,0,0,0,0,0,0,0,0,0,0,0,0,0,0,0,0.431,0,0,0.312,0,0,0,0,0,0,0,0,0,0,0,0,0,0,0,0,0,0,0,0,0,0,0,0,0,0,0,0.373,0,0,0,0,0,0,0,0,0,0,0,0,0,0,0,0,0,0,0,0,0,0,0,0,0,0,0,0,0,0,0,0.989,0,0,0,0,0,0,0,0,0,0,0,0,0,0,0,0,0,0,0,0.551,0,0,0,0.187,0,0,0,0,0,0,0,0.171,0,0,0,0,0,0,0,0,0,0,0.453,0,0,0,0,0,0,0,0,0,0,0,0,0,0,0,0,0,0,0,0,0.394,0,0,0,0,0,0,0,0,0,0,0,0,0,0,0,0,0,0,0,0,0,0,0,0,0,0,0,0,0.184,0,0,0,0,0,0,0,0,0,0,0,0,0,0,0,0,0,0,0,0,0,0,0,0,0,0,0,0,0,0,0,0,0,0,0,0,0,0,0,0,0,0,0,0,0,0,0.188,0,0,0,0,0,0,0,0.194,0.219,0,0,0,0,0,0.644,0,0,0,0,0,0,0,0,0,0,0,0.163,0.276,0,0,0,0,0,0,0,0,0,0,0,0,0,0,0,0,0,0,0,0,0,0,0,0,0,0,0,0,0.962,0.273,0,0,0.962,0,0,0,0,0,0,0,0,0,0,0.89,0,0,0,0,0,0,0.888,0,0,0,0,0.554,0,0,0,0.172,0,0,0,0,0,0,0,0,0.182,0,0.897,0,0,0,0,0,0,0,0,0,0,0,0,0,0,0,0,0,0,0,0,0.184,0,0,0,0,0,0,0,0,0,0,0.979,0,0,0,0,0,0,0,0,0,0.969,0,0,0,0,0.215,0,0,0,0,0,0,0.163,0,0,0,0,0,0,0,0,0,0,0,0,0,0,0.975,0,0,0.349,0,0,0,0,0,0,0,0,0,0.54,0,0.957,0,0.226,0,0,0,0,0,0,0,0.275,0,0,0,0,0,0,0,0,0,0,0.166,0,0,0.227,0,0,0,0,0,0,0,0,0,0,0,0,0,0,0,0,0,0,0,0,0,0,0,0,0.339,0,0,0,0,0,0,0,0,0,0,0,0.168,0,0,0,0,0,0,0,0,0,0,0,0,0,0,0,0,0.655,0,0.538,0,0,0,0,0,0,0.169,0,0.22,0,0,0,0,0,0,0,0,0,0,0,0,0.22,0,0,0.218,0,0,0,0.9,0,0,0,0,0,0,0,0,0,0.226,0,0,0,0,0,0,0,0,0,0,0,0,0,0.169,0,0,0,0.401,0,0,0,0,0.2,0,0,0,0,0,0,0,0,0,0,0,0,0,0.211,0,0,0,0,0.187,0,0,0,0,0,0,0,0,0,0.42,0,0,0,0,0,0,0,0,0,0,0.349,0,0,0,0,0,0,0,0,0,0,0,0,0,0.193,0,0,0,0,0,0,0,0,0,0,0,0,0,0,0,0,0,0,0,0,0,0,0,0,0,0,0.191,0,0,0,0,0.169,0,0,0,0,0,0,0,0,0,0,0,0,0,0,0,0,0,0,0,0,0,0,0,0,0,0,0,0,0,0,0,0,0,0,0,0,0,0,0,0,0,0,0,0,0,0,0,0,0,0,0,0.672,0,0,0.915,0,0,0,0,0,0.192,0,0,0,0,0,0,0,0,0,0,0,0,0,0,0,0,0,0,0,0,0,0,0,0,0,0,0,0,0,0,0,0,0.322,0,0,0,0,0,0,0,0,0,0,0.188,0,0,0,0,0,0,0,0,0,0,0,0,0,0,0,0,0.974,0,0,0,0,0,0,0,0,0,0,0,0,0,0,0,0,0,0,0,0,0,0,0,0,0.281,0,0,0,0,0,0,0,0,0,0,0,0,0,0,0,0,0,0,0,0,0,0.977,0,0,0,0,0.307,0.943,0,0,0,0,0.891,0,0,0,0,0,0,0,0.266,0,0,0,0,0,0,0,0,0.232,0,0,0,0,0,0,0,0,0,0,0,0,0,0,0,0,0.247,0.95,0,0,0,0.505,0,0,0,0,0.232,0,0,0,0,0,0,0,0,0,0,0,0,0,0,0,0,0,0.322,0,0.737,0,0,0,0,0,0,0,0,0,0,0.198,0,0,0,0,0,0,0,0,0,0,0,0,0,0,0,0,0,0,0,0,0,0.72,0,0,0,0,0.184,0,0,0,0,0,0,0,0,0,0,0,0.944,0,0,0,0,0,0,0,0.156,0,0.201,0,0,0,0,0.534,0.695,0,0,0,0,0,0,0,0,0,0,0,0,0,0,0,0,0,0,0,0.311,0,0,0.247,0,0,0,0,0,0,0,0,0,0,0,0,0,0,0,0,0.275,0,0.829,0,0.186,0.99,0,0,0,0,0,0,0,0,0,0,0,0,0,0,0,0,0,0,0,0,0,0,0,0,0,0,0,0,0,0,0,0,0,0,0,0,0,0,0.189,0,0,0,0,0,0,0,0,0,0,0,0,0,0,0,0,0,0.189,0,0,0,0,0,0,0.167,0,0,0,0,0,0,0,0,0,0,0,0,0,0,0.179,0,0,0,0,0,0,0,0,0.179,0.179,0,0,0,0,0,0.267,0,0,0,0,0,0,0,0,0,0,0,0,0,0,0,0,0,0,0,0,0,0,0,0,0,0.361,0,0,0,0,0,0,0,0,0,0,0,0,0,0,0,0,0,0.205,0,0,0,0,0,0,0,0,0,0,0,0,0,0,0,0,0,0,0.258,0,0,0,0,0,0,0.938,0,0,0,0,0,0,0,0,0,0,0,0,0,0,0,0,0,0,0,0,0,0,0,0,0,0,0,0,0,0,0,0,0,0,0.308,0,0,0,0,0,0,0,0,0,0,0,0,0.361,0,0,0.185,0,0,0,0,0,0,0,0,0,0,0,0,0,0,0,0,0,0,0,0,0,0.428,0,0,0,0,0,0,0.245,0,0,0,0,0,0,0,0,0,0,0,0.297,0,0,0,0,0,0,0,0,0,0,0,0,0,0,0,0,0,0,0,0,0,0,0,0,0,0,0,0,0,0,0,0,0,0,0,0.208,0,0,0,0,0,0,0,0,0,0,0,0,0,0,0,0,0,0,0,0,0,0,0,0,0,0,0,0,0,0.161,0,0,0.68,0,0,0,0,0,0,0,0,0,0.169,0,0,0,0,0,0,0,0,0.612,0.938,0.21,0,0,0,0,0.976,0.917,0.943,0,0,0.99,0,0.72,0,0.877,0.596,0.187,0.943,0,0,0.443,0.366,0.238,0,0.977,0.197,0.971,0,0,0.924,0.333,0,0,0,0,0.449,0.957,0,0.942,0,0.89,0,0,0,0.857,0.957,0.413,0.984,0,0,0.162,0,0,0.287,0,0.307,0,0.175,0.762,0.98,0.921,0.992,0,0.719,0.94,0,0,0.944,0.65,0.776,0,0.155,0,0.646,0,0,0,0.744,0.945,0,0.947,0.947,0.702,0,0,0.804,0.208,0.204,0.513,0,0.953,0.32,0.616,0,0.957,0.84,0,0,0,0,0.973,0,0.929,0.876,0.561,0.73,0.817,0,0,0.911,0.778,0.269,0.724,0.691,0.951,0.212,0.954,0.646,0,0,0,0.93,0.85,0.625,0.501,0,0,0.178,0.262,0.74,0,0.469,0,0.92,0.8,0.185,0,0,0,0.973,0.959,0,0,0.308,0.991,0,0,0.949,0,0,0.324,0.969,0.98,0.157,0.889,0.394,0.99,0,0.32,0.855,0,0.569,0.734,0.99,0.317,0,0.985,0.743,0,0,0,0.154,0,0,0,0,0.167,0,0.881,0,0.49,0.559,0.529,0,0,0.644,0.895,0.97,0.989,0.155,0,0,0.983,0.912,0,0.219,0.987,0,0.786,0.985,0,0.971,0,0,0.845,0,0.87,0,0,0.959,0.98,0.99,0,0.646,0.955,0,0,0,0,0.83,0.207,0.929,0,0.587,0.949,0,0,0,0,0,0,0,0,0,0,0.288,0,0,0,0,0.29,0,0,0,0,0,0,0,0.171,0,0.418,0.195,0,0,0,0,0,0,0,0,0,0,0,0,0,0,0,0,0.824,0,0,0,0,0,0,0,0,0,0,0,0,0,0,0,0,0,0,0,0,0,0,0,0,0,0,0,0,0,0,0,0,0,0,0,0,0,0,0,0,0,0,0,0,0,0,0,0,0,0,0,0.57,0.167,0,0,0,0,0,0,0,0,0,0,0,0,0,0.372,0,0,0,0,0.162,0,0,0,0,0,0,0,0,0,0,0,0,0,0,0,0,0,0,0,0,0,0,0,0,0,0,0.515,0,0.248,0,0,0,0,0,0,0,0,0,0,0,0,0,0.22,0,0,0,0,0,0,0,0,0,0,0,0,0,0,0,0,0,0,0,0,0,0,0,0,0,0,0,0,0,0,0,0,0,0,0,0,0,0,0,0,0,0,0,0,0,0,0,0,0,0,0,0,0,0,0,0,0.564,0,0,0,0,0,0,0,0,0,0,0,0,0,0,0,0,0,0,0.179,0,0,0,0,0,0,0,0,0,0,0,0,0,0,0,0,0,0,0,0,0.427,0,0,0.316,0.161,0,0,0,0,0,0,0,0,0,0,0,0,0,0,0,0,0,0,0,0,0,0,0,0,0,0,0,0,0,0,0,0,0,0,0,0,0,0,0,0,0,0,0,0,0,0,0,0,0,0,0,0,0.342,0,0,0,0,0,0,0,0,0,0,0,0,0,0,0,0,0,0,0,0,0,0,0,0,0,0,0,0,0.269,0,0,0,0,0,0,0,0,0,0,0,0,0,0,0,0,0,0,0,0,0,0,0,0.295,0,0,0,0,0,0,0,0,0,0,0,0,0,0,0,0,0,0,0,0,0,0,0,0,0,0,0,0,0,0.246,0,0,0,0,0,0,0,0,0,0,0,0,0,0,0.303,0,0.647,0,0,0,0,0,0,0.287,0,0,0,0,0,0,0,0,0,0,0,0,0,0,0,0,0,0,0,0,0,0,0,0,0,0,0,0,0,0,0,0,0,0,0,0,0,0,0,0,0,0,0,0,0,0,0,0,0,0,0,0,0,0,0,0,0,0,0,0,0,0,0,0,0,0,0,0,0,0,0,0,0,0,0,0,0,0,0,0,0,0,0,0,0,0,0,0,0,0,0.292,0,0,0,0,0,0,0,0,0,0,0,0,0,0,0,0,0,0,0,0,0,0,0,0,0,0,0,0,0,0,0,0,0,0,0.334,0,0,0,0,0,0,0,0,0,0,0,0,0,0,0,0,0,0,0,0,0,0,0,0,0,0.896,0,0,0,0,0,0,0,0,0,0,0,0,0,0,0,0,0,0,0,0,0,0,0,0,0,0,0,0,0,0,0,0,0,0,0,0,0,0,0,0,0,0,0,0,0,0,0,0,0,0,0,0,0,0,0,0,0,0,0,0,0,0,0,0,0,0,0,0,0,0,0,0,0,0,0,0,0,0,0,0,0,0,0,0,0,0,0,0,0,0,0,0,0,0,0,0,0,0,0,0,0,0,0,0,0,0,0,0,0,0,0,0,0,0,0,0,0,0,0,0,0,0,0,0,0,0,0,0,0,0,0,0,0,0,0,0,0,0,0,0,0,0,0,0,0,0,0,0,0,0,0,0,0,0,0,0,0,0,0,0,0,0,0,0,0,0,0,0,0,0,0,0,0,0,0,0,0,0,0,0,0,0,0,0,0.158,0,0.171,0,0.194,0,0,0,0,0,0,0,0,0,0,0,0,0,0,0,0,0,0,0,0,0,0,0,0,0,0,0,0,0,0,0,0,0,0,0.685,0,0,0,0,0,0,0,0,0,0,0,0,0.313,0,0,0,0.263,0,0,0,0,0,0,0,0,0,0,0,0,0,0,0,0,0,0,0,0,0,0,0.391,0,0,0,0,0,0,0,0,0,0,0,0,0,0,0,0,0,0,0,0,0,0,0,0,0,0,0,0,0,0,0,0,0,0,0,0,0,0,0,0,0,0,0,0,0,0,0,0,0,0,0,0,0,0,0,0,0,0,0.279,0,0,0,0,0,0,0,0,0.167,0,0,0,0,0,0,0,0,0,0,0,0,0,0,0,0,0,0,0,0,0,0,0,0,0,0,0,0,0,0,0,0,0,0,0,0,0,0,0,0,0,0,0,0,0,0,0,0,0,0,0,0,0,0,0,0,0,0,0.515,0,0,0,0,0,0,0,0,0,0,0,0,0,0,0,0,0,0,0,0,0,0,0,0,0,0,0,0,0,0,0,0,0,0,0,0,0,0,0,0,0,0,0.376,0,0,0,0,0,0,0,0,0,0,0,0,0,0,0,0,0,0,0,0,0,0,0,0,0,0,0,0,0,0,0,0,0,0,0,0,0,0.313,0,0,0,0,0,0,0,0,0,0,0,0,0,0,0,0,0,0.173,0,0,0,0,0,0.358,0,0,0,0,0,0,0,0,0,0,0,0,0,0,0,0,0,0,0,0,0,0,0,0,0,0,0,0,0,0,0,0,0,0,0,0,0,0,0,0,0,0,0,0,0,0,0,0,0,0,0,0,0,0,0,0.428,0,0,0,0,0,0,0,0,0,0,0,0,0,0,0,0,0,0,0,0,0,0,0,0,0,0,0,0,0,0,0,0,0,0,0,0,0,0,0,0,0,0,0,0,0,0,0,0,0,0,0,0,0,0,0,0,0,0,0,0,0,0,0,0,0,0,0,0,0,0,0,0,0,0,0,0,0,0,0,0,0,0,0,0,0,0,0,0,0,0,0,0,0,0,0,0,0,0,0,0,0,0,0,0,0,0,0,0.462,0,0,0,0,0,0,0,0,0,0,0,0,0,0,0,0,0,0,0,0,0,0,0,0,0,0,0,0,0,0,0,0,0,0,0,0,0,0,0,0,0,0,0,0,0,0,0,0,0,0,0,0,0,0,0,0,0,0,0,0,0,0,0,0,0,0,0,0,0,0.196,0,0,0,0,0,0,0,0,0,0,0,0,0,0,0,0,0,0,0,0,0,0,0,0
856092,0.239,0,0,0,0,0,0.169,0,0,0,0,0,0,0,0,0,0,0,0.163,0,0,0,0,0,0,0,0.152,0,0,0,0,0,0,0,0.173,0,0.188,0,0,0,0,0,0,0,0,0,0,0,0,0,0.304,0,0,0,0,0,0,0,0,0,0,0,0,0,0.167,0,0,0,0,0,0.162,0,0,0,0,0,0,0,0,0,0.205,0,0,0,0,0,0,0,0,0,0,0,0.355,0,0,0,0,0,0.212,0,0.27,0,0,0,0,0,0,0,0,0,0,0,0,0,0,0,0,0,0,0,0,0,0,0,0,0,0,0,0,0,0,0,0,0,0,0,0.71,0,0.152,0,0,0,0,0,0,0,0,0.236,0,0,0,0,0,0,0,0.203,0,0,0,0,0,0,0,0,0.203,0,0,0,0,0.197,0,0.244,0,0,0,0,0.539,0,0,0.176,0,0,0,0,0.23,0,0,0,0,0,0.213,0.202,0,0,0,0,0,0,0,0,0,0.493,0,0,0.232,0,0,0,0,0,0,0.502,0.179,0,0,0,0,0,0,0,0,0,0,0,0,0,0,0,0,0,0,0,0,0,0,0.676,0.409,0,0,0,0,0,0,0,0,0,0,0,0,0,0,0,0,0,0,0,0.428,0,0,0,0,0,0.197,0,0,0,0,0,0,0,0,0,0,0,0,0,0,0.16,0,0.249,0,0,0,0,0,0,0,0.181,0.519,0,0,0,0,0,0,0,0,0,0,0,0,0.528,0,0.194,0,0,0,0,0,0,0,0,0.913,0.161,0,0,0,0,0,0,0,0,0,0,0.179,0,0,0.27,0,0,0,0.704,0,0,0,0,0,0,0,0,0,0,0,0,0.2,0,0.676,0,0.154,0,0,0,0,0.153,0,0,0,0,0,0,0,0,0,0,0,0,0,0.16,0,0,0.168,0,0,0,0,0,0,0,0,0,0.157,0,0,0,0,0.216,0,0,0,0,0,0,0,0,0,0,0,0,0,0,0,0,0,0,0,0,0,0,0,0,0.318,0.2,0,0,0,0,0.18,0,0,0,0,0,0,0,0,0,0,0,0,0.588,0,0.913,0.234,0,0.515,0,0,0.675,0,0,0,0.206,0,0,0,0,0,0,0,0,0,0.154,0.355,0.186,0,0,0,0,0,0,0,0,0.969,0,0,0,0,0,0,0,0,0,0,0,0,0,0,0,0,0,0,0,0,0.296,0,0,0,0,0,0,0,0,0.182,0,0,0,0,0,0,0,0,0,0.204,0,0,0,0.182,0,0,0,0,0,0.196,0,0,0,0,0.155,0,0,0.163,0,0,0,0,0,0,0.189,0.206,0,0.164,0,0,0,0,0,0,0,0,0,0,0,0,0,0,0,0,0,0,0,0,0,0,0,0,0,0,0,0,0,0,0,0.188,0,0,0,0,0,0,0,0,0.67,0,0.332,0,0,0.16,0,0,0,0,0,0,0,0,0,0,0.215,0,0,0.157,0,0,0,0,0,0,0,0,0,0.209,0,0,0,0.161,0,0,0,0,0,0,0,0,0,0,0,0,0,0.319,0,0.421,0,0,0,0,0,0,0,0,0,0,0.277,0,0.503,0,0,0,0,0.173,0,0,0,0,0.182,0.206,0,0,0,0.918,0,0.226,0,0.237,0,0.425,0,0.924,0.21,0,0,0,0,0,0,0,0,0,0,0,0,0,0,0,0,0,0,0,0,0,0,0,0,0,0,0,0,0,0,0,0,0.182,0,0,0,0,0,0,0,0,0,0,0,0,0,0.213,0,0.16,0,0,0.206,0,0.588,0,0,0,0,0,0,0,0,0,0,0,0,0,0.164,0,0.214,0,0,0.153,0,0,0,0,0,0,0,0,0,0,0,0,0.19,0.155,0.322,0,0,0,0.187,0,0,0,0.618,0,0.268,0,0,0,0.175,0,0,0,0,0,0,0,0,0,0,0,0,0,0,0,0,0,0,0,0,0,0.151,0,0,0,0,0,0,0.153,0,0.167,0,0,0,0,0.152,0,0,0,0,0,0,0,0.157,0,0.227,0,0,0,0,0,0,0,0,0,0.29,0,0.305,0,0.16,0,0,0,0,0,0.167,0,0,0,0.609,0,0,0,0,0.236,0,0,0,0,0,0,0.456,0,0,0,0,0.165,0.272,0,0,0.239,0,0,0,0,0,0,0.158,0,0,0,0,0,0,0,0,0.3,0,0,0,0,0,0,0,0.154,0,0,0,0.174,0,0,0,0,0,0,0,0.17,0,0,0,0,0,0,0,0,0,0,0,0,0.184,0.298,0,0.16,0.49,0,0,0,0,0.164,0,0,0,0,0,0,0,0.161,0.544,0.153,0.157,0,0.332,0,0,0,0,0,0,0,0,0,0,0,0.453,0,0,0,0,0,0,0.18,0,0,0,0,0,0,0,0,0,0,0,0,0,0,0,0.369,0,0,0,0.229,0,0,0,0,0,0,0,0,0,0,0,0.918,0,0,0,0,0,0,0,0,0,0,0,0.185,0,0,0,0,0,0,0,0,0,0,0,0,0,0,0.185,0,0,0,0,0,0,0,0,0,0,0,0,0,0,0,0,0,0,0,0.185,0,0,0,0,0,0,0,0.66,0,0,0.303,0,0,0,0,0,0.153,0,0.196,0,0,0,0,0,0,0,0,0,0,0.185,0,0,0,0,0,0,0,0,0,0,0,0,0,0,0,0,0,0,0,0,0,0,0,0.272,0,0,0,0.195,0,0,0,0,0,0.224,0,0,0,0,0,0,0,0,0,0,0,0,0,0,0,0,0.433,0.266,0,0.266,0,0,0,0.505,0,0,0,0,0,0,0,0,0,0,0,0,0,0,0,0,0,0,0,0,0,0,0.15,0,0,0,0,0,0,0,0,0,0,0,0,0,0,0,0,0,0,0,0.196,0,0,0.219,0.183,0,0,0,0,0,0,0,0,0,0,0,0,0.158,0,0,0,0,0,0,0,0,0,0.224,0,0,0,0.356,0,0,0,0,0,0,0,0,0,0,0,0,0,0,0,0,0.245,0,0,0,0,0.162,0,0,0.188,0,0,0,0,0,0,0.234,0,0,0.202,0,0,0,0,0.193,0,0,0,0.161,0,0,0,0.646,0,0,0,0,0,0,0,0,0,0,0,0,0,0,0,0,0,0.224,0,0,0,0,0,0,0.154,0.151,0,0,0,0,0,0,0,0,0,0,0,0,0,0,0.217,0,0.322,0,0,0.224,0,0,0,0.624,0,0,0,0,0.22,0,0,0.173,0,0,0,0,0,0,0,0,0,0,0.303,0,0,0,0,0,0,0,0,0,0,0.188,0,0,0.75,0,0,0,0,0,0.181,0,0,0,0,0,0,0.224,0,0,0.173,0,0,0,0,0,0,0,0,0,0,0,0.334,0,0,0,0,0.828,0,0,0,0,0,0,0,0,0,0,0,0,0.581,0.24,0.207,0,0,0,0.171,0,0,0,0,0,0,0,0,0,0,0,0,0,0,0,0,0,0,0.179,0.297,0,0.252,0,0.75,0.224,0,0,0,0,0,0.372,0,0,0.321,0,0,0,0,0,0.21,0,0.393,0,0.184,0.501,0,0,0.175,0.18,0.224,0,0,0.204,0.17,0.401,0,0,0,0,0,0.7,0,0,0,0.312,0,0,0,0.201,0,0,0,0,0,0,0,0,0,0.393,0,0,0,0,0,0.398,0,0,0.233,0,0,0,0,0.181,0,0,0,0,0,0.236,0,0,0,0,0.192,0,0,0,0.606,0.393,0,0,0,0,0,0,0,0,0.194,0,0,0,0,0,0,0,0,0,0,0,0,0,0,0,0.213,0,0.217,0,0,0,0,0,0,0,0,0,0,0,0,0,0,0,0,0,0,0,0,0,0.228,0,0,0,0,0,0,0,0,0,0,0,0,0.253,0,0,0,0.171,0,0,0,0,0,0,0,0,0,0,0,0,0,0,0,0,0,0,0,0,0,0,0,0,0,0,0,0,0,0,0,0,0,0,0,0,0,0,0,0,0,0,0,0,0,0,0,0,0,0,0,0,0,0,0,0,0,0,0,0,0,0,0,0,0,0,0,0,0,0,0,0,0,0,0,0,0,0,0,0.186,0,0,0,0,0,0,0,0,0,0,0,0,0,0,0,0,0,0,0,0,0,0,0,0,0,0,0,0,0,0,0,0,0,0,0,0,0,0,0,0,0,0,0,0,0,0,0,0,0,0,0,0,0,0,0,0,0,0,0,0,0,0,0,0,0,0,0,0,0,0,0,0,0.205,0,0.258,0,0,0,0,0,0,0,0,0,0,0,0,0,0,0,0,0,0,0,0,0,0,0,0,0,0,0,0,0,0,0,0.231,0,0,0,0,0,0,0,0,0,0,0,0,0,0,0,0,0,0.186,0,0,0,0,0,0,0,0,0,0,0,0,0,0,0,0.191,0,0,0,0,0,0,0,0,0,0,0,0,0,0,0,0,0,0,0,0,0,0,0,0,0,0,0,0,0,0,0,0,0,0,0,0,0,0,0,0,0,0,0,0,0,0,0,0,0,0,0,0,0,0,0,0,0,0,0,0,0.229,0,0,0,0,0,0,0,0,0,0,0,0,0,0,0,0,0,0,0,0,0,0,0,0,0,0,0,0,0,0.315,0,0,0,0,0,0,0,0,0,0,0,0,0,0,0,0,0,0.226,0,0,0,0.176,0,0,0,0,0,0,0,0,0.917,0.17,0,0,0,0,0,0,0,0,0,0.906,0,0,0,0,0,0,0,0.244,0,0,0.234,0.955,0,0,0,0,0,0,0,0,0,0,0,0.218,0,0,0,0,0,0,0,0,0,0,0,0,0,0,0,0,0,0,0.184,0,0,0,0,0,0,0.156,0,0,0,0,0,0,0,0,0,0,0,0,0,0.169,0,0,0,0,0,0.923,0,0,0,0,0.196,0,0,0,0,0,0,0,0,0,0,0,0.196,0,0.179,0,0,0,0,0,0,0,0,0,0,0,0,0,0,0,0,0.196,0,0,0,0,0,0.182,0,0.158,0.169,0,0,0,0,0,0,0,0,0.157,0,0,0,0,0.196,0.782,0,0,0,0,0,0,0,0,0,0,0,0,0.196,0,0,0,0,0,0.153,0,0,0,0,0,0.157,0,0,0,0,0,0,0,0,0,0,0,0,0,0,0,0,0,0,0,0,0,0,0,0,0,0,0,0,0,0,0,0,0,0,0,0,0,0,0,0,0,0,0,0,0,0,0,0,0,0,0,0,0,0,0,0,0,0,0,0,0,0,0,0,0,0,0,0,0,0,0,0,0,0.152,0,0,0,0.299,0,0,0,0,0,0,0,0,0,0,0,0,0,0,0,0,0,0,0,0,0,0,0,0,0,0,0,0,0,0,0,0,0,0,0,0,0,0,0,0,0,0,0,0,0,0,0,0,0,0,0,0,0,0,0,0,0,0,0,0,0,0,0,0,0,0,0,0,0,0,0,0,0.193,0,0,0,0,0,0,0,0,0,0,0,0,0,0,0,0,0,0,0,0,0,0,0,0,0,0,0,0,0,0,0,0,0,0,0,0,0,0,0,0,0,0,0,0,0,0.222,0,0,0,0,0.157,0,0,0,0,0,0,0,0,0.914,0,0,0,0,0,0,0,0,0,0,0,0,0,0,0,0,0,0.184,0,0,0,0,0,0,0,0,0,0,0,0,0,0,0,0,0,0,0,0,0,0,0,0,0,0,0,0,0,0,0,0,0,0,0,0.199,0,0,0,0,0,0.339,0,0,0,0,0.184,0.176,0,0,0,0,0.444,0,0,0,0,0.2,0,0,0,0,0,0,0,0,0,0,0.18,0,0,0,0,0,0,0,0,0,0,0,0,0,0,0,0,0,0,0,0,0,0,0,0,0,0,0,0,0,0.246,0,0,0,0,0,0,0,0,0,0,0,0,0,0,0,0,0,0,0,0,0,0,0.185,0,0,0,0,0,0,0,0,0,0,0,0,0,0,0,0,0,0,0,0,0,0,0,0,0,0,0,0,0,0,0,0,0,0,0,0,0,0,0,0,0,0,0,0,0,0,0,0,0,0,0,0,0,0,0,0,0,0,0,0,0,0,0,0,0,0,0,0,0,0,0,0,0,0,0,0,0,0,0,0,0,0,0,0,0,0,0,0,0,0,0,0,0,0,0,0,0,0,0,0,0.196,0,0,0,0,0,0,0,0,0,0,0,0,0,0,0,0,0,0,0,0,0,0,0,0,0,0,0,0,0,0,0,0,0,0,0,0,0,0,0,0,0,0,0,0,0,0,0.306,0,0,0,0,0,0,0,0,0,0,0,0,0,0,0,0,0,0,0,0,0,0,0,0,0,0,0.151,0,0,0,0,0,0,0,0,0,0,0,0,0,0,0,0,0,0,0,0,0,0,0,0.181,0,0,0,0,0,0,0,0,0,0,0,0,0,0,0,0,0,0,0.182,0,0,0,0,0,0,0.186,0,0,0,0,0,0,0,0,0,0,0,0,0,0,0,0.267,0,0,0,0,0,0,0,0,0,0,0,0,0,0,0,0,0,0,0,0,0,0.499,0,0,0,0,0,0,0,0,0,0,0,0,0,0,0,0,0,0,0,0,0,0,0,0.176,0,0,0,0,0,0,0,0,0,0.254,0,0,0,0,0,0,0,0,0,0,0,0,0,0,0,0,0,0,0,0,0,0,0,0,0,0,0,0,0,0,0,0,0,0,0,0,0,0,0,0,0,0,0,0,0,0,0.432,0,0,0,0,0,0,0,0,0,0,0,0,0,0,0,0,0,0,0,0,0,0,0.27,0,0,0,0.207,0,0,0.153,0,0,0,0,0,0,0,0,0,0,0,0,0,0,0,0,0,0,0,0,0,0,0,0,0,0,0,0,0,0,0,0,0,0,0,0,0,0,0,0,0,0,0,0,0,0.171,0,0,0,0,0,0,0,0,0,0,0,0,0,0,0,0,0,0,0,0,0,0,0,0,0,0,0,0,0,0,0,0,0,0,0,0,0,0,0,0,0,0,0,0,0,0,0,0,0,0,0.18,0,0,0,0,0,0,0,0,0,0,0,0,0,0,0,0,0,0,0,0,0,0,0,0,0,0,0,0,0,0,0,0,0,0,0,0,0,0,0,0,0,0,0,0,0,0,0,0,0,0,0,0,0,0,0,0,0,0,0,0,0,0.18,0,0,0,0,0.161,0,0,0,0,0,0,0,0,0,0,0,0,0,0,0,0,0,0,0,0,0,0,0,0,0,0,0,0,0,0,0,0,0,0,0,0,0,0,0,0,0,0,0,0,0,0,0,0,0,0,0,0,0,0,0,0,0,0,0,0.195,0,0,0,0,0,0,0,0,0,0,0,0,0,0,0,0,0,0,0,0,0,0,0,0,0,0,0,0,0,0,0,0,0,0,0,0,0,0,0,0,0,0,0.161,0,0,0,0,0,0,0,0,0,0,0.153,0,0,0,0,0,0,0,0,0,0,0,0,0,0,0,0,0,0,0,0,0,0.294,0,0,0.3,0,0,0,0,0,0,0,0.151,0,0,0,0,0,0.45,0,0,0,0,0,0,0,0,0.22,0,0,0,0,0,0,0,0,0.153,0,0,0,0,0,0,0,0,0,0,0,0,0,0,0,0,0,0,0,0,0.294,0.45,0,0,0,0,0,0,0,0,0,0,0,0,0,0,0,0,0,0,0,0,0,0,0,0,0,0,0,0,0,0,0,0,0,0,0,0,0,0,0,0,0,0,0,0,0,0,0,0,0,0,0,0,0,0,0,0,0,0,0,0,0,0,0,0,0,0,0,0,0,0,0.567,0,0,0,0,0,0,0.376,0,0,0,0,0,0,0,0,0,0,0,0,0,0,0,0,0,0,0,0,0,0,0,0,0,0,0,0,0,0,0,0,0.91,0,0,0,0,0,0,0,0,0,0,0,0.239,0,0,0,0,0,0,0,0,0,0,0,0,0,0,0,0,0,0,0,0,0,0,0,0,0,0,0,0,0,0,0,0,0,0,0,0,0,0,0,0,0,0,0,0,0,0,0,0,0,0,0,0,0,0,0,0,0,0,0,0,0.299,0,0,0,0,0.173,0,0,0,0.24,0,0,0,0,0,0,0,0,0,0,0,0,0,0,0,0,0,0,0.161,0,0,0,0,0,0,0,0,0,0,0,0,0,0,0,0,0,0,0,0,0,0,0,0,0,0,0,0,0,0,0,0,0,0,0,0,0,0,0,0,0,0,0,0,0,0,0,0,0,0,0,0.167,0,0,0,0,0,0,0,0,0,0,0,0,0,0,0,0,0,0,0,0,0,0,0,0,0,0,0,0,0,0,0,0,0,0,0,0,0,0,0,0,0,0,0,0,0,0,0,0,0,0.225,0,0,0,0,0,0,0,0,0,0,0,0,0,0,0,0,0,0,0,0,0,0,0,0,0,0,0,0,0,0,0,0,0,0,0,0,0,0,0,0,0,0,0,0,0,0,0,0,0,0,0,0,0,0,0,0,0,0,0,0,0,0,0,0,0,0,0,0,0,0,0,0,0,0,0,0,0,0,0,0,0,0,0,0,0,0,0,0,0,0,0,0,0,0,0,0,0,0,0,0,0,0,0,0,0,0,0,0,0,0,0,0,0,0,0,0,0,0,0,0,0,0,0,0,0,0,0,0,0,0,0,0,0,0,0.163,0,0,0,0,0,0,0,0,0,0,0,0,0,0,0,0,0,0,0,0,0,0,0,0.2,0,0,0,0,0,0,0,0,0,0.173,0,0,0,0,0,0,0,0,0,0,0.281,0,0,0,0,0,0,0,0,0,0,0,0,0,0,0,0,0,0,0,0,0,0,0,0,0,0,0.153,0,0,0,0,0,0.77,0,0,0,0,0,0,0,0,0,0,0,0,0,0,0,0,0,0,0,0,0,0,0,0.153,0,0,0,0,0,0,0.908,0,0,0,0,0,0,0,0.24,0.16,0,0,0,0,0,0,0,0,0,0,0,0,0,0,0,0,0,0,0,0,0,0,0,0,0,0,0,0,0,0,0,0,0,0,0.172,0,0,0,0,0,0,0,0,0,0,0,0,0,0,0,0,0,0,0,0,0,0,0,0,0,0,0,0,0,0,0,0,0,0,0,0,0,0,0,0,0,0,0,0,0,0,0,0,0,0,0,0,0,0,0.21,0,0,0,0,0,0,0,0,0,0,0,0,0,0.181,0,0,0,0,0,0,0,0,0,0,0,0,0,0,0,0,0,0,0,0,0,0,0,0,0,0,0,0,0,0,0,0,0,0,0,0,0,0,0,0,0,0,0,0,0,0,0,0,0,0,0,0,0,0,0,0,0,0,0,0,0,0,0,0,0,0,0,0,0,0,0,0,0,0,0,0,0,0,0,0,0,0,0,0,0,0,0,0,0,0,0,0,0,0,0,0,0,0,0,0,0,0,0,0,0,0,0,0,0,0,0,0,0,0,0,0,0,0,0,0,0,0,0,0,0,0,0,0,0,0,0,0,0,0,0,0,0,0,0,0,0,0,0,0,0,0,0,0,0.65,0,0,0,0,0,0,0,0,0,0,0,0,0,0,0,0,0,0,0,0,0,0,0,0.228,0,0,0,0,0,0,0,0,0,0,0,0,0,0,0,0,0,0,0,0,0,0,0,0,0,0,0,0,0,0,0.179,0,0,0,0,0,0,0,0,0,0,0,0,0,0,0,0,0,0,0,0,0,0,0,0,0,0,0,0,0,0,0,0,0,0,0,0,0,0,0,0,0,0,0,0,0,0,0,0,0,0,0,0,0,0.191,0,0,0,0,0,0,0,0,0,0,0,0,0,0,0,0,0,0,0,0.181,0,0,0,0,0,0,0,0,0,0,0.181,0,0,0,0,0,0,0,0,0,0,0,0,0,0,0,0,0,0,0,0,0,0,0,0.403,0,0,0,0,0,0,0,0,0,0,0,0,0,0,0,0,0,0,0,0,0,0,0,0,0,0,0,0,0,0,0,0,0,0,0,0,0,0,0,0,0,0,0,0,0,0,0,0,0,0,0,0,0,0,0,0,0,0,0,0,0,0,0,0,0,0,0,0,0,0,0,0,0,0,0,0,0,0,0,0,0,0,0,0,0,0,0,0,0,0,0,0,0,0,0,0,0,0,0,0,0,0,0,0,0,0,0,0,0,0,0,0,0,0,0,0,0,0,0,0,0,0,0,0,0,0,0,0,0,0,0,0,0,0,0,0,0,0,0,0,0,0,0,0,0,0,0,0,0,0,0,0,0,0,0,0,0,0,0,1
854470,0,0,0,0,0,0,0,0,0,0,0,0,0,0,0,0,0,0,0,0.16,0,0,0,0,0,0,0,0,0,0,0,0,0,0,0,0,0,0,0,0,0,0,0,0,0,0,0,0,0,0.197,0.422,0,0,0,0,0,0,0,0,0,0,0,0,0,0.197,0,0,0,0,0,0.331,0,0,0,0.305,0,0,0,0,0,0,0,0,0,0,0,0,0,0,0,0,0,0,0,0,0,0,0,0,0,0,0,0,0,0,0,0,0,0,0,0,0,0.198,0,0,0,0,0,0,0,0,0,0,0,0,0.262,0,0,0,0,0,0,0,0,0,0,0,0,0,0,0,0.297,0,0,0,0,0,0,0,0,0,0,0,0,0,0,0,0,0,0,0,0,0,0,0,0,0,0,0,0.175,0,0,0,0,0,0,0,0,0,0,0,0,0,0,0,0,0,0,0,0.519,0,0,0,0,0,0.622,0,0,0,0,0,0,0.28,0,0,0,0,0,0,0,0,0.305,0,0,0,0,0,0,0,0,0,0,0,0,0,0,0,0,0,0,0,0,0,0,0,0.163,0,0,0,0,0,0,0,0,0,0,0,0,0,0,0,0.222,0,0,0,0,0.197,0,0,0.22,0,0,0,0.155,0.186,0,0,0,0,0,0,0,0,0.309,0,0,0,0,0,0,0,0,0,0,0,0,0,0,0.343,0,0,0,0,0,0,0,0,0,0,0,0,0.208,0.229,0,0,0.172,0,0,0,0,0,0,0,0.2,0,0,0,0,0,0,0,0,0,0,0,0.259,0,0.319,0,0,0,0.422,0,0,0,0,0,0,0,0,0,0,0,0,0,0,0.163,0,0,0,0,0,0,0,0,0,0,0,0,0,0,0,0,0,0,0,0,0,0,0,0,0,0,0,0,0,0,0,0,0,0,0,0,0,0,0,0,0,0,0.158,0,0,0,0.22,0,0,0,0,0,0,0,0,0,0,0,0,0,0,0,0,0,0,0,0,0.356,0,0,0,0,0,0,0,0,0,0,0,0,0,0,0,0,0,0.201,0,0,0,0,0.601,0,0,0,0,0,0,0,0,0,0,0,0,0,0,0,0.165,0,0,0,0,0,0,0,0,0,0,0,0,0,0,0,0,0,0,0,0,0.239,0,0,0,0,0,0,0,0,0,0,0,0,0,0,0,0,0,0,0,0,0,0,0,0,0,0,0,0,0,0,0,0.171,0,0.351,0,0,0,0,0,0,0,0,0,0,0,0,0,0,0,0,0,0,0,0,0,0,0,0,0,0,0,0,0,0,0,0,0,0,0,0,0.162,0,0,0,0,0,0,0,0,0.486,0,0,0,0,0,0,0,0,0,0,0,0,0,0,0,0,0.274,0,0,0,0,0,0,0,0,0.181,0,0,0,0,0,0,0,0.673,0,0,0,0,0,0,0,0,0,0,0,0,0,0.155,0,0,0,0,0,0,0,0,0,0,0,0,0,0,0.217,0,0,0,0,0,0,0,0.276,0,0,0,0,0,0,0,0,0,0,0,0,0,0,0,0,0,0,0,0,0,0,0,0,0,0,0,0,0,0,0,0.296,0,0.197,0,0,0,0,0,0,0,0,0,0,0,0,0.162,0,0,0,0,0,0,0,0,0,0,0,0,0,0.178,0,0,0,0,0,0,0,0,0,0.684,0,0,0,0,0,0,0,0,0,0,0,0,0,0,0.26,0,0,0,0,0,0,0,0,0,0,0,0,0,0,0,0,0,0,0,0,0,0,0,0,0,0,0.183,0,0.199,0,0,0,0,0,0,0,0,0,0,0,0,0.258,0,0,0,0,0,0,0.194,0,0,0,0,0,0,0,0,0,0,0,0,0.287,0,0,0,0,0,0,0,0,0,0.181,0,0,0,0,0.172,0,0,0,0,0,0,0,0,0.307,0,0,0,0,0,0,0,0,0,0,0,0,0,0,0,0,0,0,0,0,0,0,0,0,0,0,0,0,0,0,0,0,0,0.179,0,0,0,0,0,0,0,0,0,0,0,0,0,0,0,0,0,0.262,0,0,0.189,0,0,0,0,0,0,0,0,0,0,0.22,0,0,0,0,0,0,0,0,0,0,0,0,0,0,0,0,0,0,0,0.169,0,0,0,0,0,0,0,0,0,0,0,0,0,0.154,0,0,0,0.407,0,0.208,0,0.189,0,0,0,0,0,0,0,0,0,0,0.169,0.215,0.29,0,0,0,0,0,0,0,0,0,0,0,0,0,0,0,0,0,0,0,0,0,0.374,0,0,0,0,0,0.304,0.153,0,0,0,0,0,0,0,0,0,0,0,0.282,0,0,0,0,0,0,0,0,0,0,0,0,0,0,0,0,0,0,0,0,0,0,0,0,0,0,0,0,0,0,0,0,0,0,0,0,0,0,0,0,0,0,0,0,0,0,0,0,0,0,0,0,0,0,0,0,0,0,0,0,0,0,0,0,0,0,0,0.208,0.201,0,0,0,0,0,0,0,0,0,0,0,0,0,0,0.2,0,0,0,0,0,0,0.264,0,0,0,0,0,0.156,0.157,0,0,0,0,0,0,0,0,0,0,0.25,0,0,0,0,0,0,0,0,0,0,0,0,0,0,0.246,0,0.27,0,0,0,0,0.259,0,0,0.162,0,0.382,0,0.199,0,0,0,0,0,0,0,0,0,0,0,0,0,0,0,0,0,0.167,0,0,0,0,0,0,0,0,0,0,0,0,0,0,0,0,0.2,0,0,0,0,0,0,0,0,0,0,0,0.262,0.479,0,0,0,0.199,0,0,0,0,0,0,0,0,0,0,0.165,0,0,0.25,0.201,0,0,0,0,0,0,0,0,0,0,0,0,0.266,0,0,0,0.246,0,0,0,0,0.162,0,0.253,0,0,0,0.34,0,0,0,0,0,0.239,0,0,0.278,0,0,0,0,0,0,0,0,0.178,0,0,0.201,0,0,0,0,0,0,0,0,0.264,0,0,0,0,0,0,0.188,0,0.22,0,0.185,0,0,0,0.201,0.201,0,0.217,0,0,0,0,0.405,0,0.26,0,0,0,0,0,0,0,0,0,0,0,0,0.22,0,0,0,0,0,0,0,0,0,0,0,0,0.466,0,0.382,0,0.199,0.225,0,0,0,0,0,0,0,0,0,0.316,0,0,0,0,0,0,0,0,0,0,0,0.162,0,0,0,0,0,0.384,0,0.189,0,0.22,0,0,0.189,0,0,0,0,0,0,0,0,0,0,0,0.246,0,0,0,0,0,0,0.351,0,0,0,0,0,0,0,0,0,0,0,0,0,0,0.199,0,0,0,0,0,0,0,0,0.22,0,0.181,0.421,0,0,0,0,0,0,0,0,0,0,0,0,0,0,0.192,0.472,0,0,0,0,0,0,0,0,0,0,0,0,0,0.246,0,0,0,0,0,0,0,0,0.241,0,0,0,0.199,0,0,0,0,0,0,0,0,0,0,0,0.246,0,0,0,0,0,0,0,0,0.262,0,0,0,0,0.22,0,0,0,0.165,0,0,0.25,0,0,0.563,0,0,0,0,0,0,0,0.354,0,0,0,0,0,0.17,0,0,0,0,0,0,0,0,0,0,0,0,0,0,0,0,0,0,0,0,0,0,0,0,0,0,0,0,0,0,0,0,0,0,0,0,0,0,0,0,0,0.181,0,0,0,0.201,0,0,0,0,0,0,0,0,0,0,0,0,0,0,0,0,0.199,0,0,0.405,0,0.189,0,0,0,0,0,0,0,0,0.25,0,0,0,0,0.2,0,0,0,0,0,0,0,0.199,0,0,0,0.199,0,0.195,0,0,0.298,0,0,0,0,0,0,0,0,0,0,0,0,0,0,0,0,0,0,0,0,0,0,0,0,0,0,0,0,0,0,0,0,0,0,0,0,0,0,0,0,0,0,0,0,0,0,0,0,0,0,0,0,0,0,0,0,0,0,0,0,0,0,0,0,0,0,0,0,0,0.183,0,0,0,0,0,0,0,0,0,0.248,0,0,0,0,0,0,0,0,0,0,0,0.224,0,0,0,0,0,0,0,0,0,0,0,0,0,0,0,0,0,0,0,0,0,0,0,0,0,0,0,0,0,0,0,0,0,0,0,0,0,0,0,0,0,0,0,0,0,0,0,0,0,0,0,0,0,0,0,0,0,0,0,0,0,0,0,0,0,0,0.279,0,0,0,0,0,0,0,0,0,0,0,0,0,0,0,0,0.183,0,0,0,0,0,0,0,0,0,0,0,0,0,0,0,0,0,0,0.173,0.277,0,0,0,0,0,0,0,0,0,0,0,0,0,0,0,0,0,0.652,0,0,0,0,0,0,0,0,0,0,0,0,0,0,0,0,0,0,0,0,0,0,0,0,0,0,0,0,0,0,0,0,0,0,0,0.183,0,0.187,0,0,0,0.412,0.284,0,0,0,0,0,0,0,0,0,0,0,0,0,0,0,0,0,0,0,0.426,0,0,0,0,0,0,0,0,0,0,0,0.191,0,0,0,0,0,0,0,0,0,0,0,0,0,0.152,0,0,0,0,0,0,0,0,0,0,0,0,0,0,0,0,0,0,0,0,0,0,0,0,0,0,0,0,0,0,0,0,0,0,0,0,0,0,0,0,0,0,0,0,0,0,0,0,0,0,0,0,0,0,0,0,0,0,0,0,0,0,0,0,0,0,0,0,0,0,0,0,0,0,0,0,0,0,0,0,0,0,0,0,0,0,0,0.155,0,0,0,0,0,0,0,0,0,0,0,0,0,0,0,0,0,0,0,0,0,0,0,0,0,0,0,0,0,0.186,0,0,0,0,0,0,0,0,0,0,0,0,0,0,0,0,0,0,0,0,0,0,0,0,0,0,0,0,0.262,0,0,0,0,0,0,0,0,0,0,0,0,0,0,0,0,0,0,0,0,0,0,0,0,0,0,0,0,0,0,0,0,0,0,0,0,0,0,0,0,0,0,0,0,0,0,0,0,0,0,0,0,0,0,0,0,0,0,0,0,0,0,0,0,0,0,0,0,0,0,0,0,0,0,0,0,0.153,0,0,0,0,0,0,0,0,0,0,0,0,0,0,0,0,0,0,0,0,0,0,0,0.173,0,0,0,0,0.154,0,0,0,0,0,0,0,0,0,0,0,0.266,0,0,0,0,0,0,0,0,0,0,0,0,0,0,0,0,0,0,0,0,0,0,0,0,0,0,0,0,0,0,0,0,0,0,0,0,0,0,0,0,0,0,0,0,0,0,0,0,0,0,0,0,0,0,0,0,0,0,0,0,0,0,0.151,0,0,0,0,0,0,0,0,0,0,0,0,0,0,0,0,0,0,0,0,0,0,0,0,0,0,0,0,0,0.167,0,0,0,0,0,0,0,0,0,0,0,0,0,0,0,0,0,0,0,0,0,0,0,0,0,0,0,0,0,0,0,0,0,0,0,0,0,0,0,0,0,0,0,0,0,0,0,0,0,0,0,0,0,0,0,0,0,0,0,0,0,0,0,0,0,0,0,0,0,0,0,0,0,0,0,0,0,0,0,0,0,0,0,0,0,0,0,0,0,0,0,0,0,0,0,0,0,0,0,0,0,0,0,0,0,0,0,0,0,0,0.215,0,0,0,0,0,0,0,0,0,0,0,0,0,0,0,0,0,0,0,0,0,0,0,0,0,0,0,0,0,0,0,0,0,0,0,0,0,0,0,0,0,0,0,0,0,0,0,0.277,0,0,0,0,0,0,0,0,0,0,0,0,0,0,0,0,0,0,0,0,0,0,0,0,0,0,0,0,0,0.337,0,0,0,0,0.211,0,0,0,0,0,0,0,0,0,0,0,0,0,0,0,0,0,0,0,0,0,0,0,0,0,0,0,0,0,0,0,0,0,0,0,0,0,0,0,0,0,0,0,0,0,0,0,0,0,0,0,0,0,0,0,0,0,0,0,0,0,0,0,0,0,0,0,0,0,0,0,0,0,0,0,0,0,0,0,0,0,0,0,0,0,0,0,0,0,0,0,0.239,0,0,0,0,0,0,0,0,0,0,0,0,0,0,0,0,0,0,0,0,0,0,0,0,0,0,0,0,0,0,0,0,0,0,0,0,0,0,0,0,0,0,0,0,0,0,0,0,0,0,0,0,0,0,0,0,0,0,0,0,0,0,0,0,0,0,0,0,0,0,0,0,0,0,0,0,0,0,0,0,0,0,0,0,0,0,0,0,0,0,0,0,0,0,0,0,0,0,0,0.189,0,0,0,0,0,0,0,0,0,0,0,0,0,0,0,0,0.565,0,0,0,0.367,0,0,0,0,0,0,0,0,0,0,0,0,0,0,0.174,0,0,0,0,0,0,0,0,0,0,0,0,0,0,0,0,0,0,0,0,0,0,0,0,0,0,0.183,0,0,0,0,0,0,0,0.237,0.16,0,0,0,0,0,0,0,0.174,0,0,0,0,0.556,0,0,0,0,0,0,0,0,0,0,0,0,0,0,0,0,0,0,0,0,0,0,0,0,0,0,0,0,0,0,0,0,0,0,0,0,0,0,0,0,0,0,0,0,0.155,0.196,0,0,0,0,0,0.284,0,0,0,0,0,0,0,0,0,0,0,0,0,0,0.211,0.232,0,0,0,0,0,0,0,0,0,0,0,0,0.554,0,0,0,0,0,0,0,0,0,0,0,0,0,0,0,0,0,0,0,0,0,0,0,0,0,0,0,0,0,0,0,0,0,0,0,0,0,0,0,0,0,0,0,0.161,0,0,0,0,0,0,0,0,0,0,0,0,0,0,0,0,0,0,0,0,0,0,0,0,0,0,0,0,0,0,0,0,0,0,0,0,0,0,0,0,0,0,0,0,0,0,0,0,0,0,0,0,0,0,0,0,0,0,0,0,0,0,0,0,0.171,0,0,0,0,0,0,0,0,0,0,0,0,0,0,0,0,0,0,0,0,0,0,0,0,0,0,0,0,0,0,0,0,0,0,0,0,0,0,0,0,0,0,0,0,0,0,0,0,0,0,0,0,0,0,0,0,0,0,0,0,0,0,0,0,0,0.237,0,0,0,0,0,0,0,0,0,0,0,0,0,0,0,0,0,0,0,0,0,0,0,0,0,0,0,0,0.294,0,0,0,0,0,0,0,0,0,0,0,0,0,0,0,0,0,0,0,0,0,0,0,0,0,0,0,0,0,0,0.228,0,0,0,0,0,0,0,0,0.512,0,0,0,0,0,0,0,0,0,0,0,0,0,0,0,0,0,0.151,0,0,0,0,0,0,0,0,0,0,0,0,0,0,0,0,0,0,0,0,0,0,0,0,0,0,0,0,0,0,0,0,0,0,0,0,0,0,0,0,0,0,0,0,0,0,0,0,0,0,0,0,0,0,0,0,0,0,0,0,0,0,0,0,0,0,0,0,0,0,0,0,0,0,0,0,0,0,0,0,0,0,0,0,0,0,0,0,0,0,0,0,0,0,0,0,0,0,0,0,0,0,0,0,0,0,0,0,0,0,0,0,0,0,0,0,0,0,0,0,0,0,0,0,0,0,0,0,0,0,0.286,0,0,0,0,0,0,0,0,0,0,0,0,0,0,0,0,0,0,0,0,0,0,0,0,0,0,0,0,0,0,0,0,0,0,0,0,0,0,0,0,0,0,0,0,0,0,0,0,0,0,0,0,0,0,0,0,0,0,0,0,0,0,0,0,0,0,0,0,0,0,0,0,0,0,0,0,0,0,0,0,0,0,0,0,0,0,0,0,0,0,0,0,0,0,0,0,0,0,0,0,0,0,0,0.157,0,0,0,0,0,0,0,0,0,0,0,0,0,0,0,0,0,0,0,0,0,0,0,0,0,0,0,0,0,0,0,0,0,0,0,0,0,0,0,0,0,0,0,0,0,0,0,0,0,0,0,0,0,0,0,0.296,0,0,0,0,0,0,0,0,0,0,0,0,0,0,0,0,0,0,0,0,0,0,0,0,0,0,0,0,0,0,0.236,0,0,0,0,0,0,0,0,0,0,0,0,0,0,0,0,0,0,0,0,0,0,0,0,0,0,0,0,0,0,0,0,0,0,0,0,0,0,0,0,0,0,0,0,0,0,0,0,0,0,0,0,0,0.51,0,0,0,0,0,0,0,0,0,0,0,0,0,0,0,0,0,0,0,0,0,0,0,0,0,0,0,0,0,0,0,0,0,0,0,0,0,0,0,0,0,0,0,0,0,0,0.56,0,0,0,0,0,0,0,0,0,0,0,0,0,0,0,0,0,0,0,0,0,0,0,0,0,0,0,0,0,0,0,0,0,0,0,0,0,0,0,0,0,0,0,0,0,0,0,0,0,0,0,0,0,0.173,0,0,0,0,0,0.183,0,0,0,0,0,0,0,0,0,0,0,0,0,0,0,0,0,0,0,0,0,0,0,0,0,0,0,0,0,0,0,0,0,0,0,0,0,0,0,0,0,0,0,0,0,0,0,0,0,0,0,0,0,0,0,0,0,0,0,0,0,0,0,0,0,0,0,0,0,0,0,0,0,0,0,0,0,0,0,0,0,0,0,0,0,0,0,0,0,0,0,0,0,0,0,0,0,0,0,0,0,0,0,0,0,0,0,0,0,0,0,0,0,0,0,0,0,0.286,0,0,0,0,0,0,0,0,0,0,0,0,0,0,0,0,0,0.187,0,0,0,0,0,0,0,0,0,0,0,0,0,0,0,0,0,0,0,0,0,0,0,0,0,0,0,0,0,0,0,0,0,0,0,0,0,0,0,0,0,0,0,0,0,0,0,0,0,0,0,0,0,0,0,0,0,0,0,0,0,0,0,0,0,0,0.167,0,0,0,0,0,0,0,0,0,0,0,0,0,0,0,0.984,0,0,0,0,0,0,0,0.979,0,0,0,0,0,0,0,0,0,0,0,0,0,0,0,0,0,0,0,0,0,0,0,0,0,0,0,0,0,0,0,0,0,0,0,0,0,0,0,0,0,0,0,0,0,0,0,0,0,0,0,0.976,0,0,0,0,0,0,0,0,0,0,0,0,0,0,0,0,0,0,0,0,0,0,0,0,0,0,0,0,0,0,0,0,0,0,0,0,0,0,0,0,0,0,0,0,0,0,0,0,0,0,0,0,0,0,0,0,0,0,0,0,0,0,0,0,0,0,0,0.22,0,0,0,0,0,0,0,0,0,0,0,0,0,0,0,0,0,0,0,0,0,0,0,0.166,0,0,0,0,0,0,0,0,0,0,0,0,0,0,0,0,0,0,0,0,0,0,0,0,0,0,0,0,0,0,0,0,0,0,0,0,0,0.701,0,0,0,0,0,0,0,0,0,0,0,0,0,0,0,0,0,0,0,0,0,0,0,0,0,0,0,0,0,0,0,0,0,0,0,0,0,0,0,0,0,0,0,0,0,0,0,0,0,0,0,0,0,0,0,0,0,0,0,0,0,0,0,0,0,0,0,0,0,0,0,0,0,0,0,0,0,0,0,0,0,0,0,0,0,0,0,0,0,0,0,0,0,0,0.598,0,0,0,0,0,0,0,0,0,0,0,0,0,0,0,0,0,0,0,0,0,0,0,0,0,0,0,0,0,0,0,0,0,0,0,0,0,0,0,0,0,0,0,0,0,0,0,0,0,0,0,0,0,0,0,0,0,0,0,0,0,0,0,0,0,0,0,0,0,0,0,0,0,0,0,0,0,0,0,0,0,0,0,0,0,0,0,0,0,0,0,0,0,0,0,0,0,0,0,0,0,0,0,0,0,0,0,0,0,0,0,0,0,0,0,0,0,0,0,0,0,0,0,0,0,0,0,0,0,0,0,0,0,0,0,0,0,0,0,0,0,0,0,0,0,0,0,0,0,0,0,0,0,0,0,0,0,0,0,0,0,0,0,0,0,0,0,0,0,0,0,0,0,0,0,0,0,0,0,0,0,0,0,0,0,0,0,0,0,0,0,0,0,0,0,0,0,0,0,0,0,0,0,0,0,0,0,0,0,0,0,0,0,0,0,0,0,0,0,0,0,0,0,0,0,0,0,0,0,0,0,0,0,0,0,0,0,0,0,0,0,0,0,0,0,0,0,0,0,0,0,0,0,0,0,0,0,0,0,0,0
853381,0,0,0,0,0,0,0,0,0,0,0,0,0,0,0,0,0.172,0,0,0,0,0,0,0,0,0,0,0,0,0,0,0,0,0,0,0,0,0,0,0,0,0,0,0,0.172,0,0,0,0,0,0.3,0,0,0,0,0,0,0,0,0,0,0,0,0,0,0,0,0,0,0,0,0,0,0,0,0,0,0,0.172,0,0,0,0,0,0,0,0,0,0.172,0,0,0,0,0,0,0,0,0,0,0,0,0,0,0,0,0.182,0,0,0,0,0,0,0,0,0,0,0,0,0.172,0,0,0,0,0,0,0,0,0,0,0,0,0,0,0,0,0,0,0,0,0,0,0,0.199,0,0,0,0.966,0,0,0,0,0,0,0,0,0,0.153,0,0,0,0,0,0,0,0,0,0,0,0,0,0,0,0,0,0,0,0,0,0,0,0,0,0,0,0,0,0,0,0,0,0,0,0,0,0,0,0,0,0,0,0.179,0.396,0,0,0,0,0,0,0,0,0,0,0,0,0,0,0,0,0,0,0,0,0,0,0,0,0,0,0,0,0,0,0,0,0,0.512,0,0,0,0,0,0,0,0,0,0,0,0,0,0,0,0.197,0,0,0,0,0,0,0,0.197,0,0,0,0,0,0,0,0,0,0,0,0,0,0.406,0,0,0,0,0,0,0,0,0,0,0,0.687,0,0,0,0,0,0,0.33,0,0,0,0,0,0,0,0,0,0,0,0,0.999,0,0,0,0,0,0.172,0,0,0,0,0,0,0,0,0,0,0.177,0.34,0,0,0,0,0,0,0,0.416,0,0,0,0,0,0,0,0,0,0,0,0,0,0,0.455,0,0,0,0,0,0,0,0,0,0,0,0,0,0.185,0,0,0,0,0,0.167,0,0,0,0,0,0,0,0,0,0,0,0,0,0,0,0,0,0,0,0,0,0,0,0.153,0,0,0.234,0,0,0,0,0,0,0,0,0,0,0,0,0,0,0,0,0,0,0,0,0,0,0,0,0,0,0,0,0.177,0,0,0,0,0,0,0,0,0,0,0,0,0,0,0,0.161,0,0,0,0,0,0,0,0,0,0,0,0,0,0,0,0,0,0,0,0,0,0,0,0,0,0,0,0,0,0,0,0,0,0,0,0,0,0,0,0,0,0,0,0,0,0,0,0,0,0,0,0,0,0,0,0,0,0,0,0,0,0,0,0,0,0,0,0,0,0,0,0,0,0,0,0,0,0,0,0,0,0,0.258,0,0,0,0,0,0.155,0.213,0,0,0,0,0,0,0,0,0,0,0,0,0,0,0,0,0,0,0,0,0,0,0,0.167,0,0,0,0,0,0,0,0,0,0,0,0,0,0,0,0,0,0,0.208,0.739,0,0,0,0,0,0,0,0,0,0,0,0,0,0,0,0,0,0,0,0,0,0,0,0,0,0,0,0,0,0,0,0,0,0,0,0,0,0,0,0,0,0,0,0,0,0,0,0,0,0,0,0,0,0,0,0,0,0,0,0,0,0,0,0,0,0,0,0,0,0,0,0,0,0,0,0,0,0,0,0,0,0,0,0,0,0,0,0,0,0,0,0,0,0,0,0,0,0,0,0,0,0,0,0,0,0,0,0,0,0,0,0,0,0,0,0,0.239,0,0,0,0,0,0,0,0,0,0,0,0,0,0,0,0,0,0,0,0,0,0,0,0,0.172,0,0,0,0,0,0,0,0,0,0,0,0,0,0.957,0,0,0,0,0,0,0,0,0,0,0,0,0,0,0,0,0,0,0,0,0,0,0,0,0,0,0,0,0,0,0,0,0,0,0,0,0,0,0,0,0,0,0,0,0.218,0,0,0,0,0,0,0,0,0,0,0,0,0,0,0.309,0,0,0,0,0,0,0,0,0,0,0,0,0.654,0,0,0,0,0,0,0.677,0,0,0,0,0,0,0,0,0,0.65,0,0,0,0,0,0,0,0,0,0,0,0,0,0,0,0,0,0,0,0,0,0,0,0,0,0,0.211,0,0,0,0,0,0,0,0,0,0,0,0,0,0,0,0,0,0.201,0,0,0,0,0,0,0,0,0,0,0,0,0,0,0,0,0,0,0,0,0,0.161,0,0.172,0,0,0.389,0.172,0.256,0,0,0,0,0,0,0,0,0,0,0.416,0,0,0,0.228,0,0,0,0,0,0,0,0.252,0,0,0.31,0,0,0.229,0.897,0,0,0,0,0,0,0,0.197,0,0,0,0,0,0,0,0,0,0,0,0.211,0,0,0,0,0,0,0,0,0,0,0,0,0,0,0,0,0,0,0,0,0,0,0,0,0,0,0,0,0,0,0,0,0,0,0,0,0,0,0,0,0,0,0,0,0,0,0,0,0,0,0,0,0,0,0.199,0,0,0,0,0,0,0,0,0,0,0,0,0,0,0,0,0,0,0,0,0,0,0,0,0,0.189,0,0,0,0,0,0,0,0,0,0.172,0,0,0,0.188,0,0,0,0,0,0,0,0,0,0,0,0,0,0,0,0,0,0,0,0,0,0,0,0.151,0,0,0,0,0,0,0.916,0,0,0.172,0,0,0,0,0,0,0,0,0,0,0,0.584,0,0,0,0,0,0.172,0,0,0,0,0,0.275,0,0,0,0,0,0,0,0,0,0,0,0,0,0,0,0.172,0,0,0,0,0,0,0,0,0.172,0,0,0,0,0,0,0,0,0,0,0,0,0,0,0,0,0,0,0,0,0,0,0,0,0,0,0,0,0,0,0,0,0,0,0,0,0,0,0,0.29,0,0,0.197,0,0,0,0,0,0,0,0,0,0,0,0.176,0,0,0,0.172,0,0,0,0,0,0.181,0,0,0,0,0,0,0,0,0,0,0,0,0,0,0,0,0,0,0,0,0,0,0,0,0,0.172,0,0,0,0,0,0,0,0,0,0.222,0,0,0,0,0,0,0,0,0,0.197,0,0,0,0.172,0,0,0,0,0,0,0,0,0,0,0,0.165,0,0,0.172,0,0,0,0,0,0,0,0,0,0.197,0,0.189,0,0.172,0,0,0,0,0,0,0,0,0,0,0,0,0,0,0,0,0,0,0,0.382,0.188,0,0,0.193,0,0,0,0,0,0,0,0,0,0,0.172,0,0,0,0,0,0.172,0.197,0,0.308,0,0.197,0,0,0,0,0,0,0.215,0,0,0,0,0,0.172,0,0.165,0,0,0,0.172,0,0,0,0.3,0,0,0,0,0.172,0.172,0,0,0,0.172,0.172,0,0,0,0,0.172,0,0,0,0,0,0.351,0.535,0,0,0,0,0,0,0,0,0,0,0,0,0,0,0,0.172,0,0,0,0,0,0,0,0,0,0,0,0,0,0,0,0,0.994,0,0,0,0,0,0.252,0,0,0.208,0,0,0,0,0,0.164,0,0,0.281,0,0,0,0,0,0,0,0,0,0,0,0,0,0,0,0,0.193,0,0,0,0.197,0.245,0.337,0,0,0,0,0,0,0,0,0,0,0.193,0,0,0,0,0,0,0,0,0.172,0,0,0,0,0,0.768,0,0,0,0,0,0.842,0.309,0,0,0,0,0,0,0,0,0,0,0,0.172,0.193,0,0,0,0,0,0,0,0,0,0,0,0,0,0,0,0,0,0,0,0,0,0,0,0,0,0,0,0,0,0,0,0,0.211,0,0,0,0,0,0,0.172,0,0,0,0,0.172,0,0,0,0,0,0,0,0.981,0,0,0,0,0,0,0,0,0,0,0,0,0,0,0,0,0,0,0,0,0,0,0,0,0,0,0,0,0,0,0,0,0,0,0,0,0,0,0,0,0,0,0,0,0,0,0,0,0,0,0,0,0,0,0,0,0,0,0,0,0,0,0,0,0,0,0,0,0,0,0,0,0,0,0,0,0,0,0,0,0,0,0,0,0,0,0,0,0,0,0,0,0,0,0,0,0,0,0,0,0,0,0,0,0,0,0,0,0,0,0,0,0,0,0,0,0,0,0,0,0,0,0,0,0,0,0,0,0,0,0,0,0,0,0,0,0,0,0,0,0,0,0,0,0,0,0,0,0,0,0,0,0,0,0,0,0,0,0,0,0,0,0,0,0,0,0,0,0,0,0,0,0,0,0,0,0,0,0,0,0,0,0,0,0,0,0,0,0.211,0,0,0.487,0,0,0,0,0,0,0,0,0,0,0,0,0,0,0,0,0,0,0,0,0,0,0,0,0,0,0,0,0,0,0,0,0,0,0,0,0,0,0,0,0,0,0,0,0,0,0,0,0,0,0,0,0,0,0,0,0,0,0,0,0,0,0,0,0,0,0,0,0,0,0,0,0,0,0,0,0,0,0,0,0,0,0,0,0,0,0,0,0,0,0,0,0,0,0,0,0,0,0,0,0.183,0,0,0,0,0,0,0,0,0,0,0,0,0,0,0,0,0,0,0,0,0,0,0.161,0,0,0,0,0,0,0,0,0,0.157,0,0,0,0,0,0,0,0,0,0,0,0,0,0,0,0,0,0,0,0,0,0,0,0,0,0,0,0.658,0,0,0,0,0,0,0,0,0,0,0,0,0,0,0,0,0,0,0,0,0,0,0,0,0,0.318,0,0,0,0,0.203,0,0,0,0,0,0,0,0,0,0,0.252,0,0,0,0,0,0,0,0,0,0.65,0,0,0,0.258,0,0,0,0,0,0,0,0,0,0,0,0,0,0,0,0,0,0,0,0,0,0,0,0,0,0,0,0,0,0,0,0,0,0,0,0,0,0.445,0,0,0,0,0,0,0,0,0,0,0,0,0,0,0,0,0,0,0,0,0,0,0,0,0,0,0,0,0,0,0,0,0,0,0,0,0,0,0,0,0,0,0,0,0,0,0,0,0,0,0,0,0,0,0,0,0,0,0,0,0,0,0,0,0,0,0,0,0,0,0,0,0,0,0,0,0,0,0,0,0,0,0,0,0,0,0,0,0,0,0,0,0,0,0,0,0,0,0,0,0,0,0,0,0,0,0,0,0,0,0,0,0,0,0,0,0,0,0,0,0,0,0,0,0,0,0,0,0,0,0,0,0,0,0,0,0,0,0,0,0,0,0,0,0,0,0,0,0,0,0,0,0,0,0,0,0,0,0,0,0,0,0,0,0,0,0,0,0,0,0,0,0,0,0,0,0,0,0,0,0,0,0,0,0,0,0,0,0,0,0,0,0,0,0,0,0,0,0,0,0,0,0,0,0,0,0,0,0,0,0,0,0,0,0,0,0,0,0,0,0,0,0,0,0,0,0,0,0,0,0,0,0,0,0,0,0,0,0,0,0,0,0,0,0,0,0,0,0,0,0,0,0,0,0,0,0,0,0,0,0,0,0,0,0,0,0,0,0,0,0,0,0,0,0,0,0,0,0,0,0,0,0,0,0,0,0,0,0,0,0,0,0,0,0,0,0,0.222,0,0,0,0,0,0,0,0,0,0,0,0,0,0,0,0,0,0,0,0,0,0,0,0,0,0,0,0,0,0,0,0,0,0,0,0,0,0,0,0,0,0,0,0,0,0,0,0,0,0,0,0,0,0,0,0,0,0,0,0,0,0,0,0,0,0,0,0,0,0,0.273,0,0,0,0,0,0,0,0,0,0,0,0,0,0,0,0,0,0,0,0,0,0,0,0,0.172,0,0,0.175,0,0,0,0,0,0,0,0,0,0,0,0,0,0,0,0,0,0,0,0.54,0,0,0,0,0,0,0,0,0,0,0,0,0,0,0,0,0,0,0,0,0,0,0,0,0,0,0,0,0,0,0,0,0,0,0,0,0,0,0,0,0,0,0,0,0,0,0,0,0,0,0,0,0,0,0,0,0,0,0,0,0,0,0,0,0,0,0,0,0,0,0,0,0,0,0,0,0,0,0,0,0,0,0,0,0,0,0,0.258,0,0,0,0,0,0,0.2,0,0,0,0,0,0,0,0,0,0,0,0,0,0,0,0,0,0,0,0,0,0,0,0,0,0,0,0,0,0,0,0,0,0,0,0,0,0,0,0,0,0,0.184,0,0,0,0,0,0,0,0,0,0,0,0,0,0,0,0,0,0,0,0,0,0,0,0,0,0,0,0,0,0,0,0,0,0,0,0,0,0,0,0,0,0,0,0,0,0,0,0,0,0,0,0.167,0,0,0,0,0,0,0,0,0,0,0,0,0,0,0,0,0,0,0.189,0,0,0,0,0,0.949,0,0.173,0,0,0,0,0,0,0,0,0.246,0,0,0,0,0,0,0,0,0,0,0.163,0,0,0,0,0.941,0,0,0,0,0,0,0,0,0,0,0,0,0,0,0,0,0,0,0,0,0,0,0,0,0,0.29,0,0,0,0,0,0,0.183,0,0,0.198,0,0,0,0.178,0,0,0,0.966,0,0,0,0,0,0,0,0,0,0,0.299,0,0,0,0,0,0,0,0,0,0,0,0,0,0,0,0,0,0,0,0,0,0.164,0,0,0,0,0,0,0,0,0.155,0,0,0,0,0,0,0,0,0,0,0,0,0,0,0,0,0,0,0,0,0,0,0,0,0,0,0,0.155,0,0,0,0,0,0,0,0,0,0,0,0,0,0,0,0,0,0,0,0,0,0,0,0,0,0,0,0,0,0,0,0,0,0,0,0,0.175,0,0,0,0,0,0,0,0,0,0,0,0,0,0,0,0,0,0,0,0.152,0,0,0,0,0,0,0,0,0,0,0,0,0,0,0,0,0,0,0,0,0,0,0,0,0,0,0,0,0,0,0,0,0,0,0,0,0,0,0,0,0,0,0,0,0,0,0,0,0,0,0,0,0,0,0,0,0,0,0,0,0,0,0,0,0,0,0,0,0,0,0,0,0,0,0,0,0,0,0,0,0,0,0,0,0,0,0,0,0,0,0,0,0,0,0,0,0,0,0,0,0,0,0,0,0,0,0,0,0,0,0,0,0,0,0,0,0,0,0,0,0,0,0,0,0,0,0,0,0,0.152,0,0,0,0,0,0,0,0,0,0,0,0,0,0,0,0,0,0,0,0,0,0,0,0,0,0,0,0,0,0,0,0,0,0,0,0,0,0,0,0,0,0,0.186,0,0.284,0,0,0,0,0,0,0,0,0,0,0,0,0,0,0,0,0,0,0,0,0,0,0,0,0,0,0,0,0,0,0,0,0,0,0,0,0,0,0,0,0,0,0,0,0,0,0,0,0,0,0,0,0,0,0,0,0,0,0,0,0,0,0,0,0,0.445,0,0,0,0,0,0,0,0,0,0,0,0,0,0,0,0,0,0,0,0,0,0,0,0,0,0,0,0,0,0,0,0,0,0.276,0,0,0,0,0.481,0,0,0,0,0,0,0,0,0,0,0,0,0,0,0,0,0,0,0,0,0,0,0,0,0.333,0,0,0,0,0,0,0,0,0,0,0,0,0,0,0,0,0,0,0,0,0,0,0,0,0,0,0,0,0,0,0,0.197,0,0,0,0,0,0,0,0,0,0,0,0,0,0,0,0,0,0,0,0,0,0,0,0,0,0,0,0,0,0,0,0,0,0,0,0,0,0,0,0,0,0,0,0,0,0,0,0,0,0,0,0,0,0,0,0,0,0.288,0,0,0,0,0,0,0,0,0,0,0,0,0,0,0,0,0,0,0,0,0,0,0,0,0,0,0,0,0,0,0,0,0,0,0,0,0,0,0,0,0,0,0,0,0,0,0,0,0,0,0,0,0,0,0,0,0,0,0,0,0,0,0,0,0,0,0,0,0,0,0,0,0,0,0,0,0,0,0,0,0,0,0,0,0,0,0,0,0,0,0,0,0,0,0,0,0,0,0,0,0,0,0,0,0,0,0,0,0,0,0,0,0,0,0,0,0,0,0,0,0,0,0,0,0,0,0,0,0,0,0,0,0,0,0,0,0,0,0,0,0,0,0,0,0,0,0,0,0,0,0,0,0,0,0,0,0,0,0,0,0,0,0,0,0,0,0,0,0,0,0,0,0,0,0,0,0,0,0,0,0,0,0,0,0,0,0,0,0,0,0,0,0,0,0,0,0,0,0,0,0,0,0,0,0,0,0,0,0,0,0,0,0,0,0,0,0,0,0,0,0,0,0,0,0,0,0,0,0,0,0,0,0,0,0,0,0,0,0,0,0,0,0,0,0,0,0,0,0,0,0,0,0,0,0,0.311,0,0,0,0,0,0,0,0,0,0,0,0,0,0,0,0,0,0,0,0,0,0,0,0,0,0,0,0,0,0,0,0,0,0,0,0,0,0,0,0,0,0,0,0,0,0,0,0,0,0,0,0,0,0,0,0,0,0,0,0,0,0,0,0,0.481,0,0,0,0,0,0,0,0,0,0,0,0,0,0,0,0,0,0,0,0,0,0,0,0,0,0,0,0,0,0,0,0,0,0,0,0,0,0,0,0,0,0,0,0,0,0,0,0,0,0,0,0,0,0,0,0,0,0,0,0,0,0,0,0,0,0,0,0,0,0,0,0,0,0,0,0,0,0,0,0.265,0,0,0,0,0,0,0,0,0,0,0,0,0,0,0,0,0,0,0,0,0,0,0,0,0,0,0,0,0,0,0,0,0,0,0,0,0,0,0,0,0,0,0,0,0,0,0,0,0,0,0,0,0,0,0,0,0,0,0,0,0,0,0,0,0,0,0,0,0,0,0,0,0,0,0,0,0,0,0,0,0,0,0,0.288,0,0,0,0,0,0,0,0,0,0,0,0,0,0,0,0,0,0,0,0,0,0,0,0,0,0,0,0,0,0,0,0,0,0,0,0,0,0,0,0,0,0,0,0,0,0,0,0,0,0,0,0,0,0,0,0,0,0,0,0,0,0,0,0,0,0,0,0,0,0,0,0,0,0,0,0,0,0,0,0,0.191,0,0,0,0,0,0,0,0,0,0,0,0,0,0,0,0,0,0,0,0,0,0,0,0,0,0,0,0,0,0,0,0,0,0,0,0,0,0.258,0,0,0,0,0,0,0,0,0,0,0,0,0,0,0,0,0,0,0,0,0,0,0,0.174,0,0,0,0,0,0,0,0,0,0,0,0,0,0,0,0,0,0,0,0,0,0,0,0,0,0,0,0,0,0,0,0,0,0,0,0,0,0,0,0,0,0,0,0,0,0,0,0,0,0,0,0,0,0,0,0,0,0,0,0,0,0,0,0,0,0,0,0,0,0,0,0,0,0.15,0,0,0,0,0,0,0,0,0,0,0,0,0,0,0,0,0,0,0,0,0,0,0,0,0,0,0,0,0,0,0,0,0,0,0,0,0,0,0,0,0,0,0,0,0,0,0,0,0,0,0,0,0,0,0,0,0,0,0,0,0,0,0,0,0,0,0,0,0,0,0,0,0,0,0,0,0,0,0,0,0,0,0,0,0,0,0,0,0,0,0,0,0,0,0,0,0,0,0,0,0,0,0,0,0,0,0,0,0,0,0,0,0,0,0,0,0,0,0,0,0,0,0,0,0,0,0,0,0,0,0,0,0,0,0,0,0,0,0,0,0,0,0,0,0,0,0,0,0,0,0,0,0.175,0,0,0,0,0,0,0,0,0,0,0,0,0,0,0,0,0,0,0,0,0,0,0,0,0,0,0,0,0,0,0,0,0,0,0,0,0,0,0,0,0,0,0,0,0,0,0,0,0,0,0,0,0,0,0,0,0,0,0,0,0,0,0,0,0,0,0,0,0,0,0,0,0,0,0,0,0,0,0,0,0,0,0,0,0,0,0,0,0,0,0,0,0,0,0,0,0,0,0,0,0,0,0,0,0,0,0,0,0,0,0,0,0,0,0,0,0,0,0,0.193,0,0,0,0,0,0,0,0,0,0,0,0,0,0,0,0,0,0,0,0,0,0,0.191,0,0,0,0,0,0,0,0,0,0,0,0,0,0,0,0,0,0,0,0,0,0,0,0,0.171,0,0,0,0,0,0,0,0,0,0.193,0,0,0,0,0,0,0,0,0,0,0,0,0,0,0,0,0,0,0,0,0,0,0,0,0,0,0,0,0,0,0,0,0,0,0,0,0,0,0
852171,0.464,0,0.568,0.803,0.284,0,0.215,0,0.164,0,0.237,0,0,0,0,0.691,0.223,0,0.691,0,0,0,0,0,0,0,0.223,0,0,0,0,0,0,0,0,0,0,0.225,0,0,0.47,0,0,0,0.348,0.214,0,0.259,0.695,0,0,0,0.449,0,0,0,0,0.663,0,0,0.271,0.228,0,0,0.54,0,0.456,0,0,0,0.463,0,0,0.367,0.448,0,0,0,0,0,0,0,0,0,0,0,0,0,0.776,0.202,0,0,0,0.564,0,0,0,0,0.917,0,0.175,0,0,0,0,0.231,0,0,0,0,0,0,0,0,0,0,0,0,0.719,0,0,0,0,0,0,0,0,0,0,0,0.197,0,0,0,0.198,0,0,0,0.247,0,0,0,0,0,0,0.291,0,0,0,0,0,0,0,0,0,0.759,0,0.392,0.448,0.217,0,0,0,0,0.896,0,0,0,0.202,0,0,0.217,0,0,0,0,0,0,0,0,0.418,0.574,0,0,0.288,0,0,0,0,0,0,0,0,0,0,0,0,0,0,0,0,0.185,0.39,0,0,0,0,0.307,0,0,0.154,0.196,0,0,0,0,0,0,0,0,0,0,0,0,0,0,0,0,0,0,0,0,0,0,0,0,0,0,0,0,0,0,0,0,0,0,0,0.519,0,0,0,0,0,0,0,0,0,0,0,0,0,0,0,0,0,0,0,0,0,0,0,0,0,0,0,0,0,0,0,0,0,0,0,0.398,0,0,0,0,0,0,0,0,0,0,0.358,0,0,0,0,0,0,0.216,0,0,0,0,0.218,0,0,0,0,0.37,0.227,0,0,0,0,0,0.424,0,0.183,0,0,0,0,0,0,0,0,0,0,0.32,0,0,0,0.342,0,0,0,0.221,0,0,0,0,0,0,0,0,0,0,0,0,0,0,0,0,0,0,0,0,0,0,0.34,0,0,0,0,0,0,0,0.313,0,0,0,0,0.254,0,0,0,0,0,0,0,0,0,0,0,0,0,0,0,0,0,0,0,0,0,0.208,0,0,0,0,0,0,0,0,0,0,0,0,0,0,0,0,0,0,0,0,0,0,0,0,0,0.194,0,0,0,0,0,0.26,0,0,0,0,0.225,0.199,0,0.168,0,0,0,0,0,0,0,0,0,0,0,0,0,0.201,0,0,0,0,0,0,0,0,0,0,0,0,0.326,0,0,0,0,0,0,0,0,0,0,0,0,0,0.446,0,0,0,0,0,0,0,0,0,0,0,0,0,0,0,0,0,0,0,0,0,0,0,0,0,0,0,0,0,0,0,0,0,0,0,0,0,0,0,0,0,0,0,0,0,0,0,0,0,0,0,0,0,0,0,0,0,0,0,0,0,0,0,0,0.377,0,0.241,0,0,0,0,0,0,0,0.183,0,0,0,0.869,0,0,0,0,0,0,0,0,0,0,0,0,0,0.561,0,0,0,0,0,0,0,0,0,0,0,0.218,0,0,0,0,0,0,0,0,0,0,0,0,0,0,0,0,0,0,0,0,0,0,0,0,0,0,0,0,0,0.441,0,0,0,0,0,0,0.167,0,0,0,0,0,0,0,0.167,0,0,0,0,0,0,0,0,0,0,0,0,0,0,0,0.194,0,0,0,0,0.209,0,0,0,0,0,0,0,0.199,0,0,0,0,0,0,0.459,0,0,0,0,0,0,0.201,0,0,0,0,0,0,0,0,0,0,0,0,0,0,0,0,0,0,0,0,0,0,0,0,0,0,0,0,0,0,0,0,0,0,0,0,0,0,0,0,0,0,0,0,0.187,0,0,0,0,0,0,0,0,0,0,0,0,0,0,0,0,0,0,0,0.294,0,0,0,0.843,0,0,0,0,0,0,0,0,0,0,0,0.253,0,0,0,0,0,0,0,0,0,0,0,0,0,0,0,0,0,0,0,0,0,0.202,0,0,0,0,0,0,0,0,0,0.191,0,0,0,0,0,0,0,0,0,0,0.354,0,0,0,0,0,0,0,0,0,0,0,0,0,0,0,0,0,0.316,0.171,0.831,0,0,0,0,0,0,0,0,0,0,0,0.614,0,0,0,0.197,0,0,0.633,0,0,0,0,0,0,0,0,0,0,0,0,0,0,0,0.878,0,0,0,0,0,0,0,0,0,0,0,0,0,0,0,0,0,0,0,0.588,0.195,0,0,0,0,0.394,0,0,0,0,0,0,0,0,0,0,0,0,0,0,0,0,0,0,0.198,0,0,0,0,0,0,0,0.32,0.514,0,0,0,0,0,0,0,0,0,0,0,0,0,0,0,0,0,0,0,0,0.456,0.483,0,0,0,0,0,0,0,0,0,0,0,0,0,0,0,0,0,0,0,0,0,0,0,0,0,0,0,0,0,0.203,0,0,0,0,0,0.231,0,0,0,0,0,0,0,0,0,0.252,0,0,0,0,0,0,0,0,0.178,0,0,0,0,0,0,0,0,0,0,0,0,0,0,0,0,0,0,0,0,0,0,0,0,0,0,0,0,0,0,0,0,0,0,0,0,0,0,0,0,0,0.68,0,0,0,0.21,0,0,0,0,0,0,0,0,0,0.257,0.15,0,0,0.233,0,0,0,0,0,0,0,0,0.155,0.303,0,0.353,0,0.336,0,0,0,0,0,0,0,0,0,0,0,0,0,0,0,0,0,0.445,0,0,0.159,0,0,0,0,0.263,0.22,0,0,0,0,0,0,0.533,0,0,0.195,0,0,0.306,0,0.245,0.372,0.441,0,0,0,0,0,0,0,0,0,0.197,0,0,0,0,0,0,0.374,0,0,0,0.442,0,0.159,0,0,0.196,0,0,0,0,0,0,0,0,0,0,0,0,0,0,0,0,0,0,0.208,0,0,0,0,0,0,0,0.338,0,0,0,0,0,0,0,0,0,0,0,0,0,0,0,0,0,0.685,0,0,0.262,0,0,0,0,0,0.184,0,0.223,0,0,0,0.33,0,0,0,0.168,0,0.33,0.17,0,0,0.211,0,0,0,0,0,0,0.66,0.192,0.286,0,0,0,0,0,0,0.307,0,0,0.574,0,0,0.196,0,0,0,0,0,0,0,0,0,0,0,0,0,0,0.229,0,0.193,0.229,0,0,0,0.307,0,0,0.493,0,0,0,0,0.261,0,0,0,0,0,0,0,0.396,0,0.54,0,0,0,0.612,0,0.227,0.183,0,0,0,0,0.21,0,0.692,0,0.219,0.355,0,0,0,0,0,0,0,0,0,0,0.582,0,0,0,0.568,0,0,0,0,0,0.239,0,0,0,0.204,0.198,0.189,0,0,0.219,0.37,0.284,0.197,0,0,0,0,0.161,0.198,0,0,0,0,0,0,0.279,0,0,0,0,0,0,0,0,0.259,0,0,0,0,0,0,0,0.244,0,0.156,0,0,0,0.47,0.425,0,0.158,0,0,0.257,0,0,0.283,0,0,0,0,0.196,0,0,0.194,0,0,0,0,0,0,0,0.292,0,0,0.565,0,0,0,0.38,0,0,0,0,0.614,0,0,0.213,0.598,0,0,0,0.3,0,0,0,0,0,0,0,0.297,0.442,0.287,0,0,0,0,0,0,0,0.337,0,0,0.236,0,0.202,0.669,0,0,0,0.449,0,0,0.569,0.232,0,0,0,0,0,0,0,0.222,0,0,0,0,0,0,0.174,0.204,0,0,0,0,0,0,0.231,0,0,0,0.298,0,0,0.632,0,0,0,0,0,0,0.229,0,0,0,0,0.378,0,0.227,0,0,0,0,0,0,0,0,0.227,0.232,0,0,0,0,0,0.153,0,0,0,0,0,0,0,0.239,0.198,0,0,0,0,0,0,0,0,0,0,0,0,0.197,0,0,0,0,0,0,0,0.441,0,0,0,0.312,0,0.216,0,0,0.224,0,0,0,0,0,0,0.2,0,0,0,0,0,0.498,0,0,0,0,0,0,0,0,0,0,0,0,0,0.384,0.233,0,0,0,0,0,0,0,0,0,0,0,0,0,0.212,0,0,0,0,0,0,0,0,0,0,0,0,0.193,0,0,0,0,0,0,0,0,0,0,0,0,0,0,0,0,0,0,0,0,0,0,0,0,0,0,0,0,0,0,0,0,0,0,0,0,0,0,0,0,0,0,0,0.202,0.159,0,0,0,0,0,0,0,0,0,0.151,0,0,0,0,0,0,0,0,0,0,0,0,0,0,0,0,0,0.197,0,0,0,0,0,0,0,0,0,0,0,0,0,0,0,0,0.196,0,0,0,0,0,0,0.354,0,0,0,0,0,0,0,0,0,0,0.206,0,0.196,0,0,0,0,0,0,0,0.227,0,0.204,0,0,0,0,0,0,0,0,0,0,0,0,0,0,0,0,0,0,0.392,0,0.257,0,0,0,0,0,0,0,0,0,0,0,0,0,0,0,0,0,0,0,0,0,0,0,0,0,0,0,0,0,0,0,0,0,0,0,0,0,0,0,0,0,0,0.192,0,0,0,0,0,0,0,0,0,0,0,0,0,0.169,0,0,0,0,0.22,0,0,0,0,0,0.224,0.249,0,0,0,0,0,0,0,0,0,0,0,0,0,0,0,0,0,0,0,0,0,0,0,0,0,0.195,0,0,0,0,0,0,0,0.631,0,0,0,0,0,0,0,0.421,0,0,0,0,0.307,0,0,0,0,0,0,0,0,0,0,0,0,0,0,0,0,0,0,0,0,0,0,0,0,0,0,0,0,0,0,0,0,0,0,0,0,0,0,0,0,0,0,0,0,0,0,0,0,0,0.483,0,0,0,0,0,0,0,0,0,0,0,0,0,0,0,0.226,0,0,0,0,0,0,0,0,0,0,0,0,0,0,0,0,0,0,0,0,0,0,0.198,0,0,0,0,0,0,0,0,0,0,0,0,0,0,0,0,0,0,0,0,0,0,0,0,0,0,0,0,0,0,0,0,0,0,0,0,0,0,0,0,0,0,0,0,0,0,0,0,0,0,0.168,0,0,0,0,0,0,0,0,0,0,0,0,0.943,0,0,0,0,0,0,0,0,0,0.197,0,0,0,0,0,0,0,0,0,0,0.195,0,0,0,0,0,0,0,0,0,0,0,0,0,0,0,0,0,0,0,0,0,0,0,0,0.227,0,0,0,0,0,0,0,0,0,0,0,0,0,0,0,0,0,0,0,0,0,0,0,0,0,0,0,0,0,0,0,0,0,0,0,0,0,0,0,0,0,0,0,0,0,0,0,0,0.195,0,0,0.169,0,0,0,0,0,0,0,0,0,0,0,0,0,0,0.199,0,0,0,0,0.232,0,0,0,0,0,0,0,0,0,0,0,0,0.639,0,0,0,0,0,0,0,0,0,0,0,0,0,0,0,0,0,0,0,0,0,0,0,0,0,0,0,0,0,0,0,0,0,0,0,0,0,0,0,0,0.165,0,0,0,0,0,0,0,0,0,0,0.2,0,0,0,0,0,0,0,0,0,0,0,0,0,0,0,0,0,0,0,0,0,0,0,0,0,0,0,0,0,0,0,0,0,0,0,0,0,0,0,0,0,0,0,0,0,0,0,0,0,0,0,0,0,0,0,0,0,0,0.226,0,0,0,0,0,0,0,0,0,0,0,0,0,0,0,0,0,0,0,0,0,0,0,0,0,0,0,0,0,0,0,0,0,0,0,0.199,0,0,0,0,0,0,0,0,0.159,0,0,0,0,0,0,0,0,0,0.239,0,0,0,0,0,0,0,0,0,0,0,0,0,0,0,0,0,0,0,0,0,0,0,0,0,0,0,0,0,0,0,0,0,0,0,0,0,0,0,0,0,0,0,0,0,0,0,0,0,0,0,0,0.226,0,0,0,0,0,0,0,0,0,0,0,0,0,0,0,0,0,0,0,0,0,0,0,0,0,0,0.195,0,0,0,0,0,0,0,0,0.197,0,0,0,0,0,0,0,0,0,0,0,0,0,0,0,0,0,0,0.206,0,0,0,0,0,0,0,0,0,0,0,0,0,0,0,0,0,0,0,0,0,0,0,0,0,0,0,0,0,0,0,0,0,0,0,0,0,0,0,0,0.683,0,0,0,0,0,0,0,0.22,0,0,0.377,0,0,0,0,0,0,0,0,0,0,0,0,0,0,0,0,0,0,0,0,0,0,0,0,0,0,0,0,0,0,0,0,0,0,0,0,0,0,0,0,0,0,0,0,0,0,0,0,0,0,0,0,0,0,0,0,0,0,0,0.797,0,0,0,0,0,0,0.165,0,0,0.2,0,0,0,0,0,0,0,0,0,0,0,0,0,0,0,0,0,0,0,0,0,0,0,0,0,0,0,0,0,0,0,0,0,0,0,0,0,0,0,0.217,0,0,0,0,0,0,0,0,0,0,0,0,0,0,0.256,0,0,0,0,0,0,0,0.442,0,0,0,0,0,0,0,0,0,0,0,0,0,0,0,0,0,0,0,0,0,0,0,0,0,0,0,0,0,0.811,0,0,0,0,0,0,0,0,0,0,0,0,0,0,0,0.288,0,0,0,0,0,0,0.238,0,0,0,0,0,0,0,0,0,0,0,0,0,0,0,0,0,0,0,0.221,0,0,0.341,0,0,0,0,0.244,0,0,0,0,0,0,0,0,0,0,0.196,0,0,0,0,0,0,0,0,0,0,0,0,0,0,0,0,0,0,0,0,0,0,0,0,0,0,0,0,0,0,0.702,0,0,0,0,0.196,0,0,0,0,0,0,0,0,0,0,0,0,0,0,0.199,0.199,0,0,0,0,0,0,0,0,0,0,0,0,0,0,0,0,0,0,0,0,0,0,0,0,0.229,0,0,0,0,0,0,0,0,0,0,0,0,0,0,0,0,0,0,0,0,0,0,0,0,0,0,0,0,0,0,0,0,0,0,0,0,0,0,0,0,0,0,0,0,0,0,0,0,0,0,0,0,0,0.165,0,0,0,0,0,0,0,0,0,0,0,0,0,0,0,0,0,0,0.184,0,0,0,0,0,0,0,0,0,0,0,0,0,0,0,0,0,0,0,0,0,0,0,0,0,0,0,0,0,0,0,0,0,0,0,0,0,0.171,0,0,0,0,0,0,0,0,0,0,0,0,0,0,0,0,0,0,0,0,0,0,0,0,0,0,0,0.29,0,0,0,0,0,0,0,0,0,0,0,0,0,0,0,0,0,0,0,0,0,0,0,0,0,0,0,0,0,0,0,0,0.161,0,0,0,0,0,0,0,0,0,0,0,0,0,0,0,0,0,0,0,0,0,0,0,0,0,0,0,0,0,0,0,0,0,0,0,0,0,0,0,0,0,0,0,0,0,0,0,0,0,0,0,0,0,0,0,0,0,0,0,0,0,0,0,0,0,0,0,0,0,0,0,0,0,0,0,0,0,0,0,0,0,0,0,0,0,0,0,0,0,0,0,0,0,0,0,0,0,0,0,0.18,0,0,0,0,0,0,0.197,0,0,0,0,0,0,0,0,0,0,0,0,0,0,0,0,0,0,0,0,0,0,0,0,0,0,0,0,0,0,0,0,0,0,0,0,0,0,0.156,0,0,0,0,0,0,0,0,0,0,0,0,0.195,0,0,0.154,0,0,0.309,0,0,0,0.564,0,0,0,0,0,0,0,0,0,0,0,0,0,0,0.394,0,0,0,0,0.253,0,0,0,0,0,0,0,0,0,0,0,0,0,0,0,0,0,0.173,0,0,0,0,0,0,0.219,0,0,0,0,0,0.218,0,0,0,0,0,0,0,0,0,0,0,0,0,0,0,0,0,0,0,0,0,0,0,0,0,0,0,0.369,0,0,0,0,0,0,0,0,0,0,0,0,0,0,0,0,0,0,0,0,0,0,0,0,0,0,0,0,0.631,0,0,0,0,0,0,0,0,0,0,0,0,0,0,0,0,0,0,0,0,0,0,0,0,0,0,0,0,0,0,0,0,0,0,0,0,0,0,0,0,0,0,0,0,0,0,0,0,0,0,0,0,0,0,0,0,0,0,0,0,0,0.196,0,0,0,0,0,0,0.212,0.29,0,0,0,0,0,0,0,0,0,0,0,0,0,0,0,0.157,0,0,0,0,0,0,0,0,0.159,0,0,0,0,0,0,0,0,0,0,0,0,0,0,0,0,0,0,0,0,0,0,0,0,0,0,0,0,0,0,0.445,0,0,0.958,0,0.211,0,0,0,0,0,0,0,0,0,0,0,0,0,0,0,0,0,0,0,0,0,0,0,0,0,0,0.191,0,0,0,0,0,0,0,0,0.513,0,0,0,0,0,0,0,0,0,0,0,0,0,0,0,0,0.55,0,0,0,0,0,0,0,0,0,0,0,0,0,0,0.232,0,0,0,0,0,0.193,0.196,0,0,0,0,0,0,0,0,0,0,0,0,0,0,0,0,0,0,0,0,0,0,0,0,0.196,0,0,0,0,0,0,0,0,0,0,0,0,0,0,0,0,0,0,0,0,0,0,0,0.381,0,0,0,0,0,0,0,0.297,0,0,0,0,0,0.754,0.697,0,0,0,0,0,0,0,0,0,0,0.355,0,0,0,0,0,0,0,0,0,0,0,0,0,0,0,0,0,0,0,0,0,0,0,0,0,0,0,0.804,0,0,0,0,0,0,0,0,0,0,0,0,0,0,0,0,0,0,0,0,0,0,0,0,0,0,0,0,0,0,0,0,0,0,0,0,0,0,0,0.188,0,0,0,0,0,0,0,0,0,0,0,0,0,0,0,0,0,0,0,0,0,0,0,0,0,0,0,0,0,0,0,0,0,0,0.359,0,0,0,0,0,0,0,0,0,0,0.22,0,0,0,0,0,0,0,0,0,0,0,0,0,0,0,0,0,0,0,0,0,0,0,0,0,0,0,0,0,0,0,0,0,0,0,0,0,0,0,0,0,0,0,0,0,0,0,0,0,0,0,0,0,0,0,0,0,0,0,0,0,0,0,0,0,0,0,0,0,0,0,0,0,0,0,0,0,0,0,0,0,0,0,0,0,0,0,0,0,0,0,0,0,0,0,0,0,0,0,0,0,0,0,0,0,0,0,0,0,0,0,0.217,0,0,0.186,0,0,0,0,0,0,0,0,0,0,0,0,0,0,0,0,0,0,0,0,0,0,0,0,0,0,0,0.217,0,0,0,0,0.191,0,0,0,0,0,0,0,0,0,0,0,0,0,0,0,0,0,0,0,0,0.978,0,0,0,0,0,0,0,0,0,0,0,0,0,0,0,0,0,0,0,0,0,0,0.199,0,0,0,0,0,0,0,0,0,0,0,0,0,0.461,0,0,0,0,0,0,0,0,0,0,0.152,0,0,0,0,0,0,0,0,0,0,0,0,0,0,0,0,0,0,0,0.298,0,0,0,0,0,0,0,0,0,0,0,0,0,0,0,0,0,0.196,0,0,0,0,0,0,0,0,0,0,0,0,0,0,0,0,0,0,0,0,0,0,0,0,0,0,0,0,0,0,0,0,0,0,0,0,0,0,0,0,0,0,0,0,0,0,0,0.333,0,0.226,0,0.254,0,0.408,0.245,0.486,0.481,0,0,0.361,0,0,0.655,0,0.173,0,0.18,0.449,0,0,0,0.219,0,0,0,0,0,0,0,0,0,0,0,0,0,0,0,0,0,0,0,0,0,0,0,0,0,0,0,0,0,0,0.258,0,0,0,0,0,0,0,0,0,0,0,0,0,0,0,0,0,0,0,0,0,0,0,0,0,0,0,0,0,0,0,0,0,0,0,0,0,0,0,0,0,0,0,0,0.243,0,0,0,0.171,0,0,0,0,0,0,0,0,0,0,0,0.197,0,0,0,0,0,0,0,0,0,0,0,0,0,0,0,0,0,0,0,0,0,0.15,0,0,0,0,0,0,0,0,0,0,0,0,0,0,0,0,0,0,0,0,0,0,0,0,0,0,0,0,0,0,0,0,0,0,0,0.196,0,0,0,0,0,0,0,0.202,0,0,0,0,0,0,0,0,0,0,0,0,0,0,0,0,0,0,0,0,0,0,0,0,0,0,0,0,0,0,0,0,0,0,0,0,0,0,0,0,0,0,0,0,0,0,0,0,0,0,0,0,0,0,0,0,0,0,0,0,0,0,0,0,0,0,0.168,0,0,0,0,0.181,0,0,0,0,0,0,0,0,0,0,0,0,0,0,0,0,0,0,0,0,0.354,0.489,0,0,0,0,0,0,0,0,0,0,0,0,0,0,0,0,0,0,0,0,0,0.258,0,0,0,0,0,0,0,0,0,0.353,0.25,0,0,0,0,0,0,0,0,0,0,0,0,0,0,0,0,0,0,0,0,0,0,0,0.567,0,0,0,0,0,0,0,0,0,0,0,0,0,0,0,0,0,0,0.194,0,0,0.212,0,0,0,0,0,0,0,0,0,0.193,0,0,0,0,0,0,0,0,0,0,0,0.313,0,0,0,0,0,0,0
851086,0.551,0.27,0.403,0,0,0,0.217,0.206,0.914,0.92,0.379,0,0,0,0,0.444,0.174,0.437,0,0,0,0.514,0,0,0,0,0.206,0,0,0,0,0,0.96,0.811,0.243,0.15,0,0,0,0.225,0,0.67,0,0,0,0,0.294,0.155,0.365,0,0,0,0.409,0,0,0,0,0.331,0.169,0,0,0.264,0.289,0,0.888,0.738,0,0.486,0,0.274,0.762,0.925,0,0.25,0,0.376,0.236,0,0.622,0,0.203,0.152,0.349,0,0,0,0.379,0,0.211,0,0.303,0,0,0.461,0.575,0,0.98,0.265,0.224,0,0,0,0.382,0.374,0,0.624,0,0,0,0.451,0,0.494,0.217,0.263,0.243,0,0,0.397,0.265,0,0,0.329,0,0,0,0.177,0,0,0,0,0.245,0,0,0.836,0,0.999,0,0.322,0,0.316,0,0,0,0,0,0,0,0,0,0,0.374,0,0.886,0.444,0,0.61,0,0,0.367,0.269,0,0,0,0.948,0.224,0,0,0.188,0.196,0.199,0,0,0,0,0,0,0,0,0.194,0,0,0.783,0,0,0,0,0,0,0,0,0,0,0,0,0,0,0,0,0,0,0,0,0.183,0,0,0,0,0,0,0,0,0,0,0,0,0,0,0,0,0,0,0,0.151,0,0,0,0.201,0,0,0,0,0,0,0,0,0,0,0,0,0.201,0,0,0,0,0,0,0,0,0,0,0,0,0,0,0,0,0,0,0,0,0,0,0,0,0,0,0.347,0,0,0,0,0,0,0.152,0,0,0,0,0,0,0,0,0,0,0.207,0,0,0,0,0,0,0,0,0,0.548,0,0,0,0,0,0,0,0,0,0,0,0.217,0,0,0,0,0,0,0,0,0,0,0,0,0,0,0,0,0,0,0,0,0,0,0,0,0,0,0.198,0,0.458,0,0,0,0,0,0,0,0,0,0,0,0,0,0.372,0,0,0,0,0.56,0,0,0,0,0,0,0,0,0,0,0,0.403,0,0,0,0.195,0,0,0.347,0,0,0,0,0,0,0,0,0,0,0,0,0,0,0,0.219,0,0,0,0.221,0,0,0,0,0,0,0,0,0,0,0,0,0,0,0,0,0,0,0,0.535,0.199,0,0,0,0,0,0,0,0,0,0,0,0,0,0,0,0.204,0,0,0,0,0,0,0,0,0,0,0,0,0,0,0.153,0,0,0,0,0,0,0,0,0,0,0,0,0,0,0,0,0,0,0.205,0,0,0,0,0,0,0,0,0,0,0,0,0,0,0,0,0,0,0,0,0,0,0,0.229,0,0,0,0.17,0,0.15,0,0,0,0.611,0,0,0,0,0,0,0,0,0,0,0,0,0,0,0,0,0,0,0,0,0,0,0,0.159,0,0,0,0,0,0,0,0,0,0,0,0,0,0,0,0,0,0,0,0,0,0,0.344,0,0,0,0,0,0,0.302,0,0,0,0,0.473,0,0,0,0,0,0,0,0,0,0,0,0,0,0.214,0,0,0,0,0,0,0,0,0,0,0.34,0,0.159,0,0,0,0.294,0,0,0.171,0,0,0,0,0,0,0,0,0,0,0,0,0,0,0,0,0,0,0,0,0,0,0,0,0,0,0,0,0,0,0,0,0,0,0,0,0.409,0,0,0,0,0,0,0,0,0,0,0,0,0,0,0,0,0,0,0,0,0,0,0,0,0,0,0,0,0,0,0,0,0,0,0,0,0,0,0,0,0.256,0,0,0,0,0,0,0,0,0,0,0,0,0,0,0,0,0.32,0,0,0,0,0,0,0,0,0,0,0,0,0,0,0,0,0,0,0,0,0,0,0,0,0,0,0,0,0,0,0,0,0,0,0,0,0,0,0,0,0,0,0,0,0,0,0,0,0,0,0,0,0,0.166,0,0,0,0,0,0,0.319,0,0,0,0,0,0,0,0,0,0,0,0,0,0,0,0,0,0,0,0.205,0,0,0,0,0,0,0,0,0,0,0,0,0,0.288,0,0.609,0,0,0,0,0,0,0.26,0,0,0,0,0,0,0,0,0,0,0,0,0,0,0,0,0,0,0.769,0,0,0,0,0.579,0,0,0,0,0,0,0,0,0,0,0,0,0,0,0,0,0,0,0,0,0,0,0,0,0,0,0,0,0,0,0,0,0,0,0.152,0,0,0,0,0,0,0,0,0,0,0,0,0,0.197,0,0,0,0,0,0.34,0,0,0,0,0,0,0,0,0,0,0,0,0,0,0,0,0,0,0,0,0,0,0,0,0.604,0,0,0,0,0,0,0,0,0,0.551,0,0,0,0,0,0,0,0,0,0,0,0,0,0,0,0,0,0,0,0,0,0,0,0,0,0,0,0,0,0,0,0,0,0,0,0,0,0,0,0,0,0,0.217,0.565,0,0,0,0,0,0.171,0,0,0,0,0,0,0,0,0,0,0,0.56,0,0,0,0,0,0,0,0,0,0.579,0.618,0,0,0,0,0,0,0,0,0,0,0,0,0,0,0,0,0,0.617,0,0,0,0,0,0,0,0,0,0,0,0,0,0,0,0,0,0,0,0,0,0,0,0,0,0,0,0,0,0,0,0,0,0,0,0,0,0,0,0,0,0,0,0,0,0,0,0,0,0,0,0,0,0,0,0,0,0,0,0.339,0,0,0,0,0,0,0,0,0,0,0,0,0,0,0,0,0.303,0,0,0,0,0,0,0,0,0,0.21,0,0,0,0,0,0,0,0.188,0,0,0,0,0,0,0,0,0,0,0.21,0,0.21,0,0,0.205,0,0,0,0,0,0.198,0,0,0,0,0,0,0,0,0,0,0,0,0,0,0,0,0,0,0,0,0,0,0,0,0.694,0,0.238,0,0,0,0.266,0.199,0,0,0,0,0,0,0,0,0,0,0,0,0,0,0,0,0,0,0,0,0,0,0,0,0.317,0,0,0,0.229,0,0,0,0,0,0,0,0,0,0,0,0,0.158,0,0,0,0,0,0,0,0.168,0,0,0,0.176,0,0,0,0,0.286,0,0,0,0,0,0,0,0,0,0,0,0,0,0.249,0,0.33,0,0,0.192,0,0,0,0.329,0,0,0,0,0,0,0,0,0,0,0,0,0,0,0,0,0.368,0.997,0.159,0.453,0,0,0,0,0,0,0,0,0,0,0,0.173,0,0,0.205,0,0,0,0,0,0.235,0,0.329,0,0,0,0.183,0,0,0,0,0,0,0,0,0.18,0,0,0.154,0,0,0,0,0,0,0.205,0,0,0.167,0,0,0,0,0.158,0.181,0,0,0,0,0.627,0,0,0,0,0,0,0,0,0,0,0,0,0,0.629,0,0,0,0,0,0,0,0.226,0,0,0,0,0.27,0,0.191,0,0,0,0,0,0,0,0,0,0,0,0,0,0,0,0,0.183,0,0,0,0,0,0,0.164,0,0,0,0,0,0.244,0,0,0.307,0,0,0,0,0,0,0.183,0.194,0,0,0,0,0,0.172,0,0,0,0.167,0,0,0,0,0,0.466,0,0,0,0,0,0,0,0,0,0,0,0,0,0,0.241,0,0,0.247,0,0,0,0,0,0,0,0,0,0,0,0,0,0,0,0,0,0,0,0,0,0,0,0,0,0,0,0,0,0,0,0,0,0,0,0,0,0,0,0,0,0,0.298,0,0,0,0,0,0,0,0,0,0,0,0.188,0,0,0,0,0,0,0,0,0,0,0,0,0.205,0,0.18,0,0,0,0,0.458,0.161,0,0,0,0,0,0,0,0,0,0.155,0,0,0,0,0,0,0,0,0,0,0,0,0,0,0,0,0,0.581,0,0,0,0,0,0,0,0,0,0,0,0,0,0,0,0,0,0,0,0,0,0,0,0,0,0,0,0,0,0,0,0,0,0,0,0,0,0,0,0,0,0.371,0.61,0,0,0,0,0,0,0,0,0,0,0,0,0,0,0.203,0,0,0,0,0,0,0.2,0,0,0,0.404,0.226,0,0,0,0.392,0,0,0,0,0,0,0,0,0,0,0.404,0,0,0.23,0,0,0,0,0.296,0,0,0,0,0,0,0,0,0,0,0,0.918,0,0,0,0,0,0,0,0,0,0,0,0,0,0,0,0,0,0,0.153,0,0,0,0.195,0,0,0,0,0,0,0.469,0,0,0,0,0,0,0.847,0,0,0,0,0,0.15,0,0,0,0,0,0,0,0,0,0,0,0,0,0,0,0,0,0,0,0,0,0,0,0,0,0,0,0,0,0,0,0,0.742,0,0,0,0,0.226,0,0,0,0,0,0,0,0,0,0,0,0,0,0,0,0,0.376,0,0,0,0,0,0,0,0,0,0,0,0,0,0,0,0,0,0,0,0,0.173,0,0,0,0,0,0,0,0,0,0,0,0,0,0,0,0,0,0,0,0,0,0,0,0,0,0,0,0,0,0,0,0,0,0,0.474,0,0,0,0,0,0,0,0,0,0,0,0,0,0,0,0,0,0,0,0,0,0,0,0,0,0,0,0,0,0,0,0,0,0,0,0,0,0,0,0.384,0,0,0,0,0,0,0,0,0,0,0,0,0.215,0,0,0,0,0.288,0,0,0,0,0,0,0,0,0.19,0,0,0,0,0,0,0,0,0,0,0,0,0,0,0,0,0,0,0,0,0,0.291,0,0,0,0,0,0,0,0,0,0,0,0,0,0,0,0,0,0,0,0,0,0,0,0,0,0,0,0,0,0,0,0.897,0,0,0,0,0,0,0,0,0,0,0,0,0,0,0,0,0,0,0,0,0,0,0,0,0,0,0,0,0,0,0.611,0,0,0,0,0,0,0,0,0,0,0,0,0,0,0,0.163,0,0,0,0,0,0,0,0.271,0,0,0,0,0.259,0,0,0.175,0,0,0,0,0,0,0,0,0,0,0,0,0,0,0,0.922,0,0.387,0,0,0,0,0,0,0,0,0,0,0,0,0,0,0,0,0,0,0,0,0,0,0,0,0,0.236,0,0,0,0,0,0,0,0,0,0,0,0,0,0,0,0,0,0,0,0,0,0,0,0.25,0,0.244,0,0,0.836,0,0,0,0,0,0,0,0,0,0,0.165,0,0,0,0,0,0,0,0.319,0,0,0,0,0,0,0,0,0,0,0,0.673,0,0,0,0,0,0,0,0,0,0,0.181,0,0,0.574,0,0,0,0,0,0,0,0,0,0,0,0,0,0,0,0,0,0,0,0,0,0,0,0,0,0,0,0,0.171,0,0,0,0,0,0,0,0,0,0.22,0,0,0,0.57,0,0,0,0,0,0,0,0,0,0,0.154,0,0,0,0,0,0,0,0,0,0,0,0,0,0,0,0,0,0,0,0,0,0,0.338,0,0.399,0,0,0,0,0,0,0,0,0,0,0,0,0,0,0,0,0,0,0,0,0,0,0,0,0,0,0.447,0,0,0,0,0,0,0,0,0,0,0,0,0,0,0,0,0,0,0,0,0,0,0,0,0,0,0,0,0,0,0,0,0,0.196,0,0,0,0,0,0.374,0,0,0,0,0,0,0,0,0,0,0,0,0,0,0,0,0,0,0,0,0,0,0,0,0,0,0,0,0,0,0,0,0,0,0,0,0,0,0,0,0,0,0,0,0,0,0,0,0,0,0,0,0,0,0,0,0,0,0,0.379,0,0,0,0,0,0,0,0,0,0,0,0,0,0,0,0,0,0,0,0,0,0,0,0,0,0,0,0,0,0,0,0,0,0,0,0,0,0,0,0,0,0,0,0,0,0,0,0,0,0,0,0,0,0,0,0,0,0,0,0,0,0,0,0,0,0,0,0.193,0,0,0.306,0,0,0,0,0,0,0,0.361,0,0,0,0,0.658,0,0,0,0,0,0,0,0,0,0,0,0,0,0,0.205,0,0,0,0.279,0,0,0,0,0,0,0,0,0,0,0,0,0,0,0,0,0,0,0,0.592,0,0,0,0,0.531,0,0.822,0.532,0,0,0,0,0,0,0,0,0,0,0,0.179,0.341,0.211,0,0,0.308,0,0.772,0.627,0.989,0,0,0,0,0.355,0,0,0,0,0,0,0.205,0,0,0.286,0,0,0.512,0,0,0,0.271,0,0.188,0,0.362,0,0,0,0,0,0,0,0.154,0,0.15,0,0,0,0,0,0,0,0,0,0,0.194,0.346,0,0.15,0,0.261,0.206,0.749,0,0,0,0,0.196,0,0.997,0,0,0,0,0,0,0,0,0,0.213,0,0,0,0,0,0.341,0.227,0,0.301,0,0,0.181,0,0.239,0.856,0,0,0.244,0,0,0.185,0.154,0,0.277,0,0,0,0.494,0,0.369,0,0.306,0,0.717,0.717,0,0,0.166,0,0.296,0.531,0,0,0,0,0,0.271,0,0,0,0,0.212,0,0,0.622,0,0.223,0,0,0,0,0,0,0.464,0,0,0,0,0,0,0,0,0,0,0,0,0,0,0,0.163,0,0,0,0,0,0,0,0,0,0,0,0,0.874,0,0,0,0,0,0,0,0,0,0.207,0,0,0,0,0,0,0,0,0,0,0,0,0,0,0,0.281,0.621,0,0.359,0,0,0,0,0,0.309,0,0,0,0,0,0.349,0,0,0,0,0,0,0,0,0,0,0,0,0,0,0,0,0,0,0,0,0.958,0.4,0,0,0,0,0,0,0,0,0,0,0,0,0,0,0,0,0,0,0,0,0,0,0,0,0,0,0,0,0,0,0,0.608,0,0,0,0,0,0,0,0,0,0,0,0,0,0,0,0,0,0,0,0,0,0,0,0,0.372,0,0,0,0,0,0,0,0,0,0,0,0,0,0,0,0,0,0,0,0,0,0,0,0,0,0,0,0,0,0,0,0,0,0,0,0,0,0,0,0,0,0,0,0,0,0,0,0,0,0,0,0,0,0,0,0,0,0,0,0,0,0,0,0,0,0,0,0,0,0,0,0,0,0,0,0,0,0,0,0,0,0,0,0,0,0,0,0,0,0,0,0,0,0,0,0,0,0,0,0,0,0,0,0,0,0,0,0,0,0,0,0,0,0,0,0,0.323,0,0,0,0,0,0,0,0,0,0,0,0,0,0,0,0,0,0,0,0,0,0,0,0,0,0,0,0,0,0,0,0.206,0,0,0,0,0,0,0,0,0,0,0,0,0,0,0,0,0,0,0,0,0,0,0,0,0,0,0,0,0,0,0,0,0,0,0,0,0,0,0,0,0,0,0.254,0,0,0,0,0,0,0,0,0,0,0,0,0,0,0,0,0,0,0,0,0,0,0,0,0,0,0,0,0,0,0,0,0,0,0,0,0.288,0,0,0,0,0,0.152,0,0,0,0,0,0,0,0,0,0,0,0,0,0.453,0,0,0,0,0,0,0,0,0,0,0,0,0,0,0,0,0,0,0,0,0,0,0,0,0,0,0,0,0.305,0,0,0,0,0,0,0,0,0,0,0,0,0,0,0,0,0,0,0,0.152,0,0,0.321,0,0,0.282,0,0,0,0,0,0,0,0,0,0,0.297,0,0,0,0,0,0,0,0,0,0,0,0,0,0,0,0,0,0,0,0,0,0,0,0,0,0,0,0,0,0,0,0,0,0,0,0,0,0,0,0,0,0,0,0,0,0,0,0,0,0,0,0,0,0,0,0,0,0,0,0,0,0,0,0,0,0,0,0,0,0,0,0,0,0.297,0,0,0,0,0,0,0,0,0,0,0,0,0,0,0,0,0,0,0,0,0,0,0,0,0,0,0,0,0,0,0,0,0,0,0,0,0,0,0,0,0.273,0,0,0,0,0,0.307,0,0,0,0,0,0,0.246,0,0,0,0,0,0,0,0,0,0,0.224,0,0,0,0,0,0,0,0,0,0,0,0,0,0,0,0,0,0,0,0,0,0,0,0,0,0,0,0,0,0,0,0,0,0,0,0,0,0,0,0,0,0,0,0,0,0,0,0,0,0,0,0,0,0,0.288,0,0,0,0,0,0,0,0,0,0,0,0,0,0,0,0,0,0,0,0,0,0,0,0,0.194,0.982,0,0,0,0,0.95,0,0,0,0,0,0,0.992,0,0,0,0,0,0,0,0,0.448,0,0,0,0,0,0,0,0,0,0.266,0,0.257,0,0,0,0.266,0,0,0,0,0,0,0,0,0,0,0,0,0,0,0,0,0,0,0,0,0,0,0,0,0,0,0,0,0,0,0,0,0,0,0,0,0,0,0,0,0,0,0,0,0,0,0,0,0,0,0.165,0,0,0,0,0,0,0,0,0,0,0,0,0,0,0.309,0,0,0,0,0,0,0,0,0,0,0,0,0,0,0,0,0,0,0,0,0,0.217,0,0,0,0,0,0,0,0,0,0,0,0,0,0,0,0,0,0,0,0,0,0,0,0,0,0,0,0,0,0,0,0,0,0,0,0,0,0,0,0,0,0,0.205,0,0.297,0,0,0,0,0,0,0,0,0,0,0,0,0,0,0,0,0,0,0,0,0,0,0,0,0,0,0,0.177,0,0,0.908,0,0,0,0,0,0,0,0,0,0,0,0,0,0,0,0,0,0,0,0,0,0.513,0,0,0,0,0,0,0,0,0,0,0,0,0,0,0,0,0,0,0,0,0,0,0,0,0,0,0,0,0,0,0,0,0,0,0,0,0,0,0,0,0,0,0,0,0,0,0,0,0,0,0,0,0,0,0,0,0,0,0,0,0,0,0,0,0,0,0,0,0,0,0,0,0,0,0,0,0,0,0,0,0,0,0,0,0,0,0,0,0,0,0,0,0,0,0,0,0,0,0,0,0,0,0,0,0,0,0,0,0,0,0,0,0,0,0,0,0,0,0.471,0,0,0,0,0.205,0,0,0,0,0,0,0,0,0,0,0,0,0,0,0,0,0,0,0,0,0,0,0,0,0,0,0,0,0,0,0,0,0,0,0,0,0,0,0,0,0,0,0,0,0,0,0,0,0.288,0,0,0,0,0,0,0,0,0,0,0,0,0,0,0,0,0,0,0,0,0,0,0,0,0,0,0,0,0,0,0,0,0,0,0,0,0,0,0,0,0,0,0,0,0,0,0,0,0,0,0,0,0,0,0,0,0,0,0,0,0,0,0,0,0,0,0,0,0,0,0,0,0,0,0,0,0,0,0,0,0,0,0.185,0,0,0,0,0,0,0,0,0,0,0,0,0,0,0,0,0,0,0.392,0.169,0,0,0,0.271,0,0,0,0.362,0,0,0,0,0,0,0,0,0,0,0,0,0,0,0.157,0,0,0,0,0,0,0,0,0,0,0,0,0,0,0,0,0,0,0,0,0,0,0,0,0,0,0,0,0,0,0,0,0,0,0,0,0,0.311,0,0,0,0,0,0,0,0,0,0,0,0,0,0,0,0,0,0,0,0,0,0,0,0,0,0,0,0.573,0,0,0.311,0,0,0,0,0,0,0,0,0,0,0,0,0,0,0,0,0,0,0,0,0,0,0,0,0.205,0,0,0,0,0,0,0,0,0,0,0.197,0,0,0,0.205,0,0,0,0,0,0,0,0,0,0,0,0,0,0,0,0,0,0,0,0,0,0,0.408,0,0,0,0,0,0,0,0,0.16,0,0,0,0,0,0,0,0.282,0,0,0,0,0,0,0.248,0,0,0.856,0,0,0,0,0,0,0,0.193,0,0,0,0,0,0,0,0,0,0,0,0,0,0,0,0,0,0,0,0,0,0,0,0,0,0,0,0,0,0,0,0,0,0,0,0,0,0,0,0,0,0,0,0,0,0,0,0,0,0,0,0,0,0,0,0,0,0,0,0,0,0,0,0,0,0,0,0,0,0,0,0,0,0,0,0,0,0.47,0.187,0,0,0,0,0,0,0,0,0,0,0,0,0,0,0,0,0,0,0,0,0,0,0,0,0,0,0,0,0,0,0,0,0,0,0,0,0,0,0,0,0,0.672,0,0,0,0,0,0,0,0,0.205,0,0,0,0,0,0,0,0,0,0,0.226,0,0,0,0,0,0,0,0,0,0,0,0,0,0,0,0,0,0,0,0,0.823,0,0.434,0,0,0,0,0,0,0,0,0,0,0,0,0,0,0,0,0,0,0,0,0,0,0,0,0,0,0,0,0,0,0,0,0,0,0,0,0,0,0,0,0,0,0,0,0,0,0,0,0,0,0,0,0,0,0,0,0,0,0,0,0,0,0,0,0,0,0,0.356,0,0,0,0,0,0,0,0,0,0,0.171,0,0,0,0,0,0,0,0,0,0,0,0,0,0,0,0,0,0,0,0,0,0,0,0,0.216,0,0,0,0,0,0,0,0,0,0,0,0,0,0,0,0,0,0,0,0,0,0,0,0.404,0,0,0,0,0,0,0,0,0,0,0,0,0,0,0,0,0,0,0,0,0,0,0,0,0,0,0,0,0,0,0,0,0,0,0,0,0,0,0,0,0
853142,0,0,0,0,0,0,0,0,0,0,0,0,0,0,0,0,0,0,0,0,0,0,0,0,0.305,0,0,0,0,0,0,0,0,0,0,0,0,0,0,0,0,0,0,0,0,0,0,0,0,0,0,0,0,0,0,0,0,0,0,0,0,0,0,0,0,0,0,0,0,0,0,0,0,0,0,0,0,0.19,0,0,0,0,0,0,0,0,0,0,0,0,0,0,0,0,0,0,0,0,0,0,0,0,0,0,0,0,0,0,0,0.175,0,0,0,0,0,0,0,0,0,0,0,0,0,0,0.987,0,0,0,0,0,0,0,0,0.396,0,0,0,0,0,0,0,0,0.451,0,0,0,0,0,0,0,0,0,0,0,0,0,0,0,0,0,0,0,0,0,0,0,0,0,0,0,0,0,0,0,0,0,0,0,0,0,0,0,0,0,0,0,0,0,0,0,0,0,0,0,0,0,0,0,0,0,0,0,0,0,0,0,0,0,0,0,0,0,0,0,0,0,0,0,0,0,0,0,0,0,0,0,0,0,0,0,0,0,0,0,0,0,0,0,0,0,0,0,0,0,0,0,0,0,0,0,0,0,0.183,0,0,0,0,0,0,0,0,0,0,0,0,0,0,0,0,0,0,0,0,0,0,0,0,0,0,0,0,0,0,0,0,0,0,0,0,0,0,0,0,0,0,0,0,0,0,0,0,0,0,0,0,0,0,0,0,0,0,0,0,0,0,0,0,0,0,0,0,0,0,0,0,0,0,0,0,0,0,0,0,0,0,0,0,0,0,0,0,0,0,0,0,0,0,0,0.196,0,0,0,0,0,0,0,0,0,0,0,0,0,0,0,0,0,0,0,0,0,0,0,0,0,0,0,0,0,0,0,0,0,0,0,0,0,0,0,0,0,0,0,0,0,0,0.195,0,0,0,0,0,0,0,0,0,0,0,0,0,0,0,0,0,0,0,0,0,0,0,0,0,0,0,0,0,0,0,0,0,0,0,0,0,0.265,0,0,0,0,0,0,0,0,0,0,0,0,0,0,0,0,0,0,0,0,0,0,0,0,0,0,0,0,0,0,0,0,0,0,0,0,0,0,0,0,0,0,0,0,0,0,0,0,0,0,0,0,0,0,0,0.561,0,0,0,0,0,0,0,0,0,0,0,0,0,0,0,0,0,0,0,0,0,0,0,0,0,0,0,0,0,0,0,0,0,0,0,0,0,0,0,0.189,0,0,0,0,0,0,0.238,0,0,0,0,0,0,0,0,0,0,0,0,0,0,0,0,0,0,0,0,0,0,0,0,0,0,0,0,0,0,0,0,0,0,0,0,0,0,0,0,0,0,0,0,0,0,0,0,0,0,0,0,0,0,0,0,0,0,0,0,0,0,0,0,0,0,0,0,0,0.996,0,0,0,0,0,0,0,0,0,0,0,0,0,0,0,0,0,0,0,0,0,0,0,0,0,0,0,0,0,0,0,0,0,0,0,0,0,0,0,0,0,0,0,0,0,0,0,0,0,0,0,0,0,0,0,0,0,0,0,0,0,0,0,0,0,0,0,0,0,0,0,0,0,0,0,0,0,0,0,0,0,0,0,0,0,0,0,0,0,0,0,0,0,0,0,0,0,0,0,0,0,0,0,0,0,0,0,0,0.19,0,0,0,0,0,0,0,0,0,0,0,0,0,0,0,0,0,0,0,0,0,0,0,0,0,0,0,0,0,0,0,0,0,0,0,0,0,0,0,0,0,0,0,0,0,0,0,0,0,0,0,0,0,0,0,0,0,0,0,0,0,0,0,0,0,0,0,0,0,0,0,0,0,0,0,0,0,0,0.423,0,0,0,0,0,0,0,0,0,0,0.26,0,0,0,0,0,0,0,0,0.392,0,0,0,0,0,0,0,0,0,0.167,0,0,0,0,0,0,0,0,0,0,0,0,0,0,0,0,0,0,0,0,0,0,0,0,0,0,0,0,0,0,0,0,0,0,0,0,0,0.223,0,0,0,0,0,0,0,0,0,0,0,0,0,0,0,0,0,0,0,0,0,0,0,0,0,0,0,0,0,0,0,0,0,0,0,0,0,0,0,0,0,0,0,0,0,0,0,0,0,0,0,0,0,0,0,0,0,0,0,0,0,0,0,0,0,0,0.53,0,0,0,0,0.873,0,0,0,0,0,0,0,0,0,0,0,0,0,0,0,0,0,0,0,0,0,0,0,0,0,0,0,0,0,0,0,0,0,0,0.234,0,0,0,0,0,0,0,0,0,0,0,0,0,0,0,0,0,0,0,0,0,0,0,0,0,0,0.15,0,0.249,0,0,0,0,0,0,0,0,0,0,0,0,0.166,0,0,0,0,0,0,0,0,0,0,0,0,0,0,0,0,0,0,0,0,0,0,0,0,0,0,0,0,0,0,0,0,0,0,0,0,0,0,0,0,0,0,0,0,0,0,0,0,0,0,0,0,0,0,0,0,0,0,0,0,0,0,0,0,0,0,0,0,0,0,0,0,0,0,0,0,0,0,0,0,0,0,0,0,0,0,0,0,0,0,0,0.833,0.554,0,0,0,0,0,0,0,0,0,0,0,0,0,0,0,0,0,0,0,0,0,0,0,0,0,0,0,0,0,0,0,0,0,0,0,0,0,0,0,0,0,0,0,0,0,0,0,0,0,0,0,0,0,0,0,0,0,0,0,0,0,0,0,0,0,0,0,0,0,0,0,0,0,0,0,0,0,0,0,0,0,0,0,0,0,0,0,0,0,0,0,0,0,0,0,0,0,0,0,0,0,0,0,0,0,0,0,0,0,0,0,0,0,0,0,0,0,0,0,0,0,0,0,0,0,0,0,0,0.15,0,0,0,0,0,0,0,0,0,0,0,0,0,0,0,0,0,0,0,0,0,0,0,0,0,0,0,0,0,0,0,0,0,0,0,0,0,0,0,0,0,0,0,0,0,0,0,0,0,0,0,0,0.499,0,0,0,0,0,0,0,0,0,0,0,0,0,0,0,0,0,0,0,0,0,0,0,0,0,0,0,0,0,0,0,0,0,0,0,0,0.396,0,0,0,0,0,0,0,0,0,0,0,0,0,0,0,0,0,0,0,0,0,0,0,0,0,0,0,0,0,0,0,0,0,0,0,0,0,0,0,0,0,0,0,0,0,0,0,0,0,0,0,0,0,0,0,0,0,0,0,0,0,0,0,0,0,0,0,0,0.436,0,0,0,0,0,0,0,0,0,0,0,0,0,0,0,0,0,0,0,0,0,0,0,0,0,0,0,0,0,0,0,0,0,0,0,0,0,0,0,0,0,0,0,0,0,0,0,0,0,0,0,0,0,0,0,0,0,0,0.274,0,0.189,0,0,0,0,0,0,0,0,0,0,0,0,0,0,0,0,0,0,0,0,0,0,0,0,0,0,0,0,0,0,0,0,0,0,0,0,0,0,0,0,0,0,0,0,0,0,0,0,0,0,0,0,0,0,0,0,0,0,0,0,0,0,0,0,0,0,0,0,0,0,0,0,0,0,0,0,0,0,0,0,0,0,0,0,0,0,0,0,0,0,0,0,0,0,0,0,0,0,0,0,0,0,0,0,0,0.21,0,0,0,0,0,0,0,0,0,0,0,0,0.547,0,0,0,0,0,0,0,0,0,0,0,0,0,0,0,0,0,0,0,0,0,0.207,0,0,0,0,0,0,0,0,0,0,0,0,0,0,0,0,0,0,0,0,0,0,0,0,0,0,0,0,0,0,0,0,0,0,0,0.196,0,0,0,0,0,0,0,0,0,0,0,0,0,0,0,0,0,0,0,0,0,0,0,0,0,0,0.307,0,0,0,0,0,0,0,0,0,0,0,0,0,0,0,0,0,0,0,0,0,0,0,0,0,0,0,0,0,0,0,0,0,0,0,0,0,0,0,0,0,0,0,0,0,0,0,0,0,0,0,0,0,0,0,0,0,0,0,0,0,0,0,0,0,0,0,0,0,0,0,0,0,0,0,0,0,0,0,0,0,0,0,0,0,0,0,0.448,0,0,0,0,0,0,0,0,0,0.212,0,0,0,0,0,0,0,0,0,0,0,0,0,0.188,0,0,0,0,0,0,0,0,0,0,0,0,0,0,0,0,0,0,0,0,0,0,0.15,0,0,0,0,0,0,0,0,0,0,0,0,0,0,0,0,0,0,0,0,0,0,0,0,0,0,0,0,0,0,0,0,0,0,0,0,0,0,0,0,0,0,0,0,0,0,0,0,0,0,0,0,0,0,0,0,0,0,0.331,0,0,0,0,0,0,0,0,0,0,0,0,0,0,0,0,0,0,0,0,0,0,0,0,0,0,0,0,0,0,0,0,0.555,0,0,0,0,0.402,0.204,0,0,0,0,0,0,0,0,0,0,0.197,0,0,0,0,0,0,0,0,0,0,0,0,0,0,0,0,0,0,0,0,0,0,0,0,0,0,0,0,0,0,0,0,0,0,0,0.379,0,0,0,0.453,0,0,0,0,0,0,0,0,0,0,0,0,0,0,0,0,0,0,0,0,0,0,0,0,0,0,0,0,0,0,0,0,0,0,0,0,0,0,0,0,0.19,0,0,0,0,0,0,0,0,0,0,0,0,0,0,0,0,0,0,0.263,0,0,0,0,0,0,0,0,0,0,0,0,0,0,0,0,0,0,0,0,0,0,0,0,0,0,0,0,0,0,0,0.663,0.192,0,0,0,0,0,0,0,0,0,0,0,0,0,0,0,0,0,0,0,0,0,0,0,0,0,0,0,0,0,0,0.192,0,0,0,0,0,0,0,0,0,0,0,0,0,0,0,0,0,0,0,0,0,0,0,0,0,0,0,0.553,0,0,0,0,0,0,0.206,0,0,0,0,0,0,0,0,0,0,0.491,0,0,0,0,0,0,0,0,0,0,0,0.964,0,0,0,0,0,0,0.335,0,0,0.23,0.867,0,0,0,0,0,0,0,0,0,0,0.201,0,0,0,0,0,0.153,0.392,0,0.314,0,0,0.456,0.486,0,0,0,0,0,0.988,0.837,0.993,0,0,0.171,0,0.394,0.733,0,0,0,0,0,0.39,0,0,0,0.373,0.995,0,0.406,0,0,0.335,0,0,0,0,0,0.195,0,0.979,0,0.161,0,0.998,0,0,0.988,0,0.345,0,0,0.899,0.717,0,0.997,0,0,0,0,0.19,0,0,0,0,0.209,0.37,0.999,0,0,0,0,0,0.986,0,0,0,0,0,0,0,0,0,0,0,0,0,0,0,0,0,0,0,0,0,0,0,0.159,0,0,0,0,0,0,0,0,0,0,0,0,0,0,0,0,0,0,0,0,0,0,0,0,0,0,0,0,0,0,0,0,0,0,0,0,0,0,0,0,0,0,0,0,0,0,0,0,0,0,0,0,0,0,0,0,0,0,0,0,0,0,0,0,0,0,0,0,0,0,0,0,0,0,0,0,0,0,0,0,0,0,0,0,0,0,0,0,0,0,0,0,0,0,0,0,0,0,0,0,0,0,0,0,0,0,0,0,0,0,0,0,0,0,0,0,0,0,0,0,0,0,0,0,0,0,0,0,0,0,0.201,0,0,0,0,0,0,0,0.228,0,0,0,0,0,0,0,0,0,0,0,0,0.245,0,0,0,0,0,0,0,0,0,0,0,0,0,0,0,0,0,0,0,0,0,0,0,0,0,0,0,0,0,0,0,0,0,0,0,0,0,0,0,0.165,0,0,0.179,0,0,0,0,0.2,0,0,0,0,0,0,0,0,0,0,0,0,0,0,0,0,0,0,0,0,0,0,0,0,0,0,0,0,0,0,0,0,0,0,0,0,0,0,0,0,0,0,0,0,0,0,0,0,0,0.22,0,0,0,0,0,0,0,0,0,0,0,0,0,0,0,0.359,0,0,0,0,0,0,0,0,0,0,0,0,0,0,0,0,0,0,0,0,0,0,0,0,0.198,0,0,0,0,0,0,0,0,0,0.205,0,0,0,0,0,0,0,0,0,0,0,0,0,0,0,0,0,0,0,0,0,0,0,0,0,0,0,0,0,0,0,0,0,0,0,0,0,0,0,0,0,0,0,0,0,0,0,0,0,0,0,0,0,0,0,0,0,0,0,0,0,0,0,0,0,0,0,0,0,0,0,0.386,0,0,0,0,0,0,0,0,0,0,0,0,0,0,0,0,0.198,0,0,0,0,0,0,0,0,0,0,0,0,0,0,0,0,0,0,0,0,0,0,0,0,0,0,0,0,0,0,0,0,0,0,0,0,0,0,0,0,0.191,0,0,0,0,0,0,0,0,0,0,0,0,0,0,0,0,0,0,0,0,0,0,0,0,0,0,0,0,0,0,0,0,0,0,0,0,0,0,0,0,0,0,0,0,0,0,0,0,0,0,0,0,0,0,0.678,0,0,0,0,0,0,0,0,0,0,0,0,0,0,0,0,0,0,0,0,0,0,0,0,0,0,0,0,0,0,0,0,0,0,0,0,0,0,0,0,0,0,0,0,0,0,0,0,0,0,0,0,0,0,0,0,0,0,0,0.428,0,0,0,0.159,0,0,0,0,0,0,0,0,0,0,0,0,0,0,0,0,0,0,0,0,0,0,0,0,0,0,0,0,0,0,0,0,0,0,0,0,0,0,0,0,0,0,0,0,0,0,0,0,0,0,0,0,0,0,0,0,0,0,0,0,0,0,0,0,0,0,0,0,0,0,0,0,0,0,0,0,0,0,0,0,0,0,0,0,0,0,0,0,0,0,0,0,0,0,0,0,0,0,0,0,0,0,0,0,0,0,0,0,0,0,0.303,0,0,0,0.165,0,0,0,0,0,0,0,0,0,0,0,0,0,0,0,0,0,0,0,0,0,0,0,0,0,0,0,0,0,0,0,0,0,0,0,0,0,0,0,0,0,0,0,0,0,0,0,0,0,0,0,0.336,0,0,0,0,0,0,0,0,0,0,0.192,0,0.29,0,0,0,0,0,0,0,0,0,0,0,0,0.276,0,0,0,0,0,0,0,0,0,0,0,0,0,0,0,0,0,0,0,0,0,0,0,0,0,0,0,0,0,0,0,0.359,0,0,0,0,0,0,0,0,0,0,0,0,0,0,0,0,0,0,0,0,0,0,0,0,0,0,0,0,0,0,0,0,0,0,0,0,0,0,0,0,0,0,0,0,0,0,0,0,0,0,0,0,0,0,0,0,0,0,0,0,0,0,0,0,0,0,0,0,0,0,0,0,0,0,0,0.31,0,0,0,0,0,0,0,0,0,0,0,0,0,0,0,0,0,0,0,0,0,0,0,0,0,0,0,0,0,0,0,0,0,0,0,0,0,0,0,0,0,0,0,0,0,0,0,0,0,0,0.198,0,0,0,0,0,0,0,0,0,0,0.219,0.213,0,0,0,0,0,0,0.279,0,0,0,0,0,0,0,0,0,0,0,0,0,0,0,0,0,0,0,0,0,0,0,0,0,0,0,0,0,0,0,0,0,0,0,0,0,0,0,0,0,0,0.237,0,0,0,0,0,0,0,0,0,0,0,0,0,0,0,0,0,0,0.193,0,0,0,0,0,0,0,0,0,0,0,0,0,0,0,0,0,0,0,0,0,0,0,0,0,0,0,0,0,0,0,0,0,0,0,0,0,0,0,0,0,0,0,0,0,0,0,0,0,0,0,0,0,0,0,0,0,0,0,0,0,0,0,0,0,0,0,0,0,0,0,0,0,0,0,0,0,0,0.196,0,0,0,0,0,0,0,0,0,0,0,0,0,0,0,0,0,0,0,0,0,0,0.882,0,0,0,0,0,0,0,0,0,0,0,0,0,0,0,0,0,0,0,0,0,0,0,0,0,0,0,0,0,0,0,0,0,0,0,0,0,0,0,0,0,0,0,0,0.165,0,0,0,0,0,0,0.307,0,0,0,0,0,0,0,0,0,0,0,0,0,0,0,0,0,0,0,0,0,0,0,0,0,0,0,0,0,0.907,0,0,0,0,0,0,0,0,0,0,0,0,0,0,0,0,0,0,0,0,0,0,0,0,0,0,0,0,0,0,0,0,0,0,0,0,0,0,0,0,0,0,0.165,0.293,0,0,0,0,0,0,0,0,0,0,0,0,0,0,0,0,0,0,0,0,0,0,0,0,0,0,0,0,0,0,0,0,0,0,0,0,0,0,0,0,0,0,0,0,0,0,0,0,0,0,0,0,0,0,0,0,0,0,0,0,0,0,0,0,0,0.228,0,0,0,0,0,0,0,0,0,0,0,0,0,0,0,0,0,0,0,0,0.235,0,0,0,0,0,0,0,0,0,0,0,0,0,0,0,0.458,0,0,0,0,0,0,0,0,0,0.307,0,0,0,0,0,0,0,0,0,0,0,0,0,0,0,0,0,0,0,0,0,0,0,0,0,0,0,0,0,0,0,0,0,0,0,0,0,0,0,0,0,0,0,0,0,0,0,0,0,0,0,0,0,0,0,0,0,0,0,0,0,0,0,0,0,0,0,0,0,0,0,0,0,0,0,0,0,0,0,0,0,0,0,0,0,0,0,0,0,0,0,0,0,0,0,0,0,0,0,0,0,0,0,0,0,0,0,0,0,0,0,0,0,0,0,0,0,0,0,0,0,0,0,0,0,0,0,0,0,0,0.165,0,0,0,0,0,0,0,0,0,0,0,0,0,0,0,0,0,0,0,0,0,0,0,0,0,0,0,0,0,0,0,0,0,0,0,0,0,0,0,0,0,0,0,0,0,0,0,0,0,0,0,0,0,0,0,0,0,0.181,0,0,0,0,0,0,0,0,0,0,0,0,0,0,0,0,0,0,0,0,0,0,0,0,0,0,0,0,0.252,0,0,0,0,0,0,0,0,0,0.657,0,0,0,0,0,0,0,0,0,0,0,0,0,0,0,0,0,0,0,0,0,0,0,0.331,0,0,0,0,0.195,0,0,0,0,0,0,0,0,0,0,0,0,0,0,0,0,0,0,0,0,0,0,0,0.969,0,0,0,0,0,0,0,0.35,0,0,0,0,0.997,0,0.297,0,0,0,0,0,0,0,0,0,0.192,0,0,0,0,0,0,0,0,0,0,0,0,0,0,0,0,0,0,0,0,0,0,0,0,0,0,0,0,0,0,0,0,0,0,0,0,0,0,0,0,0,0.305,0,0,0,0,0,0,0,0,0,0,0,0,0,0,0,0,0,0,0.788,0,0,0,0,0,0,0,0,0,0,0,0,0,0,0,0,0,0,0,0,0,0,0,0,0,0,0,0,0,0,0,0,0,0,0,0,0,0,0,0,0,0,0,0,0,0,0.159,0,0,0,0,0,0,0,0,0,0,0,0,0,0.19,0,0,0,0,0,0,0,0,0,0,0,0,0,0,0,0,0,0,0,0,0,0,0,0,0,0,0,0,0,0,0,0,0,0.554,0,0,0,0,0,0,0,0,0,0,0,0.195,0,0,0,0,0,0,0,0,0,0,0,0,0,0,0,0,0,0,0,0,0,0,0,0.343,0,0,0,0,0,0,0,0,0.29,0,0,0,0,0,0,0,0,0,0,0,0,0,0,0,0,0,0,0,0,0.284,0,0,0,0,0,0.554,0,0.726,0,0,0.555,0,0,0,0,0,0,0,0,0,0,0,0,0.194,0,0,0,0,0,0,0,0,0,0,0,0,0,0,0,0,0,0,0,0,0,0,0,0,0,0,0,0,0,0,0,0,0,0,0,0,0,0,0.482,0,0,0.218,0,0,0,0,0.454,0,0,0,0,0,0,0,0,0,0,0,0,0,0,0,0,0,0,0,0,0,0,0,0,0,0,0,0,0,0,0,0,0,0,0,0,0,0,0,0,0,0,0,0,0,0,0,0,0,0,0,0,0,0,0,0,0,0,0,0.821,0,0,0,0,0,0,0,0,0,0.192,0.284,0,0,0,0,0,0,0,0,0,0,0,0,0,0,0,0,0,0,0,0,0,0,0,0,0.429,0,0
854231,0,0,0,0,0.925,0,0,0,0,0,0,0,0,0,0,0.49,0,0,0,0,0,0,0,0,0,0,0,0,0,0,0,0,0,0,0,0,0,0,0,0,0,0,0,0,0,0,0,0,0,0,0.373,0,0,0,0,0,0.162,0,0,0,0,0,0,0,0,0,0,0,0,0,0.166,0,0,0,0,0,0,0,0,0,0,0,0,0,0,0,0,0,0,0,0,0,0,0,0,0,0,0,0,0,0,0,0,0,0,0,0,0,0,0,0,0,0,0,0,0,0,0,0,0,0.948,0,0.216,0,0,0,0,0,0,0,0,0,0,0,0,0,0,0,0,0,0,0,0,0,0.172,0,0,0,0.173,0,0.178,0,0,0,0,0.163,0,0,0,0,0.182,0,0,0,0,0,0,0,0,0,0,0,0.255,0,0,0,0,0,0,0,0,0,0.224,0,0.563,0,0,0,0,0,0,0,0,0,0,0,0,0,0,0,0,0,0,0,0,0,0,0,0,0,0,0,0,0,0,0.322,0,0,0,0,0.251,0,0,0,0,0,0,0,0.926,0,0.206,0,0,0.275,0,0,0.176,0,0.181,0,0,0,0,0,0,0,0.313,0,0,0,0,0,0,0,0.396,0,0,0,0,0,0,0,0,0,0,0,0,0.284,0,0,0.511,0.177,0,0,0,0.217,0,0,0,0.999,0,0,0,0.461,0,0.211,0,0,0,0,0,0,0,0,0,0,0,0,0,0,0,0,0,0,0,0,0.335,0,0,0.362,0,0,0,0,0.217,0.228,0,0.973,0,0,0,0,0,0,0,0,0,0,0,0,0,0,0,0,0.916,0.349,0,0,0,0,0,0,0,0,0.893,0,0,0,0,0,0,0,0,0.674,0,0,0.165,0,0,0.221,0,0,0,0,0,0,0,0,0,0.201,0.34,0.482,0.202,0,0,0,0,0,0.185,0.914,0,0,0,0,0,0,0,0,0,0,0,0,0,0,0,0,0,0,0,0,0,0.545,0,0,0.338,0,0,0,0,0,0,0.999,0.652,0,0,0,0,0,0,0,0,0,0,0.266,0,0,0,0,0,0,0,0,0,0,0,0,0.329,0,0,0,0,0,0.309,0,0,0,0,0,0,0,0.227,0,0,0,0,0,0.767,0,0,0,0,0,0.707,0,0,0,0,0.236,0,0,0,0.191,0,0.225,0,0,0,0,0.542,0,0,0,0,0,0,0,0,0,0,0,0,0,0,0,0,0.219,0,0,0,0,0,0,0,0,0.915,0,0,0,0,0,0,0,0.591,0,0,0,0.246,0,0,0,0,0,0,0,0,0,0.222,0,0,0,0,0,0,0,0.301,0,0,0,0.481,0,0.388,0,0,0.199,0,0,0,0.232,0.176,0,0.901,0,0,0,0,0,0,0,0,0,0,0,0,0,0,0,0,0.179,0,0,0,0,0,0.341,0,0,0,0,0,0.246,0,0,0,0.635,0,0,0.446,0,0,0,0,0,0,0,0,0,0,0.699,0,0,0,0,0,0,0,0.987,0,0,0.402,0,0,0.167,0,0,0,0,0,0,0.18,0,0,0,0,0,0.29,0,0,0,0,0,0,0,0,0,0,0,0.215,0.246,0.249,0,0,0.175,0,0.957,0.551,0,0,0,0,0,0,0,0,0,0.188,0,0.191,0,0.26,0,0.505,0,0,0.92,0,0.999,0,0,0,0.331,0,0,0,0,0,0.941,0,0,0,0,0,0,0,0.937,0,0,0,0,0,0,0,0.925,0,0.993,0,0,0,0,0,0,0,0.364,0,0.947,0,0,0,0,0,0.995,0,0,0,0,0,0,0,0,0.175,0.176,0,0.401,0,0,0,0,0,0,0,0,0,0,0,0,0,0,0,0,0,0.974,0,0,0,0,0,0,0,0.273,0,0,0,0,0,0,0,0.298,0,0.187,0,0,0,0,0,0,0,0,0,0,0,0,0,0,0,0,0,0,0.375,0,0,0,0,0,0.241,0,0,0,0,0,0,0,0.297,0,0,0,0,0.452,0,0,0,0,0,0,0,0,0.432,0.999,0,0,0,0,0.382,0,0,0,0.205,0.903,0.746,0.334,0,0,0.232,0,0,0,0,0,0,0,0,0,0,0,0.197,0.908,0.697,0,0,0.4,0,0.187,0.175,0.279,0,0,0,0,0,0,0,0,0.519,0,0,0,0,0,0,0,0,0,0,0.967,0,0,0,0.245,0.999,0.212,0,0,0.6,0,0,0,0,0,0,0,0,0,0.947,0,0,0,0,0,0,0,0,0.965,0,0,0.156,0,0,0,0,0,0,0,0,0,0,0,0,0,0,0,0.948,0.193,0,0.242,0,0,0,0,0,0,0,0,0,0,0,0,0.261,0.207,0,0.35,0,0,0,0,0,0.178,0,0,0,0,0,0,0,0,0,0,0.308,0,0,0,0,0,0,0.263,0,0,0,0,0,0,0,0,0,0.344,0,0.736,0,0,0,0,0,0,0,0,0.193,0,0,0,0,0,0,0,0,0,0,0,0,0,0,0,0,0,0,0,0,0.258,0,0,0,0,0,0,0,0,0,0,0,0,0,0,0,0,0,0,0,0,0,0,0,0.193,0,0,0,0,0,0,0,0.236,0,0,0,0,0,0.218,0,0,0,0.201,0,0,0,0,0,0,0,0,0,0.314,0.157,0,0,0,0,0,0,0,0,0,0,0,0,0,0.32,0,0,0.902,0,0,0,0,0,0.152,0,0,0,0,0,0,0,0,0.956,0,0,0,0,0,0,0,0,0,0,0,0,0,0,0,0,0,0,0,0,0,0,0,0,0,0,0,0,0,0,0,0.197,0,0,0,0,0,0,0,0,0,0,0,0,0,0,0,0,0,0,0.156,0,0,0,0,0,0,0.321,0,0,0,0,0,0,0,0,0,0,0,0,0,0,0,0,0,0.429,0,0.321,0,0,0,0,0,0,0,0,0,0,0,0,0,0,0,0,0,0,0,0,0,0,0,0,0,0,0.187,0,0,0,0,0,0,0,0,0,0,0,0,0,0,0,0,0.448,0,0,0,0,0,0,0,0,0,0,0,0,0,0,0,0,0,0,0,0,0.999,0,0,0,0,0,0,0,0,0,0,0,0,0,0,0,0,0,0,0.307,0,0,0,0,0,0,0,0,0,0,0,0,0,0,0,0,0,0,0,0,0,0,0,0,0,0,0,0,0,0.161,0,0,0,0.281,0,0.261,0,0,0,0,0,0,0,0,0,0,0,0,0,0.331,0,0,0,0,0,0,0,0,0,0,0,0,0,0,0,0,0,0,0,0,0.246,0,0.207,0.27,0,0,0,0,0,0,0,0,0,0,0,0,0,0,0,0,0,0,0,0.158,0,0,0,0,0,0,0,0,0,0,0,0,0,0,0,0,0.851,0,0,0,0,0,0,0,0,0,0.503,0,0,0,0,0,0,0.252,0,0,0,0,0,0,0,0,0,0.183,0,0.374,0,0,0,0,0,0,0,0,0,0,0,0,0,0,0,0,0,0,0,0,0,0,0,0,0,0,0,0.942,0,0,0,0,0,0,0,0,0,0,0,0,0,0,0,0,0,0,0,0,0,0,0,0,0,0,0,0,0.522,0,0,0,0,0,0,0,0,0,0,0,0,0,0,0,0,0,0,0,0,0,0,0,0,0,0.922,0,0,0,0,0,0,0,0,0,0,0,0,0,0,0,0,0,0,0.614,0,0,0,0,0,0,0,0,0,0,0,0,0,0,0,0,0,0,0,0,0,0,0,0,0,0,0,0,0,0,0,0,0,0,0,0,0,0,0,0.167,0,0,0.448,0,0,0,0,0,0,0,0,0,0,0,0,0,0,0,0,0,0,0,0.18,0,0,0,0,0,0,0.352,0,0,0.305,0,0,0,0,0,0,0,0.245,0.339,0,0,0,0.171,0,0.22,0,0,0,0,0,0,0,0,0,0,0,0,0,0,0,0,0,0,0,0,0,0,0,0,0.169,0,0,0,0,0,0,0,0,0,0.152,0,0,0,0,0,0,0,0,0,0,0,0,0,0,0,0,0,0,0,0,0,0,0,0,0,0,0,0,0.22,0,0,0,0,0,0,0,0,0,0,0,0,0,0,0,0,0,0,0,0,0,0,0,0,0,0,0,0,0,0,0,0,0,0.179,0,0,0,0,0,0.999,0,0,0,0,0,0,0,0,0,0,0,0,0,0,0,0,0,0,0.159,0,0,0,0,0,0,0,0,0,0,0,0,0,0,0,0,0,0,0,0,0,0,0,0,0,0,0,0,0.999,0,0,0,0,0,0,0,0,0,0,0,0,0,0,0,0,0,0,0,0,0,0.176,0,0,0,0,0,0,0,0,0,0.168,0,0,0,0,0,0.208,0,0,0,0,0,0.999,0,0,0,0,0,0.237,0,0,0,0,0,0,0,0,0,0,0,0,0,0,0,0,0,0,0,0,0,0,0,0.3,0,0,0,0,0,0,0,0,0,0,0,0,0,0,0,0,0,0,0,0,0,0,0,0,0,0.49,0,0,0,0,0,0,0,0.938,0,0,0,0,0,0,0,0,0,0,0,0,0,0,0,0,0,0,0,0,0,0,0,0,0,0,0,0,0,0,0,0,0.173,0,0,0,0,0.982,0.283,0,0,0.996,0,0,0,0,0,0,0,0,0,0.173,0,0.201,0,0,0.276,0,0,0,0,0.48,0,0,0,0,0.672,0,0,0,0.992,0,0,0.431,0,0,0,0,0,0,0,0,0,0,0,0.274,0.173,0,0,0.211,0,0.999,0,0,0.29,0,0,0,0,0,0,0,0,0,0,0.172,0,0,0,0,0,0,0,0,0,0,0,0,0,0.334,0,0,0,0,0,0.307,0,0,0,0,0,0,0.31,0,0.177,0,0,0.195,0.195,0,0,0,0,0.999,0,0,0,0.497,0,0.265,0,0,0,0,0,0,0,0,0,0,0.174,0,0,0,0,0,0,0,0.172,0,0,0.171,0,0,0.984,0,0,0.906,0,0,0,0,0.15,0,0,0,0,0,0,0,0,0,0,0,0,0,0,0,0,0,0,0.615,0,0,0,0.167,0,0.164,0,0.408,0.434,0,0,0,0,0,0,0,0,0,0,0,0,0,0,0,0.15,0,0,0,0,0,0,0,0,0,0,0,0,0,0,0,0,0,0,0,0,0,0,0,0,0,0,0,0,0,0,0,0,0,0,0,0,0,0,0,0,0,0.792,0.901,0,0,0,0,0,0,0,0,0,0,0,0,0,0,0,0,0,0,0,0,0.751,0,0,0,0,0,0,0,0,0,0,0,0,0,0,0,0,0.914,0,0,0,0.905,0,0,0,0,0,0,0,0,0,0,0,0,0,0,0,0,0,0.557,0,0,0,0.284,0,0,0,0.334,0,0.235,0,0,0,0,0,0,0,0,0,0,0,0,0,0,0,0,0,0,0,0,0,0,0,0,0,0,0,0,0,0,0,0,0,0,0,0.221,0,0,0.16,0,0,0,0.369,0,0,0,0,0,0,0,0.256,0,0,0,0,0.174,0,0,0.265,0,0,0,0,0,0,0,0.251,0,0,0,0.251,0,0,0,0,0.436,0,0,0,0,0,0,0.622,0,0,0,0,0,0.222,0,0,0,0.861,0,0,0.348,0,0,0,0.902,0.975,0,0.916,0,0,0,0.939,0,0,0,0,0.958,0,0,0,0,0,0,0.248,0.276,0,0.327,0,0,0,0,0,0.248,0.348,0,0,0,0,0.352,0,0,0.282,0,0,0,0,0,0,0,0,0.251,0,0,0,0,0,0,0.176,0.387,0,0,0,0.216,0,0,0,0,0,0,0,0,0.156,0.322,0,0,0,0.274,0.235,0,0,0.222,0,0,0,0,0,0.152,0,0,0,0.664,0,0,0,0,0,0,0,0,0,0,0,0,0,0,0,0,0,0,0,0,0,0,0,0,0,0,0,0,0,0,0,0,0,0,0,0,0,0,0,0,0,0,0,0,0,0,0,0,0,0,0.901,0,0,0,0,0,0,0,0,0.18,0,0,0,0,0,0,0,0,0,0,0,0.178,0,0,0,0,0,0.177,0,0.176,0,0,0,0,0,0,0.527,0,0,0,0,0,0,0,0,0,0,0,0,0,0,0,0,0,0,0,0,0,0,0,0,0,0,0,0,0,0,0,0,0,0,0.192,0,0,0,0,0,0,0,0,0,0,0,0,0,0,0,0,0,0,0,0,0,0,0,0.315,0,0,0,0,0,0,0,0,0,0,0,0,0,0.203,0,0,0,0,0,0,0,0,0,0,0,0,0,0,0,0,0,0,0,0,0,0,0,0,0,0,0,0,0,0.158,0,0,0,0,0,0.169,0,0,0,0.226,0,0,0,0.999,0,0,0,0,0,0,0,0.224,0,0,0,0,0,0,0,0,0,0,0,0,0,0,0,0,0,0,0,0,0,0,0,0,0,0,0,0,0,0,0,0,0,0,0,0,0,0,0,0,0,0,0,0,0,0,0,0,0,0,0,0,0,0,0,0,0,0,0,0,0,0,0,0,0,0,0,0,0,0,0,0.194,0,0,0,0,0,0,0,0,0,0,0,0,0,0,0,0,0,0,0,0,0,0,0,0,0,0,0,0,0,0,0,0,0,0,0,0,0,0,0,0,0,0,0,0,0,0,0,0,0,0,0,0,0,0,0,0,0,0,0,0,0.151,0,0,0,0,0,0,0,0,0,0,0,0,0,0,0,0,0,0,0,0,0,0,0.319,0,0,0,0.285,0,0,0.18,0,0,0,0,0,0,0,0,0,0.179,0,0.988,0,0,0,0,0,0,0,0,0,0,0,0,0,0.902,0,0,0,0,0.192,0,0,0,0,0,0,0,0,0.315,0,0,0,0,0.156,0,0.197,0,0,0,0,0,0,0,0,0,0.234,0,0,0,0,0,0,0.377,0,0,0,0,0,0.312,0,0,0,0,0,0,0,0,0.454,0.233,0.84,0,0.177,0.18,0,0,0.177,0,0,0,0,0,0,0.885,0,0,0.173,0,0,0.369,0,0,0.351,0,0,0,0,0,0.192,0,0,0.912,0,0,0,0.183,0.175,0.197,0,0,0,0,0.208,0,0,0,0.226,0,0,0,0,0,0,0,0,0.276,0.254,0,0.184,0,0,0,0.868,0,0,0,0.177,0.166,0,0,0.937,0,0.257,0.348,0,0,0.314,0,0.276,0,0.906,0,0,0,0,0,0,0,0,0,0.482,0.194,0.201,0,0,0.326,0,0.287,0,0,0,0,0.229,0,0,0.312,0,0,0,0,0,0,0,0,0,0,0.221,0.456,0,0.218,0,0,0,0,0,0.456,0,0,0,0,0,0,0,0,0,0,0,0,0,0,0,0,0,0,0,0,0,0,0,0,0,0,0,0,0,0,0,0,0,0,0,0,0,0,0,0.15,0,0,0,0,0,0,0,0,0,0,0,0,0,0,0,0,0,0,0,0,0,0,0,0,0.194,0,0,0,0,0,0,0,0,0,0,0,0,0,0,0,0,0,0.18,0,0,0,0,0,0,0,0.164,0.268,0,0,0,0,0,0,0,0,0,0,0,0,0,0,0,0,0,0,0.286,0,0.511,0,0.576,0,0,0,0.518,0.981,0.261,0,0,0,0,0,0,0,0,0.324,0,0,0,0,0,0.987,0,0.39,0.999,0.949,0,0,0.153,0,0.933,0.244,0,0,0,0.62,0,0.501,0.232,0.634,0,0,0,0,0,0,0,0.519,0,0,0,0,0,0.208,0,0,0.674,0,0,0,0,0.173,0,0.208,0,0.179,0,0,0.983,0,0,0,0,0.549,0,0,0,0.996,0,0,0,0,0,0,0,0,0,0.631,0,0.169,0,0.375,0.662,0,0,0,0,0,0,0,0,0,0,0,0,0,0,0,0,0,0,0,0,0,0,0,0,0,0,0,0.172,0,0,0,0,0,0,0,0,0,0.275,0,0,0,0,0,0,0,0,0,0,0.224,0.777,0.17,0,0,0,0,0,0,0,0,0,0.719,0,0,0.966,0,0.962,0,0,0.237,0,0,0.172,0,0.969,0,0.29,0,0.205,0,0,0,0,0,0,0,0,0.555,0,0,0,0.177,0,0,0,0,0,0,0,0,0.969,0,0,0.956,0,0.17,0,0,0,0.939,0,0,0,0,0,0,0,0,0,0,0,0,0,0,0,0.161,0,0,0,0,0.383,0.213,0.341,0.995,0.259,0,0,0,0.98,0,0,0.319,0,0,0.669,0.319,0,0.652,0,0,0,0,0,0,0,0,0,0.605,0,0.94,0,0.872,0,0.964,0.171,0,0,0,0,0.938,0,0,0,0,0,0,0,0,0.187,0.999,0,0,0.198,0,0,0,0,0,0,0.186,0.285,0,0.382,0,0,0.163,0,0,0,0,0,0,0,0,0,0,0,0.34,0,0,0,0,0,0,0,0,0.999,0.995,0.422,0,0.18,0,0,0,0,0,0,0,0.939,0,0,0,0,0,0,0,0.261,0,0,0,0,0,0,0.242,0,0,0,0,0,0,0,0.195,0,0.39,0,0.641,0,0,0,0,0,0.178,0,0.518,0,0,0.588,0.999,0,0,0,0,0,0,0,0,0,0,0,0,0,0,0,0,0,0,0,0,0,0,0.935,0,0,0,0.984,0,0,0,0,0,0,0,0,0,0,0,0,0,0.999,0,0,0,0,0,0,0.193,0,0,0,0,0,0.472,0,0,0,0,0,0,0,0.16,0,0,0,0,0,0,0,0,0,0,0,0,0.331,0,0,0,0,0,0,0,0,0,0,0,0,0,0,0,0,0.159,0,0,0,0,0,0,0.164,0,0.997,0,0.227,0,0,0.96,0,0,0.999,0,0,0,0,0,0,0,0,0.158,0.975,0.392,0.326,0.195,0,0,0.947,0.505,0,0,0,0,0,0.956,0.382,0,0,0,0,0,0,0,0,0,0,0,0.171,0,0,0.945,0,0.578,0.15,0,0,0.977,0,0,0,0.994,0,0,0,0.43,0.176,0,0,0.853,0.517,0,0.547,0.9,0,0,0,0,0,0,0,0.489,0,0,0,0,0,0,0,0,0,0,0,0,0,0,0,0,0,0,0,0,0,0,0,0,0,0.226,0,0,0,0,0,0,0,0,0,0,0,0,0,0,0,0.173,0,0,0,0,0,0,0,0,0.318,0,0,0,0,0,0,0,0.938,0,0,0.33,0,0.657,0,0,0.671,0,0,0,0,0,0,0,0,0,0,0,0,0,0,0,0,0,0,0,0,0,0,0,0,0,0,0,0,0,0,0,0,0,0,0.256,0,0,0,0.205,0,0.695,0,0,0,0,0,0,0,0,0,0,0,0,0,0,0,0,0,0.184,0,0,0,0,0,0,0,0,0,0,0,0,0,0,0,0,0,0,0,0,0,0,0,0,0,0.309,0,0,0.242,0.163,0,0,0,0,0,0.483,0,0,0.195,0,0,0,0,0,0,0,0,0,0,0,0,0,0,0,0,0,0,0,0,0,0,0,0,0,0,0,0,0,0,0.181,0,0,0,0,0,0,0,0,0,0,0,0,0,0.558,0,0,0.434,0,0.453,0.328,0,0,0,0,0,0,0,0.309,0,0,0,0,0,0,0,0,0,0,0,0,0,0,0,0,0,0,0,0.339,0,0,0,0,0,0,0,0,0,0,0.967,0,0,0,0,0,0,0.253,0.229,0,0,0,0.161,0,0,0.958,0,0,0,0.531,0,0,0,0,0,0,0,0,0,0,0,0,0,0,0,0,0,0,0,0,0,0,0.172,0,0.354,0,0,0,0,0,0,0,0,0,0,0,0,0,0,0,0,0,0,0,0,0,0,0,0,0,0,0,0,0,0,0,0,0,0,0,0,0.196,0,0,0,0,0,0,0,0,0,0,0,0,0,0,0,0,0.953,0,0,0,0.313,0,0,0,0,0,0,0,0,0,0,0,0,0,0,0.185,0,0,0,0,0.293,0.159,0,0,0,0,0.984,0.527,0,0,0,0.912,0,0,0.178,0,0,0,0,0,0,0,0,0,0,0,0.63,0,0,0,0,0,0,0,0.366,0.199,0,0,0,0,0,0,0,0,0,0,0,0,0,0,0,0,0,0,0,0,0,0,0,0,0,0,0.18,0.173,0,0.163,0,0,0,0,0,0,0,0,0.931,0,0,0,0,0,0,0,0,0,0,0,0,0,0,0,0,0,0,0,0,0,0,0,0,0,0,0,0,0,0,0,0,0.334,0,0,0,0,0,0,0.905,0,0,0,0,0,0,0,0,0,0,0,0,0,0,0,0,0,0,0,0,0,0,0,0,0,0,0,0.441,0,0,0,0,0,0,0,0,0.191,0,0,0,0,0,0,0,0,0,0,0,0,0,0,0,0,0,0,0,0,0,0,0,0,0,0,0,0,0,0,0.635,0,0.293,0,0,0,0.926,0,0,0.29,0.608,0.635,0.635,0,0.338,0,0,0,0,0,0,0.397,0,0,0,0,0,0.945,0,0,0,0.424,0,0,0,0,0,0,0.347,0,0,0,0,0,0,0,0,0,0,0,0,0,0,0,0,0,0,0,0,0.48,0,0,0.171,0.534,0.885,0,0,0,0,0,0,0,0,0,0.206,0,0,0,0,0.546,0,0,0,0,0,0,0,0,0,0,0,0,0,0,0,0,0,0,0,0.306,0,0,0,0,0,0,0,0,0,0,0,0,0,0,0,0,0,0,0,0,0.925,0,0,0,0,0,0
856656,0,0.22,0,0,0,0,0,0,0,0,0,0,0,0,0,0,0,0,0,0,0,0,0,0,0,0,0,0,0,0,0,0,0,0,0,0,0,0,0,0,0,0,0,0.275,0,0,0,0,0,0,0,0.999,0,0,0,0,0,0,0,0,0,0,0.618,0,0.318,0,0,0,0,0,0,0,0,0,0.175,0,0,0,0,0,0,0,0,0,0,0,0,0,0,0,0,0,0,0,0,0.999,0,0,0,0,0,0,0,0,0,0,0,0,0,0,0,0,0,0,0,0,0,0,0,0,0,0,0.332,0,0,0,0,0.954,0,0,0,0,0,0,0,0,0,0,0,0.218,0.999,0.213,0,0,0,0,0,0,0,0,0,0,0,0,0,0.323,0,0,0,0,0,0,0,0,0,0,0,0,0,0,0,0,0,0,0,0,0,0,0,0,0,0,0,0,0,0,0,0,0,0.64,0.324,0,0,0.197,0,0,0,0,0,0,0,0,0.163,0.786,0,0,0.999,0,0,0,0,0,0,0.629,0,0,0,0,0,0,0.999,0,0,0.232,0,0,0,0,0,0.925,0.162,0,0.999,0,0.332,0,0.163,0.421,0,0.255,0,0,0,0.289,0.515,0,0,0,0,0,0.161,0,0,0,0.191,0,0,0,0,0,0.275,0,0,0,0.198,0,0,0,0,0,0,0,0,0,0,0.99,0,0,0.197,0,0,0,0.834,0,0,0.403,0,0.301,0,0.596,0,0,0,0,0,0.296,0,0,0,0,0.999,0,0,0,0,0,0,0.626,0,0.999,0,0,0,0,0.99,0,0,0,0,0.414,0,0,0,0,0.168,0.161,0,0,0,0.865,0,0,0.359,0,0.374,0,0,0,0,0,0,0,0,0.206,0,0,0,0,0,0,0,0,0,0,0,0.239,0,0,0,0.398,0.247,0,0,0,0,0.337,0.271,0,0,0.999,0.181,0.934,0,0,0,0,0.999,0,0,0.164,0,0,0,0.996,0,0,0,0,0,0.159,0.403,0,0,0,0,0.194,0.999,0,0.663,0,0.703,0,0.247,0,0.406,0,0,0,0,0.928,0,0,0,0.352,0,0.209,0.201,0,0,0,0,0,0,0,0,0.258,0.173,0,0.197,0,0,0,0,0,0,0,0,0,0,0,0,0,0.296,0,0,0.231,0,0,0,0,0.999,0,0.384,0,0,0,0,0.712,0,0,0,0.176,0,0,0,0,0,0,0,0,0,0,0,0.999,0,0,0,0,0,0.61,0,0,0,0,0,0,0,0,0,0,0,0.984,0,0,0,0,0,0.544,0,0,0.244,0,0,0,0,0,0,0,0,0,0,0,0,0,0.199,0.188,0.999,0.27,0,0,0,0,0,0,0,0.391,0.921,0,0,0,0,0,0,0,0.267,0,0.954,0,0,0,0.296,0,0,0,0.183,0,0,0,0,0,0,0,0,0,0,0,0,0,0,0,0,0,0,0,0,0.27,0,0,0,0,0,0,0,0,0.207,0.21,0,0,0,0,0,0,0,0,0,0.913,0,0,0.206,0,0.76,0,0,0,0,0,0.23,0.467,0,0.527,0,0,0,0,0,0,0,0,0.194,0,0,0,0,0,0,0,0,0.759,0,0,0.265,0,0,0,0.662,0.366,0,0,0,0.239,0,0,0,0.16,0.607,0,0,0,0,0,0,0,0,0.348,0,0,0,0.157,0,0,0,0,0,0,0,0.159,0,0,0.15,0,0,0,0,0,0,0,0,0,0,0,0,0,0,0,0,0,0,0,0,0,0,0.786,0,0,0,0,0.265,0.23,0,0,0.458,0,0,0,0.359,0,0,0,0,0,0,0,0,0,0.324,0,0.227,0.392,0,0.273,0,0,0,0,0,0,0,0.28,0.999,0,0.161,0,0,0,0,0.361,0,0,0,0.999,0,0.234,0,0.229,0,0.683,0,0,0,0,0,0.252,0,0,0,0,0,0.267,0,0,0.999,0,0.665,0,0.159,0.362,0,0.155,0,0,0,0,0,0,0,0,0,0,0,0,0,0.843,0,0.313,0,0,0.335,0,0,0,0,0,0,0.297,0.158,0.195,0,0,0.173,0,0,0,0,0,0,0,0,0,0,0,0,0,0,0,0,0,0,0,0,0,0,0,0,0,0.837,0,0.266,0,0.347,0,0,0,0,0.311,0,0,0,0,0,0,0,0,0,0,0,0.197,0.627,0.999,0,0.27,0.884,0.177,0.155,0,0,0,0.165,0,0,0,0,0,0,0,0,0,0,0.264,0,0,0,0,0,0,0,0,0,0.999,0.348,0,0,0,0,0,0,0.6,0,0,0,0,0,0,0.999,0,0,0,0,0,0,0,0,0,0.242,0,0,0,0.158,0.479,0.195,0,0,0,0.388,0,0,0,0,0,0,0.528,0,0.998,0,0,0,0,0.355,0,0,0.218,0.999,0,0,0,0.237,0.443,0,0.999,0.163,0.972,0.162,0.999,0,0.154,0,0,0,0,0,0,0.285,0.189,0,0,0,0,0,0,0.931,0,0.422,0.999,0,0.317,0,0.24,0,0,0,0.791,0,0,0,0,0.299,0.648,0,0,0,0.16,0,0.998,0,0,0,0,0,0,0,0,0,0,0.891,0,0,0.22,0.761,0,0,0,0,0,0.353,0,0,0,0,0,0,0,0,0,0,0,0,0,0,0,0,0.196,0,0,0,0,0,0,0,0,0,0,0.282,0,0,0,0,0,0,0,0,0.161,0,0,0,0,0,0.999,0,0,0,0,0,0,0,0,0,0.999,0,0,0,0,0,0,0,0,0,0,0,0,0,0,0,0,0,0,0,0,0,0,0,0,0.329,0,0,0,0,0,0,0,0.222,0,0,0,0,0,0,0.445,0,0,0,0,0.201,0,0,0,0,0,0,0,0,0,0,0,0,0,0,0,0,0,0.999,0,0,0,0,0,0.22,0.239,0,0.916,0,0,0,0,0,0,0,0.219,0,0,0,0,0,0,0,0,0,0,0.999,0,0,0,0,0,0,0,0,0,0,0.999,0,0,0,0.213,0,0,0,0,0.999,0.392,0.628,0,0,0,0,0,0,0,0.504,0,0.189,0,0,0,0,0,0,0,0,0,0,0,0,0.248,0,0,0,0,0,0,0,0,0,0,0,0.999,0,0,0.153,0.429,0,0,0.224,0,0,0,0,0,0.173,0,0,0.999,0,0,0,0,0,0,0,0,0.485,0,0.985,0.229,0,0,0,0,0,0,0,0,0,0,0,0,0,0,0,0,0,0,0,0,0,0,0,0,0,0,0,0.999,0,0,0,0.15,0,0.449,0,0,0,0,0,0,0.151,0,0,0,0,0,0,0,0.209,0,0,0,0.538,0,0,0,0,0,0,0.999,0,0.999,0,0.178,0,0,0,0,0,0,0,0,0,0,0,0,0,0,0,0,0,0,0,0,0,0,0,0,0,0,0,0,0,0,0,0,0,0,0,0.692,0.152,0,0,0,0,0,0,0,0,0,0,0,0.775,0,0,0,0,0,0.392,0,0,0,0,0,0,0,0,0,0,0.222,0,0,0.429,0,0,0,0,0,0,0,0,0,0,0,0,0,0.999,0,0,0,0,0,0,0,0,0,0,0,0,0,0.303,0,0,0.408,0,0,0,0,0,0,0,0,0,0.343,0,0,0,0,0,0,0,0,0,0,0,0,0.173,0,0,0.775,0,0,0,0,0,0,0,0.445,0,0,0,0,0,0,0,0,0,0,0.169,0,0,0,0,0,0,0,0,0,0,0,0,0,0.254,0,0,0,0,0,0,0,0,0,0.233,0,0,0,0,0,0,0,0,0,0,0,0,0,0,0,0,0.999,0,0,0,0,0,0,0,0,0,0,0,0,0,0,0,0,0,0,0,0,0,0,0.292,0.309,0,0.218,0,0,0,0,0,0.324,0,0,0,0,0,0.216,0,0,0,0,0,0,0,0,0,0,0,0,0,0,0,0.224,0,0,0,0,0,0.401,0,0,0,0,0,0,0,0,0,0,0,0,0,0,0,0,0,0,0,0,0,0,0,0,0,0,0,0,0,0,0,0,0.515,0,0,0,0,0,0,0,0,0,0,0,0,0,0,0,0,0,0,0,0,0,0,0,0,0,0,0,0,0,0,0,0,0,0,0,0,0,0,0,0,0,0.222,0,0,0,0,0,0,0,0,0,0,0,0.214,0,0.265,0,0,0,0,0,0.999,0,0,0.265,0,0.201,0.32,0,0.419,0,0.493,0,0,0.949,0,0,0,0,0,0,0,0,0,0.218,0,0,0.23,0,0,0,0,0,0.164,0,0,0,0,0.258,0,0,0,0,0.999,0.468,0.208,0,0.999,0.281,0,0,0,0,0,0,0,0,0,0.999,0,0,0,0,0,0,0,0,0,0,0,0,0,0.186,0,0.292,0,0,0.386,0,0,0,0,0,0.309,0,0.999,0,0,0,0,0,0,0,0.168,0.159,0.334,0,0,0,0,0.485,0.154,0.152,0,0,0,0.577,0,0.28,0,0,0,0,0,0.791,0,0,0.999,0.206,0.253,0,0,0,0.164,0,0,0,0.997,0,0,0,0,0.226,0,0,0.152,0.176,0,0,0.312,0,0,0,0,0.182,0.171,0.26,0.335,0.157,0,0,0,0,0,0.999,0,0.812,0.607,0,0,0.178,0,0,0.191,0.522,0,0,0.979,0,0.999,0,0,0,0,0.826,0,0,0,0.382,0.341,0,0,0.429,0,0.218,0,0.175,0.369,0,0,0,0,0,0,0.208,0,0,0.917,0,0,0,0,0,0.31,0,0,0.185,0,0,0.17,0,0,0,0,0.173,0.704,0,0,0.231,0,0,0.403,0.287,0,0.258,0,0,0,0,0,0,0.26,0,0,0,0,0,0,0.295,0,0,0,0,0,0,0,0,0,0,0.205,0,0,0,0,0,0,0,0,0.896,0,0,0.244,0,0,0,0,0,0,0,0,0,0,0,0,0,0,0,0,0.999,0,0,0,0,0,0,0,0,0,0,0,0,0,0,0,0,0,0,0,0,0,0,0,0,0,0,0,0.216,0,0,0,0,0,0.171,0,0,0,0,0,0,0,0,0,0,0,0,0,0,0,0.174,0,0.171,0,0,0,0,0,0,0,0,0,0,0,0,0,0,0,0,0,0,0,0,0.624,0,0.752,0,0,0,0,0,0,0,0,0,0,0,0,0,0,0,0,0,0,0,0,0,0,0,0,0,0,0.405,0,0,0.906,0,0,0,0,0,0,0,0,0,0,0,0,0.151,0,0,0,0,0,0,0,0,0,0,0,0.233,0,0,0,0,0,0,0,0,0,0,0.852,0,0,0,0,0,0,0,0,0,0,0,0,0,0,0,0,0,0,0,0,0,0,0,0,0,0,0,0,0,0.732,0,0,0.998,0,0,0,0,0,0,0,0,0,0,0,0.192,0,0,0,0,0,0,0,0,0,0,0,0,0,0,0,0,0,0.201,0,0,0,0,0,0,0,0,0,0,0,0,0,0,0,0,0,0,0,0.279,0,0,0,0,0.191,0,0,0,0,0,0,0.27,0,0,0,0,0,0,0,0.195,0,0,0,0.891,0,0.161,0,0,0,0,0,0,0,0,0,0.297,0,0,0,0.151,0,0,0,0,0,0,0,0,0,0.297,0,0,0,0,0,0,0,0,0,0.171,0,0,0,0.999,0,0,0,0.225,0,0.999,0,0,0,0,0.999,0,0,0,0,0,0,0,0,0.781,0,0,0,0,0,0.169,0,0,0,0,0,0,0,0.931,0,0,0,0.91,0,0,0,0,0,0,0.418,0.998,0,0,0,0.685,0,0,0,0,0,0,0,0,0,0,0,0,0,0.433,0,0,0,0,0,0,0,0,0,0,0.356,0,0,0,0,0,0,0,0,0,0,0.173,0,0,0,0,0.163,0,0,0,0,0,0,0,0,0,0,0,0,0,0,0,0,0.399,0,0,0,0,0.515,0.159,0,0,0,0,0,0.156,0,0,0,0,0.999,0,0,0,0,0,0.209,0,0.173,0,0.231,0,0,0,0,0.91,0.275,0,0,0,0,0,0,0,0,0,0,0,0.666,0,0,0.226,0,0,0,0,0,0,0.281,0.741,0,0,0.213,0,0,0,0.438,0,0,0,0,0,0,0,0,0,0,0,0.999,0,0,0.999,0,0,0,0,0,0,0,0,0,0,0,0.196,0,0,0,0,0,0,0,0,0,0,0,0,0,0,0,0,0,0,0,0,0,0,0,0,0,0,0,0,0,0,0,0,0,0,0.191,0,0,0,0.286,0,0,0,0,0,0.286,0,0,0,0,0,0,0,0,0,0,0,0,0,0,0,0,0,0,0,0,0,0,0,0,0,0,0,0,0,0,0,0,0,0,0,0,0,0,0,0,0,0,0,0.29,0,0,0,0,0,0,0,0,0,0,0,0,0,0,0,0,0,0,0,0.756,0,0,0,0,0,0,0,0,0,0,0,0,0,0,0,0,0,0,0,0,0.153,0,0,0,0,0,0,0,0,0,0,0,0,0,0,0,0.493,0,0,0,0,0,0,0.999,0,0,0,0,0,0,0,0,0,0,0,0,0,0,0,0,0,0,0,0.15,0,0,0,0,0,0,0,0,0,0.244,0,0,0,0,0.607,0.214,0,0,0,0,0,0.198,0,0,0,0,0,0.903,0,0,0,0.347,0,0,0,0,0,0,0,0.213,0,0,0,0,0,0,0,0,0,0,0,0,0,0.173,0,0.213,0,0,0.237,0.186,0,0,0.153,0.168,0,0.902,0.194,0.173,0,0,0,0,0,0,0,0,0,0,0.213,0,0,0,0,0,0,0,0,0,0.214,0,0,0,0,0,0,0,0,0,0,0,0,0,0,0,0,0.217,0,0,0,0.151,0,0.213,0,0,0,0,0,0,0,0,0,0,0,0,0,0,0,0,0,0,0,0,0,0,0,0,0,0,0,0,0,0.359,0,0.345,0,0,0,0,0,0,0,0,0,0,0,0,0.167,0,0.974,0.837,0.999,0.715,0,0.205,0,0,0.999,0.995,0.999,0.361,0,0.999,0.239,0.292,0.275,0.999,0,0.94,0.993,0.213,0.344,0.257,0.207,0.153,0.389,0.998,0.613,0.999,0,0.206,0.996,0,0.917,0.171,0.173,0,0.711,0.999,0.59,0.999,0.842,0.916,0,0,0,0.999,0.999,0.309,0.936,0.186,0.721,0.647,0,0.485,0.716,0,0.893,0,0.329,0.999,0.999,0.998,0.999,0.981,0.994,0.999,0.205,0.245,0.999,0.716,0.999,0,0,0,0.716,0,0,0,0.999,0.999,0,0.998,0.996,0.999,0.639,0,0.999,0.192,0.716,0.837,0.301,0.999,0.222,0.604,0,0.999,0.999,0,0.98,0,0.809,0.999,0.919,0.999,0.999,0.355,0.999,0.999,0.721,0,0.999,0.926,0.998,0.222,0.999,0.999,0.716,0.999,0.864,0,0.255,0,0.999,0.995,0.716,0.795,0,0,0.313,0.213,0.999,0.915,0.716,0.213,0.999,0.837,0,0,0,0,0.999,0.999,0,0,0.607,0.999,0,0.882,0.999,0.8,0,0.559,0.999,0.999,0.229,0.996,0,0.999,0,0.725,0.999,0,0.508,0.997,0.999,0.623,0,0.999,0.999,0.261,0,0.197,0.188,0,0,0,0.157,0,0.891,0.899,0,0.716,0.371,0.729,0.907,0,0.971,0.999,0.999,0.999,0.306,0,0,0.999,0.999,0,0,0.998,0,0.999,0.999,0,0.999,0,0.183,0.999,0,0.999,0.884,0,0.99,0.999,0.999,0,0.837,0.999,0.204,0.91,0,0,0.999,0.291,0.999,0,0.159,0.999,0,0,0,0.27,0,0.222,0,0,0,0,0.332,0,0.271,0,0,0,0,0,0,0,0,0,0,0,0,0.233,0,0,0,0,0,0.206,0,0,0,0,0,0,0,0,0,0,0,0.999,0,0,0,0,0,0,0,0,0,0,0,0,0,0,0,0,0,0,0,0.227,0,0,0,0.29,0,0,0,0,0,0,0,0,0,0,0,0,0,0,0,0,0,0,0.222,0,0,0,0.228,0,0,0,0,0,0.157,0,0,0,0,0,0,0,0,0,0,0,0,0,0.218,0,0,0.202,0,0,0,0,0,0,0,0,0,0.261,0,0.181,0,0,0,0,0,0,0,0,0,0,0,0,0,0,0,0,0,0,0,0,0,0,0,0,0,0,0,0,0,0,0,0.158,0,0,0,0,0,0,0,0,0,0,0,0,0,0,0.215,0,0,0,0,0,0,0,0,0,0,0,0,0,0,0,0,0,0.202,0,0,0,0,0,0,0,0,0,0,0,0,0,0,0,0,0,0,0,0,0,0,0,0,0.445,0,0,0,0,0,0,0,0,0,0,0,0,0,0,0,0,0,0,0.236,0,0,0,0,0,0.27,0,0,0,0,0,0,0.893,0.393,0,0,0.68,0,0.311,0,0,0.33,0,0.358,0.375,0,0.463,0,0,0,0,0,0,0,0,0,0,0,0,0,0,0,0,0,0,0,0,0,0.159,0,0,0,0,0,0,0.166,0,0,0,0,0,0,0,0,0,0,0,0,0,0,0,0,0,0,0,0,0,0,0,0,0,0,0,0,0,0,0,0,0,0,0,0,0.456,0,0,0,0,0,0,0,0,0,0,0,0,0,0,0,0,0,0,0,0,0,0,0,0,0,0.312,0,0,0,0,0,0,0,0,0,0,0,0.195,0,0,0,0,0,0,0,0,0,0,0,0,0,0,0,0,0,0,0,0,0,0,0,0,0,0,0,0,0,0,0,0,0,0,0,0,0,0,0,0,0,0,0,0,0,0,0.173,0,0,0,0,0,0,0,0,0,0,0,0.207,0.269,0,0,0,0,0,0,0,0,0,0,0.433,0,0,0.27,0,0,0.158,0,0,0,0,0,0,0,0,0,0,0,0,0,0,0,0,0.228,0,0.161,0,0,0,0,0,0,0,0,0,0,0,0,0,0,0,0,0,0,0,0,0,0,0,0,0.225,0,0,0,0,0,0,0,0,0,0,0,0,0,0,0,0,0,0,0,0,0,0,0,0,0,0,0,0,0,0,0,0.352,0,0,0,0,0,0,0,0,0,0,0,0,0,0.36,0,0.532,0,0,0,0,0,0,0,0,0,0,0,0,0,0,0,0,0,0,0,0,0,0,0,0,0,0,0,0,0,0,0,0,0,0,0,0,0,0,0,0,0,0,0,0,0,0,0,0,0,0,0,0,0,0,0,0,0,0,0,0,0,0,0,0,0,0,0,0,0,0,0,0,0,0,0,0,0,0,0,0,0,0,0,0,0,0,0,0,0,0,0,0,0,0,0,0,0,0,0,0,0,0,0,0,0,0,0,0,0.349,0,0,0,0,0,0,0,0,0,0,0,0,0,0,0,0,0,0,0,0,0,0,0,0,0,0,0,0,0,0,0,0,0,0,0,0.174,0,0,0,0,0,0,0,0,0,0,0,0.353,0,0,0,0,0,0,0,0,0,0,0,0,0,0,0,0,0,0,0,0,0.226,0,0.206,0,0,0.18,0,0,0,0,0,0,0,0.911,0,0,0,0,0,0,0,0,0,0,0,0,0,0,0,0,0,0,0,0,0,0,0,0,0,0,0,0.236,0,0,0,0,0,0,0,0,0.282,0,0.187,0,0,0,0.236,0,0,0,0,0,0,0,0,0,0,0,0,0,0,0,0,0,0,0,0,0,0,0,0,0,0,0,0,0,0,0,0,0,0,0,0,0,0,0,0,0,0,0,0.168,0,0,0,0,0,0,0,0,0,0,0,0,0,0,0,0,0,0,0,0,0,0,0,0,0,0,0,0,0,0,0,0,0,0,0,0,0,0,0,0,0,0,0,0,0,0,0,0,0,0,0,0,0,0,0.151,0,0,0,0,0,0,0,0,0,0,0,0,0,0,0,0,0,0,0,0,0,0,0,0,0,0,0,0,0,0,0,0,0,0,0,0.353,0,0,0,0,0.258,0,0,0,0,0.521,0,0,0,0,0,0,0,0,0,0,0,0,0.191,0,0,0,0,0,0,0,0,0,0.262,0,0,0,0.5,0,0,0,0,0,0,0,0,0,0,0,0,0,0,0,0,0,0,0,0,0,0,0,0,0,0,0,0,0,0,0,0,0,0,0,0,0,0,0,0,0,0,0,0,0,0,0,0.256,0,0,0,0,0,0,0,0,0,0,0,0.276,0,0,0,0,0,0,0,0,0,0,0.173,0.422,0,0,0,0,0.545,0.307,0,0,0,0,0,0,0,0,0,0,0,0,0,0,0,0,0,0,0,0,0,0,0,0,0,0,0,0,0,0,0,0,0,0,0,0,0,0,0,0,0,0,0,0,0,0,0,0,0,0,0.158,0,0,0,0,0,0,0,0.213,0,0,0,0,0,0,0,0,0,0,0,0,0,0,0,0.194,0,0,0,0,0,0,0,0,0,0,0,0,0,0,0,0,0,0.275,0,0,0,0,0,0,0,0,0,0,0,0,0,0,0,0,0,0,0,0,0,0,0.307,0.196,0,0.336,0,0,0,0,0,0,0,0,0,0,0,0,0,0,0,0,0,0,0,0,0,0,0,0,0,0,0,0,0,0,0,0,0,0,0,0,0,0,0,0,0,0,0,0,0,0,0,0,0,0,0,0,0,0,0,0,0,0,0,0,0,0,0,0,0,0,0,0,0,0,0,0,0,0,0.194,0,0,0,0,0,0,0,0,0,0,0,0,0,0,0,0,0,0,0,0,0,0,0,0,0,0,0,0,0,0,0,0,0,0,0,0.504,0,0,0,0,0,0,0,0,0,0,0,0,0,0,0,0,0,0,0,0,0,0,0,0,0,0,0,0,0,0,0,0,0,0,0,0,0,0,0,0,0,0,0,0,0,0,0,0,0,0,0,0,0,0,0,0,0,0,0,0,0,0,0,0,0,0,0,0,0,0,0,0,0,0,0,0,0
852177,0,0.224,0.543,0,0.901,0,0,0,0,0,0,0,0,0,0,0,0,0,0,0,0.162,0,0,0,0,0.428,0.782,0,0,0,0,0,0,0,0,0,0,0.196,0,0,0,0,0,0,0,0,0,0.172,0,0,0,0.382,0,0,0.196,0.248,0.347,0,0,0.162,0,0.173,0,0,0,0,0,0,0,0,0.542,0.398,0,0,0.153,0,0,0,0,0,0,0.751,0,0,0,0.152,0,0.942,0.201,0,0,0,0.481,0,0,0,0,0,0.313,0,0,0,0,0,0,0,0,0.195,0.162,0,0,0,0,0,0,0,0,0,0,0,0.9,0,0,0,0,0.162,0,0,0,0,0,0,0,0,0,0,0,0,0.79,0,0.382,0,0.287,0,0.347,0.232,0,0,0.273,0,0,0,0,0,0,0,0,0,0,0,0,0,0,0,0.313,0,0,0,0,0,0,0,0,0,0,0,0,0,0,0,0,0.428,0.455,0,0.79,0,0.384,0,0,0.732,0,0,0,0.306,0,0,0.371,0,0,0,0,0,0,0,0,0.43,0.658,0,0,0.402,0,0,0.4,0.187,0,0.206,0,0,0,0,0.683,0,0,0,0,0,0.301,0,0.953,0.492,0.548,0.242,0,0.203,0.652,0,0.446,0.201,0.61,0.663,0,0,0,0.405,0.474,0,0.152,0.513,0,0,0,0,0.274,0,0,0,0,0,0.188,0,0.489,0.202,0,0,0,0.724,0,0.228,0,0,0,0.155,0,0.428,0,0.614,0,0.295,0.306,0.969,0,0,0.414,0.925,0.236,0.265,0.353,0.209,0.245,0,0,0,0,0,0,0.415,0.151,0,0,0.419,0.77,0.245,0,0,0,0,0.291,0,0,0.571,0,0,0.449,0,0.614,0,0.246,0.969,0,0,0,0,0.313,0,0.361,0,0.397,0,0,0,0,0,0.364,0,0.641,0,0,0,0,0,0,0,0.159,0.474,0.725,0.491,0,0.9,0.268,0,0,0,0,0.378,0.298,0.23,0.246,0,0,0.593,0.342,0.31,0,0.242,0,0,0,0.295,0,0,0.153,0.261,0,0,0,0,0.614,0,0.23,0.803,0,0,0,0.474,0,0.486,0,0,0,0.352,0.776,0,0,0,0.169,0,0,0.362,0.69,0,0,0.999,0.54,0.325,0.692,0.166,0,0,0,0.551,0,0.995,0.68,0,0,0.234,0.259,0.375,0.223,0,0,0,0,0,0,0,0,0,0.311,0,0.423,0.405,0,0.24,0,0,0.368,0,0.281,0,0.156,0,0,0,0.307,0.27,0.627,0,0.266,0,0,0.402,0.401,0,0,0,0.385,0,0,0,0.2,0,0.642,0.259,0,0,0.324,0.567,0,0.259,0.46,0,0,0,0,0.234,0.608,0,0.967,0.296,0,0,0,0.695,0,0.193,0.325,0.45,0,0,0,0,0,0.313,0.354,0.18,0,0,0,0,0.277,0,0.311,0,0.9,0,0,0.194,0,0,0.395,0,0.206,0,0.231,0.328,0.157,0,0,0,0,0,0,0,0,0.277,0.521,0,0,0.344,0.185,0,0.459,0,0.403,0,0.689,0,0.585,0,0.538,0,0.202,0,0,0,0.308,0.209,0.451,0,0.585,0.169,0,0,0,0,0,0,0.262,0,0,0,0,0,0,0.301,0,0.545,0,0,0,0,0,0.402,0.68,0,0.295,0,0.296,0,0.182,0,0.233,0,0,0.412,0,0.257,0.161,0,0.387,0,0,0.499,0,0,0,0.456,0,0,0,0,0,0,0,0.905,0,0.408,0.31,0,0,0,0,0,0,0,0.199,0.508,0.422,0,0.267,0,0.234,0,0.21,0,0,0,0.333,0.23,0,0,0,0,0.666,0,0,0,0.654,0.504,0,0.287,0,0.999,0.726,0,0,0,0.261,0,0,0.327,0,0,0.441,0.323,0,0,0,0,0.554,0,0,0.559,0.533,0.558,0.226,0,0,0.952,0,0,0,0,0,0.542,0,0,0,0,0,0,0.216,0.541,0,0,0,0.186,0,0,0.197,0.938,0,0.541,0.309,0.203,0,0,0.176,0.226,0.234,0.768,0,0.91,0,0.325,0.295,0.176,0.284,0.999,0,0,0,0,0,0,0.466,0,0.892,0.822,0.171,0.153,0.307,0.457,0,0.186,0.179,0,0.33,0,0,0.304,0,0,0,0,0.242,0,0,0.908,0,0,0,0,0,0,0.327,0.937,0,0.156,0.658,0,0.301,0,0.332,0.427,0,0.313,0.538,0,0,0.307,0,0.191,0.26,0,0,0.173,0,0,0.264,0,0,0.509,0,0.168,0.937,0.396,0,0,0.434,0,0,0,0.184,0,0,0.465,0,0,0.326,0.406,0,0,0,0,0,0,0.344,0.223,0.151,0,0,0,0.704,0.998,0,0,0,0,0,0,0.304,0,0.78,0.807,0.413,0,0.213,0.295,0,0,0.194,0,0,0,0,0,0,0,0,0,0.336,0.9,0.928,0.33,0,0.713,0,0.313,0.466,0.286,0,0,0.404,0,0.21,0,0,0.294,0.82,0,0.255,0.181,0,0.162,0,0,0,0,0,0.915,0.257,0,0,0.197,0.653,0.526,0,0.315,0.816,0,0,0,0,0.732,0,0,0.412,0,0.94,0,0,0,0.193,0.193,0,0,0,0.441,0,0,0.549,0,0.822,0,0.36,0,0.234,0.169,0,0,0,0,0,0,0,0,0.969,0.416,0.56,0,0,0,0,0,0,0.245,0.219,0.248,0.73,0,0,0.419,0,0,0,0.578,0.363,0,0,0,0,0.441,0,0.194,0.26,0,0,0.196,0.506,0,0,0.384,0.32,0.284,0,0,0,0,0,0.488,0.567,0.489,0,0.265,0,0.304,0,0,0,0.76,0,0.786,0.308,0,0,0,0,0,0,0.474,0.284,0,0,0,0,0,0,0,0,0,0,0,0,0,0,0,0,0,0,0,0,0.334,0,0,0,0,0.214,0,0,0,0,0,0,0,0,0,0,0,0,0.155,0,0,0,0,0,0.339,0,0,0.163,0,0,0,0,0,0,0,0,0,0,0,0.41,0,0,0,0.154,0,0,0,0,0.304,0.173,0,0,0,0,0,0.197,0,0,0,0,0,0,0,0,0,0,0,0.309,0,0,0.941,0.173,0.263,0,0,0,0,0,0,0,0,0,0,0,0,0.699,0,0,0,0.245,0,0.307,0,0,0,0,0,0,0,0,0,0,0,0,0,0,0.236,0,0,0,0,0,0,0,0,0,0.191,0,0,0,0,0,0.182,0,0.449,0,0,0,0,0.343,0.324,0,0,0,0,0,0,0,0,0,0,0,0,0.583,0,0,0.537,0,0,0,0,0.294,0,0,0,0,0,0,0,0,0.256,0,0,0.583,0,0.21,0,0,0,0,0,0.173,0,0,0.155,0,0,0,0,0,0.322,0,0,0,0,0,0,0,0,0,0,0,0,0,0,0,0,0,0,0,0,0,0,0.416,0.419,0,0,0.921,0,0,0,0,0,0,0,0,0,0,0,0,0,0,0,0,0,0.165,0.246,0,0.999,0,0,0,0,0,0,0,0,0,0,0,0,0,0,0,0,0,0,0,0,0,0,0,0,0,0,0,0,0,0,0,0,0,0,0,0,0,0,0,0,0,0,0,0,0,0,0,0,0.19,0,0,0,0,0,0.514,0,0,0,0,0.618,0.309,0,0,0,0,0,0.227,0,0,0,0,0,0,0.309,0,0,0,0,0,0.346,0,0,0,0,0,0,0.161,0,0,0.94,0,0.306,0,0,0,0,0,0,0,0.517,0,0,0,0,0,0,0,0,0,0,0,0,0.172,0,0,0,0,0,0.158,0,0,0,0,0,0,0,0,0,0,0.687,0.346,0.513,0.462,0,0,0,0.245,0,0,0,0,0,0,0,0,0,0.36,0,0,0,0,0,0,0,0,0,0.473,0,0,0,0.612,0,0,0,0.292,0,0,0,0,0,0,0,0,0,0,0,0,0,0,0,0,0,0,0.168,0,0,0.979,0,0,0.172,0,0,0,0,0,0,0.256,0,0,0,0,0,0,0,0,0,0,0,0,0,0,0,0,0,0,0,0,0,0,0,0,0,0.19,0,0,0,0,0,0,0,0,0,0,0,0,0,0,0,0,0,0,0.879,0,0.246,0,0,0,0,0,0,0,0,0,0,0,0,0.315,0,0.322,0,0.303,0,0,0,0,0,0,0,0.183,0,0,0,0,0,0,0.19,0,0,0,0.387,0,0.436,0,0,0,0,0,0,0,0,0,0,0.311,0,0,0.246,0,0.346,0.161,0,0,0,0,0.925,0,0,0,0,0,0,0,0,0,0,0.33,0,0,0,0,0,0,0.179,0,0,0,0,0,0,0,0.223,0,0,0,0,0,0,0,0,0,0,0,0,0.529,0,0,0,0,0,0,0,0,0,0,0,0.175,0,0,0,0,0,0,0,0,0,0.173,0,0,0,0,0,0,0,0,0.175,0,0,0,0,0,0.184,0,0,0,0,0,0,0,0,0.216,0,0,0,0,0.162,0,0.187,0,0,0,0,0,0,0,0,0,0,0,0.348,0.179,0,0,0,0,0,0,0,0,0,0,0,0,0,0,0,0.179,0,0,0,0,0,0,0,0,0,0,0,0,0,0,0,0,0,0,0,0,0,0,0.689,0.239,0,0.439,0,0.445,0,0,0,0,0,0,0,0,0,0,0,0,0,0.233,0,0,0,0.533,0,0,0,0.181,0,0,0.392,0,0,0,0,0,0,0,0,0,0,0.165,0,0,0,0,0,0,0,0,0,0,0,0.651,0,0,0.187,0,0,0,0,0,0.474,0,0,0,0,0.184,0,0,0,0,0,0,0,0.462,0,0,0,0.334,0,0,0,0,0,0,0.222,0,0.369,0,0,0.386,0.197,0,0,0.278,0,0.71,0,0.428,0,0.283,0,0.298,0,0,0,0,0,0,0,0,0,0.47,0.957,0,0,0,0.234,0,0,0.192,0,0.459,0,0.439,0,0.227,0,0,0,0,0,0,0,0,0,0,0.419,0,0,0,0,0,0,0,0,0,0,0.191,0,0,0,0.344,0,0,0,0,0,0,0,0.914,0,0,0.213,0,0,0,0,0,0,0,0,0,0,0,0,0.468,0,0,0.216,0,0,0,0.264,0,0,0.187,0,0,0,0,0,0,0.293,0,0.188,0,0,0.798,0.256,0,0,0.581,0,0,0,0,0.271,0.28,0,0,0.216,0,0.45,0,0,0,0,0,0,0,0,0.675,0,0,0,0.686,0.896,0,0.202,0,0,0.165,0,0,0,0,0,0,0.288,0,0,0,0,0.532,0,0.29,0,0,0,0,0,0.887,0,0,0,0,0,0,0,0,0,0,0,0,0,0.267,0,0,0.248,0.371,0.155,0,0,0,0.225,0,0,0.433,0,0.339,0,0,0,0,0,0.424,0,0,0,0,0,0,0.253,0,0,0,0,0.241,0.309,0,0,0,0,0.985,0,0.47,0,0.377,0.248,0.271,0,0.245,0,0,0.154,0.25,0,0,0,0,0,0.354,0,0,0,0.473,0,0,0.205,0,0,0,0,0,0,0,0.527,0.988,0.428,0,0,0,0,0,0.25,0,0.762,0,0,0.242,0,0.157,0,0,0,0,0,0,0,0,0,0.193,0,0,0.208,0.159,0,0.264,0,0.966,0,0,0,0,0,0,0,0.415,0,0,0,0,0,0,0,0.224,0,0.309,0.198,0,0,0,0,0.198,0.167,0,0,0,0.182,0.239,0,0.213,0,0,0,0,0,0.332,0,0,0,0,0,0,0,0,0.258,0,0,0,0.415,0,0,0,0,0,0,0,0.966,0.903,0,0,0,0,0,0,0,0,0,0,0,0,0,0,0,0.186,0,0,0,0,0,0,0,0,0,0,0,0.234,0,0,0.173,0,0.186,0,0,0,0.166,0.909,0,0,0,0.901,0.166,0.405,0.22,0,0,0,0,0,0.689,0,0,0,0,0,0,0,0,0.534,0,0,0,0.224,0,0,0,0.226,0,0,0,0,0,0,0,0.166,0,0,0,0,0,0,0,0.166,0,0,0,0,0,0,0.405,0,0,0.263,0,0.224,0,0,0,0,0.217,0.521,0,0,0,0,0,0.379,0,0,0,0,0,0,0,0,0,0,0,0.173,0.251,0,0,0,0,0.179,0,0,0.215,0.217,0,0,0.185,0,0,0,0.404,0,0,0,0.808,0,0,0,0,0.457,0,0,0,0,0,0,0.29,0.185,0,0,0.152,0,0.253,0,0.214,0,0,0.186,0,0.174,0,0.242,0,0.906,0.992,0.178,0.928,0.24,0.316,0,0.976,0.185,0,0,0,0.966,0,0,0,0.463,0,0,0.217,0.181,0.568,0,0,0.273,0,0,0.166,0,0.162,0,0,0,0,0.57,0.168,0,0.583,0.181,0.163,0,0,0,0,0,0,0.391,0,0,0,0,0,0.188,0,0.767,0.35,0.183,0,0.443,0,0,0,0,0,0,0,0,0,0.4,0,0.497,0,0,0.583,0.239,0.296,0.309,0.392,0.18,0,0,0.175,0.674,0,0.411,0,0.719,0.153,0,0,0,0,0,0,0,0,0,0,0,0,0,0,0,0,0,0,0,0.485,0,0,0,0,0,0,0,0,0,0,0,0,0,0,0,0,0,0,0,0,0,0,0,0,0,0,0,0,0,0.9,0,0,0,0,0,0,0,0,0,0,0,0.781,0,0,0,0.186,0,0,0,0,0,0,0,0,0,0,0,0,0,0,0,0,0,0.325,0,0,0,0,0,0,0,0,0.96,0,0,0,0,0,0.567,0,0,0,0,0,0,0,0,0.679,0.567,0,0,0,0,0,0,0.56,0,0,0,0,0.308,0,0,0,0.248,0,0,0,0,0,0,0,0,0,0,0,0,0.906,0,0,0,0,0,0.17,0,0,0,0,0,0,0,0,0,0,0,0,0,0.156,0,0.312,0,0,0,0,0,0,0,0,0,0,0,0.941,0,0.163,0,0.466,0,0,0,0,0,0,0,0,0,0,0,0,0,0,0,0,0.171,0,0.175,0,0,0,0,0,0,0,0.741,0,0,0,0,0,0,0.385,0,0.177,0,0,0,0,0,0,0,0.636,0,0,0,0,0,0,0,0,0,0,0,0,0,0,0,0,0,0,0,0,0,0,0,0,0,0,0,0,0,0,0,0,0,0,0,0,0,0,0,0,0,0,0,0,0,0,0.15,0,0,0,0,0,0,0,0,0,0,0,0,0,0,0,0,0,0,0,0,0,0,0,0,0,0,0,0.166,0,0,0,0.188,0,0,0,0.264,0,0,0,0,0,0,0,0,0,0,0,0,0,0,0,0,0,0,0,0,0.233,0,0,0,0,0,0,0,0,0.196,0,0,0,0,0,0,0,0,0,0,0,0,0,0,0,0,0,0,0,0,0,0,0,0,0,0,0,0,0,0,0,0.37,0,0.309,0,0,0,0,0.22,0,0.467,0,0,0,0,0,0,0,0,0,0,0,0.999,0,0.406,0.159,0.592,0,0,0.37,0,0,0,0.224,0.847,0.154,0.928,0,0.832,0.232,0,0,0,0.603,0,0.215,0,0,0,0.236,0.34,0,0,0.16,0,0.3,0.631,0,0,0,0.336,0.433,0,0,0.666,0,0,0.756,0,0,0,0.49,0.576,0,0.992,0,0.622,0,0,0,0.309,0.641,0,0.603,0,0,0,0,0.576,0.993,0.698,0.713,0,0,0.319,0.616,0.924,0,0,0,0,0,0.407,0,0.537,0,0,0.405,0,0,0,0.935,0,0.442,0,0.185,0.245,0.449,0.542,0,0.735,0.949,0.907,0,0,0,0.578,0.491,0,0,0.479,0,0.245,0.565,0.433,0,0,0.788,0,0,0,0,0.654,0,0,0.948,0.846,0.763,0,0.173,0,0.162,0,0.603,0,0,0.337,0.467,0.532,0,0.289,0.936,0,0.999,0.411,0,0.485,0,0,0.695,0.548,0.907,0,0,0,0,0,0,0,0,0,0,0,0.459,0,0.179,0.713,0,0.75,0,0.449,0.151,0,0,0,0.646,0.309,0,0,0,0,0.433,0,0,0,0,0,0.756,0.993,0,0.403,0,0.545,0,0.545,0,0.704,0.641,0,0,0,0.151,0.521,0,0.614,0,0,0.548,0,0,0,0,0,0,0,0,0,0.204,0,0,0,0,0,0,0,0,0,0,0,0,0,0,0,0,0,0,0,0,0,0,0,0,0,0,0,0,0,0,0,0,0,0.618,0,0,0,0,0,0,0,0,0,0,0.156,0,0,0,0,0,0,0,0,0,0,0,0.446,0,0,0,0,0,0,0,0,0,0,0,0,0,0,0,0,0,0,0,0,0,0,0,0,0,0,0.154,0,0.412,0,0,0.984,0.162,0.43,0.561,0,0.679,0,0.226,0,0.676,0.516,0.406,0.192,0.33,0.165,0,0,0.15,0,0,0.562,0,0,0,0,0.205,0.87,0.276,0,0.573,0.834,0,0,0,0,0.956,0,0,0,0.248,0.562,0,0.468,0.332,0.562,0,0.241,0,0,0.406,0.182,0,0.23,0.27,0,0,0.15,0,0,0,0.677,0.378,0,0,0,0,0.645,0.246,0,0,0,0,0,0.999,0,0.171,0,0,0.371,0.33,0,0.179,0.931,0.332,0,0,0,0.192,0.178,0,0,0,0.822,0,0,0,0.229,0.988,0,0,0,0,0,0,0,0,0,0,0,0,0,0,0,0,0,0,0,0,0,0.167,0,0,0,0,0,0.308,0,0.222,0,0.702,0,0,0.18,0,0,0,0.233,0,0,0,0,0,0,0,0,0,0,0,0,0,0.551,0,0,0,0,0,0,0,0,0,0.163,0.999,0,0.999,0,0,0,0,0,0,0,0.901,0,0.166,0,0,0,0,0,0,0,0.334,0.29,0,0.361,0,0,0,0.193,0,0,0,0,0,0,0,0,0.939,0,0,0.96,0.19,0,0,0,0,0.9,0,0,0,0,0,0,0,0,0,0,0,0,0.171,0.203,0,0,0.27,0,0,0,0,0,0,0.92,0,0,0,0,0.612,0,0,0,0,0,0.387,0,0,0,0,0,0,0.176,0,0,0,0,0,0.995,0,0.459,0,0,0,0.207,0.228,0,0,0,0.19,0.33,0.262,0.776,0,0,0,0,0,0.15,0,0.995,0,0.202,0,0,0,0.264,0,0.262,0,0,0,0,0,0,0,0,0,0,0,0,0,0,0,0,0,0,0,0.279,0,0,0,0,0.157,0,0,0,0.922,0.358,0,0,0,0,0,0.262,0.194,0,0,0,0.905,0.165,0,0.187,0,0,0,0.161,0.373,0,0.231,0.182,0,0,0,0.151,0,0.186,0,0.229,0,0.226,0,0,0,0.19,0,0.164,0,0,0,0,0,0,0.194,0.4,0,0,0.998,0.872,0,0,0,0,0,0,0,0,0,0,0,0,0.184,0,0,0,0,0,0,0,0,0,0.902,0,0,0,0.575,0.362,0,0.526,0,0,0.178,0,0,0,0,0,0,0,0.962,0,0,0,0,0,0,0,0,0,0,0,0,0,0,0,0,0,0.285,0,0,0,0,0,0,0,0,0,0,0.507,0,0,0,0,0,0,0.342,0.343,0,0,0,0,0,0,0,0,0,0,0,0,0,0,0,0,0,0,0,0,0,0,0,0.184,0,0,0,0.393,0,0,0.228,0,0,0,0,0,0.265,0,0,0,0.388,0,0.994,0.275,0,0,0.673,0.161,0,0,0,0,0,0.529,0,0.228,0,0,0,0,0,0,0,0,0,0,0,0,0.152,0.364,0,0.945,0,0,0,0.927,0,0,0,0.383,0,0,0,0.309,0.169,0,0,0.999,0,0,0.37,0.9,0,0,0,0,0.211,0,0,0.245,0,0,0,0,0.175,0,0,0,0,0,0,0,0,0,0,0,0,0,0,0,0,0.202,0,0.182,0,0,0,0,0,0,0,0,0,0,0,0,0,0,0,0.455,0.3,0,0,0,0,0,0,0,0,0,0,0,0,0,0,0,0,0,0.275,0,0,0,0,0.387,0,0,0.387,0,0,0,0.195,0.319,0,0,0,0,0.308,0,0,0,0,0,0.356,0,0,0.506,0,0,0,0,0,0,0,0.219,0.186,0.219,0,0,0,0,0,0.519,0,0,0,0,0,0,0,0,0,0,0,0,0,0,0,0.571,0,0,0,0.163,0,0,0,0.216,0,0.536,0,0,0,0.179,0,0,0,0,0,0,0,0,0.339,0,0,0,0,0,0,0,0,0,0,0.373,0,0,0.163,0.228,0,0,0,0,0,0,0,0.191,0,0,0,0,0,0,0,0,0,0,0,0,0,0,0,0,0,0,0,0,0,0,0,0,0,0,0,0,0,0,0,0,0.179,0.162,0,0,0,0,0,0.161,0,0.159,0,0,0,0,0,0,0,0,0.98,0,0,0,0,0,0,0,0,0,0.72,0,0,0,0,0,0,0,0,0.315,0,0,0,0,0,0,0,0,0,0,0,0,0,0,0,0,0,0,0,0,0.256,0,0,0,0,0,0,0.359,0,0,0,0,0.338,0,0,0.9,0,0,0,0.855,0,0,0,0,0,0,0,0,0.19,0,0,0,0,0,0,0,0,0,0,0,0,0,0.308,0,0,0,0,0,0,0,0,0,0,0,0,0,0,0,0,0,0,0,0,0,0,0,0,0,0,0,0,0,0,0,0,0,0,0,0,0,0,0,0,0,0,0,0,0,0,0,0,0,0,0,0,0,0,0,0.177,0,0,0,0,0,0,0,0,0,0,0,0,0,0,0,0,0,0,0,0,0,0,0,0.224,0,0,0,0,0,0.926,0,0,0,0,0.9,0,0,0.232,0,0,0,0,0,0,0,0,0,0,0.22,0,0,0.3,0,0,0,0,0,0,0,0,0,0,0.245,0,0,0,0,0,0,0,0,0,0,0,0,0,0,0,0,0,0,0.154,0,0,0.22,0.276,0.27,0,0.227,0,0,0,0,0,0,0.226,0,0.9,0,0,0,0,0,0,0,0,0,0,0,0,0,0,0,0,0,0,0,0,0,0,0,0,0,0,0,0,0,0,0,0,0,0,0,0,0,0,0,0.9,0,0,0,0,0,0,0,0,0,0,0,0.407,0,0.332,0,0,0,0,0,0,0,0,0,0,0,0,0,0,0,0,0,0,0,0,0,0,0,0,0,0,0,0,0,0,0,0,0,0,0,0,0,0,0,0,0,0,0,0,0,0,0,0,0,0,0,0,0,0.545,0,0,0,0,0,0.926,0,0,0.229,0.173,0.545,0.545,0.994,0,0.297,0,0,0,0,0,0,0,0,0,0,0,0.914,0,0,0.221,0,0.305,0,0,0,0,0,0,0,0,0,0,0,0,0,0,0,0,0,0,0,0,0,0,0.163,0.161,0,0.155,0,0,0,0.231,0,0,0,0,0,0,0,0,0,0,0,0,0,0,0,0,0,0,0,0,0,0,0,0,0,0,0,0,0,0,0,0,0,0,0,0,0.405,0,0,0,0,0,0,0,0,0,0,0,0,0,0,0,0,0,0,0,0,0.927,0,0,0,0,0,0
850792,0,0,0,0,0,0,0.861,0,0,0,0,0,0,0,0,0,0,0,0,0,0,0,0,0,0,0,0,0,0,0,0,0,0,0,0,0,0,0,0,0,0,0,0,0,0,0,0,0,0,0,0,0,0,0,0,0,0,0,0,0,0,0,0,0,0,0,0,0,0,0,0,0,0,0,0,0,0,0,0,0,0,0,0,0,0,0,0,0,0,0,0,0,0,0,0,0,0,0,0,0,0,0,0,0,0,0,0,0,0,0,0,0,0,0,0,0,0,0,0,0,0,0,0,0,0,0,0,0,0,0,0.219,0,0,0,0,0,0,0,0,0,0,0,0,0,0,0,0,0,0,0,0,0,0,0,0,0,0,0,0,0,0,0,0,0,0,0,0,0,0,0,0,0,0,0,0,0,0.297,0,0,0,0,0,0,0,0,0,0,0,0,0,0,0,0,0,0,0,0,0,0,0,0,0,0,0,0,0,0,0,0,0,0,0,0,0,0,0,0,0,0.15,0,0,0,0,0,0,0,0,0,0,0,0,0,0,0,0,0,0,0,0,0,0,0,0,0,0,0,0,0,0,0,0,0,0,0,0,0,0,0,0,0.195,0,0,0,0,0,0,0,0,0,0,0,0,0,0,0,0,0,0,0,0,0,0,0,0,0,0,0,0,0,0,0,0.191,0,0,0,0,0,0,0,0,0,0,0,0,0,0,0,0,0,0,0,0,0,0.767,0,0,0,0,0.195,0,0,0,0,0,0,0,0,0,0,0,0,0,0,0,0,0,0.446,0,0,0,0,0,0,0,0,0,0,0,0,0,0,0,0,0,0.297,0,0,0.273,0,0,0,0,0,0,0,0,0,0,0,0,0,0,0,0,0,0,0,0.45,0,0,0,0,0,0,0,0,0,0,0,0,0,0,0,0,0,0,0,0,0,0,0,0,0,0,0,0,0,0,0,0,0,0,0,0,0,0,0,0,0,0,0,0,0,0,0,0,0,0,0,0,0,0,0.983,0,0,0,0,0,0,0,0,0,0,0,0,0,0,0,0,0.304,0,0,0,0,0,0,0,0,0,0,0,0,0,0,0,0.449,0,0,0.904,0,0,0,0,0,0,0,0,0,0,0,0,0,0,0,0,0,0,0,0.26,0,0,0,0,0,0,0,0,0,0,0,0,0,0,0,0,0.226,0,0,0,0,0,0,0,0,0,0,0,0,0,0,0,0,0,0,0,0,0,0,0,0,0,0,0,0,0,0.196,0,0,0,0,0,0,0,0,0,0,0,0,0,0,0,0,0,0,0,0,0,0,0,0,0,0,0,0,0,0,0,0,0,0,0,0,0,0,0,0,0,0,0,0,0,0,0,0,0,0,0,0,0,0,0,0,0,0,0,0,0,0,0,0,0,0,0,0,0,0,0,0,0,0,0,0,0,0,0,0,0,0,0,0,0,0,0,0,0,0,0,0,0,0,0,0,0,0,0,0,0,0,0,0,0,0,0,0,0,0,0,0,0,0,0,0,0,0,0,0,0,0,0,0,0,0,0,0,0,0,0,0.353,0,0,0,0,0.662,0,0,0,0,0,0,0,0,0,0,0,0,0,0,0,0,0.64,0,0,0,0,0,0,0,0,0,0,0,0,0,0,0,0,0,0,0,0,0,0,0.948,0,0,0,0,0,0,0,0,0,0,0,0.769,0,0,0,0,0,0,0,0,0,0,0,0,0,0,0,0,0,0,0,0,0,0,0,0,0,0,0,0,0,0,0,0,0,0,0,0,0,0,0,0,0,0,0,0,0.679,0,0,0,0,0,0,0,0,0,0,0,0,0,0,0.995,0,0,0,0,0,0,0,0,0,0,0,0,0,0,0,0,0,0,0,0,0,0.351,0,0,0,0,0,0,0,0,0,0,0,0,0,0,0,0,0,0,0,0,0,0,0,0,0,0,0,0,0,0,0,0,0,0,0,0,0.913,0,0,0,0,0,0,0,0,0,0,0,0,0,0,0,0,0,0,0,0,0,0,0,0,0,0,0,0,0,0,0,0,0,0,0,0,0,0,0,0,0,0,0,0,0,0,0,0,0,0,0,0,0,0,0,0,0,0,0,0,0,0,0,0,0,0,0,0,0,0,0,0,0,0,0,0,0,0,0,0,0,0,0,0,0,0,0,0,0,0,0,0,0,0,0,0,0,0,0,0,0,0,0,0,0,0,0,0,0,0,0,0,0,0,0,0,0,0,0,0,0,0,0,0,0,0,0,0,0,0,0,0,0,0,0,0,0,0,0,0,0,0,0,0,0,0,0,0,0,0,0,0,0,0,0,0,0,0,0,0,0,0,0,0,0,0,0,0,0,0,0,0,0,0,0,0,0,0,0,0,0,0,0,0,0,0,0,0,0,0,0,0,0,0,0,0.235,0,0,0,0.449,0,0,0,0,0,0,0,0,0,0,0,0,0,0,0,0,0,0,0,0,0,0,0,0,0,0,0,0,0,0,0,0.161,0,0,0,0,0,0,0,0,0,0,0,0,0,0,0,0,0,0.6,0,0,0,0,0,0,0,0,0,0,0,0,0,0,0,0,0,0,0,0,0,0,0,0,0,0,0,0,0,0.996,0,0.152,0,0,0,0,0,0,0.644,0,0,0,0,0,0,0,0,0,0,0,0,0,0,0,0,0,0,0,0,0,0,0,0,0,0,0,0,0,0,0,0,0,0,0,0,0,0,0,0,0,0,0,0,0,0,0,0,0,0,0,0,0,0,0,0,0,0,0,0,0,0,0,0,0,0,0,0,0,0,0,0,0,0,0,0.22,0,0,0,0,0.891,0,0,0,0,0,0,0,0,0,0,0,0,0,0,0,0,0,0,0,0.797,0,0,0,0,0,0,0,0,0,0,0,0,0,0,0,0,0,0,0,0,0,0,0,0,0.198,0,0,0,0,0,0,0,0,0,0,0,0,0,0,0,0,0,0,0,0,0,0,0,0,0,0,0,0,0,0,0,0,0,0,0.19,0.995,0,0,0,0,0,0,0.808,0,0,0,0,0,0,0,0,0,0,0,0,0,0,0,0,0,0,0,0,0,0,0,0,0,0,0,0,0,0,0,0,0,0,0,0,0,0,0,0,0.6,0,0,0,0,0,0,0,0,0,0.808,0,0,0,0,0,0,0,0,0,0,0,0,0.296,0,0,0,0,0,0.256,0,0,0.191,0.309,0,0,0,0,0,0.447,0,0,0,0,0,0,0,0,0,0,0,0,0,0,0,0.192,0,0,0.3,0.996,0,0,0,0,0,0,0,0,0,0,0,0,0,0,0,0.256,0,0,0,0,0,0,0,0,0,0,0,0,0,0,0,0,0,0,0,0,0,0,0,0,0,0,0,0.994,0,0,0,0,0,0,0,0,0,0,0,0,0,0,0,0,0,0,0,0,0,0,0,0,0,0,0,0,0,0,0,0,0,0,0,0,0,0,0,0,0,0,0,0,0,0,0,0,0,0,0,0,0.92,0,0,0,0,0,0.377,0,0,0,0,0,0,0,0,0,0,0,0,0,0,0,0,0,0,0,0,0,0,0,0,0,0,0,0,0,0,0,0,0.9,0,0,0,0,0,0,0,0,0,0,0,0,0,0,0,0,0,0,0,0,0,0,0,0,0,0,0,0,0,0,0,0,0,0.378,0,0,0,0,0,0,0,0,0,0,0,0,0,0,0,0,0,0,0,0,0,0,0,0,0,0,0,0,0,0,0,0,0,0,0,0,0,0,0,0,0,0,0,0,0,0,0,0,0,0,0,0,0,0,0,0,0,0,0,0,0,0,0,0,0,0.193,0,0.159,0,0,0,0,0,0,0.169,0,0,0,0,0,0,0,0,0.226,0,0,0,0,0,0,0,0.173,0,0,0,0,0,0,0,0,0,0,0,0,0,0,0,0,0,0.258,0,0,0,0,0,0,0,0,0,0,0,0,0,0,0,0,0,0,0,0,0,0,0,0,0,0,0,0,0,0,0,0,0,0,0,0,0,0,0,0,0,0,0,0,0,0,0,0,0,0,0,0,0,0,0,0,0,0,0,0,0,0,0,0,0.21,0,0,0,0.356,0,0,0,0,0,0,0,0,0,0,0,0,0,0,0,0,0,0,0,0,0,0,0,0,0,0,0,0,0,0,0,0,0,0,0,0,0,0,0,0,0,0,0,0,0,0.192,0,0,0,0,0,0,0,0,0,0,0,0,0,0,0,0,0,0,0,0,0,0,0,0,0,0,0,0,0,0,0,0,0,0,0,0,0,0,0,0,0,0,0,0,0,0,0,0,0,0,0,0,0,0,0,0,0,0,0,0,0,0.191,0,0,0,0,0,0,0,0,0,0,0,0,0,0,0,0,0,0,0,0,0,0,0,0,0,0,0,0,0,0,0,0,0,0,0,0,0,0,0,0,0,0,0,0,0,0,0,0,0,0,0.167,0,0,0,0,0,0,0,0,0,0,0,0,0,0.276,0,0,0,0,0,0,0,0,0,0,0,0,0,0,0,0,0,0,0,0,0,0,0,0,0,0,0,0,0,0,0,0,0,0,0,0,0,0,0,0,0,0,0,0,0,0,0,0,0,0,0,0,0,0,0,0,0,0,0,0,0,0,0,0,0,0,0,0,0,0,0,0,0,0,0,0,0,0,0,0,0,0,0,0,0,0,0,0,0,0,0,0,0,0,0,0,0,0,0,0,0,0,0,0,0,0,0,0,0,0,0,0,0,0,0,0,0,0,0,0,0,0,0,0,0,0,0,0,0,0,0,0,0,0,0,0,0,0,0,0,0,0,0,0,0,0,0,0,0,0,0,0,0,0,0,0,0,0,0.376,0,0,0,0,0,0,0,0,0,0,0,0,0.22,0,0,0,0,0,0,0,0,0,0,0,0,0,0,0,0,0,0,0,0,0,0,0,0.287,0,0,0,0,0,0,0,0,0,0,0,0.309,0,0,0,0,0,0,0,0,0,0,0,0,0,0,0,0,0,0,0,0,0,0,0,0,0,0,0,0,0,0,0,0,0,0,0,0,0,0,0,0,0,0,0,0,0,0,0,0,0.229,0,0,0,0,0,0,0,0,0,0,0,0,0,0,0,0,0,0,0,0,0,0,0,0,0,0,0,0,0,0,0,0,0,0,0,0,0,0,0.9,0,0,0,0,0.339,0,0,0,0,0,0,0,0,0,0,0,0,0,0,0,0,0,0.276,0,0,0,0,0,0,0,0,0,0,0,0,0,0,0,0,0,0,0,0,0,0,0,0,0,0,0,0,0,0,0,0,0,0,0,0,0,0,0,0,0,0,0,0,0,0,0,0,0.231,0,0,0,0,0,0,0,0,0,0,0,0,0,0,0,0,0,0,0,0,0,0,0,0,0,0.192,0,0,0,0,0,0,0,0,0,0,0,0,0,0,0,0,0,0,0,0,0,0,0,0,0,0,0,0,0,0,0,0,0,0,0,0,0,0,0,0,0,0.228,0,0,0,0,0,0,0,0,0,0,0.224,0,0,0,0,0,0,0,0,0,0,0,0,0.161,0,0.332,0,0,0,0,0,0,0,0,0,0,0,0,0,0,0.223,0,0,0.194,0,0,0,0,0,0,0,0,0,0,0,0,0,0,0.195,0,0,0,0,0,0,0,0,0,0.239,0,0,0,0,0,0,0,0,0,0,0,0,0,0,0,0,0,0.196,0,0,0,0,0,0,0,0,0,0,0,0,0,0,0,0,0,0,0,0,0,0,0,0,0,0,0,0,0,0,0,0,0,0,0,0,0,0,0,0,0,0,0,0,0,0,0.22,0,0.294,0,0,0,0,0,0,0,0,0,0,0,0,0,0,0,0,0,0,0,0,0,0,0,0,0,0,0,0,0,0,0,0,0,0,0.274,0,0,0,0,0.163,0,0,0,0,0,0,0,0,0,0,0,0,0,0,0,0,0,0,0.26,0,0,0,0,0,0,0,0,0,0,0.167,0,0,0,0,0,0,0,0,0.15,0,0,0,0,0,0,0,0,0,0,0,0,0,0,0,0,0,0,0.234,0,0,0,0,0,0,0,0,0,0,0,0,0,0,0,0,0,0,0,0.22,0,0,0,0,0,0,0,0,0,0,0,0,0,0.227,0,0,0,0,0.334,0,0,0,0,0,0.29,0,0,0,0,0,0,0,0,0,0,0,0.19,0,0,0,0,0,0,0,0,0,0,0,0,0,0,0,0,0,0,0,0,0,0,0,0,0.476,0,0.192,0,0,0,0,0,0,0,0,0,0,0,0,0,0.238,0,0,0,0,0,0,0,0,0,0,0,0,0,0,0,0,0,0,0,0,0,0,0,0,0,0,0,0,0,0,0,0,0,0,0,0,0,0,0,0,0,0,0,0,0,0,0,0,0,0,0,0,0,0,0,0,0,0,0,0,0,0,0,0,0,0,0,0.315,0,0,0,0,0,0,0,0,0,0,0,0,0,0,0,0,0,0,0,0,0,0,0,0,0,0,0,0,0,0,0,0,0,0,0,0,0,0,0,0,0,0,0,0,0,0,0,0,0,0,0,0,0,0,0,0,0,0,0,0,0,0,0,0,0,0,0,0,0,0,0,0,0.196,0,0,0,0,0,0,0,0,0,0,0,0,0,0,0,0,0,0,0,0,0,0,0,0,0,0,0,0,0,0,0,0,0,0,0,0,0,0,0,0,0,0,0,0,0,0,0,0,0,0,0,0,0,0,0,0,0,0,0,0,0,0,0,0,0,0,0,0,0,0,0,0,0,0,0,0,0,0,0,0,0,0,0,0,0,0.171,0,0,0,0,0,0,0,0,0,0,0,0,0,0,0,0,0,0,0,0,0,0,0,0,0,0,0,0,0,0,0,0,0,0,0,0,0,0,0,0,0,0,0,0,0,0,0,0,0,0,0,0,0,0,0,0,0,0,0,0,0,0,0,0.349,0,0.311,0,0,0.9,0,0,0,0,0,0,0,0,0,0,0,0,0,0,0,0,0,0,0,0,0,0,0,0,0,0,0,0,0,0,0,0,0,0,0,0,0,0,0,0,0,0,0,0,0,0,0,0,0,0,0,0,0,0,0,0,0,0,0,0,0,0,0,0,0,0,0,0,0,0,0,0,0,0,0,0,0,0,0,0,0.302,0,0,0,0,0,0,0,0,0,0,0,0,0,0,0,0,0,0,0,0,0,0,0,0,0,0,0,0,0,0,0,0,0,0,0,0,0,0,0,0,0,0,0.372,0,0,0,0,0,0,0,0,0,0,0,0,0,0,0,0,0,0,0,0,0,0,0,0,0,0,0,0,0,0,0,0,0,0,0,0,0,0,0,0,0,0,0,0,0,0,0,0,0,0,0,0,0,0,0,0,0,0,0,0,0,0,0,0,0,0,0,0,0,0,0,0,0,0,0,0,0,0,0,0,0,0,0,0,0,0,0,0,0,0,0,0.22,0,0,0,0,0,0,0,0,0,0,0,0,0,0,0,0,0,0,0,0,0,0,0,0,0,0,0,0,0,0,0,0,0,0,0,0,0,0,0,0,0,0,0,0,0,0,0,0,0,0,0,0,0,0,0,0,0,0,0,0,0,0,0,0,0,0,0,0,0,0,0,0,0,0,0,0,0,0,0,0,0,0,0,0,0,0,0,0,0,0,0,0,0,0,0,0,0,0,0,0,0,0,0,0,0,0,0,0,0,0,0,0,0,0,0,0,0,0,0,0,0.171,0,0,0,0,0,0,0,0,0,0,0,0,0,0,0,0,0,0,0,0,0,0,0,0,0,0,0,0,0,0,0,0,0.256,0,0,0,0,0,0,0,0,0,0,0,0,0,0,0,0,0,0,0,0,0,0,0,0,0,0,0,0,0,0,0,0,0,0,0,0,0,0,0,0,0,0,0,0,0,0,0,0,0,0,0,0,0,0,0,0,0,0,0.272,0,0,0,0,0,0,0,0,0,0,0,0,0,0,0,0,0,0,0,0,0,0,0,0,0,0,0,0,0,0,0,0,0,0,0,0,0,0,0,0,0,0,0,0,0,0,0,0,0,0,0,0,0,0,0,0,0,0,0,0,0,0,0,0,0,0,0,0,0,0,0,0,0,0,0,0.309,0,0,0,0,0,0,0,0,0,0,0,0,0,0,0,0,0,0,0,0,0,0,0,0,0,0,0,0,0,0,0,0,0,0,0,0,0,0,0,0,0,0,0.23,0,0,0,0,0,0,0,0,0,0,0,0,0,0,0,0,0,0,0.252,0,0,0,0,0,0,0,0,0,0,0,0,0,0,0,0,0,0,0,0,0,0,0,0,0,0,0,0,0,0,0,0,0,0,0,0,0,0,0,0,0,0,0,0,0,0,0,0,0,0,0,0,0,0.436,0,0,0,0,0,0,0,0,0.987,0,0,0,0,0,0,0,0,0,0,0,0,0,0,0,0,0,0,0,0,0,0,0,0,0,0,0,0,0,0,0,0,0,0,0,0,0,0,0,0,0,0,0,0,0,0,0,0,0,0,0,0,0,0,0,0,0,0,0,0,0,0,0.396,0,0,0,0,0,0,0,0,0,0,0,0,0,0,0,0,0,0,0,0,0,0,0,0,0,0,0,0,0,0,0,0,0,0,0,0,0,0,0,0,0,0,0,0,0,0,0,0,0,0,0,0,0,0.167,0,0,0,0,0,0,0,0,0,0,0,0,0,0,0.192,0,0,0,0,0,0,0,0,0,0,0,0,0,0,0,0,0,0,0,0,0,0,0,0,0,0,0,0,0,0,0,0,0,0,0,0,0.19,0,0,0,0,0,0,0,0,0,0,0,0,0,0,0,0,0,0,0,0,0,0,0,0,0,0,0,0,0,0,0,0,0,0,0,0,0,0,0,0,0,0,0,0,0,0,0,0,0,0,0,0,0,0,0,0,0,0,0,0,0,0,0,0,0,0,0,0,0,0,0,0,0,0,0,0,0,0,0,0,0,0,0,0,0,0,0,0,0,0,0,0,0,0,0,0,0,0,0,0,0,0,0,0,0,0,0,0,0,0,0,0,0,0,0,0,0,0,0,0,0,0,0,0,0,0,0,0,0,0,0,0,0,0,0,0.216,0.191,0,0,0,0,0,0,0,0,0,0,0,0,0.994,0.354,0,0,0,0.378,0,0,0.229,0.274,0,0.445,0,0,0.39,0.357,0,0.357,0.306,0.197,0,0.353,0.33,0,0.151,0,0,0,0,0,0,0,0,0,0,0,0,0,0,0,0,0,0,0,0,0,0,0,0,0,0,0,0,0.165,0,0,0,0,0,0,0,0.276,0.229,0,0,0,0,0,0,0,0,0,0,0,0,0,0,0,0,0,0,0.625,0,0,0,0,0,0,0,0,0,0,0,0,0,0,0,0,0,0,0,0,0,0,0,0,0,0,0,0,0.296,0,0,0,0,0,0,0,0,0,0,0,0,0,0,0.995,0,0,0,0,0,0,0,0,0,0,0,0.997,0,0,0,0,0,0,0,0,0,0,0,0,0,0,0,0,0,0.24,0,0,0,0,0,0,0,0,0,0,0,0,0,0,0,0,0,0,0,0,0,0,0,0,0,0,0,0,0,0.9,0,0,0,0,0,0,0,0,0,0,0,0,0,0,0,0,0,0,0,0,0,0,0,0,0,0.26,0,0,0,0,0,0,0,0,0,0,0,0,0,0,0,0,0,0,0,0,0,0,0,0,0,0,0,0,0,0,0,0,0,0,0,0,0,0,0,0,0,0,0,0,0,0,0,0,0,0,0,0,0,0,0,0,0,0,0,0,0,0,0,0,0,0,0,0.161,0,0,0,0,0,0,0,0,0,0,0,0,0,0,0,0,0,0,0,0,0,0,0,0,0,0,0,0,0,0,0,0,0,0,0,0,0,0,0,0,0,0,0,0,0,0,0,0,0,0,0,0,0,0,0,0,0,0,1
851762,0,0,0,0,0,0,0,0,0,0,0,0,0,0,0,0,0,0,0,0,0,0,0,0,0,0,0,0,0,0,0,0,0,0,0,0,0,0,0,0,0,0,0,0,0,0,0,0,0,0,0.888,0,0,0,0,0,0,0,0,0,0,0.9,0,0,0,0,0,0,0,0,0.901,0,0,0,0,0,0,0,0,0,0,0,0,0,0,0,0.288,0,0,0,0,0,0,0,0,0,0,0,0,0,0,0,0,0,0,0,0,0,0,0,0,0,0,0,0,0,0,0,0,0,0,0,0,0,0,0,0,0,0,0,0,0,0,0,0,0,0,0,0,0,0,0,0,0,0,0,0,0,0,0,0,0,0,0,0,0,0,0,0,0,0,0,0,0,0,0,0,0,0,0,0,0,0,0,0,0,0.252,0,0,0,0,0,0,0,0,0,0,0,0,0,0,0,0,0,0,0,0,0,0,0,0,0.329,0.276,0,0,0,0,0,0,0,0,0,0,0,0,0,0,0,0,0,0,0,0,0,0,0,0,0,0,0,0,0,0,0,0,0.394,0,0,0,0,0,0,0,0,0,0,0,0,0,0,0,0,0,0,0,0,0.999,0,0,0,0,0,0,0,0,0,0,0,0,0,0,0,0,0,0,0,0,0,0,0,0,0,0,0,0,0,0,0,0.309,0,0,0,0,0,0,0,0,0,0,0,0,0,0,0,0,0,0,0,0,0,0,0,0,0,0,0,0,0,0,0,0,0,0,0,0,0,0,0,0,0,0,0,0,0,0,0,0,0,0.183,0,0,0,0,0,0,0,0.394,0,0,0,0,0,0,0,0,0,0,0,0,0,0,0,0,0,0,0,0,0,0,0,0,0,0,0,0,0,0,0,0,0,0.832,0,0,0,0,0,0,0,0,0,0,0,0,0,0,0,0,0,0,0,0,0,0.497,0,0,0,0,0,0,0,0,0,0,0,0,0,0,0,0,0.68,0,0,0,0,0,0,0,0,0,0,0,0,0,0,0,0,0,0.308,0,0,0,0,0,0,0,0,0,0,0,0,0,0,0,0,0,0,0,0,0,0,0,0,0,0,0.156,0,0,0,0,0,0,0,0,0,0,0,0,0,0,0,0,0,0,0,0,0,0,0,0,0,0,0,0,0,0,0,0,0.173,0,0,0,0,0,0,0,0,0,0,0,0,0,0,0,0,0,0,0,0,0,0,0,0,0,0,0,0,0,0,0.379,0,0,0.333,0,0,0,0,0,0,0,0,0,0,0,0,0,0,0,0,0,0,0,0,0,0,0,0,0,0,0,0,0,0,0,0,0,0,0,0,0,0,0,0.904,0,0,0,0,0,0,0,0,0,0,0,0,0,0,0,0,0,0,0,0,0,0,0,0,0,0,0,0,0,0,0,0.288,0,0,0,0,0,0,0,0,0,0,0,0,0,0,0,0,0,0,0,0,0,0,0,0,0,0,0,0,0,0,0,0,0,0,0,0,0,0,0,0,0,0,0,0,0,0,0,0,0,0,0,0,0,0,0,0,0,0,0,0,0,0,0,0,0,0,0,0.9,0,0,0,0,0,0,0,0,0,0,0,0,0,0,0,0,0,0,0,0,0,0,0,0,0,0,0,0,0,0,0,0,0,0,0,0,0,0,0,0,0,0,0,0,0,0,0,0,0,0,0,0,0,0,0,0,0,0,0,0,0,0,0,0,0,0,0,0,0,0,0,0,0,0,0,0,0,0,0,0,0,0,0,0,0,0,0,0.779,0,0,0,0,0,0,0,0,0,0,0,0,0,0,0,0,0,0,0,0,0,0,0,0,0,0,0,0,0,0,0,0,0,0.171,0,0,0,0,0,0,0,0,0,0,0,0,0,0,0,0,0,0,0,0,0,0,0,0.309,0,0,0,0,0,0,0,0,0,0,0,0,0,0,0,0,0,0,0,0,0,0,0,0,0,0,0,0,0,0,0,0,0,0,0,0,0,0,0,0,0,0,0,0,0,0,0,0,0,0,0,0,0,0,0,0,0,0,0,0,0,0,0,0,0,0,0,0,0,0,0,0,0,0,0,0,0,0,0,0,0,0,0,0,0,0,0,0,0.19,0,0,0,0,0,0,0,0,0,0,0,0,0,0,0,0,0,0,0.307,0,0,0,0,0,0,0,0,0,0,0,0,0,0,0,0,0,0,0,0,0.9,0,0,0,0,0,0,0,0,0,0.513,0,0,0,0,0,0,0,0,0,0,0,0,0,0,0,0,0,0,0,0,0,0,0,0,0,0,0,0,0,0,0,0,0,0,0,0,0,0,0,0,0,0,0,0,0,0,0,0,0,0,0,0,0,0,0,0,0,0,0,0,0,0,0,0,0,0,0,0,0,0.305,0,0,0,0,0,0,0,0,0,0,0,0.54,0,0,0,0,0,0,0,0,0,0,0,0,0,0,0,0,0,0,0,0,0,0,0,0,0,0,0,0,0,0,0,0,0,0,0,0,0,0,0,0,0,0,0,0.9,0,0,0,0,0,0,0,0,0,0,0,0,0,0,0,0,0,0,0,0,0,0,0,0,0,0,0,0,0,0,0,0,0,0,0,0,0,0,0,0,0,0,0,0,0,0,0,0,0,0,0,0,0,0,0,0,0,0,0,0,0,0,0,0,0,0,0,0,0,0,0.387,0,0,0,0,0,0,0,0,0,0,0,0,0,0,0,0,0,0,0,0,0,0,0,0,0,0,0,0,0,0,0,0.9,0,0,0,0,0,0,0,0,0,0.732,0,0,0,0,0,0,0,0,0,0,0,0,0,0,0,0,0,0,0,0,0,0,0,0,0,0,0,0,0,0,0,0,0,0.907,0,0,0,0,0,0,0,0,0,0,0,0,0,0,0,0,0,0,0,0,0,0,0,0,0,0,0,0,0,0,0,0,0,0,0,0,0,0,0,0,0,0,0,0,0.229,0,0,0,0,0,0,0,0,0,0.296,0,0,0,0,0,0,0,0,0,0,0,0,0,0.908,0,0,0,0,0,0,0,0,0,0,0,0,0,0,0,0,0,0,0,0,0,0,0,0,0,0,0,0,0,0,0,0,0,0,0.904,0,0,0,0,0,0,0,0,0,0,0,0,0,0,0,0,0,0,0,0,0,0,0,0,0,0,0,0,0,0,0,0,0,0,0,0,0,0,0,0,0,0,0,0,0,0,0,0,0,0,0,0,0,0,0,0,0,0,0,0,0,0,0,0,0,0,0,0,0,0,0,0,0,0,0,0,0,0,0,0,0,0,0,0.444,0,0,0,0,0,0,0,0,0,0,0,0.699,0.906,0.329,0,0,0,0,0,0,0,0,0,0.203,0,0,0,0,0,0,0,0,0,0.901,0,0,0,0,0,0,0,0.9,0.997,0,0,0,0,0,0,0,0,0,0,0,0,0,0,0,0,0,0,0,0,0,0,0,0,0,0.187,0,0,0,0,0,0,0,0,0,0,0,0,0,0,0,0,0,0,0,0,0,0,0.54,0,0,0,0,0,0,0,0,0,0,0,0,0,0,0,0,0,0.9,0,0,0,0,0,0,0,0,0,0,0,0,0,0,0,0,0.34,0,0,0,0,0,0,0,0,0,0,0,0,0,0,0,0,0,0,0,0,0,0,0,0,0,0,0,0,0,0,0,0,0,0,0,0,0,0,0,0,0,0,0,0,0,0,0,0,0,0,0,0,0,0,0,0,0,0,0,0,0,0,0,0,0,0,0,0,0,0,0,0,0,0,0,0,0,0,0,0,0,0,0,0,0,0,0,0,0,0,0,0,0,0,0,0,0,0,0,0,0,0,0,0,0.296,0,0,0,0,0,0,0,0,0,0,0,0,0,0,0,0,0,0,0,0,0,0,0,0,0,0,0,0,0,0,0,0,0,0,0,0,0,0,0,0,0,0,0,0,0,0,0,0,0,0,0,0,0,0,0,0,0,0,0,0,0,0,0,0,0,0.9,0,0,0,0,0,0,0,0,0,0,0,0,0,0,0,0,0,0,0,0,0,0,0,0,0,0,0,0,0,0,0,0,0,0,0,0,0,0,0,0,0,0,0,0,0,0,0,0,0,0,0,0,0,0,0,0,0,0,0,0,0,0,0,0,0,0,0,0,0,0,0,0,0,0,0,0,0,0,0,0,0,0,0,0,0,0,0,0,0,0,0,0,0,0,0,0,0,0,0,0,0,0,0,0,0,0,0,0,0,0,0,0,0,0,0,0,0,0,0,0,0,0,0,0,0,0,0,0,0,0,0,0,0,0,0,0,0,0,0,0,0,0,0,0,0,0,0,0,0,0,0,0,0,0,0,0,0,0,0,0,0,0,0,0,0,0,0,0,0,0,0,0,0,0,0,0,0,0,0,0,0,0,0,0,0,0,0,0,0,0,0,0,0,0.72,0,0,0,0,0,0,0,0,0,0,0,0,0,0,0,0,0,0,0,0,0,0,0,0,0,0,0,0,0,0,0,0,0,0,0,0,0,0,0,0,0,0,0,0,0,0,0,0,0,0,0,0,0,0,0,0,0,0,0,0,0,0,0,0,0,0,0,0,0,0,0,0,0,0,0,0,0,0,0,0,0,0,0,0,0,0,0,0,0,0,0,0,0,0,0,0,0,0,0,0,0,0,0,0,0,0,0,0,0,0,0,0,0,0,0,0,0,0,0,0,0,0,0,0,0,0,0,0,0,0,0,0,0,0,0,0,0,0,0,0,0,0,0,0,0,0,0,0,0,0,0,0,0,0,0,0,0,0,0,0,0,0,0,0,0,0,0,0,0,0,0,0,0,0,0,0,0,0,0,0,0,0,0,0,0,0,0,0,0,0,0,0,0,0,0,0,0,0,0,0,0.904,0,0,0,0,0,0,0,0,0,0,0,0,0,0,0,0,0,0,0,0,0,0,0,0,0,0,0,0,0,0,0,0,0,0,0,0,0,0,0,0,0,0,0,0,0,0,0,0,0,0,0,0,0,0,0,0,0,0,0,0,0,0,0,0,0,0,0,0,0,0,0,0,0,0,0,0,0,0,0,0,0,0,0,0,0,0,0,0,0,0,0,0,0,0,0,0,0,0,0,0,0,0,0,0,0,0,0,0,0,0,0,0,0,0,0,0,0,0,0,0,0,0,0,0,0,0,0,0,0,0,0,0,0,0,0,0,0,0,0,0,0,0,0,0,0,0,0,0,0,0,0,0,0,0,0,0,0,0,0,0,0,0,0,0,0,0,0,0,0,0,0,0,0,0,0,0,0,0,0,0,0,0,0,0,0,0,0,0,0,0,0,0,0,0,0,0,0,0,0,0,0,0,0,0,0,0,0,0,0,0,0,0,0,0,0,0,0,0,0,0,0,0,0,0,0,0,0,0,0,0,0,0,0,0,0,0,0,0,0,0,0,0,0,0,0,0,0,0,0,0,0,0,0,0,0,0,0,0,0,0,0,0,0,0,0,0,0,0,0,0,0,0,0,0,0,0,0,0,0,0,0,0,0,0,0,0,0,0,0,0,0,0,0,0,0,0,0,0,0,0,0,0,0,0,0,0,0,0,0,0,0,0,0,0,0,0,0,0,0,0,0,0,0,0,0,0,0,0,0,0,0,0,0,0,0,0,0,0,0,0,0,0,0,0,0,0,0,0,0,0,0,0,0,0,0,0,0,0,0,0,0,0,0,0,0,0,0,0,0,0,0,0,0,0,0,0,0,0,0,0,0,0,0,0,0,0,0,0,0,0,0,0,0,0,0,0,0,0,0,0,0,0,0,0,0,0,0,0,0,0,0,0,0,0,0,0,0,0,0,0,0,0,0,0,0,0,0,0,0,0,0,0,0,0,0,0,0,0,0,0,0,0,0.514,0,0,0,0,0,0,0,0,0,0,0,0,0,0,0,0,0,0,0,0,0,0,0,0,0,0,0,0,0,0,0,0,0,0,0,0,0,0,0,0,0,0,0,0,0,0,0,0,0,0,0,0,0,0,0,0,0,0,0,0,0,0,0,0,0,0,0,0,0,0,0,0.497,0,0,0,0,0,0,0,0,0,0,0,0,0,0,0,0,0,0,0,0,0,0,0,0,0,0,0,0,0,0,0,0,0,0,0,0,0,0,0,0,0,0,0,0,0,0,0,0,0,0,0.313,0,0,0,0,0,0,0,0,0,0,0,0,0,0,0,0,0,0,0,0,0,0,0,0,0,0,0,0,0,0,0,0,0,0,0,0,0,0,0,0,0,0,0,0,0,0,0,0,0,0,0,0,0,0,0,0,0,0,0,0,0,0,0,0,0,0,0,0,0,0,0,0,0,0,0,0,0,0,0,0,0,0,0,0,0,0,0,0,0,0,0,0,0,0,0,0,0,0,0,0,0,0,0,0,0,0,0,0,0,0,0,0,0,0,0,0,0,0,0,0,0,0,0,0,0,0,0,0,0,0,0,0,0,0,0,0,0,0,0,0,0,0,0,0,0,0,0,0,0,0,0,0,0,0,0,0,0,0,0,0,0,0,0,0,0,0,0,0,0,0,0,0,0,0,0,0,0,0,0,0,0,0,0,0,0,0,0,0,0,0,0,0,0,0,0,0,0,0,0,0,0,0,0,0,0,0,0,0,0,0,0,0,0,0,0,0,0,0,0,0,0,0,0,0,0,0,0,0,0,0,0,0,0,0,0,0,0,0,0,0,0,0,0,0,0,0,0,0,0,0,0,0,0,0,0,0,0,0,0,0,0,0,0,0,0,0,0,0,0,0,0,0,0,0,0,0,0,0,0,0,0,0,0,0,0,0,0,0,0,0,0,0,0,0,0,0,0,0,0,0,0,0,0,0,0,0,0,0,0,0,0,0,0,0,0,0,0,0,0,0,0,0,0,0,0,0,0,0,0,0,0,0,0,0,0,0,0,0,0,0,0,0,0,0,0,0,0,0,0,0,0,0,0,0,0,0,0,0,0,0,0,0,0,0,0,0,0,0,0,0,0,0,0,0,0,0,0,0,0,0,0,0,0,0,0,0,0,0,0,0,0,0,0,0,0,0,0,0,0,0,0,0,0,0,0,0,0,0,0,0,0,0,0,0,0,0,0,0,0,0,0,0,0,0,0,0,0,0,0,0,0,0,0,0,0,0,0,0,0,0,0,0,0,0,0,0,0,0,0,0,0,0,0,0,0,0,0,0,0,0,0,0,0,0,0,0,0,0,0,0,0,0,0,0,0,0,0,0,0,0,0,0,0,0,0,0,0,0,0,0,0,0,0,0,0,0,0,0,0,0,0,0,0,0,0,0,0,0,0,0,0,0,0,0,0,0,0,0,0,0,0,0,0,0,0,0,0,0,0,0,0,0,0,0,0,0,0,0,0,0,0,0,0,0,0,0,0,0,0,0,0,0,0,0,0,0,0,0,0,0,0,0,0,0,0,0,0,0,0,0,0,0,0,0,0,0,0,0,0,0,0,0,0,0,0,0,0,0,0,0,0,0,0,0,0,0,0,0,0,0,0,0,0,0,0,0,0,0,0,0,0,0,0,0,0,0,0,0,0,0,0,0,0,0,0,0,0,0,0,0,0,0,0,0,0,0,0,0,0,0,0,0,0,0,0,0,0,0,0,0,0,0,0,0,0,0,0,0,0,0,0,0,0,0,0,0,0,0,0,0,0,0,0,0,0,0,0,0,0,0,0,0,0,0,0,0,0,0,0,0,0,0,0,0,0,0,0,0,0,0,0,0,0,0,0,0,0,0,0,0,0,0,0,0,0,0,0,0,0,0,0,0,0,0,0,0,0,0,0,0,0,0,0,0,0,0,0,0,0,0,0,0,0,0,0,0,0,0,0,0,0,0,0,0,0,0,0,0,0,0,0,0,0,0,0,0,0,0,0,0,0,0,0,0,0,0,0,0,0,0,0,0,0,0,0,0,0,0,0,0,0,0,0,0.94,0,0,0,0,0,0,0,0,0,0,0,0,0,0,0,0,0,0,0,0,0,0,0,0,0,0,0,0,0,0,0,0,0,0,0,0,0,0,0,0,0,0,0,0,0,0,0,0,0,0,0,0,0,0,0,0,0,0,0,0,0,0,0,0,0,0,0,0,0,0,0,0,0,0,0,0,0,0,0,0,0,0,0,0,0,0,0,0,0,0,0,0,0,0,0,0,0,0,0,0,0,0,0,0,0,0,0,0,0,0,0,0,0,0,0,0,0,0,0,0,0,0,0,0,0,0,0,0,0,0,0,0,0,0,0,0,0,0,0,0,0,0,0,0,0,0,0,0,0,0,0,0,0,0,0,0,0,0,0,0,0,0,0,0,0,0,0,0,0,0,0,0,0,0,0,0,0,0,0,0,0,0,0,0,0,0,0,0,0,0,0,0,0,0,0,0,0,0,0,0,0,0,0,0,0,0,0,0,0,0,0,0,0,0,0,0,0,0,0,0,0,0,0,0,0,0,0,0,0,0,0,0,0,0,0,0,0,0,0,0,0,0,0,0,0,0,0,0,0,0,0,0,0,0,0,0,0,0,0,0,0,0,0,0,0,0,0,0,0,0,0,0,0,0,0,0,0,0,0,0,0,0,0,0,0,0,0,0,0,0,0,0,0,0,0.615,0,0,0,0,0,0,0,0,0,0,0,0,0,0,0,0,0,0,0,0,0,0,0,0,0,0,0,0,0,0,0,0,0,0,0,0,0,0,0,0,0,0,0,0,0,0,0,0,0,0,0,0,0,0,0,0,0,0,0,0,0,0,0,0,0,0,0,0,0,0,0,0,0,0,0,0,0,0,0,0,0,0,0,0,0,0,0,0,0,0,0,0,0,0,0,0,0,0,0,0,0,0,0,0,0,0,0,0,0,0,0,0,0,0,0,0,0,0,0,0,0,0,0,0,0,0,0,0,0,0,0,0,0,0,0,0,0,0,0,0,0,0,0,0,0,0,0,0,0,0,0,0,0,0,0,0,0,0,0,0,0,0,0,0,0,0,0,0,0,0,0,0,0,0,0,0,0,0,0,0,0,0,0,0,0,0,0,0,0,0,0,0,0,0,0,0,0,0,0,0,0,0,0,0,0,0,0,0,0,0,0,0,0,0,0,0,0,0,0,0,0,0,0,0,0,0,0,0,0,0,0,0,0,0,0,0,0,0,0,0,0,0,0,0,0,0,0,0,0,0,0,0,0,0,0,0,0,0,0,0,0,0,0,0,0,0,0,0,0,0,0,0,0,0,0,0,0,0,0,0,0,0,0,0,0,0,0,0,0,0,0,0,0,0,0,0,0,0,0,0,0,0,0,0,0,0,0,0,0,0,0,0,0,0,0,0,0,0,0,0,0,0,0,0,0,0,0,0,0,0,0,0,0,0.483,0,0,0,0,0.271,0,0,0,0,0,0,0,0,0,0,0,0,0,0,0,0,0,0,0,0,0,0,0,0,0,0,0,0,0,0,0,0,0,0,0,0,0,0,0,0,0,0,0,0,0,0,0,0,0,0,0,0,0,0,0,0,0,0,0,0,0,0,0,0,0,0,0,0,0,0,0,0,0,0,0,0,0,0,0,0,0,0,0,0,0,0,0,0.192,0,0,0,0,0,0,0,0,0,0,0,0,0,0,0,0,0,0,0,0,0,0,0,0,0,0,0,0,0,0,0,0,0,0,0,0,0,0,0,0,0,0,0,0,0,0,0,0,0,0,0,0,0,0,0,0,0,0,0,0,0,0,0,0,0,0,0,0,0,0,0,0,0,0,0,0,0,0,0,0,0,0
850551,0,0,0,0,0,0,0.368,0,0,0,0,0,0,0,0,0,0,0,0,0,0,0,0,0,0,0,0,0,0,0,0,0,0,0,0,0,0,0,0,0,0,0,0,0,0,0,0,0,0,0,0,0,0,0,0,0,0,0,0,0,0,0,0,0,0,0,0,0,0,0,0.447,0,0,0,0.355,0,0,0,0,0,0,0,0,0,0,0,0,0,0,0,0,0,0,0,0,0.284,0,0,0,0,0,0,0,0,0,0,0,0,0,0,0,0,0,0,0,0,0,0,0,0.174,0,0,0.15,0,0,0,0,0.945,0,0,0,0,0,0,0,0,0,0,0,0,0,0.986,0,0,0,0,0,0,0,0,0,0,0,0,0,0,0,0,0,0,0,0,0,0,0,0,0,0,0,0.173,0,0,0,0,0,0,0,0,0,0,0,0,0,0,0,0,0,0,0,0,0.223,0,0,0,0,0,0,0.97,0,0,0,0,0,0,0,0,0,0,0,0,0,0,0,0,0,0,0,0,0,0,0.907,0,0,0.984,0,0,0,0.338,0,0,0,0,0,0,0,0,0,0,0,0,0,0,0,0,0,0.288,0,0,0,0,0,0,0,0,0,0,0,0,0,0,0,0,0,0,0,0,0,0,0,0,0,0,0,0,0.257,0,0,0.248,0,0,0,0,0,0,0,0,0,0,0,0,0,0,0,0,0,0,0,0.18,0,0,0.907,0,0,0.91,0,0,0,0,0,0,0,0.171,0,0,0,0,0,0,0,0.606,0,0,0,0,0,0,0,0,0,0.187,0,0,0,0.917,0,0,0,0,0,0,0,0,0,0,0,0,0,0,0,0,0.887,0,0,0,0,0,0,0,0,0,0,0,0,0,0,0.239,0,0,0.231,0,0,0,0,0,0,0,0,0,0,0,0,0,0,0,0,0,0,0,0,0,0,0,0,0,0,0,0,0,0,0,0,0,0,0,0,0,0,0,0,0,0,0,0,0.789,0,0,0,0,0,0,0,0,0,0,0,0.96,0,0,0,0,0,0,0,0,0,0,0,0.443,0,0,0,0,0.28,0,0,0,0,0,0,0,0,0,0,0,0,0,0,0,0,0,0,0,0,0,0,0,0,0,0,0,0,0,0,0,0,0,0,0,0,0,0,0,0,0,0,0,0,0,0,0,0,0.9,0,0,0,0,0,0,0.914,0,0,0,0,0,0,0,0,0,0.695,0,0,0,0,0,0,0,0,0,0,0,0,0,0,0,0,0,0.501,0,0,0,0,0,0,0,0,0,0,0,0,0,0,0,0,0,0,0,0,0,0,0,0,0,0,0,0,0,0,0,0,0,0,0,0,0,0,0,0,0,0,0,0,0,0,0,0,0.179,0,0.89,0,0,0,0,0,0,0.191,0,0,0.293,0,0,0,0,0.87,0,0,0,0,0,0,0,0,0,0,0,0,0,0,0,0,0,0,0,0,0,0.225,0,0,0.437,0,0,0,0,0,0,0,0,0,0,0.195,0,0,0,0,0,0,0,0,0,0,0,0,0,0.948,0,0,0,0,0,0,0,0,0,0,0,0,0,0,0,0.156,0.761,0,0,0,0,0,0,0,0,0,0,0,0,0,0,0,0,0,0,0,0,0,0,0,0,0,0,0.911,0,0,0,0,0,0,0,0,0,0,0,0,0,0,0,0,0,0,0,0,0,0,0,0,0,0,0,0,0,0,0.901,0,0,0,0,0,0,0,0,0,0,0,0,0,0,0,0,0,0,0,0,0,0,0,0,0,0,0,0,0,0,0,0,0,0,0,0,0,0,0,0,0,0,0,0,0,0,0,0,0,0,0,0,0,0.973,0,0,0,0,0,0,0,0,0,0.655,0,0,0,0.974,0,0,0,0,0,0,0,0,0,0,0,0,0,0,0,0,0,0,0,0,0,0,0,0,0,0,0,0,0,0,0,0,0,0,0,0,0,0,0.15,0,0.252,0,0,0,0,0,0,0,0,0,0,0.9,0,0,0,0,0,0,0,0,0,0,0.992,0,0,0,0,0,0,0,0,0,0.195,0,0,0,0,0,0,0,0,0.245,0,0,0,0,0,0,0,0,0,0,0,0,0,0,0,0,0,0,0,0,0,0,0,0,0,0,0,0,0,0,0,0,0,0,0.212,0,0,0.199,0,0,0,0.91,0,0,0,0,0,0,0.283,0,0,0,0,0,0,0,0,0,0,0,0,0,0,0,0,0,0,0,0,0,0,0,0,0,0,0,0,0,0,0,0,0,0,0,0,0,0,0,0,0,0.802,0.179,0,0,0,0,0,0,0,0,0,0,0,0,0,0,0,0,0,0,0,0,0,0,0,0,0,0,0.396,0,0,0,0,0,0,0,0,0,0,0,0,0,0,0,0,0,0,0,0,0,0,0,0,0,0,0,0,0,0,0,0,0,0,0,0,0,0,0,0,0,0.324,0,0,0,0,0.581,0,0,0,0,0,0,0,0,0,0,0.336,0,0,0,0,0,0,0,0,0,0,0,0,0,0,0,0,0,0,0,0,0,0,0,0,0,0,0,0,0,0,0,0,0,0,0,0,0,0,0,0,0.968,0,0.559,0,0,0,0,0,0,0,0,0.199,0,0,0,0,0,0,0,0,0,0,0,0.905,0,0,0,0,0,0,0,0,0,0,0,0,0,0,0,0,0,0,0,0,0,0,0,0,0,0,0,0,0.593,0,0,0,0,0,0,0,0,0,0.224,0,0,0,0,0,0,0,0,0,0,0,0,0,0,0,0,0,0,0,0,0,0.786,0,0,0,0,0,0,0,0,0,0,0,0,0,0,0,0,0,0,0.863,0,0,0,0,0.191,0,0,0.231,0,0,0,0,0.308,0,0,0,0,0,0,0,0,0,0,0,0,0,0,0,0,0,0,0.994,0,0,0,0,0,0,0,0,0,0,0,0,0,0,0,0,0,0,0,0,0,0,0,0,0,0,0,0,0,0,0,0,0.657,0,0,0,0,0,0,0,0,0,0,0,0.917,0,0,0.75,0,0,0,0,0,0,0,0,0,0,0,0,0.904,0,0,0,0,0,0,0,0,0,0,0,0,0,0,0,0,0,0,0,0,0,0,0,0,0.206,0,0,0,0,0,0,0,0,0,0,0,0,0,0,0,0,0,0,0,0,0,0,0,0,0,0,0,0,0.447,0,0,0,0,0,0,0,0,0,0,0,0,0,0,0,0,0,0,0,0,0,0,0,0,0,0,0,0,0,0,0,0,0,0,0,0,0,0,0,0,0,0,0,0,0,0,0,0,0,0,0,0,0,0,0,0,0,0,0,0,0,0,0,0,0,0,0,0,0,0,0,0,0,0,0,0,0,0,0,0,0,0,0,0,0,0,0,0,0,0,0,0,0,0,0,0,0,0,0,0,0,0,0,0,0,0,0,0,0,0,0,0,0,0,0,0,0,0,0.293,0,0,0,0,0,0,0,0,0,0,0,0,0,0,0,0,0,0,0,0,0,0,0,0,0,0,0,0,0.159,0,0,0,0,0,0,0,0,0,0,0,0,0,0,0,0,0,0,0,0.217,0,0,0,0,0,0,0,0,0,0,0,0,0,0,0,0,0,0,0,0,0.198,0,0,0,0,0,0,0.351,0,0,0,0,0,0,0,0,0,0,0,0,0,0.445,0,0,0,0,0.288,0,0,0,0,0,0,0,0,0,0,0,0,0,0,0,0,0,0,0,0,0,0,0,0,0,0,0.555,0,0,0,0,0,0,0,0,0,0,0,0,0,0,0,0,0,0,0,0,0,0,0,0,0,0,0,0,0,0,0,0,0,0,0,0,0,0,0,0,0.998,0,0,0,0,0.545,0,0.961,0.214,0.972,0.94,0,0,0.978,0,0,0,0,0,0,0,0.523,0,0,0,0.91,0.212,0,0.161,0,0,0.227,0,0,0.989,0,0,0,0,0.23,0.992,0,0,0,0,0,0,0.997,0,0.977,0.183,0.298,0.988,0,0,0.999,0,0.906,0,0,0,0.922,0.918,0,0,0,0,0,0.647,0.158,0,0.897,0,0,0,0,0,0,0,0.399,0,0,0,0,0,0,0,0.961,0,0,0.872,0,0,0,0,0,0,0,0.922,0.404,0,0,0.305,0.91,0,0,0,0,0.932,0,0.907,0.28,0,0,0.19,0,0,0,0,0,0.342,0,0,0,0.288,0.247,0,0.236,0.935,0,0.933,0,0,0,0.196,0,0,0,0.909,0,0,0.244,0,0,0,0,0,0.349,0,0,0,0.904,0,0,0,0,0,0,0,0,0,0,0,0.911,0,0,0,0.941,0,0.24,0.994,0.962,0.292,0.895,0.986,0,0,0,0,0,0,0.908,0,0,0,0.996,0,0,0.162,0,0.217,0,0,0.163,0,0,0.626,0,0.419,0,0.42,0.781,0,0,0,0,0,0,0,0,0.986,0,0,0.993,0,0.95,0,0,0.345,0,0.893,0,0,0.385,0,0,0.925,0.479,0,0.998,0,0,0,0,0,0.694,0,0.171,0,0.991,0,0,0,0,0,0,0,0,0,0,0,0,0,0,0,0,0,0,0,0,0.904,0,0,0,0,0,0,0,0,0,0,0,0,0,0,0,0,0,0,0,0,0,0,0,0,0,0,0,0,0,0,0,0,0,0,0,0,0,0,0,0,0,0,0.316,0,0,0,0,0,0,0,0,0,0,0,0,0,0,0,0,0,0,0,0,0,0,0,0,0,0,0,0,0,0,0,0.248,0,0,0,0,0,0.179,0,0,0,0,0,0,0,0,0,0,0,0,0.548,0,0,0,0.192,0,0,0,0,0,0,0,0,0,0,0,0,0,0,0.421,0,0,0.161,0,0,0,0,0,0,0,0,0,0,0,0,0,0.157,0,0,0,0,0,0,0,0.169,0,0,0,0,0,0,0,0,0,0,0,0,0,0,0,0,0,0,0,0,0,0,0,0,0,0,0,0,0,0,0,0.306,0,0,0,0,0,0,0,0,0,0,0,0,0,0,0,0,0,0,0,0,0,0,0,0,0,0.932,0,0,0,0,0,0,0,0,0,0,0,0,0,0.583,0,0,0,0,0,0,0,0,0,0,0,0,0,0,0,0,0,0,0,0,0,0,0,0,0,0,0,0,0,0,0,0,0,0,0,0,0,0,0.287,0,0,0,0,0,0,0,0,0,0,0,0,0,0,0,0,0,0,0,0,0,0,0,0,0,0,0,0,0,0,0,0,0,0,0,0,0,0,0,0,0,0,0,0,0,0,0,0,0,0,0,0,0,0,0,0,0,0,0,0,0,0,0,0.911,0,0,0,0,0,0.232,0,0,0,0,0,0,0,0,0,0,0,0,0,0,0,0,0,0,0,0,0,0,0,0,0,0,0,0,0,0,0,0,0,0,0,0,0,0,0,0.338,0,0,0,0,0,0,0,0,0,0,0,0,0,0,0,0,0,0,0,0,0,0,0,0,0,0,0,0,0,0,0,0,0,0,0,0,0,0,0,0,0,0,0,0,0,0,0,0,0,0,0,0,0,0,0,0,0,0,0,0,0,0,0,0,0.933,0,0,0.963,0,0,0,0,0,0,0,0,0.254,0,0.258,0,0,0,0,0,0,0,0,0,0,0,0,0,0,0.204,0.254,0,0,0,0.301,0,0,0,0,0,0,0,0,0,0,0,0.237,0,0,0,0,0,0,0,0,0,0,0,0,0,0,0,0,0,0,0,0,0,0,0,0,0,0,0,0,0.351,0,0,0,0,0,0,0,0,0,0,0,0,0,0,0,0,0,0,0,0,0,0,0,0,0,0,0,0,0,0,0,0,0,0,0,0,0,0,0,0,0,0,0,0,0,0,0,0,0,0,0,0,0,0,0,0,0,0,0,0,0,0,0,0,0,0,0,0,0,0,0,0,0,0,0,0,0,0,0,0,0,0,0,0,0,0,0,0,0,0,0,0,0,0,0,0,0,0,0,0,0,0,0,0,0,0,0,0,0,0,0,0,0,0,0,0,0,0,0,0,0.719,0,0,0,0,0,0,0,0,0,0,0,0,0,0,0,0,0,0,0,0,0,0,0,0,0,0,0,0,0,0,0,0,0,0,0,0,0,0,0,0,0,0,0,0,0,0,0,0,0,0,0,0,0,0,0,0,0,0,0,0,0,0,0,0,0,0,0,0,0,0,0,0,0,0,0,0,0,0,0,0,0,0,0,0,0,0,0,0.695,0,0,0,0,0,0,0,0,0,0,0,0,0,0,0,0,0,0,0,0,0,0,0,0,0,0.266,0,0,0,0,0,0.584,0.446,0,0,0,0,0,0,0,0,0.277,0.231,0,0,0,0,0,0,0,0,0,0,0,0,0,0,0,0,0,0,0,0,0,0,0,0,0,0,0,0,0,0,0,0,0,0,0,0,0,0,0,0,0,0,0,0,0,0,0,0,0.217,0.243,0,0,0,0.191,0,0,0,0,0,0,0,0,0,0,0,0,0,0,0,0,0,0,0,0,0,0,0,0,0,0,0,0,0,0,0,0,0,0,0,0,0,0.373,0,0,0,0.207,0.596,0,0,0,0.231,0.949,0,0.618,0,0.991,0,0.72,0.914,0,0.97,0,0,0,0.905,0,0.216,0,0,0.357,0,0.976,0.176,0.264,0,0.406,0,0,0.993,0,0,0,0.39,0.532,0,0.902,0,0,0,0.904,0,0,0.267,0.97,0,0.179,0,0,0,0,0,0,0,0.157,0,0,0,0,0.9,0,0.395,0.688,0,0.9,0.835,0,0.977,0,0,0,0,0,0,0,0,0,0,0,0,0.9,0,0,0,0,0,0,0,0.199,0.21,0,0.168,0,0,0.373,0,0,0.411,0,0,0,0.688,0,0,0,0,0,0,0.905,0,0,0.167,0.416,0.407,0,0.781,0,0,0,0.498,0,0.928,0.15,0,0,0,0,0,0,0,0,0.906,0.202,0,0.3,0,0,0,0,0,0.997,0,0,0,0,0,0,0,0,0.982,0,0.159,0,0,0,0,0,0.9,0.437,0,0.979,0.206,0.911,0,0,0,0,0,0.832,0,0,0,0,0,0,0,0.513,0,0,0.933,0,0.537,0,0,0.968,0.921,0,0,0.22,0.613,0,0,0,0,0,0,0.9,0.952,0,0.9,0,0.229,0,0,0,0,0.23,0,0,0,0.917,0,0,0,0,0,0,0.993,0,0,0,0,0.66,0,0,0,0,0,0.917,0,0.273,0,0.688,0,0,0,0.867,0.248,0,0.24,0,0.49,0.478,0,0.92,0,0,0.281,0,0,0,0,0,0,0,0,0.581,0,0,0,0.625,0.579,0.47,0.913,0,0,0,0,0,0,0,0,0.177,0,0,0.828,0.609,0,0,0.715,0.321,0,0,0.431,0,0.493,0,0.336,0,0,0.775,0,0,0,0,0,0,0,0,0,0,0,0.254,0,0,0.721,0,0.877,0,0.392,0,0.519,0.443,0,0,0,0,0,0,0,0,0,0,0,0,0,0,0,0,0,0,0,0,0,0,0,0,0,0,0,0,0,0,0,0,0,0,0,0,0,0,0,0,0,0,0,0,0,0,0,0,0,0,0,0,0,0,0,0,0,0,0,0,0,0,0,0,0,0,0,0,0,0,0,0,0,0,0,0,0,0,0,0,0,0,0,0,0,0,0,0,0,0,0,0,0,0,0,0,0,0,0,0,0,0,0,0,0,0,0,0,0,0,0,0,0,0,0,0,0,0,0,0,0,0,0,0,0,0,0,0,0,0,0,0,0,0,0,0,0,0,0,0,0,0,0,0,0,0,0.215,0,0,0,0,0.196,0,0,0,0,0,0,0,0,0.197,0,0,0,0.487,0,0,0,0,0,0,0,0,0,0,0,0,0,0,0,0,0,0,0,0,0,0,0.213,0,0,0,0,0,0,0,0,0,0,0,0,0,0,0,0,0,0,0,0,0,0,0,0,0,0,0,0,0,0,0,0,0,0,0,0,0,0,0,0,0,0,0,0,0,0,0,0,0,0,0,0,0,0,0,0,0,0,0,0,0,0,0,0,0,0,0,0,0,0,0,0,0,0,0,0,0,0,0,0,0,0,0,0,0,0,0,0,0,0,0,0,0,0,0,0,0,0,0,0,0,0,0,0,0,0,0,0,0,0,0,0,0,0,0,0,0.207,0,0,0,0,0,0,0,0,0,0,0,0,0,0,0,0,0,0,0,0,0,0,0,0,0,0,0,0,0,0,0,0,0,0,0,0,0,0,0,0,0,0,0,0,0,0,0,0,0,0,0,0,0,0,0,0,0,0,0,0,0,0,0,0,0,0,0,0,0,0.293,0,0,0,0,0,0,0,0,0.228,0,0,0,0,0,0,0,0,0,0,0,0,0,0,0,0,0,0,0,0,0,0,0,0,0,0,0,0,0,0,0,0,0,0,0,0,0,0,0,0,0,0,0,0,0,0,0,0,0,0,0,0,0,0,0,0,0,0,0,0,0,0,0,0,0,0,0,0,0.336,0,0,0,0,0.351,0,0,0,0,0,0,0,0,0,0,0,0,0,0,0,0,0,0,0,0,0,0,0,0,0,0,0,0,0,0,0,0,0,0,0,0,0,0,0,0,0,0,0,0,0,0,0,0,0,0,0,0,0,0,0,0,0,0,0,0,0,0,0,0,0,0,0,0,0,0,0,0,0,0,0,0,0,0,0,0,0,0,0,0,0,0,0,0,0,0,0,0,0,0,0,0,0,0,0,0.177,0,0,0,0,0,0,0,0,0,0,0,0,0,0,0,0,0,0,0,0,0,0,0,0,0,0,0,0,0,0,0,0,0,0,0,0,0,0,0,0,0.15,0,0,0,0,0,0,0,0,0,0,0,0,0,0,0,0,0,0,0,0.186,0,0,0,0,0,0,0,0,0,0,0,0,0,0,0,0,0,0,0,0,0,0,0,0,0,0,0,0,0,0,0,0,0,0,0,0,0,0,0,0,0,0,0,0,0,0.684,0,0,0,0,0,0.305,0,0,0,0.816,0,0,0,0,0.224,0.481,0,0.171,0,0,0.24,0,0,0,0,0,0,0,0,0.194,0,0,0,0,0,0,0,0,0,0,0,0,0,0,0,0,0,0,0,0,0,0,0,0,0,0,0,0,0,0,0,0,0,0,0.323,0,0,0,0,0,0,0,0,0,0,0,0,0,0,0.184,0,0,0,0,0,0,0,0,0,0,0,0,0,0,0,0,0,0,0,0,0,0,0,0,0,0,0,0,0,0,0,0,0,0,0,0,0,0,0,0,0,0,0,0,0,0,0,0,0,0,0,0,0,0,0,0,0,0,0,0,0,0,0,0,0.445,0,0,0,0,0,0,0,0,0,0,0,0,0,0,0,0,0,0,0,0,0,0,0,0,0,0,0,0,0,0,0,0,0,0,0,0,0,0,0,0,0,0,0,0,0,0,0,0,0,0,0,0,0,0,0,0,0,0,0,0.445,0,0,0,0,0,0,0,0,0,0,0,0,0,0,0,0,0,0,0,0,0,0,0,0,0,0,0,0,0,0,0,0,0,0,0,0,0,0,0,0,0,0,0,0,0,0,0,0,0,0,0,0,0,0,0,0,0,0,0,0,0,0,0,0,0,0,0,0,0.261,0,0.261,0,0,0,0,0,0,0,0,0,0,0,0,0,0,0,0,0,0,0,0,0,0,0,0,0,0,0,0,0,0,0,0,0,0,0,0,0,0,0,0,0,0,0,0,0,0,0,0,0,0,0,0,0,0,0,0,0,0,0,0,0,0,0,0,0,0,0,0,0,0,0,0,0,0.226,0,0,0,0,0,0,0,0,0,0,0,0,0,0,0,0,0,0,0,0,0,0,0,0,0,0,0,0,0,0,0,0,0,0,0,0,0,0,0,0,0,0,0,0,0,0,0,0,0,0,0,0,0,0,0,0,0,0,0,0,0,0,0,0,0,0,0,0,0,0,0,0,0,0,0,0,0,0,0,0,0,0,0,0,0,0,0,0,0,0,0,0,0,0,0,0,0,0.151,0,0,0,0,0,0,0,0,0,0,0,0,0,0,0,0,0,0,0,0,0,0,0,0,0,0,0,0,0,0,0,0,0,0,0,0,0,0,0,0,0,0,0,0,0,0,0,0,0,0,0,0,0,0,0,0,0,0,0,0,0,0,0,0,0,0,0,0,0,0,0,0.271,0,0,0,0,0,0,0,0,0,0,0,0,0,0,0,0,0,0,0,0,0,0,0,0,0,0,0,0,0.229,0,0,0,0,0,0,0,0,0,0,0,0,0,0,0,0,0,0,0
852730,0,0,0,0,0,0,0,0,0,0,0,0,0,0,0,0,0,0,0,0,0,0,0,0,0,0,0.24,0,0,0,0,0,0,0,0,0,0,0,0,0,0,0,0,0.194,0,0,0.197,0,0,0,0,0.999,0,0,0,0,0,0.191,0,0,0,0,0.616,0,0,0.166,0,0,0,0,0.207,0,0,0,0,0,0,0,0,0,0,0,0,0,0,0,0,0,0,0,0,0,0,0,0,0.999,0,0,0,0,0,0,0,0,0,0,0,0,0,0,0,0,0,0,0,0,0,0,0,0,0,0,0.422,0,0,0,0,0.952,0,0,0,0,0,0,0,0,0,0,0,0,0.999,0.298,0,0,0,0,0,0,0,0,0,0,0,0,0,0.908,0,0,0,0,0,0,0,0,0,0,0,0,0,0.314,0,0,0,0,0,0,0,0,0,0,0,0,0.275,0,0,0,0,0,0,0.733,0,0,0,0.257,0,0.298,0,0,0,0,0,0,0.166,0.804,0,0,0.999,0,0,0.155,0,0,0,0.391,0,0.271,0.193,0,0,0,0.999,0,0.17,0.857,0,0,0,0,0,0.575,0.321,0,0.999,0,0.411,0.262,0.361,0.236,0,0.207,0,0,0,0.213,0.517,0,0,0,0,0,0,0,0,0,0,0,0,0,0,0,0.26,0,0,0.162,0.239,0.175,0,0,0,0,0,0,0,0,0.15,0.995,0,0.213,0.236,0,0,0,0.79,0,0,0.467,0,0.924,0,0.292,0,0,0,0,0,0,0,0.806,0,0,0.999,0,0,0.15,0,0,0.181,0.257,0,0.999,0,0,0,0,0.995,0.171,0,0,0,0,0,0,0,0,0,0.297,0,0,0.16,0.906,0,0,0.522,0,0,0,0,0,0,0,0,0,0,0.48,0,0,0.243,0.155,0,0,0,0,0,0,0,0,0.181,0,0,0.314,0,0.191,0,0,0,0.322,0.694,0,0,0.999,0.338,0.948,0,0,0,0,0.999,0,0.2,0,0,0,0,0.999,0,0,0,0,0,0.2,0.514,0.171,0,0,0.173,0.183,0.999,0.153,0.896,0,0.426,0.199,0.228,0,0.41,0,0,0,0,0.612,0,0,0,0,0,0.287,0.226,0.2,0,0,0.164,0,0,0.172,0,0.268,0.247,0,0.236,0,0,0,0,0,0,0,0,0,0,0,0,0,0,0,0,0,0,0,0,0,0.999,0,0.351,0.193,0,0,0,0.649,0,0.183,0,0.475,0,0,0,0,0,0,0,0,0,0,0,0.999,0,0,0,0,0,0.885,0,0,0,0,0,0,0,0,0,0,0,0.922,0,0,0,0,0,0.91,0,0,0.278,0,0,0.348,0,0,0,0,0.827,0,0,0,0,0,0.237,0.267,0.999,0.282,0,0,0,0,0,0,0,0.439,0.901,0,0,0,0,0,0,0,0.319,0,0.972,0,0,0,0.213,0,0,0.211,0.188,0,0,0,0.221,0.192,0,0.173,0.437,0,0,0,0,0,0,0,0,0,0,0,0,0.284,0,0,0,0,0,0,0,0,0,0.241,0,0,0,0,0,0,0,0,0.159,0.913,0,0,0.156,0,0.768,0,0,0,0,0,0,0.496,0,0.181,0,0,0,0,0,0,0,0.198,0.237,0,0,0.153,0.193,0,0,0,0,0.846,0,0,0.268,0,0,0,0.899,0.901,0,0,0,0,0,0,0,0.173,0.608,0,0,0,0.274,0,0,0.169,0,0.672,0,0,0,0,0,0,0,0,0.154,0,0.264,0.207,0,0,0.235,0,0,0,0,0,0,0,0,0,0,0,0,0,0,0,0,0,0,0,0,0,0,0.795,0,0,0,0,0.349,0.241,0,0,0,0,0,0,0.522,0,0,0,0,0,0,0,0,0,0,0,0.304,0.472,0,0.191,0,0.289,0,0.158,0,0,0.223,0.464,0.999,0,0,0,0,0,0,0.332,0.175,0,0,0.999,0,0.226,0,0.54,0,0.695,0,0,0,0,0.193,0.204,0,0,0,0.155,0,0.319,0,0,0.999,0,0.805,0,0.2,0.326,0,0.185,0,0,0,0,0,0,0,0,0,0,0,0,0,0.893,0,0.352,0,0,0.459,0,0,0,0,0,0,0.51,0,0.836,0,0,0.186,0,0.29,0.21,0,0,0,0,0,0,0,0,0,0.458,0,0,0.155,0,0,0,0,0,0,0,0,0,0.837,0,0,0,0.422,0,0,0,0.17,0.309,0,0,0.193,0,0,0,0,0,0,0,0,0.236,0,0.999,0,0.549,0.866,0,0,0,0,0,0,0.211,0,0,0,0,0,0,0,0,0,0.353,0,0,0,0,0,0,0,0,0,0.999,0.467,0,0,0,0,0,0,0.691,0,0,0,0,0.197,0.194,0.999,0,0,0,0,0,0,0,0,0,0,0,0.162,0,0,0.368,0.193,0,0,0,0.283,0.162,0,0,0,0,0,0.988,0,0.998,0,0,0,0,0.22,0,0.243,0.229,0.999,0,0,0,0,0.443,0,0.999,0,0.925,0.346,0.999,0,0.303,0,0,0,0,0,0,0.349,0.209,0,0,0,0,0,0,0.985,0,0.93,0.999,0,0.323,0,0.273,0,0,0,0.687,0,0,0,0,0.309,0.898,0,0,0,0.291,0,0.999,0,0,0,0,0,0,0,0.218,0,0,0.24,0,0,0,0,0,0,0,0,0,0.437,0,0,0,0,0,0,0,0,0,0,0,0,0,0,0,0,0,0,0,0,0,0,0,0,0,0,0,0.23,0,0,0,0,0,0,0,0,0,0,0,0,0,0,0.999,0,0,0,0,0,0,0,0,0,0.999,0,0,0,0,0,0,0,0,0,0,0,0,0.905,0,0,0,0,0,0,0,0,0,0,0,0.322,0,0,0.159,0,0,0,0,0.179,0,0,0,0,0,0,0,0,0,0,0,0.179,0,0,0,0,0,0,0,0,0,0,0.22,0,0,0,0,0,0,0.999,0,0,0,0,0,0.258,0.29,0,0.916,0,0,0,0,0,0,0,0.228,0,0,0,0,0,0,0,0,0,0,0.999,0,0,0,0,0,0,0,0,0,0,0.999,0,0,0,0.238,0,0,0.19,0,0.999,0.407,0.648,0,0,0,0,0,0,0,0.406,0,0,0,0,0,0,0,0,0,0,0,0,0,0,0,0,0,0,0,0,0,0,0,0.277,0,0,0.999,0,0,0.196,0.457,0,0.193,0.273,0,0,0,0,0,0,0,0,0.999,0,0,0.369,0,0,0,0,0,0.542,0,0.981,0.273,0,0,0,0,0,0,0,0,0,0,0,0,0,0,0,0,0,0,0,0,0,0,0,0,0,0,0,0.999,0,0,0,0.154,0,0.445,0,0,0,0,0,0,0,0,0,0.801,0,0,0,0,0.215,0,0,0,0.443,0,0,0,0,0,0,0.999,0,0.999,0,0,0.19,0,0,0,0,0,0,0,0,0,0,0,0,0,0,0,0,0,0,0,0,0,0,0,0,0,0,0,0,0,0.196,0,0,0,0,0.698,0,0,0,0,0,0,0,0,0,0,0,0,0.779,0,0,0,0,0,0.425,0,0,0,0,0,0,0,0,0,0,0.179,0,0,0.485,0,0,0,0,0,0,0,0,0,0,0,0,0,0.999,0,0,0,0,0,0,0,0,0,0,0,0,0,0.266,0,0,0.346,0,0,0,0,0,0,0,0,0,0.261,0,0,0,0,0,0,0,0,0,0,0,0,0.315,0,0,0.779,0,0,0,0,0,0,0,0.445,0,0,0,0,0,0,0,0,0,0,0,0,0,0,0.153,0,0,0,0,0.437,0,0,0,0,0.521,0,0.16,0,0,0,0,0,0,0,0,0,0,0,0,0,0,0,0,0,0,0,0,0,0,0,0,0.999,0,0,0,0,0,0,0.309,0,0,0,0,0,0,0,0,0,0,0,0,0,0,0,0,0.323,0,0,0,0,0,0.155,0,0.397,0,0,0,0.201,0,0.308,0,0,0,0,0,0,0,0,0,0,0,0,0,0,0,0.273,0,0,0,0,0,0.285,0,0,0,0,0,0,0,0,0,0,0,0.378,0,0,0,0,0,0,0,0,0,0,0,0,0,0,0,0,0,0.228,0,0,0.517,0,0,0,0,0,0,0,0,0,0,0,0,0,0,0,0,0,0.218,0,0,0,0,0,0,0,0,0,0,0,0,0,0,0,0,0,0,0,0,0,0,0.189,0.238,0,0,0,0,0,0,0,0,0,0,0,0.832,0,0.319,0,0.802,0,0,0,0.999,0,0.82,0.253,0,0.815,0.533,0,0.173,0,0.185,0,0.183,0.986,0,0,0,0,0.811,0,0,0,0,0.156,0,0,0.83,0,0,0,0,0,0.198,0,0,0.209,0,0.173,0,0,0,0.326,0.999,0.61,0.833,0,0.999,0.226,0,0,0,0,0,0,0,0,0,0.999,0,0.153,0,0,0,0,0,0,0,0,0,0.234,0,0.163,0,0.304,0,0,0,0,0,0.821,0,0,0.453,0,0.999,0,0,0,0,0,0,0,0,0,0,0,0,0,0.195,0.55,0.824,0,0,0.267,0,0.547,0.165,0.246,0,0,0.259,0,0,0,0,0,0.999,0.176,0.42,0,0,0,0.193,0,0,0,0.999,0,0,0,0,0.294,0,0,0.307,0,0.163,0,0.288,0,0,0,0,0.151,0.804,0,0.188,0.173,0,0,0,0,0,0.999,0,0.815,0.608,0,0,0.839,0,0,0.851,0.175,0,0.159,0.949,0,0.999,0,0.366,0,0,0.809,0,0,0,0.83,0.327,0,0,0.506,0.209,0,0,0.321,0,0,0,0.292,0,0,0.918,0,0,0,0.922,0,0.903,0,0,0,0.884,0,0,0.814,0,0,0.247,0,0,0,0,0,0.25,0,0,0.272,0,0,0.514,0.437,0,0.33,0,0,0,0.152,0,0.152,0.179,0.802,0,0,0,0,0,0.33,0,0,0,0,0,0,0,0,0,0,0,0,0,0,0,0,0,0,0,0.534,0,0,0,0,0,0,0,0,0,0,0,0,0,0,0,0,0,0,0,0.999,0,0,0,0,0,0,0,0,0,0,0.204,0,0,0,0,0,0,0,0,0,0,0,0,0,0,0,0,0,0,0,0,0,0,0,0,0,0,0,0,0,0,0,0,0,0,0,0,0,0,0.912,0,0.176,0,0,0,0.16,0,0,0,0,0,0,0,0,0,0,0,0,0.15,0,0,0,0.608,0,0.781,0,0,0,0,0,0,0,0,0,0,0,0,0,0,0,0,0,0,0,0,0,0,0,0,0,0,0.485,0,0,0.857,0,0,0,0,0,0,0,0,0,0,0,0,0,0,0,0,0,0,0,0,0,0,0,0,0.194,0,0,0,0,0,0,0,0,0,0,0.814,0,0,0,0,0,0,0,0,0,0,0,0,0,0,0,0,0,0,0,0,0,0,0,0,0,0,0,0,0,0.941,0,0,0.998,0,0,0,0,0,0,0,0,0,0,0,0,0,0,0,0,0,0,0,0,0,0,0,0,0,0,0,0,0,0.217,0,0,0,0,0,0,0,0,0.679,0,0,0,0,0,0,0,0,0,0,0.649,0,0,0,0,0.288,0,0,0,0,0,0,0.282,0,0,0,0,0.999,0,0,0,0.366,0,0,0.929,0,0,0,0,0,0,0,0,0,0,0,0,0,0,0,0,0,0.203,0,0,0.553,0,0,0,0,0,0,0,0,0,0,0,0,0,0,0,0,0,0,0.999,0,0,0,0,0,0.999,0,0,0,0,0.999,0,0,0,0,0,0,0,0.59,0,0,0,0,0,0,0,0,0,0,0,0,0,0,0.936,0,0,0,0.703,0,0,0,0,0,0,0.296,0.999,0,0,0,0.703,0,0,0,0,0,0,0,0,0,0,0,0,0,0,0,0,0,0,0,0,0,0,0.211,0,0.731,0,0,0,0,0,0,0,0,0,0,0.315,0,0,0,0,0,0,0,0,0,0,0,0,0,0,0,0.312,0,0,0,0,0,0.699,0,0,0.371,0,0.517,0,0,0.155,0,0,0,0,0,0,0,0,0.999,0,0,0,0,0,0,0,0.315,0,0,0,0,0,0,0.91,0.411,0,0,0,0,0,0,0,0,0,0,0.168,0.353,0,0,0.26,0,0,0,0,0,0,0.287,0.904,0,0,0.238,0,0,0,0,0,0,0,0,0,0,0,0,0,0,0,0.999,0,0.247,0.998,0,0,0,0,0,0,0,0,0,0,0,0,0,0,0,0,0,0,0,0,0,0,0,0,0,0,0,0,0,0,0,0,0,0,0,0,0,0,0,0,0,0,0,0,0,0,0,0,0,0,0,0,0,0,0,0,0,0,0,0,0,0,0,0,0,0,0,0,0,0,0,0,0,0,0,0,0,0,0,0,0,0.154,0,0,0,0,0,0,0,0,0,0,0,0,0,0,0,0,0,0,0,0,0,0,0,0,0,0,0,0,0,0,0,0,0,0.223,0,0,0,0,0.583,0,0,0,0,0,0,0,0,0,0,0,0,0,0,0,0,0,0,0,0,0,0,0,0,0,0,0,0,0,0,0,0,0,0,0,0,0,0,0,0,0.206,0,0,0.999,0,0,0,0,0,0,0,0,0,0,0,0,0,0,0,0,0,0,0,0,0,0,0,0,0,0,0,0,0,0,0,0,0,0,0.608,0.238,0,0,0,0,0,0,0,0,0,0,0,0.91,0,0,0,0,0,0,0,0,0,0,0,0.238,0,0,0,0,0,0,0,0,0,0,0,0,0,0,0,0.238,0,0,0,0.252,0,0,0,0,0,0.819,0,0,0,0,0,0,0,0,0,0,0,0,0.238,0,0,0,0,0,0,0,0,0,0.263,0,0,0,0,0,0,0,0,0,0,0,0,0,0,0,0,0,0,0,0,0,0,0.391,0,0,0,0,0,0,0,0,0,0,0,0,0,0,0,0,0,0,0,0,0,0,0,0,0,0,0.241,0,0,0,0,0.8,0,0,0,0,0,0,0,0,0,0,0,0,0,0,0.99,0.837,0.999,0.716,0.239,0.192,0,0,0.999,0.996,0.999,0.801,0,0.999,0.827,0.347,0,0.999,0.175,0.986,0.999,0.238,0.621,0,0.257,0.268,0.423,0.999,0.693,0.999,0.82,0.206,0.999,0,0.922,0.543,0.374,0.82,0.716,0.999,0.605,0.999,0.816,0.928,0,0,0,0.999,0.999,0.529,0.94,0.188,0.877,0.214,0.16,0.499,0.716,0.194,0.95,0,0.371,0.999,0.999,0.999,0.999,0.985,0.999,0.999,0.179,0.268,0.999,0.716,0.999,0.157,0.197,0,0,0,0.309,0,0.999,0.999,0,0.999,0.999,0.999,0.187,0,0.999,0.331,0.716,0.836,0.344,0.999,0.243,0.608,0,0.999,0.999,0,0.981,0,0.796,0.999,0.92,0.999,0.999,0.716,0.999,0.999,0.529,0,0.999,0.984,0.997,0.237,0.999,0.999,0.716,0.999,0.864,0,0.228,0,0.999,0.998,0.716,0.816,0.194,0,0.96,0.238,0.999,0.832,0.716,0.238,0.999,0.837,0.564,0,0,0,0.999,0.999,0,0,0.608,0.999,0.825,0.875,0.999,0.831,0,0.558,0.999,0.999,0.286,0.998,0,0.999,0,0.716,0.999,0,0.912,0.999,0,0.648,0.802,0.999,0.999,0.197,0.191,0.424,0.263,0,0,0.161,0,0.193,0.679,0.905,0,0.717,0.348,0.472,0.9,0.82,0.967,0.999,0.999,0.999,0.888,0,0,0.999,0.999,0.807,0.189,0.999,0,0.999,0.999,0.205,0.999,0.806,0.208,0.999,0.228,0.999,0.936,0,0.997,0.999,0.999,0,0.837,0.999,0,0.883,0,0,0.999,0.178,0.999,0.827,0.296,0.999,0,0,0,0.163,0,0,0,0,0,0,0,0,0,0,0,0,0,0.164,0,0,0,0,0,0.204,0,0,0.258,0,0,0,0,0,0,0,0,0,0,0,0,0,0,0,0,0.999,0,0,0,0,0,0,0,0,0,0,0,0,0,0,0,0,0.216,0,0,0.199,0,0,0,0.29,0,0,0,0,0,0,0,0,0,0.28,0,0,0,0,0,0,0,0,0,0,0,0,0,0,0,0,0,0,0.238,0,0,0,0.21,0,0,0,0,0,0,0,0,0,0.208,0,0,0.21,0,0,0,0,0,0,0,0,0,0.264,0,0,0,0,0,0,0,0,0,0,0,0,0,0,0,0,0,0,0,0,0,0.342,0,0.21,0,0.244,0,0,0,0,0,0,0,0,0,0,0.218,0,0,0,0,0,0,0,0.33,0,0,0,0,0,0.237,0,0,0,0,0,0,0,0,0,0,0.158,0,0,0,0,0,0,0,0,0,0,0,0,0,0,0,0,0,0,0,0,0,0,0,0,0,0,0,0,0,0,0,0,0,0,0,0,0,0,0,0,0,0,0,0,0,0,0,0,0.199,0,0,0,0,0.506,0.282,0.223,0,0.914,0.165,0,0,0.899,0.185,0,0,0.773,0,0,0,0,0.212,0.19,0.523,0.289,0,0.182,0,0,0,0,0,0,0,0,0,0,0,0,0,0,0,0.288,0.232,0,0,0,0,0,0,0,0,0,0,0,0,0,0,0,0,0,0,0,0,0,0,0,0,0,0,0,0,0,0,0,0,0,0,0,0,0,0,0,0,0,0,0,0,0,0,0,0,0,0,0,0,0,0,0,0,0,0,0,0,0,0,0,0,0,0,0,0,0,0,0,0,0,0,0,0,0,0,0,0,0,0,0,0,0.485,0,0.382,0,0,0,0,0,0,0,0,0,0,0,0,0,0,0,0,0,0,0,0,0,0,0,0,0,0,0,0,0,0,0,0,0,0,0,0,0,0,0,0,0,0,0,0,0,0,0.647,0,0,0,0,0,0,0,0,0,0,0,0.22,0,0,0,0,0,0,0,0,0,0,0,0,0,0,0,0,0,0.19,0,0,0,0,0,0,0,0,0,0,0,0,0,0,0,0,0.228,0,0,0,0.427,0.199,0,0,0,0,0,0.288,0,0,0,0,0,0,0,0,0,0,0,0,0,0,0,0,0,0,0,0,0,0,0,0,0.21,0,0,0,0,0,0,0,0,0,0,0,0,0.28,0,0.175,0,0,0,0,0,0,0,0,0,0,0,0,0,0,0,0,0,0.446,0,0,0,0.202,0,0,0,0,0,0,0,0,0.165,0,0,0,0,0,0,0,0,0,0,0,0,0,0,0,0,0,0,0,0,0,0,0,0,0,0,0,0,0,0,0,0,0,0,0,0,0,0,0.174,0,0,0,0,0,0,0,0,0,0,0,0,0,0,0,0,0,0,0,0,0,0,0,0,0,0,0,0,0,0,0,0,0,0,0,0,0,0,0,0,0,0,0,0,0,0,0,0,0,0,0,0,0,0,0,0,0,0,0,0,0,0,0,0,0,0,0,0,0,0,0,0,0,0,0,0,0,0,0,0,0,0,0,0,0,0,0,0,0,0,0,0,0,0,0,0,0,0,0,0,0,0,0,0,0,0,0,0,0,0,0,0,0,0,0,0,0,0,0,0,0,0,0,0,0,0,0,0,0,0,0,0.228,0,0.226,0,0,0.156,0,0,0,0,0,0,0,0,0,0,0,0,0,0,0,0,0,0,0,0,0,0,0,0,0,0,0,0,0,0,0,0,0,0,0,0,0,0,0.575,0.177,0.236,0.168,0,0,0.23,0,0.206,0,0,0,0,0,0,0,0,0,0,0,0,0,0,0,0,0,0,0,0,0,0,0,0,0,0,0,0,0,0,0,0,0,0,0,0,0,0,0,0,0,0,0,0,0,0,0,0,0,0,0,0,0,0,0,0,0,0,0,0,0,0,0,0,0,0,0,0,0,0,0,0,0,0,0,0,0,0,0,0,0,0,0,0,0,0,0,0.196,0,0,0,0,0,0,0,0,0,0,0,0,0,0,0,0,0,0,0,0,0,0,0,0,0,0,0,0,0,0,0,0,0,0,0,0,0,0,0,0,0,0,0,0,0,0,0,0,0,0,0.202,0,0,0,0.173,0.275,0,0,0,0,0.545,0,0,0,0,0,0,0,0,0,0,0,0,0,0,0,0,0,0.173,0,0,0,0,0,0,0,0,0,0,0,0.231,0,0,0,0.237,0,0,0,0,0,0,0,0,0,0,0,0,0,0,0,0,0,0,0,0,0,0,0,0,0,0,0,0,0,0,0,0,0,0,0,0,0,0,0,0,0,0.307,0,0,0,0,0,0,0,0,0,0,0,0,0.276,0,0,0,0,0,0,0,0.158,0,0,0,0.158,0.159,0,0,0,0.196,0,0,0,0,0,0,0,0,0,0,0,0,0,0,0,0,0,0,0,0,0,0,0,0,0,0,0,0,0,0,0,0,0,0,0,0.157,0,0,0,0,0,0.538,0,0,0,0,0,0,0,0,0,0,0,0,0,0,0.427,0,0,0,0,0,0,0,0,0,0,0,0,0,0,0,0,0.299,0,0,0,0,0,0.237,0.237,0,0,0,0,0,0.173,0,0,0,0,0,0,0,0,0,0,0,0.277,0,0,0,0,0,0,0,0,0,0,0,0,0,0,0,0,0,0,0,0,0,0,0,0,0,0,0,0,0,0.379,0,0,0,0,0,0,0,0,0,0,0,0,0,0,0,0.335,0,0,0,0,0,0,0,0,0,0,0,0,0,0,0,0,0,0,0,0,0,0,0.202,0,0,0,0,0,0,0,0,0,0,0,0,0,0,0,0,0,0,0,0,0,0,0,0,0,0,0,0,0,0,0,0,0,0,0,0,0,0,0,0,0,0,0,0,0,0,0,0,0,0,0,0,0,0,0,0,0,0,0,0,0,0,0,0,0,0,0,0,0,0,0,0.215,0,0,0,0,0,0,0,0,0,0,0,0,0,0,0,0,0,0,0,0,0,0,0,0,0,0,0,0,0,0,0,0,0,0,0,0,0,0,0,0,0,0,0,0,0,0,0,0,0,0,0,0,0,0,0,0,0,0,0,0,0,0,0,0,0,0
853146,0,0,0,0.23,0,0,0.203,0,0,0,0,0,0,0,0,0,0,0,0,0,0,0,0,0,0,0,0.542,0,0,0,0,0,0,0,0,0,0.246,0.283,0,0,0,0,0,0,0,0,0,0,0,0,0,0,0,0,0.283,0.243,0.232,0,0,0,0,0,0.271,0,0,0.451,0,0,0,0,0.566,0.623,0,0,0,0,0.317,0,0,0,0,0,0,0,0,0.404,0,0,0,0,0,0,0,0,0,0,0,0.216,0.195,0,0.279,0,0.215,0,0,0,0,0,0,0,0,0,0,0,0,0,0,0,0,0,0.259,0,0,0,0,0,0,0.503,0,0,0,0,0,0,0,0,0,0,0.522,0,0,0,0.611,0,0.269,0,0,0,0,0,0.335,0,0,0,0,0,0,0.259,0,0,0,0,0,0,0.199,0,0,0,0,0.56,0,0,0,0,0,0,0,0,0,0,0,0.557,0,0,0.236,0.175,0,0,0,0.206,0.165,0,0,0,0,0.173,0,0,0,0,0,0.348,0,0,0,0,0.152,0,0,0.178,0,0,0.204,0.689,0,0,0,0,0,0,0.217,0.226,0,0,0,0,0.311,0,0.26,0.235,0,0,0,0.156,0,0.157,0.355,0.231,0.161,0,0,0,0,0.188,0.152,0,0,0,0.21,0,0.276,0,0,0.188,0,0,0,0,0.157,0,0.312,0.176,0.183,0,0.407,0,0,0,0,0,0.28,0.186,0.225,0,0,0,0,0,0,0.866,0,0,0.545,0.851,0,0,0,0,0,0,0,0,0,0,0,0,0,0,0,0,0,0,0,0.18,0.189,0,0.161,0,0,0.155,0,0,0,0,0.157,0.361,0.171,0.357,0,0,0,0,0,0,0.227,0,0,0.605,0,0.19,0.175,0,0.249,0,0,0,0,0,0,0,0,0,0,0.182,0.482,0.193,0,0,0,0,0,0,0,0,0.3,0,0.18,0,0,0.853,0,0,0,0,0,0.167,0,0,0,0,0,0.246,0.405,0,0,0,0,0.229,0.196,0.316,0,0,0,0,0,0.178,0.175,0,0,0.233,0.168,0,0,0,0.154,0,0,0.171,0.695,0,0,0.367,0.216,0,0.458,0,0,0,0,0.247,0,0.343,0.976,0,0,0,0,0,0,0,0.245,0,0.207,0.188,0,0,0.234,0,0,0,0,0,0,0,0,0,0,0.255,0.455,0,0,0.319,0,0,0,0,0,0,0,0,0.215,0.161,0.23,0,0,0,0.293,0.322,0,0.267,0,0.346,0.365,0,0,0,0,0.217,0,0,0,0.205,0,0.211,0,0,0.276,0,0,0.419,0,0,0,0,0,0.187,0,0.203,0,0,0,0,0,0,0,0,0,0,0,0,0,0,0.236,0,0.734,0,0.561,0,0,0,0,0,0.17,0,0,0,0.224,0,0,0,0,0,0,0,0,0,0.175,0,0,0.177,0,0,0,0,0,0,0.269,0,0.321,0,0.232,0,0,0.169,0,0,0,0.199,0,0.229,0,0.17,0,0,0,0,0,0.169,0,0,0,0,0.598,0,0,0,0,0,0,0,0,0,0,0,0,0.152,0,0,0,0,0,0,0.341,0,0,0,0,0,0,0,0,0,0,0.178,0,0,0,0,0,0,0,0,0,0.267,0,0.91,0,0.359,0.194,0,0,0,0,0,0,0.223,0.341,0,0.215,0,0,0.569,0,0,0.671,0,0,0,0,0,0,0.15,0,0,0,0,0.377,0.234,0,0,0.175,0.17,0,0.213,0,0.208,0.15,0,0.174,0.191,0,0,0,0,0.393,0.178,0.22,0.19,0.171,0,0,0,0,0.41,0,0.41,0,0.198,0,0.254,0,0,0,0,0,0,0,0,0,0,0,0,0,0,0,0,0,0,0,0,0,0.326,0,0,0.262,0,0,0,0,0,0,0,0,0.475,0.17,0,0,0,0,0.281,0,0,0,0,0,0,0.324,0,0.381,0,0.167,0,0,0,0,0.257,0,0.222,0,0,0,0.226,0,0,0,0.89,0,0,0,0.627,0,0,0,0,0,0,0,0.199,0,0,0,0,0.91,0,0.178,0,0.479,0,0.188,0,0,0.421,0,0,0,0,0,0.201,0,0,0,0,0.167,0,0,0.168,0.153,0,0,0,0.178,0,0,0.293,0.165,0.173,0,0,0,0,0,0,0,0,0,0,0,0,0,0,0,0,0,0,0.882,0.823,0,0,0,0.206,0.266,0,0,0,0.396,0,0,0,0,0,0,0,0,0.157,0,0,0,0,0,0,0,0,0,0,0.236,0,0,0,0,0,0.19,0.236,0,0,0,0,0.307,0,0,0,0.267,0,0.319,0,0,0.267,0,0.22,0,0,0.151,0.49,0.162,0,0,0.239,0.174,0.158,0,0,0,0,0.184,0,0,0.208,0.206,0,0.248,0,0.57,0,0,0,0.692,0.2,0,0,0,0.206,0,0,0.164,0,0,0,0,0,0,0.322,0.156,0,0,0,0,0,0,0,0.446,0,0,0.209,0.586,0,0,0,0,0,0,0,0.16,0,0,0.178,0,0,0,0.155,0.153,0,0,0,0,0.393,0,0,0.219,0,0,0,0,0,0.202,0,0.225,0,0,0,0,0,0.218,0.159,0,0,0,0,0,0.45,0,0.19,0,0.997,0,0.976,0.209,0,0.202,0,0,0.187,0,0,0,0,0,0,0,0,0,0.162,0,0,0,0,0,0,0,0,0,0,0,0,0.169,0,0,0,0,0,0,0,0,0,0,0,0,0,0,0.155,0,0,0,0,0,0,0,0,0,0,0,0,0.251,0,0,0,0,0,0,0,0,0,0.275,0,0,0,0,0,0.357,0,0.249,0,0,0,0.176,0,0,0.291,0,0,0,0,0,0,0,0,0,0,0,0,0,0,0,0,0,0,0,0,0,0,0,0,0.155,0,0,0,0,0,0,0,0.321,0,0,0,0,0,0,0,0,0,0,0,0,0,0,0,0,0,0,0,0,0,0,0,0,0,0,0,0,0,0,0,0,0,0,0,0,0.241,0,0,0,0,0,0.224,0,0,0,0,0,0,0,0,0,0,0,0,0,0,0.174,0,0,0,0,0,0,0,0,0,0,0,0,0,0,0,0,0,0.171,0.437,0.174,0,0.687,0,0,0,0,0,0,0,0.347,0,0,0,0,0,0,0,0,0,0,0,0,0,0,0.264,0,0,0,0,0,0,0,0,0.196,0,0,0,0.215,0,0,0,0.164,0,0.258,0,0,0.152,0,0,0,0,0.191,0,0,0,0,0,0,0,0,0,0.175,0,0,0.381,0,0,0,0,0,0,0,0,0,0,0,0.43,0,0,0,0,0,0,0,0,0,0,0,0,0,0,0,0,0,0,0,0,0,0,0,0,0,0,0,0,0,0,0,0,0,0,0.195,0,0.175,0,0.165,0,0,0,0,0,0,0.222,0.216,0,0,0,0,0,0,0,0,0,0,0,0,0.201,0,0,0,0,0,0,0,0,0,0,0,0,0,0,0.166,0,0.156,0.2,0,0,0,0,0,0,0,0,0,0,0,0,0,0,0,0,0,0,0,0,0,0,0,0,0.671,0,0,0,0,0,0,0,0,0.244,0,0,0,0,0,0.433,0,0,0,0,0,0,0,0,0,0,0,0.195,0,0,0,0,0.312,0,0,0,0,0,0,0,0,0,0.17,0,0,0,0.245,0,0,0.157,0.154,0.196,0,0,0,0,0,0,0,0,0,0.256,0,0,0,0,0,0,0,0,0,0,0.713,0.24,0,0,0,0,0,0,0,0,0,0,0,0,0,0,0,0,0,0,0,0.349,0,0,0,0,0,0,0,0,0,0,0,0,0,0,0.29,0,0,0,0,0,0,0,0,0,0,0.152,0,0,0,0,0,0,0,0,0,0,0,0,0.162,0,0,0,0,0,0,0,0,0,0,0,0,0,0.219,0.356,0,0,0,0,0,0,0,0,0,0,0,0,0,0,0,0,0,0.178,0.155,0.354,0,0,0,0,0,0.197,0,0,0.498,0,0,0,0,0,0,0,0.171,0,0,0,0,0.273,0,0,0,0,0,0,0,0,0,0,0,0,0,0,0,0,0,0,0,0,0,0,0,0,0,0.253,0,0,0,0,0,0,0,0,0,0,0,0,0.344,0,0,0.536,0.15,0,0.194,0,0,0,0,0.184,0,0,0,0,0,0,0,0.157,0,0,0,0,0,0,0,0,0,0,0,0.162,0,0,0,0,0.189,0,0,0,0,0,0,0,0,0,0,0,0,0,0,0,0,0,0,0,0,0,0,0,0,0,0,0,0,0.307,0,0.156,0,0,0.643,0,0,0,0,0,0,0,0,0,0,0,0,0,0,0,0,0,0,0,0,0,0,0,0,0,0,0,0,0.193,0,0,0,0,0,0,0,0,0,0.832,0,0,0,0,0,0.195,0,0,0,0,0,0.235,0,0,0,0,0,0,0,0.232,0,0,0,0,0,0,0,0,0,0,0,0,0,0,0,0,0.214,0,0,0,0,0,0,0,0,0,0,0,0.259,0,0,0.215,0,0,0,0,0,0,0,0.214,0,0.274,0,0,0,0,0,0,0,0,0,0,0,0,0,0,0.503,0,0,0,0.301,0.338,0,0.313,0,0,0,0.19,0,0,0.164,0,0,0,0,0,0,0,0.529,0,0,0,0,0,0,0,0,0,0,0.298,0.189,0,0,0,0,0,0,0,0,0,0,0,0.392,0,0,0.225,0,0,0,0,0,0,0,0,0,0,0,0,0,0,0,0,0,0,0.169,0,0,0,0.223,0,0,0,0,0,0,0.206,0,0,0,0,0.228,0,0,0,0,0,0,0,0,0,0,0,0,0,0,0.171,0,0.368,0,0,0,0,0,0.192,0,0,0,0.198,0,0.191,0,0,0,0,0,0.374,0,0,0,0,0,0,0,0,0,0,0,0,0,0.309,0,0,0,0,0,0,0,0,0.156,0,0,0.369,0.203,0.269,0,0,0,0,0,0,0,0,0,0,0,0,0,0,0.597,0,0,0,0,0,0,0,0,0,0.187,0,0,0,0,0,0,0,0,0,0,0,0,0,0.315,0,0,0,0,0,0,0,0,0,0,0,0,0,0,0,0,0,0,0,0,0,0,0,0,0,0,0.191,0,0.319,0,0,0,0,0,0,0,0,0.448,0,0,0,0.163,0,0,0,0,0,0,0,0,0,0.254,0,0,0,0.229,0,0,0,0,0,0,0,0,0,0,0,0,0.585,0,0,0.918,0,0,0,0,0,0,0,0,0.281,0,0.196,0.22,0,0,0,0,0.157,0,0,0,0,0,0,0.223,0,0,0,0,0,0.403,0,0,0,0,0,0,0,0,0,0,0,0,0.202,0.202,0,0,0,0,0,0,0.165,0,0,0,0,0.165,0,0,0.473,0,0.16,0,0,0,0,0,0,0,0,0.18,0,0,0,0,0,0,0,0,0,0,0,0.197,0,0,0,0,0,0,0,0,0,0.349,0,0,0,0,0,0,0.5,0,0,0.304,0,0,0,0,0,0,0,0,0,0.316,0,0,0,0,0,0,0,0.155,0,0,0,0,0,0.227,0,0,0,0.276,0,0,0,0.452,0,0,0.16,0.222,0,0,0,0,0.254,0.284,0,0.621,0,0.204,0,0,0,0,0,0,0,0.247,0,0,0,0.254,0,0,0,0,0,0,0,0,0,0,0,0,0,0,0,0,0.546,0,0,0,0,0,0,0,0,0.178,0,0.227,0,0,0,0,0,0,0,0,0,0,0,0,0,0,0,0,0,0,0,0.184,0,0,0,0,0,0,0,0,0,0.171,0,0,0,0,0,0,0,0,0,0,0.2,0,0.748,0.518,0.252,0,0,0,0,0.644,0,0,0,0.39,0,0,0,0,0,0,0,0,0.191,0,0.163,0,0,0,0,0.234,0,0,0,0,0.633,0.183,0.21,0,0,0,0.284,0,0,0,0,0.245,0,0,0,0,0,0,0.177,0,0.813,0.17,0,0.197,0,0,0,0,0.156,0,0,0,0,0.274,0,0,0.74,0,0.257,0,0,0,0,0,0,0.195,0,0,0,0,0,0,0,0.41,0,0.162,0,0,0,0,0.244,0,0,0,0,0,0,0,0.228,0,0,0,0.74,0.245,0,0.191,0,0,0,0,0,0.33,0,0.308,0,0.277,0,0,0,0,0,0,0,0,0,0,0,0,0,0,0,0,0,0,0,0,0,0,0,0,0,0,0,0,0,0,0,0,0,0,0,0,0,0,0,0,0,0,0,0,0,0,0,0,0,0,0,0,0,0,0,0,0,0,0,0,0,0,0,0,0.169,0,0,0,0,0,0,0,0,0.198,0,0,0,0,0,0,0,0,0,0,0,0,0,0,0,0,0,0,0,0,0,0,0,0,0,0,0,0,0.229,0,0,0,0,0,0.626,0,0,0,0,0,0,0,0,0,0,0,0,0,0,0,0,0,0,0,0,0,0,0,0,0,0,0,0,0,0,0,0,0,0,0,0,0,0,0.394,0,0,0.312,0,0,0.229,0,0,0,0,0,0,0,0,0,0,0,0,0.208,0,0,0,0,0,0.192,0,0,0,0,0,0,0.199,0,0,0,0,0,0,0,0,0,0,0,0,0,0,0,0,0,0,0,0.348,0,0,0,0,0,0,0,0,0,0,0,0,0,0,0,0,0,0,0,0,0,0,0,0,0,0,0,0,0,0,0,0,0,0.194,0,0,0,0,0,0,0,0,0,0,0,0,0,0,0,0,0.155,0,0,0,0,0,0,0,0,0,0,0,0,0,0,0,0,0,0,0,0,0,0,0,0,0,0,0,0,0,0,0,0,0,0,0,0,0,0.231,0,0,0,0,0,0,0,0,0,0,0,0.614,0,0,0,0,0,0,0,0,0,0,0.308,0,0,0,0,0,0,0,0,0,0,0,0,0,0,0,0,0,0,0,0,0,0,0,0,0,0,0,0,0,0,0,0,0,0,0.257,0,0,0,0,0,0,0,0,0,0,0,0,0,0,0,0,0,0.23,0,0,0,0,0,0,0,0,0,0.156,0,0,0,0,0,0,0,0,0,0,0,0.205,0,0,0.606,0.235,0,0.158,0,0,0,0,0.161,0.468,0,0,0,0.176,0,0,0,0,0,0,0,0,0,0,0.171,0.176,0,0,0,0,0.169,0,0,0,0,0.323,0,0,0,0,0,0.157,0.181,0.35,0,0,0,0,0,0,0,0,0,0,0,0,0.176,0,0,0,0,0.178,0,0,0,0,0,0,0,0.171,0,0.188,0,0,0,0,0,0.155,0,0.703,0,0,0.175,0,0,0.339,0,0,0,0,0,0,0,0,0,0,0,0.404,0,0,0,0,0,0,0,0,0,0,0,0,0,0,0,0,0,0,0,0,0,0,0,0.218,0.336,0,0.198,0,0.356,0,0.543,0,0,0,0,0,0,0.183,0.904,0,0,0,0,0,0,0,0.153,0,0.215,0,0.235,0.181,0,0,0,0,0,0.204,0.246,0,0,0.282,0,0.313,0,0.336,0,0,0,0.173,0,0,0,0,0,0,0,0,0,0,0,0,0,0,0.214,0,0,0.279,0,0,0,0,0,0.339,0.176,0,0,0,0,0,0,0,0,0,0,0,0,0,0.166,0,0,0,0,0,0,0,0,0,0,0.15,0,0,0,0,0,0.169,0,0,0.173,0,0,0,0,0.161,0,0,0,0,0,0.554,0,0,0,0,0,0,0,0,0,0,0,0,0,0,0,0,0,0,0,0,0,0,0,0,0,0,0,0.171,0,0,0,0,0,0,0,0,0.155,0.404,0,0,0,0,0,0,0,0,0,0,0,0.28,0,0,0,0,0,0,0,0,0,0,0,0,0,0.901,0,0,0.151,0,0,0,0,0,0.151,0,0,0,0,0,0,0,0.232,0,0,0.247,0,0,0,0,0.292,0.368,0,0,0.174,0.2,0,0,0.337,0,0.217,0.214,0,0,0,0,0,0.437,0,0,0,0.161,0,0,0,0.16,0.351,0,0,0,0,0,0.174,0,0,0.203,0,0,0,0,0,0,0,0,0,0.234,0,0,0.245,0,0,0,0,0,0,0,0,0.366,0,0,0,0,0.176,0,0,0,0,0.236,0,0.188,0,0,0,0,0,0,0,0,0,0,0,0,0,0,0,0,0,0,0,0,0,0,0,0,0,0,0.558,0,0,0,0,0,0,0,0,0,0,0.228,0,0,0,0.164,0,0,0,0.16,0,0,0.318,0,0.169,0,0,0,0,0,0.208,0,0,0,0,0.265,0,0,0,0.251,0,0,0.389,0,0,0,0,0,0,0,0.327,0,0,0,0,0,0,0,0,0,0,0,0,0,0,0,0,0,0.329,0,0,0,0,0,0,0,0,0,0,0,0,0,0,0,0,0,0,0,0,0,0,0,0,0,0,0,0,0,0,0,0,0,0,0,0,0,0.317,0,0,0.303,0,0,0,0,0,0,0,0,0,0,0.187,0,0,0,0,0,0,0,0.151,0,0,0,0,0,0,0,0,0,0,0,0,0,0,0,0,0,0,0,0,0,0,0,0,0,0.185,0.373,0,0.282,0,0,0.155,0,0,0,0,0,0,0,0,0,0,0,0,0,0,0,0,0,0,0,0,0,0,0,0,0,0.152,0,0,0.376,0,0,0,0,0,0.194,0,0.176,0,0,0,0,0,0,0.271,0.462,0,0,0,0,0.22,0,0.152,0,0.166,0,0,0,0,0,0,0,0,0.295,0,0,0,0,0,0,0,0,0,0,0,0,0,0,0,0.334,0.17,0,0,0,0,0,0,0.757,0,0,0,0,0,0,0,0,0,0,0,0,0,0,0,0,0.758,0,0,0,0,0,0,0.248,0,0,0,0,0.305,0,0,0,0,0,0,0,0.178,0,0,0,0,0,0,0,0,0,0,0,0,0.196,0,0,0,0,0,0,0,0,0,0,0,0,0,0,0,0.322,0,0,0,0.305,0.364,0,0.281,0,0,0,0,0,0,0,0,0,0,0,0,0,0,0.195,0,0,0,0,0,0,0,0,0,0,0,0,0,0,0.21,0,0,0,0,0.161,0,0,0.158,0,0,0,0,0,0,0,0,0,0,0.181,0,0,0,0,0,0.161,0,0,0,0,0,0,0,0,0,0,0,0,0,0,0.175,0,0.156,0,0,0,0,0.5,0,0,0,0.178,0,0,0,0.481,0,0,0,0.407,0.27,0,0,0,0,0,0,0,0,0,0,0.205,0.194,0,0,0,0,0,0,0,0,0,0,0,0,0,0,0,0,0,0,0,0,0.259,0,0,0,0,0,0,0,0,0,0,0,0,0,0,0,0,0,0,0,0,0,0,0,0,0,0,0,0,0.178,0,0,0,0,0,0,0,0,0,0,0,0,0.187,0,0,0.187,0,0,0,0,0.308,0,0.203,0,0,0.16,0,0,0.181,0,0,0.15,0,0,0,0.153,0,0.196,0,0,0,0,0,0,0,0.159,0,0,0,0,0,0,0,0,0,0,0,0,0,0,0,0,0,0,0,0,0,0,0.242,0,0.251,0,0,0,0,0,0,0,0,0,0.177,0,0,0,0,0,0,0,0.151,0,0,0,0,0,0,0,0,0,0,0,0,0,0,0,0,0,0,0,0,0,0,0,0.173,0.296,0,0,0,0,0,0,0,0,0,0,0,0,0,0,0,0,0,0,0,0,0,0,0.558,0,0,0,0,0,0,0,0,0.177,0,0,0,0,0,0,0.456,0.36,0,0,0,0,0.627,0,0,0,0,0,0.367,0,0,0,0,0,0,0,0,0,0,0,0,0,0,0,0,0,0,0,0.202,0,0.198,0,0,0,0,0,0,0,0,0.309,0.153,0,0,0,0,0,0,0.214,0,0,0,0,0,0,0,0.199,0.426,0,0,0.27,0,0,0,0,0.183,0,0,0,0,0,0,0,0,0,0,0,0,0,0,0,0,0,0,0,0.205,0,0,0,0,0,0,0,0.166,0,0,0,0,0,0,0,0,0,0.192,0,0,0,0,0,0,0,0,0,0,0,0,0,0,0,0,0,0,0,0,0,0,0,0,0.349,0,0.22,0,0,0,0,0,0,0,0,0,0,0,0,0,0,0,0.203,0,0,0,0,0,0.319,0,0,0,0,0,0,0,0,0,0,0,0,0,0,0,0,0,0.404,0,0,0,0,0,0.81,0,0,0,0,0.163,0,0,0,0.167,0,0,0,0,0,0,0,0,0,0,0,0,0,0,0,0,0,0,0,0,0.152,0,0,0,0,0,0,0,0,0,0,0,0,0,0,0,0,0,0,0,0,0.203,0,0,0,0,0,0,0.171,0,0,0.165,0,0,0,0,0,0,0.195,0.469,0,0,0,0,0,0,0,0,0,0,0,0,0,0,0,0,0,0,0,0,0,0,0,0,0,0.196,0,0,0,0,0,0.221,0,0,0.356,0,0,0,0,0,0,0,0,0,0,0,0,0,0,0,0,0,0.39,0,0,0,0.193,0,0,0,0,0,0,0,0,0,0,0,0,0,0.198,0,0,0,0,0,0,0,0,0,0,0,0,0,0,0,0,0,0,0,0,0,0,0,0,0,0,0,0,0,0,0,0,0,0,0,0,0,0,0,0,0,0.503,0,0,0,0,0,0,0,0,0.774,0,0,0,0,0.433,0.369,0,0.773,0.379,0,0.169,0,0,0,0,0,0,0,0,0,0,0,0,0,0,0,0,0,0,0,0,0,0,0,0,0,0,0,0,0,0,0,0,0,0,0,0,0,0,0,0,0,0,0,0,0,0,0,0,0,0,0,0,0,0,0,0,0,0,0,0,0,0,0,0,0,0,0,0,0,0,0,0,0.158,0,0.157,0,0.396,0,0,0,0,0,0,0,0,0,0,0,0,0,0,0,0,0.475,0,0,0,0,0,1
855444,0,0,0,0,0,0,0,0,0,0,0,0,0,0,0,0,0,0,0.392,0,0,0,0,0,0,0,0,0,0,0.228,0,0,0,0,0,0,0,0,0,0,0,0,0,0,0,0,0,0,0,0,0,0,0,0,0,0,0,0,0,0,0,0,0,0,0,0,0,0,0,0,0,0,0.159,0,0,0,0,0,0,0,0,0,0,0,0,0,0.194,0,0,0,0,0,0,0,0,0,0,0,0,0,0,0,0,0,0,0,0,0,0,0,0.196,0,0,0,0,0,0,0,0,0,0,0,0,0,0,0,0,0,0,0,0,0,0,0,0,0,0.162,0,0,0,0,0,0,0,0,0,0,0,0,0,0,0,0,0,0,0,0,0,0,0,0,0,0,0,0,0,0,0,0,0.267,0,0,0,0,0,0,0,0,0.228,0,0,0,0.357,0,0,0,0,0,0,0,0,0,0,0,0,0,0.312,0,0,0,0,0,0,0,0,0,0.219,0.359,0,0,0,0,0,0,0,0,0,0,0,0,0,0.483,0.238,0,0,0,0.169,0,0,0,0.195,0.376,0,0.819,0,0,0.171,0,0,0,0,0,0,0,0,0,0.214,0,0.186,0,0,0,0,0,0,0,0,0,0,0,0,0.517,0.401,0,0,0,0,0.686,0,0,0,0.151,0,0,0,0,0,0,0,0,0.196,0,0,0,0,0,0,0,0,0,0,0,0,0,0,0,0,0,0,0,0,0,0,0,0,0,0,0.218,0,0,0,0,0.279,0,0,0.259,0,0,0,0,0,0.958,0,0,0,0,0.267,0,0,0,0,0,0.174,0,0,0,0,0,0,0,0,0,0,0,0,0,0,0,0.279,0,0,0,0,0.241,0,0.161,0,0,0,0,0,0.618,0,0,0,0,0,0,0.196,0,0.72,0,0,0,0,0.566,0,0,0,0,0,0,0,0,0,0.234,0,0,0,0.186,0,0,0,0,0,0.258,0,0.548,0,0,0.264,0,0,0,0,0,0,0,0.992,0,0,0,0,0,0,0,0,0.449,0,0,0,0,0,0.57,0,0,0,0,0,0,0,0,0,0,0,0,0,0,0.175,0,0,0,0,0,0.402,0.161,0,0,0.399,0,0,0,0,0,0,0,0,0,0,0,0,0,0,0,0,0,0.177,0,0,0,0,0,0,0,0,0.173,0,0,0,0,0,0.337,0,0.385,0,0,0,0,0,0,0,0,0,0,0,0,0,0,0.16,0.194,0,0,0,0,0,0,0,0,0,0,0,0,0.198,0,0,0.152,0,0,0,0,0.337,0,0,0.43,0,0,0,0,0,0,0,0,0,0,0,0,0,0,0,0,0,0,0,0,0.985,0,0.519,0,0,0.192,0,0,0,0,0,0,0,0,0,0,0,0,0.237,0,0,0,0,0,0,0,0,0,0,0,0,0,0,0,0.182,0,0,0.357,0,0,0.453,0,0,0,0,0,0.165,0.203,0,0,0,0,0,0,0,0,0,0,0,0,0,0,0,0,0,0,0,0,0,0.342,0,0,0,0,0,0,0,0,0,0,0,0,0,0,0,0.161,0,0.446,0,0,0,0,0.561,0,0.699,0.252,0,0,0,0,0,0,0,0,0,0,0,0,0,0,0,0,0.209,0,0,0,0,0,0,0,0.392,0,0.193,0,0.842,0,0,0,0,0.493,0,0,0,0,0,0,0,0,0.375,0,0.92,0,0.161,0,0,0,0.309,0,0,0,0.174,0,0,0,0,0.24,0,0,0,0,0,0,0,0,0.161,0,0,0.196,0,0,0,0,0,0,0,0,0.654,0,0,0.393,0,0,0,0,0,0,0.27,0,0,0,0,0,0.188,0,0,0,0,0.212,0,0,0,0,0,0,0,0,0.221,0,0,0,0,0.177,0,0,0.203,0,0,0,0,0,0.169,0,0.485,0,0.434,0,0,0,0.282,0,0,0,0,0,0,0.796,0,0,0,0,0,0,0,0.534,0,0,0.384,0,0.171,0,0,0.445,0.32,0,0.259,0,0,0.191,0.161,0.458,0,0,0,0.45,0,0,0,0,0.184,0,0,0,0,0,0,0,0,0,0,0.55,0.267,0,0,0,0,0,0,0,0,0,0,0,0,0,0,0,0,0,0,0.505,0,0,0.153,0,0,0,0,0,0,0,0,0,0,0.485,0.687,0.992,0,0,0.296,0,0,0,0.222,0,0,0.264,0,0.38,0.604,0,0.165,0,0,0,0,0,0,0,0,0,0,0,0,0,0,0,0,0,0.712,0,0.168,0,0.729,0,0,0,0,0,0,0,0,0,0,0,0,0,0,0,0,0,0.346,0,0,0,0,0.37,0,0,0,0,0,0,0,0,0,0,0,0,0,0,0,0,0.23,0.375,0,0,0,0,0,0,0,0,0,0,0,0,0,0,0,0,0,0.421,0,0.664,0.465,0,0,0,0,0,0,0,0,0,0,0,0,0,0,0.193,0,0,0,0,0,0,0,0,0,0,0,0,0,0,0,0,0,0.267,0,0,0,0,0,0,0,0,0,0,0,0,0,0,0,0.182,0,0,0,0,0,0,0,0,0.957,0,0,0,0,0,0,0.152,0,0,0,0,0,0,0,0,0,0,0,0,0,0,0,0,0,0.161,0,0,0,0,0,0,0,0,0,0,0,0,0,0,0,0,0,0,0,0,0,0,0,0,0,0,0,0,0,0,0,0.898,0,0,0,0,0,0,0,0,0,0,0,0,0,0,0,0.875,0,0,0,0,0,0,0,0,0,0,0,0,0,0,0,0,0,0,0,0,0,0,0,0,0,0,0,0.332,0,0,0,0,0,0,0,0,0,0,0,0,0.173,0,0,0,0,0,0,0,0,0,0,0,0,0,0,0,0,0,0,0,0,0,0,0,0,0,0,0,0,0,0.218,0,0,0,0,0,0,0,0,0,0,0,0,0,0,0,0,0,0.179,0,0,0,0,0,0,0,0,0,0,0,0,0,0,0,0,0,0.169,0,0,0,0,0.545,0,0,0,0,0,0,0,0,0,0,0,0,0,0,0,0,0,0,0,0,0,0,0,0,0,0,0,0,0,0,0,0,0,0,0,0,0,0,0,0.173,0,0,0,0,0,0,0.156,0,0,0,0,0,0,0,0,0,0,0,0,0,0,0,0,0,0,0,0,0,0,0,0.26,0,0,0,0.267,0,0,0,0,0,0,0,0,0,0,0,0,0.366,0,0,0,0,0,0,0,0,0,0,0,0,0,0,0,0.379,0,0,0,0,0,0,0,0,0,0,0,0,0,0,0,0,0,0,0,0,0,0,0,0,0,0,0,0,0,0,0.324,0,0,0,0,0,0,0,0,0,0,0,0,0,0,0,0,0,0,0,0,0,0,0,0.211,0,0,0,0,0,0,0,0,0,0,0,0,0,0,0,0,0,0,0,0.374,0,0.645,0,0,0,0,0,0,0,0,0,0,0,0,0,0,0,0,0,0.896,0,0,0,0,0,0,0.157,0,0,0,0,0,0,0,0,0,0,0.181,0,0,0,0,0,0,0,0,0,0,0,0,0,0,0,0,0,0,0,0,0,0,0,0,0,0,0,0,0,0,0,0,0,0,0,0,0,0,0,0,0,0,0,0,0,0,0,0,0,0.738,0,0,0,0,0,0,0,0,0.583,0,0,0,0,0,0,0,0,0,0,0,0,0,0,0,0,0,0,0.237,0,0,0,0,0,0,0,0,0,0,0,0,0,0,0,0.213,0,0,0,0,0,0,0,0,0,0,0,0,0,0,0,0,0,0,0,0,0,0,0,0,0,0,0,0,0,0,0,0,0.171,0,0,0,0.156,0,0,0,0,0,0,0,0,0,0,0,0,0,0,0,0,0,0,0,0,0.206,0,0,0.188,0,0,0,0,0,0,0,0,0,0,0,0,0.186,0,0,0,0,0,0,0,0,0,0,0,0,0,0,0,0,0,0,0,0,0,0,0,0,0,0,0,0,0,0,0,0,0,0,0.261,0,0,0,0,0,0,0,0,0,0,0.31,0,0,0,0,0,0,0,0,0,0,0,0,0,0,0,0,0,0,0.151,0,0,0,0,0,0,0,0,0,0,0,0,0,0,0,0,0.156,0.161,0,0.549,0,0,0.896,0,0,0,0.888,0,0,0,0,0,0,0,0,0,0,0,0,0,0.78,0,0,0,0,0,0,0,0,0,0,0,0,0,0,0,0,0,0,0,0,0,0.156,0,0,0,0,0,0,0,0,0,0,0,0,0.261,0,0,0,0,0,0,0,0,0,0,0,0,0,0,0,0,0.177,0,0,0,0,0.609,0,0,0,0.151,0.232,0,0,0,0,0,0.18,0,0.167,0.665,0,0,0,0.166,0,0,0,0,0,0,0.305,0,0,0,0,0,0,0,0,0.896,0,0,0.212,0,0,0,0,0.227,0,0,0,0,0,0,0,0,0,0,0,0,0,0,0,0,0,0.267,0.997,0,0,0,0,0,0,0,0,0,0,0,0,0,0,0,0,0,0,0.697,0.159,0,0,0,0,0,0,0,0,0,0,0,0.896,0,0,0,0,0,0,0.298,0,0,0,0,0,0,0,0,0,0,0,0,0,0,0,0,0,0,0,0,0,0,0,0,0,0,0,0,0,0,0,0,0,0,0.169,0,0,0,0,0,0.867,0,0,0,0,0,0,0.268,0,0,0,0.307,0,0,0.385,0.347,0,0,0,0,0,0,0,0,0,0,0,0,0,0,0,0,0,0,0,0,0,0,0,0,0,0,0,0,0,0,0,0,0,0,0,0,0,0,0.192,0,0,0,0.166,0,0,0,0,0,0,0,0,0,0,0,0,0,0,0,0,0,0,0,0.172,0,0,0.494,0,0,0,0,0,0,0,0,0,0,0,0,0,0,0.193,0,0,0,0,0,0,0,0,0,0,0,0.513,0,0,0,0,0,0,0,0,0,0,0.983,0,0,0,0,0,0.193,0,0,0,0,0,0,0,0,0.166,0,0,0,0,0,0,0,0,0,0,0,0,0,0,0.267,0,0,0,0,0,0,0.236,0,0,0,0,0,0,0,0,0,0,0,0,0,0.336,0,0,0,0,0,0,0,0,0,0,0,0,0.154,0,0,0,0,0,0,0,0,0,0,0,0,0,0,0,0,0,0,0,0,0,0,0,0,0,0,0,0,0,0,0,0,0,0,0,0,0,0,0,0.26,0,0,0,0,0,0,0,0,0,0,0,0.184,0,0,0,0,0,0,0,0,0,0,0,0,0,0,0.971,0,0,0,0,0,0,0,0,0,0,0,0,0,0,0,0.438,0,0,0,0,0,0.532,0,0,0,0,0,0,0,0,0,0,0,0,0,0,0,0,0,0,0,0,0,0,0,0,0,0,0,0,0,0,0,0,0,0,0,0,0.959,0,0,0,0,0,0,0,0,0,0,0,0,0,0,0,0,0,0,0,0,0,0,0,0,0,0,0.225,0,0,0,0,0,0,0,0,0,0,0,0,0,0,0,0,0,0,0.206,0,0,0,0,0,0,0,0,0,0,0,0,0,0,0.206,0,0,0,0,0,0,0.384,0,0,0,0,0,0,0,0,0,0,0,0.643,0,0,0,0,0.206,0.924,0,0,0,0,0,0,0,0,0,0.197,0.313,0.964,0,0,0,0,0,0,0,0,0.159,0,0,0,0,0,0,0,0,0,0,0,0,0,0,0,0,0,0,0,0,0,0.161,0,0,0,0,0,0,0.178,0,0,0,0,0,0,0,0,0,0,0,0,0,0,0,0,0,0,0,0,0,0,0,0,0,0,0,0,0,0,0,0,0,0,0,0,0,0,0,0,0,0,0,0,0,0,0.455,0,0.26,0,0,0,0,0,0,0.966,0.275,0.223,0,0,0,0,0,0.191,0,0,0,0,0,0,0,0,0,0,0,0,0,0,0,0,0,0,0,0,0,0.182,0,0.192,0,0,0,0,0,0,0,0,0.208,0,0,0,0,0,0,0,0,0,0,0,0,0,0,0,0,0,0,0,0,0,0,0,0,0,0,0,0,0,0.173,0,0.802,0,0,0,0.546,0,0,0,0,0,0,0,0.788,0,0,0,0,0,0,0,0,0,0,0,0,0,0,0,0,0,0,0,0,0,0,0,0,0,0,0,0.156,0,0,0,0,0,0,0,0,0,0,0,0.206,0,0,0,0,0,0,0,0,0,0,0.437,0,0,0,0,0,0,0,0,0,0,0,0,0,0,0,0,0,0,0,0,0,0,0,0,0,0,0,0,0,0,0,0,0,0,0,0,0,0,0,0,0.207,0,0.231,0,0,0,0,0,0,0,0,0,0,0,0.191,0,0,0,0,0,0,0,0,0,0,0,0,0,0,0,0,0,0,0,0.203,0,0,0,0,0,0,0,0,0,0,0,0,0,0,0,0,0,0,0,0,0,0,0,0,0,0,0,0,0,0,0,0,0,0,0,0,0,0,0,0,0,0,0,0,0,0,0,0,0,0,0,0,0,0,0,0,0,0,0,0,0,0,0,0,0,0,0,0,0,0,0,0,0,0,0.154,0,0,0,0,0,0,0,0,0,0,0,0,0,0,0,0,0,0,0,0,0,0,0,0.156,0,0,0,0.171,0,0,0,0.156,0,0,0,0,0,0,0,0,0,0,0,0,0,0,0,0.161,0,0,0,0,0,0,0,0,0,0,0,0,0,0,0,0.156,0.217,0,0,0,0,0,0,0,0,0,0,0,0,0,0,0,0,0,0,0,0,0,0,0,0,0,0,0,0,0,0,0,0,0,0,0,0,0,0,0,0,0,0,0,0,0,0,0,0,0,0,0,0,0,0,0,0.532,0,0,0,0,0,0,0,0,0,0,0,0,0,0,0,0,0,0,0,0,0,0,0,0,0,0,0,0,0,0,0,0,0,0,0,0,0,0,0,0,0,0,0,0,0,0,0,0,0,0,0,0,0,0,0,0.186,0.358,0,0,0,0,0,0,0,0,0,0.896,0,0,0,0,0,0,0,0,0,0,0,0,0,0,0,0.221,0,0,0,0,0,0,0,0,0,0,0,0,0,0,0.196,0,0,0.538,0,0,0,0,0,0,0,0,0,0,0,0,0,0,0,0.327,0,0,0,0,0,0,0,0,0,0,0,0,0,0,0,0.195,0,0,0,0,0,0,0,0,0,0,0,0,0,0,0,0,0,0,0,0,0,0,0,0,0,0,0,0,0,0,0,0,0,0,0,0,0,0,0,0,0,0,0,0,0,0,0,0,0,0,0,0,0,0,0,0,0,0,0,0,0,0,0,0,0,0,0,0,0,0,0,0,0,0,0,0,0,0,0,0,0,0,0,0,0,0,0,0,0,0,0,0,0,0.252,0,0,0,0,0,0,0,0,0,0.315,0,0,0,0,0,0,0,0,0,0,0,0,0.363,0,0,0,0,0,0,0,0,0,0,0.279,0,0,0,0,0,0,0,0.234,0,0,0.226,0,0,0,0.754,0.312,0.177,0,0,0.161,0,0,0.25,0,0,0,0,0.201,0,0,0,0,0,0,0,0,0,0,0,0,0,0,0.336,0,0.198,0.159,0,0,0,0,0,0,0,0,0,0.522,0.907,0,0.27,0.218,0,0,0,0,0,0,0,0,0.451,0,0,0,0,0,0.353,0.316,0,0,0,0.234,0,0,0,0,0,0,0,0,0,0,0,0,0,0,0,0,0,0,0,0,0,0,0,0,0,0,0,0,0,0,0,0,0,0,0,0,0,0,0,0,0,0,0,0,0,0,0,0,0,0,0,0,0,0,0,0,0,0,0,0.226,0,0,0,0,0,0,0,0,0,0,0,0,0,0,0,0,0,0,0,0,0,0,0,0,0,0,0,0,0.193,0,0,0.354,0,0,0,0,0,0,0,0,0,0,0,0,0,0,0,0,0.175,0,0,0,0,0,0,0,0,0,0,0,0,0,0,0,0,0.163,0,0,0,0,0,0,0,0,0,0,0,0,0,0,0,0,0,0,0,0,0,0,0,0,0,0,0,0,0,0,0,0,0.187,0,0,0,0,0,0,0,0,0,0,0,0,0,0,0,0,0,0,0,0,0.355,0.974,0,0,0,0,0.278,0,0,0.219,0,0,0,0,0,0.195,0,0,0,0,0.2,0,0,0,0,0,0,0,0,0,0,0,0,0,0,0,0,0.179,0.222,0,0,0,0,0,0,0,0.182,0,0,0.2,0,0,0,0,0,0,0,0,0,0,0,0,0,0.351,0,0,0,0,0,0,0.192,0,0,0,0,0.334,0,0,0,0,0,0,0,0,0,0,0,0,0,0,0,0,0,0,0.173,0.163,0,0,0.211,0,0,0,0,0,0,0,0,0,0,0,0,0,0,0,0.592,0.268,0,0,0,0,0,0.191,0,0,0,0,0,0,0,0,0,0,0,0,0.183,0,0,0.353,0,0,0,0,0,0,0,0,0,0,0,0,0,0.212,0,0,0,0,0,0,0,0,0,0,0,0,0,0,0,0,0,0,0,0,0,0,0,0,0,0,0,0,0,0,0,0,0,0,0,0,0,0,0.22,0,0,0,0,0,0,0,0,0,0,0,0,0,0,0,0,0,0,0,0,0,0,0,0,0,0,0,0.234,0,0,0,0,0,0,0,0,0,0,0,0,0,0,0,0,0,0,0,0,0,0,0,0,0,0,0,0,0,0,0,0,0,0,0,0,0,0,0,0,0,0,0,0,0,0,0,0,0,0,0,0,0,0,0,0,0,0,0,0,0,0,0,0,0,0,0,0,0.191,0,0,0,0,0,0,0,0,0,0,0,0,0,0,0,0,0,0,0,0,0,0,0.167,0,0,0,0,0,0,0,0,0,0,0,0.188,0.453,0,0,0,0,0,0,0,0,0,0,0,0,0,0,0,0,0,0.178,0,0,0,0.402,0,0,0,0,0,0.161,0.483,0,0.889,0,0,0,0,0.833,0,0,0,0.22,0.187,0.178,0.163,0.473,0,0,0,0,0,0,0,0.34,0,0,0.3,0,0,0,0,0,0,0,0,0,0,0,0,0,0,0,0,0,0,0,0,0,0,0,0,0,0,0,0,0,0,0,0,0,0,0,0,0,0,0,0,0,0,0,0,0,0,0,0,0,0,0,0,0,0,0,0.245,0,0,0,0,0,0,0,0,0,0,0,0,0.22,0,0,0.26,0,0,0,0,0,0,0,0,0,0,0,0,0,0,0,0,0,0,0,0,0,0,0,0,0,0,0,0,0,0,0,0,0,0,0,0,0,0,0,0,0,0,0,0,0,0,0,0,0,0,0,0,0,0,0,0,0,0,0,0,0,0,0,0,0,0,0.181,0,0,0,0,0,0,0,0,0,0,0,0,0,0,0,0,0,0,0,0,0,0,0,0,0,0,0,0,0,0,0,0,0.4,0,0,0,0,0.528,0,0,0,0,0,0,0,0,0,0,0,0,0,0,0,0,0,0,0,0,0,0,0,0,0,0,0,0,0,0,0,0,0,0,0,0,0,0,0,0,0,0,0,0,0,0,0,0,0,0,0,0,0,0.196,0,0,0,0,0.179,0.504,0,0,0,0,0,0,0,0,0,0,0,0,0,0,0,0,0,0,0,0,0,0,0,0,0,0,0,0,0,0,0,0,0,0,0,0,0,0,0,0,0,0,0,0,0,0,0,0,0,0,0.628,0,0,0,0,0,0,0,0,0,0,0.173,0,0.181,0,0,0,0,0,0,0,0,0,0,0,0,0.167,0,0,0.645,0,0,0,0,0,0,0,0,0,0,0,0,0,0,0,0,0,0.191,0.163,0,0.643,0,0,0,0,0,0,0,0,0,0,0,0,0,0,0,0,0,0,0,0,0,0,0,0,0,0,0,0,0,0,0,0,0,0,0,0,0,0,0,0,0,0,0,0,0,0,0,0,0,0,0,0,0,0,0,0,0,0.258,0,0,0,0,0,0,0,0,0.195,0,0,0,0,0,0,0,0,0,0.163,0,0,0,0,0,0,0,0,0,0,0,0,0,0,0,0,0.194,0,0,0,0,0.193,0,0,0,0,0,0,0,0.209,0,0,0,0,0,0,0,0,0,0,0,0,0,0,0,0,0,0,0,0,0,0,0,0,0,0,0,0,0,0,0,0,0,0,0,0,0,0,0,0,0,0,0,0,0,0,0,0,0.192,0,0,0.254,0,0,0,0,0,0,0,0,0,0,0,0,0,0,0,0,0,0,0,0,0,0,0.954,0,0.166,0,0,0,0,0,0,0,0,0,0,0,0,0,0,0,0,0,0,0,0,0,0.318,0,0,0,0,0,0,0,0,0,0,0,0,0,0,0,0,0,0,0.163,0,0,0,0,0,0,0,0,0,0,0,0,0,0
854235,0,0,0,0,0,0,0.449,0,0,0,0,0,0,0,0,0,0,0,0,0,0,0,0,0,0,0,0,0,0,0.205,0,0,0,0,0,0,0,0,0,0,0.197,0,0,0.22,0,0,0,0.702,0,0,0,0,0,0,0,0,0,0,0,0,0,0,0.337,0,0,0,0,0.159,0,0.315,0.427,0,0,0,0,0.261,0.254,0.92,0,0,0,0,0.346,0,0,0,0,0,0,0,0,0,0,0,0.246,0,0,0,0,0,0,0,0,0,0,0,0,0,0,0,0,0,0,0,0.348,0,0,0,0,0,0,0,0,0,0,0.25,0,0,0,0,0,0,0,0,0,0,0,0,0,0,0,0,0,0,0,0,0,0,0,0,0.194,0,0,0,0,0,0,0,0,0,0,0,0,0.185,0,0.228,0,0.209,0,0,0,0,0.374,0,0,0,0,0,0,0,0,0,0,0,0,0,0,0,0,0,0,0,0,0,0,0,0.159,0,0,0.284,0,0,0,0,0,0,0,0,0,0,0,0,0,0,0,0,0,0,0,0,0,0,0,0,0,0,0.335,0,0,0,0,0,0,0,0,0,0,0.163,0,0,0,0,0,0,0,0,0,0,0,0,0,0,0,0,0,0,0,0,0,0,0,0,0,0,0,0,0,0,0,0,0.662,0,0,0,0,0,0,0,0,0.262,0,0,0.288,0,0,0,0,0,0,0,0,0,0,0,0,0,0,0,0,0,0,0,0,0,0,0,0.183,0,0,0,0,0,0,0,0,0,0,0,0,0,0,0,0,0,0,0,0,0,0,0,0,0,0,0,0,0,0,0,0,0,0.161,0,0,0,0,0,0,0,0,0,0,0,0,0,0.255,0,0,0,0,0,0,0,0,0,0,0,0.343,0,0,0,0,0,0,0,0,0,0,0,0,0,0,0,0,0,0,0,0,0,0,0,0,0,0,0,0,0,0,0,0,0,0,0,0,0,0,0,0,0,0,0,0,0,0,0,0,0.267,0,0,0,0,0.19,0,0,0,0,0,0,0,0,0,0,0,0,0.24,0,0,0,0,0,0,0,0,0,0,0,0,0,0,0,0,0,0,0,0,0,0,0,0,0,0,0,0,0,0,0,0,0,0,0,0,0,0,0,0,0,0.267,0,0,0,0,0,0,0,0.224,0,0,0,0,0,0,0,0,0,0,0,0,0,0,0,0,0,0,0,0.272,0,0,0,0,0,0,0,0,0,0,0,0,0,0,0,0,0,0,0,0,0,0,0,0.238,0,0,0,0,0,0,0,0,0,0,0,0,0,0,0,0,0,0,0,0,0,0,0,0,0,0,0,0,0,0.154,0,0.181,0,0,0,0,0,0,0,0,0,0,0,0,0.538,0,0,0,0,0,0,0,0,0,0,0,0,0,0,0,0,0,0,0.218,0.174,0,0,0,0,0,0,0,0,0,0,0,0,0,0,0,0,0,0,0,0,0,0,0,0,0,0,0,0,0,0,0,0,0,0,0,0,0,0,0,0,0,0,0,0,0,0,0,0,0,0,0,0,0,0,0,0,0,0,0,0,0,0,0,0,0,0,0,0,0,0,0,0,0,0,0,0,0,0,0,0,0,0,0,0,0,0,0,0,0,0,0,0,0,0,0,0,0,0,0,0,0,0,0.233,0,0,0,0,0.267,0,0,0,0,0,0,0,0,0,0,0,0,0,0,0,0,0,0,0,0,0,0,0,0,0,0,0,0,0,0,0,0,0,0,0,0,0,0,0,0,0,0,0,0,0,0,0,0,0,0,0,0,0,0,0,0,0,0,0,0,0,0,0,0,0,0,0,0,0,0,0,0,0,0,0,0,0,0,0,0,0,0,0,0,0,0,0,0,0,0,0,0,0.185,0,0,0,0,0,0,0,0,0,0,0,0,0,0,0,0,0,0,0.267,0,0,0,0,0,0,0,0,0,0,0,0,0,0,0,0,0,0,0,0,0,0,0,0.225,0,0.686,0,0,0,0,0,0,0,0,0,0,0,0,0,0,0,0,0.578,0.172,0,0,0,0,0,0,0,0,0,0,0,0,0,0,0,0,0,0,0,0,0,0,0,0,0,0,0,0,0,0,0,0,0,0,0,0,0,0,0,0,0,0.267,0,0,0,0,0,0,0,0,0,0,0,0,0,0,0,0,0,0,0,0,0,0,0,0,0,0,0,0,0,0,0,0,0,0,0,0.281,0,0.185,0,0,0,0,0,0,0,0,0,0,0,0,0.62,0.642,0,0,0,0.198,0,0,0,0,0,0,0,0,0,0,0,0,0,0,0,0,0,0,0,0,0,0,0,0,0,0.185,0,0,0,0,0,0,0,0,0,0,0,0,0,0,0,0,0,0,0,0,0,0,0,0.518,0,0,0,0,0,0,0,0,0,0,0,0,0,0,0,0,0,0,0,0,0,0,0,0,0,0,0,0,0,0,0,0,0,0.163,0,0.181,0,0,0,0,0,0,0,0,0,0,0,0,0,0,0,0,0,0.16,0,0,0,0,0,0,0,0,0,0,0,0,0,0,0,0,0,0,0,0,0,0,0,0,0,0,0,0,0,0,0,0,0,0,0,0,0,0,0,0,0,0,0,0,0,0,0,0,0,0,0,0,0,0,0,0,0,0,0,0,0,0,0,0,0,0,0,0,0,0,0,0,0,0,0,0,0,0,0,0,0.218,0,0,0.15,0,0,0,0,0,0,0,0,0,0.257,0,0,0,0,0,0,0,0,0,0,0,0,0,0,0,0,0,0,0.175,0,0,0,0,0,0,0,0,0,0,0,0,0,0,0,0,0,0,0,0,0,0,0,0,0,0,0,0,0,0,0,0,0,0,0.207,0,0,0,0,0,0,0,0,0,0,0,0,0,0,0,0,0,0,0,0.183,0,0,0,0,0,0,0,0,0,0,0,0,0,0,0.477,0.514,0,0,0,0,0,0,0,0,0,0,0,0,0,0,0,0,0,0,0,0,0,0,0,0,0,0,0,0,0,0,0,0,0,0,0,0,0,0,0,0,0,0,0,0,0,0,0,0,0,0,0,0,0,0,0,0,0,0,0,0,0,0.173,0,0,0,0.191,0,0,0,0,0,0,0,0,0,0,0,0,0,0,0,0,0,0,0,0,0,0,0,0,0,0,0,0,0,0,0,0,0,0,0,0,0,0,0,0,0,0,0,0,0,0,0.186,0,0,0,0,0,0,0,0,0,0,0,0,0,0,0,0,0,0,0,0,0,0,0,0,0.221,0,0,0,0,0,0,0,0.222,0,0,0,0,0,0,0,0,0,0,0,0,0,0,0,0,0,0,0.669,0,0,0,0,0.182,0,0,0.181,0,0,0,0,0,0,0,0,0,0,0,0,0,0,0,0,0,0,0,0,0,0,0,0,0,0,0,0,0,0,0,0,0,0,0,0,0,0,0,0.233,0,0,0,0,0,0,0,0,0,0,0,0,0,0,0,0,0,0,0,0,0,0.219,0,0,0,0,0,0,0,0,0,0,0,0,0,0,0,0,0,0,0,0,0,0,0,0,0,0,0,0,0,0,0,0,0,0,0,0,0,0,0,0,0,0,0,0,0,0,0,0,0,0,0,0,0,0,0,0,0,0,0,0,0,0,0,0,0,0,0,0,0,0,0,0,0,0,0,0,0.928,0,0,0,0,0,0,0,0,0,0,0,0.999,0.259,0.367,0.598,0,0,0,0,0.183,0.373,0.956,0,0,0.288,0,0,0,0,0.307,0,0,0,0,0,0,0,0,0,0.232,0,0,0,0.704,0.232,0.537,0,0.273,0.858,0,0,0,0,0,0.665,0.999,0,0,0,0.662,0,0,0,0,0,0,0,0,0,0,0,0,0,0,0.242,0,0,0,0,0,0,0,0,0,0,0,0,0.442,0,0,0,0,0,0,0,0,0,0,0,0,0,0,0,0,0,0,0,0,0,0,0,0,0,0,0,0,0,0,0,0,0,0,0,0.394,0,0,0,0,0,0.545,0,0,0,0,0,0,0,0,0,0,0,0,0,0,0,0,0,0,0.361,0,0,0,0,0,0,0,0,0,0,0,0,0,0,0,0,0,0,0,0,0,0,0,0,0,0,0,0,0,0,0,0,0,0,0,0,0,0,0,0,0,0,0,0,0,0,0,0,0,0,0,0,0,0,0,0,0,0,0,0,0,0,0.176,0,0.244,0,0,0.229,0,0,0,0,0,0,0,0,0,0,0,0,0,0,0.394,0,0,0.161,0,0,0,0,0,0,0.308,0,0,0,0,0,0,0,0,0,0.205,0,0,0,0,0,0,0.303,0,0,0,0,0,0,0,0,0,0,0,0,0,0,0,0,0,0,0,0,0,0,0,0,0,0,0,0,0,0,0,0,0,0,0,0,0,0,0,0,0,0,0,0,0,0,0,0,0,0,0,0,0,0,0,0,0,0,0,0,0,0,0,0,0,0,0,0,0.181,0,0,0,0,0,0,0,0,0,0,0,0,0,0,0,0,0,0,0,0,0,0,0,0,0,0,0.218,0,0,0,0,0,0,0,0.181,0,0,0,0,0,0,0,0,0.999,0,0,0,0,0,0.236,0,0.202,0,0,0,0,0,0,0,0,0,0,0,0,0,0,0.239,0,0,0,0,0,0,0,0,0,0,0,0,0,0,0,0,0,0,0,0,0,0,0,0,0,0,0,0,0,0,0,0,0,0,0,0,0,0,0,0,0,0,0.184,0,0,0.226,0,0,0,0,0,0,0,0,0.181,0,0,0,0,0,0,0,0,0,0,0,0,0,0,0,0,0,0,0,0,0,0,0,0,0,0,0,0,0,0,0,0,0,0,0,0,0,0,0,0,0,0,0,0,0,0,0,0,0,0,0,0,0,0,0,0,0,0,0,0,0,0,0.266,0,0,0,0,0,0,0,0,0,0,0,0,0,0.196,0,0,0,0,0,0,0,0,0,0,0,0.261,0,0,0,0.254,0,0,0,0,0,0,0,0,0,0,0,0,0,0,0,0,0,0.161,0,0,0.294,0,0,0,0,0,0,0,0,0,0,0,0.187,0,0,0,0,0,0,0,0,0,0,0,0,0,0,0,0,0,0,0,0,0,0,0,0,0,0,0,0,0,0,0,0,0,0,0,0,0,0,0,0,0.197,0,0,0,0,0,0,0,0,0,0,0,0,0,0,0,0,0,0.192,0,0,0.179,0,0,0,0,0,0,0,0.218,0,0,0,0,0,0,0,0,0,0,0,0,0,0,0,0,0,0,0,0,0,0,0,0,0,0,0,0,0,0,0,0,0.735,0,0,0,0,0,0,0,0,0,0,0,0,0,0,0,0,0,0,0,0,0.439,0,0,0,0,0,0,0,0,0,0,0,0,0,0,0,0.179,0,0,0,0,0,0,0,0.461,0,0,0,0,0,0,0,0.372,0,0,0,0,0,0,0,0,0,0,0,0,0,0,0,0,0,0,0,0,0,0,0,0,0,0,0,0,0,0,0,0,0,0,0,0,0,0,0,0,0,0,0,0,0,0,0,0,0,0,0,0,0,0.229,0,0,0,0,0,0,0,0,0,0,0.247,0.626,0,0,0,0,0,0,0,0,0,0,0,0,0,0,0,0,0,0,0,0,0,0,0,0,0,0,0,0,0,0,0,0,0,0,0.19,0.186,0.194,0,0,0,0,0,0,0,0,0,0,0,0,0,0,0,0,0,0,0,0,0,0,0.204,0.196,0,0,0,0,0.342,0,0.178,0,0,0,0.405,0,0.28,0.44,0,0,0,0,0.152,0,0,0,0,0,0,0.381,0,0,0.857,0,0,0,0,0,0.289,0,0,0.309,0,0,0,0.711,0,0,0,0.292,0,0.168,0.73,0,0.999,0.243,0,0,0,0,0,0,0,0,0,0.493,0.189,0,0,0.535,0,0,0,0,0,0,0,0.16,0,0,0,0,0,0,0,0,0,0,0,0,0,0,0,0,0,0,0,0,0.815,0,0.227,0,0,0,0,0,0,0,0,0.19,0,0,0.493,0,0,0,0,0,0,0,0,0,0,0,0,0,0,0,0,0,0.159,0,0,0.221,0.323,0,0,0,0.177,0,0,0,0,0,0.226,0.186,0,0,0,0.195,0,0,0,0,0.222,0,0,0,0,0,0,0,0,0,0.336,0,0,0,0,0,0,0,0.333,0,0,0,0,0,0,0,0,0,0,0,0,0,0,0,0,0,0,0,0,0,0,0,0,0,0,0,0,0,0,0.162,0,0,0,0,0,0,0,0,0,0.172,0,0,0,0,0,0,0,0,0,0,0,0,0,0,0,0,0,0,0,0,0,0,0,0,0,0,0,0,0,0,0,0,0,0,0,0,0,0,0,0,0,0,0,0,0,0,0,0,0,0,0,0,0,0,0,0,0,0,0,0,0,0,0,0,0,0,0,0,0,0,0,0,0,0,0,0,0,0,0,0,0,0,0,0,0,0,0,0,0,0,0,0,0,0,0,0,0,0,0,0,0,0,0,0,0,0,0,0,0,0,0,0,0,0,0,0,0,0,0,0,0,0,0,0,0,0,0,0,0,0,0,0,0,0,0,0,0,0,0,0,0,0,0,0,0,0,0,0,0,0,0,0,0,0,0,0,0.203,0.242,0,0,0,0,0,0,0,0,0,0,0,0,0,0,0,0,0,0,0,0,0,0,0,0,0,0,0,0,0,0,0,0,0,0,0,0,0,0,0,0,0,0,0,0,0,0,0,0,0,0,0,0,0,0,0,0,0,0,0,0,0.317,0,0,0,0,0,0,0,0,0,0,0,0,0,0,0,0,0,0,0,0,0,0,0.158,0,0,0,0,0,0,0,0,0,0,0,0,0,0,0,0.204,0,0,0,0,0,0,0,0,0,0,0,0,0,0,0,0,0,0,0,0,0,0,0,0,0,0,0,0.321,0,0,0,0,0,0,0,0,0,0,0,0,0,0,0,0,0,0,0,0,0,0,0,0,0,0,0,0,0,0,0,0,0,0,0,0,0,0,0,0,0,0,0,0,0,0,0,0,0,0.248,0,0,0,0,0,0,0,0,0,0,0,0,0,0,0,0,0,0,0,0,0,0,0,0,0,0,0,0,0,0,0,0,0,0,0,0,0,0,0,0,0,0,0,0,0,0,0,0,0,0,0,0,0,0,0,0,0,0,0.434,0,0,0,0,0,0,0,0,0,0,0,0,0,0,0,0,0,0,0,0,0.22,0,0,0.28,0,0,0,0,0,0,0,0,0,0,0,0,0,0,0,0,0,0,0,0,0,0,0,0,0,0,0,0,0,0.199,0,0,0,0,0,0,0,0,0,0,0,0,0,0,0,0,0,0,0,0,0,0,0,0,0,0,0,0,0,0,0,0,0,0,0,0,0,0,0,0,0,0,0,0,0,0,0,0,0,0,0,0,0,0,0,0,0,0,0,0,0,0,0,0,0,0,0.22,0,0,0,0,0,0,0.251,0,0,0,0.244,0.425,0.224,0,0.248,0.214,0.248,0,0.235,0.403,0,0.205,0.457,0,0,0,0,0,0,0,0.358,0,0,0.227,0,0,0,0,0.317,0.229,0.286,0,0.476,0.284,0,0,0,0,0,0,0,0,0,0,0,0,0,0,0,0,0,0,0,0,0,0,0,0,0,0,0,0,0,0,0,0,0,0,0,0,0,0,0,0,0,0,0,0,0,0,0,0,0,0,0,0.214,0,0,0.641,0,0,0,0,0,0,0,0,0,0,0,0,0,0,0,0,0,0,0,0,0,0,0,0,0,0,0,0,0,0,0,0,0.759,0,0,0,0,0,0,0,0,0,0,0,0,0,0,0,0,0,0,0,0,0,0,0,0,0,0,0,0,0,0,0,0,0,0,0,0,0,0,0,0,0,0,0.151,0,0,0,0,0,0,0,0,0,0.6,0.29,0,0,0,0,0,0,0,0,0,0,0,0,0,0,0,0,0,0.255,0,0,0,0,0,0,0,0,0.162,0,0,0,0,0,0,0,0,0,0,0,0,0,0,0,0,0,0,0,0,0,0,0,0,0.162,0,0,0,0,0,0,0,0,0,0,0,0,0,0.204,0,0,0,0,0,0,0,0,0,0,0,0,0.162,0,0,0,0,0.475,0,0,0,0,0,0,0,0,0,0,0,0,0,0,0,0,0,0,0.162,0,0,0,0,0,0,0.179,0,0,0,0,0,0,0,0,0,0,0,0,0,0,0,0,0,0,0,0,0,0,0,0,0,0,0,0,0,0,0,0.338,0,0,0,0,0,0,0,0,0,0,0,0,0,0.199,0,0,0,0,0,0,0,0,0,0,0,0,0,0,0,0,0,0,0,0.219,0,0,0,0,0,0,0,0,0,0,0,0,0,0.312,0,0,0,0,0,0,0,0,0,0,0,0,0,0,0,0,0,0,0,0,0,0,0,0,0,0,0,0,0,0,0,0,0,0,0,0,0,0,0,0,0,0,0,0,0,0,0,0,0,0,0,0,0,0,0,0,0,0,0,0,0,0,0,0,0,0,0,0,0,0,0,0,0,0,0,0,0,0,0,0,0,0,0,0,0,0,0,0,0,0,0,0,0,0,0,0.16,0,0,0,0,0,0,0,0,0.255,0,0,0,0,0,0,0,0,0,0,0,0,0,0,0,0,0.195,0,0,0,0,0,0,0,0,0.171,0,0,0,0,0,0,0,0,0,0,0,0,0,0,0,0,0,0,0,0,0,0,0,0,0,0,0,0,0,0,0,0,0,0,0,0,0,0,0,0,0,0,0,0,0,0,0,0,0,0,0,0,0,0,0,0,0,0,0,0,0,0.184,0,0,0,0,0,0,0,0,0.171,0,0,0.459,0,0,0,0,0,0,0,0,0,0,0.161,0,0,0,0,0,0,0,0,0,0,0,0,0,0,0,0,0,0,0,0,0,0,0,0.199,0,0,0,0,0,0.157,0,0,0,0,0,0,0,0,0,0,0,0,0,0.194,0,0.15,0,0,0,0,0,0,0,0,0,0,0,0,0,0,0,0,0,0,0,0,0,0,0,0,0,0,0,0,0,0,0,0,0,0,0,0,0,0.404,0.273,0.387,0,0.269,0,0,0,0,0,0,0,0,0,0,0,0,0,0,0,0,0,0,0,0.228,0,0,0.447,0,0,0,0.713,0,0,0,0,0,0,0,0.577,0,0.151,0,0,0,0,0,0,0,0,0,0,0,0,0,0.239,0,0,0.781,0.228,0.161,0,0,0,0,0,0,0,0,0.657,0,0,0,0.177,0,0,0.244,0,0,0,0,0,0,0,0,0,0,0,0,0,0,0,0,0,0,0,0,0,0,0,0.186,0.42,0,0,0,0,0.388,0,0,0,0,0,0,0.261,0,0,0,0,0,0,0,0,0.22,0,0,0,0.184,0,0,0,0,0,0,0,0.271,0,0,0,0,0,0,0,0,0,0,0,0,0,0,0,0,0,0,0,0,0,0.407,0,0,0,0,0,0,0,0,0,0,0,0,0,0,0.162,0,0,0,0,0,0,0,0,0,0,0,0,0,0,0,0,0,0,0,0,0,0,0,0,0,0,0,0,0,0,0,0,0,0,0,0,0,0,0,0,0,0,0,0,0,0,0,0,0,0,0,0,0,0,0,0,0,0,0,0,0,0,0,0,0,0,0.357,0,0,0,0,0,0,0.258,0,0,0,0,0,0,0,0,0,0,0,0,0,0.161,0.574,0,0,0.33,0,0,0,0,0.25,0.193,0,0.682,0,0,0,0,0,0,0,0,0,0,0,0,0,0,0,0,0,0,0,0,0,0,0,0,0,0,0,0,0.24,0,0,0,0,0,0,0,0,0,0,0,0,0,0,0,0,0,0,0,0.404,0,0,0,0,0,0,0,0,0,0,0,0,0,0,0,0,0,0,0,0,0.207,0,0,0,0,0,0,0,0,0,0,0,0,0,0,0,0,0,0,0,0,0,0,0,0,0,0,0,0,0,0,0,0,0.218,0,0,0,0,0,0,0,0,0,0,0,0,0,0,0,0,0,0.218,0,0,0,0,0,0,0,0,0,0,0,0,0,0,0,0,0,0.273,0,0,0,0,0,0,0,0,0,0,0,0,0,0,0,0,0,0,0,0,0,0,0,0,0,0,0,0,0,0,0,0,0,0,0,0,0,0,0,0,0,0,0,0,0,0,0,0,0
850794,0,0,0,0,0,0,0,0,0,0,0,0,0,0,0,0,0,0,0,0,0,0,0,0,0.258,0,0,0,0,0,0,0,0,0,0,0,0,0,0,0,0,0,0,0,0,0,0,0,0,0,0,0,0,0,0,0.817,0,0,0,0,0,0,0,0,0,0,0,0,0,0,0,0,0,0,0,0,0,0,0,0,0,0,0,0,0,0,0.196,0,0,0,0,0,0,0,0,0,0,0,0.228,0,0,0,0,0,0,0,0,0,0,0,0,0,0,0,0,0,0,0,0,0,0,0,0,0,0,0,0,0,0,0,0,0,0,0,0,0,0,0,0,0,0,0,0.321,0,0,0,0,0,0,0,0,0,0,0,0,0,0,0,0,0,0,0,0,0,0,0,0,0,0,0,0,0,0,0,0,0,0,0,0,0,0,0,0,0,0,0,0,0,0,0,0,0,0,0,0,0,0.358,0,0,0,0,0,0,0,0,0,0,0,0,0,0,0,0,0,0,0,0,0,0,0,0,0,0,0,0,0,0,0,0,0,0,0,0,0,0,0,0,0,0,0,0,0,0,0,0,0,0,0,0,0,0,0,0,0,0,0,0,0,0,0,0,0,0,0,0,0,0,0,0.394,0,0,0,0,0,0,0,0,0,0,0,0,0,0,0,0,0.191,0,0,0,0,0,0,0,0,0,0,0,0,0,0,0,0,0,0,0,0,0,0,0,0,0,0,0,0,0,0,0,0,0,0,0,0,0,0,0,0,0,0,0,0,0,0,0,0,0,0,0,0,0,0,0,0,0,0,0,0,0,0,0,0,0,0,0,0,0,0,0,0,0,0,0,0,0,0,0,0,0,0,0,0,0,0,0,0,0,0,0,0,0,0,0,0,0,0,0,0,0,0,0,0,0,0,0,0,0,0,0,0,0,0,0,0,0,0,0,0.241,0,0,0,0,0,0,0,0,0,0,0,0,0,0,0,0,0,0.22,0,0,0,0,0,0,0,0,0,0,0,0,0,0,0,0,0,0,0,0,0,0,0,0.158,0,0,0,0,0,0,0,0,0,0,0,0,0,0,0,0,0,0,0,0,0,0,0,0,0,0,0,0,0,0,0,0,0,0,0,0,0,0,0,0,0,0,0,0,0,0,0,0,0,0,0,0,0,0,0,0,0,0,0,0,0,0,0,0,0,0,0,0,0,0,0,0,0,0,0,0,0,0,0,0,0,0.191,0,0,0,0,0,0,0,0,0,0,0,0,0,0,0,0,0,0,0,0,0,0,0,0,0,0,0,0,0,0,0,0,0,0,0,0,0,0,0,0,0,0,0,0,0,0,0,0,0,0,0,0,0,0.534,0,0,0,0,0,0,0,0,0,0,0,0,0,0,0,0,0,0,0,0,0,0,0,0,0,0,0,0,0,0,0,0,0,0,0,0,0,0,0,0,0,0,0,0,0,0,0,0,0,0,0,0,0,0,0,0,0,0,0,0,0,0,0,0,0,0,0,0,0,0,0,0,0,0,0,0,0,0,0,0,0,0,0,0,0,0,0,0,0,0,0,0,0,0,0,0,0,0,0,0,0,0,0,0,0,0,0,0,0,0,0,0,0,0,0,0,0,0,0,0,0,0,0,0,0,0,0,0,0,0,0,0,0,0,0,0,0,0,0,0.536,0,0,0,0,0,0,0.258,0,0,0,0,0,0,0.551,0,0,0,0,0,0,0,0,0,0,0,0,0,0,0,0,0,0,0,0,0,0,0,0,0,0,0,0,0,0,0,0,0,0,0,0,0,0,0,0,0,0,0,0,0,0,0,0,0,0,0,0,0,0,0,0,0,0,0,0,0,0,0,0,0,0,0,0,0,0,0,0,0,0,0,0,0,0,0,0,0,0,0,0,0,0,0,0,0,0,0,0,0,0,0,0,0,0,0,0,0,0,0,0,0,0,0,0,0,0,0,0,0,0.237,0,0,0,0,0,0,0,0,0,0,0,0,0,0,0,0,0,0,0,0,0,0,0,0,0,0,0,0,0,0,0,0,0.315,0,0,0,0,0,0,0,0,0,0,0,0,0,0,0,0,0,0,0,0,0,0,0,0,0,0,0,0,0,0,0,0,0,0,0,0,0,0,0,0,0,0,0,0,0,0,0,0,0,0,0,0,0,0,0,0,0,0,0,0,0,0,0,0,0,0,0,0,0,0,0,0,0,0,0,0,0,0,0,0,0,0,0,0,0,0,0,0,0,0,0,0,0,0,0,0,0,0,0,0,0,0,0,0,0,0,0,0,0,0.572,0,0,0.61,0,0,0,0,0,0,0,0,0,0,0,0,0,0,0,0,0,0,0,0,0,0,0,0,0,0,0,0,0,0,0,0,0,0,0,0,0,0,0,0,0.309,0,0,0,0,0,0,0,0,0,0,0,0,0,0,0,0,0,0,0,0,0,0,0,0,0,0,0,0,0,0,0,0,0,0,0,0,0,0,0,0,0,0,0,0,0,0,0,0,0,0,0,0,0,0,0,0,0,0,0,0,0,0,0,0,0,0,0,0,0,0,0,0,0,0,0,0,0,0,0,0,0,0,0,0,0,0,0,0,0,0,0,0,0,0,0,0,0,0,0,0,0,0,0,0,0,0,0,0,0,0,0,0,0,0,0,0,0,0,0,0,0,0,0,0,0,0,0,0,0,0,0,0,0,0,0,0,0,0,0,0,0,0,0,0,0,0,0,0,0,0,0,0,0,0,0,0,0,0,0,0,0,0,0,0,0,0,0,0,0,0,0,0,0,0,0,0,0,0,0,0,0,0,0,0,0,0,0,0,0,0,0,0,0,0,0,0,0,0,0,0,0,0,0,0,0,0,0,0,0,0,0,0,0,0,0,0,0,0.252,0,0,0,0,0,0,0,0,0,0,0,0,0,0,0,0,0,0,0,0,0,0,0,0,0,0,0,0,0,0.315,0,0,0,0,0,0,0,0,0,0,0,0,0,0,0,0,0,0,0,0,0,0,0,0,0,0,0,0,0,0,0,0,0,0,0,0,0,0,0,0,0,0,0,0,0,0,0,0,0,0,0,0,0,0,0,0,0,0,0,0,0,0,0,0,0,0,0,0,0,0,0,0,0,0,0.173,0,0,0,0,0,0,0,0,0,0,0,0,0,0,0,0,0,0,0,0,0,0,0,0,0,0,0,0,0,0,0,0,0,0,0,0,0,0,0,0,0,0,0,0,0,0,0,0,0,0,0,0,0,0,0,0,0,0,0,0,0,0,0,0,0,0,0,0,0,0,0,0,0,0,0,0,0,0,0,0,0,0,0,0,0,0,0,0,0,0,0,0,0,0,0,0,0,0,0,0,0,0,0,0,0,0,0,0,0,0,0,0,0,0,0,0,0,0,0,0,0,0,0,0,0,0,0,0,0,0,0,0,0,0,0,0,0,0,0,0,0,0,0,0,0,0,0,0,0,0,0,0,0,0,0,0,0,0,0,0,0,0,0,0,0,0,0,0,0,0,0,0,0,0,0,0,0,0,0,0,0,0,0,0,0,0,0,0,0,0,0,0,0,0,0,0,0,0,0,0,0,0,0,0,0,0,0,0,0,0,0,0,0,0,0,0,0,0,0,0,0,0,0,0,0,0,0,0,0,0,0,0,0,0,0,0,0,0,0,0,0,0,0,0,0,0,0,0,0,0,0,0,0,0,0,0,0,0,0,0,0,0,0,0,0,0,0,0,0,0,0,0,0,0,0,0,0,0,0,0,0,0,0,0,0,0,0,0,0,0,0,0,0,0,0,0,0,0,0,0,0,0,0,0,0,0,0,0,0,0.188,0,0,0,0,0,0,0,0,0,0,0,0,0,0,0,0,0,0,0,0,0,0,0,0,0,0,0,0,0,0,0,0,0,0,0,0,0,0,0,0,0,0,0,0,0,0,0,0,0,0,0,0,0,0,0,0,0,0,0,0,0,0,0,0,0,0,0,0,0,0,0,0,0,0,0,0,0,0,0,0,0,0,0,0.339,0,0,0,0,0,0,0,0,0,0,0,0,0,0,0,0,0,0,0,0,0,0,0,0,0,0,0,0,0,0,0,0,0,0,0,0,0,0,0,0,0,0,0,0,0,0,0,0,0,0,0,0,0,0,0,0,0,0,0,0,0,0,0,0,0,0,0,0,0,0,0,0,0,0,0,0,0,0,0,0,0,0,0,0,0,0,0,0,0,0,0,0,0,0,0,0,0,0,0,0,0,0,0,0,0,0,0,0,0,0,0,0,0,0,0,0,0,0,0,0,0,0,0,0,0,0,0,0,0,0,0,0,0,0,0,0,0,0,0,0,0,0,0,0,0,0,0.272,0,0,0,0,0,0,0,0,0,0,0,0,0,0,0,0,0,0,0,0,0,0,0,0,0,0,0,0,0,0,0,0,0,0,0,0,0,0,0,0,0,0,0,0,0,0,0,0,0,0,0,0,0,0,0,0,0,0,0,0,0,0,0,0,0,0,0,0,0,0,0,0,0,0,0,0,0,0,0,0,0,0,0,0,0,0,0,0,0,0,0,0,0,0,0,0,0,0,0,0,0,0,0,0,0,0,0,0,0,0,0,0,0,0,0,0,0,0,0,0,0,0,0,0,0,0,0,0,0,0,0,0,0,0,0,0,0,0,0,0,0,0,0,0,0,0,0,0,0,0,0,0,0,0,0,0,0,0,0,0,0,0,0,0,0,0,0,0,0,0,0,0,0,0,0,0,0,0,0,0,0,0,0,0,0,0,0,0,0,0,0,0,0,0,0,0,0,0.445,0,0,0,0,0,0,0,0,0,0,0,0,0,0,0,0,0,0,0,0,0,0,0,0,0,0,0,0,0,0,0,0,0.584,0,0,0,0,0,0,0,0,0,0,0,0.81,0,0,0,0,0,0,0,0,0,0,0,0,0.335,0,0,0,0,0,0,0,0,0,0,0,0,0,0,0,0,0,0,0,0,0,0,0,0,0,0,0,0.462,0,0,0,0,0,0,0,0,0,0.196,0,0,0,0,0,0,0,0,0,0,0,0,0,0,0,0,0,0,0,0,0,0,0,0,0,0,0,0,0,0,0,0,0,0,0,0,0,0,0,0,0,0,0,0,0,0,0,0,0,0,0,0,0,0,0,0,0,0,0,0,0,0,0,0,0,0,0,0,0,0,0,0,0,0,0,0,0,0,0,0,0,0,0,0.36,0,0,0,0,0,0,0,0,0,0,0,0,0,0,0,0,0,0,0,0,0,0,0,0,0,0,0,0,0,0,0,0,0,0,0.61,0,0,0,0.394,0,0,0,0,0,0,0,0,0,0,0,0,0,0,0,0,0,0,0,0,0,0,0,0,0,0,0,0,0,0.507,0,0,0,0,0,0,0,0,0,0,0,0,0,0,0,0,0,0,0,0,0,0,0,0,0,0,0,0,0,0,0,0,0,0,0,0,0,0,0,0,0,0,0,0,0,0,0,0,0,0,0,0,0,0,0,0,0,0,0,0,0,0,0,0,0,0,0,0,0,0,0,0,0,0,0,0,0,0.235,0,0,0,0,0,0,0,0,0,0,0,0,0,0,0,0,0,0,0.302,0,0,0,0,0,0,0,0,0,0,0,0,0,0,0,0,0,0,0,0,0,0,0,0,0,0,0,0,0,0,0,0,0,0,0,0,0,0,0,0,0,0,0,0.219,0,0,0,0,0,0,0,0,0,0,0,0,0,0,0,0,0,0,0,0,0,0,0,0,0,0,0,0,0,0,0,0,0,0,0,0,0,0,0,0,0,0,0,0,0,0,0,0,0,0,0,0,0,0,0,0,0,0,0,0,0,0,0,0,0,0,0,0,0,0,0,0,0,0,0,0,0,0,0,0,0,0,0,0,0,0,0.199,0,0,0,0,0,0,0,0,0,0,0,0,0,0,0,0,0,0,0,0,0,0,0,0,0,0,0,0,0,0,0,0,0,0,0,0,0,0,0,0,0,0,0,0,0,0,0,0,0,0,0,0,0,0,0,0,0,0,0,0,0,0,0,0,0,0,0,0,0,0,0,0,0,0,0,0,0,0,0,0,0,0,0,0,0,0,0,0,0,0,0,0,0,0,0,0,0,0,0,0,0,0,0,0,0,0,0.153,0,0,0,0,0,0,0,0,0,0,0,0,0,0,0,0,0,0,0,0,0,0,0,0,0,0,0,0,0,0,0,0,0,0,0,0,0,0,0,0,0,0,0,0,0,0,0,0,0,0,0,0,0,0,0,0,0,0,0,0,0,0,0,0,0,0,0,0,0,0,0,0,0,0,0,0,0,0,0,0,0,0,0,0,0,0,0,0,0,0,0,0,0,0,0,0,0,0,0,0,0,0,0,0,0,0,0,0,0,0,0,0,0,0,0,0,0,0,0,0,0,0,0,0,0,0,0,0,0,0,0,0,0,0,0,0,0,0,0,0,0,0,0,0,0,0,0,0,0,0,0,0,0,0,0,0,0,0,0,0,0,0,0,0,0,0,0,0,0,0,0,0,0,0,0,0,0,0,0,0,0,0,0,0,0,0,0,0,0,0,0,0,0,0,0,0,0,0,0,0,0,0,0,0,0,0,0,0,0,0,0,0,0,0,0,0,0,0,0,0,0,0,0,0,0,0,0,0,0,0,0,0,0,0,0,0,0,0,0,0,0,0,0,0,0,0,0,0,0,0,0,0,0,0,0,0,0,0,0,0,0,0,0,0,0,0,0,0,0,0,0,0,0,0,0,0,0,0,0,0,0,0,0.538,0,0,0,0,0,0,0,0,0,0,0,0,0,0,0,0,0,0,0,0,0,0,0,0,0,0,0,0,0,0,0,0,0,0,0,0,0,0,0,0,0,0,0,0,0,0,0,0,0,0,0,0,0,0,0,0,0,0,0,0,0,0,0,0,0,0,0,0,0,0,0,0,0,0,0,0,0,0,0,0,0,0,0,0,0,0,0,0,0,0,0,0,0,0,0,0,0,0.196,0,0,0,0,0,0,0,0,0,0,0,0,0,0,0,0,0,0,0,0,0,0,0.196,0,0,0,0,0,0,0,0,0,0,0,0,0,0,0,0,0,0,0,0,0,0,0,0,0,0,0,0,0,0,0,0,0,0,0,0,0,0,0,0,0,0,0,0,0,0,0,0,0,0,0,0,0,0,0,0,0,0,0,0,0,0,0,0,0,0,0,0,0,0,0,0,0,0,0,0,0,0,0,0,0,0,0,0,0,0,0,0,0,0,0,0,0,0,0,0,0,0,0,0,0,0,0,0,0,0,0,0,0,0,0,0,0,0,0,0,0,0,0,0,0,0,0,0,0,0,0,0,0,0,0,0,0,0,0,0,0,0,0,0,0,0,0,0,0,0,0,0,0,0,0,0,0,0,0,0,0,0,0,0,0,0,0,0,0,0,0,0,0,0,0,0.34,0,0,0,0,0,0,0,0,0,0,0,0,0,0,0,0,0,0,0,0,0,0,0,0,0,0.48,0,0,0,0,0,0,0,0,0,0,0,0,0,0,0,0,0,0,0,0,0,0,0,0,0,0,0,0,0,0,0,0,0,0,0,0,0,0,0,0,0,0.53,0,0,0,0,0,0,0,0,0,0,0,0,0,0,0,0,0,0,0,0,0,0,0,0,0,0,0,0,0,0,0,0,0,0,0,0,0,0,0,0,0,0,0,0,0,0,0,0,0,0,0,0,0,0,0,0,0,0,0,0,0,0,0,0,0,0,0,0,0,0,0,0,0,0,0,0,0,0,0,0,0,0,0,0,0,0,0,0,0,0,0,0,0,0,0,0,0,0,0,0,0,0,0,0,0,0,0,0,0,0,0,0,0,0,0,0,0,0,0,0,0,0,0,0,0,0,0,0,0,0,0,0,0,0,0,0,0,0,0,0,0,0,0,0,0,0,0,0,0,0,0,0,0,0,0,0,0,0,0,0,0,0,0,0,0,0,0,0,0,0,0,0,0,0,0,0,0,0,0,0,0,0,0,0,0,0,0,0,0,0,0,0,0,0,0,0,0,0,0,0,0,0,0,0,0,0,0,0,0,0,0,0,0,0,0,0,0,0,0,0,0,0,0,0,0,0,0,0,0,0,0,0,0,0,0,0,0,0,0,0,0,0,0,0,0,0,0,0,0,0,0,0,0,0,0,0,0,0,0,0,0,0,0,0,0,0,0,0,0,0,0,0,0,0,0,0,0,0,0,0,0,0,0,0,0,0,0,0,0,0,0,0,0,0,0,0,0,0,0,0,0,0,0,0,0,0,0,0,0,0,0,0,0,0,0,0,0,0,0,0,0,0,0,0,0,0,0.34,0,0,0,0,0,0,0,0,0,0,0,0,0,0,0,0,0,0,0,0,0,0,0,0,0,0,0,0,0,0,0,0,0,0,0,0,0,0,0,0,0,0,0,0,0,0,0,0,0,0,0,0,0,0,0,0,0,0,0,0,0,0,0,0,0,0,0,0,0,0,0,0,0,0,0,0,0,0,0,0,0,0,0,0,0,0,0,0,0,0,0,0,0,0,0,0,0,0,0,0,0,0,0,0,0,0,0,0,0,0,0,0,0,0,0,0,0,0,0,0,0,0,0,0,0,0,0,0,0,0,0,0,0,0,0,0,0,0,0,0,0,0,0,0,0,0,0,0,0,0,0,0,0,0,0,0,0,0,0,0,0,0,0,0,0,0,0,0,0,0,0,0,0,0,0,0,0,0,0,0,0,0,0,0,0,0,0,0,0,0,0,0,0,0,0,0,0,0,0,0,0,0,0,0,0,0,0,0,0,0,0,0,0,0,0,0,0,0,0,0,0,0,0,0.21,0,0,0,0,0,0,0,0,0,0,0,0,0,0,0,0,0,0,0,0,0,0,0,0,0,0,0,0,0,0,0,0,0,0,0,0,0,0,0,0,0,0,0,0,0,0,0,0,0,0,0,0,0,0,0,0,0,0,0,0,0,0,0,0,0,0,0,0,0,0,0,0,0,0,0,0,0,0,0,0,0,0,0,0,0,0,0,0,0,0.356,0,0,0,0,0,0,0,0,0,0,0,0,0,0,0,0,0,0,0,0,0,0.396,0,0,0,0,0,0,0,0,0,0,0,0,0,0,0,0,0,0,0,0,0,0,0,0,0,0,0,0,0,0,0,0,0,0,0,0,0,0,0,0,0,0,0,0,0,0,0,0,0,0,0,0,0.459,0,0,0,0,0,0,0,0,0,0,0,0,0,0,0,0,0,0,0,0,0,0,0,0,0,0,0,0,0,0,0.229,0,0,0,0,0,0,0,0,0,0,0,0,0,0.362,0,0,0,0,0,0,0,0,0,0,0,0,0,0,0,0,0,0,0,0,0,0,0,0,0,0,0,0,0,0,0,0,0,0,0,0,0,0,0,0,0,0,0,0,0,0,0,0.299,0,0,0,0,0,0,0,0,0,0,0,0,0,0,0,0,0,0,0,0,0,0,0,0,0,0,0,0,0,0,0,0,0,0,0,0,0,0,0,0,0,0,0,0,0,0,0,0,0,0,0,0,0,0,0,0,0,0,0,0,0,0,0,0,0,0,0,0,0,0,0,0,0,0,0,0,0,0,0,0,0,0,0,0,0,0,0,0,0,0,0,0,0,0,0,0,0,0,0,0,0,0,0,0,0,0,0.183,0,0,0,0,0,0,0,0,0,0,0,0,0,0,0,0,0,0,0,0,0,0,0,0,0,0,0,0,0,0
853933,0,0,0.219,0,0,0,0.67,0,0,0,0.15,0,0,0,0,0.286,0,0,0.581,0.807,0,0,0,0,0,0,0.551,0,0,0,0,0.276,0,0,0,0,0,0,0,0,0,0,0,0,0,0,0,0,0.486,0,0,0.555,0,0,0,0.208,0,0,0.195,0,0,0,0,0,0.326,0,0,0,0,0,0.683,0,0,0,0.201,0.15,0.182,0.423,0,0,0.152,0,0,0,0,0.266,0,0,0,0,0.277,0,0,0.195,0.4,0.222,0,0,0.395,0,0,0,0,0,0.153,0,0,0,0,0,0,0,0.193,0,0,0,0,0.393,0,0,0,0.195,0.998,0,0,0,0,0.37,0,0,0,0,0,0,0,0,0,0,0.531,0,0.693,0.319,0.193,0,0,0,0,0,0,0,0.29,0,0,0,0,0.401,0,0,0,0,0,0,0,0.287,0.393,0,0,0,0,0.21,0,0,0,0,0,0,0,0,0,0.273,0,0,0,0,0,0,0,0,0.193,0.264,0.169,0,0,0,0,0.295,0.284,0,0,0,0,0,0.251,0,0,0.254,0.587,0,0,0,0,0,0,0.204,0,0,0,0,0.166,0,0.861,0,0,0.241,0,0,0,0,0.331,0.946,0,0,0.186,0.177,0.321,0.229,0.552,0.193,0,0,0,0,0,0.288,0.436,0,0,0,0,0,0,0.275,0,0,0,0,0,0,0,0.292,0,0,0,0,0.162,0,0,0,0,0,0,0,0,0.303,0,0.987,0,0,0,0.15,0,0,0.502,0,0,0.216,0,0.97,0,0.306,0,0,0,0,0,0.311,0,0.394,0,0,0.426,0,0,0.598,0,0,0.274,0,0,0.641,0,0,0.181,0,0.978,0,0,0,0,0.817,0,0,0.902,0,0,0.393,0,0.312,0.228,0.388,0,0.228,0,0.423,0,0,0.192,0,0,0,0,0,0,0.548,0,0.193,0.229,0,0,0,0.242,0,0,0,0,0,0.217,0,0,0,0,0.171,0,0.245,0,0,0.2,0,0.256,0.343,0.26,0.917,0,0,0,0,0.345,0,0,0,0,0,0,0.255,0,0,0,0.206,0.449,0,0.166,0,0,0,0,0,0.68,0,0.207,0,0.199,0,0,0,0.451,0,0,0,0,0.952,0,0.376,0,0.164,0,0.238,0,0,0,0,0.348,0,0,0,0,0.466,0,0,0,0,0,0,0,0,0,0,0.226,0,0,0,0,0,0,0,0,0,0,0,0,0,0.54,0,0.473,0.315,0,0,0,0.249,0,0.209,0,0.345,0,0,0,0.202,0,0,0,0,0,0,0,0.518,0,0.188,0,0,0,0.239,0,0,0,0,0,0,0,0,0,0.151,0,0.452,0,0,0.545,0,0,0.794,0.366,0,0,0,0,0.181,0,0,0,0.16,0.501,0,0,0,0,0,0,0,0.442,0,0.162,0,0,0,0,0,0,0.611,0,0,0,0,0,0,0,0,0,0,0,0,0.253,0,0.17,0,0,0,0.232,0.159,0,0,0.288,0.167,0.234,0,0,0,0,0,0,0,0,0,0,0,0,0,0,0.727,0.222,0,0,0,0,0.165,0,0,0,0,0,0,0,0,0,0,0,0,0,0,0.156,0,0,0,0,0,0,0.236,0,0,0.775,0.425,0,0,0.18,0,0.23,0.817,0.327,0.258,0,0,0.169,0,0,0,0,0.361,0.95,0,0,0.538,0.177,0,0.656,0,0,0,0.191,0.82,0,0.579,0.248,0,0,0,0,0.288,0.602,0,0.189,0,0,0,0,0.22,0,0,0,0,0,0.326,0.176,0,0,0,0,0,0.498,0,0,0,0,0,0,0,0,0,0.249,0,0,0,0,0.19,0.155,0,0,0.184,0,0,0,0,0,0,0,0,0,0,0,0,0.374,0.18,0,0,0.303,0,0,0,0,0,0,0,0,0,0.188,0,0,0,0.262,0,0.191,0.185,0,0,0,0,0,0,0,0,0.198,0.531,0.9,0,0,0,0,0,0,0.16,0,0,0,0.525,0,0,0.212,0,0,0.933,0,0,0,0,0,0,0,0,0,0,0,0,0,0,0.456,0,0.526,0,0,0.251,0.388,0,0,0,0,0,0.184,0,0,0,0.177,0.194,0,0,0,0.322,0,0.176,0,0,0.202,0,0,0,0,0.229,0,0.998,0,0.161,0,0,0,0,0,0.246,0,0.574,0,0,0,0,0,0,0,0.519,0,0,0.318,0,0,0,0,0.305,0,0,0.188,0,0,0.324,0.167,0,0,0,0,0,0,0,0,0,0.153,0,0,0,0,0,0,0,0,0,0,0.589,0,0.164,0,0.167,0,0,0,0,0.171,0,0.166,0.16,0,0,0,0.207,0.297,0,0,0.157,0,0,0,0,0.274,0,0,0,0,0.404,0.204,0,0,0,0,0,0,0.152,0.305,0,0,0,0.258,0,0.37,0,0,0,0,0,0,0,0,0,0,0,0,0,0,0.28,0.238,0,0,0,0.288,0.23,0,0,0.294,0,0.334,0.974,0,0.508,0,0,0.19,0,0.225,0,0,0,0.727,0,0,0.172,0.207,0,0,0.564,0,0,0,0.586,0,0.552,0,0.153,0,0,0,0,0,0,0,0.241,0.169,0,0.156,0,0.615,0,0.691,0.739,0,0.153,0,0,0,0.212,0,0.517,0,0,0,0,0.187,0.886,0,0,0.152,0.189,0,0.291,0,0,0,0.599,0,0,0,0,0,0,0,0,0,0,0,0,0,0,0,0,0,0,0,0,0,0,0,0,0,0,0,0.157,0,0,0,0,0,0,0,0,0,0,0,0,0,0,0,0,0.324,0,0,0,0,0.304,0,0,0,0,0,0.207,0,0,0,0.326,0,0,0.383,0,0,0,0,0,0.306,0.49,0,0,0.169,0.334,0,0,0,0,0,0,0.233,0,0.809,0,0,0,0.164,0,0,0.166,0,0,0.162,0.319,0,0,0,0,0.158,0,0,0,0,0,0.175,0,0,0,0,0,0,0,0,0,0.764,0,0,0,0,0,0,0,0,0,0,0,0,0,0,0.419,0,0,0.151,0,0,0,0,0,0,0,0,0.317,0,0,0,0.22,0.423,0,0,0,0,0.343,0,0,0,0,0,0,0,0,0.678,0,0,0,0,0,0,0,0,0,0,0.3,0,0,0,0.275,0,0,0,0,0.697,0,0.153,0,0,0,0.195,0.2,0,0,0.307,0,0,0,0,0,0,0,0,0,0.67,0,0.236,0,0,0,0,0,0,0,0,0.513,0.166,0,0,0,0,0.301,0,0,0.275,0.167,0,0.185,0,0,0,0.213,0,0,0,0,0,0.801,0,0,0.666,0,0,0,0,0,0.374,0.298,0.27,0.225,0,0,0,0.177,0,0,0,0,0,0,0,0,0,0,0,0,0,0,0.188,0,0,0.447,0,0,0.35,0,0.209,0.25,0,0,0.175,0.549,0,0,0,0,0,0,0,0,0,0,0,0,0,0,0,0,0.233,0,0,0.262,0,0,0,0,0,0,0,0.167,0,0.446,0,0,0,0.169,0,0,0,0.167,0,0,0,0,0,0,0,0,0,0,0,0,0,0,0,0,0.364,0,0,0,0,0,0,0,0,0.304,0,0.322,0,0.379,0.265,0,0,0.155,0,0,0,0,0,0,0.207,0,0.675,0,0,0,0,0,0.177,0,0,0,0,0.173,0,0,0,0,0,0,0,0,0.195,0,0.342,0,0,0,0,0.191,0,0,0,0,0,0,0.931,0,0.187,0,0,0,0,0.381,0,0,0,0,0,0.262,0.362,0,0.16,0,0,0,0,0,0,0,0,0,0,0,0,0,0.162,0,0,0,0,0,0,0,0.151,0,0,0,0,0.505,0,0.55,0.155,0,0.167,0,0,0.168,0,0.186,0,0,0,0,0,0,0,0,0,0,0,0,0,0,0.413,0.188,0,0,0,0,0,0.151,0.206,0,0,0,0,0,0,0,0,0,0.213,0,0.434,0,0,0,0,0,0,0,0,0.266,0,0,0,0,0,0.431,0,0.151,0,0,0,0,0,0.167,0,0,0,0,0,0,0,0,0,0,0,0.16,0,0,0,0.653,0,0,0,0.169,0,0,0,0,0,0,0,0,0,0.242,0,0.294,0,0.19,0,0,0,0.234,0,0,0,0,0.163,0,0.198,0,0,0,0,0.197,0,0.369,0,0,0,0,0.172,0,0,0,0,0,0,0,0,0,0,0,0,0,0,0,0,0,0,0,0,0,0,0.362,0,0,0,0,0.374,0.23,0,0,0,0,0,0,0,0,0,0,0,0.186,0,0,0,0,0.347,0,0,0,0,0,0,0,0,0,0,0,0.391,0,0,0,0,0,0,0,0,0,0.191,0,0.285,0,0,0,0,0,0,0,0,0,0,0,0.277,0,0.822,0,0.581,0,0,0,0.248,0.169,0,0.334,0,0.26,0.34,0,0,0,0.276,0,0.169,0.177,0,0,0,0.417,0.361,0,0,0,0,0.664,0,0,0.298,0.352,0,0,0,0.222,0.343,0,0,0,0.194,0,0,0.153,0,0.207,0.606,0.427,0.244,0,0.288,0.42,0,0,0.185,0,0,0.164,0,0,0,0.294,0,0.201,0.396,0,0.195,0.216,0,0.219,0,0,0,0,0.362,0.23,0,0.158,0,0,0,0,0,0.257,0.183,0,0.329,0.604,0,0,0,0,0,0,0.428,0,0,0,0.164,0.309,0,0,0,0,0,0,0,0,0,0.271,0,0,0,0.543,0,0,0.242,0,0,0,0.221,0.25,0,0,0,0,0.345,0,0,0,0.245,0,0,0,0.159,0.229,0,0.313,0,0.155,0,0.188,0.31,0,0,0,0,0.189,0,0.211,0,0.156,0,0,0,0,0,0.283,0,0,0.197,0,0,0.411,0,0,0.208,0.325,0.229,0,0.269,0,0.525,0.343,0,0,0.228,0,0.484,0.359,0,0.43,0.299,0.228,0,0.296,0.676,0.176,0,0,0.518,0,0.251,0.687,0.227,0.773,0.999,0.171,0,0,0.219,0.217,0.756,0,0.193,0,0.366,0,0,0.241,0,0,0,0.321,0.16,0.388,0.158,0,0.641,0.27,0,0.772,0.231,0,0.18,0.259,0,0.725,0,0,0,0.237,0,0,0,0.28,0.158,0,0,0,0,0,0.765,0,0.714,0,0,0,0,0,0,0,0,0,0,0.153,0,0,0,0,0,0,0,0,0,0,0,0,0,0,0,0,0,0.174,0,0,0,0,0.27,0,0,0.709,0,0,0,0,0,0.371,0,0.324,0,0,0,0,0,0,0,0,0,0,0,0,0,0,0,0,0,0,0,0.173,0,0,0,0,0,0,0,0,0,0,0,0,0,0,0,0,0,0,0,0,0,0.685,0,0.209,0,0.542,0,0,0,0,0,0,0,0,0,0,0,0,0,0,0,0,0.167,0,0,0,0,0,0,0,0,0,0,0,0,0,0,0,0,0.335,0,0,0,0.343,0,0,0,0,0,0,0,0,0,0.174,0.443,0,0.23,0,0,0,0,0,0,0,0,0.194,0,0,0,0,0.192,0,0,0,0,0,0,0,0,0,0,0,0,0,0,0,0,0,0,0,0,0,0,0,0,0.212,0.261,0,0,0,0,0,0,0,0,0,0,0,0,0,0,0,0,0,0,0.207,0,0,0,0,0,0,0.219,0,0,0.247,0,0,0,0,0,0,0,0,0.157,0,0,0.477,0.448,0,0.182,0,0,0,0,0,0,0,0,0,0,0,0,0,0,0.152,0,0,0,0,0,0,0,0,0.522,0,0,0.405,0,0,0,0,0,0,0,0.163,0,0,0,0,0.169,0,0,0,0,0,0.184,0,0,0,0.195,0,0.356,0,0,0,0,0,0,0.362,0,0,0,0,0,0,0,0,0.166,0,0,0,0.159,0,0,0,0.197,0.263,0,0,0,0,0,0,0,0,0,0,0,0,0,0,0,0,0,0,0,0,0,0.464,0,0,0,0,0.197,0.335,0,0,0,0,0.443,0,0,0,0,0.277,0,0,0.727,0,0,0,0,0,0,0,0,0,0,0,0.343,0,0.209,0.161,0,0,0,0,0,0,0,0,0,0.552,0,0.608,0,0,0,0,0,0,0,0,0,0,0,0,0,0,0,0,0,0.204,0,0.377,0.31,0,0,0,0,0,0.522,0,0,0,0,0,0,0.167,0,0.346,0,0,0,0,0,0,0,0,0.346,0,0,0,0.363,0,0,0,0,0.192,0,0.607,0,0.379,0,0,0,0.996,0,0,0.326,0,0.357,0.388,0,0.497,0,0,0,0,0,0,0.277,0,0.688,0,0,0,0,0,0,0,0,0,0,0,0,0,0,0.318,0.846,0,0.184,0,0,0,0,0,0,0,0,0.275,0,0.224,0,0,0.413,0,0,0,0,0,0.398,0.171,0,0.702,0.276,0,0,0,0,0,0,0,0,0,0,0,0,0,0,0,0.315,0,0.173,0.65,0,0.291,0,0,0,0,0,0.167,0,0,0,0,0,0,0,0,0,0,0,0,0,0,0,0,0,0,0,0,0,0,0,0,0,0,0,0,0,0,0,0,0,0,0,0,0,0,0,0,0,0,0,0,0,0,0,0,0,0,0,0,0,0,0,0,0,0,0,0,0,0.288,0,0,0,0,0.565,0,0,0,0,0,0,0,0,0,0,0,0.172,0,0,0,0,0,0,0,0.358,0,0,0,0,0,0,0,0,0,0.227,0,0,0,0,0,0,0,0,0,0,0.459,0,0,0,0,0.379,0,0,0,0.288,0,0,0,0,0,0,0,0,0,0,0,0,0,0,0,0,0,0,0,0,0.3,0,0,0,0,0,0,0,0.173,0,0,0,0.318,0,0,0,0,0,0.592,0,0,0,0,0,0,0,0,0,0,0,0,0,0,0,0,0,0,0,0,0,0,0,0,0,0,0,0,0,0.624,0,0,0,0,0,0,0.365,0,0,0,0,0,0.607,0,0.199,0,0,0,0.9,0,0,0,0,0,0,0,0,0,0,0.285,0.312,0,0,0,0,0,0,0,0,0,0,0,0,0.295,0.219,0,0.606,0.292,0,0,0,0,0,0,0,0,0.263,0,0,0,0,0,0,0.242,0,0.205,0,0,0,0.303,0,0,0,0,0,0,0,0.153,0,0.455,0.469,0,0,0,0,0,0,0,0,0,0,0.222,0,0,0,0,0,0,0,0,0,0,0.278,0,0,0,0,0.34,0,0,0.662,0,0,0.244,0,0.62,0,0,0,0,0,0,0,0,0,0,0,0,0.191,0.3,0,0,0,0,0,0,0,0,0,0,0.513,0,0,0.313,0,0,0,0,0,0.737,0,0,0,0.24,0,0.306,0,0.59,0.183,0.404,0,0.192,0.415,0.237,0,0,0.304,0,0.67,0.575,0.273,0,0.665,0.359,0,0.163,0.394,0.208,0.804,0,0,0.196,0,0,0.579,0,0.243,0,0.252,0,0.505,0,0,0.172,0,0,0.623,0.571,0.212,0.78,0,0.167,0,0,0,0,0,0.173,0.156,0.388,0.524,0.479,0.352,0.298,0,0.319,0.554,0,0.17,0.261,0,0.417,0.33,0,0,0,0,0,0,0.39,0,0,0.322,0.374,0.226,0,0.294,0.407,0.16,0,0,0,0.415,0,0.197,0,0.415,0.625,0.167,0,0.265,0,0,0,0.603,0.258,0,0.197,0.178,0,0,0.225,0.713,0,0,0.174,0.416,0.197,0.662,0.17,0,0,0,0.416,0.261,0,0.243,0,0.18,0.598,0.566,0.176,0,0,0.802,0.192,0,0,0,0.289,0,0.278,0.276,0.335,0.165,0,0.837,0.395,0,0.308,0.255,0,0.287,0.294,0.206,0.237,0.354,0,0,0,0.169,0.26,0,0.663,0,0.731,0.341,0.168,0.67,0.741,0,0.69,0,0.235,0,0,0.264,0.166,0,0.482,0.654,0.232,0.224,0.336,0.151,0,0,0.162,0.198,0.398,0.428,0.482,0,0,0.436,0.441,0,0,0.238,0,0.539,0.363,0,0.305,0.17,0.283,0.496,0,0.241,0.382,0,0.305,0.307,0.46,0,0,0,0,0.186,0.179,0,0.397,0.381,0.296,0,0.256,0.709,0,0,0.15,0.319,0,0,0,0,0.278,0,0,0,0,0,0,0,0.226,0.158,0,0,0,0,0,0,0,0.227,0,0,0,0,0,0,0,0,0,0,0,0,0,0,0,0.29,0.311,0.203,0.157,0,0,0,0,0,0,0,0,0,0,0,0,0,0,0,0.173,0,0,0,0,0,0,0,0,0,0,0,0,0,0.214,0,0,0,0,0,0,0,0.671,0,0,0.283,0.155,0,0,0,0,0,0,0,0,0,0,0,0.348,0,0.246,0,0,0,0,0,0,0,0,0,0.175,0,0,0,0,0.467,0,0,0,0,0,0,0,0,0,0,0,0,0,0,0.18,0,0,0,0,0,0,0,0,0,0,0,0,0,0.325,0.441,0.526,0.246,0,0,0,0,0.253,0,0,0,0,0,0,0.304,0.357,0,0.158,0,0,0,0,0.151,0.51,0,0,0.171,0,0,0,0,0,0,0,0,0,0,0,0,0,0,0,0,0,0,0,0,0,0,0,0,0,0,0,0,0,0,0,0,0,0,0,0,0,0.179,0,0,0,0.345,0,0,0,0,0.178,0,0,0,0,0,0,0,0,0,0.276,0,0,0,0,0,0.165,0,0.489,0.186,0.152,0,0,0,0.212,0.998,0,0,0,0,0,0,0,0,0,0,0,0,0,0.699,0.3,0.317,0,0,0,0,0,0,0,0,0,0,0,0,0,0,0,0,0,0,0,0,0,0,0,0,0,0,0,0,0,0,0,0,0,0,0,0,0,0,0,0,0,0,0,0,0,0,0,0,0,0,0,0,0.22,0,0,0,0,0,0,0,0,0,0,0,0,0,0,0.179,0,0,0,0,0,0.422,0,0.15,0.53,0,0,0,0.451,0,0,0,0,0,0.163,0,0.228,0.309,0,0,0,0,0,0,0,0,0,0,0.296,0,0,0,0,0,0,0,0,0,0,0,0,0,0,0,0,0,0,0,0,0,0,0,0,0,0,0,0,0,0,0,0.461,0,0,0.28,0,0,0,0,0,0,0,0,0,0,0,0,0,0,0,0,0,0,0,0,0,0,0,0,0,0,0,0,0.153,0,0,0,0.343,0,0,0,0,0.352,0,0,0,0,0,0.201,0,0,0,0,0,0,0,0,0,0,0,0,0,0,0,0,0,0,0,0,0,0,0,0,0,0,0,0,0,0,0,0,0,0,0,0,0,0.173,0,0,0,0,0,0.343,0,0,0,0,0,0,0,0,0.193,0,0,0.736,0,0,0,0,0,0,0,0,0,0,0,0,0,0,0,0,0,0,0,0,0,0,0,0,0,0,0,0,0,0,0,0,0,0,0,0,0,0,0,0,0.289,0,0,0,0,0,0,0,0,0,0,0,0,0,0,0,0,0,0,0,0,0,0,0,0,0,0,0,0,0,0,0,0,0,0,0,0,0,0,0,0,0,0,0,0,0,0,0,0,0,0,0,0,0,0,0,0,0,0,0,0,0,0,0,0,0,0,0,0,0,0,0,0,0,0,0,0,0,0,0,0,0,0,0,0,0,0,0,0,0,0,0,0,0,0,0,0,0,0,0,0,0,0,0,0,0,0,0,0,0,0,0,0,0,0,0,0,0,0,0,0,0,0,0,0.519,0,0.33,0,0,0,0,0,0,0,0,0,0,0,0,0,0,0,0,0,0,0,0.272,0,0,0,0,0,0,0,0,0,0,0,0,0,0,0,0,0,0,0,0,0,0,0,0,0,0,0,0,0,0,0,0,0,0,0.643,0,0,0,0,0,0.398,0,0,0.214,0,0,0,0,0.163,0,0,0,0,0,0,0,0,0,0,0,0,0,0.457,0,0,0,0,0,0,0,0,0.159,0.196,0,0,0,0,0,0,0,0,0.318,0,0,0.265,0,0,0,0,0,0,0,0,0,0,0,0,0,0,0,0.731,0,0,0,0,0,0.252,0,0,0,0,0,0,0,0,0.375,0,0,0,0,0,0,0,0,0,0,0,0,0,0.265,0,0,0,0,0,0,0,0,0,0,0.4,0,0,0,0,0,0,0,0,0,0.169,0,0.161,0,0,0,0,0,0,0,0,0,0,0,0,0,0,0,0,0,0,0,0,0,0,0,0,0,0,0,0,0,0,0,0,0,0,0,0,0,0,0,0,0.258,0,0.258,0,0,0,0,0.158,0,0,0,0,0,0,0,0,0,0,0,0,0,0,0,0,0,0,0,0,0.281,0,0,0.169,0,0,0,0,0,0.178,0,0,0,0,0,0,0,0,0,0,0,0,0,0,0,0,0,0.155,0,0,0,0,0,0,0.451,0,0,0,0,0,0,0,0,0,0,0,0,0,0,0,0,0,0,0,0,0,0,0,0,0,0,0,0,0,0,0,0,0,0,0,0,0,0,0,0,0,0,0,0,0,0,0,0,0,0,0,0,0,0,0,0,0,0,0,0.2,0,0,0,0,0,0.195,0,0.171,0,0,0,0.169,0.235,0,0.354,0.169,0.169,0,0,0,0.225,0,0.643,0,0,0,0,0,0,0,0.279,0,0.171,0,0.161,0.15,0,0,0,0,0,0,0,0.311,0,0,0,0,0.175,0,0,0,0,0,0,0,0.339,0,0,0,0,0,0,0,0,0.228,0,0,0,0,0,0,0,0,0.156,0.26,0,0,0,0,0,0,0,0,0,0,0,0,0,0,0,0,0,0.343,0,0,0,0.221,0,0,0,0,0,0,0,0,0,0,0,0,0,0,0.343,0,0,0,0,0,0,0,0,0,0,0.606,0,0,0,0,0,0,0,0,0,0,0,0,0,0,0,0,0,0,0,0,0,0,0,0,0,0,0,0.299,0.199,0,0,0,0,0,0.154,0,0,0,0,0,0,0,0,0,0,0,0,0,0,0,0,0,0,0,0,0,0,0,0,0,0,0,0,0,0,0,0.483,0,0,0,0,0,0,0,0.274,0,0,0,0,0,0,0.236,0,0,0,0,0,0,0,0,0,0,0,0,0,0,0,0,0,0,0,0,0,0,0,0,0,0,0.276,0,0,0,0,0,0,0,0,0.191,0,0,0,0,0,0,0,0,0,0,0,0.281,0,0,0,0,0,0,0,0,0,0,0,0,0,0,0,0,0,0,0,0,0,0,0,0,0,0,0,0,0,0.163,0.343,0.556,0.167,0,0,0,0,0,0,0,0,0,0,0,0,0,0,0,0,0,0,0,0,0,0,0,0,0,0,0,0,0,0,0,0,0,0,0,0,0,0,0,0
854227,0.15,0,0,0,0,0,0.282,0,0.278,0,0.274,0,0,0,0,0,0.291,0,0.183,0,0,0,0,0,0,0,0.398,0,0,0,0,0,0,0,0,0,0.371,0,0,0,0,0.225,0,0,0.367,0.296,0,0.165,0,0,0.252,0.902,0,0,0,0,0,0,0.448,0,0.198,0,0.21,0,0.355,0.236,0,0.383,0,0,0.485,0,0,0,0,0.275,0,0,0.404,0.221,0.276,0,0,0.401,0,0.293,0,0,0.594,0,0.279,0,0,0,0,0,0,0.363,0.15,0,0.463,0,0.345,0.196,0.292,0.34,0.282,0,0,0,0,0.396,0,0,0,0,0,0.276,0.606,0.313,0,0,0.33,0,0,0,0,0,0,0,0,0,0,0,0,0.16,0,0,0.709,0.404,0.908,0.251,0.239,0,0,0.209,0,0.156,0,0.371,0.398,0,0.254,0,0,0.35,0.982,0,0,0.287,0,0,0,0.162,0.185,0,0,0,0,0,0.515,0,0,0,0,0,0,0.248,0,0.329,0.266,0.176,0,0,0,0,0,0,0.763,0.246,0,0.193,0,0,0,0.547,0,0,0,0,0,0,0.152,0,0,0,0,0,0,0,0,0.239,0,0,0.978,0,0,0,0,0,0.302,0,0,0,0,0,0,0,0.334,0,0,0,0,0,0,0.309,0.151,0,0,0,0,0,0.445,0,0,0.398,0,0.179,0,0,0,0,0,0,0,0.207,0,0,0,0,0,0,0,0,0.953,0,0,0,0,0,0,0,0,0.834,0,0,0,0,0,0,0,0,0.15,0,0,0,0,0.152,0.653,0,0,0,0,0,0.159,0,0,0,0,0,0,0.16,0.195,0,0,0,0,0,0,0,0,0.28,0,0,0,0,0,0,0,0.97,0.217,0,0,0.979,0,0.248,0.244,0,0.396,0.958,0.186,0.328,0,0,0,0.167,0,0,0.205,0.343,0,0,0,0,0,0.154,0.31,0,0,0,0.977,0,0,0,0,0,0,0,0,0,0,0,0.226,0,0,0.315,0,0,0.977,0.158,0,0,0.441,0,0,0,0.903,0,0,0,0,0,0,0.905,0,0,0,0,0,0,0,0,0,0,0.218,0,0,0,0,0,0,0,0,0,0,0,0,0,0,0,0,0,0,0,0,0,0,0,0,0,0,0,0,0,0,0.941,0,0,0,0.239,0,0,0.208,0,0.161,0,0,0.321,0,0,0,0.22,0.371,0,0.157,0,0,0,0,0,0.907,0,0.15,0.199,0,0,0,0,0,0.375,0.183,0,0,0,0,0.209,0,0.416,0,0,0,0,0,0.907,0,0,0,0,0,0,0.977,0,0,0,0,0,0,0,0,0,0,0,0.291,0,0,0,0.385,0,0,0,0,0,0,0.156,0,0,0.363,0,0.468,0,0,0,0.3,0,0,0,0.904,0,0.157,0.162,0,0,0,0,0,0,0,0,0,0,0,0,0,0,0,0,0,0,0,0.176,0,0,0,0,0,0,0,0,0,0,0,0,0,0.209,0,0,0.237,0.678,0,0,0,0,0,0.216,0.429,0,0,0,0,0,0,0.273,0,0,0,0,0,0,0,0,0,0,0,0,0,0,0,0.208,0,0,0,0,0,0.154,0,0,0,0,0,0,0,0,0,0,0,0,0.157,0,0,0,0.199,0,0,0,0.98,0,0,0.954,0.171,0.264,0,0,0,0,0,0,0,0,0.297,0,0,0,0,0,0,0,0,0,0,0,0,0,0,0,0,0,0,0,0,0,0,0,0,0,0,0,0,0,0,0.977,0,0,0,0,0,0,0,0,0,0,0,0,0,0,0,0,0,0,0,0,0,0,0,0,0,0,0.954,0,0,0.349,0,0,0,0,0,0,0,0,0.573,0,0,0,0,0.334,0,0,0,0.273,0,0,0,0.633,0,0,0,0.469,0.21,0.957,0.911,0,0,0,0,0,0,0,0,0.309,0,0.909,0,0,0,0,0.26,0.455,0,0,0.9,0,0,0,0,0,0,0.212,0,0,0,0,0,0,0,0,0,0,0,0,0,0.198,0.539,0,0,0,0,0,0,0.15,0,0,0,0,0,0.531,0,0,0,0,0,0,0,0.995,0,0.216,0,0.9,0,0,0.199,0,0,0,0,0,0,0.186,0,0.9,0,0,0.9,0,0,0,0,0,0,0,0,0.217,0,0,0,0,0,0,0,0,0,0,0,0,0,0,0,0,0,0.497,0,0,0,0,0,0,0,0,0.157,0,0,0,0,0,0,0.361,0,0,0,0,0,0,0,0,0.267,0,0,0.153,0,0,0,0,0.276,0,0,0,0,0,0,0,0,0,0,0,0,0,0,0,0.186,0,0,0,0,0,0,0,0,0,0,0,0.978,0.205,0,0,0,0,0,0,0,0,0,0.223,0,0,0.934,0.181,0,0,0,0,0,0,0,0.904,0,0,0,0,0.263,0,0.281,0,0.172,0,0,0,0,0,0,0,0,0,0,0.905,0,0,0,0,0,0,0.189,0,0,0.183,0.245,0,0,0,0,0,0,0,0.22,0.909,0,0,0,0,0.163,0,0,0.953,0,0,0,0,0,0,0,0,0,0,0,0.905,0,0,0.164,0,0,0,0,0.265,0,0,0.396,0,0,0.26,0,0.274,0,0,0,0,0.265,0,0,0,0.162,0,0,0,0,0.361,0,0,0,0.396,0,0,0.154,0.254,0,0,0,0,0,0,0,0,0,0.171,0,0,0.289,0.214,0,0,0,0,0.171,0.797,0,0.333,0,0.23,0,0.382,0,0,0,0,0,0,0,0,0.905,0,0.198,0.198,0,0.843,0,0,0,0,0.194,0.647,0,0,0.155,0,0,0,0.297,0,0.229,0,0,0.548,0,0,0,0,0.163,0,0.206,0,0,0,0,0,0,0,0,0,0,0,0,0.443,0,0,0,0,0,0.204,0,0,0.25,0,0,0,0,0.171,0,0.171,0,0,0,0,0,0,0.207,0,0.196,0.206,0.198,0,0,0,0,0.581,0,0,0,0.258,0,0,0,0,0.218,0.333,0,0,0,0.575,0,0,0.15,0,0.272,0.285,0,0.284,0.255,0,0,0,0,0,0,0,0.155,0,0,0.172,0,0,0.911,0,0,0,0,0.206,0,0,0.172,0,0,0,0,0,0.309,0,0,0,0,0,0,0,0.603,0,0,0.237,0,0.175,0,0,0,0.15,0.774,0,0.163,0,0.249,0,0,0,0,0.269,0.232,0,0,0.732,0,0.288,0.199,0,0,0,0,0,0.981,0,0,0.208,0,0,0,0.164,0.452,0.24,0,0,0.188,0,0,0.263,0,0.284,0,0,0,0,0.693,0,0,0,0,0.174,0,0.21,0,0.174,0,0.227,0,0,0.295,0,0,0,0,0,0,0.231,0,0.64,0.445,0,0,0,0,0,0,0.255,0,0.284,0,0.168,0.789,0.316,0,0,0,0.254,0.536,0.273,0,0,0,0.189,0,0,0,0,0.404,0,0.305,0,0,0,0,0.198,0,0,0,0.254,0,0,0,0,0,0,0,0,0,0,0,0,0,0,0,0,0,0,0.186,0,0,0,0.157,0.18,0.154,0,0,0,0,0.671,0,0,0.193,0,0,0,0.221,0,0,0,0,0,0,0.165,0,0,0,0.526,0.287,0.255,0,0,0,0,0,0,0,0.179,0,0.452,0,0.212,0.171,0,0.223,0,0,0,0,0,0.396,0,0,0,0,0.241,0,0,0,0,0,0,0,0,0,0.154,0,0,0.272,0,0,0,0,0,0,0,0.279,0,0,0.596,0,0,0.207,0,0,0,0,0.204,0.362,0,0,0,0,0,0,0,0,0,0.273,0,0.226,0.17,0,0,0,0,0,0,0.29,0,0.295,0,0.181,0,0,0.626,0,0,0,0,0.68,0,0.229,0,0,0.219,0,0,0,0,0,0,0,0,0,0,0.984,0,0,0,0,0,0,0,0,0,0,0,0,0,0,0,0,0,0.183,0.198,0,0.49,0.21,0,0,0,0,0.175,0.313,0,0,0,0,0,0.999,0.211,0,0,0.17,0.299,0.325,0,0,0,0,0.63,0.208,0,0,0,0,0,0.206,0,0,0,0,0,0,0,0,0.255,0,0,0,0,0,0.245,0,0.165,0,0,0.211,0,0,0,0,0,0,0,0.209,0,0,0,0,0.225,0,0,0,0,0,0,0,0,0,0,0,0,0.177,0,0,0,0,0,0,0.206,0,0,0.182,0,0,0,0,0,0,0,0,0,0,0,0.276,0,0,0,0,0,0,0.313,0,0,0,0.23,0,0.168,0,0,0.257,0,0,0,0,0,0,0,0,0,0.153,0,0,0,0,0,0.263,0,0,0,0,0,0,0,0,0.178,0,0,0,0,0.23,0.304,0.165,0,0,0.351,0,0.16,0,0.733,0,0,0,0.168,0,0.157,0,0,0,0,0.313,0,0,0.953,0.161,0,0,0,0,0.181,0.355,0,0,0,0,0,0,0,0.207,0.953,0,0,0,0,0,0,0,0.22,0,0,0.901,0,0.371,0,0,0.445,0,0.903,0,0,0,0,0.99,0,0.722,0,0,0.953,0.955,0,0,0.953,0,0,0,0,0,0,0,0,0,0,0,0,0,0,0,0.912,0,0,0,0,0,0,0,0,0,0.262,0,0.451,0,0,0.955,0,0,0,0.557,0,0,0,0.953,0,0,0,0,0,0.17,0,0,0,0.955,0,0,0,0,0,0,0,0,0.196,0,0.536,0,0,0,0,0,0,0.953,0,0,0,0,0,0,0,0.453,0,0,0,0,0,0,0,0,0.19,0,0,0,0,0,0,0,0,0,0,0,0.957,0,0,0,0,0.978,0.977,0,0,0.221,0,0.25,0,0.15,0,0,0.209,0,0.917,0,0.15,0,0.264,0.956,0.283,0,0,0.256,0,0.977,0,0.953,0.208,0.182,0.72,0,0,0,0.953,0,0.532,0,0,0.243,0.315,0,0,0,0,0,0,0.953,0,0.953,0,0,0.977,0,0.3,0.813,0.243,0,0.816,0,0,0,0,0,0,0,0,0,0,0,0,0,0,0,0,0,0.166,0,0,0,0,0,0,0,0,0,0,0,0,0,0,0,0,0,0,0,0,0,0,0,0,0,0,0,0,0,0,0.231,0,0,0,0.289,0,0,0,0,0,0,0,0,0,0,0,0,0,0,0,0,0,0,0,0,0,0,0.186,0,0.598,0,0,0,0,0,0,0,0,0,0,0,0,0,0,0,0,0.382,0,0.22,0,0,0.293,0,0,0,0,0,0,0,0,0,0,0,0.36,0,0,0,0,0,0,0,0,0,0,0,0,0,0.461,0,0.237,0.977,0,0,0,0,0,0,0,0,0,0,0,0,0.211,0,0.956,0,0.449,0.23,0,0,0,0,0,0,0,0,0,0,0,0,0,0,0,0,0,0,0,0,0,0,0,0,0,0,0.999,0,0,0,0,0,0,0,0,0.446,0,0.194,0,0,0,0,0,0,0,0,0,0,0,0,0,0,0.184,0,0,0.394,0,0,0.228,0,0,0,0,0,0,0,0,0,0,0,0,0,0,0,0,0,0,0,0,0,0,0,0,0,0.189,0.201,0,0,0,0,0,0,0,0,0.218,0,0,0,0,0,0,0,0,0,0,0,0,0.172,0,0,0,0,0,0,0,0,0,0,0,0,0,0.197,0,0.3,0,0,0,0,0,0.215,0,0,0,0,0.281,0,0,0,0.15,0,0,0,0.267,0,0,0,0,0,0,0,0,0,0,0,0,0,0,0,0,0,0,0,0,0,0,0,0,0,0,0,0,0,0,0,0,0,0,0,0,0,0.22,0,0,0,0,0,0,0,0,0,0,0,0,0,0.565,0,0,0,0,0,0,0,0,0,0,0,0,0,0,0,0,0,0,0,0,0,0,0,0,0,0,0.194,0,0,0,0,0,0,0.273,0,0,0,0,0,0.171,0,0,0,0,0,0,0,0.575,0,0,0,0,0,0,0,0,0,0,0,0,0,0.64,0,0,0,0,0,0,0,0,0,0,0,0,0.211,0.5,0,0,0,0,0,0,0,0,0,0,0,0,0,0,0,0,0,0,0,0,0.163,0,0.298,0,0,0.276,0,0,0,0,0,0,0.305,0,0,0,0,0,0,0.903,0,0,0,0.162,0,0,0,0.256,0,0.349,0.91,0,0,0,0,0,0,0,0,0,0.194,0,0,0,0,0,0,0,0,0,0.167,0,0,0.365,0,0.208,0,0,0,0,0,0,0,0,0,0,0.355,0,0,0.205,0,0,0,0,0,0,0,0,0,0,0,0,0,0,0,0.262,0,0,0,0,0,0,0.177,0.193,0,0,0,0,0,0,0,0,0,0,0,0,0,0,0,0,0,0,0,0,0,0.902,0,0,0,0,0,0,0,0.366,0,0.398,0,0,0,0,0,0,0,0,0,0,0,0,0.164,0,0,0,0,0,0,0,0,0.229,0,0,0,0,0,0,0,0,0,0,0.297,0,0,0,0.361,0,0,0.162,0,0,0,0,0,0,0,0,0,0.202,0,0.173,0,0,0,0,0.256,0,0,0,0,0,0,0,0,0,0,0,0,0.618,0,0,0,0,0,0,0.337,0,0,0,0,0,0.276,0,0,0,0,0,0,0.227,0,0,0,0.544,0,0,0,0,0,0.391,0.197,0,0,0,0,0,0,0,0.274,0,0,0.169,0,0,0,0,0,0,0,0.201,0,0,0,0,0,0,0.264,0.317,0,0,0,0,0,0,0,0,0,0,0,0,0,0.309,0,0,0,0,0,0,0,0,0,0,0.265,0,0,0,0,0,0,0,0,0,0.226,0,0,0,0,0,0,0,0,0,0,0.152,0,0,0,0,0,0.246,0,0,0,0,0,0,0,0,0,0,0,0,0,0,0,0,0,0,0,0,0.26,0,0,0,0,0,0,0,0,0,0,0,0,0,0.155,0,0.247,0,0,0,0,0,0,0,0,0,0,0,0,0,0,0,0,0.202,0,0.387,0,0,0,0,0,0.18,0,0,0,0,0,0,0.199,0,0,0,0,0,0,0,0,0.9,0,0,0,0.224,0,0,0,0,0.311,0,0,0,0.17,0,0,0,0,0,0,0,0,0,0,0,0,0,0,0.258,0.168,0,0,0,0.247,0,0,0.22,0,0,0,0,0,0,0,0,0,0,0,0,0,0,0,0,0,0,0,0,0,0,0,0.91,0,0,0,0,0,0.213,0,0,0,0,0,0.547,0,0,0.182,0,0,0,0,0,0,0,0,0,0,0,0,0,0,0,0,0,0,0,0,0,0,0,0,0,0,0.246,0.954,0,0,0,0,0,0,0,0,0,0.902,0,0.171,0,0,0,0,0,0.953,0,0,0,0.953,0,0.306,0,0,0,0,0,0,0,0,0,0.169,0.239,0,0,0,0,0,0,0,0,0,0,0,0,0.361,0,0,0,0,0,0,0,0,0,0,0,0,0,0,0.169,0,0,0,0,0,0,0.161,0,0,0,0,0,0,0,0.904,0,0,0,0,0,0,0,0,0,0,0,0,0,0,0,0,0,0.901,0,0,0,0,0,0,0,0,0,0,0,0,0,0,0,0,0,0,0,0,0,0.907,0,0,0.652,0,0,0,0.903,0,0,0,0,0,0,0,0,0,0,0,0,0,0,0.163,0,0,0,0,0,0,0.221,0,0,0.902,0,0.512,0,0,0,0,0,0,0,0,0,0,0,0,0,0,0,0,0,0,0,0,0,0.237,0,0,0,0.953,0,0.198,0.218,0,0.512,0,0.953,0,0,0,0.955,0,0,0,0.958,0,0,0.977,0,0,0.901,0,0.955,0,0,0.183,0,0,0,0,0,0,0,0,0.9,0,0.368,0.276,0,0.203,0.927,0,0,0,0,0,0,0,0,0.256,0,0,0,0.953,0.977,0,0.566,0,0.995,0,0,0,0,0,0,0.183,0,0,0.953,0.677,0,0,0.173,0.236,0,0.977,0,0,0,0.261,0.372,0,0,0,0,0.377,0,0.979,0,0,0,0,0,0,0,0,0,0,0,0,0,0,0,0,0,0,0,0,0,0,0,0,0,0,0.152,0,0,0,0,0,0,0.205,0,0,0,0,0,0,0,0,0,0,0,0.267,0,0,0,0,0,0,0,0,0,0,0.165,0,0,0,0,0,0,0,0.153,0,0,0.22,0,0,0,0,0,0,0,0,0,0,0,0,0,0,0,0,0,0,0,0,0,0,0,0,0,0,0,0,0.218,0.163,0,0,0,0,0,0,0,0,0,0,0,0,0,0,0,0,0,0.169,0,0,0.15,0,0,0,0,0,0,0,0,0,0,0,0,0,0,0,0,0,0,0,0,0,0,0,0,0,0,0,0.398,0,0,0.977,0,0,0,0,0,0,0,0,0.197,0,0,0,0,0,0,0,0,0,0,0,0,0,0,0,0,0,0,0,0,0,0,0,0,0,0,0,0,0.371,0,0,0,0,0,0,0,0,0,0,0,0,0,0.613,0,0,0,0,0,0.194,0,0,0,0,0,0,0,0,0,0,0,0,0,0,0.606,0,0,0.342,0,0,0,0,0,0,0,0,0.218,0,0,0,0,0,0,0,0,0,0,0,0,0,0,0,0,0,0,0,0,0,0,0,0,0,0.736,0,0,0,0,0,0,0,0,0,0,0,0,0,0,0.599,0,0,0,0,0,0,0,0,0,0,0,0,0,0,0,0,0,0,0.213,0,0,0,0,0.297,0,0,0,0,0,0,0,0,0,0,0,0.223,0,0,0,0,0,0,0,0,0,0,0,0.192,0,0,0,0,0,0,0,0,0,0,0,0,0,0,0,0,0,0,0,0,0,0,0,0,0,0,0,0,0.204,0,0,0,0,0,0,0,0,0,0,0,0,0,0,0,0,0,0,0,0,0,0,0,0,0,0,0,0,0,0,0,0,0,0,0,0,0,0,0.169,0.266,0,0,0,0,0,0,0,0,0,0,0,0,0,0,0,0,0,0,0,0,0,0.167,0,0,0,0,0,0,0,0,0,0,0,0,0,0,0,0,0,0.176,0,0,0,0,0,0,0,0,0,0,0,0,0,0,0,0,0,0,0,0,0,0,0,0,0.596,0,0,0.953,0,0,0,0,0,0,0,0,0,0,0,0,0,0,0,0,0,0,0,0,0,0,0,0,0,0,0.151,0,0,0,0,0,0,0,0,0,0,0,0,0,0,0,0,0,0,0.339,0,0,0,0,0,0,0,0,0,0,0,0,0,0,0,0,0,0.197,0,0,0,0,0,0,0,0,0,0,0,0,0,0,0,0,0,0,0,0,0,0,0,0,0,0,0,0,0,0,0.259,0,0.202,0,0,0,0,0,0,0,0,0,0,0,0,0,0,0,0,0,0,0,0,0,0,0,0,0,0,0,0,0,0,0,0,0,0.238,0,0,0,0,0,0,0,0,0,0,0,0,0,0,0.39,0,0,0,0,0,0,0,0,0,0,0,0,0,0,0,0,0,0,0,0,0,0,0,0,0,0,0,0,0,0,0,0,0,0,0,0,0,0,0,0,0,0,0,0,0,0,0,0,0,0,0,0,0,0,0,0,0,0,0,0,0,0,0,0,0,0,0.955,0,0,0,0.953,0,0,0.156,0,0,0,0,0,0,0,0.953,0.267,0,0,0,0,0,0,0,0,0,0,0,0,0,0,0,0,0,0,0,0,0,0,0.581,0.22,0,0,0,0,0,0,0,0,0,0,0,0,0,0,0,0,0,0,0,0,0,0,0,0,0,0,0,0,0,0,0,0,0,0,0,0,0,0,0,0,0,0,0,0,0.205,0,0,0,0,0,0,0,0,0,0,0,0,0,0,0,0,0,0,0,0,0,0,0,0,0.36,0,0,0.264,0,0.198,0,0,0,0,0,0,0,0,0,0,0,0,0,0,0,0,0,0,0,0,0,0,0,0,0,0,0,0,0.168,0,0,0,0,0,0,0,0,0,0,0,0,0,0,0,0,0,0,0,0,0.543,0,0,0,0,0,0.297,0,0,0,0,0,0,0,0,0,0,0,0,0,0,0,0.8,0,0,0,0,0,0,0,0,0,0.181,0,0,0,0,0,0,0,0.234,0.183,0.197,0,0,0,0,0,0,0.173,0,0,0,0.195,0.307,0,0,0,0,0,0,0,0.192,0,0,0,0,0,0,0,0,0,0,0,0,0.197,0,0,0,0,0,0,0,0,0,0,0,0,0,0,0,0,0,0,0.193,0,0,0.262,0,0.169,0,0,0,0,0,0,0,0,0,0,0,0,0,0.585,0,0,0,0,0,0,0,0,0,0,0,0,0,0,0,0,0,0,0,0,0,0,0,0,0,0,0.452,0,0,0,0,0,0,0.538,0,0,0,0,0,0,0,0,0,0,0,0,0,0,0,0,0,0,0,0,0,0,0,0,0,0,0,0,0,0,0,0,0,0,0,0,0,0,0,0,0,0.349,0,0,0,0,0,0,0,0,0,0,0,0,0,0,0,0.235,0,0,0.266,0,0,0,0.338,0,0.193,0,0,0,0,0,0,0,0,0.192,0,0,0,0.305,0,0.279,0,0,0,0,0,0,0,0,0,0,0,0,0,0,0,0,0,0,0,0,0,0,0,0,0,0,0,0,0,0,0,0,0,0,0,0,0,0,0,0,0.653,0,0,0,0,0,0,0,0,0,0,0,0,0,0,0,0,0,0,0,0,0,0,0,0,0,0,0,0,0,0,0,0,0.173,0,0,0,0,0.285,0,0,0.198,0,0,0,0,0,0,0,0,0,0,0,0,0,0,0,0,0,0,0,0,0,0,0,0,0,0,0,0,0,0.17,0,0,0.483,0,0,0,0,0,0,0,0,0,0,0,0.636,0,0,0,0,0,0,0,0,0,0,0,0,0,0,0,0,0,0,0,0,0,0,0,0,0,0.339,0,0,0,0,0,0,0,0,0,0,0,0,0,0,0
855316,0,0.276,0,0,0,0,0.8,0,0,0.297,0,0,0,0,0,0.384,0.552,0,0,0,0,0,0,0,0,0,0,0,0,0,0,0,0.721,0.187,0,0,0,0,0,0,0,0,0,0,0,0,0,0,0.497,0,0,0,0,0,0,0,0,0,0,0,0,0,0,0,0,0,0,0,0.404,0,0,0,0,0,0,0,0,0,0.552,0,0,0,0,0,0,0.252,0,0,0,0,0,0,0,0,0.33,0,0.619,0.765,0,0.218,0,0,0.856,0.976,0.714,0.551,0,0,0,0,0,0,0.618,0,0,0,0,0,0,0,0,0,0,0,0,0,0,0,0,0,0.312,0,0,0.184,0,0.761,0,0,0,0,0,0,0,0,0,0,0,0,0,0,0,0,0.399,0,0,0,0,0,0,0,0,0,0,0.775,0,0,0,0,0,0,0,0,0,0,0,0,0,0,0,0,0.379,0,0,0,0,0,0,0,0,0,0,0,0,0,0,0.572,0.264,0,0,0,0,0,0,0,0,0,0,0,0,0,0,0,0,0,0,0,0.368,0,0.61,0,0,0,0,0,0,0,0,0,0,0,0,0,0,0,0,0,0,0,0,0,0,0,0,0,0,0,0,0,0,0,0,0,0,0,0,0,0,0,0,0,0,0,0,0,0,0,0,0,0,0,0,0,0,0,0,0,0,0,0,0,0,0,0,0,0,0,0,0,0.478,0,0,0,0,0.172,0,0,0,0,0,0,0,0,0,0,0,0,0,0,0,0,0,0,0,0,0,0,0,0,0.492,0,0,0,0,0,0,0,0,0,0,0,0,0,0,0.482,0,0,0,0,0,0.285,0,0,0,0,0,0,0,0,0,0,0,0,0,0,0,0,0,0,0,0,0,0,0,0,0,0,0,0,0,0,0.392,0,0.589,0,0,0,0,0,0,0,0,0,0,0,0,0,0,0,0,0.194,0,0,0,0,0,0,0,0,0,0,0,0.258,0,0.51,0,0,0,0,0,0,0,0,0,0,0,0,0,0,0,0.504,0,0,0,0,0,0,0,0,0,0,0,0,0.431,0,0,0,0,0,0,0,0,0,0,0,0,0,0,0,0,0,0,0,0.167,0,0,0,0,0,0,0,0,0,0,0,0,0,0,0,0,0,0,0,0,0,0,0,0,0,0,0,0,0,0,0,0,0,0,0,0,0,0,0,0,0,0,0,0,0,0.338,0,0,0,0,0,0,0,0,0,0,0,0,0,0,0,0,0,0,0,0,0,0,0,0,0,0,0,0,0,0.611,0,0,0,0,0,0,0,0,0,0,0.48,0,0,0,0,0,0,0,0,0,0,0,0,0,0,0,0,0,0,0,0,0,0,0,0,0,0,0,0,0,0,0,0.329,0,0,0,0,0,0,0,0,0,0,0,0,0.196,0,0.36,0,0,0,0,0,0,0,0,0,0,0,0,0,0,0,0,0,0,0,0,0,0,0,0,0,0.282,0,0,0,0,0,0,0,0,0,0,0,0,0,0,0,0,0,0,0,0,0.645,0,0,0,0,0,0,0,0,0,0,0,0,0,0,0,0,0.511,0,0,0,0,0,0,0,0,0,0,0,0,0,0,0,0,0.643,0,0,0.174,0,0,0,0,0,0,0,0,0,0,0,0,0,0,0.315,0,0,0,0,0,0,0,0,0,0,0.258,0,0,0,0,0,0,0,0,0,0.338,0,0,0,0,0.81,0,0,0,0,0,0,0,0,0,0,0,0,0.276,0,0,0.19,0,0,0,0.232,0,0,0,0.229,0,0.177,0,0,0,0,0,0,0,0,0,0,0,0,0,0,0,0.214,0,0,0,0,0,0,0,0,0.276,0,0,0,0,0,0,0,0,0,0,0,0,0,0,0,0,0,0,0,0,0,0,0,0,0,0,0,0.171,0,0,0,0,0,0,0,0,0,0,0,0,0,0,0,0,0,0,0,0,0,0,0,0,0,0,0,0,0,0,0,0,0,0,0,0,0,0,0,0,0,0,0,0,0,0,0,0,0,0,0,0,0,0,0,0.594,0,0,0,0,0,0,0,0,0,0,0,0,0,0,0,0,0,0,0,0,0,0,0,0,0,0,0,0,0,0,0,0,0,0,0,0,0,0,0,0,0,0,0,0,0,0,0.3,0,0,0,0.565,0,0,0,0,0,0,0,0,0,0,0,0,0,0,0,0,0,0,0,0,0,0,0,0,0,0,0,0,0,0,0,0,0,0,0,0,0,0,0,0,0,0,0,0,0,0,0,0,0,0,0,0,0,0,0,0,0,0,0.159,0,0,0,0,0,0,0,0.376,0,0,0,0.342,0,0,0,0,0,0,0,0,0,0,0,0,0,0,0,0,0,0,0,0,0,0,0,0,0,0,0,0,0,0,0,0,0,0,0,0,0,0,0,0,0,0,0,0,0,0,0,0,0,0,0,0,0,0,0,0,0,0,0,0,0,0,0.719,0,0,0,0,0,0,0,0,0,0,0,0,0,0,0,0,0,0,0,0,0,0,0,0.297,0,0.636,0,0,0,0,0,0,0,0,0,0,0,0,0,0,0,0,0,0,0,0,0,0,0,0,0,0,0,0,0,0,0,0,0,0,0,0,0,0,0,0,0,0,0,0,0,0,0,0,0,0,0,0,0,0,0,0,0.254,0,0,0,0,0,0,0.565,0,0,0,0,0,0,0,0,0,0,0,0,0,0,0,0.258,0,0,0,0,0,0,0,0,0,0,0,0,0,0,0,0,0,0,0,0,0.159,0,0,0,0,0,0,0.592,0,0,0,0,0,0,0,0.56,0,0,0,0,0,0,0,0,0,0,0,0,0,0,0,0,0,0,0,0,0,0,0,0,0.808,0,0,0,0,0,0,0,0,0,0,0,0,0,0,0,0,0,0,0,0,0,0,0,0,0,0,0,0,0,0,0,0,0,0,0,0,0,0,0,0.625,0,0,0,0,0,0,0,0,0,0,0,0,0,0,0,0,0,0,0,0,0,0,0,0,0,0,0,0,0,0,0.353,0,0,0,0,0,0,0,0,0,0,0,0,0,0,0,0,0,0.394,0,0,0,0,0,0,0,0,0,0,0,0,0.63,0.697,0,0,0,0,0.334,0,0,0,0,0,0,0,0,0,0,0,0,0,0,0,0,0,0,0,0,0,0,0,0,0,0.838,0,0,0,0,0,0,0,0,0,0,0,0,0.742,0,0,0,0,0,0,0.729,0,0,0,0,0,0,0,0,0,0,0,0,0.651,0,0,0,0,0,0.849,0,0,0,0,0,0,0,0,0.193,0,0,0,0.553,0,0,0,0,0,0,0,0,0,0,0,0,0,0,0,0,0,0,0,0,0,0,0,0,0,0,0,0,0,0,0,0,0,0,0,0,0,0,0,0,0.278,0,0,0,0.329,0,0,0,0,0,0,0,0,0,0,0,0.742,0,0,0,0,0,0,0,0,0,0,0,0,0,0,0,0,0,0,0,0,0,0,0,0,0,0,0,0,0,0,0,0,0,0,0,0,0,0,0,0,0,0,0,0,0,0,0,0.258,0,0,0,0,0,0,0,0,0,0,0,0,0.467,0,0.808,0,0,0,0,0,0,0,0,0,0,0,0.203,0,0,0,0,0,0.379,0,0,0,0,0,0,0,0,0,0,0,0,0,0,0,0,0,0,0,0,0,0,0,0,0,0,0,0,0,0,0,0,0,0,0,0,0,0,0,0,0,0,0,0,0,0,0,0,0,0,0,0,0,0,0,0,0,0,0,0,0,0,0,0,0,0,0,0,0,0,0,0,0,0,0.171,0,0,0,0,0,0,0,0,0,0,0,0,0,0,0,0,0,0,0,0,0,0,0,0,0,0,0,0,0,0,0,0,0,0,0,0,0,0,0,0,0,0,0,0,0,0,0,0,0,0,0,0,0,0,0,0,0,0,0.15,0,0,0,0,0,0,0,0,0,0,0,0,0,0,0,0,0,0,0,0,0,0,0,0,0,0,0,0,0,0,0,0,0,0,0,0,0,0.171,0,0,0,0,0,0.497,0,0,0,0,0,0,0,0,0,0,0,0,0,0,0,0,0,0,0,0,0,0,0,0,0,0,0,0,0,0,0,0,0.193,0.28,0,0,0,0,0,0,0,0,0,0,0,0,0,0,0,0,0,0,0,0,0,0,0,0,0,0,0,0,0.345,0,0.193,0,0,0,0,0,0,0,0,0,0,0,0,0,0,0.608,0,0,0,0,0,0,0,0,0,0,0,0,0,0,0,0,0,0,0,0,0,0,0,0,0,0,0,0,0,0,0,0,0,0,0,0,0,0,0,0,0.3,0,0,0,0,0,0,0,0,0.313,0,0,0,0,0,0,0,0,0,0,0,0,0,0,0,0,0,0,0,0,0,0,0,0,0,0,0,0,0,0,0,0,0,0,0,0,0,0,0,0,0,0,0,0,0,0,0,0,0,0,0,0,0,0,0,0,0,0,0,0,0,0,0,0,0,0,0,0,0,0,0,0,0,0,0,0,0,0,0,0,0,0,0,0,0,0,0,0,0,0,0,0,0,0,0,0,0,0,0,0,0,0,0,0,0,0,0,0,0,0,0,0,0,0,0,0,0,0,0,0,0,0,0,0,0,0,0,0,0,0,0,0,0,0,0,0,0,0,0,0,0,0,0,0,0,0,0,0,0,0,0,0,0.27,0,0,0,0.158,0,0,0,0,0,0,0,0,0,0,0,0,0,0,0,0,0,0,0,0,0,0,0,0,0,0,0,0,0,0,0,0,0,0,0,0,0,0,0,0,0,0,0,0,0,0,0,0,0,0,0,0,0,0,0,0,0,0,0,0,0,0,0,0,0,0,0,0,0,0,0,0,0,0,0,0,0,0,0,0,0,0,0,0,0,0,0,0.332,0,0,0,0,0,0,0,0,0,0,0,0,0,0,0,0,0,0,0,0,0,0,0,0,0,0,0,0,0,0,0.449,0,0,0,0,0,0,0,0,0,0,0,0,0,0,0,0,0,0,0,0,0,0,0.84,0,0,0.355,0,0,0,0,0,0,0,0,0,0,0,0,0,0,0,0,0,0,0,0,0,0,0,0,0,0,0,0,0,0,0.193,0,0,0,0,0,0,0,0,0,0,0,0,0,0,0,0,0,0,0,0,0,0,0,0,0,0,0,0,0,0,0,0,0,0,0,0,0,0,0,0,0,0,0,0.523,0,0,0,0,0,0,0,0,0,0,0,0,0,0,0,0,0,0,0,0,0,0,0,0,0,0,0,0,0,0,0,0,0,0,0,0,0,0,0,0,0,0,0,0,0,0,0,0,0,0,0,0,0,0,0,0,0,0,0.556,0,0,0,0,0,0,0,0,0,0,0,0,0,0,0,0,0,0,0,0,0,0,0,0,0,0,0,0,0,0,0,0,0,0,0,0,0,0,0,0,0,0,0,0,0,0,0,0,0,0,0.51,0,0,0,0,0,0,0,0.313,0,0,0,0,0,0,0,0,0,0,0,0,0,0,0,0,0,0,0,0,0,0,0,0,0,0,0,0,0,0,0,0,0,0,0,0,0,0,0.654,0,0,0,0,0,0,0,0,0,0,0,0,0,0,0,0.226,0,0,0,0,0,0,0,0,0,0,0,0,0,0,0,0,0.663,0.583,0,0,0,0,0,0,0,0,0,0.536,0,0,0,0.192,0,0,0,0,0,0,0,0,0,0,0,0,0,0,0,0,0,0,0,0,0,0,0,0,0,0,0,0,0,0,0,0,0,0,0,0,0,0,0,0,0.2,0,0,0,0,0,0,0,0,0,0,0,0,0,0,0,0,0,0,0,0.167,0,0,0,0,0,0,0.335,0,0,0,0.229,0,0,0.177,0,0,0,0,0,0,0,0,0,0,0,0,0,0,0,0,0,0,0,0,0,0,0,0,0,0,0,0,0,0,0.641,0,0,0,0,0,0,0,0,0,0.333,0,0,0,0,0,0,0,0,0,0,0,0,0,0,0,0,0,0,0,0,0,0,0,0,0,0.218,0,0,0,0,0,0,0,0.177,0,0,0,0,0,0,0,0,0,0,0,0,0,0,0,0,0,0,0,0,0,0,0,0,0,0,0,0,0,0,0,0,0,0,0.256,0,0,0,0,0,0,0,0,0,0,0,0,0,0,0,0,0,0,0,0,0,0,0,0,0,0,0,0,0,0,0,0,0,0,0,0,0,0,0,0,0,0,0,0.581,0,0,0,0.151,0,0,0,0,0,0,0,0,0,0,0,0,0,0,0,0,0,0,0,0,0,0,0,0,0,0,0,0,0,0,0,0,0,0,0,0,0,0,0,0,0,0,0,0,0,0,0,0,0,0,0,0,0,0,0,0,0,0,0,0,0,0,0,0,0,0,0,0.394,0,0,0.409,0,0,0,0,0,0,0,0,0,0,0,0,0,0,0,0,0,0,0,0,0,0,0,0,0,0,0,0,0,0,0,0,0,0,0,0,0,0,0,0,0,0,0,0,0,0,0,0,0,0,0,0,0,0,0,0,0,0,0,0,0,0,0,0,0,0,0,0,0,0,0,0,0,0,0,0,0,0,0,0,0,0,0,0,0,0,0,0,0,0,0,0.193,0,0,0,0,0,0,0,0,0,0,0,0,0,0,0,0,0,0,0,0,0,0,0,0,0,0.395,0,0,0,0,0,0,0,0,0,0,0,0,0,0,0,0,0,0,0,0,0,0,0,0,0,0,0,0,0,0,0,0,0,0,0,0,0,0,0,0,0,0,0,0,0,0,0,0,0,0,0,0,0,0,0,0,0,0,0,0,0,0,0,0,0,0.254,0,0,0,0,0,0,0,0,0,0,0,0,0,0,0,0,0,0,0,0,0,0,0,0,0,0,0,0,0,0,0,0,0,0,0,0,0,0,0,0,0,0,0,0,0,0,0,0,0,0,0,0,0,0,0,0,0,0,0,0,0,0,0,0,0,0,0,0,0,0,0,0,0,0,0,0,0,0,0,0,0,0,0,0,0,0,0,0,0,0,0,0,0,0,0,0,0,0,0.152,0,0,0,0,0,0,0,0,0,0,0,0,0,0,0,0.195,0,0,0,0,0,0,0,0,0,0,0,0,0,0,0,0,0,0,0,0,0,0,0,0,0,0,0,0.193,0,0,0,0,0,0,0,0,0,0,0,0,0,0,0,0,0,0,0,0,0,0,0,0,0,0,0,0,0,0,0,0,0,0,0,0,0,0,0,0,0,0,0,0,0,0,0,0,0,0,0,0,0,0,0,0,0,0,0,0,0,0,0,0,0,0,0,0,0,0,0,0,0,0,0,0,0,0,0,0,0,0,0,0,0,0,0,0,0,0,0,0,0,0,0,0,0,0,0,0,0,0,0,0,0,0,0,0,0,0,0,0,0,0,0,0,0,0,0,0,0,0,0,0,0,0,0,0,0,0,0,0,0,0,0,0,0,0,0,0,0,0,0,0,0,0,0,0,0,0,0,0,0,0,0,0,0,0,0,0,0,0,0,0,0,0,0,0.227,0,0,0,0,0,0,0,0,0,0,0,0,0,0,0,0,0,0,0,0,0,0,0,0,0,0,0,0,0,0,0,0,0,0,0,0,0,0,0,0,0,0,0,0,0,0.169,0,0,0,0,0,0,0,0,0,0,0,0,0,0,0,0,0,0,0,0,0,0,0,0,0,0,0,0,0,0,0,0,0,0,0,0,0,0,0,0,0,0,0,0,0,0,0,0,0,0,0,0,0,0,0,0,0,0,0,0,0,0,0,0,0,0,0,0,0,0,0,0,0,0,0,0,0,0,0,0,0,0,0,0,0,0,0,0,0,0,0,0,0,0,0,0,0,0,0,0,0,0,0,0,0,0,0,0,0,0,0,0,0,0,0,0,0,0,0,0,0,0,0,0,0,0,0,0,0,0,0,0,0,0,0,0,0,0,0,0,0,0,0,0,0,0,0,0,0,0,0,0,0,0,0,0,0,0,0,0,0,0,0,0,0,0,0,0,0,0,0,0,0.357,0,0,0,0,0,0,0,0,0,0,0,0,0,0,0,0,0,0,0,0,0,0,0,0,0.275,0,0,0,0,0,0,0,0,0,0,0,0,0,0,0,0,0,0,0,0,0,0,0,0,0,0,0,0,0,0,0,0,0,0,0,0,0,0,0,0,0,0,0,0,0,0,0,0,0,0,0,0,0,0,0,0,0,0,0,0,0,0,0,0,0,0,0,0,0,0,0,0,0,0,0,0,0,0,0,0,0,0,0,0,0,0,0,0,0,0,0,0,0,0,0,0,0,0,0,0,0,0,0,0,0,0,0,0,0,0,0,0,0,0,0,0,0,0,0,0,0,0,0,0,0,0,0,0,0,0,0,0,0,0,0,0,0,0,0,0,0,0,0,0,0,0,0,0,0,0,0,0,0,0,0,0,0,0,0.309,0,0,0,0,0,0,0,0,0.22,0,0,0,0,0,0,0,0,0,0,0,0,0,0,0,0,0,0,0,0,0,0,0,0,0,0,0,0,0,0,0,0,0,0,0,0,0,0,0,0,0,0,0,0,0,0,0,0,0,0,0,0,0,0,0,0,0,0,0,0,0,0,0,0,0.276,0,0,0,0,0,0,0,0,0,0,0.214,0,0,0,0,0,0,0,0,0,0,0,0,0,0,0,0,0,0,0,0,0,0,0,0,0,0,0,0,0,0,0,0,0,0,0,0,0,0,0,0,0,0,0,0,0,0,0,0,0,0,0,0.675,0,0,0,0,0,0,0,0,0,0,0,0,0,0,0,0,0,0,0,0,0,0,0.222,0,0,0,0,0,0.377,0,0,0,0,0,0,0,0,0,0,0,0,0,0,0,0,0,0,0,0,0,0,0,0,0,0,0,0,0,0,0,0,0,0,0,0,0,0,0,0,0,0.536,0,0,0,0,0,0.292,0,0,0.298,0,0,0,0,0,0,0,0,0,0,0,0,0,0,0,0,0,0,0,0,0,0,0,0,0,0.788,0,0,0,0,0,0,0,0,0,0,0,0,0,0,0,0,0,0,0,0,0,0,0,0,0,0,0,0,0,0,0,0,0,0,0,0,0,0,0,0,0,0,0,0,0,0,0.491,0,0,0,0,0,0,0,0,0,0,0,0,0,0,0,0,0,0,0,0,0,0,0,0.171,0,0,0,0,0.398,0,0,0,0,0,0,0,0,0,0,0,0,0,0,0,0,0,0,0,0,0,0,0,0.276,0,0,0,0,0,0,0,0,0,0,0,0,0,0,0,0,0,0,0,0,0,0,0,0,0,0,0,0,0,0,0,0,0,0,0,0,0,0,0,0,0,0,0,0,0,0,0,0,0,0,0,0,0,0,0,0,0,0,0,0,0,0,0,0,0,0,0,0,0,0,0,0,0,0,0,0,0,0,0,0,0,0,0,0,0,0,0,0,0,0,0,0,0,0,0,0,0,0.171,0,0,0,0,0,0,0,0.173,0,0,0,0,0,0,0,0,0,0,0,0,0,0,0,0,0,0,0,0,0,0,0,0,0,0,0,0,0,0,0,0,0,0,0,0,0,0,0,0.449,0.407,0,0,0,0,0,0,0,0,0,0,0,0,0,0,0,0,0,0,0,0,0,0,0,0,0,0,0,0,0,0,0,0,0,0,0,0,0,0,0,0,0,0,0.581,0,0,0,0,0,0,0,0,0,0,0,0,0,0,0,0,0,0,0,0,0,0,0,0,0,0,0,0,0,0,0,0,0,0,0,0,0,0,0,0,0,0,0,0,0,0,0,0,0,0,0,0,0,0,0,0,0,0,0,0,0,0.278,0,0,0,0,0,0,0,0,0,0,0,0,0,0,0,0,0,0,0,0,0,0,0,0,0,0,0,0,0,0,0,0,0,0,0,0,0,0,0,0,0,0,0,0,0,0,0,0,0,0,0,0,0,0,0,0,0,0,0,0,0,0,0,0,0
852846,0,0,0,0,0,0,0,0,0,0,0,0,0.315,0,0,0.489,0,0,0,0,0,0,0,0.313,0,0,0.161,0,0,0.304,0,0,0,0,0,0,0.317,0,0,0.229,0,0,0.483,0,0,0,0,0,0,0,0,0,0,0,0,0,0.159,0.189,0,0,0,0,0,0,0,0,0,0,0,0,0,0,0,0,0,0,0,0,0.608,0.299,0,0,0,0,0,0.174,0,0,0.861,0,0,0,0.308,0.649,0,0,0,0,0.242,0.173,0.325,0,0.328,0,0,0.912,0,0,0,0,0,0,0,0,0,0,0,0,0.863,0,0,0,0,0,0,0,0,0,0,0,0,0,0,0,0,0,0,0,0.308,0,0,0,0,0.183,0.159,0,0,0.154,0.904,0,0.15,0,0,0,0,0.297,0,0,0,0,0,0,0.238,0,0,0,0,0,0,0,0,0,0,0,0,0,0,0,0.304,0,0.471,0,0,0,0,0,0.286,0,0,0,0,0,0,0.159,0,0,0.188,0,0,0,0,0,0,0,0,0.316,0,0.201,0,0,0,0,0.94,0,0,0,0,0,0,0.181,0,0,0,0,0,0,0,0,0,0,0.192,0.151,0,0,0.221,0.299,0.173,0,0.25,0,0.273,0.165,0,0,0,0,0.184,0,0.201,0,0.186,0,0,0.266,0,0,0,0,0,0,0,0.191,0,0,0,0.191,0,0.187,0.154,0.163,0,0,0,0,0,0,0,0.158,0.159,0,0,0,0,0,0,0,0,0,0.997,0,0,0,0,0,0,0.15,0,0.287,0,0.243,0,0.954,0,0,0,0,0.239,0,0,0,0,0,0.162,0,0,0,0.282,0.371,0,0,0,0,0,0,0.782,0,0,0.151,0,0,0,0.362,0,0,0,0,0,0,0,0,0,0,0,0,0,0,0.299,0,0,0,0,0,0,0,0,0,0.285,0,0,0,0,0,0,0,0,0,0,0.158,0,0,0.272,0,0,0,0,0.167,0,0,0.885,0,0.229,0.319,0.317,0,0,0.273,0,0.349,0,0,0.302,0,0,0,0,0,0,0,0,0,0,0.2,0.229,0,0,0.169,0,0,0,0,0,0,0,0,0,0,0,0.315,0,0.161,0,0,0.153,0,0,0,0,0,0.368,0,0,0.155,0,0,0,0,0,0,0,0.307,0.169,0.248,0,0.224,0,0,0.262,0,0,0,0,0.181,0.194,0,0.471,0,0,0,0,0,0,0,0.456,0,0,0,0,0.164,0.151,0,0,0.167,0,0,0,0,0.215,0.203,0.572,0,0,0,0,0.39,0,0,0,0,0,0.16,0,0,0,0,0,0,0,0,0,0,0.165,0.171,0,0,0,0,0,0,0,0.181,0,0,0,0,0,0,0,0.23,0,0,0,0,0,0,0,0.165,0,0,0.162,0,0.173,0,0,0,0,0,0,0,0,0,0.247,0.168,0,0,0,0,0,0,0.167,0,0,0,0,0,0.161,0,0,0,0,0,0,0,0,0,0.16,0,0.201,0.177,0,0.915,0,0,0,0.161,0.179,0,0.158,0,0,0.162,0.955,0.213,0,0,0,0,0,0.278,0,0,0,0,0,0.153,0,0,0,0,0,0.248,0,0,0,0,0,0,0,0,0,0,0,0,0,0,0,0,0.19,0.428,0.342,0,0,0,0,0,0,0,0,0,0,0.736,0,0,0.317,0,0,0,0.18,0.339,0.169,0,0,0,0,0,0.158,0,0.263,0,0,0,0,0,0,0.163,0.217,0,0.99,0.38,0,0,0.246,0,0.468,0,0.189,0,0.165,0,0,0,0,0,0,0.16,0,0,0,0,0,0,0,0,0,0,0.159,0,0,0,0,0,0,0.557,0,0,0,0,0.481,0,0,0.165,0,0,0,0,0,0,0.158,0,0.477,0,0,0.211,0,0.158,0,0,0.231,0,0,0,0.174,0.338,0,0.172,0,0,0,0,0,0,0,0.15,0,0,0,0,0.151,0,0,0,0,0.183,0,0.953,0,0,0,0,0,0.24,0,0,0,0,0,0,0,0,0.351,0,0,0,0.173,0,0.452,0,0,0,0.189,0,0,0,0.185,0.544,0,0,0,0.218,0,0,0,0,0,0,0,0,0,0.175,0,0,0,0.167,0,0,0,0,0,0,0.151,0,0,0.22,0.227,0.157,0,0,0,0,0,0,0,0,0,0,0,0,0.191,0.17,0.23,0.158,0,0,0,0.285,0,0.165,0.157,0,0,0,0,0,0,0,0.348,0.159,0,0,0.264,0,0.175,0.154,0.174,0,0,0,0,0,0,0,0.208,0,0,0,0,0,0.638,0,0,0,0,0,0.185,0,0,0.71,0,0,0,0,0.544,0,0,0.158,0,0,0,0,0.685,0.347,0.169,0.225,0,0,0,0,0,0,0,0,0,0,0.208,0,0,0,0,0,0,0.202,0.202,0,0,0.363,0,0,0,0,0,0,0,0,0,0,0.173,0,0,0.966,0,0,0,0.165,0,0.524,0,0,0,0,0.187,0,0.246,0,0,0.186,0,0,0,0,0,0.325,0.195,0.174,0,0.202,0,0.624,0,0,0,0,0,0,0,0,0,0.151,0,0,0,0,0,0,0,0,0.15,0,0.671,0,0,0.18,0,0,0,0,0,0,0,0,0,0,0,0,0,0,0,0,0,0,0,0,0,0,0,0,0,0,0,0,0,0,0.444,0,0.466,0,0.441,0,0,0.285,0,0,0,0,0,0,0.688,0,0,0,0,0,0.156,0,0,0,0,0,0,0,0,0,0,0,0,0,0,0,0.921,0,0,0,0,0,0,0,0,0,0,0,0,0,0,0,0,0,0,0,0,0,0,0,0.897,0,0,0,0,0,0,0,0,0,0,0,0,0,0,0.311,0,0.219,0,0,0,0,0,0,0,0,0,0,0,0,0,0,0,0,0,0,0,0,0,0,0,0,0,0,0,0,0,0.16,0,0,0,0,0,0,0,0,0,0,0,0,0,0,0,0,0,0,0,0,0,0,0,0,0,0,0,0,0,0,0,0,0,0,0,0,0,0,0,0,0,0,0,0,0,0,0,0,0,0,0,0,0,0,0,0,0,0,0,0,0,0,0,0,0,0,0,0,0,0,0,0,0,0,0,0,0,0,0,0,0,0,0,0,0,0,0,0,0,0,0,0,0,0,0,0,0,0,0,0,0,0,0,0,0,0,0,0,0,0,0.152,0,0,0,0,0,0,0,0,0,0,0,0,0,0,0,0,0,0,0,0,0,0,0,0,0,0,0,0,0,0,0,0.389,0,0,0,0,0,0,0,0,0,0,0,0,0,0,0,0,0,0,0,0.216,0,0.998,0,0,0,0,0,0,0,0,0,0,0,0,0.565,0,0,0,0.165,0.283,0,0,0,0,0,0,0,0,0,0,0,0.321,0,0,0,0,0,0,0,0,0,0,0,0,0,0,0,0,0,0,0,0,0,0.173,0,0,0,0,0,0,0.235,0,0,0.3,0,0,0,0,0,0,0.206,0,0,0,0,0,0,0,0,0,0,0,0,0,0.239,0,0.171,0.972,0,0,0,0,0,0,0,0,0,0,0,0,0,0,0,0,0,0,0,0.269,0,0,0,0.194,0,0.32,0.251,0,0.171,0,0,0,0,0,0,0.204,0,0,0.194,0,0,0,0,0,0,0,0,0,0,0,0,0,0,0.363,0,0,0,0,0,0,0,0,0,0,0,0,0.683,0,0,0,0,0,0,0,0,0,0,0,0,0,0,0,0,0,0,0,0,0,0,0,0,0,0,0,0,0,0,0,0,0.266,0,0,0,0,0.186,0,0,0,0,0,0.299,0,0,0.197,0,0,0,0,0,0,0,0,0,0,0,0,0,0,0,0,0,0,0,0,0,0,0,0,0,0,0,0,0.783,0,0,0,0,0,0,0,0,0.806,0,0,0,0,0,0,0,0,0,0,0,0,0,0,0,0,0,0,0,0,0,0,0,0,0.752,0,0,0,0,0.32,0,0,0,0,0,0,0,0,0,0,0,0.166,0,0,0,0,0,0.526,0,0,0,0,0.198,0,0,0,0,0,0,0,0,0,0.286,0,0,0,0,0,0,0,0,0,0,0,0,0,0.354,0,0,0.151,0,0,0,0,0,0,0,0,0,0,0,0,0,0,0.167,0,0,0,0,0,0,0,0,0,0,0,0.17,0,0,0,0,0,0,0,0,0,0,0,0.172,0,0,0,0,0,0,0.183,0,0,0,0,0,0,0,0,0,0.154,0,0,0,0,0,0,0,0,0,0,0,0,0,0,0,0,0,0,0,0,0,0,0.302,0,0,0.307,0,0,0,0,0,0.173,0,0,0,0,0,0,0,0,0,0,0,0,0,0.2,0,0,0,0,0,0,0,0,0,0,0,0,0,0,0,0,0,0.152,0,0,0,0,0,0,0.254,0,0,0,0,0,0,0,0.152,0,0,0,0,0,0,0,0.233,0,0,0,0,0,0,0,0,0,0,0,0,0,0,0,0,0.311,0,0,0,0,0,0,0,0,0,0,0,0,0,0.178,0,0,0,0,0,0,0.186,0,0,0,0,0,0,0,0,0,0,0,0,0,0,0,0,0,0,0,0,0,0,0.307,0,0,0,0,0,0,0,0,0,0,0,0,0,0,0,0,0,0,0,0,0,0,0,0,0,0,0,0,0,0,0,0,0,0,0,0.432,0.157,0,0,0,0,0,0,0,0,0,0,0,0,0,0,0.302,0,0,0.167,0,0.157,0,0,0,0,0,0,0,0,0,0,0,0.186,0,0,0,0.239,0,0.175,0,0.239,0.276,0.202,0,0,0,0,0,0.238,0.675,0,0.97,0.307,0.973,0,0,0,0,0,0,0,0.188,0.98,0,0,0,0,0,0.925,0,0,0,0,0.204,0,0.151,0,0,0,0,0,0.175,0,0.191,0.239,0.212,0.728,0.495,0.922,0,0,0.205,0.835,0,0,0,0,0,0,0.154,0.239,0,0.477,0,0,0.941,0,0,0.198,0.925,0,0,0,0.173,0.419,0,0,0.26,0,0,0.174,0,0,0,0,0,0,0.446,0,0.61,0,0,0,0,0.185,0,0.192,0.65,0.304,0,0,0,0,0.224,0.171,0,0.181,0,0.774,0.761,0,0,0,0,0.183,0.165,0,0,0,0,0,0.464,0,0,0,0,0.444,0,0,0,0,0,0,0,0,0,0,0,0,0.421,0.165,0.254,0,0.165,0.165,0,0,0,0,0.205,0,0,0.938,0.193,0,0,0,0.434,0,0,0.165,0.203,0,0.165,0,0.23,0,0,0,0.319,0,0,0,0,0,0,0,0,0,0.204,0,0,0,0,0.201,0.189,0,0,0.561,0,0,0.179,0,0.211,0.916,0,0,0,0.154,0.44,0,0,0,0,0,0,0,0,0,0,0,0,0,0,0,0,0,0,0,0,0,0,0,0,0,0,0,0,0.199,0,0,0,0,0,0,0,0,0,0,0,0,0,0,0,0,0,0,0,0,0,0.341,0,0,0,0,0,0,0,0,0,0,0,0,0,0,0,0,0,0,0,0,0,0,0,0,0.161,0,0,0,0,0,0,0,0,0,0,0,0,0,0,0,0,0,0,0,0,0,0.166,0,0,0,0,0,0,0,0,0,0,0,0,0,0,0,0,0,0,0,0,0,0,0,0,0,0,0,0,0,0,0,0,0,0,0,0,0,0,0.183,0.196,0,0,0,0,0,0,0,0,0,0,0,0,0,0,0,0,0,0,0,0,0,0,0,0,0,0,0,0,0,0.24,0.157,0.169,0,0.32,0,0,0.191,0,0,0.26,0,0.201,0,0,0.803,0,0,0,0,0,0,0.179,0,0,0,0,0,0,0,0,0,0,0,0.183,0.812,0,0,0.188,0,0,0,0.68,0,0,0,0.224,0,0,0,0,0,0,0,0,0.26,0,0.26,0,0,0,0,0,0,0,0,0,0,0,0,0,0,0,0,0,0.195,0,0,0,0.298,0,0.822,0,0,0,0,0,0.155,0.166,0,0.175,0,0,0,0,0,0,0.191,0,0,0,0.152,0,0,0.173,0,0.279,0,0,0,0,0,0,0,0,0,0,0,0,0,0,0,0,0,0,0,0,0,0,0.161,0,0.796,0,0,0,0,0,0,0,0,0,0,0,0.255,0,0,0,0,0,0,0,0,0,0,0.204,0,0,0,0,0,0,0,0,0,0,0,0,0,0,0,0,0,0,0,0,0.24,0,0,0,0,0,0,0,0.285,0.24,0,0,0,0,0,0.929,0,0.174,0,0,0,0,0,0,0.198,0,0,0,0,0,0,0,0,0,0,0,0,0,0,0.919,0,0,0,0,0,0.519,0,0,0.196,0,0,0,0,0,0,0,0,0,0,0,0,0,0,0,0,0,0,0,0.178,0.198,0,0,0,0,0,0,0,0,0,0,0,0,0,0,0,0,0,0,0,0,0,0,0,0,0,0,0.189,0,0,0,0,0,0,0,0,0,0,0,0,0,0.17,0,0,0,0,0,0,0,0,0,0,0,0,0,0.343,0,0,0,0,0,0,0,0,0,0,0,0,0,0,0,0,0,0,0,0,0,0,0,0,0,0,0,0,0,0,0,0,0.348,0,0,0,0,0,0,0,0,0,0,0.24,0.173,0,0,0,0,0,0,0,0,0,0,0,0,0,0,0,0,0,0,0,0,0,0,0,0,0,0,0,0,0,0,0,0,0,0,0,0,0,0,0,0,0,0,0,0,0,0,0,0.171,0,0,0,0,0,0,0,0,0,0,0,0,0,0,0,0,0,0,0,0,0,0,0,0,0,0,0,0,0,0,0,0,0,0,0,0,0,0,0,0,0,0,0,0,0,0,0,0,0,0,0,0,0,0,0,0,0,0,0,0,0,0,0,0,0,0,0,0,0,0,0,0,0.319,0,0,0,0,0,0,0,0,0,0,0,0,0.161,0,0,0,0,0,0,0,0,0,0,0.183,0,0,0,0,0,0,0,0,0,0,0,0,0,0,0,0,0,0.167,0,0,0,0,0,0,0,0,0,0,0,0,0,0,0,0,0,0,0,0,0,0,0,0,0.596,0,0,0,0,0,0.152,0,0.355,0,0,0.172,0,0,0,0,0,0,0,0,0,0,0,0,0,0,0,0,0,0,0,0,0,0,0,0,0,0,0,0,0,0,0,0,0,0.597,0,0,0,0,0,0,0,0,0,0,0,0,0,0,0,0,0,0,0,0,0,0,0,0,0,0,0,0,0,0,0,0.307,0,0,0,0,0,0,0,0,0,0,0,0,0,0,0,0,0,0.183,0,0,0,0,0,0,0,0,0,0,0,0.208,0,0,0,0,0,0,0,0,0,0,0,0,0,0,0,0,0.239,0,0,0,0,0,0,0,0,0,0,0,0,0.158,0,0,0,0,0,0,0,0,0,0,0,0,0,0.17,0,0,0,0,0,0,0,0,0,0,0.489,0,0,0,0,0,0,0,0,0,0,0,0.196,0,0,0,0,0,0,0,0,0,0,0,0,0,0,0,0,0,0.3,0,0,0,0,0,0,0.15,0,0,0.218,0,0,0,0,0,0,0,0,0.775,0,0,0,0,0,0.313,0,0,0,0,0,0,0,0,0,0,0,0,0,0,0.218,0.812,0,0,0,0.183,0,0,0,0.15,0,0,0,0,0,0,0,0,0,0,0,0,0,0,0,0,0,0.232,0,0,0,0,0,0,0,0,0,0,0,0,0,0,0,0,0,0,0,0.167,0,0,0,0,0.658,0,0,0.24,0,0.239,0.159,0,0,0,0,0,0,0.162,0.317,0,0,0.836,0,0,0,0.351,0.696,0,0,0,0,0,0,0.927,0,0,0.178,0,0,0,0,0,0,0,0,0,0.167,0.154,0,0,0,0,0,0,0,0,0,0.163,0,0,0.359,0,0,0,0.932,0,0.15,0,0,0.191,0,0,0,0,0.745,0,0,0,0,0.151,0,0,0.178,0,0.18,0,0,0,0,0,0,0.406,0,0,0,0,0,0,0,0,0,0,0,0,0,0,0,0,0,0,0,0,0,0,0,0,0,0,0.538,0,0,0,0,0,0,0,0,0,0,0,0,0.191,0,0,0,0,0,0,0,0,0,0.338,0,0,0,0.858,0,0,0.17,0,0,0.17,0,0,0,0,0,0.156,0,0,0,0,0,0,0,0,0,0,0,0.444,0,0.859,0,0,0.242,0,0,0,0,0,0,0.177,0.468,0,0.781,0,0.444,0,0,0,0,0.451,0.861,0,0.221,0,0,0,0,0,0,0,0,0,0,0,0,0,0,0,0,0,0,0,0,0,0,0,0,0,0,0,0,0,0,0,0,0,0,0,0,0,0,0,0,0,0,0,0.736,0,0,0,0,0.922,0.241,0.567,0,0,0,0.16,0,0,0,0,0,0,0,0,0,0,0.752,0,0,0.186,0,0,0,0,0,0.212,0,0,0,0,0.178,0,0,0,0.285,0.675,0,0,0,0,0,0,0,0,0,0.614,0.203,0,0,0,0,0,0,0,0,0,0,0,0,0,0,0,0,0,0,0,0,0,0,0,0.794,0.285,0,0,0.398,0,0,0,0,0,0,0.342,0,0,0.161,0,0,0,0.171,0.932,0,0,0,0,0,0,0,0,0,0.342,0.212,0.482,0.969,0,0,0,0.844,0,0,0,0.946,0.902,0,0.608,0.233,0,0,0,0,0,0,0,0.889,0,0,0,0,0,0,0,0.167,0,0,0.831,0,0,0,0,0,0,0,0,0,0,0.184,0,0,0.161,0,0,0,0,0,0,0,0,0,0,0,0,0,0,0,0,0.151,0,0,0,0,0,0.341,0,0,0,0,0,0,0,0,0,0,0,0,0,0,0.181,0,0,0,0,0,0.849,0,0,0,0,0,0,0,0,0,0,0,0,0,0,0,0,0,0,0,0,0.173,0.188,0,0,0,0.177,0,0.979,0,0,0,0,0,0.244,0,0,0,0.607,0.188,0.261,0,0.785,0.479,0,0,0,0,0.241,0,0.928,0,0,0.4,0.237,0,0,0,0,0.268,0,0.202,0.485,0.281,0,0,0,0,0,0,0,0,0,0.379,0,0,0,0,0.932,0,0,0.769,0.754,0.754,0.264,0,0.475,0,0,0.898,0,0.264,0,0,0.408,0.907,0,0,0.454,0,0,0.191,0.844,0,0,0,0,0,0.223,0,0,0,0,0,0,0,0,0,0,0,0,0,0,0,0,0,0,0.243,0,0,0,0,0,0,0,0,0,0,0,0,0,0,0,0.308,0.171,0.676,0,0.161,0,0.161,0,0,0,0.167,0,0,0,0,0,0,0,0,0.161,0.234,0.167,0,0,0,0,0,0,0,0.953,0.154,0,0.165,0,0.941,0,0,0.846,0.167,0.446,0,0,0,0,0.161,0,0.154,0.161,0.171,0,0,0,0,0,0,0.163,0.161,0.163,0,0,0.366,0,0,0,0,0.192,0,0,0.879,0.253,0,0,0,0,0,0,0,0,0,0,0,0,0.836,0.156,0,0,0,0,0,0,0,0,0,0.154,0,0,0,0,0,0,0,0.15,0,0,0,0,0,0,0,0,0.183,0,0.187,0,0.186,0,0,0,0,0.183,0,0,0,0,0,0.237,0,0,0,0,0,0,0,0.196,0,0,0,0,0,0,0,0,0,0,0,0,0,0,0,0,0,0,0,0,0,0,0,0,0.154,0,0,0,0.284,0.813,0.647,0,0.329,0,0.908,0,0,0,0,0,0,0,0,0,0,0,0,0.868,0.175,0.65,0,0.802,0,0,0,0,0,0,0,0.394,0,0,0,0.178,0,0,0,0,0,0,0,0,0,0.173,0,0,0,0,0,0,0,0,0,0,0,0,0,0,0,0,0,0,0,0,0,0,0,0,0,0,0,0,0,0,0,0,0,0,0,0,0,0,0,0,0,0,0,0,0,0,0,0,0,0,0,0,0,0,0,0,0,0,0,0,0,0,0,0,0,0,0,0,0,0,0,0,0,0,0,0,0,0,0,0,0,0,0,0,0,0,0,0,0,0,0,0,0,0,0,0,0,0,0,0,0,0,0,0,0,0,0,0,0,0,0,0,0,0,0.61,0,0,0,0,0,0,0,0,0,0,0,0,0,0,0,0,0,0,0,0,0,0,0,0,0.475,0,0,0,0.15,0,0,0,0,0,0,0,0,0,0,0,0,0,0,0,0,0,0,0,0,0,0,0,0,0,0,0,0,0,0,0,0,0,0,0,0,0,0.232,0,0,0,0,0,0,0,0,0,0.282,0,0,0,0,0,0.279,0.196,0,0,0,0,0,0,0,0,0.25,0,0,0,0,0,0,0,0,0,0,0,0,0,0,0,0,0,0,0,0,0,0,0,0,0,0,0,0,0,0.232,0,0,0,0,0,0,0,0,0,0,0,0,0,0,0,0,0,0.731,0,0,0,0,0.25,0,0.17,0,0,0,0,0,0,0,0,0,0,0,0.166,0,0.279,0,0.161,0,0,0,0,0,0,0,0.758,0.909,0,0.852,0.325,0.608,0.764,0,0,0,0.499,0,0,0,0,0,0,0.626,0,0,0,0,0,0,0,0,0,0,0,0,0,0.183,0,0,0,0,0,0,0,0,0,0,0.171,0,0,0,0,0,0,0,0,0,0.151,0,0,0,0,0,0,0,0,0,0,0,0,0.167,0,0,0,0,0,0,0,0,0,0,0,0,0,0,0.469,0,0,0,0,0,0,0,0,0,0,0,0,0,0,0,0,0,0,0,0,0,0,0,0,0,0,0,0.433,0,0,0,0,0,0,0,0,0,0.19,0,0,0,0,0,0,0,0,0.186,0,0.167,0.266,0,0,0,0,0,0,0,0,0,0,0,0,0,0,0,0,0,0,0,0,0.409,1
851877,0,0,0.939,0.88,0,0,0.206,0.208,0.164,0,0.437,0,0,0,0,0.555,0,0,0.994,0.444,0,0,0,0,0.416,0,0.785,0,0,0,0,0,0,0,0.295,0,0.225,0,0,0,0.182,0.212,0,0,0,0,0,0.493,0.967,0,0,0.539,0.276,0,0,0,0,0.849,0.208,0,0.182,0.386,0.354,0,0.965,0,0.293,0.294,0,0,0.625,0,0.201,0.661,0.25,0,0.185,0.246,0.181,0,0,0,0,0.38,0,0.162,0,0,0,0,0.317,0,0.16,0.231,0.169,0,0,0,0,0,0.225,0.297,0.228,0,0,0,0,0,0,0,0,0,0,0,0,0.288,0,0.461,0.305,0.16,0,0.258,0.628,0,0,0,0,0,0,0,0,0,0,0,0.19,0,0,0,0.785,0,0.539,0,0.841,0,0,0.63,0,0,0,0,0.317,0,0,0,0,0.986,0,0,0,0.607,0,0,0,0.207,0,0,0,0,0,0,0,0.521,0,0,0,0.165,0,0,0,0,0.318,0.157,0.347,0.185,0,0,0,0,0.193,0.261,0.263,0,0,0,0,0,0.21,0,0.197,0,0,0,0.282,0,0,0,0,0.277,0,0.511,0,0,0.167,0,0,0,0.267,0,0,0,0.337,0,0,0,0,0,0.908,0,0,0.67,0.299,0,0.785,0.26,0.435,0,0.416,0,0,0,0,0.188,0,0,0.759,0,0,0,0.438,0,0.192,0,0.371,0,0,0,0,0,0,0,0.737,0,0.329,0.154,0,0.347,0,0,0,0.32,0,0.33,0,0.159,0,0.781,0.916,0.16,0,0,0,0,0.162,0.165,0,0.171,0,0.298,0.237,0,0,0,0,0,0,0,0.161,0,0,0,0.354,0,0,0.191,0,0,0.189,0.457,0,0.187,0,0,0.334,0,0.781,0.487,0,0.267,0,0.2,0.162,0.298,0.178,0,0.162,0,0,0,0,0.157,0,0.444,0.378,0,0.209,0,0,0,0,0,0,0,0,0.185,0,0.204,0,0,0.231,0,0,0,0,0,0.39,0,0.151,0,0,0.224,0,0.267,0,0,0.154,0,0,0.166,0.63,0.557,0.476,0.302,0,0,0,0,0.215,0,0.178,0.267,0,0,0.225,0.331,0,0.19,0,0.449,0,0.223,0.266,0.413,0,0,0.218,0.295,0,0.289,0,0,0.482,0,0.345,0,0.461,0,0,0,0,0.811,0,0,0.183,0,0,0.187,0.474,0.309,0,0,0,0,0.204,0.516,0,0,0.24,0,0,0,0,0,0,0,0,0,0.525,0.159,0,0,0,0,0.52,0,0.184,0.204,0,0,0.541,0,0.238,0.264,0.163,0,0,0,0,0,0,0.579,0.281,0.183,0.385,0,0,0,0.373,0.406,0,0,0,0,0,0.34,0,0.192,0.313,0,0,0,0,0,0,0.6,0,0.15,0,0,0.365,0.191,0,0.628,0,0,0,0,0.448,0,0,0,0.29,0.173,0,0.198,0,0,0.158,0,0,0,0.436,0,0.22,0,0.29,0.305,0.229,0,0,0,0,0,0,0.171,0,0.29,0.217,0,0,0.15,0,0,0,0,0.197,0,0.305,0.315,0,0,0.243,0.188,0,0.408,0,0.159,0,0,0.207,0.204,0.267,0.218,0,0,0.249,0,0.256,0.45,0,0,0,0,0,0,0,0.322,0.286,0.269,0,0,0,0.175,0,0,0.183,0,0.16,0,0.322,0,0,0.251,0.582,0,0,0.445,0,0,0.293,0.183,0.349,0,0,0.185,0,0,0,0.962,0,0,0.194,0,0,0,0,0,0,0,0.164,0,0.277,0,0.199,0,0.215,0,0.202,0.328,0.303,0.217,0,0,0,0,0.154,0,0,0.168,0.74,0,0.176,0.2,0.225,0,0.242,0,0.887,0,0.315,0,0,0.548,0,0,0.186,0,0,0,0,0.153,0,0,0,0.32,0.43,0.219,0.181,0.266,0.324,0,0.401,0,0,0,0.374,0,0.265,0,0,0,0,0,0,0.204,0,0,0,0,0,0,0.188,0,0.541,0,0,0.158,0.308,0,0,0,0.294,0.267,0,0,0.362,0,0,0,0,0.239,0.186,0,0,0,0.263,0,0.16,0,0.208,0,0,0,0,0,0,0.151,0,0,0.612,0.192,0.19,0,0.905,0.247,0,0.737,0,0,0,0.286,0,0.508,0,0,0,0.616,0.312,0.164,0.173,0.212,0.515,0,0,0.154,0.171,0,0.159,0.197,0,0,0,0,0,0,0.219,0.399,0.207,0.174,0,0.228,0.574,0.409,0,0.173,0,0,0,0.168,0,0,0,0,0,0.432,0,0,0.203,0,0,0,0.192,0,0,0.94,0.458,0,0.449,0.53,0,0,0.568,0.158,0,0.163,0.406,0,0.26,0,0.377,0,0,0,0,0,0.335,0,0,0,0,0,0,0,0.186,0,0.309,0,0,0,0.171,0.16,0,0,0,0,0,0.279,0.202,0,0.358,0,0,0,0.181,0.171,0,0,0,0.15,0,0.174,0,0.384,0,0,0.202,0,0.58,0,0,0,0.156,0,0,0,0,0,0,0.25,0,0.227,0,0.441,0.194,0,0.203,0,0,0.196,0.26,0,0,0.165,0.46,0.16,0,0.301,0,0,0.169,0,0,0,0,0,0.604,0.156,0,0,0,0,0,0,0.359,0,0.158,0,0.267,0,0.186,0,0,0,0.388,0.446,0,0,0,0,0.163,0.849,0.318,0.208,0,0,0.202,0,0,0,0,0.341,0.179,0.285,0,0.15,0.209,0.44,0.347,0.187,0.167,0,0.166,0.294,0.238,0.434,0,0,0,0.247,0,0.535,0.318,0,0,0,0.212,0,0,0,0,0,0.356,0.661,0,0.613,0,0.152,0,0,0,0,0,0.206,0,0.304,0.53,0.999,0,0,0,0.195,0,0.29,0,0.348,0,0,0,0,0,0,0,0,0,0,0,0,0,0,0,0,0,0,0,0,0,0,0,0,0,0,0,0,0,0,0,0,0,0,0,0,0,0,0,0,0,0.175,0,0,0,0,0.24,0,0,0.248,0,0,0,0,0,0,0,0,0.155,0,0,0.557,0,0,0,0,0,0,0,0,0,0,0,0,0,0,0,0,0,0,0,0.388,0,0,0.249,0,0,0,0.908,0.152,0,0,0,0,0.203,0.328,0,0,0,0.398,0,0,0,0.187,0.184,0,0,0,0,0,0.901,0,0,0,0,0.199,0,0,0.228,0,0,0,0,0,0,0.221,0,0,0,0,0.202,0.271,0,0,0,0,0,0,0.179,0,0,0,0,0.222,0,0,0,0,0.368,0,0,0,0,0,0,0,0.188,0,0,0,0,0,0.187,0.348,0,0,0,0,0.168,0,0,0,0,0,0,0,0,0,0,0,0,0,0.187,0,0,0,0,0,0,0,0,0,0.692,0.157,0,0,0,0,0.158,0.347,0,0.275,0.175,0,0,0,0,0,0,0,0,0,0,0.508,0.151,0,0,0,0,0,0,0,0,0.208,0.16,0,0.181,0.302,0,0.247,0.226,0,0,0,0,0,0,0,0.742,0,0,0,0,0,0.636,0.174,0,0.181,0.178,0.169,0,0,0,0,0,0,0.167,0,0,0,0,0,0,0,0,0,0,0,0.45,0,0,0,0,0,0,0,0,0,0,0,0.185,0.442,0,0,0,0.152,0,0,0.242,0.913,0,0,0,0,0.151,0,0.298,0,0.45,0,0.4,0,0,0,0,0,0,0,0,0,0,0.198,0.297,0,0,0.489,0,0.901,0,0,0,0,0,0,0,0,0,0.342,0.192,0,0,0,0.21,0.171,0,0,0.181,0,0,0,0,0,0,0,0,0.336,0,0.893,0,0,0,0,0,0.199,0,0,0,0,0,0,0.9,0.483,0.224,0,0,0,0,0,0,0,0,0,0,0,0,0,0,0.183,0.277,0,0.264,0,0.16,0,0,0,0,0,0,0.633,0,0,0,0,0.852,0,0,0.367,0,0,0,0,0,0,0,0,0,0,0.193,0,0.232,0,0,0,0,0,0.226,0,0,0,0,0,0,0,0,0,0,0,0,0,0.261,0,0,0.908,0,0.193,0.205,0,0.355,0.238,0,0,0.152,0,0,0.459,0.333,0,0,0,0,0,0.258,0,0.185,0,0,0,0,0,0.184,0,0,0,0,0,0,0,0,0,0,0,0,0,0,0,0,0.155,0,0,0.562,0,0,0,0,0,0,0,0,0,0,0,0,0.185,0.184,0,0,0.154,0,0,0,0,0,0,0,0,0,0.442,0,0,0,0.171,0,0,0,0,0,0,0,0.202,0,0.599,0,0.177,0,0.379,0,0.162,0.293,0,0,0,0,0,0,0,0,0,0,0.274,0,0,0,0,0,0,0,0,0,0,0,0.181,0,0,0,0,0,0,0.168,0,0,0,0.2,0,0,0,0,0,0,0,0,0.165,0,0,0,0,0,0.294,0.201,0,0,0,0,0,0,0,0.179,0,0,0,0.174,0.394,0,0,0,0,0,0.356,0,0,0,0,0,0,0,0,0,0,0,0,0,0.173,0,0,0,0,0,0,0,0,0,0,0,0,0,0,0,0,0,0,0.39,0,0,0,0,0,0,0,0,0,0,0,0,0,0,0.223,0.732,0,0,0,0,0.565,0.178,0,0,0.776,0,0.249,0.261,0,0,0,0,0,0,0,0,0,0,0,0,0.997,0,0,0.439,0.165,0,0,0,0,0,0,0.305,0.189,0.227,0,0,0,0,0,0,0,0,0,0,0.24,0,0,0,0.365,0,0,0.982,0,0.271,0,0,0,0.488,0,0,0,0.173,0,0.227,0,0,0.249,0.261,0,0,0,0,0,0,0.385,0,0,0,0,0,0.153,0,0.175,0,0,0.48,0,0,0,0,0,0.218,0.186,0,0,0.173,0.16,0,0,0,0.264,0,0,0,0,0,0.174,0,0.587,0.97,0.418,0,0,0,0,0,0.35,0.785,0,0.521,0,0,0,0,0,0,0,0,0,0.254,0,0,0.728,0.173,0.313,0.436,0.458,0,0,0.462,0,0,0,0,0,0,0,0,0,0.165,0,0,0.169,0,0,0,0,0.204,0,0,0,0,0,0,0,0,0,0.286,0,0,0,0,0.346,0.15,0.154,0.188,0.291,0,0,0,0.23,0,0.241,0,0,0.465,0,0.158,0,0,0.579,0,0.161,0.694,0,0,0,0.439,0,0,0,0.259,0,0,0,0,0,0,0,0.239,0,0,0,0,0,0,0,0,0.69,0,0.215,0.24,0,0,0.691,0,0,0,0,0,0,0,0,0,0.289,0,0,0,0.556,0.209,0,0.209,0,0.177,0.265,0,0.264,0.154,0,0,0,0,0.198,0.163,0,0,0,0,0.413,0,0,0,0,0,0,0,0,0.254,0,0,0,0,0.238,0,0,0,0,0.181,0,0,0,0,0,0,0,0,0,0,0,0,0,0.209,0,0,0,0,0,0,0,0,0,0.171,0,0,0,0,0.153,0,0,0,0,0.168,0,0,0,0,0,0,0,0,0,0,0,0,0.234,0,0,0,0.233,0,0.531,0,0,0,0,0,0,0.264,0,0,0.187,0,0,0,0,0,0,0,0,0.236,0,0.204,0,0.318,0,0,0,0,0,0.16,0,0.217,0.174,0,0,0,0,0,0.262,0,0,0.283,0,0.271,0,0,0,0,0,0,0,0.322,0,0.22,0,0.23,0,0,0,0,0.217,0.475,0.213,0,0.267,0.338,0,0,0.158,0,0,0,0,0,0,0,0,0.329,0.226,0,0,0,0,0,0,0,0.904,0,0,0.174,0,0,0.163,0.175,0.192,0,0,0,0,0,0.23,0.185,0,0,0.175,0,0,0,0,0.191,0.375,0,0,0,0.179,0,0,0,0,0,0,0,0,0.305,0,0,0,0,0.15,0,0,0,0,0,0,0,0,0.815,0,0,0,0.876,0,0,0.192,0,0,0,0,0,0,0,0,0,0,0,0,0,0,0,0,0,0,0,0,0,0,0,0,0,0,0,0,0.221,0,0,0,0,0,0,0,0,0,0,0,0,0,0,0,0,0,0,0,0,0,0,0.274,0,0,0,0,0.207,0,0,0,0,0,0,0,0,0,0,0,0,0,0.155,0,0,0,0,0,0,0,0,0,0,0,0,0,0,0,0,0,0,0,0,0,0,0,0.16,0,0,0,0,0,0,0,0,0,0,0,0,0,0.171,0.333,0.25,0,0,0,0,0,0,0,0,0,0,0,0,0,0,0,0.21,0,0,0,0,0,0,0,0,0,0,0.257,0.154,0,0.172,0.257,0.154,0,0,0.184,0,0.173,0,0,0.203,0,0,0,0,0.162,0,0,0,0,0,0,0.245,0,0,0,0.817,0,0,0,0,0,0,0,0.221,0,0,0,0,0,0.68,0,0,0,0,0,0,0,0,0,0,0,0,0,0,0,0,0,0,0.819,0,0,0,0,0.174,0,0.725,0.162,0,0,0,0,0,0,0.583,0,0.364,0,0,0,0,0,0.182,0,0,0.225,0.467,0,0.189,0,0,0,0.868,0,0,0,0.451,0,0.155,0,0,0,0,0,0,0,0,0.412,0,0,0,0,0,0,0,0,0,0.305,0,0,0.499,0,0.189,0,0,0,0,0,0,0,0,0,0.551,0,0,0,0,0,0,0,0,0,0,0,0,0,0,0,0,0,0,0,0,0,0.388,0,0,0,0,0,0,0,0,0,0,0,0,0,0,0,0,0,0,0,0,0,0,0,0,0,0,0,0,0,0,0,0,0,0,0,0,0,0,0,0,0,0,0,0,0,0,0,0,0,0,0,0,0,0,0,0,0,0,0,0,0,0,0,0,0,0,0,0,0,0,0,0,0,0,0,0,0,0,0,0,0,0,0,0,0,0,0,0,0,0,0,0.463,0,0,0,0,0,0,0.375,0,0,0,0,0.153,0,0.477,0,0,0,0,0,0,0,0,0,0,0,0,0.216,0,0,0,0,0,0,0,0,0,0,0,0,0,0,0.158,0,0,0,0,0,0,0.321,0,0,0,0,0,0,0,0,0.152,0,0,0.551,0,0,0,0,0,0,0,0,0.229,0,0.288,0,0,0,0,0,0,0,0.324,0,0,0,0,0,0,0.297,0,0,0,0.289,0,0,0,0,0.173,0,0,0,0,0,0,0,0.249,0,0,0,0,0.158,0,0,0,0,0,0,0,0.206,0,0,0,0,0,0,0,0,0,0,0,0,0,0,0.197,0,0,0,0,0,0.175,0,0,0,0,0,0.259,0,0,0,0,0,0,0,0,0,0,0,0.166,0,0,0,0,0,0,0,0,0,0,0,0,0,0,0,0,0,0,0,0,0,0,0,0,0,0,0,0,0,0,0,0,0,0,0.152,0,0.749,0,0.154,0.233,0,0,0,0,0,0,0,0,0,0,0,0,0.262,0,0,0,0,0,0,0,0,0,0.173,0,0,0,0,0,0,0,0,0,0.736,0.249,0,0,0,0.157,0,0.289,0.309,0.263,0.569,0,0,0,0.308,0,0.175,0,0,0,0,0.258,0,0,0.238,0.401,0,0,0,0.158,0.159,0,0.522,0,0,0.338,0,0,0,0.176,0.317,0,0,0,0,0,0,0.153,0,0.212,0,0,0,0,0,0.624,0,0,0,0,0,0.316,0.205,0,0.219,0,0.926,0.173,0,0,0.226,0,0,0.228,0,0,0,0.224,0.22,0,0,0,0,0,0,0,0.263,0,0,0.226,0,0,0,0,0.22,0,0.22,0.15,0,0,0.512,0.161,0,0,0,0.322,0,0,0.238,0.309,0.366,0.162,0,0,0.171,0,0.373,0,0,0.52,0,0,0,0.222,0.158,0.153,0.164,0,0,0.255,0,0,0,0.309,0,0.214,0.368,0.176,0,0.412,0,0,0,0.258,0,0,0,0,0.214,0,0,0,0.238,0.19,0,0.382,0,0.304,0,0.187,0,0,0.32,0.171,0.17,0,0,0.228,0,0,0.345,0,0,0,0,0.204,0.151,0,0.777,0.165,0.396,0,0,0,0,0,0.288,0.257,0,0.275,0.522,0,0.294,0,0,0,0.222,0,0.193,0,0.363,0.271,0.4,0,0.205,0,0,0,0,0,0,0,0,0.228,0,0.178,0.302,0,0.43,0,0.445,0,0.239,0,0,0,0,0,0,0,0.215,0,0,0.153,0,0,0.65,0,0,0,0,0.194,0,0,0,0,0,0,0,0,0,0,0,0,0,0,0,0,0,0.465,0,0,0,0,0,0,0,0.353,0,0.349,0,0,0,0,0,0,0,0,0,0,0,0,0,0,0,0,0,0,0.183,0,0,0,0,0,0,0,0,0,0,0,0,0,0,0,0,0,0,0,0,0,0,0,0,0,0,0,0,0,0,0,0,0,0,0,0,0.631,0,0,0,0,0,0,0,0.159,0.158,0.157,0,0.177,0,0,0,0.191,0,0,0.194,0,0,0.298,0,0.645,0,0,0.23,0,0.179,0,0,0,0,0,0,0,0.162,0,0.878,0,0,0.23,0.245,0.303,0,0,0,0,0,0,0,0,0.186,0.159,0.846,0.158,0.179,0.205,0,0,0,0,0.322,0,0,0,0,0,0,0,0,0,0,0,0,0,0,0.159,0.265,0,0,0,0.295,0,0,0,0,0.158,0,0,0,0,0,0.273,0,0,0,0,0.188,0,0,0,0,0,0,0,0.9,0,0,0,0,0,0,0,0,0,0.697,0,0,0,0,0,0,0,0,0,0,0,0,0,0,0.181,0,0,0,0,0,0,0,0,0,0,0,0,0.81,0,0,0,0,0,0.602,0.539,0.241,0,0,0,0,0,0,0,0,0,0,0,0,0.856,0.245,0,0,0,0,0,0,0,0,0,0,0,0,0.153,0,0,0,0,0,0,0,0.195,0,0,0,0,0,0,0,0,0,0,0,0,0,0,0,0,0,0,0,0,0,0,0.32,0,0,0,0,0,0,0,0,0,0.274,0,0,0,0,0,0,0,0,0,0,0.9,0,0,0.265,0,0.336,0.62,0,0,0,0,0,0,0,0,0,0,0,0,0.153,0,0,0,0,0,0.872,0,0,0,0,0,0,0,0,0.398,0,0,0,0,0,0.278,0,0,0,0,0,0,0,0,0.202,0,0,0,0,0,0,0,0,0,0,0,0,0.3,0,0,0,0,0,0,0,0,0,0.471,0,0.177,0,0,0,0,0.166,0,0,0,0,0,0,0,0,0,0,0,0.162,0,0,0,0,0,0,0.197,0,0,0.765,0,0.247,0.335,0,0,0,0,0,0.183,0,0,0,0,0,0,0,0,0,0,0.247,0,0,0,0,0,0,0,0,0,0,0,0,0,0,0.435,0,0,0,0,0.172,0,0,0,0,0,0.356,0,0,0,0,0.255,0,0,0,0,0,0,0,0,0,0,0,0,0,0,0,0,0.193,0,0,0.2,0,0,0.319,0,0,0,0,0,0.154,0,0,0,0,0,0,0,0.168,0,0,0,0,0,0,0,0,0,0,0,0,0,0,0,0,0,0,0,0,0,0,0,0,0,0,0,0,0,0,0,0,0,0,0,0,0,0,0,0,0,0,0,0,0,0,0,0,0,0,0,0.285,0,0,0,0,0.159,0,0,0,0,0,0,0,0.263,0,0,0,0,0,0,0,0,0,0,0,0,0,0,0,0.179,0,0,0,0,0,0,0,0,0,0,0,0,0,0,0.167,0,0,0,0,0.39,0,0,0,0,0,0,0,0,0,0,0,0,0,0,0,0,0,0,0,0,0,0,0,0.186,0,0,0.158,0.173,0,0,0,0,0,0.384,0,0,0,0,0,0,0.171,0,0,0,0,0,0,0,0,0,0,0,0,0,0,0,0,0,0.151,0,0,0,0,0,0,0.206,0.16,0,0,0,0,0,0,0,0,0,0,0,0,0.39,0,0,0,0,0,0.171,0,0,0,0,0,0,0.222,0,0.154,0,0,0.159,0.708,0,0.379,0,0,0.613,0,0,0.36,0,0.157,0.241,0,0,0.193,0,0,0,0,0,0,0,0,0.159,0,0,0,0,0,0,0.157,0.169,0,0,0,0,0.184,0,0,0,0,0.288,0,0,0,0,0,0,0,0,0.24,0,0,0,0,0,0,0,0,0,0,0,0,0,0,0,0,0,0,0,0,0,0,0,0,0,0,0,0,0,0,0.173,0,0,0,0,0,0,0,0,0,0,0,0,0,0.28,0,0,0.167,0,0,0,0,0,0,0,0,0,0,0,0,0,0,0,0,0,0,0,0,0.648,0,0,0,0.198,0,0,0,0,0,0,0,0,0.267,0,0,0,0,0,0,0,0,0,0,0,0,0,0,0,0,0,0.171,0,0,0,0.16,0,0.16,0.449,0.16,0.23,0,0,0,0,0.448,0,0,0,0,0,0,0,0,0,0,0,0,0,0,0,0,0,0,0,0,0,0,0,0,0,0,0,0,0,0,0,0,0,0,0,0,0,0,0,0,0,0,0,0,0,0,0,0,0,0,0,0,0.444,0,0,0.746,0,0,0.161,0,0.181,0,0,0,0,0,0,0,0,0,0,0,0,0,0,0,0,0,0,0,0,0,0,0.252,0.198,0,0,0,0,0,0,0,0,0,0,0,0,0,0,0,0,0,0,0,0,0,0,0.179,0,0,0,0,0,0,0,0,0,0,0,0,0,0,0,0,0,0,0,0,0,0,0,0,0,0.218,0,0,0,0.218,0.218,0.551,0,0,0,0,0,0,0.173,0,0,0,0,0,0,0,0,0,0,0.235,0,0,0,0,0,0,0,0,0,0,0,0,0,0,0,0,0,0,0,0,0.305,0,0,0,0,0,0,0.37,0,0.208,0,0.443,0.441,0,0.384,0,0.443,0,0,0,0,0,0,0,0,0,0,0,0,0,0,0,0,0,0,0,0,0,0,0,0.221,0,0,0,0,0,0,0,0,0,0,0,0,0,0,0,0,0,0,0,0.201,0,0,0,0,0,0,0,0,0,0,0,0,0,0,0,0,0,0,0,0,0,0,0,0,0,0,0,0,0,0,0,0,0,0,0,0,0.241,0,0,0,0,0,0,0,0,0,0,0,0,0,0,0,0.184,0,0,0,0,0,0,0,0,0,0,0,0,0.203,0.329,0,0,0,0,0,0,0,0,0,0,0,0,0,0,0,0.673,0,0,0,0,0,0,0,0,0,0,0,0,0,0,0,0,0,0,0,0,0,0,0,0,0,0,0,0,0,0,0,0,0,0,0,0.153,0,0,0,0,0,0,0,0,0,0,0,0,0,0,0.165,0.161,0,0,0,0,0.375,0,0,0,0,0,0,0,0,0,0,0,0,0,0,0,0.224,0,0,0,0,0,0,0,0,0,0,0,0,0,0,0,0,0,0,0,0.235,0,0,0,0,0,0,0,0,0,0,0,0,0,0,0,0,0,0,0,0,0,0,0,0,0,0,0,0,0,0,0,0,0,0
852848,0.345,0.166,0.488,0,0,0,0.388,0.179,0.197,0.158,0,0,0,0,0,0.371,0.44,0,0.602,0,0,0,0,0,0.206,0,0.17,0,0,0,0,0,0.339,0,0.328,0,0,0,0,0,0,0,0,0,0.342,0.163,0,0,0,0,0,0,0,0.253,0,0,0,0,0,0,0.166,0,0,0,0,0,0,0,0,0,0.331,0,0,0,0,0.328,0,0,0.568,0,0,0,0,0,0,0.195,0,0,0.321,0,0,0,0.178,0,0.171,0,0,0.16,0.675,0,0,0,0.444,0,0,0.482,0.195,0.442,0,0,0,0,0,0,0,0,0,0,0.357,0,0,0,0,0,0,0,0,0,0,0,0,0,0,0,0,0.169,0,0,0.185,0,0.16,0.183,0,0,0,0.997,0,0,0,0,0.246,0,0,0,0,0.314,0,0,0,0.203,0,0,0,0.536,0.413,0,0,0.279,0,0,0,0,0,0,0,0,0,0.368,0.183,0,0.36,0.421,0,0,0.192,0,0,0,0.165,0,0.22,0,0,0,0,0.18,0,0,0,0,0,0.159,0.399,0,0,0,0,0,0,0,0,0,0,0,0,0,0,0,0,0,0,0,0,0,0,0,0.566,0,0,0,0,0,0,0,0,0.497,0.19,0,0,0,0,0,0,0,0,0,0,0.906,0,0,0,0.192,0,0,0,0,0,0,0,0.192,0,0,0,0.217,0,0,0,0,0,0,0,0,0,0.183,0,0,0,0,0,0,0,0,0,0,0,0.381,0,0,0.682,0,0,0,0,0.183,0,0.161,0,0,0,0,0,0,0,0.216,0,0,0,0,0,0,0,0,0,0,0,0.195,0,0.221,0.423,0,0,0,0,0,0,0,0,0,0,0,0.169,0.674,0,0,0,0.525,0,0,0.165,0,0,0,0,0.153,0,0,0.445,0,0,0,0,0,0.208,0,0,0,0,0,0,0,0,0,0,0.172,0,0,0,0,0,0,0.414,0,0.198,0,0,0,0,0,0,0.332,0,0,0,0,0,0,0,0,0,0,0,0,0,0.196,0,0,0,0,0,0,0,0,0,0,0.25,0,0,0,0,0.186,0,0,0,0.231,0,0,0,0,0,0,0,0,0,0.229,0.565,0,0,0,0,0.257,0,0,0,0,0.175,0,0,0.334,0,0.953,0,0.235,0,0,0,0.891,0.224,0.411,0,0,0,0,0.156,0.297,0.17,0,0,0,0,0,0.263,0,0,0,0.518,0,0,0,0,0,0,0,0,0,0,0,0,0,0,0,0,0,0,0,0,0.38,0,0,0,0.533,0,0,0.16,0,0,0,0,0,0,0.439,0,0,0.175,0,0,0,0,0.165,0,0,0,0,0,0,0,0,0,0,0,0,0.756,0,0,0,0,0,0,0,0,0,0,0,0,0.33,0,0,0,0,0,0,0.15,0,0,0,0,0.153,0,0,0,0,0,0,0,0,0,0,0.441,0.55,0,0,0,0,0,0,0,0,0,0,0,0,0,0.223,0,0.168,0.777,0,0,0,0,0,0,0,0,0,0.61,0,0,0,0.373,0,0,0,0,0,0,0,0,0,0,0,0.483,0,0,0,0,0,0,0,0,0,0,0,0,0.69,0,0,0,0,0,0,0,0,0,0,0,0,0,0,0.764,0,0,0,0,0.192,0,0,0,0,0,0,0,0,0.156,0,0,0,0,0.155,0,0.93,0,0,0,0,0.151,0,0,0,0,0,0,0,0.197,0.185,0.156,0,0,0,0.566,0,0,0,0,0,0,0,0.482,0,0,0.159,0,0,0,0,0,0,0,0,0,0,0,0.19,0,0,0,0,0,0,0,0,0,0,0,0,0.19,0,0,0.579,0,0,0,0,0,0,0,0,0,0,0,0,0,0.173,0.166,0,0,0,0,0.17,0,0,0,0,0,0,0,0,0,0,0,0,0.512,0,0,0,0,0,0,0,0,0,0,0.302,0,0,0,0,0,0.394,0,0,0.269,0,0,0,0.272,0,0.556,0,0,0,0,0,0,0.173,0,0,0,0,0,0.477,0.156,0,0,0,0,0,0,0.22,0,0,0.274,0,0,0,0,0.194,0.174,0,0,0,0,0,0,0,0,0,0,0,0,0.401,0,0,0,0,0,0,0,0.379,0,0,0,0,0,0,0,0,0,0.39,0,0,0.446,0,0,0,0.173,0,0,0,0,0,0,0,0,0,0,0,0,0.292,0,0,0.256,0,0.155,0.165,0,0,0,0,0,0,0,0,0,0.196,0,0,0.452,0,0,0,0,0,0,0,0,0,0.421,0,0,0,0,0,0,0,0,0.167,0,0,0,0,0,0,0,0.338,0,0,0,0,0,0.201,0,0,0,0.673,0,0,0,0,0,0,0,0,0,0,0,0,0,0,0.267,0,0,0,0.172,0,0,0.512,0.229,0,0,0,0,0,0,0.151,0,0.165,0,0,0.277,0,0,0,0,0.181,0,0,0,0,0,0,0,0,0.529,0,0,0,0,0,0,0,0,0,0,0,0,0,0,0,0,0,0,0,0.42,0,0,0,0,0,0.22,0,0,0,0,0,0,0,0,0,0,0,0,0,0,0,0,0,0,0,0,0,0,0,0,0,0,0,0,0,0.19,0,0,0,0.602,0,0,0,0,0,0,0,0,0,0,0.732,0,0,0,0,0,0,0,0,0,0,0,0,0,0,0,0,0,0.239,0,0,0,0.197,0.2,0,0,0.21,0,0,0.151,0.448,0,0.542,0,0,0,0,0.205,0,0.491,0.428,0,0,0,0,0.248,0,0,0.404,0,0,0.199,0,0.191,0,0,0,0,0.79,0,0.164,0.165,0,0.28,0,0,0.26,0.224,0,0.351,0,0.205,0,0,0.294,0.197,0,0,0.23,0,0.23,0.447,0,0,0,0,0,0,0,0,0.199,0,0,0.596,0,0,0,0,0,0.98,0,0,0,0,0,0,0.199,0.905,0,0,0.225,0,0,0,0,0,0.182,0,0.183,0.222,0,0,0.158,0.297,0,0,0.357,0,0,0,0,0,0.184,0,0.197,0,0.277,0,0.199,0,0.187,0,0,0,0.78,0,0,0.467,0,0,0.185,0,0,0,0.167,0,0.202,0,0.179,0,0,0,0.306,0,0,0,0,0.19,0.309,0,0,0,0,0,0,0.294,0,0.319,0,0.329,0.42,0.276,0,0.257,0,0,0,0,0,0,0,0.961,0,0.28,0.174,0,0.189,0,0.498,0.617,0,0,0,0,0,0.226,0.224,0,0.178,0,0,0.634,0,0.585,0,0,0,0,0.294,0,0.18,0,0.204,0,0.167,0,0.271,0,0,0,0,0.836,0,0,0,0,0.385,0.19,0.242,0,0.355,0.699,0,0,0,0,0,0,0,0,0.244,0.408,0.167,0,0,0,0.222,0.809,0,0.156,0.271,0,0.51,0,0,0,0,0,0.231,0,0,0,0,0,0.311,0,0.287,0,0.158,0.392,0,0,0.392,0.195,0,0.155,0.255,0.191,0,0.212,0.324,0,0,0.164,0,0,0.275,0.349,0,0,0,0,0.164,0.331,0.809,0.229,0,0,0,0,0,0.274,0.367,0,0,0,0,0.197,0,0,0.484,0.845,0.295,0.588,0,0,0.25,0,0,0,0,0.226,0,0.688,0,0,0,0.342,0,0,0,0,0,0,0,0,0,0,0,0,0,0.548,0.158,0,0,0.324,0,0.447,0.19,0,0,0.296,0,0,0,0.633,0.164,0,0,0,0,0,0,0.33,0,0.201,0,0,0,0,0,0,0,0.252,0,0,0.28,0,0.274,0.159,0,0.164,0,0.233,0.28,0.204,0.42,0,0,0,0.269,0.158,0,0.207,0,0.178,0.17,0,0,0,0.428,0.709,0,0.361,0,0,0,0,0,0,0.253,0,0,0,0.504,0,0,0.419,0,0,0,0,0,0.175,0.616,0,0,0,0,0.665,0,0,0.153,0,0,0,0,0,0,0,0.241,0,0,0,0,0,0.233,0.285,0,0,0,0,0,0,0.244,0,0.181,0,0,0,0.344,0,0,0,0,0,0,0,0,0,0,0.199,0,0,0,0,0,0,0,0,0,0,0,0.172,0,0.157,0,0.291,0.34,0.155,0,0,0.301,0,0,0,0.187,0,0,0,0,0,0,0.39,0.369,0,0,0,0.264,0,0,0,0,0.717,0,0,0,0,0.392,0,0,0,0,0,0.196,0,0,0,0,0,0,0,0,0,0.19,0,0,0,0,0,0,0,0,0,0,0,0,0,0,0,0.196,0,0,0,0,0,0,0,0,0,0,0,0,0,0,0,0.746,0,0.181,0,0,0,0,0,0,0,0,0,0,0,0,0,0,0,0,0,0.565,0,0,0,0,0,0,0,0,0,0,0,0,0,0,0,0,0,0,0,0,0,0,0,0,0,0,0,0,0,0,0,0,0,0,0,0,0,0,0,0,0,0,0,0,0,0,0,0,0,0,0,0.589,0,0,0.151,0,0,0,0,0,0,0,0,0,0,0,0,0,0,0,0,0,0,0,0,0,0,0,0,0,0,0,0,0,0,0,0,0,0,0,0,0,0,0.169,0,0,0,0.514,0,0,0,0,0,0,0,0,0,0,0,0,0,0,0,0,0,0,0.181,0,0,0,0,0,0,0,0,0,0,0.153,0,0,0,0,0,0,0,0,0,0,0,0,0,0,0,0,0,0,0,0,0,0,0,0,0,0,0,0,0,0,0,0,0,0,0,0,0,0,0,0,0,0,0,0,0,0,0,0,0,0,0,0,0,0,0,0,0.384,0,0,0.157,0,0,0,0,0,0,0,0,0,0,0,0,0,0,0,0,0,0,0,0,0,0,0,0,0,0,0,0,0,0,0,0,0,0,0,0,0,0,0.15,0,0,0,0,0,0,0,0,0,0,0.163,0,0,0,0,0,0,0,0.191,0,0,0,0,0,0,0,0,0,0,0,0,0,0,0,0.449,0,0,0.837,0.22,0,0,0,0,0,0,0.164,0,0,0,0,0,0,0.734,0,0,0,0,0,0,0,0,0,0,0.604,0,0,0,0,0.412,0,0,0,0.638,0,0,0.552,0,0,0.647,0,0.449,0,0,0,0,0,0,0,0,0,0,0,0,0,0,0.15,0.184,0.192,0.309,0,0,0,0,0.208,0.554,0,0,0,0,0,0.213,0,0,0,0,0,0.299,0,0.154,0,0,0.191,0,0.15,0,0,0.208,0,0.307,0,0,0,0.209,0.274,0,0,0,0,0.643,0,0,0,0.208,0,0,0,0,0,0.26,0,0,0.171,0.293,0,0,0,0,0.16,0,0,0,0,0,0,0,0,0,0,0,0,0,0,0,0.194,0,0.156,0,0,0,0,0,0,0,0,0,0,0,0,0.219,0.247,0,0,0,0,0,0,0,0,0,0,0,0,0,0,0,0,0,0.721,0,0,0,0,0,0,0,0,0,0,0.456,0,0,0,0,0.2,0,0.687,0,0,0,0,0,0,0.219,0,0,0,0,0,0,0.159,0,0,0,0,0,0.278,0,0.163,0,0,0,0,0,0,0,0,0,0,0,0,0,0,0.444,0,0,0,0,0,0.358,0,0,0,0,0,0,0,0,0,0,0,0,0,0,0,0,0,0,0,0,0,0,0,0,0,0,0,0,0,0,0,0,0,0.35,0,0,0,0,0,0,0,0,0,0,0,0,0,0,0,0,0,0,0,0,0,0,0,0,0.37,0,0,0,0,0,0,0,0,0,0,0,0,0,0,0.648,0,0,0,0,0,0,0,0,0,0,0,0,0,0,0,0,0,0,0,0,0,0,0,0,0,0.182,0,0,0,0.369,0,0,0,0,0,0,0,0,0,0,0,0,0,0,0,0,0,0,0,0,0,0,0,0,0,0,0,0,0,0,0,0,0,0,0,0,0,0,0,0,0,0,0,0,0,0,0,0,0,0,0,0,0,0,0,0,0,0,0,0,0,0,0,0,0,0,0,0,0.168,0,0,0,0,0,0,0,0,0,0,0,0,0,0,0.213,0,0,0,0,0,0,0,0,0,0,0,0,0,0,0,0,0,0,0,0,0,0,0,0,0,0,0,0,0,0,0,0,0,0,0,0,0,0,0,0,0,0.172,0,0,0.169,0,0,0,0,0,0.209,0,0,0,0,0,0,0,0,0,0,0,0.163,0,0,0,0,0,0,0,0,0,0,0,0,0,0,0,0,0,0,0,0,0,0,0,0,0,0,0,0,0,0,0,0,0,0,0,0,0,0,0,0,0,0,0,0,0,0,0,0,0,0,0,0,0,0,0,0,0,0,0,0,0,0,0,0,0,0,0,0,0,0,0,0,0,0,0,0,0,0,0,0.214,0,0,0,0,0.409,0.649,0,0,0,0,0,0,0,0,0,0,0,0,0,0,0.187,0,0.703,0,0,0.279,0,0,0,0,0.43,0,0,0,0,0,0,0,0,0,0,0,0,0,0,0,0,0,0,0,0,0,0,0,0,0.167,0,0,0,0,0,0,0,0,0,0,0,0,0,0,0,0,0,0,0.543,0,0,0,0,0,0,0.165,0,0,0,0,0,0,0,0,0,0,0,0,0,0,0,0,0,0,0,0,0,0,0,0,0,0,0.371,0,0.165,0,0,0,0,0,0,0,0,0.161,0,0,0,0,0,0,0,0,0,0,0,0.152,0,0.172,0,0,0,0,0,0,0,0.16,0,0,0,0,0,0,0,0.639,0,0,0.584,0,0,0,0,0,0.503,0,0,0,0,0,0,0,0,0,0,0,0.198,0,0,0.545,0,0,0,0.339,0,0.191,0,0,0,0,0,0,0.616,0,0.32,0,0,0,0,0,0,0.721,0,0,0,0.179,0,0,0,0,0.154,0,0,0,0,0.198,0,0,0,0,0,0,0,0,0,0.179,0,0,0,0,0,0,0,0,0,0,0,0,0,0,0,0,0,0,0,0,0,0,0,0,0,0,0,0.503,0,0,0.387,0,0,0,0,0,0,0,0,0,0,0,0,0.624,0,0,0,0,0,0,0,0,0,0.418,0,0,0,0,0,0,0,0,0,0,0,0,0,0,0,0,0,0,0,0,0,0,0,0,0.21,0,0,0,0,0,0,0,0,0.18,0,0,0,0,0,0,0,0,0,0,0,0.559,0,0,0,0,0,0,0,0,0,0,0.226,0,0,0,0,0,0,0,0,0,0,0.199,0,0,0,0,0,0,0,0,0,0,0,0,0,0,0,0,0,0,0,0,0,0,0,0,0,0,0,0,0,0,0,0,0,0,0,0,0,0,0,0,0,0,0,0,0,0,0,0,0,0,0,0,0,0,0,0,0,0,0,0,0,0,0,0,0,0.168,0,0,0,0,0,0,0,0.311,0,0,0,0,0,0,0,0,0,0,0,0,0,0,0,0,0,0,0,0.198,0,0,0.156,0,0,0,0,0,0,0,0,0,0,0,0,0,0,0,0,0,0,0,0,0,0,0,0,0,0,0,0,0,0,0,0,0,0,0,0,0,0,0,0,0,0,0.199,0,0,0,0,0,0,0,0,0,0,0,0,0,0,0,0,0,0,0,0,0,0,0,0,0,0,0,0,0,0,0,0,0,0,0,0.548,0,0,0,0,0,0,0,0,0,0,0,0,0,0,0,0,0.558,0,0,0,0,0,0,0,0,0,0,0,0,0,0,0.322,0,0,0,0,0,0,0,0,0,0.791,0,0,0,0,0,0,0,0,0,0,0,0,0,0,0,0,0,0,0,0,0,0,0,0,0,0,0,0,0,0,0,0,0,0,0,0,0.688,0,0,0,0,0,0,0,0,0,0,0.167,0,0,0,0,0,0,0.165,0,0,0,0,0,0,0,0,0,0.305,0,0,0,0,0.451,0.154,0,0,0,0.255,0,0,0.178,0,0.203,0,0,0,0,0,0.28,0.18,0,0,0,0,0,0.681,0,0,0,0,0,0,0,0,0,0,0,0,0,0,0.231,0,0,0,0,0,0,0,0,0,0,0,0,0,0,0.542,0,0,0.206,0,0,0,0,0.449,0,0,0,0,0,0.578,0.244,0,0,0,0,0.157,0,0,0,0,0,0,0,0,0,0,0,0,0,0,0.171,0,0,0,0,0,0,0,0,0,0,0.31,0,0,0,0,0,0,0,0,0,0,0,0,0,0,0,0,0,0,0,0,0,0.207,0,0,0,0,0,0,0,0,0,0,0,0,0,0,0,0,0,0,0,0,0,0,0,0.196,0,0,0.417,0,0,0,0,0,0,0,0,0,0,0,0,0,0,0,0,0.203,0,0,0,0.17,0,0,0,0,0,0,0,0,0.407,0,0,0,0,0,0,0,0,0,0,0,0,0.181,0,0,0,0,0,0,0,0,0,0,0,0,0,0,0,0,0,0,0,0.213,0,0,0.164,0,0,0,0,0,0,0,0,0,0,0,0,0,0.186,0.552,0,0,0,0,0.162,0,0,0,0,0,0.677,0,0,0,0,0,0,0.223,0,0,0,0,0,0.229,0,0,0,0,0,0,0,0,0,0,0.407,0.156,0,0,0,0,0,0,0,0,0.572,0,0,0,0,0,0,0,0,0,0,0,0,0,0,0,0,0,0,0,0,0,0,0,0,0,0,0,0,0,0,0,0,0.382,0,0,0,0,0,0,0,0,0,0,0,0,0,0.171,0.264,0,0,0,0,0,0,0,0,0,0,0,0,0,0,0,0,0,0,0,0,0,0,0,0,0,0,0,0,0,0,0,0,0,0,0,0,0,0,0,0,0,0,0,0,0,0,0,0,0.175,0,0,0,0,0,0,0.182,0.612,0,0,0,0,0,0,0,0,0,0,0,0,0,0,0,0,0,0.927,0,0,0,0.167,0,0,0,0,0,0,0,0,0,0,0,0,0,0,0,0,0,0.381,0,0,0,0,0,0,0,0,0.305,0,0,0,0,0,0,0,0,0.56,0,0,0,0,0,0,0,0,0,0,0,0,0,0,0,0,0,0,0,0,0,0,0,0,0,0,0,0,0,0,0,0,0,0,0,0,0,0,0,0.189,0,0.484,0,0,0,0,0,0,0.495,0,0,0,0,0,0,0,0,0,0.571,0,0,0,0,0,0,0,0,0,0,0,0,0,0,0,0,0,0,0,0,0,0,0,0,0,0,0,0,0,0,0,0,0,0,0.193,0,0,0,0,0,0,0,0,0,0.652,0.423,0.271,0,0,0,0,0.255,0.185,0.153,0,0,0,0,0,0,0,0,0,0,0,0,0,0,0,0,0,0,0,0,0,0,0,0,0,0,0,0,0,0,0,0,0,0,0,0,0,0,0,0,0,0,0,0,0,0,0,0,0,0,0,0,0,0,0,0,0,0,0,0,0,0.204,0,0,0,0,0,0,0,0,0,0,0,0,0,0,0.239,0,0,0,0,0,0,0,0,0,0,0.152,0,0,0,0,0.217,0,0,0,0,0,0,0,0,0,0,0,0,0,0,0,0,0,0,0,0,0,0,0,0,0,0,0,0,0,0,0,0,0,0,0,0,0.351,0,0,0,0.38,0,0,0,0,0,0,0,0,0.312,0.196,0,0,0,0,0,0.753,0,0,0,0,0,0,0,0,0,0,0.195,0,0,0,0,0,0,0,0,0,0,0,0,0,0,0,0,0,0,0,0,0,0,0,0,0,0,0,0,0,0,0.246,0,0,0,0,0,0,0,0,0,0,0,0,0,0,0,0,0,0,0,0,0,0,0,0,0,0,0,0,0,0,0,0,0,0,0,0,0,0,0,0,0,0,0,0,0,0,0.443,0,0,0,0,0,0,0,0,0,0,0,0,0,0.223,0,0,0,0,0,0.219,0,0,0,0,0,0,0,0,0,0,0,0.251,0,0,0,0,0,0,0,0,0,0,0,0.716,0,0,0,0.255,0,0,0,0,0,0.774,0,0,0,0,0,0,0,0,0,0,0,0,0,0,0,0,0,0,0,0,0,0,0,0,0,0,0.151,0,0,0,0,0,0,0,0,0,0,0,0,0,0,0,0,0,0,0,0,0,0,0,0,0,0,0,0,0,0,0,0,0,0,0,0,0,0,0,0,0,0,0,0,0,0,0,0,0,0,0,0,0,0,0,0,0.22,0,0,0.297,0,0,0,0,0,0,0,0,0,0,0,0,0,0,0,0,0,0,0,0,0,0,0,0,0,0,0,0,0,0,0,0,0.314,0,0,0,0,0,0,0,0,0,0,0,0,0,0,0,0,0,0,0,0,0,0,0,0,0,0,0.335,0,0,0,0,0,0,0,0,0,0,0,0,0,0,0,0,0,0,0,0,0,0,0,0,0,0,0,0,0,0,0,0,0,0,0,0,0.285,0,0,0,0,0,0,0,0.356,0,0,0,0,0.239,0,0.285,0.539,0,0,0,0,0,0,0,0,0,0,0,0,0,0,0,0,0,0,0,0,0,0,0,0,0.769,0,0,0,0,0,0,0,0,0,0,0,0,0,0,0,0,0,0,0,0,0,0,0,0,0,0,0,0.554,0,0,0,0,0,0,0,0,0,0,0,0,0,0,0,0.235,0,0,0,0,0,0,0.156,0.176,0,0,0,0,0,0,0,0.154,0,0,0,0,0,0,0,0,0,0.412,0,0,0,0.22,0,0,0,0,0.6,0,0,0,0,0,0,0,0,0,0,0,0,0,0,0,0,0,0,0,0,0,0.513,0,0,0,0,0,0,0,0,0,0,0.482,0,0,0,0,0,0,0,0,0,0,0,0,0,0,0,0,0,0
856409,0,0.162,0,0,0,0,0,0,0,0,0,0,0.197,0.156,0.168,0,0,0,0,0,0,0,0,0,0,0,0,0.191,0.324,0,0,0,0,0,0,0,0,0,0,0,0,0.167,0,0,0,0.154,0,0.152,0.193,0,0,0,0,0,0,0,0,0,0,0,0.195,0,0,0,0.151,0,0,0,0,0.588,0.812,0,0,0,0,0,0,0.616,0.406,0,0,0,0.533,0,0,0.359,0,0,0,0,0,0,0,0,0,0,0.55,0.164,0,0,0,0.838,0.28,0,0,0.612,0.151,0,0,0,0,0,0,0,0.59,0,0,0,0,0,0,0,0,0,0,0.7,0,0,0,0,0,0.16,0,0,0,0,0,0,0,0,0,0,0,0,0,0,0,0,0.216,0.844,0,0,0,0,0,0,0,0,0,0,0.177,0,0,0,0,0,0,0.15,0,0,0.15,0,0,0,0,0,0,0,0,0,0,0,0,0,0,0,0,0,0,0,0,0,0,0,0,0,0,0,0,0,0,0,0,0,0,0,0,0,0,0,0,0,0.269,0,0,0,0,0,0,0,0,0,0,0,0,0,0,0,0,0,0,0,0,0,0,0,0,0,0,0,0,0,0,0,0,0,0,0,0,0,0,0,0,0,0,0,0,0,0,0,0,0,0,0,0,0.167,0,0,0,0,0,0,0,0,0,0,0,0.221,0,0,0,0,0,0,0,0.15,0,0,0,0,0,0,0,0,0,0.171,0,0,0,0,0,0,0,0.151,0,0,0,0,0,0,0,0,0,0,0,0,0,0,0,0,0,0,0,0,0.275,0,0,0,0,0,0,0,0,0,0,0,0,0,0,0,0,0,0.171,0,0,0,0,0,0,0.566,0,0,0,0,0.225,0,0,0,0,0,0,0,0,0,0,0,0,0.221,0,0,0,0,0,0,0,0,0,0,0.203,0,0,0,0,0,0,0,0,0,0,0,0,0,0,0,0,0,0,0,0,0,0,0,0,0,0,0,0,0,0,0,0,0,0,0,0,0,0,0,0,0,0,0,0,0,0,0,0,0,0,0,0,0,0,0,0,0,0,0,0,0,0,0,0,0,0,0,0,0,0,0,0,0,0,0,0.183,0,0,0,0,0,0,0,0,0,0,0,0,0,0,0,0,0,0,0,0,0,0,0,0,0,0,0,0,0,0,0,0,0,0,0,0,0,0,0,0,0,0,0.155,0,0,0,0,0,0,0,0,0,0,0,0,0,0,0,0,0,0,0,0,0,0,0.31,0,0,0,0,0,0,0,0,0,0,0,0,0,0,0,0,0,0,0,0,0,0,0,0,0,0,0,0,0,0,0,0,0,0,0,0,0,0,0,0,0,0,0,0,0,0,0,0,0.265,0,0,0,0,0,0,0.15,0,0,0,0,0,0,0,0,0,0,0,0,0,0,0,0,0,0,0,0,0,0,0.226,0,0,0.166,0,0,0,0,0,0,0,0,0,0,0,0,0,0,0,0,0,0,0,0,0,0,0,0,0,0,0.469,0,0,0.188,0,0,0,0.169,0,0,0,0,0,0,0,0,0,0,0,0,0,0,0,0,0,0,0,0,0,0,0,0,0,0,0,0,0,0,0,0,0,0,0,0,0,0,0,0,0,0,0,0,0,0,0,0,0,0,0,0,0,0,0,0,0,0,0,0,0,0,0,0,0,0,0,0,0,0.15,0,0,0,0,0,0,0,0,0,0,0,0,0,0,0,0,0,0,0,0,0,0,0,0,0,0,0,0,0,0,0,0,0,0,0,0,0,0,0,0,0,0,0.173,0,0,0,0,0,0,0,0,0.307,0,0,0,0,0,0,0,0,0,0,0,0,0,0,0,0,0,0,0,0,0,0,0,0,0,0,0,0,0,0,0,0,0,0,0,0,0,0,0,0,0,0,0,0,0,0,0,0,0,0,0,0,0,0,0,0,0,0,0,0.281,0.221,0,0,0,0,0,0,0,0,0,0,0,0,0,0,0,0,0,0,0.15,0,0,0,0,0,0,0,0,0,0,0,0,0,0,0,0,0,0,0,0,0,0,0,0,0,0,0.173,0,0,0,0,0,0,0,0,0,0,0,0,0.181,0,0,0,0,0,0,0,0,0,0,0,0,0,0,0,0,0,0,0,0,0,0,0,0,0,0,0,0,0,0,0,0,0,0,0,0,0,0,0,0,0,0,0,0,0,0,0,0,0,0,0,0,0,0,0,0,0,0,0,0,0,0,0,0,0,0,0.173,0,0,0,0,0,0,0,0,0,0,0,0,0,0,0,0,0,0,0,0,0.173,0,0,0,0,0,0,0,0,0,0,0,0,0,0.244,0,0,0,0,0,0,0,0,0,0,0,0,0,0,0,0,0,0,0,0,0.232,0,0,0,0,0,0,0,0,0,0,0,0,0,0,0,0,0,0,0,0,0,0,0,0,0,0,0,0,0,0,0,0,0,0,0.252,0,0,0,0,0,0,0,0,0,0,0,0,0,0,0,0,0,0,0,0,0,0,0,0,0,0,0,0.287,0,0,0,0,0,0,0,0,0.296,0,0.185,0,0,0,0,0,0,0,0,0,0,0,0,0,0,0,0,0,0,0,0,0,0,0,0,0,0,0,0,0,0,0,0,0,0,0,0,0,0,0,0,0,0,0,0,0,0,0,0,0,0,0,0,0,0,0.183,0,0.666,0,0,0,0,0,0,0,0,0.164,0,0,0,0,0,0,0,0,0,0,0,0,0.169,0,0,0,0,0,0,0.825,0,0,0,0,0,0,0,0,0,0,0,0,0,0,0,0,0,0,0,0,0,0,0,0,0,0,0.195,0,0,0,0,0,0,0,0,0,0,0,0,0,0,0,0,0,0,0,0,0,0,0,0,0,0,0,0,0,0,0,0,0,0,0,0,0,0,0,0,0,0,0,0,0,0,0,0,0,0,0,0,0,0,0,0,0,0,0,0,0,0.151,0,0,0,0,0,0,0,0,0,0,0,0,0,0,0,0,0,0,0,0,0,0,0,0,0,0,0,0,0,0.2,0,0,0,0,0,0,0,0,0,0,0,0,0,0,0,0,0,0,0,0,0,0,0,0,0,0,0,0,0,0,0,0,0,0,0,0,0,0,0,0,0,0,0,0,0,0,0,0,0,0,0.231,0,0,0,0,0,0,0,0,0,0,0,0,0,0,0,0,0,0,0,0,0,0,0,0,0,0,0,0,0,0,0,0,0,0,0,0,0,0,0,0,0,0,0,0,0,0,0,0.793,0,0,0,0,0.306,0,0,0,0,0,0,0,0,0,0.254,0,0,0.201,0,0,0,0,0,0,0,0,0,0.222,0,0,0,0,0.265,0,0,0,0.179,0,0,0,0,0,0,0,0,0,0,0,0,0,0,0,0,0,0,0,0,0,0,0,0,0,0,0,0,0,0,0,0,0,0,0,0,0,0,0,0,0,0,0,0,0,0,0,0,0,0,0,0,0,0,0,0,0,0,0,0,0,0,0,0,0.213,0,0,0,0,0,0,0,0,0,0,0,0,0,0,0,0,0,0,0,0.256,0,0,0,0,0,0,0.176,0,0.34,0,0,0,0,0,0,0,0,0,0,0,0,0,0.155,0,0,0,0,0,0,0,0,0,0,0,0,0,0,0,0,0,0,0,0,0,0,0,0,0,0,0,0,0,0,0,0,0,0.303,0,0,0,0,0,0,0,0,0,0,0,0,0,0,0,0.173,0,0,0,0,0,0,0,0,0,0,0,0,0,0,0,0,0,0,0,0,0,0,0,0,0.238,0,0,0,0,0,0,0,0,0,0.195,0,0,0,0,0,0,0,0,0,0,0,0,0,0,0,0,0,0,0,0.297,0,0,0,0,0,0,0,0,0,0,0,0,0,0,0,0,0,0,0,0,0,0,0,0,0,0.581,0,0,0,0,0,0,0,0,0,0,0,0,0,0,0,0,0,0,0,0,0,0,0,0,0,0,0,0,0,0,0.233,0,0,0,0,0,0,0,0,0.197,0,0,0,0,0,0,0,0,0,0,0,0,0,0,0,0,0,0,0,0,0,0.195,0,0,0,0,0,0,0,0,0,0,0,0,0,0,0,0,0,0,0,0,0,0,0,0,0,0,0,0,0,0,0,0,0,0,0,0,0.158,0,0,0,0,0,0,0,0,0,0,0,0,0,0,0,0,0,0,0,0,0,0,0,0,0,0,0,0,0,0,0,0,0,0,0,0,0,0,0,0,0,0,0,0,0,0,0.348,0,0,0,0,0,0,0,0,0,0,0,0,0,0,0,0,0,0,0,0,0,0,0,0.22,0,0.19,0,0,0,0,0,0,0,0,0,0,0,0,0,0,0,0,0,0,0,0,0,0,0,0,0.22,0,0,0,0,0,0,0,0,0,0,0,0,0,0,0,0,0,0,0,0,0,0,0,0,0,0,0.153,0,0,0,0,0.55,0,0,0,0,0,0,0,0.173,0,0,0,0,0,0,0.244,0,0,0,0,0,0.519,0,0,0,0,0,0,0,0,0,0,0,0,0,0.339,0,0,0,0.35,0,0,0.192,0,0,0,0,0,0,0.173,0,0,0.315,0,0,0,0.612,0,0,0,0.248,0.266,0,0,0,0,0,0,0.448,0,0.359,0,0,0,0,0,0,0,0,0,0,0,0,0,0.161,0,0,0,0,0,0,0,0,0.235,0,0.166,0.171,0,0,0,0,0,0,0,0,0,0,0,0,0,0,0,0,0.346,0,0,0,0,0,0,0,0,0,0,0,0,0,0,0,0,0,0,0,0,0,0,0,0,0,0,0,0,0,0.342,0,0.523,0,0,0,0,0,0,0,0,0,0,0,0,0,0,0,0,0,0,0,0,0,0,0,0,0,0,0,0,0,0,0,0,0,0,0,0.604,0,0,0.171,0,0,0,0,0,0,0,0,0,0,0,0,0,0,0,0,0,0,0,0,0,0,0,0,0,0,0,0,0,0,0,0,0,0,0,0,0,0,0,0,0,0,0,0,0,0,0,0,0,0.702,0,0,0.478,0,0,0,0,0,0,0,0,0,0,0,0,0,0,0,0,0,0,0,0,0,0,0,0,0,0,0,0,0,0,0,0,0,0,0,0,0,0,0,0,0,0,0,0,0,0,0,0,0,0,0,0,0,0,0,0,0,0,0,0,0,0,0,0,0,0,0,0,0,0,0,0,0,0,0,0,0,0,0,0,0,0,0,0,0,0,0,0,0,0,0,0,0,0,0,0,0,0,0,0,0,0,0,0,0,0,0,0,0,0,0.46,0,0,0,0,0,0,0,0,0,0,0,0,0,0,0,0,0,0,0,0,0,0,0.155,0.256,0,0,0,0,0.224,0,0,0,0,0,0,0,0,0,0,0,0.179,0,0,0,0,0,0,0,0,0,0,0,0,0.42,0,0.196,0,0,0,0,0,0,0,0,0,0.173,0,0,0,0,0,0,0,0,0,0,0,0,0,0,0,0,0,0,0,0,0,0.692,0,0,0,0,0,0,0,0,0,0,0,0,0,0.155,0,0,0,0,0,0,0,0,0,0.158,0,0,0,0,0,0,0,0.204,0,0,0,0,0,0,0,0,0,0,0,0,0,0,0,0.158,0.292,0,0,0,0,0,0,0,0,0,0,0,0,0,0,0,0,0,0,0.25,0,0,0,0,0,0,0,0,0,0,0,0,0,0,0,0,0,0,0,0,0.544,0,0,0.26,0,0,0,0,0,0.234,0,0,0,0.163,0,0.379,0,0.334,0,0.606,0,0,0,0.61,0,0,0,0,0,0.445,0,0,0,0,0,0.584,0,0,0,0.949,0.622,0,0.315,0.552,0,0.91,0.524,0,0.893,0,0,0.902,0,0,0.718,0,0,0,0,0,0,0.444,0,0,0.72,0.486,0,0,0,0,0.211,0,0,0.392,0,0,0,0.167,0,0,0,0,0,0,0,0,0,0,0,0,0,0,0,0,0,0,0,0,0.483,0,0,0,0,0.741,0,0,0,0.51,0,0,0.886,0,0.635,0.598,0,0,0,0,0,0.152,0,0.246,0,0,0,0.537,0,0,0.171,0,0,0,0,0,0,0,0,0,0.571,0,0.714,0.445,0,0,0.889,0,0,0,0,0.24,0.907,0,0.222,0.839,0,0,0,0,0,0,0,0.184,0,0,0,0.29,0,0,0,0,0,0,0,0,0,0,0,0,0,0,0,0,0,0,0,0,0,0,0,0,0,0,0,0,0,0.189,0,0,0,0,0,0,0,0,0,0,0,0,0,0,0,0,0,0,0,0,0,0,0,0,0,0,0,0,0,0,0,0,0,0,0,0.153,0,0,0,0,0,0,0,0,0,0,0,0,0,0,0,0,0,0,0,0,0,0.334,0,0,0.155,0,0,0,0,0,0,0,0,0,0,0,0,0,0,0,0,0,0,0,0,0,0,0,0,0,0,0,0,0,0,0,0,0,0,0,0,0,0.237,0,0,0,0,0,0.151,0,0,0,0,0,0,0,0,0,0,0,0,0,0,0,0,0,0,0,0,0,0.165,0,0,0,0,0,0,0,0,0,0,0,0,0,0,0,0,0,0,0,0,0,0,0,0,0,0,0,0,0,0,0,0,0,0,0,0,0,0,0,0,0,0,0,0,0,0,0,0,0,0,0,0,0,0,0,0,0,0,0,0,0,0,0,0,0,0,0,0,0,0,0,0,0,0,0,0,0,0,0,0,0,0,0,0,0,0,0,0,0,0,0,0,0,0,0,0,0,0,0,0,0,0,0,0,0,0,0,0,0,0,0,0,0,0,0,0,0,0,0,0,0,0,0,0,0,0,0,0,0,0,0,0,0,0,0,0,0,0,0,0,0,0,0,0,0,0,0,0,0,0,0,0,0,0,0,0,0,0,0,0,0,0,0,0.239,0,0,0,0,0,0,0,0,0,0,0,0,0,0,0,0,0,0,0,0,0,0,0,0,0,0,0,0,0,0,0,0,0,0,0,0,0.372,0,0,0,0,0,0,0,0,0,0,0,0,0,0,0,0,0,0,0,0,0,0,0,0,0,0,0,0,0,0,0,0,0,0,0,0,0,0,0,0,0,0,0,0,0,0,0,0,0.29,0,0.235,0,0,0,0,0,0,0,0,0,0,0,0,0,0,0.182,0,0,0,0,0,0,0,0,0,0,0,0,0,0,0,0,0,0,0,0,0,0,0,0,0,0,0,0,0,0,0,0,0,0,0,0,0,0,0,0,0,0,0,0,0,0,0,0,0,0,0,0,0,0,0,0.238,0,0,0,0,0,0.173,0,0,0,0,0,0,0,0.197,0,0,0.184,0,0,0,0,0,0,0,0,0,0,0,0.732,0,0,0,0,0,0,0,0,0,0,0,0,0,0,0,0,0,0,0,0,0,0,0,0,0,0,0.179,0,0,0,0.678,0,0,0,0,0,0,0,0,0,0.243,0,0,0,0,0,0,0,0,0,0,0,0,0,0,0,0,0,0,0,0,0,0,0,0,0,0,0,0,0,0,0,0,0,0.272,0.192,0,0,0,0,0.267,0,0,0,0,0,0,0,0,0,0,0.272,0,0,0,0,0,0,0,0,0,0,0,0,0,0.309,0,0,0,0,0,0.483,0,0,0,0,0,0,0,0,0,0,0,0,0,0,0,0,0,0,0,0,0,0,0,0,0,0.241,0,0,0,0,0,0,0,0,0,0,0,0,0,0,0.159,0,0,0,0,0,0.357,0,0.155,0,0,0,0,0,0,0,0,0,0,0,0,0,0,0,0,0,0,0,0,0,0,0,0,0,0,0,0,0,0,0,0,0,0,0,0,0,0,0,0,0,0,0,0.173,0,0,0,0,0.36,0.203,0,0,0,0,0,0,0,0,0,0,0,0,0,0,0,0.244,0,0,0,0,0,0,0,0,0,0,0,0,0,0,0,0,0,0,0,0,0,0,0,0,0,0,0,0,0,0,0,0,0,0,0,0,0,0,0,0,0.173,0,0,0,0,0,0,0,0,0,0,0,0,0.18,0,0,0,0,0,0,0,0,0,0,0,0,0,0,0,0,0,0,0.583,0,0,0,0,0,0,0,0,0,0,0,0,0.313,0,0,0,0.169,0,0,0,0.728,0,0,0,0,0,0,0,0,0,0,0,0.181,0,0,0,0,0,0,0,0,0,0,0,0,0,0,0,0,0,0,0,0,0,0,0,0,0,0,0,0,0,0,0,0,0,0,0,0,0,0,0,0,0,0,0,0,0.201,0,0,0,0,0,0,0,0,0,0,0,0,0,0.698,0,0,0,0,0,0,0,0,0,0.541,0,0,0,0,0,0,0,0,0,0,0,0,0,0.297,0,0.2,0,0,0,0,0,0,0,0,0,0,0,0.171,0,0,0,0,0,0,0,0,0,0.29,0.238,0.171,0,0,0,0,0,0,0,0,0,0.269,0,0,0,0.263,0,0.171,0,0,0.183,0,0,0.173,0.278,0,0,0,0,0,0,0,0,0,0,0,0,0,0,0.483,0,0,0.238,0.274,0.171,0,0,0,0,0,0.468,0.245,0.161,0,0,0.173,0.173,0,0,0.266,0,0,0,0.203,0.169,0,0,0,0,0,0.273,0,0,0,0,0,0,0,0,0,0,0,0,0,0,0,0,0,0,0,0,0,0,0,0,0,0,0,0,0,0,0,0,0,0,0,0.171,0,0,0,0,0,0,0,0,0,0,0,0,0,0,0,0,0,0,0,0,0,0,0,0,0,0,0,0,0,0,0,0.315,0,0,0.495,0,0,0,0.323,0,0,0,0,0,0,0,0,0,0,0,0,0,0,0,0,0,0,0,0,0,0,0,0,0,0,0,0,0,0.534,0,0,0,0,0,0,0,0,0,0,0,0,0,0,0,0,0,0,0,0,0,0,0,0,0,0,0,0,0,0,0,0,0,0,0,0,0,0,0,0,0,0,0,0,0,0,0,0,0,0,0,0,0,0,0,0,0,0,0,0,0,0,0,0,0,0,0,0,0.196,0,0,0,0,0,0,0,0,0,0,0,0,0,0,0,0,0,0,0,0,0,0,0,0.327,0,0,0,0.424,0,0,0,0,0.299,0,0,0,0,0,0,0,0,0,0.306,0.165,0.489,0,0,0,0,0.227,0,0,0,0,0,0,0,0,0,0,0,0,0,0,0,0,0,0,0,0,0,0,0,0,0,0,0,0,0,0,0,0,0,0,0,0,0,0,0,0,0,0,0,0,0,0,0,0,0,0,0,0,0,0,0,0,0,0,0,0,0,0,0,0,0,0,0,0,0,0,0,0,0,0,0,0,0,0,0,0,0,0,0,0,0,0,0,0,0,0,0,0,0,0,0,0,0,0,0,0,0,0,0,0,0,0,0,0,0,0,0,0,0,0,0,0,0,0,0,0,0,0,0,0,0,0.184,0,0,0,0,0,0,0,0,0,0,0,0,0,0,0,0,0,0,0,0,0,0,0,0,0,0,0,0,0,0,0,0,0,0,0,0,0,0,0,0,0,0,0,0,0,0,0,0,0,0,0,0,0,0,0,0,0.22,0,0,0,0,0,0,0,0,0,0,0,0,0,0,0,0,0.276,0,0,0,0,0,0,0,0,0,0,0,0,0,0,0,0.175,0,0,0,0,0,0,0,0,0,0,0,0,0,0,0,0,0,0,0,0,0,0,0,0,0,0,0,0,0,0,0,0,0,0,0,0,0,0,0,0,0,0,0.157,0,0,0,0,0,0,0,0,0,0,0,0,0,0.479,0,0,0,0,0,0,0,0,0,0,0,0,0,0,0,0,0,0,0,0,0,0,0,0,0,0,0,0,0,0,0.238,0.702,0,0.235,0,0,0.193,0,0,0,0,0,0,0,0,0,0,0,0.337,0,0,0,0,0,0,0,0,0,0,0,0,0,0,0,0,0,0,0,0,0,0,0,0.171,0,0,0,0,0,0,0,0,0,0.194,0,0,0,0,0.221,0,0,0,0,0,0,0,0,0,0,0,0,0,0,0,0,0.195,0,0,0,0.239,0,0.306,0,0,0,0,0,0,0.792,0,0,0,0,0,0,0,0,0,0,0,0,0,0,0,0,0,0,0,0,0.173,0,0,0,0,0,0,0.317,0,0,0,0,0,0,0,0,0,0,0.192,0,0,0,0,0,0,0,0,0,0,0,0,0,0,0,0,0,0,0,0,0,0,0,0,0,0
854903,0,0,0,0,0,0,0.18,0,0,0,0,0,0,0,0,0,0,0.374,0,0,0,0,0,0,0,0,0,0,0,0,0,0,0,0,0,0,0,0,0,0,0,0,0,0,0,0,0,0,0.239,0,0,0,0,0,0,0,0,0,0,0.37,0,0,0,0,0.193,0,0,0,0,0,0.173,0,0,0,0,0,0.235,0.229,0,0.159,0,0,0,0,0,0,0.883,0,0,0,0,0,0,0,0,0,0,0,0,0.357,0,0,0.171,0,0,0,0,0,0,0,0,0,0,0,0,0,0,0,0,0,0,0,0,0,0,0,0,0,0,0,0,0,0,0,0,0,0,0,0,0,0,0,0.208,0,0,0,0,0,0,0,0,0,0,0,0,0.177,0,0,0,0,0,0,0,0,0,0.581,0,0.4,0,0,0,0,0,0,0,0,0,0,0,0,0,0.235,0,0,0,0,0,0,0,0,0,0,0,0,0,0,0,0,0,0,0,0,0,0,0,0,0,0,0,0,0,0,0,0,0,0,0,0,0,0,0,0,0,0,0,0,0,0,0,0,0.191,0,0,0,0,0,0,0,0,0.221,0,0,0,0,0,0,0,0,0,0,0,0,0,0,0,0.197,0.2,0,0,0,0,0,0,0,0,0,0,0,0,0,0,0,0,0,0,0,0,0,0,0,0,0,0,0,0,0,0,0,0.163,0,0,0,0,0,0,0,0,0,0,0,0,0,0,0,0,0,0,0,0,0,0,0,0,0,0,0,0,0,0,0,0,0,0,0,0,0,0,0,0,0,0,0.164,0,0,0,0,0,0,0.151,0,0,0,0,0,0,0,0,0,0,0,0,0,0,0,0.158,0.197,0,0.15,0,0,0,0,0,0.157,0,0,0,0,0,0,0,0,0,0,0,0,0,0,0,0,0,0,0,0,0,0,0,0,0,0,0,0,0,0,0,0,0,0,0,0,0,0,0,0,0,0,0,0,0,0,0,0,0,0.258,0,0,0,0,0,0,0,0,0,0,0,0,0,0,0,0,0,0,0,0,0,0,0,0,0,0,0,0,0,0,0.25,0,0,0,0,0,0,0,0,0.172,0,0,0.158,0,0,0,0,0,0,0,0,0,0,0,0,0,0,0,0,0,0,0,0,0,0,0,0,0,0,0,0,0,0,0,0,0,0,0,0,0,0,0,0,0,0,0,0,0,0,0,0,0,0,0,0,0,0,0,0,0,0,0,0,0,0,0,0,0,0,0,0,0,0,0,0,0,0,0,0,0,0,0,0,0,0,0,0,0,0,0,0,0,0,0,0,0,0,0,0,0,0,0,0.161,0,0,0,0,0,0,0,0,0,0,0,0,0,0,0,0,0,0,0,0,0,0,0,0.181,0,0,0,0,0,0,0,0,0,0,0,0.277,0,0,0,0,0,0,0,0,0,0,0,0,0,0,0,0,0,0,0,0,0,0,0,0,0,0,0,0,0,0,0,0,0,0,0,0,0,0,0,0,0,0,0,0,0,0,0,0,0,0,0,0,0,0,0,0,0,0,0,0,0,0,0,0,0,0,0,0,0,0,0,0,0,0,0,0,0,0,0,0,0,0,0,0,0,0,0,0,0,0,0,0,0,0.191,0,0,0,0,0,0,0,0,0,0,0,0,0,0,0,0,0,0,0,0,0,0,0.191,0,0,0,0,0,0,0,0.432,0,0,0,0,0,0,0,0,0,0,0,0,0,0,0,0,0,0,0,0,0,0,0,0,0,0,0,0,0,0,0,0,0,0,0,0,0,0,0,0,0,0,0,0,0,0,0,0,0,0,0,0,0,0,0,0,0,0,0,0,0,0,0,0,0,0,0,0,0,0,0,0,0,0,0,0,0,0,0,0,0,0,0,0,0,0,0,0,0,0,0,0,0,0,0,0,0,0,0,0,0,0,0,0,0,0,0,0,0,0,0,0,0,0,0,0,0,0,0,0,0,0,0,0,0,0,0,0,0,0,0,0,0,0,0,0,0,0,0,0,0,0,0,0,0,0,0,0,0,0,0,0,0,0,0,0,0,0,0,0,0,0,0,0,0,0,0.282,0,0,0,0,0,0,0,0,0,0,0,0,0,0,0,0,0,0,0,0,0,0,0,0,0,0,0,0,0,0,0,0,0,0,0,0,0,0,0,0,0,0,0,0,0,0,0,0,0,0,0,0,0,0,0,0,0,0,0,0,0,0,0,0,0,0,0,0,0,0.208,0,0,0,0,0,0,0,0,0,0,0,0,0,0,0,0,0,0,0,0,0,0,0,0,0,0,0,0,0,0,0,0,0,0,0,0,0,0,0,0,0,0,0,0,0,0,0,0,0,0,0,0.706,0,0,0,0,0,0,0,0,0,0,0,0,0,0,0,0,0,0,0,0,0,0,0,0,0,0,0,0,0,0,0,0,0,0,0,0.906,0,0,0,0,0,0,0,0,0,0,0,0,0,0,0,0,0,0,0,0,0,0,0,0,0.244,0,0,0,0,0,0,0,0,0,0,0,0,0,0,0,0,0,0,0,0,0,0,0,0,0,0,0,0,0,0,0.45,0,0,0.41,0,0.44,0.447,0,0,0,0,0,0,0,0,0,0.339,0,0,0,0,0,0,0,0,0,0,0,0,0,0.334,0.577,0,0.297,0,0,0,0,0,0.324,0,0,0,0,0,0,0,0,0,0.226,0,0,0,0,0,0,0,0,0,0,0,0,0,0.317,0,0,0,0,0,0.46,0,0,0,0,0,0,0,0,0,0,0,0,0,0,0,0,0,0,0,0,0.229,0,0,0,0,0.297,0.161,0.258,0,0,0,0,0,0,0,0.185,0,0,0,0,0,0,0,0,0,0,0,0,0,0,0,0,0,0,0,0,0,0,0,0.159,0,0.2,0,0,0,0,0,0,0,0,0,0,0,0,0,0,0,0,0,0,0,0,0,0,0,0,0,0,0.551,0,0,0,0,0,0,0.159,0,0,0,0,0,0,0,0,0,0,0,0,0,0,0,0,0,0,0,0,0.166,0,0.369,0,0,0,0,0,0,0,0,0,0,0,0,0,0,0,0,0,0,0,0,0,0,0,0,0,0,0,0,0,0,0,0,0,0,0,0,0,0,0,0,0,0,0,0,0,0,0,0,0,0,0,0,0,0,0,0,0,0,0,0,0,0,0,0,0,0,0,0,0,0,0,0,0,0,0,0,0,0,0,0,0,0.177,0,0,0,0,0,0,0,0,0,0,0.166,0,0,0,0,0,0,0,0,0,0,0,0,0,0,0,0,0,0,0,0,0,0,0,0,0,0,0,0,0,0,0,0,0,0,0,0,0,0,0,0,0,0,0,0,0,0,0,0,0,0.2,0,0,0,0,0,0,0.161,0,0,0,0,0.365,0,0,0,0,0,0,0,0,0,0,0,0,0,0,0,0,0,0,0,0,0,0,0,0,0,0,0,0,0,0,0,0,0,0,0,0,0,0,0,0,0,0,0,0,0,0,0,0,0,0,0,0,0,0,0,0,0,0,0,0,0,0,0,0,0,0,0,0,0,0,0,0,0,0,0,0,0,0,0,0,0,0,0,0,0,0,0,0,0,0.33,0,0,0,0,0,0,0,0,0,0,0,0,0,0,0,0,0,0,0,0,0,0,0.22,0,0,0.151,0,0,0,0,0,0,0,0,0,0,0,0,0.151,0,0,0,0,0,0,0,0,0,0,0,0,0,0,0,0,0,0,0,0,0,0,0.481,0,0,0,0,0,0,0,0,0.167,0,0,0,0,0,0,0,0,0,0,0,0,0.486,0,0,0,0.272,0,0,0,0,0,0,0,0,0,0,0.158,0,0,0,0,0,0,0,0,0,0,0,0,0,0,0.155,0,0,0,0,0,0,0,0,0,0.353,0,0,0,0,0,0,0,0,0,0,0,0,0,0,0,0,0,0.307,0,0,0,0,0.213,0,0,0,0,0,0,0,0,0,0,0,0,0,0,0,0,0,0,0,0,0,0,0,0,0,0,0,0,0,0,0,0,0,0,0,0,0,0,0.293,0,0,0,0,0,0,0,0,0,0,0,0,0,0,0,0,0,0,0,0,0,0,0,0,0,0,0,0,0,0,0,0,0,0,0,0,0,0,0,0,0,0,0,0,0,0,0,0,0,0,0,0,0,0,0,0,0,0,0,0,0,0,0,0,0,0,0,0,0.151,0,0,0,0,0,0,0,0,0,0,0,0,0,0,0,0.205,0,0,0,0.177,0,0,0,0,0,0,0,0,0,0,0,0,0,0,0,0,0,0.583,0,0,0.23,0,0,0,0,0,0,0,0,0,0,0,0,0,0,0,0,0,0,0,0,0,0,0,0,0,0,0,0,0,0,0,0,0,0,0,0,0,0,0,0,0,0,0,0,0,0,0,0,0,0,0,0,0,0,0,0,0,0,0,0,0,0,0,0,0,0,0,0,0,0,0.578,0,0,0,0,0,0,0,0,0.612,0,0,0,0,0,0,0,0,0,0,0,0,0,0,0,0,0,0,0,0,0,0,0,0,0,0,0,0,0,0,0,0,0,0,0,0,0,0,0,0,0,0,0,0,0,0,0,0,0,0,0,0,0,0,0,0,0,0,0,0,0,0,0,0,0,0,0,0,0,0,0,0,0,0,0,0.284,0,0,0,0,0,0,0,0,0,0,0,0,0,0,0,0,0,0,0.329,0,0,0,0,0,0,0,0,0,0,0,0,0,0,0,0,0,0,0,0,0,0,0,0,0,0,0,0,0,0,0,0,0,0.151,0,0,0,0,0,0,0.255,0,0,0,0.156,0,0.388,0,0,0,0,0.286,0,0,0,0,0,0,0,0,0,0,0,0,0,0,0,0,0,0,0,0,0,0,0,0.183,0,0.306,0,0,0,0,0,0,0,0.583,0,0,0,0,0,0,0,0,0,0,0,0,0,0,0,0,0,0,0,0,0,0,0,0,0,0,0,0,0,0,0,0,0,0,0,0,0,0,0,0,0,0,0.178,0,0,0,0,0,0,0,0,0,0,0,0,0,0,0,0,0,0,0,0,0,0,0,0,0,0,0,0,0,0,0,0,0,0,0,0,0,0,0,0,0,0,0,0,0,0,0,0,0,0,0,0,0,0,0.171,0,0,0,0,0,0,0,0,0,0,0,0,0,0,0,0,0,0,0,0,0,0,0,0.196,0,0,0,0,0,0,0.631,0,0,0,0,0,0,0,0,0,0,0,0,0,0,0,0,0,0,0,0,0,0,0,0,0,0,0,0,0,0,0,0,0,0,0,0,0,0,0,0,0,0,0,0,0.313,0,0,0,0,0,0,0,0,0,0,0,0,0,0,0,0,0,0,0,0,0,0,0,0.166,0,0,0,0,0,0,0,0,0,0,0,0,0,0,0.377,0,0,0,0,0,0,0,0,0,0,0,0,0,0,0,0,0,0,0,0,0,0.276,0,0,0,0,0,0,0,0,0,0,0,0,0,0,0,0,0,0,0,0,0,0,0,0,0,0,0,0,0,0,0.284,0,0,0,0,0,0,0,0,0,0,0,0,0,0,0.256,0,0.159,0,0,0,0,0,0,0,0,0,0,0,0,0,0,0,0,0,0,0,0,0,0,0,0,0,0,0,0,0,0,0,0,0,0,0,0,0,0,0,0,0,0.548,0,0,0,0,0,0,0,0,0,0,0,0,0,0,0,0,0,0,0,0,0,0,0,0,0,0,0,0,0,0,0,0,0,0,0,0,0,0,0,0,0,0,0,0,0.299,0,0,0,0,0,0,0,0,0,0,0,0,0,0,0,0,0,0,0,0,0,0,0,0,0,0,0,0.21,0,0,0,0,0,0,0,0,0,0,0,0,0,0,0,0,0,0,0,0,0,0,0,0,0,0.275,0,0,0,0,0,0,0,0,0,0.156,0,0,0,0,0.207,0.177,0,0,0,0,0,0,0,0,0,0,0,0,0.618,0,0.177,0,0,0,0,0,0,0,0,0,0,0,0,0,0,0.265,0.207,0,0,0,0,0.189,0,0,0,0,0,0,0,0,0,0,0,0,0,0,0,0,0,0,0,0,0,0,0.372,0,0,0,0.449,0,0,0,0,0,0,0,0,0,0,0,0,0,0,0,0,0,0,0,0,0,0,0,0,0,0,0,0,0,0,0,0,0.275,0,0.275,0,0,0,0,0,0.19,0,0,0,0,0,0,0,0,0,0,0,0,0,0,0,0,0,0,0,0,0.234,0,0,0,0,0,0,0,0,0.359,0,0,0,0,0,0,0,0,0,0,0,0,0,0,0,0,0,0,0,0,0,0,0,0,0,0,0,0,0,0,0,0,0,0,0,0,0.413,0,0,0,0,0,0,0,0,0,0,0,0,0,0,0,0,0,0,0,0,0,0,0,0,0,0.191,0,0,0,0,0,0.195,0,0,0,0,0,0,0,0,0,0,0,0,0,0,0,0,0,0,0,0,0,0,0,0,0,0,0,0,0,0,0,0,0,0,0,0,0,0,0,0,0,0,0,0,0,0,0,0,0,0,0,0,0,0,0,0,0,0,0,0,0,0,0,0,0,0,0,0,0,0,0,0,0,0,0,0,0,0,0,0,0,0,0,0,0,0,0,0,0,0,0,0,0,0,0,0,0,0,0,0,0,0,0,0,0,0,0,0,0,0,0,0,0,0,0,0,0,0,0.269,0,0,0,0,0,0,0,0,0,0,0,0.292,0,0,0,0.169,0,0,0,0,0,0,0,0,0,0,0,0,0,0,0,0,0,0,0,0,0.196,0,0,0,0,0,0,0,0,0,0,0,0,0,0,0,0,0,0.276,0,0,0,0,0,0,0,0,0,0,0,0.276,0,0,0,0,0,0,0,0,0,0,0,0,0,0,0.404,0,0,0,0,0,0,0,0,0,0,0,0,0,0,0,0,0,0,0,0,0,0,0,0,0,0,0,0,0,0,0,0,0,0,0,0,0,0,0,0,0,0,0,0,0,0,0,0,0,0,0,0,0,0,0,0,0,0,0,0,0,0,0,0,0,0,0,0,0,0,0,0,0,0,0,0,0,0,0,0,0,0,0,0,0,0,0,0,0,0.166,0,0,0,0,0,0,0,0,0,0,0,0,0,0,0,0,0,0,0,0,0,0,0,0,0,0,0,0,0,0,0,0,0,0,0,0,0,0,0,0,0,0,0,0,0,0,0,0,0,0,0,0,0,0,0,0,0,0,0,0,0,0,0,0,0,0,0,0,0,0,0,0,0,0,0,0,0,0,0,0,0,0,0.151,0,0,0,0,0,0,0,0,0,0.192,0.151,0,0,0,0,0,0,0,0,0,0,0,0,0,0,0,0,0,0.227,0,0,0,0,0,0,0,0,0,0,0,0,0,0,0,0,0,0,0,0,0,0,0,0,0,0,0,0,0,0,0,0,0,0,0,0,0,0,0,0,0,0,0,0,0,0,0.197,0.197,0,0,0,0,0,0,0,0,0,0,0,0,0,0,0,0,0,0,0,0,0,0,0,0,0.337,0,0,0,0,0.586,0,0,0,0,0,0,0,0,0,0,0,0,0,0.173,0,0,0,0,0,0,0,0,0,0,0,0,0,0,0,0,0.214,0,0.197,0.197,0,0.206,0,0,0,0.296,0,0,0,0.26,0.197,0,0,0.706,0,0,0,0.171,0.197,0,0.206,0,0,0,0,0,0.197,0,0,0,0,0,0,0,0,0,0,0,0,0,0,0,0,0,0,0,0,0,0.405,0,0,0,0,0,0,0,0,0,0,0,0,0,0,0,0,0,0,0,0,0,0,0,0,0,0,0,0,0,0,0,0,0,0,0,0,0,0,0,0,0,0,0,0,0.257,0,0,0,0.24,0,0,0,0,0,0,0,0,0,0,0,0,0,0,0,0,0,0,0,0,0,0,0,0,0,0,0,0,0,0,0,0,0,0,0,0,0,0,0,0,0,0,0,0,0,0,0,0,0,0,0,0,0,0,0,0,0,0,0.197,0,0,0,0,0,0,0,0,0,0,0,0,0,0,0,0,0,0,0,0,0,0,0,0,0,0,0,0,0.161,0,0,0,0,0,0,0,0,0,0,0,0,0,0,0,0,0,0,0,0,0,0,0,0,0,0,0,0,0,0,0,0,0,0,0,0,0,0,0,0.237,0,0,0,0,0.536,0,0,0,0,0,0,0,0,0,0,0,0,0,0,0,0,0,0,0,0,0,0,0,0,0,0,0,0,0,0,0,0,0,0,0,0,0,0,0,0,0,0,0,0,0,0,0,0,0,0,0,0,0,0,0,0,0,0.231,0,0,0,0,0,0,0,0,0,0,0,0,0,0,0,0,0,0,0,0,0,0.452,0,0,0,0,0,0,0,0,0.429,0.476,0,0,0,0,0,0,0,0.224,0,0,0,0,0,0,0,0,0,0,0,0,0.201,0,0,0,0,0,0,0,0,0,0,0,0,0,0.169,0,0,0,0,0,0,0,0,0,0,0,0,0,0,0,0,0,0,0,0,0,0,0,0,0,0,0,0.197,0,0,0,0,0,0,0,0,0,0,0,0,0,0,0,0,0,0,0,0,0,0,0,0,0,0,0,0,0,0,0,0,0,0,0,0,0,0,0,0,0,0,0,0,0,0,0,0,0,0,0,0,0,0,0,0,0,0,0,0,0,0,0,0,0,0,0,0,0,0,0,0,0,0,0,0,0,0,0,0,0,0,0,0,0,0,0,0,0,0,0,0,0,0,0,0,0,0,0,0,0,0,0,0,0,0,0,0,0,0,0,0,0,0,0,0,0,0,0,0,0,0,0,0,0.218,0,0,0,0,0,0,0,0,0,0,0,0.442,0,0,0,0,0,0.197,0,0,0,0,0,0,0,0,0,0,0,0,0,0,0,0,0,0,0,0,0,0,0,0,0.266,0,0,0,0,0,0,0,0,0,0.706,0,0.197,0,0,0,0,0,0,0,0,0,0.298,0,0,0,0,0,0,0,0,0,0,0,0,0,0,0.33,0,0,0.186,0,0,0,0,0,0,0,0,0,0,0,0,0,0,0,0.274,0,0,0,0,0,0,0,0,0,0,0,0,0,0,0,0,0,0,0,0.184,0,0,0,0,0,0,0,0,0,0,0,0,0,0,0,0,0,0,0,0,0,0,0,0,0,0,0,0,0,0,0,0,0,0,0,0,0,0,0,0,0,0,0,0,0,0,0,0,0,0,0,0,0,0,0,0,0,0,0,0,0,0.22,0,0,0,0,0,0,0,0,0,0,0,0,0,0,0,0,0,0,0,0,0,0,0,0,0,0,0,0,0,0,0,0,0,0,0,0,0,0,0.445,0,0,0,0,0,0,0,0,0,0,0,0,0,0,0,0,0,0,0,0,0,0,0,0,0,0,0,0,0,0,0,0,0,0,0,0,0,0,0,0,0,0,0,0,0,0,0,0,0,0,0,0,0,0,0.218,0,0,0,0.183,0,0,0,0,0,0,0,0,0,0,0,0,0,0.551,0,0,0,0,0,0,0,0,0,0,0,0,0,0,0,0,0,0,0,0,0,0,0,0,0,0,0.295,0,0,0.317,0.529,0,0,0,0,0,0,0,0,0,0,0.491,0,0,0,0,0,0,0,0,0,0,0,0,0.662,0,0,0,0,0,0,0,0,0,0,0,0,0,0,0,0,0,0,0,0,0.916,0,0,0,0,0,0,0,0,0.357,0,0,0,0,0,0,0,0,0,0,0,0,0,0,0,0,0,0,0,0,0,0,0,0,0,0,0,0,0,0,0,0,0,0,0,0,0,0,0,0.237,0,0,0,0,0,0,0,0,0,0,0,0,0,0,0,0,0,0,0,0,0,0,0,0,0,0,0,0,0.392,0,0,0,0,0,0,0,0,0,0,0,0,0,0,0,0,0,0,0,0.378,0,0,0.35,0,0,0,0,0,0,0,0,0,0,0,0.361,0,0,0,0,0,0.229,0,0,0,0,0,0,0,0,0,0,0,0,0,0,0,0.376,0,0,0,0,0,0,0,0,0,0,0,0,0,0,0
850429,0.301,0.237,0,0,0,0,0.948,0,0,0,0.17,0,0,0,0.182,0.646,0.47,0,0.244,0,0,0,0,0,0.237,0,0.348,0,0,0,0,0,0,0,0.197,0,0,0,0,0,0.279,0.211,0,0,0.434,0,0,0.223,0.215,0,0,0,0,0,0,0,0,0,0.275,0,0.358,0.211,0.213,0,0.26,0,0.159,0.224,0,0,0,0,0,0,0,0,0,0.181,0.48,0,0,0,0,0,0.279,0.358,0,0.648,0.301,0.621,0,0,0,0.275,0.237,0,0,0.423,0.329,0,0.206,0,0,0.324,0.281,0.477,0.352,0.231,0,0,0,0,0,0,0,0,0,0.151,0.442,0,0,0.275,0,0,0,0,0,0,0,0,0,0.182,0,0,0,0,0,0,0.362,0,0,0,0,0,0,0.718,0,0,0,0,0.753,0,0,0,0,0.295,0,0,0,0.256,0,0,0,0,0.257,0,0,0,0,0,0,0,0,0,0,0,0,0,0,0.504,0.321,0,0,0,0,0,0,0,0,0,0,0,0,0,0,0.351,0,0,0.165,0,0,0.346,0.158,0,0,0,0,0,0,0,0,0,0,0,0,0,0,0,0.182,0,0,0,0,0,0,0.334,0,0,0,0.163,0,0,0,0,0,0,0,0,0,0,0,0,0.179,0,0,0.297,0,0,0,0,0,0.157,0,0.214,0,0,0.193,0,0,0,0,0,0,0.279,0,0,0.68,0,0,0,0,0,0,0.236,0,0,0,0,0,0,0,0,0,0,0,0,0,0,0.656,0,0,0,0,0,0.175,0,0,0,0,0,0,0.387,0,0,0,0,0,0,0,0,0,0.894,0,0.733,0,0,0,0,0,0,0,0,0,0,0,0.159,0,0,0,0,0,0,0,0,0,0.654,0,0,0,0,0,0,0,0,0,0,0,0,0,0.279,0,0,0,0,0,0,0,0,0,0,0,0,0,0,0,0,0,0,0,0,0.194,0,0.255,0,0,0,0,0,0,0,0,0,0,0,0,0,0,0,0,0,0,0,0,0,0,0,0,0.245,0,0.237,0,0,0.466,0,0.164,0,0,0,0,0,0,0,0,0.166,0,0,0,0,0.164,0,0,0,0,0,0,0,0,0,0,0.207,0,0,0.502,0,0,0.191,0,0.293,0.229,0,0,0.296,0,0,0,0,0,0.823,0,0,0,0,0,0,0,0,0,0,0,0,0.228,0,0.248,0,0.408,0.342,0,0,0,0,0,0,0,0,0,0,0,0,0,0,0,0,0,0,0,0.468,0,0,0,0,0.294,0,0,0,0,0.153,0,0,0,0,0,0,0,0,0,0,0,0,0,0,0,0,0,0,0,0,0,0,0,0,0.233,0,0,0,0,0,0,0.256,0,0,0,0,0,0,0,0,0,0,0,0,0,0,0.165,0,0,0.447,0,0,0,0,0,0,0,0,0,0,0.154,0.214,0,0,0,0,0,0,0,0,0,0,0,0,0,0.393,0,0.448,0,0,0,0,0,0,0.393,0,0,0,0,0,0,0,0.586,0,0,0,0,0,0,0,0,0,0,0,0,0,0,0,0,0,0,0,0,0,0.326,0,0,0,0,0,0,0,0,0,0,0,0,0,0,0,0,0,0,0,0,0,0,0,0,0,0,0.211,0.161,0,0,0,0.26,0,0.186,0,0,0,0,0.225,0,0,0,0,0,0,0,0,0,0,0,0,0,0,0,0,0,0,0,0.6,0.877,0.266,0.659,0,0,0,0,0,0,0,0,0,0,0,0,0,0,0,0,0.673,0,0,0,0,0,0,0,0,0,0,0,0,0,0,0,0,0,0,0,0,0,0.276,0.467,0,0.262,0,0,0,0,0,0,0,0.217,0,0.668,0,0,0.166,0,0,0,0,0.248,0,0.165,0,0,0,0,0,0.223,0,0,0,0,0,0,0,0,0,0,0,0,0,0,0,0,0,0,0,0,0,0,0,0,0,0,0,0,0.367,0,0,0,0.196,0,0,0,0,0,0,0,0,0,0.261,0,0,0,0,0,0,0,0,0,0,0,0,0,0.152,0,0,0,0,0,0,0,0,0,0,0,0.319,0,0,0,0,0,0,0,0,0,0,0,0,0,0,0,0,0,0,0,0,0,0,0,0,0,0,0,0,0,0,0,0,0,0,0,0,0,0,0,0.231,0,0,0,0,0,0,0,0,0,0,0,0,0,0,0.253,0,0,0,0,0,0,0,0,0,0,0,0.259,0,0,0,0,0,0,0,0,0,0,0.194,0,0,0,0.215,0,0,0,0.154,0,0.217,0,0.475,0,0,0,0,0,0,0,0,0,0,0,0,0,0,0,0,0,0.387,0,0,0,0,0,0,0,0.43,0,0,0,0,0,0,0,0,0,0,0,0,0,0,0,0,0,0,0,0,0,0.408,0,0.193,0,0,0,0,0,0,0,0,0,0,0,0,0,0,0.198,0,0,0,0,0,0,0,0,0,0,0,0,0,0,0,0,0,0,0,0,0,0,0,0,0,0,0,0,0,0,0,0,0,0,0,0,0,0,0,0,0,0,0,0,0,0,0,0,0,0,0,0,0,0,0,0,0,0.21,0,0,0,0.163,0.215,0,0,0.179,0,0,0.194,0,0,0,0.216,0.25,0,0,0,0,0.299,0.151,0,0,0.328,0,0,0,0.267,0,0,0,0.212,0,0,0,0,0.362,0,0,0.196,0,0,0,0,0.185,0,0,0.194,0,0.18,0.152,0,0.513,0,0,0,0,0,0.313,0.279,0.161,0.213,0,0,0,0.194,0.215,0,0.336,0.191,0,0,0,0.225,0,0,0,0,0,0,0,0,0,0,0,0,0,0.322,0,0.152,0,0,0.218,0,0,0,0.253,0.16,0,0.341,0,0.763,0,0,0,0.169,0,0,0.491,0,0.796,0,0,0.221,0,0.177,0,0,0.165,0.337,0,0,0,0,0,0.223,0.166,0,0,0,0,0,0,0,0,0.291,0,0.152,0.183,0,0,0,0,0,0,0,0,0,0,0.184,0,0,0,0.274,0,0.194,0,0,0,0.214,0,0.201,0.288,0,0,0,0,0,0,0,0,0.349,0.172,0,0,0,0,0,0,0.324,0.199,0,0.202,0.169,0,0,0,0.535,0,0,0,0,0,0,0,0,0,0,0,0,0,0,0,0,0,0.195,0,0,0,0.153,0.258,0.194,0,0,0,0,0,0,0,0,0,0,0,0.312,0,0,0.324,0,0,0,0,0.495,0,0,0.187,0,0,0,0,0.249,0.194,0,0,0,0,0.197,0,0.167,0,0,0.21,0.274,0,0.223,0,0.262,0,0,0,0,0,0.367,0.17,0,0,0,0,0,0,0,0,0,0,0,0.179,0.194,0.179,0.334,0,0,0,0.195,0,0,0,0.202,0,0,0.21,0.199,0,0,0,0.167,0,0,0.711,0,0.263,0.194,0.317,0.28,0,0,0,0.194,0,0,0.153,0,0,0,0,0,0.233,0.672,0,0,0.323,0.229,0.389,0.242,0.277,0.223,0.446,0.194,0,0,0.186,0,0,0,0,0,0.387,0.174,0.598,0,0,0,0,0,0,0,0,0,0,0.511,0.221,0,0,0,0,0,0,0,0.23,0,0,0.372,0.514,0,0.228,0,0.29,0.279,0,0.187,0,0,0,0,0,0,0.393,0,0,0,0.223,0,0.171,0,0.525,0,0,0.207,0,0,0,0,0.28,0,0.152,0,0,0.481,0,0,0,0,0.19,0,0.165,0,0.38,0.193,0,0,0,0,0,0.221,0.219,0,0,0,0,0.223,0,0,0,0,0.175,0,0,0,0.3,0.199,0.204,0,0,0,0.639,0,0,0.246,0.163,0,0.309,0,0,0.285,0,0,0,0,0.279,0,0,0.516,0,0.194,0,0,0,0,0.509,0,0,0,0,0,0,0.93,0,0,0,0,0,0.379,0,0,0,0,0.227,0,0,0,0,0,0.152,0,0,0,0,0.167,0,0.317,0,0.165,0,0.223,0.226,0,0,0.186,0.169,0.194,0,0,0,0,0.262,0.298,0,0,0,0,0,0,0,0,0,0,0.213,0,0.337,0,0.223,0,0,0,0.225,0,0,0,0,0,0.161,0,0,0,0,0,0,0,0,0,0,0,0,0,0,0,0,0,0,0,0,0,0,0,0,0,0,0,0,0,0,0,0,0,0,0,0,0,0,0.181,0,0,0,0,0,0,0,0,0,0,0,0,0,0,0,0,0,0,0,0,0,0,0,0,0,0,0,0,0,0,0,0,0,0,0,0,0,0,0,0,0,0,0,0,0,0,0,0,0,0,0,0.151,0,0,0,0,0,0.198,0,0,0,0.195,0,0.51,0,0,0.151,0.238,0,0,0,0,0,0,0.15,0.151,0,0,0,0.267,0,0,0,0,0,0,0,0,0.158,0,0,0,0,0.163,0,0,0,0,0,0,0,0,0,0,0,0,0.158,0,0,0.273,0,0,0,0,0,0,0,0,0,0,0,0,0,0,0.151,0,0,0,0,0.172,0,0,0,0,0,0,0,0,0,0,0,0,0,0,0,0,0,0,0,0,0,0,0,0,0,0,0.151,0,0,0,0,0,0,0,0,0,0,0,0,0,0,0,0,0,0,0,0,0,0,0,0,0,0,0,0,0,0,0,0,0,0,0,0,0.151,0,0,0,0,0,0,0,0,0,0,0,0,0,0,0,0,0,0,0,0,0,0,0,0,0,0,0.198,0,0,0,0,0,0,0,0,0,0,0,0,0,0,0,0,0,0,0,0,0,0,0,0,0,0,0,0,0,0,0,0,0,0,0,0,0,0,0,0,0.151,0,0,0,0,0,0,0,0,0,0,0,0.308,0,0,0,0,0,0,0,0,0,0,0,0,0,0,0,0,0,0,0,0,0,0,0,0,0,0,0,0,0,0,0,0,0,0,0,0,0,0,0,0,0,0,0,0,0,0.151,0,0,0,0,0,0,0,0,0.151,0,0,0,0.22,0,0,0,0,0,0,0,0,0,0,0,0,0,0,0,0,0,0,0,0,0,0,0,0,0,0,0,0,0.151,0,0,0,0,0,0,0,0,0,0,0,0,0,0,0,0.36,0,0,0,0,0,0,0,0,0,0,0,0.394,0,0,0,0,0,0,0,0.84,0,0.199,0,0,0,0,0,0,0,0,0,0,0,0,0,0,0,0,0,0,0,0,0,0.443,0,0,0,0,0,0,0,0,0,0,0,0.164,0,0,0,0,0,0,0,0,0,0.308,0,0,0,0,0,0,0,0,0,0,0,0.292,0,0,0,0,0,0,0,0,0,0.216,0,0,0,0.269,0,0,0,0,0,0,0,0,0,0,0,0,0,0,0,0,0,0,0,0.196,0,0,0.198,0,0.181,0,0.184,0,0,0,0,0,0,0.199,0,0,0.216,0,0,0.426,0.266,0,0.173,0,0.356,0.181,0.766,0.562,0.215,0,0,0.196,0,0,0,0.339,0,0.157,0,0,0.23,0,0.223,0,0,0.276,0,0,0,0,0,0,0,0,0,0,0.238,0,0,0,0.238,0,0,0,0,0,0,0,0,0,0,0.192,0,0,0,0,0,0,0,0,0,0,0,0,0,0,0,0,0,0,0,0,0,0,0,0,0,0,0,0,0,0,0,0,0,0,0,0,0,0,0,0,0,0,0,0,0,0,0,0,0,0,0,0,0,0,0,0,0,0,0,0,0,0,0,0,0,0,0,0,0,0,0,0,0,0,0,0,0,0,0.339,0,0,0.156,0,0,0,0,0,0,0,0,0,0,0,0,0,0,0,0,0,0,0,0,0,0.156,0,0,0,0,0,0,0,0,0.151,0,0,0,0,0,0,0,0,0,0,0,0,0,0,0,0,0,0,0,0,0,0,0,0,0,0,0,0,0,0,0,0,0.151,0,0,0.151,0,0,0.151,0,0,0,0,0,0,0,0,0,0,0,0,0,0,0,0.282,0,0,0,0,0.162,0,0,0,0,0,0,0,0,0,0,0,0,0,0,0,0,0,0,0,0,0,0.151,0,0,0,0,0,0,0,0,0.271,0,0,0,0,0,0,0,0,0,0,0,0,0,0.286,0,0,0,0,0,0,0,0,0,0,0,0,0,0,0,0,0,0,0,0,0,0,0.254,0,0.379,0,0,0,0,0,0,0,0,0,0.286,0,0,0,0,0,0,0,0,0,0,0,0,0,0,0,0,0,0,0,0,0,0,0,0,0,0,0,0,0,0,0,0,0,0,0,0,0,0,0,0.204,0,0,0,0.246,0,0,0,0,0,0,0,0,0,0,0,0,0,0,0,0,0,0,0,0,0,0,0,0,0,0,0,0,0,0,0,0,0,0,0,0.206,0,0,0,0,0,0,0,0,0,0.266,0,0,0,0,0,0,0,0,0,0,0,0,0,0,0,0,0,0,0,0,0,0,0,0,0,0,0,0,0,0.192,0,0,0,0,0,0,0,0,0,0,0,0,0,0,0,0,0,0,0,0,0,0,0,0,0,0,0,0,0,0,0.179,0,0,0,0,0,0,0,0.238,0,0,0,0,0,0,0,0,0,0.332,0.27,0,0,0,0,0,0,0,0,0,0,0,0,0,0,0,0,0,0,0,0,0,0,0.167,0,0,0,0,0,0,0,0,0,0,0,0,0,0,0,0,0,0.164,0,0,0,0,0,0,0,0,0,0.243,0,0,0,0,0,0,0,0,0,0,0,0,0,0,0,0,0,0,0,0,0,0,0,0,0,0,0,0,0.308,0,0,0,0,0,0,0,0,0,0,0,0,0,0,0,0,0,0,0.294,0,0,0,0,0,0,0,0,0,0,0,0,0,0,0,0,0,0,0,0,0,0.27,0,0,0,0,0,0,0.197,0,0,0.182,0.215,0,0,0,0,0,0,0,0,0,0,0,0,0,0,0,0,0,0,0,0,0,0,0,0,0,0,0,0,0,0,0,0,0,0,0,0,0,0,0,0,0,0,0,0,0,0,0,0,0,0.256,0,0,0,0,0,0,0,0,0,0,0,0,0,0,0,0,0.37,0,0,0,0,0,0,0,0,0,0,0,0,0,0,0,0,0,0,0,0,0,0,0,0,0,0,0,0,0,0,0,0,0,0,0,0,0,0,0,0,0,0,0,0,0,0,0,0,0,0,0,0,0,0,0,0,0,0,0,0,0,0,0,0,0,0,0,0,0,0,0,0,0,0,0,0,0,0,0,0,0,0,0,0,0,0,0,0,0,0,0,0,0,0,0,0,0,0,0,0,0,0,0,0,0,0,0,0,0,0,0,0,0,0,0,0,0,0,0,0,0,0,0,0,0,0,0,0,0,0,0,0,0,0,0,0,0,0,0,0,0,0,0,0,0,0,0,0,0,0,0,0,0,0,0,0,0.344,0,0,0,0,0,0,0,0,0,0,0,0,0,0,0,0,0,0,0,0,0,0,0,0,0,0,0,0,0,0,0,0.276,0,0,0,0,0,0,0,0,0,0,0,0,0.183,0,0,0,0,0,0,0,0,0,0,0,0,0,0,0,0,0,0,0.216,0,0,0,0,0,0.173,0,0,0,0,0,0,0,0,0,0,0,0,0.261,0,0.216,0,0,0.205,0.201,0,0,0,0,0,0,0,0,0,0,0,0,0,0,0,0,0,0,0,0,0,0.182,0,0,0,0,0,0,0.165,0,0,0,0,0,0.165,0,0,0,0,0,0,0,0,0,0,0,0,0,0,0,0,0,0,0,0,0,0,0,0,0,0,0,0.174,0,0,0,0,0,0.208,0,0,0,0,0,0,0,0,0.193,0,0,0,0,0,0,0,0,0,0,0,0,0,0,0,0,0,0,0,0,0,0,0,0,0,0,0,0,0,0,0.208,0,0,0,0,0,0,0,0,0.381,0,0.244,0,0,0,0,0,0,0,0,0,0,0,0,0.662,0,0,0,0,0,0,0,0,0,0,0,0,0,0,0,0.252,0,0,0,0,0,0,0,0,0,0,0,0,0,0,0.492,0,0,0,0,0,0,0,0,0,0,0,0,0,0,0,0,0.161,0,0,0,0,0,0,0,0,0,0,0,0,0,0,0,0,0,0,0,0,0,0,0,0,0,0,0,0,0,0,0,0,0,0,0,0,0,0,0,0,0,0,0,0,0,0,0,0,0,0,0,0.305,0,0,0,0,0,0,0,0.211,0,0,0,0,0,0,0,0,0,0,0,0,0,0,0,0,0,0,0,0,0,0,0,0,0,0,0,0,0,0,0,0,0,0,0,0,0,0,0,0,0,0,0,0,0,0,0,0,0,0,0,0,0,0,0,0,0,0,0,0,0,0,0,0,0,0,0,0,0,0,0,0,0,0.205,0,0,0,0,0,0,0,0,0,0,0,0,0,0,0,0,0,0,0,0,0,0,0,0,0,0,0,0,0,0,0,0,0,0,0,0,0,0,0,0,0,0,0,0,0,0,0,0,0,0,0,0,0,0,0,0,0,0,0,0,0,0.22,0,0,0,0,0,0,0,0,0,0,0,0,0,0,0,0,0,0,0,0,0,0,0,0,0,0,0,0,0,0,0.428,0,0,0,0.267,0,0,0,0,0,0,0,0,0,0,0,0,0,0,0.185,0,0,0,0,0.165,0.264,0.196,0,0,0,0,0,0,0,0,0,0,0,0,0,0.67,0,0,0,0,0,0,0,0,0,0,0,0,0,0,0,0,0,0,0,0,0,0,0,0,0,0,0,0.27,0,0,0,0,0,0,0.666,0,0,0,0,0,0,0,0,0,0,0,0,0,0,0,0,0,0,0,0,0,0,0,0,0,0,0,0,0,0,0,0,0,0,0,0,0,0,0,0,0,0,0,0,0,0,0,0,0,0,0,0,0,0,0,0,0,0,0,0,0,0,0,0,0,0,0,0.276,0,0,0,0,0,0,0,0,0,0,0,0,0,0,0,0,0,0,0,0,0,0.21,0,0,0,0,0,0,0.432,0,0,0,0,0.269,0,0.282,0,0,0,0,0,0,0,0,0,0,0,0,0,0,0.198,0.178,0,0,0,0,0,0,0,0,0,0,0.445,0,0,0,0,0,0,0,0,0,0,0,0,0,0,0,0,0,0,0,0,0,0,0,0,0.238,0,0,0,0,0,0,0,0,0,0.22,0.173,0,0,0,0,0,0,0,0,0,0,0,0,0,0,0,0,0,0,0,0,0,0,0,0,0.245,0,0,0,0,0,0,0,0,0,0,0,0,0,0,0,0,0,0,0,0,0,0,0,0,0,0,0,0,0,0,0,0,0,0,0.172,0,0.29,0.193,0,0,0,0,0.297,0,0,0,0,0,0,0,0,0,0,0,0,0,0,0,0,0,0,0,0,0,0,0,0,0,0,0,0,0,0,0,0,0,0,0,0,0.226,0,0,0.166,0,0,0,0,0,0,0,0,0,0,0,0,0,0,0,0,0,0,0,0,0,0,0,0,0,0,0,0,0,0,0,0,0,0,0,0,0,0,0,0,0,0,0,0,0,0,0,0,0,0,0,0,0,0,0,0,0,0,0,0,0,0,0,0,0,0,0,0,0,0.275,0,0,0,0,0,0.169,0,0,0,0,0,0,0,0,0,0,0,0,0,0,0.28,0,0,0,0,0,0,0,0,0,0,0,0,0,0,0,0,0,0,0,0,0,0,0,0,0,0,0.161,0,0,0,0,0,0,0.336,0,0,0,0,0,0,0,0,0,0,0,0,0,0,0,0,0,0,0,0,0,0,0,0,0,0,0,0,0,0,0,0,0,0,0,0,0,0,0,0,0,0,0,0,0,0,0,0,0,0,0,0,0,0,0,0,0,0,0,0,0.188,0,0,0,0,0,0,0,0,0,0,0,0,0,0,0,0,0,0,0,0,0,0,0,0,0,0,0,0,0,0,0,0,0,0,0,0,0,0,0,0,0,0,0,0,0,0,0,0,0,0,0,0,0,0,0,0.211,0,0,0,0,0,0,0,0,0,0,0,0,0,0,0,0,0,0,0,0,0,0,0,0,0,0,0,0,0,0.308,0,0,0.288,0,0,0,0,0,0,0,0,0,0,0,0,0,0.186,0,0.197,0,0,0,0,0,0,0,0,0,0,0,0,0,0,0,0,0,0,0,0,0,0,0,0,0.377,0,0,0,0,0,0.191,0,0,0,0,0,0,0,0,0,0,0,0,0,0,0,0,0,0,0,0,0,0,0,0,0,0,0,0,0.264,0,0,0,0.256,0,0,0,0,0,0,0,0,0,0,0,0,0,0,0,0,0,0,0,0,0,0,0,0,0,0,0,0,0,0,0,0,0,0,0,0,0,0,0.617,0,0,0,0,0,0,0.318,0,0,0,0,0,0,0,0,0.458,0,0,0,0,0,0,0,0,0,0,0,0,0,0,0,0,0,0,0,0,0,0,0,0,0,0,0,0,0,0,0,0,0,0,0,0,0,0,0,0,0,0,0,0,0,0,0,0,0,0,0,0,0,0,0,0.277,0,0,0,0,0,0,0,0,0,0,0,0,0,0,0,0,0,0,0.192,0,0,0,0,0,0,0,0,0,1
854909,0,0,0,0,0,0,0,0,0,0,0,0,0,0,0,0,0.23,0,0.299,0,0,0,0,0,0.904,0.676,0.324,0,0,0,0,0,0,0,0.209,0,0,0,0,0,0,0,0,0,0,0,0,0,0,0,0,0,0,0,0,0,0,0,0,0,0,0,0,0,0,0,0,0,0,0,0.395,0,0,0,0,0,0,0,0.23,0,0,0,0,0,0,0,0,0,0.202,0,0,0,0,0,0.214,0,0,0,0,0,0,0,0,0,0,0.23,0,0,0,0.258,0,0,0,0,0,0,0,0,0.179,0,0,0,0,0,0.216,0,0,0,0,0,0,0,0,0,0,0,0,0,0.427,0,0,0,0.985,0,0,0,0,0,0,0,0.199,0,0.565,0,0,0,0,0,0,0,0,0,0,0,0.49,0,0,0,0,0,0,0,0,0,0,0,0,0,0,0,0,0,0,0,0,0,0,0,0,0,0,0,0,0,0,0,0.165,0,0,0,0,0,0,0,0,0,0,0,0,0.614,0,0,0.166,0,0,0,0,0,0,0,0,0,0.177,0,0,0,0,0,0,0,0,0,0,0,0,0,0.357,0.258,0,0,0,0,0,0,0,0,0,0,0,0,0,0,0.999,0.937,0,0,0,0,0,0,0,0,0,0,0,0,0,0,0,0,0.877,0,0,0,0,0,0,0,0,0,0,0,0,0,0,0,0,0,0,0,0,0,0,0,0,0,0,0,0,0,0,0,0,0,0,0,0.585,0,0,0,0,0,0,0,0,0,0,0,0.3,0,0,0,0,0,0,0,0,0,0,0,0,0,0,0,0,0,0,0,0,0,0,0,0,0,0,0,0,0,0,0,0.565,0,0,0,0,0,0.434,0,0,0.207,0,0,0,0,0,0,0,0,0,0,0.349,0.216,0,0,0,0,0,0,0.26,0,0,0,0,0,0,0,0,0,0,0,0,0,0,0,0,0,0,0,0,0,0,0,0,0,0.27,0.186,0,0,0,0,0,0,0,0,0,0,0,0,0,0,0,0,0,0,0,0,0,0,0.232,0,0,0,0,0,0,0,0,0,0,0.305,0,0,0,0,0,0,0,0,0,0,0,0,0,0,0,0,0,0,0,0,0,0,0.154,0,0,0,0,0,0,0,0,0,0,0,0,0,0,0,0,0,0,0,0,0,0,0,0,0,0,0,0,0,0,0,0,0,0,0,0,0,0,0,0,0,0,0,0,0,0,0,0,0,0,0,0,0,0.162,0,0,0.196,0,0,0,0,0,0,0,0,0,0.213,0,0,0,0,0,0,0.67,0,0,0,0.2,0,0,0.367,0,0,0,0,0,0,0,0,0,0,0,0,0,0,0,0,0,0,0,0,0,0,0,0,0,0,0,0,0,0.39,0,0,0,0,0,0,0,0,0,0,0,0.265,0,0,0,0,0,0,0,0.355,0,0,0,0.54,0,0,0,0,0,0.406,0,0,0.201,0,0,0,0,0,0,0,0,0.157,0,0,0,0,0,0,0,0,0,0,0.154,0,0,0,0,0,0,0,0.214,0,0,0.959,0,0,0,0,0,0,0,0,0,0,0,0,0,0,0,0,0.202,0,0,0,0,0,0,0,0,0,0,0,0,0,0,0,0,0,0,0,0,0,0,0,0,0,0,0,0,0,0,0,0,0,0,0,0,0,0,0,0,0.188,0,0,0,0,0,0,0,0,0,0,0,0,0,0,0,0,0,0,0,0.452,0,0,0,0,0,0,0,0,0,0,0,0,0,0,0,0,0,0,0,0,0,0,0,0,0,0,0,0,0,0,0,0,0,0,0,0,0,0,0,0,0,0,0,0,0,0,0,0,0,0,0,0.533,0,0,0,0,0.152,0,0,0,0,0,0,0.684,0,0,0.356,0,0,0,0,0.246,0,0,0.458,0,0,0,0,0,0,0,0,0,0,0,0,0,0,0,0,0.307,0,0,0.899,0,0,0,0,0,0,0,0,0,0,0,0,0,0,0,0,0,0,0,0,0,0,0,0,0,0.16,0,0.68,0,0,0,0,0,0,0,0.16,0,0,0,0,0,0,0,0,0.249,0,0,0,0,0,0,0.246,0,0,0.491,0,0,0,0.321,0,0,0,0,0,0,0,0,0,0,0,0,0,0,0,0,0,0,0,0,0,0,0,0,0,0,0,0,0,0,0,0,0,0,0,0,0,0,0.228,0,0,0.151,0,0,0,0,0,0,0,0,0,0,0,0.521,0,0,0,0,0,0,0,0,0,0.198,0,0,0,0,0,0,0.208,0,0,0,0,0,0,0,0,0.159,0,0.189,0,0,0,0,0,0,0,0,0,0,0,0,0,0.318,0,0,0,0.657,0,0,0,0,0,0,0,0,0,0,0,0,0,0,0,0,0,0,0.901,0,0,0.15,0,0,0,0,0,0,0.996,0,0,0,0,0,0,0,0,0,0,0,0,0.945,0,0.826,0,0,0,0,0,0,0,0,0,0,0,0,0,0,0,0,0,0,0,0,0,0,0,0,0,0,0,0,0.15,0,0,0,0,0,0,0,0,0,0,0,0,0.315,0,0,0,0,0,0,0,0,0,0,0,0,0,0,0,0,0,0,0,0,0,0,0,0,0,0,0,0,0,0,0,0,0,0,0,0,0,0,0.252,0,0,0,0,0,0,0.19,0,0,0.368,0,0,0,0,0,0,0,0,0,0,0,0,0,0,0,0,0,0,0,0,0,0,0,0,0,0,0,0,0,0,0,0,0,0,0,0,0.378,0.621,0,0,0,0,0,0,0,0,0,0,0,0,0,0,0,0,0,0,0,0,0,0,0,0,0,0,0,0,0,0,0,0,0,0,0,0,0,0,0,0,0,0,0,0,0,0,0,0,0,0,0,0,0,0,0,0,0,0,0,0.192,0,0,0,0,0,0,0,0,0,0,0,0,0,0,0,0,0,0,0,0,0,0,0.231,0,0,0,0,0,0,0,0,0.169,0,0,0,0,0,0,0,0.194,0,0,0,0,0,0,0,0,0,0,0,0,0,0,0,0,0,0,0,0,0,0,0,0,0,0,0,0,0,0,0,0,0,0,0,0,0,0,0,0,0,0,0,0.902,0,0,0,0,0,0,0,0,0,0,0,0,0,0,0,0.335,0,0.177,0,0,0,0,0,0,0,0,0,0,0,0,0,0,0,0,0,0,0,0,0,0,0,0,0,0,0,0,0,0.537,0.374,0,0,0,0,0,0,0,0,0,0,0,0,0,0,0,0,0,0,0,0,0,0,0,0,0,0,0,0,0,0,0,0,0,0,0,0,0,0,0,0,0,0,0,0,0,0,0,0,0,0,0,0,0,0,0,0,0,0,0,0,0,0,0,0,0,0,0,0,0,0,0,0,0,0,0,0.212,0.19,0,0,0,0,0,0,0,0,0,0,0,0,0,0,0,0,0,0,0,0,0,0,0,0,0,0,0,0,0,0,0,0,0,0,0,0,0,0,0,0,0,0,0,0,0,0,0,0,0,0,0,0,0,0,0,0.187,0,0,0,0,0,0,0,0,0,0,0,0,0,0,0,0,0,0,0,0,0,0,0,0,0,0,0,0,0,0,0,0,0.57,0,0,0,0,0,0,0,0,0,0,0,0,0,0,0,0,0,0,0,0,0,0,0,0,0,0,0,0,0,0,0,0,0,0,0.18,0,0,0,0,0,0,0,0,0,0,0,0,0,0,0,0,0,0,0.675,0,0,0,0,0,0,0,0.484,0,0,0,0,0,0,0.609,0,0.39,0,0,0,0,0,0,0,0,0,0,0,0,0,0,0,0,0,0,0,0,0,0.258,0,0,0,0,0,0,0,0,0,0,0,0,0,0,0,0,0,0,0,0,0,0,0,0,0,0,0,0,0,0,0,0,0,0,0,0.375,0,0,0,0,0,0,0,0,0,0,0,0,0,0,0,0,0,0,0,0,0,0,0,0,0,0,0,0,0,0,0,0,0,0,0,0,0,0,0,0,0,0.406,0,0,0,0,0,0,0,0,0,0,0,0,0,0,0,0,0.236,0,0,0,0,0,0,0,0,0,0,0,0,0,0,0,0,0,0,0,0,0,0,0,0,0,0,0,0,0,0,0.285,0,0,0,0,0,0,0,0,0,0,0,0,0,0,0,0,0,0,0,0,0,0,0,0,0,0,0,0,0,0,0,0,0,0,0,0,0,0,0,0,0,0,0,0,0,0,0,0,0,0,0,0,0,0,0.244,0,0,0,0,0,0,0,0,0,0,0,0,0,0,0,0,0,0,0.414,0,0,0,0,0,0,0,0,0,0.151,0,0,0,0,0,0,0,0,0,0,0,0,0,0,0,0,0,0,0,0,0,0,0,0,0,0,0,0,0,0,0,0,0,0,0,0,0,0,0,0,0,0,0,0,0,0,0.327,0,0,0,0,0,0,0,0,0,0,0.429,0,0,0,0,0,0,0,0,0,0,0,0,0,0,0,0,0,0,0,0,0,0.378,0,0,0,0,0,0,0,0,0,0,0,0,0,0,0.219,0,0,0,0,0,0,0,0,0,0,0,0,0,0,0,0,0,0,0,0,0.195,0,0,0,0,0,0,0,0,0,0,0,0,0,0,0,0,0,0,0,0,0.162,0,0,0,0,0.273,0,0,0,0,0,0,0.211,0,0,0,0,0,0,0,0,0,0,0,0,0,0,0,0,0,0,0,0,0,0,0,0,0,0,0,0,0.311,0,0,0,0,0,0,0,0,0,0.205,0,0,0,0,0,0,0,0,0,0,0,0,0,0,0,0,0.307,0,0,0,0,0,0.18,0,0,0,0,0,0,0,0,0,0,0,0,0,0,0,0,0.286,0,0,0,0,0,0,0,0,0,0,0,0,0,0,0,0,0,0,0,0,0,0,0,0,0,0,0,0,0,0,0,0,0,0,0,0,0,0,0,0,0,0,0,0,0,0,0,0,0,0,0,0,0,0,0.234,0,0,0,0,0,0,0,0,0,0,0,0,0,0,0,0,0,0,0,0,0,0,0,0.214,0,0,0,0,0,0,0,0.625,0,0.27,0,0,0,0,0,0,0,0,0,0.17,0,0.777,0.304,0,0.203,0,0,0,0,0,0.196,0,0,0.65,0,0,0,0,0,0.261,0,0,0,0,0,0.337,0.307,0,0,0,0,0,0.394,0,0.606,0,0.277,0,0,0,0.178,0.423,0,0,0,0,0,0,0,0,0,0,0,0,0,0,0,0.25,0,0,0.178,0,0.912,0,0.487,0,0,0,0.33,0,0,0,0,0,0,0,0.504,0.928,0,0.711,0,0,0,0,0,0,0.343,0,0,0.782,0,0,0,0,0.297,0.684,0,0.831,0,0.223,0,0,0,0,0,0,0,0,0,0,0,0,0,0,0,0,0,0,0,0,0,0,0,0,0,0,0,0,0,0,0,0,0,0,0,0,0,0,0,0.341,0,0,0,0,0,0,0,0,0,0,0,0,0,0,0,0,0.193,0,0,0,0,0,0,0,0,0,0,0,0,0,0,0,0,0,0,0,0,0,0,0,0,0,0,0,0,0,0,0,0,0,0,0.185,0,0,0,0,0,0,0,0,0,0,0,0,0,0,0,0,0,0,0,0,0,0,0,0,0,0,0,0,0,0,0,0,0,0,0,0,0,0,0,0,0,0,0,0,0,0,0,0,0,0,0,0,0,0,0,0,0,0,0,0,0,0,0,0.198,0,0,0,0,0,0,0,0,0,0,0,0,0,0,0,0,0,0,0,0,0,0,0.171,0,0,0,0,0,0,0,0,0,0,0,0,0,0,0,0,0,0,0,0,0,0,0,0,0,0,0,0,0,0,0,0,0,0,0,0.457,0,0,0,0,0,0,0,0,0,0,0,0,0,0,0,0,0,0,0.262,0,0,0,0,0,0,0,0,0,0,0,0,0,0,0,0,0,0,0,0,0,0,0,0,0,0,0,0,0,0,0,0,0,0,0,0,0,0,0,0,0,0,0,0,0,0,0,0,0,0,0,0,0,0,0,0,0,0,0,0,0,0,0,0,0,0,0,0,0,0,0,0,0,0,0,0,0,0,0,0,0,0,0.216,0,0,0.276,0,0,0,0,0,0,0,0,0,0,0,0,0,0,0,0,0,0,0,0,0,0.36,0,0,0,0.745,0,0,0,0,0,0,0,0,0,0,0.311,0,0,0,0,0,0,0,0,0,0,0,0,0,0,0,0,0.193,0,0,0,0,0,0,0,0,0,0,0,0,0,0,0,0,0,0,0,0,0.276,0,0,0,0,0,0,0,0,0,0,0,0,0,0,0,0,0,0,0,0,0,0,0,0,0,0,0,0,0,0,0,0,0,0,0,0,0,0,0,0,0,0,0,0,0,0,0,0,0,0,0,0,0,0,0,0,0,0,0,0,0,0.195,0,0,0,0,0,0,0,0,0,0,0,0,0,0,0,0,0,0,0,0,0,0,0,0,0,0,0,0,0,0,0,0,0,0,0,0,0,0,0,0,0,0,0,0,0,0,0,0,0,0,0,0,0,0,0,0,0,0.15,0,0,0,0,0,0,0,0.811,0,0,0,0,0,0,0,0,0,0,0,0,0,0,0,0,0,0,0,0,0,0,0,0,0,0,0,0,0,0,0,0,0,0,0,0,0,0,0,0,0,0,0,0,0,0,0,0,0.187,0,0,0,0,0,0,0.497,0,0,0,0,0,0,0,0,0,0,0,0,0,0,0,0,0,0,0,0,0,0,0,0,0,0,0,0,0,0,0,0,0.349,0,0,0,0,0,0,0,0,0,0,0,0,0,0,0,0,0,0,0,0,0,0,0,0,0,0,0,0,0,0,0,0,0,0,0,0,0,0,0,0,0,0,0,0,0,0,0,0,0.242,0,0,0,0,0,0,0,0,0,0,0,0,0,0,0,0,0,0,0,0,0,0,0,0,0,0,0,0,0,0,0,0,0,0,0,0,0,0,0,0,0,0,0,0,0,0,0,0,0,0,0,0,0,0,0,0,0.399,0,0,0,0,0,0,0,0,0,0,0,0,0,0,0,0.508,0,0,0,0.22,0,0,0,0,0,0,0,0,0,0,0,0,0,0.332,0,0,0,0,0,0,0,0,0,0,0,0,0,0,0,0,0,0,0,0,0,0,0,0,0,0,0,0,0,0,0,0,0,0,0,0,0,0,0,0.202,0,0,0,0,0,0.42,0,0,0,0,0,0,0,0,0,0,0,0,0,0,0,0,0,0,0,0,0,0,0,0,0,0,0,0,0,0,0,0.238,0,0,0,0.192,0,0.766,0,0,0,0,0,0,0,0.475,0,0,0,0,0,0,0,0,0,0,0,0.299,0.192,0,0,0.469,0,0.673,0,0,0,0,0,0,0,0,0,0,0.181,0,0,0,0,0,0,0,0,0,0,0,0,0.274,0,0,0,0,0,0,0,0,0,0,0,0,0,0,0,0,0,0,0,0,0,0,0,0.959,0,0,0,0,0,0,0,0,0,0,0,0,0,0,0,0,0,0,0,0,0,0.735,0,0,0,0,0,0,0,0,0.738,0,0.21,0,0,0,0,0,0.335,0,0,0,0,0,0,0,0,0,0,0,0,0,0,0,0,0,0,0,0,0,0,0.198,0,0,0,0,0,0,0,0,0.311,0,0,0,0,0.968,0,0,0,0,0,0,0,0,0,0,0,0,0,0,0,0,0,0,0,0,0,0,0,0,0,0,0,0,0,0.356,0,0,0,0,0.173,0.245,0,0,0,0.177,0,0,0,0,0,0,0,0,0,0,0,0,0,0,0,0,0,0,0,0,0,0,0,0,0,0,0,0,0,0,0,0,0,0,0.482,0,0,0,0,0,0,0,0,0,0,0,0,0.334,0.526,0,0,0,0,0,0,0,0.386,0.152,0,0,0,0.182,0,0,0,0,0.237,0,0.204,0,0,0.309,0,0,0,0,0,0,0.333,0,0.276,0.19,0,0,0,0,0,0,0.682,0.159,0,0.194,0,0,0,0,0,0.396,0.622,0.184,0,0,0,0,0,0.315,0,0,0,0,0.221,0,0,0,0,0,0,0.225,0,0,0,0,0,0,0,0,0,0,0,0,0,0,0,0.167,0,0.224,0,0,0,0,0,0,0,0,0,0,0,0,0,0,0,0,0,0,0.368,0.331,0,0,0.22,0.187,0,0,0,0,0,0,0,0,0,0,0,0,0,0,0,0,0,0,0,0,0,0,0,0,0.432,0,0,0,0,0,0,0,0,0,0,0,0,0,0,0,0,0,0,0,0,0.338,0,0,0,0,0,0,0,0,0,0,0.386,0,0,0,0,0,0,0.173,0,0,0,0,0,0,0,0,0,0,0,0,0,0,0,0,0,0,0,0,0,0,0,0,0,0,0,0.29,0,0,0,0,0,0,0,0,0,0,0,0,0,0,0,0,0,0,0,0,0,0,0,0,0,0,0,0,0,0,0,0,0,0,0,0,0,0,0,0,0,0.834,0,0,0,0,0,0,0,0,0,0,0,0,0,0,0,0,0,0,0,0,0,0,0,0,0,0.171,0,0,0,0,0,0,0,0,0,0,0,0,0,0,0,0.216,0,0,0,0,0,0,0,0,0,0,0,0,0,0,0,0,0,0,0,0,0,0,0,0,0,0,0.636,0,0,0,0,0,0,0,0,0,0,0,0,0,0,0,0,0,0,0,0,0,0,0.236,0,0,0,0,0,0,0,0,0,0,0,0,0,0,0,0,0,0,0,0,0,0,0,0,0,0,0,0,0,0,0,0,0,0,0,0,0,0,0,0,0,0,0,0,0,0,0,0,0,0.153,0,0.415,0,0,0,0,0,0,0,0,0,0,0,0,0,0,0,0,0,0,0,0.206,0,0,0,0,0,0,0,0,0,0,0,0,0,0,0,0,0,0,0,0,0,0,0,0,0,0,0,0,0,0,0,0,0,0,0,0,0,0,0,0,0,0,0,0,0,0,0,0,0,0,0,0,0,0.171,0,0,0,0,0,0,0,0,0,0,0,0,0,0,0,0,0,0,0,0,0,0,0,0,0,0,0,0,0,0,0,0,0,0,0,0,0,0,0.351,0,0,0,0,0,0,0,0,0,0,0,0,0,0,0,0,0,0,0,0,0,0,0,0,0,0.171,0,0,0,0,0,0,0,0,0,0,0,0,0,0,0,0,0,0,0,0,0,0.17,0,0.481,0,0,0,0,0,0,0,0,0,0,0,0,0.246,0,0,0,0,0,0,0,0,0,0,0,0,0,0,0.639,0,0,0,0,0,0,0,0,0,0,0,0,0,0,0,0,0,0,0,0.387,0,0,0,0,0,0,0,0,0.211,0,0,0,0,0,0,0,0,0,0,0,0,0.26,0,0,0,0,0,0,0,0,0,0,0,0,0,0,0,0,0,0,0,0,0,0,0,0,0,0,0,0,0,0,0,0,0,0,0,0,0,0,0,0,0,0,0,0,0,0,0,0,0,0,0,0,0,0,0,0,0,0,0,0,0,0,0.717,0,0,0,0,0,0,0,0,0,0,0,0,0,0.252,0,0,0,0,0,0,0,0,0,0,0,0,0,0,0,0,0,0,0,0.16,0,0.175,0,0,0,0,0,0,0,0,0,0,0,0,0,0,0,0,0.226,0,0,0,0,0,0,0,0,0,0,0,0,0,0,0,0,0,0,0,0,0,0,0,0.187,0,0,0,0,0,0,0.749,0,0,0.169,0,0,0,0,0,0,0,0,0.172,0,0,0,0,0,0,0,0,0,0,0,0,0,0,0,0,0,0.204,0,0.279,0,0,0,0,0,0,0,0,0,0,0.183,0,0,0,0,0,0,0,0,0,0,0,0,0,0,0,0,0,0,0,0,0,0,0,0,0,0,0,0,0,0,0,0,0,0,0,0,0,0,0.191,0,0,0,0,0,0.275,0,0,0,0,0.249,0,0,0,0,0,0,0,0,0,0,0.378,0,0,0,0,0,0,0,0.335,0,0,0,0,0,0,0,0,0,0,0,0,0,0,0,0,0,0,0,0,0,0,0,0,0,0,0,0,0,0,0,0,0,0,0,0,0,0,0,0,0,0,0,0,0,0,0,0,0.303,0,0,0,0,0,0,0,0.271,0,0,0,0,0,0,0,0,0,0,0,0,0,0,0,0,0,0,0,0,0,0,0,0,0,0,0,0.348,0,0
853271,0,0.178,0,0,0,0,0.162,0.677,0.34,0.565,0,0,0,0,0,0,0,0,0.223,0.54,0,0,0.165,0,0.192,0,0.335,0,0.442,0,0,0,0.319,0,0,0,0,0.22,0,0,0,0.169,0,0,0.255,0.282,0,0.175,0,0,0.889,0,0,0,0,0,0,0,0,0,0.185,0.251,0.572,0,0.501,0,0,0.279,0,0,0.193,0,0,0,0,0,0,0,0,0,0.299,0.727,0,0,0,0.211,0,0,0.285,0,0,0,0,0,0.178,0,0,0.185,0.322,0,0,0,0,0,0,0,0.185,0.236,0,0,0,0,0.556,0,0,0,0,0,0.41,0,0,0,0,0,0,0,0,0,0,0,0.212,0,0,0,0,0,0.369,0,0.353,0,0.34,0,0,0,0,0,0.81,0,0,0,0.164,0,0,0,0,0.499,0.963,0,0,0.254,0,0,0,0.181,0,0.284,0,0.225,0,0.55,0,0,0,0,0,0,0,0,0,0.188,0,0,0,0.178,0,0,0,0,0.182,0.233,0.245,0.318,0,0,0,0.705,0,0,0,0,0.385,0.997,0.459,0,0,0,0,0,0,0,0,0.854,0,0,0,0,0,0.469,0,0,0,0,0,0,0,0,0.169,0.189,0,0,0,0,0,0,0,0.958,0.205,0,0,0,0,0,0,0,0,0,0,0.877,0,0,0,0.236,0,0,0,0,0.74,0,0,0.306,0,0,0,0.915,0,0,0,0,0,0.463,0,0,0,0.975,0.472,0,0,0,0,0,0,0.45,0,0,0,0.396,0,0.254,0.974,0,0,0,0,0.209,0.198,0,0.173,0.749,0,0,0,0.215,0,0,0,0,0,0,0,0.161,0,0.281,0,0,0,0,0,0,0,0,0.91,0,0,0.227,0,0,0,0.901,0,0,0.374,0.999,0,0.255,0,0.254,0,0,0.899,0,0,0,0,0,0,0,0.958,0,0,0,0,0,0,0.452,0,0,0,0,0,0,0,0,0,0,0,0.435,0,0,0,0,0.394,0,0,0,0,0,0,0,0,0,0,0,0,0.225,0,0,0,0,0,0.367,0.873,0,0,0.31,0,0,0,0.449,0,0,0,0,0.327,0.171,0.178,0,0,0,0,0,0.226,0,0,0,0,0,0,0,0,0.195,0.206,0,0,0.175,0,0,0,0,0,0.964,0.427,0,0,0,0,0,0,0.979,0.174,0,0,0.158,0,0,0,0,0,0.157,0,0,0,0,0,0.93,0,0,0,0,0,0,0,0,0,0,0.509,0.171,0,0,0,0,0,0,0,0.208,0.18,0,0,0,0,0,0,0,0,0,0,0.165,0,0,0,0,0,0,0,0,0,0,0,0.194,0.168,0,0,0,0.548,0.867,0,0.207,0,0.915,0,0,0,0,0,0.173,0,0,0.175,0,0,0,0.204,0.349,0,0,0,0,0,0.32,0.461,0,0,0.628,0,0,0,0,0,0,0,0,0,0,0,0,0,0,0,0,0,0,0.24,0,0,0.903,0,0,0,0.175,0,0,0,0,0,0,0,0,0,0,0,0,0,0.895,0,0,0,0,0,0,0,0,0.501,0,0,0,0.512,0,0,0.277,0.164,0,0,0,0,0,0,0,0,0,0,0,0.422,0,0,0.193,0,0,0,0,0,0,0,0.202,0,0.165,0.211,0,0.287,0,0,0,0.167,0,0.169,0,0,0,0,0.219,0.168,0,0.242,0,0,0.371,0,0,0.15,0,0.238,0,0,0,0,0,0,0,0,0,0,0.643,0,0,0.179,0.267,0.2,0,0,0.927,0,0,0,0,0,0,0,0,0,0,0,0,0,0.253,0,0.503,0,0,0,0,0.2,0,0,0,0,0,0,0.252,0,0,0,0,0.164,0,0,0,0,0,0,0,0,0,0,0,0,0,0.153,0,0,0,0,0,0,0.268,0,0,0.255,0,0,0,0.229,0,0,0,0.253,0,0,0,0,0.268,0.817,0,0,0,0,0,0,0,0,0,0,0,0.16,0,0,0,0,0.988,0,0,0,0,0,0,0,0.999,0,0,0,0,0,0.2,0,0,0.155,0,0,0,0,0,0,0,0,0,0.761,0.173,0,0,0,0,0,0.158,0,0.612,0,0,0,0,0,0,0.983,0,0,0,0,0,0,0,0.546,0,0,0,0,0,0,0,0,0,0,0,0.25,0,0,0,0,0,0,0,0,0.219,0.158,0,0,0,0,0,0,0,0,0,0,0.642,0,0.236,0,0,0,0,0,0,0,0,0,0,0,0,0,0.432,0,0.987,0,0,0,0,0.157,0.189,0.206,0.199,0,0,0,0.323,0,0,0,0.273,0,0,0,0,0,0,0,0,0,0,0,0.929,0,0,0,0,0,0,0,0,0,0.182,0,0.394,0,0,0,0.255,0,0,0,0,0,0,0.15,0.197,0,0,0,0.994,0,0,0.173,0.463,0,0,0,0.154,0,0,0,0.227,0,0.215,0.986,0,0.151,0,0,0,0,0,0,0,0,0,0,0,0,0.232,0,0.185,0,0,0,0,0.212,0,0.315,0,0,0,0,0.336,0,0,0,0.169,0,0,0,0,0.267,0,0.637,0,0,0,0,0,0,0,0,0,0.196,0,0,0.284,0,0,0,0,0,0,0,0,0,0,0,0,0,0,0.283,0,0,0,0,0,0,0,0,0,0,0,0,0,0,0,0,0,0,0,0,0,0,0,0,0,0.18,0,0,0,0,0,0,0,0,0,0.174,0.283,0,0.198,0.192,0.519,0,0.933,0.552,0,0,0.261,0.202,0,0,0.985,0.315,0.197,0,0,0,0,0,0.901,0,0,0,0.156,0.855,0,0,0.689,0.345,0,0,0,0,0,0,0,0,0,0,0,0,0,0.89,0,0,0.311,0,0,0,0,0,0,0,0,0,0,0.982,0.353,0.194,0,0,0.974,0,0.255,0.344,0.943,0,0,0,0.35,0,0.18,0.325,0,0,0,0.377,0,0.362,0.275,0,0,0,0,0,0.255,0,0,0,0,0,0,0,0,0.28,0,0,0.157,0.943,0,0,0,0,0,0,0,0,0,0,0,0,0,0,0.202,0,0,0,0,0,0.324,0.197,0,0,0.167,0.933,0.686,0,0.35,0,0,0,0,0,0.199,0.659,0,0,0.292,0.168,0.636,0,0,0,0,0.162,0.68,0,0,0,0,0.228,0.686,0,0.286,0,0.395,0.817,0.685,0,0,0,0,0.876,0,0,0,0,0,0,0.215,0,0.352,0.492,0,0.843,0.996,0,0.344,0,0.23,0.887,0,0.591,0,0.68,0.255,0,0,0,0.22,0.514,0.873,0,0,0,0.284,0,0,0,0,0.548,0.892,0,0.958,0,0.465,0,0,0.158,0.255,0.193,0.191,0.513,0.903,0.198,0,0,0,0,0.346,0,0.783,0,0.181,0.255,0.861,0,0,0,0,0.265,0,0.915,0,0.387,0,0.283,0.223,0.255,0,0.222,0,0.678,0,0,0,0.225,0.484,0,0.74,0,0,0,0.667,0,0,0,0.914,0.445,0.973,0,0.547,0.273,0,0,0.257,0,0.914,0,0,0,0,0.238,0.255,0,0,0,0,0,0.257,0.73,0,0.459,0.902,0.877,0.429,0.573,0.296,0,0,0,0.43,0,0,0.267,0,0.186,0.255,0,0.602,0.156,0,0,0.255,0,0,0.451,0.174,0.902,0,0.339,0.613,0.255,0.255,0,0,0,0.255,0.382,0.86,0.26,0,0,0.255,0,0,0,0.192,0.995,0.632,0.744,0,0.956,0,0,0,0.517,0.244,0.751,0.326,0,0,0,0,0.558,0,0.282,0,0,0.297,0,0.301,0,0,0.225,0,0,0.369,0.233,0,0,0,0.719,0.38,0,0.325,0,0,0,0.158,0,0,0.502,0.155,0.302,0,0,0,0.307,0.962,0.354,0,0,0,0,0,0,0,0.631,0,0,0.609,0.644,0.216,0,0.251,0,0,0.491,0,0,0.153,0.731,0.689,0.414,0.847,0.88,0.319,0,0.154,0.381,0.198,0.206,0,0,0.895,0.197,0.207,0,0,0.197,0,0,0.786,0.255,0.319,0.783,0,0.229,0,0.436,0,0,0.175,0,0,0,0,0,0,0,0.694,0,0,0.739,0,0,0.217,0.227,0.274,0.858,0,0,0.251,0,0,0,0,0.816,0,0.176,0.216,0,0,0,0,0.92,0.575,0.608,0,0,0.976,0,0,0.977,0,0,0.517,0.332,0.385,0,0,0,0,0,0,0.752,0,0.243,0,0.255,0,0.288,0.155,0.183,0.255,0.183,0.277,0.845,0.957,0.333,0.205,0.838,0.397,0.326,0,0,0.94,0,0,0,0.218,0,0,0,0,0,0,0.219,0,0,0,0.209,0,0.942,0.209,0,0.436,0,0,0,0,0,0,0,0,0,0,0,0,0,0,0,0,0,0,0,0,0.363,0,0,0,0,0,0,0,0,0,0,0.22,0,0,0,0,0,0,0,0,0,0,0,0,0,0,0,0,0,0,0,0,0.226,0,0,0,0,0,0,0,0,0,0,0,0,0,0,0,0,0,0.224,0,0,0,0,0,0,0,0,0,0,0,0,0,0,0,0,0,0,0,0.174,0,0,0.218,0,0,0.182,0,0,0.179,0,0,0,0,0,0,0,0,0,0,0,0,0,0,0,0.152,0,0.217,0,0,0,0,0,0,0,0,0,0,0.23,0,0,0,0,0,0,0,0,0,0,0,0,0,0,0,0,0,0.188,0,0,0,0,0,0.202,0.358,0,0.165,0,0,0,0,0,0,0,0,0,0,0,0,0,0,0,0.537,0,0,0,0,0,0,0,0,0,0.209,0.387,0,0,0.628,0,0,0,0,0,0,0,0.35,0,0,0,0,0,0,0,0,0,0,0,0,0,0,0,0.296,0,0,0.201,0,0,0,0.178,0,0,0,0,0,0,0,0,0,0,0,0,0,0,0,0.178,0,0,0,0,0,0,0,0,0,0,0,0,0,0,0,0,0,0,0,0,0.298,0,0,0,0,0,0,0,0,0,0,0,0.917,0,0.29,0,0,0,0.683,0,0,0.313,0.324,0,0,0,0,0.156,0,0,0.207,0,0,0,0,0,0,0,0.216,0.19,0,0,0,0,0,0.186,0,0.154,0.615,0,0,0,0,0,0,0,0,0.167,0,0.17,0,0,0,0,0,0,0,0,0,0,0,0.22,0,0,0,0,0,0,0,0,0,0,0,0,0,0,0,0,0,0,0,0,0,0,0,0,0,0,0,0,0,0,0.239,0,0.182,0,0.646,0,0,0,0,0,0,0,0,0,0,0,0,0,0,0,0,0,0,0,0,0,0,0,0,0,0,0,0,0.275,0,0,0,0,0,0,0,0,0,0,0,0,0,0,0,0,0,0,0,0,0,0,0,0,0,0,0,0,0,0,0.315,0,0,0,0,0,0,0,0,0,0,0,0.288,0,0,0,0.191,0,0,0,0,0.268,0,0,0,0,0,0,0,0,0,0,0,0,0,0,0,0,0,0,0,0,0,0,0,0,0,0,0.618,0,0,0,0,0.302,0,0,0,0,0,0,0,0,0,0,0,0,0.228,0,0.91,0,0,0,0,0,0.247,0.315,0,0,0,0,0,0,0,0,0,0,0,0,0,0,0,0,0,0,0.672,0,0,0,0,0,0,0,0,0,0,0,0,0.249,0,0,0.203,0,0,0.318,0,0.584,0,0.294,0.204,0.376,0,0.227,0.284,0,0.199,0,0,0.219,0.462,0.273,0,0,0,0,0.193,0,0,0,0,0,0,0,0,0,0,0,0,0.291,0,0,0,0,0,0,0.284,0,0,0,0,0,0,0,0,0,0,0,0,0,0,0,0,0,0,0,0,0,0,0,0,0,0,0,0,0,0,0,0,0,0,0,0,0,0,0,0,0,0.293,0,0,0,0,0,0,0,0,0,0,0,0,0,0,0,0,0,0,0,0,0,0,0,0,0,0,0,0,0,0,0,0,0,0.158,0,0,0,0,0,0,0,0,0,0,0,0,0,0,0,0.197,0,0,0,0,0,0,0.15,0,0,0,0,0,0,0,0,0,0,0,0,0,0,0,0,0,0.256,0,0,0,0,0,0,0,0,0,0,0.151,0,0,0,0,0,0,0,0,0,0,0,0,0,0,0,0,0,0,0,0,0,0,0,0,0,0,0,0,0,0,0.178,0,0,0,0,0,0,0,0,0,0,0,0.336,0,0,0,0,0,0,0.221,0,0,0,0.205,0,0,0,0,0,0,0,0.189,0,0,0,0,0,0,0,0,0,0,0,0,0,0,0.352,0,0,0,0,0,0,0,0,0,0,0,0,0,0,0,0,0,0,0,0,0,0,0,0,0,0,0,0,0,0,0,0.309,0.19,0,0,0,0,0,0,0,0,0.302,0,0,0,0,0,0,0,0,0,0,0,0,0,0,0.21,0,0.159,0,0,0,0,0,0,0,0,0.296,0.182,0,0,0,0,0,0,0,0,0,0,0,0,0,0,0,0,0,0,0,0,0,0,0,0,0,0,0,0,0,0,0,0,0,0,0,0,0,0,0,0,0,0,0,0,0.182,0,0,0,0,0,0,0.183,0,0,0,0,0,0,0,0,0,0,0,0,0,0,0,0,0,0,0,0,0,0,0,0,0,0,0,0,0,0,0,0,0,0.284,0,0,0,0,0,0,0,0,0,0,0,0,0,0,0,0,0,0,0,0,0,0,0,0,0,0,0,0,0,0,0,0,0,0,0,0,0,0,0.16,0,0,0,0,0,0,0,0,0,0,0,0,0,0,0,0,0,0,0,0,0,0,0,0,0,0,0,0,0,0,0.21,0,0,0,0,0,0,0.284,0,0,0,0,0,0,0.415,0,0,0,0,0,0,0.814,0,0,0,0,0,0.188,0,0,0,0,0,0.175,0,0,0,0.201,0,0,0,0,0,0,0,0,0.332,0,0,0,0.173,0,0.449,0,0.182,0,0,0,0.665,0,0,0,0,0,0,0.477,0.173,0,0,0.233,0,0,0,0,0,0,0,0,0.329,0,0.18,0.288,0,0,0,0,0,0,0.158,0,0,0.584,0,0.236,0,0,0.9,0,0,0,0,0,0,0,0,0.323,0.166,0,0,0,0,0,0.173,0,0,0,0.158,0.316,0,0,0,0,0,0.68,0,0.167,0,0,0.263,0.647,0,0,0,0,0,0,0.221,0,0,0,0,0,0,0,0,0,0,0,0,0,0,0,0,0,0.181,0,0,0,0.217,0,0,0,0,0,0,0,0,0,0,0,0,0,0,0,0,0,0,0,0,0,0,0,0,0,0,0.694,0,0,0,0,0,0,0,0,0,0,0,0,0,0.264,0,0,0,0,0,0,0,0,0,0.161,0,0,0,0,0,0,0,0,0,0,0,0,0,0,0,0,0,0,0,0,0,0,0,0,0,0,0,0,0,0,0,0,0.183,0,0,0,0,0,0,0.173,0.289,0,0,0,0,0,0,0,0,0,0,0,0,0.163,0,0,0,0,0,0,0,0,0,0,0,0,0,0,0.173,0,0,0,0,0.16,0,0,0,0,0,0,0,0,0,0.243,0,0,0,0,0,0,0,0,0,0,0,0,0,0,0,0,0,0,0,0,0,0,0.493,0,0,0,0,0,0,0,0,0,0,0,0,0,0,0,0,0,0,0,0,0,0,0,0,0,0,0.492,0,0,0,0,0,0,0,0,0,0,0,0,0,0,0,0,0,0,0,0,0,0,0,0,0,0,0,0,0,0,0,0,0,0,0,0,0,0,0.428,0,0.202,0,0,0,0,0,0.176,0,0,0,0,0,0,0,0,0,0,0,0,0,0,0,0,0.199,0,0,0,0,0,0,0,0,0,0,0,0,0,0,0,0,0,0,0,0,0,0,0,0,0,0,0,0,0,0,0,0,0,0,0,0,0,0,0,0,0,0,0,0,0,0.257,0,0,0,0,0,0.181,0,0,0,0,0,0,0.312,0,0,0,0,0,0,0,0,0,0,0,0,0,0,0,0.276,0,0,0,0,0,0,0,0,0,0,0,0,0,0,0,0,0,0,0,0,0,0,0,0,0,0,0,0,0,0,0,0,0,0,0,0,0,0,0,0,0,0,0,0,0,0,0,0,0,0,0,0,0,0,0,0,0,0,0,0,0,0,0,0,0,0,0,0,0,0,0,0,0,0,0,0,0,0,0,0,0,0,0,0,0,0,0,0,0,0,0,0,0,0,0,0,0,0,0,0,0,0,0,0,0,0,0,0,0,0,0,0.288,0,0,0,0,0,0,0,0,0,0,0,0,0,0,0.237,0,0,0,0.282,0,0,0,0,0,0,0,0,0,0,0,0,0,0,0,0,0,0,0,0.161,0,0,0,0,0,0,0,0,0.752,0,0.421,0,0,0,0,0,0,0,0.198,0,0,0,0,0,0,0,0,0,0,0,0,0,0,0,0,0,0,0,0,0,0,0,0,0,0,0,0,0,0,0,0,0,0,0,0,0,0,0,0,0.182,0,0,0,0,0,0,0,0,0,0,0,0,0.218,0,0,0,0,0,0,0,0,0,0,0,0,0,0,0,0,0,0.204,0,0,0,0,0,0.153,0,0,0,0,0,0,0,0,0,0,0,0,0,0,0,0,0,0,0,0,0,0,0,0.212,0,0,0,0,0,0,0.189,0,0,0,0,0,0,0,0,0,0,0,0,0,0,0,0,0,0,0,0,0,0,0,0,0,0.326,0,0,0,0,0,0,0.538,0,0,0,0,0,0,0,0,0,0,0,0,0,0,0,0,0,0,0,0.239,0,0.171,0.722,0,0,0.284,0,0,0,0,0,0,0,0,0,0,0,0,0,0,0,0,0,0,0,0,0,0,0,0,0,0,0,0,0,0,0,0,0,0,0,0,0,0,0,0,0,0,0,0,0,0,0,0,0,0,0,0,0,0,0,0,0,0,0,0,0,0,0,0,0,0,0,0,0,0,0,0,0,0,0,0,0,0,0,0.173,0,0,0,0,0,0,0,0,0,0,0.195,0,0,0.748,0,0,0,0,0,0,0,0,0,0,0,0,0,0,0,0,0,0,0,0,0,0,0,0,0.247,0,0,0,0,0,0,0,0,0,0,0,0,0,0,0,0,0,0,0,0,0,0,0,0,0,0.378,0,0,0,0,0,0,0,0,0,0,0,0,0.284,0,0,0,0,0,0,0,0,0,0,0,0,0,0,0,0,0,0,0,0,0,0,0,0,0,0,0,0,0,0,0,0,0,0,0,0,0,0,0,0,0,0,0,0,0,0,0,0,0,0,0,0,0,0,0,0,0,0,0,0,0,0,0,0,0,0,0,0,0,0,0,0,0.208,0,0,0,0.169,0,0.162,0,0,0,0,0,0,0,0,0.625,0,0,0,0,0,0,0,0,0,0,0,0,0,0,0,0,0,0,0,0,0,0,0,0,0,0,0,0,0,0,0,0,0,0,0,0,0,0,0,0.429,0,0,0,0,0,0,0,0,0,0,0.396,0,0,0,0,0,0,0,0,0,0.507,0,0,0.248,0,0,0,0,0,0,0,0,0,0,0,0,0,0,0.729,0.362,0,0,0,0,0.15,0,0,0,0,0,0,0,0,0,0,0.15,0,0,0.609,0,0,0,0,0,0,0,0,0,0,0,0,0,0,0,0,0,0,0,0,0,0,0,0.251,0,0,0,0,0,0.218,0.17,0,0,0,0,0,0,0,0,0,0,0,0,0,0,0.538,0,0,0,0,0,0,0,0,0,0,0,0,0,0,0,0,0,0,0,0,0,0,0,0,0,0,0,0,0,0,0,0,0,0,0.151,0,0,0,0,0,0,0,0,0,0,0,0,0,0,0,0,0,0,0,0,0,0,0,0,0,0,0,0,0,0,0,0,0,0,0,0,0,0,0,0,0,0,0,0,0,0,0,0,0,0,0,0,0.158,0,0,0,0,0,0,0,0,0.263,0,0,0,0,0,0,0,0,0,0,0,0.233,0,0,0,0,0,0,0,0,0,0,0,0,0,0,0,0,0,0,0.207,0,0,0,0,0.231,0,0,0,0,0,0,0,0,0,0,0,0,0,0,0,0,0,0,0,0,0,0,0,0,0,0,0,0,0,0,0,0,0,0,0,0,0,0,0,0,0.284,0,0,0,0,0,0,0.44,0,0.186,0,0,0,0,0,0,0,0,0,0,0.205,0,0,0,0,0,0,0,0,0,0,0,0.799,0,0,0,0,0,0,0,0,0,0,0,0,0,0.188,0,0,0,0,0,0,0,0.187,0,0,0,0,0,0,0,0,0,0,0,0,0,0,0,0.785,0,0.725,0,0,0,0,0,0,0,0.162,0,0,0,0,0,0,0,0,0,0,0,0,0,0,0,0,0,0,0,0,0,0,0,0,0,0,0,0,0,0,0,0,0,0,0,0,0,0,0,0,0,0,0,0,0,0,0,0,0.19,0,0,0,0,0,0,0,0,0,0,0,0,0,0,0,0,0,0,0,0,0,0,0,0,0,0.755,0.308,0.362,0,0,0,0,0,0,0,0,0,0,0,0,0,0,0,0,0,0,0,0,0,0,0,0,0,0,0,0,0,0,0,0,0,0,0,0,0,0,0,0,0,0,0,0.221,0,0,0,0,0,0,0,0,0,0,0,0,0,0,0,0,0,0,0,0,0,0,0,0,0,0,0,0,0,0,0,0,0,0,0,0,0,0,0,0,0,0.707,0,0,0,0,0,0,0,0,0,0,0,0,0,0,0.255,0,0,0,0,0,0,0,0,0,0,0,0,0,0.325,0,0,0,0,0,0,0,0,0,0,0,0.183,0,0,0,0,0,0,0,0.333,0.306,0,0,0,0,0,0,0,0,0,0,0,0,0,0,0,0,0,0.207,0,0.187,0,0,0,0,0,0,0,0,0,0,0,0,0,0,0,0,0,0,0
855691,0,0,0,0,0.923,0,0,0,0,0,0,0,0,0,0,0.257,0,0,0.179,0,0,0,0,0,0,0,0,0,0,0,0,0,0,0,0,0,0,0,0,0,0,0,0,0,0,0.166,0,0,0,0,0,0.342,0,0,0,0,0,0,0.197,0,0,0,0,0,0.15,0,0,0,0,0,0.219,0,0,0,0,0,0,0,0,0,0,0.198,0,0,0,0,0,0,0,0,0,0,0.411,0.268,0,0,0,0,0.528,0,0,0,0,0,0,0,0,0.588,0,0,0,0,0,0,0,0,0,0,0,0,0.9,0.267,0,0,0,0,0,0,0,0,0,0,0,0,0,0,0.2,0,0,0,0.342,0,0.217,0.532,0,0.151,0,0,0,0,0.168,0,0,0,0,0.216,0,0,0,0,0,0,0,0,0.443,0,0,0,0,0,0,0,0,0,0,0,0,0,0,0,0,0,0.375,0,0.794,0,0.479,0,0.273,0,0,0,0,0.152,0,0,0.17,0,0,0,0,0,0,0,0,0.228,0,0.277,0,0,0,0,0,0,0,0,0,0,0,0,0.197,0.236,0,0,0,0,0,0,0.903,0,0.245,0.388,0,0.325,0,0,0.406,0,0.408,0.228,0,0,0,0,0,0,0.164,0.261,0,0,0,0,0,0,0,0,0,0,0.187,0,0,0.16,0,0.22,0,0,0,0.18,0,0.194,0,0,0,0,0,0,0,0,0.152,0.445,0,0,0,0,0,0.698,0,0,0,0,0,0,0,0,0,0.513,0,0,0,0,0.19,0,0,0,0,0,0.206,0,0,0,0,0,0.888,0,0,0.311,0.151,0.931,0,0,0,0.232,0.192,0,0,0,0,0,0,0,0,0,0,0,0,0,0,0,0.156,0,0,0.195,0,0,0.19,0,0,0,0.258,0,0,0,0,0.731,0,0,0.188,0,0,0,0,0.15,0,0.179,0,0,0,0.175,0,0,0.208,0,0,0,0,0.575,0,0,0.253,0.82,0,0,0,0,0,0,0,0.18,0,0,0,0,0,0,0,0,0,0.399,0.209,0,0.164,0,0,0,0.631,0,0,0,0,0,0,0.294,0,0,0,0,0,0.819,0,0,0,0,0,0.354,0,0,0,0,0.152,0,0,0.894,0,0,0,0,0,0,0.248,0,0,0,0,0.476,0.187,0,0.169,0,0,0,0,0,0,0,0,0,0.215,0,0,0,0.379,0.406,0.18,0,0,0,0.184,0,0,0,0,0,0,0,0,0.159,0.159,0,0.999,0,0,0,0,0.733,0,0.428,0,0,0,0.267,0,0,0,0,0,0,0,0,0,0,0,0,0.728,0,0.9,0,0,0,0,0,0,0,0.843,0,0.162,0.404,0.544,0,0.179,0,0.151,0,0,0,0,0,0,0,0,0,0,0,0,0.255,0,0,0,0,0,0,0.416,0,0,0.212,0,0,0,0,0.465,0.406,0,0,0,0,0,0.446,0,0.256,0,0,0,0,0,0,0,0,0,0.34,0,0,0,0.508,0.252,0,0.498,0,0.172,0,0.184,0,0,0.192,0.169,0,0,0.194,0,0,0,0.154,0,0,0,0,0,0,0,0,0,0,0.321,0,0,0,0,0.905,0,0,0.192,0,0,0,0,0,0,0.325,0,0,0,0,0,0,0,0,0,0,0,0,0,0,0,0.151,0,0,0,0,0.536,0,0.671,0,0,0,0,0.641,0.635,0,0,0.388,0.389,0,0,0,0,0.183,0.251,0,0,0,0.277,0,0.232,0,0.348,0,0.513,0,0.824,0,0.185,0.155,0,0,0,0,0,0,0,0,0,0,0,0,0,0,0,0,0,0,0,0,0.267,0.843,0,0,0,0,0,0,0,0.848,0,0.927,0,0.9,0,0,0,0,0,0.933,0,0,0,0,0,0,0,0,0.172,0,0.17,0,0,0.23,0,0,0,0,0,0,0.19,0,0,0,0,0,0.48,0,0,0.93,0,0,0,0.586,0,0,0,0,0,0,0,0,0,0,0,0,0,0,0.251,0,0,0.252,0,0,0.21,0,0.25,0,0,0,0,0,0,0,0,0,0,0,0,0,0,0,0,0,0,0,0,0.441,0,0,0.15,0,0,0,0,0,0.297,0,0.363,0,0,0.297,0,0.299,0,0.463,0,0,0,0,0,0,0,0.15,0.197,0.999,0,0,0.6,0,0,0,0,0,0,0,0,0,0,0,0,0,0,0.901,0.98,0.152,0,0,0,0.291,0.195,0,0.253,0,0,0,0,0,0,0,0.925,0,0.6,0,0,0,0,0.188,0,0,0,0.903,0.226,0,0,0,0.224,0,0.325,0,0,0.862,0.309,0,0.253,0,0,0,0,0,0.907,0,0,0,0,0.428,0,0,0,0,0,0,0.548,0,0,0,0.15,0,0,0,0,0,0,0,0,0,0,0,0.917,0,0,0.552,0,0,0.186,0,0,0,0.198,0,0,0,0,0,0,0,0,0,0,0,0.337,0,0.377,0.232,0,0,0.225,0.166,0,0,0,0.168,0,0.685,0.279,0.213,0,0,0,0,0,0.231,0.176,0,0,0.361,0,0,0.305,0,0,0,0,0,0,0,0.227,0,0,0,0,0,0.588,0.168,0,0,0,0,0,0,0,0,0,0,0,0,0,0,0,0,0,0,0,0,0,0,0,0,0,0,0,0,0,0,0,0,0,0,0,0,0,0,0,0.152,0,0,0,0,0,0,0,0,0,0.213,0,0,0,0,0,0,0,0,0,0,0,0,0,0,0,0,0,0.196,0.22,0,0,0,0,0,0,0,0,0.256,0,0,0,0,0,0,0,0,0,0,0,0.681,0,0,0,0,0,0.154,0,0,0,0,0,0,0,0,0,0,0,0.229,0,0,0,0,0,0,0,0,0,0,0,0,0,0,0,0,0,0.22,0,0,0.169,0,0,0,0,0,0,0,0,0,0,0,0,0,0,0,0,0,0,0,0.379,0,0,0,0,0,0,0,0,0,0,0,0,0,0,0.199,0,0,0,0,0,0,0,0,0,0,0,0,0,0,0,0,0.228,0,0,0,0,0,0,0,0,0,0,0,0,0,0,0,0,0,0,0,0,0,0,0,0,0,0,0,0,0,0,0,0,0,0,0.351,0,0,0,0,0,0,0,0,0,0,0.186,0,0,0,0,0,0,0,0,0,0,0,0,0,0.226,0,0,0,0.169,0,0,0.994,0,0,0,0,0,0,0,0,0,0,0,0,0,0,0,0,0,0,0,0,0,0,0,0,0,0,0,0,0.161,0,0,0,0,0,0,0,0,0,0,0,0,0,0,0,0,0,0,0,0.269,0,0,0,0,0,0.274,0,0,0,0,0,0,0,0,0,0,0,0,0,0.229,0,0,0,0,0,0,0,0,0,0,0,0,0,0,0,0,0,0,0,0,0,0,0,0,0.185,0,0,0,0,0,0,0,0,0,0,0,0,0,0,0,0,0,0,0,0,0.271,0,0,0,0,0,0,0,0,0,0,0,0,0,0,0,0,0,0.232,0.262,0,0,0,0,0,0,0,0,0,0,0,0,0,0,0,0,0,0,0,0,0,0,0.368,0,0,0,0,0,0,0,0,0,0,0,0,0.252,0,0,0,0,0,0,0.588,0,0,0,0,0,0,0,0,0,0.291,0,0,0,0.286,0,0,0,0,0,0,0,0,0.195,0,0,0,0,0,0,0,0,0,0,0,0,0,0,0,0,0,0,0,0,0.176,0,0,0,0,0,0,0,0.165,0,0,0,0,0,0,0,0.195,0,0,0,0,0.795,0,0,0,0,0.223,0.164,0,0,0,0,0,0,0,0,0,0,0,0,0.306,0,0,0,0,0,0,0,0,0,0,0,0,0,0,0,0,0,0,0,0,0,0,0,0,0,0,0,0.395,0,0,0,0,0,0,0,0,0,0,0,0,0,0,0.186,0,0,0,0,0,0,0.194,0,0,0,0.754,0,0,0,0,0,0,0,0,0.382,0,0,0,0,0,0,0.214,0,0,0,0,0,0.621,0,0,0,0,0,0,0,0,0,0,0,0.204,0,0,0,0,0,0,0,0,0,0,0,0,0,0,0,0,0,0,0,0,0,0,0,0,0,0,0,0,0,0,0,0,0,0,0,0,0,0,0,0,0,0,0,0,0,0,0,0,0,0,0,0,0,0,0,0,0,0,0.212,0,0,0,0,0,0,0,0,0,0,0,0.436,0,0,0,0,0,0,0,0,0,0,0,0,0,0,0,0,0,0,0,0,0,0,0,0,0,0,0,0,0,0,0,0,0,0,0,0,0,0,0,0,0,0,0,0,0,0,0,0,0,0,0.505,0,0,0,0,0,0,0,0,0,0,0,0,0,0,0,0,0,0.169,0,0,0,0,0,0,0,0,0.174,0,0,0.257,0,0,0.205,0,0,0,0.169,0,0,0,0,0,0,0,0,0,0,0,0,0,0,0.176,0,0,0,0,0,0,0,0,0,0,0,0,0.179,0,0,0.176,0,0.151,0,0,0,0,0,0,0,0,0,0,0,0.261,0,0,0,0,0,0,0,0,0,0,0,0,0,0,0,0,0,0.171,0,0,0,0.202,0,0,0,0,0,0,0,0.172,0,0.299,0,0,0,0.211,0,0,0,0,0.43,0,0,0,0,0,0,0,0,0,0,0,0,0,0,0.9,0,0,0,0,0,0,0,0,0,0,0,0,0,0,0,0,0,0,0,0,0,0,0,0,0,0,0,0,0,0,0,0,0,0,0,0,0,0.843,0,0,0,0.295,0,0,0.541,0,0.788,0,0,0,0.691,0,0.23,0.28,0,0,0,0,0,0,0.173,0.296,0,0,0,0.493,0.987,0,0.392,0,0,0,0,0,0.544,0.401,0,0,0,0,0,0,0,0,0.242,0,0,0,0.171,0,0,0.889,0,0,0,0,0.661,0,0,0,0,0,0,0,0,0,0,0,0,0.189,0,0,0,0,0,0.15,0,0.883,0,0.25,0,0,0,0,0,0,0,0,0,0,0,0,0.992,0,0,0,0,0.415,0.176,0.415,0,0,0,0.219,0,0,0.233,0,0.229,0.506,0,0,0,0.584,0.768,0,0,0,0,0,0,0,0,0,0,0,0,0.343,0.504,0,0,0,0,0,0.816,0,0,0.226,0.177,0.16,0,0,0.164,0,0,0,0.448,0,0,0.158,0,0.534,0,0,0,0,0,0,0,0,0,0,0,0,0,0.544,0,0.817,0,0.954,0,0,0,0,0,0,0,0,0,0,0,0,0,0,0,0,0.164,0,0.187,0,0,0,0,0.415,0.16,0.195,0,0,0.521,0.391,0.539,0.545,0,0,0,0,0,0.27,0,0,0,0,0,0,0,0,0,0,0,0,0,0,0,0,0,0,0,0,0,0.901,0,0,0,0,0,0,0,0,0,0,0,0,0,0,0,0,0,0,0,0,0,0,0,0,0,0,0,0,0,0,0,0.275,0,0,0,0,0,0.901,0,0,0,0.902,0,0,0,0,0,0,0,0,0,0,0,0,0,0.442,0,0,0,0,0,0.157,0,0,0,0,0,0,0.152,0,0,0,0,0,0,0,0,0,0,0,0,0,0,0,0,0,0,0,0,0,0,0,0,0,0,0,0,0,0,0,0,0,0,0,0,0,0,0,0,0,0,0,0,0,0,0,0,0,0,0,0,0,0,0,0,0,0,0,0,0,0,0,0,0,0,0,0.221,0,0,0,0,0,0.193,0,0.168,0.411,0,0.167,0.193,0,0,0,0,0,0,0,0,0,0.994,0.153,0,0,0,0,0,0,0.52,0,0,0.9,0.918,0.204,0.258,0,0.866,0,0.91,0,0,0,0,0.264,0,0,0,0,0,0,0,0.172,0,0,0.446,0,0.178,0,0.216,0,0,0,0,0,0,0,0,0,0,0,0,0,0,0,0,0,0,0.281,0,0,0,0,0,0,0,0,0.898,0,0,0,0,0,0,0,0,0,0,0,0,0,0.254,0,0,0.194,0,0.165,0,0.977,0,0,0,0,0,0.238,0,0,0,0,0,0.228,0,0,0,0,0,0,0,0,0,0,0,0,0,0,0,0,0,0,0.194,0,0,0,0,0.173,0,0,0,0,0,0,0,0,0,0.296,0,0,0,0,0,0,0,0,0,0,0,0,0,0,0.9,0,0,0,0,0,0,0,0,0,0,0,0,0,0.801,0,0,0,0,0,0,0,0,0,0,0,0,0,0,0,0.179,0,0,0,0.303,0,0,0,0,0,0,0,0,0,0,0,0,0,0.297,0,0,0,0,0,0,0,0,0,0.185,0,0.15,0,0,0,0,0,0,0,0,0,0,0,0,0,0,0,0,0,0,0,0,0,0,0,0,0,0,0,0,0,0,0,0,0,0,0.173,0,0,0,0,0,0,0,0,0,0,0,0,0,0,0.156,0,0,0,0,0,0,0,0,0,0,0,0,0,0,0,0,0,0,0,0.204,0,0,0,0,0,0,0,0,0,0,0,0,0,0,0,0,0,0,0,0,0,0,0.15,0,0,0,0,0,0,0,0,0,0,0,0,0,0,0,0,0,0,0,0,0,0,0,0,0,0,0,0,0,0,0,0,0,0,0,0,0,0,0,0,0,0,0,0,0,0,0,0,0,0,0,0,0,0,0,0,0,0,0,0,0,0,0,0.233,0,0,0,0,0,0.161,0,0,0,0,0,0,0,0,0,0,0,0,0,0,0,0,0,0,0,0,0,0,0,0,0,0.169,0,0,0,0,0,0.196,0,0,0,0,0,0,0,0,0,0,0,0,0,0,0,0,0,0,0,0,0,0,0,0,0,0,0,0,0,0,0,0,0,0,0,0,0,0,0,0,0,0,0,0,0,0,0,0,0,0,0,0,0,0,0,0,0,0,0,0,0,0,0,0,0,0,0,0,0,0,0,0,0,0,0,0,0,0,0,0,0.271,0,0.316,0,0,0,0,0,0,0,0,0,0,0.172,0.901,0,0,0,0,0,0,0,0,0,0,0,0,0,0.27,0,0,0.211,0,0.169,0,0,0,0,0.181,0,0,0,0,0,0,0,0,0,0,0,0,0,0,0,0,0,0,0,0,0,0,0,0,0,0,0,0,0,0,0,0,0,0,0,0,0,0,0,0,0,0.159,0,0,0,0,0,0,0,0,0,0,0,0,0,0,0,0,0,0,0,0.904,0,0,0,0,0,0,0,0,0,0,0,0,0,0,0,0,0,0,0,0,0,0,0,0.178,0.154,0,0,0,0,0,0,0,0,0,0,0,0,0,0.201,0,0.196,0,0,0,0,0,0,0,0.9,0,0,0.184,0,0,0,0,0,0,0,0,0.17,0,0.211,0.164,0,0.154,0,0,0,0,0,0,0,0,0,0,0,0,0,0,0,0,0,0,0,0,0,0,0,0,0,0,0,0.245,0,0,0,0,0,0,0,0,0,0,0,0,0,0,0,0,0,0,0,0,0,0.167,0,0,0.276,0,0,0,0,0.195,0,0,0,0,0,0,0,0,0,0,0,0,0,0.184,0,0,0,0,0,0,0,0,0,0,0,0,0,0,0,0,0,0,0,0,0,0.18,0,0,0,0,0,0,0,0,0,0,0,0,0,0,0,0,0,0,0.222,0,0,0,0,0,0,0.152,0,0,0,0,0,0,0,0,0,0,0,0,0,0,0.204,0,0,0.6,0.274,0,0.374,0,0.618,0,0,0.367,0.374,0.695,0.326,0.155,0.398,0,0,0,0,0,0,0.247,0,0.18,0,0,0,0.618,0.245,0,0,0.979,0.204,0,0.192,0,0.99,0.179,0,0,0.226,0.325,0,0.176,0,0.356,0,0,0,0,0,0.247,0,0.396,0,0,0.307,0,0,0.204,0,0.159,0.992,0,0,0.221,0,0.323,0.258,0.204,0.296,0,0.324,0,0.225,0,0,0.443,0.298,0,0.398,0.204,0.254,0.651,0,0,0,0,0.525,0.816,0,0,0,0.37,0,0,0,0.61,0.988,0.375,0,0,0,0,0,0,0,0.434,0,0,0,0,0,0,0,0,0,0,0,0,0,0,0,0,0,0.236,0,0,0,0,0,0,0,0.181,0,0,0.159,0,0,0,0,0,0,0.15,0,0,0,0,0,0.185,0,0,0,0,0,0,0,0,0,0,0,0,0.419,0.158,0.425,0,0,0,0,0,0,0,0.901,0,0,0,0,0,0,0,0,0,0.186,0.24,0,0,0,0,0,0,0,0,0,0,0,0,0,0,0.934,0,0,0.905,0,0,0,0,0,0.901,0,0,0,0,0,0,0,0,0,0,0,0,0,0,0,0.204,0,0,0,0,0,0,0,0.179,0,0,0,0,0,0,0,0,0,0,0.164,0,0,0.174,0,0,0,0,0,0,0.159,0,0,0,0,0,0,0,0,0,0,0,0.211,0,0.155,0,0,0,0,0,0,0.167,0,0.359,0,0.962,0,0,0,0,0,0,0,0,0,0,0.194,0,0,0,0,0,0,0,0.2,0,0,0,0,0,0,0,0,0.193,0.389,0,0,0,0,0,0,0,0.235,0,0,0,0.296,0,0,0,0,0,0,0,0.916,0,0,0.157,0,0,0,0,0.331,0,0,0.315,0,0,0,0,0,0,0,0.2,0,0.155,0,0,0,0,0,0,0,0,0,0,0,0,0,0,0,0,0,0,0,0,0,0,0,0,0,0.169,0,0,0,0,0.162,0,0.466,0,0,0,0,0,0,0,0.928,0,0.179,0,0.269,0,0,0,0,0,0,0,0,0,0,0,0,0,0.909,0,0,0,0,0,0,0,0,0,0.747,0,0,0,0,0,0,0,0.282,0,0,0,0,0,0,0,0,0,0,0,0,0,0,0,0,0,0,0,0,0,0,0,0,0,0,0,0,0,0,0,0,0,0,0,0,0,0,0,0.494,0,0,0.162,0,0,0,0,0,0,0,0,0,0,0,0,0,0,0,0.425,0.195,0,0,0,0.333,0,0,0.325,0,0,0,0,0,0.287,0,0,0,0,0,0,0,0,0,0,0,0,0,0,0,0,0,0.258,0,0,0.228,0.904,0,0,0,0,0,0,0.211,0,0.379,0,0,0,0,0,0,0.931,0,0,0,0,0,0,0.151,0,0,0,0,0,0,0,0,0,0,0,0,0,0,0,0,0,0,0,0,0,0,0,0,0.153,0,0,0,0,0,0,0,0,0,0,0,0,0,0,0,0,0,0,0,0,0,0,0,0,0,0,0,0,0,0,0,0,0,0,0.366,0,0,0.187,0,0,0.289,0,0,0,0,0.158,0,0,0,0,0,0,0,0,0,0.184,0,0.21,0,0,0,0,0,0,0,0,0,0,0,0.276,0,0.276,0.234,0,0,0,0,0,0,0,0,0,0,0,0,0,0,0,0,0,0,0,0,0,0,0,0,0,0,0,0,0,0,0,0,0,0,0,0,0,0,0,0,0,0,0,0,0.227,0,0,0,0,0,0,0,0,0,0,0,0,0,0,0,0,0,0.428,0,0,0,0,0,0,0.638,0,0,0,0,0,0,0,0,0,0,0,0,0,0,0,0,0,0,0,0,0,0,0,0,0,0,0,0,0,0,0,0,0,0,0,0,0,0,0,0,0,0,0,0,0,0,0,0,0,0,0,0,0,0,0,0,0,0,0,0,0.262,0,0,0,0,0,0,0,0,0.339,0,0,0,0,0,0,0,0,0,0,0,0,0,0,0,0,0,0,0,0,0,0,0,0,0,0,0,0,0,0,0,0,0.903,0,0,0,0,0,0,0,0,0,0,0,0,0,0,0,0,0,0,0,0,0,0.242,0,0,0,0,0,0,0,0,0,0.153,0.217,0,0,0,0,0,0,0.276,0,0,0,0,0,0,0,0,0,0,0,0,0,0,0,0,0,0,0,0,0,0,0,0,0,0,0,0,0,0,0,0,0.9,0,0,0,0,0,0,0,0,0,0,0,0,0,0,0,0,0,0,0,0,0,0,0,0,0,0,0,0,0,0,0,0,0,0,0,0,0,0,0,0.95,0,0,0,0,0.9,0,0,0,0,0,0,0,0,0,0,0,0,0,0,0,0,0,0,0,0,0,0,0,0,0,0,0,0,0,0,0,0,0,0,0,0,0,0,0,0,0,0,0,0,0,0,0,0,0,0,0,0,0,0,0,0,0,0,0,0,0,0,0.903,0,0,0,0,0,0,0,0,0,0,0,0,0,0,0,0,0,0,0,0,0,0,0,0,0,0,0,0,0,0,0,0,0,0,0,0,0,0,0,0.9,0,0,0,0,0,0,0,0,0,0,0,0,0,0,0,0,0,0,0,0,0,0,0,0,0,0,0,0,0,0,0,0,0,0,0,0,0,0,0,0,0,0,0.297,0,0,0.222,0,0,0,0,0,0,0,0,0,0,0,0,0,0,0,0,0,0,0.31,0,0,0,0,0,0,0,0,0.901,0,0,0,0,0,0,0,0,0,0,0,0,0,0,0,0,0,0,0,0,0.9,0.297,0,0,0,0,0,0,0,0,0,0,0,0,0,0,0.15,0,0,0,0,0,0,0,0,0,0,0,0,0,0,0,0,0,0,0,0,0,0,0,0,0,0,0,0,0,0,0.163,0.191,0,0,0,0,0,0,0,0,0,0,0,0,0,0,0,0,0,0,0,0,0,0,0,0,0,0,0,0,0.319,0,0.347,0,0,0,0,0,0,0,0.159,0,0,0,0,0,0.9,0,0,0,0,0,0
852061,0,0.333,0,0,0,0,0,0,0,0,0,0,0,0,0,0,0,0,0,0,0,0,0,0,0,0,0,0,0,0,0,0,0,0,0,0,0,0,0,0,0,0,0,0,0,0,0,0,0,0,0,0.999,0,0,0,0,0,0,0,0,0,0,0.493,0,0,0,0,0,0,0,0.483,0,0,0,0.181,0,0,0,0,0,0,0.211,0,0,0,0,0,0,0,0,0,0,0,0,0,0.999,0,0,0,0,0,0,0,0,0,0,0,0,0,0,0,0,0,0,0,0,0,0,0,0.908,0,0,0.557,0,0,0,0,0.473,0,0,0,0,0,0,0,0,0,0,0.151,0,0.999,0.315,0,0,0,0,0,0,0,0,0,0,0,0,0,0.901,0.284,0,0,0,0,0,0,0,0,0,0,0,0,0.258,0,0,0,0,0,0,0,0,0,0,0,0,0,0,0,0,0,0,0,0.832,0,0,0,0.163,0,0.181,0,0,0,0,0,0,0,0.758,0,0.191,0.999,0,0,0,0,0.193,0.163,0.194,0.802,0,0,0,0,0,0.999,0,0,0.315,0,0,0,0,0,0.915,0,0,0.992,0,0.661,0,0.255,0,0,0,0,0,0,0.323,0.536,0,0,0,0,0,0,0,0,0,0,0,0,0,0,0,0.259,0.165,0,0,0.924,0,0,0,0,0,0,0,0,0,0,0.987,0,0.172,0.403,0,0,0,0.932,0,0,0.35,0,0.913,0,0.396,0,0,0,0,0,0.216,0,0,0,0,0.999,0,0,0,0,0,0.175,0.239,0,0.999,0,0,0,0,0.99,0.208,0,0,0,0.188,0,0,0.237,0.811,0.173,0.169,0.237,0,0,0.952,0,0,0.592,0.176,0.221,0,0,0,0,0,0,0,0,0.399,0,0,0.152,0,0,0,0.82,0,0,0,0,0,0.168,0,0,0.477,0,0.249,0,0,0,0.33,0.267,0,0.814,0.999,0,0.86,0,0,0,0,0.999,0,0,0,0,0,0,0.999,0,0,0,0,0,0.152,0.57,0,0,0,0,0,0.999,0,0.583,0,0.389,0.224,0.2,0,0.428,0.906,0,0,0,0.935,0,0,0,0,0,0.285,0.41,0,0,0,0.185,0,0,0,0,0.869,0.157,0,0.274,0,0,0,0,0,0,0,0.266,0,0,0,0,0,0,0,0,0.16,0,0,0,0,0.999,0,0.398,0.205,0,0,0,0.242,0,0,0,0.173,0,0,0,0,0,0.237,0,0,0,0,0,0.999,0,0,0.179,0,0,0.435,0.812,0,0,0.366,0,0.346,0,0,0,0,0,0.923,0,0,0,0,0,0.903,0,0,0.277,0.191,0,0,0,0,0,0,0,0,0,0,0,0,0.26,0,0.999,0.294,0,0,0,0,0,0,0,0.425,0.911,0,0,0,0,0,0,0,0.354,0,0.965,0,0.162,0,0.161,0,0,0,0,0,0,0,0.153,0.316,0,0.162,0,0,0,0,0,0,0,0,0,0,0,0,0,0.297,0,0,0,0,0,0,0,0,0,0.288,0,0,0,0,0,0,0,0,0,0.941,0,0,0,0,0.761,0,0,0,0,0,0,0.652,0,0.24,0.166,0,0,0.214,0,0,0,0.882,0.237,0,0,0,0,0,0,0,0,0.966,0,0,0.25,0,0,0,0.352,0.902,0,0,0,0,0,0,0,0,0.67,0,0.192,0,0,0,0,0.279,0.356,0.267,0.26,0,0,0,0,0,0,0,0,0,0.25,0.152,0,0,0.168,0.811,0.278,0,0,0,0,0,0,0,0,0,0,0,0,0,0,0,0,0,0,0,0,0.758,0,0,0,0,0.413,0.249,0,0,0,0,0,0,0.592,0,0,0,0,0,0,0,0,0,0,0,0.274,0.399,0,0.196,0,0,0,0,0,0,0.317,0.91,0.999,0,0,0,0,0,0,0.566,0,0,0,0.999,0,0.207,0,0.203,0,0.99,0,0,0,0,0,0.389,0,0.293,0,0,0,0.341,0,0,0.999,0,0.315,0,0.152,0,0.295,0,0.166,0,0,0,0,0,0,0,0,0,0,0,0,0.155,0,0.314,0,0,0.408,0,0,0,0,0.802,0,0.925,0.183,0.179,0,0,0,0,0,0.153,0,0,0,0,0,0,0,0,0,0,0,0,0,0,0,0,0,0,0,0,0,0,0.908,0,0.224,0,0.279,0,0,0,0,0,0.354,0,0,0,0,0,0,0,0,0,0,0.163,0,0.999,0,0.285,0.819,0,0,0,0,0,0.276,0,0,0.222,0,0,0,0,0,0,0,0.376,0,0,0.443,0,0,0,0,0,0,0.999,0.38,0,0,0,0,0,0.161,0.811,0,0,0,0,0.279,0,0.999,0,0,0.315,0,0,0.855,0,0,0,0.488,0,0.166,0,0.166,0.228,0.286,0,0,0,0.65,0,0,0,0,0,0.172,0.995,0,0.999,0,0,0,0,0.276,0,0,0,0.999,0,0,0,0,0.443,0,0.999,0,0.932,0.885,0.999,0,0.292,0,0,0,0.23,0,0,0.357,0.224,0,0.203,0.237,0,0,0.414,0.993,0,0.99,0.999,0,0.305,0,0,0,0,0,0.887,0,0.151,0,0,0.325,0.996,0,0,0,0.253,0,0.999,0,0,0,0,0,0,0,0.452,0,0,0,0,0,0,0.272,0,0,0,0,0.237,0.452,0,0,0,0,0,0,0,0,0,0,0,0,0,0,0,0,0,0,0,0,0,0,0,0,0,0,0,0.209,0,0,0,0,0,0,0,0,0,0,0,0,0,0,0.999,0,0,0,0,0,0,0,0,0,0.999,0,0,0,0,0,0,0,0,0,0,0,0,0.901,0,0,0,0,0,0,0,0,0,0,0,0.33,0,0,0,0.206,0,0,0,0,0,0,0,0,0,0,0,0,0,0,0,0,0,0,0,0,0,0,0,0,0,0,0,0,0,0.197,0,0,0,0.999,0,0,0,0,0,0,0.162,0,0.896,0,0,0,0,0,0,0,0,0,0,0,0,0,0,0,0,0,0,0.999,0,0,0,0,0,0,0,0.222,0,0,0.999,0,0,0,0.283,0,0,0,0,0.999,0.399,0.214,0,0,0,0,0,0,0,0.371,0,0,0,0.337,0,0,0,0,0,0,0,0,0,0,0,0.235,0,0,0,0,0,0.194,0,0,0,0,0.999,0,0,0.158,0.517,0,0,0.288,0,0,0,0,0,0,0,0,0.999,0,0,0.985,0,0,0,0,0,0.577,0,0.68,0.297,0,0,0,0,0,0,0,0,0,0,0,0,0,0,0,0,0,0,0,0,0,0,0,0,0,0,0,0.999,0,0,0,0.154,0,0.445,0,0,0,0,0,0,0,0,0,0,0,0,0,0,0.154,0,0,0,0.464,0,0,0,0,0,0,0.999,0,0.999,0,0,0,0.193,0,0,0,0,0,0,0,0,0,0,0,0,0,0,0,0,0,0,0,0,0,0,0,0.161,0,0,0,0,0,0,0,0,0,0.992,0,0,0,0,0,0,0,0,0,0,0,0,0.809,0,0.183,0,0,0,0.399,0,0,0,0,0,0,0,0,0,0,0,0,0,0.517,0,0,0,0,0,0,0,0,0,0,0,0,0,0.999,0,0,0,0,0,0,0,0,0,0,0,0,0,0.176,0,0,0.882,0,0,0,0,0,0,0,0,0,0.153,0,0,0,0,0,0,0,0,0,0,0,0,0,0,0,0.774,0,0,0,0,0,0,0,0.468,0,0,0,0,0,0,0,0,0,0,0,0,0,0,0,0,0,0,0,0.3,0,0,0,0,0.166,0,0,0,0,0,0,0,0,0,0,0,0,0,0,0,0,0,0,0,0,0,0,0,0,0,0,0.999,0,0,0,0,0.276,0,0,0,0,0,0,0,0,0,0,0,0,0,0,0,0,0,0,0.306,0,0,0,0,0,0.171,0,0.803,0,0,0,0,0,0.185,0,0,0,0,0,0,0,0,0,0,0,0,0,0,0,0.288,0,0,0,0,0.159,0.374,0,0,0,0,0,0,0,0,0,0,0,0,0,0,0,0,0,0,0,0,0,0,0,0,0,0,0,0,0,0,0,0,0.516,0,0,0,0,0,0,0,0,0,0,0,0,0,0,0,0,0,0,0,0,0,0,0,0,0,0,0,0,0,0.173,0,0,0,0,0,0,0,0,0,0,0,0.283,0,0,0,0,0,0,0,0,0,0,0,0.201,0,0.943,0,0.805,0,0,0,0.999,0.271,0,0.24,0,0.223,0.724,0,0.349,0,0,0,0.252,0,0,0.172,0,0.235,0,0,0,0,0,0.167,0,0,0,0,0,0,0,0.818,0,0,0,0.167,0,0,0,0,0,0,0.999,0.637,0,0,0.999,0.29,0.205,0,0,0,0,0,0.811,0,0,0.999,0,0.929,0,0,0,0.818,0,0,0.225,0,0,0,0,0.247,0,0.356,0,0,0,0,0,0.233,0,0,0.399,0,0.999,0,0,0,0,0,0,0,0,0,0.919,0,0,0,0,0.566,0.212,0,0,0,0,0.536,0,0.259,0,0,0,0,0.801,0,0,0,0.999,0.29,0.378,0,0,0,0.157,0,0,0,0.999,0,0,0,0.89,0.355,0,0,0.274,0.251,0,0,0.284,0.171,0,0,0,0.459,0.803,0,0,0.174,0,0,0,0,0,0.999,0,0,0.608,0,0,0.211,0,0,0,0.192,0.803,0.813,0.767,0,0.999,0,0.292,0,0,0,0,0.201,0,0.444,0.333,0,0,0.544,0.803,0.254,0,0.24,0.241,0,0.809,0.989,0.164,0,0.905,0.495,0,0,0.912,0,0.901,0,0,0,0.307,0,0,0.156,0,0,0.157,0,0.85,0,0.802,0,0,0.816,0,0.987,0,0,0.57,0.151,0,0.341,0.764,0,0,0.179,0,0.155,0,0,0,0,0,0,0,0.345,0,0,0,0,0,0,0,0,0,0,0,0,0,0,0,0,0,0,0,0.661,0,0,0.267,0,0,0,0,0,0,0,0,0,0,0,0,0,0,0,0,0.999,0,0,0,0,0,0,0,0,0,0,0,0,0,0,0,0,0,0,0.215,0,0.468,0,0,0,0,0,0,0.151,0,0.161,0,0,0,0,0,0,0,0,0,0,0,0.23,0,0,0,0,0,0,0,0.92,0,0.336,0,0,0,0,0,0,0,0,0,0,0,0,0,0,0,0.237,0.158,0,0,0,0.918,0,0.797,0,0,0,0,0,0,0,0,0,0,0,0,0,0,0,0,0,0.183,0,0,0,0,0,0,0,0,0.654,0.503,0,0.839,0,0,0,0,0,0,0,0,0.199,0,0,0,0,0,0,0,0,0,0,0,0,0,0,0.18,0.757,0,0.178,0,0,0,0.237,0,0,0,0,0.878,0,0,0,0,0,0,0,0,0,0,0,0,0,0,0,0,0.381,0,0,0,0,0,0,0,0,0,0,0,0,0.729,0,0,0.999,0,0,0,0,0,0,0,0,0,0,0,0,0,0,0,0,0,0.174,0,0,0,0,0,0,0,0,0,0,0,0.154,0,0,0,0,0,0,0,0,0,0,0,0,0,0,0,0,0,0,0,0.282,0,0,0,0,0.193,0,0,0,0,0,0,0.294,0,0,0,0,0.999,0,0,0,0,0,0,0.893,0,0,0,0,0,0,0,0,0,0,0,0,0,0,0,0,0.188,0,0,0,0,0,0,0,0,0,0,0,0,0,0,0,0,0,0,0,0,0,0,0.999,0,0,0,0,0,0.999,0,0,0,0,0.999,0,0,0,0,0,0.161,0,0.347,0,0,0,0,0,0,0,0,0,0,0,0,0,0,0.846,0,0,0,0,0,0,0,0,0,0,0.41,0.999,0,0,0,0.716,0,0,0,0,0,0,0,0,0,0,0,0,0,0,0,0,0,0,0,0,0,0.246,0,0,0.278,0,0,0,0,0,0,0.184,0,0,0,0,0,0,0,0,0,0,0,0,0,0,0,0,0,0,0,0,0,0,0,0,0,0.376,0,0,0,0,0.516,0.167,0,0,0,0,0,0.282,0,0,0,0,0.999,0,0,0,0,0,0,0,0,0,0,0,0,0.389,0,0.76,0.311,0,0,0,0,0,0,0,0,0,0,0,0.187,0,0,0.224,0,0,0,0,0,0,0.52,0.907,0,0,0.283,0,0,0,0,0,0,0,0,0,0,0,0,0,0,0,0.999,0,0,0.999,0,0,0,0,0,0,0,0,0,0,0,0,0,0,0,0,0,0,0,0,0.293,0,0,0,0,0,0,0,0,0,0,0,0.338,0,0,0,0,0,0,0,0,0.29,0,0,0,0,0,0,0,0,0,0,0,0,0,0,0,0,0,0,0,0,0,0,0,0,0,0,0,0,0,0,0,0,0,0,0,0,0,0,0,0,0,0,0,0,0,0,0,0,0,0,0,0,0,0,0,0,0,0,0,0,0,0,0,0,0,0,0,0,0,0,0,0,0,0,0,0.268,0,0,0.615,0,0,0,0,0,0,0,0,0,0,0,0,0,0,0,0,0,0,0,0,0,0,0,0,0.262,0,0,0,0,0,0,0,0,0,0,0,0,0,0,0,0,0,0,0.999,0,0,0,0,0,0,0,0,0,0,0,0,0,0,0,0,0,0,0,0,0,0,0,0,0,0,0,0,0,0.267,0,0,0,0,0.608,0.312,0,0,0,0,0,0,0.9,0,0,0,0,0.987,0,0,0,0,0,0,0,0,0,0,0,0.283,0,0,0,0,0,0,0,0,0,0,0,0,0,0,0,0.283,0,0,0,0.269,0,0,0,0,0,0.954,0,0,0,0,0,0.193,0,0,0,0,0,0,0.283,0,0,0,0,0,0,0,0,0,0.283,0,0,0,0,0,0,0,0,0,0,0,0,0,0,0,0,0,0,0.178,0,0,0,0.283,0,0,0,0,0,0,0,0,0.151,0,0,0,0,0,0,0,0,0,0,0,0,0,0,0,0,0,0,0,0,0,0.161,0.8,0,0,0,0,0,0,0,0,0,0,0,0,0,0,0.973,0.837,0.999,0.716,0.164,0,0,0.193,0.999,0.999,0.999,0,0,0.999,0.159,0.202,0,0.999,0.961,0,0.999,0.283,0.655,0,0.225,0.169,0.394,0.999,0.51,0.999,0.174,0,0.999,0.239,0.923,0.245,0,0,0.716,0.999,0,0.999,0,0,0,0,0,0.999,0.999,0.449,0.921,0.841,0,0.577,0,0.526,0.716,0,0.95,0,0.411,0.999,0.999,0.998,0.999,0.846,0.999,0.999,0,0.905,0.999,0.864,0.999,0.859,0.18,0,0.716,0,0,0,0.999,0.999,0,0.999,0.999,0.999,0,0.256,0.999,0.23,0.716,0.84,0,0.999,0.226,0.608,0,0.999,0.999,0.604,0.82,0,0.802,0.999,0.893,0.999,0.999,0.716,0.999,0.999,0.713,0,0.999,0.959,0.998,0,0.999,0.999,0.716,0.999,0.716,0.396,0,0,0.999,0.999,0.715,0.823,0.17,0,0.999,0.283,0.999,0.877,0.864,0.283,0.999,0.837,0,0.218,0,0,0,0.999,0,0,0.608,0.999,0.213,0.882,0.999,0.836,0.26,0.881,0.999,0.999,0.272,0.939,0,0.999,0.217,0.716,0.999,0,0.787,0.999,0.999,0.341,0,0.999,0.999,0.183,0.918,0.649,0.295,0,0.664,0.156,0,0.165,0.996,0.743,0,0.717,0.377,0.826,0.893,0,0.932,0.999,0.999,0.999,0.427,0,0,0.999,0.999,0,0,0.999,0,0.999,0.999,0,0.999,0,0,0.999,0.18,0.999,0.96,0,0.999,0.999,0.999,0,0.837,0.999,0,0.911,0,0,0.999,0,0.999,0,0,0.999,0,0.801,0,0.519,0,0,0,0,0,0,0,0,0.811,0,0,0,0,0,0,0.807,0,0,0,0,0.8,0.203,0,0,0,0.158,0,0,0,0,0,0,0,0,0,0,0,0.482,0,0.999,0,0,0,0,0,0,0,0,0,0,0,0.884,0.807,0,0.495,0.203,0.813,0.319,0,0,0,0,0,0,0,0,0,0,0,0,0,0,0,0.818,0,0,0,0,0,0,0,0.807,0,0.8,0,0,0,0.98,0.8,0,0,0,0.157,0,0,0,0.153,0,0,0,0,0,0,0,0,0,0.188,0,0,0,0,0.151,0,0,0,0,0,0,0,0,0.25,0,0,0,0,0,0,0,0,0,0,0,0,0,0,0,0,0,0,0,0.181,0,0,0.153,0,0,0,0,0,0,0,0,0,0,0,0,0,0,0,0,0,0,0,0,0,0,0,0.157,0,0,0,0,0,0,0,0,0.25,0,0,0,0,0,0,0.203,0,0,0,0,0,0,0,0.154,0,0,0,0,0,0,0,0,0,0,0,0,0,0,0,0,0,0.167,0,0,0,0,0,0,0,0,0,0,0,0,0,0,0,0,0,0,0,0,0,0,0,0,0,0.8,0.294,0,0,0.906,0,0,0,0.841,0.668,0.923,0,0.829,0,0,0,0,0,0.93,0.343,0.194,0,0,0,0,0,0,0,0,0,0,0,0,0,0,0,0,0,0,0,0,0,0,0,0,0,0,0,0,0.394,0.231,0.156,0,0,0,0,0.17,0.192,0,0,0,0,0,0,0,0,0,0,0,0,0,0,0,0,0,0.354,0,0,0,0,0,0,0,0,0,0,0,0,0,0,0,0,0,0,0.293,0,0,0,0,0,0,0,0,0,0,0,0,0,0,0,0,0,0,0,0,0,0,0,0,0,0,0,0,0,0,0,0,0,0,0,0,0,0,0,0,0.183,0,0,0,0,0,0,0,0,0,0,0,0,0,0,0,0.166,0,0,0,0,0.168,0,0,0,0,0,0,0,0,0,0,0,0,0,0,0,0.281,0,0,0,0,0,0,0,0,0,0,0,0,0.214,0.792,0,0,0,0,0,0,0,0,0,0,0,0,0,0,0,0,0,0,0,0,0,0,0,0,0,0,0.16,0,0,0,0.196,0,0,0.228,0,0,0,0,0,0,0,0,0,0,0,0,0,0,0,0,0,0,0,0,0,0,0,0,0,0,0,0,0,0,0,0,0,0,0,0,0,0,0,0,0,0,0,0,0,0,0,0,0.327,0,0,0,0,0,0,0,0,0,0,0,0,0,0,0,0,0,0,0,0,0,0,0,0,0,0,0,0,0,0,0,0,0,0,0,0,0,0,0,0,0,0,0,0,0,0,0,0,0,0,0,0,0,0,0,0,0,0,0,0,0,0,0.222,0,0,0,0,0,0,0,0,0,0,0,0,0,0,0,0,0,0,0,0,0,0,0,0,0,0,0,0,0,0,0,0,0,0.252,0,0,0,0,0,0,0,0,0,0,0,0,0,0,0,0,0,0,0,0,0,0,0,0,0,0,0,0,0,0,0,0,0,0,0,0,0,0,0,0,0,0,0,0,0,0,0,0,0,0,0,0,0,0,0,0,0,0,0,0,0,0,0,0,0,0,0,0,0,0,0,0,0,0,0,0,0,0,0,0,0,0,0,0,0,0,0,0,0,0,0,0,0,0,0,0,0,0,0,0,0,0,0,0,0,0,0.259,0,0.191,0,0,0.233,0,0,0,0,0.154,0,0,0,0,0,0,0,0,0,0,0,0.171,0,0.171,0,0,0,0,0,0,0,0,0,0,0,0,0.208,0.217,0.428,0.293,0.401,0.263,0.51,0.171,0.805,0.221,0.564,0.15,0.193,0.209,0.802,0.177,0.195,0.201,0.885,0,0,0,0,0,0,0,0,0,0,0,0,0,0,0,0,0,0,0,0,0,0,0,0,0,0,0,0,0,0,0,0,0,0,0,0,0,0,0,0,0,0,0,0,0,0,0,0,0,0,0,0,0,0,0,0,0,0,0,0,0,0,0,0,0,0,0,0,0,0,0,0,0,0,0,0,0,0,0,0,0,0,0,0,0,0,0,0,0,0,0,0,0,0,0,0,0,0,0,0,0,0,0,0,0,0,0,0,0,0,0,0,0,0,0,0,0,0,0,0,0,0,0,0,0,0,0,0,0,0,0,0,0,0,0,0,0,0,0,0,0,0,0,0,0,0,0,0,0,0,0,0,0,0,0,0,0,0,0,0,0,0,0,0,0,0,0,0,0,0,0,0,0,0,0,0,0,0,0,0,0,0,0,0,0,0,0,0,0,0,0,0,0,0,0,0,0,0,0,0,0,0,0,0,0,0,0,0,0,0,0,0,0,0,0,0,0,0,0,0,0,0,0,0,0,0,0,0,0,0,0,0,0,0,0,0,0,0,0,0,0,0,0,0,0,0,0,0,0,0,0,0,0,0,0,0,0,0,0,0,0,0,0,0,0,0,0,0,0,0,0,0,0,0,0,0,0,0,0,0,0,0,0,0,0,0,0,0,0,0,0,0,0,0,0,0,0,0,0,0,0,0,0,0,0,0,0,0,0,0,0,0,0,0,0,0,0,0,0,0,0,0,0,0,0,0,0,0,0,0,0,0,0,0,0,0,0,0,0,0,0,0,0,0,0,0,0,0,0,0,0,0,0,0,0,0,0,0,0,0,0,0,0,0,0,0,0,0,0,0,0,0,0,0,0,0,0,0,0,0,0,0,0,0,0,0,0,0,0,0,0,0,0,0,0,0,0,0,0,0,0,0,0,0,0,0,0,0,0,0,0,0,0,0,0,0,0,0,0,0,0,0,0,0,0,0,0,0,0,0,0,0,0,0,0,0,0,0,0,0,0,0,0,0,0,0,0,0,0,0,0,0,0,0,0,0,0,0,0,0,0,0,0,0,0,0,0,0,0,0,0,0,0,0,0,0,0,0,0,0,0,0,0,0,0,0,0,0,0,0,0,0,0,0,0,0,0,0,0,0,0,0,0,0,0,0,0,0,0,0,0,0,0,0,0,0,0,0,0,0,0,0,0,0,0,0,0,0,0,0,0,0,0,0,0,0,0,0,0,0,0,0,0,0,0,0,0,0,0,0,0,0,0,0,0,0,0,0
854480,0,0,0,0,0,0,0.228,0,0,0.298,0,0,0,0,0,0,0,0,0.156,0,0,0,0,0,0.168,0,0,0,0,0,0,0,0,0,0,0,0,0,0,0,0,0.155,0,0,0.187,0,0,0,0,0,0.57,0,0,0,0,0,0,0,0,0,0,0.314,0.703,0,0,0,0,0.158,0,0,0.376,0,0,0,0,0,0,0,0,0,0,0,0,0,0,0.414,0,0,0.187,0,0,0,0,0,0,0,0,0.392,0,0,0,0,0,0,0,0,0,0,0,0,0,0,0,0,0,0,0,0,0.339,0,0,0,0,0,0,0.252,0,0,0,0,0.156,0,0,0,0,0,0,0,0,0,0.201,0,0.307,0,0,0,0.865,0,0,0,0,0,0,0,0,0,0.594,0,0,0,0,0,0,0,0,0,0,0,0,0.299,0,0,0,0,0,0,0,0,0,0,0,0,0,0.445,0,0,0,0.155,0.158,0.512,0,0.193,0.273,0,0,0.573,0,0,0,0.159,0.547,0.869,0.311,0,0,0,0,0,0,0,0,0,0,0,0,0,0,0.202,0.345,0,0,0,0,0,0,0,0,0,0,0,0,0,0,0,0,0.807,0,0,0,0.236,0,0,0,0,0.412,0,0,0.237,0,0.369,0,0.482,0,0,0,0,0.318,0.909,0,0.498,0,0,0,0.916,0,0,0,0,0,0,0,0.425,0,0.759,0,0,0.429,0,0,0,0,0,0,0,0.966,0,0,0,0.187,0,0,0,0,0,0,0,0.361,0.173,0,0,0,0,0,0,0,0.982,0,0,0,0,0,0.187,0,0.17,0,0,0,0,0,0.341,0.914,0,0,0,0,0.228,0,0.423,0,0,0,0.981,0,0.242,0,0,0,0,0.385,0.489,0,0,0,0,0,0,0.807,0,0,0,0,0,0,0,0.159,0,0,0,0,0,0.28,0,0,0,0,0,0,0,0,0,0.162,0,0,0,0,0,0,0.339,0,0,0,0,0,0,0,0,0.211,0,0,0.86,0.534,0,0,0.465,0,0,0,0,0,0,0,0,0.947,0.92,0,0,0,0,0,0,0.154,0,0,0,0.773,0,0,0,0.43,0,0,0,0.156,0,0,0.174,0,0.787,0,0.449,0,0,0.285,0,0.545,0.173,0,0.862,0.152,0.441,0,0.154,0.159,0,0,0,0,0.296,0,0.315,0,0,0,0.938,0,0.153,0,0,0,0,0,0,0,0,0.641,0.339,0,0,0,0,0,0,0,0,0,0,0.213,0,0,0,0,0,0,0,0,0,0,0.166,0,0,0,0.272,0,0,0.507,0,0,0.229,0,0.566,0,0,0,0,0,0,0.732,0.469,0,0,0,0,0,0,0,0,0.191,0,0,0,0,0.37,0,0,0,0,0,0.243,0.348,0,0,0.654,0,0,0,0,0,0,0,0.254,0,0,0,0,0,0.17,0,0,0,0,0,0,0,0.917,0.677,0,0.24,0,0,0.233,0,0,0,0.294,0,0,0,0,0,0,0,0.814,0,0,0,0.23,0,0,0,0,0,0,0,0,0,0,0,0,0.248,0,0,0.259,0.208,0,0,0,0,0,0,0,0,0,0.632,0,0.314,0,0,0,0,0,0.216,0,0,0,0.323,0,0,0,0.234,0,0,0,0.303,0,0,0,0,0.152,0,0,0.528,0,0,0,0,0,0.163,0,0,0,0.18,0,0,0,0,0,0,0,0,0.161,0,0.313,0,0,0,0.395,0,0.343,0,0,0,0,0,0,0,0,0,0.189,0,0,0,0,0.637,0,0,0,0,0.916,0.18,0,0,0,0,0,0,0,0,0,0,0.185,0,0,0,0,0,0,0,0.163,0,0,0,0,0.301,0,0,0.361,0,0.91,0,0,0,0,0.289,0,0.187,0.225,0,0,0,0.407,0,0,0.168,0,0,0,0.436,0.454,0.945,0,0,0,0,0,0,0,0,0,0.38,0,0.212,0,0,0,0,0.94,0.631,0,0.928,0,0,0,0,0.256,0.498,0,0,0,0,0.261,0,0,0.949,0,0.449,0,0,0,0,0.208,0.722,0,0,0.586,0.34,0,0,0,0.276,0,0,0,0,0,0,0,0,0,0.954,0,0,0,0.469,0.343,0,0,0.492,0.24,0,0.43,0.562,0,0,0,0,0,0,0,0.674,0.15,0,0.277,0,0,0,0,0,0.152,0,0,0.196,0.288,0.937,0,0,0.918,0,0,0,0,0,0.782,0,0,0,0,0,0,0,0,0,0.152,0,0,0,0.513,0,0.967,0,0.299,0,0,0.385,0,0,0,0,0,0,0,0,0,0,0.48,0,0,0,0,0,0,0,0,0,0,0,0.316,0.15,0.717,0,0,0,0,0,0,0,0,0.354,0.187,0,0,0.154,0.242,0,0,0.455,0.171,0,0.217,0,0,0.165,0.55,0,0.722,0,0,0.217,0.401,0.169,0,0,0.15,0,0,0,0.497,0.235,0.198,0.972,0,0,0.177,0.819,0,0,0.29,0,0,0,0,0,0,0.205,0,0,0.175,0,0,0,0,0.369,0,0.241,0,0,0,0.574,0.159,0,0,0,0,0,0,0.208,0,0.236,0,0,0,0,0,0,0,0,0,0,0,0.475,0,0,0,0,0,0,0,0,0,0,0,0,0,0,0,0,0,0.199,0.171,0,0,0,0,0,0,0,0,0,0,0,0,0,0,0,0,0,0,0,0,0,0,0,0,0,0,0,0,0,0,0,0,0,0,0.16,0,0,0,0.458,0,0,0.326,0,0,0,0.187,0,0,0,0.308,0.463,0.453,0,0,0,0.17,0.3,0.905,0,0,0.613,0.158,0,0,0,0.4,0,0,0.354,0,0.189,0,0,0.158,0,0,0,0.758,0,0,0.89,0,0,0.187,0,0,0,0,0,0,0,0,0,0,0.372,0.933,0.168,0,0,0,0.276,0.187,0.798,0,0,0.17,0,0.675,0.171,0.182,0,0,0.45,0,0,0,0.64,0.195,0,0,0,0.676,0,0.187,0,0,0,0,0.201,0,0,0,0.187,0.496,0,0.192,0,0,0,0.945,0,0,0,0,0.17,0,0.445,0,0,0.159,0,0.172,0,0,0,0,0.271,0.744,0,0,0,0.182,0.371,0.175,0,0,0,0.493,0,0,0,0,0.509,0,0,0.289,0,0,0,0,0,0,0,0,0.921,0,0,0,0.17,0.485,0,0.187,0,0.499,0,0,0,0,0.17,0,0.24,0,0,0,0.266,0,0,0.332,0.165,0.365,0.258,0.211,0.342,0.166,0,0.168,0,0,0.289,0,0.161,0,0,0.187,0,0.203,0.55,0,0.572,0,0,0,0,0.194,0,0,0,0.181,0,0.306,0,0.303,0,0.38,0,0.209,0.19,0.187,0.328,0.162,0.183,0.438,0,0,0,0,0,0.693,0,0.462,0,0,0.224,0,0,0.29,0,0,0,0,0.17,0.23,0,0,0,0,0.187,0,0.58,0,0,0,0,0,0,0.264,0.411,0.655,0,0.182,0.155,0.519,0,0,0,0.902,0.456,0.38,0.497,0.574,0.424,0,0,0.163,0,0.294,0,0.342,0,0,0.161,0.187,0.17,0,0,0.398,0,0.187,0.522,0,0.689,0.289,0.478,0,0.251,0.388,0,0,0,0,0.25,0.188,0.274,0,0.184,0.187,0.352,0.945,0.153,0,0.446,0.187,0,0,0.197,0,0.905,0,0,0,0.187,0.238,0,0,0,0.217,0.187,0.572,0.7,0.182,0,0.187,0,0,0,0,0.571,0.617,0.675,0,0,0.638,0,0,0,0,0.151,0,0,0,0,0,0,0.176,0.187,0.201,0,0.268,0,0.326,0,0,0.513,0,0,0.34,0.153,0,0,0,0.367,0.996,0,0.261,0,0.446,0,0.319,0,0,0.728,0,0.38,0,0.182,0.332,0.152,0.275,0,0,0.211,0.397,0,0,0,0,0.933,0,0,0.829,0.237,0,0,0,0,0.33,0.244,0,0,0,0.598,0.465,0,0.229,0.491,0,0,0,0.78,0,0.225,0,0,0.423,0,0,0,0.186,0.412,0,0,0,0.618,0.225,0.579,0,0,0,0.927,0.326,0,0.415,0.199,0,0.223,0,0,0,0,0.18,0,0.441,0.9,0,0,0,0,0.266,0.291,0,0,0.161,0,0,0,0,0,0,0,0.168,0.441,0,0,0,0,0.265,0.226,0,0,0.597,0.213,0,0.333,0,0,0.315,0,0,0,0,0,0.478,0,0,0.38,0,0.173,0.182,0.187,0,0.304,0,0.748,0.187,0,0,0.167,0.351,0.283,0.205,0,0,0,0,0,0.582,0.17,0,0,0,0,0,0,0,0.182,0.922,0.681,0,0.219,0.379,0.53,0.253,0,0.465,0.382,0,0,0,0,0,0,0,0,0,0,0,0,0,0,0,0,0,0,0,0,0,0,0,0,0,0,0,0,0,0,0,0,0,0,0,0.174,0,0,0.435,0,0,0,0,0,0,0,0,0,0,0,0,0,0,0,0,0,0,0,0,0,0,0,0,0,0,0,0,0,0,0,0,0,0,0,0,0,0,0,0,0,0,0,0,0,0,0,0,0,0,0,0.308,0.388,0,0,0,0.184,0,0,0,0,0,0,0,0,0,0.291,0.179,0,0,0,0,0,0,0,0.295,0,0.289,0,0.22,0,0,0,0,0,0,0,0,0,0,0,0,0,0,0.207,0,0,0,0,0,0,0,0,0,0,0,0,0,0.287,0,0,0,0,0,0,0,0,0,0,0,0,0,0,0,0.166,0,0,0.165,0,0.153,0,0,0,0,0,0,0,0,0,0,0,0,0,0.234,0,0,0,0,0,0,0,0.202,0,0,0,0.244,0,0,0,0,0,0,0,0,0,0,0,0,0,0,0,0.242,0,0,0,0,0,0,0,0,0,0,0,0,0,0,0,0,0,0,0,0,0,0,0,0,0,0,0,0,0,0,0,0,0,0,0,0,0,0,0,0,0,0,0,0.328,0.195,0,0,0,0,0,0,0,0.185,0.161,0,0,0.211,0,0,0,0,0.257,0,0,0,0,0,0,0,0,0,0,0,0.177,0,0,0,0,0,0,0,0.383,0.412,0,0,0,0,0,0,0.331,0.16,0.19,0,0,0,0,0,0,0,0,0.245,0.207,0.235,0,0,0,0,0,0,0,0,0,0,0,0,0,0,0,0,0,0,0,0.158,0,0,0,0,0,0,0,0,0.911,0,0,0,0,0,0,0,0,0,0,0,0,0,0,0,0.181,0,0,0.183,0,0,0,0,0,0,0,0,0,0,0,0,0,0,0,0,0,0,0,0,0.196,0,0,0,0,0,0,0.907,0,0,0,0,0,0,0,0,0,0,0,0,0,0,0,0,0,0,0,0,0,0,0,0,0,0,0,0,0,0,0,0,0,0,0,0,0,0,0,0,0,0,0,0,0.286,0,0.168,0,0.311,0,0,0,0,0,0,0,0,0,0.233,0,0,0,0,0,0,0,0,0,0,0,0,0,0,0,0,0,0,0,0,0,0,0,0,0,0,0,0,0,0,0,0,0,0.207,0,0,0,0,0,0,0,0,0,0,0,0.168,0,0,0,0,0,0,0,0,0,0,0,0,0,0,0,0,0,0,0,0.387,0,0,0,0,0,0,0,0,0,0,0,0,0.168,0,0,0,0,0,0,0,0.192,0,0,0,0,0,0.372,0,0,0,0,0,0,0,0.218,0,0,0,0,0,0,0,0.181,0,0,0,0.581,0,0,0,0,0,0,0.172,0,0,0,0,0,0,0,0,0,0,0,0,0,0,0,0,0,0,0,0.196,0,0,0,0,0,0,0,0,0,0,0,0,0,0,0,0,0,0,0,0,0,0,0,0,0,0,0,0,0,0,0,0,0,0,0,0,0,0,0,0,0,0,0,0,0,0,0,0,0,0,0,0,0,0,0,0,0.31,0,0,0,0,0,0,0,0,0,0,0,0,0,0,0,0,0,0,0,0,0,0,0,0,0,0,0,0,0,0,0,0,0,0,0,0,0.179,0,0,0,0,0,0,0,0,0,0,0,0,0,0,0,0,0.173,0,0,0.254,0,0.203,0,0,0,0,0,0,0,0,0.197,0,0,0,0,0,0,0,0,0,0.571,0.211,0,0,0,0,0,0,0,0,0,0,0,0,0,0,0,0,0,0,0,0,0,0.162,0,0,0.263,0,0,0.315,0,0,0,0.15,0,0,0.173,0,0,0,0,0.969,0,0,0,0,0,0,0.211,0,0,0,0,0,0,0,0,0,0,0,0,0,0,0,0,0.188,0,0,0,0,0,0,0,0,0,0,0,0,0,0,0,0.203,0,0.45,0,0,0,0.163,0,0,0,0,0,0,0,0,0,0,0,0,0,0,0,0.212,0,0,0,0,0,0,0,0,0,0,0,0,0,0,0,0,0,0,0,0,0.25,0.221,0,0,0,0,0,0,0,0,0,0,0,0,0,0,0,0,0,0,0,0,0,0,0,0,0,0,0,0,0,0,0,0,0,0,0,0,0,0,0,0,0,0,0,0,0.152,0,0,0,0,0,0,0,0,0,0,0,0,0,0,0,0,0,0,0,0,0,0,0,0,0,0,0,0,0,0,0,0,0,0,0,0,0,0,0,0,0,0,0,0,0,0,0,0,0,0,0,0,0,0,0,0,0,0,0,0,0,0,0,0,0,0,0,0,0,0,0,0,0,0,0,0,0,0,0,0,0,0,0,0.154,0,0.662,0,0,0,0,0,0,0,0,0,0,0,0,0,0,0,0,0,0,0,0,0,0,0,0,0.272,0,0,0,0,0,0,0,0,0.171,0.224,0,0.915,0,0,0.158,0,0,0,0,0,0,0.708,0.981,0.177,0,0,0.459,0,0.161,0,0.434,0,0.152,0.174,0,0,0.209,0,0,0,0.25,0,0.558,0.165,0,0.615,0,0,0,0.173,0,0.828,0,0,0.158,0,0,0.176,0,0,0.153,0,0.954,0,0,0.173,0,0.338,0.168,0.236,0.158,0,0.25,0.212,0,0,0,0,0.921,0,0.258,0,0.167,0,0,0.448,0,0.945,0,0.171,0.219,0,0,0,0.262,0.43,0,0,0.207,0,0,0,0,0,0,0.363,0,0,0,0,0,0.189,0.167,0,0.209,0.213,0.153,0.183,0.187,0.435,0,0.175,0.848,0,0.178,0,0,0,0,0,0,0,0,0.422,0,0.158,0,0.151,0.253,0,0,0,0,0.249,0.171,0.428,0,0,0,0.918,0,0.201,0,0.912,0,0.296,0.152,0,0.231,0,0.171,0.211,0,0,0,0,0,0,0,0,0.904,0,0,0,0,0,0,0,0,0,0,0,0,0,0,0,0,0,0,0,0,0,0,0,0,0,0,0,0,0,0,0,0,0,0,0,0,0,0,0,0,0,0,0,0,0,0,0,0,0,0,0,0,0,0,0,0,0,0,0,0,0,0,0,0,0,0,0,0,0,0,0,0,0,0,0,0,0,0,0,0,0,0,0,0,0,0,0,0,0,0,0,0,0,0,0,0,0,0,0,0,0,0,0,0,0,0,0,0,0,0,0,0,0,0,0,0,0,0,0,0,0,0,0,0,0,0,0,0,0,0,0,0,0,0,0,0,0,0,0,0,0,0,0,0,0,0,0,0,0,0,0,0,0,0,0,0,0,0,0,0,0,0,0,0,0,0,0,0.359,0,0,0,0,0,0,0,0,0,0,0,0,0,0,0,0,0,0,0,0,0,0,0,0,0,0,0,0,0,0,0,0,0,0,0,0,0,0,0,0,0,0,0,0,0,0,0,0,0,0,0,0,0,0,0,0,0,0.164,0,0,0,0,0,0,0,0,0,0,0,0,0,0,0,0,0,0,0,0,0,0,0,0,0,0,0,0,0,0,0,0,0,0,0,0,0,0,0,0,0,0,0,0,0,0,0,0,0,0,0,0,0,0,0,0,0,0,0,0,0,0,0,0,0,0.901,0,0,0,0,0,0,0,0,0,0,0,0,0,0,0,0,0,0,0,0,0,0,0,0,0,0,0,0,0,0,0,0,0,0,0,0,0,0,0,0,0,0,0,0,0,0,0,0,0,0,0,0,0,0,0,0,0,0,0,0,0,0,0,0,0,0,0,0,0,0,0,0,0,0,0,0,0,0,0,0,0,0,0,0,0,0,0,0,0,0,0,0,0,0,0,0,0,0,0,0,0,0,0,0,0,0,0,0,0,0,0,0,0,0,0,0,0,0,0,0,0,0,0,0,0,0,0,0,0,0,0,0,0,0,0,0,0,0,0,0,0,0,0,0,0,0,0,0,0,0,0,0,0,0,0,0,0,0,0,0,0,0,0,0,0,0,0,0,0,0,0,0,0,0,0,0,0,0,0,0,0,0,0,0,0,0,0,0,0,0,0,0,0,0,0,0,0,0,0,0,0,0,0,0,0,0,0,0,0,0,0,0,0,0,0,0,0,0,0,0,0,0,0,0,0,0,0,0,0,0,0,0,0,0,0,0,0,0,0,0,0,0,0,0,0,0,0,0,0,0,0,0,0,0,0,0,0,0,0,0,0,0,0,0,0,0,0,0,0,0,0,0,0,0,0,0,0,0,0,0,0,0,0,0,0,0,0,0,0,0,0,0,0,0,0,0,0,0,0,0,0,0,0,0,0,0,0,0,0,0,0,0,0,0,0,0,0,0,0,0,0,0,0,0,0,0,0,0.3,0,0,0,0,0,0,0,0,0,0,0,0,0,0,0,0,0,0,0,0,0,0,0,0,0,0,0,0,0,0,0,0,0,0,0,0,0,0,0,0,0,0,0,0,0,0,0,0,0,0,0,0,0,0,0,0,0,0,0,0,0,0,0,0,0,0,0,0,0,0,0,0,0,0.353,0,0,0,0,0,0,0,0,0,0,0,0,0,0,0,0,0,0,0,0,0,0,0,0,0,0,0,0,0,0,0,0,0,0,0,0.216,0,0,0,0,0,0,0,0,0,0,0,0,0.155,0.233,0,0,0,0,0,0,0,0,0,0,0,0,0,0,0,0,0,0,0,0,0,0,0,0,0,0,0,0,0,0,0,0,0,0,0,0,0,0,0,0,0,0,0,0,0,0,0,0,0,0,0,0,0,0,0,0,0,0,0,0,0,0,0,0,0,0,0,0,0,0,0,0,0,0,0,0,0,0,0,0,0,0,0,0,0,0,0,0,0,0,0,0,0,0,0,0,0,0,0,0,0,0,0,0,0,0,0,0,0,0,0,0,0,0,0,0,0,0,0,0,0,0,0,0,0,0,0,0,0,0,0,0,0,0,0,0,0,0,0,0,0,0,0,0,0,0,0,0,0,0,0,0,0,0,0,0,0,0,0,0,0,0,0,0,0,0,0,0,0,0,0,0,0,0,0,0,0,0,0,0,0,0,0,0,0,0,0,0,0,0,0,0,0,0,0,0,0,0,0,0,0,0,0,0,0,0,0,0,0,0,0,0,0,0,0,0,0,0,0,0,0,0,0,0,0,0,0,0,0,0,0,0,0,0,0,0,0,0,0,0,0,0.266,0,0,0,0,0,0,0,0,0,0,0,0,0,0.159,0,0,0,0,0,0,0,0,0,0,0,0,0,0,0,0,0,0,0,0,0,0,0,0,0,0,0,0,0,0,0,0,0,0,0,0,0,0,0,0,0,0,0,0,0,0,0.377,0,0,0,0,0,0,0,0,0,0,0,0,0,0,0,0,0,0,0,0,0,0,0,0,0,0,0,0.901,0,0,0.571,0,0,0,0,0,0,0,0,0,0,0,0,0,0,0,0,0,0,0,0,0,0,0,0,0,0,0,0,0,0,0,0,0,0,0,0,0,0,0,0,0,0,0,0,0,0,0,0,0.915,0,0,0,0,0,0,0,0,0,0,0,0,0,0,0,0,0,0,0,0,0,0,0,0,0,0,0,0,0,0,0,0,0,0,0,0,0,0,0,0,0,0,0,0,0,0,0,0,0,0,0,0,0,0,0,0,0,0,0,0,0,0,0,0,0,0,0,0,0,0,0,0,0,0,0,0,0,0,0,0,0,0,0,0,0,0,0,0,0,0,0,0,0,0,0,0,0,0,0,0,0,0,0,0,0,0,0,0,0,0,0,0,0,0,0,0,0,0,0,0,0,0,0,0,0,0,0,0,0,0,0,0,0,0,0,0,0,0,0,0,0,0.901,0.916,0,0,0,0,0,0,0,0,0,0,0,0,0,0,0,0,0,0,0.904,0,0,0,0,0,0,0,0,0,0,0,0,0,0,0,0,0,0,0,0,0,0,0,0,0,0,0,0,0,0,0,0,0,0,0,0,0,0,0,0,0,0,0,0,0,0,0,0.286,0,0,0,0,0,0,0,0,0,0,0,0,0,0,0,0,0,0,0,0,0,0,0,0,0,0,0,0,0,0,0,0,0,0,0,0,0,0,0,0,0,0,0,0,0,0,0,0,0,0,0,0,0,0,0,0,0,0,0,0,0,0,0,0,0,0,0,0,0,0,0,0,0.371,0,0,0,0,0,0,0,0,0,0,0,0,0,0,0,0,0,0,0,0,0,0,0,0,0,0,0,0,0,0,0,0,0,0,0,0,0,0,0,0,0,0,0,0,0,0,0,0,0,0,0,0,0,0,0,0,0,0,0,0,0,0,0,0,0,0,0,0,0,0,0,0,0,0,0,0,0,0,0,0,0,0,0,0,0,0,0,0,0,0,0,0,0,0,0,0,0,0,0,0,0,0,0,0,0,0,0,0,0,0,0,0,0,0,0,0,0,0,0,0,0,0,0,0,0,0,0,0,0,0,0,0,0,0,0,0
853033,0,0,0,0.151,0,0,0,0,0,0,0,0,0,0,0,0.372,0,0,0,0,0,0,0,0,0,0,0.51,0,0,0,0,0,0,0,0,0,0,0,0,0,0,0,0,0,0,0,0,0,0,0,0,0,0,0,0,0.243,0.232,0,0,0,0,0,0,0,0,0.455,0,0,0,0,0.509,0.942,0,0,0,0,0.175,0,0,0,0,0,0,0,0,0.182,0,0,0,0,0,0,0,0,0,0,0,0,0.362,0,0,0,0.215,0,0,0,0,0,0,0,0,0,0,0,0,0,0,0,0,0,0,0,0,0,0,0,0,0,0,0,0,0,0,0,0,0,0,0,0.5,0,0,0,0.269,0,0.271,0,0,0,0,0,0.412,0,0,0,0,0.347,0,0,0,0,0,0,0,0,0.366,0,0,0,0,0,0.151,0,0,0,0,0,0,0,0,0,0,0.63,0.208,0,0.348,0.175,0,0,0,0.207,0.165,0,0,0,0,0,0,0,0,0,0,0,0,0,0,0,0,0,0,0.194,0.248,0,0.211,0.221,0,0,0,0,0,0,0.222,0.27,0,0.173,0,0,0.265,0,0.757,0.241,0,0,0,0.222,0,0,0.228,0.238,0,0,0,0,0,0.214,0,0,0,0,0.165,0,0.205,0,0.418,0.188,0.201,0,0,0,0,0,0.308,0.176,0.183,0,0,0,0,0,0,0,0.17,0.186,0,0,0,0.213,0,0,0,0.329,0,0,0.226,0.829,0.252,0,0,0,0,0,0,0,0,0,0,0,0,0,0,0,0,0,0,0.242,0.189,0,0.16,0,0,0.232,0,0,0,0,0.213,0.217,0,0.27,0,0,0,0,0,0,0.208,0,0,0.287,0,0,0,0,0.243,0,0,0,0,0,0,0,0,0,0,0.165,0.327,0.232,0,0,0,0,0,0,0,0,0,0,0.16,0,0,0.879,0.257,0,0,0,0,0,0,0,0,0,0.166,0.2,0,0,0,0,0,0,0.407,0.205,0,0,0,0.178,0,0.183,0.175,0,0,0.292,0,0,0,0,0.157,0,0,0.164,0.277,0,0,0,0.27,0,0.274,0,0,0,0,0.241,0,0.325,0.922,0,0,0,0,0,0,0,0,0,0.207,0.178,0,0,0.239,0.199,0,0,0,0,0,0,0,0,0,0,0.592,0,0,0.319,0,0,0,0,0,0,0,0,0.162,0.161,0.214,0,0,0,0.3,0.256,0,0.195,0,0.235,0.202,0.2,0,0,0,0.166,0,0.2,0,0.172,0,0.162,0,0,0.339,0,0,0.313,0,0,0,0,0,0.23,0,0.175,0,0,0,0,0,0,0,0,0,0,0,0,0,0,0,0,0.385,0,0,0,0,0,0,0,0,0,0,0,0,0,0,0,0,0,0,0,0,0,0.213,0,0,0.177,0,0,0,0,0,0,0.203,0,0.461,0,0.249,0,0,0.155,0,0,0,0,0.231,0.209,0.997,0.157,0,0,0,0,0,0.168,0,0,0,0,0.346,0,0,0,0,0,0,0,0,0,0,0,0,0.21,0,0,0,0,0,0,0,0.243,0,0,0,0,0,0.282,0.308,0,0,0.251,0,0,0,0,0,0,0,0,0.17,0.206,0,0.706,0,0.175,0.234,0,0,0,0,0,0,0.193,0.348,0,0.215,0,0,0,0,0,0.285,0,0,0.288,0.179,0,0,0.277,0,0,0,0,0.377,0.188,0,0.2,0.175,0.189,0,0.269,0,0,0.15,0,0,0.237,0,0,0,0,0.253,0.178,0.221,0.394,0.169,0,0,0,0,0.362,0,0.282,0,0,0,0.34,0,0,0,0,0,0,0,0,0,0,0,0,0,0,0,0,0,0,0,0,0,0.23,0,0,0.243,0,0,0,0,0,0,0,0,0.451,0.168,0,0,0,0,0.318,0,0,0,0,0,0,0.501,0,0.355,0,0.204,0,0,0,0,0,0,0.224,0,0,0,0.176,0,0,0,0,0,0,0,0.201,0,0,0,0,0,0,0,0.177,0,0,0,0,0.303,0,0.178,0.634,0,0,0.188,0,0,0.441,0,0,0,0,0.155,0,0,0,0,0,0.185,0,0,0.162,0.174,0,0,0,0.22,0,0,0.273,0,0,0,0,0,0,0,0.186,0,0,0,0,0,0,0,0,0,0,0,0,0.675,0.363,0,0,0,0,0,0,0,0,0.2,0,0,0,0,0,0,0,0,0.155,0,0,0,0,0,0,0,0,0,0,0.35,0,0,0.188,0,0,0.15,0.218,0,0,0,0,0.307,0,0,0.152,0.405,0,0.401,0,0,0,0,0.17,0,0,0.151,0.194,0.174,0,0.231,0.309,0.453,0.511,0,0.2,0,0,0.184,0,0,0.22,0,0.159,0.34,0,0.832,0,0,0,0.683,0.243,0.292,0,0,0.178,0,0,0.164,0,0,0,0,0,0,0.322,0.237,0,0,0,0,0,0,0,0.463,0,0,0.175,0.17,0,0,0,0,0,0,0,0,0,0,0.217,0,0,0,0.232,0.153,0,0,0,0,0.253,0,0,0.282,0,0,0,0,0,0,0,0.256,0.278,0,0,0,0,0.207,0,0,0,0,0,0,0,0,0.173,0,0,0,0.924,0.181,0,0,0,0,0.316,0,0.18,0,0,0,0,0,0,0,0,0,0,0,0,0,0,0,0,0.246,0,0,0,0,0,0,0,0,0,0.31,0,0,0,0,0,0,0,0,0.155,0,0,0,0.246,0,0.246,0,0,0,0,0,0,0.409,0,0,0,0,0,0,0,0,0,0,0,0,0,0,0,0.357,0,0,0,0,0,0.169,0,0,0.27,0,0,0,0,0,0,0,0,0,0,0,0,0,0,0,0,0,0,0,0,0,0,0,0,0,0,0,0,0,0,0,0,0.212,0,0,0,0,0,0,0,0,0,0,0,0,0,0,0,0,0,0,0,0,0,0,0,0,0,0,0,0,0,0.21,0,0.22,0,0,0,0,0,0.175,0,0,0,0,0,0,0,0,0,0,0,0,0,0,0,0,0,0,0,0.156,0,0,0,0,0,0,0,0.152,0,0,0,0,0,0,0,0,0,0.171,0,0.156,0,0.241,0,0,0,0,0,0,0,0.254,0,0,0,0,0,0,0,0,0,0,0,0,0,0,0,0,0,0,0,0,0,0,0,0,0,0,0,0.215,0,0,0,0,0,0.258,0,0,0,0,0,0,0,0.237,0.371,0,0,0,0,0,0,0,0,0.178,0,0,0.466,0,0,0,0,0,0,0,0,0,0,0,0,0,0,0.156,0,0,0,0,0,0,0,0,0,0,0,0,0,0,0,0,0,0,0,0,0,0,0,0,0,0,0,0,0.445,0,0,0,0,0.185,0,0.165,0,0,0,0,0,0,0,0,0.177,0,0,0,0,0,0,0,0.229,0.402,0,0,0.237,0,0,0,0,0,0,0,0,0,0,0,0,0,0,0,0,0,0.281,0,0,0.22,0,0,0,0,0,0,0,0,0,0,0,0,0,0,0,0,0,0,0,0,0,0.216,0,0,0,0,0,0,0,0,0,0,0,0,0,0,0.461,0,0,0,0,0,0,0,0,0,0,0,0,0,0,0,0,0.15,0,0,0,0,0,0,0,0,0,0,0,0,0,0,0,0,0,0.174,0.252,0,0,0,0,0,0,0,0,0,0,0,0,0,0,0,0,0,0,0,0,0.744,0,0,0,0,0,0,0,0,0,0,0,0,0,0,0,0,0,0,0,0,0,0,0,0,0,0,0,0,0,0,0,0,0,0,0,0.23,0,0,0,0,0,0,0,0,0,0,0,0,0,0,0,0,0,0,0,0,0,0,0,0.53,0,0,0,0,0,0,0,0,0,0,0,0,0.224,0.574,0,0,0,0.161,0,0,0,0,0,0,0,0,0,0,0,0,0,0,0.194,0,0.338,0,0,0,0,0,0.156,0,0,0,0,0.242,0,0,0,0,0,0,0,0,0,0,0.258,0,0,0,0,0,0,0.228,0,0,0,0,0,0,0,0,0,0,0,0,0,0,0,0,0,0,0,0,0,0,0,0,0,0.463,0,0,0,0,0,0.365,0,0,0,0.206,0,0,0,0,0,0,0,0,0,0,0,0,0,0,0,0,0,0,0,0,0,0,0,0,0,0,0,0,0,0,0,0.189,0.216,0,0,0,0,0,0,0,0,0,0,0,0,0,0,0,0,0,0,0,0,0,0,0,0,0,0,0,0.222,0,0,0,0,0.168,0,0,0,0,0,0,0,0,0,0,0,0,0,0,0.15,0,0,0,0,0,0,0,0,0,0,0,0,0,0,0,0,0,0,0,0.253,0,0,0,0,0,0,0,0,0,0.439,0,0,0,0,0,0,0,0,0,0,0,0,0,0.198,0,0,0,0,0,0,0,0,0,0.231,0,0,0.237,0,0,0,0.173,0,0,0,0,0,0.442,0,0,0,0,0.279,0.227,0,0,0.215,0,0,0,0,0,0,0,0.157,0,0,0.216,0,0,0,0,0,0,0,0,0,0,0,0,0,0,0,0,0,0.157,0,0,0.308,0,0,0,0.256,0,0,0.187,0,0,0,0,0,0,0,0.254,0,0,0,0,0,0,0,0,0,0,0.673,0,0,0,0,0,0,0,0,0.169,0.294,0,0,0.189,0,0,0,0,0,0,0,0,0,0,0,0,0,0,0,0,0,0,0,0,0,0,0,0,0,0,0,0.589,0,0,0,0,0.185,0.781,0,0,0,0.228,0,0,0,0,0,0,0,0,0,0,0,0,0,0,0.152,0,0.374,0,0,0,0,0,0,0,0,0,0,0,0,0,0,0,0,0,0.245,0,0,0,0,0,0,0,0,0.167,0,0,0,0,0.412,0,0,0,0,0,0,0,0,0,0,0,0.262,0.222,0.222,0,0,0,0,0,0,0,0,0,0,0,0,0,0,0.249,0,0,0,0,0,0,0,0,0,0.238,0,0,0,0,0,0,0,0,0,0.231,0,0,0,0.25,0,0,0,0,0,0,0,0,0,0,0,0,0,0,0,0,0,0,0,0,0,0,0,0,0,0,0,0,0.19,0,0,0.251,0,0,0,0,0,0.324,0,0,0,0.185,0,0.251,0,0,0,0,0,0,0,0.191,0,0,0,0,0,0,0,0,0,0,0.251,0,0.355,0,0,0,0.76,0,0,0.938,0,0,0,0,0,0,0,0,0.19,0,0.191,0.218,0,0.251,0,0,0.177,0,0,0,0,0,0,0.201,0,0,0,0.278,0,0,0,0,0,0,0,0,0,0,0,0,0,0,0.17,0.188,0,0,0,0,0,0,0,0,0,0,0,0,0,0,0,0,0.16,0,0,0,0,0,0,0,0,0.171,0,0,0,0,0,0,0,0,0,0,0,0,0,0,0,0,0,0,0,0,0,0.445,0,0,0,0,0,0,0,0,0,0,0,0,0,0,0,0,0,0,0,0,0,0,0,0,0,0,0,0,0,0,0,0,0,0,0,0,0,0.494,0,0,0,0.182,0,0,0,0.232,0,0,0,0,0.203,0.615,0,0.625,0,0.173,0,0,0,0,0,0,0,0,0,0,0,0,0,0,0,0,0,0,0,0,0,0,0,0,0,0,0,0,0.632,0,0,0,0,0,0,0,0,0.178,0,0.289,0,0,0,0,0,0,0,0,0,0,0,0,0,0,0,0,0,0,0,0,0,0,0,0,0,0,0,0,0,0.31,0,0,0,0,0,0,0,0,0,0,0.339,0,0.689,0.69,0.18,0,0,0,0,0.743,0,0,0,0.39,0,0,0,0,0,0,0,0,0,0,0.163,0,0,0,0,0,0,0,0,0,0.759,0,0.177,0,0,0,0.319,0,0,0,0,0.205,0,0,0,0,0,0,0.177,0,0.726,0,0,0.195,0,0,0,0,0,0,0,0,0,0.278,0,0,0.523,0,0,0,0,0,0,0,0,0.339,0,0,0,0,0,0,0,0.319,0,0,0,0.282,0,0,0.247,0,0,0,0,0,0,0,0,0,0,0,0.523,0.245,0,0,0,0,0,0,0,0.388,0,0.285,0,0.286,0,0,0,0,0,0.186,0,0,0,0,0,0,0,0,0,0,0,0.197,0,0,0,0,0,0,0,0,0,0,0,0,0,0,0,0,0,0,0,0,0,0,0,0,0,0,0,0,0,0,0,0,0.316,0,0,0,0,0,0,0,0,0,0,0,0,0,0.164,0,0,0,0,0,0,0,0,0.709,0,0,0,0,0,0,0,0,0,0,0,0,0.871,0.217,0,0,0,0,0,0.392,0,0,0,0,0,0,0,0,0,0,0,0,0,0,0.649,0,0,0,0,0,0,0,0,0,0,0,0,0,0,0,0,0,0,0,0,0,0,0.363,0,0,0,0,0,0,0,0,0,0.497,0,0,0,0,0,0.281,0,0,0,0,0,0,0,0,0,0,0,0.153,0,0,0,0,0,0,0.208,0.26,0,0,0,0,0.434,0,0,0,0,0,0,0,0,0,0,0,0,0,0,0,0,0,0,0,0,0,0,0,0,0,0,0,0,0,0,0,0,0,0,0,0,0,0.37,0,0,0,0,0,0,0,0,0,0,0,0,0,0,0,0,0,0,0,0,0,0,0,0,0,0,0,0,0,0,0,0,0,0,0,0,0.152,0,0,0,0,0,0,0,0,0,0,0,0,0,0.221,0,0,0,0,0,0.328,0,0,0,0,0,0,0,0,0,0,0,0,0,0,0,0,0,0,0,0,0,0,0,0,0,0,0,0,0,0,0,0,0,0,0,0,0,0,0,0,0,0,0,0,0,0,0,0,0,0,0,0,0,0,0,0,0,0,0,0,0,0,0,0.586,0,0,0,0,0,0,0,0,0,0,0,0,0,0,0.224,0,0,0,0,0,0,0,0,0,0,0,0,0.282,0,0,0,0,0.332,0,0,0,0,0.233,0,0,0,0,0.524,0.201,0,0,0,0,0,0,0,0,0,0,0.183,0,0.186,0.627,0.199,0,0.211,0,0,0,0,0,0.356,0,0.196,0,0.176,0,0,0.197,0,0,0,0,0,0,0,0.183,0,0,0,0.173,0,0.169,0.153,0,0,0,0.222,0,0,0,0,0,0.197,0.164,0.179,0,0,0,0,0,0.36,0,0,0,0,0,0,0.227,0,0,0,0,0,0,0,0.261,0,0,0,0,0.183,0,0,0,0,0,0,0,0.159,0,0.728,0,0,0,0,0,0.572,0,0,0.292,0,0,0,0,0.168,0.197,0,0.393,0.231,0,0,0,0,0,0,0,0,0,0,0,0,0,0.226,0,0,0,0,0,0.151,0,0,0,0.224,0.359,0,0.167,0,0.325,0,0.204,0,0.226,0,0.355,0.18,0,0,0.181,0,0,0.292,0.21,0,0,0,0,0,0.171,0,0,0.156,0,0,0,0,0,0,0.2,0,0,0.293,0.173,0.317,0,0.359,0,0,0,0,0,0.182,0,0,0,0,0,0,0,0,0,0,0,0,0.164,0.261,0,0,0,0,0,0,0,0.177,0.227,0,0,0,0,0,0,0,0,0,0,0,0,0,0,0,0,0,0,0,0,0,0,0,0,0.202,0,0,0,0,0,0.171,0,0,0,0,0.173,0,0,0,0,0,0,0,0,0.159,0,0,0,0,0,0,0,0,0.177,0,0,0,0,0,0,0.291,0,0,0,0,0,0,0,0,0,0,0,0,0,0,0,0,0,0,0,0,0.156,0,0,0,0,0,0,0,0,0,0,0,0,0,0,0,0,0,0,0,0,0,0,0,0,0,0,0.344,0,0.186,0.152,0,0,0,0,0,0.152,0,0,0,0,0,0,0.414,0,0,0,0.223,0,0,0,0,0,0.505,0,0,0.453,0.216,0,0,0.338,0,0.207,0,0,0,0,0,0,0.629,0,0,0,0,0,0,0.186,0.16,0.39,0,0,0,0,0,0,0,0,0.222,0,0,0,0,0,0.311,0.181,0,0,0.4,0,0,0.252,0,0,0,0,0.219,0,0,0,0.593,0,0,0,0,0.16,0,0,0,0,0.222,0,0.188,0,0,0,0,0,0,0,0,0,0,0,0,0,0,0,0,0,0,0,0,0,0,0,0,0,0,0.711,0,0,0,0,0,0,0,0,0,0,0.225,0,0,0,0,0,0,0,0,0,0,0.287,0,0,0,0,0,0,0,0.208,0,0,0,0,0.196,0,0,0,0.504,0.554,0,0.318,0,0,0,0,0,0,0,0.384,0,0,0,0,0.237,0,0,0,0,0,0,0,0,0,0,0,0,0.329,0,0,0,0,0,0,0,0.163,0,0,0,0,0,0,0,0,0,0,0,0,0,0,0,0,0,0,0,0,0,0,0,0,0,0,0,0,0,0.351,0,0,0.736,0,0,0,0,0,0,0,0,0,0,0.187,0,0,0,0,0,0,0,0.151,0,0,0,0,0,0,0,0,0,0,0,0,0,0,0,0,0,0,0,0,0,0,0.195,0,0,0,0,0,0.179,0,0,0.155,0,0,0,0,0,0,0,0,0,0,0,0,0,0,0,0,0,0,0,0,0,0.338,0,0.176,0,0,0,0,0,0,0,0.316,0,0,0.177,0,0.155,0,0,0,0,0,0,0.219,0.224,0,0.17,0,0,0.227,0,0,0,0.156,0,0,0,0,0,0,0,0,0.175,0,0.17,0.161,0,0,0.288,0,0.347,0,0,0,0,0.176,0,0.457,0,0.168,0,0.219,0,0,0,0,0.614,0,0,0,0,0,0,0,0,0,0,0,0,0.176,0,0,0,0.674,0,0,0,0,0,0,0.429,0,0,0,0,0.305,0,0,0,0,0,0,0,0.202,0,0,0,0,0,0,0,0,0,0,0,0,0,0,0,0,0,0,0,0,0,0,0,0,0,0,0,0,0.236,0,0,0,0.305,0.738,0,0.738,0.19,0,0,0,0,0,0,0,0,0,0,0,0,0,0,0,0,0,0,0,0,0,0,0,0,0,0,0,0,0.194,0,0,0,0,0.201,0,0,0.298,0,0,0,0,0.376,0.335,0,0,0,0,0.156,0,0,0,0,0,0,0.352,0,0,0,0,0,0,0,0,0,0,0,0,0,0,0,0,0,0,0,0,0.426,0,0,0,0.202,0,0,0,0,0,0,0,0.516,0,0,0,0,0,0,0,0,0,0,0,0.42,0.279,0,0,0,0,0,0,0,0,0,0,0,0,0,0,0,0,0,0,0,0,0,0,0.25,0,0,0,0,0,0,0,0,0,0.313,0,0,0,0,0,0,0,0,0,0,0,0,0,0,0,0,0,0,0,0,0,0,0,0,0,0,0,0,0,0.244,0,0,0.187,0,0,0,0,0.308,0,0,0,0,0.152,0,0,0.156,0,0,0,0,0,0,0.153,0,0.252,0,0,0,0,0,0,0,0,0,0,0,0,0,0.236,0,0,0,0,0.221,0,0,0,0,0,0,0,0,0,0,0,0,0,0.409,0,0,0,0,0,0,0,0,0,0,0,0,0,0,0,0,0,0.171,0,0,0,0,0,0,0,0,0,0,0,0,0,0,0.203,0,0,0,0,0,0,0,0,0.173,0.292,0,0,0,0,0,0,0,0,0,0,0,0,0,0,0,0,0,0,0,0,0,0,0.403,0,0,0,0,0,0,0,0,0,0,0,0,0,0,0,0.287,0.591,0,0,0,0,0.553,0,0,0,0,0.214,0,0,0,0,0,0,0,0,0,0,0,0,0,0,0,0,0,0,0.518,0,0.237,0.251,0.165,0,0,0,0,0,0,0,0,0,0.153,0,0,0.263,0,0,0,0.348,0,0,0.318,0,0,0,0,0.18,0,0,0,0,0,0,0,0,0,0,0,0,0,0,0,0,0,0,0,0,0,0,0,0,0,0,0,0.189,0,0,0,0,0,0,0.179,0,0.16,0,0,0,0,0,0,0,0,0,0,0,0,0,0,0,0,0,0,0,0,0,0,0,0,0,0,0,0,0,0,0,0,0,0,0,0,0,0,0,0,0,0,0,0,0,0,0,0,0,0,0,0,0,0,0,0,0,0,0.521,0.286,0,0,0,0,0,0,0,0,0,0,0,0,0,0,0,0,0.315,0,0,0,0,0,0.577,0,0,0,0,0.19,0,0,0,0.167,0.854,0,0,0,0.176,0,0,0,0,0,0,0,0,0,0,0,0,0,0,0,0.193,0,0,0,0,0,0,0,0,0,0,0,0,0,0,0,0,0,0,0,0,0,0,0,0.511,0,0,0,0,0.453,0,0.165,0,0,0.347,0,0.195,0,0,0.454,0,0,0,0,0,0,0,0,0,0,0,0,0,0,0,0,0,0,0,0,0,0,0,0,0,0,0,0,0,0,0,0,0,0,0.591,0,0,0,0,0,0,0,0,0,0,0,0,0,0,0,0,0,0.445,0,0,0,0,0,0,0,0,0,0,0,0,0,0,0,0,0,0.165,0,0,0,0,0,0,0,0,0,0,0,0,0,0,0,0,0,0,0,0,0,0,0,0,0,0,0,0,0,0,0,0,0,0,0,0,0,0,0,0,0,0,0,0,0.155,0,0,0,0,0,0.665,0,0,0,0,0,0,0,0.62,0.782,0,0,0,0,0,0,0,0,0,0,0,0,0,0,0,0,0,0,0,0,0,0,0,0,0,0,0,0,0,0,0,0,0,0,0,0.206,0,0,0,0,0,0,0,0,0,0,0,0,0,0,0,0,0,0,0,0,0,0,0,0,0,0,0,0,0,0,0,0,0,0,0,0,0,0,0.376,0,0,0,0.472,0,0,0,0,0,0,0,0,0,0,0,0,0,0,0,0,0.389,0,0,0,0,0,1
855331,0,0,0.167,0,0,0,0,0,0,0,0,0,0,0,0,0,0,0,0,0.749,0,0,0,0,0,0,0,0,0,0,0,0,0,0,0,0,0,0,0,0,0,0,0,0,0,0,0,0,0,0.428,0,0,0,0,0,0,0,0,0,0,0,0,0,0,0.164,0,0,0,0,0,0.17,0,0,0,0,0,0.194,0,0,0,0,0,0,0,0,0,0,0,0,0,0,0,0,0,0,0,0,0,0,0,0,0,0,0,0.194,0,0,0,0,0,0,0,0,0,0,0.291,0,0,0,0,0,0,0.158,0,0,0,0,0,0,0,0,0,0,0,0,0,0,0,0,0,0,0,0.15,0,0,0,0,0,0,0,0,0,0,0,0,0.164,0,0,0,0,0,0,0,0,0,0,0,0,0,0,0,0,0,0,0,0,0,0,0,0,0.19,0,0,0,0,0,0,0,0,0,0.389,0.198,0,0,0,0,0.211,0,0.19,0,0,0,0,0,0,0.187,0,0,0,0,0,0,0,0,0.195,0,0,0,0,0,0,0,0.157,0,0,0,0,0,0,0.341,0.154,0,0,0,0,0,0,0.334,0,0,0,0,0,0.267,0.156,0.294,0.184,0,0.355,0,0,0,0,0,0,0,0,0,0,0,0,0.161,0,0,0,0.169,0,0,0,0,0,0,0,0,0,0,0,0,0,0,0,0,0.211,0,0,0,0,0,0,0.286,0,0,0,0,0,0,0,0.99,0,0,0,0,0,0,0,0,0,0,0,0,0,0,0,0,0,0,0,0,0.175,0.273,0,0,0,0.248,0,0.154,0,0,0,0,0,0,0,0,0,0,0,0,0,0,0,0,0.161,0.332,0,0.211,0,0,0.184,0,0,0,0,0,0,0,0,0,0,0,0,0,0,0,0,0,0,0,0.219,0,0.188,0,0,0.196,0,0,0,0,0,0,0,0,0,0,0,0.151,0,0,0,0.181,0,0,0,0,0.35,0,0,0,0,0,0,0.404,0,0,0.169,0,0,0,0,0.341,0,0,0,0.187,0,0,0.245,0,0.158,0,0.22,0,0,0.176,0.515,0,0.269,0,0,0,0,0,0,0,0,0,0.256,0,0,0,0,0.194,0.181,0,0.158,0,0,0,0,0,0,0,0.223,0,0,0,0,0,0,0,0,0.172,0,0,0,0,0,0.221,0,0,0.224,0,0,0,0,0,0.174,0,0,0,0,0,0,0,0,0,0,0.18,0,0,0,0,0,0,0,0,0,0.219,0,0,0,0,0,0,0,0,0,0,0,0,0,0,0.159,0.243,0,0,0,0.181,0,0,0,0.168,0,0,0,0,0.161,0,0,0,0,0,0,0,0.435,0,0,0,0,0,0.166,0,0,0,0,0,0.153,0,0,0.21,0,0,0,0,0,0,0,0,0,0,0,0,0,0,0,0.288,0,0.154,0,0,0,0,0,0,0,0,0,0,0,0,0,0.151,0.54,0,0,0,0,0,0,0,0.15,0,0,0.211,0,0,0.433,0.192,0,0.286,0,0,0,0.154,0,0,0,0.22,0,0,0.206,0,0,0,0.313,0,0.172,0.249,0,0,0.288,0,0,0,0,0.243,0,0.165,0.216,0,0,0,0,0,0,0,0,0,0,0,0,0.175,0,0.215,0,0.358,0,0,0,0,0,0,0,0,0,0.181,0,0,0.158,0,0.153,0,0,0,0,0,0,0,0,0,0,0,0,0,0,0.68,0,0,0,0,0,0,0,0.258,0,0,0.233,0,0,0.177,0,0,0,0.275,0,0.333,0,0,0,0,0,0,0,0,0.496,0,0,0.153,0,0.157,0,0,0,0.194,0,0,0.22,0.232,0,0,0,0,0,0,0,0.195,0,0,0,0,0,0,0,0,0,0.168,0,0,0,0,0,0,0,0,0,0,0,0,0,0,0,0,0,0,0.185,0.19,0,0,0,0,0,0.26,0,0,0,0,0,0,0,0,0,0.221,0,0.29,0,0,0,0.234,0,0,0.211,0.175,0,0.235,0.156,0,0,0.174,0,0,0,0,0.151,0,0,0,0,0,0,0.158,0,0.161,0,0,0.165,0,0,0,0,0,0,0.245,0,0,0,0,0,0,0,0,0,0,0,0,0,0,0.221,0,0,0.173,0,0.237,0,0,0,0,0,0,0,0,0,0,0,0,0,0,0,0,0,0.154,0,0,0,0,0,0.225,0,0,0.175,0,0,0,0,0,0,0,0,0,0,0,0,0,0,0,0.159,0,0,0,0,0,0,0,0,0,0,0,0,0,0,0,0.177,0,0.284,0.298,0,0,0,0.313,0,0.198,0,0,0.244,0,0,0,0,0.15,0,0,0,0,0,0,0,0,0,0,0,0,0,0.151,0,0.211,0.258,0,0,0,0,0,0.355,0,0,0,0,0,0,0,0,0,0.202,0,0,0,0,0,0,0,0,0,0.33,0,0,0,0,0,0,0.153,0,0,0,0,0,0,0,0,0,0,0,0,0,0,0,0,0,0,0,0,0,0,0,0,0,0,0,0,0.237,0,0,0,0,0,0,0,0,0,0,0,0,0,0,0,0,0,0,0,0,0,0,0,0,0,0,0,0,0,0,0,0,0,0,0,0,0,0,0,0,0,0,0,0,0,0,0,0,0,0.155,0,0,0,0,0,0,0,0.203,0,0,0,0,0,0,0,0,0,0,0,0.34,0,0.239,0,0,0,0,0,0,0,0,0,0.189,0.543,0,0,0,0,0,0,0,0.192,0,0,0.34,0,0,0,0,0,0,0,0,0,0,0,0,0,0,0,0,0,0,0.183,0,0,0,0.489,0,0.651,0,0,0,0,0,0,0,0,0,0.24,0,0,0,0,0,0,0,0,0,0,0,0,0,0,0,0,0,0.229,0,0,0,0,0,0,0,0,0,0,0.154,0,0,0,0,0,0,0,0,0,0,0,0,0,0,0,0,0,0,0,0,0,0.204,0,0,0,0,0,0,0.164,0,0,0,0,0.159,0,0,0,0,0,0,0,0,0,0,0,0.313,0.288,0,0,0,0,0.211,0,0,0,0,0,0,0,0,0,0,0,0,0,0,0,0,0,0,0,0,0,0,0.184,0,0,0.288,0,0,0,0,0,0,0,0,0,0,0,0,0,0,0,0,0,0,0,0,0,0,0,0.156,0,0,0,0,0,0.34,0,0,0,0,0,0,0,0,0,0,0,0,0,0,0,0,0,0.173,0,0.295,0,0,0,0,0,0.173,0,0,0,0.166,0,0,0,0,0,0,0,0,0,0,0,0,0.166,0,0,0,0,0,0.165,0,0,0,0,0,0,0,0,0.151,0,0,0,0,0,0,0,0,0,0,0.256,0,0,0,0,0,0,0,0,0.208,0,0,0,0,0,0.155,0,0,0,0,0,0,0,0,0.167,0,0,0,0,0,0,0.165,0,0,0,0,0,0,0,0,0,0,0.198,0,0,0,0,0,0,0,0.198,0,0,0,0,0,0,0,0,0,0,0,0,0,0.227,0,0,0,0,0,0,0,0,0,0,0,0,0,0,0,0,0,0.159,0,0,0,0,0,0,0,0,0,0.213,0,0,0,0,0,0,0,0,0,0,0,0,0,0,0.151,0,0,0,0,0,0,0,0,0,0,0,0.481,0,0,0,0,0,0,0.469,0,0,0,0,0,0,0,0,0,0,0,0,0,0,0,0,0,0.184,0.196,0,0,0.19,0,0,0,0,0,0,0,0,0,0,0.164,0,0,0.175,0,0,0,0,0,0,0,0,0,0.288,0,0,0,0.235,0,0.345,0,0,0,0.209,0,0,0,0,0,0,0,0,0,0,0,0,0,0.184,0,0.165,0,0,0,0,0,0,0,0,0,0,0,0,0,0,0,0,0,0,0,0,0,0,0,0,0,0,0.288,0,0,0,0,0,0,0,0,0,0,0,0,0,0,0,0,0,0.206,0,0,0,0,0,0,0,0,0,0,0,0,0,0,0,0.389,0,0,0,0,0,0,0,0,0,0,0,0,0,0,0,0,0,0,0,0,0,0,0,0,0,0,0,0,0,0,0,0,0,0,0,0,0,0,0,0,0.165,0.78,0,0,0,0,0,0,0,0,0.271,0.21,0,0,0,0,0,0,0,0,0,0,0.182,0.783,0.194,0.982,0,0,0,0.288,0,0,0.517,0,0,0,0,0.179,0,0,0,0.345,0,0,0,0,0.185,0,0,0.165,0,0,0.256,0,0,0.183,0,0,0,0,0.984,0,0,0,0,0.154,0,0.92,0,0,0.232,0,0,0.288,0,0,0,0,0,0.359,0,0,0.391,0,0,0,0,0,0,0,0,0,0,0,0,0.4,0,0,0,0,0.254,0,0,0.193,0,0,0.254,0.192,0,0,0,0,0,0,0,0,0,0.223,0,0,0,0,0.188,0,0,0.277,0,0.222,0,0.991,0.152,0,0,0,0,0.2,0.263,0,0,0,0.156,0,0,0.23,0.166,0,0,0,0,0,0.155,0,0,0,0,0,0,0,0,0,0.258,0.466,0,0,0.187,0,0,0,0,0,0,0.221,0,0,0,0.22,0,0,0,0,0.256,0,0,0,0,0,0.2,0.207,0,0,0,0,0,0.367,0,0.234,0,0,0,0,0.478,0,0.193,0,0,0,0,0.188,0,0,0,0,0,0.269,0,0,0,0.205,0,0,0.375,0,0,0,0,0,0,0,0.261,0,0,0,0,0,0,0.299,0,0.986,0,0,0,0,0.154,0.162,0,0,0,0,0.293,0,0,0,0,0,0,0,0,0,0,0,0,0,0,0,0,0,0.157,0,0,0,0,0,0,0,0,0,0,0,0,0.32,0,0,0,0,0,0,0,0,0,0,0,0,0,0,0,0,0,0,0,0,0.212,0,0,0,0,0,0,0,0,0,0,0.307,0,0,0,0,0,0,0,0,0,0,0,0,0,0,0,0,0,0,0,0,0.19,0,0.156,0,0,0,0,0,0,0,0,0,0,0,0,0,0,0,0,0,0,0,0,0.211,0,0.157,0,0,0,0,0,0,0,0,0,0,0,0,0.205,0,0,0,0,0.173,0,0,0,0,0,0,0,0,0.233,0.154,0,0,0,0,0,0,0,0,0,0.202,0,0,0,0,0,0,0,0,0,0,0,0,0,0,0,0.176,0,0,0,0,0,0,0,0,0,0,0,0,0,0,0,0,0,0,0,0,0,0,0,0,0,0,0,0.152,0,0,0,0,0,0,0,0,0,0,0,0,0,0,0,0,0,0.178,0,0,0,0,0,0,0,0,0,0,0,0,0,0,0,0,0,0,0,0,0,0,0.288,0,0,0,0,0,0,0,0.288,0,0,0,0,0,0,0,0,0,0,0,0,0,0,0,0,0.286,0,0.184,0,0,0,0,0,0,0,0,0,0,0.181,0,0,0,0,0,0,0,0,0,0,0,0,0,0,0,0,0,0,0,0,0,0,0,0,0,0,0,0,0,0,0,0,0,0,0,0,0,0,0,0,0,0.317,0,0,0,0,0,0,0,0,0,0,0,0,0,0,0,0,0,0,0,0,0,0,0,0,0,0,0,0,0,0,0,0,0,0,0,0,0,0,0,0,0,0,0,0,0,0,0,0,0,0,0,0,0,0.419,0.301,0,0,0,0.161,0,0,0,0,0,0,0,0,0,0.228,0.322,0,0,0,0.219,0,0.243,0.351,0,0,0.158,0,0,0,0,0,0,0.43,0,0,0,0,0,0.183,0,0,0,0,0,0,0,0,0,0,0,0,0,0,0,0,0,0,0,0,0,0,0,0,0,0,0,0.248,0,0,0.235,0,0.152,0,0,0,0,0,0,0,0,0,0,0,0,0,0,0,0,0,0,0,0,0,0,0.272,0,0,0,0.374,0,0,0,0,0,0,0,0,0.15,0,0,0,0,0.187,0,0,0,0,0,0,0.301,0,0.153,0,0,0,0.288,0,0,0,0,0,0,0.563,0,0,0,0,0,0,0,0.206,0,0,0,0,0,0,0,0,0,0.299,0,0,0,0,0,0.184,0,0,0,0,0,0,0,0,0,0,0,0,0.344,0,0,0,0,0,0,0,0,0,0,0,0,0,0,0,0,0,0,0,0,0,0,0,0,0,0,0,0,0,0,0,0,0,0,0,0,0,0.156,0,0,0,0,0,0,0,0,0,0,0,0.282,0,0,0,0,0,0,0,0,0,0,0,0,0,0,0,0,0,0,0,0,0,0,0,0,0,0,0,0,0,0,0,0,0,0,0,0,0,0,0,0,0,0,0,0,0,0,0,0,0,0.187,0,0,0,0,0,0,0,0,0,0,0,0,0,0,0.187,0,0,0,0,0,0,0,0,0,0,0,0,0,0,0,0,0,0,0,0,0,0,0,0,0,0,0,0,0,0,0,0,0,0.159,0,0,0,0,0,0,0,0,0,0,0,0,0,0,0,0,0,0,0,0,0,0,0,0.184,0,0,0,0,0,0,0,0,0,0,0,0,0,0,0,0.232,0,0,0,0,0.475,0,0,0,0,0,0,0,0,0,0,0,0,0,0,0.272,0,0,0,0,0,0,0.258,0,0,0,0,0,0,0,0,0,0,0,0,0,0,0,0,0,0,0,0,0,0,0,0,0,0,0,0,0,0.184,0.997,0,0,0,0,0,0,0,0,0.165,0,0,0,0,0.294,0,0,0,0.299,0,0,0,0,0,0,0,0,0,0,0,0,0,0,0.171,0,0.154,0,0,0,0,0,0,0,0,0,0,0,0,0,0,0,0.157,0,0,0.253,0,0,0,0,0,0.157,0,0,0,0,0,0,0,0,0,0,0,0,0.233,0,0,0,0,0,0,0,0,0,0,0,0,0,0.158,0,0,0,0.167,0,0,0,0,0,0,0,0,0,0,0,0.159,0,0,0,0,0,0,0,0,0,0.327,0.288,0,0,0,0,0,0.262,0.169,0,0,0,0,0,0,0,0,0,0,0,0,0,0,0,0,0,0,0,0,0,0,0,0,0,0,0,0,0,0,0,0,0,0.189,0,0,0,0,0,0,0,0,0,0,0,0,0,0,0,0.161,0,0,0,0,0,0,0,0.152,0,0,0,0,0,0,0,0.206,0,0,0,0,0,0,0,0,0,0,0,0,0,0,0,0,0,0,0,0,0,0,0,0,0,0,0,0,0,0,0,0,0,0,0,0,0,0,0,0,0,0.288,0,0,0,0,0,0,0,0,0,0,0,0,0.239,0,0,0,0,0,0,0,0,0,0,0,0,0.152,0,0,0,0,0,0,0,0,0,0,0.622,0,0,0.357,0,0,0,0,0.199,0,0,0,0,0,0,0,0,0,0,0,0,0,0,0,0,0,0,0,0,0,0,0,0,0.266,0,0,0,0,0,0,0,0,0,0.177,0,0,0,0,0,0,0,0,0,0.225,0,0.161,0,0,0,0,0,0,0,0,0,0,0,0,0,0,0,0,0,0,0,0,0,0,0.194,0,0,0,0,0,0,0,0,0,0,0,0.206,0.646,0,0,0,0,0,0,0,0.194,0,0,0.289,0,0,0,0,0,0,0,0,0,0,0,0,0,0,0,0,0,0,0,0,0,0,0,0,0,0,0,0,0,0.241,0,0,0,0,0,0,0,0,0,0,0,0,0,0,0,0,0,0,0,0,0,0,0,0,0,0,0,0,0,0,0,0,0,0,0,0,0,0,0,0,0,0,0,0,0,0,0,0,0,0,0,0,0,0,0,0,0,0,0,0,0,0,0,0,0,0,0,0,0,0,0,0,0,0,0,0,0,0,0,0,0,0,0,0,0,0,0,0,0,0,0,0,0,0,0,0,0,0,0,0,0,0,0,0,0,0,0,0,0,0,0,0,0,0,0,0,0,0,0,0,0,0,0,0,0,0,0,0,0,0,0,0,0,0,0,0,0,0,0.181,0,0,0,0.422,0,0,0.171,0,0.227,0,0.191,0,0,0,0,0,0.152,0,0,0,0.272,0,0,0,0,0,0,0,0,0,0,0,0,0,0,0,0,0,0,0,0,0,0,0,0,0,0,0,0,0,0,0.242,0,0,0,0,0,0,0,0,0,0,0,0,0,0,0,0,0,0,0,0,0,0,0,0,0,0,0,0.626,0,0,0,0,0,0,0,0.561,0.663,0.292,0,0,0,0,0.299,0,0,0,0,0,0,0,0,0,0,0,0,0,0,0,0,0,0,0,0,0,0,0,0,0,0,0.359,0,0,0,0,0,0,0,0,0,0,0,0,0,0,0,0,0,0,0.175,0,0,0,0,0,0,0,0,0,0,0,0,0,0,0,0,0,0,0,0,0,0,0,0,0,0,0,0,0,0,0,0,0.153,0,0,0,0,0,0,0,0,0,0.18,0,0.2,0,0,0,0,0,0,0,0,0,0,0,0,0,0,0,0,0,0.2,0,0,0,0,0,0,0,0,0,0,0,0,0,0,0,0,0,0,0,0,0,0,0,0,0,0,0,0,0,0,0,0,0,0,0,0,0,0,0,0,0,0,0,0,0,0,0,0,0,0,0,0,0,0,0.19,0,0,0,0.22,0.19,0,0,0,0,0,0,0,0,0,0,0,0,0,0,0,0,0,0,0,0,0,0,0,0,0,0,0,0,0,0,0,0,0,0,0,0,0,0,0,0,0,0,0,0,0,0,0,0,0,0.288,0,0,0,0,0,0,0,0,0,0,0,0,0,0,0,0,0,0,0,0,0,0,0,0,0,0,0,0,0,0,0,0,0,0,0,0,0,0,0,0,0,0,0,0,0,0,0,0,0,0,0,0,0,0,0,0,0,0,0,0,0,0,0,0,0,0.22,0,0,0,0,0,0,0,0,0,0,0,0,0,0,0,0,0,0,0,0.273,0,0,0,0,0,0,0,0,0,0,0,0,0,0.157,0,0,0,0,0,0,0,0,0,0.189,0,0,0,0,0,0,0,0,0,0,0,0,0,0,0,0,0,0,0,0,0,0,0,0,0,0,0,0,0.158,0,0,0,0,0,0,0,0,0,0,0,0,0,0,0,0,0,0,0.222,0,0,0,0,0.227,0,0.68,0,0,0,0,0,0,0,0,0,0,0,0,0,0,0.166,0,0.166,0,0,0,0,0,0.169,0,0,0,0,0,0.16,0.272,0,0,0,0,0.172,0,0,0,0,0,0.228,0,0,0,0,0,0,0,0,0,0,0,0.974,0,0,0,0,0.206,0,0,0,0,0,0,0,0.973,0,0,0,0,0.225,0,0,0.161,0,0,0,0,0,0,0.987,0,0,0,0,0,0,0,0,0,0,0.402,0,0,0,0,0,0,0,0,0,0,0.187,0,0,0,0,0,0,0.987,0,0,0,0.327,0,0,0,0.974,0,0,0,0,0,0,0,0,0,0,0,0,0,0,0,0,0,0,0,0,0,0,0,0,0.228,0,0,0,0,0,0,0,0,0,0,0,0,0,0,0,0,0,0,0,0,0,0,0,0,0,0,0,0,0,0,0,0,0.22,0.288,0,0,0,0,0,0,0,0,0,0,0,0,0,0,0,0,0,0,0,0,0,0,0,0,0,0,0,0,0,0,0,0,0,0,0,0.34,0,0,0,0,0,0,0,0,0,0,0,0,0,0,0,0,0,0,0,0,0,0,0,0,0,0,0,0,0,0,0,0,0,0,0,0,0,0,0,0,0,0,0,0,0,0,0.274,0,0,0,0,0,0,0,0,0,0,0,0,0,0,0,0,0,0,0,0,0,0,0,0,0,0,0,0,0,0,0,0,0,0,0,0,0,0,0,0.334,0,0.486,0,0,0,0,0,0,0,0,0,0,0,0,0,0,0,0,0,0,0,0,0,0,0,0,0,0,0,0,0,0,0,0,0,0,0,0,0,0,0,0,0,0,0,0,0,0,0,0,0,0,0,0,0,0,0,0,0,0,0,0,0,0,0,0,0,0,0,0,0,0,0,0,0,0,0,0,0,0,0,0,0,0,0,0,0,0,0,0,0,0,0,0,0,0,0,0,0,0,0,0,0.674,0,0,0,0,0,0,0,0,0,0,0,0,0,0,0,0,0,0,0.288,0,0,0,0,0,0,0,0,0,0,0,0,0,0,0,0,0.54,0,0,0,0,0,0,0,0,0,0,0,0.397,0,0,0,0,0,0,0,0,0,0,0,0,0,0,0,0,0,0,0,0,0,0,0,0,0,0,0,0,0,0,0,0,0,0,0,0,0,0,0,0,0,0,0,0,0,0,0,0,0,0,0,0,0,0,0,0,0,0,0,0,0,0,0,0,0,0,0,0,0,0,0,0,0,0,0,0,0,0,0,0,0,0,0,0,0,0.288,0,0,0,0,0,0,0,0,0,0,0,0,0,0,0,0,0,0,0,0,0.44,0,0,0,0,0,0,0,0,0,0,0,0,0,0,0,0,0,0,0,0,0.266,0,0,0,0,0,0,0.228,0.227,0,0,0,0,0,0,0,0,0,0,0,0,0,0.198,0,0,0,0.291,0
856783,0,0,0,0,0,0,0,0,0,0,0,0,0,0,0,0,0,0,0,0,0,0,0,0,0,0,0,0,0,0,0,0,0,0,0,0,0,0,0,0,0,0,0,0,0,0,0,0,0,0.203,0,0,0,0,0,0.615,0,0,0,0,0,0,0,0,0,0,0,0,0,0.788,0,0,0,0,0,0,0,0,0,0,0,0,0.786,0,0,0,0,0,0,0,0,0,0,0,0,0,0,0,0,0,0,0,0,0,0,0,0,0,0,0,0,0,0,0,0,0,0,0,0,0,0,0,0,0,0,0,0,0.435,0,0,0,0,0.16,0.212,0,0,0,0,0,0,0,0,0,0,0,0,0,0,0,0,0,0,0.269,0,0,0,0,0,0,0,0,0,0.224,0,0,0,0,0,0,0.358,0.171,0,0,0,0.252,0,0,0,0,0,0,0,0,0,0,0,0,0,0,0,0,0,0,0,0,0,0.708,0,0,0,0,0,0.165,0,0,0.419,0,0,0,0,0,0,0,0,0.159,0,0.163,0,0,0,0,0,0,0.202,0,0,0,0,0,0,0.276,0,0,0,0.473,0,0,0,0,0,0,0.154,0,0,0,0,0,0,0,0,0,0,0,0,0,0,0,0,0,0,0,0,0,0,0.263,0,0,0,0,0,0,0,0,0,0,0,0,0,0,0,0,0,0,0,0,0,0,0,0,0,0,0,0,0,0,0,0,0,0,0,0,0,0,0,0,0,0,0,0,0,0,0,0,0,0,0.305,0,0,0,0,0,0,0.192,0,0,0,0,0,0.881,0,0,0,0,0,0,0,0,0,0,0,0,0.798,0,0.439,0,0,0,0,0,0,0,0,0,0,0,0.339,0,0,0,0,0,0,0,0,0,0,0,0,0,0,0,0,0,0,0,0.163,0,0,0,0,0,0,0,0.167,0,0.26,0,0,0,0,0,0,0,0,0.686,0,0,0,0,0,0,0,0,0,0,0,0,0,0,0,0,0,0,0,0.386,0.358,0,0,0,0,0,0,0,0,0,0.25,0,0,0,0,0,0,0,0,0,0,0,0,0,0,0,0,0,0.274,0,0,0,0,0,0,0,0,0,0,0,0,0,0.19,0.177,0,0,0.738,0,0,0,0,0,0,0,0,0,0,0,0,0,0.332,0,0,0,0,0,0.342,0,0,0,0,0,0,0,0,0,0.248,0,0,0,0,0,0,0,0,0.194,0,0.239,0,0,0,0,0,0,0,0,0.207,0.751,0,0.348,0,0,0,0,0,0,0,0,0,0,0.203,0,0,0,0,0,0,0,0,0,0,0,0.337,0,0,0,0,0,0,0,0,0,0,0,0.279,0,0.686,0,0,0,0,0,0,0,0,0,0,0,0,0,0,0,0,0.705,0,0,0,0,0,0,0,0,0,0,0,0,0,0,0,0,0,0,0,0,0,0,0,0,0,0,0,0,0,0,0,0,0,0,0,0,0,0,0,0.163,0,0,0,0,0,0,0,0,0,0.31,0,0,0,0,0,0,0,0,0,0,0,0,0.837,0,0,0,0,0,0,0,0,0,0,0,0,0,0,0,0,0,0,0,0,0,0,0,0,0,0,0,0.454,0,0,0,0,0.219,0,0,0,0,0,0,0,0,0,0,0,0,0,0,0,0.355,0,0,0,0,0,0,0,0,0,0,0,0,0,0,0,0,0,0,0,0,0,0,0,0.254,0,0,0,0,0,0,0,0,0.915,0,0,0,0,0,0,0,0,0,0,0,0,0,0,0,0,0.161,0,0,0,0,0,0,0,0,0,0,0,0,0,0,0,0,0,0,0,0,0,0,0,0,0,0,0,0,0,0,0,0,0,0,0,0.238,0,0,0,0,0.552,0.201,0,0,0,0,0,0,0,0,0,0,0,0,0.152,0,0,0,0,0,0,0,0,0,0,0,0,0,0,0,0.396,0.335,0,0,0,0,0,0,0,0,0,0.789,0.197,0,0,0.228,0,0,0,0,0,0,0,0,0,0,0,0,0,0,0,0,0,0,0,0,0,0,0,0,0,0,0,0,0,0,0,0,0,0,0,0,0,0,0,0,0.863,0,0,0,0,0,0,0,0,0,0,0,0,0,0,0,0.447,0,0,0,0,0,0,0,0,0,0,0,0,0,0,0,0,0,0,0,0,0,0,0,0,0.375,0,0,0,0,0,0,0,0,0,0,0,0,0,0,0,0,0,0,0,0,0.258,0,0,0,0,0,0,0,0,0,0,0,0,0,0,0,0,0,0,0,0,0,0,0,0,0.192,0,0,0,0,0,0,0,0,0,0,0,0,0,0,0.204,0,0,0,0,0,0,0,0,0,0,0,0,0,0,0,0,0,0,0,0,0,0,0,0,0,0,0,0,0,0,0,0.212,0,0,0,0,0,0,0,0,0,0,0,0,0,0,0,0,0,0,0,0,0,0,0,0,0,0,0,0,0,0,0,0,0,0,0,0,0,0,0,0,0,0,0,0,0,0,0,0,0,0,0,0,0,0,0,0,0,0,0,0,0,0,0,0,0,0,0,0,0,0,0,0,0.44,0,0,0,0,0,0,0,0,0,0,0,0,0.173,0,0,0,0,0,0,0,0,0,0,0,0,0,0,0,0,0,0,0,0,0,0,0,0.276,0,0.392,0,0,0,0,0,0,0.22,0,0,0,0,0,0,0,0,0,0,0,0,0,0,0,0,0,0,0,0,0,0,0,0,0,0,0,0,0,0,0,0,0,0,0,0,0,0,0,0,0,0,0,0,0,0,0,0.194,0,0,0.293,0,0,0,0,0,0,0,0,0,0,0,0,0,0,0,0,0,0,0,0,0,0,0,0,0,0,0,0,0,0,0,0,0,0,0.311,0,0,0,0,0,0,0,0,0,0,0,0,0,0,0,0,0,0,0,0,0,0,0,0.173,0,0,0,0,0,0,0,0,0,0,0,0,0,0,0,0,0,0,0,0,0,0,0,0,0,0,0,0,0,0,0,0,0.152,0,0,0,0,0,0,0,0,0,0,0.191,0.192,0,0,0,0,0,0,0,0,0,0,0,0,0,0,0,0,0,0,0,0,0,0,0,0,0,0,0,0,0,0,0,0.229,0,0,0,0,0,0,0,0,0,0,0,0,0,0,0,0,0,0,0,0,0,0,0,0.24,0,0,0,0,0,0,0,0,0,0,0,0,0,0,0,0,0,0,0,0,0,0,0.156,0,0,0,0,0,0,0,0,0,0,0,0,0,0,0,0,0,0,0,0,0,0,0.258,0,0,0,0,0,0,0,0,0,0,0,0,0,0,0,0,0,0,0,0,0,0,0,0,0,0,0,0,0,0,0,0,0,0,0,0,0,0,0,0,0,0,0,0,0,0,0,0,0,0,0,0,0,0,0,0,0,0,0,0,0,0,0,0,0,0,0,0,0,0,0,0,0,0,0,0,0.213,0,0,0,0,0,0,0,0,0,0,0,0,0,0,0,0,0,0,0,0,0,0,0,0.214,0,0,0,0.154,0,0,0,0,0,0,0,0,0,0,0,0,0,0,0,0,0,0,0,0,0,0,0,0,0,0,0,0,0,0,0,0,0,0,0,0,0,0,0,0,0,0,0,0,0,0,0,0,0,0,0,0,0,0,0,0,0,0,0,0,0,0,0,0,0,0,0,0,0,0,0,0,0,0,0,0,0,0,0,0.154,0,0,0,0,0,0,0,0,0,0,0,0,0,0,0,0,0,0,0,0,0,0,0,0,0,0,0,0,0,0,0,0.171,0,0,0,0,0,0.448,0,0,0,0,0,0,0.194,0,0,0,0,0,0,0,0,0,0,0,0,0,0,0,0,0,0,0,0,0,0,0,0,0,0,0,0.173,0,0.221,0,0,0,0,0,0,0,0,0,0,0,0,0,0.154,0,0,0,0,0,0,0,0,0,0,0.311,0,0,0,0,0,0,0,0,0,0.238,0,0,0,0,0,0,0.178,0,0,0,0.264,0,0,0,0,0,0,0,0,0,0,0,0.202,0,0,0,0,0,0,0,0,0,0,0,0.256,0,0,0,0,0.347,0,0,0.204,0,0,0,0,0,0,0,0,0,0,0,0,0,0.232,0.204,0,0,0,0,0,0,0,0,0,0,0,0.266,0,0,0,0,0,0,0.236,0,0,0,0.264,0,0,0,0,0.268,0,0,0,0,0,0,0,0,0,0,0,0,0,0,0,0,0.172,0,0,0,0.726,0,0,0,0,0,0,0,0,0,0,0,0,0,0,0,0,0,0,0,0,0,0,0.177,0,0,0,0,0,0,0,0,0,0,0,0,0,0,0,0,0,0,0,0.205,0,0,0.171,0.171,0,0,0,0,0,0,0,0,0,0,0,0,0,0,0,0.155,0,0,0,0,0,0,0,0,0,0,0,0,0,0,0.171,0,0.237,0,0,0,0.177,0,0,0,0,0,0,0,0,0.19,0,0,0.456,0,0,0,0,0,0,0,0,0,0,0,0,0,0,0,0,0,0,0,0,0,0,0,0,0,0,0,0.317,0,0,0,0,0,0,0,0,0,0,0,0.154,0.176,0,0,0,0,0,0.227,0,0,0,0,0,0,0.339,0,0,0,0,0,0,0,0,0,0,0.892,0,0,0,0,0,0,0,0,0,0,0,0,0,0,0.153,0,0,0,0,0,0,0,0,0,0,0,0,0,0.157,0,0,0,0,0,0,0,0,0,0,0,0,0,0,0,0,0,0,0,0,0,0,0,0,0,0,0,0,0,0,0,0.173,0,0,0,0,0,0,0,0,0.319,0,0,0,0,0,0,0,0,0,0,0,0,0,0,0,0,0,0,0,0,0,0,0,0,0,0,0,0,0,0,0,0,0,0.274,0.888,0,0,0,0,0,0,0,0,0,0,0.297,0,0,0,0,0,0,0,0,0,0,0,0.161,0,0,0,0.334,0,0,0,0,0.171,0,0,0,0,0,0.294,0.239,0,0,0,0,0,0,0,0,0,0.154,0,0,0,0,0,0,0,0,0,0,0,0,0,0,0,0,0,0,0,0,0,0,0,0,0,0,0,0,0,0,0,0,0,0,0,0,0,0,0,0,0,0,0,0,0,0,0,0.154,0,0,0,0,0,0,0,0,0,0,0,0,0,0,0,0,0,0,0,0.786,0,0,0,0,0,0,0,0,0,0,0,0,0,0,0,0,0,0,0,0,0,0,0,0,0,0,0,0,0,0,0,0,0,0,0,0,0,0,0,0,0,0,0,0,0,0,0,0,0,0,0,0,0,0,0,0,0,0,0,0,0,0,0,0.171,0,0,0,0,0,0,0,0,0,0,0,0.195,0,0,0,0,0,0,0,0,0,0,0,0,0,0,0,0,0,0,0,0,0,0,0,0,0,0,0,0,0,0,0,0,0,0,0,0,0,0,0,0,0,0,0,0,0,0,0,0,0,0,0,0.169,0,0,0,0,0,0,0,0,0,0,0,0,0,0,0,0.158,0,0,0,0,0,0,0,0,0,0,0,0,0,0,0,0,0,0,0.351,0,0,0,0.195,0,0,0,0,0,0,0,0,0,0,0,0,0.173,0.394,0,0,0.256,0,0,0,0,0,0,0,0,0,0,0,0,0.258,0,0,0,0,0,0,0,0,0,0,0,0,0,0,0,0,0,0,0,0,0,0,0,0,0,0,0,0,0,0,0,0,0,0,0.309,0,0,0,0.196,0,0,0,0,0.26,0,0,0,0,0,0,0,0,0,0,0,0,0,0,0,0,0,0,0,0.218,0,0,0,0,0,0,0,0,0,0,0,0,0,0,0,0,0,0,0,0,0,0,0,0,0,0,0,0,0,0,0,0,0,0,0,0,0,0,0,0,0,0,0,0,0,0,0,0,0,0,0,0,0,0,0,0,0,0,0,0,0,0,0,0,0,0,0,0,0,0,0,0,0,0,0,0,0,0,0,0,0,0,0,0,0,0,0,0,0,0.213,0,0,0,0,0,0,0,0,0,0,0,0,0,0,0,0,0,0,0,0,0,0,0,0.199,0,0,0,0,0,0,0,0,0,0,0,0,0,0,0,0,0,0,0,0,0,0,0,0,0,0,0,0,0,0,0,0,0,0,0,0,0,0,0,0,0,0,0,0,0,0,0,0,0.276,0,0,0,0,0,0,0,0,0,0,0,0,0,0,0,0,0,0,0,0,0,0,0,0,0,0,0,0,0,0,0,0,0,0,0,0,0,0,0,0,0,0,0,0,0,0,0,0,0,0,0,0,0,0,0,0,0.276,0,0,0,0,0,0,0,0,0,0,0,0,0,0,0,0,0,0,0,0,0,0,0,0,0,0,0,0,0,0,0,0,0,0.22,0,0,0,0,0,0,0,0,0,0,0,0,0,0,0,0.171,0,0,0,0,0,0,0,0,0,0,0,0,0,0,0,0,0,0,0,0,0,0,0,0,0,0,0,0,0,0,0,0,0,0,0,0,0,0,0,0,0,0,0,0,0,0,0,0,0,0,0,0.161,0,0,0,0,0,0,0,0,0.171,0,0.238,0,0,0,0,0,0.171,0,0,0,0,0,0,0,0,0,0,0.239,0,0.171,0,0,0,0,0,0,0,0.161,0,0,0,0,0,0,0,0.231,0,0,0,0,0,0,0,0,0,0,0,0,0,0,0,0,0.166,0,0,0,0,0,0,0,0,0,0,0,0,0,0,0,0,0,0,0,0,0,0,0,0,0,0,0,0,0,0,0,0,0,0,0,0,0,0,0,0,0,0,0,0,0,0,0,0,0,0,0,0,0,0,0,0,0,0,0,0,0,0,0,0,0,0,0,0,0,0,0,0,0,0,0,0,0,0,0,0,0,0,0,0,0,0,0,0,0,0,0,0,0,0,0,0,0,0,0,0,0,0,0,0,0,0,0,0,0,0,0,0,0,0.279,0.239,0,0,0,0,0,0,0,0,0,0,0,0,0.48,0,0,0,0,0,0,0,0,0.197,0,0,0,0,0,0,0,0,0,0,0,0,0,0,0,0,0,0.27,0,0,0,0,0,0,0.203,0.156,0,0,0,0.204,0,0,0,0,0,0.19,0,0,0,0,0,0,0,0,0,0,0,0,0,0,0,0,0,0,0,0,0,0,0,0,0,0,0,0,0,0,0,0,0,0.202,0,0,0,0,0,0,0,0,0,0,0,0,0,0,0,0,0.344,0,0,0,0.313,0,0.255,0.228,0,0,0,0,0,0,0,0,0,0,0,0,0,0,0,0,0,0,0,0,0,0.237,0,0,0.254,0,0,0,0,0,0,0,0,0,0,0,0,0,0,0,0,0,0,0,0,0,0,0,0,0,0,0,0,0,0,0,0,0,0,0,0,0,0,0,0,0,0,0,0,0,0.161,0,0,0,0,0,0,0,0,0,0,0,0,0,0,0,0,0,0,0,0,0,0,0,0,0,0,0,0,0,0,0,0,0,0,0,0,0,0,0,0,0,0,0,0,0,0,0,0,0,0,0,0,0,0,0,0,0,0,0,0,0,0,0,0,0,0,0,0,0,0,0,0,0,0,0,0,0,0,0,0,0.167,0.161,0,0,0,0,0,0,0,0,0,0,0,0,0,0,0,0,0,0,0,0,0,0,0,0,0,0,0,0,0,0,0,0,0,0,0,0,0,0,0,0,0,0,0,0,0,0,0,0.29,0,0,0,0,0,0,0,0,0,0.228,0,0,0,0.154,0.29,0,0,0,0,0,0,0,0,0,0,0,0,0.194,0,0,0,0,0,0,0.224,0,0.226,0,0,0,0,0,0.226,0,0,0,0,0,0,0,0,0,0,0,0,0,0,0,0.164,0,0,0,0,0,0,0,0,0,0,0,0,0,0,0,0,0,0,0,0,0,0,0,0,0,0,0,0,0,0,0,0,0.169,0,0,0,0,0,0,0,0,0,0,0,0,0,0.232,0,0,0,0,0,0,0,0,0,0,0,0,0,0,0,0,0,0,0.22,0,0,0,0,0,0,0,0,0,0,0,0,0,0,0,0,0,0,0,0,0,0,0,0.277,0,0.254,0,0,0,0,0,0,0,0,0,0.161,0,0,0,0,0,0,0,0,0,0,0,0,0,0,0,0,0,0,0,0,0,0,0,0,0,0,0,0,0,0,0,0,0,0,0,0,0,0,0,0,0,0,0,0,0,0,0,0,0.169,0,0,0,0,0,0,0,0,0,0,0,0,0,0,0,0,0,0,0.218,0,0,0,0,0,0,0,0,0,0,0,0,0,0,0,0,0.374,0,0,0,0,0,0,0,0,0,0,0,0,0,0,0,0,0,0,0,0,0,0,0,0,0,0,0,0,0,0,0,0,0,0,0,0,0,0,0,0.234,0,0,0,0,0,0,0,0,0,0,0,0,0,0,0,0,0,0,0,0,0,0,0.394,0,0,0,0,0,0,0,0,0,0,0,0,0,0,0,0,0,0,0,0,0,0,0,0.169,0,0,0,0,0,0,0,0,0,0,0,0,0,0,0,0,0,0,0,0,0,0,0,0,0.264,0,0,0,0,0,0,0,0,0,0,0,0,0,0,0,0,0,0,0,0,0,0,0,0,0,0,0,0,0,0,0,0,0,0,0,0,0,0,0,0,0,0,0,0,0,0,0.239,0,0,0,0,0,0,0,0,0,0,0,0,0,0,0,0,0,0,0,0,0,0,0,0,0,0,0,0,0,0,0,0,0,0,0,0,0,0,0,0,0,0,0,0,0,0,0,0,0,0,0,0,0,0,0,0,0,0,0,0,0,0,0,0,0,0,0,0,0,0,0,0,0,0,0,0,0,0,0,0.191,0,0,0,0,0,0,0,0,0,0,0,0,0,0,0,0.171,0,0,0,0,0,0,0,0,0,0,0,0,0,0,0,0,0,0,0,0,0,0,0,0,0,0.171,0,0,0,0,0,0,0,0,0,0,0,0,0,0,0,0,0,0,0,0,0,0,0,0,0,0,0,0,0,0,0,0,0,0,0,0,0,0,0,0,0,0,0.255,0,0,0,0,0,0,0,0.407,0,0.192,0,0,0,0,0.166,0,0,0,0,0.197,0.551,0,0,0,0.193,0,0,0,0,0,0,0,0,0,0,0,0,0,0,0,0,0,0,0,0.348,0,0,0,0,0.152,0,0,0,0,0,0,0,0,0,0,0.363,0,0,0,0,0,0,0,0,0,0,0,0,0,0,0,0,0,0,0,0,0,0,0,0,0,0,0,0,0,0,0,0,0,0,0,0,0,0,0,0,0,0,0,0,0,0,0,0,0,0,0,0,0,0,0,0,0,0,0,0,0.2,0,0,0,0,0,0,0,0,0,0,0,0.275,0,0,0,0,0.46,0,0,0,0,0,0,0,0,0,0,0,0,0,0,0,0,0,0,0,0,0,0,0,0,0,0,0,0,0,0,0,0,0,0,0,0,0,0,0,0,0,0,0,0,0,0,0,0,0,0.4,0,0,0,0,0,0,0,0,0,0,0,0,0,0,0,0,0,0,0,0,0,0,0,0,0,0,0,0,0,0,0,0,0,0,0,0,0,0,0,0.277,0,0,0,0,0.33,0,0,0,0,0,0,0,0,0,0,0,0,0,0,0,0,0,0,0,0,0,0,0,0,0,0,0,0,0,0,0,0,0,0,0,0,0,0,0,0,0,0,0,0,0,0,0,0,0,0,0,0,0.294,0.161,0,0,0,0,0,0,0,0,0,0,0,0,0,0,0.197,0,0,0,0,0,0,0,0,0,0,0,0,0,0,0,0,0,0,0,0,0,0,0,0,0,0,0,0,0,0,0,0,0,0,0,0.227,0,0,0,0,0,0,0,0,0,0,0,0,0.3,0,0,0,0,0,0,0,0,0,0,0,0,0,0,0,0,0,0,0,0,0,0,0,0,0,0,0,0,0,0,0,0,0,0,0,0,0,0.26,0,0,0,0,0.651,0,0,0,0,0,0,0,0,0,0,0,0,0,0,0,0,0,0,0,0,0,0,0,0,0,0,0,0,0,0,0,0,0,0,0,0,0,0,0,0,0,0,0,0,0,0.201,0,0,0.333,0,0,0,0,0,0,0,0,0,0,0,0,0,0,0,0,0,0,0,0,0,0,0.202,0,0,0,0,0,0,0
853031,0,0,0,0,0,0,0,0,0,0,0.258,0,0,0,0,0.159,0,0,0,0,0,0,0,0,0,0,0,0.204,0,0,0,0,0,0,0,0,0,0,0,0.93,0,0,0.151,0,0,0,0,0,0.315,0,0,0,0,0,0,0,0,0,0,0,0,0,0,0,0,0,0,0,0,0.189,0,0,0,0,0,0,0,0,0,0.717,0,0,0,0,0,0,0,0,0,0,0,0.873,0,0,0,0,0,0,0,0.629,0,0,0,0,0,0.23,0,0,0,0,0,0,0,0,0,0,0,0,0,0,0,0,0,0,0,0,0,0,0,0,0,0,0,0,0,0,0,0,0,0,0,0,0,0,0,0,0,0,0.657,0,0,0,0,0,0,0.297,0,0,0.381,0,0,0,0.233,0,0,0,0,0,0,0,0,0,0,0,0,0,0,0,0,0,0,0.194,0,0,0,0,0,0,0,0,0,0.219,0,0,0,0,0.218,0,0,0,0,0,0,0,0,0,0,0,0,0,0,0.193,0.246,0,0,0,0,0,0,0,0,0,0,0,0,0,0,0,0,0,0,0,0,0,0,0,0.284,0,0,0.218,0,0,0,0,0,0,0,0,0,0,0,0,0,0,0,0,0,0,0,0,0,0,0,0,0,0,0,0,0.218,0,0,0,0,0,0,0,0,0,0,0,0,0,0,0,0,0,0,0,0,0,0,0,0,0,0,0,0.192,0,0,0,0,0,0,0,0,0,0,0,0,0,0.313,0,0,0,0,0,0,0,0,0,0,0,0,0,0.209,0,0,0,0,0,0,0,0,0,0,0,0,0,0,0,0,0.706,0,0,0,0,0,0,0,0,0,0,0,0,0,0,0,0,0,0,0,0,0,0,0,0,0.196,0,0,0,0,0,0,0,0,0,0,0,0,0,0,0,0,0,0,0,0,0,0,0,0,0,0,0,0,0,0,0,0,0,0,0,0,0,0,0,0,0,0,0,0,0,0,0,0,0,0,0,0,0,0.22,0,0,0,0,0,0,0,0,0,0.317,0,0,0,0,0,0,0,0,0,0,0.292,0,0,0,0.311,0,0,0,0,0,0,0,0,0.171,0,0,0,0,0,0,0,0,0,0,0,0,0,0,0,0,0,0,0.29,0,0,0,0.186,0,0,0,0,0,0,0,0,0,0,0,0,0,0,0,0,0,0,0,0,0,0,0,0,0,0,0,0,0,0,0,0,0.652,0,0,0,0,0,0,0,0,0,0,0,0,0,0,0,0,0,0,0,0,0,0,0,0,0,0,0,0,0,0,0,0,0,0,0,0,0,0,0,0,0,0,0,0,0,0,0,0,0,0,0,0,0,0,0,0,0,0,0.351,0,0,0,0,0,0,0,0,0,0,0,0,0,0,0,0,0,0,0,0,0,0,0,0,0,0,0,0,0,0,0,0,0,0,0,0,0,0,0,0,0,0,0,0,0,0,0,0,0,0,0,0,0,0,0,0,0,0,0,0.237,0,0,0,0,0,0,0,0,0,0,0,0,0,0,0,0,0,0,0,0,0,0,0,0,0,0,0,0,0,0,0,0,0,0,0,0,0,0,0,0,0,0,0,0,0,0,0,0,0,0,0,0,0,0,0,0.173,0,0,0,0,0,0,0,0,0,0,0,0,0,0,0,0,0,0,0,0,0,0,0,0,0,0,0,0,0,0,0,0,0,0,0,0,0,0,0,0,0,0,0,0,0,0,0,0,0,0,0,0,0,0,0,0,0,0,0,0,0,0,0,0,0,0,0,0,0,0,0,0,0,0,0,0,0,0,0,0,0,0,0,0,0,0,0,0,0,0,0.218,0,0,0,0,0,0,0,0,0,0,0,0,0,0,0,0,0,0,0,0,0,0,0,0,0,0,0,0,0,0,0,0,0,0,0,0,0,0,0,0,0,0,0,0,0,0,0,0,0,0,0,0,0,0,0,0,0,0,0,0,0,0,0,0,0,0,0,0,0,0,0,0,0,0,0,0,0,0,0,0,0,0,0,0,0,0,0,0,0,0,0,0,0,0,0,0,0,0,0,0,0,0.167,0,0,0,0,0,0,0,0,0,0,0,0,0,0,0,0,0,0,0,0,0,0,0,0,0,0,0,0,0,0,0,0,0,0,0,0,0,0,0,0,0.218,0,0,0,0,0,0,0,0,0,0,0,0,0,0,0,0,0,0,0,0,0,0,0.22,0,0,0.306,0,0,0.286,0,0,0,0,0,0,0,0,0.218,0,0,0,0,0,0,0,0,0,0,0,0,0,0,0,0,0,0,0,0,0,0,0,0,0,0,0,0,0,0,0,0,0,0,0,0,0,0.482,0,0,0,0,0,0,0,0,0,0,0,0,0,0,0,0,0,0,0,0,0,0,0,0,0,0,0,0,0,0,0,0,0,0,0,0,0,0,0.211,0,0,0,0.36,0,0,0,0,0,0,0,0,0,0,0,0,0,0,0,0,0,0,0,0,0,0.24,0,0,0,0,0,0,0,0,0,0,0,0,0,0,0,0,0,0,0,0,0,0,0,0,0,0.218,0,0,0,0,0,0,0,0,0,0.398,0,0,0,0,0,0,0.243,0,0,0,0,0,0,0,0,0,0,0,0,0,0,0,0,0,0,0,0,0,0,0,0,0,0,0,0,0,0,0,0,0,0,0,0,0,0,0,0,0,0,0,0,0,0,0,0,0,0,0,0,0,0,0,0,0.205,0,0,0,0,0,0,0,0,0,0,0,0,0,0,0,0,0,0,0,0,0,0,0,0,0,0,0,0,0,0,0,0,0,0,0,0,0,0,0,0,0,0,0,0,0,0,0,0,0,0,0,0,0,0,0,0,0,0,0.218,0,0,0,0,0,0,0,0,0,0,0,0,0,0.421,0,0,0,0,0,0,0,0,0.198,0,0,0,0,0,0,0,0.171,0,0,0,0,0,0,0,0,0,0,0,0,0,0,0,0,0,0,0,0,0,0,0,0,0,0,0,0,0,0,0,0,0,0,0,0,0,0,0,0,0,0,0,0,0,0,0,0,0,0,0,0.229,0,0,0,0,0,0,0,0,0,0,0,0,0,0,0,0,0,0,0,0,0,0,0,0,0,0,0,0,0,0,0,0,0,0,0,0,0,0,0,0,0,0,0,0,0,0,0,0,0,0,0,0,0,0,0,0,0,0,0,0,0,0,0,0,0,0,0,0,0,0,0,0,0,0,0,0,0,0,0,0,0,0.24,0,0,0,0,0,0,0,0,0,0,0,0,0,0,0,0,0,0,0,0.173,0,0,0,0,0,0,0,0,0,0,0,0,0,0,0,0,0,0,0,0,0,0,0,0,0,0,0,0,0,0,0,0,0,0,0,0,0,0,0,0,0,0.199,0,0,0,0,0,0,0,0,0,0,0,0,0,0,0,0,0,0,0,0,0,0,0,0,0,0,0,0,0,0,0,0,0,0,0,0,0,0,0,0,0,0,0,0,0,0,0,0,0,0,0,0,0,0,0.211,0,0,0,0,0,0,0,0.299,0,0,0,0,0,0,0,0,0,0,0,0,0,0,0,0,0,0,0,0,0,0,0,0,0,0,0,0,0,0,0,0,0,0,0,0,0,0,0,0,0,0,0,0,0,0,0,0,0,0,0,0,0,0,0,0,0,0,0,0.199,0,0,0,0,0,0,0,0,0,0,0,0,0,0,0,0.194,0,0,0,0,0,0,0.196,0,0,0,0,0,0,0,0,0,0,0,0,0,0,0,0,0,0,0,0,0,0,0,0,0,0,0.325,0,0,0,0,0,0,0,0,0,0,0,0,0,0,0,0,0,0,0,0,0,0,0,0,0,0,0,0,0,0,0,0,0,0,0,0.359,0,0,0,0,0,0,0,0,0,0,0.202,0,0,0,0,0,0,0,0,0,0,0,0,0,0,0,0,0,0,0,0,0,0,0,0,0,0,0,0,0,0,0,0,0,0,0,0,0,0,0,0.288,0,0,0,0,0,0,0,0,0.445,0,0,0,0,0,0,0,0,0,0,0,0,0,0,0.309,0,0,0,0,0,0,0,0,0,0,0,0,0,0,0,0,0,0,0,0,0,0,0,0,0,0,0,0,0,0,0,0,0,0,0,0,0,0,0,0,0,0,0,0,0,0,0,0,0,0,0,0,0,0,0,0,0,0,0,0,0,0,0,0,0,0,0,0,0,0,0,0,0,0,0,0,0,0,0,0,0,0,0,0,0,0,0,0,0,0,0,0,0,0,0,0,0,0,0,0,0,0,0,0,0,0,0,0,0,0,0,0,0,0,0,0,0,0,0,0,0,0,0,0,0,0,0,0,0,0,0,0,0,0,0,0,0,0,0,0,0,0,0,0,0,0,0,0,0,0,0,0,0,0,0,0,0,0,0,0,0,0.232,0,0,0,0,0,0,0,0,0,0,0,0,0.24,0,0,0,0,0,0,0,0,0,0,0,0,0,0,0,0,0,0.258,0,0,0,0,0,0,0,0,0,0,0,0,0.358,0,0,0,0.272,0,0,0,0,0.173,0,0,0,0,0,0,0.277,0,0,0,0,0,0,0,0,0,0,0,0,0,0,0,0.185,0,0,0,0,0,0,0,0,0,0,0,0.173,0,0,0,0,0,0,0,0,0,0,0,0,0,0,0,0,0,0,0,0,0,0,0,0,0,0,0,0,0,0,0,0,0,0,0,0,0,0,0,0,0,0,0,0,0,0,0,0,0,0,0,0,0,0,0,0,0,0,0,0,0,0,0,0,0,0,0,0,0,0,0,0,0,0,0,0,0,0,0,0,0,0,0,0,0.288,0,0,0.183,0,0,0,0,0,0,0,0,0,0,0,0,0.194,0,0,0,0,0,0,0,0,0,0,0,0,0,0,0,0,0,0,0,0,0,0,0,0,0,0,0,0,0,0,0,0,0,0,0,0,0,0,0,0.175,0,0,0,0,0,0,0,0.197,0,0,0,0,0,0,0,0,0,0,0,0,0,0,0,0,0.19,0,0,0,0,0,0,0,0,0,0,0,0,0,0,0,0,0,0,0,0,0,0,0.22,0,0,0,0,0,0,0,0,0,0,0,0,0,0,0,0,0,0,0,0,0,0,0,0,0,0,0,0,0,0,0,0,0,0,0,0,0,0,0,0,0,0,0,0,0,0,0,0,0,0,0,0,0,0,0,0,0,0,0,0,0,0,0,0,0,0,0,0,0,0,0,0,0,0,0,0,0,0,0,0,0,0,0,0,0,0,0,0,0,0,0,0,0,0,0,0,0,0,0,0,0,0,0,0.4,0,0,0,0,0,0,0,0,0,0,0,0,0,0,0,0,0,0,0,0,0,0,0,0,0,0,0,0,0,0,0,0,0,0,0,0,0,0,0.197,0,0,0,0,0,0,0,0,0,0,0.4,0,0,0,0,0,0,0,0,0,0,0,0,0,0,0,0,0,0,0,0,0,0,0,0,0,0,0.515,0,0,0,0,0,0,0,0,0,0,0,0,0,0,0,0,0,0,0,0,0,0,0,0,0,0,0,0,0,0,0,0,0,0,0,0,0,0,0,0,0,0,0,0,0,0,0,0,0,0,0,0,0,0,0,0,0,0,0.297,0,0.565,0.343,0,0,0,0,0,0,0,0,0,0,0,0,0,0,0,0.179,0,0,0,0,0,0,0,0,0,0,0,0,0,0,0,0,0,0,0,0,0,0,0,0.266,0,0,0,0,0,0,0,0,0,0,0,0,0,0,0,0,0,0,0,0,0,0,0,0,0,0,0,0,0,0,0,0,0,0,0,0,0,0,0,0,0,0,0,0,0,0,0,0,0,0,0,0,0,0,0,0,0,0,0,0,0,0,0,0,0,0,0,0,0,0,0,0,0,0,0,0,0,0,0,0,0,0,0,0,0,0,0,0,0,0,0,0,0,0,0,0,0,0,0,0,0,0,0,0,0,0,0,0,0,0,0,0,0,0,0,0,0,0,0,0,0,0,0,0,0,0,0,0,0,0,0,0,0,0,0,0,0,0,0,0,0,0,0,0,0,0,0,0,0,0,0,0,0.61,0,0,0,0,0,0,0,0,0,0,0,0,0,0,0,0,0,0,0,0,0,0,0,0,0,0,0,0,0,0,0,0,0,0,0,0,0,0,0,0,0,0.265,0,0,0,0,0,0,0,0,0,0,0,0,0,0,0,0,0,0,0,0,0,0,0,0,0,0,0,0,0,0,0,0,0,0,0,0,0,0,0,0,0,0,0,0,0,0,0,0,0,0,0,0,0,0,0,0,0,0,0,0,0,0,0,0,0,0,0,0,0,0,0,0,0,0,0,0,0,0,0,0,0,0,0,0,0,0,0.284,0,0,0,0,0,0,0,0,0,0,0,0,0,0,0,0,0,0,0,0,0,0,0,0,0,0,0,0,0,0,0,0,0,0,0.284,0.357,0,0,0,0.198,0,0,0,0,0,0,0,0,0,0,0,0,0,0,0,0,0,0,0,0,0,0,0,0,0.199,0,0,0,0,0,0,0,0,0,0.284,0,0,0,0,0,0,0,0,0.284,0,0,0,0,0,0,0,0.284,0,0,0,0,0,0,0,0,0,0,0,0,0,0,0,0,0,0,0,0,0,0,0,0,0,0,0,0,0,0,0,0,0,0,0,0,0,0,0,0,0,0,0,0,0,0,0,0,0,0,0,0,0,0,0,0,0,0,0,0,0,0,0,0,0,0,0,0,0,0.633,0.515,0,0.197,0,0,0,0,0,0,0,0,0,0,0,0,0,0,0,0,0,0,0,0,0,0,0,0,0,0,0,0,0,0,0,0,0,0,0,0,0,0,0,0,0,0,0,0,0,0,0,0,0,0,0,0,0,0,0,0,0,0,0,0,0,0,0,0,0,0,0,0,0,0,0,0,0,0.45,0,0,0,0,0,0,0,0.237,0,0,0,0,0.218,0,0,0,0,0,0,0,0,0,0,0,0,0,0,0,0,0,0,0,0,0,0,0,0,0,0,0,0,0,0,0,0,0,0,0,0,0,0,0,0,0,0,0,0,0,0.351,0,0,0,0,0,0.36,0,0,0,0,0,0,0,0,0,0,0,0,0,0,0,0,0,0,0,0,0,0,0,0,0,0,0,0,0,0,0,0,0.237,0,0,0,0,0,0,0,0,0,0,0,0.335,0,0,0,0,0,0,0,0,0,0,0,0,0,0,0,0,0,0,0,0,0,0,0,0,0,0,0.163,0,0,0,0,0,0,0,0,0,0,0,0,0,0,0,0,0,0,0,0,0,0,0,0,0.218,0,0,0,0,0,0,0,0,0,0,0,0,0,0,0,0,0,0,0,0,0,0,0,0,0,0,0.198,0,0,0,0,0,0,0,0,0,0,0,0,0,0,0,0,0,0,0,0.197,0,0,0,0,0,0,0,0,0,0,0,0,0,0,0,0,0,0,0,0,0,0,0,0,0,0.196,0,0,0,0,0,0,0,0,0,0,0,0,0,0,0,0,0,0,0,0,0,0,0,0,0,0,0,0,0,0,0,0,0,0,0,0,0.173,0,0,0.218,0,0,0,0.218,0,0,0,0.22,0,0,0,0.26,0,0,0,0,0,0,0.218,0,0,0,0,0,0.197,0,0,0,0,0,0,0,0,0,0,0,0,0,0,0,0,0,0,0,0.307,0,0.559,0,0,0,0,0,0,0,0,0,0,0,0,0,0,0,0,0,0,0,0,0,0,0,0,0,0,0,0,0,0,0,0,0,0,0,0,0,0,0,0,0,0.446,0,0,0,0,0,0,0,0,0,0,0,0,0,0,0,0,0,0,0,0,0,0,0,0,0,0,0.229,0,0,0,0,0,0,0,0,0,0,0,0,0,0,0,0,0,0,0.263,0,0,0,0,0,0,0,0,0,0,0,0,0.263,0,0,0,0.237,0,0,0.218,0.24,0.171,0,0,0,0,0,0,0,0,0,0,0,0,0,0,0,0,0,0,0,0,0,0,0,0,0,0,0,0,0,0,0,0,0,0,0,0,0,0,0,0,0,0,0,0,0,0,0,0,0,0,0,0,0,0,0,0,0,0,0.284,0,0,0,0,0,0,0,0,0,0,0,0,0,0,0.171,0,0,0,0,0,0,0,0,0,0,0,0,0,0,0.196,0,0,0,0,0,0,0,0,0,0,0,0,0,0,0,0,0,0,0,0,0,0,0,0,0,0,0,0,0,0,0.238,0.197,0,0,0,0,0,0,0,0,0.325,0,0,0,0,0,0,0,0,0,0,0,0.238,0.161,0,0,0,0,0,0,0,0,0,0,0,0,0,0,0.485,0,0,0.474,0.236,0,0,0,0,0,0,0.545,0,0,0,0,0,0,0,0,0.204,0,0,0,0.25,0,0,0,0,0,0,0,0,0,0,0,0,0,0,0,0,0,0,0,0,0,0,0,0,0,0,0,0,0,0,0,0,0,0,0,0,0,0,0,0,0,0,0.218,0,0,0,0,0,0,0,0,0,0,0,0,0,0,0,0,0,0,0,0,0,0,0,0,0,0,0,0,0,0,0,0.234,0,0,0,0,0,0,0,0,0,0,0,0,0,0,0,0,0,0,0,0,0,0,0,0,0.286,0,0,0,0,0,0,0,0,0,0,0,0,0,0,0,0,0,0,0,0,0,0,0,0,0,0,0,0,0,0,0,0,0,0,0,0,0,0,0,0,0,0,0,0,0,0,0,0,0,0,0,0,0,0,0,0,0,0,0,0,0,0,0,0,0,0,0,0,0,0,0,0,0,0,0,0,0,0,0,0,0,0,0,0,0,0,0,0,0,0,0,0,0,0,0,0,0,0,0,0,0,0,0,0.231,0,0,0,0,0.248,0,0.39,0,0,0.548,0,0,0,0,0,0,0.218,0,0.739,0.204,0.182,0,0,0,0,0,0,0,0.273,0,0,0,0,0.516,0,0,0,0,0,0,0,0,0,0,0,0,0,0,0,0,0,0,0,0,0,0,0,0,0,0,0,0,0,0,0,0,0,0,0,0,0,0,0,0.309,0,0,0,0,0,0,0,0,0,0,0,0,0,0,0,0,0,0,0.344,0,0,0,0,0,0,0,0,0,0,0,0,0,0,0,0,0,0,0,0,0,0,0,0,0,0,0,0,0,0,0,0,0,0,0,0,0,0,0,0,0,0,0,0,0,0,0,0,0,0,0,0,0,0,0,0,0,0,0,0,0,0,0,0,0,0,0,0,0,0,0,0,0,0,0,0,0,0,0,0,0,0,0,0,0,0,0,0,0,0,0,0,0,0,0,0,0,0,0,0,0,0,0,0,0,0,0,0,0,0,0,0,0,0,0,0,0,0,0,0,0,0,0,0,0,0,0.155,0,0,0,0,0.188,0,0,0,0,0,0,0,0,0,0,0,0,0,0,0,0,0,0,0,0,0,0,0,0,0,0,0,0,0,0,0,0,0,0,0,0,0,0.192,0,0,0,0,0,0,0,0.197,0,0,0,0,0,0,0,0,0,0,0,0,0,0,0,0.169,0,0,0,0,0,0,0,0,0,0,0,0,0.355,0,0,0,0,0,0,0,0,0,0,0,0,0,0,0,0,0,0,0,0,0,0,0,0,0,0,0,0,0,0,0,0.239,0.371,0,0,0,0,0,0,0,0,0,0,0,0,0,0,0,0,0,0,0,0,0,0,0,0,0,0,0,0,0,0,0,0,0,0,0,0,0,0,0,0,0,0,0,0,0,0,0,0,0,0,0,0,0,0,0,0,0,0,0,0,0,0,0,0,0,0,0,0,0,0,0,0,0,0,0,0,0,0.171,0,0,0,0,0,0,0,0,0,0,0,0,0,0,0,0,0,0,0,0,0,0,0,0,0,0,0,0.265,0,0,0,0,0,0,0,0,0,0,0,0,0,0,0,0,0,0,0,0,0,0,0,0,0,0,0,0,0,0,0,0,0,0,0,0,0,0,0,0,0,0,0,0
855330,0,0,0,0,0,0,0,0,0,0,0,0,0,0,0,0,0,0,0,0,0,0,0,0,0,0,0,0,0,0,0,0,0,0,0,0,0,0,0,0,0,0,0,0,0,0,0,0,0,0,0,0.728,0,0,0,0,0,0,0,0,0,0,0,0,0,0,0,0,0,0,0,0,0,0,0,0,0,0,0,0,0,0,0,0,0,0,0,0,0,0,0,0,0,0,0,0.843,0,0,0,0,0,0,0,0,0,0,0,0.184,0,0,0,0,0,0,0,0,0,0.179,0,0,0,0,0,0,0,0,0,0.235,0,0,0,0,0,0,0,0,0,0,0,0,0.728,0,0,0,0,0,0,0,0,0,0,0,0,0,0,0,0,0,0,0,0,0,0,0,0,0.359,0,0,0,0,0,0,0,0,0,0,0,0,0,0,0,0,0,0,0,0,0,0,0,0.608,0,0,0,0,0,0,0,0,0,0,0,0,0,0.277,0,0.235,0.608,0,0,0,0,0,0,0,0,0,0,0,0,0,0.755,0,0.217,0.524,0,0,0,0,0,0.279,0,0,0.458,0,0,0,0,0,0,0,0,0,0,0,0.478,0,0,0,0,0,0,0,0,0,0,0,0,0,0.801,0,0.164,0,0,0,0.2,0,0,0,0,0,0.167,0,0,0,0,0.478,0,0,0,0,0,0,0,0,0,0.378,0,0.173,0,0,0,0,0,0,0,0,0,0,0,0,0.875,0,0,0,0,0,0,0.25,0,0.507,0,0,0,0,0.478,0,0,0,0,0,0,0,0.159,0,0,0.179,0,0,0,0.458,0,0,0.401,0,0.257,0,0,0,0,0,0,0,0,0.252,0,0,0,0,0,0,0.225,0,0,0,0,0,0,0,0,0.275,0,0,0,0,0.171,0,0,0,0.177,0.458,0.175,0.635,0,0,0,0,0.608,0,0,0,0,0,0,0.546,0,0,0,0,0,0,0.374,0,0,0,0,0,0.857,0,0,0,0.202,0,0,0,0,0,0,0,0,0.279,0,0,0,0,0,0,0.197,0,0,0,0,0,0,0,0,0.289,0.182,0,0,0,0,0,0,0,0,0,0.241,0,0,0,0,0,0,0,0,0,0,0,0,0,0.723,0,0,0,0,0,0,0.231,0,0,0,0,0,0,0,0,0,0.222,0,0,0,0,0,0.723,0,0,0,0,0,0,0,0,0,0,0,0,0,0,0,0,0,0.386,0,0,0,0,0,0,0,0,0.176,0,0,0,0,0,0,0,0,0,0,0,0,0,0,0,0.715,0,0,0,0,0,0,0,0,0.176,0.951,0,0,0,0,0,0,0,0.217,0,0.662,0,0,0,0.194,0,0,0,0,0,0,0,0,0.151,0,0,0,0,0,0,0,0,0,0,0,0,0,0,0,0,0,0,0,0,0,0,0,0,0,0.235,0,0,0,0,0,0,0,0,0,0.553,0,0,0,0,0.52,0,0,0,0,0,0,0.466,0,0,0,0,0,0.161,0,0.193,0,0,0,0,0,0,0,0,0,0,0.227,0.673,0,0,0,0,0,0,0,0,0,0,0,0,0,0,0,0,0.545,0,0,0,0,0,0,0.161,0,0.192,0,0,0,0,0,0,0,0,0,0,0,0,0,0,0,0.216,0,0,0,0,0,0,0,0,0,0,0,0,0,0,0,0,0,0,0,0,0,0.277,0,0,0,0,0.287,0.235,0,0,0,0,0,0,0.401,0,0,0,0,0,0,0,0,0.167,0.809,0,0,0.38,0,0.181,0,0,0,0,0,0,0,0.289,0.877,0,0,0,0,0,0,0.248,0,0,0,0.56,0,0.508,0,0,0,0.166,0,0,0,0,0,0.213,0,0,0,0,0,0.217,0,0,0.608,0,0,0,0,0.365,0.183,0,0.22,0,0,0,0,0,0,0,0,0,0,0,0,0.19,0,0.769,0,0,0.217,0,0,0,0,0.173,0,0,0,0.313,0,0,0,0,0,0,0,0,0,0,0,0,0,0,0,0,0.175,0,0,0,0,0,0,0,0,0,0,0,0.98,0,0.238,0,0.406,0,0,0,0,0,0,0,0,0,0,0,0,0,0,0,0,0,0,0.756,0,0,0.977,0,0,0,0,0,0,0,0.173,0,0,0,0,0,0,0,0,0.175,0,0,0,0,0,0,0,0,0,0,0,0,0,0,0,0,0,0.608,0,0,0,0,0.151,0,0.705,0,0,0,0,0,0,0.37,0,0,0,0,0,0,0,0,0,0,0,0,0.16,0,0,0,0,0,0,0.433,0,0.715,0,0,0,0,0,0,0,0,0.875,0,0,0,0,0,0,0.507,0,0.28,0,0.56,0,0,0,0,0,0,0,0,0.203,0,0,0,0,0.194,0,0,0.345,0,0.279,0.608,0,0.164,0,0,0,0,0,0.455,0,0,0,0,0,0.256,0,0,0,0,0,0.546,0,0,0,0,0,0,0,0,0,0,0,0,0,0,0,0,0,0,0,0,0,0,0,0,0,0,0,0,0,0,0,0,0,0,0,0,0,0,0,0,0,0,0,0,0,0,0,0,0,0,0,0,0,0,0,0,0,0,0,0,0,0,0,0.458,0,0,0,0,0,0,0,0,0.179,0.38,0,0,0,0,0,0,0,0,0,0,0,0,0,0,0,0,0,0,0,0,0,0,0,0,0,0,0,0,0,0,0,0,0,0,0,0,0,0,0,0,0,0,0,0,0,0,0,0,0,0,0,0,0,0,0,0,0,0,0,0,0,0,0.514,0,0,0,0,0,0,0,0,0.987,0,0,0,0,0.194,0,0,0,0,0,0,0,0,0,0,0,0,0,0.507,0,0,0,0,0,0,0,0,0,0,0.536,0,0,0,0,0,0,0,0,0.507,0.38,0,0,0,0,0,0,0,0,0.154,0,0,0,0,0,0,0,0,0,0,0,0,0,0,0,0,0,0,0,0,0,0,0,0,0,0,0.536,0,0,0.179,0.315,0,0,0.216,0,0,0,0,0,0,0,0,0.473,0,0,0.203,0,0,0,0,0,0.417,0,0.536,0.216,0,0,0,0,0,0,0,0,0,0,0,0,0,0,0,0,0,0,0,0,0,0,0,0,0,0,0,0.691,0,0,0,0,0,0,0,0,0,0,0,0,0,0,0,0,0,0,0,0,0,0,0,0,0,0,0,0,0,0,0,0.755,0,0.691,0,0,0,0,0,0,0,0,0,0,0,0,0,0,0,0,0,0,0,0,0,0,0,0,0,0,0,0,0,0,0,0,0,0,0,0,0,0.317,0.179,0,0,0,0,0,0,0,0,0,0,0,0.38,0,0,0,0,0,0.38,0,0,0,0,0,0,0,0,0,0,0,0,0,0.315,0,0,0,0,0,0,0,0,0,0,0,0,0,0.821,0,0,0,0,0,0,0,0,0,0,0,0,0,0,0,0,0,0,0,0,0,0,0,0,0,0,0.176,0,0,0,0,0,0,0,0,0,0,0,0,0.268,0,0,0.38,0,0,0,0,0,0,0,0,0,0,0,0,0,0,0,0,0,0,0,0,0,0,0,0,0,0,0,0,0,0,0,0,0,0,0,0,0,0,0,0,0,0.511,0,0,0,0,0,0,0,0,0,0,0,0,0,0.152,0,0,0,0.458,0,0,0,0,0,0,0,0,0,0,0,0,0,0,0,0,0,0,0,0,0,0,0,0,0,0.202,0,0,0,0,0,0,0,0,0,0,0,0,0,0,0,0,0,0,0,0,0,0,0,0,0,0,0,0.216,0,0,0,0,0,0,0,0,0,0,0.267,0,0,0,0,0,0,0,0,0,0,0,0,0,0,0,0,0,0,0,0,0,0,0,0,0,0,0,0.51,0,0,0,0,0,0,0,0,0,0,0,0,0,0,0,0,0,0,0,0,0,0,0,0,0,0,0,0,0,0,0,0,0,0,0,0,0,0,0,0,0,0,0,0,0,0,0,0,0,0,0,0,0,0.326,0,0,0,0,0,0,0,0.728,0,0.173,0.561,0,0.339,0,0,0.919,0,0,0,0,0.245,0,0,0,0.179,0,0,0,0,0,0,0,0,0.177,0,0,0,0,0,0.179,0,0,0,0,0,0,0.209,0,0.179,0.682,0.374,0.169,0.154,0.606,0.342,0,0,0,0,0,0,0.282,0,0,0.639,0,0.179,0,0,0,0,0,0.339,0,0,0,0,0,0.173,0,0.203,0,0,0,0,0,0.309,0,0,0,0,0.417,0,0,0,0,0,0.179,0,0,0,0,0.179,0.384,0,0,0.417,0.244,0,0,0,0,0.478,0,0,0,0,0,0,0,0,0,0,0.458,0,0.206,0,0,0,0.179,0,0,0,0.707,0,0,0,0,0.161,0,0,0.206,0,0,0,0.165,0.219,0.423,0,0,0,0,0,0.919,0,0,0,0,0,0,0.726,0,0.212,0.914,0,0.185,0.179,0,0,0,0.292,0.195,0.213,0.608,0,0.606,0,0.277,0,0.169,0,0,0.339,0,0.316,0.186,0.169,0,0.315,0,0,0,0,0,0,0.183,0.183,0,0,0,0.186,0,0,0.951,0,0,0,0,0,0.215,0,0,0.245,0,0,0.182,0,0,0,0,0,0,0,0,0,0,0,0.374,0.187,0,0.165,0,0,0,0.179,0,0,0,0,0,0,0,0,0,0.253,0,0,0,0,0,0,0,0,0,0,0,0,0.92,0,0,0,0,0.3,0,0,0,0,0,0,0,0,0,0,0,0,0,0,0,0.344,0,0,0,0,0,0.473,0,0,0,0,0,0,0,0.179,0,0,0,0,0,0,0,0,0,0,0,0,0,0,0,0.297,0,0,0,0,0,0,0,0,0,0,0.868,0,0,0,0,0,0,0,0,0,0,0,0,0,0,0.179,0,0.193,0,0,0,0.205,0,0,0,0,0,0,0,0,0,0,0,0,0,0,0,0,0.546,0,0.574,0,0,0,0,0,0,0,0,0,0,0,0,0.179,0,0,0,0,0,0,0,0,0,0,0,0,0,0.616,0,0,0.711,0,0,0,0,0,0,0,0,0,0,0,0,0,0,0,0,0,0,0,0,0,0,0,0,0.153,0,0,0,0,0,0,0.276,0,0,0,0.94,0,0,0,0,0,0,0,0,0,0,0,0,0,0,0,0,0,0,0,0,0,0,0,0,0,0,0,0,0,0.56,0,0,0.707,0,0,0,0,0,0,0,0,0,0,0,0,0,0,0,0,0,0,0,0,0,0,0.198,0,0,0,0,0,0,0,0,0,0,0,0,0,0,0,0.173,0,0,0,0,0,0,0,0,0,0,0,0,0,0,0,0,0,0,0,0,0,0.173,0,0,0,0,0,0.604,0,0,0,0,0,0,0.662,0,0,0,0,0,0,0,0,0,0,0,0,0,0,0,0,0,0,0,0.194,0,0,0,0.196,0,0,0,0,0,0,0,0,0,0,0,0,0,0,0,0.604,0,0,0,0,0,0.755,0,0,0,0,0.755,0,0,0,0,0,0,0,0,0.27,0,0,0,0.153,0,0,0,0,0,0,0,0,0,0,0,0,0,0.271,0,0,0,0,0,0.179,0.279,0.573,0,0,0,0.911,0,0,0,0,0,0,0,0,0,0,0,0,0,0,0,0.179,0,0,0,0,0,0,0.173,0,0.197,0,0,0,0,0.195,0,0,0,0,0,0.268,0,0,0,0,0.393,0,0,0,0,0,0,0,0,0,0,0,0,0,0,0,0,0.202,0,0,0.179,0,0.478,0.179,0,0,0,0,0,0.267,0,0,0,0,0.573,0,0,0,0,0,0.152,0,0.268,0,0,0,0,0,0,0.644,0,0,0,0,0,0,0,0,0,0,0,0,0.372,0,0,0.24,0.179,0,0,0,0,0,0,0.279,0,0.179,0,0,0,0,0,0,0,0,0,0,0,0,0,0,0,0,0.721,0,0,0.608,0,0,0,0,0,0,0,0,0,0,0,0,0,0,0,0,0,0,0,0,0,0,0,0,0,0,0,0,0,0,0,0,0,0,0,0,0,0,0,0,0,0.196,0,0,0,0,0,0,0,0,0,0,0,0,0,0,0,0,0,0,0,0,0,0,0,0,0,0,0,0,0,0,0,0,0,0,0,0,0,0,0,0,0,0,0,0,0,0,0,0,0,0,0,0,0,0,0,0,0.224,0,0.913,0,0,0,0,0,0,0,0,0,0,0,0,0,0,0,0,0,0,0,0.458,0,0,0,0,0,0,0,0,0,0,0,0,0,0,0,0,0,0,0,0,0,0,0,0,0,0,0,0,0,0,0,0,0,0,0,0,0,0,0,0,0,0,0,0.64,0,0,0,0,0,0,0,0,0,0,0,0,0,0,0,0,0,0.399,0,0,0,0,0,0,0,0,0,0,0,0,0,0.174,0,0,0.545,0,0,0,0,0,0,0,0,0,0,0,0,0.265,0,0,0,0,0,0,0,0,0,0,0,0,0,0,0,0,0,0,0,0,0,0,0,0,0,0,0,0,0,0,0,0,0,0,0,0,0,0,0,0,0,0,0,0,0,0,0,0,0,0,0,0,0,0,0,0,0,0,0,0,0,0.36,0,0,0,0,0,0,0,0,0,0,0,0,0,0,0,0,0,0,0,0,0,0,0,0,0,0,0.289,0,0,0,0,0,0,0,0,0,0,0,0,0,0,0,0,0,0.302,0,0,0,0,0,0,0,0,0,0,0,0,0,0,0,0,0,0,0,0,0,0,0,0.616,0.953,0.726,0.929,0.287,0.175,0,0,0.721,0.712,0,0,0,0.7,0.412,0,0,0.473,0,0.55,0.682,0,0.528,0,0,0,0.181,0.642,0.177,0.756,0.309,0,0.712,0,0.987,0,0,0.334,0.935,0.874,0,0.458,0,0.954,0,0,0,0.688,0.473,0.166,0.299,0.19,0,0.237,0.205,0.448,0.937,0,0,0,0.282,0.608,0.709,0.713,0.545,0,0.721,0.608,0,0.177,0.706,0.944,0.608,0.177,0.181,0,0.966,0,0,0,0.608,0.598,0,0.608,0.642,0.628,0,0.162,0.608,0.394,0.962,0.953,0,0.683,0.166,0,0.373,0.683,0.688,0.173,0,0,0.934,0.726,0.853,0.473,0.705,0.643,0.809,0.707,0.505,0.356,0.706,0.493,0.628,0,0.72,0.608,0.598,0.458,0.925,0.337,0.398,0,0.709,0.639,0.926,0.948,0,0,0.722,0,0.72,0.972,0.943,0,0.727,0.961,0,0,0.182,0,0.608,0.693,0,0,0.918,0.756,0.445,0.948,0.681,0.947,0.18,0.905,0.693,0.727,0,0,0,0.64,0,0.956,0.473,0,0.493,0.514,0.608,0,0.304,0.756,0.607,0.191,0,0,0,0,0,0.162,0,0,0.177,0.635,0,0.608,0,0.237,0.964,0,0.949,0.707,0.608,0.713,0.313,0,0,0.756,0.608,0,0,0.726,0,0.608,0.681,0,0.755,0.245,0,0.608,0.228,0.728,0.972,0,0.608,0.7,0.608,0,0.952,0.598,0,0.274,0,0,0.755,0,0.608,0,0,0.607,0,0.189,0,0,0,0,0,0,0,0,0,0,0.19,0,0,0,0,0,0,0,0,0,0,0,0,0,0,0,0,0,0,0,0,0,0,0,0,0,0,0,0,0,0,0.755,0,0,0,0,0,0,0,0,0,0,0,0,0.309,0,0,0,0,0,0,0,0,0,0,0,0,0,0,0,0,0,0,0,0,0.159,0,0,0,0,0.173,0,0.175,0,0,0,0,0,0,0.153,0,0,0,0,0,0,0,0,0,0,0,0,0,0,0,0,0,0,0,0,0,0,0,0,0,0,0,0,0,0,0,0,0,0,0,0,0.278,0,0,0,0,0,0,0,0,0,0,0,0.157,0.823,0,0,0,0,0,0,0,0,0,0,0,0,0,0,0,0,0,0,0,0,0,0,0,0,0,0,0,0,0,0.359,0,0,0,0,0,0,0,0,0,0.83,0,0,0,0,0,0,0,0,0,0,0,0,0,0.179,0,0,0,0,0,0,0,0,0,0,0,0,0,0,0,0,0,0,0,0,0,0,0,0,0,0,0,0,0,0,0,0,0,0,0,0,0,0,0,0,0,0,0,0,0,0,0,0,0,0,0,0.296,0.915,0,0,0,0,0,0,0,0.82,0.166,0,0,0,0,0,0,0,0,0,0,0,0,0,0,0,0,0,0,0,0,0,0,0,0,0,0,0,0,0,0,0,0,0,0,0,0,0,0,0,0,0.323,0,0,0,0.161,0,0,0,0,0,0,0,0,0,0,0,0,0,0,0,0,0,0,0,0,0,0,0,0,0.823,0,0,0,0,0.539,0,0,0,0,0,0,0,0,0,0,0,0,0,0,0,0,0,0,0,0.372,0.933,0,0.157,0,0,0,0,0,0,0,0,0,0,0,0,0,0,0,0,0,0,0,0,0,0,0,0,0,0,0,0,0,0,0,0,0,0,0,0,0,0,0,0,0,0,0,0,0,0,0,0,0,0,0,0,0,0,0,0,0,0,0,0,0,0,0,0,0,0,0,0,0.154,0,0,0,0,0,0,0,0,0,0,0,0,0,0,0,0,0,0,0,0,0,0,0,0.339,0,0,0,0,0,0,0,0,0.45,0,0,0,0,0.348,0,0,0,0.256,0,0,0,0,0,0,0,0,0,0,0,0,0,0,0,0,0,0,0,0,0,0,0.327,0,0,0,0,0,0,0,0,0,0,0,0,0,0,0,0,0.195,0,0,0,0,0,0,0,0,0,0,0,0,0,0,0,0,0,0,0,0,0,0,0,0,0,0,0,0,0,0,0,0,0,0,0,0,0,0,0,0,0,0,0,0,0,0,0,0,0,0,0,0,0,0,0,0,0,0,0,0,0,0.651,0,0,0,0,0,0,0,0,0,0,0,0,0,0,0,0,0,0,0,0,0,0,0,0,0,0,0,0,0,0,0,0,0,0,0,0,0,0,0,0,0,0.394,0,0,0,0,0,0,0,0,0,0,0,0,0,0.155,0,0,0,0,0,0,0,0.237,0,0,0,0,0,0,0,0,0,0,0.803,0,0,0,0,0,0,0,0,0,0,0,0,0,0,0,0,0,0,0,0,0,0,0,0,0,0,0,0,0,0,0,0,0,0,0,0,0,0,0,0,0,0,0,0,0,0,0,0.32,0,0,0,0,0,0,0,0,0,0,0,0,0,0.187,0,0,0,0,0,0,0.161,0,0,0,0,0.165,0,0,0,0,0,0,0,0,0,0,0,0,0,0,0,0,0,0,0,0,0,0,0,0,0,0,0,0,0,0,0,0,0,0,0,0,0,0.807,0,0.185,0,0,0,0,0,0,0.219,0,0,0.177,0,0,0,0,0,0,0,0,0,0,0,0,0,0.926,0,0,0,0,0,0,0,0,0,0,0.811,0,0,0,0,0,0,0,0,0,0,0,0,0,0,0.191,0,0,0,0,0,0,0,0,0,0,0,0,0,0,0,0,0,0,0,0,0,0,0,0,0,0,0,0,0,0,0,0,0,0,0,0,0,0,0,0,0,0,0,0,0,0,0,0.398,0,0,0,0,0,0,0,0,0,0,0,0,0,0,0,0,0,0,0,0,0,0,0,0,0,0,0,0,0,0,0,0,0,0,0,0,0,0,0,0,0,0,0,0,0,0,0.929,0.826,0.177,0,0,0,0,0,0,0,0,0.274,0,0,0,0,0,0,0,0,0,0,0,0,0,0,0,0,0,0,0,0,0,0,0,0,0,0,0.177,0,0,0,0,0,0,0,0,0,0,0,0,0,0,0,0.824,0,0,0,0,0,0,0,0,0,0,0,0,0,0,0,0,0,0,0,0,0.173,0,0,0,0.375,0,0,0,0,0,0,0,0,0,0,0,0,0,0,0,0,0,0,0,0,0,0,0,0,0.338,0,0,0,0,0,0.935,0,0,0,0,0.827,0.93,0,0,0,0,0,0,0,0,0.174,0,0,0,0.245,0,0.245,0,0,0,0,0,0,0,0,0,0,0,0.922,0,0,0,0,0,0,0,0,0,0,0,0,0,0,0,0,0,0,0,0,0,0,0,0,0,0,0,0,0,0,0,0,0,0.949,0,0,0,0,0,0,0,0,0,0,0,0,0,0,0,0,0,0,0,0,0,0,0,0,0,0,0,0,0,0,0,0,0,0,0,0,0,0,0,0,0,0,0,0,0,0,0,0,0,0,0,0,0,0,0,0,0,0,0,0,0,0,0,0,0,0,0,0,0,0,0,0,0,0,0,0,0,0,0,0.446,0,0,0,0,0,0,0,0,0,0,0,0,0,0,0,0,0,0,0,0,0,0,0,0,0,0,0,0.823,0,0,0,0,0,0,0,0,0,0,0,0,0,0,0,0,0,0,0,0,0.171,0,0,0,0,0,0,0,0,0,0,0,0,0,0,0,0,0,0,0,0.857,0,0,0,0,0.8,0,0,0,0,0,0,0,0,0,0,0,0,0,0,0,0,0,0,0,0,0,0,0,0.916,0,0,0,0.816,0,0,0,0,0,0,0,0,0,0,0,0,0.392,0.827,0,0,0,0,0,0,0,0,0,0,0,0,0,0,0,0,0,0,0,0,0,0,0,0,0,0,0,0,0,0,0,0,0,0,0,0,0,0,0,0,0,0,0,0,0,0.8,0,0,0,0
853037,0,0.278,0.161,0,0,0,0,0,0,0.361,0,0,0,0,0,0,0,0,0,0,0,0,0,0,0.278,0,0,0,0,0,0,0,0.268,0.244,0,0,0,0,0,0,0,0.23,0,0,0,0.32,0,0.209,0,0,0,0,0,0,0,0,0,0,0,0,0.326,0.209,0.209,0,0.224,0,0,0.241,0.244,0,0.742,0.19,0,0,0,0.421,0.381,0.235,0,0,0,0,0,0,0,0.326,0.24,0,0,0,0.421,0,0,0,0.278,0.191,0.69,0.403,0,0,0,0.644,0,0.152,0,0,0.326,0,0,0.361,0,0,0,0,0.331,0,0,0,0,0,0,0,0,0,0,0.684,0,0,0,0,0,0,0,0,0,0.203,0,0,0,0.422,0,0,0,0,0,0,0,0,0,0.655,0,0,0,0,0,0.221,0,0,0,0,0,0,0,0,0,0,0,0.86,0,0,0,0,0,0,0,0,0,0.32,0.173,0.258,0,0.421,0,0,0,0,0,0,0,0,0,0,0,0,0,0,0,0.231,0,0,0,0,0,0,0,0,0.372,0,0,0,0,0,0.274,0,0,0,0,0,0,0,0,0,0,0,0,0,0.316,0,0,0,0,0,0,0,0,0,0,0,0,0,0,0,0,0,0,0,0,0,0,0,0,0,0,0,0,0,0,0,0,0,0,0,0,0,0,0,0,0,0,0,0,0,0,0,0,0,0,0,0,0,0,0,0,0,0,0,0,0,0,0,0,0,0,0,0,0,0,0,0,0,0,0,0,0,0,0,0,0,0,0,0,0,0,0,0,0,0,0,0,0,0,0,0,0,0,0,0,0,0,0,0,0,0,0,0,0.196,0,0,0,0,0,0,0,0,0,0,0,0,0,0.474,0,0.238,0,0,0.349,0,0,0,0,0,0,0,0,0,0,0,0.193,0,0,0,0,0,0.202,0.157,0,0,0,0,0,0,0,0,0,0,0,0,0,0.325,0,0,0,0,0,0,0,0,0,0,0,0,0,0,0,0,0,0,0,0,0,0,0,0,0,0,0,0,0,0,0,0,0,0,0,0,0,0,0,0,0,0,0,0,0,0,0,0.187,0,0,0,0,0,0.196,0,0,0,0,0,0.187,0,0,0,0,0,0,0,0,0,0.445,0,0.63,0,0,0,0,0,0,0,0,0,0,0,0,0,0,0,0,0,0,0,0,0,0,0,0,0,0,0,0,0,0,0,0,0,0,0,0,0,0,0,0,0,0,0,0,0,0,0,0,0,0,0,0,0,0,0,0,0,0,0,0,0,0,0,0,0,0,0,0,0,0,0,0,0,0,0,0.25,0,0,0,0,0,0,0,0,0,0,0,0,0,0,0,0,0.191,0,0,0,0,0.268,0,0,0,0,0.258,0,0,0,0,0,0.273,0,0,0,0,0,0,0,0,0,0,0,0,0,0,0,0,0,0,0,0,0,0,0,0,0.202,0,0,0,0,0,0,0,0,0,0,0,0,0,0,0,0,0,0,0,0,0,0,0,0,0,0,0,0,0,0,0,0,0,0.204,0.223,0,0,0,0,0,0,0,0,0,0,0,0,0,0,0,0,0,0,0,0,0,0,0,0,0,0,0,0,0,0,0,0,0,0,0,0,0,0,0,0,0,0,0,0,0,0,0,0,0,0,0,0,0,0,0,0,0,0,0,0,0,0,0,0,0,0,0,0,0,0,0,0,0,0,0,0,0,0,0,0,0,0,0,0,0,0,0,0,0,0,0,0,0,0,0,0,0,0,0,0,0,0,0,0,0,0,0,0,0,0,0,0,0,0,0,0,0,0,0,0,0,0.372,0,0,0,0,0,0,0,0,0,0,0,0,0,0,0,0,0,0,0,0,0,0,0,0,0,0,0,0,0,0,0,0,0,0,0,0.274,0,0,0,0,0,0,0,0,0,0,0,0,0,0,0,0,0,0,0,0,0,0,0,0,0,0,0,0,0,0,0,0,0,0,0,0,0,0,0,0,0,0,0,0,0,0,0,0,0,0,0,0,0,0,0,0,0,0,0,0,0,0,0,0,0,0,0,0,0,0,0,0,0,0,0,0,0,0,0,0,0.238,0,0,0,0,0,0,0,0,0,0,0,0,0,0,0,0,0,0,0,0,0,0,0,0,0,0,0,0,0,0,0,0.196,0,0,0,0,0,0,0,0,0,0,0,0,0,0,0,0,0,0,0,0,0,0,0,0,0,0,0,0,0,0,0,0,0,0,0,0,0,0,0,0,0,0,0,0,0,0,0,0,0,0,0.683,0,0,0,0,0,0,0,0,0,0,0,0,0,0,0,0,0,0,0,0,0,0,0,0,0,0,0,0,0,0,0,0,0,0,0,0,0,0,0,0,0,0,0,0,0,0,0,0,0,0,0,0,0,0,0,0,0,0.196,0,0,0,0,0,0,0,0,0,0,0,0,0,0,0,0,0,0,0,0,0,0,0,0,0,0,0,0,0,0,0,0,0,0,0,0,0,0,0,0,0.268,0,0,0,0,0,0,0,0,0,0,0,0,0.268,0,0,0,0,0,0,0,0,0,0,0,0.196,0.173,0,0,0,0,0,0,0,0,0,0,0,0,0,0,0,0,0,0,0,0,0,0,0,0,0,0,0,0,0,0,0,0,0,0,0,0,0,0.196,0,0,0,0,0,0,0,0,0,0,0,0,0,0,0,0.373,0,0,0,0,0,0,0,0,0.333,0,0,0,0,0,0,0,0,0,0,0,0,0,0,0,0,0,0,0,0,0,0,0.338,0,0,0,0,0,0,0,0,0,0,0,0.154,0,0,0,0,0.159,0,0,0,0,0,0,0,0,0,0,0,0.196,0,0,0,0,0,0,0,0,0,0,0,0,0,0,0,0,0,0,0,0,0.185,0,0,0,0,0,0,0,0.226,0,0,0,0,0,0,0,0,0,0,0,0,0,0,0,0,0,0,0,0,0,0.321,0,0,0.203,0,0,0,0,0,0,0,0,0,0,0,0,0,0,0,0,0,0,0.268,0,0.181,0,0.333,0,0,0,0,0,0,0,0,0,0,0,0,0,0,0.159,0,0,0,0,0,0,0,0,0,0,0,0,0.159,0,0,0,0,0,0.165,0,0,0,0.185,0,0,0,0,0,0,0,0,0,0,0,0,0,0,0.196,0,0,0,0,0,0,0,0,0.165,0,0,0,0,0.364,0,0,0,0,0,0,0,0,0,0,0,0,0,0,0,0,0,0.165,0,0,0,0,0,0,0,0.196,0,0,0,0,0.758,0,0,0,0,0,0,0,0,0,0,0,0,0,0.384,0,0.196,0,0,0,0,0,0,0,0,0,0,0,0,0,0,0,0,0,0,0,0,0,0,0,0,0,0.353,0,0,0,0,0,0,0,0,0.196,0,0,0,0,0,0,0,0,0,0,0,0,0,0,0,0,0,0,0,0,0,0,0,0,0,0,0,0,0,0,0,0,0,0,0,0,0,0,0,0,0,0,0,0,0,0,0,0,0.226,0,0,0,0,0,0,0,0,0,0,0,0,0,0,0.154,0,0,0,0,0,0,0,0,0,0,0,0,0,0,0.184,0,0,0,0,0,0,0,0,0.196,0,0,0,0,0,0,0,0,0,0,0,0,0.223,0,0.179,0,0,0,0,0,0,0,0,0,0,0,0,0,0,0,0,0,0,0,0,0,0,0,0,0,0,0,0,0,0,0,0,0.193,0,0,0,0.45,0.268,0,0,0,0,0,0,0,0,0,0,0,0,0,0,0,0,0,0,0,0,0,0,0,0,0,0.268,0,0,0,0,0,0,0,0,0,0,0,0,0,0.163,0,0.215,0,0,0,0,0,0,0,0,0,0,0,0,0,0,0,0,0,0,0,0,0,0,0,0,0.183,0,0,0,0,0,0,0,0,0,0,0,0,0,0,0,0,0,0.329,0,0,0,0,0,0,0,0,0,0,0,0,0.15,0,0,0,0,0,0,0,0,0,0,0,0,0,0,0,0,0,0,0,0,0,0,0,0,0,0,0,0,0,0,0,0,0,0,0,0,0,0,0,0,0,0,0,0,0,0,0,0,0,0,0,0,0,0,0,0,0,0,0,0,0,0,0,0,0,0,0,0,0,0,0,0,0,0,0,0,0,0,0,0,0,0,0,0,0,0,0,0,0,0,0,0,0,0,0,0,0,0,0,0,0,0,0,0,0,0,0,0,0,0,0,0,0,0,0,0,0,0,0,0,0,0,0,0,0,0,0,0,0,0,0.193,0,0,0,0,0,0,0,0,0,0,0,0,0,0,0,0,0,0,0,0.17,0,0,0,0,0,0,0,0,0,0,0,0,0,0,0,0,0,0,0,0,0,0,0,0,0,0,0,0,0,0,0,0,0,0,0,0,0,0,0,0,0,0,0,0,0,0,0,0,0,0,0,0,0,0,0,0,0,0,0.183,0,0,0,0,0,0,0,0,0,0,0,0,0,0,0,0,0,0,0,0,0,0,0,0,0,0,0,0,0.208,0,0,0,0,0,0.154,0,0,0,0,0,0,0,0,0,0,0,0,0,0,0,0,0,0,0,0,0,0,0,0,0,0,0,0,0,0,0,0,0,0,0,0.193,0,0,0,0,0,0,0,0,0,0,0,0,0,0,0,0.214,0,0.612,0,0,0,0,0,0,0,0,0,0,0,0,0,0,0,0,0,0,0.32,0,0,0,0,0,0,0,0,0,0,0,0,0,0,0,0,0,0,0,0.373,0,0.279,0,0.419,0,0,0,0.17,0,0,0.279,0,0,0,0,0,0,0,0,0,0,0,0,0,0,0,0,0,0,0,0,0,0,0,0,0.172,0.32,0,0,0,0,0.183,0,0,0,0,0,0,0,0,0,0,0,0,0,0,0,0,0,0,0,0,0,0,0,0,0,0,0,0,0,0,0,0,0,0,0,0,0,0,0,0,0,0,0,0,0,0,0,0,0,0,0,0,0,0,0,0,0,0,0,0,0,0,0,0,0,0,0,0,0,0,0,0,0,0,0,0,0,0,0,0,0,0.337,0.585,0,0,0,0,0,0,0,0,0,0,0,0,0,0,0,0,0,0,0,0,0,0,0,0,0,0,0,0,0,0,0,0,0,0,0,0,0,0,0,0,0,0,0,0,0,0,0,0,0,0,0,0,0,0,0,0,0,0,0,0,0,0,0,0,0,0,0,0,0,0,0,0,0,0,0,0,0,0,0,0,0,0,0,0,0,0.282,0,0,0,0,0,0,0,0,0,0.261,0,0,0,0,0,0,0,0,0,0,0,0,0,0,0,0,0,0.508,0,0,0,0,0,0,0,0,0,0,0,0,0,0,0,0,0,0,0,0,0,0,0,0,0,0,0,0,0,0,0,0,0,0,0,0,0,0,0,0,0,0,0,0,0,0,0,0,0,0,0,0,0,0.358,0,0,0,0,0,0,0,0,0,0,0,0.256,0,0,0,0,0,0,0,0,0,0,0,0,0,0,0,0,0,0,0,0,0,0.177,0,0,0,0,0,0,0,0,0,0,0,0,0,0,0,0,0,0,0,0,0,0,0,0,0,0,0,0,0,0,0,0.217,0,0,0,0,0,0,0,0,0,0,0,0,0,0,0,0,0,0,0,0,0,0,0,0,0,0,0,0,0,0,0,0,0,0,0,0,0,0,0,0,0,0,0,0,0,0,0,0,0,0,0,0,0,0,0,0,0.217,0,0.199,0.194,0,0,0,0,0,0.275,0,0.245,0,0,0,0.329,0,0.454,0,0,0,0,0.203,0.587,0.203,0,0,0,0,0,0,0,0,0,0,0.191,0,0,0,0.926,0.566,0,0.253,0,0,0.481,0.404,0,0.709,0.342,0.2,0.887,0,0,0,0,0,0,0,0,0,0.483,0,0,0.195,0.196,0,0,0,0,0,0,0,0.526,0,0,0,0,0,0,0.242,0,0,0,0,0,0,0,0,0,0,0,0,0,0,0.313,0,0,0.627,0,0,0.2,0,0.4,0.403,0,0,0,0,0,0.802,0,0.749,0.331,0,0,0.755,0,0,0.767,0,0,0,0.255,0,0.562,0,0.2,0,0,0,0,0,0,0,0,0.25,0,0.404,0,0.229,0.453,0,0,0.539,0,0,0,0,0,0.704,0,0,0.78,0,0,0,0,0,0,0,0,0,0,0,0.218,0,0,0,0,0,0,0,0,0,0,0,0,0,0,0,0,0,0,0,0,0,0,0,0,0,0,0,0,0,0,0,0,0,0,0,0,0,0,0,0,0,0,0,0,0,0,0,0,0,0,0,0,0,0,0,0.377,0,0.301,0,0,0.173,0,0,0.173,0,0,0,0,0,0,0,0,0,0,0,0,0,0,0,0,0,0.183,0,0,0.244,0.218,0,0,0,0.173,0,0,0,0,0,0,0,0.288,0,0,0,0,0,0,0,0,0,0,0,0,0,0,0,0,0,0,0,0,0,0.167,0,0,0,0,0,0,0,0,0,0,0,0,0,0,0,0,0,0,0,0,0,0,0,0,0,0,0,0,0,0,0,0,0,0,0,0,0.238,0.181,0,0,0,0,0,0,0,0,0,0,0,0,0,0,0,0,0,0,0,0,0,0,0,0,0,0,0,0,0,0,0,0,0,0,0,0,0,0,0,0,0,0,0,0,0,0,0,0,0,0,0,0,0,0,0,0,0,0,0,0,0,0,0,0,0,0,0,0,0,0,0,0,0,0,0,0,0,0,0,0,0,0,0,0,0,0,0,0,0,0,0,0,0,0,0,0,0.495,0,0,0,0,0,0,0,0,0,0,0,0,0,0,0,0,0,0,0,0,0,0,0,0,0,0,0,0,0,0,0,0,0,0,0,0,0,0,0,0,0,0,0,0,0,0,0,0,0.483,0,0,0,0,0,0,0,0,0,0,0,0,0,0,0,0,0,0,0,0,0,0,0,0,0,0,0,0,0,0,0,0,0,0,0,0,0,0,0,0,0,0,0,0,0,0,0,0,0,0,0,0,0,0,0,0,0,0,0,0,0,0,0,0,0,0,0,0,0,0,0,0,0,0,0,0,0.333,0,0,0,0,0,0,0,0,0,0,0,0,0,0,0,0,0,0,0,0,0,0,0,0,0,0,0,0,0,0,0,0,0,0,0,0,0,0,0,0.19,0,0,0,0,0,0,0,0,0,0,0,0,0,0,0,0,0,0,0,0,0,0,0,0,0,0,0,0,0,0,0,0,0,0,0,0,0,0,0,0,0,0,0,0,0,0,0,0,0,0,0,0,0,0,0,0,0,0,0,0,0,0,0,0,0,0,0,0,0,0,0,0,0,0,0,0,0,0,0,0,0,0,0,0,0,0,0,0,0,0,0,0,0,0,0,0,0,0,0,0,0,0,0,0,0,0,0,0,0,0,0,0,0,0,0,0,0,0,0,0,0,0,0,0,0,0,0,0,0,0,0,0,0,0,0,0,0,0,0,0,0,0,0,0,0,0,0,0,0,0,0,0.302,0,0,0,0,0,0,0,0,0,0,0,0,0,0,0,0,0,0,0,0.351,0,0,0,0,0,0,0,0,0,0,0,0,0,0,0,0,0,0,0,0,0,0,0,0,0,0,0,0,0,0,0,0,0,0,0,0,0,0,0,0,0,0,0,0,0,0,0,0,0,0,0,0,0,0,0,0,0,0,0,0,0,0,0,0,0,0,0,0.191,0,0,0,0,0,0,0,0,0,0,0,0,0,0,0,0,0,0,0,0,0,0,0,0,0,0,0,0,0.156,0,0,0,0,0,0,0,0,0,0,0,0,0,0,0,0,0,0,0,0,0,0,0,0,0,0,0,0,0,0,0,0,0,0,0.239,0,0,0,0,0,0,0,0,0,0,0,0,0,0,0,0,0,0,0,0,0,0,0,0,0,0,0,0,0,0,0,0,0,0,0,0,0,0,0,0,0,0.161,0,0,0,0,0,0,0,0,0,0,0,0,0,0,0,0,0,0,0,0,0,0,0,0,0,0,0,0,0.154,0,0,0,0,0,0,0,0,0,0,0,0,0,0,0,0,0,0,0.288,0,0,0,0,0,0,0,0,0,0,0,0,0,0,0,0,0,0,0,0,0,0,0,0,0,0,0,0,0,0,0,0,0,0,0,0,0,0,0,0,0,0,0,0,0,0,0,0,0,0,0,0,0,0,0,0,0,0,0,0,0,0,0,0,0,0,0,0,0,0,0,0,0,0,0,0,0,0,0,0,0,0,0,0,0,0.554,0,0,0,0,0,0,0,0,0,0,0,0,0,0,0,0,0,0,0,0,0,0,0,0,0,0,0,0,0,0,0,0,0,0,0,0,0,0,0,0,0,0,0,0,0,0,0,0,0,0,0,0,0,0,0,0,0,0,0,0,0,0,0.173,0,0,0,0,0,0,0,0,0,0,0,0,0,0,0,0,0,0,0,0,0,0,0,0,0,0,0,0,0,0,0,0,0,0,0,0,0,0,0,0,0,0,0,0,0,0,0,0,0,0,0,0,0,0,0,0.537,0,0,0,0,0.161,0,0,0,0,0,0,0,0,0,0.16,0,0,0,0,0,0,0,0,0,0,0,0,0,0,0,0,0,0,0,0,0,0,0,0,0,0,0,0,0,0,0,0,0,0,0,0,0.513,0,0,0,0,0,0,0,0,0,0,0,0,0,0,0,0,0,0,0,0,0,0,0,0,0,0,0,0,0,0,0,0,0,0,0,0,0,0,0,0,0,0,0,0,0,0,0,0,0,0,0,0,0.473,0,0,0,0,0,0,0,0,0,0,0,0,0,0,0,0,0,0,0,0,0,0,0,0,0,0,0,0,0,0,0,0,0,0,0,0,0,0,0,0,0,0,0,0,0,0,0,0,0,0,0,0,0,0,0,0,0,0,0,0,0,0,0,0,0,0,0,0,0,0,0.297,0,0,0,0,0,0,0,0,0,0,0.337,0,0,0,0,0,0,0,0,0,0,0,0,0,0,0,0,0.394,0,0,0,0,0,0,0,0,0,0,0,0,0,0,0,0,0,0,0,0,0,0,0,0,0,0,0,0,0,0,0,0,0,0,0,0,0,0,0,0,0.4,0,0,0,0,0,0,0,0,0,0,0,0,0,0,0,0,0,0,0,0,0,0,0,0,0,0,0,0,0,0,0,0,0,0,0,0,0,0,0,0,0,0,0,0,0,0,0,0,0,0,0,0,0,0,0,0,0,0,0,0,0,0,0,0,0.29,0,0,0,0,0,0,0,0,0,0,0,0,0,0,0,0,0,0,0.201,0,0,0,0,0,0,0,0,0,0,0,0,0,0,0,0,0,0,0,0,0.257,0,0,0,0,0,0,0,0,0,0,0,0,0,0,0,0,0,0,0,0,0,0,0,0,0,0,0,0,0,0,0,0,0,0,0,0,0,0,0,0,0,0,0,0,0,0,0,0,0,0,0,0,0,0,0.22,0,0,0,0,0,0,0,0,0,0,0,0,0,0,0,0,0,0,0.299,0,0,0,0,0,0,0,0,0,0,0,0,0,0,0,0,0,0,0,0,0,0,0,0,0,0,0,0,0,0,0,0,0,0.163,0,0,0,0,0,0,0,0,0,0,0,0,0,0,0,0,0,0,0,0,0,0,0,0.154,0,0,0,0,0,0,0,0,0,0,0,0,0,0,0,0,0,0,0,0,0,0,0,0,0,0,0,0,0,0,0,0,0,0,0,0,0,0,0,0,0,0,0,0,0,0,0,0,0,0,0,0,0,0,0,0,0,0,0,0,0,0,0,0.374,0,0,0,0,0,0,0,0,0,0,0,0,0,0,0,0,0,0,0,0,0,0,0,0,0,0,0.163,0,0,0,0,0,0,0,0,0,0,0,0,0,0,0,0,0,0,0,0,0,0,0,0,0,0,0,0,0,0,0,0,0,0,0,0,0,0,0,0,0,0.446,0,0,0,0,0,0,0,0,0,0,0,0,0,0,0,0,0,0,0,0,0,0,0,0,0,0,0,0,0,0,0,0,0,0,0,0,0,0,0.232,0,0,0,0,0,0,0,0,0,0,0,0,0,0,0,0,0,0,0,0,0,0,0,0,0,0
852068,0.27,0,0.177,0,0,0,0,0.308,0.325,0.351,0,0,0,0,0,0.454,0,0,0,0.193,0.169,0.376,0,0,0.16,0,0.398,0,0.167,0,0,0,0.258,0.237,0.514,0,0,0,0,0,0,0.38,0,0,0,0,0,0.176,0.248,0,0,0,0,0,0,0,0,0.163,0.225,0.23,0,0.993,0.329,0,0.695,0,0,0.191,0,0,0.195,0,0,0,0,0.152,0.242,0.549,0,0,0.157,0,0,0,0,0,0,0,0,0,0.152,0,0,0.225,0,0,0,0,0.27,0,0,0,0.692,0,0.175,0,0,0,0.178,0.207,0,0,0,0.194,0.154,0,0,0,0.36,0,0,0.225,0,0.234,0,0,0,0,0,0,0,0,0,0,0,0,0,0.157,0.249,0.163,0.194,0,0.231,0,0,0,0,0,0,0,0.199,0,0.198,0,0,0.739,0.165,0,0,0,0,0,0,0,0.27,0,0,0.941,0,0,0,0,0,0,0,0,0,0,0,0.199,0.158,0.195,0,0,0,0,0,0,0.342,0.165,0,0,0,0,0,0.16,0,0,0,0,0.181,0,0.175,0,0,0,0,0,0,0.465,0,0,0,0,0,0,0,0,0.836,0,0.184,0,0,0,0,0,0.23,0,0,0,0,0,0.337,0,0,0.331,0,0,0,0.189,0,0,0,0.643,0,0,0,0.207,0,0,0,0.438,0,0,0,0.189,0,0,0,0.529,0,0,0,0.357,0.319,0,0,0,0,0,0,0.189,0,0.379,0.15,0,0,0.284,0,0,0,0,0.603,0,0,0.217,0,0.189,0,0,0,0,0,0.649,0,0,0.165,0.376,0,0,0,0.162,0,0.201,0.169,0,0.186,0,0,0.159,0,0,0,0.207,0.206,0,0,0,0,0,0.231,0,0.159,0,0,0.169,0,0,0,0,0,0.402,0,0,0,0,0,0,0.965,0,0.216,0,0,0.487,0,0.248,0.331,0,0,0,0,0,0,0,0.169,0,0.218,0.17,0,0,0.32,0,0.172,0.207,0,0.184,0,0,0,0,0,0,0.163,0,0,0,0,0,0,0,0,0,0,0,0,0,0,0,0,0,0.353,0,0,0.181,0,0,0,0,0,0,0,0,0.181,0,0.193,0.31,0,0,0,0.206,0,0,0,0,0,0.15,0,0,0,0,0.169,0.181,0,0,0,0,0,0,0,0.19,0.168,0,0,0,0.171,0,0,0,0,0,0.163,0,0,0,0,0,0,0,0,0,0,0,0.603,0,0,0.362,0,0,0,0,0.431,0.234,0,0,0,0,0,0,0,0,0.173,0,0,0.166,0,0,0,0,0,0,0,0,0,0,0,0,0,0,0,0,0,0,0,0,0,0,0,0.415,0.41,0,0,0,0.681,0.317,0,0,0,0.958,0,0,0,0,0,0.151,0,0,0,0,0,0,0,0,0,0,0,0,0,0.184,0,0,0,0,0,0,0,0,0,0,0,0,0,0,0,0,0,0.207,0,0,0.16,0,0,0,0,0.228,0,0,0,0.258,0,0,0,0,0.222,0,0,0,0,0,0.171,0,0,0,0,0.152,0,0,0,0,0,0,0,0,0,0,0.22,0,0,0,0.292,0,0,0,0.36,0.244,0,0,0,0,0,0,0,0,0,0,0,0,0,0.191,0,0,0,0.179,0,0,0,0,0.359,0,0,0,0,0,0,0,0,0.194,0,0.183,0.258,0,0,0,0,0,0,0,0,0,0,0,0,0.434,0,0,0,0,0,0,0.33,0,0,0,0,0,0,0,0,0,0,0,0,0,0,0,0,0,0,0,0,0,0.499,0,0.207,0,0,0,0,0,0,0,0,0,0,0,0,0.308,0,0,0.973,0,0,0,0,0,0,0.212,0,0,0,0,0,0,0,0,0.395,0,0,0.296,0,0,0,0.184,0,0,0,0,0.228,0,0,0,0,0,0.956,0,0,0,0,0.165,0.372,0,0.151,0,0,0,0,0,0,0,0.227,0,0,0,0,0,0,0.33,0,0,0,0.259,0,0,0.182,0,0,0,0,0,0,0,0,0,0,0,0,0,0,0.341,0,0.217,0.168,0,0,0.27,0.479,0,0,0,0,0,0.183,0,0,0,0,0,0,0,0.358,0,0,0,0,0,0,0,0,0,0,0,0,0,0,0,0.221,0,0,0,0,0,0,0.165,0,0,0,0,0,0,0.155,0,0,0,0,0,0,0,0,0,0,0,0,0.283,0,0,0,0,0,0,0,0,0,0,0,0.907,0,0.377,0,0,0,0,0,0,0,0.945,0,0,0,0,0,0,0.235,0,0,0.181,0,0,0,0,0,0,0,0,0,0,0,0,0,0.159,0,0.665,0,0,0,0,0,0,0,0,0.196,0,0,0,0,0,0,0,0,0.231,0.15,0,0,0,0,0.154,0,0,0,0,0,0.163,0,0,0,0,0,0,0.52,0,0,0,0,0,0,0.243,0.321,0,0,0.159,0,0,0.2,0.158,0,0,0,0.576,0,0,0,0,0,0,0,0,0,0.161,0,0,0,0,0.254,0.161,0,0,0.361,0,0,0.194,0,0.158,0.171,0,0,0,0,0,0,0,0,0,0,0,0,0,0,0,0,0,0,0,0,0,0,0,0,0,0,0,0,0,0,0,0,0,0,0,0,0,0,0,0,0,0,0,0,0,0,0,0,0,0,0,0.241,0,0,0,0,0,0,0,0,0,0,0.911,0,0.236,0,0,0,0.186,0,0,0,0,0,0,0,0.23,0.153,0,0,0,0,0.209,0,0.999,0,0,0,0.71,0,0,0,0,0,0,0.192,0,0,0,0,0,0.258,0,0,0,0,0,0.28,0,0.172,0,0,0.91,0,0,0,0,0,0,0.192,0,0,0,0.957,0.194,0,0,0,0,0.16,0,0,0.211,0,0.225,0,0,0,0,0,0,0,0,0,0,0,0,0.184,0,0,0,0,0,0,0.34,0,0,0,0,0,0.29,0,0,0.908,0,0,0,0,0,0,0,0.207,0,0,0,0,0.307,0.203,0.164,0,0,0.166,0.194,0,0.21,0,0,0,0,0.261,0,0,0,0,0,0,0.7,0,0,0.454,0,0,0.241,0.439,0,0,0,0,0,0,0,0,0,0,0,0,0,0,0,0,0,0,0.184,0,0.229,0.207,0,0.685,0,0.913,0,0.315,0,0,0,0.369,0.304,0.207,0.319,0,0.278,0,0,0.519,0,0,0,0,0,0,0.167,0,0,0,0.748,0,0,0.151,0.261,0,0,0.174,0.318,0.157,0,0,0,0,0,0,0.166,0,0,0,0,0,0.181,0,0.176,0.262,0,0,0.182,0,0,0,0,0.91,0.907,0,0,0.192,0,0,0,0,0,0.267,0,0.451,0,0,0.258,0,0.189,0.215,0.203,0.722,0,0,0,0.317,0,0,0,0,0,0,0,0,0,0,0.992,0.262,0.181,0,0,0.183,0,0,0.614,0,0,0.175,0.153,0,0,0,0,0.207,0,0,0,0,0,0.356,0.342,0,0.156,0.301,0,0.153,0,0,0,0,0,0,0.802,0,0.194,0.18,0,0,0.153,0.648,0,0,0,0,0,0.204,0.593,0.999,0,0,0,0,0,0.296,0,0,0,0,0,0,0,0,0,0,0,0,0.152,0.683,0,0.239,0.301,0,0,0.205,0,0,0,0.174,0,0,0,0,0,0,0,0,0,0,0,0,0.173,0,0,0,0,0,0,0.191,0.564,0,0,0.221,0.163,0,0,0,0,0,0,0,0,0.273,0,0.451,0,0,0,0,0.417,0,0.236,0,0.296,0,0.926,0.224,0,0.153,0,0,0,0,0,0,0,0,0,0,0,0,0,0.643,0,0,0,0,0,0,0,0.227,0.176,0,0,0,0,0,0,0,0.21,0,0,0,0.724,0,0,0,0,0.651,0,0,0,0,0,0,0,0,0,0,0,0,0,0,0,0,0,0,0,0,0,0,0,0,0.369,0,0,0,0,0.7,0,0,0,0,0,0,0,0,0,0.19,0,0,0.775,0,0,0,0.189,0,0,0,0,0,0,0,0.153,0,0,0.205,0.208,0.282,0,0,0,0,0,0,0,0.173,0.38,0.539,0.301,0,0,0,0.242,0,0,0,0.299,0.221,0,0,0.367,0.194,0,0.194,0,0,0,0.19,0,0,0,0,0.691,0,0,0,0.263,0.186,0,0.368,0.283,0,0,0,0,0,0,0,0,0,0.244,0,0,0,0,0,0,0,0,0,0.367,0,0,0,0,0,0.258,0,0,0,0,0.161,0,0,0,0,0,0,0,0,0.22,0,0.453,0.154,0,0.711,0,0,0,0,0,0.206,0,0,0.922,0,0,0,0.171,0.276,0,0,0,0,0,0.191,0,0,0.174,0,0,0,0,0.215,0,0.19,0,0.48,0,0.17,0,0.155,0.217,0,0,0.536,0,0,0.604,0,0,0,0,0,0,0,0.261,0,0,0.181,0.161,0,0.28,0,0,0,0.156,0,0,0,0,0,0.379,0,0,0,0,0,0.446,0,0,0.173,0,0,0,0,0,0,0,0,0,0,0,0,0,0,0.192,0,0,0,0,0,0,0.17,0,0,0,0.217,0,0,0,0,0,0,0,0,0.288,0,0,0.15,0,0,0,0,0.199,0,0,0.709,0,0,0,0,0,0,0,0,0,0,0.227,0,0,0,0,0,0,0,0,0,0,0,0,0.251,0,0,0,0,0,0,0,0,0.199,0,0,0,0.195,0,0,0.182,0,0,0,0,0,0,0,0,0,0,0,0.217,0,0,0,0,0,0,0,0,0.192,0.782,0,0,0,0.195,0.31,0,0,0,0,0.61,0,0,0.511,0,0,0,0,0,0,0,0.374,0.168,0,0,0,0,0,0,0.217,0,0.35,0.411,0,0,0,0,0.275,0,0,0,0.258,0,0,0,0.172,0,0,0.16,0,0,0,0,0,0.177,0,0.282,0.155,0,0,0,0,0,0,0,0,0,0.151,0,0,0,0,0,0,0,0,0,0,0,0.286,0,0,0,0.171,0,0,0,0,0,0,0,0,0.161,0,0,0.185,0,0,0,0,0,0,0,0,0,0,0,0,0,0.163,0,0,0,0,0,0,0,0,0,0,0,0,0,0,0,0,0,0,0,0,0,0,0,0,0,0,0,0,0,0.415,0,0,0,0,0,0,0,0,0.198,0,0,0,0,0,0,0,0.957,0,0,0,0,0.197,0,0,0,0,0,0,0,0,0,0.555,0,0,0,0,0,0,0,0,0,0,0,0,0,0,0,0,0,0,0,0,0.392,0,0,0,0,0,0,0,0,0,0,0.238,0,0,0.193,0,0.484,0.195,0,0,0,0,0,0,0,0.946,0.191,0,0,0,0,0,0,0,0,0.353,0,0,0,0,0,0,0,0,0,0,0,0,0.484,0,0,0,0,0,0,0,0,0.214,0,0,0,0,0,0.935,0,0,0,0.381,0.193,0,0,0,0,0,0,0,0,0,0,0,0,0,0,0,0,0.649,0,0,0,0.993,0,0,0,0,0,0.193,0,0,0,0,0,0,0,0.374,0,0,0,0,0,0.211,0.475,0,0,0,0,0,0,0,0,0,0,0,0,0,0,0,0,0,0,0,0,0,0,0,0,0,0,0,0,0,0,0,0,0,0,0,0,0,0,0,0,0,0,0.233,0.356,0.233,0.167,0,0,0,0,0,0,0.271,0,0,0,0,0,0,0,0,0.901,0,0,0,0,0,0,0,0,0,0,0,0,0,0,0,0,0,0,0,0,0,0,0,0,0,0,0,0,0,0,0,0,0,0,0,0,0,0,0.265,0,0,0,0,0.172,0,0,0.239,0,0,0,0,0,0,0,0,0,0,0,0,0,0,0,0,0,0.271,0,0,0,0.233,0.233,0,0,0,0,0,0,0,0,0,0,0,0,0,0,0,0,0.466,0,0,0.364,0,0,0,0.221,0,0,0,0.303,0,0,0,0,0,0,0.34,0,0.175,0,0,0,0,0,0,0,0,0.188,0,0,0,0,0,0,0,0,0,0,0,0,0,0,0,0.161,0,0,0,0.312,0,0,0,0,0.599,0,0,0,0,0,0,0,0,0,0,0.174,0,0,0,0,0.159,0,0.927,0,0,0,0,0,0,0.571,0,0,0,0,0,0,0,0,0.224,0.342,0,0,0,0,0.204,0.296,0,0,0,0,0,0,0,0,0,0,0.159,0,0,0,0,0,0,0,0,0.444,0,0,0,0,0.271,0,0,0,0,0,0,0,0.172,0,0,0,0,0,0,0,0,0.16,0,0,0,0,0.295,0,0,0,0,0,0,0,0,0,0,0,0,0,0.193,0,0,0,0.332,0,0,0,0,0,0,0,0,0,0,0.641,0,0,0,0,0,0,0,0,0,0,0,0,0,0,0,0,0,0,0,0,0.163,0,0,0.399,0,0,0,0,0,0,0,0,0.203,0,0,0,0,0.951,0,0.293,0,0,0.512,0,0.8,0.61,0,0,0.182,0,0,0,0.599,0,0,0,0.189,0,0.398,0,0,0,0,0.221,0,0.557,0,0,0,0,0,0,0,0,0.367,0,0,0.277,0,0,0,0,0.166,0,0,0,0,0,0,0,0,0,0.226,0,0,0.276,0,0,0.227,0,0,0,0,0,0,0,0,0,0,0,0,0,0,0.331,0,0,0,0,0,0,0,0,0,0,0,0,0.208,0,0,0,0,0,0,0.315,0,0,0,0.351,0,0.559,0,0,0,0,0,0,0,0,0.93,0,0.297,0,0,0,0,0,0,0,0.182,0,0,0,0.912,0,0,0.317,0,0,0,0,0,0,0,0.256,0,0.464,0,0,0,0.474,0,0.179,0,0.158,0.246,0,0,0,0.172,0,0.199,0,0,0,0,0,0,0.924,0.151,0,0,0,0.723,0,0.229,0.228,0.367,0.29,0.228,0.263,0,0,0,0,0.202,0.465,0,0,0,0,0,0,0,0.257,0,0,0,0,0,0,0,0,0,0,0,0,0,0.247,0,0.365,0,0,0,0,0.903,0,0,0.179,0,0,0,0,0,0,0,0.183,0,0.63,0,0,0,0.496,0,0,0.209,0.157,0,0,0,0,0.183,0,0,0.419,0,0,0,0,0,0,0,0,0,0,0.209,0,0,0,0,0,0,0,0.968,0,0,0,0,0,0,0,0,0,0,0,0,0,0.152,0,0,0,0,0,0,0,0,0,0,0,0,0.186,0,0,0,0,0,0,0,0,0,0,0,0,0.151,0,0,0,0.16,0,0,0,0,0,0,0,0,0,0,0,0,0,0,0,0.934,0,0,0,0,0,0,0,0,0,0,0,0,0,0,0,0,0,0.445,0.304,0,0,0,0,0,0,0,0,0,0,0,0,0,0.702,0,0,0,0,0,0,0,0,0,0,0,0,0,0.178,0,0,0,0,0.318,0,0,0,0,0,0,0,0,0,0,0,0,0,0,0,0,0.44,0.2,0,0,0,0,0,0,0,0,0,0,0,0,0,0.174,0,0,0,0,0.156,0,0,0,0,0,0,0.219,0,0,0,0,0,0,0,0,0,0,0,0.237,0,0,0,0,0,0,0,0,0,0,0,0.187,0.258,0,0,0,0.184,0,0,0,0,0,0,0,0.312,0,0,0.18,0,0.67,0,0,0,0,0,0,0,0,0,0,0.457,0,0,0,0,0,0,0,0.29,0,0,0,0,0,0,0.265,0,0,0,0,0,0,0,0.194,0,0,0,0,0,0,0.168,0.905,0,0.32,0,0,0.162,0,0,0,0,0,0,0,0,0.203,0.162,0,0,0,0,0,0,0.154,0,0,0,0,0,0,0,0,0,0,0,0,0,0,0,0,0,0,0,0,0,0,0,0.331,0,0,0,0,0,0,0,0,0.175,0.175,0,0.17,0,0,0,0,0,0,0,0,0,0,0,0,0,0,0,0,0,0.175,0,0,0,0.169,0,0.292,0,0,0,0,0,0,0,0,0,0,0,0,0,0,0,0.337,0,0,0.193,0,0,0,0,0,0,0,0,0,0,0.269,0,0.346,0,0,0,0,0,0,0,0,0,0,0,0,0.91,0,0,0,0.191,0,0,0,0,0,0,0,0,0,0,0,0,0,0,0,0,0,0,0,0,0,0,0,0,0,0,0,0,0,0.157,0,0,0,0,0,0,0,0,0,0,0,0,0,0,0,0,0.179,0,0,0,0,0,0,0,0,0,0,0,0,0,0,0,0,0,0,0,0,0,0,0,0,0,0,0,0,0,0,0,0,0,0,0,0,0,0,0,0.28,0,0,0,0,0,0,0,0,0,0,0,0,0,0,0,0,0,0,0.186,0,0,0,0,0.182,0,0,0,0,0,0,0,0,0.324,0,0,0,0,0,0.171,0,0.333,0,0,0,0,0,0.238,0,0,0,0,0,0,0,0,0,0,0,0,0,0,0,0,0,0,0,0,0,0,0,0,0,0,0,0,0.195,0,0,0,0,0.314,0,0,0.151,0,0,0,0,0,0,0,0,0,0,0,0,0,0,0,0,0,0.18,0,0,0,0,0,0,0,0,0,0,0.904,0,0,0,0,0,0,0,0,0,0,0,0,0.35,0,0,0,0,0,0,0,0,0,0,0,0,0,0,0,0,0,0,0,0,0,0,0,0,0,0.17,0,0,0.193,0,0,0,0,0,0,0,0.265,0,0,0.538,0,0,0,0,0,0,0,0,0,0,0,0,0,0,0,0,0,0,0,0,0,0,0,0,0,0,0,0,0,0,0,0,0,0,0.249,0,0,0,0,0,0,0,0,0,0,0.204,0,0,0,0,0,0,0,0,0,0,0,0,0,0,0,0,0.284,0,0,0.223,0,0,0,0,0,0,0,0,0,0,0,0,0,0,0,0,0,0,0,0,0,0,0,0,0,0,0,0,0,0,0,0,0,0,0,0,0,0,0,0,0,0,0,0,0,0,0,0,0,0.179,0,0,0,0,0,0.247,0,0.214,0,0,0,0,0,0,0,0.215,0,0,0,0,0,0,0,0,0,0,0,0,0,0,0,0,0,0,0,0,0,0,0,0.182,0,0,0,0,0,0,0,0,0,0,0,0,0,0,0,0,0.169,0,0,0,0,0,0,0,0,0,0,0,0,0,0,0,0,0,0,0,0,0,0,0,0,0,0,0,0.215,0,0,0,0,0,0,0,0,0,0,0,0,0,0,0,0,0,0,0,0,0,0,0,0,0,0,0,0,0,0,0,0,0,0,0,0,0,0,0,0,0,0,0,0,0,0,0,0,0,0,0,0,0,0,0,0,0,0,0,0,0,0.15,0,0,0.153,0,0.227,0.178,0,0,0,0,0.193,0,0,0,0,0,0,0,0,0,0,0,0.19,0,0,0,0,0,0,0,0,0,0,0,0,0,0,0,0,0,0,0,0.909,0,0.193,0,0.183,0,0.183,0,0,0,0,0,0,0,0.858,0.175,0,0,0,0,0,0,0,0,0,0,0,0,0,0,0.17,0,0,0,0,0,0,0,0,0,0,0,0,0,0.198,0,0,0,0,0,0,0,0,0,0,0,0,0,0,0.197,0.429,0,0,0,0,0.179,0,0.173,0,0,0,0,0.241,0,0,0,0,0,0.457,0,0,0.316,0,0,0,0,0,0,0,0,0,0,0,0,0,0,0,0,0,0,0,0,0,0,0,0,0,0,0,0,0,0,0.292,0,0,0,0.209,0,0.444,0,0,0,0,0,0,0,0,0,0,0,0,0.292,0,0,0.9,0,0,0.228,0,0.292,0,0,0,0,0,0.292,0,0,0.268,0.162,0.292,0,0.292,0,0,0,0.374,0,0,0,0,0,0,0,0,0,0,0,0.641,0,0,0,0,0,0,0,0,0,0,0,0,0,0,0,0,0,0,0,0,0,0,0,0,0,0,0.511,0,0,0,0,0,0,0,0,0,0.226,0,0,0,0,0,0,0.203,0,0,0,0,0,0,0.246,0,0,0,0,0,0,0,0,0,0,0.259,0,0,0,0,0,0,0,0,0,0,0,0,0,0,0,0,0,0,0,0.208,0,0.349,0,0,0,0.19,0,0,0,0,0,0,0,0,0.206,0,0,0,0,0.334,0,0,0,0,0,0,0.225,0,0,0,0.418,0,0,0,0,0,0,0,0,0.336,0,0,0,0,0,0,0,0,0,0,0,0,0,0,0,0,0,0,0,0,0,0,0.164,0,0,0,0,0,0,0,0,0,0,0,0,0,0,0,0,0,0,0,0,0,0,0,0,0,0,0.442,0,0,0,0,0,0,0.168,0,0.428,0,0,0,0,0.299,0,0,0.316,0,0,0,0.517,0,0,0,0,0,0,0.175,0,0,0,0,0,0,0,0,0,0,0,0,0,0,0,0,0,0.955,0,0,0,0,0,0,0,0,0,0.206,0,0,0,0,0,0,0,0,0,0,0,0,0,0,0,0,0,0,0,0,0,0,0,0,0.176,0,0,0,0,0,0,0,0,0,0,0,0,0,0,0,0.177,0,0,0,0,0,0,0,0,0,0,0,0,0,0,0,0,0,0,0,0,0.912,0,0.246,0.423,0.334,0,0,0,0,0,0.17,0,0,0,0.151,0,0,0,0,0,0,0,0,0,0,0,0,0,0,0,0,0,0,0,0,0,0,0,0,0,0,0,0,0,0,0,0,0,0,0,0,0,0,0,0,0,0,0,0,0,0,0,0,0,0,0,0,0,0,0,0,0,0,0,0,0,0,0,0.164,0,0,0.188,0,0,0,0,0,0,0.39,0,0,0,0,0,0,0,0,0,0,0,0.331,0,0,0,0,0,0,0,0,0,0,0.524,0,0,0,0,0,0,0,0,0,0,0,0,0,0.907,0,0,0,0,0,0,0,0,0,0,0,0,0,0,0,0,0,0,0.345,0,0,0,0,0,0.155,0,0,0,0,0,0,0,0,0,0,0,0,0,0,0,0,0,0,0,0,0,0,0,0,0,0,0,0,0,0.298,0,0,0,0,0
854489,0,0,0,0,0,0,0,0,0,0,0,0,0,0,0,0,0,0,0.383,0,0,0,0,0,0,0,0,0,0,0,0,0,0,0,0,0,0,0,0,0,0,0,0,0,0,0,0,0,0,0,0,0.999,0,0,0,0,0,0,0,0,0,0.185,0.185,0,0,0,0,0,0,0,0,0,0,0,0.177,0,0,0,0,0,0,0,0,0,0,0,0,0,0,0,0,0,0,0,0,0.999,0,0,0,0,0,0,0,0,0,0,0,0,0,0,0,0,0,0,0,0,0,0.156,0,0,0,0,0.236,0,0,0,0,0.984,0,0,0,0,0,0,0,0,0,0,0,0,0.999,0.166,0,0,0,0,0,0,0,0,0,0,0,0,0,0,0,0,0,0,0,0,0,0,0,0,0,0,0,0,0,0,0,0,0,0,0,0,0,0,0,0,0,0,0,0,0,0,0,0.234,0,0,0,0.171,0,0,0,0,0,0,0,0,0,0.791,0,0,0.999,0,0,0,0,0,0,0.646,0,0,0,0,0,0,0.999,0,0,0.865,0,0,0,0,0,0.9,0,0,0.997,0,0.247,0,0,0,0,0,0,0,0,0.176,0.417,0,0,0,0,0,0,0,0,0,0,0,0,0,0,0,0,0,0,0,0.242,0,0,0,0,0,0,0,0,0,0,0.995,0,0,0.171,0,0,0,0.648,0,0,0.326,0,0.275,0,0.174,0,0,0,0,0,0,0,0.817,0,0,0.999,0,0,0,0,0,0.219,0,0,0.999,0,0,0,0,0.994,0,0,0,0,0,0,0,0.183,0,0,0.275,0,0,0,0.737,0.161,0,0,0,0,0,0,0,0,0,0,0,0,0.284,0,0,0,0,0,0,0,0,0,0,0,0,0,0,0,0.179,0,0,0,0,0,0,0,0,0,0.999,0.173,0.914,0,0,0,0,0.996,0,0,0,0,0,0,0.997,0,0,0,0,0,0,0,0,0,0,0,0,0.999,0,0.89,0,0,0,0,0,0.218,0,0,0,0,0.901,0,0,0,0,0,0.237,0,0,0,0,0,0,0,0,0,0.713,0,0,0.171,0,0,0,0,0,0,0,0,0,0,0,0,0,0,0,0,0,0,0,0,0,0.998,0,0.212,0,0,0,0,0.295,0,0.173,0,0.188,0,0,0,0,0,0,0,0,0,0,0,0.999,0,0,0,0,0,0.81,0,0,0,0,0,0,0,0,0,0,0,0.213,0,0,0,0,0,0,0,0,0,0,0,0,0,0,0,0,0.853,0,0,0,0.175,0,0.317,0,0.999,0.282,0,0,0,0,0,0,0,0.173,0,0,0,0,0,0,0,0,0,0,0.88,0,0,0,0,0,0,0.173,0.189,0,0,0,0,0.194,0,0,0,0,0,0,0,0,0,0,0,0,0,0,0,0.286,0,0,0,0,0,0,0,0,0,0.165,0,0,0,0,0,0,0,0,0,0.918,0,0,0,0,0,0,0,0,0,0,0,0.318,0,0,0,0,0,0,0,0,0,0.258,0,0,0,0,0,0,0,0,0,0.303,0,0,0,0,0,0,0.882,0,0,0,0.217,0,0,0,0,0.154,0.68,0,0,0,0,0,0,0,0,0,0,0,0,0,0,0,0,0,0,0,0,0,0,0,0.247,0,0,0,0,0,0,0,0,0,0,0,0,0,0,0,0,0,0,0,0,0,0,0.791,0,0,0,0,0.31,0.31,0,0,0,0,0,0,0,0,0,0,0,0,0,0,0,0,0,0,0.15,0.484,0,0,0,0,0,0,0,0,0.173,0.65,0.999,0,0,0,0,0,0,0.227,0,0,0,0.999,0.152,0,0,0.321,0,0.677,0,0,0,0,0,0.158,0,0,0,0,0,0,0,0,0.999,0,0.654,0,0,0,0,0.19,0,0,0.281,0,0,0,0,0,0,0,0,0,0,0.874,0,0,0,0,0,0,0,0,0,0.347,0,0.581,0,0.847,0,0,0,0,0,0,0,0,0,0,0,0,0,0,0,0.205,0,0,0,0,0,0,0,0,0,0,0,0,0.849,0,0,0,0.293,0,0,0,0,0,0,0,0,0,0.193,0,0,0,0,0,0,0.171,0,0.999,0,0.282,0,0,0,0,0,0,0,0,0.294,0,0,0,0,0,0,0.186,0.2,0.487,0,0,0,0,0,0,0,0,0,0.999,0.264,0,0,0,0,0,0,0,0,0,0,0,0.16,0,0.999,0,0,0,0,0,0,0,0,0,0,0,0,0,0,0.321,0,0,0,0,0.271,0,0,0,0,0,0,0.944,0,0.996,0,0,0,0,0.278,0,0,0,0.999,0,0,0,0,0.445,0,0.999,0,0.917,0.583,0.999,0,0,0,0,0,0,0,0,0,0,0,0,0,0,0,0,0.925,0,0.564,0.999,0,0,0,0,0,0.193,0,0.874,0,0,0,0,0.176,0.895,0,0,0,0.191,0,0.996,0,0,0,0,0,0,0,0.456,0,0,0.216,0,0,0,0,0,0,0,0,0,0.456,0,0,0,0,0,0,0,0,0,0,0,0,0,0,0,0,0,0,0,0,0,0,0,0,0,0,0,0,0,0,0,0,0,0,0,0.168,0,0,0.193,0,0,0,0.999,0,0,0.255,0,0,0,0,0,0.179,0.999,0,0,0,0,0,0,0,0,0,0,0,0,0.158,0,0,0,0,0,0,0,0,0,0,0,0,0,0,0,0.154,0,0,0,0,0,0,0,0,0,0,0,0,0,0,0,0,0,0,0,0,0,0,0,0,0,0,0.206,0,0.206,0,0,0,0,0.999,0,0,0,0,0,0,0,0,0.899,0,0,0,0,0,0,0,0,0,0,0,0,0,0,0,0,0,0,0.999,0,0,0,0,0,0,0,0,0,0,0.999,0,0,0,0,0,0,0,0,0.999,0.411,0.294,0,0,0,0,0,0,0,0.241,0,0,0,0,0,0,0,0,0,0,0,0,0,0,0.191,0,0,0,0,0,0,0,0,0,0,0,0.999,0,0,0.525,0,0,0,0,0,0,0,0,0,0,0,0,0.999,0,0,0.197,0,0,0,0,0,0.55,0,0.987,0.173,0,0,0,0.187,0,0,0,0,0,0,0,0,0,0,0,0,0,0,0,0,0,0,0,0,0,0,0,0.999,0,0,0,0.347,0,0.448,0,0,0,0,0,0,0,0,0,0.807,0,0,0,0,0,0,0.169,0,0.445,0,0,0,0,0,0,0.999,0,0.999,0,0,0.808,0,0,0,0,0,0,0,0,0,0,0,0,0,0,0,0,0,0,0,0,0,0,0,0,0,0,0.211,0,0.169,0,0,0,0,0,0.285,0.156,0,0,0,0,0,0,0,0,0,0,0,0.75,0,0.243,0,0,0,0.439,0,0,0,0,0,0,0,0,0,0,0,0,0,0,0,0,0,0,0,0,0,0,0,0,0,0,0,0.999,0.181,0,0,0,0,0,0,0,0,0,0,0,0,0,0,0,0.333,0,0,0,0,0,0,0,0,0,0.269,0,0,0,0,0,0,0,0,0,0,0,0,0.173,0,0,0.75,0,0,0,0,0,0,0,0.447,0,0,0,0,0,0,0,0,0,0,0,0,0,0,0,0,0,0,0,0,0,0,0,0,0.34,0,0,0,0,0,0,0,0,0,0,0,0,0,0,0,0,0,0,0,0,0,0,0.191,0,0,0,0.999,0,0,0,0,0,0,0,0,0,0,0,0,0,0,0,0,0,0,0,0,0,0,0,0.296,0,0,0,0,0,0,0,0.152,0,0,0,0,0,0.314,0,0,0,0,0,0,0,0,0,0,0,0,0,0,0,0,0,0,0,0,0,0,0,0,0,0,0,0,0,0,0,0,0,0,0,0,0,0,0,0.157,0,0,0,0,0,0,0,0,0,0,0,0,0,0,0.417,0,0,0,0,0,0,0,0,0,0,0,0,0,0,0,0,0,0,0,0,0,0,0,0,0,0,0,0,0,0,0,0,0,0,0,0,0,0,0,0,0,0,0,0,0,0,0,0,0,0,0,0,0,0.86,0,0.684,0,0.804,0,0,0,0.999,0.846,0.849,0.192,0,0.919,0.407,0,0.198,0,0.644,0,0,0.983,0,0,0,0.269,0.813,0,0,0,0,0,0,0,0.833,0.25,0,0,0,0,0.198,0,0,0,0,0,0,0.803,0,0.259,0.999,0.17,0.866,0,0.999,0.276,0,0,0,0,0,0,0,0,0,0.999,0,0,0,0,0,0,0,0.213,0,0,0,0,0,0.377,0,0.161,0,0,0,0,0,0.857,0,0,0.191,0,0.999,0,0,0,0,0,0.175,0,0,0,0,0.175,0,0,0.175,0.557,0.838,0,0,0,0,0.465,0,0,0,0,0,0,0,0,0,0,0.999,0.247,0.173,0,0,0,0.277,0,0,0,0.997,0,0,0,0,0.16,0,0,0,0,0,0.174,0.329,0.165,0,0,0,0.155,0.803,0,0,0,0,0,0,0,0,0.999,0,0.811,0.702,0,0,0.854,0,0,0.809,0.25,0,0.187,0.97,0,0.998,0,0,0,0,0.813,0,0.299,0,0.846,0.264,0.391,0,0,0.171,0,0,0.204,0,0,0.168,0.385,0.306,0,0,0.204,0,0,0,0,0,0,0,0,0.875,0,0,0.895,0,0,0,0,0,0,0,0,0,0,0,0.42,0.232,0,0,0.448,0,0.15,0,0,0,0.342,0,0,0,0.857,0,0,0,0,0,0,0,0,0,0,0,0,0,0,0,0,0,0,0,0,0,0,0,0,0,0.889,0,0,0,0,0,0,0,0,0,0,0,0.172,0,0,0,0,0,0,0,0.999,0,0,0,0,0,0,0,0.156,0,0,0,0,0,0,0,0,0,0,0,0,0,0,0,0,0,0,0,0.175,0,0,0,0,0,0,0,0,0,0,0,0,0,0,0,0,0,0,0,0,0,0.215,0,0,0,0,0,0,0,0,0,0,0,0,0,0,0,0,0,0,0.164,0,0.436,0,0.715,0,0,0,0,0,0,0,0,0,0,0,0,0,0,0.159,0,0,0,0,0,0,0,0,0,0,0,0,0,0,0,0,0.195,0,0,0,0,0,0,0,0,0,0,0,0,0,0,0,0,0,0,0,0,0,0,0,0,0,0,0,0,0,0,0,0,0,0,0,0,0,0,0,0,0,0,0,0,0,0,0,0,0,0,0,0,0,0,0,0,0,0,0,0,0,0,0,0,0,0.97,0,0,0.997,0,0,0,0,0,0,0,0,0,0,0,0,0,0,0,0,0,0,0,0,0,0,0,0,0,0,0,0,0,0.195,0,0,0,0,0,0,0,0,0.228,0,0,0,0,0,0,0,0,0,0,0.242,0,0,0,0,0,0,0,0,0,0,0,0.282,0,0,0.26,0,0.999,0,0,0,0,0,0,0.739,0,0,0,0,0,0,0,0,0,0,0,0,0,0,0,0,0,0,0,0,0,0,0,0,0,0,0,0,0,0,0,0,0,0,0,0,0,0,0,0.999,0,0,0,0,0,0.999,0,0,0,0,0.999,0,0,0,0,0,0,0,0.248,0.802,0,0,0,0,0,0,0,0,0,0,0,0,0,0.573,0.228,0,0,0.904,0,0,0,0,0,0.22,0.408,0.996,0,0,0,0.788,0,0,0,0,0,0,0,0,0,0,0,0,0,0,0,0.247,0,0,0,0,0,0,0.228,0,0.416,0,0,0,0,0,0,0,0,0,0,0.173,0,0,0,0,0,0,0,0,0,0,0,0,0,0,0,0,0,0,0,0,0,0.384,0,0,0.6,0,0.417,0.212,0,0,0,0,0,0,0,0,0,0,0.999,0,0,0,0,0,0.239,0,0.173,0,0.249,0,0,0,0,0.902,0.295,0,0,0,0,0,0,0,0,0,0,0,0.173,0,0,0,0.156,0,0,0,0,0,0,0.876,0,0.247,0,0,0,0,0,0,0,0,0,0,0,0,0,0,0,0,0.999,0,0,0.999,0,0,0,0,0,0,0,0,0,0,0,0,0,0,0,0,0,0,0,0,0,0,0,0,0,0,0,0,0,0,0,0,0,0,0,0,0,0,0,0,0,0,0,0,0,0,0,0,0,0,0,0,0,0,0,0,0,0,0,0,0,0,0,0,0,0,0,0,0,0,0,0,0,0,0,0,0,0,0,0,0,0,0,0,0,0,0,0,0,0,0,0,0,0,0,0,0,0,0,0,0,0,0,0,0,0,0,0,0,0,0,0,0,0,0,0,0,0,0,0,0.623,0,0,0,0,0,0,0,0,0,0,0,0,0,0,0,0,0,0,0,0,0,0,0,0,0.173,0,0,0,0,0,0,0,0,0,0,0,0,0,0,0,0,0,0,0.999,0,0,0,0,0,0,0,0,0,0,0,0,0,0,0,0,0,0.229,0,0,0,0,0,0,0,0,0,0,0,0,0,0,0,0,0.68,0,0,0,0,0,0,0,0,0,0,0,0,0.902,0,0,0,0,0,0,0,0,0,0,0,0,0,0,0,0,0,0,0,0,0,0,0,0,0,0,0,0,0.186,0,0,0.19,0,0,0,0,0,0.808,0,0,0,0,0,0,0,0,0,0,0,0,0,0,0,0,0,0,0,0,0,0,0,0,0,0,0,0,0,0,0,0,0,0,0,0,0,0,0,0.241,0,0,0,0,0,0,0,0,0,0,0.272,0,0,0,0.194,0,0,0,0,0,0,0,0,0,0,0,0,0,0,0,0,0,0.307,0,0,0,0,0.8,0,0,0,0,0,0,0,0,0,0,0,0,0,0,0.93,0.822,0.999,0.839,0,0.211,0,0,0.999,0.997,0.999,0.813,0.654,0.999,0.853,0.155,0,0.999,0,0.974,0.996,0.273,0.175,0,0,0,0,0.998,0.68,0.999,0.875,0.281,0.999,0,0,0.257,0,0.811,0.781,0.999,0.23,0.999,0.829,0.901,0,0,0,0.999,0.999,0,0.94,0,0.828,0.649,0,0.536,0.776,0,0.865,0,0.229,0.999,0.999,0.998,0.999,0.982,0.997,0.999,0.198,0.182,0.999,0.781,0.999,0,0,0.8,0.807,0,0,0,0.999,0.994,0,0.999,0.997,0.999,0,0,0.999,0.269,0.784,0.83,0,0.999,0,0.709,0,0.999,0.999,0,0.981,0,0,0.999,0,0.999,0.999,0.808,0.999,0.999,0,0,0.998,0.915,0.994,0,0.999,0.999,0.831,0.999,0.892,0,0.265,0,0,0.996,0.779,0.849,0,0,0.236,0,0.999,0,0.776,0,0.999,0.825,0.237,0,0.15,0.175,0.999,0.999,0.153,0,0.68,0.999,0.988,0,0.999,0,0,0.598,0.999,0.999,0.15,0.997,0,0.999,0.161,0.779,0.999,0.173,0.58,0.996,0.999,0.646,0.802,0.999,0.999,0.219,0.247,0.328,0.169,0,0,0,0,0.233,0.902,0.9,0,0.794,0,0.707,0,0.812,0.919,0.999,0.999,0.999,0.88,0,0,0.999,0.999,0.807,0,0.997,0,0.999,0.999,0,0.999,0.848,0,0.999,0.198,0.998,0.274,0,0.984,0.999,0.999,0,0.839,0.999,0,0.893,0,0,0.999,0.185,0.996,0.861,0.289,0.999,0,0,0,0.302,0,0,0,0,0.351,0,0.232,0,0,0,0,0,0,0.152,0,0,0,0,0,0,0,0,0,0,0,0,0,0,0,0,0,0,0,0,0,0,0,0,0,0.999,0,0,0,0,0,0,0,0,0,0,0,0,0.364,0,0,0,0,0,0,0.256,0,0,0,0,0,0,0.181,0,0,0,0,0,0,0.166,0,0,0,0,0,0,0,0,0,0,0,0,0,0,0,0,0,0,0,0,0,0,0,0,0,0,0,0,0,0,0,0,0.205,0,0,0,0,0,0,0,0,0,0,0,0,0.173,0,0,0,0,0,0,0,0,0,0,0,0,0,0,0,0,0,0,0,0,0,0,0,0,0,0,0,0,0,0,0,0.158,0,0,0,0,0,0,0,0,0,0,0,0,0,0,0,0.581,0,0,0,0,0,0,0,0,0,0,0,0,0,0,0,0,0,0,0,0,0,0,0,0,0,0,0,0,0,0,0,0,0,0,0,0,0,0,0,0,0,0,0,0,0,0,0,0,0,0,0,0,0,0,0,0,0,0,0,0,0,0,0,0.319,0,0,0,0,0.282,0,0,0,0,0,0,0.743,0,0.173,0,0.775,0,0,0,0,0,0.183,0.166,0.54,0,0,0,0,0,0,0.293,0,0,0,0,0,0,0,0,0,0,0,0,0,0,0,0,0,0,0,0,0,0,0,0,0,0,0,0,0.158,0,0,0,0,0,0,0,0,0,0,0,0,0,0,0,0,0,0,0,0,0,0,0,0,0,0,0,0,0,0,0,0,0.448,0,0,0,0,0.456,0,0,0,0,0,0,0,0,0,0,0,0,0,0,0,0,0,0,0,0,0,0,0,0,0,0,0,0,0,0,0,0,0,0,0,0,0,0,0,0,0,0,0,0,0,0,0,0,0,0,0,0,0,0,0,0,0,0,0,0,0,0,0,0,0,0,0.195,0,0,0,0,0,0,0,0,0,0,0,0,0,0,0,0,0,0,0,0,0,0,0,0,0,0,0,0,0,0,0,0,0,0,0,0,0,0,0,0,0,0,0,0,0,0,0,0,0,0,0,0,0,0,0,0,0,0,0,0,0,0.209,0,0,0,0,0,0,0,0,0,0,0,0,0,0,0,0,0,0,0,0,0,0,0,0,0,0,0,0,0,0,0,0,0,0,0,0,0,0,0,0,0,0,0,0,0,0,0,0,0,0,0,0,0,0.426,0,0,0,0,0,0,0,0,0,0,0,0,0,0,0,0,0,0,0,0,0,0,0,0,0,0,0,0,0,0,0,0,0,0,0,0,0,0,0,0,0,0,0,0,0,0,0,0,0,0,0,0,0,0,0.193,0,0,0,0,0,0,0,0,0,0,0,0,0,0,0,0,0,0,0,0,0,0,0,0,0,0,0,0,0,0,0.218,0,0,0,0,0,0,0,0,0,0,0,0,0,0,0,0,0,0,0,0,0,0,0,0,0,0,0,0,0,0,0,0,0,0,0,0,0,0,0,0,0,0,0,0,0,0,0,0,0,0,0,0,0,0,0,0,0,0,0,0,0,0,0,0,0,0,0,0,0,0,0,0,0,0,0,0,0,0,0,0,0,0,0,0,0,0,0,0,0,0,0,0,0,0,0,0,0,0,0,0,0,0,0,0,0,0,0,0,0,0,0,0.179,0,0,0,0,0,0,0,0,0,0,0,0,0,0,0,0,0,0,0,0,0,0,0,0,0,0,0,0,0,0,0.163,0,0.174,0,0,0,0,0.258,0,0.188,0,0,0,0,0,0,0,0,0,0,0,0,0,0,0,0,0,0.152,0,0,0,0,0,0,0,0,0,0,0,0,0,0,0,0,0,0,0,0,0,0,0,0,0,0.226,0,0.175,0,0,0,0,0,0,0,0,0,0,0,0,0,0,0,0,0,0,0,0,0,0,0,0,0,0.252,0,0,0,0,0,0,0,0,0,0,0,0,0,0,0,0,0,0,0,0,0,0,0,0,0,0,0,0,0,0,0,0,0,0,0,0,0,0,0,0,0,0,0,0,0,0,0,0,0,0,0,0,0,0,0,0,0,0,0,0,0,0,0,0,0,0,0,0,0,0,0,0,0,0,0,0,0,0,0,0,0,0,0,0,0,0,0.501,0,0,0,0,0,0,0,0,0,0,0,0,0,0,0,0,0,0,0,0,0,0,0,0,0,0,0,0,0,0,0,0,0,0,0,0,0,0,0,0,0,0,0,0,0,0,0,0,0,0,0,0,0,0,0,0,0,0,0,0,0,0,0,0,0,0,0,0,0,0,0,0,0,0,0,0,0,0,0,0,0,0,0,0,0,0,0,0,0,0,0,0,0,0,0,0,0,0,0,0,0,0,0,0.339,0.15,0.216,0,0,0,0,0,0,0,0,0,0,0,0.206,0,0.206,0,0,0,0,0,0,0,0,0,0,0,0,0,0,0,0,0,0,0,0,0,0,0,0,0,0,0,0.158,0,0,0,0,0,0,0,0,0,0,0,0,0,0,0,0,0,0,0,0,0,0,0,0,0,0,0,0,0,0,0,0,0,0,0,0,0,0,0,0,0,0,0,0,0,0,0,0,0,0,0,0,0,0,0,0,0,0,0,0,0,0,0,0,0,0,0,0,0,0,0,0,0,0,0,0,0,0,0,0,0,0,0,0,0,0,0,0,0,0,0,0,0,0,0,0,0,0,0,0,0,0,0,0,0,0,0,0,0,0,0,0,0,0,0,0,0,0,0,0,0,0,0,0,0,0,0,0,0,0,0,0,0,0,0,0,0,0,0,0,0,0,0,0,0,0,0,0,0,0,0,0,0,0,0,0,0,0,0,0,0,0,0,0,0,0,0,0,0,0,0,0,0,0,0,0,0,0,0,0,0,0,0,0,0,0,0,0,0,0,0,0,0,0,0,0,0,0,0,0,0,0,0,0,0,0,0,0,0,0,0,0,0,0,0,0,0,0,0,0,0,0,0,0,0,0,0,0,0,0,0,0,0,0,0,0,0,0,0,0,0,0,0,0,0,0,0,0,0,0,0,0,0,0,0,0,0,0,0,0,0,0,0,0
856788,0,0,0,0,0,0,0,0,0,0,0,0,0,0,0,0,0,0,0,0,0,0,0,0,0,0,0,0,0,0,0,0,0,0,0,0,0,0,0,0,0,0,0,0.371,0,0,0,0,0,0,0,0,0,0,0,0,0,0,0,0,0,0,0,0,0,0,0,0,0,0.79,0,0,0,0,0,0,0,0,0,0,0,0,0.789,0,0,0,0,0,0,0,0,0,0,0,0,0,0,0,0,0,0,0,0,0,0,0,0,0,0.297,0,0,0,0,0.15,0,0,0,0,0,0,0,0,0,0,0,0,0,0,0,0,0,0,0,0,0,0,0,0,0,0,0,0,0,0,0,0,0,0,0,0,0,0,0.173,0,0,0,0,0,0,0,0,0,0,0,0,0,0,0,0,0,0,0,0,0,0,0,0,0,0,0,0,0,0,0,0,0,0,0,0.208,0,0,0,0,0,0,0,0,0,0,0,0,0,0,0,0,0,0,0,0,0,0,0,0,0,0,0,0,0,0,0,0,0,0,0,0,0,0,0,0,0,0,0,0,0,0,0,0,0,0,0.194,0,0,0,0,0,0,0,0,0,0,0,0,0,0,0,0.171,0,0,0,0,0,0.231,0,0,0,0,0,0,0,0,0,0,0,0,0,0.194,0,0,0,0,0,0,0,0,0,0,0,0,0,0,0.333,0,0,0,0,0,0,0,0,0,0,0,0,0,0,0,0,0,0,0,0,0,0,0,0.194,0,0,0,0,0,0,0,0,0,0,0,0,0,0.39,0,0,0,0,0,0,0,0,0,0,0,0,0.493,0,0,0,0,0,0,0,0,0,0,0,0,0,0,0,0,0,0,0,0,0,0,0,0,0,0,0,0,0,0,0,0,0,0,0,0,0,0,0,0,0,0,0,0.165,0,0,0,0,0,0,0,0,0,0,0,0,0,0,0,0,0,0,0,0,0,0,0,0,0,0,0,0,0,0,0,0,0,0,0,0,0,0,0,0,0,0,0,0,0,0,0,0,0,0,0,0,0,0,0,0,0,0,0,0,0,0,0,0,0,0,0,0,0,0,0,0,0,0,0,0,0,0,0,0,0,0,0,0,0,0,0,0,0,0,0,0,0,0,0,0,0,0,0,0,0,0,0,0,0,0,0,0,0,0,0,0,0,0,0,0,0,0,0,0,0,0,0,0,0,0.207,0,0,0,0,0,0,0,0,0,0,0,0,0,0,0,0,0,0,0,0,0,0,0,0,0,0,0,0,0,0.183,0,0,0,0,0,0,0,0,0,0,0,0,0,0,0,0,0,0,0,0,0,0,0,0,0,0,0.216,0,0,0,0,0,0,0,0,0,0,0,0,0,0,0,0,0,0,0,0,0,0,0,0,0,0,0,0,0,0,0,0,0,0,0,0,0,0,0,0,0,0,0,0,0,0,0,0,0,0.24,0,0,0,0,0.313,0,0,0,0,0,0,0,0.551,0,0,0,0,0,0.191,0,0,0,0,0,0,0,0,0,0,0,0,0,0,0,0,0,0,0,0,0,0,0,0,0,0,0,0,0,0,0,0,0,0,0,0,0,0,0,0,0,0,0.182,0,0,0,0,0,0,0,0,0,0,0,0,0,0,0,0,0,0,0.45,0,0,0,0,0,0,0,0,0,0,0,0,0,0,0,0,0,0,0,0,0,0,0,0,0,0,0,0,0,0,0,0,0,0,0,0,0,0,0,0,0,0,0,0,0,0,0,0,0,0,0,0,0,0,0,0,0,0,0,0,0,0,0,0,0,0,0,0,0,0,0,0,0,0,0,0,0,0,0,0,0,0,0,0,0,0,0,0,0,0,0,0,0,0,0,0,0,0,0,0,0,0.446,0,0,0,0,0,0,0,0,0,0,0.553,0,0,0,0.259,0,0,0,0,0,0,0,0,0,0,0,0,0,0,0,0,0,0,0,0,0,0,0,0,0,0,0,0.276,0,0,0,0,0,0,0,0,0,0,0,0,0.553,0,0,0,0,0,0,0,0,0,0,0,0,0,0,0,0.54,0,0,0,0,0,0,0,0,0,0,0,0,0,0,0,0,0,0,0,0,0,0,0,0,0,0,0,0,0,0,0,0,0,0,0,0,0,0,0,0,0,0,0,0,0,0,0,0,0,0,0,0,0,0,0,0,0,0,0,0,0,0,0,0,0,0,0,0,0,0.266,0.156,0,0,0,0,0,0,0,0,0,0,0,0,0,0,0,0,0,0,0,0,0,0,0,0,0,0,0,0,0,0,0,0,0,0,0,0,0,0,0,0,0,0,0,0,0,0,0,0,0,0,0,0,0,0,0,0,0,0,0,0,0.61,0,0,0,0,0,0,0,0,0,0,0,0,0,0,0,0.196,0,0,0,0,0,0,0,0,0,0,0,0,0,0,0,0,0,0,0,0,0,0,0,0,0,0,0,0,0,0,0,0,0,0,0,0,0,0,0,0,0,0,0,0,0,0,0,0,0,0,0,0,0,0,0,0,0,0,0,0,0,0,0,0,0,0,0,0.171,0,0,0,0,0,0,0,0,0,0,0,0,0,0,0,0,0,0,0,0,0,0,0,0,0,0,0,0,0,0,0,0,0,0,0,0,0,0,0,0,0,0,0,0,0,0,0,0,0,0,0,0,0,0,0,0,0,0,0,0,0,0,0,0,0,0,0,0,0,0,0,0,0,0,0,0,0,0,0,0,0,0,0,0,0,0,0,0,0,0,0,0,0,0,0,0,0,0,0,0,0,0,0,0,0,0,0,0,0,0,0,0,0,0,0,0,0,0,0,0,0,0,0,0,0,0,0,0,0,0,0,0,0,0,0,0,0,0,0,0,0,0,0,0,0,0,0,0,0,0,0,0,0,0,0,0,0,0,0,0,0,0,0,0,0,0,0,0,0,0,0,0,0,0,0,0,0,0,0,0,0,0,0,0,0,0,0,0,0,0,0,0,0,0,0,0,0,0,0,0,0,0,0,0,0,0,0,0,0,0,0,0,0,0,0,0,0,0,0,0,0,0,0,0,0,0,0,0,0,0,0,0,0,0,0,0,0,0,0,0,0,0,0,0,0,0,0,0,0,0,0,0,0,0,0,0,0,0,0,0,0,0,0,0,0,0,0,0,0,0,0,0,0,0,0,0,0,0,0,0,0,0,0,0,0,0,0,0,0,0,0,0,0,0,0,0,0,0,0,0,0,0,0,0,0,0,0,0,0,0,0,0,0,0,0,0,0,0,0,0,0,0,0,0,0,0,0,0,0,0,0,0,0,0,0,0,0,0,0,0,0,0,0,0,0,0,0,0,0,0,0,0,0,0,0,0,0,0,0,0,0,0,0,0,0,0,0,0,0,0,0,0,0,0,0,0,0,0,0,0,0,0,0.154,0,0,0,0,0,0,0,0,0,0,0,0,0,0,0,0,0,0,0,0,0,0,0,0,0,0,0,0,0,0,0,0,0,0,0,0,0,0,0,0,0,0,0.15,0,0,0,0,0,0,0,0,0,0,0,0,0,0,0,0,0,0,0,0,0,0,0,0,0,0,0,0,0,0,0,0,0,0,0,0,0.154,0,0,0,0,0,0,0,0,0,0,0,0,0,0,0,0,0,0,0,0,0,0,0,0,0,0,0,0,0,0,0,0,0,0,0,0,0,0,0,0,0,0,0,0,0,0,0,0,0,0,0,0,0,0.22,0,0,0,0,0,0,0,0,0,0,0,0,0,0,0,0,0,0,0,0,0,0,0,0,0,0,0,0,0,0,0,0,0,0,0,0,0,0,0,0,0,0,0,0,0,0,0,0,0,0,0,0,0,0,0,0,0,0,0,0,0,0,0,0,0,0,0,0,0,0,0,0,0,0,0,0,0,0,0,0,0,0,0,0,0,0,0,0,0,0,0,0,0,0,0,0,0,0,0,0,0,0,0,0.252,0,0,0,0,0,0,0,0,0,0,0,0,0,0,0,0,0,0,0,0,0,0,0,0,0,0,0,0,0,0,0,0,0,0,0,0,0,0,0,0,0,0,0,0,0,0,0,0,0,0,0,0,0,0,0,0,0,0,0,0,0,0,0,0,0,0,0,0,0,0,0,0,0,0,0,0,0,0,0,0,0,0,0,0,0,0,0,0,0,0,0,0,0,0,0,0,0,0,0,0,0,0,0,0,0,0,0,0,0,0,0,0,0,0,0,0,0,0,0,0,0,0,0,0,0,0,0,0,0,0,0,0,0,0,0,0,0,0,0,0,0,0,0,0,0,0,0,0,0,0,0,0,0,0,0,0,0,0,0,0,0,0,0,0,0,0,0,0,0,0,0,0,0,0,0,0,0,0,0,0,0,0,0,0,0,0.207,0,0,0,0,0,0,0,0,0.154,0,0.374,0,0,0,0,0.227,0,0,0,0,0,0,0,0,0,0,0,0,0,0,0,0,0.356,0.63,0,0,0,0,0,0,0,0,0,0,0,0,0,0,0.153,0,0,0,0,0,0,0,0,0,0,0,0,0,0,0,0,0,0,0,0,0,0,0,0,0,0,0,0,0,0,0,0,0,0,0,0,0,0,0,0,0,0,0,0,0,0,0,0,0,0,0,0,0,0,0.151,0,0,0,0,0,0,0,0,0,0,0,0.513,0,0,0,0,0,0,0,0.195,0,0,0,0,0,0,0,0,0,0,0,0,0,0.39,0.366,0,0,0,0,0,0,0,0,0,0,0,0,0,0,0,0,0,0,0,0,0,0,0,0,0,0,0,0,0,0,0.331,0,0,0,0,0,0,0,0,0,0,0,0,0,0,0,0,0,0.154,0,0,0,0,0,0,0,0,0,0,0,0,0,0,0,0,0,0,0,0,0,0,0,0,0,0,0,0.219,0,0,0,0,0,0,0,0,0,0,0,0,0,0,0,0,0,0,0,0,0,0,0,0,0,0,0,0,0,0,0,0,0,0,0,0,0,0,0,0.551,0,0,0,0,0,0,0,0,0,0,0,0,0,0,0,0,0,0,0,0,0,0,0,0,0,0,0,0,0,0,0,0,0,0,0,0,0,0,0,0,0,0,0,0,0,0,0,0,0,0,0,0,0,0,0,0,0,0,0,0,0,0,0,0,0,0,0,0,0,0,0,0,0,0,0,0,0,0,0,0,0,0,0,0,0,0,0,0,0,0,0,0,0,0,0,0,0,0,0,0,0,0,0,0,0,0,0,0.152,0,0,0,0,0,0,0,0,0,0,0,0,0,0,0,0,0,0,0,0,0,0,0,0,0.535,0,0,0,0,0,0,0,0,0,0,0,0,0,0,0,0,0,0,0,0.662,0,0,0,0,0,0,0,0,0,0,0,0,0,0,0,0,0,0,0,0,0,0,0,0,0,0,0,0,0,0,0,0,0,0,0,0,0,0,0,0,0,0,0,0,0,0,0,0,0,0,0,0,0,0,0,0,0,0,0,0,0,0,0,0,0,0,0,0,0,0,0,0,0,0,0,0,0,0,0.445,0,0,0,0,0,0,0,0,0,0,0,0,0,0,0,0,0,0,0,0,0,0,0,0,0,0,0,0,0,0.396,0,0,0,0,0,0,0,0,0,0,0,0,0,0,0,0,0,0.194,0,0,0,0,0,0,0,0,0,0,0,0,0,0,0,0,0,0,0,0,0,0,0,0.377,0,0,0,0,0,0,0,0,0,0.371,0,0,0,0,0,0,0,0,0,0,0,0,0,0,0,0,0,0,0,0,0,0,0,0,0,0,0,0,0,0,0,0,0,0,0,0,0.337,0,0,0,0,0,0,0,0,0,0,0,0,0,0,0,0,0,0,0,0,0,0,0,0,0,0,0,0,0,0.358,0,0,0,0,0,0,0,0,0,0,0,0,0,0,0,0,0,0,0,0,0,0,0,0,0,0,0,0,0,0,0,0,0,0,0,0,0,0,0,0,0,0,0,0,0,0,0,0,0,0,0,0,0,0,0,0,0,0,0,0,0,0,0,0,0,0,0,0,0,0,0,0,0,0,0,0,0,0,0,0,0,0,0,0,0,0,0,0,0,0,0,0,0,0,0,0,0,0,0,0,0,0,0,0,0,0,0,0,0,0,0,0,0,0,0,0,0,0,0,0,0,0,0,0,0,0,0,0,0,0,0,0,0,0,0,0,0,0,0,0,0,0,0,0,0,0,0,0,0,0,0,0,0,0,0,0.481,0,0,0,0,0,0,0,0,0,0,0,0,0,0,0,0,0,0,0,0,0,0,0,0,0,0,0,0,0,0,0,0,0,0,0,0,0,0,0,0,0,0,0,0,0,0,0,0,0,0,0,0,0,0,0,0,0,0,0,0,0,0,0,0,0,0,0,0,0,0,0,0,0,0,0,0,0,0,0,0,0,0,0,0,0,0,0,0,0,0,0,0,0,0,0,0,0,0,0,0,0,0,0,0,0,0,0,0,0,0,0,0,0,0,0,0,0,0,0,0,0,0,0,0,0,0,0,0,0,0,0,0,0,0,0,0,0,0,0,0,0,0,0,0,0,0,0,0,0,0,0,0,0,0,0,0,0,0,0,0,0,0,0,0,0,0,0,0,0,0,0,0,0,0,0,0,0,0,0,0,0,0,0,0,0,0,0,0,0,0,0,0,0,0,0,0,0,0,0,0,0,0,0,0,0,0,0,0,0,0,0,0,0,0.155,0,0,0,0,0,0,0,0,0.358,0,0,0,0,0,0,0,0,0,0,0,0,0,0,0,0,0,0,0,0,0,0,0.314,0,0,0,0,0,0,0,0,0,0,0,0,0,0,0,0,0,0.36,0,0,0,0,0,0,0,0,0,0,0,0,0,0,0,0,0,0,0,0,0,0,0,0,0,0,0,0,0,0,0,0,0,0,0,0,0,0,0,0,0,0,0,0,0,0,0,0,0,0,0,0,0,0,0,0,0,0,0,0,0,0,0,0,0,0,0,0,0.238,0,0,0,0,0,0,0,0,0,0,0,0,0,0,0,0,0,0,0,0,0,0,0,0,0,0,0,0,0,0,0,0,0,0,0.217,0,0,0,0,0,0,0,0,0,0,0,0,0.392,0,0,0,0,0,0,0,0,0,0,0,0,0,0,0,0,0,0,0,0,0,0,0,0,0,0,0,0,0,0,0,0,0,0,0,0,0,0,0,0,0,0,0,0,0,0,0,0,0,0,0,0,0,0,0,0,0,0,0,0,0,0,0,0,0,0,0,0,0,0,0,0,0,0,0,0,0,0,0,0,0,0,0,0,0,0,0,0,0,0,0,0,0,0,0,0,0,0,0,0,0,0,0,0,0,0,0,0,0,0,0,0,0,0,0,0,0,0,0,0,0,0,0,0,0,0,0,0,0,0,0,0,0,0,0,0,0,0,0,0,0,0,0,0,0,0,0,0,0,0,0,0,0,0,0,0,0,0,0,0,0,0,0,0,0,0,0,0,0,0,0,0,0,0.154,0,0,0,0,0,0,0,0,0,0,0,0,0,0,0.446,0,0,0,0,0,0,0,0,0,0,0,0,0,0,0,0,0,0,0,0,0,0,0,0,0,0,0,0.356,0,0,0,0,0,0,0,0,0,0,0,0,0,0,0,0,0,0,0,0,0,0,0,0,0.258,0,0,0,0,0,0,0,0,0,0,0,0,0,0,0,0,0,0,0,0,0,0,0,0,0,0.355,0,0,0,0,0,0,0,0,0,0,0,0,0,0,0,0,0.358,0,0,0.211,0,0,0,0,0,0,0,0,0,0,0.394,0,0,0,0,0,0,0,0,0,0,0,0,0,0,0,0,0,0,0,0,0,0,0,0,0.295,0,0,0,0,0,0,0,0,0,0,0,0,0,0,0,0,0,0,0,0,0,0,0.161,0,0,0,0,0,0.171,0,0,0,0,0,0,0,0,0,0,0,0,0.309,0,0,0,0.309,0,0,0,0,0,0,0,0,0,0,0,0,0,0,0,0,0,0,0,0,0,0,0,0,0,0,0,0,0,0,0,0,0,0,0,0,0,0,0,0,0,0,0,0,0,0,0,0,0,0,0,0,0,0,0,0,0,0,0,0,0,0,0,0,0,0,0,0,0,0,0,0,0,0,0,0,0,0,0,0,0,0,0,0,0,0,0,0,0,0,0,0,0,0,0,0,0,0,0,0,0,0,0,0,0,0,0,0,0,0,0,0,0,0,0,0,0,0,0,0,0,0,0.296,0,0,0,0,0,0,0,0,0,0,0,0,0,0,0,0,0,0,0,0,0,0,0,0,0,0,0,0,0,0,0,0,0,0,0,0,0,0,0,0,0,0,0,0,0,0,0,0,0,0,0,0,0,0.53,0,0,0,0,0,0,0,0,0,0,0,0,0,0,0,0,0,0.275,0,0,0,0,0,0,0,0,0,0,0,0,0,0,0,0,0,0,0,0,0,0,0,0,0,0,0,0,0,0,0,0,0,0,0,0,0,0,0,0,0,0,0,0,0,0,0,0,0,0,0,0,0,0,0,0,0,0,0,0,0,0,0,0,0,0,0,0,0,0,0,0,0,0,0,0,0,0,0,0,0,0,0,0,0,0,0,0,0,0,0,0,0,0,0,0,0,0,0,0,0,0,0,0,0,0,0,0,0,0,0,0,0,0,0,0,0,0,0,0.258,0,0.171,0,0.258,0,0,0,0,0,0,0,0,0,0,0,0,0,0,0,0,0,0,0,0,0,0,0,0,0,0,0,0,0,0,0.514,0,0,0,0,0,0,0,0,0,0,0,0,0,0,0,0,0,0.39,0,0,0,0,0,0,0,0,0,0,0,0,0.495,0,0,0,0,0,0,0,0,0,0,0,0.276,0,0,0,0,0,0,0,0,0,0,0,0,0,0,0,0,0,0,0,0,0,0,0,0,0,0,0,0,0,0,0.534,0,0,0,0,0.331,0,0,0,0,0,0,0,0,0,0,0,0,0,0,0,0,0,0,0,0,0,0,0,0,0,0,0,0,0,0,0,0,0,0,0,0,0,0,0,0,0,0,0,0,0,0,0,0,0,0,0,0,0,0,0,0,0,0,0,0,0,0,0.169,0,0,0,0,0,0,0.582,0,0,0,0,0,0,0,0,0,0,0,0,0,0,0,0,0,0,0,0,0,0,0,0,0,0,0,0.171,0,0,0,0,0,0,0,0,0,0,0,0,0.662,0,0,0,0,0,0,0,0,0,0,0,0,0,0,0,0,0,0,0,0,0,0,0,0,0,0,0,0,0,0,0,0,0,0,0,0,0,0,0,0,0,0,0,0,0,0,0,0,0,0,0,0,0,0,0,0,0,0,0,0,0,0,0,0,0,0,0,0,0,0,0,0,0,0,0,0,0,0,0,0,0,0,0,0,0,0,0,0,0,0,0,0,0,0,0,0,0,0,0,0,0,0,0,0,0,0,0,0.358,0,0,0,0,0,0,0,0,0,0,0,0,0,0,0.169,0,0,0,0,0,0,0,0,0,0,0,0,0,0,0,0,0,0,0,0,0,0,0,0,0,0,0,0,0,0,0,0,0,0,0,0,0,0,0,0,0,0,0,0,0,0,0,0,0,0,0,0.334,0,0,0,0,0,0,0,0,0,0,0,0,0,0,0,0,0,0,0,0,0,0,0,0,0,0,0,0,0,0,0,0,0,0,0,0,0,0,0,0,0,0,0,0,0,0,0,0,0,0,0,0,0,0,0,0,0,0,0,0,0,0,0,0,0.394,0,0,0,0,0,0,0,0,0,0,0,0,0,0,0,0,0,0,0,0.394,0,0,0,0,0,0,0,0,0,0,0,0,0.328,0,0.197,0,0,0,0,0,0,0,0.44,0,0,0,0,0,0,0,0.483,0,0,0
850682,0,0,0,0,0,0,0,0,0,0,0,0,0,0,0,0,0,0,0,0,0,0,0,0,0,0,0.179,0,0,0,0,0,0,0,0,0,0,0,0,0,0,0,0,0,0,0,0,0,0,0,0,0.999,0,0,0,0,0,0,0,0,0,0,0.624,0,0.285,0,0,0,0,0,0.18,0,0,0,0.15,0,0,0,0,0.288,0,0,0,0,0,0,0,0,0,0,0,0,0,0,0,0.999,0,0,0,0,0,0,0,0,0,0,0,0,0,0.375,0,0,0,0,0,0,0,0.29,0,0.251,0,0,0.33,0,0,0,0,0.928,0,0,0,0,0,0,0,0,0,0,0.179,0.167,0.999,0.818,0,0,0,0,0,0,0.45,0,0,0,0,0,0,0.925,0,0,0,0,0,0,0,0,0,0,0,0,0,0,0,0,0,0,0,0,0,0,0,0,0,0,0,0,0,0,0,0,0,0.276,0.207,0,0,0.161,0,0,0,0,0,0,0,0.315,0,0.795,0,0,0.999,0,0,0,0,0,0,0.663,0.338,0,0.178,0,0,0,0.999,0,0,0.588,0,0,0,0,0,0.924,0,0,0.999,0,0.811,0,0.168,0,0,0,0,0,0,0.24,0.358,0.307,0,0,0,0,0,0,0,0,0,0,0,0,0,0,0,0,0,0,0.583,0,0,0,0,0,0,0,0,0,0,0.974,0,0.169,0,0,0,0,0.927,0,0,0.447,0.163,0.936,0,0.55,0,0,0,0.192,0,0.204,0,0,0,0,0.999,0,0,0,0,0,0,0,0,0.999,0,0,0,0,0.989,0.195,0.15,0,0,0,0,0,0.189,0.346,0,0.382,0,0,0.161,0.775,0,0,0,0,0,0,0,0,0,0,0,0,0,0.165,0,0.155,0.157,0,0,0,0.398,0,0,0,0,0.273,0,0,0,0.247,0,0.293,0,0.213,0,0,0.261,0,0.384,0.999,0.185,0.97,0,0,0,0.282,0.999,0,0,0,0,0,0,0.999,0,0,0,0,0,0,0.194,0,0,0,0,0,0.999,0,0.667,0,0.343,0,0,0,0,0,0,0,0,0.955,0.175,0,0,0,0,0.389,0.268,0,0,0,0,0,0,0,0,0.683,0,0,0,0,0.206,0,0,0,0,0,0,0,0,0,0,0,0,0,0,0.218,0,0,0,0,0.997,0,0.454,0,0,0,0.152,0.262,0,0.213,0,0,0,0,0,0,0,0.152,0,0,0,0,0,0.999,0,0.208,0,0,0,0.63,0,0,0,0,0,0,0,0,0,0,0,0.952,0,0,0,0,0,0.956,0,0.152,0,0,0,0,0,0,0,0,0.304,0,0,0,0.156,0,0.152,0.243,0.999,0.295,0,0,0,0,0,0,0,0.408,0,0,0,0,0,0,0,0,0,0,0.915,0,0.221,0,0.248,0,0,0,0,0,0,0,0,0.556,0,0,0,0,0,0,0,0,0,0,0,0,0,0,0,0.298,0.241,0,0,0,0,0,0,0,0,0.185,0.152,0,0,0,0,0,0,0,0,0.905,0,0,0,0,0,0,0,0,0,0,0.182,0.413,0,0.169,0,0,0,0.153,0,0.485,0,0.209,0.189,0,0,0,0,0,0,0,0,0.39,0,0,0,0,0,0,0.655,0.929,0,0,0.292,0.273,0,0,0,0.312,0.45,0,0,0,0,0,0,0.279,0,0,0,0,0,0.183,0,0.154,0,0,0,0,0,0,0,0,0.153,0.234,0,0,0,0,0,0,0,0,0,0,0,0,0,0,0,0,0,0,0,0,0,0.802,0,0,0,0,0.637,0,0,0,0,0,0,0,0,0,0,0,0,0,0.159,0.171,0,0,0.207,0,0.294,0.318,0,0.197,0,0,0,0,0,0,0.292,0.734,0.999,0,0,0,0,0,0,0.551,0,0,0,0.998,0,0,0,0.237,0,0.646,0,0,0,0,0,0.354,0,0,0,0,0,0,0,0,0.999,0,0.657,0,0,0,0.188,0.202,0,0,0,0,0,0,0,0,0,0,0,0,0,0.247,0,0,0,0,0.238,0,0,0,0,0,0,0.236,0,0.303,0,0,0.183,0,0,0,0,0,0,0,0,0,0,0,0,0,0.185,0,0.187,0,0,0,0,0,0,0,0.159,0,0.554,0,0.156,0,0.301,0,0,0,0.226,0,0,0,0,0,0,0,0,0,0,0,0,0,0,0.999,0,0.368,0.207,0,0,0,0,0,0,0.223,0.218,0,0,0,0,0,0,0,0,0.587,0,0,0,0,0,0,0,0,0,0.999,0.195,0,0,0,0,0,0,0.207,0,0.255,0,0,0.198,0,0.999,0,0,0,0,0,0.43,0,0,0,0,0,0,0,0,0.224,0.604,0,0,0,0.394,0,0,0.164,0,0,0.221,0.975,0,0.999,0,0,0,0,0.3,0,0.233,0,0.999,0,0,0,0,0.37,0,0.999,0,0.915,0.282,0.999,0,0.198,0.211,0,0.266,0,0,0,0,0.157,0,0.183,0.189,0,0,0,0.993,0,0.934,0.999,0,0.263,0,0,0,0.164,0,0.813,0,0.197,0,0,0.217,0.833,0,0,0,0.273,0,0.999,0,0,0,0,0,0,0,0,0,0,0,0,0,0,0,0,0,0,0,0,0,0,0,0,0,0,0,0,0,0,0,0,0,0,0,0,0,0,0,0,0,0,0,0,0,0,0,0,0.262,0,0,0,0,0,0,0,0,0,0,0,0,0,0,0.999,0,0,0.208,0,0,0,0,0,0.326,0.999,0,0,0,0,0,0,0,0,0.181,0,0,0,0.92,0,0,0,0,0,0,0,0,0,0,0,0,0,0,0,0,0,0,0,0,0,0,0,0,0,0,0.163,0,0,0,0,0.257,0,0,0,0,0,0,0,0,0,0,0,0,0,0,0,0,0,0.999,0,0,0,0,0,0,0.251,0,0.902,0,0,0,0.229,0,0,0,0,0,0,0,0,0,0,0,0,0,0,0.998,0,0,0,0,0,0,0,0,0,0,0.999,0,0,0,0.207,0,0,0,0,0.999,0.318,0.61,0,0,0,0,0,0,0,0.405,0,0,0,0,0,0.164,0,0,0,0,0,0.161,0,0,0.434,0,0,0,0,0,0.276,0.332,0,0,0,0,0.999,0,0,0.386,0.159,0,0,0,0,0,0,0,0,0,0,0.154,0.999,0,0,0.348,0,0,0,0,0,0.417,0,0.889,0.472,0,0,0,0.177,0,0,0,0,0,0,0,0,0,0,0,0,0.173,0,0,0,0,0,0,0,0,0,0,0.999,0,0,0,0.551,0,0.441,0,0,0,0,0,0,0,0,0,0,0,0,0,0,0,0,0,0,0.37,0,0,0,0,0,0,0.999,0,0.999,0,0,0,0,0,0,0,0,0,0.307,0,0,0,0,0,0,0,0,0,0,0,0,0,0,0,0,0,0,0.171,0,0,0,0,0,0,0.543,0,0.762,0.275,0,0,0.153,0,0,0,0,0,0,0,0,0.716,0,0,0,0,0,0.318,0,0,0,0,0,0,0,0,0,0,0.191,0,0,0.159,0,0,0,0,0,0,0,0,0,0,0,0,0,0.999,0,0,0,0,0,0,0,0,0,0,0,0,0,0.302,0,0,0.505,0,0,0.171,0,0,0,0,0,0,0.322,0,0,0,0,0,0,0,0,0,0,0,0,0.416,0.16,0,0.703,0,0,0.153,0,0,0,0,0.449,0,0.174,0,0,0,0,0,0,0,0,0,0,0,0,0,0,0,0,0,0.167,0,0,0,0,0.412,0,0.237,0,0,0,0,0,0,0,0.166,0,0,0,0,0,0,0,0,0,0,0,0,0,0,0,0,0.999,0,0,0,0,0,0,0,0,0,0,0,0,0,0,0,0,0,0,0,0,0,0,0,0.461,0,0,0,0,0,0,0,0.286,0,0,0,0,0,0.255,0,0.224,0,0,0,0,0,0,0,0,0,0,0,0,0,0,0,0,0,0,0,0.171,0,0,0,0,0,0,0,0,0,0,0,0,0,0,0,0,0,0,0,0,0,0,0,0,0,0,0,0,0,0,0,0.449,0.358,0,0,0,0,0,0,0,0,0,0,0,0,0.211,0,0,0,0,0.308,0,0.246,0,0,0,0,0.161,0,0,0,0,0,0,0,0,0,0,0,0,0,0,0,0,0.207,0,0,0,0,0,0,0,0,0,0,0,0.665,0,0.366,0,0,0.205,0,0,0.999,0.156,0.18,0.175,0,0.3,0,0,0.179,0,0.397,0,0.239,0.925,0,0,0,0.366,0.17,0,0.158,0,0,0.231,0,0,0.454,0.175,0,0,0,0.326,0.369,0,0,0.183,0.178,0.185,0,0.443,0,0.357,0.999,0.36,0.37,0,0.996,0.602,0,0.163,0,0,0,0,0.35,0,0,0.999,0,0.662,0.319,0,0,0.752,0,0.166,0.167,0,0,0,0.298,0.29,0,0.183,0,0,0.172,0,0,0.56,0,0,0.371,0.511,0.999,0,0,0,0,0,0.291,0,0,0,0.337,0.287,0,0,0.227,0.432,0.362,0,0,0.245,0,0.384,0,0,0,0,0,0,0.328,0.179,0,0,0.999,0.408,0.293,0,0,0,0.385,0,0,0,0.997,0,0.254,0,0.375,0.388,0,0,0,0.165,0,0,0.337,0.27,0,0,0,0.25,0,0,0.175,0,0,0,0,0,0,0.999,0.151,0.438,0.455,0,0,0.503,0,0,0,0.272,0.309,0.351,0.706,0,0.999,0,0,0,0,0.302,0,0.215,0,0.576,0.457,0,0,0.286,0.446,0,0,0.246,0.249,0,0.405,0.712,0.194,0.29,0.903,0.326,0,0,0,0,0.905,0,0,0,0.711,0,0,0.498,0,0,0,0,0.345,0,0,0,0,0.433,0,0.566,0,0,0.194,0.458,0,0.29,0,0,0,0.368,0,0.247,0,0.189,0,0,0,0,0,0,0,0,0,0,0,0,0,0,0,0,0.195,0,0,0,0,0,0,0,0,0.274,0,0,0.205,0,0,0,0,0,0,0,0,0.515,0,0,0,0,0.28,0,0,0.999,0,0,0,0,0,0,0,0.275,0,0,0.235,0,0,0.204,0,0,0,0,0,0,0,0,0,0,0,0,0,0.157,0,0,0,0,0,0,0,0,0,0,0,0,0,0,0,0,0,0,0,0,0,0.928,0,0.198,0,0.179,0,0,0,0.164,0,0,0,0,0,0,0,0,0,0,0.299,0,0,0,0.631,0,0.185,0,0,0,0,0,0,0,0,0,0,0,0,0.282,0,0,0,0,0.168,0,0,0,0,0,0,0,0,0,0.293,0,0.409,0,0,0,0,0,0,0,0.195,0.166,0,0,0,0,0,0,0,0,0,0,0,0,0,0,0,0.319,0,0.257,0,0,0,0,0,0,0,0,0,0,0,0,0.313,0,0,0,0,0,0,0,0,0,0,0,0,0,0,0,0,0,0,0,0,0,0,0,0,0,0.669,0,0,0.961,0,0,0,0,0,0,0,0,0,0,0,0,0,0,0.318,0,0,0,0,0,0,0,0,0,0,0,0,0,0,0,0,0,0,0,0,0,0,0,0.208,0,0,0,0,0,0,0,0,0,0,0,0,0,0,0,0.151,0,0,0,0,0,0,0.295,0,0,0,0,0.999,0,0,0,0,0,0,0.801,0,0,0,0,0,0,0,0,0,0,0,0,0,0,0,0,0,0.156,0,0,0,0,0,0,0,0,0,0,0,0,0,0,0,0,0.296,0,0,0,0,0.999,0,0,0,0,0,0.999,0,0,0,0,0.999,0,0,0,0,0.28,0,0,0.266,0.683,0.511,0,0,0,0,0,0,0,0,0,0,0,0,0.507,0,0,0,0.91,0,0,0,0,0,0.311,0.361,0.999,0,0,0,0.502,0,0,0,0,0,0,0,0,0,0,0,0,0,0.417,0,0.341,0,0,0,0,0,0,0.208,0,0.662,0,0,0,0,0,0,0,0,0,0,0.416,0,0,0,0,0,0,0,0,0,0,0,0.307,0,0,0,0,0,0,0,0,0,0.826,0,0,0.349,0,0.358,0.368,0,0.187,0,0,0,0,0,0,0,0,0.999,0,0,0,0,0,0,0,0.416,0,0,0,0,0,0,0.78,0.823,0,0,0,0,0,0,0,0,0,0,0.187,0,0,0,0,0.357,0,0,0,0,0,0.263,0.361,0,0.341,0.207,0,0,0,0,0,0,0,0,0,0,0,0,0,0,0,0.999,0,0.151,0.999,0,0.29,0.22,0,0,0,0,0,0,0,0,0,0,0,0,0,0,0,0,0,0,0,0,0,0,0,0,0,0,0,0,0,0,0,0,0,0,0,0,0,0,0,0,0,0,0,0,0,0,0,0,0,0,0,0,0,0,0,0,0,0,0,0,0,0,0,0,0,0,0,0,0,0,0,0,0,0,0,0,0,0,0,0,0,0,0,0,0,0,0,0,0,0,0,0,0,0,0.381,0,0,0,0,0,0,0,0,0,0,0.219,0,0,0,0,0,0,0,0,0,0,0,0.713,0,0,0,0,0,0,0,0,0,0,0,0,0,0,0,0,0,0,0,0,0,0,0,0,0.202,0,0,0.195,0,0,0,0,0,0,0,0,0,0,0,0.15,0,0,0,0.999,0,0,0,0,0,0,0,0,0,0,0.175,0,0,0,0,0,0,0,0,0,0,0,0,0,0,0,0.162,0,0,0.205,0,0,0,0,0.45,0.209,0,0,0,0,0,0,0,0,0,0,0,0.944,0,0,0,0,0,0,0,0,0,0,0.387,0.207,0,0,0,0,0,0,0,0,0.176,0,0,0,0,0,0,0.207,0.176,0,0,0.401,0,0,0,0,0,0.495,0,0,0,0,0,0,0,0,0,0,0,0,0.207,0,0,0,0,0,0,0,0.286,0,0.209,0,0,0,0,0,0,0,0,0,0,0,0.485,0,0,0,0,0,0,0,0,0,0,0.207,0,0,0.162,0,0.449,0,0,0.286,0.156,0,0.518,0,0,0,0,0,0,0,0,0,0.362,0,0,0,0,0,0,0,0,0,0,0,0,0,0,0,0.162,0,0,0,0.523,0,0,0,0,0,0.954,0.546,0.999,0.525,0.519,0.698,0.325,0,0.999,0.968,0.999,0,0.41,0.999,0.43,0.32,0,0.999,0.35,0.571,0.999,0.207,0,0.159,0.175,0.344,0.314,0.999,0.743,0.999,0.446,0,0.996,0,0,0.308,0,0.532,0.472,0.999,0.23,0.998,0.198,0.904,0.178,0,0,0.999,0.999,0.631,0.946,0,0.42,0.597,0,0.362,0.467,0,0.941,0,0.4,0.996,0.999,0.999,0.999,0.906,0.999,0.999,0.25,0.421,0.999,0.5,0.999,0.375,0,0.349,0.506,0,0,0,0.999,0.999,0,0.994,0.999,0.999,0.164,0.233,0.999,0,0.475,0.494,0.302,0.999,0.436,0.458,0,0.999,0.999,0.355,0.905,0,0,0.999,0.333,0.999,0.999,0.487,0.999,0.999,0,0,0.999,0.592,0.997,0,0.999,0.999,0.477,0,0.761,0,0.25,0,0.999,0.996,0.52,0.564,0,0,0.961,0.207,0.999,0,0.492,0.207,0.996,0.561,0.237,0.321,0.561,0,0.999,0.999,0.326,0,0.45,0.999,0.878,0,0.999,0.15,0.368,0.434,0.999,0.999,0.45,0.978,0,0.999,0,0.538,0.999,0,0.332,0.997,0.999,0.646,0.263,0.999,0.999,0.214,0.199,0.255,0.318,0,0.177,0.179,0,0,0.946,0.699,0,0.512,0,0.781,0,0,0.931,0.999,0.999,0.999,0.453,0,0,0.999,0.999,0,0,0.999,0,0.999,0.999,0,0.999,0.377,0.568,0.999,0,0.999,0.178,0,0.997,0.999,0.999,0,0.476,0.999,0.179,0.506,0,0,0.999,0.467,0.999,0.451,0.312,0.999,0,0.324,0.187,0.317,0,0,0,0,0,0,0.157,0,0.455,0,0,0,0,0.186,0,0,0,0,0,0.302,0.368,0.19,0.383,0.211,0,0,0,0,0,0,0,0,0,0,0,0,0,0,0,0.999,0,0.192,0.254,0,0,0,0,0,0.152,0,0,0,0.407,0,0.245,0,0.406,0,0,0.202,0,0,0,0,0,0,0.341,0,0,0,0,0,0,0.445,0,0,0,0,0,0,0.241,0,0,0.303,0.169,0,0,0.296,0,0,0,0,0.16,0,0.192,0,0,0,0,0,0,0,0,0,0,0,0.181,0,0,0,0,0.313,0,0,0,0,0,0,0,0.162,0,0,0,0,0,0,0,0,0,0.177,0,0,0,0,0,0,0,0,0,0,0,0.296,0,0,0,0,0,0,0.299,0,0,0,0,0,0,0,0.281,0,0,0,0,0,0,0,0.296,0,0,0,0,0,0,0,0,0,0,0,0,0,0,0,0,0,0,0,0,0,0,0,0,0,0,0,0,0,0,0,0,0,0,0,0,0,0,0,0,0,0,0,0,0,0,0,0,0,0,0,0,0,0,0,0,0,0,0,0,0,0,0,0,0,0.196,0.319,0.472,0,0,0,0.295,0.272,0,0.901,0,0,0,0.527,0,0.237,0.176,0.833,0,0,0,0,0,0.299,0.41,0.258,0,0,0,0,0,0,0.425,0,0,0,0,0,0,0,0,0,0,0,0,0,0,0,0,0,0,0,0,0,0,0,0,0,0,0,0,0.151,0,0,0,0,0,0,0,0,0,0,0,0,0,0,0,0,0,0,0,0,0,0,0,0,0,0,0,0,0,0,0,0,0,0,0.288,0,0,0,0,0,0,0,0,0,0,0,0,0,0,0,0,0,0,0,0,0,0,0,0,0,0,0,0,0,0,0,0,0,0,0.467,0,0,0,0,0,0,0,0,0,0,0,0,0,0,0,0,0,0,0,0.362,0,0,0,0,0,0,0,0,0,0,0,0,0,0,0,0,0,0,0,0,0,0,0,0,0,0,0,0,0,0,0,0,0,0,0,0,0,0,0,0,0,0,0,0,0,0,0,0,0,0,0,0,0,0,0,0,0,0,0,0,0,0,0,0,0,0,0,0,0,0,0,0,0,0,0,0,0,0,0,0,0,0,0,0,0,0,0,0,0,0,0,0,0,0,0,0,0,0,0,0,0,0,0.182,0,0,0,0,0,0,0,0,0,0,0,0,0,0,0,0,0,0,0,0,0,0.205,0,0,0,0,0,0,0,0,0,0,0,0,0,0,0,0,0,0,0,0,0,0.165,0,0,0,0,0,0,0,0,0,0,0,0,0,0,0,0,0,0,0,0,0,0,0,0,0,0,0,0,0,0,0,0,0,0,0,0,0,0,0,0,0,0,0,0,0.195,0,0,0,0,0,0,0,0,0,0,0,0,0,0,0,0,0,0,0,0,0,0,0,0,0,0,0,0,0,0,0,0,0,0,0,0,0,0,0,0,0,0,0,0,0,0,0,0,0,0,0,0,0,0,0,0,0,0,0,0,0,0,0,0,0,0,0,0,0,0,0,0.195,0,0.161,0,0,0,0,0,0,0,0,0,0,0,0,0,0,0,0,0,0,0,0,0,0,0,0,0,0,0,0,0,0,0,0,0,0,0,0,0,0,0,0,0,0,0,0,0,0,0,0,0,0,0,0,0,0,0,0,0,0,0,0,0,0,0,0,0,0,0,0,0,0,0,0,0,0,0,0,0,0,0,0,0,0,0,0,0,0,0,0,0,0,0,0,0,0,0,0,0,0,0,0,0,0,0,0,0.791,0.338,0,0,0,0,0.262,0.341,0.617,0,0,0.37,0,0,0,0,0.289,0,0,0,0,0,0,0,0,0,0,0,0,0,0,0,0.198,0.28,0,0,0,0.396,0,0,0,0.28,0.369,0,0.163,0,0,0,0,0,0,0,0,0,0,0,0.297,0,0,0,0,0,0,0,0,0,0,0.54,0,0,0,0,0,0,0,0,0,0,0,0,0,0.289,0,0,0,0,0.623,0,0,0,0,0,0,0,0,0,0,0,0,0,0,0,0,0,0,0,0,0,0,0,0,0,0,0,0,0,0,0,0,0,0.298,0,0.276,0,0,0,0,0,0,0,0,0,0,0,0,0,0.289,0,0,0,0,0,0,0,0,0,0,0,0.543,0,0,0,0,0,0,0.269,0,0,0,0,0,0,0,0,0,0,0,0,0,0,0,0,0,0,0,0,0.233,0,0,0,0,0,0.551,0,0,0,0,0,0,0,0,0,0,0,0,0,0,0,0,0,0,0,0,0,0,0,0,0,0,0,0,0,0,0,0,0,0,0,0,0,0,0.543,0,0,0,0,0,0,0,0,0,0,0,0,0,0,0,0.494,0,0,0,0,0,0,0,0,0,0,0,0,0,0,0,0,0,0,0,0.211,0,0,0,0,0,0.192,0,0.157,0,0,0,0,0,0,0,0.304,0,0.217,0,0.217,0,0,0,0,0,0,0,0,0,0,0,0,0,0,0,0,0,0,0,0,0,0,0,0,0,0,0,0.349,0,0,0.157,0,0,0,0,0,0,0,0,0.173,0.211,0.232,0,0,0,0,0,0,0,0,0,0,0,0.153,0,0,0,0,0,0,0,0,0,0,0,0,0,0,0,0,0,0,0,0,0,0,0,0,0,0,0,0,0,0,0,0,0,0,0,0,0,0,0,0,0,0,0,0,0,0,0,0,0,0,0,0,0,0,0,0,0,0,0,0,0,0,0,0,0,0,0,0,0,0,0,0,0,0,0,0,0,0,0,0,0,0,0,0,0,0,0,0,0,0,0,0,0,0,0,0,0,0,0,0,0,0,0,0,0,0,0,0,0,0,0,0,0,0,0,0,0.28,0,0,0,0,0,0,0,0,0,0,0,0,0,0,0,0,0,0,0,0,0,0,0,0,0,0,0,0,0,0,0,0,0,0,0,0,0,0,0,0,0,0,0,0,0,0,0,0,0,0,0,0,0,0,0,0,0,0,0,0,0,0,0,0,0,0,0,0,0,0,0,0,0,0,0,0,0,0,0,0,0,0,0,0,0,0,0,0,0,0,0,0,0,0,0,0,0,0,0,0,0,0,0,0,0,0,0,0,0,0,0,0,0,0,0,0,0,0,0,0,0
853823,0.727,0,0,0,0,0,0.744,0.239,0,0,0,0,0,0,0,0,0.5,0,0.484,0,0,0,0,0,0,0,0,0,0,0,0,0,0.293,0,0.206,0,0,0,0,0,0,0,0,0,0,0,0,0,0,0,0,0,0,0,0,0,0,0,0,0,0,0,0,0,0,0,0,0,0,0,0,0,0,0,0,0.188,0,0,0.625,0,0,0,0,0,0,0,0,0,0.486,0,0,0,0,0,0,0,0.278,0,0.22,0,0,0,0.212,0,0,0.467,0,0,0,0,0,0,0,0,0,0,0,0,0.545,0,0,0,0,0,0,0,0,0,0,0,0,0,0,0,0.34,0,0,0,0,0,0,0,0,0,0,0.226,0,0,0,0,0,0.258,0,0.27,0,0,0,0,0,0.449,0,0,0,0,0,0,0,0,0,0,0,0.449,0,0,0,0,0.193,0.203,0,0,0,0.48,0,0,0,0,0,0,0,0,0,0,0,0,0,0,0,0,0,0,0,0,0.276,0,0,0,0,0,0,0,0,0,0,0,0,0,0,0,0,0,0,0,0,0,0,0,0,0,0,0,0,0,0,0,0,0,0,0,0,0,0,0,0,0,0,0,0,0.678,0,0,0,0,0,0,0,0,0,0,0,0,0,0,0,0,0,0,0,0,0,0,0,0,0,0,0,0,0,0,0,0,0,0,0,0,0,0.196,0,0,0,0,0,0,0,0,0,0,0,0,0,0,0,0,0,0,0,0,0,0,0,0,0,0.412,0,0,0,0,0,0,0.33,0,0,0,0,0,0,0,0,0,0,0,0,0,0,0,0,0.447,0,0,0,0,0,0,0,0,0,0,0,0,0,0,0,0,0,0,0,0,0,0,0,0,0,0,0,0,0,0,0,0,0,0,0.185,0,0,0,0,0,0,0,0,0,0,0.307,0,0,0,0,0,0,0,0,0,0,0,0,0,0,0,0,0,0,0,0,0,0,0,0,0,0,0,0,0,0,0,0,0.206,0,0,0,0,0.201,0,0,0,0,0,0,0,0,0,0,0,0,0,0,0,0,0,0.241,0,0,0,0,0,0,0,0,0,0.313,0,0,0,0,0,0.22,0,0,0,0,0,0,0,0,0,0,0.418,0,0,0,0,0,0,0,0,0,0,0,0,0,0,0,0,0,0.292,0,0,0,0,0,0,0,0,0,0,0,0,0,0,0,0,0,0,0,0.169,0,0,0,0,0,0,0,0,0,0,0,0,0,0,0,0,0,0,0,0,0,0,0,0,0,0,0,0,0,0,0,0,0,0,0,0,0,0,0,0,0,0,0.223,0,0,0,0,0,0,0,0,0,0,0,0.274,0,0,0,0,0,0,0,0,0,0,0,0,0,0,0,0,0,0,0,0,0,0,0,0,0.171,0,0,0,0,0,0,0,0,0,0,0,0,0,0,0,0,0,0,0,0,0,0,0,0,0,0,0,0,0,0,0,0,0,0,0,0,0,0,0,0,0,0,0,0,0,0,0,0,0,0,0,0,0,0,0,0,0,0,0,0.616,0,0,0,0,0,0,0.781,0,0,0,0,0,0,0,0,0,0,0,0,0,0,0,0,0,0,0,0,0,0,0,0,0,0,0,0,0,0,0,0,0,0,0,0,0,0,0,0,0,0,0,0,0,0,0,0,0,0,0,0,0,0,0,0,0,0,0.274,0,0.297,0,0,0,0.199,0,0,0,0,0,0,0,0,0,0,0,0,0,0,0,0,0,0,0,0,0,0,0,0,0,0.335,0,0,0,0,0,0,0,0,0,0,0,0,0,0,0,0,0,0,0,0,0,0,0,0,0,0,0,0,0,0,0,0,0,0,0,0,0,0,0,0.176,0,0,0,0,0,0,0,0,0,0,0,0,0,0,0.171,0,0,0,0,0,0,0,0,0,0,0,0,0,0,0,0,0,0,0,0,0,0,0,0,0,0,0,0,0,0,0,0,0,0,0,0,0,0,0,0,0,0,0,0,0,0,0,0,0,0,0,0,0,0,0.258,0,0,0,0,0,0,0,0,0,0,0,0.168,0,0,0,0,0,0,0,0,0,0,0,0,0,0.227,0,0,0,0,0,0,0,0,0,0,0,0,0,0,0,0,0,0,0.201,0,0,0,0,0,0,0,0,0.15,0,0,0,0,0,0,0,0,0,0,0,0,0,0,0,0,0,0,0,0,0.533,0.163,0,0,0,0,0,0,0,0,0,0,0,0,0,0,0,0,0,0,0,0,0,0,0,0,0,0,0,0,0,0,0,0,0,0,0,0.206,0,0,0,0,0,0,0,0,0,0,0,0,0,0,0,0,0,0,0.45,0,0,0,0,0,0.22,0,0,0,0,0,0,0,0,0,0,0,0,0,0,0,0,0,0,0,0,0,0,0,0,0,0,0,0,0,0,0,0,0,0,0,0,0.396,0,0,0.198,0,0,0.201,0,0,0,0,0,0,0,0,0,0,0,0,0,0,0,0,0,0,0,0,0,0,0,0,0.47,0,0.198,0,0,0,0,0.483,0,0,0,0,0,0,0,0,0,0,0,0,0,0,0,0,0,0,0,0,0,0,0,0,0,0,0.203,0,0,0.917,0,0,0,0,0.339,0,0,0,0,0,0,0,0,0,0,0,0,0,0.381,0,0,0,0,0.638,0,0,0,0.2,0,0,0,0,0,0,0,0,0,0,0,0,0,0.191,0,0,0,0,0,0.852,0,0,0,0,0,0.167,0,0,0.275,0,0,0,0,0,0,0,0,0,0,0,0,0,0,0,0,0,0,0,0,0.353,0,0,0,0,0,0,0,0,0.59,0,0,0,0,0,0,0.404,0,0,0,0,0,0,0,0,0.263,0,0,0,0,0,0,0,0.219,0.885,0,0,0,0.195,0,0,0,0,0,0.391,0,0,0,0,0,0,0,0,0,0,0,0,0,0,0,0,0,0.151,0,0.641,0,0,0,0,0,0,0,0,0,0,0,0,0,0,0,0.494,0,0,0,0,0.309,0,0.294,0,0.295,0,0.358,0,0.244,0.238,0,0,0,0,0,0,0.258,0,0.483,0.445,0,0,0,0,0,0,0,0,0,0,0,0,0,0,0,0,0,0,0.195,0,0.21,0,0,0.269,0,0.224,0,0.447,0,0,0,0,0,0,0,0,0,0,0,0,0,0,0,0,0,0.538,0,0,0,0,0,0,0,0,0,0,0,0,0,0,0.786,0,0,0,0.299,0,0,0,0.729,0.609,0,0.394,0,0.365,0,0,0,0,0,0,0,0,0,0,0,0.483,0,0,0,0,0,0,0,0,0,0,0,0,0.333,0,0.171,0,0,0,0,0.445,0,0,0,0.598,0,0,0,0,0,0.685,0,0,0,0,0,0.193,0,0,0,0.238,0,0,0,0,0,0,0,0,0,0,0,0,0,0,0,0,0,0,0.651,0,0,0,0,0,0,0,0,0,0,0,0,0,0.708,0.19,0,0,0,0,0,0,0,0,0,0,0,0,0,0,0,0.342,0.275,0,0,0,0,0,0,0,0,0,0,0,0,0,0,0,0,0,0,0,0,0,0.308,0,0.6,0,0,0,0,0,0,0,0,0,0,0,0,0,0,0,0,0,0.589,0,0,0,0,0,0,0,0,0,0,0,0,0.533,0,0,0,0,0,0,0,0,0,0.341,0,0,0,0,0.38,0,0,0,0,0,0,0,0,0,0,0,0,0,0,0,0,0,0,0,0.191,0.199,0,0,0,0.202,0,0,0,0,0,0,0,0,0,0,0,0,0,0,0,0,0,0,0,0,0,0,0,0,0,0,0,0,0,0,0,0,0,0,0,0,0,0,0,0,0,0,0,0,0,0,0,0,0,0,0,0,0,0,0,0,0,0,0,0.235,0,0,0,0,0,0,0,0,0,0,0,0,0.392,0,0,0,0,0,0,0,0,0,0,0,0,0,0,0,0,0,0,0,0,0,0,0,0,0,0,0,0,0,0,0,0,0,0,0,0,0,0,0,0,0,0,0,0,0,0,0,0,0,0,0,0.309,0,0,0,0,0,0,0,0,0,0,0,0,0,0,0,0,0,0,0,0,0,0,0,0,0,0,0,0,0,0,0,0,0,0,0,0,0,0,0,0,0,0,0,0,0,0,0,0,0,0,0,0,0,0,0,0,0,0,0,0,0,0,0,0,0,0,0,0,0,0,0,0,0,0,0,0,0,0,0,0,0,0,0,0,0,0,0,0,0,0,0,0,0,0,0,0,0,0,0,0,0,0,0,0,0,0,0,0,0,0,0,0,0,0,0,0,0,0,0,0,0,0,0,0,0,0,0,0,0,0,0,0,0,0,0,0,0,0,0,0,0,0,0,0,0,0,0,0,0,0,0,0,0,0,0,0,0,0,0,0,0,0,0,0,0,0,0,0,0,0,0,0,0,0,0,0,0,0,0,0,0,0,0,0,0,0,0,0,0,0,0,0,0,0,0,0,0,0,0,0,0,0,0,0,0,0,0,0,0,0.336,0,0,0,0,0,0,0,0,0.25,0,0,0,0,0,0,0,0,0,0,0,0,0,0,0,0,0,0,0,0,0,0,0,0,0,0,0,0,0,0,0,0,0,0,0,0,0,0,0.159,0,0,0,0,0,0,0,0,0,0,0,0,0,0,0,0,0,0,0,0,0,0,0,0,0,0,0,0,0,0,0,0,0,0,0,0,0,0,0,0,0,0,0,0,0,0,0,0,0,0,0,0,0,0,0,0,0,0,0,0.151,0,0,0,0,0,0,0,0,0,0,0,0,0,0,0,0,0,0,0,0,0,0,0,0,0.338,0,0,0,0,0,0,0,0,0,0,0,0,0,0,0,0,0,0,0,0,0,0,0,0,0,0,0,0,0,0,0,0,0.185,0,0,0,0,0,0,0,0,0,0,0,0,0,0,0,0,0,0,0,0,0,0,0,0,0,0,0,0,0,0,0,0,0,0,0,0,0,0,0,0,0,0,0,0,0,0,0,0,0,0,0,0,0,0,0,0,0,0.395,0,0,0,0,0,0,0,0,0,0,0,0,0,0,0,0,0,0,0,0,0,0,0,0,0,0,0.169,0,0,0,0,0,0,0,0,0,0,0,0,0,0,0,0,0.315,0,0,0,0,0,0,0,0,0,0,0,0,0,0,0,0,0,0.635,0,0,0,0,0,0,0,0,0,0,0,0,0,0,0,0,0,0,0,0,0,0,0,0,0,0,0,0,0,0,0,0,0,0,0,0,0,0,0,0,0,0,0,0,0,0,0,0,0,0,0,0,0,0,0,0,0,0,0,0,0,0,0,0,0,0,0,0,0,0,0,0,0,0,0,0,0,0,0,0,0,0,0,0,0.229,0,0,0,0,0,0,0,0,0,0,0,0,0,0,0,0,0,0,0,0,0,0,0,0,0,0,0,0,0,0,0,0,0,0,0,0,0,0,0,0,0,0,0,0,0,0,0,0.171,0,0,0,0,0,0,0,0,0,0,0,0,0.155,0,0,0,0,0,0,0,0,0,0,0,0,0,0,0,0,0,0,0,0,0,0,0,0,0,0,0,0,0,0,0,0,0,0,0,0,0,0,0,0,0,0,0,0,0,0,0,0,0,0,0,0,0,0,0.229,0,0,0,0,0,0,0,0,0,0,0,0,0,0,0,0,0,0,0,0,0,0,0,0,0,0,0,0,0,0,0,0,0,0,0,0,0,0,0,0,0,0,0,0,0,0,0,0,0,0,0,0,0,0,0,0,0,0,0,0,0,0,0,0,0,0,0,0,0,0,0,0,0,0,0,0,0,0,0,0,0,0,0,0,0,0,0,0,0,0,0,0,0,0,0,0,0,0,0,0,0,0,0,0,0,0,0,0,0,0,0,0,0,0,0,0,0,0,0,0.203,0,0,0,0,0,0,0,0,0,0,0,0,0,0,0,0,0,0,0,0,0,0,0,0,0,0,0,0,0,0,0,0,0,0,0,0,0,0,0,0,0,0,0,0,0,0,0,0,0,0,0,0,0,0,0,0,0,0,0,0,0,0,0,0,0,0,0,0,0,0,0,0,0,0,0,0,0,0,0,0,0,0,0,0,0,0,0,0,0,0,0,0,0,0,0,0,0,0,0,0,0,0,0,0,0,0,0,0,0,0,0,0,0,0,0,0,0,0,0,0,0,0,0,0,0,0,0,0,0,0,0,0.221,0,0,0,0,0,0,0,0,0,0,0,0,0,0,0,0,0,0,0,0,0,0,0,0,0,0,0,0,0,0,0,0,0,0,0,0,0,0,0,0,0,0,0,0,0,0,0,0,0,0,0,0,0,0,0,0,0,0,0,0,0,0,0,0,0,0,0,0,0,0,0,0,0,0,0,0,0,0,0,0,0,0.298,0,0,0,0,0,0,0,0,0,0,0,0,0,0,0,0,0,0,0,0,0,0,0,0,0,0,0,0,0,0,0,0,0,0,0,0,0,0,0,0,0,0,0,0,0,0,0,0,0,0,0,0,0,0,0,0,0,0,0,0,0,0,0,0,0,0,0,0,0,0,0,0,0,0,0,0,0,0,0,0,0,0,0,0,0,0,0,0,0,0,0,0,0,0,0,0,0,0,0,0,0,0,0,0,0,0,0,0,0,0,0,0,0,0,0,0,0,0,0,0.169,0,0,0,0,0,0,0,0,0,0,0,0,0,0,0,0,0,0,0,0,0,0,0,0,0,0,0,0,0.165,0,0,0,0,0,0,0,0,0.704,0,0,0,0,0,0,0,0,0,0,0,0,0,0,0,0,0,0,0,0,0,0,0,0,0,0,0,0,0,0,0,0,0,0,0,0,0,0,0,0,0,0,0,0,0,0,0,0,0,0,0,0,0,0,0,0,0,0,0,0,0,0,0,0,0,0,0,0,0,0,0,0,0,0,0,0,0,0,0,0,0,0,0,0,0,0,0,0,0,0,0,0,0,0,0,0,0,0,0,0,0,0,0,0.318,0,0,0,0,0,0,0,0,0,0,0,0,0,0,0,0,0,0,0,0,0,0,0,0,0,0,0,0,0,0,0,0,0,0,0,0,0,0,0,0,0,0,0,0,0,0,0,0,0,0,0,0,0,0,0,0,0,0,0,0,0,0,0,0,0,0,0,0,0,0,0,0,0,0,0,0,0,0,0,0,0,0,0.157,0,0,0,0,0,0,0,0,0,0,0,0,0,0,0,0,0,0,0,0,0,0,0,0,0,0,0,0,0,0,0,0,0,0,0,0,0.572,0,0,0,0,0,0,0,0,0,0,0,0,0,0,0.48,0,0,0,0,0,0,0,0,0,0,0,0,0,0,0,0,0,0,0,0,0,0,0,0,0,0,0,0,0.304,0,0,0,0,0,0,0,0,0,0,0,0,0,0,0.297,0,0,0,0,0,0,0,0,0,0,0,0,0,0,0,0,0,0,0,0,0,0,0,0,0,0,0,0,0,0,0,0,0,0,0,0,0,0,0,0,0,0,0,0,0,0.15,0,0,0,0,0,0,0,0,0,0,0,0,0,0,0,0,0,0,0,0,0,0,0,0,0,0,0,0,0,0,0,0,0,0,0,0,0,0,0,0,0,0,0,0,0,0,0,0,0,0,0,0,0,0,0,0,0,0,0.43,0,0,0,0.297,0,0,0,0,0,0,0,0,0,0.153,0,0,0,0,0.353,0,0,0,0,0,0,0,0,0,0,0,0,0,0,0,0,0,0.386,0,0,0,0,0,0,0,0,0,0,0,0,0,0,0,0,0,0,0,0,0,0,0,0,0,0,0.427,0,0,0,0,0,0,0,0,0,0,0,0,0,0,0,0,0,0,0,0,0,0,0,0,0,0,0,0.159,0,0,0,0,0,0,0,0,0,0.171,0,0,0,0,0,0,0,0,0,0,0,0,0,0,0,0,0,0,0,0,0,0,0,0,0,0,0,0,0,0,0,0,0,0,0,0,0,0,0,0,0,0,0,0,0,0,0,0,0,0,0,0,0,0,0,0,0,0,0,0,0,0,0,0,0,0,0,0,0,0,0,0,0,0,0,0,0,0,0.29,0,0,0,0,0,0,0,0.307,0,0,0.294,0,0,0,0,0,0,0,0,0,0,0,0,0,0.385,0.276,0,0,0,0,0,0,0,0,0,0,0,0,0,0,0,0,0,0,0,0,0,0,0,0,0,0,0,0,0,0,0,0.768,0,0,0,0,0.276,0.309,0,0,0,0,0,0,0,0,0,0,0,0,0,0,0,0,0,0,0,0,0,0,0,0,0,0,0,0,0,0,0,0,0,0.196,0,0,0,0,0,0,0,0,0,0,0,0,0,0,0,0,0,0,0,0,0,0,0,0,0,0,0,0,0,0,0,0,0,0,0,0,0,0,0,0,0,0,0,0,0,0,0,0,0,0,0,0,0,0,0,0,0,0,0,0,0,0,0,0,0,0,0,0,0,0,0,0,0,0,0,0,0,0,0,0,0,0,0,0,0,0,0,0,0,0,0,0,0,0,0,0,0,0,0,0,0,0,0,0,0,0,0,0,0,0,0,0,0,0,0,0,0,0,0,0,0,0,0,0,0,0,0,0,0,0,0,0,0,0,0.151,0,0,0,0,0,0,0,0,0,0,0,0,0,0,0,0,0,0,0,0,0,0,0,0,0,0,0,0,0,0,0,0,0,0,0,0,0,0,0,0,0,0,0,0,0,0,0,0,0,0,0,0,0,0,0,0,0,0,0,0,0,0,0,0,0,0,0,0,0,0,0,0,0,0,0,0,0,0,0,0,0,0,0,0,0,0,0,0,0,0,0,0,0,0,0,0,0,0,0,0,0,0,0,0,0,0,0,0,0,0,0,0,0,0,0,0,0,0,0,0,0,0,0,0,0.258,0,0,0,0,0,0,0,0,0,0,0,0,0,0,0,0,0,0,0.19,0,0,0,0,0,0,0,0,0,0,0,0,0,0,0,0,0,0,0,0,0,0,0,0,0,0,0.234,0,0,0,0,0,0,0,0,0,0,0,0,0,0,0,0,0,0,0,0,0,0,0,0,0,0,0,0,0,0,0,0,0,0,0,0,0,0,0,0,0,0,0.229,0,0,0,0,0,0,0,0,0,0,0,0,0,0,0,0,0,0,0,0,0.685,0,0,0,0,0,0,0,0,0,0,0,0,0,0.273,0,0,0,0,0,0,0,0,0,0,0,0,0,0,0,0,0,0,0,0,0,0,0,0.67,0,0,0,0,0,0,0,0,0,0,0,0,0,0,0,0,0,0,0,0,0,0,0,0,0,0,0,0,0,0,0,0,0,0,0,0,0,0,0,0,0,0,0,0,0,0,0,0,0,0,0,0,0,0,0,0,0,0,0,0,0,0,0,0,0,0,0,0,0,0,0,0.161,0,0,0,0.228,0,0,0,0,0,0,0,0,0,0,0,0,0,0,0,0,0,0,0,0,0,0,0,0,0,0,0,0,0,0,0,0,0,0,0,0,0,0,0,0,0,0,0,0,0,0,0,0,0,0,0,0,0,0,0,0,0,0,0,0,0,0,0,0,0,0,0,0,0,0,0,0,0,0,0,0,0,0,0,0,0,0,0,0,0,0,0,0,0,0,0,0,0,0,0,0,0,0,0,0,0,0,0,0,0,0,0,0,0,0,0,0,0,0,0,0,0,0,0,0,0,0,0,0,0,0,0,0,0,0,0,0,0,0,0,0,0,0,0,0,0,0,0,0,0,0,0,0,0,0,0,0,0,0,0,0,0,0,0,0,0,0.358,0,0,0,0,0,0,0,0,0,0,0,0,0,0.191,0,0,0,0,0,0,0,0,0,0,0,0,0,0,0,0,0,0,0,0,0,0,0,0,0,0,0,0,0,0.192,0,0,0.19,0,0,0.357,0,0,0,0,0,0,0,0,0,0,0,0,0,0,0,0,0,0,0,0,0,0,0,0,0,0,0,0,0,0,0,0,0.215,0,0,0,0,0,0.274,0,0,0.356,0.617,0,0,0,0,0,0,0,0
850675,0,0,0,0,0,0,0,0,0,0,0,0,0,0,0,0,0,0,0,0,0,0,0,0,0,0,0,0,0,0,0,0,0,0,0,0,0,0,0,0.448,0,0,0,0,0,0,0,0,0,0,0,0,0,0,0,0,0,0,0,0,0,0,0,0,0,0,0,0,0,0,0.386,0,0,0.18,0,0,0,0,0,0,0,0,0,0,0,0,0,0,0,0,0,0,0,0,0,0,0,0,0,0,0,0,0,0,0,0,0,0,0,0,0,0,0,0,0,0,0,0,0,0,0,0,0,0,0,0,0,0,0,0,0,0,0,0,0,0,0,0,0,0,0,0,0.153,0,0,0,0,0,0,0,0.328,0,0,0,0,0,0,0,0,0,0,0,0,0,0,0,0,0,0,0,0,0,0.76,0,0,0,0,0,0,0,0,0,0,0,0,0,0,0,0,0,0,0,0,0,0,0,0,0,0,0,0,0,0,0,0.446,0,0,0,0,0,0.192,0,0,0,0,0,0,0,0,0,0,0,0,0,0,0,0,0,0,0,0,0,0,0,0,0,0,0,0,0,0,0,0,0,0,0,0,0.558,0,0,0,0,0,0,0,0,0,0,0,0,0,0,0,0,0,0,0,0.175,0,0,0,0,0,0,0,0,0,0,0,0,0,0.323,0,0,0,0,0,0,0,0,0,0,0,0,0,0,0,0,0,0,0,0,0,0,0,0,0,0,0,0,0,0,0,0,0,0,0,0,0,0,0,0,0,0,0,0.55,0,0,0,0,0,0,0,0,0,0,0,0,0,0,0,0,0,0,0,0,0,0,0,0,0,0,0,0,0,0,0,0,0,0,0,0,0,0,0,0,0,0,0,0,0,0,0,0,0,0,0,0,0,0,0,0,0,0,0,0,0,0,0,0,0,0,0,0,0,0,0,0,0,0,0,0,0,0,0,0,0,0,0,0,0,0,0,0,0,0,0,0,0,0,0,0,0,0,0,0,0,0,0,0,0,0,0,0,0,0,0,0,0,0,0,0,0,0,0,0,0.199,0,0,0,0,0,0,0,0,0,0,0,0,0,0,0,0,0,0,0,0,0,0,0,0,0,0,0,0,0,0,0,0,0,0,0,0,0,0,0,0,0,0,0,0,0,0,0,0,0,0,0,0,0,0,0,0,0,0,0,0,0,0,0,0,0,0,0,0,0,0,0,0,0,0,0,0,0,0,0,0,0,0,0,0,0,0,0,0,0,0,0,0,0,0,0,0.354,0,0,0,0,0,0,0,0,0,0,0,0,0,0,0,0,0,0,0,0,0,0,0,0,0,0,0,0,0,0,0.353,0,0,0,0,0,0.689,0,0,0,0,0,0,0,0,0,0,0,0,0,0,0,0,0,0,0,0,0,0,0,0,0,0,0,0,0,0.268,0,0,0,0,0,0,0,0,0,0,0,0,0,0,0,0,0,0,0,0,0,0,0,0,0,0,0,0,0,0,0,0,0,0,0,0,0,0,0,0,0,0,0,0,0,0,0,0,0,0,0,0,0,0,0,0,0,0,0,0,0,0,0,0,0,0,0,0,0,0,0,0,0,0,0,0,0,0,0,0,0,0,0,0,0,0,0,0,0,0,0,0,0,0,0,0,0,0,0,0,0,0,0,0,0,0,0,0,0,0,0,0,0,0,0,0,0,0,0,0,0,0,0,0,0,0,0,0,0,0,0,0,0,0,0,0,0,0,0,0,0,0,0,0,0,0,0,0,0,0,0,0,0,0,0,0,0,0,0,0,0,0,0,0,0,0,0,0,0,0,0,0,0,0,0,0,0,0,0,0,0,0,0,0,0,0,0,0,0,0,0,0,0,0,0,0,0,0,0,0,0,0,0,0.178,0,0,0,0,0,0,0,0,0,0,0,0,0,0,0,0,0,0,0,0,0,0,0,0,0,0,0,0,0,0,0.196,0,0,0,0,0,0,0,0,0,0,0,0,0,0,0,0.196,0,0,0,0,0,0,0,0,0,0,0,0,0,0,0,0,0,0,0,0,0,0,0,0,0,0,0,0,0,0,0,0,0,0,0,0,0,0,0,0,0,0,0,0,0,0,0,0,0,0,0,0,0,0,0,0,0,0,0,0,0,0,0,0,0.364,0,0,0,0,0,0,0,0,0,0.215,0,0,0,0,0,0,0,0,0,0,0,0,0,0,0,0,0,0,0,0,0,0,0,0,0,0,0,0,0,0,0,0,0,0,0.459,0,0,0,0,0,0,0,0,0,0,0,0,0,0,0,0,0,0,0,0,0,0,0,0,0,0,0,0,0,0.193,0,0.169,0,0,0,0,0,0,0,0,0,0,0,0,0,0,0,0,0,0,0,0,0,0,0,0,0,0,0,0,0,0,0,0,0,0,0,0,0,0,0,0,0,0,0,0,0,0,0,0,0,0,0.202,0,0,0,0,0,0,0.232,0,0,0,0,0,0,0,0,0,0,0,0,0,0,0,0,0,0,0,0,0,0,0,0,0,0,0,0,0,0,0,0,0,0,0,0,0,0,0,0,0,0,0,0,0,0,0,0,0,0,0,0,0,0,0,0,0,0,0,0,0,0,0,0,0,0,0,0,0,0,0,0,0,0,0,0,0,0,0,0,0,0,0,0,0,0,0,0,0,0,0,0,0,0,0,0,0,0,0,0,0,0,0,0,0,0,0,0,0,0,0,0,0.228,0,0,0,0,0,0,0,0,0,0,0,0,0,0,0,0,0,0,0,0,0,0,0,0,0,0,0,0,0,0,0,0,0,0,0,0,0,0,0,0,0,0,0,0,0,0,0,0,0,0,0,0,0,0,0,0,0,0,0,0,0,0,0,0,0,0,0,0,0,0,0,0,0,0,0,0,0,0,0,0,0,0,0,0,0,0,0,0,0,0,0,0,0,0,0,0,0,0,0,0,0,0,0,0,0,0,0,0,0,0,0,0,0,0,0,0,0,0,0,0,0,0,0,0,0,0,0,0,0,0,0,0,0,0,0,0,0,0,0,0,0,0,0,0,0,0,0,0,0,0,0,0,0,0,0,0,0,0,0,0,0,0,0,0,0,0,0,0,0,0,0,0,0,0,0,0,0,0,0,0,0,0,0,0,0,0,0,0,0,0,0,0,0,0,0,0,0,0,0,0,0,0,0,0,0,0,0,0,0,0,0,0,0,0,0,0,0,0,0,0,0,0,0,0,0,0,0,0,0,0,0,0,0,0,0,0,0,0,0,0,0,0,0,0,0,0,0,0,0,0,0,0,0,0,0,0,0,0,0,0,0,0,0,0,0,0,0,0,0,0,0,0,0,0,0,0,0,0,0,0,0,0.252,0,0,0,0,0,0,0,0,0,0,0,0,0,0,0,0,0,0,0,0,0,0,0,0,0,0,0,0,0,0,0,0,0,0,0,0,0,0,0,0,0,0,0,0,0,0,0,0,0,0,0,0.15,0,0,0,0,0,0,0,0,0,0,0,0,0.555,0,0,0,0,0,0,0,0,0,0,0,0,0,0,0,0,0,0,0,0,0,0,0,0,0,0,0,0,0,0,0.555,0,0,0,0,0,0,0,0,0,0,0,0,0,0,0,0,0,0,0,0,0,0,0,0,0,0,0,0,0,0,0,0,0,0,0,0,0,0,0,0,0,0,0,0,0,0,0,0,0,0,0,0,0,0,0,0,0,0,0,0,0,0,0,0,0,0,0,0,0,0,0,0,0,0,0,0,0,0,0,0,0,0,0,0,0,0,0,0,0.347,0,0,0,0,0,0,0,0,0,0,0,0,0,0,0,0,0,0,0,0,0,0,0,0,0,0,0,0,0,0,0,0,0,0,0,0,0,0,0,0,0,0,0,0,0,0,0,0,0,0,0,0,0,0,0,0,0,0,0,0,0,0,0,0,0,0,0,0,0,0,0,0,0,0,0,0,0,0,0,0,0,0,0,0,0,0,0,0,0,0,0,0,0,0,0,0,0,0,0,0.192,0,0,0,0,0,0,0,0,0,0,0,0,0,0,0,0,0,0,0,0,0,0,0,0,0,0,0,0,0,0,0,0,0,0.454,0,0,0.193,0,0,0,0,0,0,0,0,0,0,0,0,0,0,0,0,0,0,0,0,0,0,0,0,0,0,0,0,0,0,0,0,0,0,0,0,0,0,0,0,0,0,0,0,0,0,0,0,0,0,0,0,0,0,0,0,0,0,0,0,0,0,0,0,0,0,0,0,0,0,0,0,0,0,0,0,0,0,0,0,0,0,0,0,0,0,0,0,0,0,0,0,0,0,0,0,0,0,0,0,0,0,0,0,0,0,0,0,0,0,0,0,0,0,0,0,0,0,0,0,0,0,0.256,0,0,0,0,0,0,0,0,0,0,0,0,0,0,0,0,0,0,0,0,0,0.263,0,0,0,0,0,0,0,0,0,0,0,0,0,0,0,0,0,0,0,0,0,0,0,0,0,0,0,0,0,0,0,0,0,0,0,0.254,0,0.176,0,0,0,0.171,0,0,0,0,0.29,0.209,0,0,0,0,0,0,0,0,0,0,0,0,0,0,0,0,0,0,0,0,0,0,0,0,0,0,0.166,0,0,0.29,0,0,0,0,0,0,0,0,0,0,0,0,0,0,0,0,0,0,0,0,0,0,0,0,0,0,0,0,0,0,0,0,0,0,0,0,0,0,0,0,0,0,0.336,0,0,0,0,0,0,0,0,0,0,0,0,0,0,0,0,0,0,0,0,0,0,0,0,0,0,0,0,0,0,0,0,0.274,0,0,0,0,0,0,0,0,0,0,0,0,0,0,0,0,0,0,0,0,0,0,0,0,0,0,0,0,0.289,0,0,0,0,0,0,0,0,0,0.791,0,0,0,0,0,0,0,0,0,0,0,0,0,0,0,0,0,0,0,0,0,0,0,0,0,0,0,0,0,0,0,0,0,0,0,0,0,0,0,0,0,0,0,0,0,0,0,0,0,0,0,0,0,0,0,0,0,0,0,0,0,0,0,0,0,0,0,0,0,0,0,0,0,0,0,0,0,0,0,0,0,0,0,0,0,0,0,0,0,0,0.815,0,0,0,0,0,0,0,0,0,0,0,0,0,0,0,0,0,0,0,0,0,0.682,0,0,0,0,0,0.37,0,0,0,0,0,0,0,0,0,0,0,0,0,0,0,0,0,0,0,0,0,0,0,0,0,0,0,0,0,0,0,0,0,0,0,0,0,0,0,0,0,0,0,0,0,0,0,0,0.166,0,0,0,0,0,0,0,0,0,0,0,0,0,0,0,0,0,0,0,0,0,0,0,0,0,0,0,0,0,0,0,0,0,0,0,0,0,0,0,0,0,0,0,0,0,0,0,0,0,0,0,0,0,0,0,0,0,0,0,0,0,0,0,0,0,0,0,0,0,0,0,0,0,0,0,0,0,0,0,0,0,0,0,0,0,0,0,0,0,0,0,0,0,0,0,0,0,0,0,0,0,0,0,0,0,0,0,0,0,0,0,0,0,0,0,0,0,0,0,0,0,0,0,0,0,0,0,0,0,0,0,0,0,0,0,0,0,0,0,0.153,0.192,0,0,0,0,0,0,0,0,0,0,0,0,0,0,0,0,0,0,0,0,0,0,0,0,0,0,0,0,0,0,0,0,0,0,0,0,0.449,0,0,0,0,0,0,0,0,0,0,0,0,0,0,0,0,0,0,0,0,0,0,0,0,0,0,0,0,0,0,0,0,0,0,0,0,0,0,0,0.453,0,0,0,0,0,0,0,0,0,0,0,0,0,0,0,0,0,0,0,0,0,0,0,0,0,0,0,0,0,0,0,0,0,0,0,0,0,0,0,0,0,0,0,0,0,0,0,0,0,0,0,0,0,0,0,0,0,0,0,0,0,0,0,0,0,0,0,0,0,0,0,0,0,0,0,0,0,0,0,0,0,0,0,0,0,0,0,0,0,0,0,0,0,0,0,0,0,0,0,0,0,0,0,0,0,0,0,0,0,0,0,0,0,0,0,0.57,0,0,0,0,0,0,0,0,0,0,0,0,0,0,0,0,0,0,0,0,0,0,0,0,0,0,0,0,0.789,0,0,0,0,0,0,0,0.332,0,0.378,0,0,0,0,0,0,0,0,0,0,0.534,0,0,0,0,0,0,0,0,0,0,0,0,0,0,0,0,0,0,0,0,0,0,0,0,0,0,0,0,0,0,0,0,0,0,0,0,0,0,0,0,0,0,0,0,0,0,0,0,0,0,0,0,0,0,0,0,0,0,0,0,0,0,0,0,0,0,0,0,0,0,0,0,0,0,0,0,0,0,0,0,0,0,0,0,0,0,0,0,0,0,0,0,0,0,0,0,0,0,0,0,0,0,0,0,0,0,0,0,0,0,0,0,0,0,0,0,0,0,0,0,0,0,0,0,0,0,0,0,0,0,0,0,0,0,0,0,0,0,0,0,0,0,0.297,0,0,0,0,0,0,0,0,0,0,0,0,0,0,0,0,0,0,0,0,0,0,0,0,0,0,0,0,0,0,0,0.252,0,0,0,0,0,0,0,0,0,0,0,0,0,0,0,0,0,0,0,0,0,0,0,0,0,0,0,0,0,0,0,0,0,0,0,0,0,0,0,0,0,0,0,0,0,0,0,0,0,0,0,0,0,0,0,0,0,0,0,0,0,0,0,0,0,0,0,0,0,0,0,0,0,0,0,0,0.163,0,0,0,0,0,0,0,0,0,0,0,0,0,0,0,0,0,0,0,0,0,0,0,0,0,0,0,0,0,0,0,0,0.185,0,0,0,0,0,0,0,0,0,0,0,0,0,0,0,0,0,0,0,0,0,0,0,0,0,0,0,0,0,0,0,0,0,0,0,0,0,0,0,0,0,0,0,0,0,0,0,0,0,0,0,0,0,0,0,0,0,0,0,0,0,0,0,0,0,0,0,0,0,0,0,0,0,0,0,0,0,0,0,0,0,0,0.573,0,0,0,0,0,0,0.238,0,0,0,0,0,0,0,0,0,0,0,0,0,0,0,0,0,0,0,0,0,0,0,0,0,0,0,0.34,0,0,0,0,0,0,0,0,0,0,0,0,0,0,0,0,0,0,0,0,0,0,0,0,0,0,0,0,0,0,0,0,0,0,0,0,0,0,0,0,0,0,0,0,0,0,0,0,0,0,0,0,0,0,0,0,0,0,0,0,0,0,0,0,0,0,0,0,0,0,0,0,0,0,0,0,0,0,0,0,0,0,0,0,0,0,0,0,0,0,0,0,0,0,0,0,0,0,0,0,0,0,0,0,0,0,0,0,0,0,0,0.758,0,0,0,0,0,0,0,0,0,0,0,0,0,0,0,0,0,0,0,0,0,0,0,0,0,0,0,0,0,0,0,0,0,0,0,0,0,0.32,0,0,0,0,0,0,0,0,0,0,0.246,0,0,0,0,0,0,0,0,0,0,0,0,0.256,0,0,0.241,0,0.397,0,0,0,0,0.61,0,0,0,0.417,0,0,0,0,0,0,0,0,0,0,0,0,0,0,0,0,0,0,0,0,0,0,0,0,0,0,0,0,0,0,0,0,0,0.429,0,0,0,0,0,0,0,0,0,0,0,0,0,0,0,0,0,0,0,0,0,0,0,0,0,0,0,0,0,0,0,0,0,0,0,0,0,0,0,0.394,0.314,0,0,0,0,0,0,0,0,0,0,0,0.282,0,0,0,0,0,0,0,0,0,0,0,0,0,0,0,0,0,0,0,0,0,0,0,0,0,0,0,0,0,0,0.263,0,0.211,0,0,0,0,0,0,0,0,0,0,0,0.414,0,0,0,0,0,0,0,0,0,0,0,0,0,0,0,0,0,0,0,0,0,0,0.291,0,0,0,0,0,0,0,0,0,0,0,0,0,0,0,0,0,0,0,0,0,0,0,0,0,0,0,0,0,0,0,0,0,0,0,0,0,0,0,0,0,0,0,0,0,0,0,0,0,0,0,0,0,0,0,0,0,0,0,0,0,0,0,0,0,0,0,0,0,0,0,0,0,0,0,0,0,0,0,0,0,0,0,0,0,0,0,0,0,0,0,0,0,0,0,0,0,0,0,0,0,0,0,0,0,0,0,0,0,0,0,0,0,0,0,0,0,0,0,0,0,0,0,0,0,0,0,0,0,0,0,0,0,0,0,0,0,0,0,0,0,0,0,0,0,0,0,0,0,0,0,0,0,0,0,0,0,0,0,0,0,0,0,0,0,0,0,0,0,0,0,0,0,0,0,0,0,0,0,0,0,0,0,0,0,0,0,0,0,0,0,0,0,0,0,0,0,0,0,0,0,0,0,0,0,0,0,0,0,0,0,0,0,0,0,0,0,0,0,0,0,0,0,0,0,0,0,0,0,0,0,0,0,0,0,0,0,0,0,0,0,0,0,0,0,0,0,0,0,0,0,0,0,0,0,0,0,0,0,0,0,0,0,0,0,0,0,0,0,0,0,0,0,0,0,0,0,0,0,0,0,0,0,0,0,0,0,0,0,0,0,0,0,0,0,0,0,0,0,0,0,0,0,0,0,0,0,0,0,0,0,0,0,0,0,0,0,0,0,0,0,0,0,0,0,0,0,0,0,0,0,0,0,0,0,0,0,0,0,0,0,0,0,0,0,0,0,0,0,0,0,0,0,0,0,0,0,0,0,0,0,0,0,0,0,0,0,0,0,0,0,0.162,0,0,0,0,0,0,0,0,0,0.309,0,0,0,0,0,0,0.187,0,0,0,0,0,0,0,0,0,0,0,0,0.181,0,0.817,0,0.151,0,0,0,0,0,0.185,0,0.254,0,0,0,0,0,0,0,0,0,0,0,0,0,0,0,0,0,0,0,0,0,0,0,0,0,0,0,0,0,0,0,0,0,0,0,0,0,0,0,0,0,0,0,0,0,0,0,0,0,0,0,0,0,0,0,0,0,0,0,0,0,0,0,0,0,0,0,0,0,0,0,0,0.242,0,0,0,0,0,0,0,0,0,0,0,0,0,0,0,0,0,0,0,0,0,0,0,0,0,0,0,0,0,0,0,0,0,0,0,0,0,0,0,0,0,0,0,0,0,0,0,0,0,0,0,0,0,0,0,0,0,0,0,0,0,0,0,0,0,0,0,0,0,0,0,0,0,0,0,0,0,0,0,0,0,0,0,0,0,0,0,0,0,0,0,0,0,0,0,0,0,0,0,0,0,0,0,0,0,0,0,0,0,0,0,0,0,0,0,0,0,0,0,0,0,0,0,0,0,0,0,0,0,0,0,0,0,0,0,0,0,0,0,0,0,0,0,0,0,0,0,0,0,0,0,0,0,0,0,0,0,0,0,0,0,0,0,0,0,0,0,0,0,0,0,0,0,0,0,0,0,0,0,0,0,0,0,0,0,0,0,0,0,0,0,0,0,0,0,0,0,0,0,0,0,0,0,0,0,0,0,0,0,0,0,0,0,0,0,0,0,0,0,0,0,0,0,0,0,0,0,0,0,0,0,0,0,0,0,0,0,0,0,0,0,0,0,0,0,0,0,0,0,0,0,0,0,0,0,0,0,0,0,0,0,0,0,0,0,0,0,0,0,0,0,0,0,0,0,0,0,0,0,0,0.549,0,0,0,0,0,0,0.683,0,0,0.313,0,0,0.178,0,0,0,0,0,0,0,0,0,0,0,0,0,0,0,0,0,0,0,0,0,0,0,0,0,0,0,0,0,0,0,0,0,0,0,0,0,0,0,0,0,0,0,0,0,0,0,0,0,0,0,0,0,0,0,0,0,0,0,0,0,0,0,0,0,0,0,0,0,0,0,0,0,0,0,0,0,0,0,0
853820,0,0,0,0,0,0,0,0,0,0.207,0,0,0,0,0,0,0,0,0,0,0,0.494,0,0,0,0,0,0,0,0,0,0,0,0.263,0,0,0,0,0,0,0,0,0,0,0,0,0.374,0,0,0,0,0,0,0,0,0.68,0,0,0,0,0,0,0,0,0,0,0,0,0.193,0,0,0,0,0,0,0,0,0,0,0,0,0,0,0,0,0.176,0,0,0,0,0,0,0,0,0,0,0.22,0,0,0,0,0,0,0,0,0,0,0,0,0.39,0,0,0,0,0.161,0,0,0,0,0,0,0,0,0,0,0,0,0,0,0,0,0,0,0,0.309,0.29,0,0,0,0,0,0,0,0,0,0,0,0,0,0,0,0,0,0,0,0,0,0,0.22,0,0,0,0,0,0,0,0,0,0,0,0,0,0,0,0.243,0,0,0,0,0,0,0,0,0,0,0,0,0,0,0,0,0,0,0,0,0,0.546,0,0,0,0,0,0,0,0,0,0,0,0,0,0,0,0,0,0,0,0,0,0,0,0,0,0,0,0,0,0,0,0,0,0,0,0,0,0,0,0,0,0,0.151,0,0,0,0,0,0,0,0,0,0,0,0,0,0,0,0,0,0,0,0,0,0,0,0,0,0,0,0,0.258,0,0,0,0,0,0,0,0,0,0,0,0,0,0,0,0,0,0,0,0,0,0,0,0,0,0,0,0,0,0,0,0,0,0,0,0,0,0,0,0,0,0,0,0,0,0,0,0,0,0,0,0,0,0,0,0,0,0,0,0,0,0.229,0,0,0,0,0,0,0,0,0,0,0,0,0,0,0,0,0,0,0,0,0,0,0,0,0.411,0,0,0,0,0,0,0,0,0,0,0,0,0,0,0,0,0.156,0,0,0,0,0,0,0,0,0,0,0,0,0,0,0,0,0,0,0,0,0,0,0,0,0,0,0,0,0,0,0,0,0,0,0,0,0,0,0,0,0,0,0,0,0,0,0,0,0,0,0,0,0,0,0,0,0,0,0,0,0.36,0,0,0,0,0,0,0,0,0,0,0,0,0,0,0,0,0,0,0.399,0,0,0,0,0,0,0,0,0,0,0,0,0,0,0,0,0,0,0,0,0,0,0,0,0,0,0,0,0,0,0,0,0,0,0,0,0,0,0,0,0,0,0,0,0,0,0,0,0,0,0,0,0,0,0,0,0,0,0,0,0,0,0,0,0,0,0,0,0,0,0,0,0,0,0,0,0,0,0,0.396,0,0,0,0,0,0,0,0,0,0,0,0,0,0,0,0,0,0,0,0,0,0,0,0,0,0,0,0,0,0,0,0,0,0,0,0,0,0,0,0,0,0,0,0,0,0,0,0,0,0,0,0,0,0,0,0,0,0,0,0,0,0,0,0,0,0,0,0,0,0,0,0,0,0,0,0,0,0,0,0,0,0,0,0,0,0,0,0,0,0,0,0,0,0,0.25,0,0,0,0,0,0,0,0,0,0,0,0,0,0,0,0,0,0,0,0,0,0,0,0,0,0,0,0,0,0,0,0,0,0,0,0,0.159,0,0,0,0,0,0,0,0,0,0,0,0,0,0,0,0,0,0,0,0,0,0,0,0,0,0,0,0.231,0,0,0,0,0,0,0,0,0,0,0,0,0,0,0,0,0,0,0,0,0,0,0,0,0,0,0,0,0,0,0,0,0,0,0,0,0,0,0,0,0,0,0,0,0,0,0,0,0,0,0,0,0,0,0,0,0,0,0.545,0,0,0,0,0,0,0,0,0,0,0,0,0,0,0,0,0,0,0,0,0,0,0,0,0,0,0,0,0,0,0,0,0,0,0,0,0,0,0,0,0,0,0,0,0,0,0,0,0,0,0,0,0,0,0,0,0,0,0,0,0,0,0,0,0,0,0,0,0,0,0,0,0,0,0,0,0,0,0,0,0,0,0,0,0,0,0,0,0,0,0,0,0,0,0,0,0,0,0,0,0,0,0,0,0,0,0,0,0,0,0,0,0,0,0,0,0,0,0,0,0,0,0,0,0,0,0,0,0,0,0,0,0,0,0,0,0,0,0,0,0,0,0,0,0,0,0,0,0,0,0,0,0,0,0,0,0,0,0,0,0,0,0,0,0,0,0,0,0,0,0,0,0,0,0,0,0,0,0,0,0,0,0,0,0,0,0,0,0,0,0,0,0,0,0,0,0,0,0,0,0,0,0,0,0,0,0,0,0,0,0,0,0,0,0,0,0,0,0,0,0,0,0,0,0,0,0.213,0,0,0,0,0,0,0,0,0,0,0,0,0,0,0,0.394,0,0,0,0,0,0.371,0,0,0,0,0,0,0,0,0,0,0,0.165,0,0,0,0,0,0,0,0,0.512,0,0,0,0,0,0,0,0,0,0,0,0,0,0,0,0,0,0,0,0,0,0,0,0,0,0,0,0,0,0,0,0,0,0,0,0,0,0,0,0,0,0,0,0,0,0,0,0,0,0,0,0,0,0,0,0,0,0,0,0,0,0,0,0,0,0.167,0,0,0,0,0,0,0,0,0,0,0,0,0,0,0,0,0,0,0,0,0,0,0,0,0,0,0,0,0,0,0,0,0,0,0,0,0,0,0,0,0,0,0,0,0,0,0,0,0,0,0,0,0,0,0,0,0,0,0,0,0,0,0,0,0,0,0,0,0,0,0,0,0,0,0,0,0,0,0,0,0,0,0,0,0,0,0,0,0,0,0,0,0,0,0,0,0,0,0,0,0,0,0,0,0,0,0,0,0,0,0,0,0,0,0,0,0,0,0,0,0,0,0,0,0,0,0,0,0,0,0,0,0,0,0.161,0,0,0,0,0,0,0,0,0,0,0,0,0,0,0,0,0,0,0,0,0,0.318,0,0,0,0,0,0,0,0,0,0,0,0,0,0,0,0,0,0,0,0,0,0,0,0,0,0,0,0,0,0,0,0,0,0,0,0,0,0,0,0,0,0,0,0,0,0,0,0,0,0,0,0,0,0,0,0,0,0.155,0,0,0,0,0,0,0,0,0,0,0,0,0,0,0,0,0,0,0.452,0,0,0,0,0,0,0,0,0,0,0,0,0,0.155,0.171,0,0,0,0,0,0,0,0,0,0,0,0,0,0,0,0,0,0,0,0,0,0,0,0,0,0,0,0,0,0,0,0,0,0,0,0,0,0,0,0,0,0,0,0,0,0,0,0,0,0.161,0,0,0,0,0,0,0,0,0,0,0,0,0,0,0,0,0,0,0,0,0,0.229,0,0,0,0,0,0,0,0.232,0,0,0,0,0,0,0,0,0,0,0,0,0,0,0,0,0,0,0,0,0,0,0,0,0,0,0,0,0,0,0,0,0,0,0,0,0.379,0,0,0,0,0,0,0,0,0,0,0,0,0,0,0,0,0,0,0,0,0,0,0,0,0,0,0,0,0,0,0,0,0,0,0,0,0,0,0,0,0,0,0,0,0.24,0,0,0,0,0,0,0,0,0,0,0,0,0,0,0,0,0,0,0,0,0,0,0,0,0,0,0,0,0,0,0,0,0.191,0,0,0,0,0,0,0,0,0,0,0,0,0,0,0,0,0,0,0,0,0,0,0,0.205,0,0,0,0,0,0,0,0,0,0,0,0,0,0,0,0,0,0,0,0,0,0,0,0,0,0,0,0,0,0,0,0,0,0,0,0,0,0,0,0,0,0,0,0,0,0,0,0,0,0,0,0,0,0,0,0,0,0,0.194,0,0,0,0,0,0,0,0,0,0,0,0,0,0,0,0,0,0,0,0,0,0,0,0.194,0,0,0,0,0,0,0,0,0,0,0,0,0,0,0,0,0,0,0.358,0,0,0,0,0,0,0,0,0,0,0,0,0,0,0,0,0,0,0,0,0,0,0,0,0,0,0,0,0,0,0,0,0,0,0,0,0,0,0,0,0,0,0,0,0,0,0,0,0,0,0,0,0,0,0.23,0,0,0,0,0,0,0,0,0,0,0,0,0,0,0,0,0,0,0,0,0,0,0,0,0.315,0,0,0,0,0,0,0,0,0,0,0,0,0,0,0,0,0,0,0,0,0,0,0,0,0,0,0,0,0,0,0,0,0,0,0,0,0,0,0,0,0,0,0,0,0,0.224,0,0,0,0,0,0,0,0,0,0,0,0,0,0,0,0,0,0,0,0,0,0,0,0,0,0,0,0,0,0.17,0,0,0,0,0,0,0,0,0,0,0,0,0,0,0,0,0,0,0,0,0,0,0,0,0,0,0,0,0,0,0,0,0,0,0,0,0,0,0,0,0,0,0,0,0,0,0,0,0,0,0,0,0,0,0,0,0,0,0,0,0,0,0,0,0,0,0,0,0,0,0,0,0,0,0,0,0,0,0,0,0,0,0,0,0,0,0,0,0,0,0,0,0,0,0,0,0.299,0,0,0,0,0,0,0,0,0,0,0,0,0,0,0,0,0.271,0,0,0,0,0,0,0,0,0,0,0,0,0,0,0,0,0,0,0,0,0,0,0,0,0,0,0,0,0,0,0,0,0,0,0,0,0,0,0,0,0,0,0,0,0,0,0,0.15,0,0,0,0,0,0,0,0,0,0,0,0,0,0,0,0,0,0,0,0,0,0,0,0,0,0,0,0,0,0,0,0,0,0,0,0,0,0,0,0,0,0,0,0,0,0,0,0,0,0,0,0,0,0,0,0,0,0,0,0,0,0,0,0,0,0,0,0,0,0,0,0,0,0,0,0,0,0,0,0,0,0,0,0,0,0,0,0,0,0,0,0,0,0,0,0,0,0,0,0,0,0,0,0,0,0,0,0,0,0,0,0,0,0,0,0,0,0,0,0,0,0,0,0,0,0,0,0,0,0,0,0,0,0,0,0,0,0,0,0,0,0.523,0,0,0,0,0,0,0,0,0,0,0,0,0,0,0,0,0.353,0,0,0,0,0,0,0,0,0,0,0,0,0.267,0,0,0,0,0,0,0,0,0,0,0,0,0,0,0,0,0.284,0,0,0,0,0,0,0.215,0,0,0.446,0,0,0,0,0,0,0,0.698,0,0,0,0,0,0,0,0,0,0,0,0,0,0,0,0.571,0,0,0,0,0,0,0,0,0,0,0,0,0,0,0.313,0,0.362,0,0.267,0,0,0,0,0,0,0,0,0.26,0,0,0,0,0,0,0,0,0,0,0,0,0,0,0,0,0,0,0,0,0,0,0,0,0,0,0,0,0,0,0,0,0,0,0,0,0,0,0,0,0,0,0,0,0,0,0,0,0,0,0,0,0,0.219,0,0,0,0,0,0,0,0,0,0,0,0,0,0,0,0,0,0,0,0,0,0,0,0,0,0,0,0,0,0,0,0,0,0,0.431,0,0,0,0.256,0,0,0,0,0,0,0,0,0,0,0,0,0,0.507,0,0,0,0,0,0,0,0,0,0,0,0,0,0,0,0,0,0,0,0,0,0,0,0,0,0,0,0,0,0,0,0,0,0,0,0,0,0,0,0,0,0,0,0,0,0.173,0,0,0,0,0.338,0,0,0,0,0,0,0,0,0,0,0,0,0,0,0,0,0,0.316,0,0,0,0,0,0,0,0,0,0,0,0,0,0,0,0,0,0,0,0,0,0,0,0,0,0,0,0,0,0,0,0,0.515,0,0,0,0,0,0,0,0,0,0.229,0,0,0,0,0,0,0,0,0,0,0.297,0,0,0,0,0,0,0,0,0,0.29,0.276,0,0,0,0,0,0,0,0,0,0,0,0,0,0,0,0,0.156,0,0,0,0,0,0,0,0,0,0.368,0,0,0,0,0,0,0,0,0,0,0,0,0,0,0,0,0,0,0,0,0,0,0,0,0,0,0,0,0,0,0,0,0,0,0,0,0,0,0,0,0,0,0,0,0,0,0,0,0,0,0,0,0,0,0,0,0.421,0,0,0,0,0,0,0,0,0,0,0,0,0,0,0,0,0,0,0,0,0,0,0,0,0,0,0,0,0,0,0,0,0,0,0,0,0,0,0,0,0,0,0,0,0,0,0,0,0,0,0,0,0,0,0,0,0,0,0,0,0,0,0,0,0,0,0,0,0,0,0,0,0,0,0,0,0,0,0,0,0,0,0,0,0,0,0,0,0,0,0,0,0,0,0,0,0,0,0,0,0,0,0,0,0,0,0,0,0,0,0,0,0,0.152,0,0,0,0,0,0,0,0,0,0,0,0,0,0,0,0,0,0,0,0,0,0,0,0,0,0,0,0,0,0,0,0,0,0,0,0,0,0,0,0,0,0,0,0,0,0,0,0,0,0,0,0,0,0,0,0,0,0,0,0,0,0,0,0,0,0,0,0,0,0,0,0,0,0,0,0,0,0,0,0,0,0,0,0,0,0,0,0,0,0,0,0,0,0,0,0,0,0,0,0,0,0,0,0,0,0,0,0,0,0,0,0,0,0,0,0,0,0,0,0,0,0,0,0,0,0,0,0,0,0,0,0,0,0,0,0,0,0,0,0,0,0,0,0,0,0,0,0,0,0,0,0,0,0,0,0,0,0,0,0,0,0,0,0,0,0,0,0,0,0,0,0,0,0,0,0,0,0,0,0,0,0,0,0,0,0,0,0,0,0,0,0,0,0,0,0,0,0,0,0,0,0,0,0,0,0,0,0,0,0,0,0,0,0,0,0,0,0,0,0,0,0,0,0,0,0,0,0,0,0,0,0,0,0,0,0,0,0,0,0,0,0,0,0,0,0,0,0,0,0,0,0,0,0,0,0,0,0,0,0,0,0,0,0,0,0,0,0,0,0,0,0,0,0,0,0,0,0,0,0,0,0,0,0.581,0,0,0,0,0,0,0,0,0,0,0,0,0,0,0,0,0,0,0,0,0,0,0,0,0,0,0,0.309,0,0,0,0,0,0,0,0,0,0,0,0,0,0,0,0,0,0,0,0,0,0,0,0,0,0,0,0,0,0,0,0,0,0,0,0,0,0,0,0,0,0,0,0,0,0,0,0,0,0,0,0,0,0,0,0,0,0,0,0,0,0,0,0,0,0,0,0,0,0,0,0,0,0,0,0.298,0,0,0,0,0,0,0,0,0,0,0,0,0,0,0,0,0,0,0,0,0,0,0,0,0,0,0,0,0,0,0,0,0,0,0,0,0,0,0,0,0,0,0,0,0,0,0,0,0,0,0,0,0,0,0,0,0,0,0,0,0,0,0,0,0,0,0,0,0,0,0,0,0,0,0,0,0,0,0,0,0,0,0,0,0,0,0,0,0,0,0,0,0,0,0,0,0,0,0,0,0,0,0,0,0,0,0,0,0,0,0,0,0,0,0,0,0,0,0,0,0,0,0,0,0,0,0,0,0,0,0,0,0,0,0,0,0,0,0,0,0,0,0,0,0,0,0,0,0,0,0,0,0,0,0,0,0,0,0,0,0,0,0,0,0,0.199,0,0,0,0,0,0,0,0.159,0,0,0,0,0,0,0,0,0,0,0,0.214,0,0,0,0,0,0,0,0,0,0,0,0,0,0,0,0,0,0,0,0,0,0,0,0,0,0,0,0,0,0,0,0,0,0,0,0,0,0,0,0,0,0,0,0,0,0,0,0,0,0,0,0,0,0,0.227,0,0,0,0,0,0,0,0,0,0,0,0,0,0,0.394,0,0,0,0,0,0,0,0,0,0,0,0,0,0,0,0,0,0,0,0,0,0,0,0,0,0,0,0,0,0,0,0,0,0,0,0,0,0,0,0,0,0,0,0,0,0,0,0,0,0,0,0,0,0,0,0,0,0,0,0,0,0,0,0,0,0,0,0,0,0,0,0,0,0.408,0,0,0,0,0,0,0,0,0,0,0,0,0,0,0,0,0,0,0,0,0,0,0,0,0,0,0,0,0,0,0,0,0,0,0,0,0,0,0,0,0,0,0,0,0,0.397,0,0,0,0,0,0,0,0,0,0,0,0,0.25,0,0,0,0,0,0,0,0,0.224,0,0,0,0,0,0,0,0,0,0,0,0,0,0,0,0,0,0,0,0,0.171,0,0,0.362,0,0,0,0,0.196,0,0.258,0,0,0,0,0,0,0,0,0,0,0,0,0,0,0,0,0,0,0,0,0,0,0,0,0,0,0,0,0,0,0,0,0,0,0,0,0,0,0,0,0,0,0,0,0,0,0,0,0,0,0,0,0,0,0,0,0,0,0,0,0,0,0,0,0,0,0,0,0,0,0.22,0,0,0,0,0,0,0,0,0,0,0,0,0,0,0,0,0,0,0,0,0,0,0,0,0,0,0,0,0,0,0,0,0,0,0,0.254,0,0,0,0,0,0,0,0,0,0,0,0.234,0,0,0,0,0,0.22,0,0,0,0,0,0,0,0,0,0,0,0,0,0,0,0,0,0,0,0,0,0,0,0,0,0,0,0,0,0,0,0,0,0,0,0,0,0,0,0,0,0,0,0,0,0,0,0,0,0,0,0,0,0,0,0,0,0,0,0,0,0,0,0,0,0,0,0,0,0,0,0,0,0,0,0,0,0,0,0,0,0,0,0,0,0,0,0,0,0,0,0,0,0,0,0,0,0,0,0,0,0,0,0,0,0,0,0,0,0,0,0,0,0,0,0,0,0,0,0,0,0,0,0,0,0,0,0,0,0,0,0,0,0,0,0,0,0,0,0,0,0,0,0,0,0,0,0,0,0,0.349,0,0,0,0,0,0,0,0.673,0,0,0,0,0,0,0,0,0,0,0,0,0,0,0,0,0,0,0,0,0,0,0,0,0,0,0,0,0,0,0,0,0,0,0,0,0,0,0,0,0,0,0,0,0,0,0,0,0,0,0,0,0,0,0,0,0,0,0,0,0,0,0,0,0,0,0,0,0,0,0,0,0,0,0,0,0,0,0,0,0,0,0,0,0,0,0,0,0,0,0,0,0,0,0,0,0,0,0,0,0,0,0,0,0,0,0,0,0,0,0,0,0,0,0,0,0,0,0,0,0,0,0,0,0,0,0,0,0,0,0,0,0,0,0,0,0,0,0,0,0,0,0,0,0,0,0,0,0,0,0,0,0,0,0,0,0,0,0,0,0,0,0,0.294,0.366,0,0,0,0,0,0,0,0,0,0,0,0,0,0,0,0,0,0,0,0,0,0,0,0,0,0,0,0,0,0,0,0,0,0,0,0,0,0,0,0,0,0,0,0,0,0,0,0,0,0,0,0,0,0,0,0,0,0,0,0,0,0,0,0,0,0,0,0,0,0,0,0,0,0,0,0,0.153,0.174,0,0,0,0,0,0,0,0,0,0,0,0,0,0,0,0,0,0,0,0,0,0,0,0,0,0,0,0,0,0,0,0,0,0,0,0,0,0,0,0,0,0,0,0,0,0,0,0,0,0,0,0,0,0,0,0,0,0,0,0,0,0,0,0,0,0,0,0,0,0,0,0,0,0,0,0,0,0,0,0,0,0,0,0,0,0,0,0,0,0,0,0,0,0.193,0,0.171,0.169,0.389,0,0,0,0,0,0.55,0,0,0,0,0,0,0,0,0,0,0,0,0,0,0,0,0,0,0,0,0,0,0,0,0,0,0,0,0,0,0,0,0,0,0,0,0,0.262,0,0,0,0.351,0,0,0,0,0,0,0,0,0,0,0,0,0,0,0.279,0,0,0,0,0,0,0,0,0,0,0,0,0,0,0,0,0,0,0,0,0,0,0,0,0,0,0,0,0,0,0,0,0.307,0,0,0,0,0,0,0,0,0,0,0,0,0,0,0,0,0,0,0,0,0,0,0,0,0,0,0,0,0,0,0,0,0,0,0,0,0,0,0,0,0,0,0,0,0,0,0,0,0,0,0.372,0,0,0,0,0,0,0,0,0,0,0,0,0,0,0,0,0,0,0,0
851524,0,0,0,0,0,0,0,0,0,0,0.398,0,0,0,0,0,0,0,0.555,0,0,0,0,0,0,0,0,0,0,0,0,0,0,0,0,0,0,0,0,0,0,0,0,0,0,0,0,0,0,0,0,0,0,0,0,0,0,0,0,0,0,0,0,0,0,0,0,0,0,0,0,0,0,0,0,0,0,0,0,0,0,0,0,0,0,0,0,0,0,0,0,0,0.26,0,0,0,0,0,0,0,0,0,0,0,0,0,0,0,0,0,0,0,0,0,0,0,0,0,0,0,0,0,0,0,0,0,0,0,0,0,0,0,0,0,0,0,0,0,0,0,0,0,0,0,0,0,0,0,0,0,0,0.997,0,0,0,0,0,0,0,0,0,0,0,0,0,0,0,0,0,0,0,0,0,0,0,0.68,0,0,0,0,0,0,0,0,0,0,0,0,0,0,0,0,0,0.195,0,0,0,0,0,0,0,0,0,0,0,0,0,0,0,0,0,0,0,0,0,0,0,0,0,0,0,0,0,0,0,0,0,0,0,0,0,0,0,0,0,0,0,0,0,0,0,0,0,0,0,0,0,0,0,0,0,0,0,0,0,0,0,0,0,0,0,0,0,0,0,0,0,0,0,0,0,0,0,0,0,0,0,0,0,0,0,0,0,0,0,0,0,0,0,0,0,0,0,0,0,0,0,0,0,0,0,0,0,0,0,0,0,0,0,0,0,0,0,0,0,0,0,0,0,0,0,0,0,0,0,0,0,0,0,0,0,0,0,0,0,0,0,0,0,0,0,0,0,0,0,0,0,0,0,0,0,0,0,0,0,0,0,0,0,0,0,0,0,0,0,0,0,0,0,0,0,0,0,0,0,0,0,0,0,0,0,0,0,0,0,0,0,0,0,0,0,0,0,0,0,0,0,0,0,0,0,0,0,0,0,0,0,0,0,0,0,0,0,0,0,0,0,0,0,0,0,0,0,0,0,0,0,0,0,0,0,0,0,0,0,0,0,0,0,0,0,0,0,0,0,0,0,0,0,0,0,0,0,0.169,0,0,0,0,0,0,0,0,0,0,0,0,0,0,0,0,0,0,0,0,0,0,0,0,0,0,0,0,0,0,0,0,0,0,0,0,0,0,0,0,0,0,0,0,0,0,0,0,0,0,0,0,0,0,0,0,0,0,0,0,0,0,0,0,0,0,0,0,0,0,0,0,0,0,0,0,0,0,0,0,0,0,0,0,0,0,0,0,0,0,0,0,0,0,0,0,0,0,0,0,0,0,0,0,0,0,0,0,0,0,0,0,0,0,0,0,0,0,0,0,0,0,0,0,0,0,0,0,0,0,0,0,0,0,0,0,0,0,0,0,0,0,0,0,0,0,0,0,0,0,0,0,0,0,0,0,0,0,0,0,0,0,0,0,0,0,0,0,0,0,0,0,0,0,0,0,0,0,0,0,0,0,0,0,0,0,0,0,0,0,0,0,0,0,0,0,0,0,0,0,0,0,0,0,0,0,0,0,0,0,0,0,0,0,0,0,0,0,0,0,0,0,0,0,0,0,0,0,0,0,0,0,0,0,0,0,0,0,0,0,0,0,0,0,0,0,0,0,0,0,0,0,0,0,0,0,0,0,0,0,0,0,0,0,0,0,0,0,0,0,0,0,0,0,0,0,0,0,0,0,0.229,0,0,0,0,0,0,0,0,0,0,0,0,0,0,0,0,0,0,0,0,0,0,0,0,0,0,0,0,0,0,0,0,0,0,0,0,0,0,0,0,0,0,0,0,0,0,0,0,0,0,0,0,0,0,0,0,0,0,0,0,0,0,0,0,0,0,0,0,0,0,0,0,0,0,0,0,0,0,0,0,0,0,0,0,0,0,0,0,0,0,0,0,0,0,0,0,0,0,0,0,0,0,0,0,0,0,0,0,0,0,0,0,0,0,0,0,0,0,0,0,0,0,0,0,0,0,0,0,0,0,0,0,0,0,0,0,0,0,0,0,0,0,0,0,0,0,0,0,0,0,0,0,0,0,0,0,0,0,0,0,0,0,0,0,0,0,0,0,0,0,0,0,0,0,0,0,0,0,0,0,0,0,0,0,0,0,0,0,0,0,0,0,0,0,0,0,0,0,0,0,0,0,0,0,0,0,0,0,0,0,0,0,0,0,0,0,0,0,0,0,0,0,0,0,0,0,0,0,0,0,0,0,0,0,0,0,0,0,0,0,0,0,0,0,0,0,0,0,0,0,0,0,0,0,0,0,0,0,0,0,0,0,0,0,0,0,0,0,0,0,0,0,0,0,0,0,0,0,0,0,0,0,0,0,0,0,0,0,0,0,0,0,0,0,0,0,0,0,0,0,0,0,0,0,0,0,0,0,0,0,0,0,0,0,0,0,0,0,0,0,0,0,0,0,0,0,0,0,0,0,0,0,0,0,0,0,0,0,0,0,0,0,0,0,0,0,0,0,0,0,0,0,0,0,0,0,0,0,0,0,0,0,0,0,0,0,0,0,0,0,0,0,0,0,0,0,0,0,0,0,0,0,0,0,0,0,0,0,0,0,0,0,0,0,0,0,0,0,0,0,0,0,0,0,0,0,0,0,0,0,0,0,0,0,0,0,0,0,0,0,0,0,0,0,0,0,0,0,0,0,0,0,0,0,0,0,0,0,0,0,0,0,0,0,0,0,0,0,0,0,0,0,0,0,0,0,0.238,0,0,0,0,0,0,0,0,0,0,0,0,0,0.313,0,0,0,0,0,0,0,0,0,0,0,0,0,0,0,0,0,0,0,0,0,0,0,0,0,0,0,0,0,0,0,0,0,0,0,0,0,0,0,0,0,0,0,0,0,0,0,0,0,0.187,0,0,0,0,0,0,0,0,0,0,0,0,0,0,0,0,0,0,0,0,0,0,0,0,0,0,0,0,0,0,0,0,0,0,0,0,0,0,0,0,0,0,0,0,0,0,0,0,0,0,0,0,0,0,0,0,0,0,0,0,0,0,0,0,0,0,0,0,0,0,0,0,0,0,0,0,0,0,0,0,0,0,0,0,0,0,0,0,0,0,0,0,0,0,0,0,0,0,0,0,0,0,0,0,0,0,0,0,0,0,0,0,0,0,0,0,0,0,0,0,0,0,0,0,0,0,0,0,0,0,0,0,0,0,0,0,0,0,0,0,0,0,0,0,0,0,0,0,0,0,0,0,0,0,0,0,0,0,0,0,0,0,0.22,0,0,0,0,0,0,0,0,0,0,0,0,0,0,0,0,0,0,0,0,0,0,0,0,0,0,0,0,0,0,0,0,0,0,0,0,0,0,0,0,0,0,0,0,0,0,0,0,0,0,0,0,0,0,0,0,0,0,0,0,0,0,0,0,0,0,0,0,0,0,0,0,0,0,0,0,0,0,0,0.195,0,0,0,0,0,0,0,0,0,0,0,0,0,0,0,0,0,0,0,0,0,0,0,0,0,0,0,0,0,0,0,0,0,0,0,0,0,0,0,0,0,0,0,0,0,0,0,0,0,0,0,0,0,0,0,0,0,0,0,0,0,0,0,0,0,0,0,0,0,0,0,0,0,0,0,0,0,0,0,0,0,0,0,0,0,0,0,0,0,0,0,0,0,0,0,0,0,0,0,0,0,0,0,0,0,0,0,0,0,0,0,0,0,0.347,0,0,0,0,0,0,0,0,0,0,0,0,0,0,0,0,0,0,0,0,0,0,0,0,0,0,0,0,0,0,0,0,0,0,0,0,0,0,0,0,0,0,0,0,0,0,0,0,0,0,0,0,0,0,0,0,0,0,0,0,0,0,0,0,0,0,0,0,0,0,0,0,0,0,0,0,0,0,0,0,0,0,0,0,0,0,0,0,0,0,0,0,0,0,0,0,0,0,0,0,0,0,0,0,0,0,0,0,0,0,0,0,0,0,0,0,0,0,0,0,0,0,0,0,0,0,0,0,0,0,0,0,0,0,0,0,0,0,0,0,0,0,0,0,0,0,0,0,0,0,0,0,0,0,0,0,0,0,0,0,0,0,0,0,0,0,0,0,0,0,0,0,0,0,0,0,0,0,0,0,0,0,0,0,0,0,0,0,0,0,0,0,0,0,0,0,0,0,0,0,0,0,0,0,0,0,0,0,0,0,0,0,0,0,0,0,0,0,0,0,0,0,0,0,0,0,0,0,0,0,0,0,0,0,0,0,0,0,0,0,0,0,0,0,0,0,0,0,0,0,0,0,0,0,0,0,0,0,0,0,0,0,0,0,0,0,0,0,0,0,0,0,0,0,0,0,0,0,0,0,0,0,0,0,0,0,0,0,0,0,0,0,0,0,0,0,0,0,0,0,0,0,0,0,0,0,0,0,0,0,0,0,0,0,0,0,0.196,0,0,0,0,0,0,0,0,0,0,0,0,0,0,0,0,0,0,0.195,0,0,0,0,0,0,0,0,0,0,0,0,0,0,0,0,0,0,0,0,0,0,0,0,0,0,0,0,0,0,0,0,0,0,0,0,0,0,0,0,0,0,0,0,0,0,0,0,0,0,0,0,0,0,0,0,0,0,0,0,0,0,0,0,0,0,0,0,0,0,0,0,0,0,0,0,0,0,0,0,0,0,0,0,0,0,0,0,0,0,0,0,0,0,0,0,0,0,0,0,0,0,0,0,0,0,0,0,0,0,0,0,0,0,0,0,0,0,0,0,0,0,0,0,0,0,0,0,0,0,0.169,0,0,0,0,0,0,0,0,0,0,0,0,0,0,0,0,0,0,0,0,0,0,0,0,0,0,0,0,0,0,0,0,0,0,0,0,0,0,0,0,0,0,0,0,0,0,0,0,0,0,0,0,0,0,0,0,0,0,0,0,0,0,0,0,0,0,0,0,0,0,0,0,0,0,0,0,0,0,0,0,0,0,0,0,0,0,0,0,0.187,0,0,0,0,0,0,0,0,0,0,0,0,0,0,0,0,0,0,0,0,0,0,0,0,0,0,0,0,0,0,0,0,0,0,0,0,0,0,0,0,0,0,0,0,0,0,0,0,0,0,0,0.182,0,0,0,0,0,0,0,0,0,0,0,0,0,0,0,0,0,0,0,0,0,0,0,0,0,0,0,0,0,0,0,0,0,0,0,0,0,0,0,0,0,0,0,0,0,0,0,0,0,0,0,0,0,0,0,0,0,0,0,0,0.53,0,0.483,0,0,0,0,0,0,0,0,0,0,0,0,0,0,0,0,0,0,0,0,0,0,0,0,0,0,0,0,0,0,0,0,0,0,0,0,0,0,0,0,0,0,0,0,0,0,0,0,0,0,0,0,0,0,0,0,0,0,0,0,0,0,0,0,0,0,0,0,0,0,0,0,0,0,0,0,0,0,0,0,0,0,0,0,0,0,0,0,0,0,0,0,0,0,0,0,0,0,0,0,0,0,0,0,0,0,0,0,0,0,0,0,0,0,0,0,0,0,0,0,0,0,0,0,0,0,0,0,0,0,0,0,0,0,0,0,0,0,0,0,0,0,0,0,0,0,0,0,0,0,0,0,0,0,0,0,0,0,0,0,0,0,0,0,0,0,0,0,0,0,0,0,0,0,0,0,0,0,0,0,0,0,0,0,0,0,0,0,0,0,0,0,0,0,0,0,0,0,0,0,0,0,0,0,0,0,0,0,0,0,0,0,0,0,0,0,0,0,0,0,0,0,0,0,0,0,0,0,0,0,0,0,0,0.194,0,0,0,0,0,0,0,0,0,0,0,0,0,0,0,0,0,0,0,0,0,0,0,0,0,0,0,0,0,0,0,0,0,0,0,0,0,0,0,0,0,0,0,0,0,0,0,0,0,0,0,0,0,0,0,0,0,0,0,0,0,0,0,0,0,0,0,0,0,0,0,0,0,0,0,0,0,0,0,0,0,0,0,0,0,0,0,0,0,0,0,0,0,0,0,0,0,0,0,0,0,0,0,0,0,0,0,0,0,0,0,0,0,0,0,0.247,0,0,0,0,0,0,0,0,0,0,0,0,0,0,0,0,0,0,0,0,0,0,0,0,0,0,0,0,0,0,0,0,0,0,0,0,0,0,0,0,0,0,0,0,0,0,0,0,0,0,0,0,0,0,0,0,0,0,0,0,0,0,0,0,0,0,0,0,0,0,0,0,0,0,0,0,0.158,0,0,0,0,0,0,0,0,0,0,0,0,0,0,0,0,0,0,0,0,0,0,0,0,0,0,0,0,0,0,0,0,0,0,0,0,0,0,0,0,0,0,0,0,0,0,0,0,0,0,0,0,0,0,0,0,0,0,0,0,0,0,0,0,0,0,0,0,0,0,0,0,0,0,0,0,0,0,0,0,0,0,0,0,0,0,0,0,0,0,0,0,0,0,0,0,0,0,0,0,0,0,0,0,0,0,0,0,0,0,0,0,0,0,0,0,0,0,0,0,0,0,0,0,0,0,0,0,0,0,0,0,0,0,0,0,0,0,0,0,0,0,0,0,0,0,0,0,0,0,0,0,0,0,0,0,0,0,0,0,0,0,0,0,0,0,0,0,0,0,0,0,0,0,0,0,0,0,0,0,0,0,0,0,0,0,0,0,0,0,0,0,0,0,0,0,0,0,0,0,0,0,0,0,0,0,0,0,0,0,0,0,0,0,0,0,0,0,0,0,0,0,0,0,0,0,0,0,0,0,0,0,0,0,0,0,0,0,0,0,0,0,0,0,0,0,0,0,0,0,0,0,0,0,0,0,0,0,0,0,0,0,0,0,0,0,0,0,0,0,0,0,0,0,0,0,0,0,0,0,0,0,0,0,0,0,0,0,0,0,0,0,0,0,0,0,0,0,0,0,0,0,0,0,0,0,0,0,0,0,0,0,0,0,0,0,0,0,0,0,0,0,0,0,0,0,0,0,0,0,0,0,0,0,0,0,0,0,0,0,0,0,0,0,0,0,0,0,0,0,0,0,0,0,0,0,0,0,0,0,0,0,0,0,0,0,0,0,0,0,0,0,0.159,0,0,0,0,0,0,0,0,0,0,0,0,0,0,0,0,0,0,0,0,0,0,0,0,0,0,0,0,0,0,0,0,0,0,0,0,0,0,0,0,0,0,0,0,0,0,0,0,0,0,0,0,0,0,0,0,0,0,0,0,0,0,0,0,0,0,0,0,0,0,0,0,0,0,0,0,0,0,0,0,0,0,0,0,0,0,0,0,0,0,0,0,0,0,0,0,0,0,0,0,0,0,0,0,0,0,0,0,0,0,0,0,0,0,0,0,0,0,0,0,0,0,0,0,0,0,0,0,0,0,0,0,0,0,0,0,0,0,0,0,0,0,0,0,0,0,0,0,0,0,0,0,0,0,0,0,0,0,0,0,0,0,0,0,0,0,0,0,0,0,0,0,0,0,0,0,0,0,0,0,0,0,0,0,0,0,0,0,0,0,0,0,0,0,0,0,0,0,0,0,0,0,0,0,0,0,0,0,0,0,0,0,0,0,0,0,0,0,0,0,0,0,0,0,0,0,0,0,0,0,0,0,0,0,0,0,0,0,0,0,0,0,0,0,0,0,0,0,0.309,0.198,0,0,0,0,0,0,0,0,0,0,0,0.309,0,0,0,0,0,0,0,0,0,0,0.272,0,0,0,0,0,0,0,0,0,0,0,0,0,0,0,0,0,0,0,0,0,0,0.219,0,0,0,0,0,0,0,0,0,0,0,0,0,0,0,0,0.229,0,0,0,0.227,0,0,0,0,0,0,0,0,0,0,0,0,0.195,0,0,0,0,0,0,0,0,0,0,0,0,0,0,0,0.241,0,0,0,0,0,0,0,0,0,0,0,0,0,0,0,0,0,0,0,0,0,0.201,0,0,0,0,0,0,0,0,0,0,0,0,0,0,0,0,0,0,0,0,0,0,0,0,0,0,0,0,0,0,0,0,0,0,0,0,0,0,0,0,0,0,0,0,0,0,0,0,0,0,0,0,0,0,0,0,0,0,0,0,0,0,0,0,0,0,0,0,0,0,0,0,0,0,0,0,0,0,0,0,0,0,0,0,0,0,0,0,0,0,0,0,0,0,0,0,0,0,0,0,0,0,0,0,0,0,0,0,0,0,0,0,0,0,0,0,0,0,0,0,0,0,0,0,0,0,0,0,0,0,0,0,0,0,0,0,0,0,0,0,0,0,0,0,0,0,0,0,0,0,0,0,0,0,0,0,0,0,0,0,0,0,0,0,0,0,0,0,0,0,0,0,0,0,0,0,0,0,0,0,0,0,0,0,0,0,0,0,0,0,0,0,0,0,0,0,0,0,0,0,0,0,0,0,0,0,0,0,0,0,0,0,0,0,0,0,0,0,0,0,0,0,0,0,0,0,0,0,0,0,0,0,0,0,0,0,0,0,0,0,0,0,0,0,0,0,0,0,0,0,0,0,0,0,0,0,0,0,0,0,0,0,0,0,0,0,0,0,0,0,0,0,0,0,0,0,0,0,0,0,0,0,0,0,0,0,0,0,0,0,0,0,0,0,0,0,0,0,0.545,0,0,0,0,0,0,0,0,0,0,0,0,0,0,0,0,0,0,0,0,0,0,0,0,0,0,0,0,0,0,0,0,0,0,0,0,0,0,0,0,0,0,0,0,0,0,0,0,0,0,0,0,0,0,0,0,0,0,0,0.167,0,0,0,0,0,0,0,0,0,0,0,0,0,0,0,0,0,0,0,0,0,0,0,0,0,0,0,0,0,0,0,0,0,0,0,0,0,0,0,0,0,0,0,0,0,0,0,0,0,0,0,0,0,0,0,0,0,0,0,0,0,0,0,0,0,0,0,0,0,0,0,0,0,0,0,0,0,0,0,0,0,0,0,0,0,0,0,0,0,0,0,0,0,0,0,0,0,0,0,0,0,0.293,0,0,0,0,0,0,0,0,0,0,0,0,0,0,0,0,0,0,0,0,0,0,0,0,0,0,0,0,0,0,0,0,0,0,0,0,0,0,0,0,0,0,0,0,0,0,0,0,0,0,0,0,0,0,0,0,0,0,0,0,0,0,0,0,0,0,0,0,0,0,0,0,0,0,0,0,0,0,0,0,0,0,0,0,0,0,0,0,0.231,0,0,0,0,0,0,0,0,0,0,0,0,0,0,0,0,0,0,0,0,0,0,0,0,0,0,0,0,0,0,0,0,0,0,0,0.173,0,0,0,0,0,0,0,0,0,0,0,0,0,0,0,0,0,0,0,0,0,0,0,0,0,0,0,0,0,0,0,0,0,0,0,0,0,0,0,0,0,0,0,0,0,0,0,0,0,0,0,0,0,0,0,0,0,0,0,0,0,0,0,0,0.533,0,0,0,0,0,0,0,0,0,0,0,0,0,0,0,0,0,0,0,0,0,0,0,0,0,0,0,0,0,0,0,0,0,0,0,0,0,0,0,0.375,0,0,0,0,0,0,0,0,0.201,0,0,0,0,0,0,0,0,0,0,0,0,0,0,0,0,0,0,0,0,0,0,0,0,0,0,0,0,0,0,0,0,0,0,0,0,0,0,0,0,0,0,0,0,0,0,0,0,0,0,0,0,0,0,0,0,0,0,0,0,0,0,0,0,0,0,0.195,0,0,0,0,0,0,0,0,0,0,0,0,0,0,0,0,0,0,0,0,0,0,0,0,0,0,0,0,0,0,0,0,0,0,0,0,0,0,0,0,0,0,0,0,0.276,0,0,0,0,0,0,0,0.334,0,0,0
850434,0,0,0,0,0,0,0,0,0,0,0,0,0,0,0,0,0,0,0,0,0,0,0,0,0,0,0,0,0,0,0,0,0,0,0,0,0,0,0,0,0,0,0,0,0,0,0,0,0,0,0,0,0,0,0,0,0,0,0,0,0,0,0,0,0,0,0,0,0,0,0,0,0,0,0,0,0,0,0,0,0,0,0,0,0,0,0,0,0,0,0,0,0,0,0,0,0,0,0,0,0,0,0,0,0,0,0,0,0,0,0,0,0,0,0,0,0,0,0,0,0,0,0,0,0,0,0,0,0,0,0,0,0,0,0,0,0,0,0,0,0,0,0,0,0,0,0,0,0,0,0,0,0,0,0,0,0,0,0,0,0,0,0,0,0,0,0,0,0,0,0,0,0,0,0,0,0,0,0,0,0,0,0,0,0,0,0,0,0,0,0.369,0,0,0,0,0,0,0,0,0,0,0,0,0,0,0,0,0,0,0,0,0,0,0,0,0,0.581,0,0,0,0.327,0,0,0,0,0,0,0,0,0,0,0,0,0,0,0,0,0,0,0,0,0,0,0,0,0,0,0,0,0,0,0,0,0,0,0,0,0,0.801,0,0,0,0,0,0,0,0,0,0,0,0.349,0,0,0,0,0,0,0,0,0,0,0,0,0,0,0,0,0,0,0,0,0,0,0,0,0,0,0,0,0,0,0,0,0,0,0,0.186,0.676,0,0.352,0,0,0,0,0,0,0,0,0,0,0,0,0,0,0,0,0,0,0,0,0,0,0.336,0,0.699,0,0,0,0,0,0,0,0,0,0,0,0,0,0,0,0,0,0,0,0,0,0,0,0,0.15,0,0,0,0,0,0,0,0,0,0,0,0,0,0,0,0,0.354,0,0,0,0,0,0,0,0,0,0,0,0,0,0,0,0,0,0,0,0,0,0,0,0.676,0.459,0,0,0,0,0,0,0,0,0,0.363,0,0,0,0,0,0,0,0,0,0,0,0,0,0,0,0,0,0,0,0,0,0,0,0,0,0,0,0,0,0,0,0,0,0,0,0,0,0,0,0,0,0,0,0,0,0,0,0,0,0,0,0,0,0,0,0,0,0,0,0,0,0,0,0,0,0,0.165,0,0,0,0,0,0.284,0,0,0,0,0,0,0,0,0,0,0,0,0,0,0,0,0,0,0.151,0.309,0,0,0,0,0,0,0,0,0,0,0,0,0,0,0,0,0,0,0,0,0,0.937,0,0,0,0,0,0,0,0,0,0,0,0,0,0,0,0,0,0,0,0,0,0,0,0,0,0,0,0,0,0,0,0,0,0,0,0,0,0,0,0,0,0,0,0.174,0,0,0,0,0,0,0,0,0,0,0,0,0,0,0,0,0,0,0,0,0,0,0,0,0,0,0,0,0,0,0,0,0,0,0.218,0,0,0,0,0,0,0.581,0,0,0,0.174,0,0,0,0,0,0,0,0,0,0,0,0,0,0,0,0,0,0.285,0,0,0,0,0,0,0,0,0,0,0,0,0,0,0,0,0,0,0,0,0,0,0,0,0,0,0,0,0,0,0,0,0,0,0,0,0,0,0,0,0,0,0,0,0,0,0,0,0,0,0,0.158,0,0,0,0,0,0,0,0.336,0,0,0,0,0,0,0,0,0,0.984,0,0,0,0,0.22,0,0,0,0,0,0,0,0,0,0,0,0,0,0,0,0,0,0,0,0.164,0.284,0.464,0,0,0,0.288,0,0,0,0,0,0,0,0,0,0,0,0,0,0,0,0,0,0,0,0.204,0,0,0,0,0,0,0,0,0,0,0,0,0,0,0,0,0,0,0,0,0,0,0,0,0,0,0,0,0,0,0,0,0,0,0,0,0,0,0,0,0,0,0,0,0,0,0,0,0,0,0,0,0,0,0.309,0,0,0,0.984,0,0,0,0,0,0,0,0,0,0,0,0.296,0,0,0,0,0,0,0,0,0,0,0.327,0,0,0.997,0,0,0,0,0,0,0,0,0,0,0,0,0,0,0,0,0,0,0,0,0,0,0,0,0,0,0,0,0.333,0,0,0,0,0,0,0,0,0,0,0.293,0,0,0,0,0,0,0,0,0,0,0,0,0,0,0,0,0,0,0,0,0,0,0,0,0,0,0,0,0,0,0,0,0,0,0,0,0,0,0,0,0,0,0,0,0,0,0.352,0,0,0,0,0,0,0,0,0,0,0,0,0,0,0,0,0,0,0,0,0,0,0,0,0,0,0,0,0,0,0,0,0,0,0,0,0,0,0,0,0,0,0,0,0,0,0,0,0,0,0,0,0,0,0,0,0,0,0,0,0,0,0,0,0,0,0,0,0,0,0,0,0,0,0,0,0,0,0,0,0,0,0,0,0,0,0,0,0,0,0,0,0,0,0,0,0,0,0,0,0,0,0,0,0,0,0,0,0,0,0,0,0,0,0,0,0,0,0,0,0,0,0,0,0,0,0,0,0,0,0,0,0,0,0,0,0,0,0,0,0,0,0,0,0,0,0,0,0,0,0.514,0,0,0,0,0,0,0,0,0,0,0,0,0,0,0,0,0,0,0,0,0,0,0,0,0,0,0,0,0,0,0,0,0,0,0,0,0,0,0.841,0,0,0,0,0.195,0,0,0,0,0,0,0,0,0,0,0,0,0,0.32,0,0,0,0,0,0,0,0,0,0,0,0,0,0,0,0,0,0,0,0.32,0,0,0,0,0,0,0,0,0,0,0,0,0,0,0,0,0,0,0,0,0,0,0,0,0,0,0,0,0,0,0,0,0,0,0,0,0,0,0,0,0,0,0,0,0,0,0,0,0,0,0,0,0,0,0,0,0,0,0,0,0,0,0,0,0,0,0,0,0,0,0,0,0,0,0,0,0,0,0,0,0,0,0,0,0,0,0,0.332,0,0,0,0,0,0,0,0,0,0,0,0,0,0,0,0,0,0,0,0,0,0,0,0,0,0,0,0,0,0,0,0,0,0,0,0,0,0,0,0,0,0,0,0,0,0,0,0,0,0,0,0,0,0,0,0,0,0,0,0,0,0,0,0,0,0,0,0,0,0,0,0,0,0,0,0,0,0,0,0,0,0,0,0,0,0,0,0,0,0,0,0,0,0,0,0,0,0,0,0.261,0,0,0,0,0,0,0.514,0,0,0,0,0,0,0,0,0,0,0,0,0,0,0,0,0,0,0,0,0,0,0,0,0,0,0,0,0,0,0,0,0,0,0,0,0,0,0,0,0,0,0,0,0,0,0,0,0,0,0,0,0,0,0,0,0,0,0,0,0,0,0,0,0,0,0,0,0,0,0,0,0,0,0,0,0,0,0,0,0,0,0,0,0,0,0,0,0,0,0,0,0,0,0,0,0,0,0,0,0,0,0,0,0,0,0,0,0,0,0,0,0,0,0,0,0,0,0,0,0,0,0,0,0,0,0,0,0,0,0.223,0,0,0,0,0,0,0,0,0,0,0,0,0,0,0,0,0,0,0,0,0,0,0,0,0,0,0,0,0,0,0,0,0,0,0,0,0,0,0,0,0,0,0,0,0,0,0,0,0,0,0,0,0,0.171,0,0,0,0,0,0,0,0,0,0,0,0.208,0.173,0,0,0,0,0,0,0,0,0,0,0,0,0,0,0.493,0,0,0,0,0,0,0,0,0,0,0,0,0,0,0,0,0,0,0,0,0,0,0,0,0,0,0,0,0,0,0,0,0,0,0,0,0,0,0,0,0,0,0,0,0,0,0,0,0,0,0,0,0,0,0,0,0,0,0,0,0,0,0,0,0.409,0.288,0,0,0,0.991,0,0,0,0,0,0,0,0.571,0,0,0.35,0,0,0,0,0,0,0,0,0,0,0,0,0,0,0,0,0,0,0,0,0,0,0,0,0,0,0.33,0,0,0,0,0,0.358,0,0,0,0,0,0,0,0,0,0,0,0,0,0,0,0,0,0,0,0,0,0,0.782,0,0,0,0,0,0,0,0,0,0,0.654,0,0,0,0,0,0,0,0,0,0,0,0,0,0,0,0,0,0,0,0,0.2,0,0,0,0,0,0,0,0,0,0,0,0,0,0,0,0,0,0,0,0,0,0,0,0,0,0,0,0,0,0,0,0,0,0,0,0,0,0,0.978,0,0,0,0,0,0,0,0,0,0.811,0,0,0,0,0,0,0,0,0,0,0,0.33,0,0,0,0,0,0,0,0,0,0,0,0,0,0,0,0,0,0,0,0,0,0,0,0,0,0,0,0.962,0,0,0,0,0,0,0,0.356,0,0,0,0,0,0,0,0,0,0,0,0,0,0,0,0,0,0,0,0,0,0,0,0,0,0,0,0,0,0.229,0,0,0,0,0,0,0,0,0,0,0,0,0,0,0,0.924,0,0,0,0,0,0,0,0,0,0,0,0,0,0,0,0,0,0,0,0,0,0,0,0,0,0,0,0,0,0,0,0,0,0,0,0,0,0,0,0,0,0,0,0,0,0,0,0,0,0,0,0,0,0,0,0,0,0,0,0,0,0.839,0,0,0,0,0,0,0,0,0,0,0,0,0,0,0,0,0,0,0,0,0,0,0,0,0,0,0,0,0,0,0,0,0,0,0,0,0,0,0,0.296,0,0,0,0,0,0,0.22,0,0,0,0,0,0,0,0,0,0,0,0,0,0,0,0,0,0,0,0,0,0,0,0,0,0,0,0,0,0,0,0.161,0,0,0,0,0,0,0,0,0,0,0,0,0,0,0,0,0,0,0,0,0,0,0,0,0,0,0.817,0,0,0,0,0,0,0,0,0,0,0,0,0,0,0,0,0,0,0,0,0,0,0,0,0,0,0,0,0,0,0,0,0,0,0,0,0,0,0,0,0,0,0,0,0,0,0,0,0,0,0,0,0,0,0,0,0,0,0,0,0,0,0.243,0,0,0,0,0,0,0,0.199,0,0,0,0,0,0,0,0,0,0,0,0,0,0,0,0,0,0,0,0,0,0,0.373,0,0,0,0.155,0,0.312,0,0,0,0,0,0,0,0,0,0,0,0,0,0,0.269,0,0,0,0,0,0,0,0,0,0.331,0,0,0,0,0,0.211,0,0,0,0,0,0,0,0,0,0,0,0,0,0,0,0.312,0,0,0,0,0,0,0,0,0,0,0.341,0,0,0,0,0,0,0,0,0,0,0,0,0,0,0,0,0,0,0,0,0,0,0,0,0,0,0,0,0.324,0,0,0,0,0,0.302,0,0,0,0.993,0,0,0,0,0,0,0,0,0,0,0,0,0,0,0,0,0,0,0,0,0,0,0,0,0,0,0,0,0,0,0,0,0,0,0,0,0,0,0,0,0,0,0,0,0,0,0,0,0,0,0,0,0,0,0,0,0,0,0,0,0,0,0.477,0,0,0,0,0,0,0,0,0,0,0,0.302,0,0,0,0,0,0,0,0,0,0,0,0,0,0,0,0,0,0,0,0,0,0,0,0,0,0,0,0,0,0,0,0,0,0,0,0,0,0,0,0,0,0,0,0,0,0.82,0,0,0,0,0,0,0,0,0,0,0,0,0,0,0,0,0,0,0,0,0,0,0,0,0,0,0,0,0,0,0,0,0,0,0,0,0,0,0,0,0,0,0,0,0,0,0,0,0,0,0,0,0,0,0,0,0,0,0,0,0,0,0,0,0,0.554,0,0,0,0,0,0.53,0,0,0.394,0,0,0,0,0,0.173,0,0,0,0,0,0,0,0,0,0,0,0,0,0,0,0,0,0,0,0,0,0,0,0,0.579,0,0,0,0,0,0,0,0,0,0.932,0,0,0,0,0,0,0,0,0,0,0,0,0,0,0,0,0,0,0,0,0,0,0,0,0,0.351,0,0,0,0.278,0,0,0,0,0,0,0,0,0,0,0,0,0,0,0,0,0,0,0,0,0,0,0,0,0,0,0,0,0,0,0,0,0,0,0,0,0,0,0,0,0,0,0,0,0,0,0,0,0,0,0,0,0,0,0,0,0,0,0,0,0,0,0,0,0,0,0,0,0.285,0,0,0,0,0.239,0,0,0,0,0,0,0,0,0,0,0,0,0,0,0,0,0,0,0,0,0,0,0,0,0,0,0,0,0,0,0,0,0,0,0,0,0,0,0,0,0,0,0,0,0,0.192,0,0,0,0,0,0,0,0,0,0,0,0,0,0,0,0,0,0,0,0,0,0,0,0.371,0,0,0,0,0,0,0,0,0,0,0,0,0,0,0,0,0,0,0,0,0,0,0,0,0,0,0,0,0,0,0,0,0,0,0,0,0,0,0,0,0,0,0,0,0,0,0,0,0,0,0,0,0,0,0,0,0,0,0,0,0,0,0,0.515,0,0,0,0,0,0.96,0,0.98,0.23,0,0,0,0.386,0,0,0,0,0,0,0,0,0,0,0,0,0,0,0,0,0,0,0,0,0.331,0,0,0,0,0.987,0,0,0,0.94,0,0,0,0,0.841,0,0,0,0,0,0,0,0,0,0,0,0,0.88,0,0.228,0,0,0,0,0,0.297,0,0,0.317,0.526,0,0,0.964,0.317,0,0,0,0.821,0,0,0,0.354,0.292,0,0,0,0,0,0,0.317,0,0.974,0.985,0,0,0,0.933,0,0,0,0,0,0,0.939,0,0.698,0,0,0.887,0,0,0.783,0,0,0,0,0,0,0,0.881,0,0.825,0,0.568,0,0,0,0.955,0.96,0,0,0,0,0,0.994,0.94,0,0,0.832,0,0,0,0,0,0,0,0,0.958,0.561,0,0.814,0,0.971,0,0.985,0,0,0,0,0,0,0,0.959,0,0,0,0,0,0,0,0.37,0.216,0.775,0,0,0,0,0,0,0,0,0,0,0,0.174,0,0,0.989,0,0.911,0,0,0,0,0,0,0,0.354,0,0,0,0,0,0,0,0,0,0,0.305,0,0,0.967,0,0,0,0,0,0.956,0.292,0,0,0,0,0.341,0,0.354,0,0,0.216,0,0,0,0,0,0,0,0,0,0,0,0,0,0,0,0,0,0,0,0,0,0,0,0,0,0,0,0,0,0,0,0,0,0,0,0,0,0,0,0,0,0,0,0,0,0,0,0,0,0,0,0,0,0,0,0,0,0,0,0,0,0,0,0,0,0,0,0,0,0,0,0,0,0,0,0,0.782,0,0,0,0,0,0,0,0,0,0,0,0,0,0,0,0,0,0,0,0,0,0,0.514,0,0.308,0,0,0,0,0,0.308,0,0,0,0,0,0,0,0,0,0,0,0,0,0,0,0,0,0,0,0,0.722,0,0,0.458,0,0,0,0,0,0,0,0,0,0.811,0,0,0,0,0,0,0,0,0,0,0,0,0,0,0,0,0,0.409,0,0,0,0,0,0,0,0,0,0,0,0,0,0,0,0,0,0,0,0,0,0.818,0,0,0,0,0,0,0,0,0,0,0,0,0,0,0,0,0,0,0,0,0,0,0,0,0,0,0,0,0,0,0,0,0,0,0.177,0,0,0,0,0,0,0,0,0,0,0,0,0,0,0,0,0,0,0,0,0,0,0,0,0,0,0,0,0,0,0,0.959,0,0,0,0,0,0,0,0.976,0,0,0,0,0,0,0,0,0,0,0,0,0,0,0,0,0,0,0,0,0,0,0,0,0,0,0,0,0,0,0,0,0,0,0,0,0,0,0,0,0,0.285,0,0,0,0,0,0.376,0,0,0,0,0,0,0,0,0,0,0,0,0,0,0,0,0,0,0,0,0,0,0.997,0,0,0,0,0.539,0,0,0,0,0,0,0,0,0,0,0,0,0,0,0,0,0,0,0,0,0,0,0,0,0,0,0,0,0,0,0,0,0,0,0,0,0,0,0,0,0,0,0,0,0,0,0,0,0,0,0,0,0,0,0,0,0,0,0,0,0,0,0,0,0,0,0,0.32,0,0,0,0,0,0,0,0,0,0,0,0,0,0,0,0,0,0,0,0,0,0,0,0,0,0,0,0,0,0,0,0,0,0,0,0,0,0.198,0,0,0,0,0,0,0,0,0,0,0,0,0,0,0,0,0,0,0,0,0.19,0,0,0,0,0,0,0,0,0,0,0,0,0,0,0,0,0,0,0,0,0,0,0,0,0,0,0,0,0,0,0,0,0,0,0,0,0,0,0,0,0,0,0,0,0,0,0,0,0,0,0,0,0,0,0,0,0,0,0,0,0,0,0,0,0,0,0,0,0,0,0,0,0,0,0,0,0,0,0,0,0,0,0,0,0,0,0,0,0,0,0,0.57,0,0,0,0,0,0,0.269,0,0,0,0,0,0,0,0,0,0,0,0,0,0.556,0,0,0,0,0,0,0,0.383,0,0,0,0,0,0,0,0,0,0,0,0,0,0,0,0,0,0,0,0,0,0,0,0,0,0,0,0,0,0,0,0,0,0,0,0,0,0,0,0,0,0,0,0,0,0,0,0,0,0,0,0,0,0,0,0,0.653,0,0,0,0,0,0.962,0,0,0,0,0,0,0,0,0,0,0,0,0,0,0,0,0,0,0,0,0,0,0,0,0,0,0,0,0,0,0,0,0,0,0,0,0,0,0,0,0,0,0,0,0,0,0,0.757,0,0,0,0,0,0,0,0,0,0,0,0,0,0.214,0,0,0,0,0,0,0,0,0,0,0,0,0,0,0,0,0,0,0,0,0,0,0,0,0,0,0,0,0,0,0,0,0,0,0,0,0,0,0,0,0.54,0,0,0.195,0,0,0,0,0,0.816,0,0,0,0,0,0,0,0,0,0,0,0,0,0,0,0,0,0,0,0,0,0,0,0,0,0.821,0,0,0,0,0,0,0,0,0,0,0.936,0,0,0,0,0,0,0,0,0,0,0,0,0.458,0,0,0,0,0.227,0,0,0,0,0,0,0,0,0,0,0,0,0,0,0,0,0,0,0,0,0,0,0,0,0,0,0,0,0,0,0,0,0,0,0,0,0,0,0,0.17,0,0,0,0,0.209,0,0,0,0,0,0,0,0,0,0,0,0.297,0,0,0,0,0,0,0,0,0,0,0,0,0,0,0,0,0,0,0,0,0,0,0,0,0,0,0,0,0,0,0,0,0,0,0.989,0.961,0,0,0,0,0,0,0,0,0,0,0,0,0,0,0,0,0,0,0,0,0,0,0,0,0,0,0,0,0,0,0,0,0,0,0,0,0,0,0,0,0,0,0,0,0,0,0,0,0,0,0,0,0.936,0,0,0,0,0,0,0,0,0,0,0,0,0,0,0,0,0,0,0,0,0,0,0,0,0,0,0,0,0,0,0,0,0,0,0,0,0,0,0,0,0,0,0,0,0,0,0,0,0,0,0,0,0,0,0,0.984,0,0,0,0,0.989,0.973,0,0,0,0,0,0,0,0,0,0,0,0,0,0,0,0,0,0,0,0,0,0,0,0,0,0,0.82,0,0,0,0,0,0,0,0,0,0,0,0,0,0,0,0,0,0,0,0,0,0,0,0,0,0,0,0,0,0,0,0,0,0.8,0,0,0.185,0,0,0,0,0,0,0,0,0,0,0,0,0,0,0,0,0,0,0,0,0,0,0,0,0,0,0,0,0,0,0,0,0,0,0,0,0,0,0,0,0,0,0,0,0,0,0,0,0,0,0,0,0,0,0,0,0,0,0,0,0,0,0.522,0,0,0,0,0,0,0,0,0,0,0,0,0,0.447,0,0,0,0,0,0,0,0,0,0,0,0,0,0,0,0,0,0,0,0,0,0,0,0,0,0,0,0.83,0,0,0,0,0,0,0,0,0,0,0,0,0,0,0,0,0,0,0,0,0,0,0,0,0.452,0,0,0,0,0,0,0,0,0,0,0,0,0,0,0,0.826,0,0,0,0,0.812,0,0,0,0,0,0,0,0,0,0,0,0,0,0,0,0,0,0,0,0,0,0,0,0.971,0,0,0,0.811,0,0,0,0,0,0,0,0,0,0,0,0,0,0.936,0,0,0,0,0,0,0,0,0,0,0,0,0,0,0,0,0,0,0,0,0,0,0,0,0,0,0,0,0,0,0,0,0,0,0,0,0,0,0,0,0,0,0,0,0,0.8,0,0,0,0
854118,0,0,0,0,0,0,0,0,0,0,0,0,0,0,0,0,0,0,0,0,0,0,0,0,0,0,0.193,0,0,0,0,0,0,0,0,0,0,0,0,0,0,0,0,0,0,0,0,0,0,0,0,0.998,0,0,0,0,0,0,0,0,0.158,0,0,0,0,0,0,0,0,0,0.202,0,0,0,0.3,0,0,0,0,0,0,0,0,0,0,0.158,0,0,0,0,0,0,0,0,0,0.999,0,0,0,0,0,0,0,0,0,0,0,0,0,0.153,0,0,0,0,0,0,0,0,0,0,0,0,0.25,0,0,0,0,0.716,0,0,0,0,0,0,0,0,0,0,0.188,0,0.99,0.179,0.358,0,0,0,0,0,0,0,0.161,0,0,0,0,0.9,0,0,0,0,0,0,0,0,0,0,0,0,0,0,0,0,0,0,0,0,0,0,0,0,0,0,0,0,0,0,0,0,0,0,0,0,0,0,0,0.166,0,0,0,0,0,0,0,0.175,0,0,0.999,0,0,0.216,0,0,0,0.22,0,0,0,0,0,0,0.999,0,0,0,0,0,0,0,0,0.257,0,0,0.999,0,0.306,0,0.228,0,0,0,0,0,0,0.169,0.343,0,0,0,0,0,0,0,0,0,0,0,0,0,0,0,0,0,0,0,0.226,0,0,0,0,0,0,0,0,0,0,0.994,0,0,0.316,0,0,0,0.84,0,0,0.179,0,0.938,0,0.463,0,0,0,0,0,0.173,0,0,0,0,0.999,0,0,0,0,0,0,0,0,0.999,0,0,0,0,0.997,0,0,0,0,0,0,0,0,0,0,0.524,0,0,0,0.683,0,0,0,0,0,0,0,0,0,0,0,0,0,0,0,0.171,0,0,0,0,0,0,0,0,0,0.217,0,0,0,0.156,0,0.157,0,0,0,0,0.15,0,0,0,0.238,0.96,0,0,0,0,0.999,0,0,0,0,0,0,0.999,0,0,0,0,0,0,0,0,0,0,0,0,0.999,0,0.193,0,0.156,0,0,0,0.253,0,0,0,0,0.443,0.356,0,0,0,0,0.225,0,0,0,0,0.154,0,0,0,0,0.263,0,0,0.188,0,0.364,0,0,0,0.177,0,0,0.312,0,0,0,0,0,0,0,0.209,0,0,0,0,0.997,0,0.315,0.268,0,0.232,0.15,0.23,0,0.591,0,0,0,0,0,0,0,0,0,0,0,0,0,0.999,0,0,0,0,0,0.255,0,0,0,0,0.311,0,0,0,0,0,0,0.387,0,0,0,0,0,0.905,0,0.194,0,0,0,0,0,0,0,0,0,0,0,0,0,0,0,0,0.999,0,0,0,0,0,0,0,0,0.185,0,0,0,0,0,0.196,0,0,0,0,0,0,0,0,0.161,0,0,0.153,0,0,0.305,0,0.211,0.193,0,0,0,0,0,0,0,0,0,0,0,0,0,0,0,0,0,0,0,0,0,0,0,0,0,0,0.189,0,0,0,0,0,0,0,0.258,0,0,0,0,0,0,0,0,0.168,0,0,0,0.16,0,0.323,0.328,0,0,0.557,0,0,0,0,0,0,0,0,0,0.181,0,0.319,0,0,0,0,0,0,0,0,0.317,0.903,0,0,0,0.217,0,0,0,0.251,0.357,0,0,0,0,0,0,0,0,0,0,0,0,0.156,0,0,0,0,0,0,0,0,0,0,0.168,0,0,0,0,0,0,0,0,0,0,0,0,0,0,0,0,0,0,0,0,0,0,0.175,0,0,0,0,0.215,0.158,0,0,0,0,0,0,0,0,0,0,0,0,0,0,0,0,0,0,0.193,0.314,0,0.183,0,0,0,0,0,0,0,0.265,0.999,0,0,0,0,0,0,0.204,0,0,0,0.998,0,0,0,0.171,0,0.342,0,0,0,0,0,0.186,0,0,0,0,0,0,0,0,0.999,0,0.48,0,0,0,0,0,0,0,0,0,0,0,0,0,0,0,0,0,0,0,0,0,0,0,0.151,0,0,0,0.158,0,0,0.399,0,0,0,0,0,0,0,0,0,0,0,0,0,0,0,0,0,0,0,0,0,0,0,0,0,0,0,0,0,0,0.543,0,0,0,0,0,0,0,0,0,0,0,0,0,0,0,0,0,0,0,0,0,0,0.999,0,0.258,0,0,0,0,0,0,0,0,0,0,0,0,0,0.155,0,0,0,0,0,0,0,0,0,0,0,0,0.151,0.996,0,0,0,0,0,0,0,0,0,0,0,0,0,0,0.999,0,0,0,0,0,0,0,0,0,0,0,0,0,0,0.175,0.218,0,0,0,0,0,0,0,0,0,0,0.902,0,0.996,0,0,0,0,0.203,0,0.152,0,0.999,0,0,0.157,0,0.444,0,0.999,0,0.293,0,0.999,0,0.202,0,0,0,0,0,0,0,0,0,0.16,0,0,0,0,0.923,0,0.919,0.999,0,0,0,0,0,0,0,0.582,0,0,0,0,0.155,0.653,0,0,0,0.176,0,0.999,0,0,0,0,0,0,0,0,0,0,0,0,0,0,0,0,0,0,0,0.314,0,0,0,0,0,0,0,0,0,0,0,0,0,0,0,0,0,0,0,0,0,0,0,0,0,0,0,0,0,0,0,0,0,0,0,0,0,0,0,0,0,0,0,0.998,0,0,0.233,0,0,0,0,0,0,0.999,0,0,0,0,0,0,0,0,0,0,0,0.158,0.901,0,0,0,0,0,0,0,0,0,0,0,0,0,0,0,0,0,0,0,0,0,0,0,0,0,0,0,0,0,0,0,0,0,0,0,0,0,0,0,0,0,0,0,0,0,0,0,0,0,0.999,0,0,0,0,0,0,0,0,0.898,0,0,0,0,0,0,0,0,0,0,0,0,0,0,0,0,0,0,0.999,0,0,0,0,0,0,0,0,0,0,0.999,0,0,0,0.214,0,0,0,0,0.999,0.305,0.22,0,0,0,0,0,0,0,0.166,0,0,0,0,0,0,0,0,0,0.398,0,0,0,0,0,0,0,0,0,0,0,0,0,0,0,0,0.999,0,0,0,0,0,0,0,0,0,0,0,0,0,0,0,0.999,0.253,0,0.551,0,0,0,0,0,0.414,0,0.768,0.228,0,0,0,0,0,0,0,0,0,0,0,0,0,0,0,0,0,0,0,0,0,0,0,0,0,0,0,0.999,0,0,0,0,0,0.446,0,0,0,0,0,0,0,0,0,0,0,0,0,0,0,0,0,0,0.444,0,0,0,0,0,0,0.999,0,0.999,0,0,0,0,0,0,0,0,0,0,0,0,0,0,0,0,0,0,0,0,0,0,0,0,0,0,0,0,0,0.211,0,0,0,0.258,0,0,0,0.249,0,0,0,0,0,0,0,0,0,0,0,0,0.319,0,0,0,0,0,0.314,0,0,0,0,0,0,0,0,0,0,0,0,0,0,0,0,0,0,0,0,0,0,0,0,0,0,0,0.999,0,0,0,0,0,0,0,0,0,0,0,0,0,0.33,0,0,0,0,0,0,0,0,0,0,0,0,0.181,0,0,0,0,0.286,0,0,0,0,0,0,0,0,0,0,0.305,0,0,0,0,0,0,0,0.481,0,0,0,0,0,0,0,0,0,0,0,0,0,0,0,0,0,0,0,0,0,0,0,0,0,0,0,0,0,0,0,0,0,0,0,0,0,0,0,0,0,0,0,0,0,0,0,0,0.183,0,0,0.999,0,0,0,0,0,0,0,0,0,0,0,0,0,0,0,0,0,0,0,0,0,0,0,0,0,0,0,0,0,0.204,0,0,0,0,0,0,0,0.275,0,0,0,0,0,0,0,0,0,0,0,0,0,0,0,0,0,0,0,0,0,0.319,0,0,0,0,0,0,0,0,0,0,0,0,0,0,0,0,0,0,0,0,0,0,0,0,0,0,0,0,0,0,0,0,0.343,0,0,0,0.36,0,0,0,0,0,0,0,0,0,0,0,0,0,0,0,0,0,0,0,0,0,0,0,0,0,0,0,0,0,0,0,0,0,0,0,0,0,0.179,0,0,0,0,0,0,0,0,0,0,0,0,0,0.253,0,0,0,0,0,0.999,0,0,0,0,0,0,0,0.173,0,0.401,0.194,0.171,0.906,0,0,0,0,0,0,0,0,0,0,0,0,0,0,0,0,0,0,0,0,0,0,0,0.262,0,0.501,0,0,0.998,0.175,0,0,0.999,0,0.316,0,0,0,0,0,0,0,0,0.999,0,0,0,0,0,0,0,0,0,0,0,0.169,0,0,0,0,0,0,0,0,0,0.183,0,0,0.25,0.185,0.999,0,0,0,0,0,0,0,0,0,0,0,0,0,0,0.414,0,0,0.258,0,0,0.365,0,0,0,0,0,0,0,0,0,0,0.999,0,0.171,0,0,0.328,0,0,0,0,0.999,0,0,0,0,0,0,0,0,0.391,0,0,0.168,0,0,0,0,0,0,0,0,0,0,0,0,0,0,0.999,0,0,0.48,0,0,0.298,0,0,0,0,0,0,0.574,0,0.999,0,0,0,0,0,0,0,0,0,0.256,0,0,0,0,0,0,0,0.162,0,0,0.17,0,0.209,0.904,0,0,0,0,0,0.901,0,0,0,0,0,0,0,0,0,0,0,0,0,0,0,0,0,0,0.195,0,0,0,0.306,0,0,0.343,0,0,0.161,0,0,0,0,0,0,0,0,0,0,0,0,0,0,0,0,0,0,0,0,0,0,0,0,0,0,0,0,0,0.896,0,0,0,0,0,0,0,0,0,0,0,0,0,0,0,0,0,0,0,0.999,0.193,0,0,0,0,0,0,0,0,0,0,0,0,0,0,0,0,0,0,0,0.212,0,0,0,0,0,0,0,0,0,0,0,0,0,0,0,0,0,0,0,0,0,0,0,0,0,0.192,0.191,0,0.908,0,0,0,0.395,0,0,0,0,0,0,0,0,0,0,0,0,0,0.314,0,0,0,0,0.48,0,0,0,0,0,0,0,0,0,0,0,0,0,0,0.444,0,0,0,0,0,0,0,0,0,0,0,0,0,0,0,0,0.171,0,0,0,0,0,0,0,0,0,0,0,0,0,0,0,0,0,0,0,0,0,0,0,0,0.179,0,0.233,0,0,0,0,0,0,0,0,0,0,0,0,0,0,0,0,0,0,0,0,0,0,0,0,0,0,0,0,0,0,0,0,0,0,0,0,0,0,0.563,0,0,0.997,0,0,0,0,0,0,0,0,0,0,0,0,0,0.191,0,0,0,0,0,0,0.208,0,0,0,0,0,0,0,0,0.254,0,0,0,0,0,0,0,0,0.224,0,0,0,0,0,0,0,0,0,0,0.368,0,0,0,0,0,0,0,0,0,0,0.328,0,0,0,0,0,0.999,0,0,0,0,0,0,0,0,0,0,0,0,0,0,0,0,0,0,0,0,0,0,0,0,0.167,0,0,0,0,0,0,0,0,0,0,0,0,0,0,0,0,0,0,0,0,0,0.999,0,0,0,0,0,0.999,0,0,0,0,0.999,0,0,0,0,0.179,0,0,0,0,0,0,0,0,0,0,0,0,0,0,0,0,0,0,0,0,0,0,0,0,0,0,0,0,0,0.999,0,0,0,0.504,0,0,0,0,0,0,0,0,0,0,0,0,0,0,0,0,0,0,0,0,0,0,0.224,0,0.343,0,0,0,0,0,0,0,0,0,0,0,0,0,0,0,0,0,0,0,0,0,0,0,0,0,0,0,0,0,0,0,0,0.412,0,0,0,0,0.343,0.162,0,0,0,0,0,0.279,0,0,0,0,0.999,0,0,0,0,0,0.199,0,0,0,0,0,0,0,0,0.922,0.328,0,0,0,0,0,0,0,0,0,0,0,0.168,0,0,0,0,0,0,0,0,0,0.301,0,0,0,0.179,0,0,0,0,0,0,0,0,0,0,0,0,0,0,0,0.999,0,0,0.999,0,0,0,0,0,0,0,0,0,0,0,0,0,0,0,0,0,0,0,0,0,0,0,0,0,0,0,0,0,0,0,0,0,0,0,0,0,0,0,0,0,0,0,0,0,0,0,0,0,0,0.163,0,0,0,0,0,0.163,0,0,0,0,0,0,0,0,0,0,0,0,0,0,0,0,0,0,0,0,0,0,0,0,0,0,0,0,0,0,0,0,0,0,0,0,0,0,0,0,0,0,0,0,0,0,0,0,0,0,0,0,0,0,0.244,0,0,0,0,0,0,0,0,0.489,0,0,0.229,0,0,0,0,0,0,0,0,0,0,0,0,0,0,0.218,0,0,0,0,0,0,0,0,0,0,0,0,0,0,0,0,0,0,0,0,0,0,0,0,0,0.999,0,0,0,0,0,0,0,0,0.303,0,0,0,0,0,0,0,0,0,0,0,0,0,0,0,0,0.224,0,0,0,0,0,0,0,0,0.357,0.179,0,0,0,0,0,0,0,0,0,0,0,0.825,0,0,0,0,0,0,0,0,0,0,0,0.179,0,0,0,0,0,0,0,0,0,0,0,0,0,0,0,0.19,0,0,0,0.337,0,0,0,0,0,0,0,0,0,0,0,0,0,0,0,0,0,0,0.179,0,0,0,0,0,0,0,0,0,0.179,0,0.164,0,0,0,0,0,0,0,0,0,0,0,0,0,0,0,0,0,0,0,0,0.179,0,0,0,0,0,0,0,0,0,0,0,0,0,0,0,0,0,0,0,0,0,0,0,0,0,0,0,0,0,0,0,0,0,0,0,0,0,0,0,0,0,0,0,0,0,0,0.984,0.633,0.999,0.471,0,0,0.156,0,0.999,0.984,0.999,0,0,0.999,0.157,0.268,0,0.999,0,0.317,0.998,0.179,0,0.283,0.29,0,0,0.999,0.389,0.999,0,0,0.998,0.195,0.37,0.157,0,0,0.524,0.999,0.25,0.999,0,0.909,0,0,0,0.994,0.999,0.176,0.931,0.589,0.267,0.29,0,0.58,0.52,0.153,0.634,0,0.189,0.997,0.999,0.997,0.999,0.981,0.997,0.999,0.24,0,0.999,0.528,0.999,0,0,0,0.541,0,0,0,0.999,0.999,0,0.997,0.999,0.999,0.256,0.198,0.999,0.154,0.458,0.712,0.325,0.999,0,0.458,0,0.998,0.998,0,0.981,0,0,0.999,0,0.999,0.998,0.549,0.999,0.999,0,0,0.998,0.907,0.991,0,0.999,0.999,0.523,0.999,0.775,0,0.24,0,0.999,0.994,0.492,0.603,0.181,0,0.919,0.179,0.998,0,0.524,0.179,0.986,0.709,0.173,0,0,0,0.999,0.998,0.157,0,0.361,0.999,0,0,0.999,0,0,0.424,0.999,0.999,0.239,0.965,0.196,0.999,0,0.495,0.999,0,0.849,0.995,0.999,0.66,0,0.999,0.999,0.246,0.226,0,0.35,0,0,0,0,0,0.893,0.917,0,0.543,0.316,0.495,0,0,0.911,0.999,0.999,0.999,0.172,0,0,0.999,0.999,0,0,0.999,0,0.999,0.999,0,0.999,0,0.353,0.999,0,0.999,0,0,0.987,0.999,0.999,0,0.631,0.999,0,0,0,0,0.999,0.218,0.999,0,0.206,0.999,0,0,0,0,0,0.21,0,0,0,0,0,0,0,0,0,0,0,0,0,0,0,0,0,0.158,0,0.171,0.448,0,0,0,0,0,0,0,0,0,0,0,0,0,0,0.201,0,0.999,0,0,0,0,0,0,0,0,0.151,0,0,0,0,0,0,0,0,0,0,0,0,0,0,0,0,0,0,0,0,0,0,0,0,0,0,0,0,0,0,0,0,0,0.21,0,0,0,0,0,0,0,0,0,0,0,0.201,0,0,0,0,0,0,0,0,0,0,0,0,0,0,0,0,0.222,0,0,0,0,0,0,0,0.202,0,0,0,0,0,0,0,0,0,0,0,0,0,0,0,0,0,0,0,0,0,0,0,0,0,0,0,0,0,0,0,0,0,0,0,0,0,0,0,0,0,0,0,0,0,0,0,0,0,0,0,0,0,0,0,0,0,0,0,0,0,0,0,0,0,0,0,0,0,0,0,0,0,0,0,0,0,0,0,0,0,0,0,0,0,0,0,0,0,0,0,0,0,0,0,0,0.175,0,0,0,0,0,0,0,0,0,0,0,0,0,0.202,0,0,0,0,0,0,0,0,0.905,0,0,0,0,0,0,0,0,0,0,0.206,0,0,0,0.231,0.254,0,0.164,0,0,0,0,0,0,0,0.253,0,0,0,0,0,0,0,0.161,0,0,0,0,0,0,0,0,0,0,0,0,0,0,0,0,0,0,0.15,0,0,0,0,0,0,0,0,0,0,0,0,0,0,0,0,0,0,0,0,0,0,0,0,0,0,0,0,0,0,0,0,0,0,0,0,0,0,0,0,0,0,0,0,0,0,0,0,0,0,0,0,0,0,0,0,0,0,0,0,0,0,0,0,0,0,0,0,0.267,0,0,0,0,0,0,0,0,0.306,0,0,0.198,0,0,0,0,0,0,0,0,0,0,0,0,0,0,0,0,0,0,0,0,0,0,0,0,0,0.204,0,0,0,0,0,0,0,0,0,0,0,0,0,0,0,0,0,0,0,0,0,0,0,0,0,0,0,0,0,0,0,0,0,0,0,0,0,0,0.175,0,0,0,0,0,0,0,0,0,0,0,0,0,0.171,0,0,0,0,0,0,0,0,0,0,0,0,0,0,0,0,0,0,0,0,0,0,0,0,0,0,0,0,0,0,0,0,0,0,0,0,0,0,0,0,0,0,0,0,0,0,0,0,0,0,0,0,0,0,0,0,0,0.186,0,0,0,0,0,0,0,0,0,0,0,0,0,0,0,0,0,0,0,0,0,0,0,0,0,0,0,0,0,0,0,0,0,0,0,0,0,0,0,0,0,0,0,0,0,0,0,0,0,0,0,0,0,0,0,0,0.263,0,0,0,0,0,0,0,0,0,0,0,0,0,0,0,0,0,0,0,0,0,0,0,0,0,0,0,0,0,0,0,0,0,0.196,0,0,0,0,0,0,0,0,0,0,0,0,0,0,0,0,0,0,0,0,0,0,0,0,0,0.481,0,0,0,0,0,0,0,0,0,0,0,0.191,0,0,0,0,0,0,0,0,0,0,0,0,0,0,0,0,0,0,0,0,0,0,0,0,0,0,0,0,0,0,0,0,0,0,0,0,0,0,0,0,0,0,0,0,0,0,0,0,0,0,0,0,0,0,0,0,0,0,0,0,0,0,0,0,0,0,0,0,0,0,0,0,0,0,0,0,0,0,0,0,0,0,0,0,0,0,0,0,0,0,0,0,0,0,0,0,0,0,0,0,0,0,0,0,0.305,0,0,0,0,0,0,0,0.239,0,0,0,0,0.151,0,0,0.244,0,0,0,0,0,0,0,0,0,0,0,0,0,0,0,0,0,0,0,0,0,0,0,0,0.255,0,0,0,0,0,0,0,0,0,0,0,0,0,0,0,0,0,0,0,0,0,0,0.333,0,0,0,0,0,0,0,0,0,0,0.201,0,0,0,0,0,0.176,0,0,0,0,0,0,0,0,0,0,0,0,0,0,0,0,0,0,0,0,0,0,0,0,0,0,0,0,0,0,0,0,0,0,0,0,0,0,0,0,0,0,0,0,0,0,0,0.307,0,0,0,0,0,0,0,0,0,0.173,0,0,0,0.219,0.282,0,0,0,0,0,0,0,0,0,0,0,0.193,0,0,0.298,0,0,0,0,0,0,0,0,0,0,0,0,0,0,0,0,0,0,0,0,0,0,0,0,0,0,0,0,0,0,0,0,0,0,0,0,0,0,0,0,0,0,0,0.15,0,0,0,0,0,0,0,0,0,0,0,0,0,0,0,0,0,0,0,0,0,0,0,0,0,0,0,0,0,0,0,0,0,0,0,0,0,0,0,0,0,0,0,0,0,0,0,0,0,0,0,0,0,0,0,0,0,0,0,0,0,0,0,0,0,0,0,0,0,0,0,0,0,0,0,0.162,0,0,0,0,0,0,0,0,0,0,0,0,0,0,0,0,0,0,0,0,0,0,0,0,0,0,0,0,0,0,0,0,0,0,0,0,0,0,0,0,0,0,0,0,0,0,0,0,0,0,0,0,0,0,0,0,0,0,0,0,0,0,0,0,0,0,0,0,0,0,0,0,0,0,0,0,0,0,0,0,0,0,0,0,0,0,0,0,0,0,0,0,0,0,0,0,0,0,0,0,0,0,0,0,0,0,0,0,0,0,0,0,0,0,0,0,0,0,0,0,0,0,0,0,0,0,0,0,0,0,0,0,0,0,0,0,0,0,0,0,0,0,0,0,0,0,0,0,0,0,0,0,0,0,0,0,0,0,0,0,0,0,0,0,0,0,0,0,0,0,0,0,0,0,0,0,0,0,0,0,0,0,0,0,0,0,0,0,0,0,0,0,0,0,0,0,0,0,0,0,0,0,0,0,0,0,0,0,0,0,0,0,0,0,0,0,0,0,0,0,0,0,0,0,0,0,0,0,0,0,0,0,0,0,0,0,0,0,0,0,0,0,0,0,0,0,0,0,0,0,0,0,0,0,0,0,0,0,0,0,0,0,0,0,0,0,0,0,0,0,0,0,0,0,0,0,0,0,0,0,0,0,0,0,0,0,0,0,0,0,0,0,0,0,0,0,0,0
851644,0.363,0,0.309,0,0,0,0,0,0,0,0.394,0.513,0.62,0,0,0.392,0,0.193,0,0,0,0.306,0,0.699,0,0,0.219,0,0,0.855,0,0,0,0,0,0,0.4,0.686,0,0,0,0,0,0,0,0,0,0,0,0,0,0,0,0,0.656,0,0,0,0,0.34,0,0,0,0,0,0,0.258,0,0,0,0.469,0,0,0,0,0,0,0,0,0,0,0,0,0,0,0,0.513,0,0,0,0,0,0,0.533,0,0,0,0,0,0,0.536,0,0,0,0,0,0,0,0,0.392,0.675,0.977,0,0,0.43,0,0,0,0,0,0,0,0,0.259,0,0,0,0,0,0,0,0,0,0,0,0,0,0,0.196,0,0,0,0,0,0,0,0,0,0.237,0,0,0,0,0,0,0,0,0.818,0,0,0,0,0,0,0,0,0,0,0,0,0,0,0,0,0.918,0,0,0,0.515,0,0,0,0,0,0,0,0,0,0.25,0,0,0,0.307,0,0,0,0,0,0,0,0,0,0,0,0,0,0,0,0,0,0,0,0,0,0,0,0,0,0,0,0,0,0,0,0,0,0,0,0,0,0,0,0,0,0,0,0,0,0,0.808,0,0,0,0,0,0,0,0,0,0,0,0,0,0,0,0.789,0,0,0.263,0,0,0,0,0,0,0,0,0,0,0,0,0,0,0,0,0,0,0,0,0,0,0,0,0,0,0,0,0,0,0,0,0,0,0,0.637,0,0,0,0,0,0,0,0,0,0,0,0,0,0,0,0,0,0,0,0,0,0,0,0,0,0,0,0,0,0,0,0.37,0,0,0,0,0,0,0,0,0,0,0,0,0,0,0.275,0,0,0,0,0,0,0,0,0,0,0,0,0,0,0,0,0,0,0,0,0.785,0,0,0,0,0,0,0,0.203,0,0.194,0,0,0,0,0,0,0,0,0,0,0,0,0,0,0,0,0,0,0,0,0,0,0,0,0,0,0,0,0,0,0,0,0,0,0,0,0,0,0,0,0,0,0,0,0,0,0,0,0,0,0,0,0,0,0,0,0,0.317,0,0,0.229,0,0,0,0,0,0,0,0,0,0,0,0,0,0,0,0,0,0,0,0,0,0,0,0,0,0,0,0,0,0,0,0,0,0,0,0,0,0,0,0,0,0,0,0,0,0,0,0.161,0,0,0,0,0,0,0,0,0,0.265,0,0,0,0,0,0,0,0,0,0,0,0,0,0,0,0.173,0,0,0,0,0,0,0,0,0,0,0,0,0,0,0.159,0,0,0,0,0,0,0,0,0,0,0,0,0,0.271,0,0,0,0.185,0,0,0,0,0,0,0,0,0,0,0,0,0,0,0.351,0,0.22,0,0,0,0,0,0.355,0,0,0,0,0.169,0.199,0,0,0,0,0,0,0,0,0,0,0,0,0,0,0,0,0,0,0,0.502,0.194,0,0,0.367,0,0,0,0,0,0,0,0,0,0,0,0,0,0,0,0,0,0,0,0,0,0,0,0,0,0,0,0,0,0,0,0,0,0,0,0,0,0,0,0,0,0,0,0,0,0,0,0,0,0,0,0,0,0,0,0,0,0,0,0,0,0,0,0,0,0,0.472,0,0,0,0,0,0,0,0,0,0,0,0,0,0,0,0,0,0,0,0,0,0,0,0,0,0,0,0,0,0,0,0,0,0,0,0,0,0,0,0,0,0,0,0,0,0,0,0,0,0,0,0,0,0,0,0,0,0,0,0,0,0,0,0,0,0,0,0,0,0,0,0,0,0,0,0,0,0,0,0,0,0,0,0,0,0,0,0,0,0,0,0,0,0,0,0,0,0,0,0,0,0,0,0,0,0,0,0,0,0,0,0,0,0,0,0,0,0,0,0,0,0,0,0,0,0,0,0,0,0,0,0,0,0,0,0,0,0,0,0,0,0,0,0,0,0,0,0,0,0,0,0,0,0,0,0,0,0,0,0,0,0,0,0,0,0,0,0,0,0,0,0,0,0,0,0,0,0,0,0,0,0,0,0,0,0,0,0,0,0,0.334,0,0,0,0,0,0,0,0,0,0,0,0,0,0,0,0,0,0,0,0,0,0,0,0,0,0,0,0,0,0,0,0,0,0,0,0,0,0,0,0,0.311,0,0,0,0,0,0,0,0,0,0,0,0.784,0,0,0,0,0,0,0,0,0,0,0,0,0,0,0,0,0,0,0,0,0,0,0,0,0.231,0,0,0,0,0,0,0,0,0,0,0,0,0,0,0,0,0,0,0,0,0,0,0,0,0,0,0,0,0,0,0,0,0,0,0,0,0,0,0,0,0,0,0,0,0,0,0,0,0,0,0,0,0,0,0,0,0,0,0,0,0,0.15,0,0,0,0,0,0,0,0,0,0,0,0,0,0,0,0,0,0,0,0,0,0,0,0,0,0,0,0,0,0,0,0.197,0,0,0,0,0,0,0,0,0,0,0,0,0,0,0,0,0,0,0,0,0,0,0,0,0,0,0,0,0,0,0,0.369,0,0,0,0,0,0,0,0,0.476,0,0,0,0,0,0,0,0,0,0,0,0,0,0,0,0,0,0,0,0,0,0,0,0,0,0,0,0,0,0,0,0,0,0,0,0,0,0,0,0,0,0,0,0,0,0.161,0,0,0,0,0,0,0,0,0,0,0,0,0,0,0,0,0,0,0.358,0,0,0,0,0,0,0,0,0,0.15,0,0,0,0,0,0,0.195,0,0,0,0,0,0,0,0,0,0,0,0,0,0,0,0,0,0,0,0,0,0,0,0,0,0,0,0,0,0,0,0,0,0,0,0,0,0,0,0,0,0,0,0,0,0,0,0,0,0,0,0,0,0,0,0,0,0,0,0,0,0,0,0,0,0,0,0,0,0,0,0,0,0,0,0,0,0,0,0,0,0,0,0,0,0,0,0,0,0,0,0,0,0,0,0,0,0,0,0,0,0,0,0,0,0,0,0,0,0,0,0,0,0,0,0,0,0,0,0,0,0,0,0,0,0,0,0,0,0,0,0,0,0,0,0,0,0,0.261,0,0,0,0,0,0,0,0,0,0.263,0,0,0,0,0,0,0,0,0,0,0,0,0,0,0,0,0,0,0,0,0,0,0,0,0,0,0,0,0,0,0,0,0,0,0,0,0,0,0,0,0,0,0,0,0,0,0,0.196,0,0,0,0,0,0,0,0,0,0,0,0,0,0,0,0,0,0,0,0,0,0,0,0,0,0,0,0,0,0,0,0,0,0,0,0,0,0,0,0,0,0,0,0,0,0.229,0,0,0,0,0,0,0,0,0,0,0,0,0,0,0,0,0,0,0,0,0,0,0,0,0,0,0,0,0,0,0,0,0,0,0,0,0,0,0,0,0,0,0,0,0,0,0,0,0,0,0,0,0,0,0,0,0,0,0,0,0,0,0,0,0,0,0,0,0,0,0,0,0,0,0,0,0,0,0,0,0,0,0,0,0,0,0,0,0,0,0,0,0,0,0,0,0,0,0,0,0,0,0,0,0,0,0.428,0,0.358,0,0,0,0,0,0,0.232,0,0,0,0,0,0,0,0,0,0,0.275,0,0,0,0,0,0,0,0,0,0,0,0,0,0,0,0,0,0,0,0,0,0,0,0,0,0,0,0,0,0,0,0,0,0,0,0,0,0,0,0,0,0,0,0,0,0,0,0.337,0,0.15,0,0,0.218,0,0,0,0,0.167,0,0,0,0,0,0,0,0,0,0,0,0,0,0,0,0,0,0,0.309,0,0,0.456,0,0,0.197,0,0,0,0,0,0,0.198,0,0,0,0,0,0,0,0,0,0,0,0,0,0,0,0,0,0,0,0,0,0,0,0,0,0,0,0,0,0,0,0.739,0,0,0,0,0,0,0,0,0,0,0,0,0,0,0,0,0,0,0,0,0,0,0,0,0,0,0,0,0,0,0,0,0,0,0,0,0,0,0,0,0,0,0,0,0,0,0,0,0,0,0,0,0,0,0,0,0,0,0,0,0,0,0,0,0,0,0,0,0,0,0,0,0,0,0,0,0,0,0,0,0,0,0,0,0,0,0,0,0,0,0,0.167,0,0,0,0,0,0,0,0,0,0,0,0,0,0,0,0,0.313,0,0,0,0,0,0,0,0,0,0,0,0,0,0,0,0,0,0,0,0,0,0,0,0,0,0.698,0,0,0.319,0,0,0,0,0,0,0,0,0,0,0,0,0,0,0,0,0,0,0,0,0,0,0,0,0,0,0,0,0,0,0,0,0,0,0,0,0,0,0,0,0,0,0,0,0,0,0,0,0,0,0,0,0,0,0,0,0,0,0,0,0,0,0,0,0,0,0,0,0,0,0,0,0,0,0,0,0,0,0,0,0,0,0,0,0,0.448,0,0,0,0,0,0,0,0,0,0,0,0,0,0,0,0,0,0,0,0,0,0,0,0,0,0,0,0,0,0,0,0,0,0,0,0,0,0,0,0,0,0,0,0,0.193,0,0,0,0,0,0,0,0,0,0,0,0,0.309,0,0,0,0,0,0,0,0,0,0,0,0,0,0.167,0,0,0,0,0,0,0,0,0,0,0,0,0,0,0,0,0,0,0,0,0,0,0,0,0,0,0,0,0,0,0,0,0,0,0,0,0,0,0,0,0,0,0,0,0,0,0,0,0,0,0,0,0,0,0,0,0,0,0,0,0,0,0,0,0,0,0,0,0,0,0,0,0,0,0,0,0,0,0,0,0,0,0,0,0,0,0,0,0,0,0,0,0,0,0,0,0,0,0,0,0,0,0,0,0,0,0,0,0,0,0,0,0,0,0,0,0,0,0,0,0,0,0,0,0,0,0,0,0,0,0,0,0,0,0,0,0,0,0,0,0,0,0,0,0,0,0,0,0,0,0,0,0,0,0,0,0,0,0,0,0,0,0,0,0,0,0,0,0,0,0,0,0,0,0,0,0,0,0,0,0,0,0,0,0,0,0,0,0,0,0,0,0,0,0,0,0,0,0,0,0,0,0,0,0,0.209,0,0,0,0,0,0,0,0,0,0,0,0,0,0,0.535,0,0,0.181,0,0,0,0,0,0,0,0,0,0,0,0,0,0,0,0,0,0,0,0,0,0,0,0,0,0,0,0,0,0,0,0,0,0,0,0,0,0,0,0,0,0,0,0,0,0,0,0,0,0,0,0,0,0,0,0,0,0,0,0,0,0,0,0,0,0,0,0,0,0,0,0,0,0,0,0,0,0,0,0,0,0,0,0,0,0,0,0,0,0,0,0,0,0,0,0,0,0,0,0,0,0,0,0,0,0,0,0,0,0,0,0,0,0,0,0,0,0,0,0,0,0,0.332,0,0,0,0,0,0,0,0,0,0,0,0,0,0,0,0,0,0,0,0,0,0,0,0,0,0,0,0,0,0,0,0,0,0.392,0,0,0,0,0,0,0,0,0,0,0,0,0,0,0,0,0,0,0,0,0,0,0,0,0,0,0,0,0,0,0,0,0,0,0,0,0,0,0,0,0,0,0,0,0.169,0,0,0,0,0,0,0,0,0,0,0,0,0,0,0,0,0,0,0,0,0,0,0,0,0,0,0,0,0,0,0,0,0,0,0,0,0,0,0,0,0,0,0,0,0,0,0,0,0,0,0,0,0,0,0,0.285,0,0,0.153,0,0,0,0,0,0.832,0,0,0,0,0,0,0,0,0,0,0,0,0,0,0,0,0,0,0,0,0,0,0,0,0,0,0,0,0,0.265,0,0,0,0,0,0,0,0,0,0,0,0,0,0,0,0,0,0,0,0,0,0,0,0,0,0,0,0,0,0,0,0,0,0,0,0,0,0,0,0,0,0,0,0,0,0,0.152,0,0,0,0,0,0,0,0,0.995,0,0,0,0,0,0,0,0,0,0.161,0,0,0,0,0,0,0,0,0,0,0,0,0,0,0,0,0,0,0,0,0,0,0,0,0,0,0,0,0,0,0,0,0,0,0,0,0,0,0,0,0,0,0,0,0,0,0,0,0,0,0,0,0,0,0,0,0,0,0,0,0,0,0,0,0,0.189,0,0,0,0,0,0,0,0,0,0,0,0,0,0,0,0,0.193,0,0,0,0,0,0,0,0,0,0,0,0,0,0,0,0,0,0,0,0,0,0,0,0,0,0,0,0,0,0,0,0,0,0,0,0,0,0,0.788,0,0,0,0,0,0,0.229,0,0,0,0,0,0,0.194,0,0,0,0,0,0,0.171,0,0,0,0,0,0,0,0,0.196,0,0,0,0,0,0,0,0,0,0,0,0,0,0,0,0,0,0,0,0,0,0,0,0.196,0,0,0,0,0,0,0,0,0,0,0,0,0,0,0,0,0,0,0,0,0,0,0,0,0,0,0,0,0,0,0,0.248,0,0,0,0,0,0,0,0,0,0,0,0,0,0,0,0,0,0,0,0,0,0,0,0,0,0,0,0,0,0,0,0,0,0,0,0,0,0,0,0,0,0,0,0,0,0,0,0,0,0,0,0,0,0,0,0,0,0,0,0,0,0,0,0,0,0,0,0,0,0,0,0,0,0,0,0,0,0,0,0,0,0,0,0,0,0,0,0,0,0,0,0,0,0,0,0,0,0,0,0,0,0,0,0,0,0,0,0,0,0,0,0,0,0,0,0,0,0,0,0,0,0,0,0,0,0,0,0,0,0,0,0,0,0,0,0,0,0,0,0,0,0,0,0,0,0,0,0,0,0,0,0,0,0,0,0,0,0,0,0,0,0,0,0,0,0,0,0,0,0,0,0,0,0,0,0,0,0,0,0,0,0,0,0,0,0,0,0,0,0,0,0.555,0,0,0,0,0,0,0,0,0,0,0,0,0,0,0,0,0,0,0,0,0,0,0,0,0.173,0,0,0,0,0,0,0.159,0,0,0,0,0,0,0,0,0,0,0,0,0,0,0,0,0,0,0,0,0,0,0,0,0,0,0,0,0,0,0,0,0,0,0,0,0,0,0,0,0,0,0,0,0,0,0,0,0.276,0,0,0,0,0,0,0,0,0,0,0,0,0,0,0,0,0,0,0,0,0,0,0,0,0,0,0,0,0,0,0,0,0,0,0,0,0,0,0,0,0,0,0,0,0,0,0,0,0,0,0,0,0,0,0,0,0,0,0,0.171,0,0,0,0,0,0,0,0,0,0,0,0,0,0,0,0,0,0,0,0,0,0,0,0,0,0,0,0,0,0,0,0,0,0,0,0,0,0,0,0,0,0.594,0,0,0,0,0,0,0,0,0,0,0,0,0,0,0,0,0,0,0,0,0,0,0,0,0,0,0,0,0,0,0.196,0,0,0,0,0,0,0,0,0,0,0,0,0,0,0,0,0,0,0,0,0,0,0,0,0,0,0,0,0,0,0,0,0,0,0,0,0,0,0,0,0,0,0,0,0,0,0,0,0,0,0,0,0,0,0,0,0,0,0,0,0,0,0,0,0,0,0,0,0,0,0,0,0,0,0,0,0,0,0,0,0,0,0,0,0,0,0,0.535,0,0,0.452,0,0,0,0,0,0,0,0,0,0,0,0,0,0,0,0,0,0,0,0,0,0,0,0,0,0,0,0,0,0,0.161,0,0,0,0,0,0,0,0,0,0,0,0,0,0,0,0.192,0,0,0,0,0,0,0,0,0,0.683,0,0,0,0,0,0,0,0,0,0,0,0,0,0,0,0,0,0,0,0,0,0,0,0,0,0,0,0,0,0,0,0,0,0,0,0,0,0,0,0,0,0,0,0,0,0,0,0,0,0,0,0,0.483,0.2,0,0,0,0,0,0,0,0,0,0,0,0,0,0,0,0,0,0,0,0,0,0,0,0,0,0,0,0,0,0,0,0,0,0,0,0,0,0,0,0,0,0,0,0,0,0,0,0,0,0,0,0,0,0,0,0,0,0,0,0,0,0,0,0,0,0,0,0,0,0,0,0,0,0,0,0,0,0,0,0,0,0,0,0,0,0,0,0,0,0,0,0,0,0,0,0,0,0.179,0,0,0,0,0,0,0,0,0,0,0,0,0,0,0,0,0,0,0,0,0,0,0,0,0,0,0,0,0,0,0,0,0,0,0,0,0,0,0.309,0,0,0,0,0,0,0,0,0,0,0,0,0,0,0,0,0,0,0.226,0,0,0,0,0,0,0,0,0,0,0,0,0,0,0,0,0.23,0,0,0,0,0,0.272,0,0,0,0,0,0,0,0,0,0,0,0,0,0,0,0,0,0,0,0,0,0,0,0,0,0,0,0,0,0,0,0,0,0,0,0,0.194,0,0,0,0,0,0,0,0,0,0,0.196,0,0,0,0,0,0,0.334,0,0,0,0,0,0,0,0,0,0,0,0,0,0,0,0,0,0,0,0,0,0,0,0,0,0.789,0.29,0,0,0,0,0,0,0.788,0,0,0,0,0,0,0,0,0,0,0,0,0,0,0,0,0,0,0.789,0.789,0,0,0,0,0,0,0,0,0,0,0,0,0,0,0,0,0,0.282,0,0,0,0,0,0,0,0,0,0,0,0.171,0,0,0,0,0,0,0,0,0,0,0,0,0,0,0,0,0,0,0,0,0,0,0,0,0,0,0,0,0,0,0,0,0,0,0,0,0,0,0,0,0,0,0,0,0,0.229,0,0,0,0,0,0,0,0,0,0,0,0,0,0,0,0,0,0,0,0,0,0,0,0,0,0,0,0,0,0,0,0,0,0,0,0,0,0,0,0,0,0,0,0,0,0,0.378,0,0,0,0,0,0,0,0,0,0.441,0,0,0,0,0,0,0,0,0,0,0,0,0,0,0,0,0,0,0,0,0,0,0,0,0,0.335,0,0,0,0,0,0,0,0,0,0,0,0,0,0,0,0,0,0,0,0,0,0,0,0,0,0,0,0,0,0,0,0,0,0,0,0,0,0,0,0.398,0,0,0,0,0,0,0,0,0.845,0.276,0,0,0,0,0,0,0,0,0,0,0,0,0,0,0,0,0,0,0,0,0,0,0,0,0,0,0,0,0,0,0,0,0,0,0,0,0,0,0,0,0,0,0,0,0,0,0,0,0,0,0,0,0,0,0,0,0,0,0,0,0,0,0,0,0,0,0,0,0,0,0.26,0,0,0,0,0,0,0,0,0,0,0,0,0,0,0,0,0,0,0.217,0,0,0,0,0.309,0.228,0,0,0,0,0,0,0,0,0,0,0,0,0,0,0,0,0,0,0,0,0,0,0,0,0,0,0,0,0,0,0,0,0,0,0,0,0,0,0,0,0,0,0,0,0,0,0,0,0,0,0,0,0,0,0,0,0,0,0,0,0,0,0,0,0,0,0,0,0,0,0,0,0,0,0,0,0,0,0,0,0,0,0,0,0,0,0,0,0,0.225,0,0,0,0,0,0,0,0,0,0,0,0,0,0,0,0,0,0,0,0,0,0,0,0,0.294,0,0,0,0,0,0,0,0,0,0,0,0,0,0,0,0,0,0,0,0,0,0,0,0,0,0,0,0,0,0,0,0.372,0,0,0,0,0,0,0,0,0,0,0,0,0,0,0,0.228,0,0,0,0,0,0,0,0,0,0,0,0.338,0,0.194,0,0,0,0,0,0,0,0,0,0,0,0,0,0,0,0,0,0,0.297,0,0,0,0,0,0,0,0,0,0,0,0,0.229,0,0,0,0,0,0,0,0,0,0,0,0,0,0,0,0,0,0,0,0,0,0,0,0,0,0,0,0,0,0,0,0,0,0,0,0,0,0,0,0,0,0,0,0,0,0,0,0,0,0,0,0,0,0,0,0,0,0,0,0,0,0,0,0,0,0,0,0,0,0,0,0,0,0,0,0,0,0,0,0,0,0,0,0,0,0,0,0.266,0,0,0,0,0,0,0.247,0,0,0,0,0.192,0,0,0,0,0,0,0,0,0.173,0,0,0,0,0,0,0,0.45,0,0,0,0,0,0,0,0,0,0,0,0,0,0,0,0.722,0,0
852615,0,0,0,0,0,0,0.588,0,0,0,0,0,0,0,0,0,0,0,0,0,0,0,0,0,0,0,0,0,0,0,0.54,0,0,0,0,0,0,0,0,0,0,0,0,0,0,0,0,0,0,0,0,0,0,0,0,0,0,0,0,0,0,0,0,0,0,0,0,0,0,0,0,0,0,0,0,0,0,0,0,0,0,0,0,0,0,0,0,0,0,0,0,0,0,0,0,0,0,0,0,0,0,0,0,0,0,0,0,0,0,0,0,0,0,0,0,0,0,0,0,0,0,0,0,0,0,0,0,0,0,0,0,0,0.355,0,0,0,0,0,0,0,0,0,0,0,0,0.276,0.356,0.359,0,0,0,0,0,0,0,0,0,0,0,0,0,0,0,0,0,0,0,0,0,0,0,0,0,0,0,0,0,0,0,0,0,0,0,0,0,0,0,0,0,0,0,0,0,0,0,0,0,0,0,0,0,0,0,0,0,0,0,0,0,0,0,0,0,0,0,0,0,0,0,0,0,0,0,0,0,0,0,0,0,0,0,0,0,0,0,0,0,0,0,0,0,0,0,0,0,0,0,0,0,0,0,0,0,0,0.61,0,0,0,0,0,0,0,0,0,0,0,0,0,0,0,0,0,0,0,0,0,0,0,0,0,0,0,0,0,0,0,0,0,0,0,0,0,0,0,0,0,0,0,0,0,0,0,0,0,0,0,0,0,0,0,0,0,0,0,0,0,0,0,0,0,0,0,0,0,0,0,0,0,0,0,0,0,0,0,0,0,0,0,0,0,0,0,0,0,0,0,0,0,0,0,0,0,0,0,0,0,0,0,0,0,0,0,0,0,0,0,0,0,0,0,0,0,0,0.276,0,0,0,0,0,0,0,0,0,0,0,0,0,0,0,0,0,0,0,0,0,0,0,0,0,0,0,0,0,0,0,0,0,0,0,0,0,0,0,0,0,0,0,0,0,0,0,0,0,0,0,0,0,0,0,0,0,0,0,0,0,0,0,0,0,0,0,0,0,0,0,0,0,0,0,0,0,0,0,0,0,0,0,0,0,0,0,0,0,0,0,0,0,0,0,0,0,0,0,0,0,0,0,0,0,0,0,0,0,0,0,0,0,0,0,0,0,0,0,0,0,0,0,0,0,0,0,0,0,0,0,0,0,0,0,0,0,0,0,0,0,0,0,0,0,0,0,0,0,0,0,0,0,0,0,0,0,0,0,0,0,0,0,0,0,0,0,0,0,0,0,0,0,0,0,0,0,0,0,0,0,0,0,0,0,0,0,0,0,0,0,0,0,0,0,0,0,0,0,0,0,0,0,0,0,0,0,0,0,0,0,0,0,0,0,0,0,0,0,0,0,0,0,0,0,0,0,0,0,0,0,0,0,0,0,0,0,0,0,0,0,0,0,0,0,0,0,0,0,0,0,0,0,0,0,0,0,0,0,0,0,0,0,0,0,0,0,0,0,0,0,0,0,0,0,0,0,0,0,0,0,0,0,0,0,0,0,0,0,0,0,0,0,0,0,0,0,0,0,0,0,0,0,0,0,0,0,0,0,0,0,0,0,0,0,0,0,0,0,0,0,0,0,0,0,0,0,0,0,0,0,0,0,0,0,0,0,0,0,0,0,0,0,0,0,0,0,0,0,0,0,0,0,0,0,0,0,0,0,0,0,0,0,0.45,0,0,0,0,0,0,0,0,0,0,0,0,0,0,0,0,0,0,0,0,0,0,0,0,0,0,0,0,0,0,0,0,0,0,0,0,0.376,0,0,0,0,0,0,0,0,0,0,0,0,0,0,0,0,0,0,0,0,0,0,0,0,0,0,0,0,0,0,0,0,0,0,0,0,0,0,0,0,0,0,0,0,0,0,0,0,0,0,0,0,0,0,0,0,0,0,0,0,0,0,0,0,0,0,0,0,0,0,0,0,0,0,0,0,0,0,0,0,0,0,0,0,0,0,0,0,0,0,0,0,0,0,0,0,0,0,0,0,0,0,0,0,0,0,0,0,0,0,0,0,0,0,0,0,0,0,0,0,0,0,0,0,0,0,0,0,0,0,0,0,0,0,0,0,0,0,0,0,0,0,0,0,0,0,0,0,0,0,0,0,0,0,0,0,0,0,0,0,0,0,0,0,0,0,0,0,0,0,0,0,0,0,0,0,0,0,0,0,0,0,0,0,0,0,0,0,0,0,0,0,0,0,0,0,0,0,0,0,0,0,0,0,0,0,0,0,0,0,0,0,0,0,0,0,0,0,0,0,0,0,0,0,0,0,0,0,0,0,0,0,0,0,0,0,0,0,0,0,0,0,0,0,0,0,0,0,0,0,0,0,0,0,0,0,0,0,0,0,0,0,0,0,0,0,0,0,0,0,0,0,0,0,0,0,0,0,0,0,0,0,0,0,0,0,0,0,0,0,0,0,0,0,0,0,0,0,0,0,0,0,0,0,0,0,0,0,0,0,0,0,0,0,0,0,0,0,0,0,0,0,0,0,0,0,0,0,0,0,0,0,0,0,0,0,0,0,0,0,0,0,0,0,0,0,0,0,0,0,0,0,0,0,0,0,0,0,0,0,0,0,0,0,0,0,0,0,0,0,0,0,0,0,0,0,0,0,0,0,0,0,0,0,0,0,0,0,0,0,0,0,0,0,0,0,0,0,0,0,0,0,0,0,0,0,0,0,0,0,0,0,0,0,0,0,0,0,0,0,0,0,0,0,0,0,0,0,0,0,0,0,0,0,0,0,0,0,0,0,0,0,0,0,0,0,0,0,0,0,0,0,0,0,0,0,0,0,0,0,0,0,0,0,0,0,0,0,0,0,0,0,0,0,0,0,0,0,0,0,0,0.449,0,0,0,0,0,0,0,0,0,0,0,0,0,0,0,0,0,0,0,0,0,0,0,0,0,0,0,0,0,0,0,0,0,0,0,0,0,0,0,0,0,0,0,0,0,0,0,0,0,0,0,0,0,0,0,0,0,0,0,0,0,0,0,0,0,0,0,0,0,0,0,0,0,0,0,0,0,0,0,0,0,0,0,0,0,0,0,0,0,0,0,0,0,0,0,0,0,0,0,0,0,0,0,0,0,0,0,0,0,0,0,0,0,0,0,0,0,0,0,0,0,0,0,0,0,0,0,0,0,0,0,0,0,0,0,0,0,0,0,0,0,0,0,0,0,0,0,0,0,0,0,0,0,0,0,0,0,0,0,0,0,0,0,0,0,0,0.331,0,0,0,0,0,0,0,0,0,0,0,0,0,0,0,0,0,0,0,0,0,0,0,0,0,0,0,0,0,0,0,0,0,0,0,0,0,0,0,0,0,0,0,0,0,0,0,0,0,0,0,0,0,0,0,0,0,0,0,0,0,0,0,0,0,0,0,0,0,0,0,0,0,0,0,0,0,0,0,0,0,0,0,0,0,0,0,0,0,0,0,0,0,0,0,0,0,0,0,0,0,0,0,0,0,0,0,0,0,0,0,0,0,0,0,0,0,0,0,0,0,0,0,0,0,0,0,0,0,0,0,0,0,0,0,0,0,0,0,0,0,0,0,0,0,0,0,0,0,0,0,0,0,0,0,0,0,0,0,0,0,0,0,0,0,0,0,0,0,0,0,0,0,0,0,0,0,0,0,0,0,0,0,0,0,0,0,0,0,0,0,0,0,0,0,0,0,0,0,0,0,0,0,0,0,0,0,0,0,0,0,0,0,0,0,0,0,0,0,0,0,0,0,0,0,0,0,0,0,0,0,0,0,0,0,0,0,0,0,0,0,0,0,0,0,0,0,0,0,0,0,0,0,0,0,0,0,0,0,0,0,0,0,0,0,0,0,0,0,0,0,0,0,0,0,0,0,0,0,0,0,0,0,0,0,0,0,0,0,0,0,0,0,0,0,0,0,0,0,0,0,0,0,0,0,0,0,0,0,0,0,0,0,0,0,0,0,0,0,0,0,0,0,0,0,0,0,0,0,0,0,0,0,0,0,0,0,0,0,0,0,0,0,0,0,0,0,0,0,0,0,0,0,0,0,0,0,0,0,0,0,0,0,0,0,0,0,0,0,0,0,0,0,0,0,0,0,0,0,0,0,0,0,0,0,0,0,0,0,0,0,0,0.201,0,0,0,0,0,0,0,0,0,0,0,0,0,0,0,0,0,0,0,0,0,0,0,0,0,0,0,0,0,0,0,0,0,0,0,0,0,0,0,0,0,0,0,0,0,0,0,0,0,0,0,0,0,0,0,0,0,0,0,0,0,0,0,0,0,0,0,0,0,0,0,0,0,0,0,0,0,0,0,0,0,0,0,0,0,0,0,0,0,0,0,0,0,0,0,0,0,0,0,0,0,0,0,0,0,0,0,0,0,0,0,0,0,0,0,0,0,0,0,0,0,0,0,0,0,0,0,0,0,0,0,0,0,0,0,0,0,0,0,0,0,0,0,0,0,0,0,0,0,0,0,0,0,0,0,0,0,0,0,0,0,0,0,0,0,0,0,0,0,0,0,0,0,0,0,0,0,0,0,0,0,0,0,0,0,0,0,0,0,0,0.197,0,0,0,0,0,0,0,0,0,0,0,0,0,0,0,0,0,0,0,0,0,0,0,0,0,0,0,0,0,0,0,0,0,0,0,0,0,0,0,0,0,0,0,0,0,0,0,0,0,0,0,0,0,0,0,0,0,0,0,0,0,0,0,0,0,0,0,0,0,0,0,0,0,0,0,0,0,0,0,0,0,0,0,0,0,0,0,0,0,0,0,0,0,0,0,0,0,0,0,0,0,0,0,0,0,0,0,0,0,0,0,0,0,0,0,0,0,0,0,0,0,0,0,0,0,0,0,0,0,0,0,0,0,0,0,0,0,0,0,0,0,0,0,0,0,0,0,0,0,0,0,0,0,0,0.482,0,0,0,0,0,0,0,0,0,0,0,0,0,0,0,0,0,0,0,0,0,0,0,0,0,0,0,0,0,0,0,0,0,0,0,0,0,0,0,0,0,0,0,0,0,0,0,0,0,0,0,0,0,0,0,0,0,0,0,0,0,0,0,0,0,0,0,0,0,0,0,0,0,0,0,0,0,0,0,0,0,0,0,0,0,0,0,0,0,0,0,0,0,0,0,0,0,0,0,0,0,0,0,0,0,0,0,0,0,0,0,0,0,0,0,0,0,0,0.212,0,0,0,0,0,0,0,0,0,0,0,0,0,0,0,0,0,0,0,0,0,0,0.693,0,0,0,0,0,0,0,0,0,0,0,0,0,0,0,0,0,0,0,0,0,0,0,0,0,0,0,0,0,0,0,0,0,0,0,0,0,0,0,0,0,0,0,0,0,0,0,0,0,0,0,0,0,0,0,0,0,0,0,0,0.173,0,0,0,0,0,0,0,0,0,0,0,0,0,0,0,0,0,0,0,0,0,0,0,0,0,0,0,0,0,0,0,0,0,0,0,0,0,0,0,0,0,0,0,0,0,0,0,0,0,0,0,0,0,0,0,0,0,0,0,0,0,0,0,0,0,0,0,0,0,0,0,0,0,0,0,0,0,0,0,0,0,0,0,0,0,0,0,0,0,0,0,0,0,0,0,0,0,0,0,0,0,0,0,0,0,0,0,0,0,0,0,0,0,0,0,0,0,0,0,0,0,0,0,0,0,0,0,0,0,0,0,0,0,0,0,0,0,0,0,0,0,0,0,0,0,0,0,0,0,0,0,0,0,0,0,0,0,0,0,0,0,0,0,0,0,0,0,0,0,0,0,0,0,0.736,0,0,0,0,0,0,0,0,0,0,0,0,0,0,0,0,0,0,0,0,0,0,0,0,0,0,0,0,0,0,0,0,0,0,0,0,0,0,0,0,0,0,0,0,0,0,0,0,0,0,0,0,0,0,0,0,0,0,0,0,0,0,0,0,0,0,0,0,0,0,0,0,0,0,0,0,0,0,0,0,0,0,0,0,0,0,0,0,0,0,0,0,0,0,0,0,0,0,0,0,0,0,0,0,0,0,0,0,0,0,0,0,0,0,0,0,0,0,0,0,0,0,0,0,0,0,0,0,0,0,0,0,0,0,0,0,0,0,0,0,0,0,0,0,0,0,0,0,0,0,0,0,0,0,0,0,0,0,0,0,0,0,0,0,0,0,0,0,0,0,0,0,0,0,0,0,0,0,0,0,0,0,0,0,0,0,0,0,0,0,0,0,0,0,0,0,0,0,0,0,0,0,0,0,0,0,0,0,0,0,0,0,0,0,0,0,0,0,0,0,0,0,0,0,0,0,0,0,0,0,0,0,0,0,0,0,0,0,0,0,0,0,0,0,0,0,0,0,0,0,0,0,0,0,0,0,0,0,0,0,0,0,0,0,0,0,0,0,0,0,0,0,0,0,0,0,0,0,0,0,0,0,0,0,0,0,0,0,0,0,0,0,0,0,0,0,0,0,0,0,0,0,0,0,0,0,0,0,0,0,0,0,0,0,0,0,0,0,0,0,0,0,0,0,0,0,0,0,0,0,0,0,0,0,0,0,0,0,0,0,0,0,0,0,0,0,0,0,0,0,0,0,0,0,0,0,0,0,0,0,0,0,0,0,0,0,0,0,0,0,0,0,0,0,0,0,0,0,0,0,0,0,0,0,0,0,0,0,0,0,0,0,0,0,0,0,0,0,0,0,0,0,0,0,0,0,0,0,0,0,0,0,0,0,0,0,0,0,0,0,0,0,0,0,0,0,0,0,0,0,0,0,0,0,0,0,0,0,0,0,0,0,0,0,0,0,0,0,0,0,0,0,0,0,0,0,0,0,0,0.218,0,0,0,0,0,0,0,0,0,0,0,0,0,0,0,0,0,0,0,0,0,0,0,0,0,0,0,0,0,0,0,0,0,0,0,0,0,0,0,0,0,0,0,0,0,0,0,0,0,0,0,0,0,0,0,0,0,0,0,0,0,0,0,0,0,0,0,0,0,0,0,0,0,0,0,0,0,0,0,0,0,0,0,0,0,0.195,0,0,0,0,0,0,0,0,0,0,0,0,0,0,0,0,0,0,0,0,0,0,0,0,0,0,0,0,0,0,0,0,0,0,0,0,0,0,0,0,0,0,0,0,0,0,0,0,0,0,0,0,0,0,0,0,0,0,0,0,0,0,0,0,0,0,0,0,0,0,0,0,0,0,0,0,0,0,0,0,0,0,0,0,0,0,0,0,0,0,0,0,0,0,0,0,0,0,0,0,0,0,0,0,0,0,0,0,0,0,0,0,0,0,0,0,0,0,0,0,0,0,0,0,0,0,0,0,0,0,0,0,0,0,0,0,0,0,0,0,0,0,0,0,0,0,0,0,0,0,0,0,0,0,0,0,0,0,0,0,0,0,0,0,0,0,0,0,0,0,0,0,0,0,0,0,0,0,0,0,0,0,0,0,0,0,0,0,0,0,0,0,0,0,0,0,0,0,0,0,0,0,0,0,0,0,0,0,0,0,0,0,0,0,0,0,0,0,0,0,0,0,0,0,0,0,0,0,0,0,0,0,0,0,0,0,0,0,0,0,0,0,0,0.187,0,0,0,0,0,0,0,0,0,0,0,0,0,0,0,0,0,0,0,0,0,0,0,0,0,0,0,0,0,0,0,0,0,0,0,0,0,0,0,0,0,0,0,0,0,0,0,0,0,0,0,0,0,0,0,0,0,0,0,0,0,0,0,0,0,0,0,0,0,0,0,0,0,0,0,0,0,0,0,0,0,0,0,0,0,0,0,0,0,0,0,0,0,0,0,0,0,0,0,0,0,0,0,0,0,0,0,0,0,0,0,0,0,0,0,0,0,0,0,0,0,0,0,0,0,0,0,0,0,0,0,0,0,0,0.167,0,0,0,0,0,0,0,0,0,0,0,0,0,0,0,0,0,0,0,0,0,0,0,0,0,0,0,0,0,0,0,0,0,0,0,0,0,0,0,0,0,0,0,0,0,0,0,0,0,0,0,0,0,0,0,0,0,0,0,0,0,0,0,0,0,0,0,0,0,0,0,0,0,0,0,0,0,0,0,0,0,0,0,0,0,0,0,0,0,0,0,0,0,0,0,0,0,0,0,0,0,0,0,0,0,0,0,0,0,0,0,0,0,0,0,0,0,0,0,0,0,0,0,0,0,0,0,0,0,0,0,0,0,0,0,0,0,0,0,0,0,0,0,0,0,0,0,0,0,0,0,0,0,0,0,0,0,0,0,0,0,0,0,0,0,0,0,0,0,0,0,0,0,0,0,0,0,0,0,0,0,0,0,0,0,0,0,0,0,0,0,0,0,0,0,0,0,0,0,0,0,0,0,0,0,0,0,0,0,0,0,0,0,0,0,0,0,0,0,0,0,0,0,0,0,0,0,0,0,0,0,0,0,0,0,0,0,0,0,0,0,0,0,0,0,0,0,0,0,0,0,0,0,0,0,0,0,0,0,0,0,0,0,0,0,0,0,0,0,0,0,0,0,0,0,0,0,0,0,0,0,0,0,0,0,0,0,0,0,0,0,0,0,0,0,0,0,0,0,0,0,0,0,0,0,0,0,0,0,0,0,0,0,0,0,0,0,0,0,0,0,0,0,0,0,0,0,0,0,0,0,0,0,0,0,0,0,0,0,0,0,0,0,0,0,0,0,0,0,0,0,0,0,0,0,0,0,0,0,0,0,0,0,0,0,0,0,0,0,0,0,0,0,0,0,0,0,0,0,0,0,0,0,0,0,0,0,0,0,0,0,0,0,0,0,0,0,0,0,0,0,0,0,0,0,0,0,0,0,0,0,0,0,0,0,0,0,0,0,0,0,0,0,0,0,0,0,0,0,0,0,0,0,0,0,0,0,0,0,0,0,0,0,0,0,0,0,0,0,0,0,0,0,0,0,0,0,0,0,0,0,0,0,0,0,0,0,0,0,0,0,0,0,0,0,0,0,0,0,0,0,0,0,0,0,0,0,0,0,0,0,0,0,0,0,0,0,0,0,0,0,0,0,0,0,0,0,0,0,0,0,0,0,0,0,0,0,0,0,0,0,0,0,0,0,0,0,0,0,0,0,0,0,0,0,0,0,0,0,0,0,0,0,0,0,0,0,0,0,0,0,0,0,0,0,0,0,0,0,0,0,0,0,0,0,0,0,0,0,0,0,0,0,0,0,0,0,0,0,0,0,0,0,0,0,0,0,0,0,0,0,0,0,0,0,0,0,0,0,0,0,0,0,0,0,0,0,0,0,0,0,0,0,0,0,0,0,0,0,0,0,0,0,0,0,0,0,0,0,0,0,0,0,0,0,0,0,0,0,0,0,0,0,0,0,0,0,0,0,0,0,0,0,0,0,0,0,0,0,0,0,0,0.398,0,0,0,0,0,0,0,0,0,0,0,0,0,0,0,0,0,0,0,0,0,0,0,0,0,0,0,0,0,0,0,0,0,0,0,0,0,0,0,0,0,0,0,0,0,0,0,0,0,0,0,0,0,0,0.209,0,0,0,0,0,0,0,0,0,0,0,0,0,0,0,0,0,0,0,0,0,0,0,0,0,0,0,0,0,0,0,0,0,0,0,0,0,0,0,0,0,0,0,0,0,0,0,0,0,0,0,0,0,0,0,0,0,0,0,0,0,0,0,0,0,0,0,0,0,0,0,0,0,0,0,0,0,0,0,0,0,0,0,0,0,0,0,0,0,0,0,0
854916,0,0,0,0,0,0,0,0,0,0,0,0,0,0,0,0.237,0,0,0,0.532,0,0,0,0,0.469,0,0,0,0,0,0,0,0,0,0,0,0,0,0,0,0,0,0.231,0,0.397,0,0,0,0,0,0,0,0,0,0,0,0,0,0,0,0,0.44,0,0,0,0,0,0,0,0,0.319,0,0,0.612,0,0,0,0,0,0,0,0,0,0,0,0,0,0,0.234,0,0,0,0,0,0,0,0,0,0.221,0,0,0,0,0,0,0,0,0,0,0,0,0.204,0,0,0,0,0,0,0.339,0,0,0,0,0,0,0,0,0,0,0,0,0,0,0,0.191,0,0,0,0,0,0,0,0,0,0,0.56,0,0,0,0,0.158,0,0,0,0,0,0,0,0,0.768,0,0,0,0,0,0,0,0.259,0,0,0,0.36,0.415,0.374,0,0,0,0,0,0,0.273,0,0,0,0,0,0,0,0,0,0,0,0,0,0,0.675,0,0,0,0,0,0.192,0.157,0,0,0,0,0,0,0,0,0,0,0,0,0,0,0,0,0,0,0.22,0,0,0,0,0,0,0,0.195,0,0,0,0,0,0,0.154,0,0,0,0,0,0,0,0,0,0,0.214,0,0,0,0,0,0,0,0,0,0,0,0,0,0.153,0,0,0,0,0,0.445,0,0,0,0,0,0.319,0,0,0,0,0,0,0,0.44,0,0,0,0,0,0,0,0,0.188,0.803,0,0,0,0,0,0.803,0.628,0,0,0,0,0,0,0,0,0,0,0,0,0,0,0,0,0,0,0,0.492,0,0,0,0.356,0,0,0,0,0,0,0,0,0.598,0,0,0,0,0,0,0,0,0,0,0,0,0,0,0,0,0,0,0,0,0,0,0,0,0,0,0,0,0,0,0,0,0,0,0,0,0,0,0.377,0,0,0,0,0.162,0,0,0,0,0,0,0,0,0,0,0,0,0,0,0.251,0,0,0,0,0,0,0.153,0,0,0,0,0,0,0,0,0,0,0.178,0.213,0,0,0,0,0,0,0,0,0,0,0,0,0,0.552,0,0,0,0,0,0.626,0.359,0,0,0,0,0,0,0.211,0,0,0,0.971,0,0,0,0,0,0,0,0,0,0,0,0,0,0,0,0,0,0,0.227,0.201,0,0,0,0,0,0,0,0,0,0,0,0,0.44,0,0,0,0,0,0,0,0,0,0,0.171,0,0,0,0,0,0,0,0,0,0,0,0,0.258,0.551,0.289,0,0,0,0,0,0,0,0,0,0,0,0,0,0,0,0,0,0,0,0.195,0,0,0,0,0,0,0,0,0,0,0,0,0,0,0,0,0,0,0,0,0,0,0,0,0,0,0,0,0,0,0,0,0,0,0,0,0.184,0,0,0,0,0,0,0,0,0,0,0.297,0,0,0.398,0,0.389,0,0,0,0,0,0.264,0,0,0,0,0.551,0,0,0,0,0,0,0,0,0,0,0,0,0,0,0,0.607,0.25,0,0,0,0,0,0,0,0.465,0,0,0,0.55,0,0,0,0,0,0.92,0,0,0,0,0,0,0.258,0,0,0,0,0,0,0,0,0,0.441,0,0,0,0,0,0,0,0,0,0.205,0,0,0,0,0,0.727,0,0,0,0,0,0,0,0,0,0,0,0,0,0,0,0,0,0,0,0,0,0,0,0,0,0,0,0,0,0,0,0.166,0,0,0,0,0,0,0,0,0,0,0,0,0,0.156,0,0,0,0,0,0.181,0,0,0,0,0,0,0,0,0.586,0.272,0,0,0,0,0,0,0,0,0,0,0,0,0,0,0,0,0,0,0,0,0,0,0,0,0,0,0,0,0.266,0,0,0,0,0,0,0,0,0,0,0,0,0,0,0,0,0,0,0,0,0,0,0,0,0,0,0,0,0,0,0,0,0.813,0,0,0,0,0,0,0,0,0,0,0,0,0,0.196,0,0,0,0,0,0.683,0,0,0,0,0,0,0,0,0,0,0,0,0,0,0,0.376,0.161,0,0,0,0,0,0,0,0,0,0,0,0,0,0.959,0,0,0,0,0,0,0,0,0,0,0,0,0,0,0.258,0,0.15,0,0,0,0,0.238,0,0,0,0,0,0,0,0,0,0,0.258,0,0,0,0.625,0,0.313,0,0,0,0,0,0,0.332,0,0,0,0,0,0,0,0,0,0,0,0,0,0,0,0,0,0,0.555,0,0,0,0,0,0,0.808,0,0,0,0.45,0,0,0,0,0,0,0,0,0,0,0,0,0,0,0,0,0,0,0,0,0,0,0,0,0,0,0,0,0,0,0,0,0,0,0,0,0,0,0.243,0,0,0,0,0,0,0,0,0,0.556,0,0,0,0,0,0,0,0,0,0,0,0,0,0,0,0,0,0.6,0,0,0,0,0,0,0,0.33,0,0,0,0,0,0,0,0,0,0,0,0,0,0,0,0,0,0,0,0,0,0,0,0,0,0,0,0,0,0,0,0,0,0,0,0.324,0,0,0,0.217,0,0,0,0,0,0,0,0,0.364,0,0,0,0,0,0.193,0.536,0,0,0,0,0,0,0,0,0,0,0,0,0,0,0,0,0.553,0,0.435,0,0,0,0,0,0,0,0,0,0,0,0,0,0,0,0,0,0,0,0,0,0,0,0,0,0,0,0,0,0,0,0,0,0,0,0,0,0,0,0,0,0,0,0,0,0,0,0,0,0,0.167,0.171,0,0,0,0,0,0,0,0,0,0,0,0,0,0,0,0,0,0,0,0,0.915,0,0,0,0.248,0.192,0,0,0,0,0,0,0,0,0,0.219,0,0,0.244,0,0,0,0,0,0,0.587,0,0,0,0,0,0,0,0,0,0,0,0,0,0,0,0,0,0,0,0,0,0,0,0,0,0,0,0.161,0,0,0,0,0,0.369,0,0,0,0,0,0,0.44,0,0,0,0,0,0,0,0,0.189,0,0.851,0,0,0,0,0,0,0,0,0,0,0,0,0,0,0,0,0,0,0,0,0,0,0,0,0,0,0,0,0,0,0,0,0,0,0,0,0,0,0,0,0,0,0,0,0,0,0,0,0,0,0.228,0,0,0,0,0,0,0,0.323,0,0.194,0,0,0,0,0,0,0,0,0,0,0,0.245,0,0,0,0,0,0,0,0,0.191,0,0,0,0,0,0.215,0,0,0,0,0,0,0,0,0,0,0,0,0,0,0,0,0,0,0,0,0,0,0,0,0.551,0,0,0,0,0,0,0.23,0,0,0,0,0,0,0,0,0,0.37,0.235,0.539,0,0,0,0,0,0,0,0,0.39,0,0,0,0,0,0,0,0,0,0.156,0,0.315,0.195,0,0,0,0,0.739,0,0.447,0,0,0,0,0,0,0,0,0,0,0,0,0,0,0,0.63,0,0,0,0,0,0,0,0.594,0,0,0,0,0,0,0,0,0,0.552,0,0,0,0,0,0,0,0,0,0,0.23,0,0,0,0.161,0.555,0,0,0,0,0,0,0,0,0.168,0,0,0,0,0,0,0,0,0,0.163,0.258,0,0,0,0.204,0,0,0,0.29,0,0,0,0,0,0,0,0.215,0,0,0,0,0,0,0,0,0,0,0,0,0,0,0,0,0,0,0,0,0,0,0,0,0,0,0,0,0,0,0,0,0,0.337,0,0,0,0,0,0,0,0,0,0,0.428,0,0,0,0,0,0,0,0,0,0,0,0,0,0,0,0,0,0,0,0,0,0,0,0,0,0,0,0,0.398,0,0,0,0,0,0,0.22,0,0,0,0,0,0,0,0,0,0,0,0,0,0,0,0,0,0,0,0,0,0,0,0,0,0,0,0,0,0,0,0,0,0,0,0,0,0,0,0,0,0,0,0,0,0,0.263,0,0,0,0,0,0,0,0,0,0,0,0,0,0,0,0,0,0,0,0,0,0,0,0,0,0,0,0,0,0,0,0,0,0,0,0,0,0,0,0,0.309,0,0,0,0,0,0.161,0,0,0,0,0,0,0,0,0,0,0,0,0,0,0,0,0,0,0.382,0,0,0,0,0.256,0,0,0,0,0,0,0,0,0,0,0,0,0,0,0,0,0,0,0,0,0,0,0,0,0,0,0,0.44,0,0,0,0,0,0,0,0,0,0,0.238,0,0,0,0,0,0,0,0,0,0,0,0,0,0,0,0,0,0.44,0,0,0,0,0,0,0,0,0,0,0,0,0,0,0,0,0,0,0,0,0,0,0,0,0,0,0,0,0.235,0,0,0,0,0,0,0,0,0,0,0,0,0,0,0,0,0,0,0,0,0,0,0,0,0,0,0,0,0,0,0,0,0,0,0,0,0,0,0,0,0,0,0,0,0,0,0,0,0,0,0,0,0,0,0,0,0,0,0,0,0,0,0,0,0,0,0,0,0,0,0,0,0,0,0,0,0.24,0,0,0,0,0,0,0,0,0,0,0,0,0,0,0,0,0,0,0,0,0,0,0,0.289,0,0,0,0,0,0,0,0,0,0,0,0,0,0,0,0,0,0,0,0,0,0,0,0,0,0,0,0,0,0,0,0,0,0.306,0,0,0,0,0,0,0,0,0,0,0,0,0,0,0,0,0,0,0,0,0.511,0,0,0,0,0,0,0,0,0,0,0,0,0,0,0,0,0,0,0,0,0,0,0,0,0,0.156,0,0,0,0,0,0,0,0.183,0,0,0,0,0,0,0,0,0.195,0,0,0,0,0,0,0,0,0,0,0.152,0,0,0,0.307,0,0,0,0,0,0,0,0,0,0,0,0,0,0,0,0,0,0,0,0,0,0,0,0,0,0,0,0,0,0,0,0,0,0,0,0,0,0,0,0,0,0,0,0,0,0,0,0,0.167,0,0,0,0,0,0,0,0,0,0,0,0,0,0,0,0,0,0,0,0,0,0.987,0,0,0,0,0,0,0,0,0,0,0,0,0,0,0,0,0,0,0,0,0,0,0,0,0,0,0,0,0,0,0,0,0,0,0,0,0,0,0,0,0,0,0.298,0,0.158,0,0,0,0.187,0,0,0,0,0,0,0,0,0,0.258,0,0,0,0,0,0,0,0,0,0,0,0,0,0,0,0,0,0,0,0,0,0,0,0,0,0,0,0,0,0,0,0,0,0,0,0.38,0,0,0,0,0,0,0,0,0,0.179,0,0,0,0,0,0,0,0,0,0,0,0,0,0,0,0,0,0,0,0,0,0,0,0,0,0,0,0,0,0,0,0,0,0,0,0.315,0,0,0,0,0,0.162,0,0,0,0,0,0,0,0,0,0,0,0,0,0,0,0,0,0,0,0,0,0,0,0,0,0,0,0,0,0,0,0,0,0,0,0,0,0,0.283,0,0,0,0,0,0,0,0,0,0,0,0,0,0,0,0,0,0,0,0,0,0,0,0,0,0,0,0,0,0,0,0,0,0,0,0,0,0,0,0,0,0,0,0,0,0,0,0,0,0,0,0,0,0,0,0,0,0,0,0,0,0,0,0,0,0,0,0,0,0,0,0,0,0,0,0.178,0.22,0,0,0,0,0.186,0,0.396,0,0,0,0,0,0,0,0,0,0,0,0,0,0,0,0,0,0,0,0,0,0,0,0,0,0,0,0,0,0,0,0,0,0.163,0,0,0,0,0,0,0,0,0,0,0,0,0,0,0,0,0,0,0,0,0,0,0,0,0,0,0,0,0,0,0,0,0,0,0,0,0,0,0,0,0,0,0,0,0,0,0,0,0,0,0,0,0,0,0,0,0,0,0,0,0,0,0,0,0,0,0,0,0.191,0,0,0,0,0,0,0,0,0,0,0,0,0,0,0,0,0,0,0,0,0,0,0,0,0,0,0,0,0,0.155,0,0,0,0,0,0,0,0,0,0,0,0,0.979,0,0,0,0,0.299,0,0,0,0,0,0,0,0,0,0,0,0,0,0,0,0,0,0,0,0,0,0,0,0.673,0.153,0,0,0,0,0,0,0,0,0,0,0,0,0,0,0,0,0,0,0,0,0,0,0,0,0,0,0,0,0,0,0,0,0,0,0,0,0.771,0,0,0,0,0,0.317,0,0,0,0,0,0,0,0,0,0,0,0,0,0,0,0,0,0.309,0,0,0,0,0,0,0,0,0,0,0,0,0,0,0,0,0,0,0,0,0,0,0,0,0,0,0,0,0,0,0,0,0,0,0,0,0,0,0,0,0,0,0,0,0,0,0,0,0,0,0,0,0,0,0,0,0,0,0,0,0.186,0,0,0,0,0,0,0.21,0.185,0,0,0,0.55,0,0,0,0,0,0,0,0,0,0,0,0,0,0,0,0,0.242,0,0,0,0,0,0,0.351,0,0,0,0,0,0,0,0,0,0,0,0,0,0,0,0,0,0,0,0,0,0.226,0,0,0,0,0,0,0,0.448,0,0,0,0.585,0,0,0,0,0,0,0,0,0.219,0,0,0,0,0,0,0,0,0,0,0,0,0,0,0,0,0,0,0,0,0,0,0,0,0,0,0,0,0,0,0,0,0,0,0,0,0,0,0,0,0,0,0.165,0,0,0,0,0,0,0,0,0,0.209,0,0,0,0,0,0,0,0,0,0,0,0,0,0,0,0,0,0,0,0,0,0,0,0,0,0.681,0,0,0,0,0,0,0,0,0,0.502,0,0,0,0,0,0,0,0,0,0,0,0,0,0,0,0,0,0,0,0,0,0,0,0,0,0,0,0,0,0,0,0,0,0,0,0,0,0,0,0,0,0,0,0,0,0,0,0,0,0,0,0,0,0,0,0,0,0,0,0,0,0,0,0,0,0,0,0,0,0,0,0,0,0,0,0,0,0,0,0,0,0,0,0,0,0,0,0,0,0,0,0,0,0,0,0,0,0,0,0,0,0,0,0,0,0,0,0,0,0.218,0,0.317,0,0,0,0,0,0,0,0,0,0,0.334,0,0,0,0,0,0.161,0,0,0,0,0,0,0,0,0,0,0,0,0,0,0,0,0,0,0,0,0,0,0,0,0,0,0,0,0.169,0,0,0,0,0,0,0,0,0,0,0,0,0,0,0,0,0,0,0,0,0,0,0,0,0,0,0,0,0,0,0,0,0,0,0,0,0,0,0,0.196,0,0,0,0,0,0,0,0,0,0,0,0,0,0,0,0,0,0,0,0,0,0,0.314,0,0,0,0,0,0,0,0,0,0,0,0,0,0,0,0,0,0,0,0,0,0,0,0,0,0,0,0,0,0,0,0,0,0,0,0,0,0,0,0,0,0,0,0,0,0,0,0,0,0,0,0,0,0,0,0,0,0.238,0,0,0,0,0,0,0,0.18,0,0,0,0,0,0,0,0,0,0,0,0,0,0,0,0,0,0,0,0,0,0,0,0,0,0,0.352,0,0,0,0,0,0,0,0,0,0,0,0,0,0,0,0,0,0,0,0,0,0,0,0,0,0,0,0,0,0.972,0,0,0,0,0,0,0,0,0,0,0,0,0,0,0,0,0,0,0,0,0,0,0,0,0,0,0,0,0,0,0,0,0,0,0,0,0,0,0,0,0,0,0,0,0,0,0,0,0,0,0,0,0,0,0,0,0,0,0,0,0,0,0,0,0,0,0,0,0.157,0,0,0,0,0,0,0,0,0,0,0,0,0.522,0,0,0,0,0,0,0,0,0,0,0,0,0,0,0,0,0,0,0,0,0,0,0,0,0,0,0,0,0,0,0,0,0,0,0,0.22,0,0,0,0,0,0,0,0,0,0,0,0,0,0,0,0,0,0,0,0,0,0,0,0,0,0,0,0.453,0,0.545,0.514,0,0,0,0,0,0,0,0,0.337,0,0,0,0,0,0,0.192,0,0.267,0,0,0.957,0,0,0,0,0,0,0,0,0,0,0,0,0,0,0,0,0,0,0,0,0,0,0,0,0,0.174,0,0,0,0,0,0,0,0,0,0,0,0,0,0,0.17,0.708,0,0,0,0,0,0,0,0.683,0,0,0,0,0,0,0,0,0.222,0,0,0,0,0,0,0,0,0,0,0,0,0,0,0,0,0,0,0,0,0.449,0,0,0,0,0,0.588,0,0,0,0,0,0,0,0,0,0,0,0,0,0,0,0,0,0,0,0,0,0,0,0,0,0,0,0,0,0,0,0,0,0.222,0,0,0,0,0,0,0,0,0,0,0,0,0,0,0,0,0,0,0,0,0,0.178,0.156,0,0,0,0,0,0,0,0,0,0,0,0,0,0.481,0,0,0,0,0.286,0,0,0,0,0,0,0,0,0,0,0,0,0.293,0,0.681,0,0,0,0,0,0,0,0,0,0,0,0,0.935,0,0,0,0,0,0,0,0.44,0,0.369,0,0,0,0,0,0,0,0,0.323,0,0,0,0,0,0,0,0,0,0,0,0,0,0,0,0,0,0,0,0,0,0,0,0,0,0,0,0,0,0,0,0,0,0,0,0,0,0,0,0,0,0,0,0,0.175,0,0,0.222,0,0,0,0,0,0,0,0,0,0,0,0,0,0,0,0,0,0,0,0,0,0,0,0,0,0,0,0.214,0,0,0,0,0,0,0,0,0,0,0,0,0,0,0,0,0,0,0,0,0,0,0,0,0,0,0,0,0,0.151,0,0,0.155,0,0,0,0,0,0,0,0,0,0,0,0,0,0,0,0,0,0,0,0,0,0,0,0,0,0,0.201,0.158,0,0,0,0,0,0,0,0,0,0,0,0,0,0,0,0,0.258,0,0,0,0,0,0,0,0,0,0,0,0,0,0,0,0,0,0,0,0,0,0.355,0,0,0,0,0,0,0,0,0,0.194,0,0,0,0,0,0,0,0,0,0,0,0,0,0,0,0,0,0,0,0,0,0,0,0.16,0,0,0,0,0,0,0,0,0,0,0,0,0,0,0,0,0,0,0,0,0,0,0,0,0,0,0,0,0,0,0,0,0,0,0,0,0,0,0,0,0,0,0,0,0,0,0,0,0,0,0,0,0,0,0,0,0,0,0,0,0,0,0,0,0,0,0,0,0,0,0,0,0,0,0,0,0,0,0,0,0,0,0,0.256,0,0,0,0,0,0.155,0,0,0,0,0,0,0,0.193,0,0,0,0,0,0,0,0,0,0,0,0,0,0,0,0.22,0,0,0,0,0,0,0,0,0,0,0,0.714,0,0.324,0,0.748,0.196,0,0,0,0,0,0,0,0,0,0,0.307,0,0,0,0.195,0,0,0,0,0,0,0,0,0,0,0,0,0,0,0.309,0,0,0,0,0,0,0,0,0,0,0,0,0,0,0,0,0,0,0,0,0,0.19,0,0,0,0,0,0,0,0,0,0,0,0,0,0,0,0,0,0,0,0,0,0,0,0,0,0,0,0.362,0,0.406,0,0,0,0,0,0,0.223,0,0,0,0,0,0,0,0,0,0.223,0,0,0,0,0,0,0,0,0,0.161,0,0,0,0,0.192,0,0,0,0,0,0,0,0,0,0,0,0,0,0,0,0,0,0,0,0,0,0,0,0,0,0,0,0,0,0,0.207,0,0,0,0,0,0,0,0,0,0,0,0,0,0.22,0,0,0,0,0,0.539,0,0,0,0,0,0,0,0,0,0,0,0,0,0,0,0,0,0,0,0,0,0.259,0,0,0,0,0,0,0,0,0,0,0,0,0,0,0,0,0,0,0,0,0,0.961,0,0,0,0,0,0,0,0.966,0,0,0,0.286,0,0,0,0,0,0,0,0,0,0,0,0,0,0,0,0,0,0,0,0,0,0,0,0,0,0,0,0,0,0,0,0,0,0,0,0,0,0,0,0,0,0,0,0,0,0,0.97,0,0,0,0,0,0,0,0,0,0,0,0,0,0.996,0.156,0,0,0,0,0,0,0.227,0,0,0,0,0,0,0,0,0,0,0,0,0,0,0,0,0,0,0,0,0.184,0,0,0,0.191,0,0,0,0,0,0.273,0,0,0,0,0,0,0,0,0,0,0,0,0,0,0,0,0,0,0,0,0,0,0,0,0,0,0,0,0,0,0,0,0,0,0,0,0,0,0,0,0,0.206,0,0,0,0.191,0.357,0,0,0,0,0,0,0,0,0,0,0,0,0,0,0,0,0,0,0,0,0,0,0,0,0,0,0.973,0,0,0.174,0,0.174,0,0.227,0,0,0,0,0,0,0,0,0,0,0,0,0,0,0,0,0,0,0,0,0,0,0,0,0,0,0,0,0,0,0,0,0,0,0,0,0,0,0.299,0,0,0,0,0,0,0,0,0,0,0,0,1
850559,0,0,0,0.353,0,0,0.443,0,0,0,0,0,0,0,0,0.155,0,0,0,0,0,0,0,0,0,0,0,0,0,0,0,0,0,0,0,0,0,0,0,0,0,0,0,0,0,0,0,0,0,0,0,0,0,0,0,0,0,0,0,0,0,0,0,0,0.363,0,0,0,0,0,0,0,0,0,0,0,0,0,0,0,0,0,0,0,0,0,0,0,0,0,0,0,0,0,0,0,0,0,0,0,0,0,0,0,0,0,0,0,0,0,0,0,0,0,0,0,0,0,0,0,0,0,0,0,0,0,0,0,0,0,0,0,0,0,0,0,0,0,0,0,0,0,0,0,0,0,0,0,0,0,0,0,0,0,0,0,0,0,0,0,0,0,0,0,0,0,0,0,0,0,0,0,0,0,0,0,0,0,0,0,0,0,0,0,0,0,0,0,0,0,0,0,0,0,0,0,0,0,0,0,0,0,0,0,0,0,0,0,0,0,0,0,0,0,0,0,0,0,0,0,0,0,0,0,0,0,0,0,0,0,0,0,0,0,0,0,0,0,0,0,0,0,0,0,0,0,0,0,0,0,0,0,0,0,0,0,0,0,0,0,0,0,0,0,0,0,0,0,0,0,0,0,0,0,0,0,0,0,0,0,0,0,0,0,0,0,0,0,0,0,0,0,0,0,0,0,0,0,0,0,0,0,0,0,0,0,0,0,0,0,0,0,0,0,0,0,0,0,0,0,0,0,0,0,0,0,0,0,0,0,0,0,0,0,0,0,0,0,0,0,0,0,0,0,0,0,0,0,0,0,0,0,0,0,0,0.482,0,0,0.636,0,0,0,0,0,0,0,0,0,0,0,0,0,0,0,0,0,0,0,0,0,0.195,0,0,0,0,0,0,0,0,0,0,0,0,0,0,0,0,0,0,0,0,0,0,0,0,0,0,0,0,0,0,0,0,0,0,0,0,0,0,0,0,0,0,0,0,0,0,0,0,0,0,0,0,0,0,0,0,0,0,0,0,0,0,0,0,0,0,0,0,0,0,0,0,0,0,0,0,0,0,0,0,0,0,0,0,0,0,0,0,0,0,0,0,0,0,0,0,0,0,0,0,0,0,0,0,0,0,0,0,0,0,0,0,0,0,0,0,0,0,0,0,0,0,0,0,0,0,0,0,0,0,0,0,0,0,0,0,0,0,0,0,0,0,0,0,0,0,0,0,0,0,0,0,0,0,0,0,0,0,0,0,0,0,0,0,0,0,0,0,0,0,0,0,0,0,0,0,0,0,0,0,0,0,0,0,0,0,0,0,0,0,0,0,0,0,0,0,0,0,0,0,0,0,0.447,0,0,0,0,0,0,0,0,0,0,0,0,0,0,0,0,0,0,0,0,0,0,0,0,0,0,0,0,0,0,0,0,0,0,0,0,0,0,0,0,0,0,0,0.22,0,0,0,0,0,0,0,0,0,0,0,0,0,0,0,0,0,0,0,0,0,0,0,0,0,0,0,0,0,0,0,0,0,0,0,0,0,0,0,0,0,0,0,0,0,0,0,0,0,0,0,0,0,0,0,0,0,0,0,0,0,0,0,0,0,0,0,0,0,0,0,0,0,0,0,0,0,0,0,0,0,0,0,0,0,0,0,0,0,0,0,0,0,0,0,0.45,0,0,0,0,0,0,0,0,0,0,0,0,0,0,0.229,0,0,0,0,0,0,0,0,0,0,0,0,0,0,0,0,0,0,0,0,0,0,0,0,0,0,0,0,0,0,0,0,0,0,0,0,0,0,0,0,0,0,0,0,0,0,0,0,0,0,0,0,0,0,0,0,0,0,0.355,0,0,0.309,0,0,0,0,0,0,0,0,0,0,0,0,0,0,0,0,0,0,0,0,0,0,0,0,0,0,0,0,0,0,0,0,0,0,0,0,0,0,0,0,0,0,0,0,0,0,0,0,0,0,0,0,0,0,0,0,0,0,0,0,0,0,0,0,0,0,0,0,0,0,0,0,0,0,0,0,0.151,0,0,0,0,0,0,0,0.151,0,0,0,0,0,0,0,0,0,0,0,0,0,0,0,0,0,0,0,0,0,0,0,0,0,0,0,0,0,0,0,0,0,0,0,0,0,0,0,0,0,0,0,0,0,0,0,0,0,0,0,0,0,0,0,0,0,0,0,0,0,0.194,0,0,0,0,0,0,0,0,0,0,0,0,0,0,0,0,0,0,0,0,0,0,0,0,0,0,0.957,0,0.952,0,0,0,0,0,0.194,0.969,0,0.398,0,0,0,0,0,0,0,0.194,0,0,0.956,0.515,0,0,0,0,0,0,0,0,0,0,0,0.734,0,0,0,0,0,0,0,0,0,0,0,0,0,0,0,0,0,0,0,0,0,0,0,0,0,0,0,0,0,0,0,0,0,0,0,0,0,0,0,0,0,0,0,0,0,0,0,0,0,0,0,0,0,0,0,0,0,0,0,0,0,0,0,0,0,0,0,0,0,0,0,0,0,0,0,0,0,0.191,0,0,0,0,0,0,0,0,0,0,0,0,0,0,0,0,0,0,0.194,0,0,0,0,0,0,0,0,0,0,0,0,0,0,0,0,0,0,0,0,0,0,0,0,0,0,0,0,0,0,0,0,0,0,0,0,0,0,0,0,0,0,0,0,0,0,0,0,0.152,0,0,0,0,0,0,0,0,0,0,0,0,0,0,0,0,0,0,0,0,0,0,0,0,0,0,0,0,0,0,0,0,0,0,0,0,0,0,0,0,0,0,0,0,0,0,0,0,0,0,0,0,0,0,0,0,0,0,0,0,0,0,0,0.706,0,0,0,0,0,0,0,0,0,0,0,0,0,0,0,0,0,0,0,0,0,0,0,0,0,0,0,0,0,0,0,0,0,0,0,0,0.195,0,0,0,0,0,0,0,0,0,0,0,0,0,0,0,0,0,0,0,0,0,0,0,0,0,0,0,0,0.154,0,0,0,0,0,0,0,0,0,0.554,0,0,0,0,0.297,0.554,0,0,0,0,0,0,0,0,0,0,0,0,0,0,0,0,0,0,0,0.39,0,0,0,0,0,0,0,0,0,0,0,0,0,0,0,0,0,0,0,0,0,0,0,0,0,0,0,0,0,0,0.555,0,0,0,0,0,0,0,0,0,0,0,0,0,0,0,0,0,0,0,0,0,0,0,0,0,0,0,0,0,0,0,0,0,0,0,0,0,0,0,0,0,0,0,0,0,0,0,0,0,0,0,0,0,0,0,0,0,0,0,0,0,0,0,0,0,0,0,0,0,0,0,0,0,0,0,0,0,0,0,0,0,0,0,0,0,0,0,0,0,0,0,0,0,0,0,0,0,0,0,0,0,0,0,0,0,0,0,0,0,0,0,0,0,0,0,0,0,0,0,0,0,0,0,0,0,0,0,0,0,0,0,0,0,0,0,0,0,0,0,0,0,0,0,0,0,0,0,0,0,0,0,0,0,0,0,0,0,0,0,0,0,0,0,0,0,0,0,0,0,0,0,0,0,0,0,0,0,0,0,0,0,0,0,0,0,0,0,0,0,0,0,0,0,0,0,0,0,0,0,0,0,0,0,0,0,0,0,0,0,0,0,0,0,0,0,0,0,0,0,0,0,0,0,0,0,0,0,0,0,0,0,0,0,0,0,0,0,0,0,0,0,0,0,0,0,0,0,0,0,0,0.157,0,0,0,0,0,0,0,0,0,0,0,0,0,0,0,0,0,0,0,0,0,0,0,0,0,0,0,0,0,0,0,0,0,0,0,0,0,0,0,0,0,0,0,0,0,0,0,0,0,0,0,0,0,0,0,0,0,0,0,0,0,0,0.52,0,0,0.338,0,0,0,0,0,0,0,0,0,0,0,0,0,0,0,0,0,0,0,0,0,0,0,0,0,0,0,0,0,0,0,0,0,0,0,0,0,0,0,0,0,0,0,0,0,0,0,0,0,0,0,0,0,0,0,0,0,0,0,0,0,0,0,0,0,0,0,0,0,0,0,0,0,0,0,0,0,0,0,0,0,0,0,0,0,0,0,0,0,0,0,0,0,0,0,0,0,0,0,0,0,0,0,0,0,0,0,0,0,0,0,0,0,0,0,0,0,0,0,0,0,0,0,0,0,0,0,0,0,0,0,0,0,0,0,0,0,0,0,0.19,0,0,0,0,0,0,0,0,0,0,0,0,0,0,0,0,0,0,0,0,0,0,0,0,0,0,0,0,0,0,0,0,0.338,0,0,0,0,0,0,0,0,0,0,0,0,0,0,0,0,0,0,0,0,0,0,0,0,0,0,0,0,0,0,0,0,0,0,0,0,0,0,0,0,0,0,0,0,0,0,0,0,0,0,0,0,0.398,0,0,0,0,0,0,0,0,0,0,0,0,0,0,0,0,0,0,0,0,0,0,0,0,0,0,0,0,0,0,0,0,0,0,0,0,0,0,0,0,0,0,0,0,0,0,0,0,0,0,0,0,0,0,0,0,0,0,0,0,0,0,0,0,0,0,0,0,0,0,0,0,0,0,0,0,0,0,0,0,0,0,0,0,0,0,0,0,0,0,0,0,0,0,0,0,0,0,0,0,0,0,0,0,0,0,0,0,0,0,0.191,0,0,0,0,0,0,0,0,0,0,0,0,0,0,0,0,0,0,0,0,0,0,0,0,0,0,0,0,0,0,0,0,0,0,0,0,0,0,0,0,0,0,0,0,0,0,0,0,0,0,0,0,0,0,0,0,0,0,0,0,0,0,0,0,0,0,0,0,0,0,0,0,0,0,0,0,0,0,0,0,0,0,0,0,0,0,0,0,0,0.382,0,0,0,0,0,0,0,0,0,0,0,0.307,0,0,0,0,0,0,0,0,0,0,0,0,0,0,0,0,0,0,0,0,0,0,0,0,0,0,0,0,0,0,0,0,0,0,0,0,0,0,0,0,0,0,0,0,0,0,0,0,0,0,0,0,0,0,0,0,0,0,0,0,0,0,0,0,0,0,0,0,0,0,0,0,0,0,0,0,0,0,0,0,0,0,0,0,0,0,0,0,0,0,0,0,0,0,0,0,0,0,0,0,0,0.29,0,0,0,0,0,0,0,0,0,0,0,0,0,0,0,0,0,0,0,0,0,0,0,0,0,0,0,0,0,0,0,0,0,0,0,0,0,0,0,0,0.152,0,0,0,0,0,0,0,0,0,0,0,0,0,0,0,0,0,0,0,0,0,0,0,0,0,0,0,0,0,0,0,0,0,0,0,0,0,0,0,0,0,0,0,0,0,0,0,0,0,0,0,0,0,0,0,0,0,0,0,0,0,0,0,0,0,0,0,0,0,0,0,0,0,0,0,0,0,0,0,0,0,0.572,0,0,0,0,0,0,0,0,0,0,0,0,0,0,0,0.394,0,0,0,0,0,0,0,0,0,0,0,0,0,0,0,0,0,0,0,0.359,0,0,0,0,0,0,0,0,0,0,0,0,0,0,0,0,0,0,0,0,0,0,0,0,0.19,0,0,0,0,0,0,0.355,0,0,0,0,0,0,0,0,0,0,0,0,0,0,0,0,0,0,0,0,0,0,0,0,0,0,0,0,0,0,0,0,0,0,0,0,0,0,0,0,0,0,0,0,0,0,0,0,0,0,0,0,0,0,0,0,0,0,0,0,0,0,0,0,0,0,0,0,0,0,0,0,0,0,0,0,0,0,0,0,0,0,0,0,0,0,0,0,0,0,0,0,0,0,0,0,0,0,0,0,0,0,0,0,0,0,0,0,0,0,0,0,0,0,0,0,0,0,0,0,0,0,0,0,0,0,0,0,0,0,0,0,0,0,0,0,0,0,0,0,0,0,0,0,0,0,0,0,0,0,0,0,0,0,0,0,0,0,0,0,0,0,0,0,0,0,0,0,0,0,0,0,0,0.333,0,0,0,0,0,0,0,0,0,0,0,0,0,0,0,0,0,0,0,0,0,0,0,0,0,0,0,0,0,0,0,0,0,0,0,0.206,0,0,0,0,0,0,0,0,0.309,0,0,0,0,0,0.198,0,0,0,0,0,0,0,0,0,0,0,0,0,0,0,0,0,0,0,0,0,0,0,0,0,0,0,0,0,0,0,0,0,0,0,0,0,0,0,0,0,0,0.392,0,0,0,0,0,0,0,0,0,0,0,0,0,0,0,0.392,0,0,0,0,0.33,0,0,0,0,0,0,0,0,0,0,0,0,0,0,0,0,0,0,0,0,0,0,0,0,0,0,0,0,0,0,0,0,0,0,0,0,0,0,0,0,0,0,0,0,0,0,0,0,0,0,0,0,0,0,0,0,0,0,0,0,0,0,0,0,0,0,0,0,0,0,0,0,0,0,0,0,0,0,0,0,0,0,0,0,0,0,0,0,0,0,0,0,0,0,0,0,0,0,0,0,0,0,0,0,0,0,0,0,0,0,0,0,0,0,0,0,0,0,0,0,0,0,0,0,0,0,0,0,0,0,0,0,0,0,0,0,0,0,0,0,0,0,0,0,0,0,0,0,0.266,0,0,0,0,0,0,0,0,0,0,0,0,0,0,0,0,0,0,0,0,0,0,0,0,0,0,0,0,0,0,0,0,0,0,0,0,0,0,0,0,0,0,0,0,0,0,0,0,0,0,0,0,0,0,0,0,0,0,0,0,0,0,0,0,0,0,0,0,0,0,0,0,0,0,0,0,0,0,0,0,0,0,0,0,0,0,0,0,0,0,0,0,0,0,0,0,0,0,0,0,0,0,0,0,0,0,0,0,0,0,0,0,0,0,0,0,0,0,0,0,0,0,0,0,0,0,0,0.48,0,0,0,0,0,0,0,0,0,0,0,0,0,0,0,0,0,0,0,0,0.66,0,0,0,0,0,0,0,0,0,0,0,0,0,0,0,0,0,0,0,0,0,0,0,0,0,0,0,0,0,0,0,0,0,0,0,0,0,0,0,0,0,0,0,0,0,0,0,0,0,0,0,0,0,0,0,0,0,0,0,0,0,0,0,0,0,0,0,0,0,0,0,0,0,0,0,0,0,0,0,0,0,0,0,0,0,0,0,0,0,0,0,0,0,0,0,0,0,0,0,0,0,0,0,0,0,0,0,0,0,0,0,0,0,0,0,0,0,0,0,0,0,0,0,0,0,0,0,0,0,0,0,0,0,0,0,0,0,0,0,0,0,0,0,0,0,0,0,0,0,0,0,0,0,0,0,0,0,0,0,0,0,0,0,0,0,0,0,0,0,0,0,0,0,0,0,0,0,0,0,0,0,0.35,0,0,0,0,0,0,0,0,0,0,0,0,0,0,0,0,0,0,0,0,0,0,0,0,0,0,0,0,0,0,0,0,0,0,0,0,0,0,0,0,0,0,0,0,0,0,0,0,0,0,0,0,0,0,0,0,0,0,0,0,0,0,0,0,0,0,0,0,0,0,0,0,0,0,0,0,0,0,0,0,0,0,0,0,0,0,0,0,0,0,0,0,0,0,0,0,0,0,0,0,0,0,0,0,0,0,0,0,0,0,0,0,0,0,0,0,0,0,0,0,0,0,0,0,0,0,0,0,0,0,0,0,0,0,0,0,0,0,0,0,0,0,0,0,0,0,0,0,0,0,0,0,0,0,0,0,0,0,0,0,0,0,0,0,0,0,0,0,0,0,0,0,0,0,0,0,0,0,0,0,0,0,0,0,0,0,0,0,0,0,0.196,0,0,0,0,0,0,0,0,0,0,0,0,0,0,0,0,0,0,0,0,0,0,0,0,0,0,0,0,0,0,0,0,0,0,0,0,0,0,0,0,0,0,0,0,0,0,0,0,0,0,0,0,0,0,0,0,0,0.551,0,0,0,0,0,0,0,0,0,0,0,0,0,0,0,0,0,0,0,0,0,0,0,0,0,0,0,0,0,0,0,0,0,0,0,0,0,0,0,0,0,0,0,0,0,0,0,0,0,0,0,0,0,0,0,0,0,0,0,0,0,0,0,0,0,0,0,0,0,0,0,0,0,0,0,0,0,0,0,0,0,0,0,0,0,0,0,0,0,0,0,0,0,0,0,0,0,0,0,0,0,0,0,0,0,0,0,0,0,0,0,0,0,0,0,0,0,0,0,0,0,0,0,0,0,0,0,0,0,0,0,0,0,0,0,0,0,0,0,0,0,0,0,0,0,0,0,0,0,0,0,0,0,0,0,0,0,0,0,0,0,0,0,0,0,0,0,0,0,0,0,0,0,0,0,0,0,0,0,0,0,0,0,0,0,0,0,0,0,0,0,0,0,0,0,0,0,0,0,0,0,0,0,0,0,0,0,0,0,0,0,0,0,0,0,0,0,0,0,0,0,0,0.296,0,0,0,0,0,0,0,0,0,0,0,0,0,0,0,0,0,0,0,0,0,0,0,0,0,0,0,0,0,0,0,0,0,0,0,0,0,0,0,0,0,0,0,0,0,0,0,0,0,0,0,0,0,0,0,0,0,0,0,0,0,0,0,0,0,0,0,0,0,0,0,0,0.336,0,0,0,0,0,0,0,0,0,0,0,0,0,0,0,0,0,0,0,0,0,0,0,0,0,0,0,0,0,0,0,0,0,0,0,0,0,0,0,0,0,0,0,0,0,0,0,0,0,0,0,0,0,0,0,0,0,0,0,0,0,0,0,0,0,0,0,0,0,0,0,0,0,0,0,0,0,0,0,0,0,0,0,0,0,0,0,0,0,0,0,0,0,0,0,0,0,0,0,0,0,0,0,0,0,0,0,0,0,0,0,0,0,0,0.284,0,0,0,0,0,0,0,0,0,0,0,0.354,0,0,0,0,0,0,0,0,0,0,0,0,0,0,0,0,0,0,0,0,0,0,0,0,0,0,0,0,0,0,0,0,0,0,0,0,0,0.48,0,0,0,0,0.39,0,0,0,0,0,0,0,0,0,0,0,0,0,0,0,0,0,0,0,0,0,0,0,0,0,0,0,0,0,0,0,0,0,0,0,0,0,0,0,0,0.515,0,0,0,0,0,0,0,0,0,0,0,0,0,0,0,0,0,0,0,0,0,0,0,0,0,0,0,0,0,0,0,0,0,0,0,0,0,0,0,0,0,0,0,0.372,0,0,0,0,0,0,0,0,0,0,0,0,0,0,0,0,0,0,0,0.292,0,0,0,0,0.193,0,0,0,0,0,0,0,0,0,0,0,0,0,0,0,0,0,0,0,0,0,0,0,0,0,0,0,0,0,0,0,0,0,0,0,0,0,0,0,0,0,0,0,0,0,0,0,0,0,0,0,0,0,0,0,0,0,0,0,0,0,0,0,0,0,0,0,0,0,0,0,0,0,0,0,0,0,0,0,0,0,0,0,0,0,0,0,0,0,0,0,0,0,0,0,0,0,0,0,0,0,0,0,0,0,0,0,0,0,0,0,0,0,0,0,0,0,0,0,0,0,0,0,0,0,0,0,0,0,0,0,0,0,0,0,0,0,0,0,0,0,0.221,0,0,0,0,0,0,0,0,0,0,0,0,0,0,0,0,0,0,0,0,0,0,0,0,0,0,0,0,0,0,0,0,0,0,0,0,0,0,0,0,0,0,0,0,0,0,0,0,0,0,0,0,0,0,0,0,0,0,0,0,0,0,0,0,0,0,0,0,0,0,0,0,0,0,0,0,0,0,0,0,0,0,0,0,0,0,0,0,0,0,0,0,0,0,0,0,0,0,0,0,0,0,0,0,0,0,0,0,0,0,0,0,0,0,0,0,0,0,0,0,0,0,0,0,0,0,0,0,0,0,0,0,0,0,0,0,0
851527,0,0,0.202,0,0,0,0,0.429,0,0.158,0.226,0,0.279,0,0,0.857,0.769,0,0.204,0,0,0,0,0,0,0,0.197,0,0.492,0,0,0,0,0,0.991,0,0,0,0,0,0,0,0.357,0,0.151,0,0,0,0.184,0.333,0,0,0,0.209,0,0,0.254,0.196,0,0,0,0,0,0,0,0,0,0,0,0,0,0,0,0.22,0,0.937,0,0,0.84,0,0,0,0,0,0,0,0,0,0.394,0,0,0,0,0,0,0,0,0,0,0.313,0,0,0.854,0,0,0.773,0,0.191,0,0,0,0,0,0,0,0,0,0,0.572,0,0,0,0,0,0,0,0,0,0,0,0,0,0,0,0,0,0,0,0.206,0,0,0,0,0,0,0.694,0,0,0,0,0,0,0,0.307,0,0.358,0,0,0,0.178,0,0,0,0,0,0,0,0,0,0,0,0.276,0,0,0,0,0,0,0,0,0.39,0.981,0,0,0,0,0,0,0,0,0,0,0,0,0.167,0,0,0,0,0,0,0,0,0,0,0,0,0,0,0,0,0,0,0,0,0,0,0,0,0,0,0,0,0,0,0,0,0,0,0,0,0,0,0,0,0,0,0,0,0,0,0,0,0,0,0,0,0.334,0,0,0,0,0,0,0,0,0,0,0.22,0,0,0,0,0,0,0,0,0,0,0,0,0,0,0,0,0,0,0,0,0,0,0,0,0,0,0,0,0,0,0,0,0,0,0,0,0,0,0,0,0,0,0,0,0,0,0,0.539,0,0,0,0,0,0,0,0,0,0,0,0,0,0,0,0,0,0,0,0,0,0,0,0,0,0,0,0,0,0,0,0,0,0,0,0,0,0,0,0,0,0,0,0,0,0.185,0,0,0,0,0,0,0,0,0,0,0,0,0,0,0,0,0,0,0,0,0,0,0,0,0,0,0,0,0,0,0,0,0,0,0,0,0,0,0,0,0,0,0,0,0,0,0,0,0,0,0,0,0,0,0,0,0,0,0,0,0,0,0,0,0,0,0,0,0,0,0,0,0,0,0,0,0,0.299,0,0,0,0,0,0,0,0,0.373,0,0,0,0,0,0.394,0,0,0,0,0,0,0,0,0,0,0,0,0,0,0,0,0,0,0,0,0,0,0,0,0,0,0,0,0,0,0,0,0,0,0,0,0,0,0,0,0,0,0,0.342,0,0,0.876,0,0,0,0,0,0,0.15,0,0,0,0,0,0,0,0,0,0,0,0,0,0,0,0,0,0,0,0,0,0,0,0,0,0,0,0,0,0,0,0,0,0,0,0,0,0,0,0,0,0,0,0.474,0,0.224,0,0,0,0,0,0,0,0,0,0,0,0.159,0,0,0,0,0,0,0,0,0,0,0,0.648,0,0,0,0.584,0.587,0,0,0,0,0,0,0,0,0,0.161,0,0,0,0,0,0,0,0,0,0,0,0,0,0,0,0,0,0,0,0,0,0,0,0,0,0,0,0,0,0,0,0,0,0,0,0,0,0,0,0,0,0,0,0.44,0,0,0,0,0,0,0,0,0,0,0,0,0,0,0,0,0,0,0,0,0.297,0,0,0,0,0,0,0,0,0,0,0,0,0.169,0,0,0,0,0,0,0,0,0,0,0,0,0,0,0,0,0,0,0,0,0,0,0,0,0,0,0,0,0,0,0,0,0,0.214,0,0,0,0,0,0,0,0,0,0,0,0,0,0,0,0,0,0,0,0,0,0,0,0,0,0,0,0,0,0,0,0,0,0,0,0,0,0,0,0,0,0,0,0.276,0,0,0,0,0,0,0,0,0,0,0,0,0,0,0,0,0.288,0,0,0.194,0.161,0,0,0,0,0,0,0,0,0,0,0,0,0,0,0,0,0,0.23,0,0,0,0,0,0,0,0,0,0,0.213,0,0,0,0,0,0,0,0,0,0,0,0,0,0,0,0,0,0,0.194,0,0,0,0,0,0,0,0,0,0,0,0,0,0,0,0,0,0,0,0,0,0,0,0,0,0,0,0,0,0,0,0,0,0,0,0,0,0,0,0,0,0,0,0,0,0,0,0,0,0,0,0,0.186,0,0,0,0,0,0,0,0,0,0,0,0,0,0,0,0,0,0,0,0,0,0,0,0,0,0,0,0,0,0,0,0,0,0,0,0,0,0,0,0,0,0,0,0,0,0,0,0,0,0,0,0,0,0,0,0,0,0,0,0,0,0,0.194,0,0,0,0,0,0,0,0,0,0,0,0,0,0,0,0,0,0,0,0,0,0,0,0,0,0,0,0,0,0,0,0,0,0,0,0.338,0,0,0,0,0,0,0,0,0,0,0,0,0,0,0,0,0.903,0,0,0,0,0,0,0,0,0,0,0,0,0,0,0,0,0,0,0,0,0,0,0,0,0,0,0,0,0,0,0,0,0,0,0,0,0,0,0,0,0,0,0,0,0.22,0,0,0,0,0,0,0,0,0,0,0,0,0,0,0,0,0,0,0,0,0,0,0.171,0,0,0,0,0,0,0,0,0,0,0.223,0,0,0.55,0,0.231,0,0,0,0,0,0,0,0,0.371,0,0,0,0,0.235,0,0,0.38,0,0.26,0,0,0,0,0.485,0,0,0,0,0,0.226,0,0,0,0,0,0,0,0,0,0,0.169,0,0,0,0,0,0,0,0,0,0,0,0,0,0,0,0,0.572,0,0.839,0,0,0,0,0,0,0,0.946,0,0,0,0,0,0,0,0,0,0,0,0,0,0,0,0,0,0,0,0,0,0,0,0,0,0,0,0,0,0,0,0,0,0,0,0,0.446,0,0,0.354,0,0,0,0,0,0,0,0,0.322,0,0,0,0,0,0,0,0,0,0.872,0,0,0,0,0.199,0,0,0,0,0,0,0,0,0,0.455,0.449,0,0,0,0,0,0,0,0,0.298,0,0,0,0,0,0,0,0,0,0,0,0,0,0.175,0,0,0,0,0,0,0,0,0,0,0,0,0,0,0.226,0,0,0,0,0,0,0,0,0,0,0.946,0,0,0,0,0.206,0,0,0,0,0.256,0,0,0,0,0,0,0,0,0,0,0,0,0,0,0,0.153,0,0,0,0,0.26,0,0,0,0,0,0,0,0,0,0,0,0,0,0,0,0,0,0,0,0,0,0,0,0,0,0,0,0,0,0,0,0,0,0,0,0,0,0,0,0,0,0.258,0,0,0,0,0,0,0,0.61,0,0,0,0,0,0,0,0.338,0.228,0,0,0,0,0,0,0,0,0,0,0,0,0,0,0,0,0,0,0,0,0,0,0,0,0,0,0,0,0,0,0,0,0,0,0,0,0,0,0,0.511,0,0,0,0,0,0.394,0,0,0,0,0,0.218,0,0,0,0,0,0,0,0,0,0,0,0.336,0,0,0,0,0,0,0,0,0,0,0.228,0,0,0,0,0,0,0,0.334,0,0,0,0,0,0.276,0,0,0,0,0,0,0,0,0,0,0,0,0,0,0,0,0.191,0,0,0,0,0,0,0,0,0,0,0,0,0,0.872,0,0,0,0,0,0,0,0,0,0,0,0,0,0,0,0,0,0,0,0,0,0,0,0,0,0,0,0,0,0,0,0,0,0,0,0,0,0.221,0,0,0,0,0,0,0,0,0,0,0.277,0,0,0,0,0,0,0,0,0,0,0,0,0,0,0,0,0,0,0,0,0,0,0,0,0,0,0,0.505,0,0,0,0,0,0,0,0,0,0,0,0,0,0,0,0,0,0,0,0,0,0,0,0,0,0,0,0,0,0,0,0,0,0,0,0,0,0,0,0,0,0,0,0,0,0,0,0,0,0,0,0,0,0,0,0,0,0,0,0,0,0,0,0,0.159,0,0,0,0,0,0,0,0,0,0,0.219,0,0.999,0,0,0,0,0,0,0,0,0,0,0,0,0,0,0,0,0,0,0,0,0,0,0,0,0,0,0,0,0,0,0,0,0,0,0,0,0,0,0,0,0,0,0,0,0,0,0,0,0,0,0,0,0,0,0,0,0,0,0,0,0,0,0,0,0,0,0,0,0,0,0,0,0,0,0.254,0,0,0,0,0,0,0,0,0,0,0,0,0,0,0,0,0,0,0,0,0,0,0.357,0,0,0,0,0,0,0,0,0,0,0,0,0,0,0,0,0,0,0,0,0,0,0,0,0,0,0,0,0,0,0,0,0,0,0,0,0,0,0,0,0.232,0,0,0,0,0,0,0,0,0,0,0,0,0,0,0,0.228,0,0,0.229,0,0,0,0,0,0,0,0,0,0,0,0,0,0,0,0,0,0,0,0,0,0,0,0,0,0,0,0,0,0,0,0,0,0,0,0,0,0,0,0,0,0,0,0,0,0,0,0,0.254,0,0,0,0,0,0,0,0,0,0,0,0,0,0,0,0,0,0,0,0,0,0,0,0,0,0,0,0,0,0,0,0,0,0,0,0,0,0,0,0,0,0,0,0,0,0,0,0,0,0,0,0,0.192,0,0,0,0,0.756,0.809,0,0,0,0,0,0,0,0,0,0,0,0,0,0.758,0,0,0,0,0,0,0,0,0,0,0,0,0,0,0,0,0,0,0,0,0,0,0,0,0,0.61,0,0,0,0,0,0,0,0,0,0,0,0,0,0,0,0,0,0,0,0,0,0,0,0,0,0,0,0,0,0,0,0,0,0,0,0,0,0,0,0,0,0,0,0,0,0,0,0,0,0,0,0,0,0,0,0,0,0,0,0.169,0,0,0,0,0,0,0,0,0,0,0,0,0,0,0,0,0,0,0,0,0,0,0,0,0,0,0,0,0,0,0,0,0,0,0.193,0,0,0,0,0,0,0,0,0,0,0,0,0,0,0,0,0,0,0,0,0,0,0,0,0,0,0,0,0,0,0,0,0,0.569,0,0,0,0,0,0,0,0,0,0,0,0,0,0,0,0,0,0.194,0,0,0,0,0,0,0.465,0,0.161,0,0,0,0,0,0,0,0,0,0,0,0,0,0,0,0,0,0,0,0,0,0,0,0,0,0,0,0,0,0,0,0,0,0,0,0,0,0,0,0.161,0,0,0,0,0,0,0,0,0,0,0.162,0,0,0,0,0,0,0,0,0,0,0,0,0,0,0,0,0.227,0,0,0,0,0,0,0,0,0,0,0,0,0,0,0,0,0,0,0,0,0,0,0,0,0,0,0,0,0,0,0,0,0,0,0,0,0,0,0,0,0,0,0,0,0,0,0,0,0,0,0,0,0,0,0,0,0,0,0,0,0,0,0,0,0,0,0,0,0,0,0,0,0,0,0,0,0,0,0,0,0,0,0,0,0,0,0,0,0,0,0,0,0,0,0,0,0,0,0,0,0,0,0,0,0,0,0,0,0,0,0,0,0,0,0,0,0,0,0,0,0,0,0,0,0,0,0,0,0,0,0,0,0,0,0,0,0,0,0,0,0,0,0,0,0,0,0,0,0,0,0,0,0,0,0,0,0,0,0,0,0,0.71,0,0,0,0,0,0,0,0,0,0,0,0,0,0,0,0,0,0,0,0,0,0,0,0,0,0,0,0,0,0,0,0,0,0,0,0,0,0,0,0,0,0,0,0,0,0,0.45,0,0,0,0,0,0,0,0,0,0,0,0,0,0,0,0,0,0,0,0,0,0,0,0,0,0,0,0,0,0,0,0,0,0,0,0,0,0.167,0,0,0,0,0,0,0,0,0,0,0,0,0,0,0,0,0,0,0,0,0,0,0,0,0,0,0,0,0,0,0,0,0,0,0.581,0,0,0,0,0,0,0,0,0,0,0,0,0,0,0,0,0,0,0,0,0,0,0,0,0,0,0,0,0,0,0,0,0,0,0,0,0,0.386,0,0.903,0,0,0,0,0,0,0,0,0,0,0,0,0,0,0,0,0.159,0,0,0,0,0,0,0,0,0,0,0,0,0,0,0,0,0,0,0,0,0,0,0,0,0,0,0,0,0,0,0,0,0,0,0,0,0,0,0,0.685,0,0,0,0,0,0,0,0,0,0,0,0,0,0,0,0,0,0,0,0,0,0,0,0,0,0,0,0,0,0,0,0,0,0,0.187,0,0,0,0,0,0,0,0,0,0,0,0,0,0,0,0,0,0,0,0,0,0,0,0,0,0,0,0,0,0,0,0.185,0.445,0,0,0,0,0,0,0,0,0,0,0,0,0,0,0,0,0,0,0,0,0,0,0,0,0,0,0,0.79,0,0,0,0,0,0,0,0,0,0,0,0,0,0,0,0,0,0.445,0,0,0,0,0,0,0,0,0,0,0,0,0,0,0,0,0,0,0,0,0,0,0,0,0,0,0,0,0,0,0,0,0,0,0,0,0,0,0,0,0,0,0,0,0,0,0,0,0,0,0,0,0,0,0,0,0,0,0,0,0,0,0,0,0,0,0,0.156,0,0,0,0,0,0.157,0,0,0,0.183,0,0,0,0,0,0,0,0,0,0,0,0,0,0,0,0,0,0,0,0,0,0,0,0,0,0,0,0,0,0,0,0,0,0,0,0,0,0,0,0,0,0,0,0,0,0,0,0,0,0,0,0,0,0,0,0,0,0,0,0,0,0,0,0,0,0,0,0,0,0,0,0,0,0,0,0,0,0,0,0,0,0,0,0,0,0,0,0,0,0,0,0,0,0,0,0,0,0,0,0,0,0,0.161,0,0,0,0,0,0,0,0,0,0,0,0,0,0,0,0,0,0,0,0,0,0,0,0,0,0,0,0,0.216,0,0,0,0,0,0,0,0.158,0,0,0,0,0,0,0,0,0,0,0,0,0,0,0,0,0,0,0,0,0,0,0,0,0,0,0,0,0,0,0,0,0,0,0,0,0,0,0,0,0,0,0,0,0,0,0,0,0,0,0,0,0,0,0,0,0,0,0,0,0,0,0,0,0,0,0,0,0,0,0,0,0,0,0,0,0,0,0,0,0,0,0,0,0,0,0,0,0,0,0,0,0,0,0,0,0,0,0,0,0,0,0,0,0,0,0,0,0,0,0,0,0,0,0,0,0,0,0,0,0,0,0,0,0,0,0,0,0,0,0,0,0,0,0,0,0,0,0,0,0,0,0,0,0,0.298,0,0,0,0,0,0,0,0,0,0,0,0,0,0,0,0,0,0,0,0,0,0,0,0,0,0,0,0,0,0,0,0,0,0,0,0,0.506,0,0,0,0,0,0,0,0,0,0,0,0,0,0,0,0,0,0,0,0,0,0,0,0,0,0,0,0,0,0,0,0,0,0,0,0,0,0,0,0,0,0,0,0,0,0,0,0,0,0,0.205,0,0,0,0,0.335,0,0,0,0,0,0,0,0,0,0,0,0,0,0,0,0,0,0,0,0,0,0,0,0,0,0,0,0,0,0,0,0,0.192,0,0,0,0,0,0,0,0,0,0,0,0,0,0,0.428,0,0,0,0,0,0,0,0,0,0,0,0,0,0,0,0,0,0,0,0,0,0,0,0,0,0,0,0,0,0,0,0,0,0,0,0,0,0,0,0,0,0,0,0,0,0,0,0,0,0,0,0,0,0,0,0,0,0,0,0,0,0,0,0,0,0,0,0,0,0,0,0,0,0,0,0,0,0,0,0,0,0,0,0,0,0,0,0,0,0,0,0,0,0,0,0,0,0,0,0,0.353,0,0,0,0,0,0,0,0,0,0,0,0,0,0,0,0,0,0,0,0,0,0.26,0,0,0,0,0,0,0,0,0,0,0,0,0,0,0,0,0,0,0,0,0,0,0,0,0,0,0,0,0,0,0,0,0,0,0,0,0,0,0,0,0,0.732,0,0,0,0.332,0,0,0,0,0,0,0.219,0,0,0,0,0,0,0,0,0,0,0,0,0,0,0,0,0.22,0.329,0,0,0,0,0,0,0,0,0,0,0,0,0,0,0,0,0,0,0,0,0,0,0,0,0,0,0,0,0,0,0,0,0,0,0,0,0,0,0,0,0,0,0,0,0,0,0,0,0,0,0,0,0,0,0,0,0,0,0,0,0,0,0,0,0,0,0,0,0,0,0,0,0,0,0,0,0,0,0,0,0,0,0,0,0,0,0,0,0,0,0,0,0,0,0,0,0,0,0,0,0,0,0,0,0,0.447,0,0,0,0,0,0.295,0,0,0,0,0,0,0,0,0,0,0,0,0,0,0,0,0,0,0,0.686,0,0,0,0,0,0,0,0,0,0,0,0,0,0,0,0,0,0,0,0,0,0,0,0,0,0,0,0,0,0,0,0,0,0,0,0,0,0,0,0,0,0,0,0,0,0,0,0,0,0,0,0,0,0,0.631,0,0,0,0,0,0,0,0,0,0,0,0,0,0,0,0,0,0,0,0,0,0,0,0,0,0,0.192,0,0,0,0,0,0,0,0,0,0,0,0,0,0,0,0,0,0,0,0,0,0,0,0,0,0,0,0,0,0,0,0,0,0,0,0,0,0,0,0,0,0,0,0,0,0.156,0,0,0,0,0,0,0,0,0,0,0,0,0,0,0.151,0,0.155,0,0,0,0,0,0.184,0,0.202,0,0,0,0,0,0,0,0,0,0,0,0,0,0,0,0,0,0,0,0,0,0,0,0,0,0.685,0,0,0,0,0,0,0,0,0,0,0,0,0,0,0,0,0,0,0,0,0,0,0,0,0,0,0,0,0,0,0,0,0,0,0,0,0,0,0,0,0,0,0,0,0,0,0,0,0,0,0,0,0,0,0,0,0,0,0,0,0,0,0,0,0,0,0,0,0,0,0,0,0,0,0,0,0,0,0,0,0,0,0,0,0,0,0.231,0,0,0,0,0,0,0,0,0,0,0,0,0,0,0,0,0.256,0,0,0,0,0,0,0,0,0,0,0,0,0.15,0,0,0,0,0,0,0,0,0,0,0,0,0,0,0,0.178,0,0.788,0,0,0,0,0,0,0,0,0,0,0,0,0,0,0,0,0,0,0,0,0,0,0,0,0,0,0,0,0,0,0,0,0,0,0.297,0,0,0,0,0,0.185,0,0,0,0,0,0,0,0,0,0,0,0,0,0,0,0,0,0,0,0,0,0,0,0,0,0,0,0,0,0,0,0,0,0,0,0,0,0,0,0,0,0,0,0,0,0,0,0,0,0,0,0,0,0,0,0,0,0,0.19,0,0,0,0,0,0,0,0,0,0,0,0,0,0,0.22,0,0,0,0,0.25,0,0.513,0,0,0,0,0,0,0,0,0,0.745,0,0,0,0,0,0,0,0,0,0,0,0,0,0,0,0,0,0,0,0,0,0,0,0,0,0,0,0,0,0,0,0,0,0,0,0,0,0,0,0,0,0,0,0,0,0,0.176,0,0,0,0,0,0,0,0,0,0,0,0,0,0,0,0,0,0,0,0,0,0,0,0,0,0,0,0,0,0,0,0,0,0,0,0,0,0,0,0,0,0,0,0,0,0,0,0,0,0,0,0,0,0,0,0,0,0,0,0,0,0,0.15,0,0,0,0.197,0,0,0,0,0,0,0,0,0,0,0,0,0,0,0,0,0,0,0,0,0,0,0,0,0,0,0,0,0,0,0,0,0,0,0,0,0,0,0,0,0,0,0,0,0,0,0,0,0,0,0,0,0,0,0,0,0,0,0,0,0,0,0,0,0,0,0,0,0,0,0,0,0,0,0,0,0,0,0,0,0,0,0,0,0,0,0,0,0,0,0,0,0,0,0,0,0,0,0,0,0,0,0,0,0,0,0,0,0,0,0.615,0,0,0,0,0,0,0,0,0,0,0,0,0,0,0,0,0,0,0,0,0,0,0,0,0,0,0,0,0,0,0,0,0.197,0,0,0,0,0,0,0,0,0,0,0,0,0,0,0,0,0,0,0,0,0.173,0,0,0,0,0,0,0,0,0,0,0.218,0,0,0,0,0,0,0,0,0,0,0,0,0,0,0,0,0,0,0,0,0,0,0,0,0,0,0,0,0,0,0,0,0,0,0,0,0,0,0,0,0,0,0,0,0,0,0,0,0,0,0,0,0,0,0,0,0.213,0,0,0,0,0,0,0,0
851648,0.277,0,0,0,0,0,0,0,0,0,0,0,0,0,0.195,0,0,0,0,0,0,0,0,0,0,0,0,0,0,0,0,0,0,0,0.195,0,0,0,0,0,0,0,0,0,0,0,0,0,0,0,0.394,0,0,0,0,0,0,0,0,0,0,0,0.914,0,0,0,0,0,0,0,0,0,0,0,0,0,0,0,0,0,0,0,0,0,0,0,0,0,0,0,0,0,0.428,0,0,0,0,0,0,0,0,0,0,0,0,0,0,0,0,0,0,0,0,0.195,0,0,0,0,0,0,0,0,0,0.619,0,0,0,0,0,0.307,0.749,0.195,0,0,0,0,0,0.195,0,0,0,0,0,0,0,0,0,0,0,0,0,0,0,0,0,0,0,0,0,0,0,0,0,0,0,0,0,0,0,0,0,0,0,0,0,0,0,0,0.265,0,0,0,0,0.305,0,0,0,0,0.716,0,0,0.525,0,0,0,0,0.471,0,0,0,0.357,0,0,0,0,0,0,0,0,0,0,0,0,0,0,0,0,0,0.16,0,0,0,0,0,0,0,0,0.358,0,0,0,0,0,0,0,0,0.234,0,0,0,0,0,0,0,0,0,0,0,0,0,0,0.866,0,0,0,0,0,0.538,0.239,0,0,0,0,0.41,0,0,0,0,0,0,0,0.196,0,0,0,0,0.606,0,0,0,0,0,0,0,0.615,0,0,0,0,0,0,0,0,0,0,0.31,0,0,0,0,0,0,0,0,0,0,0.376,0,0,0,0,0,0,0,0,0,0,0,0,0,0,0,0,0,0,0,0,0.552,0,0,0,0,0,0,0,0,0,0,0.78,0.381,0,0,0,0,0,0,0,0,0,0,0,0,0,0,0,0,0.168,0,0,0,0.174,0,0,0,0,0,0,0,0,0,0.481,0,0,0,0,0,0,0,0.168,0,0,0,0,0,0,0,0,0,0,0.99,0,0,0,0.987,0,0,0,0,0,0,0,0,0.337,0.419,0,0,0,0,0,0,0,0,0,0,0.992,0,0,0,0,0.169,0,0,0,0.275,0,0,0,0,0,0,0,0,0,0,0.704,0,0,0.608,0,0,0,0,0,0,0,0,0,0,0,0.555,0,0,0,0,0,0.735,0,0,0,0,0,0,0,0,0.349,0,0,0,0,0,0,0,0,0,0,0,0,0,0,0,0,0.197,0,0,0,0,0,0,0,0,0,0.216,0,0,0.611,0,0,0.523,0,0,0,0.276,0,0,0,0,0.923,0.66,0,0,0,0,0,0,0,0,0,0,0,0.643,0,0.796,0,0,0,0,0,0,0.374,0,0,0,0,0,0,0,0,0,0,0,0,0,0,0,0,0,0,0,0,0,0,0,0,0.499,0.925,0,0,0,0,0.214,0,0,0,0.551,0,0,0,0,0,0,0,0,0,0,0,0,0,0,0,0,0,0,0,0,0,0,0.173,0.273,0,0,0,0.932,0,0,0,0,0,0,0,0,0,0,0.319,0,0.497,0,0,0,0,0,0,0,0,0,0,0,0,0,0,0,0,0.61,0,0,0,0,0,0,0,0,0.532,0,0,0,0,0,0.171,0,0,0,0.175,0,0,0,0,0,0,0,0,0,0,0.26,0,0,0.228,0.66,0,0.552,0,0,0.254,0,0,0,0.45,0,0,0,0,0,0,0,0,0,0,0,0.394,0.313,0,0,0,0,0,0,0,0,0,0,0,0,0,0,0,0,0,0,0,0,0,0,0,0,0,0,0,0.228,0,0,0,0,0,0,0,0,0,0,0,0,0,0,0,0,0,0,0,0,0.542,0,0,0,0,0,0,0,0,0,0,0,0,0,0,0,0.258,0,0,0,0.557,0,0,0,0,0,0,0.191,0.999,0,0,0,0,0.375,0,0,0.514,0,0,0,0,0,0,0,0,0,0,0,0.841,0,0,0,0.481,0,0,0,0,0,0,0,0,0.212,0.173,0,0.308,0,0,0.192,0,0,0,0,0,0,0,0.159,0,0,0,0,0,0,0,0,0,0,0,0,0,0,0,0,0,0,0,0.459,0,0,0,0.533,0,0,0.604,0,0,0.797,0,0,0,0,0,0,0,0,0,0,0,0,0,0.925,0,0,0,0,0,0,0,0,0.358,0,0,0,0,0,0,0,0,0.878,0,0,0,0,0,0,0,0,0.151,0,0,0,0,0,0,0,0,0,0,0,0,0,0.711,0,0,0,0,0,0,0,0,0,0,0,0,0,0.191,0.396,0,0,0,0,0,0.217,0,0,0,0,0,0,0,0,0,0,0.179,0,0,0.613,0,0,0.171,0,0,0,0,0.265,0,0,0,0.228,0,0,0,0,0,0,0.867,0,0.62,0,0,0,0,0.197,0,0,0,0,0,0,0,0,0,0,0,0,0,0,0,0,0,0,0,0,0.315,0,0,0,0,0.161,0,0,0,0,0,0,0,0,0,0,0,0,0,0,0,0,0,0,0,0,0,0,0,0,0,0,0,0,0,0,0,0,0,0,0,0,0,0,0,0,0,0,0,0,0,0,0,0,0.343,0,0,0,0,0.585,0,0,0,0,0,0,0,0,0,0,0,0,0,0,0,0,0,0,0,0,0,0,0,0,0,0,0,0,0,0,0,0,0,0,0,0,0,0,0,0,0,0,0,0,0,0,0,0,0,0.15,0,0,0,0,0,0,0,0,0,0,0,0,0,0,0,0,0,0,0,0,0,0,0,0,0,0,0,0,0,0,0,0.29,0,0,0,0,0,0,0,0,0,0,0,0,0,0,0,0,0,0.445,0,0,0,0,0,0,0,0,0,0.197,0,0,0,0,0,0,0,0,0,0,0,0,0.684,0,0,0.585,0,0,0,0,0,0,0,0,0,0,0,0,0,0,0,0,0,0.275,0.251,0,0,0,0,0,0,0,0,0,0,0,0.245,0,0,0,0,0,0,0,0,0,0,0,0,0,0,0,0,0,0,0,0,0,0,0,0,0,0,0,0,0,0,0,0,0,0,0,0,0,0,0,0,0,0.164,0,0,0,0,0,0,0,0,0,0,0,0,0,0,0,0,0,0,0,0,0,0,0,0,0,0,0,0,0,0,0,0,0,0,0,0,0,0,0,0,0,0,0,0,0,0,0,0,0,0,0,0,0,0,0,0,0,0,0.179,0,0,0,0,0,0,0,0,0,0.514,0,0,0,0,0,0,0,0,0,0,0,0,0.332,0,0.278,0,0,0,0,0,0,0,0,0,0,0,0,0,0,0,0,0,0,0,0,0,0,0,0,0,0,0,0,0,0,0,0,0.229,0,0,0,0,0,0,0,0,0,0,0,0,0.513,0,0,0,0,0,0,0,0,0,0,0,0,0,0,0,0,0,0,0,0,0,0,0,0,0,0,0,0,0,0,0,0,0,0,0,0,0,0,0,0,0,0,0,0,0,0,0,0,0.248,0,0,0,0,0,0,0,0,0,0,0,0,0,0,0,0,0,0.278,0,0,0,0,0,0,0,0,0,0,0,0,0,0,0.204,0,0,0,0,0,0,0,0,0,0,0,0,0,0,0,0,0,0,0,0,0,0,0,0,0,0,0,0,0,0.309,0,0,0,0,0,0,0,0,0,0,0,0,0,0,0,0,0,0,0,0,0,0,0,0,0,0,0,0,0,0,0,0,0,0,0,0,0.368,0,0,0,0,0,0,0,0,0,0,0,0,0,0,0,0,0,0,0,0,0,0,0,0.273,0,0,0,0,0,0,0,0,0,0,0,0,0,0.186,0,0,0,0.46,0,0,0,0,0,0,0,0,0,0,0,0,0,0,0,0,0,0,0,0,0,0,0,0,0,0,0,0,0,0,0,0,0,0,0,0,0,0,0,0,0,0,0,0.309,0,0.583,0,0,0,0,0,0,0,0,0,0,0,0,0,0,0,0,0,0,0,0,0,0,0,0,0,0,0,0,0,0,0,0,0,0,0,0,0,0,0,0,0,0,0,0,0,0,0,0,0,0,0,0,0,0,0,0,0,0.576,0,0,0,0,0,0,0,0,0,0,0,0,0,0,0,0,0,0,0,0,0,0,0,0,0,0,0,0,0,0,0,0,0,0,0,0,0,0,0,0,0,0,0,0,0,0,0,0,0,0,0,0,0,0,0,0,0,0,0,0,0,0,0,0,0,0,0,0,0,0,0,0,0,0,0,0,0,0,0,0,0,0.249,0,0,0,0,0,0,0,0,0,0,0.309,0,0,0.838,0,0,0,0,0,0.55,0.163,0,0,0,0,0,0.317,0,0,0,0,0.164,0,0,0,0,0,0,0,0,0,0,0,0,0,0,0,0,0,0,0,0,0,0,0,0,0,0,0,0,0,0,0,0,0,0,0,0,0,0,0,0,0,0.59,0,0,0,0,0,0,0,0,0,0,0,0,0,0,0,0,0,0,0,0,0,0,0,0,0,0,0,0,0,0,0,0,0,0,0,0,0,0.395,0,0,0,0,0,0,0,0,0,0,0,0,0,0,0,0,0,0,0,0,0,0,0,0,0,0,0,0,0,0,0,0,0,0,0,0,0,0,0,0,0,0,0,0,0,0,0,0,0,0,0.185,0,0,0,0,0,0,0,0,0,0,0,0,0,0,0,0,0,0,0,0.307,0,0,0,0,0,0,0,0,0,0,0,0,0,0,0,0,0,0,0,0,0,0,0,0,0,0,0,0,0,0,0,0,0,0,0,0,0,0,0,0,0,0,0,0,0,0,0,0,0,0,0,0,0,0,0,0,0,0,0,0,0,0,0,0,0,0,0,0,0,0,0.174,0,0,0,0,0,0,0.377,0,0,0,0,0,0,0,0,0,0,0,0,0,0,0,0,0,0,0,0,0,0,0,0,0,0,0,0,0,0,0,0,0,0,0,0,0,0,0,0,0,0,0,0,0,0,0,0,0,0.301,0,0,0,0,0,0.195,0,0,0,0,0,0,0,0,0,0,0,0,0,0,0,0,0,0,0,0,0,0,0,0,0,0,0,0,0,0,0,0,0,0,0,0,0,0,0,0,0,0,0,0,0,0,0,0,0,0,0,0,0,0,0,0,0,0,0,0,0,0,0,0,0,0,0,0,0,0,0,0,0,0,0,0,0,0,0,0,0,0,0,0,0,0,0,0,0,0,0,0,0,0,0,0,0,0,0,0,0,0,0,0,0,0,0,0.237,0.341,0,0,0,0,0,0,0,0,0,0,0.237,0,0,0,0,0,0,0,0,0,0,0,0,0,0,0,0,0,0,0,0,0,0,0,0,0,0,0,0,0,0,0,0,0,0,0,0,0.156,0,0,0,0,0,0,0,0,0,0,0,0,0,0,0,0,0,0,0,0,0,0,0,0,0,0,0,0,0,0,0,0,0,0,0,0,0,0,0,0,0,0,0,0,0,0,0,0,0,0,0,0,0,0.154,0,0,0,0,0,0,0,0,0,0,0,0,0,0,0.258,0,0,0,0,0,0,0,0,0,0,0,0,0,0,0,0.212,0,0,0,0,0,0,0,0,0,0,0,0,0,0,0,0,0,0,0,0,0,0,0,0,0,0,0,0,0,0,0,0,0,0,0,0,0,0,0,0,0,0,0,0,0,0,0,0,0,0,0,0,0,0,0,0,0,0,0,0,0,0,0,0,0,0,0,0,0,0,0,0,0,0,0,0,0,0.296,0,0.195,0,0,0.61,0,0,0,0.194,0,0,0,0,0,0,0,0,0,0,0,0,0,0,0,0,0,0,0,0,0.216,0,0,0,0,0,0,0,0,0,0,0,0,0,0,0,0,0,0,0,0,0,0,0,0,0,0,0,0,0,0,0,0,0,0,0,0,0,0,0,0,0,0,0,0,0,0,0,0,0,0,0,0,0,0,0,0,0,0,0,0,0,0,0,0,0.18,0,0,0,0,0,0,0,0,0,0,0,0,0,0,0,0,0,0,0,0,0,0,0,0,0,0,0,0,0,0,0,0,0,0,0,0,0,0,0,0,0,0,0,0,0,0,0,0,0,0,0,0,0,0,0,0,0,0,0,0,0,0,0,0,0,0,0,0,0,0,0,0,0,0,0,0,0,0,0,0,0,0,0,0,0,0,0,0,0,0,0,0,0,0,0,0,0,0,0,0,0,0,0,0,0,0,0,0,0,0,0,0,0,0.693,0,0.371,0,0,0,0,0,0,0,0,0,0,0,0,0,0,0,0,0,0,0,0,0,0.196,0,0,0,0,0,0,0,0,0,0,0,0,0,0,0,0,0,0,0,0,0,0.213,0,0,0,0,0.231,0,0,0,0,0,0,0,0,0,0,0,0,0.238,0.443,0.434,0,0,0,0,0,0,0,0.531,0,0,0,0,0,0,0,0.339,0,0.181,0.347,0,0,0,0,0,0,0,0,0,0,0,0,0.66,0,0,0,0,0,0,0,0,0,0,0,0,0,0.345,0,0,0,0,0,0,0,0,0,0,0,0,0,0,0,0.654,0,0,0,0.173,0,0,0,0,0,0,0,0,0,0,0.216,0,0,0,0,0,0,0,0,0,0,0,0,0,0,0,0,0,0,0,0,0,0,0,0,0,0,0,0,0,0,0,0,0,0,0,0,0,0,0,0,0,0,0,0,0.29,0,0,0,0,0,0,0,0,0,0,0,0,0,0,0,0,0,0,0,0,0,0,0,0,0,0,0,0,0,0,0,0,0,0,0,0,0,0,0,0,0,0,0,0,0,0,0,0,0,0,0,0,0,0,0,0,0,0,0,0,0,0,0,0,0,0,0,0,0,0,0,0,0,0,0,0,0,0,0,0,0,0,0,0,0,0,0.15,0,0,0,0,0,0,0,0,0,0,0,0,0,0,0,0,0,0,0,0,0,0,0,0,0,0,0,0,0,0,0,0,0,0,0,0,0,0,0,0,0,0.165,0,0,0,0,0,0,0,0,0,0,0,0,0,0,0,0,0,0,0,0,0,0,0,0,0.158,0,0,0,0,0,0,0,0,0,0,0,0,0,0,0,0,0,0,0,0,0,0,0,0,0.264,0,0,0,0,0,0,0,0,0,0,0,0,0,0,0,0,0,0,0,0,0,0,0,0,0,0,0,0,0,0,0,0,0,0,0,0,0,0,0,0,0,0,0,0,0,0,0,0,0,0,0,0,0,0,0,0,0,0,0,0,0,0,0,0,0,0,0,0,0,0,0,0,0,0,0,0,0,0,0,0,0.365,0,0,0,0,0,0,0,0,0,0,0,0,0,0,0,0,0,0,0,0,0,0,0,0,0,0,0,0,0,0,0,0,0,0,0.202,0,0,0,0,0,0,0,0,0,0,0,0,0,0,0,0,0,0,0,0,0,0,0,0,0,0,0,0,0,0,0,0,0,0,0,0,0,0,0,0,0,0,0,0,0.173,0,0,0,0.171,0,0,0,0,0,0,0,0,0,0,0,0,0,0,0,0,0,0,0,0,0,0,0,0,0,0,0,0,0,0,0,0,0,0,0,0,0,0,0,0,0,0,0,0,0,0,0,0,0,0,0,0,0,0,0,0,0,0,0,0,0,0,0,0,0,0,0,0,0,0,0,0,0,0,0,0,0,0,0,0,0,0,0,0,0,0,0,0,0,0,0,0,0,0,0,0,0,0,0,0,0,0,0,0,0,0,0,0,0,0,0,0,0,0,0,0,0.161,0.229,0,0,0,0,0,0,0,0,0,0,0,0,0,0,0,0,0,0,0,0,0,0,0,0,0,0.171,0,0,0,0,0,0,0,0,0,0,0,0,0,0,0,0,0,0,0,0,0,0,0,0,0,0,0,0,0,0,0,0,0,0,0,0,0,0,0,0.388,0,0,0,0,0,0,0,0,0,0,0,0,0,0,0,0,0,0,0,0,0,0.297,0,0,0,0,0,0,0,0,0,0,0,0,0,0,0,0,0,0,0,0,0,0,0,0,0,0,0,0,0,0,0.884,0,0,0,0,0,0,0,0,0,0,0,0,0,0,0,0,0,0,0,0,0,0,0,0,0,0,0,0,0,0,0,0,0,0,0,0,0,0.61,0,0,0,0,0.372,0,0,0,0,0,0,0.354,0,0,0,0.927,0,0,0,0,0,0,0,0,0,0,0,0,0,0,0,0,0,0,0,0,0,0,0,0,0,0,0,0.393,0.313,0,0,0,0,0,0,0,0,0,0,0,0,0,0,0,0,0,0,0,0,0,0,0,0,0,0,0,0,0,0,0,0,0,0,0,0,0,0,0,0,0,0,0,0,0,0,0,0,0,0,0,0,0,0,0,0,0,0,0,0,0,0,0,0,0,0,0,0,0,0,0,0,0,0,0,0,0,0,0,0,0,0,0,0,0,0,0,0,0,0,0,0,0,0,0,0,0,0,0,0,0,0,0,0,0,0,0,0,0,0,0,0,0,0,0,0,0,0,0,0,0,0,0,0,0,0,0,0,0,0,0,0,0,0,0,0,0,0,0,0,0,0,0,0,0,0,0,0,0,0,0,0,0,0,0,0,0,0,0,0,0,0.195,0,0,0,0,0,0,0,0,0,0,0,0,0,0,0,0,0,0,0,0,0,0,0,0,0,0,0,0,0,0,0,0,0,0,0,0,0.682,0,0,0,0,0,0,0,0,0,0,0,0,0,0,0,0,0,0,0,0,0,0,0,0,0,0.196,0,0,0,0,0,0,0,0,0,0,0,0,0,0,0,0,0,0,0,0,0,0,0,0,0,0,0,0,0,0,0,0,0,0,0,0,0,0,0,0,0,0,0,0,0.263,0,0,0,0,0,0,0,0,0,0,0,0,0,0,0,0,0,0,0,0,0,0,0,0,0,0,0,0,0,0,0,0,0,0,0,0,0,0,0,0,0,0,0,0,0,0,0,0,0,0,0,0,0,0,0,0,0,0,0,0,0,0,0,0,0,0,0,0,0,0,0,0,0,0,0,0,0,0,0.228,0,0,0,0.266,0,0,0,0,0,0,0,0,0,0,0,0,0,0,0,0,0,0,0,0,0,0,0,0,0,0,0,0,0,0,0,0,0,0,0,0,0,0,0,0,0,0,0,0,0,0,0,0,0,0,0,0,0,0,0,0,0,0,0,0,0,0,0,0,0,0,0,0,0,0,0,0,0,0,0,0,0,0,0,0,0,0,0,0,0,0,0,0,0,0,0,0,0,0,0,0,0,0,0,0,0,0,0,0,0,0,0,0,0,0,0,0,0,0,0,0,0,0,0,0,0,0,0,0,0,0,0,0,0,0,0,0,0,0,0,0,0,0,0,0,0,0,0,0,0,0,0,0,0,0,0,0,0.226,0,0,0,0,0,0,0,0,0,0,0,0,0,0,0,0,0,0,0,0,0,0,0,0,0,0,0,0,0,0,0,0,0.297,0,0,0,0,0,0,0,0,0,0,0,0,0,0,0,0,0,0,0,0,0,0,0,0,0,0,0,0,0,0,0,0,0,0,0,0,0,0,0,0,0,0,0,0,0,0,0,0,0,0,0,0,0,0,0,0,0,0,0,0,0,0,0,0,0,0,0,0,0,0,0,0,0,0,0,0,0,0,0,0,0,0,0,0,0,0,0,0,0.38,0,0,0,0,0.171,0.524,0,0,0,0,0,0,0,0,0,0,0,0,0,0,0,0,0,0.276,0,0,0,0,0,0,0,0,0,0,0,0,0,0,0,0,0,0,0,0,0,0,0,0,0,0,0,0,0,0,0,0,0,0,0,0,0,0,0,0,0,0,0,0,0,0,0,0,0,0,0,0,0,0,0,0,0,0,0,0,0,0,0,0,0,0,0,0,0,0,0,0,0,0,0,0,0,0,0,0,0,0,0,0,0,0,0,0,0,0,0,0,0,0,0,0,0,0,0,0,0,0,0,0,0,0,0,0,0,0,0,0,0,0,0,0,0,0,0,0,0,0,0,0,0,0,0,0,0,0,0,0,0.33,0,0,0,0,0,0,0,0,0,0,0.739,0,0,0,0,0,0,0.516,0,0,0,0,0,0,0,0,0,0,0,0,0,0.25,0,0,0,0,0,0,0,0,0,0,0,0,0,0,0,0,0,0,0,0,0,0,0,0,0,0
854914,0,0,0,0,0,0,0,0,0,0,0,0,0,0,0,0,0,0,0,0,0,0,0,0,0,0.351,0.2,0,0,0,0.18,0,0.169,0,0,0,0,0,0,0,0,0,0.198,0,0,0,0,0,0,0,0,0,0,0,0,0.201,0.159,0,0,0,0,0,0,0,0,0,0,0,0,0,0.42,0,0,0,0,0,0,0.197,0,0,0,0,0,0,0,0,0,0,0,0,0,0,0.238,0,0,0,0,0,0.195,0.382,0,0,0.18,0,0,0,0,0,0,0.787,0,0,0,0,0,0,0,0,0,0,0,0,0,0,0,0,0,0,0,0,0,0,0,0,0,0,0,0,0.226,0,0,0,0.152,0,0,0,0,0,0,0,0.186,0,0,0,0,0,0,0.36,0,0,0,0,0,0,0.186,0,0,0,0,0,0,0,0,0,0,0,0,0,0.173,0,0,0,0.207,0,0,0,0,0,0,0,0.152,0,0,0,0,0,0,0,0,0,0,0,0,0.157,0,0,0,0,0,0,0.187,0,0,0,0,0,0,0,0,0,0,0,0,0.211,0,0,0,0,0.258,0,0,0,0,0,0.241,0,0,0,0,0,0,0,0,0,0,0,0.16,0,0,0,0,0,0.165,0,0,0,0,0,0,0,0,0.319,0.227,0,0.229,0,0,0,0,0,0,0,0,0,0,0,0,0,0,0,0,0,0,0,0,0,0,0,0,0,0,0,0,0,0,0,0,0,0,0,0,0,0,0,0,0,0,0,0,0,0,0,0,0,0,0,0,0,0,0,0.223,0,0.175,0.158,0,0,0.317,0,0,0.206,0,0,0,0,0.552,0,0,0,0,0,0,0,0.169,0.209,0,0,0,0,0,0,0,0,0,0,0,0,0,0,0,0,0,0.151,0,0,0,0,0,0,0,0,0.239,0,0,0,0,0,0,0,0,0,0,0.227,0,0,0,0.185,0,0.173,0,0,0,0,0,0,0,0,0,0,0,0,0,0,0,0,0.19,0,0,0,0,0,0,0,0,0,0,0,0,0,0,0,0,0,0,0,0,0.165,0,0,0,0,0,0,0,0,0,0.306,0,0,0,0,0,0,0,0,0.197,0,0,0,0.171,0,0,0,0,0.209,0,0,0,0,0,0,0,0,0.21,0,0,0,0.152,0,0,0,0,0,0,0,0,0,0,0,0,0.226,0,0,0,0.183,0.21,0,0,0,0,0,0,0,0,0,0,0,0,0,0,0,0.221,0,0,0,0,0,0.185,0,0,0,0,0,0,0,0.164,0,0,0,0,0,0.221,0,0,0,0,0.236,0,0,0,0,0,0,0,0,0.159,0,0,0,0,0,0,0,0,0,0,0,0,0.309,0,0,0,0,0,0.223,0,0,0,0.169,0,0,0,0,0,0,0,0,0,0,0,0,0,0,0,0,0,0,0,0,0,0,0,0,0,0,0,0,0,0.213,0,0,0,0,0,0,0.436,0,0,0,0,0,0,0,0,0,0,0,0,0,0.175,0,0,0,0,0,0,0,0,0,0,0,0,0,0,0,0,0,0,0.241,0,0,0,0,0,0,0,0,0.219,0,0.57,0,0,0,0,0,0,0,0,0,0,0,0,0,0.879,0,0,0,0,0,0,0,0.28,0,0,0,0.428,0.397,0,0,0,0,0,0,0,0,0,0,0,0,0,0,0,0,0,0,0.283,0,0,0,0,0,0,0,0,0,0,0,0,0.299,0,0,0,0,0,0,0.151,0,0.151,0,0,0,0,0,0,0,0,0,0,0,0,0.166,0,0,0,0,0,0,0,0,0,0,0.196,0,0.384,0,0,0,0,0,0,0,0,0.177,0,0,0,0,0,0,0,0,0,0,0.288,0,0,0,0,0,0,0,0,0,0,0,0,0,0,0,0,0,0,0,0,0,0,0,0,0,0,0,0,0,0,0,0.163,0.173,0,0,0,0.151,0,0,0.179,0,0.185,0,0,0,0,0,0,0,0.177,0,0,0.218,0,0,0,0,0,0,0,0,0,0,0.863,0,0,0,0,0,0,0,0,0,0,0,0,0,0,0,0,0,0,0,0,0,0,0,0,0.204,0,0,0,0,0,0,0,0.175,0,0,0,0,0,0,0,0.191,0,0,0,0.196,0,0,0,0.223,0.272,0,0,0,0,0.249,0.242,0,0.342,0,0,0,0,0,0,0,0,0,0,0,0,0,0,0.198,0,0,0.239,0,0.166,0,0.151,0,0,0.165,0,0,0.182,0,0,0,0,0,0,0,0,0,0,0,0,0,0,0,0,0.165,0,0,0,0,0,0,0,0,0,0,0,0,0,0,0,0,0.231,0,0,0,0,0,0,0,0.175,0,0,0,0,0,0,0,0,0,0,0,0,0,0,0,0,0,0,0.197,0.17,0,0,0,0,0,0,0,0,0,0,0,0,0,0,0,0,0,0,0.193,0,0,0,0,0,0,0,0,0,0,0,0,0,0,0.225,0,0,0,0,0,0,0,0,0,0,0,0,0,0,0,0,0,0,0,0,0,0,0,0,0,0,0,0,0,0,0,0,0,0,0,0,0,0,0,0,0,0,0,0.168,0,0,0,0,0,0,0,0,0,0,0,0,0,0,0,0,0,0,0,0.169,0,0.367,0,0,0,0,0,0,0,0,0.162,0,0,0,0,0,0,0,0,0,0,0,0,0,0,0,0,0,0,0,0,0,0,0,0,0,0,0,0,0,0,0,0,0.154,0,0,0,0.758,0,0,0,0,0,0,0,0,0,0,0,0,0,0,0,0,0,0.252,0.295,0,0,0,0.153,0,0,0,0,0,0,0,0,0,0,0.175,0,0,0,0,0,0,0,0,0,0,0,0,0,0,0,0,0.238,0,0,0,0,0,0,0,0,0,0,0,0,0.276,0,0,0,0,0,0,0,0,0,0,0,0,0,0,0,0,0,0,0,0.183,0,0,0.161,0,0,0,0,0,0.243,0,0,0,0,0,0,0,0,0,0,0,0.159,0,0,0,0,0,0,0,0,0,0,0,0,0,0,0,0,0,0,0,0,0,0,0,0,0,0,0,0,0,0,0,0,0,0,0,0,0,0,0,0,0,0,0,0,0,0,0,0.188,0,0,0,0,0,0,0.17,0,0,0,0,0,0.185,0,0,0,0,0,0,0,0,0,0,0,0,0,0.267,0,0,0,0,0,0,0,0,0,0,0,0,0,0,0,0,0,0,0,0,0,0,0,0.17,0,0,0,0.215,0,0,0,0,0,0,0,0,0,0,0,0,0,0,0,0,0,0.241,0,0,0,0,0,0,0,0,0,0,0,0,0,0,0,0,0,0,0,0,0,0,0,0,0,0,0,0,0,0,0,0,0,0,0,0,0,0,0,0,0,0,0,0,0,0.19,0,0,0,0,0,0,0,0,0,0,0,0,0,0,0,0,0,0,0,0,0,0,0,0,0,0,0,0.232,0,0,0,0,0,0,0,0.251,0,0,0,0,0,0,0,0,0,0,0,0,0,0,0,0,0,0,0,0,0,0,0,0,0,0,0,0,0,0,0,0,0,0,0,0,0,0,0,0,0,0,0,0,0.163,0,0,0,0,0,0,0,0,0,0,0,0,0,0,0,0,0,0,0,0,0,0,0,0,0,0,0,0,0,0,0,0,0,0,0,0,0,0,0,0.212,0,0,0,0,0,0,0,0,0,0,0,0,0,0,0,0,0,0,0,0,0,0,0,0,0,0,0.242,0,0,0,0,0,0,0,0,0,0,0,0,0,0,0,0,0,0,0,0,0,0.476,0,0,0.179,0,0.169,0,0,0,0,0,0,0,0,0,0.174,0,0,0,0,0,0.383,0,0,0,0,0,0,0,0,0,0.169,0,0,0,0,0,0,0,0,0,0,0,0,0,0,0,0,0,0,0,0,0,0,0,0,0,0,0,0,0,0,0,0,0,0,0,0,0,0,0,0,0,0,0,0,0,0,0,0,0,0,0,0,0,0,0.277,0,0,0,0,0,0,0,0,0,0,0,0,0,0,0,0,0.245,0,0,0,0,0,0,0,0,0,0,0,0,0,0,0,0,0,0,0,0,0,0,0,0,0,0,0,0,0,0,0,0,0,0,0.198,0,0,0,0,0,0,0,0,0,0,0,0,0,0,0,0,0,0,0,0,0,0,0,0,0,0,0,0,0,0,0,0,0,0,0,0,0,0,0,0,0,0,0,0.454,0,0,0,0.21,0,0,0,0,0,0,0,0,0,0,0,0,0,0,0,0.543,0,0,0,0,0,0,0,0,0,0,0,0.169,0,0,0,0,0,0,0.241,0,0,0,0,0,0,0,0,0,0,0,0,0,0,0,0,0,0,0,0,0,0,0,0,0,0,0,0,0,0,0,0,0,0,0,0,0,0,0,0,0,0,0,0,0,0,0,0,0,0,0,0,0,0,0,0,0.226,0,0,0,0,0,0,0,0,0,0,0,0,0,0,0,0,0,0,0,0,0,0,0,0,0,0,0,0,0,0,0.244,0,0,0,0,0,0,0,0,0,0,0,0,0.264,0,0,0,0,0,0,0,0,0,0,0,0,0,0.237,0,0,0,0,0,0,0,0,0,0,0,0,0.222,0.214,0,0,0,0.2,0,0,0,0,0,0,0,0,0,0,0,0,0,0.569,0,0.291,0,0,0,0,0,0,0,0,0,0,0,0,0,0,0,0,0,0,0.229,0,0.159,0,0,0,0,0,0,0,0,0,0,0,0,0,0,0,0,0,0,0,0,0,0.438,0,0,0,0,0,0,0,0,0,0,0,0,0,0,0,0,0,0,0,0,0,0,0,0,0,0.199,0,0,0,0,0,0,0,0,0,0,0,0,0,0,0,0,0,0.328,0,0,0,0,0,0,0.178,0.249,0,0,0,0,0,0,0,0,0,0,0,0,0,0,0.186,0,0,0,0,0,0,0,0.206,0,0,0,0,0,0,0,0,0,0.214,0,0,0,0,0,0.18,0,0,0,0,0,0,0,0,0,0,0,0,0,0,0,0.207,0,0,0,0,0,0,0,0.217,0,0,0,0,0,0,0,0,0,0,0,0,0,0,0,0.177,0,0,0,0,0,0,0,0,0,0,0,0,0,0,0,0,0,0,0,0,0,0,0,0,0,0,0,0,0,0,0,0,0,0,0,0,0,0,0,0,0,0,0,0,0,0,0,0,0,0,0,0,0.266,0,0,0,0.282,0,0,0,0,0,0,0,0,0,0,0,0,0,0,0,0.175,0.191,0,0.227,0,0,0,0,0,0,0,0,0,0,0,0,0,0,0,0,0,0,0,0,0,0,0,0,0,0,0.534,0,0,0,0,0,0,0,0,0,0,0,0,0,0,0,0.194,0,0,0,0,0,0,0,0,0,0,0.718,0,0,0,0,0,0,0,0,0,0,0,0,0,0,0,0,0.167,0,0,0,0,0,0,0,0,0,0.817,0,0,0,0,0,0,0,0.209,0,0,0,0,0,0,0,0,0,0,0,0,0,0.318,0,0,0,0,0,0,0,0,0,0,0,0,0,0,0,0,0,0,0,0,0,0,0,0,0,0.829,0,0.175,0,0,0,0,0,0,0,0,0,0,0,0,0,0,0,0,0,0,0,0,0,0,0,0,0,0,0,0,0,0,0,0,0,0,0.554,0,0,0,0,0,0,0,0,0,0,0,0,0,0,0,0,0,0,0,0,0,0,0,0,0,0,0,0,0,0,0,0,0,0,0,0,0,0,0,0,0,0,0,0,0,0.203,0,0,0,0,0,0,0,0,0,0,0,0,0,0,0,0,0,0,0,0,0,0,0,0,0,0,0,0,0.4,0,0,0,0,0,0,0,0,0,0.161,0,0,0,0,0,0,0,0,0,0,0,0,0,0,0,0,0,0,0,0,0,0,0,0,0,0,0,0,0,0,0,0,0,0,0,0,0,0,0,0,0,0,0,0,0,0,0,0,0,0,0,0,0,0,0,0,0,0,0,0,0,0,0,0,0,0,0,0,0,0,0,0,0,0,0.176,0,0,0,0,0,0,0,0,0.537,0,0,0,0,0,0,0,0,0,0,0,0,0,0,0,0,0,0,0,0,0,0,0,0,0,0,0,0,0,0.189,0,0,0,0,0,0,0,0.247,0,0,0,0,0,0,0,0,0,0,0,0,0,0,0.213,0,0,0,0,0,0,0.243,0,0,0,0,0.266,0,0,0,0,0,0,0,0,0,0,0,0,0,0,0,0,0,0,0,0,0,0,0,0,0,0,0,0,0,0,0,0,0,0,0.198,0,0,0,0,0.155,0,0,0,0,0,0,0.233,0,0,0,0,0,0,0,0,0,0,0,0,0,0,0,0,0,0,0,0,0,0,0,0,0,0,0,0,0,0,0,0,0,0,0,0,0,0,0,0,0,0,0,0,0,0,0,0,0,0,0,0,0,0,0,0,0,0,0,0,0,0,0,0.203,0,0,0,0,0,0,0,0,0,0,0,0,0,0,0,0,0,0,0,0,0,0,0,0,0,0,0,0.165,0,0,0,0,0,0,0,0,0,0,0,0,0,0,0,0,0,0,0,0,0,0,0,0,0,0,0,0,0,0,0,0.161,0,0,0.193,0,0,0,0,0,0,0,0,0,0.156,0,0,0,0,0,0,0,0,0.245,0,0,0,0,0,0,0,0,0,0,0,0,0,0,0,0,0,0,0,0,0,0,0,0,0.19,0,0,0,0,0,0,0,0,0,0,0,0,0,0,0,0,0,0,0,0,0,0,0,0,0,0,0.177,0,0,0,0,0,0,0,0,0,0,0,0,0,0,0,0,0,0,0,0,0,0,0,0,0,0,0,0,0,0,0,0,0,0,0,0,0,0,0,0,0,0,0,0,0,0,0,0,0,0,0,0,0,0,0,0,0,0,0,0,0,0,0,0,0,0,0,0,0,0,0,0,0,0,0,0,0,0,0,0,0,0,0,0,0,0,0,0,0,0.165,0,0,0,0,0,0,0,0,0,0,0,0,0,0,0,0,0,0,0.214,0,0,0,0,0,0,0,0,0,0,0,0,0,0,0,0,0,0,0,0,0,0,0,0,0,0,0,0,0,0,0,0,0,0,0,0,0,0,0,0,0,0,0,0,0,0,0,0,0,0,0,0,0,0,0,0,0,0,0,0,0,0,0,0,0,0,0,0,0,0,0,0,0,0,0,0,0,0,0,0,0,0,0,0,0,0,0,0,0,0,0,0,0,0,0,0,0,0,0,0.202,0,0,0.157,0,0,0,0,0,0,0,0,0,0,0,0,0,0,0,0,0,0.176,0,0,0,0,0,0,0,0,0,0,0,0,0,0,0,0,0,0.205,0,0.357,0,0.158,0,0,0,0.188,0,0,0.283,0,0,0.169,0,0,0,0,0,0,0,0.182,0.22,0,0,0.19,0,0,0,0.169,0,0,0,0,0,0,0,0,0.505,0,0,0,0,0,0,0,0,0,0,0.155,0,0,0,0.204,0,0,0,0,0,0,0,0,0,0.188,0,0,0,0,0,0,0,0,0,0,0,0,0,0,0,0,0,0,0,0,0,0,0,0,0,0,0,0,0,0,0,0,0,0,0,0,0,0,0,0,0.194,0,0,0,0.169,0,0,0,0,0,0,0,0.33,0,0,0,0,0,0,0,0,0,0,0,0,0,0,0,0,0,0,0,0,0,0,0,0,0,0,0,0,0,0,0,0,0,0.16,0,0,0,0,0,0,0,0,0,0,0,0,0,0,0,0,0,0,0,0,0,0,0,0,0,0,0,0.368,0,0.175,0.153,0.222,0,0,0,0,0,0,0.52,0,0,0.176,0,0,0,0,0,0,0,0,0.222,0,0,0,0,0,0,0,0,0,0,0,0,0,0,0,0,0,0,0,0,0,0,0.187,0,0,0,0,0.258,0,0.232,0,0,0,0,0,0,0,0,0,0,0.181,0,0,0,0.222,0,0,0.192,0,0,0,0,0,0,0,0,0,0,0.182,0,0,0,0,0,0,0,0.198,0.262,0.61,0,0,0,0,0,0,0,0.197,0,0,0,0,0,0,0,0,0,0,0,0,0,0.161,0,0,0,0,0,0,0,0,0,0,0,0,0,0,0,0,0,0,0,0.162,0,0,0,0.15,0,0,0,0,0,0,0,0,0,0,0,0,0,0,0,0,0,0,0,0,0,0,0,0,0,0,0,0,0,0,0,0,0,0,0,0,0,0,0,0,0,0,0,0.15,0,0,0,0,0,0,0,0.171,0,0,0,0,0.521,0,0,0,0,0,0,0,0,0,0,0,0,0,0,0,0,0,0,0,0.361,0,0,0,0,0,0.959,0,0,0,0,0,0,0.222,0,0.319,0,0,0,0,0,0,0,0,0,0,0,0,0,0,0,0,0,0,0,0,0,0,0,0,0,0,0,0,0,0,0,0,0,0,0,0,0,0,0,0,0,0,0,0,0,0,0,0,0,0,0,0,0,0,0,0,0,0,0,0.197,0,0.15,0,0,0,0,0,0,0.277,0,0,0,0,0,0,0,0,0,0,0,0.19,0,0.223,0,0,0,0,0,0,0,0,0,0,0,0,0,0,0,0,0,0,0,0,0,0,0,0,0,0,0,0,0,0,0,0,0,0,0,0.205,0,0,0,0.174,0,0,0,0,0,0,0,0,0,0,0,0,0,0,0,0,0,0,0,0,0,0,0,0,0,0,0,0,0,0,0,0,0,0,0,0,0,0,0,0,0,0,0,0,0,0.177,0,0,0,0,0,0,0,0,0,0,0,0,0,0,0,0,0,0,0,0,0,0,0,0,0,0,0,0,0,0,0,0,0,0,0.192,0,0,0,0,0,0,0,0,0,0,0,0,0,0,0,0,0,0,0,0,0,0,0,0,0,0,0,0,0,0,0,0,0,0,0,0,0,0,0.205,0,0,0,0.178,0,0,0,0,0,0,0,0,0,0,0,0,0,0,0,0,0,0,0.179,0,0,0,0,0,0,0,0,0,0,0,0,0,0,0,0,0,0,0,0,0,0,0,0,0,0,0,0,0,0,0,0,0,0,0,0,0,0,0,0,0,0,0,0,0,0,0,0,0,0.301,0,0,0,0,0,0,0,0.221,0,0,0.276,0,0,0,0,0,0,0,0,0,0,0,0,0,0,0,0,0,0,0,0,0,0,0.411,0,0,0,0,0,0,0,0.156,0.167,0,0,0,0,0,0,0,0,0,0,0,0,0,0,0,0,0,0,0,0,0,0,0,0,0,0,0,0,0,0,0.198,0,0,0,0,0,0,0,0,0,0,0,0,0,0,0.311,0,0,0,0,0,0,0.208,0,0,0,0,0,0,0.211,0,0.194,0,0,0,0,0,0,0,0.223,0,0,0,0,0,0,0,0,0,0,0,0,0,0,0,0,0,0,0,0,0,0,0,0,0,0,0,0,0,0.207,0,0,0,0,0,0,0,0,0,0,0,0,0,0,0,0,0,0,0,0,0,0,0,0,0,0,0,0,0,0,0,0,0,0,0,0,0,0,0,0,0,0,0,0,0,0,0,0,0,0,0,0,0,0,0,0,0.229,0,0,0,0,0,0,0,0,0,0,0,0,0,0,0,0,0,0,0,0,0,0,0,0,0,0,0,0,0,0,0,0,0,0,0,0,0,0,0,0,0,0,0,0,0,0,0,0,0,0,0,0,0,0,0,0.319,0,0.355,0,0,0,0,0,0,0,0,0,0,0,0,0,0,0,0,0,0,0,0,0,0,0,0,0,0,0.216,0,0,0.257,0,0,0,0,0,0,0,0,0,0,0.15,0,0,0,0,0,0,0,0,0,0,0,0,0,0,0,0,0,0,0,0,0,0,0,0,0,0,0,0,0,0.222,0,0,0,0,0,0,0,0,0,0,0,0,0,0,0,0,0,0,0,0,0,0,0,0,0,0,0,0,0,0,0,0,0,0,0,0,0,0,0,0,0,0,0,0,0,0,0,0,0,0,0,0,0,0,0,0,0,0,0,0,0,0,0,0,0,0,0,0,0,0,0,0,0,0,0,0,0,0,0,0,0,0,0,0.322,0,0,0,0,0,0,0,0,0,0,0,0,0,0,0,0,0,0,0,0,0,0,0,0,0,0,0,0,0,0,0,0,0,0,0,0,0,0,0,0,0,0,0,0,0,0,0.203,0,0,0,0,0,0,0,0,0,0,0,0,0,0,0,0,0,0,0,0,0,0,0,1
853946,0,0,0.892,0,0,0,0.442,0,0,0,0,0,0.218,0,0,0,0,0,0,0,0,0,0,0,0,0,0,0,0,0,0,0,0.606,0,0,0,0,0,0,0,0,0,0,0,0.245,0.244,0,0,0,0,0,0,0,0,0,0,0,0.235,0,0,0,0.199,0,0,0,0,0,0,0,0,0,0,0,0,0,0,0,0,0,0,0,0,0,0,0,0,0,0,0,0,0,0,0,0,0,0,0,0,0,0.353,0,0,0,0.166,0,0,0,0,0,0.203,0,0,0,0,0,0,0,0,0,0,0,0,0,0,0,0,0,0,0,0,0,0,0,0,0,0,0,0,0,0,0,0,0,0,0,0,0,0,0,0,0,0,0,0,0,0,0,0,0,0,0,0,0,0,0,0,0,0,0,0,0,0,0,0,0,0,0,0,0,0,0,0,0,0,0,0,0,0,0,0,0,0,0,0,0,0,0.198,0,0,0,0,0,0,0,0,0,0,0,0,0,0,0,0.177,0,0,0,0,0,0,0,0.309,0,0,0,0,0,0,0,0,0,0,0,0,0,0,0,0,0,0.192,0,0,0,0,0,0,0,0,0,0,0,0,0,0.165,0,0,0,0,0,0,0,0,0.155,0.163,0,0,0,0,0,0,0.152,0,0,0,0,0,0,0,0,0,0,0,0,0,0,0,0,0,0,0,0,0,0,0,0,0,0,0,0.156,0,0.155,0,0.445,0,0,0,0,0,0,0,0,0,0,0,0,0,0.169,0,0,0,0,0,0.172,0,0,0.177,0,0,0.362,0,0,0,0,0,0,0.256,0,0,0,0,0,0,0,0,0.169,0,0,0,0,0.171,0,0,0,0,0,0,0,0,0,0,0.258,0,0.154,0,0,0,0,0,0,0,0,0,0,0.609,0,0,0,0,0,0,0,0,0,0,0,0,0,0.367,0,0,0.182,0,0,0,0.197,0,0,0,0.173,0,0,0.155,0,0.155,0,0.168,0.234,0,0,0,0,0,0,0,0,0.353,0,0.162,0,0,0,0,0,0.317,0.162,0,0,0,0,0,0,0.282,0,0,0,0,0,0,0,0,0,0,0,0,0,0,0,0,0,0,0,0,0.16,0,0,0,0,0,0,0,0,0,0,0,0,0,0,0,0.162,0,0,0,0.154,0,0,0,0,0,0.152,0,0,0,0,0,0.331,0.197,0,0,0,0.309,0,0,0,0,0,0.34,0,0,0,0,0,0.161,0.154,0,0,0,0,0.252,0,0,0,0,0,0.209,0,0.205,0,0,0,0,0,0,0,0.845,0.301,0,0.161,0,0,0,0,0.165,0,0,0,0,0,0,0,0,0,0.235,0,0,0,0,0.623,0,0.171,0,0,0,0,0,0,0.451,0,0,0.329,0,0,0,0,0,0,0,0,0,0,0,0,0,0,0,0.262,0,0,0,0,0,0,0,0,0,0,0,0,0,0,0,0,0.157,0,0,0,0,0,0,0,0,0,0,0,0,0,0,0,0,0,0,0,0,0,0,0,0,0,0,0,0.525,0,0,0,0,0,0,0,0,0,0.288,0,0,0.151,0,0,0,0,0.275,0,0.167,0.188,0.367,0,0,0,0,0,0,0,0,0,0,0,0,0.152,0,0,0.162,0.358,0,0,0.236,0,0,0,0.165,0,0,0,0,0,0,0,0.196,0,0,0,0,0,0,0,0,0,0,0,0,0,0,0,0,0,0,0,0,0,0,0,0,0,0,0,0,0,0,0,0,0,0,0,0,0,0,0.564,0,0,0,0,0,0,0,0,0,0.242,0,0,0,0,0.316,0.272,0,0,0.207,0.171,0,0,0,0,0,0,0,0,0,0,0,0,0,0,0,0,0,0,0,0,0,0,0,0,0,0,0.379,0,0,0.171,0,0,0,0,0,0,0,0,0,0,0.158,0.196,0,0,0,0.155,0,0,0.313,0,0,0,0.151,0,0,0,0,0,0,0,0,0,0,0,0,0,0,0,0,0,0,0,0,0,0,0,0,0,0,0,0,0,0,0,0.223,0,0,0,0,0,0,0,0,0,0,0,0,0,0,0.276,0,0.173,0,0,0,0,0,0,0,0.195,0,0,0.848,0,0.167,0,0,0,0,0.237,0,0,0,0,0,0,0,0,0,0,0,0.665,0,0,0,0,0.208,0,0,0,0,0,0.162,0,0,0,0,0,0.231,0,0,0,0,0,0,0,0,0,0,0,0.254,0,0,0.792,0.154,0,0,0,0,0,0,0,0,0,0.319,0,0,0,0,0,0,0,0,0,0,0,0,0.171,0,0,0,0,0,0,0,0,0,0,0,0,0,0,0,0,0.23,0,0,0.215,0.249,0,0,0,0,0,0,0,0,0,0.153,0,0.911,0,0,0,0,0.157,0.162,0,0,0,0,0,0.171,0,0,0,0,0,0,0,0,0,0,0,0,0,0,0,0.479,0,0,0,0,0,0,0.694,0,0,0,0,0,0,0,0,0,0,0,0,0,0,0,0,0,0,0,0,0,0,0,0,0,0,0,0,0,0,0,0,0,0,0,0,0,0,0,0,0,0,0,0,0.663,0,0.167,0,0,0,0,0,0,0,0,0,0,0,0,0,0,0,0,0,0,0,0,0,0,0.429,0,0,0,0,0,0,0,0,0,0,0,0,0,0,0.452,0,0,0,0,0.721,0,0,0,0,0,0,0,0,0,0,0.286,0,0,0,0,0,0,0,0,0,0,0,0,0,0,0,0,0,0,0.996,0,0,0,0,0,0,0,0,0,0,0,0,0,0,0,0,0,0,0,0,0,0,0,0,0,0,0,0,0,0,0,0,0,0,0,0,0,0,0,0,0,0,0,0,0,0,0.161,0,0,0,0,0,0,0,0,0,0,0,0,0,0,0,0,0,0,0.216,0,0,0,0,0.213,0,0,0,0,0,0.392,0,0,0,0,0,0,0,0,0,0,0,0,0,0,0,0,0,0,0,0,0,0,0,0,0,0.211,0,0,0,0,0,0,0,0,0.991,0,0,0,0,0,0,0,0,0,0,0,0,0,0,0,0,0,0,0,0,0,0,0,0,0,0,0,0,0,0,0,0,0,0,0,0,0.193,0,0,0,0,0,0,0,0,0,0,0,0,0.647,0.172,0,0,0,0,0,0,0,0,0,0,0,0.211,0,0,0,0,0,0,0,0.177,0,0,0,0,0.211,0.68,0,0,0,0,0.458,0,0,0.37,0,0,0,0,0,0,0,0,0,0,0,0,0,0,0,0.435,0,0,0.17,0,0,0,0,0,0,0,0,0.269,0,0,0.436,0,0,0,0,0,0,0,0.159,0.533,0,0,0,0,0,0,0,0.458,0,0,0,0,0,0,0,0,0,0,0,0,0,0,0,0,0,0,0,0,0,0,0,0,0,0.281,0,0,0,0,0,0,0,0.16,0,0,0,0,0,0,0,0,0,0,0,0,0,0,0,0,0.501,0,0,0,0,0,0,0,0,0,0,0,0,0,0,0.395,0,0,0,0,0,0,0,0.854,0,0.294,0,0,0,0,0,0,0,0,0,0.411,0,0,0,0,0,0,0,0,0,0,0,0,0,0,0,0,0,0,0,0,0,0,0,0,0,0,0.951,0,0,0.151,0,0,0,0,0,0,0,0,0,0,0,0.26,0,0,0,0,0,0,0,0,0,0,0,0,0,0,0,0,0.15,0,0,0,0,0,0.165,0,0,0,0,0,0,0,0,0,0,0,0,0,0.529,0,0.203,0,0,0,0,0,0,0,0,0,0,0,0,0,0,0,0,0,0,0,0,0,0.634,0,0,0,0,0,0,0,0,0,0,0,0,0,0,0,0,0,0,0,0,0,0,0,0,0,0,0,0,0,0,0,0,0,0,0,0,0,0,0,0,0,0,0,0,0,0,0.382,0,0,0,0,0,0,0,0,0,0,0,0,0,0,0,0,0,0,0,0,0,0,0,0,0,0,0,0,0,0,0,0,0,0,0,0,0,0,0.428,0,0,0,0,0.169,0,0,0.305,0,0,0,0,0,0,0,0,0,0,0,0,0,0,0,0,0,0,0,0,0,0,0,0,0,0,0,0,0,0,0,0,0,0,0,0,0,0,0,0,0,0,0,0,0,0,0,0,0,0,0,0,0,0,0,0,0.154,0,0.294,0,0,0,0,0,0,0,0,0,0,0,0,0,0,0,0,0,0,0,0.31,0,0,0,0,0,0,0,0,0,0,0,0,0,0,0,0,0,0,0,0,0,0,0,0,0,0,0.229,0,0,0,0,0,0,0,0,0,0,0,0,0.154,0,0,0.184,0,0,0,0.151,0.154,0,0,0,0,0,0,0,0,0,0,0,0,0,0,0,0,0,0,0,0,0,0,0,0,0,0,0,0,0,0,0,0,0,0,0,0,0,0,0,0,0,0,0,0,0,0,0,0.189,0,0,0,0,0,0,0,0,0,0,0,0,0,0,0,0,0,0,0,0,0,0,0,0,0,0,0,0,0,0,0,0,0,0,0,0,0,0,0,0,0,0,0,0,0,0,0,0,0,0,0,0,0,0,0,0,0,0,0,0,0,0,0,0,0,0,0,0,0,0.404,0,0,0.26,0,0,0,0,0,0,0,0,0,0,0,0.15,0,0,0,0,0,0,0,0,0,0.16,0,0,0,0,0,0,0,0,0.369,0,0,0,0,0,0,0,0,0,0,0,0,0,0,0,0,0,0,0,0.169,0,0,0,0,0.23,0,0,0,0,0,0,0,0,0,0,0,0.301,0,0,0,0,0,0,0,0,0,0,0.242,0,0,0.247,0.374,0,0,0,0.299,0,0,0,0,0,0,0,0.152,0,0,0,0,0,0,0,0.247,0,0.158,0,0,0,0,0,0,0,0.499,0,0,0,0,0,0.218,0,0,0,0,0,0,0,0,0,0,0,0,0.247,0,0.236,0,0,0,0,0,0,0.722,0,0,0,0,0,0,0,0.168,0,0,0,0,0,0,0,0,0,0,0,0,0,0,0,0,0,0.224,0,0,0,0,0,0.245,0,0,0,0,0,0,0,0,0,0,0,0,0,0.229,0,0,0,0,0,0,0,0.996,0,0,0,0,0,0,0,0,0,0,0,0,0,0,0,0,0,0,0,0,0,0,0,0,0,0,0,0,0,0,0,0,0,0,0,0,0,0,0,0,0,0,0,0,0,0,0,0,0,0,0,0,0,0,0,0,0,0.665,0,0,0,0,0,0,0,0,0,0,0,0,0,0,0,0,0,0,0,0,0,0,0,0,0,0,0,0.237,0,0,0,0,0,0,0,0.235,0,0,0,0,0,0,0,0,0,0,0,0,0,0,0,0,0,0,0,0,0,0,0,0,0,0,0,0,0,0,0,0,0,0,0,0,0,0,0,0,0,0,0,0,0,0,0,0,0,0,0.332,0,0,0,0,0,0,0,0,0,0,0,0,0,0,0.158,0,0,0,0.158,0,0,0,0,0,0,0,0,0,0,0,0,0,0,0,0,0,0,0.153,0,0,0,0,0,0,0,0,0.447,0.159,0,0,0,0.163,0,0,0,0,0,0,0,0,0,0,0,0,0,0,0,0,0,0,0,0,0,0,0,0,0,0,0,0,0,0,0,0,0,0,0,0,0,0,0,0,0,0,0,0,0,0,0,0,0,0,0,0,0,0,0,0,0,0,0,0,0,0,0.232,0,0,0,0,0,0.334,0,0,0,0,0,0,0,0,0,0,0.261,0.159,0,0,0,0,0,0,0,0,0,0,0,0,0,0,0,0,0,0,0,0,0,0,0,0,0,0,0,0,0,0,0,0,0,0,0,0,0,0,0,0,0.167,0.157,0,0,0,0.26,0,0,0,0,0,0,0,0,0,0,0,0,0.26,0,0,0,0,0,0,0,0,0,0,0,0,0,0,0,0,0,0,0,0,0,0.196,0,0,0,0,0,0,0,0,0,0,0,0,0,0,0,0,0,0,0,0,0,0,0,0,0,0,0,0,0.279,0,0,0,0,0,0,0,0,0,0,0,0,0,0,0,0.238,0,0,0,0,0,0,0,0,0,0,0,0,0,0,0,0,0,0,0,0,0,0,0,0,0,0,0,0,0,0,0,0,0,0,0,0,0,0,0,0,0,0,0,0,0,0,0,0,0,0,0,0,0,0,0,0,0,0,0,0,0,0,0,0,0,0,0,0,0,0,0,0,0,0,0,0,0,0,0,0,0,0,0,0,0,0,0,0,0,0,0,0,0,0,0,0,0,0,0,0,0,0,0,0,0,0,0.482,0,0,0,0,0,0,0,0,0,0,0,0,0,0,0,0,0,0,0,0,0,0,0,0,0,0,0,0,0,0,0,0,0,0,0,0,0,0,0,0,0,0,0,0,0,0,0,0,0,0,0.364,0,0,0,0,0,0,0,0,0,0,0,0,0,0,0,0,0,0.335,0,0,0,0,0,0,0,0,0,0,0,0,0,0,0,0,0,0,0,0,0,0,0,0,0,0,0,0,0,0,0,0,0,0,0,0,0,0,0,0,0,0,0,0,0,0,0.159,0,0,0,0,0,0,0,0,0,0,0,0,0,0,0,0,0,0,0,0,0,0,0,0,0,0,0,0,0,0,0,0,0,0,0,0,0,0,0,0,0,0,0,0,0,0,0,0,0,0,0.171,0,0,0,0,0,0,0,0,0,0,0,0,0,0,0.481,0,0.154,0,0,0,0,0,0,0,0,0,0,0,0,0,0,0,0,0,0,0,0,0,0,0,0,0,0,0,0,0,0,0,0,0,0,0,0,0,0,0,0,0,0,0,0,0,0,0,0,0,0.165,0,0,0,0,0,0,0,0,0,0,0.152,0,0,0,0,0,0,0,0,0,0.428,0,0,0,0,0,0,0,0,0,0,0,0,0,0,0,0,0,0,0,0,0,0,0,0,0,0.168,0,0,0,0,0,0,0,0,0,0,0,0,0,0,0.152,0,0,0,0,0,0,0,0,0,0,0,0,0,0,0,0,0,0,0,0,0,0,0,0,0,0,0,0,0,0.446,0,0,0,0,0,0,0,0,0,0,0,0,0,0,0,0,0,0,0,0,0,0,0,0,0,0,0,0,0,0,0,0,0,0,0,0,0,0,0,0,0,0,0,0,0,0,0,0,0,0,0,0,0,0,0,0,0,0,0,0,0,0,0,0,0,0,0,0,0,0,0,0,0,0,0,0,0,0,0,0,0,0,0,0,0,0,0,0,0,0,0,0,0,0,0,0,0,0,0,0,0,0,0,0,0,0,0,0,0,0,0,0,0,0,0,0,0.297,0,0,0,0,0,0,0,0,0,0,0,0,0,0,0,0,0,0,0,0,0,0,0,0,0,0,0,0,0,0,0,0,0,0,0,0,0,0,0,0,0,0,0,0,0,0,0,0,0,0,0,0,0,0,0,0,0,0,0,0,0,0,0,0,0,0,0,0,0,0,0,0,0,0,0,0,0,0,0,0,0.527,0.181,0,0,0,0,0,0,0,0,0,0,0,0,0,0.196,0,0,0,0,0,0,0,0,0,0,0,0,0,0,0,0,0,0,0,0.996,0,0,0,0,0,0,0,0,0,0,0,0,0,0,0,0,0,0,0,0,0,0,0,0,0,0,0,0,0,0,0,0,0,0,0.199,0,0,0,0,0,0,0.183,0,0,0,0,0,0,0,0,0,0,0,0,0,0,0,0,0,0,0,0,0,0,0,0,0,0,0,0,0,0,0,0,0,0,0,0,0,0,0,0,0,0,0,0,0,0,0,0,0.216,0,0,0,0,0,0,0,0,0,0,0,0.327,0,0,0,0,0,0,0,0,0.175,0,0,0,0,0,0,0,0.171,0,0,0,0,0,0,0,0,0,0,0,0,0,0,0,0,0,0,0,0,0,0,0,0,0,0,0,0,0,0,0.985,0,0,0,0,0,0,0,0,0,0,0,0,0,0,0,0,0,0.319,0,0,0,0,0,0,0,0,0,0,0,0,0,0,0,0,0,0,0.172,0,0,0,0,0,0,0,0,0,0,0,0,0,0,0,0,0,0,0,0,0,0,0.191,0,0,0,0,0,0,0,0,0,0,0,0,0,0,0,0.152,0,0,0,0,0,0,0.188,0,0,0,0,0,0,0,0,0,0,0.152,0,0,0,0,0,0,0,0,0,0,0,0,0,0,0,0,0,0,0,0,0,0,0,0,0,0,0,0,0,0,0,0,0.231,0,0,0,0,0,0,0,0,0,0,0,0,0,0,0,0,0,0,0,0,0,0,0,0,0,0,0,0,0,0,0,0,0,0,0,0.231,0,0,0,0,0,0,0,0,0,0,0,0,0,0,0,0,0,0,0,0,0,0,0,0,0,0,0,0,0,0,0,0,0,0,0,0,0,0,0,0,0,0,0,0,0,0,0,0,0,0,0.188,0,0,0,0,0.176,0,0,0,0,0,0,0,0,0,0,0,0,0,0,0,0,0,0,0,0,0,0,0,0,0.189,0,0,0,0,0,0,0,0,0,0,0,0,0,0.154,0,0,0,0,0,0,0,0,0.218,0,0,0,0,0,0,0,0,0,0,0,0,0,0,0,0,0,0,0,0,0,0,0.176,0.176,0,0,0,0,0,0,0,0,0,0,0,0,0,0,0,0,0,0,0,0,0,0,0,0,0,0,0,0,0,0,0,0,0,0,0,0,0,0,0,0,0,0,0,0,0,0,0,0,0,0,0.154,0,0,0,0,0,0,0,0,0,0,0,0,0,0,0,0,0,0,0,0,0,0,0,0,0,0,0,0,0,0,0,0,0,0,0,0,0,0,0,0,0,0,0,0,0,0,0,0,0,0,0.167,0,0,0,0,0,0,0,0.304,0,0,0,0,0,0.197,0,0,0,0,0,0,0,0,0,0,0,0,0,0,0,0,0,0,0,0,0,0,0,0,0,0,0,0,0,0,0,0,0,0,0,0,0,0,0,0,0,0.774,0,0,0,0,0.234,0,0,0,0,0,0,0,0,0,0,0,0,0,0,0,0,0,0,0,0,0,0,0,0,0,0,0,0,0,0,0,0,0,0,0,0,0,0,0,0,0,0,0,0,0,0,0,0,0,0,0,0,0,0,0,0,0.22,0,0,0,0,0,0,0,0,0,0,0,0,0,0,0,0,0.665,0,0,0,0,0,0,0,0,0,0.315,0,0,0,0,0,0,0,0,0,0,0,0,0,0,0,0,0,0,0,0,0,0,0,0,0,0,0,0,0,0,0,0,0,0,0,0,0,0,0,0,0.381,0,0,0,0,0,0,0,0,0,0,0,0,0,0,0,0,0,0,0,0,0,0,0,0,0,0,0,0,0,0,0,0,0,0,0,0,0,0,0,0,0,0,0,0,0,0,0,0,0,0,0,0,0,0,0,0,0,0,0,0,0.237,0,0,0,0,0,0,0,0.258,0,0,0,0,0,0,0,0,0,0,0,0,0,0,0,0,0,0,0,0,0,0,0,0,0,0,0,0,0,0,0,0,0,0,0,0,0,0,0,0,0,0,0,0,0,0,0,0,0,0,0,0,0,0,0,0,0,0,0,0,0,0,0,0,0,0,0,0,0.294,0,0,0,0,0,0,0,0.611,0,0,0,0,0,0,0,0,0,0,0,0,0,0,0,0,0,0,0,0,0,0,0,0.218,0,0,0,0,0,0,0,0,0,0,0,0,0,0,0,0,0.19,0,0,0,0,0,0,0,0,0,0,0,0,0,0,0,0,0,0,0,0,0,0,0.171,0,0,0,0,0,0,0,0,0,0,0,0,0,0,0,0,0,0,0,0,0,0,0,0,0,0,0,0,0,0,0,0,0,0,0,0,0,0,0,0,0,0,0,0,0,0,0,0,0,0,0,0,0,0,0,0,0,0,0,0,0,0,0,0,0,0,0,0,0,0,0,0,0,0,0,0,0.347,0,0,0,0,0,0,0,0,0,0,0,0,0,0,0,0,0,0,0,0,0,0,0,0,0,0,0,0,0,0,0,0,0,0,0,0,0,0,0,0,0,0,0,0,0,0,0,0,0,0.159,0,0,0,0,0,0,0,0,0,0,0,0,0,0,0,0,0,0,0,0,0,0,0,0,0,0,0,0,0,0,0,0,0,0.959,0,0,0,0,0,0,0,0,0,0,0,0,0,0,0,0,0.3,0,0,0,0,0,0,0,0
853709,0,0,0,0,0.795,0,0,0,0,0,0,0,0,0,0.182,0,0,0,0,0,0,0,0,0,0,0,0.261,0,0,0,0,0,0,0,0.238,0,0,0,0,0,0,0,0,0,0,0,0,0,0,0,0,0,0,0,0,0,0,0,0,0,0,0,0,0,0,0,0,0,0,0,0.764,0.265,0,0,0,0,0.161,0,0,0,0,0,0,0,0,0,0,0.454,0,0,0,0,0.312,0,0,0,0.233,0,0.183,0,0,0,0.153,0,0,0,0,0.219,0,0,0,0,0,0,0,0,0,0,0,0,0,0,0,0,0,0,0,0,0,0,0,0,0,0,0,0,0,0.155,0.271,0,0.336,0,0.194,0.257,0,0,0,0,0,0,0.205,0,0,0,0,0,0,0,0,0,0,0,0,0,0.183,0,0,0,0,0,0,0,0,0,0,0,0,0,0,0,0,0,0,0,0.671,0,0.231,0,0,0.162,0,0,0,0,0,0.626,0,0,0,0,0,0,0,0,0,0,0,0.21,0,0,0,0,0.175,0,0,0.297,0,0,0,0,0.223,0,0,0,0,0,0,0,0.884,0.517,0.413,0,0,0.166,0.184,0,0.836,0,0.858,0,0,0,0,0,0,0,0.183,0,0,0,0.311,0,0,0,0,0,0,0,0.239,0,0,0.159,0,0,0,0,0,0,0,0,0,0,0,0,0,0,0,0.157,0,0.838,0,0,0,0.371,0,0.186,0,0,0.2,0,0,0,0,0,0,0.192,0,0,0,0.152,0,0.153,0,0,0,0,0.179,0,0,0.323,0,0,0.252,0,0,0.151,0,0.898,0,0,0,0.166,0,0,0.175,0,0,0,0,0,0,0.344,0,0,0.158,0,0,0,0,0,0,0,0.31,0.191,0.297,0,0,0,0.169,0,0,0,0,0.477,0,0,0.157,0,0,0.199,0,0,0,0.241,0,0,0.385,0.157,0,0,0,0.433,0,0,0,0,0,0,0.213,0.74,0,0,0,0.173,0,0.189,0,0,0,0.178,0.167,0,0,0,0,0,0,0,0,0,0,0.759,0,0,0.524,0,0,0,0.496,0.44,0,0.995,0.181,0,0.221,0,0,0.23,0,0,0.16,0,0,0,0,0,0,0,0,0,0,0.192,0,0,0.185,0,0.17,0,0,0,0.17,0,0,0,0,0,0,0,0,0,0.346,0,0,0,0,0,0.423,0,0,0,0,0,0.734,0,0,0,0,0.246,0,0,0.303,0,0,0.317,0,0,0.22,0,0.6,0,0,0,0,0.196,0,0.314,0,0,0,0.241,0,0.152,0,0,0,0,0,0,0,0,0,0,0.348,0,0,0,0,0.165,0,0,0,0,0.367,0,0,0.165,0.252,0,0,0,0,0,0,0,0.173,0,0,0,0,0.181,0.228,0,0,0,0,0,0,0,0.809,0,0.396,0,0,0,0.172,0,0,0,0.194,0.346,0.366,0,0,0,0,0,0,0.299,0.206,0,0,0,0.331,0,0,0,0,0.223,0,0,0.177,0,0,0.294,0.237,0,0.157,0,0,0,0.294,0,0.214,0.49,0,0,0,0.26,0,0,0.305,0.19,0,0,0,0,0,0,0,0,0,0,0,0,0,0.451,0,0,0,0,0,0,0,0,0,0.307,0.201,0.165,0.346,0,0.25,0,0,0,0,0,0,0,0,0,0,0,0,0,0,0,0,0,0,0,0,0,0,0.787,0.625,0,0,0,0.242,0,0,0,0,0,0.85,0,0.191,0,0.217,0,0.259,0,0.199,0.312,0.295,0.985,0.681,0,0,0.15,0,0,0,0,0,0.307,0,0,0,0.217,0,0,0,0.307,0.265,0,0,0,0,0,0,0.649,0,0.927,0,0,0,0,0,0.684,0,0.506,0,0.245,0,0,0.157,0,0,0.537,0,0,0,0,0,0,0,0,0.31,0.191,0.166,0.227,0,0,0,0,0,0.201,0,0,0,0.154,0,0,0,0,0,0,0,0,0,0,0,0.848,0,0,0,0,0,0.17,0,0,0,0.231,0,0.325,0,0,0.271,0,0,0,0,0,0.294,0,0,0,0,0,0.228,0,0,0.26,0,0,0.174,0.169,0,0,0,0,0,0.191,0,0,0,0,0,0,0.198,0.272,0,0,0,0,0,0,0,0,0,0.154,0,0,0.484,0.993,0,0,0,0,0,0,0,0,0.17,0.883,0.426,0,0.186,0.157,0,0,0,0,0,0,0,0,0,0,0.342,0,0,0.259,0.765,0,0,0,0,0,0.197,0.331,0,0,0,0,0,0,0,0,0.671,0,0,0,0,0,0,0,0,0,0,0.346,0,0,0,0.313,0.596,0,0,0,0.651,0.805,0,0,0,0.162,0,0,0,0,0.374,0.31,0,0,0,0.331,0,0,0,0.198,0,0,0,0,0.232,0,0,0,0,0,0,0,0,0.346,0,0,0,0,0.338,0,0,0.276,0,0,0,0,0,0.154,0,0,0,0,0,0,0,0,0,0.39,0,0,0,0,0.17,0.853,0,0,0.357,0,0,0,0,0,0,0.194,0,0.223,0,0,0,0,0,0,0,0,0,0,0,0,0,0,0,0.593,0,0.2,0.16,0,0,0,0,0,0,0.174,0.322,0,0,0,0,0,0,0,0,0,0,0,0,0,0,0,0,0,0,0,0,0,0,0,0,0,0,0,0,0,0,0,0,0,0,0,0,0,0,0,0,0,0,0,0,0,0,0,0,0,0,0,0,0,0,0,0,0,0,0,0,0,0,0,0.473,0,0,0,0,0.325,0,0,0,0,0,0,0,0,0,0,0,0,0,0,0,0,0,0,0.213,0,0,0.64,0,0.3,0,0,0,0,0,0,0,0.2,0,0,0,0,0.162,0,0,0,0,0,0,0,0,0,0,0,0,0,0,0,0,0,0,0,0,0,0,0,0,0,0,0,0,0,0,0,0,0,0,0,0,0,0,0,0,0,0.542,0.256,0,0,0.227,0,0,0,0,0,0,0,0,0,0,0,0,0,0,0,0,0,0,0,0,0,0,0,0,0,0,0,0,0,0,0,0,0,0,0,0,0,0,0,0,0,0,0,0,0,0,0,0,0,0,0,0,0,0,0,0,0,0,0,0,0,0,0,0,0,0,0,0,0,0,0,0,0,0,0,0.264,0,0,0.282,0,0,0,0,0,0,0,0,0,0,0,0,0,0,0,0,0,0.935,0,0,0,0,0,0,0,0,0,0,0,0,0,0,0,0,0,0,0,0,0.173,0,0,0,0,0,0,0,0,0,0,0,0,0,0,0,0,0,0,0,0,0,0.542,0,0,0,0,0,0,0,0.27,0,0,0,0.735,0,0,0,0,0,0.191,0,0,0,0,0,0,0.254,0.389,0,0,0,0,0.207,0,0,0,0,0,0,0,0.22,0,0,0,0,0,0,0,0.35,0,0,0,0.185,0,0,0,0,0,0,0,0,0,0,0,0,0,0,0,0,0,0,0,0,0.2,0,0,0,0,0,0,0,0,0,0,0,0,0,0.163,0.236,0,0,0,0,0,0,0.153,0,0,0,0,0,0,0,0,0,0,0,0,0,0,0,0,0,0,0,0.214,0,0,0,0,0,0,0,0,0,0,0,0,0,0,0,0,0,0,0,0,0,0,0,0,0,0,0,0,0,0.399,0,0.32,0,0,0,0,0,0,0,0,0,0,0,0,0,0,0,0,0,0,0,0,0,0,0,0,0,0,0,0.518,0,0,0,0,0,0,0,0,0,0,0,0,0,0,0,0,0,0,0,0,0,0,0,0,0.987,0.246,0,0,0,0,0.241,0,0.434,0,0,0,0,0,0,0,0,0,0,0.313,0,0,0,0,0.166,0,0,0,0,0,0,0,0,0,0,0,0,0,0,0,0,0,0,0,0,0,0,0,0,0,0,0,0,0,0,0,0,0,0,0,0,0,0.341,0,0,0,0,0,0,0,0,0,0,0.232,0,0,0,0,0,0,0,0,0.264,0,0,0,0,0,0,0.181,0,0,0,0,0,0.231,0,0,0,0,0,0.262,0,0,0,0,0,0,0,0,0,0,0,0,0,0,0,0,0,0,0,0,0,0,0,0,0,0,0,0,0,0,0,0,0,0,0,0,0,0,0,0,0,0,0,0,0,0,0,0,0,0,0,0,0,0,0,0,0,0,0,0,0,0,0,0,0,0,0,0,0,0,0,0,0,0,0,0,0,0,0,0,0.161,0,0,0,0,0,0,0,0,0,0,0,0,0,0,0,0,0,0,0,0,0,0,0,0.162,0.25,0,0,0,0.938,0,0,0,0,0,0,0,0,0,0,0,0,0,0,0,0,0,0.154,0.35,0,0,0,0,0,0,0,0,0,0,0,0,0,0,0,0,0,0,0,0,0,0,0,0,0,0,0,0,0.942,0,0,0,0,0,0,0,0,0,0,0,0,0,0,0,0,0,0,0,0,0,0,0,0,0,0,0,0,0,0,0,0.256,0.294,0,0,0,0,0.179,0.156,0.16,0,0,0,0.948,0,0,0,0,0,0,0,0,0,0,0,0,0,0,0,0,0,0,0,0,0,0,0,0,0,0,0,0,0,0,0,0.173,0,0,0,0.15,0,0,0.193,0,0,0,0,0,0,0.279,0,0,0,0,0,0,0,0,0,0,0,0,0,0,0,0,0,0.313,0,0,0,0,0,0,0,0,0,0,0,0,0,0,0,0.162,0,0,0,0,0,0,0,0,0,0,0,0,0,0,0.179,0,0,0,0,0,0,0.999,0,0,0,0.994,0,0,0.183,0,0.181,0,0,0,0.232,0,0.266,0.312,0,0,0.153,0,0,0,0,0.712,0,0,0,0,0.596,0,0.221,0,0.847,0,0,0,0.151,0,0,0,0,0,0,0,0,0,0.341,0.517,0,0,0.19,0,0,0.999,0,0,0,0.221,0.188,0,0,0,0,0,0,0,0,0,0,0,0,0.214,0,0,0,0,0,0,0,0.841,0,0,0,0,0,0,0.183,0,0,0,0,0,0,0,0.548,0,0.292,0,0,0,0,0,0,0,0,0.999,0,0,0,0,0,0.398,0,0.164,0,0,0.315,0,0,0,0.166,0,0,0,0,0,0,0.483,0,0,0,0,0,0,0,0,0.931,0,0,0.765,0,0,0,0.154,0,0,0,0,0.274,0,0,0,0,0,0.252,0,0,0,0,0,0,0,0,0.568,0,0,0,0,0,0.781,0,0.972,0.165,0.153,0,0,0,0,0,0,0.152,0,0,0,0,0,0,0.165,0,0,0.225,0,0,0,0,0.346,0.197,0.197,0,0,0,0.358,0.183,0.32,0,0,0,0,0,0,0,0,0,0,0,0,0,0,0,0,0,0,0,0,0,0,0,0.197,0,0,0.624,0,0,0,0,0,0,0,0,0,0,0,0,0,0,0,0,0,0,0,0,0,0.164,0,0,0,0,0,0,0,0,0,0,0,0,0,0,0,0,0,0,0,0,0,0,0,0.169,0,0,0,0,0,0,0,0,0,0,0,0,0,0,0.423,0,0,0,0,0,0,0,0.251,0,0,0,0,0,0,0,0,0,0,0,0,0,0,0,0,0,0,0,0,0,0,0,0,0,0,0,0,0.165,0,0.175,0,0.17,0,0,0,0,0,0,0,0.332,0,0,0,0,0,0,0,0,0,0,0,0,0,0,0,0,0,0,0,0,0.17,0,0,0,0,0,0,0,0,0.547,0,0,0,0,0,0,0.561,0.577,0,0,0,0,0,0.861,0,0,0,0,0,0.476,0,0,0,0.223,0,0,0,0,0,0,0.201,0.85,0.253,0.187,0,0,0,0.2,0,0,0,0,0.41,0,0,0,0,0,0,0,0,0.244,0,0,0,0,0,0,0,0,0,0.226,0,0,0.279,0,0,0.316,0,0,0,0,0,0,0,0,0,0,0,0,0,0,0,0.188,0,0.192,0,0,0,0,0,0,0,0,0,0,0,0.258,0.31,0,0,0,0,0.444,0.179,0,0.476,0,0,0,0,0,0,0,0,0,0.362,0,0,0,0,0,0,0,0,0,0,0,0,0.152,0,0,0,0,0,0,0,0,0,0,0,0,0,0,0,0,0.188,0,0,0,0,0.153,0,0,0,0,0,0,0,0,0,0,0,0,0,0,0,0,0,0,0,0,0,0,0,0,0,0,0,0,0,0,0,0.17,0,0,0,0,0.373,0,0,0,0,0,0,0,0,0,0,0,0,0,0,0.502,0,0,0,0,0,0,0,0,0,0,0,0,0,0,0,0,0,0,0,0,0,0,0,0,0,0,0,0,0,0,0,0,0,0,0,0,0,0,0,0,0,0,0,0,0,0,0,0,0,0,0,0,0,0,0,0,0,0,0,0,0,0,0,0,0,0.209,0,0,0,0,0,0,0,0,0,0,0,0,0,0,0,0,0,0,0,0,0,0,0,0,0,0,0,0,0,0,0,0,0,0,0,0,0,0,0,0,0,0,0,0,0,0,0,0,0,0,0.524,0,0,0,0,0,0,0,0,0,0,0,0,0,0,0,0,0,0,0,0,0,0,0,0,0,0,0,0,0,0,0,0,0,0,0,0.163,0,0,0,0,0,0,0,0,0,0,0,0,0,0,0,0,0,0,0,0,0,0,0,0,0,0,0,0.189,0,0,0,0,0,0,0,0,0,0,0,0,0,0,0,0,0,0,0,0,0,0,0,0,0,0,0,0,0,0,0,0,0,0,0,0,0,0,0,0,0,0,0,0,0,0,0,0,0,0,0,0,0,0,0,0,0,0,0,0,0,0,0,0,0,0,0,0,0,0,0,0,0,0,0,0,0,0,0,0,0,0,0,0,0,0,0,0,0,0,0,0,0,0,0,0,0,0,0,0,0,0,0,0,0.314,0,0,0,0,0,0,0,0,0,0,0,0,0,0.589,0,0.172,0,0,0,0,0,0,0,0,0.187,0,0.154,0,0,0,0.186,0,0,0,0.194,0,0,0,0,0,0.153,0.217,0,0,0,0,0,0,0.182,0,0,0,0,0,0,0,0,0,0.158,0.172,0,0,0,0,0,0,0,0,0.224,0,0,0.2,0,0,0.25,0,0,0,0,0,0,0,0,0,0,0,0,0,0,0,0,0,0,0,0,0,0,0,0,0,0,0.447,0,0,0,0,0,0,0,0.193,0,0,0,0.26,0,0,0,0.193,0,0,0,0.16,0,0,0,0,0,0.192,0,0,0,0,0,0.25,0,0,0.163,0.192,0.257,0,0,0,0,0,0,0,0.192,0,0.472,0,0,0,0.194,0,0.286,0,0,0,0,0,0,0,0,0,0,0,0,0,0,0,0,0,0.433,0.201,0,0,0,0.167,0,0.17,0,0,0,0,0,0.158,0.184,0.2,0,0,0,0,0,0,0,0.165,0,0,0.158,0,0,0,0,0,0,0,0,0,0,0,0,0,0.163,0,0,0,0,0.218,0,0,0,0,0,0,0,0,0,0,0,0,0,0,0.173,0.205,0,0,0,0,0,0,0,0,0,0,0,0,0,0,0,0,0,0.164,0,0,0,0,0,0,0,0,0,0,0,0,0,0,0,0,0,0,0,0,0,0,0,0,0,0,0,0,0,0,0,0,0,0,0,0,0,0,0,0,0,0,0,0,0,0,0,0,0,0,0,0,0,0,0,0,0,0,0,0,0,0,0,0,0,0.996,0,0,0.466,0,0.989,0.17,0,0.175,0.56,0.999,0.967,0,0,0,0,0,0,0.301,0,0.503,0,0.18,0,0,0,0.96,0,0.181,0.566,0.928,0,0,0,0,0.992,0,0,0,0,0,0.297,0.593,0.181,0.18,0,0.186,0.257,0,0,0,0,0,0,0,0,0,0,0,0,0.151,0.828,0,0,0,0.363,0.242,0,0,0,0.664,0.19,0,0.434,0,0,0,0,0.478,0,0,0,0,0.181,0,0,0,0,0.694,0,0,0,0.464,0.566,0,0,0.279,0.911,0.175,0,0,0,0.261,0,0,0,0,0,0,0,0,0,0,0,0,0,0,0,0,0,0,0,0,0,0,0,0,0,0,0,0,0,0,0,0.206,0,0.203,0,0,0,0,0,0,0,0,0,0,0,0.269,0,0,0,0,0,0,0,0,0,0,0,0,0.516,0,0.6,0,0,0.203,0,0,0,0,0.192,0,0.151,0,0.151,0,0.385,0.176,0,0.232,0,0.438,0,0.178,0,0,0,0,0,0,0,0,0,0,0,0,0.376,0,0,0.492,0,0,0,0,0,0,0,0,0,0,0,0,0,0,0,0,0,0,0,0.213,0,0,0,0,0,0,0.668,0,0,0.678,0.238,0,0,0,0.334,0,0,0,0,0,0.199,0,0.156,0.178,0,0,0,0,0,0,0,0,0,0,0,0.343,0,0,0,0,0,0,0,0,0,0.152,0,0,0.182,0,0,0.169,0,0,0,0.85,0,0,0,0,0,0,0,0,0,0,0.348,0,0,0,0,0,0,0,0,0,0,0,0,0,0,0,0,0.28,0,0,0,0,0,0,0,0,0.678,0.385,0,0,0,0,0,0,0,0,0,0,0,0,0,0.171,0,0,0,0,0.851,0,0.179,0.22,0,0,0,0,0,0.17,0,0,0,0.164,0.166,0,0,0.351,0,0.445,0,0.229,0,0,0.214,0,0,0.56,0.153,0,0,0.972,0,0,0,0,0,0,0,0,0,0,0,0,0.215,0,0.2,0,0,0,0,0,0,0,0.206,0,0,0,0.933,0.273,0,0,0,0,0.183,0,0,0,0,0,0,0,0.679,0,0,0,0,0,0,0,0,0,0.199,0,0,0,0,0.356,0,0,0,0,0,0,0,0,0,0,0,0,0,0,0,0,0,0.315,0,0,0,0,0,0,0,0,0,0,0,0,0,0,0,0,0,0,0,0,0,0,0,0.656,0.207,0,0.931,0.304,0,0.464,0,0,0,0.504,0.466,0,0,0.175,0,0,0,0,0,0.153,0,0,0,0,0,0.173,0.375,0.166,0,0,0.25,0,0,0.741,0.183,0,0,0,0,0,0,0,0,0,0,0.24,0,0,0,0,0,0,0,0.173,0,0,0,0,0,0.367,0,0,0,0,0.292,0.203,0,0.404,0.445,0,0,0,0,0.162,0,0,0.163,0.165,0,0.233,0,0,0,0,0,0,0,0,0,0,0,0,0,0,0,0,0,0,0,0,0,0,0,0.165,0,0,0,0,0,0,0,0,0,0,0,0,0,0,0,0,0,0,0,0,0,0,0,0,0,0,0,0,0,0,0,0,0,0,0.922,0,0,0,0,0.199,0.976,0,0.199,0.252,0,0,0,0,0,0,0,0,0,0,0,0,0,0,0,0,0,0,0,0,0,0,0,0,0.155,0,0,0,0,0,0,0,0,0,0,0,0,0.663,0,0.44,0,0,0,0.22,0,0,0,0,0,0,0,0,0,0,0,0,0,0,0,0,0,0,0,0,0,0,0,0,0,0,0,0,0,0.161,0,0,0,0,0,0,0,0,0,0,0,0,0,0,0,0,0,0,0,0,0,0,0,0,0,0,0,0,0,0,0,0,0,0,0,0,0,0,0,0,0,0,0,0,0,0.169,0,0,0,0,0,0,0,0,0,0.189,0,0,0.221,0,0,0,0,0.32,0,0,0,0,0,0,0.337,0,0,0,0,0,0,0,0,0,0,0,0,0,0,0,0,0,0,0,0,0,0,0,0,0,0,0,0,0,0,0,0,0,0,0.234,0,0,0,0,0,0,0.262,0,0,0,0,0,0,0,0,0,0,0,0,0,0,0,0,0,0,0.17,0,0,0,0,0,0,0,0,0,0,0,0,0,0,0,0,0,0,0,0,0,0,0,0,0,0,0,0,0,0,0,0,0,0,0,0,0,0,0,0,0,0,0,0,0,0,0,0,0,0,0,0,0,0,0,0,0,0,0,0.3,0,0,0,0,0,0,0,0,0.205,0,0,0,0,0,0,0,0,0,0.555,0,0,0,0.188,0,0,0,0,0,0,0,0,0,0,0.229,0,0,0,0,0,0,0,0,0,0,0,0,0,0,0.355,0,0,0,0,0,0,0,0,0,0,0,0,0,0,0,0,0,0,0,0,0,0,0,0,0,0,0,0.463,0.333,0,0,0,0.164,0,0,0,0,0,0,0,0,0,0,0,0,0,0,0,0,0,0,0,0,0,0,0,0,0.337,0,0,0,0,0,0.155,0,0,0,0,0,0,0,0,0,0,0,0,0,0,0,0,0,0,0,0,0,0,0,0,0,0,0,0,0,0,0,0,0,0,0,0,0,0,0,0,0.234,0,0,0,0,0,0,0,0,0,0,0,0,0,0,0,0,0.218,0,0,0,0,0,0,0,0,0,0,0,0,0,0,0,0,0,0,0,0,0,0,0.387,0,0,0,0,0,0,0,0,0,0,0,0,0,0,0,0,0,0,0,0,0,0,0,0,0,0,0,0.222,0,0,0.336,0,0,0,0,0,0,0,0,0,0.335,0.336,0.336,0,0,0,0.94,0,0,0,0,0,0,0,0,0,0,0.177,0.921,0,0,0,0,0,0,0,0,0,0,0,0,0,0,0,0,0,0,0,0,0,0,0,0,0,0,0,0,0,0,0.398,0,0,0,0,0,0,0,0,0,0,0,0,0,0,0,0,0,0,0,0,0,0,0,0,0,0,0,0,0,0,0,0,0,0,0,0,0,0,0,0,0,0,0,0,0,0,0,0,0,0,0,0,0,0,0,0,0,0,0,0,0,0,0.151,0,0,0,0
853828,0,0,0,0,0,0,0.242,0,0,0,0,0,0,0,0,0.292,0.793,0,0.532,0,0,0,0,0,0,0,0,0,0,0,0.901,0,0,0,0.355,0,0,0,0,0,0,0,0,0,0,0.56,0,0,0,0,0,0,0.193,0.546,0,0,0,0,0,0,0.156,0,0,0,0,0,0.369,0,0,0,0.442,0,0,0,0,0.332,0,0,0.793,0,0,0,0,0,0,0,0,0,0.481,0,0,0,0,0,0,0,0,0,0,0,0,0,0.453,0,0,0.793,0,0.355,0,0,0,0,0,0,0,0,0,0,0.611,0,0,0,0,0,0,0,0,0,0,0,0,0,0,0,0,0,0,0,0,0,0,0,0,0,0,0.903,0,0,0,0,0,0,0,0,0,0.161,0,0,0,0,0,0,0,0,0,0,0,0,0,0,0,0,0,0,0,0,0,0,0,0,0.442,0.54,0,0,0,0,0,0,0,0,0.151,0,0,0,0,0.551,0,0,0,0,0,0,0.23,0,0,0,0,0,0,0,0,0,0,0,0,0,0,0.214,0,0,0,0,0,0,0,0,0,0,0,0,0,0,0,0,0,0.22,0,0,0,0,0,0,0,0,0,0,0,0.949,0,0,0,0,0,0,0,0,0,0,0,0,0,0,0,0,0,0,0,0,0,0,0,0,0,0,0,0,0,0,0,0,0,0,0,0,0,0,0,0,0,0,0,0,0,0,0.192,0,0,0,0,0,0,0,0,0,0,0,0,0,0,0,0,0.165,0,0,0,0,0,0,0.374,0,0,0,0,0,0,0,0,0,0,0,0,0,0,0,0,0,0,0,0,0,0,0,0,0,0,0,0,0,0,0,0,0,0.248,0,0,0,0,0,0,0,0,0,0,0,0,0,0,0,0,0,0.276,0,0,0,0,0,0,0,0,0,0,0,0,0,0,0,0,0,0,0,0,0,0,0,0,0,0,0,0,0,0,0,0,0,0,0,0,0,0,0,0,0,0,0,0,0,0,0,0,0,0,0,0,0.155,0.19,0,0,0,0,0,0.554,0,0,0,0,0.333,0,0,0,0.641,0,0,0,0,0,0.611,0,0.258,0,0,0,0,0,0,0,0,0,0,0,0,0,0,0,0,0.185,0,0,0,0,0,0,0,0,0,0,0,0,0,0,0,0,0,0,0,0,0,0,0,0,0.402,0,0,0.219,0,0,0,0,0,0,0.151,0,0,0,0,0,0,0,0,0,0,0,0,0,0,0,0,0,0,0,0,0.287,0,0,0,0,0,0,0,0,0,0,0,0.192,0.298,0,0,0,0,0,0,0,0,0,0,0,0,0,0,0,0,0,0,0,0,0,0,0,0,0,0,0,0,0,0,0,0,0,0,0,0,0,0,0,0,0,0,0,0,0,0,0,0,0,0,0.311,0,0,0,0,0.442,0,0,0,0,0,0,0,0,0,0,0,0,0,0,0,0,0,0,0,0,0,0,0,0.511,0,0,0,0,0,0,0,0,0,0,0,0,0,0,0.41,0,0,0,0,0,0,0,0,0,0,0,0,0,0,0,0.153,0,0,0,0,0.742,0.22,0,0,0,0,0,0,0,0,0,0,0,0,0,0,0,0,0,0,0,0,0,0,0,0,0,0,0,0,0,0,0,0,0,0,0,0,0,0,0,0,0,0,0,0,0,0,0,0,0,0,0,0,0,0,0,0,0,0,0,0,0.546,0,0,0,0,0,0,0,0.24,0,0,0,0,0,0,0,0,0,0,0,0,0,0,0,0,0,0,0,0,0.374,0,0,0,0,0,0,0,0,0,0,0,0,0,0,0,0,0,0,0,0,0,0,0,0,0,0,0,0,0,0,0,0,0,0,0,0,0,0,0.355,0,0,0,0,0,0,0,0.171,0,0,0.193,0,0,0,0,0,0,0,0,0,0,0,0,0,0,0,0,0,0,0,0,0,0,0,0,0,0,0,0,0,0,0,0,0.163,0,0,0,0.276,0,0,0.231,0,0,0,0.161,0,0,0,0,0,0,0,0,0,0,0,0,0.457,0,0,0,0,0,0,0,0,0,0,0,0,0,0,0,0,0,0,0,0,0,0,0,0,0,0,0,0,0,0,0,0,0,0,0,0,0,0,0,0,0,0,0,0,0,0,0,0,0,0,0,0,0,0,0,0,0,0,0,0,0,0,0,0,0,0,0,0,0,0,0,0,0,0,0,0,0,0.362,0.22,0,0,0,0,0,0,0,0,0,0,0,0,0,0,0,0,0,0,0,0,0,0,0,0,0,0,0,0,0,0,0,0,0,0,0,0,0,0,0,0,0,0,0,0,0,0.29,0,0,0,0,0,0.29,0,0,0,0,0,0,0,0,0.56,0,0,0,0,0,0,0,0,0,0,0,0,0,0,0,0,0,0,0,0,0,0,0,0,0.47,0,0,0,0,0,0,0,0,0,0,0.94,0,0,0,0,0,0,0,0,0,0,0,0,0,0,0,0,0,0,0,0,0,0,0,0,0,0,0,0,0,0,0,0.379,0,0,0,0,0,0,0,0,0,0,0,0,0,0,0,0,0,0,0,0,0.396,0,0,0,0,0.61,0,0,0,0,0.904,0,0,0,0,0,0.339,0,0,0,0,0,0.309,0,0,0,0,0.156,0,0,0,0,0,0,0,0.157,0,0,0,0,0.462,0,0,0,0.927,0,0.92,0,0,0,0,0,0,0,0.973,0,0,0,0,0,0,0,0,0,0,0,0,0,0,0,0,0,0,0.272,0,0,0,0,0,0.194,0,0,0,0.351,0,0,0,0,0,0,0,0.856,0,0,0.396,0.271,0,0,0,0,0,0,0,0.351,0,0,0,0,0,0,0,0,0,0,0,0.351,0,0,0,0,0,0,0,0,0,0,0.194,0,0.194,0,0,0,0,0,0,0,0,0,0.681,0,0,0,0,0,0,0,0,0,0,0,0,0,0,0,0,0,0,0,0,0,0,0,0,0,0,0,0,0,0,0,0,0,0,0,0,0,0,0,0.943,0.337,0,0,0,0,0,0,0,0,0.769,0,0,0,0,0,0,0,0,0.254,0.192,0,0,0,0,0,0.302,0,0,0,0,0.446,0,0,0,0,0,0,0.276,0,0,0,0,0,0,0.534,0,0,0.165,0,0,0,0,0,0,0,0,0,0,0,0,0,0,0,0,0,0.159,0,0,0,0,0,0,0.518,0,0,0,0,0,0,0,0.152,0,0,0,0.338,0,0,0,0.447,0,0,0,0,0,0,0,0,0,0,0,0,0,0,0,0,0,0,0,0,0,0,0,0,0,0,0,0,0,0,0,0,0,0,0,0,0.317,0,0,0,0,0,0,0,0,0,0,0,0,0,0,0,0.229,0,0,0,0,0,0,0,0,0,0,0,0,0,0,0,0,0,0,0,0,0,0,0.446,0,0,0,0,0,0,0,0,0,0,0,0,0,0,0,0,0,0,0,0,0.196,0,0,0,0,0,0,0,0,0,0.68,0,0,0,0,0,0,0,0,0,0,0,0,0,0,0,0,0,0,0,0,0,0,0,0,0,0,0,0,0,0,0,0,0,0,0,0,0,0,0,0,0,0,0,0,0,0,0,0,0,0,0,0,0,0,0,0,0,0,0,0,0,0,0,0,0,0.317,0,0,0,0,0,0,0,0,0,0,0,0,0,0,0,0,0,0,0,0,0,0,0,0,0.352,0,0,0,0,0,0,0,0,0,0,0,0,0,0,0,0,0,0,0,0,0,0,0,0,0,0,0,0,0,0,0,0,0,0,0,0,0,0,0,0,0,0,0,0,0,0,0,0,0,0,0,0,0,0,0,0,0,0,0,0,0,0,0,0,0,0,0,0,0,0,0.409,0,0,0,0,0,0,0.61,0,0,0,0,0,0,0,0,0,0,0,0,0,0.298,0,0,0,0,0,0,0,0,0,0,0,0,0,0,0,0,0,0,0,0,0,0,0,0,0,0,0,0,0,0,0,0,0,0,0,0,0,0,0,0,0,0,0,0,0,0,0,0,0,0,0,0,0,0,0,0,0,0,0,0,0,0,0,0,0,0,0,0,0,0,0,0,0.33,0,0,0,0,0,0,0.379,0,0,0,0.783,0,0,0,0,0,0,0,0,0,0,0,0,0,0,0,0,0,0,0,0,0,0,0,0,0,0,0,0,0,0,0,0,0,0,0,0,0,0,0,0,0,0,0,0,0,0,0,0,0,0,0,0,0,0,0,0,0,0,0,0,0,0,0,0,0,0,0,0,0,0,0,0,0,0,0,0,0,0,0,0,0,0,0,0,0,0,0,0,0,0,0,0,0,0,0,0,0,0,0,0,0,0,0,0,0,0,0,0,0,0,0,0,0,0,0,0,0,0,0,0,0,0,0,0,0,0,0,0,0.198,0,0,0,0,0,0,0,0,0,0,0,0,0,0,0,0,0,0,0,0,0,0,0,0,0,0,0,0,0,0,0,0,0,0,0,0,0,0.381,0.297,0,0,0,0,0,0,0,0,0,0,0,0,0,0.372,0,0,0,0,0,0,0,0,0,0,0,0,0,0,0,0,0,0,0,0,0,0,0,0,0,0.356,0,0,0,0,0,0,0,0,0,0,0,0,0,0,0,0,0,0,0,0,0,0,0,0,0,0,0,0,0,0,0,0,0,0,0,0,0,0,0,0,0,0,0.152,0,0,0,0,0,0,0.686,0,0,0,0,0.156,0,0,0,0,0.29,0,0,0,0,0,0,0,0,0,0,0,0,0,0,0,0,0,0,0,0,0,0,0,0,0,0,0,0,0,0,0,0,0,0,0,0,0,0,0,0,0,0,0,0,0,0,0,0,0,0,0,0,0,0,0.207,0,0,0,0,0,0,0,0,0,0,0,0,0,0.924,0,0,0,0,0,0,0,0,0,0,0,0,0,0,0,0,0,0.377,0,0,0,0.25,0,0,0.309,0,0,0,0,0,0,0,0,0,0,0,0,0,0,0,0,0,0,0,0,0,0,0,0,0,0,0,0,0,0.832,0,0,0,0,0,0,0,0,0,0,0,0.176,0,0,0,0,0,0,0,0,0,0,0,0,0,0,0,0,0,0,0,0,0,0,0,0,0,0,0,0,0,0,0,0,0,0,0,0,0,0,0,0,0,0,0,0,0,0,0,0,0,0,0,0,0,0,0,0,0,0,0,0,0,0,0,0,0,0,0,0,0,0,0,0,0,0,0,0,0,0,0,0,0,0,0,0,0,0,0,0,0,0,0,0,0,0,0,0,0,0,0,0,0,0,0,0,0,0,0,0,0,0,0,0,0,0,0,0,0,0,0,0,0,0,0,0,0,0,0,0,0,0,0,0,0,0,0,0,0,0,0,0,0,0,0,0,0,0,0,0,0,0,0,0,0,0,0,0,0,0,0,0,0,0,0,0,0,0,0,0,0,0,0,0,0,0,0,0,0,0,0,0,0,0,0,0,0,0,0,0,0,0,0,0,0,0,0,0,0,0,0,0,0,0,0,0,0,0,0,0,0,0,0,0,0,0,0,0,0,0,0,0,0,0,0,0,0,0,0,0,0,0,0,0,0,0,0,0,0,0,0,0,0,0,0,0,0,0,0,0,0,0,0,0,0,0,0,0,0,0,0,0,0,0,0,0,0,0,0,0,0,0,0,0,0,0,0,0,0,0,0,0,0,0,0,0,0,0,0,0,0,0,0,0,0,0,0,0,0,0,0,0,0,0,0,0,0,0,0,0,0,0,0,0,0,0,0,0,0,0,0,0,0,0,0,0,0,0,0,0,0,0,0,0,0,0,0,0,0,0,0,0,0,0,0,0,0,0,0,0.813,0,0.175,0,0,0,0,0,0,0,0,0,0,0,0,0,0,0,0,0,0,0,0,0,0,0,0,0,0,0,0,0,0,0,0,0,0,0,0,0,0,0,0,0,0,0,0,0,0,0,0,0,0,0,0,0,0,0,0,0,0,0,0,0,0,0,0,0,0,0,0,0,0,0,0,0,0,0,0,0,0,0,0,0,0,0,0,0,0,0,0,0,0,0,0,0,0,0.165,0,0,0,0,0,0,0,0,0,0,0,0,0,0,0,0,0,0,0,0,0,0,0,0,0,0,0,0,0,0.787,0,0,0,0,0,0,0,0,0,0,0,0,0,0,0,0,0,0,0,0,0,0,0,0.332,0,0,0,0.375,0,0,0,0,0,0,0,0,0,0,0,0,0,0,0,0,0,0.877,0,0,0,0,0,0,0,0,0,0,0,0,0,0,0,0,0,0,0,0,0,0,0,0,0,0,0,0,0,0,0,0,0,0,0,0,0,0,0,0,0,0,0,0,0,0,0,0,0,0,0,0,0,0,0.339,0,0,0,0,0,0,0,0,0,0,0,0,0.425,0,0,0,0,0,0,0,0,0,0.311,0,0,0,0,0,0,0,0,0,0,0,0,0,0,0,0,0,0,0,0,0,0,0,0,0,0,0,0,0,0,0,0,0,0,0,0,0,0,0,0,0,0,0,0,0,0,0,0,0,0,0,0,0,0,0,0,0,0,0,0,0,0,0,0,0,0,0,0,0,0,0,0,0,0,0,0,0,0,0,0,0,0,0,0,0,0,0,0,0,0,0,0,0,0,0,0,0,0,0,0,0,0,0,0,0,0,0,0,0,0,0,0,0,0,0,0,0,0,0,0,0,0,0,0,0,0,0,0,0,0,0,0,0,0,0,0,0,0,0,0,0,0,0,0,0,0,0,0,0,0,0,0.211,0,0,0,0,0,0.3,0,0,0,0,0,0,0,0,0,0,0,0,0,0,0,0,0,0,0,0,0,0,0,0,0,0,0,0,0,0,0,0,0,0,0,0,0,0,0,0,0,0,0,0,0,0,0,0,0,0,0,0,0,0.279,0,0,0,0,0,0,0,0,0,0,0,0,0,0,0,0,0,0,0,0,0,0,0,0,0,0,0,0,0,0,0,0,0,0.297,0,0,0,0,0,0,0,0,0,0,0,0,0,0,0,0,0,0,0,0,0,0,0,0,0,0,0,0,0,0,0,0,0,0,0,0,0,0,0,0.511,0,0,0,0,0,0,0,0,0,0,0,0,0,0,0,0,0,0,0,0,0,0,0,0,0,0,0,0,0,0,0,0,0,0,0,0,0,0,0,0,0.16,0,0,0,0,0,0,0,0,0,0,0,0,0,0,0,0,0,0,0,0,0,0,0,0.441,0,0,0,0,0,0,0,0,0,0,0,0,0,0,0,0,0,0,0,0,0.161,0,0,0,0,0,0,0.449,0,0,0,0,0,0,0,0,0,0,0,0,0,0,0.151,0,0,0,0,0,0,0,0,0,0,0,0,0,0,0,0,0,0,0,0,0,0,0,0,0,0,0,0,0.229,0.19,0,0,0,0,0,0,0,0,0,0,0,0,0,0,0,0,0,0,0,0,0,0,0,0,0,0,0,0,0,0,0,0,0,0,0,0,0,0,0,0,0,0,0,0,0,0,0,0,0,0,0,0,0,0,0,0,0,0,0,0,0,0,0,0,0,0,0,0,0,0,0,0,0,0,0,0,0,0,0,0,0,0,0,0,0,0,0,0,0,0,0,0,0,0,0,0,0,0,0,0,0,0,0,0,0,0,0,0,0,0,0,0,0,0.177,0,0,0,0,0,0,0,0,0,0,0,0,0.196,0,0,0,0,0,0,0,0.154,0,0,0,0,0,0,0,0,0,0,0,0,0,0,0,0,0,0,0,0,0,0,0,0,0,0,0,0,0,0,0,0,0,0,0,0,0.7,0,0,0,0,0.173,0,0,0,0,0,0,0,0,0,0,0,0,0,0,0,0,0,0,0.62,0,0,0,0,0,0,0,0,0,0.686,0,0,0,0,0,0,0,0,0,0,0,0,0,0,0,0,0,0,0,0,0,0,0,0,0,0,0,0,0,0,0,0,0,0,0,0,0,0,0,0,0,0,0,0,0,0,0,0,0,0,0,0,0.196,0,0,0,0,0,0,0,0,0,0,0,0,0,0,0,0,0,0,0,0,0,0,0,0,0,0,0,0,0,0,0,0,0,0,0,0,0,0,0,0,0,0,0,0,0,0,0,0,0,0,0,0.615,0,0,0,0,0,0,0,0,0,0,0,0,0,0,0,0,0,0,0,0,0.241,0,0,0,0,0,0,0,0,0.211,0,0.237,0,0.214,0,0.174,0.219,0.392,0,0,0,0,0,0,0.192,0,0,0,0,0.204,0,0,0,0,0,0,0,0,0,0,0,0,0,0,0,0,0,0,0,0,0,0,0,0,0.168,0,0,0,0,0,0,0,0,0,0,0,0,0,0,0,0,0,0,0,0,0,0,0,0,0,0,0,0,0,0,0,0,0,0,0,0,0,0,0,0,0,0.296,0,0,0,0,0,0,0,0,0,0,0,0,0,0,0,0,0,0,0,0,0,0,0,0,0,0,0,0,0,0,0,0,0,0,0,0,0,0,0,0,0,0,0,0,0,0.367,0.215,0,0,0,0,0.583,0.278,0.191,0,0,0,0,0,0,0,0,0,0,0,0,0,0,0,0,0,0,0,0,0,0,0,0,0,0,0,0,0,0,0,0,0,0,0,0,0,0,0,0,0,0,0,0,0,0,0,0,0,0,0,0,0.203,0,0,0,0,0,0,0,0,0,0,0,0,0,0,0,0,0,0,0,0,0,0,0,0,0,0,0,0,0,0,0,0,0,0,0,0,0,0,0,0,0,0,0,0,0,0,0,0,0,0,0,0,0,0,0,0,0,0,0,0,0,0,0,0,0,0,0,0,0,0,0,0,0,0,0,0,0.514,0.222,0,0,0,0,0,0,0,0,0,0,0,0,0,0,0,0,0,0,0,0,0,0,0,0,0,0,0,0,0,0.319,0,0,0,0,0,0,0,0,0,0,0,0,0,0,0,0,0.17,0,0,0,0,0,0,0,0,0,0,0,0,0,0,0,0,0,0,0,0,0,0,0,0,0,0,0,0,0,0,0,0,0,0,0,0,0,0,0,0,0,0,0,0,0,0,0,0,0,0,0,0,0,0,0,0,0,0,0,0,0,0,0,0,0,0,0,0,0,0,0,0,0,0,0,0,0,0,0,0,0,0,0,0,0,0,0,0,0,0,0,0,0,0,0,0,0,0.276,0,0,0,0,0.187,0,0.171,0,0,0,0,0,0,0,0,0,0,0,0,0,0,0,0,0,0,0,0.327,0,0,0,0,0,0,0,0,0,0,0,0,0,0,0,0,0,0,0,0,0,0,0,0,0,0,0,0,0,0,0,0,0,0,0,0,0,0,0,0,0,0,0,0,0,0,0,0,0,0,0,0,0,0,0,0,0,0,0,0,0,0,0,0,0,0,0,0,0,0,0,0,0,0.297,0,0,0.272,0,0,0,0,0,0,0,0,0,0,0,0,0,0,0,0,0,0,0,0,0,0,0,0,0,0,0,0,0,0,0,0,0,0,0,0,0,0,0,0,0,0,0,0,0,0,0,0,0,0,0,0,0,0,0,0,0,0,0,0,0,0,0,0,0,0,0,0,0,0,0,0,0,0,0,0,0,0,0,0,0,0,0,0,0,0,0,0,0,0,0,0,0,0,0,0,0,0,0,0,0,0,0,0,0,0,0,0,0,0,0,0,0,0,0,0,0,0,0,0,0,0,0,0.151,0,0,0,0,0,0,0,0,0,0,0,0,0,0.978,0,0,0,0,0,0,0,0,0,0,0,0,0.159,0,0,0,0,0,0,0,0,0,0,0,0,0,0,0,0,0,0,0,0,0,0,0,0,0,0,0,0,0,0,0,0,0,0,0,0,0,0,0,0,0.39,0.295,0,0,0,0,0,0,0,0,0,0,0,0,0,0,0,0,0,0,0,0,0,0,0,0.511,0,0,0,0,0,0,0,0,0,0,0,0,0,0,0,0,0,0,0.195,0,0,0,0,0,0,0,0,0,0,0,0,0,0.29,0,0,0,0,0,0,0,0,0,0,0,0,0,0,0,0,0,0
856152,0,0,0,0,0,0,0,0,0,0,0,0,0,0,0,0,0,0,0,0,0,0,0,0,0,0.243,0,0,0,0,0,0,0,0,0,0,0,0,0,0,0,0,0,0,0,0,0,0,0,0,0,0,0,0,0,0,0,0,0,0,0,0,0,0,0,0,0,0,0,0,0,0.225,0,0,0,0,0,0,0,0,0,0,0,0,0,0,0,0,0,0,0,0,0,0,0,0,0,0,0.307,0,0,0,0,0,0,0,0,0,0,0,0,0,0,0,0,0,0,0,0,0,0.551,0,0,0,0,0,0,0,0,0,0,0,0,0,0,0,0,0,0,0,0,0,0.179,0,0,0,0,0,0,0,0,0,0,0,0,0,0,0,0,0,0,0,0,0,0,0,0,0,0,0,0,0,0,0,0,0,0,0,0,0.152,0,0,0,0,0,0,0,0,0,0,0,0,0,0.235,0,0,0.463,0,0,0,0,0,0,0,0,0,0,0,0,0,0.627,0,0,0,0,0,0,0,0,0,0.539,0,0,0,0,0,0,0,0.377,0,0,0,0,0,0,0,0,0,0,0,0,0,0,0,0,0,0,0,0,0,0,0,0.816,0,0,0,0,0,0,0,0,0.175,0,0,0,0,0,0,0,0,0.907,0,0,0,0,0,0,0,0,0,0,0,0,0.187,0,0,0,0,0,0,0,0,0,0,0,0,0,0,0,0,0,0,0,0,0,0,0,0,0,0,0,0,0,0,0,0,0,0,0,0,0,0,0,0,0,0,0,0,0,0,0,0,0,0,0,0,0,0,0,0.662,0,0,0,0,0.173,0,0,0,0,0,0,0,0,0,0,0,0,0,0,0.174,0,0,0,0,0,0,0,0,0,0,0,0,0,0,0,0,0,0,0,0,0,0,0,0,0,0,0,0,0,0,0,0,0,0,0,0,0,0,0,0,0,0,0,0,0,0,0,0,0,0,0,0,0,0,0.721,0,0,0,0,0,0,0,0,0,0,0,0,0,0,0,0,0,0,0,0,0,0,0,0,0,0,0,0,0,0,0,0,0,0,0,0,0,0,0,0,0,0.465,0,0,0,0,0,0,0,0,0,0,0,0,0,0,0,0,0,0,0,0,0,0,0,0,0,0,0,0,0,0,0,0,0,0,0,0,0,0,0,0,0,0,0,0,0,0,0,0.311,0,0,0,0,0,0,0,0,0,0,0,0,0,0,0,0,0,0,0,0,0,0,0,0,0,0,0,0,0,0,0,0.166,0,0,0,0,0,0,0,0,0,0,0,0,0,0,0,0,0,0,0,0,0,0,0,0,0,0,0,0,0,0,0,0,0,0,0,0,0.281,0,0,0,0,0,0,0,0,0,0,0,0.482,0,0,0,0,0,0,0,0,0,0,0,0,0,0,0,0,0,0,0,0.775,0,0,0,0.173,0,0,0,0,0,0,0,0,0,0,0,0,0,0,0,0,0,0,0,0,0,0,0,0,0,0,0,0,0,0,0,0,0,0,0,0,0,0,0,0,0,0,0,0,0,0,0,0,0,0,0,0,0,0,0,0.152,0.26,0,0,0,0,0,0,0,0,0,0,0,0,0,0,0,0,0,0,0,0,0,0,0,0,0,0,0,0,0,0,0,0,0.26,0,0,0,0.565,0,0,0,0,0,0,0,0,0,0,0,0.171,0.192,0,0,0,0,0,0,0,0,0,0,0,0,0,0,0,0,0,0,0,0,0,0,0.56,0,0,0,0,0,0,0,0,0,0,0,0,0,0,0,0,0,0,0,0,0,0,0,0,0,0,0,0,0,0,0,0,0,0,0,0,0,0,0,0,0,0,0.406,0,0,0,0,0,0,0,0,0,0,0,0.968,0,0,0,0,0,0,0,0,0,0,0.162,0,0.22,0,0,0.274,0,0,0,0.191,0,0,0,0,0,0,0,0,0,0,0,0,0,0,0,0,0,0,0.183,0,0,0,0,0.22,0,0,0,0,0,0,0,0,0,0,0,0,0,0,0,0,0,0,0,0,0,0,0.331,0,0,0,0,0.457,0,0,0,0,0,0,0,0,0,0,0,0,0,0.567,0,0,0,0,0,0,0,0,0.234,0,0,0,0,0,0,0,0,0,0,0,0,0,0,0,0,0,0,0.36,0,0,0,0.345,0,0.19,0,0,0,0,0,0,0,0,0,0,0,0,0,0,0.221,0,0,0,0,0.15,0,0,0,0,0,0,0,0,0,0,0,0,0.197,0,0,0,0,0,0,0,0,0,0,0,0,0,0,0,0,0,0,0,0,0,0.238,0,0,0,0,0,0,0,0,0,0,0,0,0,0,0,0,0,0,0.156,0,0,0,0,0,0,0,0,0,0.167,0,0.499,0,0,0,0,0,0,0,0,0,0,0.343,0,0,0,0,0,0,0,0,0,0,0,0,0,0,0,0,0,0,0,0,0,0,0,0,0,0,0,0,0,0,0,0,0,0,0,0,0,0,0,0,0,0,0,0,0,0,0,0,0,0,0,0,0,0,0,0,0,0,0,0,0,0,0,0,0,0,0.396,0,0,0,0,0,0,0,0,0,0,0,0,0,0,0,0,0,0,0,0,0.246,0,0,0,0,0,0,0,0,0,0,0,0,0,0,0,0,0,0,0,0,0,0,0,0,0,0,0,0,0,0,0,0,0,0,0,0,0,0.197,0,0.181,0,0,0,0,0,0,0,0,0,0,0,0,0,0,0,0,0,0,0,0,0,0,0,0,0,0,0,0,0,0,0,0,0,0,0,0,0,0,0,0,0,0,0,0,0,0,0,0,0,0,0,0,0,0,0,0,0,0,0,0,0,0,0,0,0,0,0,0,0,0,0,0,0,0,0,0,0,0,0,0,0,0,0,0,0,0,0,0,0,0,0,0,0,0,0,0,0,0,0,0,0,0,0,0,0,0,0,0,0,0,0,0,0,0,0,0,0,0,0,0,0,0,0,0,0,0,0,0,0,0,0,0,0,0,0,0,0,0,0,0,0,0,0,0,0,0,0,0,0,0,0,0,0,0,0,0,0,0,0,0,0,0,0,0,0.946,0,0,0,0,0,0,0,0,0,0,0,0,0,0,0,0,0,0,0,0,0,0,0,0,0,0,0,0,0,0,0,0,0,0,0,0,0,0,0,0,0,0,0,0,0,0,0.48,0,0,0,0,0,0,0,0,0,0,0,0,0,0,0,0,0,0,0,0,0,0,0,0,0,0,0,0,0,0,0,0,0,0,0,0,0,0,0,0,0,0,0,0,0,0,0,0,0,0,0,0,0,0,0,0,0,0,0,0,0,0,0,0,0,0,0,0,0,0,0,0,0,0,0,0,0,0,0,0,0,0,0,0,0,0,0,0,0,0,0,0,0,0,0,0,0,0,0,0,0,0,0,0,0,0,0,0,0,0,0,0,0,0,0,0,0,0,0,0,0,0,0,0,0,0,0,0,0,0,0,0,0,0,0,0,0,0,0,0,0,0,0,0,0,0,0,0,0,0,0,0,0,0,0,0.214,0,0,0,0,0,0,0,0,0,0,0,0,0,0,0,0,0,0,0,0,0,0,0,0,0,0,0,0,0,0,0,0,0,0,0,0,0,0,0,0,0,0,0,0,0,0,0,0,0,0,0,0,0,0,0,0,0,0,0,0,0,0,0.189,0,0.152,0,0,0,0,0,0.229,0,0,0,0,0,0,0,0,0,0,0,0,0,0,0,0.22,0,0,0,0,0,0,0,0,0,0,0,0,0,0,0,0,0,0,0,0,0,0,0,0,0,0,0,0,0,0,0,0,0,0,0,0.227,0,0,0,0.156,0,0,0,0,0,0,0,0,0,0,0,0,0,0,0,0,0,0,0,0,0,0,0,0,0,0,0,0,0,0,0,0,0,0,0,0,0,0,0,0,0,0,0,0,0,0,0,0,0,0,0,0,0,0,0,0.309,0,0,0.192,0,0,0,0,0,0,0,0,0,0,0,0,0,0,0,0,0,0,0.29,0,0,0,0,0,0,0,0,0,0,0,0,0,0,0,0,0,0,0,0,0,0,0,0,0,0,0,0,0,0,0,0,0,0,0,0,0,0,0,0,0,0,0,0,0,0,0,0,0,0,0,0,0,0.22,0,0,0,0,0,0,0,0,0,0,0,0,0,0,0,0,0,0.35,0,0,0,0,0,0,0,0,0,0,0,0,0,0,0,0,0,0,0,0,0,0,0,0,0,0,0,0,0,0,0,0,0,0,0,0,0,0,0,0,0,0,0,0,0,0,0,0,0,0,0,0,0,0,0,0,0,0.452,0,0,0,0,0,0,0,0,0,0,0,0,0,0,0,0,0,0,0,0,0,0,0,0,0,0,0,0,0,0,0,0,0,0,0,0,0,0,0,0,0,0,0,0,0,0,0,0,0,0,0,0,0,0,0,0,0,0,0,0,0,0,0,0,0,0,0,0,0,0,0,0.244,0,0,0,0,0,0,0,0,0,0,0,0,0,0,0,0,0,0,0,0,0,0,0,0,0,0,0.36,0,0,0,0,0,0,0,0,0,0,0,0,0,0,0,0,0,0,0.22,0,0,0,0.155,0,0,0,0,0,0.292,0,0,0,0,0,0,0,0,0,0,0,0.17,0,0,0,0,0,0,0,0,0,0,0,0,0,0,0,0,0,0,0,0,0,0,0,0,0,0,0,0,0,0,0,0,0,0,0,0,0,0,0,0,0,0,0,0,0,0,0,0,0,0,0,0,0,0,0,0,0,0,0,0,0,0,0,0,0,0,0,0,0,0,0,0,0,0,0,0,0,0,0,0,0,0,0,0,0,0,0,0,0,0,0,0,0,0,0,0,0,0,0,0,0,0,0,0,0,0,0,0,0,0,0,0,0,0,0,0,0,0.269,0,0,0,0,0,0,0,0,0,0,0,0,0,0,0,0,0,0,0,0,0,0,0,0,0.577,0,0,0,0,0.226,0,0,0.175,0,0,0.536,0,0.808,0,0,0,0.784,0,0,0.325,0,0,0,0,0,0,0,0,0,0,0,0,0,0,0,0,0,0,0.235,0,0.338,0,0.218,0.178,0,0,0.364,0.237,0,0,0,0,0,0,0,0,0,0,0,0,0,0,0,0,0,0,0,0,0.297,0,0.24,0,0,0.269,0,0,0,0,0,0.332,0,0,0.252,0.159,0,0.212,0,0,0,0,0,0,0,0,0,0,0,0,0,0,0,0,0,0.309,0,0,0,0,0,0,0,0,0,0,0,0.215,0,0,0,0,0.175,0.311,0,0,0,0,0,0.282,0,0,0,0,0,0.19,0,0,0,0,0,0,0,0,0,0,0,0,0,0,0,0,0,0,0,0,0,0,0,0,0,0,0,0,0,0,0,0,0,0,0,0,0,0,0,0,0,0,0,0,0,0,0,0,0,0,0,0,0,0,0,0,0,0,0,0,0,0,0,0,0,0,0,0,0,0,0,0,0,0,0,0,0,0,0.184,0,0,0,0,0,0.445,0,0,0,0,0,0,0,0,0,0,0,0,0,0,0,0,0,0,0,0,0,0,0,0,0,0,0,0,0,0,0,0,0,0,0,0,0,0,0,0,0,0,0,0,0,0,0,0,0,0,0,0,0,0,0,0,0,0,0,0,0,0,0,0,0,0,0,0,0,0,0,0,0,0,0,0,0,0,0,0,0,0,0,0,0,0,0,0,0,0,0,0,0,0,0,0,0,0,0,0,0,0,0,0,0,0,0,0,0,0,0,0,0,0,0,0,0,0,0,0,0,0,0,0,0,0,0,0,0,0,0,0,0,0,0,0,0,0,0,0,0,0,0,0,0,0,0,0,0,0,0,0,0,0,0,0,0.179,0,0,0,0,0,0,0,0,0,0,0,0,0,0.168,0,0,0,0,0,0,0,0.506,0,0,0,0,0,0,0,0,0,0,0,0,0,0.302,0,0,0,0,0,0,0,0,0,0,0,0,0,0,0,0,0,0,0,0,0,0,0.242,0,0,0,0,0,0,0,0,0,0,0,0,0,0,0,0,0.359,0,0,0,0,0,0,0.316,0,0,0,0.664,0,0,0,0,0,0,0,0,0,0,0,0,0,0,0,0,0,0,0,0,0,0,0,0,0,0,0,0,0,0,0,0,0,0,0,0,0,0,0,0,0,0,0,0,0,0,0,0,0,0,0,0,0,0,0,0,0,0,0,0,0,0,0,0,0.284,0,0,0,0,0,0,0,0,0,0,0,0,0,0,0,0,0.203,0,0.658,0,0,0,0,0,0,0,0,0,0,0,0,0,0,0,0,0,0,0,0,0,0,0,0,0,0,0,0,0,0,0,0,0,0,0,0,0,0,0,0,0,0,0,0,0,0,0,0,0,0,0,0,0,0,0,0,0,0,0,0,0,0,0,0,0,0,0,0,0,0,0,0,0,0,0,0,0,0,0,0,0,0.487,0,0,0.34,0,0,0,0,0,0,0,0,0,0,0,0,0,0,0,0,0,0,0,0,0,0,0,0,0,0,0,0,0,0,0,0.628,0,0,0,0,0,0,0,0,0,0,0,0,0,0.396,0,0,0,0,0,0,0,0,0,0,0,0,0,0,0,0,0,0,0,0,0,0,0,0,0,0,0,0,0,0,0,0,0,0,0,0,0,0,0,0.79,0,0,0,0,0,0,0,0,0,0,0,0,0,0,0,0,0,0,0,0,0,0,0,0.298,0.178,0,0,0,0,0.201,0,0,0,0,0,0,0,0,0,0,0,0,0,0,0,0,0,0,0.769,0,0,0,0,0,0,0,0,0,0,0,0,0,0,0,0,0.178,0,0,0,0,0,0,0,0,0,0,0,0,0,0,0,0,0,0,0,0,0,0.204,0,0,0,0,0,0,0,0,0,0,0,0,0,0,0,0,0,0,0,0,0,0,0,0,0,0,0,0,0,0,0,0,0,0,0,0,0,0.409,0,0,0,0,0,0,0,0,0,0,0,0,0,0.368,0,0,0,0,0,0,0,0,0,0,0,0,0,0,0,0,0,0,0,0,0,0,0,0,0,0,0,0,0,0,0.177,0,0,0,0,0,0,0,0,0,0,0,0,0,0,0,0,0,0,0,0,0,0,0,0,0,0,0,0,0,0,0,0,0,0,0,0,0,0,0,0,0,0,0,0,0,0,0.235,0,0,0,0,0,0.618,0,0,0,0,0,0,0,0,0.455,0,0,0,0,0,0,0,0,0,0,0,0,0.271,0,0,0,0.486,0,0,0,0,0,0,0,0,0,0,0,0.189,0,0,0,0,0,0,0,0,0,0.189,0,0,0,0,0,0,0,0,0.241,0,0.619,0,0,0,0,0,0,0,0,0,0,0,0,0,0,0,0,0,0,0,0,0,0,0,0,0,0,0,0,0,0,0,0,0,0,0,0,0,0,0,0,0.333,0,0,0,0,0,0,0.309,0,0,0,0,0,0,0,0,0,0,0,0,0,0,0,0,0,0,0,0.351,0.292,0,0,0,0,0,0,0,0,0,0,0,0,0,0.292,0.171,0,0,0,0,0,0,0,0.72,0,0.153,0,0,0,0,0,0,0,0,0.308,0,0,0,0,0,0,0,0,0,0,0,0,0,0,0,0,0,0.682,0,0,0,0,0,0.777,0,0,0,0,0,0,0,0,0,0,0,0.153,0,0,0,0,0,0,0,0,0.188,0,0,0.297,0,0,0,0,0,0,0,0,0,0,0.307,0,0,0,0.358,0,0,0,0,0,0,0,0,0,0,0,0,0.225,0,0,0.508,0,0,0,0,0,0,0,0,0,0,0,0,0,0,0,0,0,0,0,0,0,0,0,0,0,0,0,0,0,0,0,0,0,0,0,0,0,0,0.316,0,0,0,0,0,0,0,0,0,0.251,0,0,0.292,0,0,0,0,0,0,0,0,0,0,0,0.337,0,0,0.159,0,0,0,0,0.299,0,0,0,0,0,0,0,0,0,0,0,0,0.2,0,0,0,0,0,0,0,0,0,0,0,0,0,0,0,0,0,0,0,0,0,0,0,0,0,0,0,0,0,0,0,0,0,0,0,0,0,0,0,0,0,0,0,0,0,0.433,0,0,0,0,0,0,0,0,0,0,0,0,0,0,0,0,0,0,0,0,0,0,0,0,0,0,0,0,0,0,0,0,0,0,0,0,0,0,0,0,0,0,0,0,0,0,0,0,0,0,0,0,0,0,0,0,0,0,0,0,0,0,0,0,0,0,0,0,0,0,0,0,0,0,0,0,0,0.258,0,0,0,0,0,0,0,0,0,0,0,0,0,0,0,0,0,0,0,0,0,0,0,0,0,0.217,0,0,0,0,0,0,0,0,0,0,0,0,0,0,0,0.246,0,0,0,0,0,0.155,0.297,0,0,0,0,0,0,0,0.276,0,0,0,0.188,0,0,0,0,0,0,0,0,0,0,0,0,0,0,0.396,0,0,0,0,0,0,0,0,0,0,0,0,0,0,0,0,0,0,0,0,0,0,0,0,0,0,0,0,0,0,0,0,0,0,0,0,0,0,0,0,0,0,0,0,0,0,0,0,0,0,0,0,0,0,0,0,0,0,0,0,0,0,0,0,0,0.292,0,0,0,0,0,0,0,0,0,0,0,0,0,0,0,0,0,0,0,0,0,0,0,0,0,0,0.156,0,0,0,0,0,0,0,0,0.353,0,0,0,0,0,0,0,0,0,0,0,0,0,0,0,0,0,0,0,0,0,0,0,0,0,0,0,0,0,0,0,0,0,0,0,0,0,0,0,0,0,0,0,0,0,0,0,0,0,0,0,0,0,0,0,0,0,0,0,0,0,0,0,0,0,0,0,0,0,0.426,0,0,0,0,0,0,0,0,0,0,0,0.179,0,0,0,0,0,0,0,0,0,0,0,0,0,0,0,0,0,0.202,0,0,0,0,0,0,0,0,0,0,0,0,0.276,0,0,0,0,0,0,0,0,0,0,0,0,0,0,0,0.297,0,0,0,0,0,0,0,0.22,0,0,0,0,0,0,0,0,0,0,0,0,0,0,0,0,0,0,0,0,0,0,0,0,0,0.338,0,0,0,0,0,0,0,0,0,0,0,0,0.649,0,0,0,0,0,0,0,0,0,0,0,0,0,0,0.291,0,0,0.358,0,0,0,0,0,0,0,0,0,0,0,0,0,0,0,0,0,0,0,0,0,0,0,0,0,0,0,0,0,0,0,0,0,0,0,0,0,0,0,0,0,0,0,0,0,0,0,0,0,0,0,0,0.226,0,0,0,0,0,0,0,0,0,0,0,0,0,0,0,0,0,0,0,0,0,0,0,0,0,0,0,0,0,0.563,0,0,0,0,0.398,0,0,0,0,0,0,0,0,0,0,0,0,0,0,0,0,0,0,0,0,0,0,0,0,0,0,0,0.163,0,0,0,0,0,0,0,0,0,0,0,0,0,0,0,0,0,0,0,0,0,0,0,0,0,0,0,0,0,0,0,0,0,0,0,0,0,0,0,0,0,0,0,0,0,0.454,0,0,0,0,0,0,0,0,0,0,0,0,0,0,0,0,0,0,0,0,0,0,0,0.192,0.514,0,0,0,0.171,0,0,0,0,0,0,0,0,0,0,0,0,0,0,0,0,0,0,0,0,0,0,0,0,0,0,0,0,0,0,0,0,0,0,0,0,0,0,0,0,0,0,0,0,0,0,0,0,0,0,0,0,0,0,0,0,0,0,0,0,0,0,0,0,0,0,0,0,0.415,0,0,0,0,0.625,0,0,0,0,0,0,0,0,0.324,0,0,0,0,0.394,0,0,0,0,0,0,0,0,0,0.344,0,0,0,0,0,0,0,0,0,0,0,0.179,0,0,0,0,0,0,0,0,0,0,0,0,0,0,0,0,0,0,0,0,0,0,0,0,0,0,0,0,0,0,0,0,0,0,0,0,0,0,0,0,0,0,0,0,0,0,0,0,0,0,0,0,0,0,0,0,0,0,0,0,0,0,0,0,0,0,0,0,0,0,0,0,0,0,0,0,0,0.252,0,0,0,0,0,0
852471,0,0,0,0,0,0,0,0,0,0,0,0,0,0,0,0,0,0,0,0.199,0,0,0.235,0,0,0,0.307,0,0,0,0,0,0,0,0,0,0,0,0,0,0,0,0,0.229,0,0,0,0,0,0.21,0,0,0,0,0,0,0,0.177,0,0,0,0,0,0,0,0,0,0,0,0,0,0,0,0,0,0,0,0,0,0,0,0,0,0,0,0,0,0,0.338,0,0,0,0,0,0,0,0,0,0,0,0,0,0,0,0,0,0,0,0,0,0,0,0,0,0,0,0,0.306,0.592,0,0,0,0,0,0,0,0,0,0,0,0,0,0,0,0,0,0,0,0.233,0,0,0,0,0,0.681,0,0,0,0,0,0,0,0,0,0,0,0,0,0,0,0,0,0,0.343,0,0,0,0,0,0.21,0,0,0,0,0.22,0,0,0,0,0,0,0,0,0,0,0,0,0,0.157,0,0,0,0,0,0,0,0,0,0,0,0,0,0,0,0,0,0,0,0,0,0,0,0,0,0,0,0,0,0,0,0,0,0,0,0,0,0,0,0,0,0,0,0,0,0,0,0,0.997,0,0.198,0,0,0,0,0,0,0,0,0,0,0,0,0,0,0,0,0,0,0,0,0,0,0,0.151,0,0,0,0,0,0,0,0,0,0,0,0,0,0,0,0,0,0,0,0,0,0,0,0,0,0.195,0,0,0,0,0,0,0,0,0,0,0,0,0,0,0,0,0.168,0,0,0,0,0,0,0,0,0,0,0,0,0,0,0,0,0,0,0,0,0,0,0,0.311,0,0,0,0,0,0,0,0.345,0,0,0,0,0,0,0,0,0,0,0,0,0,0,0,0,0.23,0,0,0,0.563,0,0,0,0,0,0,0,0.288,0,0,0.173,0,0,0,0,0,0,0,0,0,0,0,0,0,0,0,0,0,0,0,0,0,0,0,0,0,0,0,0,0.232,0,0,0,0.486,0.2,0,0,0,0,0,0,0,0,0,0.585,0,0,0,0,0,0.969,0,0,0,0,0,0,0,0,0,0,0,0,0,0.171,0,0,0.185,0,0,0,0,0,0,0,0,0,0,0,0,0,0,0,0,0,0,0,0.308,0,0,0,0,0,0,0,0,0,0,0,0,0,0,0,0,0,0,0,0,0,0,0,0,0,0.669,0,0,0,0,0,0,0,0,0,0,0,0,0,0,0,0,0,0,0,0,0,0,0,0.193,0,0,0,0,0,0,0,0,0,0,0,0,0,0.637,0,0,0,0,0,0,0,0,0,0,0,0,0,0,0,0,0,0,0,0,0,0,0,0,0,0,0,0,0,0,0,0,0,0,0,0,0,0,0,0,0,0,0,0.428,0,0,0,0,0,0,0,0,0,0,0.288,0,0,0,0,0,0,0,0,0,0,0.191,0,0,0,0,0,0.19,0,0,0,0,0,0.193,0,0,0,0,0,0,0,0.815,0,0,0,0,0,0,0,0,0,0,0,0,0,0,0,0,0,0,0,0,0,0,0,0,0,0,0,0,0,0,0,0,0,0,0,0,0,0.699,0,0,0,0,0,0,0,0,0,0,0,0,0,0,0,0,0,0,0,0,0,0,0,0,0,0,0,0,0,0,0,0,0,0,0.187,0,0,0,0,0,0,0,0.519,0,0,0,0,0,0,0,0,0,0,0,0,0,0,0,0,0,0,0.688,0,0,0,0,0,0,0,0,0.85,0,0,0,0,0,0.201,0,0,0,0,0,0,0,0,0,0,0,0,0.182,0,0,0,0,0,0,0,0,0,0,0,0,0,0,0,0,0,0,0,0,0,0,0,0,0,0,0,0,0,0,0,0,0,0,0,0,0,0,0.151,0,0,0,0,0,0,0,0,0,0,0,0,0,0,0,0,0,0,0,0,0,0,0,0,0,0,0,0,0,0,0,0,0,0,0,0,0,0,0,0,0,0,0.28,0,0.662,0,0,0,0,0,0,0,0,0,0,0,0,0,0,0,0,0,0,0.585,0,0,0,0,0,0,0.313,0,0,0,0,0,0,0,0,0,0.959,0,0,0,0,0,0,0,0,0,0,0,0,0,0,0,0,0,0,0,0,0,0,0,0,0,0,0,0,0,0,0.338,0,0,0,0,0,0,0,0,0,0,0.175,0,0,0,0,0,0,0,0,0,0,0,0,0,0,0,0,0,0,0.321,0,0,0,0,0.629,0,0,0,0,0,0,0.208,0,0.982,0,0,0,0,0,0,0,0,0,0,0.207,0,0,0,0,0,0,0,0,0,0,0,0,0,0,0,0,0,0,0,0,0,0,0,0.173,0,0,0,0,0,0,0,0,0,0,0,0,0,0,0,0,0,0,0,0,0,0,0,0,0,0,0,0,0,0,0,0,0,0,0,0,0,0,0,0,0,0,0,0,0,0,0.237,0,0,0,0,0,0,0,0,0,0,0,0,0,0,0,0,0,0,0,0,0,0,0,0,0,0,0,0,0,0,0,0,0,0,0,0,0,0,0,0,0,0,0,0,0,0,0,0,0,0,0,0,0,0,0,0.183,0,0,0,0,0,0,0,0,0,0,0,0,0,0,0,0.212,0,0,0,0,0,0,0,0,0,0,0,0,0,0,0,0,0,0,0,0,0,0,0,0,0,0,0,0,0,0.193,0.929,0,0,0,0,0,0,0,0,0,0,0,0.193,0,0,0,0,0,0,0,0,0,0,0,0,0,0,0,0,0,0,0,0.155,0,0,0,0,0,0,0,0,0.203,0.254,0.169,0,0,0,0,0,0,0,0,0,0,0,0,0,0,0,0,0,0,0,0,0,0,0,0,0,0,0,0,0,0,0,0.864,0.219,0,0,0,0,0,0,0.169,0,0,0,0,0,0,0,0,0,0.701,0,0,0,0,0,0,0,0,0,0,0,0,0,0.412,0,0,0,0.158,0,0,0,0.232,0,0,0,0,0,0,0,0,0,0,0,0,0,0,0,0,0,0,0,0,0,0,0,0,0,0,0,0,0,0,0,0.173,0,0,0,0,0,0,0,0,0,0,0,0,0,0,0,0,0.238,0,0,0,0.18,0,0,0,0,0,0,0,0,0,0,0,0,0,0,0,0,0,0,0,0,0,0,0,0,0,0,0,0,0,0,0,0,0,0,0,0,0,0,0,0,0,0,0.671,0,0,0,0,0,0,0,0.671,0,0,0,0,0,0.233,0,0,0,0,0,0,0,0,0,0,0,0,0,0,0.276,0,0,0,0,0,0,0,0,0,0,0,0.161,0,0,0.399,0,0,0,0.155,0,0,0,0,0,0,0,0,0,0,0.946,0,0,0,0,0,0,0,0,0,0,0,0,0,0,0,0,0,0,0,0,0,0,0,0,0,0.172,0,0,0,0.594,0,0,0,0,0,0,0,0,0,0,0,0,0,0,0,0,0,0,0.167,0,0,0,0,0,0,0,0,0,0.156,0,0,0,0,0,0,0,0,0,0,0,0,0,0,0,0,0,0,0,0,0,0,0,0,0,0,0,0,0,0,0,0,0,0,0,0,0,0,0.354,0,0,0,0,0,0,0.474,0,0,0.195,0,0,0,0,0,0,0,0,0,0,0,0,0,0,0,0,0,0,0.331,0,0.279,0,0,0,0,0,0,0,0,0,0,0,0,0,0,0,0,0,0,0,0,0,0,0,0,0.247,0,0,0,0,0,0,0,0,0,0,0,0,0,0,0,0,0,0,0,0,0,0,0,0.204,0,0,0,0,0,0,0,0,0,0,0,0,0,0,0,0,0,0,0,0,0,0,0,0,0,0,0,0,0,0,0,0,0,0.25,0,0,0,0.445,0,0,0,0,0,0,0,0,0,0,0,0,0,0,0,0,0,0,0,0,0,0,0,0,0.214,0,0,0,0,0,0,0,0,0,0,0,0,0,0,0,0,0,0,0,0,0,0,0,0,0,0,0,0,0,0,0,0,0.288,0,0,0,0.982,0,0.166,0,0,0,0,0,0.729,0,0,0,0,0,0,0,0,0,0,0,0,0,0,0,0,0,0,0,0,0,0,0,0,0,0,0,0,0,0,0,0,0,0,0,0,0,0,0,0,0,0,0,0,0,0,0,0,0,0,0,0,0.731,0,0,0,0,0,0,0,0,0,0,0,0,0,0,0,0,0,0,0,0,0,0,0,0,0,0,0,0,0,0,0,0,0,0,0,0,0,0,0,0,0,0.258,0,0.284,0,0.17,0,0,0,0,0,0,0,0,0,0,0,0,0,0,0,0,0,0,0,0.307,0,0,0,0,0,0.895,0,0,0,0,0,0,0,0.211,0,0,0,0,0,0,0,0,0,0.154,0,0,0,0,0,0,0,0,0,0,0,0,0,0,0,0,0,0,0,0,0,0,0,0,0.165,0,0,0,0,0,0,0,0,0,0,0.177,0,0,0,0,0,0.843,0,0,0,0,0,0,0,0.219,0,0,0.265,0,0,0,0.265,0,0,0,0,0,0,0,0,0.227,0,0,0,0,0,0,0,0,0,0,0,0,0,0,0,0,0,0,0,0,0,0,0,0,0,0,0,0,0,0,0,0,0,0,0.265,0,0,0,0,0,0,0,0,0,0,0,0,0,0,0,0,0,0,0,0,0,0.165,0,0,0,0,0,0,0,0,0,0,0,0,0,0,0,0,0,0,0,0,0,0,0,0,0,0,0,0,0,0,0,0,0,0,0,0,0,0,0,0,0,0,0,0,0,0,0,0,0,0,0,0,0,0,0.996,0,0,0,0,0,0,0,0,0,0,0.232,0.252,0,0,0,0,0,0,0,0,0,0,0,0,0,0,0,0,0,0,0,0,0,0.161,0,0,0,0,0,0,0,0,0,0,0,0,0,0,0,0,0,0,0.247,0.171,0,0,0,0,0,0,0,0,0,0,0,0,0,0,0,0,0,0,0,0,0.735,0.221,0,0,0,0,0.169,0,0,0,0,0,0,0,0,0,0,0,0,0,0,0,0,0,0,0,0,0,0,0,0,0.173,0,0,0,0,0,0,0,0,0,0,0,0,0,0,0.538,0,0,0,0,0,0,0,0,0,0,0.436,0,0,0,0,0,0,0,0,0,0,0,0,0,0.183,0,0,0,0,0,0.189,0,0,0.193,0,0,0,0,0,0,0,0,0,0,0,0,0,0,0,0.276,0,0,0,0,0,0,0,0,0,0,0,0,0,0.26,0,0,0,0,0,0,0,0,0,0,0,0,0,0.186,0,0,0,0,0,0.164,0,0,0,0,0,0,0,0,0,0.5,0,0,0,0,0,0,0,0,0.281,0.159,0,0,0,0,0,0,0,0.175,0,0,0,0,0,0,0,0,0,0,0,0,0,0.536,0,0,0,0,0,0,0,0,0,0,0,0,0,0,0,0,0.214,0,0,0,0,0,0,0,0,0,0,0,0,0,0,0,0,0,0,0,0,0,0,0,0,0,0,0,0,0,0,0,0,0,0.163,0,0,0,0,0,0,0,0,0,0,0,0,0,0,0,0,0,0.163,0,0,0,0,0,0,0,0,0,0,0,0,0,0.219,0,0,0,0,0,0,0,0.742,0,0,0,0,0,0,0,0,0,0,0,0,0,0,0,0,0,0,0,0,0,0,0,0,0,0,0,0,0,0,0,0,0,0,0,0,0,0,0,0.351,0,0,0,0,0,0,0,0,0,0,0,0,0,0,0,0,0,0,0,0,0,0,0,0,0,0,0,0,0,0,0,0,0,0,0,0,0,0,0,0,0,0,0,0,0,0,0,0,0,0,0,0,0,0,0,0,0,0,0,0,0,0,0,0,0,0,0.173,0,0,0,0,0,0,0,0,0,0,0,0,0,0,0,0,0,0,0,0,0,0,0,0,0,0,0,0,0,0,0,0,0,0,0,0,0,0,0,0,0,0,0,0,0,0,0,0,0,0,0,0,0,0,0,0,0,0,0,0,0,0,0,0,0,0,0,0,0,0,0,0,0,0,0,0,0,0,0.166,0,0,0,0,0,0,0.38,0,0,0,0,0,0.173,0,0,0,0,0,0,0,0,0,0,0,0,0,0,0,0,0,0,0.202,0,0,0,0,0,0,0,0,0,0,0,0.198,0,0,0,0,0,0,0,0,0,0,0,0,0,0,0,0.713,0,0,0,0,0,0,0,0,0,0,0,0.343,0,0,0,0.254,0.908,0,0,0,0,0,0,0,0,0,0,0,0,0.546,0,0,0,0,0,0,0,0,0,0,0,0,0.212,0,0,0,0,0,0,0,0,0,0,0,0,0,0,0,0,0,0,0,0,0,0,0,0,0,0,0,0,0,0,0,0,0.307,0.732,0,0,0,0,0,0,0,0,0,0,0.583,0,0.219,0,0,0,0.41,0,0,0,0,0,0,0,0,0,0,0,0,0,0,0,0,0,0,0,0,0,0,0,0.237,0,0,0,0,0,0,0,0,0,0,0,0,0,0,0,0,0,0,0,0.309,0,0,0,0,0,0,0,0,0,0,0,0,0,0,0,0,0,0,0,0.173,0,0,0,0,0.22,0,0,0,0.173,0,0,0,0,0,0,0,0,0,0,0,0,0,0,0,0,0.188,0.315,0,0,0,0,0,0,0,0,0,0,0,0,0,0,0,0,0,0,0.193,0,0,0,0,0,0,0,0,0,0.186,0,0,0,0,0,0,0,0,0,0,0,0,0,0,0,0,0,0,0,0,0,0,0,0,0,0,0,0,0,0.54,0,0.177,0,0,0,0,0,0,0,0,0,0,0,0,0,0.268,0,0,0,0,0,0,0,0,0,0,0,0,0,0,0,0,0,0.217,0,0,0,0,0,0,0.199,0.588,0,0,0,0,0,0,0,0,0,0,0,0,0,0,0,0,0,0,0.736,0,0,0.175,0,0,0,0,0,0,0,0,0.222,0.875,0,0,0,0,0.929,0,0,0,0,0,0,0,0.235,0,0,0,0,0,0,0,0,0,0,0,0,0,0,0,0,0,0,0,0,0,0,0,0,0,0,0.173,0,0,0,0,0,0,0,0,0,0,0,0,0,0,0,0,0,0,0,0,0,0,0,0,0,0,0,0,0,0,0,0,0,0,0,0,0,0,0,0,0,0,0,0,0,0,0,0,0,0,0,0,0,0,0,0,0,0,0,0,0,0,0,0,0,0,0,0,0,0,0,0,0,0,0,0,0,0,0,0,0,0,0,0,0,0,0,0,0,0,0,0,0.154,0,0,0,0,0,0,0,0,0,0,0,0,0,0,0,0,0,0,0,0,0,0,0,0,0,0,0,0,0,0,0,0,0,0,0,0,0,0,0,0,0,0,0,0,0.973,0,0,0,0,0,0,0,0,0,0,0,0,0,0,0,0,0,0,0,0,0.192,0,0,0,0,0,0,0,0,0,0,0,0,0,0,0,0,0,0,0,0,0,0,0,0,0,0,0,0,0,0,0,0,0,0,0,0,0,0,0,0,0,0,0,0,0,0,0,0,0,0,0,0,0,0,0,0,0,0,0,0,0,0,0,0,0.17,0,0,0,0,0,0,0,0.202,0,0.165,0,0,0,0,0,0,0,0.196,0,0,0,0,0.155,0,0.996,0,0,0,0,0,0,0,0,0,0,0,0,0,0,0.622,0.258,0,0,0,0.771,0,0.357,0,0,0.494,0,0,0,0,0,0,0,0,0,0,0,0,0,0,0,0,0,0,0,0,0,0.195,0,0,0,0,0.947,0,0,0,0,0.224,0,0,0,0,0,0,0.158,0,0,0,0,0,0,0,0,0,0,0,0.216,0,0,0,0,0,0,0,0,0,0,0,0,0,0,0,0,0,0,0.544,0,0,0,0,0,0,0,0,0,0,0,0,0,0,0,0,0,0,0,0,0,0,0,0,0,0,0,0,0,0,0,0,0,0,0,0.925,0,0,0,0,0,0,0,0.985,0.19,0,0.993,0,0,0,0,0,0,0,0,0,0,0,0,0,0,0,0,0,0,0.244,0,0,0,0,0,0,0,0,0,0,0,0,0,0,0,0,0.195,0,0,0.199,0,0,0,0,0,0,0,0,0,0,0,0,0,0,0,0,0.155,0,0,0,0,0,0,0.537,0,0,0.999,0,0,0,0,0,0,0,0,0,0,0,0,0,0,0,0,0,0,0,0,0,0,0,0,0,0,0,0,0,0,0,0,0,0,0,0,0,0,0,0,0,0,0,0.311,0,0,0,0,0,0,0,0,0,0,0,0,0,0,0,0,0,0,0,0,0,0,0,0,0,0,0,0,0,0,0,0,0,0,0,0,0,0,0,0,0.276,0,0,0,0,0.996,0,0,0,0,0,0,0,0,0,0,0,0,0,0,0,0,0,0,0,0,0,0,0.174,0,0,0,0,0,0,0,0,0,0,0,0,0,0,0,0.173,0,0,0,0,0,0.192,0,0,0,0,0,0,0,0,0,0,0,0,0.303,0,0,0,0,0,0,0.192,0,0,0,0,0,0,0,0,0,0,0,0,0,0,0,0,0,0,0,0,0,0.533,0,0,0,0,0,0,0,0,0.25,0,0,0,0,0,0,0,0,0,0.457,0,0,0,0,0,0,0,0,0,0.159,0,0,0,0,0,0,0,0,0,0,0,0,0,0.997,0,0,0,0,0,0,0,0,0,0,0,0,0,0,0,0,0,0,0,0.307,0,0,0,0,0,0,0,0,0.185,0,0,0,0,0,0,0,0,0,0,0,0,0,0,0,0,0,0,0,0,0,0,0,0,0,0,0,0,0,0,0,0,0,0,0,0,0,0,0,0,0,0,0,0,0,0,0,0,0,0,0,0,0,0,0,0,0,0,0,0,0,0,0,0,0,0,0,0,0.643,0,0,0.173,0.21,0,0.998,0,0,0,0,0,0,0,0,0,0,0,0,0,0,0,0,0,0,0,0.685,0,0,0.183,0,0,0,0,0,0,0,0,0,0,0,0,0,0,0,0,0,0,0,0,0,0,0,0,0,0.229,0,0,0,0,0,0,0,0.204,0,0,0,0,0,0,0,0,0,0,0,0,0,0,0,0,0,0,0,0,0,0,0,0,0,0,0,0,0,0,0,0,0,0,0,0,0,0,0,0,0,0,0,0,0,0,0,0,0,0,0,0,0.192,0,0,0,0,0,0,0,0,0,0,0,0,0,0,0,0,0,0,0,0.195,0,0,0,0,0,0,0,0,0,0,0.995,0,0,0,0,0,0,0,0,0,0,0,0,0,0,0,0,0,0,0,0,0.207,0,0,0,0.882,0.195,0,0,0,0,0,0,0,0,0,0,0,0,0,0,0,0,0,0,0,0,0,0,0,0,0,0,0,0,0,0,0,0,0,0,0,0,0,0,0,0,0,0,0,0,0,0,0,0,0,0,0.288,0,0,0,0,0,0,0,0,0,0,0,0,0,0,0,0,0,0,0,0,0,0,0,0,0,0,0,0,0,0,0,0,0,0,0.582,0.151,0,0,0,0,0,0,0,0,0,0,0,0,0,0,0,0,0,0,0,0,0,0,0,0,0,0,0,0,0,0,0,0,0,0,0,0,0,0,0,0,0,0,0,0,0,0,0,0.28,0,0,0,0,0,0,0,0,0,0,0,0,0,0,0,0,0,0,0,0,0,0,0,0,0,0,0,0,0,0,0,0,0,0,0,0,0,0,0,0,0,0,0,0,0,0,0,0,0,0,0,0,0,0.383,0,0.158,0.317,0,0,0,0,0,0,0,0,0,0,0,0,0.276,0,0,0,0,0,0.194,0,0,0,0,0,0,0,0,0,0,0,0,0,0,0,0,0,0,0,0,0,0,0,0,0,0,0,0,0,0,0,0,0,0,0,0,0,0,0,0,0,0,0,0,0,0,0,0,0,0,0,0,0,0,0,0,0,0,0.194,0,0,0,0,0,0,0,0,0,0,0,0,0,0,0,0,0,0,0,0,0,0,0,0,0,0,0,0,0,0,0,0,0,0,0,0,0,0.177,0,0,0,0,0,0,0.536,0,0,0,0,0,0,0,0,0,0,0,0,0,0,0,0,0.185,0,0,0,0,0,0,0,0,0,0,0,0,0,0,0,0,0,0,0,0,0,0,0,0,0,0,0,0,0,0.25,0,0,0,0,0,0,0,0,0,0,0,0,0,0,0,0,0,0,0,0,0,0,0,0,0,0,0,0,0,1
856399,0.703,0,0,0,0.766,0,0,0,0,0,0.187,0,0,0.58,0.198,0.887,0,0,0.345,0,0,0,0,0.17,0,0.274,0.54,0,0,0,0,0,0.328,0,0.746,0,0.541,0,0,0,0,0,0,0,0,0,0,0.156,0.258,0,0,0,0,0,0.15,0,0.399,0,0.194,0,0,0,0,0,0.521,0,0.198,0,0,0,0.702,0,0,0,0,0.183,0,0,0.203,0.238,0,0,0,0,0,0.198,0,0.586,0.775,0,0,0,0.688,0.194,0,0.303,0,0,0.242,0,0.563,0,0.405,0.258,0.447,0.182,0,0,0,0.172,0,0,0,0.164,0,0,0,0,0.781,0,0,0.194,0,0.62,0,0,0,0,0,0,0,0,0,0,0,0,0,0,0.57,0,0.357,0,0.665,0,0.326,0.495,0,0,0.35,0,0.318,0,0,0,0,0.867,0,0.16,0,0.307,0,0,0,0,0.281,0,0,0,0,0,0,0.218,0.481,0,0,0,0,0,0,0.537,0.68,0.506,0,0,0.487,0,0.508,0,0.183,0.204,0.337,0.248,0,0.282,0,0,0,0,0,0,0,0.2,0,0,0.392,0,0.179,0.173,0,0.31,0.306,0.208,0.704,0.162,0,0.322,0,0,0,0,0.174,0,0,0,0,0,0.857,0,0.49,0,0.286,0.198,0,0.178,0.296,0,0.676,0,0.237,0,0,0,0,0.16,0.156,0,0.247,0,0,0,0,0,0.403,0.883,0,0,0,0.294,0,0,0,0,0,0,0,0,0,0.23,0,0.207,0.338,0.15,0,0,0,0.316,0,0,0.21,0.357,0,0,0.214,0.396,0,0.266,0,0.176,0.862,0,0,0,0,0,0,0.359,0,0.228,0,0.196,0.17,0.342,0,0,0,0,0.889,0.239,0,0.167,0,0,0.922,0,0.316,0.184,0,0.627,0.681,0,0,0,0,0,0.697,0,0.165,0,0,0,0,0.193,0,0,0.278,0,0,0,0,0,0,0,0.172,0.358,0.201,0.333,0,0,0.32,0,0,0,0,0.35,0,0.176,0.825,0.162,0,0.741,0,0.21,0,0,0.267,0,0,0,0,0,0.489,0.197,0,0,0,0,0,0,0.947,0.466,0,0.255,0.186,0,0,0,0.174,0,0,0.214,0.193,0,0,0,0,0,0,0,0.162,0,0.213,0.548,0.283,0.174,0.585,0.245,0,0,0,0.15,0.325,0.57,0.646,0,0.201,0.174,0,0,0.165,0,0,0,0.287,0.368,0,0,0,0,0.288,0,0.181,0.918,0,0,0,0,0.371,0.242,0.22,0.166,0,0.231,0,0,0,0.161,0,0,0,0,0.159,0.601,0.197,0,0.25,0.252,0,0.167,0,0,0,0.282,0,0,0,0,0,0,0,0,0,0,0,0.174,0,0,0.932,0,0.382,0.162,0,0.196,0,0.265,0,0,0,0,0,0.23,0,0.273,0.168,0,0.176,0.808,0,0,0,0.283,0.229,0.386,0.281,0.254,0,0,0,0.159,0,0,0,0,0,0,0,0.211,0.249,0,0,0,0,0,0.307,0,0,0.181,0.164,0,0,0.168,0,0,0,0.17,0.256,0,0.239,0,0.392,0,0.618,0,0.711,0.601,0,0,0.313,0,0.493,0.197,0.365,0,0,0,0,0,0,0.527,0.217,0,0,0,0.369,0,0,0,0,0.251,0,0.316,0,0,0,0.999,0.271,0,0,0,0,0.284,0.969,0,0,0,0,0.57,0,0.16,0,0,0.346,0,0,0.357,0,0,0,0.32,0,0,0,0.595,0,0.385,0.216,0.608,0,0,0,0,0,0,0,0,0,0,0,0.235,0,0,0,0,0,0,0.193,0,0.595,0,0,0.213,0,0,0.186,0.763,0,0,0.152,0.893,0.172,0,0,0,0,0.684,0.25,0,0.233,0,0.923,0,0,0.176,0,0,0.684,0.161,0,0,0,0,0.312,0,0,0.257,0.287,0.656,0.217,0,0,0,0,0,0,0,0,0.329,0,0,0,0,0.229,0,0,0.326,0,0,0.151,0,0.208,0,0,0.382,0,0.326,0,0,0,0,0,0.217,0,0,0,0.242,0.321,0,0,0,0,0.163,0,0,0,0,0,0,0.331,0,0.195,0.27,0.678,0.197,0,0,0,0,0,0.194,0,0.171,0,0.212,0,0,0.336,0,0.198,0,0,0.177,0,0,0,0.155,0,0,0,0.353,0,0,0.179,0,0.182,0,0.171,0.237,0,0,0,0,0,0,0,0,0.16,0,0,0.182,0,0,0,0,0,0.348,0,0.271,0.34,0.275,0,0,0.528,0,0,0,0,0,0,0.185,0,0,0.322,0.346,0,0,0.154,0,0,0,0,0,0,0.275,0,0.191,0.44,0.558,0,0.822,0,0,0.351,0,0,0,0.191,0.813,0.219,0,0.183,0,0,0,0,0,0,0,0,0.669,0,0,0,0,0.459,0.4,0.681,0.21,0,0.182,0,0,0,0.194,0,0,0,0.161,0,0,0,0,0.525,0,0,0,0,0,0.326,0,0.196,0.257,0.335,0.16,0.408,0,0,0.463,0.735,0,0,0,0.18,0,0,0.163,0.187,0.197,0,0,0.845,0,0.41,0,0,0,0.163,0,0,0,0,0.262,0,0,0,0,0.3,0,0.172,0,0,0.184,0.699,0,0,0.185,0,0,0,0,0.549,0.196,0.271,0.253,0,0,0,0,0.173,0.323,0,0,0.289,0,0,0.474,0,0,0,0.162,0,0,0.172,0.154,0,0.684,0,0,0.156,0,0,0.294,0,0,0.531,0.636,0,0.5,0,0,0,0,0,0,0,0,0,0,0,0.448,0,0,0,0.202,0,0.478,0.222,0,0,0,0,0.178,0,0,0.92,0,0,0,0,0,0,0,0,0,0,0,0,0,0,0,0,0,0,0.151,0,0.159,0,0,0,0,0.157,0,0,0,0,0.25,0,0,0,0,0,0,0,0,0,0,0,0,0,0,0,0,0,0,0,0,0,0,0,0,0,0,0,0,0,0,0,0,0.222,0.258,0,0,0,0.173,0.183,0,0,0.166,0,0,0,0,0,0,0,0,0,0.475,0,0,0,0,0.995,0,0.316,0.331,0,0,0,0,0,0.237,0,0,0,0.447,0,0,0,0,0.228,0,0,0,0,0,0.213,0,0,0,0,0,0,0,0,0,0,0,0,0,0,0.184,0,0,0,0,0,0,0,0,0,0,0,0,0,0,0,0,0,0,0,0,0,0,0.473,0,0,0,0,0,0,0,0,0,0,0,0,0,0,0.202,0,0,0,0.26,0,0,0,0,0,0,0,0,0.519,0,0.152,0,0.346,0,0,0.204,0.211,0,0,0,0,0,0,0,0,0,0,0,0,0,0,0,0,0,0,0,0,0,0,0,0,0,0,0,0,0,0,0,0,0,0,0,0.231,0,0.153,0.163,0,0,0.193,0,0,0,0,0,0,0,0,0,0,0,0,0,0,0,0,0,0.15,0,0,0.609,0,0,0,0.173,0.204,0,0,0,0,0,0,0,0.175,0,0,0,0,0,0,0,0.563,0,0,0,0,0,0,0,0,0,0.334,0,0,0,0,0,0,0,0,0,0,0.334,0,0,0,0,0,0,0.189,0,0,0,0,0,0.399,0,0,0,0,0,0,0,0,0.853,0,0,0,0.369,0,0,0,0,0,0,0,0,0,0,0,0,0.201,0,0,0,0,0,0,0,0,0.274,0,0,0,0.186,0,0,0,0,0,0,0,0,0,0,0.208,0,0,0,0,0,0,0,0.277,0,0.25,0,0,0,0,0,0,0,0,0,0,0,0,0,0.187,0.284,0,0,0.204,0,0,0.189,0.653,0,0,0,0,0,0,0,0,0,0,0,0,0,0,0,0,0,0,0,0,0,0,0.166,0,0,0,0,0,0,0,0,0,0,0,0,0,0,0,0,0,0.288,0,0,0,0,0,0,0.24,0.558,0.257,0,0.205,0.179,0.444,0,0,0.539,0,0,0.223,0.209,0.207,0,0.293,0,0,0,0,0,0,0,0,0,0,0,0,0,0,0,0.181,0,0,0.294,0,0.248,0.218,0,0,0,0,0,0.443,0,0,0,0,0,0,0,0.173,0,0,0,0,0.352,0.173,0,0,0,0.26,0.267,0,0,0,0.209,0,0,0,0,0,0,0,0.164,0.246,0,0,0,0,0,0.195,0,0.33,0,0,0,0,0.178,0.276,0,0,0,0,0.243,0,0.163,0,0,0,0,0,0,0.221,0,0,0,0,0,0,0,0,0,0,0,0,0,0,0.228,0,0,0,0,0,0,0,0,0,0,0.171,0,0,0,0,0,0,0,0,0.752,0,0,0,0,0,0,0.303,0,0,0,0,0.163,0.307,0,0,0,0,0.26,0.156,0,0,0,0,0,0,0,0,0.156,0,0,0,0,0.25,0,0,0,0,0.316,0,0,0.221,0,0,0,0,0,0,0,0,0,0,0,0,0,0,0,0,0,0,0,0.211,0,0,0,0,0,0,0,0,0,0,0,0,0.254,0,0,0,0,0,0,0,0,0,0.211,0,0,0.207,0,0,0,0,0,0,0,0.279,0,0,0,0,0,0,0,0,0,0,0,0,0,0,0.158,0,0,0,0,0,0,0,0.415,0,0,0,0,0,0.174,0,0,0,0,0.416,0,0,0,0,0,0,0,0,0,0,0,0,0,0,0,0,0,0.168,0.17,0,0,0,0,0,0,0,0,0,0,0,0,0,0,0,0,0,0,0,0,0,0,0,0.445,0,0,0,0,0.332,0,0,0,0,0,0,0,0,0.156,0,0,0,0,0,0,0,0,0.394,0,0,0,0,0,0,0,0,0,0,0,0,0,0.362,0.24,0,0,0,0,0,0,0,0,0,0,0.265,0,0,0,0,0,0.264,0,0.452,0,0,0,0,0,0,0,0.254,0.154,0,0,0,0,0,0,0,0,0,0,0,0,0,0,0.15,0,0,0,0,0,0,0,0,0,0,0,0,0,0,0,0,0,0,0,0.254,0,0,0,0.205,0,0,0,0,0,0,0,0.296,0,0,0,0,0,0,0,0,0,0,0,0,0,0,0,0.166,0,0,0,0,0,0,0,0,0,0,0,0,0,0.203,0,0,0.287,0,0,0,0,0.415,0.302,0,0,0.764,0.272,0,0,0,0,0,0,0,0,0,0.235,0.572,0,0,0,0,0,0,0,0.376,0,0,0,0.245,0.474,0,0.481,0,0.627,0,0,0,0.456,0,0,0,0.23,0,0,0,0,0.232,0.22,0.312,0,0,0.217,0,0,0.648,0.173,0,0,0,0,0,0.228,0,0,0,0,0,0,0.574,0,0,0.158,0.376,0,0,0,0,0.168,0,0,0.539,0,0.364,0,0,0,0,0.293,0,0,0,0,0,0,0.156,0.954,0,0.428,0,0.161,0.493,0.994,0,0,0,0,0.812,0.446,0,0.422,0,0.427,0.729,0,0.15,0,0.585,0.259,0.267,0,0,0,0,0,0.251,0,0,0,0.16,0.28,0,0.519,0,0,0,0,0,0.642,0,0,0.398,0.268,0,0,0,0,0,0.226,0,0.507,0,0,0.238,0,0.387,0,0,0,0.269,0,0,0,0,0,0.29,0,0,0,0.464,0,0.189,0,0.593,0,0,0,0,0,0,0,0.187,0,0,0.185,0.165,0,0,0,0,0,0.353,0.268,0.164,0,0,0,0.203,0.311,0,0,0,0,0.577,0,0.232,0,0,0,0,0,0.183,0,0,0,0,0,0,0,0,0,0,0,0,0,0,0,0,0,0,0,0,0.184,0,0,0,0,0,0,0,0,0,0,0,0,0,0,0,0.256,0,0,0,0,0,0.156,0,0,0,0,0,0,0.168,0,0,0,0,0,0,0,0,0,0,0,0,0,0.241,0,0,0,0,0,0,0,0,0.228,0,0,0,0,0,0,0,0,0,0,0.201,0,0,0,0,0,0.33,0,0.156,0,0,0,0,0,0,0,0,0,0,0.187,0,0,0,0,0,0,0,0,0,0,0,0,0,0,0,0,0,0.163,0,0,0,0,0,0,0.223,0,0,0,0,0,0,0,0,0,0,0,0,0,0,0,0,0,0,0,0.265,0,0,0,0,0,0,0,0.187,0,0,0.234,0.342,0.347,0.246,0,0.154,0,0,0,0.634,0.399,0,0,0,0,0,0.777,0,0,0,0,0,0.939,0,0,0,0,0,0,0,0,0,0,0.728,0.77,0.265,0.277,0.264,0,0,0.156,0,0,0.306,0,0.158,0,0,0,0,0.178,0.256,0.166,0,0.769,0,0,0.167,0,0,0.153,0,0,0.178,0,0,0,0.239,0,0,0.372,0,0,0.178,0,0,0.192,0,0,0.234,0,0.187,0,0,0,0,0.21,0.391,0.278,0,0.294,0,0,0,0,0,0,0,0,0,0.186,0.525,0.421,0,0,0,0.505,0.277,0,0.386,0,0,0,0,0,0,0.178,0,0,0.393,0,0,0,0,0,0,0,0,0,0,0,0,0.235,0,0,0,0,0,0,0,0,0,0,0,0,0,0,0,0,0.17,0,0,0,0,0.164,0.285,0,0,0,0,0,0,0,0,0,0,0,0,0,0,0,0,0,0,0,0,0,0.198,0,0,0,0,0,0,0,0,0.436,0,0,0,0,0.565,0,0.195,0,0,0,0.328,0,0,0,0,0,0,0.152,0,0.173,0,0,0.225,0,0,0,0,0,0.471,0,0,0,0,0,0,0,0,0,0,0,0,0.755,0,0,0.363,0,0,0,0,0,0,0,0,0,0.261,0,0,0,0.158,0,0,0,0,0,0.155,0,0,0,0,0,0,0,0,0,0,0,0,0,0,0,0.417,0,0,0,0,0.222,0,0,0,0,0,0,0,0.217,0,0,0,0,0,0,0,0,0,0,0,0,0,0,0,0,0,0,0,0.17,0,0,0,0,0,0,0,0,0,0,0,0,0,0,0,0,0,0,0,0,0,0,0.272,0,0,0,0,0,0,0,0,0,0,0,0,0,0,0,0,0.183,0,0,0,0.214,0,0,0,0,0,0,0,0,0,0,0,0,0,0,0,0,0,0,0,0,0,0,0,0,0,0,0,0,0,0,0,0,0,0,0,0.302,0,0,0,0,0,0,0,0,0,0,0,0,0,0,0,0,0,0,0,0,0,0,0,0,0,0,0,0,0.192,0,0,0,0,0.196,0,0,0,0,0,0,0,0,0,0,0,0,0,0,0,0,0,0,0,0,0,0,0,0,0,0,0,0,0,0,0,0,0,0,0,0,0,0,0,0,0,0,0,0,0,0,0.541,0,0,0,0,0.398,0,0,0,0,0,0,0,0,0,0,0,0,0,0,0,0,0,0,0.206,0,0.22,0.151,0,0,0,0.152,0,0,0,0,0,0,0,0,0,0,0,0,0,0.925,0,0.495,0,0,0,0,0,0,0,0,0.879,0.234,0,0,0,0,0,0,0,0,0,0,0,0,0,0,0,0,0,0,0,0,0.239,0,0.533,0,0,0.211,0,0,0,0,0,0,0,0.183,0,0,0,0,0,0,0,0,0.188,0,0,0.212,0,0,0,0,0,0,0,0,0,0,0.222,0,0,0,0,0,0,0,0,0,0,0.282,0,0.245,0,0,0,0,0,0.199,0,0,0.237,0,0,0,0,0.191,0,0.256,0.152,0.429,0,0,0,0,0,0.4,0,0,0,0,0.272,0,0,0,0,0,0,0,0,0,0,0,0.156,0.262,0.162,0,0.267,0,0.209,0,0.351,0,0,0,0,0.902,0,0,0.164,0,0,0.214,0,0,0,0,0.177,0,0.167,0,0.162,0,0,0,0,0,0,0,0.195,0.167,0.183,0,0,0.216,0,0,0,0,0,0,0,0,0,0.212,0,0,0,0,0,0,0,0,0,0,0,0,0,0,0,0,0,0,0,0.177,0,0,0,0,0.187,0,0,0,0,0,0,0,0,0,0,0,0,0,0,0,0,0,0,0,0,0,0,0,0,0,0,0,0,0,0,0,0,0,0,0,0,0,0,0.27,0,0,0,0,0,0,0,0,0,0,0,0,0,0,0,0,0.203,0,0,0,0,0,0,0,0,0,0,0,0,0.16,0,0,0,0,0,0,0,0,0,0,0,0,0,0,0,0,0,0.162,0,0,0,0,0,0,0,0,0,0,0,0,0,0,0.188,0,0,0.707,0,0.346,0.179,0,0.312,0,0.227,0.346,0.183,0.402,0,0,0.218,0.826,0,0,0,0,0,0.929,0,0.183,0,0.364,0,0.216,0,0,0.767,0.409,0,0,0,0,0.397,0.392,0,0,0.305,0.216,0,0.239,0.8,0.181,0,0.904,0,0,0.346,0,0,0.295,0,0,0.161,0,0.177,0,0,0.359,0.407,0,0,0.15,0.189,0,0.509,0.314,0.295,0.62,0,0.301,0.188,0,0,0,0.336,0.252,0,0,0,0.734,0.907,0,0.271,0,0,0.234,0.186,0,0,0.237,0,0.952,0,0.163,0.476,0.501,0,0,0,0.167,0,0,0,0,0,0,0,0,0,0,0,0,0,0,0,0,0,0,0,0,0,0,0.15,0,0,0,0,0,0,0,0,0,0.342,0,0,0,0,0,0,0,0,0,0.23,0.573,0,0.314,0,0,0,0,0,0,0,0,0,0,0,0,0.442,0,0.261,0,0,0.236,0,0,0,0,0,0,0.333,0.243,0,0,0.159,0,0,0,0,0,0,0.849,0,0,0,0.16,0,0,0,0,0,0,0,0.276,0.436,0.512,0,0.534,0,0.285,0,0,0,0.284,0,0,0,0,0.194,0.196,0,0,0,0,0,0,0,0,0,0.15,0,0,0,0,0.537,0,0.279,0.393,0,0,0,0,0.167,0,0,0,0,0,0.237,0,0,0.386,0.335,0.179,0.396,0.298,0.275,0,0,0,0,0.174,0,0,0.153,0.18,0.588,0.256,0,0,0.284,0,0.163,0.204,0,0,0,0,0,0.332,0,0,0.295,0.606,0,0,0.506,0,0,0.612,0,0.189,0,0.586,0,0,0.213,0,0,0.867,0.186,0,0,0,0,0.153,0,0,0,0,0,0.241,0.183,0,0,0,0.286,0.642,0.608,0.377,0.774,0,0,0.764,0.31,0,0,0.191,0.724,0,0,0,0.237,0,0,0.652,0,0,0,0,0.186,0.199,0,0.23,0,0,0,0.309,0,0.216,0.614,0.248,0,0.723,0.359,0.695,0.304,0.153,0,0.519,0.172,0,0,0,0.366,0.278,0,0.606,0,0,0.205,0.465,0,0.357,0.174,0,0.379,0.251,0,0,0,0,0,0,0,0,0,0,0,0,0,0,0,0,0.169,0,0,0,0.27,0.167,0,0.164,0,0,0,0.297,0,0,0,0,0,0,0.407,0,0,0,0,0,0,0.376,0,0,0,0,0.255,0.419,0,0,0,0,0,0,0,0,0.23,0,0,0,0,0,0,0,0,0,0,0.152,0,0,0,0,0,0,0,0,0,0,0,0,0,0,0,0,0,0,0,0,0,0,0,0,0,0,0.25,0.224,0,0,0,0.19,0,0.202,0.401,0,0,0.239,0,0,0,0,0,0,0,0.571,0,0.277,0,0.334,0.419,0.175,0.166,0.264,0,0,0,0.515,0,0,0,0.177,0,0,0,0,0,0,0.216,0,0,0,0.48,0.195,0,0,0,0.182,0,0.486,0,0,0,0.247,0,0.183,0,0.401,0.51,0.189,0.172,0.22,0.395,0,0.225,0,0,0,0.163,0,0,0.263,0,0,0,0,0,0,0.244,0,0,0.194,0,0,0,0,0,0.174,0,0,0,0,0,0,0,0,0,0,0,0,0,0,0,0,0,0,0,0,0,0,0,0,0.151,0,0.208,0,0,0,0,0,0,0,0,0,0.17,0,0,0.208,0,0,0,0,0.328,0,0,0,0,0,0.264,0,0.231,0,0,0,0,0.165,0,0,0,0,0.187,0,0,0,0,0,0,0,0,0,0,0,0,0,0,0,0,0,0,0,0,0,0.204,0,0,0.219,0,0,0,0.154,0,0,0,0,0,0,0,0,0,0,0,0,0,0,0.225,0,0,0,0,0,0,0.318,0,0,0,0,0,0,0,0,0,0,0,0,0,0,0,0,0,0,0,0,0,0,0,0.253,0,0,0,0.289,0,0,0,0,0,0,0,0,0,0,0.445,0,0,0,0,0,0,0,0,0,0,0,0,0,0,0,0,0,0,0,0,0.663,0,0,0,0,0,0,0,0.183,0,0,0,0,0,0,0,0,0,0.211,0,0,0,0,0,0,0,0,0,0,0,0,0,0.198,0.17,0,0,0,0,0.325,0,0.206,0,0.817,0,0,0,0,0,0,0.193,0,0,0,0,0,0,0,0,0,0,0,0,0,0,0,0,0,0.185,0,0,0,0,0,0.782,0,0.319,0.167,0,0,0.259,0,0,0.191,0,0,0,0,0,0,0,0,0.64,0,0,0,0,0,0,0,0,0,0,0,0,0,0,0,0,0,0.15,0,0,0,0,0,0,0,0,0,0,0.248,0,0.208,0,0,0,0,0,0.156,0,0,0,0,0,0,0,0,0,0,0,0,0,0,0,0,0.155,0,0,0,0,0,0,0,0,0,0,0,0,0,0,0,0,0,0,0,0.262,0,0,0,0,0.151,0,0,0,0,0,0,0,0,0,0,0,0,0,0,0,0,0,0,0.239,0,0,0,0,0,0,0,0,0.156,0,0,0,0,0,0.186,0,0,0,0,0,0,0,0,0,0,0,0,0,0,0,0,0,0,0,0,0,0,0,0,0,0,0,0,0,0.307,0,0,0,0,0,0,0,0,0,0,0,0,0,0,0,0,0,0,0,0,0,0,0,0,0,0,0,0,0,0,0,0,0,0,0,0,0,0,0,0,0,0,0,0,0,0,0,0,0,0,0,0,0,0,0,0,0,0,0,0,0,0,0,0.157,0,0,0,0,0,0,0,0,0,0,0,0.25,0,0,0,0,0.268,0,0,0,0,0,0,0,0,0,0,0,0,0,0,0,0,0,0,0,0,0,0,0,0,0,0,0,0,0,0,0.233,0,0,0,0,0,0,0.55,0,0.171,0,0,0,0,0,0,0,0,0.279,0,0,0,0,0,0,0.206,0,0,0,0,0,0,0,0,0,0,0.206,0.206,0,0,0.18,0.391,0,0,0,0,0,0,0,0,0,0,0,0.325,0,0.525,0,0,0,0,0,0,0,0,0,0,0,0,0,0,0,0,0,0,0,0,0,0,0,0,0,0,0,0.273,0.227,0,0,0,0,0,0,0.151,0,0,0,0,0.36,0,0,0,0,0.173,0,0,0,0,0,0,0,0,0,0,0,0,0,0.258,0,0,0,0,0,0,0,0,0.164,0,0,0,0,0,0,0,0,0,0,0,0,0.151,0,0,0,0,0,0,0,0,0,0,0,0,0,1
853683,0.203,0.331,0.207,0.212,0,0,0.226,0.28,0.176,0,0,0,0,0,0.432,0.211,0.273,0,0,0,0,0,0,0,0,0,0.161,0,0,0,0,0,0.199,0,0.152,0,0,0,0,0,0,0,0,0,0.169,0.232,0,0,0.346,0,0,0,0,0.16,0,0.21,0,0.248,0,0,0.212,0.351,0,0,0.311,0,0.246,0,0,0,0,0.23,0,0.271,0,0.213,0,0,0.362,0,0.224,0,0,0,0,0.223,0,0,0,0,0.213,0,0,0,0,0,0.278,0.245,0.301,0,0,0,0.238,0.21,0.355,0.311,0,0,0,0,0,0,0,0.154,0,0,0,0,0,0.221,0,0.216,0.161,0,0,0,0,0,0,0,0,0,0,0,0,0.337,0,0,0.211,0.213,0,0,0,0,0,0.169,0,0,0,0,0.518,0,0,0,0,0.313,0,0,0,0.21,0.256,0,0,0,0.217,0,0,0,0,0,0,0.173,0,0,0,0,0,0.233,0,0,0,0.213,0,0,0,0,0,0,0,0,0,0,0,0,0,0,0,0,0,0,0,0,0,0,0,0,0,0,0,0,0,0,0,0,0,0,0,0,0,0,0,0,0,0,0,0,0,0,0,0,0,0,0,0,0,0,0.218,0,0,0,0,0,0,0,0,0,0,0,0,0,0,0,0,0,0,0,0,0,0,0,0,0,0,0,0,0,0,0,0,0,0,0,0,0,0,0,0,0,0,0,0,0,0,0,0,0,0,0,0,0,0,0,0,0,0,0,0,0,0,0,0,0,0,0,0,0,0,0,0,0,0,0,0,0,0,0,0,0,0,0,0,0,0,0,0,0,0,0.188,0,0,0,0,0,0,0,0,0,0,0,0,0,0,0,0,0,0,0,0,0,0,0,0,0.16,0,0.234,0,0,0,0,0,0,0,0,0,0,0,0.226,0,0,0,0,0,0.304,0,0,0,0,0,0,0,0,0,0,0,0,0,0,0,0,0,0,0,0,0,0,0,0,0,0,0,0,0,0,0,0,0,0,0,0,0,0,0,0,0,0,0,0,0,0,0,0,0,0,0,0,0,0,0,0,0,0,0,0,0,0,0.179,0,0,0.191,0,0,0.186,0,0,0,0,0.22,0.179,0,0,0,0,0,0,0,0,0,0,0,0,0,0,0,0,0,0,0,0,0,0,0,0,0.297,0,0,0,0,0,0,0,0,0,0,0,0,0.169,0.453,0,0,0,0,0,0,0,0,0,0,0,0,0,0,0,0,0,0,0,0,0,0,0,0,0,0,0,0,0,0,0,0,0,0,0,0,0,0,0,0,0.155,0,0,0,0,0,0,0,0,0,0,0,0,0,0,0,0.813,0,0,0,0,0,0,0,0,0.226,0,0,0,0.202,0.211,0,0,0,0,0,0,0,0,0,0,0,0,0,0,0,0.181,0,0,0,0,0,0,0,0,0,0,0,0,0,0,0,0,0,0,0,0,0,0,0,0,0,0,0,0,0,0,0,0,0,0,0,0,0,0,0,0,0,0,0,0,0,0,0,0,0,0,0,0,0,0.151,0.15,0,0,0,0,0,0.213,0,0,0,0,0,0,0,0,0,0,0.294,0,0,0,0,0,0,0,0,0.218,0,0,0,0,0,0,0,0,0,0.175,0,0,0,0,0.153,0,0,0,0,0,0,0,0,0,0,0,0,0,0,0,0,0,0,0,0,0,0,0,0,0,0,0,0,0,0,0,0,0,0,0,0,0,0,0,0,0,0,0,0,0,0,0,0,0,0.182,0,0,0,0,0,0,0,0,0,0,0,0,0,0,0,0,0,0,0,0,0.559,0,0,0,0,0,0,0,0.19,0,0,0,0,0,0,0,0,0,0,0,0,0,0,0,0,0,0,0,0,0,0,0,0,0,0,0,0,0,0,0.16,0,0,0,0,0.2,0,0,0,0,0,0,0,0,0,0,0,0,0,0,0,0,0,0,0,0,0,0,0,0,0.179,0,0,0,0,0,0,0,0,0,0,0,0,0,0,0,0,0,0,0,0,0,0,0,0,0,0,0.196,0,0,0,0,0,0,0.201,0,0,0,0,0,0,0,0,0,0,0,0,0,0,0.15,0,0,0,0,0,0,0,0,0,0,0,0,0,0,0,0,0,0.179,0,0,0,0,0,0,0,0,0.171,0,0,0,0,0,0,0,0,0,0.17,0,0,0,0.236,0,0,0,0,0,0,0,0,0,0,0,0,0,0,0,0,0,0,0,0,0,0,0,0,0,0,0,0,0,0,0,0,0,0.218,0,0,0,0,0,0,0,0,0.185,0,0,0,0,0.192,0,0,0,0,0.279,0,0,0,0,0,0,0,0,0,0,0,0,0,0,0,0,0,0,0,0,0,0,0,0,0,0,0.4,0.317,0,0,0,0,0,0,0.336,0,0,0,0,0,0,0,0,0,0,0,0,0,0,0,0,0,0,0,0,0,0,0,0,0,0,0,0,0,0,0,0,0,0,0,0,0,0,0,0,0,0,0,0.224,0,0,0,0,0,0,0,0,0,0,0,0,0,0,0,0,0,0.212,0,0,0,0,0,0.157,0,0,0,0,0.234,0,0.235,0,0,0,0,0,0.195,0,0,0,0,0,0.18,0,0,0,0,0,0,0,0,0,0,0,0,0,0,0,0,0,0,0,0,0,0,0,0,0,0,0,0,0,0,0,0,0,0,0,0,0,0,0.18,0,0.3,0,0,0.203,0,0,0,0,0,0,0,0,0,0,0.285,0.692,0,0,0,0,0,0,0,0.156,0.157,0,0,0,0,0,0,0,0,0.173,0,0,0,0,0,0,0,0,0.16,0,0,0,0.18,0,0,0,0.185,0,0.16,0.214,0,0,0,0,0.225,0,0,0,0,0.151,0,0,0,0,0,0.214,0,0,0,0,0,0,0,0,0,0,0,0,0,0,0,0,0,0,0.204,0,0,0,0,0,0,0,0,0,0,0,0,0,0,0,0,0,0,0,0,0.228,0,0,0,0.196,0,0,0,0,0,0,0.196,0,0,0,0,0,0,0,0,0.278,0,0,0,0,0,0.159,0,0,0,0.238,0,0,0,0,0,0,0,0,0.274,0,0,0,0.185,0,0.214,0,0,0,0,0,0,0.197,0,0,0,0,0,0.171,0,0,0.169,0,0,0,0,0,0,0,0,0,0.171,0.182,0,0,0,0,0.303,0,0,0.279,0,0,0,0,0,0,0,0,0,0,0,0,0,0,0,0,0,0,0,0,0,0,0,0,0,0,0,0,0,0,0,0,0,0,0,0,0,0,0,0,0,0,0,0,0.196,0,0,0.361,0,0,0,0,0.567,0,0,0.159,0,0,0,0,0,0,0,0,0,0,0.158,0,0,0,0,0,0,0,0,0,0,0,0,0.565,0,0,0,0,0,0,0,0,0,0.379,0,0,0,0,0,0,0,0,0.214,0.181,0,0,0,0,0,0,0,0,0,0,0,0.18,0,0,0,0,0,0,0,0,0,0.529,0,0,0,0,0,0,0,0,0,0,0,0,0,0,0,0,0,0,0,0,0,0,0,0,0,0,0,0,0,0,0,0,0,0,0,0,0,0,0.221,0,0,0,0,0,0,0,0,0,0,0,0,0.215,0,0.225,0,0,0,0,0,0,0,0.232,0,0,0.517,0,0,0,0,0,0,0,0,0,0,0,0,0.18,0,0,0,0,0,0,0,0,0.229,0,0,0,0,0,0.173,0,0,0,0,0,0,0,0,0,0,0,0,0,0,0,0,0,0,0,0,0,0,0,0,0,0,0,0,0,0,0,0,0,0,0,0,0,0.263,0,0,0,0,0,0,0,0,0,0,0,0,0,0,0,0,0,0,0,0,0,0,0,0,0,0.29,0,0,0,0,0,0,0,0,0,0,0,0.22,0,0,0,0.22,0,0,0,0,0,0,0,0,0,0,0,0,0,0,0,0,0,0,0.276,0,0,0,0,0,0,0,0,0,0,0,0,0,0,0,0,0,0,0,0,0,0,0,0,0,0,0,0,0,0.157,0,0,0,0,0,0,0,0,0,0,0,0,0,0,0,0,0,0,0,0,0,0,0,0,0,0,0,0,0,0,0,0,0,0.42,0,0,0,0,0,0,0,0,0,0,0,0,0,0,0.337,0,0,0,0,0,0,0,0,0,0,0,0,0,0,0,0,0,0,0,0,0,0,0,0,0,0,0,0,0,0,0,0,0,0,0,0,0,0,0,0,0,0,0,0,0,0,0,0.407,0,0,0,0,0,0,0,0,0,0,0,0,0,0,0,0,0,0,0,0,0,0,0,0,0,0,0,0,0,0,0,0,0,0,0,0,0,0,0,0,0,0,0,0,0,0,0,0,0,0,0,0,0,0,0,0,0,0,0,0,0,0,0,0,0,0,0,0,0,0,0,0,0,0,0,0,0,0,0,0,0.298,0,0,0.15,0,0,0,0,0,0,0,0,0,0,0,0,0,0,0,0,0,0.347,0.257,0,0,0,0,0,0,0,0,0,0,0,0,0,0,0,0,0,0,0,0,0,0,0,0,0.171,0,0,0,0,0,0,0,0,0,0,0,0,0,0,0,0,0,0,0.167,0,0.278,0,0,0,0.155,0,0,0,0,0,0,0,0,0.155,0,0,0,0,0,0,0,0,0,0,0,0,0,0,0,0,0,0,0,0,0,0,0,0,0,0,0,0,0,0,0,0,0,0,0,0,0,0,0,0,0,0,0,0,0.383,0,0,0,0,0,0,0,0,0,0,0,0,0,0,0,0,0.234,0,0,0,0.198,0,0,0,0,0,0,0,0,0,0,0,0,0,0,0,0,0,0,0,0,0,0,0,0.264,0,0,0,0,0,0,0,0,0,0,0,0,0,0,0,0.518,0,0,0,0,0,0,0.16,0,0,0,0,0,0,0,0,0,0.219,0,0,0,0,0,0,0,0,0,0,0,0,0,0,0,0,0.482,0,0,0.153,0,0,0,0.16,0,0,0.518,0,0,0.176,0,0,0,0,0,0,0,0,0,0,0.493,0,0,0,0,0,0,0,0,0,0,0,0,0,0,0,0,0,0,0,0,0,0,0,0,0,0,0,0,0,0,0,0,0,0,0,0,0,0,0,0,0,0,0,0,0,0,0,0,0,0,0,0,0,0,0,0,0,0.318,0,0,0,0,0,0,0,0,0,0,0,0,0,0,0,0,0,0,0,0,0,0,0,0.298,0,0,0,0,0,0,0,0,0,0,0,0,0,0.165,0.159,0,0,0,0,0,0,0,0,0,0,0,0,0,0,0,0,0,0,0,0,0,0,0,0,0,0,0,0,0,0,0,0,0,0,0,0,0,0,0,0,0,0,0,0,0,0,0,0,0,0,0,0,0,0,0,0,0,0,0,0,0,0,0,0,0,0,0,0,0,0,0,0,0,0,0,0,0,0,0,0,0,0,0,0,0,0,0,0,0,0,0,0,0,0,0,0,0.276,0,0,0,0,0,0,0,0,0,0,0,0,0,0.151,0,0,0,0,0,0,0.186,0,0,0,0,0,0,0,0,0,0,0,0,0,0,0,0,0,0,0,0,0,0,0,0,0,0,0,0,0,0,0,0,0,0,0.305,0,0,0,0.608,0,0,0,0,0,0,0,0,0,0,0,0,0,0,0,0.169,0,0,0,0,0,0,0,0,0,0,0.168,0,0,0,0,0,0,0,0,0,0,0,0,0,0,0,0,0,0,0,0,0,0,0,0,0,0,0,0,0,0,0,0,0,0.15,0,0.181,0,0,0,0,0,0,0,0.196,0,0,0,0,0,0,0,0,0,0,0,0,0,0,0,0,0,0,0,0,0,0,0,0,0,0,0,0,0,0,0,0,0,0,0.278,0,0.278,0,0,0,0,0,0,0,0,0,0,0,0,0,0,0,0,0,0.223,0,0,0,0,0.236,0,0.256,0.223,0,0,0,0.154,0.251,0.226,0.236,0.174,0,0.16,0,0,0,0,0,0,0,0,0,0,0,0,0,0,0,0,0,0,0,0,0,0,0,0,0,0,0,0,0,0,0,0.157,0,0,0,0.197,0,0,0,0,0.223,0,0.256,0,0,0,0.195,0,0,0,0,0,0,0,0,0,0,0,0.33,0,0,0,0,0,0,0,0.223,0,0,0,0,0,0,0,0,0,0,0,0,0,0,0,0.22,0,0,0,0,0,0,0,0,0,0,0,0,0,0.268,0,0,0,0.202,0,0,0,0,0,0,0,0,0.159,0,0,0,0.709,0,0,0,0.258,0,0,0,0,0.16,0,0,0,0.16,0,0,0,0,0,0,0,0.214,0,0,0,0,0,0,0,0,0,0,0,0,0,0,0,0,0,0,0,0,0,0,0,0,0,0,0,0,0,0,0,0,0,0,0,0.382,0,0.16,0,0,0,0,0,0,0,0,0,0,0,0,0,0,0,0,0,0,0,0,0,0,0,0,0,0,0,0,0,0,0,0,0,0,0,0,0,0,0,0,0,0,0,0,0,0,0,0,0,0,0,0,0,0,0,0,0,0,0,0,0,0,0,0,0,0,0,0,0,0,0,0,0,0,0,0.341,0,0,0,0,0,0,0,0,0,0,0,0,0,0,0,0,0,0,0,0,0,0,0,0,0,0,0,0,0,0,0,0,0,0,0,0,0,0,0,0,0,0,0,0,0,0,0,0,0,0,0,0,0,0,0,0,0,0,0,0,0,0,0,0,0,0,0,0,0,0,0,0,0,0,0,0,0,0,0,0,0,0,0,0,0,0,0,0,0,0,0,0,0,0,0,0,0,0,0.169,0,0,0,0,0,0,0,0,0,0,0,0,0,0,0,0,0,0,0,0,0,0,0,0,0,0,0,0,0,0,0,0,0,0,0,0,0,0,0,0,0,0,0,0,0,0,0,0,0,0,0,0,0,0,0,0,0,0,0,0,0,0,0,0,0,0,0,0,0,0,0,0,0,0,0,0,0,0,0,0,0.297,0,0,0,0,0,0,0,0,0,0,0,0,0,0,0.349,0,0,0,0,0,0,0,0,0,0,0,0,0,0,0,0,0,0,0,0,0,0,0,0,0,0,0,0,0,0,0,0,0,0,0,0,0,0,0,0,0,0.156,0,0,0,0,0,0,0,0.17,0,0,0,0,0,0,0,0.457,0,0,0,0,0,0.329,0,0,0,0,0,0,0,0,0,0.201,0,0,0,0,0,0,0,0.213,0.167,0,0,0,0.243,0,0,0,0,0,0,0,0,0,0,0,0,0,0.48,0.319,0,0.388,0,0,0.307,0,0,0,0.243,0,0,0,0,0,0,0,0,0.682,0,0,0,0,0,0,0,0,0,0.358,0,0,0,0,0,0,0,0,0,0,0,0,0,0,0,0,0,0.163,0,0,0,0,0,0,0,0,0,0,0,0,0,0,0,0,0,0,0,0,0,0,0,0,0,0,0,0,0,0,0,0,0,0,0,0,0,0,0,0,0,0,0,0,0,0,0,0,0,0,0,0,0,0,0,0,0,0,0,0,0.351,0,0,0,0,0,0,0,0,0,0,0,0,0,0,0,0,0,0,0,0,0,0,0,0,0.238,0,0,0,0,0,0,0,0,0,0,0,0,0,0,0.202,0,0,0,0,0,0,0,0,0,0,0,0,0,0,0,0,0,0,0,0,0.161,0,0,0,0,0,0,0,0,0,0,0,0,0,0,0,0,0,0,0,0,0,0,0,0,0,0,0,0,0,0,0,0,0,0,0.201,0,0,0,0,0,0,0.266,0,0,0,0.176,0,0.189,0,0,0,0,0,0,0.189,0,0,0,0,0,0.303,0,0,0,0,0,0,0,0,0,0,0.406,0,0,0,0,0,0.59,0,0,0,0,0,0,0,0,0,0,0,0,0,0,0,0,0,0,0,0,0,0,0,0,0,0,0,0,0,0,0,0,0,0,0,0,0,0,0,0,0,0,0,0,0,0,0,0,0,0,0,0,0,0,0.16,0,0,0,0,0,0,0,0,0,0,0.16,0,0,0,0,0,0,0,0,0,0,0,0,0.186,0,0,0,0,0,0,0,0,0,0,0,0,0,0,0,0,0,0,0,0,0,0,0,0,0,0,0,0,0,0.159,0,0,0,0,0,0.256,0,0,0,0,0,0,0,0,0,0,0,0,0,0,0,0,0,0,0,0,0,0,0,0,0,0,0,0,0,0,0,0,0,0,0,0.403,0,0,0,0,0,0,0,0,0,0,0,0,0,0,0,0,0,0,0,0.173,0,0,0,0,0,0,0,0,0,0,0,0,0,0,0,0.215,0.62,0,0,0,0.163,0,0,0,0,0,0,0,0.259,0,0,0,0,0,0,0,0,0,0,0,0,0,0,0,0,0,0,0,0,0.165,0,0,0,0,0,0,0,0,0,0,0,0,0,0,0,0,0,0,0,0,0,0,0,0,0,0,0,0,0,0,0,0,0,0,0,0,0.652,0,0,0,0,0,0,0,0,0,0,0,0,0,0,0,0,0,0,0,0,0,0,0,0,0,0,0,0,0,0,0,0,0,0,0,0,0,0,0,0,0,0,0,0,0,0,0,0,0,0,0,0,0,0,0,0,0,0,0,0,0,0,0,0.667,0,0,0,0,0,0.304,0.492,0.181,0,0,0,0.193,0.454,0,0.445,0,0,0.249,0,0,0,0.16,0,0,0,0,0,0,0,0,0,0,0,0,0.16,0.16,0,0,0,0,0,0.16,0.16,0,0,0,0,0,0,0,0,0.196,0,0,0,0,0,0,0,0,0,0,0,0,0,0,0,0,0,0,0,0,0,0,0,0,0,0,0,0,0,0,0,0,0,0,0,0,0,0,0,0,0,0,0,0,0,0,0,0,0,0,0,0,0,0,0,0,0,0,0,0,0,0,0,0,0,0,0,0,0,0,0,0,0,0,0,0,0,0,0,0,0,0,0,0,0,0,0,0.445,0,0,0,0,0,0.192,0,0,0,0,0,0,0,0,0,0,0,0,0,0,0,0,0,0,0,0,0,0,0,0,0,0,0,0,0,0,0,0,0,0,0,0,0,0,0,0,0,0,0,0,0,0,0,0,0,0,0,0,0,0,0,0,0,0,0,0,0,0,0,0,0,0,0,0,0,0,0,0,0,0,0,0,0,0,0,0,0,0,0,0,0,0,0,0,0.201,0,0,0,0,0,0,0,0,0,0,0,0,0.172,0,0,0,0,0,0,0,0,0,0,0,0,0.518,0,0,0,0,0,0,0,0,0,0,0,0,0,0,0,0,0,0,0,0,0,0,0,0,0,0,0,0,0,0,0,0,0,0,0,0,0,0,0,0,0,0,0,0,0,0,0,0,0,0,0,0,0,0,0,0,0,0,0,0,0,0,0.379,0.201,0.469,0,0,0,0,0.173,0,0,0.396,0,0.468,0,0,0,0.213,0.201,0,0,0,0,0,0,0,0,0,0,0,0,0,0,0,0,0,0,0,0,0,0,0,0,0,0,0,0,0,0,0,0,0,0,0,0,0,0,0,0,0,0,0,0,0,0,0,0,0,0,0,0,0,0,0,0,0,0,0,0,0,0,0,0.166,0,0,0,0,0,0,0,0.485,0,0,0,0,0,0,0,0,0,0,0,0,0,0,0,0,0,0,0,0,0,0,0,0,0,0,0,0,0,0,0,0,0,0,0,0,0,0,0,0,0,0,0,0,0.177,0,0,0,0,0,0,0,0,0,0,0,0,0,0,0,0,0,0,0,0,0,0,0,0,0,0,0,0,0,0,0,0,0,0,0,0,0,0,0,0,0,0,0,0,0,0,0,0,0,0,0,0,0,0,0,0,0,0,0,0,0,0,0,0,0,0,0,0,0,0,0,0,0,0,0,0,0,0,0,0,0,0,0,0.372,0,0,0.244,0,0,0,0,0,0,0,0,0,0,0,0,0,0,0,0,0,0,0,0,0,0,0,0,0,0,0,0.16,0,0,0,0,0,0,0,0,0,0,0,0,0,0,0,0,0,0,0,0,0,0,0,0,0,0,0,0,0,0,0,0,0,0,0,0,0,0,0,0,0,0,0,0,0,0,0,0,0,0,0,0,0,0,0,0,0,0,0,0,0,0,0,0,0,0,0,0,0,0,0,0,0,0,0,0,0,0,0,0,0,0,0,0,0,0,0,0,0,0,0,0,0,0,0,0,0,0,0,0,0,0,0,0,0,0,0.152,0,0,0,0,0,0,0,0,0,0,0
854651,0,0,0,0,0.192,0,0,0,0,0,0,0,0,0,0.208,0,0,0,0,0,0,0,0,0.166,0,0,0.161,0.173,0,0,0,0,0,0,0,0,0,0.172,0,0.211,0,0,0,0,0,0,0,0,0,0,0,0,0,0,0.198,0,0,0,0,0,0.161,0.328,0,0,0,0,0,0,0,0,0.267,0,0,0,0,0,0,0,0.195,0.235,0.284,0,0,0,0,0.203,0,0,0,0,0,0.337,0.711,0,0,0,0,0,0,0,0,0,0.302,0,0,0.215,0,0,0,0,0,0,0,0,0,0,0,0,0,0,0,0,0,0,0,0,0,0,0,0,0,0,0,0,0,0,0.289,0,0,0,0,0,0,0,0,0.563,0,0,0.304,0,0,0,0,0,0,0,0,0,0,0,0.273,0,0.267,0,0,0,0,0,0,0,0,0,0,0,0,0,0,0,0,0,0,0,0,0,0.496,0.168,0.535,0,0,0.15,0,0,0,0,0,0,0,0,0,0.179,0,0,0,0,0,0,0,0,0.154,0,0,0,0.249,0,0,0,0,0,0.196,0,0,0,0,0,0,0,0,0,0,0,0.208,0,0,0.349,0.179,0,0.461,0,0.587,0,0.56,0,0,0,0,0,0,0,0,0,0,0,0,0,0,0,0,0,0.254,0,0,0,0,0,0,0,0,0,0,0,0,0,0,0,0,0,0,0,0,0.167,0,0,0,0,0,0.502,0,0,0,0,0,0,0,0,0,0.56,0,0,0,0,0,0,0,0,0,0,0.156,0.165,0,0,0.243,0,0.739,0,0,0.178,0,0.78,0,0,0,0,0,0,0.26,0,0,0,0,0,0,0,0,0,0.241,0,0,0,0,0,0,0,0,0,0,0,0,0,0,0,0,0,0,0.315,0,0,0,0,0,0,0,0,0,0.167,0,0,0,0,0,0,0,0,0,0.182,0,0,0,0,0.427,0.58,0,0,0,0,0,0,0.157,0,0,0,0,0,0,0,0,0,0,0,0,0,0.165,0,0,0,0.595,0,0,0,0,0.195,0,0.27,0,0,0,0,0,0,0.554,0,0,0,0,0,0.197,0,0,0.212,0,0,0,0.6,0,0.151,0,0,0,0,0,0.153,0,0.495,0,0.24,0,0,0.157,0,0,0,0,0,0,0,0.484,0,0,0,0,0,0.37,0,0.376,0.318,0,0,0,0,0,0.318,0,0,0.499,0,0,0,0,0.203,0.167,0,0,0,0,0.192,0.224,0,0,0.157,0,0.172,0,0,0,0,0.15,0,0,0,0,0,0,0,0.331,0,0.154,0,0.221,0,0,0,0,0,0,0,0,0.208,0,0,0,0,0.359,0,0,0,0,0,0.256,0,0,0.165,0,0,0,0.657,0,0,0,0,0,0,0.901,0,0,0,0,0,0,0,0.306,0.262,0.156,0,0,0,0,0,0,0,0.186,0.228,0,0,0,0,0,0,0.201,0.213,0,0.25,0.155,0,0,0,0.479,0,0,0,0,0,0,0,0,0,0.209,0.177,0,0.203,0,0,0,0,0,0,0,0,0,0,0,0.164,0.682,0,0,0.254,0,0,0,0,0,0,0,0,0,0,0,0.153,0,0.16,0,0,0,0,0,0,0,0,0,0,0.393,0.277,0,0,0,0,0,0,0.206,0,0,0.235,0.168,0.254,0,0.277,0.543,0,0.942,0.477,0.299,0,0,0,0,0,0.287,0,0,0,0,0,0,0,0.531,0,0,0,0.157,0,0.207,0,0,0,0,0,0,0,0,0,0,0.327,0,0,0,0,0,0,0.205,0,0,0,0,0.506,0.295,0,0,0,0,0.201,0,0,0,0.16,0,0,0,0,0,0,0,0.238,0,0,0,0,0,0,0,0,0,0.227,0.157,0,0,0,0,0,0.213,0,0.275,0,0.224,0,0,0,0,0,0,0.423,0,0,0,0,0,0,0,0,0,0,0,0,0,0,0,0,0,0,0,0,0.52,0,0.196,0.189,0,0,0.55,0,0,0,0,0,0.659,0,0.178,0,0,0,0,0,0,0,0,0,0,0,0,0,0,0,0,0,0,0.171,0,0.209,0,0,0,0,0,0.586,0,0,0,0.205,0.164,0.307,0,0.219,0.202,0,0,0,0,0,0,0.63,0.161,0.243,0.427,0,0,0,0,0,0,0,0,0,0,0,0.273,0,0,0,0.699,0,0,0,0,0,0,0.157,0,0,0,0,0,0,0,0.195,0.37,0,0,0,0,0,0.237,0.175,0,0,0,0.314,0.218,0,0,0,0,0,0,0.37,0.296,0,0,0,0,0.15,0,0.175,0.198,0,0,0.354,0,0,0,0,0,0,0,0,0,0,0,0,0.227,0,0,0,0,0.96,0,0,0,0,0,0,0,0,0.253,0,0,0,0.154,0.309,0,0,0,0,0,0,0,0,0,0,0,0,0,0,0,0,0.431,0,0.318,0.339,0,0,0.391,0,0,0,0,0,0,0.543,0,0.247,0,0,0,0,0,0,0,0,0,0,0,0.166,0,0,0,0,0,0,0,0,0.251,0,0,0.194,0,0,0.586,0,0,0,0,0,0,0,0,0,0,0,0,0,0,0,0,0,0,0,0,0,0,0,0,0,0,0.25,0,0.171,0,0.237,0,0,0,0,0,0,0,0,0,0,0,0,0,0,0,0,0,0,0,0.173,0,0,0,0,0,0,0,0,0,0,0,0,0,0,0,0,0.237,0.263,0,0,0,0,0,0,0.264,0,0,0,0,0,0,0,0,0,0,0,0.542,0,0,0.272,0,0.891,0,0,0,0,0,0,0,0,0,0,0,0,0,0,0,0.256,0,0,0.26,0,0,0,0,0,0,0,0,0,0,0,0,0,0.444,0,0,0,0,0,0,0,0,0,0,0,0,0,0,0,0,0,0,0,0,0,0.164,0,0.211,0,0,0,0,0,0,0,0.2,0,0,0.856,0,0.239,0,0,0.183,0,0,0,0,0,0.195,0,0,0,0,0,0,0,0,0,0,0,0,0,0,0,0,0,0,0,0,0,0,0,0,0,0,0,0,0,0.187,0,0,0,0,0,0,0,0,0,0,0,0,0,0,0.333,0,0,0,0,0.209,0,0,0,0,0,0,0,0.445,0,0,0,0,0,0,0,0,0,0,0,0.543,0,0,0,0,0,0,0.326,0,0,0,0,0,0,0.442,0,0,0,0,0,0,0.268,0,0,0,0,0,0,0,0.43,0,0,0,0,0,0,0.285,0,0,0,0.175,0,0.556,0,0,0,0,0,0.173,0,0.177,0,0,0.175,0,0,0.358,0,0,0,0,0,0.648,0,0,0,0,0,0.199,0,0,0.163,0,0,0,0,0.307,0,0,0,0,0.199,0,0,0,0,0,0,0.607,0,0,0,0,0,0,0,0,0,0,0,0,0,0,0,0,0,0,0.188,0,0,0,0,0,0,0,0,0,0.188,0,0,0.172,0,0,0,0,0,0,0,0,0,0,0,0,0,0,0,0,0,0,0,0,0.431,0,0,0,0,0,0,0,0,0,0,0,0.263,0,0,0,0,0,0,0,0,0,0,0,0.242,0,0,0.18,0,0.204,0.431,0,0,0,0,0,0,0.218,0,0,0,0,0.203,0,0,0,0,0,0,0,0,0,0,0.172,0,0,0,0.156,0,0,0.179,0,0,0,0,0,0,0.2,0,0,0,0,0,0,0,0,0,0,0,0,0,0,0,0,0,0,0,0,0,0,0,0,0,0,0,0.675,0,0,0,0,0,0,0,0.237,0,0,0,0,0.716,0.639,0.176,0,0,0,0,0,0,0,0,0,0,0,0.179,0,0.156,0,0,0,0,0,0,0,0,0,0,0,0,0,0,0,0,0,0,0,0,0,0.193,0,0,0,0,0,0,0.255,0,0,0,0,0,0,0,0,0,0,0,0,0.293,0,0,0,0,0,0,0,0,0,0,0,0,0,0,0.392,0,0,0,0,0,0,0.213,0,0,0,0,0,0,0,0,0,0,0,0,0,0,0.357,0,0,0,0,0,0,0,0,0,0,0,0,0,0,0.211,0,0,0,0,0,0,0,0,0,0,0,0,0,0.225,0,0,0,0,0,0,0,0,0,0,0,0,0,0,0,0,0,0,0,0,0,0,0,0,0,0,0,0,0,0,0,0,0,0,0,0,0,0,0,0,0,0,0,0,0,0,0,0,0,0,0,0,0,0,0,0,0,0,0,0,0,0,0,0,0,0,0,0,0,0,0,0,0,0,0,0,0,0,0,0,0,0,0,0,0,0,0,0,0,0,0,0,0,0,0,0,0,0,0,0,0,0,0,0,0,0,0,0,0,0,0,0.402,0,0,0,0,0,0,0,0,0,0,0,0,0,0,0,0,0,0,0,0,0,0,0.241,0,0,0,0,0,0,0,0,0,0,0,0,0,0,0,0,0,0,0,0,0,0,0,0,0,0,0.183,0,0,0,0,0,0,0,0,0,0,0,0,0,0,0,0,0.171,0,0,0.351,0,0,0,0,0,0,0,0,0,0,0,0,0,0,0,0,0,0,0,0,0,0,0,0,0,0,0,0,0,0,0.429,0,0,0,0,0,0,0,0,0,0,0,0,0,0,0,0,0,0,0,0,0,0.151,0,0,0,0,0,0,0,0.25,0.203,0,0,0,0,0,0,0,0,0,0,0,0,0,0,0,0,0,0,0,0,0,0,0,0,0,0,0,0,0,0.33,0,0,0,0,0,0.598,0.45,0.261,0,0.598,0.891,0,0,0,0,0.24,0,0,0,0.393,0.154,0.204,0.559,0,0,0,0,0,0,0.179,0,0,0,0,0.189,0.342,0,0.413,0,0,0,0,0,0.188,0,0,0,0,0.471,0,0,0,0.15,0.999,0.79,0.163,0,0,0,0,0.76,0.368,0,0,0,0.537,0,0.157,0,0,0,0.185,0,0.18,0.243,0,0,0.262,0.705,0,0,0.278,0.28,0.714,0,0,0.308,0,0.398,0,0,0,0,0,0,0,0,0,0,0,0,0.701,0,0.377,0.446,0.941,0.848,0.55,0.537,0,0,0,0.611,0,0,0.398,0,0.656,0.982,0,0,0,0,0.514,0.397,0.161,0,0,0,0,0,0,0,0,0.362,0,0,0.429,0,0,0,0,0,0.675,0,0,0.179,0,0.2,0,0.309,0,0,0.464,0,0.49,0.161,0,0,0,0.806,0,0,0,0,0,0,0,0,0,0.313,0,0,0,0.593,0,0,0,0.753,0,0.373,0,0.161,0,0,0,0,0,0.162,0,0.173,0.192,0.159,0.195,0.404,0,0.944,0.559,0,0,0,0,0.479,0.351,0.195,0,0,0.233,0.795,0,0.52,0,0,0,0,0,0,0,0.179,0,0,0,0,0,0,0,0,0,0,0,0,0,0,0,0,0,0,0.204,0,0,0,0,0,0,0,0,0,0,0,0,0,0,0,0,0,0,0,0,0,0.56,0,0,0,0,0,0,0,0,0,0.152,0,0,0,0,0,0,0,0,0,0,0,0,0,0,0,0,0,0,0,0,0,0,0.294,0,0.262,0,0,0,0,0,0.177,0,0,0,0,0,0.203,0,0,0,0,0,0,0,0,0,0,0,0,0,0,0,0,0,0,0,0,0,0,0,0.241,0,0,0.807,0,0,0,0,0,0.531,0,0,0,0,0,0,0,0,0,0,0,0,0,0,0,0,0,0,0,0.188,0,0,0,0,0.348,0,0,0,0.531,0,0,0,0,0,0,0,0.266,0,0,0,0.266,0.171,0,0,0,0,0,0.171,0,0,0,0.557,0,0,0.167,0,0,0.259,0,0,0,0.157,0,0,0,0,0,0.156,0,0.159,0.238,0.333,0.424,0.151,0,0.173,0,0,0,0,0.255,0,0,0,0,0,0,0,0,0,0,0,0,0,0,0,0,0,0,0,0,0,0,0,0,0,0,0,0,0,0,0,0,0,0,0,0,0,0,0,0,0,0,0.449,0,0,0,0,0,0,0,0,0,0,0,0,0,0.291,0,0,0.325,0,0,0.192,0.28,0.402,0,0,0,0,0,0.176,0,0,0,0,0,0,0,0.243,0,0,0,0,0,0,0,0.489,0,0,0,0,0,0,0,0,0,0,0,0,0,0,0,0,0.925,0,0,0,0.307,0,0,0,0,0.177,0,0,0,0,0,0,0,0,0,0,0,0,0,0,0,0,0,0.232,0,0,0,0.807,0,0,0,0,0.272,0.382,0,0,0,0,0.462,0,0,0,0,0,0.243,0,0,0,0,0,0,0,0,0,0,0.693,0,0,0,0,0,0,0.543,0,0,0,0,0,0.173,0,0,0,0,0.242,0,0,0,0,0,0,0,0,0,0,0,0,0,0,0,0,0,0,0.209,0,0,0,0,0,0,0.235,0,0,0,0,0,0,0,0,0,0,0,0,0.48,0,0,0,0,0,0,0,0,0,0,0,0,0,0,0.428,0,0,0,0,0,0,0,0,0,0,0,0,0,0,0,0,0,0,0,0.251,0,0,0,0,0,0,0.318,0,0,0,0,0,0,0,0,0,0,0,0.293,0,0,0,0.171,0,0,0,0,0,0,0.175,0,0,0.339,0,0,0,0,0,0,0,0,0,0,0,0,0.173,0,0,0,0,0,0,0,0,0,0,0,0,0.174,0,0,0,0,0,0,0.173,0,0,0,0,0,0,0,0,0,0,0,0,0,0,0,0,0.791,0,0,0,0,0.331,0,0,0,0,0,0,0,0,0,0,0,0,0,0,0.32,0,0,0,0,0,0,0,0,0,0,0.156,0,0,0,0,0,0,0,0,0,0,0,0.175,0,0,0,0,0,0.264,0,0,0,0,0,0,0,0,0,0,0,0,0,0,0,0,0,0.262,0,0,0.263,0,0,0,0,0,0,0,0,0,0,0,0,0,0,0,0,0,0,0,0,0,0,0,0,0,0,0,0,0,0,0,0.175,0,0,0.205,0,0,0,0,0,0,0,0,0,0,0.214,0,0,0,0,0,0,0,0,0.209,0,0,0,0,0.175,0,0,0,0,0,0,0,0,0.533,0,0,0,0,0,0,0,0,0,0,0,0,0,0,0,0,0,0,0.204,0,0,0,0,0,0,0,0,0,0,0,0,0,0,0,0,0,0,0,0,0,0,0,0.204,0,0,0,0,0,0,0,0,0,0,0,0,0,0,0,0,0,0,0,0,0,0,0,0,0,0,0,0,0,0,0,0,0,0,0,0,0,0,0,0,0,0,0,0,0,0,0,0,0,0,0,0,0,0,0,0,0,0,0,0,0,0,0,0,0,0,0,0,0,0,0,0,0,0,0,0,0.176,0,0,0,0,0,0,0,0,0,0,0,0,0,0,0.431,0,0,0,0,0,0,0,0,0,0,0,0,0,0,0,0,0,0,0,0,0,0,0,0,0,0,0,0,0,0,0,0,0,0,0,0,0,0,0,0,0,0,0,0.204,0,0,0,0,0,0,0,0,0,0,0,0,0,0,0,0,0.732,0,0,0.234,0,0,0,0,0.282,0,0,0,0,0,0.165,0,0,0,0,0,0,0,0,0,0,0,0.218,0,0,0,0,0,0,0,0,0,0,0,0,0,0,0,0,0,0,0,0,0,0,0,0,0,0,0,0,0,0.167,0,0,0,0,0,0,0,0,0,0,0,0,0,0,0,0,0,0,0,0,0,0,0,0,0,0.432,0,0,0,0,0,0,0,0,0.168,0.48,0,0.171,0.242,0,0.397,0.541,0,0.241,0.309,0.402,0,0,0,0,0.188,0,0,0,0,0.35,0.26,0,0.158,0.195,0,0.322,0,0,0.209,0.725,0,0,0,0,0.787,0.575,0,0,0.459,0.657,0,0,0,0.475,0.613,0,0,0,0.171,0.286,0,0.659,0,0,0.337,0,0,0.185,0,0.351,0.363,0,0.523,0,0.474,0.639,0.547,0,0.168,0,0,0,0.152,0,0,0,0.189,0.191,0,0,0,0.712,0,0,0.163,0,0.297,0,0,0,0,0.344,0.467,0.184,0,0.427,0.863,0.346,0,0,0,0.561,0,0,0,0,0,0,0,0,0,0,0,0,0,0,0,0,0,0,0,0,0,0,0,0,0,0,0,0,0,0,0,0,0,0,0,0,0,0,0,0,0,0,0,0,0.25,0.454,0,0,0,0,0,0,0.664,0,0,0,0,0,0.158,0.2,0,0,0,0.252,0,0,0,0,0,0,0,0,0,0,0.817,0.251,0,0.347,0,0,0,0,0,0,0,0,0,0,0,0,0,0,0.172,0,0.968,0,0,0,0,0.231,0,0,0,0,0,0,0.155,0,0,0,0,0,0,0,0,0,0,0,0,0.253,0,0,0,0,0,0,0,0.899,0,0,0,0,0.608,0,0,0,0,0,0,0,0,0,0,0.68,0.243,0.179,0,0,0,0,0,0,0,0,0.25,0.155,0.267,0,0,0,0.293,0,0,0,0,0,0.21,0,0,0,0,0,0,0,0,0,0.227,0,0,0.372,0,0.186,0.157,0,0,0,0,0.917,0,0.409,0.375,0,0,0,0,0.423,0,0,0,0,0,0,0.277,0,0.154,0,0.33,0,0,0,0,0,0,0,0.34,0,0.204,0.186,0.345,0.246,0,0,0.169,0.161,0,0.157,0,0,0,0,0,0,0.223,0.558,0.157,0,0,0,0,0.382,0,0,0.788,0.177,0,0,0.26,0,0,0,0.609,0.22,0,0,0.593,0.549,0,0.925,0,0,0,0.351,0,0.33,0.33,0,0.285,0.33,0,0,0,0,0,0,0.969,0,0.411,0,0.236,0,0,0,0,0,0.84,0.175,0.215,0,0.914,0,0,0,0,0,0,0.32,0,0,0,0,0,0,0,0,0,0,0.169,0,0,0.628,0,0,0.561,0,0,0,0,0,0,0,0,0,0,0,0,0,0,0,0,0.368,0.254,0,0,0,0,0.241,0,0,0,0,0,0,0,0,0,0.246,0,0,0,0,0,0,0,0,0,0,0.351,0,0.284,0,0.31,0,0.173,0.984,0,0.9,0,0,0,0.238,0.293,0,0,0.481,0,0.177,0,0,0.177,0.422,0.189,0.202,0,0.171,0,0.81,0.189,0.19,0,0.15,0.392,0.181,0,0.153,0.195,0,0.202,0.313,0.269,0.423,0.184,0,0,0,0.154,0.517,0,0.162,0,0,0,0,0.286,0.544,0,0,0.547,0.267,0.173,0,0.164,0.241,0,0,0.925,0.227,0,0,0,0.359,0.239,0,0.171,0.28,0.153,0.256,0,0.514,0,0,0,0,0,0.39,0.883,0,0,0.336,0,0,0,0,0,0.185,0,0,0,0,0,0,0,0,0,0.311,0,0,0,0,0,0,0,0,0,0,0,0,0,0,0,0,0,0,0,0,0,0,0,0,0,0.204,0,0,0,0.313,0,0,0,0,0.937,0,0,0,0,0,0.159,0,0,0,0,0,0,0,0.265,0,0,0.165,0,0.19,0,0,0,0,0,0,0,0,0,0,0.153,0,0,0,0,0.387,0,0,0,0,0,0,0.34,0,0.157,0.19,0,0.258,0,0,0,0,0,0,0,0,0,0,0,0,0,0,0,0,0,0,0,0,0,0.192,0,0,0,0,0,0,0,0,0,0,0,0.175,0,0,0,0,0,0,0,0,0.191,0,0,0,0,0,0,0,0,0,0,0,0,0,0,0,0,0,0,0,0,0,0,0,0,0,0,0,0.177,0,0,0,0,0,0.192,0,0,0,0,0,0,0,0,0,0,0,0,0,0,0,0,0,0.263,0,0,0,0,0,0.195,0,0,0,0,0,0,0,0,0.21,0,0,0,0.169,0,0,0,0.225,0,0,0,0,0,0,0,0,0,0,0,0,0,0,0,0,0,0,0.203,0,0.256,0,0,0,0.804,0,0,0,0,0,0,0,0,0,0,0,0,0,0,0,0,0,0,0,0,0,0,0,0,0,0,0.192,0,0,0,0,0,0,0,0,0,0,0,0,0,0,0,0,0,0,0,0,0,0,0,0,0,0,0,0,0,0,0,0,0,0,0,0,0,0.488,0,0,0,0,0,0,0,0,0,0.248,0,0,0,0,0,0,0,0,0,0,0,0,0,0,0,0,0,0,0,0,0,0,0,0,0,0,0,0,0,0,0,0.15,0,0,0,0,0,0,0,0,0,0,0,0,0.22,0.16,0,0,0,0.16,0.16,0,0,0,0,0,0,0,0,0.312,0,0,0,0,0,0.173,0,0,0,0,0,0,0.29,0,0.48,0,0,0.248,0,0,0,0,0,0,0,0,0.325,0.491,0,0,0,0,0,0,0,0,0,0.172,0,0,0,0,0,0,0,0,0,0,0,0,0,0,0.248,0.248,0,0,0,0,0,0,0.168,0,0,0,0,0,0,0,0,0,0,0,0,0,0,0,0,0,0,0,0,0,0,0,0,0,0,0,0,0,0,0,0,0,0,0,0,0,0,0,0,0,0,0.152,0,0,0,0,0,0,0,0,0,0,0,0,0,0.167,0,0,0,0.309,0,0,0,0,0,0,0,0,0,0,0,0,0,0,0,0.232,0,0,0,0,0,0,0,0,0.156,0,0,0.29,0,0.171,0,0,0.197,0.184,0,0,0,0,0,0,0,0,0,0,0,0,0.157,0,0,0,0,0,0,0,0,0,0,0,0,0,0,0,0,0,0,0,0,0,0,0,0,0,0,0.302,0,0,0,0,0,0.445,0,0,0,0,0,0.443,0,0,0,0,0,0,0,0,0,0,0,0,0,0,0.17,0,0,0,0,0,0,0,0,0,0,0,0.339,0,0,0,0.173,0,0,0,0,0,0,0,0,0,0,0,0,0,0,0,0,0,0.167,0,0,0,0,0,0,0,0,0,0,0,0,0,0,0,0.152,0,0,0,0,0,0,0,0,0,0,0,0,0,0,0,0,0.157,0,0,0,0,0,0,0,0.157,0,0.175,1
856277,0,0.278,0.161,0,0,0,0,0,0,0.173,0,0.155,0,0,0,0,0,0,0,0,0,0,0,0,0.278,0,0,0,0,0,0,0,0.268,0.244,0,0,0,0,0,0,0,0.221,0,0,0,0.32,0,0.209,0,0.34,0,0,0,0,0,0,0,0,0,0,0.326,0.209,0.209,0,0.222,0,0,0.263,0.259,0,0.752,0.19,0,0,0,0.421,0.381,0.259,0,0,0,0,0,0,0,0.326,0.236,0,0,0,0.421,0,0,0,0.278,0.191,0.69,0.383,0,0,0,0.644,0.154,0.214,0,0,0.326,0,0,0.357,0,0,0,0,0.289,0,0,0,0,0,0,0,0,0,0,0.604,0,0,0,0,0,0,0,0,0,0.217,0,0,0,0.422,0.258,0,0,0,0,0,0,0,0,0.642,0,0,0,0,0,0.221,0,0,0,0,0,0,0,0.227,0.177,0,0,0.858,0,0,0,0,0,0,0,0,0,0.32,0.173,0.258,0,0.421,0,0,0,0,0,0,0,0,0,0,0,0,0,0,0,0,0,0,0,0,0,0,0,0,0.372,0,0,0.403,0,0,0.724,0,0,0,0,0,0,0,0,0,0,0,0,0,0.32,0,0,0,0,0,0,0,0,0,0,0,0,0,0,0,0,0,0,0,0,0.61,0,0,0,0,0,0,0,0,0,0,0,0,0,0,0,0,0,0,0,0,0,0,0,0,0,0,0,0,0,0,0,0,0,0,0,0,0,0,0,0,0,0,0,0,0,0,0,0,0,0,0,0,0,0,0,0,0,0,0,0,0,0,0,0,0,0,0,0,0,0,0,0,0,0,0,0,0,0,0,0,0,0,0,0,0,0,0,0.211,0,0,0,0,0,0,0,0,0,0,0,0,0,0.439,0,0.311,0,0,0.187,0,0.191,0,0,0,0,0,0,0,0,0,0.216,0,0,0,0,0,0.202,0.157,0.691,0,0,0,0,0,0,0,0,0,0,0,0,0.274,0,0,0,0,0,0,0,0,0,0,0,0,0.495,0,0,0,0,0.53,0,0,0,0,0,0,0,0,0,0,0,0,0,0,0,0,0,0.193,0,0,0,0,0,0,0,0,0,0,0,0.187,0,0,0,0,0,0.196,0,0,0,0,0,0.187,0,0,0,0,0,0,0.311,0,0,0.445,0,0,0,0,0,0,0,0,0,0,0,0,0,0,0,0,0,0,0,0,0,0,0,0.155,0,0,0,0,0,0,0,0,0,0,0,0,0,0,0,0,0,0,0,0,0,0,0,0,0,0,0,0,0,0,0,0,0.172,0,0,0,0,0,0,0,0,0,0,0,0,0,0,0,0,0,0,0,0,0.194,0,0,0,0,0,0,0,0.696,0,0,0,0,0,0,0,0,0.191,0,0,0,0,0.268,0,0,0,0,0.276,0,0,0,0,0,0.22,0,0,0,0,0,0,0,0,0,0,0,0,0,0,0,0,0,0,0,0,0,0,0,0,0.224,0,0,0,0,0,0,0,0.25,0,0,0,0,0,0,0,0,0,0,0,0,0,0,0,0,0,0,0,0,0,0,0,0,0.258,0.192,0.223,0.323,0,0.302,0,0,0.237,0,0,0,0,0,0,0,0,0,0,0,0,0,0,0,0,0,0,0,0,0,0,0,0,0,0,0,0,0,0,0,0,0,0,0,0,0,0,0,0,0,0,0,0,0,0,0,0,0,0,0,0,0,0,0,0,0,0,0,0,0,0,0,0,0,0,0,0,0,0,0,0,0,0,0,0,0,0,0,0.185,0,0.175,0,0,0,0,0,0.299,0,0,0,0,0,0,0,0,0,0,0,0,0,0,0,0,0,0,0,0,0,0,0,0,0,0,0,0.372,0,0,0,0,0,0,0,0,0,0,0.392,0,0,0,0,0,0.296,0,0,0,0,0,0,0,0,0,0,0,0,0,0,0,0,0,0,0.228,0,0,0,0,0,0,0,0,0,0,0,0,0,0,0,0,0,0,0,0,0,0,0.227,0,0,0,0,0,0,0,0,0,0,0,0,0,0,0,0,0,0,0,0,0,0,0,0,0,0,0,0,0,0,0,0,0,0,0,0,0,0,0,0,0,0,0,0,0,0,0,0.172,0,0,0,0,0,0,0,0,0,0.238,0,0,0,0,0,0,0,0,0,0,0.16,0,0,0,0,0,0,0,0,0,0,0,0,0,0,0,0,0,0,0,0,0.196,0,0,0,0,0,0,0,0,0,0,0,0,0,0,0,0,0,0,0,0,0,0,0,0.171,0,0,0,0,0,0,0,0,0,0,0,0,0,0,0,0,0,0,0,0,0,0,0,0,0.276,0,0.842,0,0,0,0.169,0,0,0,0,0,0,0,0,0,0,0,0,0,0,0,0,0,0,0,0,0,0,0,0,0,0,0,0,0,0,0,0,0,0,0,0,0,0,0,0,0,0,0,0,0,0,0,0,0,0,0,0,0,0.196,0,0,0,0,0,0,0,0,0,0,0,0,0,0,0,0,0,0,0,0,0,0,0,0,0,0,0,0,0,0,0,0,0,0,0,0,0.169,0,0,0,0.268,0,0,0,0,0,0,0,0,0,0,0,0,0.268,0,0,0,0,0,0,0,0,0,0,0,0.196,0,0,0,0,0,0,0,0,0,0.197,0,0,0,0,0,0,0,0,0,0,0,0,0,0,0,0,0,0,0,0,0,0,0,0,0,0,0,0,0.196,0,0,0,0,0,0,0,0,0,0,0,0,0,0,0,0.229,0,0,0,0,0,0,0,0,0.333,0,0,0,0,0,0,0,0,0,0,0,0,0,0,0,0,0,0,0,0,0,0,0.255,0,0,0,0,0,0,0,0,0,0,0,0.154,0,0,0,0,0.159,0,0,0,0,0,0,0,0,0,0,0,0.196,0,0.15,0,0,0,0,0,0,0,0,0,0,0,0,0,0,0,0,0,0,0,0,0,0,0,0,0,0,0.226,0,0,0,0,0,0,0,0,0,0,0,0,0,0,0,0,0,0,0,0,0,0.283,0,0,0.203,0,0,0,0,0,0.171,0,0,0,0,0,0,0,0,0,0,0,0,0.268,0,0.181,0,0.333,0,0,0,0,0,0,0,0,0,0,0,0,0,0,0.159,0,0,0.185,0,0,0.618,0,0,0,0,0,0,0.159,0,0,0,0,0,0.165,0,0,0,0.185,0,0,0,0,0,0,0.218,0,0,0,0,0,0,0,0.196,0,0,0,0,0,0,0,0,0,0,0,0,0,0.321,0,0,0,0,0,0,0,0,0,0,0,0,0,0,0,0,0,0.165,0,0,0,0,0,0,0,0.196,0,0,0,0,0.757,0,0,0,0,0,0,0,0,0,0,0,0,0,0.279,0,0.196,0,0,0.169,0,0,0,0,0,0,0,0,0,0,0,0,0,0,0,0,0,0,0,0,0,0,0.347,0,0,0,0,0,0,0,0,0.196,0,0,0,0,0,0,0,0,0,0,0,0,0,0,0,0,0,0,0,0,0.615,0,0,0,0,0,0,0,0,0,0,0,0,0,0,0,0,0,0,0,0,0,0,0,0,0,0,0,0.226,0,0,0,0,0,0,0,0,0,0,0,0,0,0,0.154,0,0,0,0,0,0,0,0,0,0,0,0,0,0,0,0,0,0,0,0,0.179,0,0,0.196,0,0,0,0,0,0,0,0,0,0,0,0.407,0.223,0,0.179,0,0,0,0,0,0,0,0,0,0,0,0,0,0,0,0,0,0,0,0,0,0,0,0,0,0,0,0,0,0,0,0,0,0,0,0,0,0.268,0,0,0,0,0,0,0,0,0,0,0,0,0,0,0,0,0,0,0,0,0,0,0,0,0,0.268,0,0,0,0,0,0,0,0,0,0,0,0.194,0,0,0,0.206,0,0,0,0,0,0,0,0,0,0,0,0,0,0,0,0,0,0,0,0,0,0,0,0,0.183,0.691,0,0,0,0,0,0,0,0,0,0,0,0,0,0,0,0,0,0,0,0,0,0,0,0,0,0,0,0,0,0,0,0,0,0,0,0,0,0,0,0,0,0,0,0,0,0,0,0,0,0,0,0,0,0,0,0,0,0,0,0,0,0,0,0,0,0,0,0,0,0,0,0,0,0,0,0,0,0,0,0,0,0,0,0,0,0,0,0,0,0,0,0.543,0,0,0,0,0,0,0,0,0,0,0,0,0,0,0,0,0,0,0,0,0,0,0,0,0,0,0,0,0,0,0,0,0,0,0,0,0,0,0,0,0,0,0,0,0,0,0,0,0,0,0,0,0,0,0,0,0,0,0,0,0,0,0,0,0,0,0,0,0,0,0,0,0,0,0,0,0,0,0,0,0,0,0,0,0,0,0,0,0.17,0,0,0,0,0,0,0,0,0,0,0,0,0,0,0,0,0,0,0,0,0,0,0,0,0,0,0,0,0,0,0,0,0,0,0,0,0,0,0,0,0,0,0,0,0,0,0,0,0,0,0,0,0,0,0,0,0,0,0.183,0,0,0,0,0,0,0,0,0,0,0,0,0,0,0,0,0,0,0,0,0,0,0,0,0,0,0,0,0.208,0,0,0,0,0,0.154,0,0,0,0,0,0,0,0,0,0,0,0,0,0,0,0,0,0,0,0,0,0,0,0,0,0,0,0,0,0,0,0,0,0,0,0.408,0,0,0,0,0,0,0,0,0,0,0,0,0,0,0,0.201,0,0,0,0,0,0,0,0,0,0,0,0,0,0,0,0,0,0,0,0,0.32,0,0,0,0,0,0,0.22,0,0,0,0,0,0,0,0,0,0,0,0,0.373,0,0.279,0,0.381,0,0,0,0.193,0,0.672,0.333,0,0,0,0,0,0,0,0,0,0,0,0,0,0,0,0,0,0,0,0,0,0,0.612,0,0.201,0.32,0,0,0,0,0.183,0,0,0,0,0,0,0,0,0,0,0,0,0,0,0,0,0,0,0,0,0,0,0,0,0,0,0,0,0,0,0,0,0,0,0,0,0,0,0,0,0,0,0,0,0,0,0,0,0,0,0,0,0,0,0,0,0,0,0,0,0,0,0,0,0,0,0,0,0,0,0,0,0,0,0,0,0,0,0,0,0,0.337,0.63,0,0,0,0,0,0,0,0,0,0,0,0,0,0,0,0,0,0,0,0,0,0,0,0,0,0,0,0,0,0,0,0,0,0,0,0,0,0,0,0,0,0,0,0,0.237,0,0,0,0,0,0,0,0,0,0,0,0,0,0,0,0,0,0,0,0,0,0,0,0,0,0,0,0,0,0,0,0,0,0,0,0,0,0,0,0,0,0,0,0,0,0,0,0,0,0,0.261,0,0,0,0,0,0,0,0,0,0,0,0,0,0,0,0,0,0.386,0,0,0,0,0,0,0,0,0,0,0,0,0,0,0,0,0,0,0,0,0.166,0,0,0,0,0,0,0,0,0,0,0,0,0,0,0,0,0,0,0,0,0,0,0,0,0,0,0,0,0,0,0,0,0.335,0,0,0,0,0,0,0,0,0,0,0,0.184,0,0,0,0,0,0,0,0,0,0,0.354,0,0,0,0,0,0,0,0,0,0,0,0,0,0,0,0,0,0,0,0,0,0,0,0,0,0,0,0,0,0,0,0,0,0,0,0,0,0,0,0,0,0,0.163,0,0,0,0,0,0,0,0,0,0,0,0,0,0,0,0,0,0,0,0,0,0,0,0,0,0,0,0,0,0,0,0,0,0,0,0,0,0,0,0,0,0,0,0,0,0,0,0,0,0,0,0,0,0,0,0,0.211,0,0.188,0.187,0,0,0,0,0,0.263,0,0,0,0,0,0.217,0,0.408,0,0,0,0,0.203,0.535,0.203,0,0,0,0.473,0,0,0,0,0,0,0,0,0.195,0,0.965,0.169,0,0.247,0,0,0.394,0.379,0,0.576,0.359,0.2,0.852,0,0,0,0,0,0,0,0,0,0.618,0,0,0.159,0,0,0,0,0,0,0,0,0.289,0,0,0,0,0,0,0.242,0,0,0,0,0,0,0,0,0,0,0,0,0,0,0.313,0,0,0.539,0,0,0.2,0,0.322,0,0,0,0,0,0,0.728,0,0.749,0.35,0,0,0.755,0,0,0.765,0,0,0,0.255,0,0.397,0,0.2,0,0,0,0,0,0,0,0,0.25,0,0.364,0,0.198,0.453,0,0.19,0.193,0,0,0,0,0,0.661,0,0,0.753,0,0,0,0,0,0,0,0,0,0,0,0,0,0,0,0,0,0,0,0,0,0,0,0,0,0,0,0,0,0,0,0,0,0,0,0,0,0,0,0,0,0,0.156,0,0,0,0,0,0,0,0,0,0,0,0,0,0,0,0,0,0,0,0,0,0,0,0,0.307,0,0.301,0,0,0.173,0,0,0.173,0,0,0,0,0,0,0,0,0,0,0,0,0,0,0,0,0,0.183,0,0,0.244,0.218,0,0,0,0.197,0,0,0,0,0,0,0,0,0,0,0,0,0,0,0,0,0,0,0,0,0,0,0,0,0,0,0,0,0,0.154,0,0,0,0,0,0,0,0,0,0,0,0,0,0,0,0,0,0,0,0,0,0,0,0,0,0,0,0,0,0,0,0,0,0,0,0,0.238,0.181,0,0,0,0,0,0,0,0,0,0,0,0,0,0,0,0,0,0,0,0,0,0,0,0,0,0,0,0,0,0,0,0,0,0,0,0,0,0,0,0,0,0,0,0,0,0,0,0,0,0,0,0,0,0,0.158,0,0,0,0,0,0,0,0,0,0,0,0,0,0,0,0,0,0,0,0,0,0,0,0,0,0,0,0,0,0,0,0,0,0,0,0,0,0,0,0,0,0.495,0,0,0,0,0,0,0,0,0,0,0,0,0,0,0,0,0,0,0,0,0,0,0,0,0,0,0,0,0,0,0,0.276,0,0,0,0,0,0,0,0,0,0,0,0,0,0,0,0,0.483,0,0,0,0,0,0,0,0,0,0,0,0,0,0,0,0,0,0,0,0,0,0,0,0,0,0,0,0,0,0,0,0,0,0,0,0,0,0,0,0,0,0,0,0,0,0,0,0,0,0,0,0,0,0,0,0,0,0,0,0,0,0,0,0,0,0,0,0,0,0,0,0,0,0,0,0,0.333,0,0,0,0,0,0,0,0,0,0,0,0,0,0,0,0,0,0,0,0,0,0,0,0,0,0,0,0,0,0,0,0,0,0,0,0,0,0,0,0.19,0,0,0,0,0,0,0,0,0,0,0,0,0,0,0,0,0,0,0,0,0,0,0,0,0,0,0,0,0,0,0,0,0,0,0,0,0,0,0,0,0,0,0,0,0,0,0,0,0,0,0,0,0,0,0,0,0,0,0,0,0,0,0,0,0,0,0,0,0,0,0,0,0,0,0,0,0,0,0,0,0,0,0,0,0,0,0,0,0,0,0,0,0,0,0,0,0,0,0,0,0,0,0,0,0,0,0,0,0,0,0,0,0,0,0,0,0,0,0,0,0,0,0,0,0,0,0,0,0,0,0,0,0,0,0,0,0,0,0,0,0,0,0,0,0,0,0,0,0,0,0,0.302,0,0,0,0,0,0,0,0,0,0,0,0,0,0,0,0,0,0,0,0.303,0,0,0,0,0,0,0,0,0,0,0,0,0,0,0,0,0,0,0,0,0,0,0,0,0,0,0,0,0,0,0.235,0,0,0,0,0,0,0,0,0,0,0,0,0,0,0,0,0,0,0,0,0,0,0,0,0,0,0,0,0,0,0,0,0,0,0,0,0.15,0,0,0,0,0,0,0,0,0,0,0,0,0,0,0,0,0,0,0,0,0,0,0,0,0,0,0,0,0,0,0,0,0,0,0,0,0,0,0,0,0,0,0,0,0,0,0,0,0,0,0,0,0,0,0,0,0,0,0,0,0,0,0,0,0,0,0,0,0,0,0,0,0,0,0,0,0,0,0,0,0,0,0,0,0,0,0,0,0,0,0,0,0,0,0,0,0,0,0,0,0,0,0,0,0,0.195,0,0,0,0,0,0,0,0,0,0,0,0,0,0,0,0,0,0,0,0,0,0,0,0,0,0,0,0,0,0,0,0,0,0,0,0,0,0,0,0,0,0,0,0,0,0,0,0,0,0.229,0,0,0,0,0,0,0,0,0,0,0,0,0,0,0,0,0,0,0,0,0,0,0,0,0,0,0,0,0,0,0,0,0,0,0,0,0,0,0,0,0,0,0,0,0,0,0,0,0,0,0,0,0,0,0,0,0,0,0,0,0,0,0,0,0,0,0,0,0,0,0,0,0,0,0,0,0,0,0,0,0,0,0,0.554,0,0,0,0,0,0,0.156,0,0,0,0,0,0,0,0,0,0,0,0,0,0,0,0,0,0,0,0,0,0,0,0,0,0,0,0,0,0,0,0,0,0,0,0,0,0,0,0,0.206,0,0,0,0.237,0.39,0,0,0,0,0,0,0,0,0,0.267,0,0,0,0,0,0,0,0,0,0,0,0,0,0,0,0,0,0,0,0,0,0,0,0,0,0,0,0,0,0,0,0,0,0,0,0,0,0,0,0,0,0,0,0,0,0,0,0,0,0,0,0,0,0,0,0.23,0,0,0,0,0,0,0,0,0,0,0,0,0,0,0.188,0,0,0,0,0,0,0,0,0,0,0,0,0,0.188,0,0,0,0,0,0,0,0,0,0,0,0,0,0,0,0,0,0,0,0,0,0,0,0,0,0,0,0,0,0,0,0,0,0,0,0,0,0,0,0,0,0,0,0,0,0,0,0,0,0,0,0,0,0,0,0,0,0,0,0,0,0,0,0,0,0,0,0,0,0,0,0,0,0,0,0.246,0,0,0,0,0,0,0,0,0,0,0,0,0,0,0,0,0,0,0,0,0,0,0,0,0,0,0,0,0,0,0,0,0,0,0,0,0,0,0,0,0,0,0,0,0,0,0,0,0,0,0,0,0,0,0,0,0,0,0,0,0,0,0,0,0,0,0,0,0,0,0,0,0,0,0,0,0.171,0,0,0,0,0,0,0.152,0,0,0,0,0,0,0,0,0,0,0,0,0,0,0,0,0,0,0,0,0,0,0,0,0,0,0,0,0,0,0,0,0,0,0.157,0,0,0,0,0,0,0,0,0,0,0,0,0,0,0,0,0,0,0,0,0,0,0,0,0,0,0,0,0,0,0,0,0,0,0,0,0,0.17,0,0,0,0,0,0,0,0,0,0,0,0,0,0,0,0,0,0,0,0,0,0,0,0,0,0,0,0,0,0,0.68,0,0,0,0,0,0,0,0,0,0,0,0,0,0,0,0,0.158,0,0,0,0,0,0,0,0,0,0,0,0,0,0,0,0,0,0,0.197,0,0,0,0,0,0,0,0,0,0,0,0,0,0,0,0,0,0,0,0,0.347,0,0,0,0,0,0,0,0,0,0,0,0,0,0,0,0,0,0,0,0,0,0,0,0,0,0.715,0,0,0,0,0,0,0,0,0,0,0,0,0,0,0,0,0,0,0,0,0,0,0,0,0,0,0,0,0,0,0,0,0,0,0,0,0,0,0,0,0,0,0,0,0,0,0,0.452,0,0,0,0,0,0,0,0,0,0,0,0,0,0,0,0,0,0,0,0,0,0,0,0,0,0,0,0,0,0,0,0,0,0.163,0,0,0,0,0,0,0,0,0,0,0,0,0,0,0,0,0,0,0,0,0,0,0,0,0,0,0,0,0,0,0,0,0,0,0,0,0,0,0.165,0,0,0,0,0,0,0,0,0,0,0,0,0,0,0,0,0,0.445,0,0,0,0,0,0.217,0,0,0,0,0,0,0,0,0,0,0.204,0,0.233,0,0,0,0.171,0,0,0,0,0.538,0,0,0.334,0,0,0,0,0,0,0,0,0,0,0,0,0,0,0,0,0,0,0,0,0,0,0,0,0,0,0.235,0,0,0,0,0,0,0,0,0,0,0,0,0,0,0,0,0,0,0,0,0,0,0,0,0,0,0,0,0,0,0,0,0,0,0.277,0,0,0,0,0,0,0.534,0,0,0,0,0,0,0,0,0,0,0,0,0,0,0,0,0,0,0,0,0,0,0,0,0,0,0,0,0,0,0,0,0,0,0,0,0,0,0,0,0,0,0,0,0,0,0,0,0,0,0,0,0,0,0,0,0,0,0,0,0,0,0,0,0
851384,0,0,0,0,0,0,0,0,0,0,0,0,0,0,0,0,0,0,0.396,0,0,0,0,0,0,0,0,0,0,0,0,0,0,0,0,0,0,0,0,0,0,0,0,0,0,0,0,0,0,0,0,0,0,0,0,0,0,0,0,0,0,0,0,0,0,0,0,0,0,0,0,0,0,0,0,0,0,0,0,0,0,0,0,0,0,0,0,0,0,0,0,0,0,0,0,0,0,0,0,0,0,0,0,0,0,0,0,0,0,0,0,0,0,0,0,0,0,0,0,0,0,0,0,0,0,0,0,0,0,0,0,0,0,0,0,0,0,0,0,0,0,0,0,0,0,0.191,0,0,0,0,0.642,0,0,0,0,0,0,0,0,0,0,0,0,0,0,0,0,0,0,0,0,0,0,0,0,0,0,0,0,0,0,0,0,0,0,0,0,0,0,0,0,0,0,0,0,0,0,0,0,0,0,0,0,0,0,0,0,0,0,0,0,0,0,0,0,0,0,0,0,0,0,0,0,0,0,0,0,0,0,0,0,0,0,0,0,0,0,0,0,0,0,0,0,0,0,0,0,0,0,0,0,0,0,0,0,0,0,0,0,0,0,0,0,0,0,0,0,0,0,0,0,0,0,0,0,0,0,0,0,0,0,0,0,0,0,0,0,0,0,0,0,0,0,0,0.195,0,0,0,0,0,0,0,0,0,0,0,0,0,0,0,0,0,0,0,0,0,0,0,0,0,0,0,0,0,0,0,0,0,0,0,0,0,0,0,0,0.375,0,0,0,0,0,0,0,0,0,0,0,0,0,0,0,0,0,0,0,0,0,0,0,0,0,0,0,0,0,0,0,0,0,0,0,0,0,0,0,0,0,0,0,0,0,0,0,0,0,0.161,0,0,0,0,0,0,0,0,0,0,0,0,0,0,0,0,0,0,0,0,0,0,0,0,0,0,0,0,0,0,0,0,0,0,0,0,0,0,0,0,0,0,0,0,0,0,0,0,0,0,0,0,0,0,0,0,0,0,0,0,0,0,0,0,0,0,0,0,0,0,0,0,0,0,0,0,0,0,0,0,0,0,0,0,0,0,0,0,0,0,0,0,0,0,0,0,0,0,0,0,0,0,0,0,0,0,0,0,0,0,0,0,0,0,0,0,0,0,0,0,0,0,0,0,0,0,0,0,0,0,0,0,0,0,0,0,0,0,0,0,0,0,0,0,0,0,0,0,0,0,0,0,0,0,0,0,0,0.448,0,0,0,0,0,0,0,0,0,0,0,0,0,0,0,0,0,0,0,0,0,0,0,0,0,0,0,0,0,0,0,0,0,0,0,0,0,0,0,0,0,0,0,0,0,0,0,0,0,0,0,0,0,0,0,0,0,0,0,0,0,0,0,0,0,0,0,0,0,0,0,0,0,0,0,0,0,0,0,0,0,0,0,0,0,0,0,0,0,0,0,0,0,0,0,0,0,0,0,0,0,0,0,0,0,0,0,0,0,0,0,0,0,0,0,0,0,0,0,0,0,0,0,0,0,0,0,0,0,0,0,0,0,0,0,0,0,0,0.23,0,0,0,0,0,0,0,0,0,0,0,0,0,0,0,0,0,0,0,0,0,0,0,0,0,0,0,0,0,0,0,0,0,0,0,0,0,0,0,0,0,0,0,0,0,0,0,0,0,0,0,0,0,0,0,0,0,0.699,0,0,0,0,0,0,0,0,0,0,0,0,0,0,0,0,0,0,0,0.276,0,0,0,0,0,0,0,0,0,0,0,0,0,0,0,0,0,0,0,0,0,0,0,0,0,0,0,0,0,0,0,0,0,0,0,0,0,0,0,0,0,0,0,0,0,0,0,0,0,0,0,0,0,0,0,0,0,0,0,0,0,0,0,0,0,0,0,0,0,0.354,0,0,0,0,0,0,0,0,0,0,0,0,0,0,0,0,0,0,0,0,0,0,0,0,0,0,0,0,0,0.196,0,0,0,0,0,0,0,0,0.171,0,0,0,0,0,0,0,0,0,0,0,0,0,0.271,0,0,0,0,0,0,0,0,0,0,0,0,0,0,0,0,0,0,0,0,0.359,0,0,0,0,0,0,0,0,0,0,0,0,0,0,0,0,0,0,0,0,0.22,0.658,0,0,0,0,0,0,0,0,0,0,0,0,0,0,0,0,0,0.239,0,0,0,0,0,0.179,0,0,0,0,0,0,0,0,0,0,0,0.482,0,0,0,0,0,0,0,0,0,0,0,0,0,0,0,0,0,0,0,0,0,0,0,0,0,0,0,0,0,0,0,0,0,0,0,0,0,0,0,0,0,0,0,0,0.427,0,0,0,0,0,0,0,0,0,0,0,0,0,0,0,0,0,0,0,0,0,0,0,0,0,0,0,0,0,0,0,0,0,0,0,0,0,0,0,0,0,0,0,0,0,0.193,0,0,0,0,0,0,0,0,0,0,0,0,0,0,0,0,0,0,0,0,0,0,0,0,0,0,0,0.228,0,0,0,0,0,0,0,0.171,0,0,0,0,0,0,0,0.792,0,0,0,0,0,0,0,0,0,0,0,0,0,0.297,0,0,0,0,0,0,0,0,0,0,0,0,0,0,0,0,0,0,0,0,0,0,0,0,0,0,0,0,0,0,0,0,0,0,0,0,0,0.536,0,0,0,0,0,0,0,0,0,0,0,0,0,0,0,0,0,0,0,0,0.169,0,0,0,0,0,0,0,0,0,0,0,0,0,0,0,0,0,0,0,0,0,0,0,0,0,0,0,0,0,0,0,0,0,0,0,0,0,0,0,0,0,0,0,0.191,0,0,0,0,0,0,0,0,0,0,0,0,0,0,0,0,0,0,0,0,0,0,0,0,0,0,0,0,0,0,0,0,0,0,0,0.293,0,0,0,0,0,0,0.378,0,0,0,0.962,0,0,0,0,0,0,0,0,0,0.612,0,0,0.295,0,0,0,0,0,0,0,0,0,0,0,0,0,0,0,0,0,0,0,0,0,0,0.481,0,0.212,0,0.215,0,0,0,0,0,0,0,0,0,0,0,0,0,0,0,0.297,0,0,0,0,0,0.396,0,0,0,0,0,0,0,0,0,0,0,0.581,0,0,0,0,0,0,0,0,0.26,0,0,0,0,0,0,0,0,0,0,0,0,0,0,0,0,0,0.192,0,0,0,0,0,0,0,0,0,0,0,0,0,0,0,0,0,0,0,0,0,0,0,0,0,0,0,0,0,0,0,0,0,0,0,0,0,0,0,0,0,0,0,0,0,0,0,0,0,0,0,0,0,0,0,0,0,0,0,0,0,0,0,0,0,0,0,0,0,0,0,0,0,0,0,0,0,0,0,0,0,0,0,0,0,0,0,0.311,0,0,0,0,0,0,0,0,0,0,0,0,0,0,0,0,0,0,0,0,0,0,0,0,0,0,0,0,0,0,0,0,0,0,0,0,0,0,0,0,0,0,0,0,0,0,0,0,0,0,0,0,0,0,0,0,0,0,0,0,0,0,0,0,0,0,0,0,0,0,0,0,0,0,0,0,0,0,0,0,0,0,0,0,0,0,0,0,0,0,0,0.258,0,0,0,0.221,0,0,0,0,0,0.191,0,0,0,0,0,0,0,0,0,0,0,0,0,0,0,0,0,0,0,0,0,0,0,0,0,0,0,0,0,0,0,0,0,0,0,0,0,0,0,0,0,0,0,0,0,0,0,0,0,0,0,0,0,0,0,0,0,0,0,0,0,0,0,0,0,0,0,0,0,0,0,0,0,0,0,0,0,0,0,0,0,0,0,0,0,0,0,0,0,0,0,0,0,0,0,0,0,0,0,0,0,0,0,0,0,0,0,0,0,0,0,0.171,0,0,0,0,0,0,0,0,0,0,0,0,0,0,0,0,0,0,0,0,0,0,0,0,0,0,0,0,0,0,0,0,0,0,0,0,0,0,0,0,0,0,0,0,0,0,0,0,0.532,0,0,0,0,0,0,0,0,0,0,0,0,0,0,0,0,0,0,0,0,0,0,0,0,0,0,0,0,0,0,0,0,0,0,0,0,0,0,0,0,0,0,0,0,0,0,0,0,0,0,0,0,0,0,0,0,0,0,0,0,0,0,0,0,0,0,0,0,0,0,0,0,0,0,0,0,0,0,0,0,0,0,0,0,0,0,0,0,0,0,0.235,0,0,0,0,0,0,0,0,0,0,0,0,0,0,0,0,0,0,0,0,0,0,0,0,0,0,0,0,0,0,0,0.297,0,0,0,0,0,0,0,0,0,0,0,0,0,0,0,0,0,0,0,0,0,0,0,0,0,0,0,0,0,0,0,0,0,0,0,0,0,0,0,0,0,0,0,0,0,0,0,0,0,0,0,0,0,0,0,0,0,0,0,0,0,0,0,0,0,0,0,0,0,0,0,0,0,0,0,0,0,0,0,0,0,0,0,0,0,0,0,0,0,0,0,0,0,0,0,0,0,0,0,0,0,0,0,0,0,0,0,0,0,0,0,0.901,0,0,0,0,0,0,0,0,0,0,0,0,0,0,0,0,0,0,0,0,0,0,0,0,0,0,0,0,0,0,0,0,0,0,0,0,0,0,0,0,0,0,0,0,0,0,0,0,0,0,0,0.25,0,0,0,0,0,0,0,0,0,0,0,0,0,0,0,0,0,0,0,0,0,0,0,0,0,0,0,0,0,0,0,0,0,0,0,0,0,0,0,0,0,0,0,0,0,0,0,0,0,0,0,0,0,0,0,0,0,0,0,0,0,0,0,0,0,0.193,0,0,0,0,0,0,0,0,0,0,0,0,0,0,0,0,0,0,0,0,0,0,0,0,0,0,0,0.333,0,0,0,0,0,0,0,0,0,0,0.408,0,0,0,0,0,0,0,0,0,0,0,0,0,0,0,0,0,0,0,0,0,0,0,0,0,0,0,0,0,0,0,0,0,0,0,0,0,0,0,0,0,0,0,0,0,0,0,0,0,0,0,0,0,0,0,0,0,0,0,0,0,0.254,0,0,0,0,0,0,0,0,0,0,0,0,0,0,0,0,0,0,0,0,0,0,0,0,0,0,0,0,0,0,0,0,0,0,0,0,0,0,0,0,0,0,0,0,0,0,0,0,0,0,0,0,0,0,0,0,0,0,0,0,0,0,0,0,0,0,0,0,0,0,0,0,0,0,0,0,0,0,0,0,0,0,0,0,0,0,0,0,0,0,0,0,0,0,0,0,0,0,0,0,0,0,0,0,0,0,0,0.39,0,0,0,0,0,0,0,0,0,0,0,0,0,0,0,0,0,0,0,0,0,0,0,0,0,0,0,0,0,0,0,0,0,0,0,0,0,0,0,0,0,0,0,0,0,0,0,0,0,0.803,0,0,0,0,0,0,0,0,0,0,0,0,0,0,0,0,0,0,0,0,0,0,0,0,0,0,0,0,0,0,0,0,0,0,0,0,0,0,0,0,0,0,0,0,0,0,0,0,0,0,0,0,0,0,0,0,0,0,0,0,0,0,0,0,0,0,0,0,0,0,0,0,0,0.273,0,0,0,0,0,0,0,0,0,0,0,0,0,0,0,0,0,0,0,0,0,0,0,0,0,0,0,0,0,0,0,0,0,0,0,0,0,0,0,0,0,0,0,0,0,0,0,0,0,0,0,0,0,0,0,0,0,0,0,0,0,0,0,0,0,0,0,0,0,0,0,0,0,0,0,0,0,0,0,0,0,0,0,0,0,0,0,0,0,0,0,0,0,0,0,0,0,0,0,0,0,0,0,0,0,0,0,0,0,0,0,0,0,0,0,0,0,0,0,0,0,0,0,0,0,0,0,0,0,0,0,0,0,0,0,0,0,0,0,0,0,0,0,0,0,0,0,0,0,0,0,0,0,0.33,0,0,0,0,0,0,0,0,0,0,0,0,0,0,0,0,0,0,0,0,0,0,0,0,0,0,0,0,0,0,0,0,0,0,0,0,0,0,0,0,0,0,0,0,0,0,0,0,0,0,0,0,0,0,0,0,0,0,0,0,0,0,0,0,0,0,0,0.392,0,0,0,0,0,0,0,0,0,0,0,0,0,0,0,0,0,0,0,0,0,0,0,0,0,0,0,0,0,0,0,0,0,0,0,0,0,0,0,0,0.347,0,0,0,0,0,0,0,0,0,0,0,0,0,0,0,0,0,0,0,0,0,0,0,0,0,0,0,0,0,0,0,0,0,0,0,0,0,0,0,0,0,0,0,0,0,0,0,0.152,0,0,0,0,0,0,0,0,0,0,0,0,0,0,0,0,0,0,0,0,0,0,0,0,0,0,0,0,0,0,0,0,0,0,0,0,0,0,0,0,0,0,0,0,0,0,0,0,0,0,0,0,0,0,0,0,0,0,0,0,0,0,0,0,0,0,0,0,0,0,0,0,0,0,0,0,0,0,0,0,0,0,0,0,0,0,0,0,0,0,0,0,0,0,0,0,0,0,0,0,0,0,0,0,0,0,0,0,0,0,0,0,0,0,0,0,0,0,0,0,0,0,0,0,0,0,0,0,0,0,0,0,0,0,0,0,0,0,0,0,0,0,0,0,0.537,0,0,0,0,0,0,0,0,0,0,0,0,0,0,0,0,0,0,0,0,0,0,0,0,0,0,0,0,0,0,0,0,0,0,0,0,0,0,0,0,0,0,0,0,0,0,0,0,0,0,0,0,0,0,0,0,0,0,0,0,0,0,0,0,0,0,0,0,0,0,0,0,0,0,0,0,0,0,0,0,0,0,0,0,0,0,0,0,0,0,0,0,0,0,0,0,0,0.448,0,0,0,0,0,0,0,0,0,0,0,0,0,0,0,0,0,0,0,0,0,0,0,0,0,0,0,0,0,0,0,0,0,0,0,0,0,0,0,0,0,0,0,0,0,0,0,0,0,0,0,0,0,0,0,0,0,0,0,0,0,0,0,0,0,0,0,0,0,0,0,0,0,0,0,0,0,0,0,0,0,0,0,0,0,0,0,0,0,0,0,0,0,0,0,0,0,0,0,0,0,0,0,0,0,0,0,0,0,0,0,0,0.191,0,0,0,0,0,0,0,0,0,0,0,0,0,0,0,0,0.81,0.279,0,0,0,0,0,0,0,0,0,0,0,0,0,0,0,0,0,0,0,0,0,0,0,0,0,0,0,0,0,0,0,0,0,0,0,0,0,0,0,0.901,0,0,0,0,0,0,0,0,0,0,0,0,0,0,0,0,0,0,0,0,0,0,0,0,0,0,0,0,0,0,0,0,0,0,0,0,0,0,0,0,0,0,0,0,0,0,0,0,0,0,0,0,0,0,0,0,0,0,0,0,0,0,0,0,0,0,0,0,0,0,0,0,0,0,0,0,0,0,0,0,0,0,0,0,0,0,0,0,0,0.169,0,0,0,0,0,0,0,0,0,0,0,0,0,0,0,0,0,0,0,0,0,0,0,0,0,0,0,0,0,0,0,0,0,0,0,0,0,0,0,0,0,0,0,0,0,0,0,0,0,0,0,0,0,0,0,0,0,0,0,0,0,0,0,0,0,0,0,0,0,0,0,0,0,0,0,0,0,0,0,0,0,0,0,0,0,0,0,0,0,0,0,0,0,0,0,0,0,0,0,0,0,0,0,0,0,0,0,0,0,0,0,0,0,0.4,0,0.295,0,0,0,0,0,0,0.541,0,0,0,0,0,0,0,0,0,0,0,0,0,0,0,0,0,0,0,0,0,0,0,0,0,0,0,0,0,0,0,0,0,0,0,0,0,0,0,0,0,0,0,0,0,0,0,0,0,0,0,0,0,0,0,0,0,0,0,0,0,0,0,0,0,0,0,0,0,0,0,0,0,0,0,0,0,0,0,0,0,0,0,0,0,0,0,0,0,0,0,0,0,0,0,0,0,0,0,0,0,0,0,0,0,0,0,0,0,0.45,0,0,0,0,0,0,0,0,0,0,0,0,0,0,0,0,0,0,0,0,0.161,0,0,0.225,0,0,0,0,0,0,0.371,0,0,0,0,0,0,0,0,0,0,0,0,0,0,0,0,0,0,0,0,0,0,0,0,0,0,0,0,0,0,0,0,0,0,0,0,0,0.531,0,0,0,0,0,0,0,0,0,0,0,0,0,0,0,0,0,0.378,0,0,0,0,0,0,0,0,0,0,0,0,0,0,0,0,0,0,0,0,0,0,0,0,0,0,0,0,0,0,0,0,0,0,0,0,0,0,0,0,0,0,0,0,0,0,0,0,0,0,0,0,0,0,0,0,0,0,0,0,0,0,0,0,0,0,0,0,0,0,0,0,0,0,0,0,0,0,0,0,0,0,0,0,0,0,0,0,0,0,0,0,0,0,0,0,0,0,0,0,0,0,0,0,0,0,0,0,0,0,0,0,0,0,0,0,0,0,0,0,0,0,0,0,0,0,0,0,0,0,0,0,0,0,0,0,0,0,0,0,0,0.185,0,0,0,0,0,0,0,0,0,0,0,0,0,0,0,0,0,0,0,0,0,0,0,0,0,0,0,0,0,0,0,0,0,0,0,0,0,0,0,0,0,0,0,0,0,0.398,0,0,0,0,0,0,0,0,0,0,0,0,0,0,0,0,0,0,0,0,0,0,0,0,0,0,0,0,0,0,0,0,0,0,0,0,0,0,0,0,0,0,0,0,0,0,0,0,0.191,0,0,0,0,0,0,0,0,0,0,0,0,0,0,0,0,0,0,0,0,0,0,0,0,0,0,0,0,0,0,0,0,0,0,0,0,0,0,0,0,0,0,0,0,0,0,0,0,0,0,0,0,0,0,0,0,0,0,0,0,0,0,0,0,0,0,0,0,0,0,0,0,0,0,0,0,0,0,0,0,0,0,0,0.229,0,0,0,0,0,0,0,0,0,0,0,0,0,0,0,0,0,0,0,0,0,0,0,0,0,0,0,0,0,0,0,0,0,0,0,0,0,0,0,0,0,0,0,0,0,0,0.552,0,0,0,0,0,0,0,0,0,0,0.553,0,0,0,0,0,0,0,0,0.931,0,0,0,0,0,0,0,0,0,0,0,0,0,0,0,0.394,0,0,0,0,0,0,0,0,0,0,0,0,0,0,0,0,0,0,0,0,0,0,0,0,0,0,0,0,0,0,0,0,0,0,0,0,0,0,0,0,0,0,0,0,0,0,0,0,0,0,0,0,0,0,0,0,0,0,0,0,0,0,0,0,0.394,0,0,0.193,0,0,0,0,0,0,0,0,0,0,0,0,0,0,0,0,0,0,0,0,0,0,0,0,0,0,0,0,0,0,0,0,0,0,0,0,0,0,0,0,0,0,0,0,0,0,0,0,0,0,0,0,0,0,0,0,0,0,0,0,0,0,0,0,0,0,0,0,0,0,0,0,0,0,0,0,0,0,0,0,0,0,0,0,0,0.337,0,0,0,0,0,0,0,0,0.159,0,0,0,0,0,0,0,0,0,0,0,0,0,0,0,0,0,0,0,0,0,0,0,0,0,0,0,0,0,0,0,0,0,0,0,0,0,0,0,0,0,0,0,0,0,0,0,0,0,0,0,0,0,0,0,0,0,0,0,0,0,0,0,0,0.398,0,0,0,0,0,0,0,0,0,0,0,0,0,0,0,0,0,0,0,0,0,0,0,0,0.258,0,0,0,0,0,0,0.552,0.553,0,0,0,0,0,0,0,0,0,0,0,0,0,0,0,0,0,0,0,0,0,0,0,0,0,0,0.231,0,0,0,0,0,0,0,0,0,0,0,0,0,0,0,0.48,0,0,0.481,0,0,0,0,0,0,0,0,0,0,0.513,0,0,0,0,0,0,0,0.193,0,0,0.361,0,0,0,0,0,0,0
852351,0,0,0,0,0,0,0.275,0,0,0,0,0.312,0,0.166,0.317,0,0.295,0.648,0,0,0,0,0,0,0,0,0,0.32,0,0,0,0,0,0,0.21,0,0,0,0,0,0,0,0,0,0,0.174,0.159,0,0.167,0,0,0,0.157,0,0,0,0,0,0,0.329,0,0,0,0,0,0,0,0.15,0,0.651,0.499,0,0,0,0,0,0,0.172,0.331,0,0.321,0,0.471,0.228,0,0,0,0,0,0,0,0,0,0.554,0,0,0,0,0.358,0.271,0.182,0.344,0.322,0,0,0.295,0,0,0.315,0,0,0,0,0,0.226,0,0,0,0,0,0,0.559,0,0,0,0.164,0,0,0,0,0.182,0.375,0,0,0,0,0,0,0,0,0,0,0.317,0,0,0,0,0,0,0.424,0,0,0,0,0,0.226,0,0,0.26,0,0,0.161,0,0.493,0,0,0,0,0,0.199,0.179,0,0,0,0,0,0.664,0,0,0.217,0.227,0,0,0,0,0,0,0,0,0,0,0,0,0,0,0,0,0,0.165,0,0,0,0.219,0,0,0,0,0,0,0.281,0,0,0,0,0,0,0,0,0,0,0,0,0,0,0,0,0.267,0,0,0,0,0,0,0,0,0,0,0,0,0,0,0,0,0.195,0,0,0,0,0,0,0,0,0,0,0,0,0,0,0,0,0,0,0,0,0,0,0,0,0,0,0,0,0,0,0,0,0.203,0,0,0,0,0,0.198,0,0,0,0.191,0,0,0,0,0.223,0,0.198,0,0,0,0,0,0,0,0,0,0,0,0,0,0,0,0,0,0,0,0,0,0.172,0,0,0,0,0,0,0,0,0,0,0,0,0,0,0,0,0,0,0,0.214,0,0,0,0,0,0,0,0,0,0.226,0,0,0,0.321,0,0,0,0,0,0,0,0,0,0,0,0,0,0,0,0,0,0,0,0,0,0,0,0,0,0,0,0,0,0,0,0,0,0,0,0.26,0,0,0,0,0,0,0,0.188,0,0,0,0,0,0,0,0,0.176,0,0,0,0,0,0,0,0,0,0,0,0,0,0,0,0,0,0,0,0,0,0,0,0,0,0,0,0,0,0,0,0,0,0,0.198,0,0,0,0,0,0,0,0.157,0,0.17,0,0,0,0,0.238,0,0,0.185,0,0,0,0,0,0,0,0,0,0,0,0,0,0,0,0,0,0,0,0,0,0,0,0,0,0,0,0,0,0,0,0,0,0,0,0,0,0,0,0,0,0,0,0,0,0,0,0,0,0,0,0,0,0,0,0,0,0,0,0,0,0,0,0,0,0,0,0,0,0,0,0,0,0,0,0,0,0,0,0,0,0,0,0.151,0,0,0,0,0,0.154,0,0,0,0,0,0,0,0,0,0,0,0.332,0,0,0,0,0.188,0,0,0,0,0,0,0,0,0,0,0,0,0,0,0,0,0,0,0,0,0,0,0,0,0,0,0,0,0,0,0.198,0,0,0,0,0,0,0,0,0,0,0,0,0,0,0,0,0,0,0,0,0,0,0,0,0,0.262,0,0,0,0,0,0,0,0,0.179,0.423,0,0,0,0.655,0,0,0,0,0,0,0,0.171,0,0,0,0,0,0,0,0,0,0,0,0,0,0,0,0,0.226,0,0,0,0,0,0,0,0,0,0,0,0,0.163,0.259,0,0,0,0,0,0,0,0,0,0,0,0,0,0,0,0,0,0,0,0,0,0,0,0,0,0,0,0,0,0,0,0,0,0,0,0,0,0,0,0,0,0,0,0.229,0,0,0.175,0,0,0,0,0,0,0,0,0,0,0,0,0,0,0,0,0,0,0,0,0,0,0,0,0,0,0,0,0,0,0,0,0,0,0,0,0,0,0,0,0.465,0,0,0,0,0,0,0,0,0,0,0,0,0,0,0.151,0,0,0,0,0.188,0,0,0,0,0,0,0,0,0,0,0,0,0,0,0,0,0,0,0.16,0,0,0,0,0.259,0,0,0,0,0,0,0,0,0,0,0,0,0,0,0,0,0,0,0,0.155,0,0,0,0,0,0,0.158,0,0,0,0,0,0,0,0,0,0,0,0,0,0,0,0,0,0,0,0,0.159,0,0,0,0,0,0,0,0,0,0,0.188,0,0,0,0,0,0,0,0,0,0,0,0,0,0,0,0,0,0,0.163,0,0,0,0,0,0,0,0,0,0,0,0.175,0.208,0,0,0,0,0,0,0,0,0,0,0,0,0,0,0,0,0,0,0,0,0,0,0,0,0,0,0.262,0.185,0,0,0,0,0,0,0,0,0,0,0,0,0,0,0,0,0,0,0,0,0,0,0,0,0,0,0,0,0,0,0,0,0,0,0,0,0,0,0,0,0,0,0,0,0,0,0,0,0,0,0,0,0,0.337,0,0,0,0.192,0,0,0,0,0,0,0,0,0,0,0,0,0,0.293,0,0,0,0,0,0,0,0,0,0,0,0,0,0,0,0,0,0,0,0,0,0,0,0,0,0,0,0.192,0,0,0,0,0,0,0,0,0,0,0,0,0,0,0,0,0,0,0,0.166,0,0,0,0,0,0,0.198,0,0,0,0,0,0,0,0,0.228,0,0,0,0,0,0.213,0,0.169,0,0,0,0,0,0,0,0,0,0,0,0,0,0.21,0,0.161,0,0,0,0,0,0,0,0,0,0.153,0,0,0,0,0,0,0,0.199,0.324,0.199,0,0,0,0,0,0.199,0,0,0,0,0,0,0,0,0,0,0,0,0,0,0,0,0,0,0,0,0,0,0,0.618,0.196,0,0,0.15,0,0.297,0,0,0,0,0,0,0,0,0,0,0,0,0,0,0,0,0,0.183,0,0,0,0.439,0,0,0,0,0,0.155,0,0,0,0,0.208,0.234,0,0,0,0.223,0,0,0,0,0,0,0,0,0.236,0,0,0,0,0,0,0,0,0.198,0,0,0.681,0,0,0.175,0,0.238,0,0,0,0,0,0,0.321,0,0,0,0,0,0,0.159,0,0,0,0,0,0,0.221,0,0.311,0,0,0,0,0,0,0,0,0,0,0,0,0,0,0,0,0,0,0.155,0,0,0,0,0,0,0,0,0,0,0,0,0,0,0,0,0.192,0,0,0,0,0,0,0.16,0,0,0,0,0,0,0,0,0,0,0.158,0,0,0.288,0,0,0,0,0,0,0,0,0,0,0,0,0,0,0.157,0,0,0,0,0,0,0,0,0,0,0,0,0,0,0,0,0,0,0,0,0,0,0,0,0,0,0,0,0,0,0,0,0,0.724,0,0.3,0,0,0,0.152,0,0,0,0,0,0,0.221,0,0,0,0,0,0,0,0,0,0,0.163,0,0.66,0,0,0,0,0,0,0,0,0,0,0,0,0,0,0,0,0,0.169,0,0,0.703,0.196,0,0,0,0.533,0,0.216,0,0,0.161,0,0,0,0,0.522,0,0,0,0,0.223,0,0,0,0,0,0.648,0,0.267,0,0,0,0,0,0,0,0,0.181,0,0,0,0,0,0,0,0,0,0.331,0,0,0,0,0,0,0,0,0,0,0,0,0,0,0.666,0,0,0,0,0,0,0,0,0,0.388,0,0,0,0,0,0,0,0,0,0,0,0,0,0,0,0,0,0,0.309,0,0,0,0,0,0,0,0,0,0.234,0,0,0,0,0,0,0,0,0.171,0,0,0,0.204,0,0,0,0,0,0,0,0.295,0,0,0.691,0.305,0,0,0,0,0,0,0,0.155,0,0,0,0,0,0,0,0,0,0,0,0,0,0,0,0,0,0,0,0,0,0,0,0,0,0,0.239,0,0,0,0,0,0,0,0,0,0.231,0,0,0,0,0,0.174,0,0,0,0,0,0,0,0,0,0,0,0,0,0,0,0,0,0.281,0,0,0,0,0.274,0.254,0,0,0,0,0,0,0,0,0.229,0,0,0,0,0,0,0,0,0,0,0,0,0,0,0,0,0,0.269,0,0,0,0,0,0,0,0,0,0,0,0,0,0,0,0,0,0,0,0,0,0,0,0,0,0,0,0,0,0.194,0,0,0,0,0.251,0,0,0,0,0,0.162,0,0,0,0,0,0,0.177,0,0,0,0,0,0,0,0,0,0,0,0,0,0,0,0,0,0,0,0,0,0,0,0,0,0,0.291,0,0,0,0,0,0,0,0,0,0,0,0,0,0,0,0,0,0,0,0,0,0,0,0.193,0,0,0,0,0.268,0,0,0,0,0,0.159,0,0,0,0,0,0,0,0,0,0,0,0,0,0,0,0,0,0,0,0,0,0,0,0,0,0,0,0,0,0,0,0,0,0,0,0,0,0,0,0,0,0,0,0,0,0,0,0,0,0,0,0,0.199,0,0,0,0,0,0,0,0,0,0,0,0,0,0,0,0.186,0,0,0,0,0,0,0,0,0,0,0,0,0,0,0,0,0,0,0,0,0,0,0,0,0,0,0,0,0,0,0,0,0,0,0.211,0,0,0,0,0,0,0,0,0,0,0,0,0,0,0,0,0,0,0,0,0,0,0,0,0,0,0,0,0,0,0,0,0,0,0,0,0,0,0,0,0.3,0,0,0,0,0,0,0,0,0,0,0,0,0,0,0,0,0,0,0,0,0,0,0,0,0,0,0,0,0,0.255,0,0,0,0,0,0,0,0,0,0,0,0,0,0,0.156,0,0,0,0,0,0.34,0.299,0,0,0,0,0,0,0,0,0,0,0.203,0,0,0,0,0,0,0,0,0,0,0,0,0,0,0,0,0,0,0,0,0,0,0,0,0,0,0.155,0,0,0,0,0,0,0,0,0,0,0,0,0,0,0,0,0,0,0,0,0,0.183,0,0,0,0,0,0,0,0,0,0,0,0,0,0,0,0,0,0,0,0,0,0.151,0,0,0,0,0,0,0,0,0,0,0,0,0,0,0,0,0,0,0,0,0,0,0,0,0,0,0,0,0,0,0,0,0,0,0,0,0,0,0,0,0,0,0,0,0,0,0,0,0,0,0.172,0,0,0,0,0,0,0,0,0,0,0,0,0,0,0,0,0,0,0,0.204,0,0,0,0,0,0,0,0,0,0,0,0,0,0,0,0,0,0,0,0,0,0,0,0,0,0,0,0,0,0,0,0,0,0,0,0,0,0,0,0,0,0,0,0.192,0,0,0,0,0,0,0.683,0,0,0,0,0,0,0,0,0,0,0,0,0,0,0,0,0,0,0,0,0,0,0,0,0,0,0,0,0,0,0,0,0,0,0,0,0,0,0,0,0,0,0,0,0,0,0,0,0,0,0,0,0,0,0,0,0,0,0,0,0,0,0,0,0,0,0,0,0,0,0,0,0,0.173,0,0,0,0,0,0,0,0,0,0,0,0,0.15,0,0,0,0,0,0.179,0,0,0,0,0,0,0,0,0.202,0,0,0,0,0,0.22,0,0,0,0,0,0,0.199,0,0,0,0.212,0,0,0,0,0,0,0,0,0,0,0,0,0,0,0,0,0.228,0,0,0,0,0,0,0,0.208,0,0,0,0,0,0,0,0,0,0,0,0,0.263,0,0,0,0,0,0,0,0,0,0,0,0,0.32,0,0,0,0,0,0,0,0,0,0,0,0,0,0,0,0,0,0,0.259,0,0,0,0,0,0,0,0,0,0.283,0,0,0,0,0,0,0,0,0,0,0.173,0,0,0,0,0,0,0,0,0,0,0,0,0,0,0.259,0,0,0,0,0,0,0,0,0.596,0,0,0,0,0,0,0,0.15,0,0.274,0,0,0,0,0,0,0,0.24,0,0,0,0,0,0,0,0,0,0,0,0,0,0,0,0,0,0,0,0,0,0,0,0,0,0,0,0,0,0,0,0,0,0,0,0,0,0,0.281,0,0,0.259,0,0,0,0,0,0,0,0,0,0,0.175,0,0,0.7,0,0,0.16,0,0,0.848,0,0,0.16,0,0,0.557,0,0.336,0,0,0,0,0,0.221,0,0.215,0,0,0,0,0,0,0.408,0,0.303,0.176,0,0.164,0,0,0.403,0.308,0,0,0,0,0,0,0,0,0.15,0,0.265,0,0,0,0,0,0,0.274,0,0,0.686,0,0,0,0.658,0,0,0,0,0,0,0,0,0.187,0,0.173,0,0,0,0.267,0,0.394,0,0,0,0,0,0.201,0.53,0,0,0.367,0,0,0,0,0.372,0.73,0.171,0,0,0,0,0,0,0,0,0.795,0,0,0,0,0,0.51,0.51,0.16,0,0,0,0.279,0,0,0.676,0,0,0,0,0,0,0,0,0,0,0.447,0.769,0,0.581,0,0,0,0,0,0,0,0,0,0,0,0,0,0,0,0,0,0,0,0,0,0,0,0,0,0,0,0,0,0.217,0,0,0,0,0,0,0,0,0,0,0,0.192,0,0,0,0,0,0,0,0,0,0,0,0,0,0,0,0,0.173,0,0,0,0,0.173,0,0,0.156,0,0,0,0,0,0,0,0,0,0,0,0,0,0,0,0,0,0,0.264,0,0,0,0,0,0,0,0,0,0,0,0,0,0,0,0.228,0,0,0,0,0,0.26,0,0,0,0,0,0,0,0.167,0,0,0,0,0,0,0,0,0,0.24,0,0,0,0,0,0,0,0,0,0,0,0,0,0,0,0,0,0,0,0,0,0,0.164,0,0,0,0,0,0,0,0,0,0,0,0,0,0,0,0,0,0,0,0,0,0,0,0,0,0,0,0,0,0,0,0,0,0,0,0,0,0,0,0,0,0,0,0,0,0,0,0,0.177,0,0,0,0,0,0,0,0,0,0,0,0,0,0,0,0,0,0,0,0,0,0,0,0,0,0,0,0,0,0,0,0,0,0,0,0,0,0,0,0,0,0,0,0,0,0,0,0,0,0,0,0,0,0,0,0,0,0,0,0,0,0,0,0,0,0,0,0.163,0,0,0,0,0,0,0,0,0,0,0,0,0,0,0,0,0,0,0,0,0,0,0,0,0,0,0,0,0,0,0,0,0,0,0,0,0,0,0,0,0,0,0,0,0,0,0,0,0,0,0,0,0,0,0,0,0,0,0,0,0,0,0,0,0,0,0,0,0,0,0,0,0,0,0,0,0,0,0,0,0,0,0,0,0,0,0,0,0,0,0,0,0,0,0,0,0,0,0,0,0,0,0,0,0,0,0,0,0,0,0,0.254,0,0,0,0,0,0,0,0,0,0,0,0,0,0,0,0,0,0,0,0,0,0,0,0,0,0,0,0.334,0,0,0,0,0,0,0,0,0,0,0,0,0,0,0,0,0,0,0,0,0,0,0,0,0,0,0,0,0,0,0,0,0,0,0,0,0,0,0,0,0,0,0,0,0,0,0,0,0,0,0,0,0,0,0,0,0,0,0,0,0,0,0,0,0,0,0,0,0,0,0,0,0,0,0,0,0,0,0,0,0,0,0,0,0,0,0,0,0,0,0,0,0,0,0,0,0,0,0,0,0,0,0,0,0,0,0,0,0,0,0,0,0,0,0,0,0,0,0,0,0,0,0.346,0,0,0,0,0,0,0,0,0,0,0,0,0,0,0,0,0,0,0,0,0,0,0,0,0,0,0,0,0,0,0,0,0,0,0,0,0,0,0,0,0,0,0,0,0,0,0,0.19,0,0,0,0,0,0,0,0,0,0,0,0,0,0,0,0,0,0,0,0,0,0,0,0,0,0,0,0,0.232,0,0,0,0,0,0,0,0,0,0,0,0,0,0,0,0,0,0,0,0,0,0,0,0,0,0,0,0,0,0,0.21,0,0,0,0,0,0,0,0,0,0,0,0,0.154,0,0,0,0,0,0,0,0,0,0,0,0,0,0,0,0,0,0,0,0,0,0,0,0,0,0,0,0,0,0,0,0,0,0,0,0,0,0,0,0,0,0,0,0,0,0,0,0,0,0,0,0,0,0,0,0,0,0,0,0,0,0,0,0,0,0.224,0,0,0,0,0,0,0,0,0,0.154,0,0.157,0,0,0,0,0,0,0,0,0,0,0,0,0,0,0,0,0,0,0,0,0,0,0,0,0,0,0,0,0,0,0,0,0,0,0,0,0,0,0,0,0,0,0,0,0,0,0,0,0,0,0,0.15,0,0,0,0,0.306,0,0,0,0,0,0,0,0,0,0,0,0,0,0,0,0,0,0,0,0,0,0,0,0,0.216,0,0,0,0,0,0.196,0,0,0,0,0,0,0,0,0,0,0,0,0,0,0,0,0,0,0,0,0,0,0,0,0,0,0,0,0,0,0,0,0,0,0,0,0,0,0,0,0,0,0,0,0,0,0,0,0,0,0,0,0,0,0,0,0,0,0,0,0,0,0,0,0,0,0,0,0,0,0.165,0,0,0,0,0,0,0,0,0,0,0,0,0,0,0,0,0,0,0,0,0,0,0,0,0,0,0,0,0,0,0,0,0,0,0,0,0,0,0,0,0,0,0,0,0,0,0,0,0,0,0,0,0,0,0,0,0,0,0,0,0,0,0,0,0,0,0,0,0,0,0,0,0,0,0,0,0,0,0,0,0,0,0,0,0,0,0,0,0,0,0,0,0.209,0,0,0,0,0,0,0,0,0,0,0,0,0,0,0,0,0,0,0,0,0,0,0,0,0,0,0,0,0,0,0,0,0,0,0,0,0,0,0,0,0,0,0,0,0,0,0,0,0,0.181,0,0.192,0.329,0.172,0.244,0.493,0.332,0.19,0.229,0,0,0.312,0.181,0,0,0,0,0,0,0,0,0,0,0,0,0,0,0,0,0,0,0,0,0,0,0,0,0,0,0,0,0,0,0,0,0,0,0,0,0,0,0,0,0,0,0,0,0,0,0,0,0,0,0,0,0,0,0,0.29,0,0,0,0,0,0,0,0,0,0,0,0,0,0,0,0,0,0,0,0,0,0,0,0,0,0,0,0,0,0,0,0,0,0,0,0,0,0,0,0,0,0,0,0,0,0,0,0,0,0,0,0,0,0,0,0,0,0,0.2,0,0,0,0,0,0,0,0,0,0,0,0,0,0,0,0,0,0,0,0,0,0,0,0.16,0,0,0,0,0,0,0,0,0,0,0,0,0,0,0,0.17,0,0,0,0.189,0,0,0,0,0,0,0.339,0,0,0,0,0,0.192,0,0,0,0,0,0,0.298,0,0,0,0,0,0,0,0,0,0,0,0,0,0,0,0,0,0,0,0,0,0,0,0,0,0,0,0,0,0,0,0,0,0,0,0,0,0,0,0,0,0,0,0,0.231,0,0,0,0,0,0,0,0,0,0,0,0,0,0,0,0,0,0,0,0,0,0.333,0,0,0,0,0,0,0,0,0,0,0,0,0,0,0.159,0.233,0,0,0,0,0,0,0.258,0,0,0,0.276,0,0,0,0,0,0,0,0,0,0,0,0,0,0,0,0,0,0.341,0,0,0,0,0,0,0,0,0,0,0,0,0,0,0,0,0,0,0,0,0,0.378,0,0,0,0,0,0,0,0,0,0,0,0,0,0,0,0,0,0,0,0,0,0,0,0,0,0,0,0,0,0,0,0,0,0,0,0,0,0,0,0,0,0,0,0,0,0,0,0.207,0,0,0,0,0,0,0,0,0,0,0,0,0,0,0,0,0,0,0,0,0,0,0,0,0,0,0,0,0,0,0,0,0,0,0,0,0,0,0,0,0,0,0,0,0,0,0.182,0,0,0,0,0,0,0,0,0,0,0,0,0,0,0,0,0,0,0,0,0,0,0,0,0,0,0,0,0,0,0,0,0,0,0,0,0,0,0,0.274,0,0,0,0,0,0,0,0,0,0,0,0,0,0,0,0,0,0,0,0,0,0,0,0,0,0,0,0,0,0,0,0,0,0,0,0,0,0,0.161,0,0,0,0,0.392,0,0,0,0,0,0,0,0,0,0,0,0,0,0,0,0,0,0,0,0,0,0,0,0,0,0,0,0,0,0,0,0,0,0,0,0,0,0,0,0,0,0,0,0,0,0,0,0,0,0,0,0,0,0,0,0,0,0,0,0,0,0,0,0,0,0,0,0,0,0,0,0,0,0,0,0,0,0,0,0,0,0,0,0,0,0,0,0,0,0,0,0,0,0,0,0,0,0,0,0,0,0,0,0,0,0,0,0,0,0,0,0,0,0,0,0,0,0,0,0,0,0,0,0,0,0,0,0,0,0,0,0,0,0,0,0,0,0,0,0,0,0,0,0,0,0,0,0,0,0,0,0,0,0,0,0,0,0,0,0,0,0,0,0,0,0,0,0,0.534,0,0,0,0,0,0,0,0,0
851141,0,0.46,0,0,0,0,0,0.154,0,0.461,0,0,0,0,0,0.592,0,0,0,0,0,0,0,0,0.174,0,0,0,0,0.293,0,0,0,0.309,0.573,0,0,0,0,0,0,0.167,0,0,0,0,0,0,0.173,0,0,0,0,0,0,0,0,0,0,0,0.181,0.281,0.206,0,0,0,0,0.151,0.309,0,0.24,0.47,0,0,0,0.5,0.232,0,0,0,0,0,0,0,0,0.181,0,0,0,0,0.298,0,0,0,0.174,0,0.994,0.181,0,0,0,0,0,0.448,0.168,0.199,0.181,0,0.178,0,0.293,0,0,0,0,0,0,0,0,0,0,0,0.164,0,0,0,0,0.258,0,0,0.216,0,0,0,0,0.609,0,0,0,0.604,0,0,0,0,0,0,0,0,0,0,0,0,0,0.212,0,0.309,0,0,0,0,0,0,0,0,0,0,0,0,0.218,0,0,0,0,0,0,0,0,0,0,0,0,0.351,0,0,0,0,0,0,0,0,0,0,0,0,0,0,0,0,0,0,0,0,0,0,0,0,0,0,0,0,0,0,0,0,0,0,0,0,0,0,0,0,0,0,0,0,0.283,0,0,0,0,0,0,0,0,0,0,0,0,0,0,0,0,0,0,0,0,0,0,0,0,0,0.9,0,0,0,0,0,0,0.326,0,0,0,0,0,0,0,0,0,0,0,0,0,0,0,0,0.209,0,0,0,0,0,0,0,0,0,0,0,0,0,0,0.256,0,0,0,0,0,0,0,0,0,0,0,0,0,0,0,0,0,0,0,0,0,0,0,0,0,0,0,0,0,0,0,0,0,0,0,0,0,0,0,0,0,0,0,0.192,0.515,0,0,0,0,0,0,0,0,0,0,0,0,0,0,0,0,0,0.161,0,0,0.368,0,0,0,0,0,0,0,0,0.347,0,0,0,0,0,0,0,0,0,0,0,0,0.171,0,0,0,0,0.24,0,0,0,0,0,0,0,0,0,0,0,0,0,0,0,0,0,0,0,0,0,0,0,0,0,0,0,0,0,0,0,0,0,0.203,0,0,0,0,0,0,0,0,0,0,0,0,0,0,0,0,0,0,0,0,0,0,0.251,0,0,0,0,0,0,0,0,0,0,0,0,0.16,0,0,0,0,0,0,0,0,0,0.194,0,0,0,0,0,0,0,0,0,0,0,0.48,0,0,0,0,0,0.158,0,0,0,0,0,0,0,0,0,0,0,0,0,0,0,0,0,0,0,0,0,0,0,0,0,0,0,0,0,0,0,0,0,0,0,0,0,0,0,0,0,0,0,0,0,0,0,0,0,0,0,0,0,0,0,0,0,0,0,0,0,0,0,0,0,0,0,0,0,0.347,0,0,0,0,0,0,0,0,0,0,0,0,0,0,0,0,0,0,0,0,0,0,0,0,0,0,0,0,0,0,0,0,0,0,0,0,0.196,0,0,0.15,0,0,0,0,0,0,0,0,0,0,0,0,0,0,0,0,0,0,0,0,0,0,0,0,0,0,0,0,0,0,0,0,0,0,0,0,0,0,0,0,0,0,0,0,0.513,0,0,0,0,0,0,0,0,0,0,0,0.15,0,0,0,0,0,0,0,0,0,0,0,0,0,0,0,0,0,0,0,0,0,0,0,0,0,0,0,0,0,0,0,0,0,0,0,0,0,0,0.158,0,0,0,0,0,0,0,0,0,0,0,0,0,0,0,0,0,0,0,0,0,0,0,0,0,0,0,0,0,0,0,0,0,0,0,0,0,0,0,0.3,0,0,0,0,0,0,0,0,0,0,0,0,0,0,0,0,0,0,0,0,0,0,0,0,0,0,0,0,0,0,0,0.292,0,0,0,0.904,0,0,0,0,0,0,0,0,0,0,0,0,0,0,0,0,0,0,0,0,0,0,0,0,0,0,0,0,0,0,0,0,0,0,0.203,0,0,0,0.216,0,0,0.398,0,0,0,0,0,0,0,0,0,0,0,0,0,0,0,0,0,0,0,0,0,0,0,0,0,0.158,0,0,0,0,0,0,0,0,0,0,0,0,0,0,0,0,0,0,0,0,0,0,0,0.9,0,0,0,0,0,0,0,0,0,0,0,0,0,0,0,0,0,0,0,0,0,0,0,0,0,0,0,0,0,0,0,0,0,0,0,0,0,0,0,0,0.9,0,0.308,0,0,0,0,0,0,0,0,0,0,0,0,0,0,0,0,0,0,0,0,0,0,0,0,0,0,0,0,0,0,0,0,0,0,0,0,0,0,0,0,0,0,0,0,0,0,0,0,0,0,0,0,0,0,0.223,0,0,0,0,0,0,0,0,0,0,0,0,0,0,0,0,0,0,0,0,0,0,0,0,0,0,0.448,0,0,0,0,0,0,0,0,0,0,0,0,0,0,0,0,0.9,0,0,0,0,0,0,0,0,0,0.192,0,0,0,0,0,0,0,0,0,0,0,0,0,0,0,0,0,0,0,0,0,0,0,0,0,0,0,0,0,0,0,0,0,0,0,0,0,0,0,0,0,0,0,0,0,0,0,0,0,0,0,0,0,0,0,0,0,0,0.426,0.17,0,0.163,0,0.275,0,0.244,0,0,0,0,0,0,0,0.191,0,0,0,0,0,0,0,0,0,0,0,0,0,0,0,0,0,0,0,0,0,0,0,0,0,0,0,0,0,0,0.244,0,0,0,0,0,0,0,0,0,0,0.194,0,0,0,0,0.319,0,0,0,0,0,0,0,0.297,0,0,0,0,0.156,0,0,0,0,0,0,0,0,0,0.218,0,0,0,0,0,0,0,0,0.244,0,0,0,0,0,0,0,0,0,0,0,0,0,0,0,0,0,0,0,0,0,0,0,0,0,0,0,0,0.192,0,0,0,0,0,0,0,0,0.192,0,0,0.671,0,0,0,0,0,0,0,0,0,0,0,0,0.188,0,0,0,0,0,0,0,0,0,0,0,0,0,0,0,0,0,0,0,0,0,0,0,0,0,0.203,0,0,0.593,0,0,0,0,0,0,0,0,0,0,0,0,0,0.195,0,0,0,0,0,0.198,0,0,0,0,0,0,0,0,0,0,0,0,0,0,0,0,0,0,0,0,0,0,0,0.165,0,0,0.217,0,0,0,0,0,0,0,0,0,0,0,0,0,0,0,0,0,0,0.163,0,0,0,0,0,0,0,0,0,0.208,0,0,0,0,0,0.207,0,0,0,0,0,0,0,0,0,0,0,0,0,0,0,0,0.377,0.469,0,0,0,0,0,0,0,0,0,0,0,0,0,0,0,0.192,0,0,0,0,0.306,0,0,0,0,0,0,0,0,0.252,0.376,0,0,0,0.246,0,0.605,0,0,0,0,0,0,0,0,0,0,0,0,0,0,0.193,0.258,0,0,0.368,0,0,0,0,0,0,0.273,0,0,0,0,0,0,0,0,0.244,0.331,0,0,0,0,0,0,0,0,0,0,0,0,0,0,0,0.175,0,0,0,0,0.155,0,0,0,0,0,0,0,0,0,0,0.188,0,0,0,0,0,0,0,0,0,0,0,0,0,0,0,0,0,0,0,0,0,0,0,0,0,0,0,0,0,0.221,0,0,0,0,0,0.173,0,0,0,0,0,0,0,0,0,0,0,0,0,0.202,0,0,0,0,0.244,0,0,0,0,0,0,0,0,0,0,0,0,0,0,0,0,0,0,0.208,0.353,0,0,0,0,0,0,0,0,0,0,0,0,0,0,0,0,0,0,0,0,0,0,0,0,0,0,0,0.9,0,0,0,0,0,0,0.555,0,0,0,0,0,0,0,0,0,0,0,0.468,0,0,0,0,0,0,0,0,0,0,0,0,0,0,0,0,0,0,0,0,0,0,0,0,0,0,0,0.305,0,0,0.205,0,0,0,0,0,0,0,0,0,0,0,0,0.183,0,0,0,0,0,0,0.178,0,0,0,0,0,0,0,0,0,0,0,0,0,0,0,0,0,0,0,0,0,0,0,0,0,0,0,0,0,0,0,0,0.308,0,0,0,0,0,0,0.189,0,0,0,0,0,0,0,0,0,0,0,0,0,0,0,0,0,0,0,0,0,0,0.216,0.303,0,0,0,0,0,0,0,0,0,0,0,0,0,0,0,0,0,0,0.196,0,0,0,0,0,0,0,0,0,0,0,0,0,0,0,0,0,0,0,0,0,0,0,0,0,0,0,0,0,0,0,0,0,0,0,0,0,0,0,0,0,0,0,0,0,0,0,0,0,0,0,0,0,0,0,0,0,0.257,0,0,0,0,0,0,0,0,0,0,0,0,0,0,0,0,0,0,0,0,0,0,0.222,0,0,0,0,0,0,0,0,0,0,0,0,0.163,0,0,0,0,0,0,0.902,0,0,0,0,0,0,0.16,0,0,0,0,0,0,0,0,0,0,0,0,0,0,0,0,0,0,0,0,0,0,0,0,0,0,0,0,0,0,0,0,0,0,0,0,0,0,0,0,0,0,0,0,0,0.387,0,0,0,0,0,0,0.169,0,0,0,0,0,0,0,0,0,0,0,0,0,0,0,0,0,0,0,0,0,0,0,0,0,0,0,0.539,0,0.195,0,0,0,0.293,0,0,0,0,0,0,0,0,0.241,0,0,0,0,0,0,0,0,0,0,0,0,0,0,0,0,0,0,0,0,0,0,0,0,0,0,0,0,0,0,0,0,0,0,0,0,0,0,0,0,0,0,0,0,0.301,0,0,0,0,0,0,0,0,0,0,0,0,0,0,0,0,0,0,0,0,0,0,0,0,0,0,0.372,0,0,0,0,0,0,0,0,0,0,0,0.282,0,0,0,0,0,0,0,0.221,0,0,0,0,0,0,0,0,0,0,0,0,0,0,0,0,0,0,0,0,0,0,0,0.241,0,0.301,0,0,0.19,0,0,0,0,0,0,0,0,0,0,0.322,0,0,0,0,0,0,0,0,0,0,0,0,0,0,0,0,0,0,0,0,0,0,0,0,0,0,0,0,0,0,0,0,0,0.468,0,0,0,0,0,0,0.45,0,0,0,0,0,0,0,0,0,0,0,0,0,0,0,0,0,0,0,0,0,0,0,0,0,0,0,0,0,0,0,0,0,0,0,0,0,0.45,0,0,0,0,0,0,0,0,0,0,0,0,0,0.202,0,0,0,0,0,0,0,0,0,0,0,0,0,0,0,0.272,0,0,0,0,0,0,0,0,0,0,0,0,0,0,0,0,0,0,0,0,0,0,0,0,0,0,0,0,0,0.309,0,0,0,0,0,0,0,0,0,0,0,0,0,0,0,0,0,0,0,0,0,0,0,0,0,0,0,0,0,0,0,0,0,0,0.183,0,0,0,0,0,0,0,0,0.394,0,0,0,0,0,0,0,0,0,0,0,0,0,0,0,0,0,0.351,0,0,0,0,0,0,0,0,0,0,0,0,0,0,0,0,0,0,0,0,0,0,0,0,0,0,0,0,0,0,0,0,0,0,0,0,0,0,0,0,0,0,0,0.206,0,0.279,0.263,0,0.318,0,0,0,0,0,0,0,0,0,0,0,0,0,0,0,0,0,0,0,0,0,0,0,0,0,0,0,0,0.904,0,0,0,0,0.257,0,0,0,0,0,0,0,0,0.531,0,0,0,0,0,0,0,0,0,0,0,0,0,0,0,0,0,0,0,0,0,0,0,0,0.309,0.251,0,0,0,0,0,0,0,0,0,0,0,0,0,0,0,0,0,0,0.219,0,0,0,0,0,0.392,0,0,0,0,0,0,0,0,0,0,0,0,0,0,0,0,0,0.272,0,0,0,0,0,0,0,0,0,0,0,0,0,0,0.275,0,0,0.9,0,0,0,0,0,0,0.276,0,0,0.93,0,0.411,0,0,0,0.199,0,0,0,0,0,0,0,0,0,0.313,0.446,0,0,0.582,0,0.186,0,0,0,0,0,0.289,0,0,0,0,0,0,0,0.323,0,0,0,0,0,0,0,0,0,0,0,0,0,0,0,0,0,0,0,0,0,0,0,0,0,0.571,0,0.353,0,0,0,0,0,0,0,0,0.227,0,0,0,0.426,0,0.3,0,0.327,0,0,0,0.223,0,0,0.234,0,0.307,0,0.209,0,0.361,0,0,0.422,0,0,0,0,0,0,0,0.289,0,0,0.451,0,0,0,0,0,0,0,0,0,0,0,0,0,0.228,0.336,0,0,0,0,0,0,0,0,0,0,0.253,0,0,0,0,0,0,0,0,0.159,0,0,0,0,0,0,0,0,0,0.238,0,0,0,0,0,0,0,0,0,0,0,0,0,0,0,0,0,0,0,0,0,0,0,0,0,0,0,0,0,0,0.163,0,0,0,0,0,0,0,0,0.205,0,0,0,0,0,0,0,0,0,0,0,0,0,0.401,0,0,0,0,0,0,0,0,0,0,0,0,0,0,0,0,0,0,0,0,0.309,0,0,0,0,0,0,0,0,0,0,0,0,0,0.158,0,0,0,0,0,0,0,0,0,0,0,0,0,0,0,0,0,0,0,0,0,0,0,0.196,0,0,0,0,0,0,0,0,0,0.235,0,0,0,0,0,0,0,0,0,0,0,0,0,0,0,0,0,0,0,0,0,0,0,0,0,0,0,0,0,0,0,0,0,0,0,0,0,0,0,0,0,0,0,0.189,0,0,0,0,0,0,0,0,0,0,0,0,0,0,0,0,0,0,0,0,0,0,0,0,0,0,0,0,0,0,0,0,0,0,0,0,0,0,0,0,0,0,0,0,0,0,0,0,0,0,0,0,0,0,0,0,0,0,0,0,0,0,0,0,0,0,0,0,0,0,0,0,0,0,0,0,0,0,0,0,0.319,0,0,0,0,0,0,0,0,0,0,0,0,0,0,0,0,0,0.24,0,0,0,0,0,0,0,0,0,0,0,0,0,0,0,0,0,0,0,0,0,0,0,0,0,0,0,0,0,0,0,0,0,0,0,0,0,0,0,0,0,0,0,0,0,0,0,0,0,0,0,0,0,0,0,0,0,0,0,0,0,0,0,0,0,0,0,0,0,0,0,0,0,0,0,0,0,0,0,0,0,0,0,0,0,0,0,0,0,0,0,0,0,0,0,0,0,0,0,0,0,0,0,0,0.901,0,0,0,0,0,0,0,0,0,0,0,0,0,0,0,0,0,0,0,0,0,0,0,0,0,0,0.406,0,0.377,0,0,0,0,0,0,0,0,0,0,0.289,0,0,0,0,0,0,0,0,0,0,0,0,0,0,0,0,0,0,0,0,0,0,0,0,0,0.183,0,0,0,0,0,0,0,0,0,0,0,0,0,0,0,0,0,0,0,0,0,0,0,0,0,0,0,0,0,0,0,0,0,0,0,0,0,0,0,0,0,0,0,0,0,0,0,0,0,0,0,0,0,0,0,0,0,0,0,0,0,0,0,0,0,0,0,0,0,0,0,0,0,0,0,0,0,0,0,0,0,0,0,0,0,0.213,0,0,0,0.447,0,0,0,0,0,0,0,0,0,0,0,0,0,0,0,0,0,0,0,0,0,0,0,0,0,0,0,0,0,0,0,0,0,0,0,0,0,0,0,0,0,0,0,0,0,0,0,0,0,0,0,0,0,0,0,0.517,0,0,0,0,0,0,0,0,0,0,0,0,0,0,0,0,0,0,0,0,0,0,0,0,0,0,0,0,0,0,0,0,0,0,0,0,0,0,0,0,0,0,0,0,0,0,0,0,0.339,0,0,0,0,0,0,0,0,0,0,0,0,0,0,0,0,0,0,0,0,0,0,0,0,0,0,0,0,0,0,0,0,0,0,0,0,0,0,0,0,0,0,0,0,0,0,0,0,0,0,0,0,0,0,0,0,0,0,0,0,0,0,0,0,0,0,0,0,0,0,0,0,0,0,0,0,0,0,0,0,0,0,0,0,0,0,0,0,0,0,0,0,0,0,0,0,0,0,0,0,0,0,0,0,0,0,0,0,0,0,0,0,0,0,0,0,0,0,0,0,0,0,0,0,0,0,0,0,0,0,0,0,0,0,0,0,0,0,0,0,0.331,0,0,0,0,0,0,0,0,0,0,0,0,0.167,0,0,0,0,0,0,0,0,0,0,0,0,0,0,0,0,0,0,0,0,0,0,0,0,0,0,0,0,0,0,0,0,0,0,0,0,0,0,0,0,0,0,0,0,0,0.337,0,0,0,0,0,0.258,0,0,0,0,0,0,0,0,0,0,0,0,0.227,0,0,0,0,0,0,0,0,0,0,0,0,0,0,0,0,0,0.192,0,0,0,0,0,0,0,0,0,0,0,0,0,0,0,0,0,0,0,0,0,0,0,0,0,0,0.171,0,0,0,0,0,0,0.229,0,0,0,0,0,0,0,0,0,0,0,0,0,0,0,0,0,0,0,0,0,0,0,0,0,0,0,0,0,0,0,0,0,0,0,0,0,0,0,0,0,0,0,0,0,0,0,0.309,0,0,0,0,0,0,0,0,0,0,0,0,0,0,0,0,0,0,0.317,0,0,0,0,0,0,0,0,0,0,0,0,0,0,0,0,0,0,0,0,0,0,0,0,0,0,0,0,0,0,0,0,0,0,0,0,0,0,0,0,0,0,0,0,0,0,0,0,0,0,0,0,0,0,0,0,0,0,0,0,0,0,0,0,0,0,0,0,0,0,0,0,0,0,0,0,0,0,0,0,0.9,0,0.9,0,0,0,0,0,0,0,0,0,0,0,0,0,0,0,0,0,0,0,0,0,0,0,0,0,0,0,0,0,0,0,0,0,0,0,0,0,0,0,0,0,0,0.51,0,0,0,0,0,0,0,0,0,0,0,0,0,0,0,0,0,0,0,0,0,0,0,0,0,0,0,0,0,0,0,0,0,0,0,0,0,0,0.161,0,0,0,0,0,0,0,0,0,0,0,0,0,0,0,0,0,0,0,0,0,0,0,0,0,0,0,0,0,0,0,0,0,0,0,0,0,0,0.165,0,0,0,0,0,0,0,0,0,0.18,0,0,0,0,0,0,0,0,0,0,0.236,0,0,0,0,0,0,0,0,0,0,0,0,0,0,0,0,0,0,0,0,0,0.19,0,0,0,0,0,0,0,0,0,0,0,0,0,0,0,0,0,0,0,0,0,0,0,0,0.154,0,0,0,0,0,0,0,0,0,0,0,0,0,0.157,0,0,0,0,0,0,0,0,0,0,0,0,0,0,0,0,0,0,0,0,0.153,0,0,0,0,0,0,0,0.271,0,0,0,0,0,0,0,0,0,0.229,0,0,0,0,0,0,0,0,0,0,0,0,0,0,0,0,0,0,0,0,0,0.178,0,0,0.34,0,0,0,0,0,0,0.48,0,0,0,0,0,0,0,0,0,0,0.293,0.289,0,0,0,0,0,0,0,0,0,0,0,0.161,0.392,0.445,0,0,0,0.478,0,0,0.309,0.338,0,0.514,0,0,0.48,0.445,0,0.445,0.36,0.29,0,0.44,0.39,0,0.309,0,0,0,0,0,0,0,0,0,0,0,0,0,0,0,0,0,0,0,0,0,0,0,0,0,0,0,0,0.227,0.229,0,0,0,0,0,0,0,0,0,0,0,0,0,0,0,0,0,0,0,0,0,0,0,0,0,0,0,0,0,0,0,0,0,0,0,0,0,0,0,0,0,0,0,0,0,0,0,0,0,0,0,0,0,0,0,0,0,0,0,0,0,0,0,0,0,0,0,0,0,0,0,0,0,0,0,0,0,0,0,0,0,0,0,0,0,0,0,0,0.19,0,0,0,0,0,0,0,0,0,0,0.19,0,0,0,0,0,0,0,0,0,0,0,0,0,0,0,0,0,0,0,0,0,0,0,0,0,0,0,0,0,0,0,0,0,0,0,0,0,0,0,0,0,0,0,0,0,0,0,0,0,0,0,0,0,0,0,0,0,0,0,0,0,0,0,0,0,0,0,0,0,0,0,0,0,0,0,0,0,0,0,0,0,0,0,0,0,0,0,0,0,0,0,0,0,0,0,0,0,0,0,0,0,0,0,0,0.336,0,0,0,0,0.18,0,0,0,0,0,0,0,0,0,0,0,0,0,0,0.245,0,0,0,0,0,0,0,0,0,0,0,0,0,0,0,0,0,0,0,0,0,0,0,0,0,0,0,0,0,0,0,0,0,0,0,0,0,0,0,0,0,0,0.193,0,0,0,0,0,0,0,0,0,0,0,0,0,0,0,0
854412,0,0,0,0,0,0,0,0,0,0,0,0,0,0,0,0,0,0,0,0,0,0,0,0,0,0.274,0,0,0,0.311,0,0,0,0,0,0,0,0.171,0,0,0.193,0.218,0,0,0,0,0,0,0,0,0,0,0.175,0,0.171,0,0,0,0,0,0,0,0,0,0,0.157,0,0.211,0,0,0,0,0,0,0,0,0,0,0,0,0,0,0,0,0,0,0.206,0,0.154,0,0,0,0,0,0,0,0,0,0,0,0,0,0,0,0,0,0,0,0.18,0,0,0,0,0,0,0.513,0,0,0.204,0,0,0,0,0,0,0,0,0,0,0,0,0,0,0,0,0.379,0,0,0,0,0,0,0,0,0,0,0,0,0,0,0,0,0,0,0.298,0,0,0,0.171,0,0,0,0,0,0,0,0,0,0,0,0,0,0,0.33,0,0,0,0,0,0,0,0,0,0,0,0,0.177,0,0,0,0,0,0,0,0,0,0,0,0,0,0,0,0,0,0,0,0,0,0,0,0,0,0,0,0,0,0,0,0,0,0,0,0,0,0,0,0,0,0,0,0,0,0,0,0,0,0,0,0,0,0,0,0,0,0,0,0,0,0,0,0,0,0,0.173,0,0,0,0,0,0,0,0,0,0,0,0,0,0,0,0,0,0,0,0,0,0,0,0,0,0,0,0,0,0,0,0,0,0,0,0,0,0,0,0,0,0,0,0,0,0.299,0,0,0,0,0,0,0,0,0,0,0,0,0,0,0,0,0,0,0,0,0,0,0,0,0,0,0.276,0,0,0,0,0,0,0,0,0,0,0,0,0,0,0,0,0,0,0,0,0,0,0,0,0,0,0,0,0,0.337,0,0,0,0,0,0,0,0,0,0,0,0,0,0,0,0,0,0,0,0,0,0,0,0,0,0,0,0,0,0,0,0,0,0,0,0,0,0,0,0,0,0,0,0,0,0,0,0,0,0,0,0,0,0,0,0,0,0,0.227,0,0,0,0,0,0,0,0,0,0,0,0,0,0.326,0,0,0,0,0,0,0,0,0,0,0,0,0,0,0,0,0,0,0,0,0,0,0,0,0,0,0,0,0,0,0,0,0,0,0,0,0,0,0,0,0,0,0,0,0,0,0,0,0,0,0,0,0,0,0,0,0,0,0,0,0,0,0,0,0,0.175,0,0,0,0,0,0,0,0,0,0,0,0,0,0,0,0.192,0,0,0,0,0,0,0,0,0,0,0,0,0,0,0,0,0,0,0,0,0,0,0,0,0,0,0,0,0,0,0.175,0,0,0,0,0,0,0,0,0,0,0,0,0,0,0,0,0,0,0,0,0,0,0,0,0,0,0,0,0,0,0.194,0,0,0,0,0,0,0,0,0,0,0,0,0,0,0,0,0,0,0,0,0,0,0,0,0,0,0,0,0,0,0,0,0,0,0,0,0,0,0,0,0,0,0,0,0,0,0,0,0,0,0,0,0,0,0,0,0,0,0,0,0,0,0,0,0,0,0,0,0,0,0,0,0,0,0,0,0,0,0,0,0,0,0,0,0,0,0,0,0,0.229,0,0,0,0,0,0,0,0,0,0,0,0,0,0,0,0.229,0,0,0,0,0,0,0,0,0,0,0,0,0,0,0,0,0,0,0,0,0,0,0,0,0,0,0,0,0,0,0,0,0,0,0,0,0,0,0,0,0,0,0,0,0,0,0,0,0,0,0,0,0,0,0.175,0,0,0,0,0,0,0,0,0,0,0,0,0,0,0,0,0,0,0,0,0,0,0,0,0,0,0,0,0,0,0,0,0,0,0,0,0,0,0,0,0,0,0,0,0,0,0,0,0,0,0,0,0,0,0,0,0,0,0,0,0,0,0,0,0,0,0,0,0,0,0,0,0,0,0,0,0,0,0,0,0,0,0,0,0,0,0,0,0,0,0,0,0,0,0,0,0,0.307,0,0,0,0,0,0,0,0,0,0,0,0,0,0,0,0,0,0,0,0,0,0,0,0.286,0,0,0,0,0,0,0,0,0,0,0,0,0,0,0,0,0,0,0,0,0,0,0,0.159,0,0,0,0,0,0,0,0,0,0,0,0,0,0,0,0,0,0,0,0,0,0,0,0,0,0,0,0,0,0,0,0,0,0,0,0,0,0,0,0,0,0,0,0,0,0,0,0,0,0,0,0,0,0,0,0,0,0,0,0,0,0,0,0,0,0,0,0,0,0,0,0,0,0,0,0,0,0,0,0,0,0,0,0,0,0,0,0,0,0,0,0,0,0,0,0,0,0,0,0,0,0,0,0,0,0,0,0,0,0,0,0,0,0,0,0,0,0,0,0,0,0,0,0,0,0,0,0,0,0,0,0,0,0,0,0.399,0,0,0,0,0,0,0,0,0,0,0.209,0,0,0,0,0,0,0,0,0,0,0,0,0,0,0.535,0,0,0,0,0,0,0,0,0,0,0,0,0,0,0,0,0,0,0,0,0,0,0,0,0,0,0,0,0,0,0,0,0,0,0,0,0,0,0,0,0,0,0,0,0,0,0,0,0,0,0,0,0,0,0,0,0,0,0,0,0,0,0,0,0.36,0,0,0.234,0,0,0,0,0,0,0,0,0,0,0,0,0,0,0,0,0,0,0.355,0,0,0,0.158,0,0,0,0,0,0,0,0,0,0,0,0,0.555,0,0,0,0,0,0,0,0,0,0,0,0,0,0,0,0,0,0,0,0,0,0,0,0,0.161,0,0,0,0,0,0,0,0.247,0,0,0,0,0,0,0,0,0,0,0,0,0,0,0,0,0,0,0,0,0,0,0,0,0,0,0,0,0,0,0,0,0,0,0,0,0,0,0,0,0,0,0,0,0,0,0,0,0,0,0,0,0,0,0.297,0,0,0,0,0,0,0,0,0,0,0,0,0,0,0,0,0,0,0,0,0,0,0,0,0,0,0,0,0,0,0,0,0,0,0,0,0,0,0,0,0,0,0,0,0,0,0,0,0,0,0,0,0,0,0,0,0,0,0,0,0,0,0,0,0,0,0,0,0,0,0,0,0,0,0,0,0,0,0,0,0,0,0,0,0,0,0,0,0,0,0,0,0,0,0,0,0,0,0,0,0,0,0,0,0,0,0,0,0,0,0,0,0,0,0,0,0,0,0,0,0,0,0,0,0,0,0,0,0,0,0,0,0,0,0,0,0,0,0,0,0,0,0,0,0,0,0,0,0,0,0,0,0,0,0,0,0,0,0.169,0,0,0,0,0,0,0,0,0,0,0,0,0,0,0,0,0,0,0,0.19,0,0.27,0.193,0,0,0,0,0,0,0,0,0,0,0,0,0,0,0,0,0,0,0,0,0,0,0,0,0,0,0,0,0,0,0,0,0,0,0,0,0,0,0,0,0,0,0,0,0,0,0,0,0,0,0,0,0,0,0,0,0,0,0,0.366,0.159,0,0,0,0,0,0,0,0,0,0,0,0,0,0,0,0,0,0,0.269,0,0,0,0,0,0,0,0,0,0,0,0,0,0,0,0,0,0,0,0,0,0,0,0,0,0,0,0,0,0,0,0,0,0,0,0,0,0,0,0,0,0,0,0,0,0,0,0,0,0,0,0,0,0,0,0,0,0,0.172,0,0,0,0,0,0,0,0,0,0,0,0,0,0,0,0,0,0,0,0,0,0,0,0,0,0,0,0,0,0,0,0,0,0,0,0,0,0,0,0,0,0,0,0,0,0,0,0,0,0,0,0,0,0,0,0,0,0,0,0,0,0,0,0,0,0,0,0,0,0,0,0,0,0,0,0,0,0,0,0,0,0,0,0,0,0,0,0,0,0,0,0,0,0,0,0,0,0,0.196,0,0,0,0,0,0,0,0,0,0,0,0,0,0,0,0,0,0,0,0,0,0,0,0,0,0,0,0,0,0,0,0,0,0,0,0,0,0,0,0,0,0,0,0,0,0,0,0,0,0,0,0,0,0,0,0,0,0,0,0,0,0,0,0,0,0,0,0,0,0,0,0,0,0,0,0,0,0,0,0,0,0,0,0,0,0,0,0,0,0,0,0,0.203,0,0,0,0,0,0,0,0.165,0,0,0,0,0,0,0,0,0,0,0,0,0,0,0,0,0,0,0,0,0,0,0,0,0,0,0,0,0,0,0,0,0,0,0,0,0,0,0,0,0,0,0,0,0,0,0.358,0,0,0,0,0,0,0,0,0,0,0,0,0,0,0,0,0,0,0,0,0,0,0,0,0,0,0,0,0,0,0,0,0,0,0,0,0,0,0,0,0,0,0,0,0,0,0,0,0,0,0,0,0,0,0,0,0,0,0,0,0.448,0,0.167,0,0,0,0,0,0,0,0,0,0.216,0,0,0,0,0,0,0,0,0,0.278,0,0,0,0,0,0,0,0,0,0,0,0,0.411,0,0,0,0,0,0,0,0,0.387,0,0,0,0,0,0,0,0,0,0,0,0,0,0,0,0,0,0,0,0,0.181,0,0,0,0,0,0,0,0,0,0,0,0,0,0,0,0,0,0,0,0,0,0,0.319,0.177,0,0,0,0,0.218,0,0,0,0,0,0,0,0.156,0,0,0,0,0,0,0,0,0,0,0,0,0,0,0,0,0,0.339,0,0,0,0,0,0,0,0,0,0,0,0,0,0,0,0,0,0,0.489,0,0,0,0,0,0,0,0,0,0,0,0,0,0,0,0,0,0,0,0,0,0,0,0,0,0,0.177,0,0,0,0,0,0.167,0,0,0,0,0,0,0.22,0,0,0,0,0,0,0.336,0,0,0,0,0,0,0,0,0,0,0.275,0,0,0,0,0,0,0,0,0,0,0,0,0,0,0,0,0,0.39,0,0,0,0,0,0,0,0,0,0,0,0,0,0,0.213,0,0,0,0,0,0,0,0,0,0,0,0,0,0,0,0,0,0,0,0,0,0,0,0,0,0,0,0,0,0,0,0,0,0,0,0,0,0,0,0,0,0,0,0,0,0,0,0,0,0,0,0,0,0,0,0,0,0,0,0,0,0.276,0,0,0,0,0,0,0,0,0,0,0,0,0,0,0.378,0,0,0,0,0,0,0,0,0,0,0.193,0,0,0,0,0,0,0,0,0.39,0,0,0,0,0,0,0,0,0,0,0,0,0,0,0.313,0,0,0,0,0,0,0,0,0,0,0,0,0,0,0,0,0,0,0.285,0,0.368,0,0,0,0,0,0,0,0,0,0,0,0,0,0,0,0,0,0,0,0,0,0,0.192,0,0,0,0,0,0,0,0,0,0,0,0,0,0,0,0.167,0,0,0,0,0,0,0,0,0,0,0,0,0,0.48,0,0,0,0.22,0,0,0,0,0,0,0,0,0,0,0,0,0.25,0,0,0,0,0,0,0,0,0,0,0,0,0,0,0,0,0,0,0,0,0,0,0,0,0,0,0,0.195,0,0,0,0,0,0,0,0,0,0,0,0,0,0,0,0,0,0,0,0,0,0,0,0,0,0,0,0,0,0,0,0,0,0,0.194,0,0,0,0,0,0,0,0,0,0,0,0,0,0.226,0,0.228,0,0,0.299,0,0,0,0,0,0,0,0,0,0,0,0.532,0,0,0,0,0,0,0,0,0.228,0,0,0,0.164,0.256,0.305,0,0,0,0,0,0,0,0,0,0,0,0,0,0,0,0,0,0,0,0,0,0,0,0,0,0,0,0,0,0,0,0,0,0,0,0,0,0,0,0.192,0,0,0,0,0,0,0,0,0,0,0,0,0,0,0,0,0,0,0,0,0,0,0,0,0,0,0,0,0,0,0,0.502,0,0,0,0,0,0,0,0,0,0,0,0,0,0,0,0,0,0,0,0,0,0,0,0,0,0,0,0,0,0,0,0,0,0,0,0,0,0,0,0,0,0,0,0,0,0,0,0,0,0,0,0,0,0,0,0,0,0,0,0,0,0,0,0,0,0,0,0,0,0,0,0,0,0,0,0,0,0,0,0,0,0,0,0,0,0,0,0,0,0,0,0,0,0,0,0,0,0,0,0,0,0,0,0,0,0,0,0,0,0,0,0,0,0,0,0,0,0,0,0,0,0,0,0,0,0,0,0,0.266,0,0.275,0,0,0,0,0,0,0,0,0,0,0,0,0,0,0,0,0,0.219,0.161,0,0,0,0,0,0,0,0,0,0,0,0,0,0,0,0,0,0,0,0,0,0,0,0,0,0,0,0,0.167,0,0,0.205,0,0,0,0,0,0,0,0,0,0,0,0,0,0.265,0,0,0,0,0,0,0,0,0,0,0,0,0,0,0,0,0,0,0,0,0,0,0,0,0,0,0,0,0,0,0,0.181,0,0,0,0,0,0,0,0,0,0,0,0,0,0,0,0,0,0,0,0,0,0,0,0,0,0,0,0,0,0,0,0,0,0,0,0,0,0,0,0,0,0,0,0,0,0,0,0,0,0.594,0,0,0,0,0,0,0,0,0,0,0,0,0,0,0,0,0,0,0,0,0,0,0,0,0,0,0,0,0,0,0,0,0,0,0,0,0,0,0,0,0,0,0.256,0,0,0,0,0,0,0,0,0,0,0,0,0,0,0,0,0,0,0,0,0,0,0,0,0,0,0,0,0,0,0,0,0,0,0,0,0,0,0,0,0,0,0,0,0,0,0,0,0,0,0,0,0,0,0,0,0,0,0,0,0,0,0,0,0,0,0,0,0,0,0,0,0,0,0,0,0,0,0,0,0,0,0,0,0,0,0.199,0,0,0,0,0,0,0,0,0,0,0,0,0,0,0,0,0,0,0,0,0,0,0,0,0,0,0,0,0,0,0,0,0,0,0,0,0,0,0,0,0,0,0,0,0,0,0,0,0,0,0,0,0,0,0,0,0.387,0,0,0,0,0,0,0,0,0,0,0,0,0,0,0,0,0,0,0,0,0,0,0,0,0,0,0,0,0,0,0,0,0,0,0,0,0,0,0,0,0,0,0,0,0,0,0,0,0,0,0,0,0,0,0,0,0,0,0,0,0,0,0,0,0,0,0,0,0,0,0,0,0,0,0.209,0,0,0,0,0,0,0,0,0,0,0,0,0,0,0,0,0,0,0,0,0,0,0,0,0.297,0,0,0,0,0,0,0,0,0,0,0,0,0,0,0,0,0,0,0,0,0,0,0,0,0,0,0,0,0,0,0.168,0,0,0,0,0,0,0,0,0,0,0,0,0,0,0,0,0,0,0,0,0,0,0,0,0.398,0,0,0,0,0,0.236,0,0,0,0,0,0,0,0,0,0,0,0,0,0,0,0,0,0,0,0,0,0,0,0,0,0,0,0.195,0,0,0,0,0,0,0,0,0,0,0,0,0,0,0,0.339,0.194,0,0,0,0,0,0,0,0,0.156,0,0,0,0,0,0,0,0,0,0,0,0,0,0,0,0,0,0,0,0,0,0,0.161,0,0,0,0,0,0,0,0,0,0,0,0,0,0,0,0,0,0,0,0,0,0.173,0,0,0,0,0,0,0,0,0,0,0.29,0,0,0,0,0,0,0,0,0,0,0.229,0.917,0,0,0,0,0,0,0,0,0,0,0,0,0,0,0,0.164,0,0.195,0,0,0,0,0,0,0,0,0,0,0,0,0,0,0,0,0,0,0,0,0,0,0,0,0,0,0,0,0.25,0,0,0,0,0,0,0,0,0,0.173,0,0,0,0,0,0,0.597,0,0,0,0,0,0,0,0,0.3,0,0,0,0,0,0,0,0,0,0,0,0,0,0,0,0,0,0,0,0,0,0,0,0,0,0,0,0,0,0,0,0,0,0,0,0,0,0,0,0,0.168,0,0,0,0,0,0,0,0,0,0,0,0,0,0,0,0,0,0,0,0,0,0.197,0,0,0,0,0,0,0,0.335,0,0,0,0,0,0,0,0,0,0,0,0,0.154,0,0,0,0,0,0,0,0,0,0,0.229,0.245,0,0,0,0,0,0,0,0,0.233,0,0,0,0,0,0,0,0,0,0,0,0,0,0,0,0,0,0,0,0,0,0,0,0.344,0,0,0,0,0,0,0.171,0,0,0,0,0,0.175,0,0,0,0,0,0,0,0,0,0,0,0,0,0,0,0,0,0,0,0,0,0,0,0,0,0,0,0,0,0,0,0,0,0,0,0,0,0,0,0,0,0,0,0,0,0,0,0,0,0,0,0,0,0,0,0,0,0,0,0,0,0,0,0,0,0,0,0,0,0,0,0,0,0,0,0,0,0,0,0,0,0,0,0,0,0.228,0,0,0,0,0,0,0,0,0,0,0.349,0,0,0,0,0,0,0,0,0,0,0,0,0,0,0,0,0,0,0.395,0.229,0,0,0,0,0,0,0,0,0,0,0,0,0,0,0,0,0,0,0,0,0,0,0,0,0,0,0,0,0,0,0,0,0,0,0,0,0,0,0,0,0,0,0,0,0,0,0,0,0,0,0,0,0,0,0,0,0,0,0,0,0,0,0,0,0,0,0,0,0,0,0,0,0,0,0,0,0,0.174,0,0,0,0,0,0,0,0,0,0,0,0.229,0,0,0,0,0,0,0,0,0,0,0,0,0,0,0,0,0,0,0,0,0,0,0,0,0,0,0,0,0,0,0,0,0,0,0,0,0,0,0,0,0,0,0,0,0,0,0,0,0,0,0,0,0,0,0,0,0,0,0,0,0.329,0,0,0,0,0,0,0,0,0,0,0,0,0,0,0,0,0,0,0,0,0,0,0,0,0,0,0,0,0,0,0,0,0,0,0,0,0,0,0,0,0,0,0,0,0,0,0,0,0,0,0,0,0,0,0,0,0,0,0,0,0,0,0,0,0,0,0,0,0,0,0,0,0,0,0,0,0,0,0,0,0,0,0,0,0,0,0,0,0,0,0,0,0,0,0,0,0,0,0,0,0,0,0,0,0,0,0,0,0,0,0,0,0,0,0,0,0,0,0,0,0,0,0,0,0.338,0,0,0,0,0,0,0,0,0,0,0,0,0,0,0,0,0,0,0,0,0,0,0,0,0,0,0,0,0,0,0,0,0,0,0,0,0,0,0,0,0,0,0,0,0,0,0,0,0,0,0,0,0,0,0,0,0,0,0,0,0,0,0,0,0,0,0,0,0,0,0,0,0,0,0,0.194,0,0,0,0,0,0,0,0,0,0,0,0,0,0,0,0,0,0,0,0,0.218,0,0,0,0,0,0,0.39,0.197,0,0,0,0,0,0,0,0,0,0,0,0,0,0,0,0,0,0,0,0,0,0,0,0,0,0,0,0,0,0,0,0,0,0,0,0,0,0,0,0,0,0,0,0,0.309,0,0.285,0,0,0,0,0,0,0,0,0,0,0,0,0,0,0,0,0,0,0,0,0.29,0,0,0,0,0,0,0,0,0,0,0,0,0,0,0,0,0,0,0,0,0,0,0,0,0,0,0,0,0,0,0,0,0,0,0,0,0,0,0,0,0.228,0,0,0,0,0,0,0,0,0,0,0,0,0,0,0,0,0,0,0,0,0,0,0,0,0,0,0.261,0.156,0.263,0,0,0,0,0,0,0,0,0,0,0,0,0,0,0,0,0,0,0,0,0,0,0,0,0,0,0,0,0,0,0,0,0,0,0,0,0,0,0,0,0,0,0,0,0,0,0,0,0,0,0,0,0,0,0,0,0,0,0,0,0,0,0,0,0,0,0,0,0,0,0,0,0,0,0,0,0,0,0,0,0,0,0,0,0,0,0,0,0,0,0,0,0,0,0,0,0,0,0,0,0,0.19,0,0,0,0,0,0,0,0,0,0,0,0,0,0,0,0,0,0,0,0,0.339,0,0,0,0,0,0,0,0,0,0,0,0,0,0,0,0,0,0,0.211,0,0,0,0,0,0,0,0,0,0,0,0,0,0,0,0,0,0,0,0,0,0,0,0,0,0,0,0,0,0,0,0,0,0.579,0,0,0,0,0,0,0,0,0,0,0,0,0,0,0,0,0,0,0,0,0
855501,0,0,0,0,0,0,0,0,0,0,0,0,0,0,0,0,0,0,0,0,0,0,0,0,0,0,0,0,0,0,0,0,0,0,0,0,0,0.173,0,0,0,0,0,0,0,0,0,0,0,0,0,0.38,0,0,0.173,0.192,0.205,0,0,0,0,0,0,0,0,0,0,0,0,0,0.15,0,0.158,0,0,0,0.213,0,0,0,0,0,0,0,0,0,0,0,0,0,0,0,0,0,0,0,0,0,0.481,0,0,0,0,0,0,0,0,0,0,0,0,0,0,0,0,0,0,0,0,0,0,0,0,0,0,0,0,0.213,0,0,0,0,0,0,0,0,0,0,0,0,0.444,0,0,0,0.214,0.255,0,0.328,0,0,0,0,0,0,0,0,0,0,0,0,0,0,0,0,0.438,0,0,0.289,0,0.173,0,0,0,0,0,0,0,0,0.244,0,0,0,0.965,0,0,0.154,0.214,0,0.3,0.333,0.266,0,0,0,0,0,0.939,0,0,0,0,0,0.909,0,0,0.835,0,0.285,0,0,0,0,0.162,0.3,0,0.224,0,0,0,0.167,0.186,0.239,0.188,0,0,0,0,0,0,0,0.776,0,0,0.154,0.991,0,0.326,0,0,0,0,0.207,0,0,0.255,0,0.398,0,0.2,0,0,0,0,0,0.189,0,0,0,0.256,0,0.398,0.451,0.511,0,0,0,0,0,0.738,0.218,0,0.274,0,0,0.199,0.455,0,0.532,0,0.182,0,0,0,0.25,0,0.341,0.222,0,0,0,0.903,0,0,0.183,0,0.431,0,0,0,0.418,0.197,0,0,0,0,0,0.336,0.293,0,0.217,0,0,0.216,0,0.438,0.519,0.198,0.294,0,0,0,0.876,0.985,0,0.162,0.248,0,0,0.982,0,0,0,0,0,0,0,0,0,0,0,0.408,0,0.318,0.946,0,0,0,0,0.515,0,0,0,0,0,0,0.387,0.283,0,0,0.432,0,0.378,0,0.174,0.153,0,0,0.532,0,0,0.664,0.288,0,0.218,0,0.419,0.264,0,0,0.292,0,0.153,0.398,0.378,0,0.317,0.154,0,0,0.313,0.323,0.903,0,0,0.996,0,0,0.355,0,0,0.335,0.208,0.487,0.23,0.58,0.178,0,0,0,0,0,0,0.266,0,0,0.977,0.698,0.181,0.279,0,0,0,0.535,0.561,0.237,0,0.208,0,0,0,0,0,0,0.256,0,0,0.151,0,0,0.311,0.177,0.319,0,0.993,0.206,0.399,0.22,0,0.912,0,0,0,0.244,0,0.151,0,0,0,0,0,0,0,0.282,0.353,0,0,0.253,0.429,0,0.292,0,0,0,0,0,0.722,0.472,0.175,0.302,0.212,0,0.164,0,0.661,0.327,0,0,0.154,0,0,0,0,0,0,0.249,0,0,0,0,0,0.917,0,0.239,0,0,0,0,0,0,0.167,0,0,0.999,0,0.842,0.429,0.188,0.207,0.197,0,0,0.414,0,0,0,0.653,0.255,0,0,0.168,0,0,0,0,0.611,0,0.354,0.49,0,0,0.585,0.207,0,0,0.307,0,0.237,0,0.201,0.599,0.346,0.987,0,0,0,0.598,0,0,0,0,0,0,0,0,0,0.22,0.99,0.586,0,0,0,0,0.598,0,0.188,0,0.549,0,0.247,0,0,0,0.172,0,0.28,0.161,0,0,0,0.159,0.215,0,0,0,0.221,0,0,0.35,0,0,0.254,0,0,0.183,0,0,0,0,0.425,0,0,0,0,0,0,0.441,0.173,0.524,0.59,0,0,0,0,0,0,0,0,0,0,0.419,0,0.935,0.398,0,0,0,0.851,0,0.193,0.292,0.154,0.234,0,0.234,0.402,0,0.242,0,0,0,0,0.228,0,0.158,0.306,0.317,0.205,0.159,0.229,0,0.159,0,0,0.25,0.641,0,0.257,0,0,0,0,0,0,0.33,0,0,0,0,0,0,0.361,0,0.912,0,0,0,0,0,0,0,0.477,0.292,0,0,0,0,0,0,0,0.242,0.561,0.296,0,0,0.219,0.231,0.532,0.186,0,0,0,0,0,0.984,0,0,0,0,0,0.239,0,0,0,0.496,0,0.304,0,0.182,0,0,0.468,0.154,0,0,0,0,0,0,0,0,0.238,0.502,0,0.215,0.178,0,0.238,0.62,0,0.177,0,0,0.235,0,0.311,0,0,0.904,0.359,0,0,0.237,0,0.494,0,0,0.306,0.182,0,0,0,0,0.323,0.523,0.254,0,0.859,0.412,0,0,0,0,0,0.15,0.178,0,0,0.514,0,0,0.363,0.166,0.658,0,0,0,0.496,0,0.4,0.333,0,0.998,0.496,0.507,0,0.179,0,0,0,0,0,0,0.986,0,0.157,0,0.639,0.193,0.282,0.543,0,0,0.214,0.156,0,0,0,0,0,0.185,0,0,0.361,0,0,0,0,0.202,0,0.904,0,0,0.242,0,0.202,0,0.202,0,0,0,0,0,0,0,0,0,0,0.933,0,0.15,0,0,0,0,0.295,0,0,0,0.244,0.303,0.406,0.544,0.384,0.745,0.56,0.367,0,0,0.162,0,0.263,0,0,0,0,0,0,0,0,0,0,0,0.456,0,0.361,0,0.365,0,0.988,0.319,0,0,0,0,0,0,0,0,0.174,0.363,0.563,0.176,0,0,0,0,0,0,0,0.734,0.275,0,0,0.15,0,0,0,0.217,0.175,0,0,0,0,0.307,0,0,0,0.428,0,0.221,0,0.219,0,0.288,0.425,0.344,0,0,0.184,0.151,0,0.53,0,0.35,0,0,0,0.434,0.154,0.198,0,0.235,0.329,0.25,0.19,0,0,0,0,0.422,0,0.378,0,0,0,0,0,0,0,0,0,0,0,0,0,0,0,0,0,0.199,0,0,0,0,0,0,0,0,0,0,0,0,0,0,0,0,0,0.162,0,0,0,0,0,0,0.942,0.167,0,0,0,0,0.224,0,0,0,0,0,0,0,0,0,0,0,0.159,0,0,0,0.449,0,0,0,0,0,0,0,0,0,0,0,0,0,0,0,0,0,0,0,0,0,0.252,0,0.346,0,0,0.625,0,0,0,0,0.265,0,0,0,0,0,0,0,0,0.192,0,0,0,0,0,0,0,0,0,0,0,0,0.197,0,0,0,0,0,0,0,0,0,0,0,0.494,0,0.177,0.22,0,0,0,0,0,0,0,0,0,0,0,0,0,0,0,0,0,0,0,0,0,0,0,0,0,0,0,0,0,0,0.201,0,0,0,0,0,0,0,0,0,0,0,0,0,0,0.571,0,0,0,0,0.201,0.202,0.226,0,0,0,0,0,0,0,0.228,0,0,0,0,0,0.236,0,0,0,0,0,0,0,0,0,0,0,0,0,0,0,0,0,0,0,0,0,0,0,0,0,0,0,0.15,0,0,0,0,0.201,0.153,0,0,0,0,0,0,0,0,0,0,0,0.368,0.313,0,0.201,0,0,0,0,0,0,0,0,0,0,0,0,0,0,0,0,0,0,0,0.308,0,0,0,0,0,0,0,0,0,0,0,0,0,0,0,0,0,0,0,0,0,0,0,0,0,0,0,0,0.595,0,0,0,0,0,0,0,0,0,0,0,0,0,0,0,0,0,0,0,0,0,0,0,0,0,0,0,0,0,0,0,0,0,0,0,0,0,0,0,0,0,0,0,0,0,0,0.227,0,0,0,0,0,0,0,0,0,0,0,0,0,0,0.152,0,0,0,0.531,0,0,0,0,0,0,0,0,0,0,0,0,0,0.215,0,0,0,0.204,0,0,0,0,0,0.193,0,0.204,0,0,0,0,0,0.222,0,0,0,0,0,0,0,0,0,0,0,0,0,0.339,0,0,0,0,0,0,0,0,0,0,0,0,0,0,0,0,0,0,0,0,0,0,0,0,0,0,0,0,0,0,0,0,0,0,0,0.161,0,0,0,0,0,0,0,0,0,0,0,0.276,0,0.152,0,0,0,0,0,0,0,0,0,0,0,0,0,0,0,0,0,0,0,0,0,0,0,0,0,0,0,0,0,0,0,0,0.211,0,0,0.785,0.436,0,0,0,0,0,0,0,0,0,0,0,0,0,0,0,0,0,0,0,0,0,0,0,0,0,0,0,0,0,0,0,0,0,0.197,0,0,0,0,0,0,0,0,0,0,0,0,0,0,0,0,0,0,0,0,0.492,0.205,0,0,0,0,0,0,0,0,0,0,0.277,0,0,0,0,0,0,0,0,0,0,0,0,0,0,0,0,0,0,0,0,0,0.293,0,0,0,0,0,0.234,0,0,0.185,0,0,0,0,0,0,0,0,0,0,0,0,0,0,0.244,0,0,0,0,0,0,0,0,0,0,0,0,0,0,0,0,0,0,0,0,0,0,0.216,0,0,0,0,0,0,0,0,0,0,0,0.249,0.173,0,0,0,0,0,0,0.587,0,0,0,0.265,0,0,0,0,0,0,0,0,0,0,0,0,0,0,0.208,0.225,0.174,0,0,0,0,0,0,0,0,0,0,0,0,0,0,0,0,0,0,0,0,0,0.491,0.275,0,0,0,0,0,0,0.288,0,0,0,0,0,0,0,0,0,0,0,0.304,0,0,0,0.585,0,0,0,0,0,0,0.252,0,0,0,0,0,0,0,0.167,0,0,0.364,0,0,0,0,0,0,0,0,0,0,0,0,0,0,0.399,0,0,0,0,0,0.234,0,0.261,0,0,0,0,0,0,0,0,0.159,0,0.315,0,0,0,0,0,0,0,0,0.278,0.191,0,0,0.158,0,0,0.275,0.178,0.201,0.234,0.209,0,0,0,0,0,0,0.362,0,0,0,0,0,0,0,0.151,0,0,0.309,0,0,0.178,0,0,0,0,0,0,0.184,0,0,0,0,0,0,0,0,0,0,0.375,0.15,0,0,0,0,0,0.364,0,0,0,0,0.173,0,0,0,0,0,0,0.195,0,0,0,0,0,0,0,0,0,0,0,0.218,0,0,0,0,0,0,0,0,0,0,0,0.275,0,0,0.245,0,0.165,0,0,0,0,0,0,0,0,0,0,0,0.322,0,0.196,0,0,0,0,0.211,0,0,0,0,0,0,0.292,0,0,0.677,0,0.861,0.79,0,0,0,0.433,0,0,0,0,0,0.238,0,0,0.25,0.248,0,0,0,0,0,0,0,0,0,0,0,0,0,0,0.9,0,0.54,0,0.191,0.541,0,0.373,0,0,0,0,0,0.285,0.15,0,0,0,0.34,0.695,0,0,0,0.936,0,0,0,0,0,0,0,0,0,0,0,0,0,0,0.492,0.157,0,0,0,0.151,0,0,0,0,0,0.213,0,0.485,0,0,0,0,0,0.346,0.154,0,0,0,0.256,0,0.272,0.556,0,0.243,0,0,0,0,0.48,0,0.272,0.168,0.204,0,0,0,0,0,0,0,0,0,0.245,0,0,0,0,0,0,0,0,0.467,0.475,0,0.416,0.223,0,0,0.223,0.277,0,0.857,0,0.175,0,0,0,0.165,0,0,0,0,0,0,0,0.266,0,0,0.305,0,0,0,0.939,0,0.489,0,0,0,0.181,0,0,0,0.203,0,0,0.168,0.168,0,0,0.388,0.26,0,0,0,0,0,0,0,0.354,0,0.164,0,0,0.171,0,0,0,0,0,0,0,0,0,0,0,0,0,0,0,0,0,0,0,0.152,0,0,0,0,0,0,0,0,0,0,0,0,0,0,0,0,0,0,0,0,0,0,0,0,0,0,0,0,0,0,0,0.211,0,0,0,0,0,0,0.155,0.252,0,0.182,0,0.182,0,0,0,0.178,0,0.207,0,0,0,0.178,0.176,0.226,0.15,0,0,0,0,0.354,0,0,0,0,0.223,0,0,0,0,0,0,0,0,0,0,0,0.214,0.153,0,0,0,0,0,0,0.178,0,0,0,0,0,0,0,0.178,0,0,0,0,0,0,0.176,0,0,0,0,0,0.209,0,0,0,0,0,0,0,0,0,0,0,0,0,0,0,0,0,0,0,0,0,0,0.182,0,0,0,0,0,0,0,0,0,0,0,0,0,0,0,0,0.22,0,0.165,0.154,0.216,0,0,0,0,0,0,0,0,0,0,0,0,0,0,0,0,0,0.494,0,0.51,0,0.175,0,0,0.345,0,0.174,0,0,0,0.202,0,0,0.484,0,0,0,0,0,0,0,0,0,0,0,0,0,0.168,0,0.22,0,0.586,0.2,0.31,0,0,0,0.295,0,0,0,0.179,0.234,0,0.158,0,0,0.162,0,0,0,0.289,0.587,0,0.332,0,0,0,0,0,0,0,0,0,0,0,0,0,0,0,0.632,0,0,0,0,0,0,0,0,0,0,0,0,0.174,0.494,0.252,0.178,0,0,0,0,0,0.174,0,0,0,0,0,0,0,0,0,0,0,0,0,0,0,0,0,0,0,0,0,0,0.715,0.161,0,0,0,0,0,0,0,0,0,0,0,0,0,0.398,0,0,0,0,0,0,0,0,0,0,0,0,0,0,0,0,0,0.178,0,0,0,0,0,0,0,0,0,0,0.156,0,0,0,0,0,0,0,0,0.157,0,0,0,0,0,0,0,0,0,0,0,0,0,0,0,0,0,0,0,0,0,0,0,0,0,0,0,0,0,0,0,0,0,0,0.203,0,0,0,0,0,0,0,0,0,0,0,0,0,0,0,0,0,0,0,0,0,0,0,0,0,0.248,0,0,0,0,0,0,0,0,0,0,0,0,0,0,0,0,0,0.463,0,0,0,0,0,0,0,0,0,0,0,0,0,0,0,0,0,0.283,0,0,0,0,0,0,0,0,0,0,0,0,0,0,0,0,0,0,0,0,0,0,0,0,0,0.258,0,0,0,0,0,0,0,0,0,0,0,0,0,0,0,0.214,0,0,0,0,0,0,0,0,0,0,0,0,0,0,0,0,0,0,0,0,0,0,0,0,0,0,0,0,0,0,0,0,0,0,0,0,0,0,0,0,0,0,0,0,0,0,0,0,0,0,0,0,0,0,0,0,0,0,0,0,0,0,0,0,0,0,0,0,0,0,0,0,0,0,0,0,0,0,0,0,0,0,0,0.491,0,0,0,0,0,0,0,0,0,0,0,0,0,0,0,0,0,0,0,0,0,0,0,0.214,0,0,0,0.172,0,0,0,0,0,0,0,0,0,0,0,0,0,0,0,0,0,0,0,0.325,0,0,0,0,0,0,0,0,0,0.214,0,0,0,0,0,0,0,0,0,0,0.172,0,0.218,0,0,0,0,0.249,0,0,0,0,0,0,0.185,0,0,0,0,0.46,0,0,0.154,0.213,0,0.526,0,0,0.206,0,0,0,0,0,0.619,0,0,0,0,0,0,0,0.173,0,0,0,0,0,0,0.638,0,0,0,0,0.356,0.264,0,0,0,0.268,0,0.188,0,0,0,0,0.317,0,0,0,0,0,0,0,0,0.23,0.256,0.161,0,0.22,0,0,0.173,0,0,0,0,0,0,0.187,0,0,0,0.156,0,0,0,0,0,0,0,0,0,0,0,0,0.166,0,0,0.373,0,0,0.205,0,0,0,0,0,0,0,0,0,0,0.188,0,0,0.196,0,0,0,0,0,0.232,0,0,0,0,0,0,0,0,0.173,0,0,0,0,0.21,0,0.168,0,0,0,0.201,0,0,0.196,0,0,0,0,0.317,0,0,0.215,0,0.475,0,0,0,0.208,0.188,0,0.285,0.633,0,0,0,0,0,0,0.258,0,0.162,0,0,0.192,0,0.227,0,0,0,0,0,0.276,0,0.22,0,0,0.151,0.193,0,0,0,0.209,0,0,0.317,0,0,0,0,0,0,0.208,0,0,0,0,0,0,0.215,0,0,0.27,0,0.158,0.208,0,0,0,0,0,0,0,0,0,0,0,0,0,0,0,0,0,0,0,0,0.164,0,0,0,0,0,0,0,0,0,0,0,0,0,0,0,0,0,0,0,0,0,0,0,0,0,0,0,0,0,0,0,0,0.226,0,0,0,0,0,0,0,0,0.173,0,0,0,0,0,0,0,0,0,0,0.152,0,0,0,0,0,0,0,0,0,0,0,0,0,0,0,0,0,0,0,0,0,0,0,0,0,0,0.166,0.195,0,0,0.297,0.336,0,0.196,0,0,0.832,0,0,0.173,0,0.85,0,0.199,0.201,0,0,0,0,0,0,0.317,0,0,0.197,0,0,0,0,0,0.806,0,0,0.243,0,0,0,0.282,0,0,0,0.436,0,0.166,0.151,0,0,0,0,0.444,0.179,0,0,0,0.247,0,0.244,0,0,0,0,0.243,0,0.489,0.489,0,0.222,0,0,0,0,0.182,0,0,0,0.447,0,0.324,0,0,0,0.171,0.947,0,0,0.162,0.216,0,0,0,0.166,0,0,0,0,0,0,0,0,0,0,0,0,0,0,0,0,0,0,0,0,0,0,0,0,0,0,0,0,0.352,0,0,0,0,0,0,0,0,0,0,0,0,0,0,0,0,0.207,0,0,0,0,0,0.154,0,0,0,0,0.489,0.193,0,0,0,0,0.152,0.256,0,0.154,0,0,0,0,0,0,0,0,0,0,0,0,0,0,0,0,0.235,0,0,0,0,0,0,0,0,0,0,0.178,0,0,0,0,0.181,0,0,0,0,0,0.282,0,0,0,0,0,0,0,0,0,0,0,0,0,0,0,0,0,0,0.27,0,0,0,0,0,0,0,0,0,0,0,0,0,0,0,0,0,0,0,0,0,0,0.223,0,0,0,0,0,0,0,0,0,0,0,0,0,0.213,0,0,0,0,0,0.166,0,0.312,0,0,0,0,0,0,0.154,0,0,0,0,0,0,0,0,0.162,0.19,0,0,0,0,0,0,0,0,0,0,0,0,0.367,0,0,0,0,0,0,0,0,0,0,0,0,0,0,0,0,0,0,0,0,0,0.166,0.156,0,0,0,0,0,0,0,0.206,0,0,0,0,0.15,0,0,0,0,0.151,0,0,0,0.215,0,0.185,0,0.249,0,0,0.154,0,0,0,0,0,0,0,0,0,0,0,0,0,0.254,0,0,0,0,0,0,0,0.166,0,0,0,0,0,0,0,0.267,0,0.227,0.206,0,0,0,0,0,0,0,0,0,0,0,0,0,0,0,0,0.178,0,0,0,0,0,0,0,0,0,0,0,0,0,0,0,0,0,0,0,0,0,0,0.174,0,0,0.169,0,0,0,0,0,0,0,0,0,0,0,0,0,0,0.178,0,0,0,0,0,0,0,0,0,0,0,0.151,0,0,0,0,0,0,0,0,0,0,0,0,0,0,0,0.267,0.311,0,0,0,0,0,0,0,0,0,0,0,0,0,0,0,0,0.185,0,0,0,0,0,0,0,0,0,0,0,0,0,0,0,0,0,0,0,0,0,0,0,0,0,0,0,0,0,0,0,0,0,0,0,0,0,0,0,0,0,0,0,0,0,0,0,0,0,0,0,0,0,0,0.198,0,0,0,0,0,0,0,0,0,0,0,0,0,0,0,0,0,0,0,0,0,0,0,0,0,0,0,0,0,0,0,0,0,0,0.337,0,0,0,0,0,0,0.212,0,0,0,0.186,0,0.186,0.445,0,0.445,0,0,0,0,0.194,0,0,0,0,0.296,0,0,0,0,0,0,0,0,0,0.165,0,0.154,0.166,0.158,0,0,0.25,0,0.226,0,0,0.516,0,0.271,0,0.25,0.328,0,0.191,0,0,0.173,0,0,0,0.343,0.166,0.313,0.22,0,0.176,0,0,0,0,0,0,0,0,0.165,0,0,0,0,0,0,0,0,0,0,0,0,0,0.224,0,0,0,0,0,0,0,0,0,0.174,0,0,0,0,0,0,0,0.164,0,0,0,0,0,0,0,0,0,0,0.153,0,0.159,0,0,0,0,0,0,0,0,0,0,0.188,0,0,0,0,0,0,0,0,0,0,0,0,0,0,0,0.288,0,0,0,0,0,0,0,0,0,0,0,0,0,0,0.154,0,0.174,0,0,0,0.171,0,0,0,0,0,0,0,0,0,0,0,0,0,0,0,0,0,0,0,0,0,0,0,0,0,0.263,0,0,0,0,0,0,0,0,0,0,0,0,0,0,0,0,0,0,0,0,0,0,0,0,0,0,0,0,0,0,0,0,0,0,0,0,0,0,0,0,0,0,0,0,0.36,0,0,0,0,0,0,0.167,0,0,0,0,0,0,0,0,0,0,0,0,0,0,0,0,0,0.352,0,0,0,0,0,0,0,0,0,0,0,0,0,0,0,0,0,0,0,0,0,0,0,0,0,0,0,0,0,0,0,0,0,0,0,0,0,0,0,0,0,0,0,0,0,0,0,0,0,0,0,0,0,0,0,0,0,0,0,0,0,0,0,0,0,0,0,0,0,0,0,0,0.206,0,0,0,0.187,0.208,0,0,0,0,0,0,0,0,0,0,0,0,0,0,0.164,0,0,0,0,0,0,0,0,0,0,0,0,0,0,0,0,0,0,0,0,0,0,0,0,0,0,0,0,0,0,0,0,0.292,0,0,0,0,0,0,0,0,0,0,0,0,0,0,0,0,0,0,0,0,0,0,0,0,0.445,0.236,0,0,0,0,0,0,0,0,0,0,0,0.201,0,0,0,0,0,0,0,0,0,0,0,0,0,0.194,0,0,0,0,0,0,0,0,0,0,0.309,0,0,0.309,0,0,0,0,0,0,0,0,0,0,0,0,0,0,0,0,0,0,0,0.193,0,0.195,0,0,0,0,0,0,0,0,0,0,0,0,0,0,0,0,0,0.151,0,0,0,0,0,0,0,0,0,0.169,0,0,0,0,0,0,0,0,0,0,0,0,0,0,0.164,0,0,0,0,0,0,0,0,0,0,0,0,0,0,0,0,0,0,0,0,0,0,0,0,0,0,0,0,0,0,0,0,0,0,0,0,0,0,0,0,0,0,0.622,0,0,0,0,0,0,0,0,0,0,0,0,0,0,0,0,0,0,0,0,0,0,0,0,0,0,0,0,0,0,0,0,0,0,0,0,0,0,0,0,0,0,0,0,0,0,0,0,0,0,0,0,0,0.177,0,0,0,0,0,0.186,0,0,0,0,0.206,0,0,0,0,0,0,0,0,0,0,0,0,0,0,0,0,0,0,0,0,0,0,0
852111,0,0,0,0,0,0,0,0,0,0,0,0,0,0.161,0,0,0,0,0,0,0,0,0,0,0,0,0,0,0,0,0,0,0,0,0,0,0,0,0,0,0,0,0,0,0,0,0,0,0,0,0,0.995,0,0,0,0,0,0,0,0,0,0,0,0,0,0,0,0,0,0,0,0,0,0,0,0,0,0.43,0,0,0,0,0,0,0,0,0,0,0,0,0,0,0,0,0,0.999,0,0,0.154,0,0,0,0,0,0,0,0,0,0,0,0,0,0,0,0,0,0,0,0,0,0,0,0,0,0,0,0,0.926,0,0,0,0,0,0,0,0,0,0,0,0,0.97,0.907,0,0,0,0,0,0,0,0,0.302,0,0,0,0,0.901,0,0,0,0,0,0,0,0,0.164,0,0,0,0,0,0,0,0,0,0,0,0,0,0,0,0,0,0,0,0,0,0,0,0.549,0,0,0,0,0,0,0,0.173,0,0,0,0,0,0,0.822,0,0,0.999,0,0,0,0,0,0,0,0,0,0,0,0,0,0.994,0.201,0,0.959,0,0,0,0,0,0.834,0,0,0.998,0,0.265,0,0,0,0,0,0,0,0,0.173,0.297,0,0,0,0,0,0,0,0,0,0,0,0,0,0,0,0,0,0,0,0,0,0,0,0,0,0,0,0,0,0,0.775,0,0,0,0,0,0,0.652,0,0,0.408,0,0.941,0,0.159,0,0,0,0,0,0,0,0,0,0,0.999,0,0,0.9,0,0,0,0,0,0.994,0,0,0,0,0.789,0,0,0,0,0,0,0,0.277,0,0,0,0,0,0,0.873,0,0,0,0.9,0,0,0,0,0.168,0,0,0,0,0.355,0,0,0,0,0,0,0.446,0,0,0,0,0.177,0,0,0,0.202,0,0,0,0,0,0,0.556,0,0,0.995,0,0.341,0.302,0,0,0,0.998,0.191,0.181,0,0,0,0,0.994,0,0,0,0,0,0,0,0,0,0,0,0,0.999,0,0,0,0.165,0,0,0,0,0,0,0,0,0.843,0,0,0,0,0,0,0,0,0,0,0,0.154,0.158,0,0,0.212,0,0,0,0,0,0,0,0,0,0,0,0,0,0,0,0,0,0,0,0.307,0,0,0,0,0.98,0,0.276,0,0,0,0,0.168,0,0.163,0,0,0,0,0,0.191,0,0,0,0,0,0,0,0.998,0,0,0,0,0,0.192,0,0,0,0,0,0,0,0,0,0,0,0.99,0,0,0,0,0,0.9,0.901,0,0,0,0,0,0,0,0,0.171,0,0,0,0,0,0.245,0,0,0.997,0.36,0,0,0,0,0,0,0,0,0,0,0,0,0,0,0,0,0,0,0.908,0,0,0,0,0,0,0,0.182,0,0,0,0,0.161,0,0,0,0,0,0,0,0,0,0,0,0,0,0,0,0.344,0,0,0,0,0,0,0,0,0,0,0,0,0,0,0,0,0,0,0,0.908,0,0,0,0,0,0,0,0,0,0,0,0.294,0,0,0,0,0,0,0,0,0,0,0,0,0,0,0,0,0,0,0,0.418,0,0,0,0,0,0,0,0.9,0,0,0,0.177,0,0,0,0.169,0.463,0,0,0,0,0,0,0.198,0,0,0,0,0,0,0,0,0,0,0,0,0,0,0,0,0.164,0,0,0,0,0,0,0,0,0,0,0,0,0,0,0,0,0,0,0,0,0,0,0.822,0,0,0,0,0.28,0,0,0,0,0,0,0,0,0,0,0,0,0,0,0,0,0,0,0,0.237,0.367,0,0,0,0,0,0.173,0,0,0,0.25,0.999,0,0.394,0,0.171,0,0,0,0,0,0,0.984,0,0,0,0.24,0,0.24,0.588,0,0,0,0,0.19,0,0,0,0,0,0,0,0,0.999,0,0.242,0,0,0,0,0,0,0,0,0.186,0,0,0,0,0.252,0,0,0,0,0.929,0,0,0,0,0,0,0,0,0,0,0,0.159,0,0.94,0,0,0,0,0,0,0,0,0,0,0,0,0,0,0,0,0,0,0,0,0,0,0,0,0,0,0,0,0.557,0,0,0,0.389,0,0,0,0,0,0,0,0,0,0,0,0,0,0,0,0,0,0,0.999,0,0.232,0,0,0,0,0,0,0,0,0.9,0,0,0,0,0,0,0,0,0,0,0,0,0,0,0,0,0,0,0.996,0,0,0,0,0,0,0,0,0,0,0,0,0,0,0.998,0,0,0.236,0,0,0,0,0,0,0.167,0,0,0,0,0,0,0,0,0,0,0,0,0,0,0,0,0.977,0,0.974,0,0,0,0,0,0,0,0.178,0.999,0,0,0,0,0.441,0,0.994,0,0.932,0,0.999,0,0,0,0.171,0,0,0,0,0,0,0,0,0,0,0,0,0.992,0,0.942,0.997,0,0,0,0,0,0,0,0.487,0,0.21,0,0,0,0,0,0,0,0,0,0.998,0,0,0,0,0,0,0,0,0,0,0,0,0,0,0,0,0,0,0,0,0,0,0,0,0,0,0,0,0,0,0,0,0,0,0,0,0,0,0,0,0,0,0,0,0,0,0,0,0,0,0,0,0,0,0.227,0,0,0,0,0,0,0,0,0.998,0,0,0,0,0,0,0,0,0,0.999,0,0,0,0,0,0,0,0,0,0,0,0,0.901,0,0,0,0,0,0,0,0,0,0,0,0,0,0,0,0,0,0,0,0,0,0,0,0,0,0.171,0.903,0,0,0,0,0,0.177,0,0,0,0,0,0,0,0,0,0,0,0,0,0,0,0,0.998,0,0,0,0,0,0,0,0,0.899,0,0,0,0,0,0,0,0,0,0,0.15,0,0,0,0,0,0,0,0.996,0,0,0,0,0,0,0,0,0,0,0.999,0,0,0,0,0,0,0,0,0.998,0.367,0,0,0,0,0,0,0,0,0,0,0,0,0,0,0,0,0.196,0,0,0,0,0,0,0,0,0,0,0,0,0,0.151,0,0,0,0,0.999,0,0,0,0,0,0,0,0,0,0,0,0,0,0,0,0.998,0,0,0.248,0,0,0,0,0,0.518,0,0.976,0,0,0,0,0,0,0.169,0,0,0,0,0,0,0,0,0,0,0,0,0,0,0,0,0,0,0,0,0,0.999,0,0,0,0.186,0,0.443,0,0,0,0,0,0,0,0,0,0.9,0,0,0,0,0,0,0,0,0.441,0,0,0,0,0,0,0.999,0,0.999,0,0,0,0,0,0,0,0,0,0,0,0,0.191,0,0,0,0,0,0,0,0,0,0,0,0,0,0,0,0,0,0,0,0,0,0,0,0,0,0,0,0,0,0,0,0,0,0,0,0,0,0.801,0,0,0,0,0,0.367,0,0,0,0,0,0,0,0,0,0,0,0,0,0,0,0,0,0,0,0,0,0,0,0,0,0,0,0.984,0,0,0,0,0,0,0,0,0,0,0,0,0,0,0,0,0,0,0,0,0,0,0,0,0,0,0,0,0,0,0,0,0,0,0,0,0,0,0,0,0,0,0.821,0,0,0,0,0,0,0,0.442,0,0,0.271,0,0,0,0,0,0,0,0,0,0,0,0,0,0,0,0,0.9,0,0,0,0,0,0,0,0,0,0,0,0,0,0,0,0,0,0,0,0,0,0,0,0.167,0,0,0,0,0,0,0.189,0.999,0,0,0,0,0,0,0,0,0,0,0,0.301,0,0,0,0,0,0,0,0,0,0,0,0,0,0,0,0,0,0,0,0.264,0,0,0,0,0,0,0,0,0,0,0,0,0,0,0,0,0,0,0,0,0,0,0,0,0,0,0,0,0,0,0,0,0,0,0,0,0,0,0,0,0,0,0,0,0,0,0,0,0,0,0,0,0,0,0,0,0,0,0,0,0.297,0,0,0,0,0,0,0,0,0,0,0,0,0,0,0,0,0,0,0,0,0,0,0,0,0,0,0,0,0,0,0,0,0,0,0,0,0.218,0,0,0,0,0,0,0,0,0,0,0,0,0,0,0,0,0.918,0,0,0,0,0.281,0.175,0.904,0.999,0.9,0.904,0,0,0.934,0.565,0,0,0,0.234,0,0,0.9,0,0,0,0,0,0,0,0.662,0,0,0,0,0.939,0,0,0,0,0,0.901,0,0,0.159,0,0,0,0.9,0,0.91,0.997,0,0.912,0,0.989,0.91,0,0,0,0,0,0.9,0,0,0,0.999,0,0.168,0,0,0,0,0,0,0,0,0,0,0,0,0,0,0,0,0,0,0,0.941,0,0,0.179,0,0.999,0,0,0,0,0,0,0,0,0,0,0,0,0,0,0.523,0.903,0,0,0,0,0.297,0,0,0,0,0.218,0,0,0.159,0,0,0.999,0,0,0,0.9,0,0.908,0,0,0,0.999,0,0,0,0,0,0,0,0,0,0.161,0.184,0,0,0,0,0,0,0,0,0,0,0,0,0,0,0,0.999,0,0,0.499,0,0,0.918,0,0,0.906,0.219,0,0,0.962,0,0.999,0,0,0,0.16,0.941,0,0,0,0.904,0.245,0.232,0,0,0,0,0,0,0,0,0,0,0,0,0.9,0.723,0,0,0,0,0.905,0,0,0,0.952,0,0,0.907,0,0.9,0,0,0,0,0,0,0,0,0,0,0.915,0,0,0.901,0,0.176,0,0,0,0,0,0.304,0,0.9,0,0,0,0.189,0,0,0,0,0,0,0,0.159,0,0,0,0,0,0,0,0,0.9,0,0,0,0,0.213,0,0,0.261,0,0,0,0,0,0,0,0,0,0,0,0,0,0,0,0,0.998,0,0,0,0,0,0,0,0,0,0,0,0,0,0,0,0,0,0,0,0,0,0,0,0,0,0.271,0.165,0.302,0,0,0,0,0,0,0,0,0,0,0,0,0,0,0,0,0,0,0.161,0,0,0.9,0,0,0,0,0,0,0,0,0,0,0,0,0,0,0,0,0,0,0,0,0,0,0.614,0,0,0,0,0,0,0,0,0,0,0,0,0,0,0,0,0,0,0,0,0,0,0,0,0,0,0,0,0,0.155,0,0,0,0,0,0,0.302,0,0,0.645,0,0,0,0,0,0,0,0,0,0,0,0,0,0,0,0,0,0,0.162,0,0,0,0,0,0,0,0,0,0,0,0,0,0,0,0.164,0.164,0,0,0,0,0.302,0,0,0,0.225,0,0,0,0,0,0,0,0.214,0,0,0,0,0.98,0,0,0.996,0,0,0,0,0,0,0,0,0,0,0,0.487,0,0,0,0,0,0,0,0,0,0,0,0,0,0,0,0,0,0,0,0,0,0,0,0,0,0,0.185,0,0,0,0,0,0,0,0,0,0,0,0,0,0,0,0,0,0,0,0,0,0.243,0.344,0,0,0,0,0.997,0,0,0,0,0,0,0.783,0,0,0,0,0,0,0,0,0,0,0,0,0,0,0,0,0,0,0.231,0,0,0,0,0,0,0,0,0,0,0,0,0,0,0,0,0,0,0.22,0,0.998,0.196,0,0,0,0,0.998,0,0,0,0,0.999,0,0,0,0,0.359,0,0,0.279,0.848,0,0,0,0,0,0,0,0,0,0,0,0,0,0.906,0,0,0,0.908,0,0,0,0,0,0,0.346,0.996,0,0,0,0.615,0,0,0,0,0,0,0,0,0,0,0,0,0,0,0,0,0,0,0,0,0,0,0.185,0,0,0,0,0,0,0,0,0,0,0,0,0,0,0,0,0,0,0,0,0,0,0,0,0,0,0,0,0,0,0,0,0,0,0.194,0,0,0.901,0,0.297,0.26,0,0,0,0,0,0,0,0,0.151,0,0.996,0,0,0,0,0,0,0,0,0,0,0,0,0,0,0.678,0.18,0,0,0,0,0,0,0,0,0,0,0,0.495,0,0,0,0.43,0,0,0,0,0,0,0.346,0,0,0,0,0,0,0,0,0,0,0,0,0,0,0,0,0,0,0.999,0,0.347,0.999,0,0,0,0.173,0,0,0,0,0,0,0,0,0,0,0,0,0,0,0,0,0,0.392,0,0,0,0,0,0,0,0,0,0,0,0,0,0,0,0,0.164,0,0,0,0,0,0,0,0,0,0,0,0,0,0,0,0,0,0,0,0,0,0,0,0,0,0,0,0,0,0,0,0,0,0,0,0,0,0,0,0,0,0,0,0,0,0,0,0,0,0,0.203,0,0,0,0,0,0,0,0,0,0,0,0,0,0,0,0,0,0,0,0,0,0,0,0,0,0,0,0,0,0,0.553,0,0,0,0,0,0,0,0,0,0,0,0,0,0,0,0,0.273,0,0,0,0,0,0,0,0,0,0,0,0,0,0,0,0,0.152,0,0,0,0,0,0,0,0,0,0.999,0,0,0,0,0,0,0,0,0,0,0,0,0,0,0,0,0,0,0,0,0,0,0.26,0,0,0,0,0,0,0.261,0,0,0,0,0.463,0,0,0,0,0,0,0,0,0,0,0,0,0.262,0,0,0,0,0,0,0,0,0,0,0,0,0,0,0,0,0,0,0,0,0,0,0,0,0,0,0,0.24,0.173,0,0,0.299,0,0,0,0,0,0.545,0,0,0,0,0,0,0,0,0,0,0,0,0,0,0,0,0,0,0,0,0,0,0,0,0,0,0,0,0,0,0,0.246,0,0,0,0,0,0,0,0,0,0,0,0,0,0,0,0,0,0,0,0,0,0,0.155,0,0,0,0,0,0,0,0,0,0,0,0,0,0,0,0,0,0,0,0.213,0,0,0,0,0,0,0,0,0,0,0,0,0,0,0,0,0,0.734,0.63,0.999,0.586,0.169,0.41,0.184,0,0.999,0.982,0.994,0,0,0.998,0.901,0.153,0.72,0.999,0.252,0.934,0.996,0,0,0.9,0,0.185,0,0.998,0.556,0.999,0.9,0,0.999,0.154,0.239,0,0,0.9,0.702,0.999,0.596,0.998,0,0.922,0.9,0,0,0.995,0.999,0,0.752,0,0.917,0.181,0,0.488,0.594,0,0.24,0,0.219,0.981,0.999,0.997,0.999,0.918,0.997,0.998,0.248,0,0.999,0.631,0.999,0,0.161,0,0.711,0,0.152,0,0.996,0.999,0,0.994,0.999,0.999,0,0,0.999,0.27,0.674,0.679,0,0.998,0,0.514,0,0.996,0.998,0,0.913,0,0,0.999,0,0.999,0.994,0.633,0.999,0.999,0,0,0.999,0.243,0.995,0,0.999,0.999,0.611,0.997,0.826,0.615,0.248,0.542,0.996,0.997,0.624,0.635,0,0.9,0.969,0,0.999,0.194,0.724,0,0.996,0.801,0,0,0.258,0,0.999,0.997,0,0,0.463,0.999,0.939,0,0.999,0,0,0.446,0.999,0.998,0,0.985,0,0.999,0,0.654,0.999,0,0.175,0,0.999,0,0.937,0.998,0.998,0.179,0,0,0.283,0,0.738,0,0,0.245,0.232,0.26,0,0.582,0,0.44,0,0.908,0.911,0.999,0.999,0.998,0.925,0.903,0,0.999,0.999,0,0,0.999,0,0.999,0.999,0,0.999,0.931,0,0.997,0.237,0.999,0.177,0,0.99,0.997,0.998,0,0.621,0.999,0.9,0.908,0,0,0.999,0.181,0.998,0.906,0.169,0.999,0,0,0,0,0,0,0,0,0,0,0,0,0,0,0,0,0,0,0,0,0,0,0,0,0,0.155,0,0,0.302,0,0,0,0,0,0,0,0,0,0,0,0,0,0,0.999,0,0.358,0,0,0,0,0,0,0,0,0,0,0,0,0,0,0,0,0,0,0,0,0.353,0,0,0,0,0.307,0,0,0,0,0,0,0,0,0,0,0,0,0,0,0,0,0,0,0,0,0,0,0,0,0,0,0,0,0,0,0,0,0,0,0,0,0,0,0.302,0,0,0,0,0,0,0,0,0,0,0,0,0,0,0,0,0,0,0,0,0,0,0,0,0,0,0,0,0,0,0,0,0,0,0,0,0,0.214,0,0,0,0,0,0,0,0,0,0,0,0,0,0,0,0,0,0,0,0,0,0.186,0,0,0,0,0,0,0,0,0,0,0,0,0,0,0.254,0,0,0,0,0,0,0,0,0,0,0,0,0,0,0,0,0,0,0,0,0,0,0,0,0,0,0,0,0,0,0,0,0,0,0,0,0,0,0,0,0,0,0,0,0,0,0,0,0,0,0,0,0,0,0.344,0.216,0.199,0.9,0,0,0,0.903,0,0,0.243,0.909,0,0,0,0,0,0,0,0,0,0,0,0,0,0,0,0,0,0,0,0.216,0,0,0,0,0.189,0,0,0,0,0,0,0,0,0,0,0,0,0,0,0,0,0,0,0,0,0,0,0,0,0,0,0,0.201,0,0,0,0,0,0,0,0,0,0,0,0,0,0,0,0,0,0,0,0,0,0,0,0,0,0,0,0,0,0,0,0,0,0,0,0,0,0,0,0,0,0,0,0,0,0,0,0,0,0,0,0,0,0,0,0,0,0,0,0,0,0,0,0,0,0,0,0,0,0,0,0,0,0,0,0,0,0,0.271,0,0,0,0,0,0,0,0,0,0,0,0,0,0,0,0,0,0,0,0,0,0,0,0,0,0,0,0,0.154,0,0,0,0,0,0,0,0,0,0,0,0,0,0,0,0,0,0,0,0,0,0,0.271,0,0,0,0,0,0,0,0,0,0,0,0,0,0,0,0,0,0,0,0,0,0,0,0,0,0,0,0,0,0,0,0,0,0,0,0,0,0,0,0,0,0,0,0,0,0,0,0,0,0,0,0,0,0,0,0,0,0,0,0,0,0,0,0,0,0,0,0,0,0,0,0,0,0,0,0,0,0,0,0,0,0,0,0,0,0,0,0,0,0,0,0,0,0,0,0,0,0,0,0,0,0.553,0,0,0,0,0,0,0,0,0,0,0,0,0,0,0,0,0,0,0,0,0,0,0,0,0,0,0,0,0,0,0,0,0,0.282,0,0,0,0,0,0,0,0,0,0,0,0,0,0,0,0,0,0,0,0,0,0,0,0,0,0,0,0,0,0,0,0,0,0,0,0,0,0,0,0,0,0,0,0,0,0,0,0,0,0,0,0,0,0,0,0,0,0,0,0,0,0,0,0,0,0.163,0,0,0,0,0,0,0,0,0,0,0,0,0,0,0,0,0,0,0,0,0,0,0,0,0,0,0,0,0,0,0,0,0,0,0,0,0,0,0,0,0,0,0,0,0,0,0,0,0,0,0,0,0,0,0,0,0,0,0,0,0,0,0,0,0,0,0,0,0,0,0,0,0,0,0,0,0,0,0,0,0,0,0.217,0,0,0,0,0,0,0,0,0,0,0,0,0,0,0,0,0.201,0,0,0,0,0,0,0,0,0,0,0,0,0,0,0,0,0,0,0.158,0,0,0,0,0,0,0,0.177,0,0,0,0,0,0,0,0,0,0,0,0,0.241,0,0,0,0,0,0,0,0,0,0,0,0,0,0,0,0,0,0,0,0,0.181,0,0,0,0,0,0,0,0,0,0,0,0,0,0.241,0,0,0,0,0,0,0,0,0,0,0,0,0,0,0,0,0,0,0,0,0,0,0,0,0,0,0,0,0,0,0,0,0,0,0,0,0,0,0,0,0,0,0,0,0,0,0,0,0,0,0,0,0.392,0,0,0,0,0,0,0,0,0,0,0,0,0,0,0,0,0,0,0,0,0,0,0,0,0,0,0,0,0,0,0,0,0,0,0,0,0,0,0,0,0,0,0,0,0.183,0,0,0.3,0,0,0,0,0,0,0,0,0,0.19,0,0,0,0,0,0,0,0,0.226,0,0,0,0,0,0,0,0.495,0,0,0,0,0,0,0,0,0,0,0,0,0,0,0,0,0,0,0,0,0,0,0,0,0,0,0,0,0,0,0,0,0,0,0,0,0,0,0,0,0,0,0,0,0,0,0,0,0,0,0,0,0,0,0,0,0,0,0,0,0,0,0,0,0,0,0,0,0,0,0,0,0,0,0,0,0,0,0,0,0,0,0,0,0,0,0,0,0,0,0,0,0,0,0,0,0,0,0,0,0,0,0,0.26,0,0,0,0,0,0,0,0,0,0,0,0,0,0,0,0,0,0,0,0,0,0,0,0,0.192,0,0,0,0,0,0,0,0,0,0,0,0,0,0,0,0,0.152,0,0,0,0,0,0,0,0,0,0,0,0,0,0,0,0,0,0,0,0,0,0,0,0,0,0,0,0,0,0,0,0,0,0,0,0,0,0,0,0,0,0,0,0,0,0,0,0,0,0,0,0,0,0,0,0,0,0,0,0,0,0,0,0,0,0,0,0,0,0,0,0,0,0,0,0,0,0,0,0,0,0,0,0,0.271,0,0,0,0,0,0,0,0,0,0,0,0,0,0,0.304,0,0,0,0,0,0,0.271,0,0,0,0,0,0,0,0,0,0,0,0,0,0,0,0,0,0,0,0,0,0,0,0,0,0,0,0,0,0,0,0,0,0,0,0,0,0,0,0,0,0,0,0,0,0,0,0,0,0,0,0,0,0,0,0,0,0,0,0,0,0,0,0,0,0,0,0,0,0,0,0,0,0,0,0,0,0,0,0,0,0,0.205,0,0,0,0,0,0,0,0,0,0,0,0,0,0,0,0,0,0,0,0,0,0,0,0,0,0,0,0,0,0,0,0,0,0,0,0,0,0.271,0,0,0,0,0,0,0,0.271,0,0,0
851015,0,0,0,0,0,0,0,0,0,0,0,0,0,0,0,0,0,0,0,0,0,0,0,0,0,0,0,0,0,0,0,0,0,0,0,0,0,0,0,0,0,0,0,0,0,0,0,0,0,0,0,0,0,0,0,0,0,0,0,0,0,0,0,0,0,0,0,0,0,0,0.176,0,0,0,0,0,0,0,0,0,0,0,0,0,0,0,0,0,0,0,0,0,0,0,0,0,0.189,0,0,0,0,0,0,0,0,0,0,0,0,0,0,0,0,0,0,0,0,0,0,0,0,0,0,0,0,0,0,0,0,0,0,0,0,0,0,0,0,0,0,0,0,0,0,0,0,0,0,0,0,0,0,0,0,0,0,0,0,0,0,0,0,0,0,0,0,0,0,0.957,0,0,0,0,0,0,0,0,0,0,0,0,0,0,0,0,0,0,0,0,0.473,0,0,0,0,0,0,0,0,0,0,0,0,0,0.279,0,0,0,0,0,0,0,0,0,0,0,0,0,0,0,0,0,0,0,0,0,0,0,0,0,0,0,0,0,0,0,0,0,0,0,0,0,0,0,0,0,0,0,0,0,0,0,0,0,0,0,0,0,0,0,0,0,0,0,0,0.336,0,0,0,0,0,0,0,0,0,0,0,0,0,0,0,0,0,0,0,0,0,0,0,0,0,0,0,0,0,0,0,0,0,0,0,0,0,0,0,0,0,0,0,0,0,0,0,0,0,0,0,0,0,0,0,0,0,0,0,0,0,0,0,0,0,0,0.272,0,0,0,0,0,0,0,0.925,0,0,0,0,0,0,0,0,0,0,0,0,0,0,0,0,0.217,0,0,0,0,0,0,0,0,0,0,0,0,0,0,0,0,0,0,0,0,0,0,0,0,0,0,0,0,0,0.9,0,0,0,0,0,0,0,0,0,0,0.446,0,0,0,0,0,0,0,0,0,0,0,0,0,0,0,0,0.151,0,0,0,0,0,0,0.214,0,0,0,0,0,0,0,0,0,0,0,0,0,0,0,0,0,0.197,0,0,0,0,0,0,0,0,0,0,0,0,0,0,0.686,0,0.34,0,0,0,0,0,0,0,0,0,0,0,0,0,0,0,0,0,0,0,0,0,0,0,0,0,0,0,0,0,0,0,0,0,0,0,0,0,0,0,0,0,0,0,0,0,0,0,0,0,0,0,0.92,0,0,0,0,0,0,0,0,0.195,0,0,0,0,0,0,0,0,0,0,0,0,0,0,0,0,0,0,0,0,0,0,0,0,0,0,0,0,0,0,0,0,0.244,0,0,0,0,0,0,0,0,0,0,0,0,0,0,0,0,0,0,0,0,0,0,0,0,0,0,0,0,0,0,0,0,0,0,0,0,0,0,0,0,0,0,0,0,0,0,0,0,0,0,0,0,0,0,0,0,0,0.336,0,0,0,0,0,0,0,0,0,0,0.189,0,0,0,0,0,0,0,0,0,0,0,0,0,0,0.265,0,0,0,0,0,0,0,0,0,0,0,0,0,0,0,0,0,0,0,0,0,0,0,0,0,0,0,0,0,0,0,0,0,0,0,0,0,0,0,0.191,0,0,0,0,0,0,0,0,0,0,0,0,0,0,0.921,0,0,0,0,0,0,0,0,0,0,0,0,0.211,0,0,0,0,0,0.579,0,0,0,0,0,0,0,0,0.417,0,0,0.186,0,0,0.921,0,0,0,0,0,0,0,0,0.292,0,0,0,0,0,0,0,0,0,0,0,0,0,0,0,0,0,0,0,0,0,0,0,0,0,0,0,0,0,0,0,0,0,0,0,0,0,0,0,0,0,0,0.169,0,0,0,0,0,0,0,0,0,0,0,0,0,0,0,0,0,0,0,0,0,0,0,0.253,0,0,0,0,0,0,0,0,0,0,0,0.173,0,0,0,0,0,0,0,0,0,0,0,0,0,0,0,0,0,0,0,0,0,0,0,0,0,0,0,0,0,0,0,0,0.902,0,0,0,0,0,0,0,0,0,0.976,0.155,0,0,0,0,0,0,0,0,0,0,0,0,0,0,0,0,0,0,0,0,0,0,0,0,0,0,0,0,0,0,0,0,0,0,0,0,0,0,0,0.208,0,0,0,0,0,0,0,0,0,0,0,0,0,0,0,0,0,0,0,0,0,0,0,0,0,0,0,0,0,0,0,0,0,0,0,0,0,0,0,0,0.329,0,0,0,0,0,0,0,0,0,0,0,0,0,0,0,0,0,0,0,0.234,0,0,0,0,0,0,0,0,0,0,0,0,0,0,0,0,0,0,0,0,0,0,0,0,0,0,0,0,0,0,0,0,0,0,0,0,0,0,0,0,0,0,0,0,0,0,0,0,0,0,0,0,0.263,0,0,0,0,0,0,0,0,0,0,0,0,0,0,0.913,0,0,0,0,0,0,0,0,0,0,0,0,0,0,0,0,0,0,0,0,0,0.957,0,0,0,0,0.9,0,0.194,0,0,0,0,0,0,0,0,0,0,0,0,0,0,0,0,0,0,0,0,0.948,0,0,0,0,0,0,0,0,0,0,0.921,0,0,0,0,0,0.969,0,0,0,0,0,0,0,0,0,0,0,0,0,0,0,0,0,0,0,0,0,0,0,0,0,0,0,0,0,0,0,0,0,0.9,0,0,0,0,0,0,0,0,0,0,0,0,0,0,0,0,0,0,0,0,0,0,0,0,0,0,0,0,0,0,0,0,0.578,0,0,0,0,0,0,0,0,0,0,0.307,0,0,0,0,0,0,0,0,0,0,0,0,0,0,0,0,0,0,0.181,0,0,0.901,0,0,0.229,0,0,0,0,0,0,0,0,0,0,0,0,0,0,0,0,0,0,0,0,0,0,0,0,0,0,0,0,0,0.192,0,0,0,0,0,0,0,0,0,0,0,0,0,0,0,0,0,0,0,0,0,0,0,0,0.999,0,0,0,0,0,0,0,0,0,0,0,0.313,0,0.166,0,0,0,0,0,0,0,0,0,0,0.286,0,0,0,0,0,0,0,0,0,0.9,0,0,0,0,0,0,0,0,0,0,0,0,0,0,0,0,0,0,0,0,0,0,0,0,0,0,0,0,0,0,0,0,0,0,0,0,0,0,0,0,0,0,0.182,0,0,0,0,0,0,0,0.956,0,0,0,0,0,0.578,0,0,0,0,0,0,0,0,0,0,0,0,0,0.286,0,0,0,0,0,0,0.32,0,0,0.171,0,0,0,0,0,0,0,0,0,0,0.272,0,0,0,0,0,0,0,0,0,0,0,0,0,0,0,0,0,0,0,0,0,0,0,0,0.445,0,0,0,0,0,0,0,0,0,0.522,0.993,0.216,0,0,0,0,0.903,0,0,0.212,0,0,0,0,0,0,0,0,0,0,0,0.342,0,0,0,0,0,0,0,0,0,0,0,0,0,0,0,0,0,0,0,0,0,0,0,0,0,0,0,0,0,0,0,0,0,0,0,0,0,0,0,0,0,0,0,0,0,0,0,0,0,0,0,0,0,0,0,0,0,0,0,0,0,0,0.181,0,0,0,0,0,0,0,0.173,0,0,0,0,0,0,0,0,0,0,0,0,0,0,0,0,0,0,0,0,0,0,0,0,0,0,0,0,0,0,0,0,0,0,0,0,0,0,0,0,0,0,0,0,0,0.943,0,0,0,0,0,0,0,0,0,0,0,0,0,0,0,0,0,0,0,0,0,0,0,0,0,0,0,0,0,0,0,0,0.181,0,0.187,0,0,0,0,0,0,0,0,0,0,0.167,0,0,0,0,0,0,0,0,0,0,0,0,0,0.205,0,0.919,0,0,0,0,0,0,0,0,0.364,0,0,0,0,0,0,0,0,0,0,0,0,0,0,0.52,0,0,0,0,0,0,0,0,0,0,0,0,0,0,0,0,0,0,0,0,0,0,0,0,0,0,0,0,0,0,0,0,0,0,0,0,0,0,0,0,0,0,0,0,0,0,0,0,0,0,0,0,0,0,0,0,0,0,0,0,0,0,0,0,0,0,0,0,0,0,0,0,0,0,0,0,0,0,0.484,0,0,0,0.304,0,0,0,0,0,0.314,0,0,0,0,0,0,0,0,0,0,0,0,0,0.9,0,0,0,0,0,0,0,0,0,0,0,0,0,0,0,0,0,0,0,0,0,0,0,0,0.909,0,0,0,0.965,0,0,0,0,0,0,0,0,0,0,0,0,0,0,0,0,0,0,0,0,0,0,0.307,0,0,0,0,0,0.21,0,0,0,0,0,0,0,0,0,0,0,0,0,0,0,0,0,0,0,0,0,0.159,0,0,0,0,0,0,0,0,0,0,0,0,0,0,0,0,0,0,0,0,0,0,0,0,0,0,0,0,0,0,0,0,0,0,0,0,0.183,0,0,0,0,0.444,0,0,0,0,0,0,0,0,0,0,0,0,0,0,0,0,0,0,0,0,0,0,0,0,0,0,0,0,0,0,0,0,0,0,0.901,0,0,0,0,0,0,0,0,0,0,0,0,0,0,0,0,0,0,0,0,0,0,0,0,0,0,0,0,0,0,0,0,0,0,0,0,0,0,0,0,0,0,0,0,0,0,0.999,0,0,0,0,0,0,0,0,0,0,0,0,0,0,0,0,0,0,0,0,0,0,0,0,0,0,0,0,0,0,0,0,0,0,0,0,0,0.184,0,0,0,0,0,0,0,0,0,0,0,0,0,0.982,0,0,0,0,0,0,0,0,0.912,0,0,0,0,0,0,0,0,0,0,0,0,0,0,0,0,0,0,0,0,0,0,0.99,0,0,0,0,0,0,0,0,0,0,0,0,0,0,0.911,0,0,0,0,0,0,0,0,0,0,0,0,0,0,0,0,0,0,0,0,0,0,0,0,0,0.969,0,0,0,0,0,0,0,0,0,0,0,0.19,0,0,0,0,0,0,0,0,0,0,0,0,0,0,0,0,0,0,0,0,0,0.186,0,0,0,0,0,0.163,0,0,0,0,0,0,0,0,0,0.234,0,0.377,0,0,0,0,0,0,0,0,0,0,0,0,0,0,0,0,0,0,0,0,0,0,0,0,0,0,0,0,0,0,0,0,0,0,0,0,0,0,0,0,0,0,0,0,0,0,0,0,0,0,0,0,0,0,0,0,0,0,0,0,0,0,0,0,0,0,0,0,0,0,0,0,0,0,0,0,0,0,0,0,0,0,0,0,0,0,0,0,0,0,0,0,0,0,0,0,0,0,0,0,0,0,0,0,0,0,0,0,0,0,0,0,0.234,0.27,0,0,0,0,0,0,0,0,0,0,0,0,0,0,0,0,0,0,0,0,0.27,0,0,0,0,0,0,0,0,0,0,0,0.272,0,0,0,0,0,0,0,0,0,0,0,0.27,0,0,0,0,0,0,0,0,0,0,0,0,0,0,0,0,0,0,0,0,0.261,0,0,0,0,0,0,0,0,0,0.901,0,0,0,0,0,0,0,0,0,0,0,0,0,0,0,0,0,0,0,0,0,0,0,0,0,0,0,0,0,0,0,0,0,0,0,0,0,0,0,0,0,0.192,0,0,0,0,0,0,0,0,0,0,0,0,0,0,0,0,0,0,0,0,0,0,0,0,0,0,0,0,0.237,0,0,0,0,0,0,0,0,0,0,0,0,0,0,0,0,0,0,0,0,0,0,0,0,0,0,0,0,0,0,0,0,0,0,0,0,0,0,0,0,0,0,0,0,0,0,0,0.258,0,0,0,0,0,0,0,0,0,0,0,0,0,0,0,0,0,0.932,0,0,0,0,0,0,0,0,0,0,0.265,0,0,0,0,0,0,0,0,0,0,0,0,0,0,0,0,0,0,0,0.204,0,0,0,0,0,0,0,0,0,0,0,0,0,0,0,0,0,0,0,0,0,0,0,0,0,0,0,0,0,0,0,0,0,0,0,0,0,0,0.575,0,0,0,0,0,0,0.935,0,0,0,0,0,0,0,0,0,0,0,0,0,0,0,0,0,0,0,0,0,0,0,0,0,0,0,0,0.195,0,0,0,0,0.928,0,0,0,0,0,0,0.636,0,0,0,0,0,0,0,0,0,0,0,0,0,0,0,0,0,0,0,0,0,0,0,0.298,0,0,0,0,0,0,0,0,0,0,0,0,0,0,0.166,0,0,0.954,0,0,0,0,0.257,0,0,0,0,0,0,0,0,0,0,0,0,0,0,0,0,0,0,0,0,0,0,0,0,0,0,0,0,0,0,0,0,0,0,0,0,0,0,0,0,0,0.939,0,0,0,0,0,0,0,0,0,0,0,0,0,0,0,0,0,0.171,0,0,0,0,0,0,0,0,0,0,0,0,0,0,0,0,0,0,0,0,0,0,0,0,0,0,0,0,0,0.996,0,0,0,0,0,0,0,0.999,0,0,0,0,0,0,0,0,0,0,0,0,0,0,0,0,0,0,0,0,0,0,0,0,0,0,0,0,0,0,0,0,0,0,0,0,0,0,0,0,0,0,0,0,0,0,0,0,0,0,0,0.927,0,0.9,0,0,0,0.15,0,0,0.169,0,0,0,0,0,0,0,0,0,0.556,0,0,0,0,0,0,0,0,0,0,0,0,0,0,0,0,0,0,0,0,0,0,0,0,0,0,0,0,0,0,0,0,0,0,0,0,0,0,0,0,0,0,0,0,0,0,0,0,0,0,0,0,0,0.155,0,0,0,0,0,0,0,0,0,0,0,0,0,0,0,0,0,0,0,0,0,0,0,0,0,0,0,0,0,0,0,0,0,0,0,0,0,0,0,0,0,0,0,0,0,0,0.174,0,0,0,0.155,0,0,0,0,0,0,0,0,0,0.172,0,0,0,0,0,0,0,0.355,0,0,0,0,0,0,0,0,0,0,0,0,0,0,0,0,0,0,0,0,0,0,0,0,0,0,0,0.173,0.902,0,0,0,0,0,0,0,0,0.9,0,0,0,0,0,0.265,0,0,0,0,0,0,0,0,0,0,0,0,0,0,0,0,0,0,0,0.151,0,0,0,0,0,0,0,0,0,0,0,0,0,0,0,0,0,0,0,0,0,0,0,0,0,0,0,0,0,0.194,0,0,0,0,0,0,0,0,0.29,0,0,0,0,0,0,0,0,0,0,0,0,0,0,0,0,0,0,0,0,0,0,0,0,0,0,0,0,0,0,0,0,0,0,0,0,0,0,0,0,0.173,0,0,0,0,0,0,0,0,0,0,0,0,0,0,0,0,0,0,0,0,0.924,0,0,0,0,0,0,0,0,0,0,0,0,0,0,0,0,0,0,0,0,0,0,0,0,0,0.181,0,0,0,0,0,0,0.222,0,0,0,0,0,0,0,0.181,0,0,0,0,0,0.161,0,0.181,0,0,0,0,0,0,0,0,0.239,0,0,0,0,0,0,0,0,0,0,0,0,0,0,0,0.695,0,0,0,0.204,0,0,0,0,0,0,0,0,0,0,0,0,0,0,0,0,0,0,0,0,0,0,0,0,0,0,0,0,0,0,0,0,0,0,0,0,0.159,0,0,0,0,0,0,0,0,0.159,0,0,0,0,0,0.372,0,0,0,0.341,0.213,0,0,0,0,0,0,0,0,0,0,0,0,0,0,0,0,0,0,0,0,0,0,0,0,0,0,0,0,0,0,0,0.175,0,0,0,0,0.32,0,0,0,0,0,0,0,0,0,0.933,0,0,0,0,0,0,0,0,0,0,0,0,0,0,0,0,0,0,0,0,0,0.915,0,0,0,0,0,0,0,0,0,0,0,0,0,0,0,0,0,0,0,0,0,0,0.165,0,0,0,0,0,0,0,0,0,0,0,0,0,0,0,0,0,0,0,0,0,0,0,0,0,0,0.176,0,0,0.229,0,0,0,0,0,0,0,0,0,0,0,0,0,0,0,0,0,0,0,0,0,0,0,0,0,0,0,0,0,0,0,0,0,0,0,0,0,0,0,0,0,0,0,0,0,0.284,0,0,0,0,0,0,0,0,0,0,0,0,0,0,0,0,0,0,0,0,0,0,0,0,0,0,0.581,0,0,0,0,0,0,0,0,0,0,0,0,0,0,0,0,0,0,0,0,0,0,0,0,0,0,0,0,0,0,0,0,0,0,0,0,0,0,0,0,0,0,0,0,0,0,0,0,0,0,0,0,0,0,0,0,0,0,0,0,0,0,0,0,0,0.165,0,0,0,0.169,0,0,0,0,0,0,0,0,0,0,0,0,0,0,0,0,0,0,0,0,0,0,0,0,0,0,0,0,0,0,0,0,0,0,0,0,0,0,0,0,0,0,0,0,0,0,0,0,0,0,0,0,0,0,0,0,0,0,0,0,0,0,0,0,0,0,0,0,0,0,0,0,0,0,0,0,0,0,0,0,0,0,0,0,0,0,0,0,0,0,0,0,0,0,0,0,0,0,0,0,0,0,0,0,0,0,0,0,0,0,0,0,0,0,0,0,0,0,0,0,0,0,0,0,0,0,0,0,0,0,0,0,0,0,0,0,0,0,0,0,0,0,0.444,0,0,0,0,0,0,0,0,0,0,0,0,0,0,0,0,0,0,0.165,0,0,0,0,0,0,0,0,0,0,0,0,0,0,0,0,0,0,0,0,0,0.25,0,0,0,0,0,0,0,0,0,0,0,0,0,0,0,0,0.172,0,0,0,0,0,0,0,0,0,0,0,0,0,0,0,0,0,0,0,0,0,0,0,0,0,0,0,0,0,0,0,0,0,0,0,0,0,0,0,0.459,0,0,0,0,0,0,0,0,0,0,0,0,0,0,0,0,0,0,0,0,0,0,0,0,0,0,0,0,0,0,0,0,0,0,0,0,0,0,0,0,0,0,0,0,0,0,0,0,0,0,0,0,0,0,0,0.9,0,0,0,0,0,0,0,0,0,0,0,0,0,0,0,0,0,0,0,0,0,0,0,0,0,0,0,0,0,0,0,0,0,0,0,0,0,0,0,0,0,0,0,0,0,0,0,0,0,0,0,0,0,0,0,0,0,0,0,0,0,0,0,0,0,0,0,0,0,0,0,0,0,0,0,0,0,0,0,0,0,0,0,0,0,0,0,0,0,0.913,0.17,0,0,0,0,0,0,0,0,0,0,0,0,0,0,0,0,0,0.219,0,0,0,0,0,0,0,0,0,0,0,0,0,0,0,0,0,0,0,0,0,0,0,0,0,0,0,0,0,0,0,0,0,0,0,0,0,0,0,0,0,0,0,0,0,0,0,0,0,0,0,0,0,0,0,0,0,0,0,0,0,0,0,0,0,0,0,0,0,0,0,0,0,0,0,0,0,0,0,0,0,0,0,0,0,0,0,0,0,0,0,0,0,0,0,0,0,0,0,0,0,0,0,0.542,0,0,0,0,0,0,0,0,0,0,0,0,0,0,0,0,0,0,0,0,0.446,0,0,0,0,0,0,0,0,0,0,0,0,0,0,0,0,0,0.999,0,0,0,0,0,0,0,0,0,0,0,0,0,0,0,0,0,0,0,0,0,0,0,0,0,0,0,0,0,0,0,0,0,0,0,0,0,0,0,0,0,0,0,0,0,0,0,0,0,0,0,0,0,0,0.999,0.835,0,0,0,0,0,0,0,0,0,0,0,0,0,0,0,0.917,0,0,0.232,0,0,0,0,0,0,0,0,0,0,0,0,0,0,0,0,0,0,0,0,0,0,0,0,0,0,0,0,0,0,0,0,0,0,0,0,0,0,0,0,0,0,0,0,0,0,0,0,0,0,0,0,0,0,0,0,0,0,0,0,0,0.173,0,0,0,0,0,0,0,0,0,0,0,0,0,0,0,0,0,0,0,0,0,0,0,0,0,0,0,0,0,0,0,0,0,0,0,0.224,0,0,0,0,0,0,0,0,0,0,0,0,0,0,0,0,0,0,0,0,0,0,0,0.916,0,0,0,0,0,0,0,0,0,0,0,0,0,0,0,0,0,0,0,0,0,0,0,0,0,0,0,0,0,0,0,0,0,0,0,0.219,0,0,0,0,0,0,0,0,0,0,0,0,0,0,0,0,0,0,0,0,0,0,0,0
852228,0.166,0,0,0,0,0,0,0,0,0,0,0,0,0.301,0.232,0,0,0,0.183,0,0,0,0,0,0,0.259,0,0,0,0,0.396,0,0,0,0,0,0,0,0,0,0,0.222,0,0,0,0,0,0.222,0,0,0.521,0,0,0,0,0,0,0,0,0,0.183,0.813,0.641,0,0.227,0,0,0.259,0,0,0.543,0,0,0,0,0.199,0,0,0,0,0,0,0,0,0,0.183,0,0,0.151,0,0,0,0,0,0,0,0.179,0,0,0,0,0,0,0,0,0,0,0,0,0.675,0,0,0,0,0,0,0,0,0.174,0,0,0,0,0,0,0.211,0,0,0,0,0,0,0,0,0,0,0,0,0,0,0,0,0,0,0,0,0.659,0,0,0,0.258,0,0,0,0,0.227,0.793,0,0,0,0,0,0,0,0,0,0,0,0,0.6,0,0,0,0,0,0,0,0,0,0,0.162,0.199,0,0,0,0,0,0,0,0,0.188,0,0,0,0,0.42,0,0,0,0,0,0.942,0,0,0,0,0,0,0,0,0,0.805,0,0,0,0,0,0.736,0.503,0,0,0,0,0,0,0,0,0,0,0,0,0,0,0,0,0.981,0,0,0,0,0,0,0,0,0,0,0,0.561,0,0.211,0,0.222,0,0,0,0,0.44,0,0,0.215,0,0,0,0.185,0.27,0,0,0,0,0,0,0,0,0.765,0,0,0,0,0,0,0,0,0,0,0,0.182,0,0.458,0.785,0,0,0,0,0,0,0,0.208,0.172,0.202,0,0,0.211,0,0,0,0.379,0,0,0,0,0,0,0,0,0,0,0,0,0,0,0,0,0,0,0,0,0.162,0.255,0,0,0,0.978,0,0,0,0,0,0,0.225,0.21,0,0,0,0,0,0,0.974,0,0,0,0,0,0,0.257,0,0,0,0,0,0,0,0,0,0,0,0,0,0,0,0,0.309,0,0,0,0,0,0,0,0,0,0.647,0,0,0,0,0,0,0,0,0.341,0.204,0,0,0.296,0,0,0,0,0,0,0,0,0,0,0,0,0,0,0,0,0,0,0,0.262,0.27,0.164,0,0,0.197,0,0,0,0,0,0,0,0,0.171,0,0.667,0,0,0.153,0,0,0,0,0.726,0,0,0.322,0,0,0,0,0,0,0,0,0,0,0,0,0,0,0,0,0,0,0,0,0,0,0,0,0,0,0,0,0,0,0,0,0,0,0,0,0,0,0,0,0,0.446,0,0,0.166,0,0,0,0,0,0,0,0,0,0,0,0,0,0,0,0,0,0,0,0,0,0.171,0,0,0,0,0,0.157,0,0,0,0,0,0,0,0,0,0,0,0,0,0,0.472,0,0,0.22,0,0,0,0,0,0,0,0,0,0,0,0,0,0,0,0,0,0,0.349,0,0,0,0,0,0,0,0,0,0,0,0,0,0,0,0,0,0,0,0,0.991,0,0,0,0,0,0,0,0,0.312,0,0,0,0,0,0,0,0,0,0,0.2,0,0,0,0,0,0,0,0,0,0,0,0,0,0,0,0,0,0,0,0,0,0,0,0,0,0,0,0,0.202,0,0.151,0,0,0,0,0,0,0,0,0,0,0,0,0,0,0,0,0,0,0,0,0,0,0,0,0,0.184,0.181,0,0,0,0,0,0,0,0.178,0,0,0,0,0,0,0,0,0,0,0,0,0,0,0,0,0,0,0,0,0,0,0,0,0,0,0,0,0.211,0,0,0,0,0,0,0,0,0.166,0,0,0,0,0,0,0.177,0,0.177,0,0,0,0,0,0,0,0.174,0,0,0,0,0,0,0,0,0,0,0,0,0,0.24,0.447,0,0,0,0,0,0,0,0,0,0,0.334,0,0,0,0,0,0,0.816,0,0,0.191,0,0,0,0,0.407,0.238,0,0,0,0,0,0,0,0,0,0,0,0,0,0,0,0.323,0,0,0.263,0,0,0,0,0,0,0,0,0,0,0,0,0,0,0.908,0,0,0,0,0,0,0,0,0,0,0.197,0.164,0,0,0,0,0,0,0,0.187,0,0,0,0,0,0,0,0,0.292,0,0,0,0,0,0,0.171,0,0,0,0,0.936,0,0.21,0,0,0,0,0,0,0,0,0,0,0.417,0,0,0.597,0,0.845,0,0.227,0,0,0,0.169,0,0,0,0,0,0,0,0,0,0.308,0.227,0,0,0,0,0,0,0,0,0,0,0,0,0.422,0,0,0,0,0,0,0,0.17,0,0,0,0,0,0,0,0,0,0,0,0,0,0,0,0,0,0.968,0,0,0.384,0,0,0,0,0,0,0,0.224,0.381,0,0.211,0.932,0,0,0,0,0,0,0,0,0,0,0,0,0,0,0,0,0,0,0,0,0,0,0,0,0,0,0,0.388,0,0,0,0,0,0,0,0,0,0.796,0,0,0,0,0,0,0,0,0,0,0,0.543,0,0,0,0,0,0,0,0,0,0,0.224,0,0,0,0,0.181,0,0,0,0,0,0,0.156,0,0,0,0,0,0,0,0.181,0,0,0,0,0,0,0,0,0,0,0,0,0,0,0,0,0,0,0,0.181,0,0,0,0,0,0.206,0.988,0.526,0,0,0.996,0,0,0,0,0,0,0.677,0.814,0,0,0,0,0.184,0,0.389,0,0,0.208,0,0.283,0.399,0.372,0,0,0.221,0,0,0,0,0,0,0,0,0,0.251,0,0,0.808,0,0,0,0,0,0,0,0,0,0,0,0,0,0.776,0.255,0,0,0,0.175,0,0,0.187,0,0,0,0,0,0,0,0,0,0.346,0.237,0,0.237,0,0,0,0.174,0,0,0,0,0,0,0,0,0.206,0,0,0,0.17,0.245,0,0,0.509,0,0,0,0,0.187,0,0,0,0,0,0,0,0,0,0,0,0,0,0,0.212,0.702,0,0,0,0,0.648,0,0,0,0,0,0,0,0,0,0,0,0,0.232,0,0,0,0,0,0.161,0,0,0,0,0,0,0,0.795,0,0,0,0.326,0,0,0,0.764,0,0,0.192,0,0,0,0,0,0,0.484,0,0,0,0,0.264,0.183,0,0,0.152,0,0.23,0.27,0.154,0,0,0.18,0,0,0,0,0,0,0,0,0,0,0,0,0,0,0,0.205,0,0.167,0.177,0.241,0,0,0,0,0,0,0.581,0.428,0,0,0,0,0.369,0.196,0,0.525,0,0,0,0,0,0,0,0,0,0,0,0.177,0.209,0,0,0,0,0,0,0,0,0,0,0,0,0.206,0,0.314,0,0,0,0.428,0,0,0,0,0.736,0.589,0,0,0,0,0,0.236,0.159,0.552,0,0,0,0,0.935,0,0,0,0,0,0,0,0.863,0,0.166,0.23,0.665,0,0.575,0,0,0,0,0,0,0,0,0,0,0,0,0.446,0,0,0,0,0,0,0.333,0.471,0,0,0,0,0,0,0,0,0,0,0,0.429,0,0,0,0,0,0,0,0,0.174,0.804,0.416,0,0.487,0.449,0,0,0,0,0.235,0,0,0,0,0,0,0,0,0.177,0,0,0,0,0,0,0,0,0,0.432,0,0,0,0,0.588,0.462,0,0.371,0,0,0.151,0.216,0,0,0.623,0,0.756,0,0,0,0.182,0.19,0.198,0,0,0.689,0,0,0,0,0.271,0,0,0.409,0,0.198,0,0,0,0.277,0.408,0,0,0,0.698,0,0,0,0,0.243,0,0,0,0,0,0,0.703,0.446,0,0.193,0,0,0,0,0,0,0,0.905,0.414,0,0,0,0.333,0.346,0,0.635,0.833,0,0,0,0,0,0,0,0,0,0,0,0,0.198,0,0,0.271,0,0,0,0,0,0,0.231,0,0.184,0,0,0,0,0,0,0,0.166,0,0,0,0.25,0,0,0.376,0,0,0,0,0,0,0,0,0.668,0,0,0.999,0,0,0,0,0,0,0,0,0,0,0,0.166,0.476,0.223,0.82,0.281,0.465,0,0,0,0.237,0,0,0,0,0,0,0,0,0,0.213,0.173,0,0,0.15,0.696,0,0,0,0,0,0,0,0,0,0,0,0,0,0,0,0,0,0,0,0,0,0,0,0,0,0,0,0,0,0,0,0,0,0,0,0,0,0,0,0,0,0,0,0,0,0,0,0,0,0,0,0,0,0,0,0,0,0,0,0,0,0,0,0,0,0,0,0,0,0,0,0,0,0,0,0,0,0,0.588,0,0,0,0,0,0,0,0,0,0,0,0,0,0,0,0,0,0,0,0,0,0,0,0,0,0.152,0,0,0,0.273,0,0,0,0,0,0,0,0,0,0,0,0,0,0,0,0,0,0,0,0,0,0,0,0,0,0,0,0,0,0,0,0,0,0,0,0,0,0,0,0,0,0,0,0,0,0,0,0,0,0,0,0,0,0,0,0,0,0.383,0,0,0,0,0,0,0,0,0,0,0,0,0,0,0,0,0,0,0,0,0,0,0,0,0,0,0,0.319,0,0,0,0.192,0,0,0,0,0,0,0,0,0,0,0,0,0,0,0,0,0,0,0,0,0,0,0,0,0,0,0,0,0,0,0,0,0,0,0,0,0,0,0,0,0,0,0,0,0,0,0,0,0,0,0,0,0,0,0,0,0,0.225,0,0,0.153,0.163,0,0,0,0,0,0,0,0,0,0,0,0,0,0,0,0.507,0,0,0,0,0,0,0,0,0,0,0.208,0,0,0.161,0,0,0,0,0,0,0,0,0,0,0,0,0,0.172,0,0.256,0,0,0,0,0,0,0,0,0,0,0,0,0,0,0,0,0,0,0,0,0,0,0.169,0,0,0,0,0,0,0,0,0,0,0,0,0,0,0,0,0,0,0,0,0,0,0,0,0,0,0,0,0,0,0.172,0,0,0,0,0,0,0,0,0,0,0,0,0,0,0,0,0,0,0,0,0,0,0,0,0,0,0,0,0,0,0,0,0,0,0,0,0,0,0,0,0,0,0,0,0,0,0,0,0,0,0,0,0,0,0,0,0,0.172,0,0,0,0.156,0,0,0,0,0,0,0,0,0,0,0,0,0,0,0,0,0,0,0,0,0,0,0,0,0,0,0,0,0,0.204,0,0,0,0,0,0,0,0,0,0,0,0,0,0,0,0,0,0,0,0,0,0,0,0,0.176,0,0,0,0,0,0,0,0,0,0,0,0,0.164,0,0.244,0,0,0,0,0,0,0,0,0,0,0,0,0,0,0,0,0.16,0,0,0,0,0,0,0,0,0,0,0,0,0,0,0,0,0,0,0,0,0,0.317,0,0,0,0,0,0,0,0.227,0.672,0.69,0,0,0,0,0,0,0,0,0,0,0,0.216,0,0,0,0,0,0,0,0.994,0,0,0,0,0,0,0,0,0,0,0,0,0,0,0,0,0,0,0.329,0,0,0,0,0,0,0,0,0,0,0,0,0,0,0,0,0,0,0,0,0,0,0,0,0,0,0,0,0,0,0,0,0,0,0,0,0,0.162,0,0,0,0,0,0,0,0,0,0,0,0,0,0,0,0,0,0,0,0,0,0,0,0,0,0,0,0,0,0,0,0,0,0,0,0,0,0,0,0,0,0,0,0,0,0,0,0,0,0,0,0,0,0,0,0,0,0,0,0,0,0,0,0,0,0,0,0,0,0,0,0,0,0,0,0,0,0,0,0,0,0,0,0,0,0,0,0,0,0,0,0,0,0,0,0,0,0,0,0,0,0,0,0,0,0,0,0,0,0,0,0,0,0,0,0,0,0,0,0,0,0,0,0,0,0,0,0,0,0,0,0,0,0,0,0,0,0,0,0,0,0,0,0,0,0,0,0,0,0,0,0,0,0,0.247,0,0,0,0,0,0,0,0,0,0,0,0,0,0,0,0,0,0,0,0,0,0,0,0,0,0,0,0,0,0,0,0,0,0,0,0,0,0,0,0,0,0,0,0,0,0,0,0,0,0,0,0,0,0,0,0,0,0,0,0,0,0,0,0,0,0,0,0,0,0,0,0.315,0,0,0,0,0.181,0,0.162,0,0,0,0,0,0,0,0,0,0,0,0,0,0,0,0,0,0,0,0,0,0,0,0,0,0,0,0,0,0,0,0,0,0,0,0,0,0,0,0,0,0,0,0,0,0,0,0,0,0,0,0,0,0,0,0,0,0,0,0,0,0,0,0,0,0,0,0,0,0,0,0,0,0,0,0,0,0,0,0,0,0.554,0,0,0,0,0,0,0,0,0,0,0,0,0,0,0,0,0,0,0,0,0,0,0,0,0,0,0,0,0,0,0,0,0,0,0,0,0,0,0,0,0,0,0,0,0.199,0,0,0,0,0,0,0,0,0,0,0,0,0,0,0,0,0,0,0,0,0,0,0,0,0,0,0,0,0.249,0,0,0,0,0,0,0,0,0,0,0,0,0,0,0,0,0,0,0,0,0,0.153,0.245,0,0,0,0,0.202,0,0,0,0,0,0,0,0,0,0,0,0,0.158,0,0,0,0,0,0,0,0,0,0,0.56,0,0,0,0,0,0,0,0,0,0,0,0,0,0,0,0.403,0,0,0,0,0,0,0,0,0,0,0,0,0,0,0,0,0,0,0,0,0,0,0.262,0.153,0,0,0,0,0,0,0,0,0,0,0,0,0,0.349,0,0,0,0,0,0.362,0,0,0,0,0,0,0.482,0,0,0,0.532,0,0,0,0,0,0.782,0,0,0,0,0,0,0,0,0,0,0,0,0,0,0,0,0,0,0,0,0,0,0,0,0,0,0.413,0,0,0,0,0,0,0,0,0,0,0,0.211,0,0,0,0,0,0,0,0,0,0.508,0,0,0,0,0,0,0,0,0,0,0,0,0,0,0,0,0,0,0,0,0,0,0,0,0,0,0,0,0,0,0,0,0,0,0,0,0,0,0,0,0,0,0,0,0,0,0,0,0,0,0,0,0,0,0,0,0,0,0,0,0,0,0,0,0,0,0,0,0,0,0,0,0,0,0,0,0,0,0,0,0,0,0,0,0,0,0,0,0,0,0,0,0,0,0,0,0,0,0,0,0,0,0,0,0,0,0,0,0,0,0,0,0,0,0,0,0,0,0,0,0,0,0,0,0,0,0,0,0,0,0,0,0,0,0,0,0,0,0,0,0,0,0,0,0,0,0,0,0,0,0,0,0,0,0,0,0,0,0,0,0,0,0,0,0,0,0,0,0,0,0,0,0,0,0,0,0,0.238,0,0,0,0,0,0,0,0.217,0,0,0,0,0,0,0,0,0,0,0,0,0,0,0,0,0,0.168,0,0,0,0,0,0,0,0,0,0,0,0,0.321,0,0,0,0.692,0,0,0,0,0,0,0,0,0,0,0,0,0.3,0,0,0,0,0,0,0,0,0,0,0,0,0,0,0,0,0,0,0,0,0,0,0,0,0,0,0,0,0,0,0,0,0,0,0,0,0,0,0,0,0,0,0,0,0,0,0,0,0,0,0,0,0,0,0,0,0,0,0,0,0,0,0,0,0,0,0,0,0,0,0,0,0,0,0,0,0,0,0,0,0,0,0,0,0,0,0,0,0,0,0,0,0,0,0,0,0,0,0,0,0,0,0,0,0.298,0,0,0,0,0,0,0,0,0,0,0,0,0,0,0,0,0,0,0,0,0,0,0,0,0,0,0,0,0,0,0,0,0,0,0,0,0,0,0,0,0,0,0,0,0,0,0,0,0,0,0,0,0,0,0,0,0,0,0,0,0,0,0,0,0,0,0,0,0,0,0,0,0,0,0,0,0,0,0,0,0,0,0,0,0,0,0.221,0,0,0,0,0,0,0,0,0,0,0,0,0,0,0,0,0,0,0,0,0,0,0,0.159,0,0,0,0,0,0,0,0,0,0,0,0,0,0,0,0.387,0,0,0,0,0,0,0,0,0,0,0,0,0,0,0,0,0,0,0,0,0,0,0,0,0,0,0,0,0,0,0,0,0,0,0,0,0,0,0,0,0,0,0,0,0,0,0,0,0,0,0,0,0,0,0,0,0,0,0,0,0,0,0,0,0,0,0,0,0,0,0,0,0,0,0,0,0,0,0,0,0,0,0,0,0,0,0,0,0,0,0,0,0,0,0.215,0,0,0,0,0,0,0,0,0,0,0,0,0,0,0,0,0,0,0,0,0,0,0,0,0,0,0,0,0,0,0,0,0,0,0,0,0,0,0,0,0,0,0,0,0,0,0,0,0,0,0,0,0,0,0,0,0,0,0,0,0,0,0,0,0,0,0,0,0,0,0,0,0,0,0,0,0,0,0,0,0,0,0,0,0,0,0,0,0,0,0,0,0,0,0,0,0,0,0,0,0,0,0,0,0,0,0,0,0,0,0,0,0,0,0,0,0,0,0,0,0,0,0,0,0.202,0,0,0,0,0,0,0,0,0,0,0,0,0,0,0,0,0,0,0,0,0,0,0,0,0,0,0,0,0,0,0,0.167,0,0,0,0,0,0,0,0,0,0,0,0,0,0,0.201,0,0,0.79,0,0,0,0,0,0,0,0,0,0,0,0,0,0,0,0,0,0,0,0,0,0,0,0,0,0,0,0,0,0,0,0.355,0,0,0,0,0,0,0,0,0,0,0,0,0,0,0,0,0,0,0,0,0,0,0,0,0,0,0,0,0,0,0,0,0,0,0,0,0,0,0,0,0,0,0,0,0,0.154,0,0,0,0,0,0,0,0,0,0,0,0,0,0,0,0,0,0,0,0,0,0,0,0,0,0,0,0,0,0,0,0,0,0,0,0,0,0,0,0,0,0,0,0,0,0,0,0,0,0,0,0,0,0,0,0,0,0,0,0,0,0,0,0,0,0,0,0.305,0,0,0,0,0,0,0,0,0,0,0,0,0,0,0,0,0,0,0,0,0,0,0,0,0,0,0,0,0,0,0,0,0,0,0,0,0,0,0,0,0,0,0,0,0,0,0,0,0,0,0,0,0,0,0,0,0,0,0,0,0,0,0,0,0,0,0,0,0,0,0,0,0,0,0,0,0,0,0,0,0,0,0,0,0,0,0,0,0,0,0,0,0,0,0,0,0,0,0,0,0,0,0,0,0,0,0,0,0,0,0,0,0,0,0,0,0,0.438,0.194,0,0,0,0,0,0,0,0,0,0,0,0,0,0,0,0,0,0,0,0,0,0,0,0,0,0,0,0,0,0,0,0,0,0,0,0,0,0,0,0,0,0,0,0,0,0,0,0,0,0,0,0,0,0,0,0,0,0,0,0,0,0,0,0,0.2,0,0,0,0,0,0,0,0,0,0,0,0,0,0,0,0,0,0,0,0,0,0,0,0,0,0,0,0,0,0,0,0,0,0,0,0,0,0,0,0,0,0,0,0,0,0,0,0,0,0,0,0,0,0,0,0,0,0,0,0,0,0,0,0,0,0,0,0,0,0,0,0,0,0,0,0,0,0,0.22,0,0,0,0,0.297,0,0,0,0,0,0,0,0,0,0,0,0,0,0,0,0,0,0,0,0,0,0,0,0,0,0,0,0,0,0,0,0,0,0,0,0,0,0,0,0,0,0,0,0,0,0,0,0,0,0.162,0,0,0,0,0,0,0,0,0,0,0,0,0,0,0,0,0,0,0,0,0,0,0,0,0,0,0,0,0,0,0,0,0,0,0,0,0,0,0,0,0,0,0,0,0,0,0,0,0,0,0,0,0,0,0,0,0,0,0,0,0,0,0,0,0,0,0,0,0,0,0,0,0,0,0,0,0,0,0,0,0,0,0,0,0,0,0,0,0,0,0,0,0,0,0,0,0,0,0,0,0,0,0,0,0,0,0,0,0,0,0,0,0,0,0,0,0,0,0,0,0,0,0,0,0,0,0,0,0,0,0,0,0,0,0,0.175,0,0,0,0,0,0,0,0.2,0,0,0,0,0,0,0,0,0,0,0.2,0,0,0,0,0,0,0,0.52,0,0,0,0,0,0,0,0,0,0,0,0,0,0,0,0,0,0,0,0,0,0,0,0,0,0,0,0,0,0,0,0,0,0,0.193,0,0,0,0,0,0,0,0,0,0,0,0,0,0,0,0,0,0,0,0,0,0,0,0,0,0,0,0,0,0,0,0,0,0,0,0,0,0,0,0,0,0,0,0,0,0,0,0,0,0,0,0.387,0,0,0,0,0,0,0,0,0,0,0,0,0,0,0,0,0,0,0,0,0,0,0,0,0,0,0,0,0,0,0,0,0,0,0,0,0,0,0,0,0,0,0,0,0,0,0,0.329,0,0,0,0,0,0,0,0,0,0,0,0,0,0,0,0,0,0,0,0,0,0,0,0,0,0,0,0,0,0,0,0,0,0,0,0,0,0,0,0,0
852348,0,0,0,0,0,0,0,0,0,0,0,0,0,0,0,0,0,0,0,0,0,0,0,0,0,0,0,0,0,0,0,0,0,0,0,0,0,0,0,0,0,0,0,0,0,0,0,0,0,0,0,0,0,0,0,0.392,0,0,0,0,0,0,0,0,0,0,0,0,0,0,0,0,0,0,0,0,0.794,0,0,0,0,0,0,0,0,0,0,0,0,0,0,0,0,0,0,0,0,0,0,0,0,0,0,0,0,0,0,0,0,0,0,0,0,0,0,0,0,0,0,0,0,0,0,0,0,0.229,0,0,0,0,0,0,0,0,0,0,0,0,0,0,0,0,0,0,0,0,0,0,0,0,0,0,0,0,0,0,0,0,0,0,0,0,0,0,0,0,0,0,0,0,0,0,0,0,0,0,0,0,0,0,0,0,0,0,0,0,0,0,0,0,0,0,0,0,0.151,0,0,0,0,0,0,0,0,0,0,0,0,0,0,0.201,0,0,0,0,0,0,0,0,0,0,0,0,0,0,0,0,0,0,0,0,0,0,0,0,0,0,0,0,0,0.198,0,0,0,0,0,0,0,0,0,0,0,0,0.161,0,0,0,0,0,0,0,0,0,0,0,0.195,0,0,0,0,0,0,0,0,0,0,0,0,0,0,0,0,0,0,0,0,0,0,0.175,0,0,0,0,0,0,0,0,0,0,0,0,0,0,0,0,0,0,0.276,0,0,0,0,0,0,0,0,0,0,0,0,0,0,0,0,0,0,0,0,0,0,0,0,0,0,0,0,0,0,0,0,0,0,0,0,0,0,0,0,0,0,0,0,0,0,0,0,0,0,0,0.365,0,0,0,0,0,0,0,0,0,0,0,0,0,0,0,0,0,0,0,0,0,0,0,0,0,0,0,0,0,0,0,0,0,0,0,0,0.335,0,0,0,0,0,0,0,0,0,0,0,0,0,0,0,0,0,0,0,0,0,0,0,0,0,0,0,0,0,0,0,0,0,0,0,0,0,0,0,0,0,0,0,0,0,0,0,0,0,0,0,0,0,0,0,0,0,0,0,0,0,0,0,0,0,0,0,0,0,0,0,0,0,0,0,0,0,0,0,0,0,0,0,0,0,0,0,0,0,0,0,0,0,0,0,0,0.152,0,0,0,0,0,0,0,0,0,0,0,0,0.151,0,0,0,0,0,0,0,0,0,0,0,0,0,0,0,0,0,0,0,0,0,0,0,0,0,0,0,0,0,0,0,0,0,0,0,0,0,0,0,0,0,0,0,0.336,0,0,0,0,0,0,0,0,0,0,0,0,0,0,0,0,0,0,0,0,0,0,0,0,0,0,0,0,0,0,0,0,0,0,0,0,0,0,0,0,0,0,0,0,0,0,0,0,0,0,0,0,0,0,0,0,0,0,0,0,0,0,0,0,0,0,0,0,0,0,0.167,0,0,0,0,0,0,0,0,0,0,0,0,0,0,0,0,0,0,0,0,0,0,0,0,0,0,0,0,0,0,0,0,0,0,0,0,0,0,0,0,0,0.219,0,0.392,0,0,0,0,0,0,0,0,0,0,0,0,0,0,0,0,0,0,0,0,0,0,0,0,0,0,0,0,0,0,0,0,0,0,0,0,0.196,0,0,0,0,0,0,0.195,0,0,0,0,0,0,0,0,0,0,0,0,0,0,0,0,0,0,0,0,0,0,0,0,0,0,0,0,0,0,0,0,0,0,0,0,0,0,0,0,0,0,0,0,0,0,0,0,0,0,0,0,0,0,0,0,0,0,0,0,0,0,0,0,0.209,0,0.273,0,0,0,0,0,0,0,0,0.189,0,0,0,0,0,0,0,0,0,0,0,0,0,0,0,0,0,0,0,0,0,0,0,0.445,0,0,0,0,0,0,0,0,0,0,0,0,0,0,0,0,0,0,0,0,0,0,0,0,0,0,0,0,0,0,0,0,0,0,0,0,0,0,0,0,0,0,0,0,0,0,0,0,0,0,0,0,0,0,0,0,0,0,0,0,0,0,0,0,0,0,0,0,0,0,0,0,0,0,0,0,0,0,0.307,0,0,0,0,0,0,0,0.371,0,0,0,0,0,0,0,0,0,0,0,0,0,0,0,0,0,0,0,0,0,0,0,0,0,0,0,0,0,0,0,0,0,0,0,0,0,0,0,0,0,0,0,0,0,0,0,0,0,0,0,0,0,0,0,0,0,0,0,0,0,0,0,0,0,0,0,0,0,0,0,0,0,0,0,0,0,0,0,0,0,0,0,0,0,0,0,0,0,0,0,0,0,0,0,0,0,0,0,0,0,0,0,0,0,0,0,0,0,0,0,0,0,0,0,0,0,0,0,0,0,0,0,0,0,0,0,0,0,0,0,0,0,0,0,0,0,0,0,0,0,0,0,0,0,0,0,0,0,0,0,0,0,0,0,0,0,0,0,0,0,0,0,0,0,0,0,0,0,0,0,0,0,0,0,0,0,0,0,0,0,0,0,0,0,0,0,0,0,0,0,0,0,0,0,0,0.161,0,0,0,0,0,0,0,0,0,0,0,0,0,0,0,0,0,0,0,0,0,0,0,0,0,0,0,0,0,0,0,0,0,0,0,0,0,0,0,0,0,0,0,0,0,0,0,0,0,0,0,0,0,0,0,0,0,0,0,0,0,0,0,0,0,0,0,0,0,0,0,0,0,0,0,0,0,0,0,0,0,0,0,0,0,0,0,0,0,0,0,0,0,0,0,0,0,0,0,0.199,0,0,0,0,0,0,0,0,0,0,0,0,0,0,0,0,0,0,0,0,0,0,0,0,0,0,0,0,0,0,0,0,0,0,0,0,0,0,0,0,0,0,0,0,0,0,0,0,0,0,0,0,0,0,0,0,0,0,0,0,0,0,0,0,0,0,0,0,0,0,0.167,0,0,0,0,0,0,0,0,0,0,0,0,0,0,0,0,0,0,0,0,0,0,0,0,0,0,0,0,0,0,0,0,0,0,0,0,0,0,0,0,0,0,0,0,0,0,0,0,0,0,0,0,0,0,0,0,0,0,0,0,0,0,0,0,0,0,0,0,0,0,0,0,0,0,0,0,0,0,0,0,0,0,0,0,0,0,0,0,0,0,0,0,0,0,0,0,0,0,0.959,0,0,0,0,0.68,0,0,0,0,0,0,0,0,0,0,0,0,0,0,0,0,0,0,0,0,0,0,0,0,0,0.349,0,0,0,0,0,0,0,0,0,0,0,0,0,0,0,0,0,0,0,0,0,0.201,0,0,0,0,0,0,0,0,0,0,0,0,0,0,0,0,0,0,0,0,0,0,0,0,0,0,0,0,0,0,0,0,0,0,0,0,0,0,0,0,0,0,0,0,0,0,0,0,0,0,0,0,0,0,0,0,0,0,0,0,0,0.224,0,0,0,0,0,0,0,0,0,0,0.437,0,0,0,0,0,0,0,0,0,0,0,0,0,0,0,0,0,0,0,0,0,0,0,0,0,0,0,0,0,0,0,0,0,0,0,0,0,0,0,0,0,0,0,0,0.218,0,0,0,0,0,0,0,0,0,0,0,0.216,0,0,0,0,0,0,0,0,0,0,0,0,0,0,0,0,0,0,0,0,0,0,0,0,0,0,0,0,0,0,0,0,0,0,0.309,0,0,0,0,0,0,0,0,0,0,0,0,0,0,0,0,0,0,0,0,0,0,0,0,0,0,0,0,0,0,0,0,0,0,0,0,0,0,0,0,0,0,0,0,0,0,0,0,0,0,0,0,0,0,0,0,0,0,0,0,0,0,0,0,0,0,0,0,0,0,0,0,0,0,0,0,0,0,0.212,0,0,0,0,0.319,0,0,0,0,0,0,0,0,0,0,0,0,0,0,0,0,0,0,0,0,0,0,0,0,0,0,0,0,0,0,0,0,0,0,0,0,0,0,0,0,0,0,0,0,0,0,0,0,0,0,0,0,0,0,0,0,0,0,0,0,0,0,0,0,0,0,0,0,0,0,0,0,0,0,0,0,0,0,0,0,0,0,0,0,0,0,0,0,0,0,0,0,0,0,0,0,0,0,0,0,0,0,0,0,0,0,0,0,0,0,0,0,0,0,0,0,0,0,0,0,0,0.288,0,0,0,0,0,0,0,0,0,0,0,0,0,0,0,0,0,0,0,0,0,0,0,0,0,0,0.16,0,0,0,0,0,0,0,0,0,0,0,0,0,0,0,0,0,0,0,0,0,0,0,0,0,0,0,0,0,0,0,0,0,0,0,0,0,0,0,0,0,0,0,0,0,0,0,0,0,0,0,0,0,0,0,0,0,0,0,0,0,0,0,0,0,0,0,0,0,0,0,0,0,0,0,0,0,0,0,0,0,0,0,0,0,0,0,0,0,0,0,0,0,0,0,0.197,0,0,0,0,0,0,0,0,0,0,0,0,0,0,0,0,0,0,0,0,0,0,0,0,0,0,0,0,0,0,0,0,0,0,0,0,0,0,0,0.613,0,0,0,0,0,0,0,0,0,0,0,0,0,0,0,0,0,0,0,0,0,0,0.37,0,0,0,0,0,0,0,0.196,0,0,0,0,0,0,0,0,0,0,0,0,0,0,0,0,0,0,0,0,0,0,0,0,0,0,0,0,0,0,0,0,0,0,0,0,0,0,0,0,0,0,0,0,0,0,0,0,0,0,0,0,0,0,0,0,0,0,0,0,0,0,0,0,0,0,0,0,0,0,0,0,0,0,0,0,0,0,0,0,0,0,0.412,0,0,0,0,0,0,0,0,0,0,0,0,0,0,0,0,0,0,0,0,0,0,0,0,0,0,0,0,0,0,0,0,0,0,0,0,0,0,0,0,0,0,0,0,0.215,0,0,0,0,0,0,0,0,0,0,0,0,0,0,0,0,0,0,0.201,0,0,0,0,0,0,0,0,0,0,0,0,0,0,0,0,0,0,0,0,0,0,0,0,0,0,0,0,0,0,0,0,0,0,0,0,0,0,0,0,0,0,0,0,0,0,0,0,0,0,0,0,0,0,0,0,0,0,0,0,0,0,0,0,0,0,0,0,0,0,0,0,0,0,0,0,0,0,0,0,0,0,0,0,0,0,0,0,0,0,0,0,0,0,0,0,0,0,0,0,0,0,0,0,0,0,0,0,0,0,0,0,0,0,0,0,0,0,0,0,0,0,0,0,0,0,0,0.445,0,0,0,0,0,0,0,0,0,0.34,0,0,0,0,0,0,0,0,0,0,0,0,0,0.396,0,0,0,0,0,0,0,0,0,0,0,0,0,0,0,0,0,0,0,0,0,0,0,0,0,0,0,0,0,0,0,0.217,0,0,0,0.538,0,0,0,0,0,0,0,0,0,0,0,0,0,0,0,0,0,0.611,0,0,0,0,0,0,0,0,0.276,0,0,0,0,0,0,0.446,0,0,0,0,0,0,0,0,0,0,0,0,0,0,0,0,0,0,0,0,0,0,0.338,0,0,0,0,0,0,0,0,0,0,0,0,0,0,0,0,0,0,0,0,0,0,0,0,0,0,0,0,0,0,0,0,0,0,0,0,0,0,0,0,0,0,0.437,0,0,0,0,0,0,0,0,0,0,0,0,0,0,0,0,0,0,0,0,0,0,0,0,0,0,0,0,0,0,0,0,0,0,0,0,0,0,0,0,0,0,0,0,0,0,0,0,0,0,0,0,0,0,0,0,0,0,0,0,0,0,0,0,0,0,0,0,0,0,0,0,0,0,0,0,0,0,0,0,0,0,0,0,0,0,0,0,0,0,0,0,0,0,0,0,0,0,0,0,0.168,0,0,0,0,0,0,0,0,0,0,0,0,0,0,0,0,0,0,0,0,0,0,0,0,0,0,0,0,0,0,0,0,0,0,0,0,0,0,0,0,0,0,0,0,0,0,0,0,0,0,0,0.191,0,0,0,0,0,0,0,0,0,0,0,0,0,0,0,0,0,0,0,0,0,0,0,0,0,0,0,0,0,0,0,0,0,0,0,0,0,0,0,0,0,0,0,0,0,0,0,0,0,0,0,0,0.22,0,0,0,0.787,0,0.192,0,0,0,0,0,0,0,0,0,0,0,0,0,0,0,0,0,0,0,0,0,0,0,0,0,0,0,0,0,0,0,0,0,0,0,0,0,0,0,0,0,0,0,0,0,0,0,0,0,0,0,0,0,0,0,0,0,0,0,0,0,0,0,0,0,0,0,0,0,0,0,0,0,0,0,0,0,0,0,0,0,0,0,0,0,0,0,0,0,0,0,0,0,0,0,0,0,0,0,0,0,0,0,0,0,0,0,0,0,0,0,0,0,0,0.171,0,0,0,0,0,0,0,0,0,0,0,0,0,0,0,0,0,0,0,0,0,0,0,0,0,0,0,0,0,0,0,0,0,0,0,0,0,0,0,0,0,0,0,0,0,0,0,0,0,0,0,0,0,0,0,0,0,0,0,0,0,0,0,0,0,0,0,0,0,0,0,0,0,0,0,0,0,0,0,0,0,0,0,0,0,0,0,0,0,0,0,0.32,0,0,0,0,0,0,0,0,0,0,0,0,0,0,0,0,0,0,0,0,0,0,0,0,0,0.317,0,0,0,0,0,0,0,0,0,0,0,0,0,0,0,0,0,0,0,0,0,0,0,0,0,0,0,0,0,0,0,0,0,0,0,0,0,0,0,0,0,0,0,0,0,0,0,0,0,0,0,0,0,0,0,0,0,0,0,0,0,0,0,0,0,0,0,0,0,0,0,0,0,0,0,0,0,0,0,0,0,0,0,0,0,0,0,0,0,0,0,0,0,0,0,0,0,0,0,0,0,0,0,0,0,0,0,0,0,0,0,0,0,0,0,0,0,0,0,0,0,0,0,0,0,0,0,0,0,0,0,0,0,0,0,0,0,0,0,0,0,0,0,0,0,0,0,0,0,0,0,0,0,0,0,0,0,0,0,0,0,0,0.194,0,0,0,0,0,0,0,0,0,0,0,0,0,0,0,0,0,0,0,0,0,0,0,0,0,0,0,0,0,0,0,0,0.515,0,0,0,0,0,0,0,0,0,0,0,0,0,0,0,0,0,0,0,0,0.26,0,0,0,0,0,0,0,0,0,0,0,0.398,0,0,0,0,0,0,0,0,0,0,0,0,0,0,0,0,0,0,0,0,0,0,0,0,0,0,0,0,0,0,0,0,0,0,0,0,0,0,0,0,0,0,0,0,0,0,0,0,0,0,0,0,0,0,0,0,0,0,0,0,0,0,0,0,0,0,0,0,0,0,0,0,0.212,0,0,0,0,0,0,0,0,0,0,0,0,0,0,0,0,0,0,0,0,0,0,0,0,0,0,0,0,0,0,0,0,0,0,0,0,0,0,0,0,0,0.549,0,0,0,0,0,0,0,0,0,0,0,0,0,0,0,0,0,0,0,0,0,0,0,0,0,0,0,0,0,0,0,0,0,0,0,0,0,0,0,0,0,0,0,0,0,0,0.515,0,0,0,0,0,0,0,0,0,0,0,0,0,0,0,0,0,0,0,0,0,0,0,0,0,0,0,0,0,0,0,0,0,0,0,0,0,0,0,0,0,0,0,0,0,0,0,0,0,0,0,0,0,0,0,0,0,0,0,0,0,0,0.39,0,0,0,0,0,0,0,0,0,0,0,0,0,0,0,0,0,0,0,0,0,0,0,0,0,0,0,0.445,0,0,0,0,0,0,0,0,0,0,0,0,0,0,0,0,0,0,0,0,0,0,0,0,0,0,0,0,0,0,0,0,0,0,0,0,0,0,0,0,0,0,0,0,0,0,0,0,0,0,0,0,0,0,0,0,0,0,0,0,0,0,0,0,0,0,0,0,0,0,0,0,0,0,0,0,0,0,0,0,0,0,0,0,0,0,0,0,0,0,0,0,0,0,0,0,0,0,0,0,0,0,0,0,0,0,0,0,0,0,0,0,0,0,0,0,0,0,0,0,0,0,0,0,0,0,0,0,0,0,0,0,0,0,0,0,0,0,0,0,0,0,0,0,0,0,0,0,0,0,0,0,0,0,0,0,0,0,0,0,0,0,0,0,0,0,0,0,0,0,0,0,0,0,0,0,0,0,0,0,0,0,0,0,0,0,0,0,0,0,0,0,0,0,0,0,0,0,0,0,0,0,0,0,0,0,0,0,0,0,0,0,0,0,0,0,0,0,0,0,0,0,0,0,0,0,0,0,0,0,0,0,0,0,0,0,0,0,0,0,0,0,0,0,0,0,0,0,0,0,0,0,0,0,0,0,0,0,0,0,0,0,0,0,0,0,0,0,0.338,0,0,0,0,0,0,0,0,0,0,0,0,0,0,0,0,0,0,0,0,0,0,0,0,0,0,0,0,0,0,0,0,0,0,0,0,0,0,0,0,0,0,0,0,0,0,0,0,0,0,0,0,0,0,0,0,0,0,0,0,0,0,0,0,0,0,0,0,0,0,0,0,0,0,0,0,0,0,0,0,0,0,0,0,0,0,0,0,0,0,0,0,0,0,0,0,0,0.169,0,0,0,0,0,0,0,0,0,0,0,0,0,0,0,0,0,0,0,0,0,0,0,0,0,0,0,0,0,0,0,0,0,0,0,0,0,0,0,0,0,0,0,0,0,0,0,0,0,0,0,0,0,0.217,0,0,0,0,0,0,0,0,0,0,0,0,0,0,0,0,0,0,0,0,0,0,0,0,0,0,0,0,0,0,0,0,0,0,0,0,0,0,0,0,0,0,0,0,0,0,0,0,0,0,0,0,0,0,0,0,0,0,0,0,0,0,0,0,0,0,0,0,0,0,0,0,0,0,0,0,0,0,0,0,0,0,0,0,0,0,0,0,0,0,0,0,0,0,0,0,0,0,0,0,0,0,0,0,0,0,0,0,0,0,0,0.214,0,0,0,0,0,0,0,0,0,0,0,0,0,0,0,0,0,0,0,0,0,0,0,0,0,0,0,0,0,0,0,0,0,0,0,0,0,0,0,0,0,0,0,0,0,0,0,0,0,0,0,0,0,0,0,0,0,0,0,0,0,0,0,0,0,0,0,0,0,0,0,0,0,0,0,0,0.153,0,0,0,0,0,0,0,0,0,0,0,0,0,0,0,0,0,0,0,0,0,0,0,0,0,0,0,0,0,0,0,0,0,0,0,0,0,0,0,0,0,0,0,0,0,0,0,0,0,0,0,0,0,0,0,0,0,0,0,0,0,0,0,0,0,0,0,0,0,0,0,0,0,0,0,0,0,0,0,0,0,0,0,0,0,0,0,0,0,0,0,0,0,0,0,0,0,0,0,0,0,0,0,0,0,0,0,0,0,0,0,0,0,0,0,0,0,0,0,0,0,0,0,0,0,0,0,0,0,0,0,0,0,0,0,0,0,0,0,0,0,0,0,0,0,0,0,0,0,0,0,0,0,0,0,0,0,0,0,0,0,0,0,0,0,0,0,0,0,0,0,0,0,0,0,0,0,0,0,0,0,0,0,0,0.25,0,0,0,0,0,0,0,0,0,0,0,0,0,0,0,0,0,0,0,0,0,0,0,0,0,0,0,0,0,0,0,0,0,0,0,0,0,0,0,0,0,0,0,0,0,0,0,0,0,0,0.217,0,0,0,0,0,0,0,0,0,0,0,0,0,0,0,0,0,0,0,0,0,0,0,0,0,0,0,0,0,0,0,0,0,0,0,0,0,0,0,0,0,0,0,0,0,0,0,0,0,0,0,0,0,0,0,0,0,0,0,0,0,0,0,0,0,0,0,0,0,0,0,0,0,0,0,0,0,0,0,0,0,0,0,0,0,0
853557,0,0,0,0,0,0,0,0,0,0,0,0,0,0,0,0,0,0,0,0,0,0,0,0,0,0,0,0,0,0,0,0,0,0,0,0,0,0,0,0,0,0,0,0,0,0,0,0,0,0,0,0.999,0,0,0,0,0,0,0,0,0,0,0,0,0,0,0,0,0,0,0.217,0,0,0,0.151,0,0,0,0,0,0,0,0,0,0,0,0,0,0,0,0,0,0,0,0,0.999,0,0,0,0,0,0,0,0,0,0,0,0,0,0,0,0,0,0,0,0,0,0,0,0,0,0,0.172,0,0,0,0,0.927,0,0,0,0,0,0,0,0,0.153,0,0,0,0.999,0.161,0,0,0,0,0,0,0,0,0.151,0,0,0,0,0,0,0,0,0,0,0,0,0,0,0,0,0,0,0,0,0,0,0,0,0,0,0,0,0,0,0,0,0,0,0,0,0,0.264,0.187,0,0,0,0.158,0,0,0,0,0,0,0,0.202,0,0.836,0,0,0.999,0,0,0,0,0.193,0,0.349,0,0,0.352,0,0,0,0.999,0,0,0.543,0,0,0,0,0,0.914,0,0,0.999,0,0.351,0,0.158,0,0,0,0,0,0,0.174,0.405,0,0,0,0,0,0,0,0,0,0,0,0,0,0,0,0,0,0,0.162,0.192,0,0,0,0,0,0,0,0,0,0,0.964,0,0,0.158,0,0,0,0.707,0,0,0.559,0,0.175,0,0.245,0,0,0,0,0,0,0,0.803,0,0,0.999,0,0,0,0,0,0,0,0,0.999,0,0,0,0,0.969,0,0,0,0,0,0,0,0,0,0,0.174,0,0,0,0.91,0,0,0,0,0,0,0,0,0.152,0,0,0,0,0.254,0,0,0,0,0,0,0.456,0,0,0,0,0,0,0,0,0.326,0,0,0,0,0,0,0.304,0,0,0.999,0,0.724,0,0,0,0,0.999,0,0,0,0,0,0,0.998,0,0,0,0,0,0.173,0,0,0,0,0,0,0.999,0,0.387,0,0.201,0,0,0,0,0.215,0,0,0,0.928,0,0,0,0,0,0,0,0,0,0,0,0,0,0,0,0.444,0,0,0.158,0,0.191,0,0,0,0,0,0,0,0,0,0,0,0,0,0,0,0,0,0,0,0.997,0,0.246,0.269,0,0,0,0.175,0,0.212,0,0,0,0,0,0,0,0,0,0,0,0,0,0.999,0,0,0,0,0,0.736,0,0,0,0,0,0.17,0,0,0,0,0,0.914,0,0,0,0,0,0,0,0,0,0,0,0,0.197,0,0,0,0.842,0,0,0,0,0.207,0,0,0.999,0.31,0,0,0,0,0,0,0,0,0.469,0,0,0,0,0,0,0,0,0,0.908,0,0,0,0.29,0,0,0,0,0,0,0,0,0,0,0,0,0,0,0,0,0,0,0,0,0,0,0,0,0.323,0,0,0,0,0,0,0,0,0,0,0,0,0,0,0,0,0,0,0,0.912,0,0,0.171,0,0,0,0,0,0,0,0,0.354,0,0,0,0,0,0,0,0,0,0,0,0,0,0,0,0,0,0,0,0,0,0,0,0,0,0,0.434,0,0,0,0,0,0,0,0,0,0.596,0,0,0,0,0,0,0,0.161,0,0,0,0,0,0,0,0,0,0,0,0,0,0,0.355,0.152,0,0,0,0,0,0,0,0,0,0,0,0,0,0,0,0,0,0,0,0,0,0,0.821,0,0,0,0,0.303,0,0,0,0,0,0,0,0,0,0,0,0,0,0,0,0,0,0.445,0,0.182,0.569,0,0.198,0,0,0,0,0,0,0.229,0.474,0.999,0,0,0,0,0,0,0.173,0,0,0,0.999,0,0,0,0.237,0,0.286,0.288,0,0,0,0,0.281,0,0,0,0.161,0,0,0,0,0.999,0,0.646,0,0,0,0,0,0,0,0.281,0,0,0,0,0,0,0,0,0,0,0.83,0,0,0,0,0.255,0,0,0,0,0,0,0.335,0,0.167,0,0,0.307,0,0.171,0,0,0,0,0,0,0,0,0,0,0,0,0,0,0,0,0,0,0,0,0,0,0,0.803,0,0,0,0.514,0,0,0,0,0,0,0,0,0,0,0,0,0,0,0,0,0.158,0,0.999,0,0.277,0.154,0,0,0,0,0,0,0.16,0.19,0,0,0.334,0,0,0.319,0,0,0,0.273,0,0,0,0,0,0,0,0,0.999,0,0,0,0,0,0,0,0.225,0,0,0,0,0,0,0.999,0,0,0,0,0,0,0,0,0,0,0,0,0,0,0,0.16,0,0,0,0.469,0,0,0,0,0,0,0.726,0,0.997,0,0,0,0,0.276,0,0.276,0,0.999,0,0,0,0,0.445,0,0.999,0,0.968,0,0.999,0,0,0,0,0,0,0,0,0,0.16,0,0.179,0,0,0,0,0.922,0,0.379,0.999,0,0,0,0,0,0,0,0.728,0,0,0,0,0,0.216,0,0,0,0.179,0,0.998,0,0,0,0,0,0,0,0,0,0,0.242,0,0,0,0.343,0,0,0,0,0,0,0,0,0,0,0,0,0,0,0,0,0,0,0,0,0,0,0,0,0,0,0,0,0,0,0,0,0,0,0,0,0,0,0,0,0,0,0,0,0,0,0,0,0.999,0,0,0.161,0,0,0,0,0,0.157,0.999,0,0,0,0,0,0,0,0,0,0,0,0,0,0,0,0,0,0,0,0,0,0,0,0,0,0,0,0,0,0,0,0,0,0,0,0,0,0,0,0,0,0,0,0,0,0,0,0,0,0,0,0,0,0,0,0,0,0,0,0,0,0,0.999,0,0,0,0,0,0,0,0,0.895,0,0,0,0,0,0,0,0,0,0,0,0,0,0,0,0,0,0,0.999,0,0,0,0,0,0,0,0,0,0,0.999,0,0,0,0,0.18,0,0,0,0.999,0.468,0.739,0,0,0,0,0,0,0,0.156,0,0,0,0,0,0,0,0,0,0,0,0,0,0,0.194,0,0,0,0,0,0,0,0,0,0,0,0.999,0,0,0.28,0.207,0,0,0,0,0,0,0,0,0,0,0,0.999,0,0,0.249,0,0,0,0,0,0.729,0,0.983,0,0,0,0,0,0,0,0,0,0,0,0,0,0,0,0,0,0,0,0,0,0,0,0,0,0,0,0,0.999,0,0,0,0.161,0,0.447,0,0,0,0,0,0,0.194,0,0,0.857,0,0,0,0,0,0,0,0.197,0.444,0,0,0,0,0,0,0.999,0,0.999,0,0,0,0,0.179,0,0,0,0,0.288,0,0,0,0,0,0,0,0,0,0,0,0,0,0,0,0,0,0,0,0,0,0,0,0,0,0,0,0.173,0,0,0,0,0,0,0,0,0,0,0,0,0.915,0,0,0,0,0,0.434,0,0,0,0,0,0,0,0,0,0,0,0,0,0.207,0,0,0,0,0,0,0,0,0,0,0,0,0,0.999,0,0,0,0,0,0,0.197,0,0,0,0,0,0,0.241,0.153,0,0,0,0,0,0,0,0.237,0,0,0,0.219,0,0,0,0,0,0,0,0,0,0,0,0,0.337,0,0,0.831,0,0,0,0,0,0,0,0.447,0,0,0,0,0,0.177,0,0,0,0,0,0,0,0,0,0,0,0,0,0.537,0,0,0,0,0,0,0,0.159,0,0,0,0,0,0,0,0,0,0,0,0,0,0,0,0,0,0,0,0,0,0,0,0.999,0,0,0,0,0,0,0,0,0,0,0,0,0,0,0,0,0,0,0,0,0,0,0,0,0,0,0,0,0,0,0,0.278,0,0,0,0,0,0.204,0,0,0,0,0,0,0,0,0,0,0,0,0,0,0,0,0,0,0,0,0,0.319,0,0,0,0,0,0,0,0,0,0,0,0,0,0,0,0,0,0.294,0,0,0,0,0,0,0,0,0,0.194,0,0,0,0,0.384,0,0,0,0,0,0,0,0,0,0,0,0,0.51,0,0,0,0,0,0,0,0,0,0,0,0,0,0,0,0,0,0,0,0,0,0,0,0,0,0,0,0,0,0,0,0,0,0,0,0,0,0,0,0,0.373,0,0.559,0,0.804,0.32,0,0.17,0.999,0.186,0,0.201,0,0.181,0,0.297,0.749,0,0.526,0,0,0.983,0,0,0,0.351,0.802,0,0.225,0,0,0.264,0,0,0.811,0,0,0,0,0,0.245,0,0,0,0.219,0,0,0,0,0.59,0.999,0.179,0.183,0,0.999,0.468,0,0,0,0,0,0,0,0.22,0,0.999,0,0,0,0,0,0,0,0,0,0,0,0,0.202,0,0,0.168,0.262,0,0,0,0,0.526,0,0,0.189,0,0.999,0,0,0,0,0,0.156,0,0.17,0,0,0.202,0,0,0,0.637,0.862,0,0,0,0,0.384,0,0,0,0,0,0,0,0,0,0,0.999,0,0.15,0,0,0,0.178,0,0.22,0,0.999,0,0,0,0.253,0.178,0,0,0,0,0,0.457,0.367,0,0,0,0,0,0.804,0,0,0,0,0,0,0,0,0.999,0.167,0.811,0.672,0,0,0.189,0,0,0.81,0,0,0,0.959,0,0.999,0,0.409,0,0,0.801,0,0.161,0,0.838,0.39,0.395,0,0.207,0,0,0,0.235,0.209,0,0,0,0,0,0,0.172,0,0,0,0,0.15,0,0,0,0.86,0,0,0.883,0,0.377,0,0,0,0,0,0,0,0,0,0,0,0,0,0,0,0.196,0.15,0,0,0.26,0,0.347,0,0,0.16,0,0,0.33,0,0,0,0,0,0,0,0,0,0,0,0,0,0,0,0,0,0,0,0,0,0.173,0,0,0.268,0,0,0,0,0,0,0,0,0,0,0,0,0,0,0,0,0.999,0,0,0,0,0,0,0,0,0,0,0.191,0,0,0,0,0,0,0,0,0,0.204,0,0,0,0,0,0,0.488,0,0,0,0,0,0,0,0,0.29,0,0,0,0,0,0,0,0,0,0.173,0,0,0,0,0.168,0,0,0,0,0,0,0,0,0,0,0,0,0,0,0,0,0,0,0,0,0.672,0,0.454,0,0,0,0,0,0,0,0,0,0,0,0,0,0,0,0,0.163,0,0,0,0,0,0,0,0,0,0,0,0,0.235,0,0,0,0,0,0,0,0.361,0,0,0,0,0,0,0,0,0,0,0,0,0,0,0,0,0,0.207,0.17,0,0,0,0,0,0,0,0,0,0,0,0,0,0,0,0,0,0,0,0,0,0,0,0,0,0,0,0,0,0,0,0,0,0.189,0,0,0,0,0.966,0,0,0.997,0,0,0,0,0,0,0,0,0,0,0,0,0,0,0,0,0,0.225,0,0,0,0,0,0,0,0,0,0,0,0,0,0,0,0,0,0,0,0,0.175,0,0,0,0,0,0,0.245,0,0,0,0.263,0,0,0,0,0.395,0,0,0,0,0,0.645,0.31,0,0,0.153,0,0.999,0,0,0,0,0,0,0.783,0,0,0,0,0,0,0,0,0,0,0,0,0,0.297,0,0,0,0,0.19,0,0,0,0,0,0,0,0,0,0,0,0,0,0,0,0,0,0,0,0,0.999,0,0,0,0,0,0.999,0,0.173,0,0,0.999,0,0,0,0,0.228,0,0,0.238,0.879,0,0,0,0,0,0,0,0,0,0.295,0,0,0,0.906,0,0,0,0.909,0,0,0,0,0,0,0.379,0.997,0,0,0,0.795,0,0,0,0,0,0,0,0,0,0,0,0,0,0,0,0,0,0,0,0,0,0,0.175,0,0.198,0,0,0,0,0,0,0,0,0,0,0.327,0,0,0,0,0,0,0,0,0,0,0,0,0,0,0,0,0,0,0,0,0,0.234,0,0.288,0,0.233,0.384,0.194,0,0,0,0,0,0.262,0,0,0,0,0.999,0,0,0,0,0,0,0,0.327,0,0,0,0,0,0,0.725,0.408,0,0,0,0,0,0,0,0,0,0,0,0.495,0,0,0,0,0,0,0,0,0,0.288,0.87,0,0,0,0,0,0,0,0,0,0,0,0,0,0,0,0,0,0,0.999,0,0.207,0.999,0,0,0,0,0,0,0,0,0,0,0,0,0,0,0,0,0,0,0,0,0,0,0,0,0,0,0,0,0,0,0,0,0.3,0,0,0,0,0,0,0,0,0,0,0,0,0,0,0,0,0,0,0,0,0,0,0,0,0,0,0,0,0,0.195,0,0,0,0,0,0,0,0,0,0,0,0,0,0,0,0,0,0,0,0,0,0,0,0,0,0,0,0,0,0,0,0,0,0,0,0,0,0,0,0,0,0,0,0,0,0,0,0,0,0,0,0,0,0,0,0,0,0.652,0,0,0,0,0,0,0,0,0,0,0,0,0,0,0,0,0,0,0.29,0,0,0,0,0,0,0,0,0,0,0,0,0,0,0,0,0,0,0,0,0,0,0,0,0.999,0,0,0,0,0,0,0,0,0.197,0,0,0,0,0,0,0,0,0.173,0,0,0,0,0,0,0.296,0,0,0,0,0.268,0,0,0,0,0.596,0,0.154,0,0,0,0,0,0,0,0,0,0,0.405,0,0,0,0,0,0,0,0,0,0,0,0,0,0,0,0,0,0,0,0,0,0,0,0,0,0.167,0,0,0.184,0,0,0.302,0,0,0,0,0,0.911,0,0.192,0,0,0,0,0,0,0,0,0,0,0,0,0,0,0,0,0,0,0,0,0,0,0.216,0,0,0,0,0,0,0,0,0,0,0,0,0,0,0,0,0,0,0,0,0,0,0,0,0,0.242,0,0,0,0.153,0,0,0,0,0,0,0,0,0,0,0,0,0,0,0,0,0,0,0,0,0,0,0.8,0.154,0,0,0,0,0,0,0,0,0,0,0,0,0,0.895,0.858,0.999,0.835,0.157,0.209,0.227,0,0.999,0.999,0.999,0.806,0,0.999,0.897,0.259,0,0.999,0.168,0.966,0.993,0,0,0,0.175,0,0,0.998,0.459,0.999,0.286,0,0.999,0,0.428,0.185,0.175,0,0.776,0.999,0.595,0.999,0.802,0.915,0,0,0,0.999,0.999,0.252,0.958,0.157,0.82,0.653,0,0.612,0.796,0,0.929,0,0.275,0.999,0.999,0.998,0.999,0.983,0.994,0.999,0.625,0.215,0.999,0.78,0.999,0.186,0,0.444,0.78,0,0,0,0.999,0.999,0,0.999,0.998,0.999,0,0,0.999,0.19,0.816,0.824,0.277,0.999,0,0.707,0,0.999,0.999,0,0.982,0,0.373,0.999,0,0.999,0.999,0.797,0.999,0.999,0,0,0.999,0.925,0.998,0,0.999,0.999,0.775,0.999,0.937,0.186,0.69,0.186,0.999,0.998,0.776,0.924,0,0.28,0.433,0,0.999,0,0.785,0,0.998,0.863,0.237,0.293,0.219,0,0.999,0.999,0,0,0.599,0.999,0.874,0,0.999,0,0.309,0.556,0.999,0.999,0.155,0.992,0,0.999,0,0.847,0.999,0.495,0.5,0.999,0.999,0,0,0.999,0.999,0.696,0.484,0,0.288,0,0,0,0,0.303,0.892,0.651,0,0.75,0.288,0.892,0,0.811,0.952,0,0.999,0.999,0.372,0,0.194,0.999,0.999,0.805,0.244,0.998,0,0.999,0.999,0.935,0.999,0.923,0,0.999,0,0.999,0,0,0.99,0.999,0.999,0,0.855,0.999,0,0.908,0.307,0,0.999,0.189,0.998,0,0,0.999,0,0,0,0,0,0,0,0,0,0,0.173,0,0,0,0,0,0,0,0,0,0,0,0,0,0,0,0.182,0.226,0,0,0,0,0,0,0,0,0,0,0,0,0,0.364,0,0.999,0,0,0,0,0,0,0,0,0,0,0,0.396,0.338,0,0,0,0,0,0,0,0,0,0,0,0,0,0,0,0,0,0,0,0,0,0,0,0,0,0,0,0.197,0,0,0,0,0,0,0,0,0,0,0,0,0,0,0,0,0,0,0,0,0,0,0,0,0,0.509,0,0,0,0,0.156,0,0,0,0,0,0,0,0.162,0,0,0,0,0,0,0,0,0,0,0,0,0,0,0,0,0,0,0,0,0,0,0,0,0,0,0,0,0,0,0,0,0,0,0,0,0,0,0,0,0,0,0,0,0,0,0,0,0,0,0,0,0,0,0,0,0,0,0,0,0,0,0,0,0,0,0,0,0,0,0,0,0,0,0,0,0,0,0,0,0,0,0,0,0,0,0,0,0,0,0,0.337,0,0,0,0,0,0,0,0.157,0,0,0,0,0,0,0,0,0,0,0,0,0,0,0,0,0.31,0.271,0.207,0,0,0,0,0.906,0,0,0.307,0.896,0,0,0,0,0,0.484,0.255,0.226,0,0,0,0,0,0,0,0,0,0,0,0,0,0,0,0,0,0,0,0,0,0,0,0,0,0,0,0,0.394,0,0,0,0,0,0,0,0,0,0,0,0,0,0,0,0,0,0,0,0,0,0,0,0,0,0,0,0,0,0,0,0,0,0,0,0,0,0,0,0,0,0,0,0.204,0,0,0,0,0,0,0,0,0,0,0,0,0,0,0,0,0,0,0,0,0,0,0,0,0,0,0,0,0,0.279,0,0,0,0,0,0,0,0,0,0,0,0,0,0.17,0,0,0,0,0,0,0,0,0,0,0,0,0,0,0,0.22,0,0,0,0,0,0,0,0,0,0,0,0,0,0,0,0,0,0,0,0.251,0,0,0,0,0,0,0,0,0,0,0,0,0,0,0,0,0,0,0,0,0,0,0,0,0,0,0,0,0,0,0,0,0,0,0,0,0,0,0,0,0,0,0,0,0,0,0,0,0,0,0,0,0,0,0,0,0,0,0,0,0,0,0,0,0,0,0,0,0,0,0,0,0,0,0,0,0,0,0,0,0,0,0,0,0,0,0,0,0,0,0,0,0,0,0,0,0,0,0,0,0,0.191,0,0,0,0,0,0,0,0,0,0,0,0,0,0,0,0,0,0,0,0,0,0,0,0,0,0,0,0,0,0,0,0,0,0,0,0,0,0,0,0,0,0,0,0,0,0,0,0,0,0,0,0,0,0,0,0,0.203,0,0,0,0,0,0,0,0,0,0,0,0,0,0,0,0,0,0,0,0,0,0,0,0,0,0,0,0,0,0,0,0,0,0,0,0,0,0,0,0,0,0,0,0,0,0,0,0,0,0,0,0,0,0,0,0,0,0,0,0,0,0,0,0,0,0,0,0,0,0,0,0,0,0,0,0,0,0,0,0,0,0,0,0,0,0,0,0,0,0,0,0,0,0,0,0,0,0,0,0,0,0,0,0,0,0,0,0,0,0,0,0,0,0,0,0,0,0,0,0,0,0,0,0,0,0,0.25,0,0,0,0,0,0,0,0,0,0,0,0,0,0,0,0,0,0,0,0,0,0.175,0,0,0,0,0,0,0,0,0,0,0,0,0,0,0,0,0,0,0,0,0,0,0,0,0,0,0,0,0,0,0,0,0,0,0,0,0,0,0,0,0,0,0.408,0.288,0,0,0.408,0.254,0,0,0,0.195,0.334,0,0,0,0.207,0,0,0,0,0,0,0,0.156,0,0,0,0,0,0,0,0,0,0,0,0,0,0,0.181,0,0,0,0,0,0,0,0,0,0,0,0.296,0,0,0,0,0,0,0,0,0,0,0,0,0,0,0,0,0,0,0,0,0,0,0,0,0.194,0,0,0,0,0,0,0,0,0,0,0,0,0,0,0,0,0.311,0,0,0,0,0,0,0,0,0,0,0,0,0,0,0,0,0,0,0,0,0,0,0,0,0,0,0,0,0,0,0,0,0,0,0,0,0,0,0,0,0,0,0,0,0,0,0,0.4,0,0,0,0,0,0,0,0.185,0.173,0,0,0,0,0,0,0,0,0,0,0,0.19,0,0,0,0,0,0,0,0,0,0,0,0,0,0,0,0,0.503,0,0,0,0,0,0,0,0,0,0,0,0,0,0,0,0,0,0,0,0,0,0,0,0,0,0,0,0,0,0,0,0,0,0,0,0,0.22,0,0,0,0,0,0,0,0,0,0,0,0,0,0,0,0,0,0,0,0,0,0,0,0,0,0,0,0,0,0,0,0,0,0.167,0,0,0,0,0,0,0,0,0,0,0,0,0,0,0,0,0,0,0,0.22,0,0.22,0,0,0,0,0,0,0,0,0,0,0,0,0,0,0.307,0,0,0,0,0,0,0,0,0,0,0,0,0,0,0,0,0,0,0,0,0,0,0,0,0,0,0,0,0,0,0,0,0,0,0,0,0,0,0,0,0,0,0,0,0,0,0,0,0,0,0,0,0,0,0,0,0,0.275,0,0,0,0,0,0,0,0,0.176,0,0,0.356,0,0,0,0,0,0,0,0,0,0,0,0,0,0,0,0,0,0,0,0,0,0,0,0,0,0,0,0,0,0,0,0,0,0,0,0.653,0,0,0,0,0,0,0,0,0,0,0,0,0,0,0,0,0,0,0,0,0,0,0,0,0,0,0,0,0,0,0,0,0,0,0,0,0,0,0,0,0,0,0,0,0,0,0,0,0,0,0,0,0,0,0,0,0,0,0,0,0,0,0,0,0,0,0,0,0,0,0,0,0,0,0,0,0,0,0,0,0,0,0,0,0,0,0,0,0,0,0,0,0,0,0,0,0,0,0,0,0,0,0,0,0,0,0,0,0,0,0,0,0,0,0,0,0,0,0,0,0,0,0,0,0,0,0,0,0,0,0,0,0,0,0,0,0,0,0,0,0,0,0,0,0,0,0,0,0,0,0,0,0,0,0,0,0,0,0,0,0,0,0,0,0,0,0,0,0,0,0
856709,0.682,0.179,0.572,0.161,0,0,0.698,0.292,0.28,0,0.182,0,0,0,0,0.691,0.166,0,0,0.176,0,0,0,0,0.586,0,0.317,0,0,0,0.234,0,0.696,0,0.422,0,0,0,0,0,0,0,0,0,0.325,0.36,0,0.163,0.308,0,0,0,0,0,0,0,0,0.51,0,0,0.34,0.425,0,0,0.365,0,0.924,0,0,0,0.638,0,0,0.257,0.175,0.206,0.24,0,0.347,0,0,0,0,0,0,0.402,0,0,0.748,0,0.186,0,0,0,0.179,0,0.188,0.34,0.58,0,0,0,0.668,0.181,0,0.276,0.332,0.691,0,0,0,0,0,0,0,0,0,0.237,0.831,0,0,0,0.308,0,0,0,0,0,0,0,0,0,0,0,0.445,0.198,0,0,0.324,0.164,0.402,0,0.55,0,0,0.778,0,0,0,0,0.322,0.555,0,0,0,0.838,0,0,0,0.432,0,0,0,0.192,0,0,0,0.599,0,0,0,0.455,0,0,0,0.154,0.346,0.349,0,0.365,0.446,0.422,0.812,0,0.324,0,0,0,0.71,0,0,0.167,0,0,0,0.905,0.322,0,0,0,0,0.352,0.925,0,0,0.227,0,0,0,0.15,0.449,0,0.22,0,0,0,0,0,0,0,0,0,0,0,0,0,0,0,0,0.324,0.315,0.557,0,0.618,0.568,0.385,0.511,0,0,0.557,0,0,0.225,0,0,0,0.39,0.483,0,0,0.518,0.156,0,0,0,0,0.221,0,0,0,0,0.182,0.629,0.222,0,0,0,0.369,0,0.192,0,0,0,0.174,0,0.287,0,0,0,0,0,0,0.56,0,0,0.284,0,0.16,0.371,0,0.233,0,0,0.175,0.538,0.161,0,0,0,0,0.22,0.266,0,0.187,0,0,0,0,0,0,0,0.501,0.864,0,0.287,0.553,0,0,0.738,0,0,0.788,0,0,0,0,0,0,0,0,0.157,0.496,0,0,0,0.584,0,0,0.448,0,0,0,0,0,0,0,0.385,0.309,0,0,0,0,0,0.445,0,0,0.169,0,0,0,0,0,0.575,0.592,0,0,0,0,0,0,0.684,0,0,0,0,0.171,0,0,0,0,0,0,0,0.168,0,0,0,0,0,0,0,0.196,0,0,0,0.212,0,0.791,0,0,0,0,0,0,0.448,0.551,0,0,0.437,0.37,0,0,0,0,0,0,0,0.67,0,0,0.843,0,0,0.698,0,0,0,0.401,0,0,0.174,0.609,0.234,0,0.241,0.708,0,0.542,0.178,0.367,0,0.238,0.446,0,0.348,0.206,0,0.707,0,0,0.193,0,0.545,0.308,0.155,0,0,0,0,0,0,0,0.345,0,0.578,0,0,0,0,0,0,0,0,0.209,0.523,0,0,0,0,0,0,0.351,0,0.298,0,0,0,0,0,0,0,0,0,0,0,0,0,0.187,0,0.366,0,0,0,0.153,0.224,0,0,0.171,0.199,0,0.213,0,0,0,0.151,0.481,0.362,0,0,0,0.445,0,0,0,0,0,0,0,0,0,0,0,0,0.367,0,0,0,0,0,0,0.278,0,0,0.594,0.275,0.314,0,0,0.24,0.573,0,0,0,0,0,0,0,0.58,0,0,0,0.296,0,0,0,0,0,0,0,0,0,0.825,0,0.423,0,0,0,0,0.229,0,0.163,0,0,0,0.515,0,0,0.231,0.156,0,0,0,0,0,0,0,0,0.88,0.234,0,0.359,0.299,0,0.994,0,0,0,0,0,0,0,0,0,0.765,0,0.788,0,0,0,0.293,0.302,0,0,0.279,0,0,0.297,0.195,0.363,0,0,0,0,0,0,0,0.832,0.195,0.513,0,0,0.757,0,0,0.237,0,0,0.297,0,0.458,0,0,0.343,0,0.418,0,0,0,0,0,0,0,0,0,0.64,0,0,0,0,0,0,0,0,0.55,0,0,0,0,0,0,0,0,0.193,0,0,0.273,0,0,0,0,0.317,0,0,0,0,0,0.252,0,0,0,0,0.449,0.177,0,0,0,0,0.35,0,0,0,0.187,0,0,0.468,0,0.433,0,0.322,0,0,0,0.189,0.483,0,0,0,0,0.216,0.151,0,0,0,0,0,0,0.557,0.196,0,0,0.895,0,0,0,0.47,0.26,0,0,0,0,0,0,0,0,0,0,0,0,0,0,0.334,0,0,0,0,0,0.355,0.253,0.788,0,0,0,0.195,0.172,0,0,0.158,0,0,0.191,0.376,0,0,0.709,0,0,0,0.446,0.387,0,0.635,0,0,0,0.299,0.782,0.288,0,0.64,0,0,0,0,0.638,0,0,0,0,0,0.195,0,0,0,0.191,0,0.554,0,0,0,0,0,0,0,0,0,0,0,0.734,0,0,0,0,0,0,0.323,0,0,0,0,0,0,0.377,0,0.361,0,0,0.505,0.282,0,0,0.297,0,0,0.512,0,0.254,0,0.168,0,0.397,0,0,0.236,0,0.725,0,0.546,0,0.227,0,0.179,0.577,0.191,0,0,0.469,0.396,0,0.298,0.392,0,0,0,0,0,0,0,0.258,0,0,0,0.206,0,0.981,0,0,0,0,0,0.239,0,0,0,0.495,0.483,0,0,0,0,0.617,0,0.338,0,0,0.559,0,0,0.252,0.388,0,0,0,0,0.17,0,0.894,0.833,0,0,0,0,0,0,0.433,0,0.188,0,0.788,0,0,0,0,0,0,0.663,0,0,0,0,0,0.241,0,0.56,0,0,0.458,0,0,0,0,0,0,0,0.235,0,0.925,0,0,0,0,0,0.165,0,0,0,0,0,0,0,0,0,0.379,0,0.343,0,0,0,0,0,0,0,0,0,0,0,0,0,0,0.178,0,0,0,0,0,0,0,0,0,0,0,0,0,0.446,0,0,0,0,0,0,0,0,0,0,0.201,0.379,0,0.645,0,0.189,0,0,0,0,0.235,0,0.314,0,0.371,0,0,0,0.254,0,0,0,0.891,0.484,0,0,0.364,0,0.224,0.927,0,0,0.692,0,0.183,0,0,0.343,0,0.458,0,0,0,0.344,0,0,0,0,0.197,0,0.246,0,0,0.338,0,0,0,0,0.353,0,0,0.205,0.341,0,0,0,0.78,0,0,0.74,0,0,0.561,0,0.592,0.536,0,0.585,0,0,0,0.484,0,0.176,0,0,0,0,0.197,0,0,0.227,0,0.986,0,0.151,0.22,0.602,0,0.344,0,0.235,0,0,0,0,0.152,0.22,0,0,0,0.297,0,0,0,0,0,0.571,0,0,0.342,0,0.455,0.354,0,0,0.585,0.237,0,0,0,0,0,0.308,0.305,0.163,0.289,0,0,0,0,0.189,0,0.231,0,0,0,0.733,0,0,0,0,0,0,0.47,0,0.245,0,0,0,0,0,0.779,0,0,0,0,0,0.258,0.695,0,0,0,0,0,0.226,0,0,0,0.448,0.971,0.737,0,0,0,0.563,0.307,0.163,0.326,0.37,0.206,0.355,0,0,0,0,0,0,0,0.29,0,0,0,0,0.223,0,0.452,0,0,0.319,0,0.484,0.197,0,0.195,0,0.467,0,0,0.418,0,0.176,0.806,0,0.196,0,0,0.304,0,0,0,0.191,0.61,0,0.727,0,0.938,0,0.355,0,0.401,0.355,0,0,0,0,0,0,0.398,0.298,0.701,0.664,0,0,0.151,0,0.302,0,0,0,0,0,0.601,0.691,0.72,0.745,0.165,0,0.154,0,0,0,0,0,0,0.573,0.255,0,0,0.482,0,0,0.812,0.602,0,0,0,0.178,0,0.232,0.39,0,0,0.667,0,0,0,0.689,0.61,0,0.197,0,0,0,0.192,0.508,0.197,0,0,0.212,0.659,0.46,0.676,0.47,0,0.197,0.462,0.268,0,0,0.614,0.479,0.367,0.194,0.158,0,0.198,0,0,0,0,0.628,0,0.855,0.164,0.252,0.616,0.632,0.194,0,0.644,0,0,0,0,0.862,0,0,0,0.197,0.924,0.332,0,0,0,0,0,0.746,0,0,0,0.3,0.156,0,0.196,0.246,0,0.29,0,0,0,0,0,0.321,0,0.609,0,0.363,0,0.204,0,0,0,0.536,0,0,0.223,0,0.268,0.64,0,0,0,0.162,0,0,0.729,0.155,0.159,0,0,0,0,0,0,0,0.183,0,0,0,0.622,0.171,0,0.297,0,0.192,0,0,0,0.196,0.244,0,0,0,0.531,0,0,0.673,0.565,0,0,0,0,0.193,0.809,0,0,0,0.313,0.187,0,0,0,0,0,0.908,0.22,0.364,0,0,0.564,0,0.259,0,0,0.257,0.604,0.152,0,0,0,0,0,0,0.272,0.182,0,0.235,0,0,0.91,0.424,0,0,0.173,0.206,0,0,0,0,0,0,0,0.375,0,0,0,0,0,0.172,0.174,0.639,0.154,0.633,0,0.171,0,0,0.197,0,0,0,0,0,0,0,0.156,0,0,0.446,0.234,0,0,0,0,0.341,0,0.341,0,0.209,0,0.4,0,0.668,0,0,0,0.197,0,0.477,0,0,0,0,0.353,0,0,0,0,0,0,0,0,0,0,0,0,0,0,0,0,0,0,0,0,0,0,0,0,0,0.375,0,0,0,0,0,0,0,0,0,0,0,0.522,0,0,0,0,0,0,0,0,0,0,0,0,0,0,0,0,0,0,0,0,0,0,0,0.558,0.671,0,0,0,0,0,0,0,0,0,0,0,0,0,0,0,0,0,0,0,0,0,0,0,0,0.833,0,0,0.351,0,0.703,0,0,0,0,0,0,0,0,0,0,0,0,0.177,0,0,0.284,0,0,0,0,0.686,0,0,0,0,0.739,0.573,0,0,0,0,0.162,0,0,0,0,0,0,0,0,0,0.738,0,0.64,0.15,0,0,0,0,0,0,0,0,0,0,0.729,0,0.234,0,0,0,0,0.483,0.202,0.475,0,0,0,0,0,0,0,0,0.32,0,0,0,0,0,0,0,0,0,0.938,0,0,0,0,0,0,0.245,0,0,0.249,0,0,0,0,0,0,0,0,0,0,0,0,0,0,0.843,0,0.196,0,0,0,0,0,0,0,0,0,0,0,0,0,0,0,0,0,0,0,0,0,0,0,0,0,0,0,0,0,0,0,0,0,0,0.491,0,0,0,0,0,0,0,0,0,0,0,0,0,0.649,0,0,0,0,0,0,0,0.269,0,0,0.66,0,0,0,0.536,0.169,0,0,0,0,0,0,0,0,0,0,0,0,0,0,0,0,0.37,0,0,0,0,0,0,0.4,0,0,0,0,0.559,0,0,0,0,0,0,0,0,0,0.282,0,0,0.344,0,0,0,0,0,0,0,0,0,0,0,0.555,0,0,0,0.206,0,0,0,0,0,0,0,0,0,0.176,0,0,0.548,0,0.208,0,0,0,0,0,0,0,0,0,0,0,0,0,0,0,0,0,0,0,0,0.15,0,0.177,0,0.336,0,0,0,0.327,0,0,0,0,0,0,0.271,0,0,0,0,0,0,0.645,0,0,0,0,0,0,0,0,0,0,0,0,0,0,0,0,0,0,0,0,0.346,0,0,0,0,0.167,0.343,0,0.301,0,0.368,0,0,0,0,0,0,0,0.184,0,0,0,0.229,0,0,0.264,0.204,0,0,0,0,0,0,0,0,0,0.158,0,0,0,0,0,0,0,0,0.536,0.152,0,0,0,0,0,0,0.788,0,0,0,0,0,0,0,0,0,0,0,0,0,0.335,0,0,0,0.552,0.29,0,0,0,0,0,0,0,0,0,0,0,0.297,0,0.196,0,0,0,0,0,0,0,0,0,0,0,0,0,0,0,0,0,0,0,0,0,0,0.23,0,0,0,0,0,0,0,0.167,0,0,0,0,0,0,0,0,0,0,0,0,0,0,0,0.632,0,0,0,0,0,0,0,0,0.519,0,0,0,0.227,0,0,0,0,0,0.615,0,0,0,0,0,0,0,0,0,0,0.276,0,0,0,0,0,0,0,0,0,0,0,0,0,0.229,0,0,0,0,0,0,0,0,0,0,0,0,0,0,0,0.309,0,0,0,0,0,0.289,0,0,0,0,0,0,0.443,0,0,0,0,0,0,0,0,0,0,0,0,0,0,0,0,0,0,0,0,0,0,0,0,0.251,0,0,0,0,0.309,0,0,0,0,0,0,0,0,0,0.256,0,0,0,0,0,0,0,0,0,0,0,0,0,0,0,0,0.193,0,0,0,0,0.171,0,0,0,0,0,0,0,0,0,0,0,0,0,0,0,0,0,0,0,0,0,0,0,0,0,0,0,0.519,0,0,0,0,0,0,0.581,0,0,0,0,0,0,0,0,0.635,0,0,0,0,0,0.16,0,0,0,0,0,0,0,0,0,0,0.23,0,0,0,0,0,0,0.619,0,0,0,0,0,0,0,0,0,0,0,0,0,0,0,0,0.402,0,0,0.193,0,0,0,0,0,0.227,0,0,0,0,0,0,0.229,0,0,0,0,0,0,0,0,0,0,0,0,0.446,0.345,0,0,0,0,0,0,0,0,0,0,0.348,0,0,0,0,0,0,0,0,0,0,0,0,0,0,0,0,0,0,0,0,0,0,0,0,0,0,0,0,0,0,0,0,0,0.446,0,0,0,0,0,0,0,0,0,0,0,0,0,0,0,0,0,0,0,0,0,0,0,0,0,0,0,0,0,0,0,0,0,0,0.198,0,0,0,0,0.176,0,0.176,0,0,0,0,0,0,0,0,0,0,0,0,0,0,0,0,0,0,0,0,0,0,0,0,0,0,0,0,0,0,0,0,0,0,0,0,0,0,0,0,0,0,0,0,0,0,0,0,0,0,0,0,0,0,0,0,0,0,0,0.276,0,0,0,0,0,0,0,0,0,0,0,0,0,0,0,0,0,0,0,0,0,0,0,0,0,0,0,0,0,0.624,0,0,0,0,0,0,0,0,0,0,0,0,0,0,0,0,0,0,0,0,0,0,0,0,0,0,0,0,0.504,0,0,0,0,0,0,0,0,0,0,0,0,0,0.253,0,0,0,0,0,0,0.358,0,0,0,0,0,0,0,0,0,0,0,0,0,0,0,0,0.317,0,0,0,0,0.557,0,0,0,0.356,0.564,0,0,0,0,0,0,0,0,0,0,0,0,0,0,0,0,0,0,0,0.398,0,0,0,0.158,0,0.176,0,0,0,0.912,0.152,0,0,0,0,0,0,0,0,0,0,0,0,0,0,0,0,0,0,0,0.195,0,0,0,0,0.281,0,0,0,0,0,0,0,0,0,0,0,0,0,0,0,0,0,0,0,0,0,0,0,0,0,0,0,0,0,0,0,0,0,0,0,0,0,0,0,0,0.531,0,0,0,0,0,0,0,0,0,0,0,0,0,0,0,0,0,0,0,0,0,0,0,0,0,0,0,0.788,0,0,0.303,0,0,0,0,0,0,0,0.72,0,0,0,0,0,0,0,0,0,0,0,0,0,0.171,0,0,0,0.218,0,0,0,0,0,0,0,0,0,0,0,0,0,0,0,0,0,0,0,0,0,0,0,0,0,0,0.269,0,0.16,0,0.248,0,0,0,0,0,0.612,0,0,0,0,0,0,0.153,0,0,0,0,0,0,0,0,0,0,0.297,0,0,0,0,0,0,0,0,0,0,0,0,0,0,0,0,0,0,0,0.297,0.304,0,0,0,0,0,0,0,0.297,0,0,0,0,0,0,0.383,0,0,0,0,0,0.358,0.397,0.297,0,0,0,0,0,0,0,0,0,0,0.297,0,0,0,0.402,0,0,0,0,0,0,0.297,0,0.22,0,0,0,0.788,0,0,0,0,0,0,0,0,0,0,0,0.69,0,0.195,0,0,0,0,0.302,0.339,0,0,0,0,0,0,0,0,0,0,0,0,0,0,0,0,0,0,0,0,0.162,0,0,0,0,0,0,0,0,0,0,0,0,0,0,0,0,0,0,0,0,0,0,0.151,0,0,0,0,0,0.788,0,0,0,0,0,0,0,0,0,0,0,0,0.657,0,0,0,0,0,0,0,0,0,0,0,0,0,0,0,0,0,0,0,0,0,0,0.75,0,0,0.191,0,0,0,0,0,0,0,0,0,0,0,0,0.173,0,0,0,0,0,0,0,0,0,0,0,0.203,0,0,0,0,0,0,0.151,0,0,0,0,0,0,0,0,0,0,0,0,0.173,0,0,0,0,0,0,0,0,0,0,0,0,0.258,0,0.397,0,0.339,0,0,0,0.392,0,0,0,0,0,0.705,0,0,0,0.164,0,0,0,0,0,0,0,0.788,0,0.406,0,0,0.699,0,0,0,0,0.348,0,0,0,0,0,0.221,0,0,0.253,0,0.872,0,0,0,0.841,0,0,0.273,0,0,0,0,0,0.689,0,0,0,0,0,0,0,0.22,0,0.531,0,0,0,0.152,0,0,0,0.193,0,0.227,0,0.198,0,0,0,0.193,0,0,0,0,0.454,0,0,0,0,0,0,0,0,0,0,0,0,0,0,0,0,0,0,0,0,0,0,0,0,0,0,0,0,0,0,0.222,0,0,0,0,0,0,0,0,0,0,0.227,0,0,0,0,0.157,0,0,0,0,0,0.349,0,0,0,0,0,0.178,0,0,0,0,0,0,0,0.164,0,0,0,0,0,0,0,0,0,0,0,0,0,0,0,0,0,0,0,0,0,0,0,0,0,0,0,0,0,0,0,0,0,0,0,0,0,0,0,0,0,0.354,0,0,0,0,0,0,0,0.217,0,0.161,0,0.275,0,0,0,0,0,0,0,0,0,0,0,0,0,0,0,0,0.15,0,0,0,0,0,0,0,0,0,0,0,0,0,0,0,0,0,0,0,0.7,0,0,0,0,0,0,0,0,0,0,0,0,0,0,0.451,0,0.161,0,0,0,0,0,0,0.192,0.376,0,0,0,0.302,0,0,0,0.619,0,0,0.328,0,0,0.152,0,0,0,0,0,0,0,0,0,0,0,0,0,0.204,0,0,0,0,0,0,0,0.169,0,0,0,0,0,0,0,0,0,0,0,0,0,0,0,0,0,0.227,0,0,0.229,0,0,0,0,0,0,0,0,0,0,0,0.15,0,0,0,0,0,0,0,0,0,0,0,0,0,0,0,0,0,0,0,0,0,0,0,0,0,0,0,0,0,0,0,0,0,0,0,0.722,0,0,0,0.195,0,0,0.443,0,0,0,0,0,0,0,0,0,0,0,0,0.481,0,0,0,0,0,0,0,0.681,0,0,0,0,0,0,0,0,0,0,0,0,0,0,0.252,0,0,0.532,0,0,0,0,0.553,0,0.161,0,0,0,0,0,0,0.406,0,0,0,0,0,0.163,0,0,0.341,0,0,0,0,0,0,0.317,0,0,0,0,0,0,0,0,0,0,0,0,0,0,0,0,0,0,0,0,0,0,0,0,0,0,0,0,0,0,0,0,0,0,0,0,0,0,0,0,0,0,0,0,0,0,0,0,0,0,0,0,0,0,0,0,0,0,0,0,0,0,0,0,0,0,0,0,0.193,0,0,0,0,0,0,0,0,0,0,0,0.228,0,0,0,0,0,0,0,0,0,0,0.163,0,0,0,0,0,0,0.164,0,0,0,0,0,0,0,0,0.3,0,0,0,0,0,0,0,0,0,0,0,0,0,0,0,0,0,0,0,0,0,0,0,0,0,0,0.22,0,0,0,0,0,0,0,0,0,0,0,0,0,0,0,0,0.218,0,0,0,0,0,0,0,0,0,0,0,0,0,0,0,0,0,0,0,0,0,0,0,0,0,0,0,0.446,0,0.783,0,0,0,0,0,0,0,0,0,0,0,0,0,0,0,0,0,0,0,0,0,0,0,0.185,0,0,0,0,0,0,0,0,0,0,0,0,0,0,0,0,0,0,0,0,0,0,0,0,0,0,0,0,0,0,0,0,0,0.553,0,0,0,0,0,0,0,0,0,0,0,0,0.484,0,0,0,0,0,0,0,0,0,0,0,0,0,0,0,0,0,0,0,0,0,0,0,0,0,0,0.553,0,0,0,0,0,0,0,0,0,0,0,0,0,0.325,0,0,0,0,0,0,0,0,0,0,0,0,0.23,0,0,0,0,0,0,0,0,0,0.165,0,0,0,0,0,0,0,0,0,0,0,0,0,0,0,0,0,0,0,0,0,0,0,0,0,0,0,0,0,0,0,0,0,0,0,0,0,0,0,0,0,0,0,0,0,0,0,0,0.163,0,0,0,0,0,0,0,0.171,0,0.295,0,0,0,0,0,0,0,0,0,0,0,0,0,0,0,0,0,0.699,0,0,0.174,0,0.445,0,0,0,0,0,0,0,0,0,0,0,0,0,0,0,0.206,0,0,0,0,0,0,0,0,0,0,0,0,0,0,0,0,0,0,0,0,0,0,0,0,0.157,0,0,0,0,0,0,0,0,0,0,0,0.193,0,0,0,0,0,0,0,0,0,0,0,0,0,0,0,0,0,0,0,0,0,0,0,0,0,0,0,0.167,0,0,0,0,0,0,0.219,0,0,0,0,0,0,0,0,0,0,0,0,0,0,0,0,0,0,0,0,0,0,0,0,0,0,0.224,0,0,0.499,0,0,0.302,0,0,0,0,0,0,0,0,0,0,0,0,0,0,0,0,0,0,0,0,0,0,0,0,0,0,0,0,0,0,0,0,0,0,0,0,0,0,0,0,0,0,0.323,0,0,0,0,0,0,0.167,0,0.154,0,0,0,0,0,0,0,0,0,0,0,0,0,0,0,0,0,0,0,0,0,0,0,0.169,0,0.967,0,0,0,0,0,0,0,0,0,0,0,0,0,0,0,0,0,0,0,0,0,0,0,0,0,0,0,0,0.217,0,0,0,0,0,0,0,0,0,0,0,0,0,0,0,0,0,0,0,0,0,0,0,0,0,0,0,0,0,0,0,0,0,0,0.57,0.656,0,0,0,0,0,0,0,0,0,0,0,0,0,0,0,0,0.45,0,0,0,0,0.45,0,0,0,0,0,0,0,0,0,0.394,0.396,0,0,0,0,0,0.621,0,0,0,0,0,0,0,0.225,0,0,0,0.68,0,0,0,0,0,0.445,0,0,0,0,0,0,0,0,0,0,0,0,0,0,0,0,0,0,0.338,0,0,0.238,0,0,0,0,0,0,0,0,0,0,0.441,0.396,0,0,0,0,0,0,0.309,0,0.196,0.394,0,0,0,0,0,0,0
854409,0,0,0,0,0,0,0,0,0,0,0,0,0,0,0,0,0,0,0,0,0,0,0,0,0,0,0,0,0,0,0,0,0,0,0,0,0,0,0,0,0.449,0,0,0,0,0,0,0,0,0,0,0.999,0,0,0,0,0,0,0,0,0,0,0.21,0,0,0,0,0,0,0,0,0,0,0,0,0,0,0,0,0,0,0,0,0,0,0,0,0,0,0,0,0,0,0,0,0.999,0,0,0,0,0,0,0,0,0,0,0,0,0,0,0,0,0,0,0,0,0,0,0,0,0,0,0.228,0,0,0,0,0.722,0,0,0,0,0,0,0,0,0,0,0,0,0.998,0.317,0,0.277,0,0,0,0,0,0,0,0,0,0,0,0.901,0,0,0,0,0,0,0,0,0,0,0,0,0,0,0,0,0,0,0,0,0,0,0,0,0,0,0,0,0,0,0,0,0,0.279,0,0,0,0.224,0,0,0,0,0,0,0,0,0,0.835,0,0,0.999,0,0,0,0,0,0,0.21,0,0,0,0,0,0,0.999,0,0,0.774,0,0,0,0,0,0.535,0,0,0.999,0,0.387,0,0,0,0,0,0,0,0,0.22,0.394,0,0,0,0,0,0,0,0,0,0,0,0,0,0,0,0,0,0,0,0.373,0,0,0,0,0,0,0,0,0,0.172,0.969,0,0,0.224,0,0,0,0.682,0,0,0.276,0,0.905,0,0.36,0,0,0,0,0,0,0,0,0,0,0.999,0,0,0,0,0,0,0,0,0.999,0,0,0,0,0.972,0.202,0,0,0,0,0,0,0,0.223,0,0.167,0,0,0.32,0.932,0,0,0,0,0,0,0,0,0,0,0,0,0,0.152,0.256,0,0,0,0,0,0.202,0,0,0,0,0,0,0,0,0.217,0,0,0,0,0,0,0.329,0,0.193,0.999,0.173,0.714,0,0,0,0,0.999,0,0,0,0,0,0,0.999,0,0,0,0,0,0,0,0.171,0,0,0,0,0.999,0,0.503,0,0.158,0,0,0,0,0,0,0,0,0.563,0,0,0,0,0,0.318,0,0,0,0,0,0,0,0,0,0.392,0,0,0.224,0,0,0,0,0,0,0,0,0,0,0,0,0,0,0,0,0,0,0,0,0,0.989,0,0.453,0,0,0,0,0.513,0,0,0,0,0,0,0,0,0,0,0,0,0,0,0,0.999,0,0,0,0,0,0.468,0.194,0,0,0,0.195,0,0,0,0,0,0,0.866,0,0,0,0,0,0.905,0,0,0,0,0,0,0,0,0,0,0,0,0,0,0,0,0.173,0,0.999,0.295,0,0,0,0,0,0,0,0.625,0,0,0,0,0,0,0,0,0,0,0.908,0,0,0,0,0,0,0,0.2,0,0,0,0,0.259,0,0,0,0,0,0,0,0,0,0,0,0,0,0,0,0.296,0,0,0,0,0,0,0,0,0,0.189,0,0,0,0,0,0,0,0,0.166,0.911,0,0,0,0,0,0,0,0,0,0,0,0.304,0,0.258,0,0,0,0,0,0.173,0,0,0,0,0,0,0,0,0,0,0,0.391,0,0,0,0,0,0,0.685,0.901,0,0,0.207,0,0,0,0,0,0.583,0,0,0,0.191,0,0,0.163,0,0,0,0,0,0,0,0,0,0,0,0,0,0,0,0,0.25,0.166,0,0,0,0,0,0,0,0,0,0,0,0,0,0,0,0,0,0,0,0,0,0.83,0,0,0,0,0.324,0,0,0,0,0,0,0,0,0,0,0,0,0,0,0.165,0,0,0,0,0.271,0.411,0,0.205,0,0,0,0,0,0,0.178,0.433,0.999,0,0,0,0,0,0,0.247,0,0,0,0.995,0.228,0,0,0.482,0,0.604,0,0,0,0,0,0.311,0,0,0,0,0,0,0,0,0.999,0,0.505,0,0,0,0,0,0,0,0,0,0,0.173,0,0,0,0,0,0,0,0.226,0,0,0,0,0.163,0,0,0,0,0,0,0.349,0,0.423,0,0,0,0,0.212,0,0,0,0,0,0,0,0,0,0,0,0.173,0,0,0,0,0,0,0,0,0,0,0,0.828,0,0,0,0.276,0.184,0,0,0,0,0,0,0,0,0,0.165,0,0,0,0,0,0.224,0,0.999,0,0.388,0,0.343,0,0,0,0,0,0,0.602,0,0,0,0,0,0,0,0,0.236,0,0,0,0,0,0,0,0,0,0.999,0,0,0,0,0,0,0,0,0,0,0,0,0.175,0,0.999,0,0,0,0,0,0,0,0,0,0,0,0,0,0,0.273,0.287,0,0,0,0.215,0,0,0.191,0,0,0,0.972,0,0.997,0,0,0,0,0.259,0,0.155,0,0.999,0,0,0,0,0.37,0,0.999,0,0.928,0,0.999,0,0,0,0,0,0,0,0,0,0.19,0,0.15,0,0,0,0,0.992,0,0.931,0.999,0,0,0,0.202,0,0,0,0.845,0,0,0,0,0.255,0.661,0,0,0,0.159,0,0.999,0,0,0,0,0,0,0,0.191,0,0,0,0,0,0,0,0,0,0,0,0,0.191,0,0,0,0,0,0,0,0,0,0,0,0,0,0,0,0,0,0,0,0,0,0,0,0,0,0,0,0,0,0,0,0,0,0,0,0.168,0,0,0,0,0,0,0.998,0,0,0.234,0,0,0,0,0,0.15,0.999,0,0,0,0,0,0,0,0,0,0,0,0,0.905,0,0,0,0,0,0,0,0,0,0,0,0,0,0,0,0,0,0,0,0,0,0,0,0,0,0,0.233,0,0,0,0,0,0,0,0,0,0,0,0,0,0,0,0,0,0,0,0,0,0,0.999,0,0,0,0,0,0,0.231,0,0.902,0,0,0,0,0,0,0,0,0,0,0,0,0,0,0,0,0,0,0.999,0,0,0,0.198,0,0,0,0,0,0,0.999,0,0,0,0,0,0,0,0,0.999,0.411,0.198,0,0,0,0,0,0,0,0.232,0,0,0,0,0,0,0,0,0,0,0,0,0,0,0,0,0,0,0,0,0,0.192,0,0,0,0,0.999,0,0,0.18,0,0,0,0,0,0,0,0,0,0,0,0,0.999,0,0,0.267,0,0,0,0,0,0.609,0,0.931,0,0,0,0,0,0,0,0,0,0,0,0,0,0,0,0,0,0,0,0,0,0,0,0,0,0,0,0,0.999,0,0,0,0.248,0,0.441,0,0,0,0,0,0,0,0,0,0,0,0,0,0,0,0,0,0.166,0.37,0,0,0,0,0,0,0.999,0,0.999,0,0,0,0,0,0,0,0,0,0,0,0,0,0,0,0,0,0,0,0,0,0,0,0,0,0,0,0,0,0,0,0,0,0,0,0,0,0.387,0,0,0,0,0,0,0,0,0,0,0,0,0.818,0,0,0,0,0,0.411,0,0,0,0,0,0,0,0,0,0,0,0,0,0,0,0,0,0,0,0,0,0,0,0,0,0,0,0.996,0,0,0,0,0,0,0.201,0,0,0,0,0,0,0.194,0,0,0.192,0,0,0,0,0,0,0,0,0,0,0,0,0,0,0,0,0,0,0,0,0,0,0,0,0,0.827,0,0,0,0,0,0,0,0.44,0,0,0,0,0,0,0,0,0,0,0,0,0,0,0,0,0,0,0,0,0,0,0,0,0.179,0,0,0,0,0,0,0,0,0,0,0,0,0,0,0,0,0,0,0,0,0,0,0,0,0,0,0.999,0,0,0,0,0,0,0,0,0,0,0,0,0,0,0,0,0,0,0,0,0,0,0,0,0,0,0,0,0,0,0,0.546,0,0,0,0,0,0.544,0,0,0,0,0,0,0,0,0,0,0,0,0,0,0,0,0,0,0,0,0,0.15,0,0,0,0,0,0,0,0,0,0,0,0,0,0,0,0,0,0,0,0,0,0,0,0,0,0,0,0,0,0,0,0,0.394,0,0,0,0,0,0,0,0,0,0,0,0,0,0,0,0,0,0,0,0,0,0,0,0,0,0,0,0,0,0,0,0,0,0,0,0,0,0,0,0,0,0,0.305,0,0,0,0,0,0,0,0,0,0,0.402,0,0.589,0,0,0.214,0,0,0.999,0,0.428,0.173,0,0.2,0.495,0,0.173,0,0.302,0,0.342,0.915,0,0,0,0.265,0,0,0,0,0,0.188,0,0,0.325,0.164,0,0,0,0.205,0.172,0,0,0.211,0,0.203,0,0,0,0.366,0.999,0.297,0.425,0,0.993,0.347,0,0,0,0,0,0,0,0,0,0.999,0,0,0,0.281,0,0.186,0,0,0,0,0,0,0.203,0.434,0,0.169,0,0,0.212,0,0,0.559,0,0,0.519,0,0.999,0,0,0,0,0,0,0,0.15,0,0.156,0,0,0,0.257,0.648,0.288,0,0,0.266,0,0.421,0.2,0,0.182,0,0,0,0,0,0,0,0.999,0.31,0.253,0,0,0,0.245,0,0,0,0.999,0,0,0,0,0,0,0,0,0,0,0,0.291,0.33,0.485,0,0,0.234,0,0,0,0.204,0,0,0,0,0.173,0.999,0.167,0.189,0.683,0,0,0.355,0,0,0,0.364,0,0.217,0.875,0,0.999,0,0.182,0,0,0,0,0.184,0,0.438,0.465,0,0,0.164,0.173,0,0,0.355,0.189,0,0.167,0.207,0.172,0,0.907,0,0,0,0,0,0.901,0,0,0,0.556,0,0,0.436,0,0,0,0,0,0,0,0,0,0,0,0.27,0.406,0,0,0.48,0,0.294,0.176,0,0,0.577,0,0.253,0.159,0.4,0,0,0,0,0,0,0,0,0,0,0,0,0,0,0,0,0,0,0,0,0,0,0,0.169,0,0.461,0,0,0,0,0,0,0,0,0,0,0,0,0,0,0,0,0,0,0,0.999,0,0,0,0,0,0,0,0,0,0,0.197,0,0,0,0,0,0,0,0,0,0.173,0,0,0,0,0,0,0.263,0,0,0,0,0,0,0,0,0,0,0,0,0,0,0,0,0,0,0,0,0,0.907,0,0.151,0,0,0,0.234,0,0,0,0,0,0,0,0,0,0,0,0,0.261,0,0,0,0.723,0,0,0,0,0,0,0,0,0,0,0,0,0,0,0,0.162,0,0,0,0,0,0,0,0,0,0,0,0,0,0,0,0,0,0,0,0,0,0,0,0,0,0,0,0,0,0,0,0,0,0,0,0,0,0,0,0,0,0,0.239,0,0,0,0,0,0,0,0,0,0,0,0,0.185,0,0,0,0,0,0,0,0,0,0,0,0,0,0,0,0,0,0,0,0,0,0,0,0,0,0.887,0,0,0.999,0,0,0,0,0,0,0,0,0,0,0,0,0,0,0,0,0,0.169,0,0,0,0,0,0,0,0,0,0,0,0.212,0,0,0,0,0,0,0,0,0,0,0,0,0,0,0,0.245,0,0,0,0.239,0,0,0,0,0,0,0,0,0,0,0.246,0.295,0,0,0.181,0,0.999,0,0,0,0,0,0,0.784,0,0,0,0,0,0,0,0,0,0,0,0,0,0,0,0,0,0,0,0,0,0,0,0,0,0,0,0,0,0,0,0,0,0,0,0,0,0.157,0,0.999,0,0,0,0,0.244,0.999,0,0,0,0,0.999,0,0,0,0,0,0,0,0.794,0,0,0,0,0,0,0,0,0,0,0,0,0,0,0.915,0,0,0,0.881,0,0,0,0,0,0,0.339,0.999,0,0,0,0.774,0,0,0,0,0,0,0,0,0,0,0,0,0,0,0,0,0,0,0,0,0,0,0,0,0.308,0,0,0,0,0,0,0,0,0,0,0,0,0,0,0,0,0,0,0,0,0,0,0,0,0,0,0,0,0,0,0,0,0.34,0,0,0.693,0,0.394,0.203,0,0,0,0,0,0,0,0,0,0,0.999,0,0,0,0,0,0,0,0,0,0,0,0,0,0,0.92,0,0,0,0,0,0,0,0,0,0,0,0,0,0,0,0,0,0,0,0,0,0,0.288,0.339,0,0,0,0,0,0,0,0,0,0,0,0,0,0,0,0,0,0,0.999,0,0,0.999,0,0,0,0,0,0,0,0,0,0,0,0,0,0,0,0,0,0,0,0,0,0,0,0,0,0,0,0,0,0,0,0,0,0,0,0,0,0,0,0,0,0,0,0,0,0,0,0,0,0,0,0,0,0,0,0,0,0,0,0,0,0,0,0,0,0,0,0,0,0,0,0,0,0,0,0,0,0,0,0,0,0,0,0,0,0,0,0,0,0,0,0,0,0,0,0,0,0,0,0,0,0,0,0,0,0,0,0,0,0,0,0,0,0,0,0,0,0,0,0,0.772,0,0,0,0,0,0,0,0,0,0,0,0,0,0,0,0,0,0,0,0,0,0,0,0,0,0,0,0,0,0,0,0,0,0,0,0,0,0,0,0,0,0,0,0.999,0,0,0,0,0,0,0,0,0,0,0,0,0,0,0,0,0,0,0,0,0.336,0,0,0,0,0,0,0,0,0,0,0,0,0,0.583,0,0,0,0,0,0,0,0,0,0,0,0,0.91,0,0,0,0,0,0,0,0,0,0,0,0,0,0,0,0,0,0,0,0,0,0,0,0,0,0.193,0,0,0.218,0,0,0.486,0,0,0,0,0,0,0,0,0,0,0,0,0,0,0,0,0,0,0,0,0,0,0,0,0,0,0,0,0,0,0,0,0,0,0,0,0,0,0,0,0,0,0,0,0,0,0,0,0,0,0,0,0,0,0,0,0,0,0,0,0.276,0,0,0,0,0,0,0,0,0,0,0,0,0,0,0,0,0,0,0,0,0,0,0,0,0,0,0,0,0,0,0,0,0,0,0,0,0,0.949,0.843,0.999,0.834,0,0.346,0.309,0.288,0.999,0.991,0.999,0,0.579,0.999,0.372,0.236,0,0.999,0.283,0.517,0.999,0,0.173,0.313,0,0.279,0,0.999,0.409,0.999,0.349,0,0.999,0,0,0.289,0.559,0.199,0.806,0.999,0.596,0.999,0.207,0.873,0.165,0,0,0.998,0.999,0.248,0.912,0,0.208,0.487,0.198,0.609,0.809,0,0.473,0,0.255,0.996,0.999,0.999,0.999,0.913,0.999,0.999,0.627,0.234,0.999,0.787,0.999,0.194,0,0,0.8,0,0,0.24,0.999,0.999,0,0.993,0.999,0.999,0.235,0.182,0.999,0,0.777,0.825,0,0.999,0,0.681,0,0.999,0.999,0.171,0.907,0,0,0.999,0,0.999,0.999,0.794,0.999,0.999,0,0,0.999,0.221,0.999,0.245,0.999,0.999,0.823,0.999,0.909,0,0.649,0,0.999,0.999,0.778,0.825,0,0,0.946,0,0.999,0,0.793,0,0.998,0.854,0.353,0,0,0,0.999,0.999,0,0,0.583,0.999,0.312,0,0,0,0.247,0.603,0.999,0.999,0.152,0.98,0,0.999,0,0.776,0.999,0.203,0.251,0.999,0.999,0.209,0,0.999,0.998,0.192,0.253,0,0.245,0,0.156,0,0,0.305,0.592,0.604,0,0.755,0.316,0.726,0,0.237,0.916,0.999,0.999,0.999,0.64,0.173,0,0.999,0.999,0,0.217,0.999,0,0.999,0.999,0.173,0.999,0.164,0.209,0.999,0,0.999,0.424,0,0.998,0.999,0.999,0,0.824,0.999,0,0.89,0,0,0.999,0.177,0.999,0.491,0,0.999,0,0,0.161,0,0,0,0,0,0,0,0.583,0,0.2,0,0,0,0,0.287,0,0,0,0,0,0.218,0,0.218,0,0,0,0,0,0,0,0,0,0,0,0,0,0,0,0,0,0.999,0,0,0,0,0,0,0,0,0.235,0.165,0,0,0.226,0,0,0.203,0.405,0.162,0,0.299,0,0,0,0,0,0,0.178,0,0,0,0,0,0,0.154,0,0,0,0,0,0,0.281,0,0,0,0,0,0,0,0,0,0,0,0,0,0,0,0,0,0,0,0,0,0,0,0,0,0.348,0,0,0,0,0,0,0,0,0,0,0,0,0.299,0,0,0,0,0,0,0,0,0,0,0,0,0,0,0,0,0,0,0,0,0,0,0,0,0,0,0,0,0,0,0,0,0,0,0,0,0,0,0,0,0,0,0,0,0,0,0,0,0,0,0,0,0,0,0,0,0,0,0,0,0,0,0,0,0,0,0,0,0,0,0,0,0,0,0,0,0,0,0,0,0,0,0,0,0,0,0,0,0,0,0,0,0,0,0,0,0,0,0,0,0,0,0,0,0,0,0,0,0,0,0.183,0,0,0,0,0,0.295,0.221,0,0.901,0.189,0,0,0.906,0,0,0,0.838,0,0.476,0,0,0,0.175,0.25,0.261,0,0,0,0,0,0,0,0,0,0,0,0,0,0,0,0,0,0,0,0,0,0,0,0,0,0,0,0,0,0,0,0,0,0,0,0,0,0,0,0,0,0,0,0,0,0,0,0,0,0,0,0,0,0,0,0,0,0,0,0,0,0,0,0,0,0,0,0,0,0,0,0,0,0,0,0,0,0,0,0,0,0,0,0,0,0,0,0,0,0,0,0,0,0,0,0,0,0,0,0,0,0,0,0,0,0.567,0,0,0,0,0,0,0,0,0,0,0,0,0,0,0,0,0,0,0,0,0,0,0,0,0,0,0,0,0,0,0,0,0,0,0,0,0,0,0,0,0,0,0,0,0,0,0.507,0,0,0,0,0,0,0,0,0,0,0,0,0,0,0,0,0,0,0,0,0,0,0,0,0,0,0,0,0,0,0,0,0,0,0,0,0,0,0,0,0,0,0,0,0,0,0,0,0,0,0,0,0,0,0,0,0,0,0,0,0,0,0,0,0,0,0,0,0,0,0,0,0,0,0,0,0,0,0,0,0,0,0,0,0,0,0,0,0,0,0,0,0,0,0,0,0,0,0,0,0,0,0,0,0,0,0,0,0,0,0,0,0,0,0,0,0,0,0,0.238,0,0,0,0,0,0,0,0,0,0,0,0,0,0,0,0,0,0.21,0,0,0,0,0,0,0,0,0,0,0,0,0,0,0,0,0,0,0,0,0.215,0,0,0,0,0,0,0,0,0,0,0,0,0,0,0,0,0,0,0,0,0,0,0,0,0,0,0,0,0,0,0,0,0.337,0,0,0,0,0,0,0,0,0,0,0,0,0,0,0,0,0,0,0,0,0,0,0,0.183,0,0,0,0,0,0,0,0,0,0,0,0,0,0,0,0,0,0,0,0,0,0,0,0,0,0,0,0,0,0.37,0,0,0,0,0,0,0,0,0.481,0,0,0,0,0,0,0,0,0,0,0,0,0,0,0,0,0,0,0,0,0,0,0,0,0,0,0,0,0,0,0,0,0,0,0,0,0,0,0,0,0,0,0,0,0,0,0.192,0,0,0,0,0,0,0,0,0,0,0,0,0,0,0,0,0,0,0,0,0,0,0,0,0,0,0,0,0,0,0,0,0,0,0,0,0,0,0,0,0,0.239,0,0,0,0,0,0,0,0.175,0,0,0.187,0,0,0,0,0,0,0,0,0,0,0,0,0,0,0,0,0,0,0,0,0,0.42,0,0,0,0,0,0,0,0,0,0,0.161,0,0,0,0,0,0,0,0,0,0,0,0.227,0,0,0,0,0,0,0,0,0,0,0,0,0,0,0,0,0,0,0,0,0,0,0,0,0,0,0,0,0,0,0,0,0,0,0,0,0,0,0,0,0,0,0,0,0,0,0,0,0,0,0,0,0,0,0,0,0,0,0,0,0,0,0,0,0,0,0,0,0,0,0,0,0,0,0,0,0,0,0,0,0,0,0,0,0,0,0,0,0,0,0,0,0,0,0,0,0,0,0,0,0.496,0,0,0,0,0,0,0,0,0,0,0,0,0,0,0,0,0,0,0,0,0,0,0,0,0.173,0,0,0,0,0,0,0,0,0,0,0,0,0,0,0,0,0,0,0,0,0,0,0,0,0,0,0,0,0,0,0,0,0,0,0,0,0,0,0,0,0,0,0,0,0,0,0,0,0,0,0,0,0,0,0,0,0,0,0,0,0,0,0,0,0,0,0,0,0,0,0,0,0.193,0,0,0,0,0,0,0,0.261,0,0,0,0,0,0,0,0,0,0,0,0,0,0,0,0,0,0,0,0,0,0,0,0,0,0,0,0,0,0,0,0,0,0,0,0.157,0,0,0,0,0,0.263,0,0,0,0,0,0,0,0,0,0,0,0,0.153,0,0,0,0,0,0,0,0,0,0,0,0,0,0,0,0,0,0,0,0,0,0,0,0,0,0,0,0,0,0,0,0,0,0,0,0,0,0,0,0,0,0,0,0,0,0,0,0,0,0,0,0,0,0,0,0,0,0,0,0,0,0,0,0,0,0,0,0,0,0,0,0,0,0,0,0,0,0,0,0,0,0,0,0,0,0,0,0,0,0,0,0,0,0,0,0,0,0,0,0,0,0,0,0,0,0,0,0,0,0,0,0,0,0,0,0,0,0,0,0,0,0,0,0,0,0,0,0,0,0,0,0,0,0,0,0,0,0,0,0,0,0,0,0,0,0,0,0,0,0,0,0,0,0,0,0,0,0,0,0,0,0,0,0,0,0,0,0,0,0,0,0,0,0,0,0,0,0,0,0,0,0,0,0,0,0,0,0,0,0,0,0,0,0,0,0,0,0,0,0,0,0,0,0,0,0,0,0,0,0,0,0,0,0,0,0,0,0,0,0,0,0,0,0,0,0,0,0,0,0,0,0,0,0,0,0,0,0,0,0,0,0,0,0,0,0,0,0,0,0,0
851019,0.634,0.246,0.719,0,0,0,0.802,0.68,0.2,0.226,0.202,0.445,0,0,0,0.629,0.793,0,0,0.21,0,0,0,0,0.308,0,0.37,0,0,0,0,0,0.434,0.19,0.981,0,0,0,0,0.165,0,0.21,0,0,0,0.263,0.187,0.152,0.81,0,0,0,0.173,0,0,0,0,0.283,0.204,0,0.266,0.295,0.272,0,0.287,0,0,0.163,0.277,0,0.559,0.924,0,0,0,0.999,0.25,0,0.796,0,0.158,0,0,0,0,0.389,0,0,0.736,0,0.516,0,0,0,0.22,0,0.986,0.399,0.856,0,0,0.168,0.795,0.473,0.916,0.979,0.263,0,0,0,0,0,0,0,0.15,0,0,0.179,0.788,0,0,0.223,0,0,0,0,0,0,0,0,0.543,0,0,0,0,0.958,0,0,0.695,0.898,0,0,0,0,0,0.258,0,0,0,0.175,0,0,0.161,0.662,0,0.284,0,0,0,0,0,0,0,0.54,0.845,0,0,0.165,0.214,0,0,0,0,0,0,0.155,0,0.756,0,0,0.398,0.999,0,0,0,0,0,0,0,0,0,0,0,0,0,0,0,0,0,0,0,0,0,0,0,0.161,0,0,0,0.313,0,0,0,0,0,0,0,0,0,0,0,0,0,0,0,0,0,0,0,0,0,0,0,0,0,0,0,0,0,0,0,0,0.367,0,0,0,0,0,0,0,0,0,0,0,0,0,0,0,0,0,0,0,0,0,0,0,0.441,0,0,0,0,0,0,0,0,0,0,0,0,0,0,0,0,0,0,0,0,0,0,0,0,0,0,0,0,0,0,0,0,0,0,0,0,0.218,0,0,0,0,0,0,0,0,0,0.436,0,0,0,0,0,0,0.205,0,0,0,0,0,0,0,0,0,0,0,0,0,0,0.367,0,0,0,0,0,0,0,0,0,0.608,0,0,0,0.165,0,0.303,0,0,0.208,0,0,0.17,0.366,0,0,0,0,0,0,0,0.298,0,0,0,0.262,0,0,0,0,0,0,0,0,0,0,0,0,0,0,0,0,0,0,0,0,0,0.484,0,0,0,0,0,0,0,0,0,0,0,0,0,0,0,0.224,0,0,0,0.23,0,0,0,0,0,0,0,0,0,0.161,0.227,0,0,0,0,0,0,0,0,0.215,0,0,0.167,0,0,0,0,0,0,0,0,0,0.197,0,0.24,0,0,0,0,0,0,0,0,0,0,0,0,0.253,0,0,0,0,0,0,0,0,0,0,0,0.22,0,0,0,0,0,0,0,0,0,0,0,0,0,0,0,0.297,0,0,0,0,0,0,0,0,0,0,0.159,0,0,0,0,0,0,0,0,0,0,0,0.353,0,0,0,0,0,0,0,0,0,0,0,0,0,0,0,0,0,0,0,0,0,0,0,0,0,0,0,0,0,0,0,0.15,0,0.384,0,0,0,0,0,0,0.298,0,0,0,0,0.445,0,0,0,0,0,0,0,0,0,0,0,0,0,0,0,0,0,0,0,0,0,0,0,0,0.277,0,0.299,0,0,0,0.175,0,0,0,0,0.561,0,0,0,0,0,0,0,0,0,0.158,0,0,0,0,0,0,0,0,0,0,0,0,0,0.307,0,0,0,0,0,0,0,0,0,0.266,0.438,0.195,0,0,0,0,0,0,0,0,0,0,0,0,0,0,0,0,0,0,0,0,0,0,0,0,0,0,0,0,0,0,0,0,0,0,0,0,0,0,0,0,0,0,0.385,0,0,0,0,0,0,0,0,0,0,0,0,0.42,0,0,0.206,0,0,0,0,0,0,0,0,0,0,0,0,0,0,0,0,0,0,0,0,0.554,0,0.348,0.443,0,0,0,0,0,0,0,0,0,0,0,0.369,0,0,0,0,0,0,0,0,0,0,0,0,0,0.162,0,0.347,0,0,0,0,0,0,0,0,0,0,0,0,0,0,0,0,0,0,0,0,0,0,0,0,0,0,0,0,0,0,0,0,0,0,0,0,0,0,0,0.558,0,0,0,0,0,0,0.309,0,0,0.317,0,0,0,0,0,0,0,0,0,0,0,0,0,0,0,0,0,0,0.158,0,0,0,0,0,0,0,0,0,0,0,0,0,0,0,0,0,0,0,0,0,0,0,0,0,0,0,0,0.559,0,0,0,0,0,0,0,0,0,0,0,0,0,0,0,0,0,0,0,0,0,0,0,0,0,0,0,0,0,0,0,0,0,0,0,0,0,0,0,0,0,0,0,0,0,0,0,0,0.406,0,0,0,0,0,0,0,0,0,0,0,0,0,0,0.359,0,0,0.187,0.296,0.482,0,0,0,0,0,0,0,0,0,0,0,0,0,0,0,0,0,0,0,0,0,0,0,0,0,0,0,0,0,0,0,0,0,0,0,0,0,0,0,0,0,0,0,0,0,0,0,0,0,0,0,0,0,0,0,0,0,0,0,0,0.187,0,0,0,0,0.263,0,0,0,0,0.391,0,0,0,0,0,0,0,0,0,0,0,0,0,0,0,0,0,0,0,0,0,0,0,0,0,0,0,0,0,0,0,0,0,0,0,0,0,0,0,0,0,0,0,0,0.21,0,0,0,0,0,0,0,0.24,0,0,0,0,0,0.358,0,0,0,0,0,0.883,0,0,0,0,0,0,0,0,0,0.653,0,0.609,0,0,0,0,0.216,0,0.748,0,0,0,0,0,0,0,0,0,0,0,0,0,0,0.215,0,0,0,0,0,0,0,0,0,0,0,0,0,0,0.197,0.41,0,0,0.178,0,0,0,0,0,0,0,0.178,0,0,0,0,0,0,0,0,0,0,0,0,0,0,0,0.165,0,0,0,0,0,0,0,0,0,0.277,0,0.418,0,0,0,0,0.364,0,0,0,0.172,0,0,0,0,0,0,0.151,0,0,0,0.369,0,0,0,0,0,0,0,0.162,0,0,0,0,0,0,0.173,0,0.396,0,0,0,0,0,0,0,0,0,0,0,0,0,0,0,0,0.384,0,0,0,0,0,0,0,0,0,0,0,0,0.242,0,0,0,0,0.167,0,0,0,0,0,0,0,0,0.188,0,0,0.175,0,0,0,0,0,0,0,0.223,0,0,0,0,0.207,0,0,0,0,0,0.219,0,0,0.173,0,0,0,0.164,0,0.927,0,0,0,0,0,0,0,0,0,0.204,0.192,0,0,0.202,0,0,0,0.327,0.771,0,0,0,0,0,0,0,0,0,0,0,0,0,0,0,0,0,0.777,0.16,0,0,0.607,0,0,0,0,0,0,0,0,0,0,0,0,0,0,0.876,0.299,0,0,0,0.155,0.167,0.354,0,0,0.192,0,0,0,0,0,0,0,0,0,0.368,0,0,0,0,0,0.207,0,0,0,0,0,0,0,0,0,0,0,0,0,0,0,0,0.19,0.153,0,0,0,0,0.265,0,0,0,0,0,0,0.168,0,0,0,0.367,0,0,0,0.244,0.357,0,0,0.472,0,0,0.757,0,0,0,0,0,0,0,0,0,0,0,0,0.501,0,0,0,0,0,0,0,0,0,0,0,0,0,0,0,0,0.367,0,0,0,0,0,0,0,0,0,0,0,0,0,0,0,0,0,0.219,0,0,0,0,0,0,0,0,0,0.199,0,0,0,0,0,0,0,0,0,0,0,0,0,0,0,0,0,0,0,0,0,0,0,0,0,0,0,0,0,0,0,0,0,0,0,0,0,0,0,0,0,0,0,0,0,0,0,0,0,0,0,0,0,0,0,0,0,0,0.24,0.274,0,0,0,0.291,0,0,0,0,0,0,0,0,0.214,0,0,0,0.169,0,0,0,0,0,0,0,0,0,0,0,0,0,0,0,0,0.151,0.152,0,0,0,0,0,0,0,0,0,0.434,0,0,0,0,0,0,0,0,0,0,0,0.35,0,0,0,0,0,0,0,0.152,0,0,0.698,0,0,0,0,0,0,0,0,0,0,0,0,0,0,0,0,0,0,0,0,0,0,0,0,0,0.374,0,0,0,0,0,0,0,0,0,0,0,0,0,0.205,0,0.275,0,0,0.212,0,0,0,0,0,0,0,0,0,0,0,0,0,0,0,0,0.701,0,0,0,0,0,0,0,0,0,0,0,0,0,0,0,0,0,0,0,0,0,0,0,0,0,0,0,0,0.686,0,0,0,0,0,0,0,0.212,0,0,0.342,0,0,0,0,0,0,0,0,0,0,0,0,0,0,0,0,0,0,0.155,0,0,0,0.295,0,0,0,0,0,0,0,0,0,0,0,0,0,0,0,0,0,0,0,0,0,0,0,0,0,0,0,0,0,0,0,0,0,0,0.161,0,0,0,0,0,0,0,0,0,0,0,0,0,0,0,0,0,0.284,0,0,0,0,0,0,0,0,0,0,0,0,0,0,0,0,0,0,0,0,0,0,0,0,0,0,0,0,0,0,0,0,0,0,0,0,0,0,0,0,0,0,0,0,0,0,0,0,0,0,0,0,0,0,0,0,0,0,0,0,0,0,0,0,0,0,0,0,0.346,0,0,0,0,0,0,0,0,0,0,0,0,0,0,0,0,0,0,0,0,0,0,0,0,0,0,0,0,0,0,0,0,0,0,0,0.202,0,0,0,0,0,0,0,0,0,0,0,0,0,0,0,0,0,0,0,0,0,0,0,0,0,0,0,0,0,0,0,0,0,0,0,0,0,0,0,0,0,0,0,0,0.735,0,0,0,0,0,0,0,0,0.302,0,0,0,0,0,0.159,0,0,0,0,0,0,0,0,0,0,0,0,0,0,0,0,0,0,0.161,0,0,0,0,0,0.739,0,0,0,0,0,0,0,0,0,0,0,0,0,0,0,0,0,0,0,0,0,0,0,0,0,0,0,0,0.765,0,0,0,0,0,0,0,0,0,0,0,0,0,0,0,0,0,0,0.201,0,0,0,0,0.497,0,0,0.324,0,0,0,0,0,0,0,0,0,0,0,0.59,0,0,0,0,0,0,0,0,0,0,0,0,0,0,0,0,0,0,0,0,0,0,0,0,0,0,0,0,0,0,0,0.402,0,0.767,0,0,0.207,0,0,0,0,0,0,0,0,0,0,0,0,0,0,0,0,0.554,0,0,0,0,0,0,0,0,0,0,0,0,0,0,0,0,0,0,0,0,0,0,0,0.196,0,0,0,0.707,0,0,0,0.417,0,0,0,0,0,0,0,0,0,0,0,0,0,0,0,0,0,0,0,0,0,0,0,0.43,0,0,0,0,0,0,0,0,0,0,0,0,0,0,0.242,0.444,0,0.154,0,0,0,0,0,0,0,0.268,0,0,0,0,0,0,0,0,0,0,0,0,0,0,0,0,0,0,0,0,0.176,0,0,0.156,0,0,0,0,0,0,0,0,0,0,0,0,0,0,0,0,0,0,0,0,0,0,0,0,0,0,0,0,0,0,0,0,0,0,0,0,0,0,0,0,0,0,0,0,0,0,0,0,0,0,0,0,0,0,0,0,0,0,0,0,0,0,0,0,0,0,0,0,0,0,0,0,0,0,0,0,0,0,0,0,0,0,0,0,0,0,0,0,0,0,0,0,0,0,0,0,0,0,0,0,0,0,0.33,0,0,0,0,0,0,0,0,0,0,0,0,0,0,0,0,0,0,0,0,0,0,0,0,0,0,0,0,0,0,0,0.172,0,0,0,0,0,0,0,0,0,0,0,0,0,0,0,0,0,0,0,0,0,0,0,0,0,0,0,0,0,0,0,0,0.154,0,0,0,0,0,0,0,0,0,0,0,0,0,0,0,0,0,0,0,0,0,0,0,0,0,0,0,0,0,0,0.803,0,0,0,0,0,0,0,0.159,0,0,0,0,0,0,0,0.178,0,0,0,0,0,0,0,0,0,0,0,0,0,0,0,0,0,0,0,0.177,0,0,0,0,0,0,0,0,0,0,0,0,0,0,0,0,0,0,0,0,0,0,0,0,0,0,0,0,0,0,0,0,0,0,0,0.415,0,0,0,0.829,0,0,0.302,0,0.927,0,0,0,0,0,0,0,0,0,0,0,0,0,0,0.286,0,0,0.301,0.612,0.157,0,0.199,0,0.375,0.152,0.275,0,0,0,0,0,0,0,0,0,0.241,0,0.445,0,0,0,0,0,0,0,0,0,0,0,0.371,0,0,0,0,0,0.781,0,0,0,0,0,0,0,0,0,0.325,0,0,0,0,0,0,0,0,0,0,0.275,0,0.153,0,0,0,0,0,0,0,0,0,0.255,0,0,0.27,0,0,0,0,0,0,0,0,0.171,0,0.275,0,0,0,0,0,0,0,0,0.225,0,0,0,0.159,0,0,0,0,0,0,0,0,0,0,0,0,0,0,0,0,0.176,0,0,0,0.196,0,0,0,0,0,0,0,0,0,0,0,0,0,0,0,0,0,0,0,0,0,0,0,0,0,0,0,0,0.167,0,0,0,0,0,0,0,0,0,0,0,0,0,0,0,0,0,0,0,0,0,0,0,0,0.958,0,0,0,0,0,0,0,0.422,0,0,0,0,0,0,0,0.264,0,0.176,0,0,0,0,0,0,0,0,0,0,0,0,0,0,0,0,0.238,0,0,0,0,0.172,0,0,0,0.339,0,0,0,0,0,0,0.161,0,0,0,0,0,0,0.218,0,0,0,0,0,0,0,0,0,0,0,0,0,0,0,0,0,0,0,0,0,0,0,0,0,0,0,0,0,0,0,0,0,0,0,0,0,0,0,0,0,0,0,0,0,0,0,0,0,0,0,0,0,0,0,0,0,0,0,0,0,0,0,0,0,0,0,0,0,0,0,0,0,0,0,0,0,0,0.163,0,0,0,0,0,0,0,0,0,0,0,0,0,0,0,0,0,0,0,0,0,0,0,0,0,0,0,0,0,0,0,0,0,0,0,0,0,0,0,0,0,0,0,0,0,0,0,0,0,0,0,0,0,0,0,0,0,0,0,0,0,0,0,0,0,0,0,0,0,0,0,0,0,0,0,0,0,0,0,0,0,0,0,0,0,0,0,0,0,0,0,0,0,0,0.2,0,0.155,0,0.226,0,0,0,0,0,0,0,0,0,0,0,0,0,0,0,0,0,0,0,0,0,0,0,0,0,0,0,0,0,0,0,0,0,0,0,0,0,0,0,0,0,0,0,0,0,0,0,0,0,0,0,0,0,0,0,0,0,0,0,0,0,0,0,0,0,0,0,0,0,0,0,0,0,0,0,0,0,0,0,0,0,0,0,0,0,0,0,0,0,0,0,0,0,0,0,0,0,0,0,0,0,0,0,0,0,0,0,0,0,0,0,0,0,0,0,0,0,0,0,0,0,0,0,0,0,0,0.169,0,0,0,0,0.556,0,0,0.287,0.788,0,0,0,0,0,0.157,0,0,0,0.172,0,0,0,0,0,0,0,0,0,0,0.547,0,0,0,0.223,0,0,0,0,0,0,0,0,0,0,0,0,0,0,0,0,0,0,0,0,0,0.624,0,0,0,0,0,0,0,0,0,0,0,0,0.358,0,0,0,0,0,0,0,0,0,0,0,0,0,0,0,0,0,0,0,0,0,0,0,0,0,0,0,0,0,0,0,0,0,0,0,0,0,0,0,0,0,0,0,0,0,0,0,0,0,0,0,0,0,0,0,0,0,0,0,0,0,0,0,0,0,0,0,0,0,0,0,0,0,0,0,0,0,0,0,0,0,0,0,0,0,0,0,0,0,0,0.228,0,0,0,0,0,0,0,0,0,0,0,0,0,0,0,0,0,0,0,0,0,0,0,0,0,0,0,0,0,0,0,0,0,0,0,0,0,0,0,0,0,0,0,0,0,0,0,0,0,0,0,0,0,0,0,0,0,0,0,0,0,0,0,0,0,0,0,0,0.155,0,0,0,0,0,0,0,0,0,0,0,0,0,0,0,0,0,0,0,0,0,0,0,0,0,0,0,0,0,0,0,0,0,0,0,0,0,0,0,0,0,0,0,0,0,0,0,0.165,0,0,0,0,0,0,0,0,0,0,0.196,0,0,0,0,0,0,0,0,0,0.225,0,0,0,0.171,0,0,0,0.249,0,0,0,0,0,0,0,0,0,0,0,0,0,0,0,0,0,0,0,0,0,0,0,0,0,0,0,0,0,0,0,0,0,0,0,0.151,0,0,0,0,0,0,0,0,0,0,0,0.168,0,0,0,0,0,0,0,0,0.685,0,0,0,0,0,0,0,0,0,0,0,0,0,0,0,0,0,0,0,0,0,0,0,0,0,0,0,0,0,0,0,0,0,0,0,0,0,0,0,0,0,0,0,0,0,0,0,0,0,0,0,0,0,0,0.2,0,0,0,0,0,0,0,0,0,0,0,0,0,0,0,0,0,0,0,0,0,0,0,0,0,0,0,0,0,0,0,0,0,0,0,0,0,0,0,0,0,0,0.28,0,0,0,0,0,0,0,0,0.179,0,0,0,0.221,0,0,0,0,0,0,0,0,0,0,0,0,0,0,0,0,0,0,0,0,0,0,0,0,0,0,0.229,0,0,0,0,0,0,0,0,0,0,0,0,0.256,0,0,0,0,0,0,0,0,0,0.229,0,0,0,0,0,0,0,0,0,0,0,0,0,0,0,0,0,0,0,0,0,0,0,0,0,0,0,0,0,0,0,0,0,0,0,0,0,0,0,0,0,0,0,0,0,0,0,0,0,0,0.161,0,0,0,0,0.177,0,0,0,0,0,0,0,0,0,0,0,0,0,0,0,0.206,0,0,0,0,0,0,0,0,0,0,0,0.289,0,0,0,0,0,0,0.277,0,0,0,0,0,0,0,0,0,0,0,0,0,0,0,0,0,0,0,0,0,0,0,0,0,0,0,0,0,0,0,0,0,0,0,0,0,0,0,0,0,0,0,0,0,0,0,0,0,0.192,0,0,0,0,0,0,0,0,0,0,0,0,0,0,0,0,0,0.253,0,0,0,0,0,0,0,0,0,0,0,0,0,0,0,0,0,0,0,0,0,0,0,0,0,0,0,0,0,0,0,0,0,0,0,0,0,0,0,0,0,0,0,0,0,0,0,0,0,0,0,0,0,0,0,0,0,0,0,0,0,0,0,0,0,0,0,0,0,0,0,0,0,0,0,0,0,0,0,0,0.192,0.701,0,0,0,0,0,0,0,0,0,0,0,0,0,0,0,0,0,0,0,0,0,0,0,0,0,0,0,0,0,0,0,0,0,0,0.952,0,0,0,0,0,0,0,0,0.242,0,0,0,0,0.177,0,0,0,0,0,0,0,0,0,0,0,0,0,0,0.258,0,0,0,0,0,0.196,0,0,0,0,0,0,0,0,0,0,0,0,0,0,0,0,0,0,0,0,0,0,0,0,0,0,0.187,0,0,0,0,0,0,0,0,0,0,0,0,0,0,0,0,0,0,0,0,0.175,0,0,0,0,0,0,0,0,0,0,0,0,0,0,0,0,0,0,0,0,0,0,0,0,0,0,0,0,0,0,0,0.15,0,0,0,0,0,0,0,0,0,0,0,0,0,0,0,0,0,0,0,0,0.645,0,0,0,0,0,0,0,0,0,0,0,0,0,0,0,0,0,0,0,0.188,0,0,0,0,0,0,0,0,0,0,0,0,0,0,0,0,0,0,0,0,0,0,0,0,0,0,0,0,0,0,0,0,0,0,0,0,0,0,0,0,0,0,0,0,0,0,0,0,0,0,0,0,0,0,0,0,0,0,0,0,0,0,0,0,0,0,0,0,0,0,0,0,0,0,0.276,0,0,0,0,0,0,0,0,0,0,0,0,0,0,0,0,0,0,0,0,0,0,0,0,0,0,0,0,0,0,0,0,0,0.172,0,0,0,0,0,0,0,0,0,0,0,0,0,0,0,0,0,0.353,0,0,0,0,0,0,0,0,0,0,0,0,0,0,0,0,0,0,0,0,0,0,0,0,0,0,0,0,0,0,0,0,0,0,0,0,0,0,0,0,0,0,0,0,0,0,0,0,0,0,0,0,0,0,0,0,0,0,0,0,0,0,0,0,0,0,0,0,0,0,0,0,0,0.184,0,0,0,0,0,0,0,0,0,0,0,0.161,0,0,0,0,0,0,0,0,0,0,0,0,0,0.605,0,0,0,0,0,0,0,0,0,0,0,0,0,0,0,0,0,0,0,0,0,0,0,0,0,0,0,0,0.583,0,0,0,0,0,0,0,0,0,0,0,0,0,0,0,0,0,0,0,0,0,0,0,0,0,0,0,0,0,0,0,0,0,0.333,0,0,0,0,0,0,0,0,0,0,0,0,0,0,0,0,0,0,0,0,0,0,0,0,0,0,0,0,0,0,0,0,0,0,0,0,0,0,0,0,0
850966,0,0,0.18,0.191,0,0,0.15,0,0,0,0.198,0,0,0.339,0,0.273,0,0,0,0,0.26,0,0,0,0,0,0.32,0,0,0,0,0,0.213,0,0,0,0,0,0,0,0.282,0.164,0,0,0,0,0,0.529,0,0,0,0,0.497,0,0,0.248,0,0,0.241,0,0,0.277,0,0,0.291,0.406,0,0.352,0,0,0.274,0.327,0,0,0.229,0.392,0.201,0.241,0,0,0,0,0,0,0,0,0.251,0,0,0,0.447,0,0,0.508,0,0,0.335,0,0,0,0,0,0.165,0,0,0,0,0,0.22,0,0,0,0,0,0,0,0.26,0,0,0,0,0.508,0,0,0,0,0,0,0.276,0,0,0,0,0.15,0,0.342,0,0,0.594,0.411,0,0,0,0,0,0,0,0,0,0,0.158,0,0,0,0,0.331,0,0,0,0,0,0,0,0,0,0,0,0.34,0,0,0,0,0.158,0,0,0,0,0.231,0,0,0,0.416,0,0,0,0,0,0,0.585,0,0,0,0,0,0,0,0,0,0,0,0,0.408,0,0,0,0,0,0,0,0,0,0.193,0,0,0,0,0,0,0,0,0,0,0,0,0,0,0,0,0,0,0,0,0,0,0,0,0,0,0.503,0,0,0,0,0.608,0,0,0,0,0,0,0,0,0,0,0,0,0,0,0,0,0,0,0,0,0,0,0,0,0,0,0,0,0,0,0,0,0,0,0,0,0,0,0,0,0,0,0,0.157,0,0.159,0,0,0,0,0,0,0,0,0.16,0,0,0,0,0,0,0,0.194,0,0,0,0,0,0,0,0,0,0,0,0,0,0,0,0,0,0,0,0.182,0,0,0,0,0,0,0.234,0,0,0,0,0,0,0,0,0,0.249,0,0,0,0,0,0,0,0,0,0,0.175,0,0,0,0,0,0,0,0,0,0,0,0.848,0,0,0,0.212,0,0.573,0,0,0,0,0,0,0,0,0,0,0,0.466,0,0,0,0,0,0,0,0,0,0,0,0,0,0,0,0,0,0,0,0,0,0,0,0,0,0,0.164,0,0,0,0,0,0,0,0,0,0,0,0.161,0,0,0,0,0,0,0,0,0,0,0,0,0,0,0.222,0,0,0,0,0,0,0,0.277,0,0,0,0,0,0,0,0,0,0,0,0,0,0.165,0,0,0,0,0,0,0,0,0,0,0,0,0,0,0,0,0,0,0,0,0,0,0,0,0,0,0,0,0,0,0,0,0,0,0,0,0,0,0,0,0,0,0,0,0,0,0,0,0,0,0,0,0.62,0,0,0,0,0,0,0,0,0.292,0,0,0,0,0,0,0.161,0,0,0,0,0,0,0,0,0,0,0,0,0,0.159,0,0,0,0,0,0,0,0,0.726,0,0,0,0,0,0,0,0,0,0,0,0,0,0,0,0,0,0,0,0,0,0,0.232,0,0,0,0,0,0,0.45,0,0.153,0,0,0,0,0,0,0,0,0,0,0,0.182,0,0,0.158,0,0,0,0,0,0,0,0,0,0,0,0,0,0,0,0,0,0,0,0,0,0,0,0,0,0,0,0,0.168,0,0,0,0,0.185,0,0,0,0,0,0,0,0,0,0,0,0,0,0,0,0,0,0,0,0,0,0,0,0,0,0,0,0,0,0,0,0,0,0,0,0,0,0.159,0,0,0,0,0,0,0,0,0,0,0,0,0,0,0,0,0,0,0,0,0,0,0,0.607,0,0,0,0,0,0,0,0,0,0,0,0,0,0,0,0,0,0,0,0.31,0,0,0,0,0,0,0,0,0,0,0,0,0,0,0,0,0.172,0,0,0,0,0.46,0,0,0,0,0,0,0,0,0,0.307,0,0,0,0,0,0,0,0,0,0,0,0,0.373,0,0,0,0,0,0,0,0,0,0,0,0.243,0,0,0.186,0,0,0,0,0,0,0.436,0,0,0,0,0,0,0,0.169,0,0,0,0,0,0,0,0,0,0,0,0,0,0,0,0,0,0,0,0,0,0,0,0,0,0,0,0,0,0,0,0,0,0,0,0,0,0,0,0,0,0,0,0,0,0.614,0,0.683,0,0,0,0,0,0,0.194,0,0,0,0,0,0,0,0,0,0,0,0,0,0,0,0,0,0,0,0.158,0,0,0,0,0,0,0,0,0.235,0,0,0,0,0,0,0,0,0,0.156,0,0,0,0,0,0,0,0,0,0,0,0,0,0,0,0,0,0,0,0,0,0,0,0,0,0,0,0,0,0,0,0.546,0,0,0,0,0,0,0,0,0,0,0,0,0,0,0,0,0,0,0,0,0,0,0,0,0,0,0,0,0,0,0,0,0.521,0.178,0,0.169,0,0.235,0,0,0,0,0.231,0,0,0,0,0,0,0,0,0,0.293,0,0,0,0,0.197,0,0,0.666,0,0,0,0,0,0,0,0,0,0,0,0,0,0,0,0,0,0.195,0,0,0,0,0,0,0,0,0,0,0,0,0,0,0,0,0,0,0,0,0,0,0,0,0,0,0,0,0,0,0,0,0,0,0,0,0,0,0,0,0,0,0,0.151,0,0,0.246,0,0,0,0,0,0,0,0,0,0,0,0,0,0,0.153,0,0,0,0,0,0,0.299,0,0,0,0,0,0,0,0,0,0,0,0,0,0,0,0,0,0,0,0,0,0,0,0,0,0,0,0,0,0,0,0,0,0,0,0,0,0.29,0,0,0,0.371,0,0,0,0,0,0,0,0,0,0,0,0,0,0,0.212,0,0,0,0,0,0,0,0.173,0,0,0,0,0,0,0,0,0.21,0.28,0,0,0,0,0,0,0.22,0,0,0,0.429,0,0,0,0,0,0,0.173,0,0,0,0,0,0,0,0,0,0,0,0,0,0,0,0.237,0,0,0,0.168,0.26,0,0,0,0,0,0,0,0,0.151,0,0,0,0,0,0,0,0.153,0.194,0,0,0,0,0,0,0.168,0,0,0,0,0,0,0,0,0,0,0,0,0,0,0,0,0,0,0,0,0,0,0.17,0.169,0,0,0,0,0,0,0,0,0,0,0,0,0,0.833,0.255,0,0.368,0,0,0.202,0,0,0,0.16,0,0,0,0,0,0,0,0,0,0,0,0,0,0,0,0,0,0,0,0,0,0,0,0.182,0,0,0,0,0,0,0.215,0,0,0,0.222,0,0,0.607,0,0,0,0,0,0,0,0,0,0,0,0,0,0,0,0,0,0,0,0,0,0,0,0,0,0,0,0,0,0,0,0.152,0,0,0,0,0,0,0,0,0,0,0,0,0,0,0,0,0,0,0,0,0.185,0,0,0,0,0,0,0,0,0,0,0,0,0,0,0,0,0,0,0,0,0,0,0,0,0,0,0,0,0,0,0,0,0,0,0,0,0,0,0,0,0,0,0,0,0,0,0,0,0.182,0,0,0,0,0,0,0,0,0,0,0,0,0,0.162,0,0.617,0,0,0,0,0.31,0,0,0,0,0,0,0,0,0,0,0,0,0,0,0,0,0,0.155,0.176,0,0,0,0,0,0,0.198,0,0,0,0,0,0,0,0,0,0,0,0.243,0,0,0,0,0,0,0,0,0,0,0,0,0,0,0,0,0,0,0,0,0,0,0,0,0,0,0,0,0,0,0,0,0.277,0,0.443,0.153,0,0,0,0,0,0.175,0,0,0,0.15,0,0,0,0,0,0,0,0,0,0,0,0,0,0,0,0,0,0,0,0,0,0,0,0,0,0,0,0,0,0.189,0.175,0,0,0,0,0.786,0,0,0,0,0,0,0,0,0,0,0,0,0,0,0,0,0,0,0,0,0,0.496,0,0,0,0,0.516,0,0,0,0,0,0,0.703,0,0.98,0.99,0,0,0,0,0.176,0.893,0.458,0,0,0.685,0.637,0,0,0,0.26,0.981,0,0,0,0,0,0,0.704,0,0.293,0,0,0.192,0,0.963,0,0.475,0.853,0.894,0,0,0,0,0.558,0.858,0.824,0,0,0.497,0.935,0,0,0,0,0,0,0,0,0,0,0,0,0,0,0,0.258,0,0,0,0,0,0,0,0,0,0,0,0.222,0,0,0,0,0.526,0,0,0,0,0,0,0,0,0,0,0,0,0,0,0,0,0,0,0,0,0,0,0,0,0,0,0,0,0,0,0.927,0,0,0,0.151,0,0.451,0,0,0,0.156,0,0,0,0,0,0,0.207,0,0,0,0,0,0,0,0,0.35,0,0,0,0,0,0,0,0,0,0,0,0,0,0,0,0,0,0,0,0.171,0,0,0,0,0,0.331,0,0,0,0,0,0.307,0,0,0,0,0,0,0,0,0,0,0,0,0,0,0,0,0,0,0,0,0,0,0,0,0,0,0,0,0,0,0,0.234,0,0,0,0,0,0,0.32,0.361,0,0.191,0,0,0,0,0,0,0,0.452,0,0,0,0,0,0,0,0,0,0,0,0,0,0,0,0.212,0,0.185,0,0.921,0,0,0,0,0,0,0,0,0,0,0,0,0,0,0,0,0,0,0,0,0.587,0,0,0,0,0,0,0,0,0,0,0,0,0,0,0,0,0,0,0.3,0,0.151,0,0,0,0,0,0,0,0,0,0,0,0,0,0.847,0,0,0,0,0,0,0,0,0,0,0,0,0,0,0,0,0,0,0,0,0,0,0,0,0,0.267,0,0,0,0,0,0.376,0,0,0,0,0,0,0,0,0,0,0,0,0,0,0,0,0,0,0,0,0,0,0,0,0,0.299,0,0,0,0.256,0,0.595,0,0,0,0,0,0,0,0.775,0,0,0,0,0,0,0,0,0,0,0,0,0.289,0,0.52,0,0,0.962,0,0,0,0,0,0,0,0,0,0,0,0,0,0,0,0,0,0,0,0,0,0,0,0,0,0,0,0,0,0,0,0,0,0,0,0,0,0,0,0,0,0,0,0,0,0,0,0,0,0,0,0,0,0,0.317,0.194,0,0,0,0,0,0,0,0,0,0,0,0,0,0,0,0,0,0,0,0,0.963,0,0,0,0,0,0,0,0,0,0,0,0.161,0,0,0,0,0,0,0,0,0,0,0,0,0,0,0,0,0,0,0,0,0.157,0,0,0,0,0,0,0,0,0,0,0,0.265,0,0,0,0,0,0,0,0,0,0,0.491,0,0.319,0,0,0,0,0,0.697,0,0,0,0.3,0,0,0,0,0,0,0,0,0,0,0,0,0,0,0,0,0,0.172,0,0,0,0,0,0,0,0.175,0,0,0,0,0,0,0,0,0,0,0,0,0,0,0,0,0,0,0,0,0,0,0,0,0.401,0,0,0,0,0,0,0,0,0,0,0,0,0,0,0,0,0,0,0,0,0,0,0,0,0,0,0.338,0,0,0,0,0,0,0,0,0,0,0,0.3,0,0.41,0,0,0,0.243,0,0,0,0,0.194,0,0,0,0,0,0.527,0,0,0,0.157,0.177,0,0,0,0,0,0,0,0,0,0,0,0,0,0,0,0,0,0.398,0,0,0,0,0,0.944,0,0,0.192,0,0,0,0,0,0,0,0.749,0,0,0,0,0,0,0,0,0,0.928,0,0,0,0,0,0,0,0,0,0,0,0,0,0,0,0,0,0,0,0,0.193,0,0,0.945,0,0,0,0,0,0,0,0,0,0,0,0,0,0,0,0,0,0,0,0,0,0,0,0,0,0,0,0,0,0,0,0,0,0,0,0,0,0,0,0,0,0,0,0,0,0,0,0,0,0,0,0,0,0.296,0,0,0,0,0,0,0,0.369,0,0,0,0,0,0,0,0,0,0,0.947,0.567,0,0,0.192,0,0,0,0,0,0,0,0,0,0,0,0,0,0,0,0,0,0,0,0,0.575,0,0,0,0.198,0,0,0,0,0,0,0,0.684,0,0,0,0,0,0,0.197,0,0,0,0,0,0,0,0,0,0,0,0,0,0.306,0,0.344,0.415,0,0,0,0,0,0,0.167,0.279,0,0,0,0,0,0,0.957,0,0.202,0,0.316,0,0.323,0,0,0,0,0,0.334,0,0.213,0.406,0,0,0,0,0.228,0,0,0,0.425,0,0.183,0,0,0,0,0,0.976,0,0.341,0.537,0,0.882,0.185,0,0,0,0,0,0,0,0,0,0.174,0,0.426,0,0.526,0,0,0,0,0.851,0,0,0.155,0,0,0.229,0,0,0,0,0.275,0,0.175,0,0.209,0,0,0,0,0,0,0,0,0.946,0,0.977,0.161,0,0.243,0,0,0.15,0,0.492,0,0,0,0,0,0.163,0,0.197,0,0,0.158,0,0,0,0,0,0.156,0.633,0,0,0,0,0,0,0,0.366,0.427,0,0,0,0,0,0,0,0,0,0,0,0,0.159,0,0,0,0,0,0.852,0,0.154,0,0.201,0,0,0,0,0,0.549,0,0,0,0,0,0,0,0.351,0,0,0,0,0,0,0,0,0,0,0,0,0,0,0,0,0.179,0,0,0,0,0,0,0,0.611,0,0,0,0.445,0,0.279,0,0,0,0,0.174,0,0,0,0,0.772,0,0,0,0,0,0,0,0,0,0,0,0.183,0,0,0,0,0,0,0,0,0,0,0,0,0,0,0,0.174,0,0,0,0,0,0,0,0,0.164,0,0,0,0,0,0,0,0,0,0,0,0,0,0,0,0,0,0,0,0,0,0.312,0,0,0,0,0,0.168,0,0,0,0,0,0,0,0,0,0,0,0,0,0,0,0,0,0,0,0,0,0,0,0,0,0,0,0,0.235,0,0,0,0,0,0,0,0,0,0,0,0,0,0,0,0,0,0,0,0,0,0,0,0,0.174,0,0,0,0,0.426,0,0,0,0,0,0,0,0,0,0,0,0,0,0,0,0,0,0,0,0,0,0,0,0,0,0,0,0,0,0,0,0,0,0,0,0,0,0,0,0,0.194,0,0,0,0,0,0,0,0,0,0,0,0,0,0,0,0,0,0,0,0,0,0,0,0,0,0,0,0,0,0,0,0,0,0,0,0,0,0,0,0,0,0,0,0.164,0,0,0,0,0,0,0,0,0,0.217,0,0,0,0,0,0,0,0,0,0,0.193,0,0,0,0,0,0,0,0,0,0,0,0,0,0,0,0,0,0,0,0,0,0,0,0,0,0,0,0,0,0,0,0,0,0,0,0,0,0,0,0,0,0.238,0,0,0,0,0,0,0,0,0,0,0.185,0,0,0,0,0,0,0,0,0,0,0,0,0,0,0,0,0,0,0,0,0,0,0,0,0,0,0,0,0,0,0,0,0,0,0,0,0,0,0,0,0,0,0,0,0,0,0,0,0.197,0,0,0,0,0,0.159,0,0,0,0,0,0,0,0,0,0,0,0,0,0,0,0,0,0,0,0,0,0.399,0,0,0,0,0,0,0.18,0,0,0,0,0.327,0,0,0,0,0,0,0,0,0,0,0,0,0,0,0,0,0,0,0,0,0,0,0,0,0.171,0,0,0,0,0,0,0,0,0,0,0,0.262,0,0,0,0,0,0,0,0,0,0,0,0,0,0,0,0,0,0,0,0,0,0,0,0,0,0,0,0,0,0,0,0,0,0,0,0,0,0,0,0,0,0,0,0,0,0,0,0,0,0,0,0,0,0,0,0,0,0,0,0,0,0,0,0,0,0,0,0,0,0,0,0,0,0,0,0,0,0,0.192,0,0,0,0,0,0,0,0,0,0,0,0,0,0,0,0,0,0,0,0,0,0,0,0,0.497,0,0,0,0,0,0.254,0,0,0,0.464,0,0,0,0,0.613,0.914,0.996,0,0.891,0.708,0,0,0.446,0.952,0.741,0.423,0.573,0.636,0.829,0,0.415,0,0.16,0,0.95,0.278,0,0,0.239,0.278,0.401,0.863,0.651,0.639,0,0,0,0,0.16,0,0,0,0,0,0,0,0,0,0,0,0,0,0,0,0,0,0,0.164,0,0,0,0,0,0,0,0,0,0,0,0,0,0,0,0,0,0,0,0,0,0.328,0,0,0,0,0,0,0,0,0,0,0,0.922,0,0,0,0,0,0,0,0,0,0,0,0,0,0,0,0,0,0,0,0,0,0,0.151,0,0,0,0,0,0,0,0,0,0.316,0,0,0,0,0,0,0,0,0,0,0,0,0,0,0,0,0,0,0,0,0,0,0,0,0,0,0,0,0,0,0,0,0,0,0,0,0,0,0,0,0,0,0,0.27,0,0,0,0,0,0,0,0,0.803,0,0,0,0,0,0,0,0,0,0,0,0.234,0,0,0,0,0,0,0.4,0.168,0,0,0,0,0,0,0,0,0,0,0,0,0,0,0,0,0,0,0,0,0,0,0,0,0,0.191,0,0,0,0,0,0,0,0,0,0,0,0,0,0,0.387,0,0,0,0,0,0.257,0,0,0,0,0,0,0,0,0,0,0,0,0,0,0,0,0,0.365,0,0,0,0,0,0,0,0,0,0,0,0,0,0,0,0,0,0,0,0,0,0,0,0,0,0.871,0,0,0,0,0,0,0,0.205,0,0,0,0.391,0,0,0,0,0,0.299,0,0,0,0,0,0,0,0.159,0,0,0,0,0,0,0.309,0,0,0,0,0,0,0,0,0,0,0,0,0,0,0,0,0,0,0,0,0,0,0,0,0,0.2,0,0,0,0,0,0,0,0,0,0,0,0,0,0,0,0,0.485,0,0,0,0,0,0,0,0,0,0,0,0,0,0,0,0,0,0,0,0,0,0,0,0,0,0,0,0,0,0,0,0,0,0,0,0,0,0,0,0.256,0,0,0,0.262,0,0,0,0,0,0,0,0,0,0,0,0,0,0,0,0,0,0,0,0,0,0,0,0,0,0,0,0,0,0,0,0,0,0,0,0,0,0,0,0,0,0,0,0,0,0,0,0,0,0,0,0,0,0,0,0,0,0,0,0,0,0,0,0,0.406,0,0,0,0,0,0,0,0,0,0,0,0,0,0,0,0,0,0,0,0,0,0,0,0,0,0,0,0,0,0,0,0,0,0,0,0,0,0,0,0,0,0,0,0,0,0,0,0,0.238,0,0,0,0,0,0,0,0,0,0,0,0,0,0,0,0,0,0,0,0,0,0,0,0,0,0,0,0,0.571,0,0,0,0,0,0,0,0,0,0.992,0,0,0,0,0,0.96,0,0,0,0,0,0.887,0,0,0,0,0,0.575,0,0,0,0,0,0,0,0,0,0,0,0,0,0,0,0,0,0,0,0,0,0,0,0,0,0,0,0,0,0,0,0.495,0,0,0,0,0,0,0,0,0,0,0,0,0,0,0,0,0,0.159,0,0,0,0,0,0,0,0,0,0,0,0,0,0,0,0,0,0,0,0,0,0,0,0,0,0,0,0,0,0,0,0,0,0,0,0,0,0,0,0.355,0,0,0,0,0,0,0,0,0.151,0,0,0,0,0,0,0,0,0,0,0,0.683,0.291,0,0,0,0.875,0.227,0,0,0.444,0,0,0,0,0,0,0,0.588,0,0,0,0,0,0,0,0,0,0,0,0,0,0.164,0,0,0,0,0.424,0.782,0.341,0,0,0,0,0,0,0,0,0.63,0,0,0.157,0,0.469,0,0,0,0,0.22,0,0,0,0,0,0,0,0,0,0,0,0,0,0,0,0.195,0,0,0,0,0.348,0.528,0,0,0,0,0.709,0,0.366,0,0,0,0,0,0,0,0,0,0,0,0,0,0,0,0,0,0,0,0,0,0,0,0,0,0,0,0,0,0,0,0,0,0,0,0,0,0,0,0,0,0,0,0,0,0,0,0.646,0,0,0,0,0,0,0,0,0,0,0,0,0,0.169,0,0.179,0,0,0,0,0,0,0,0,0,0,0,0,0,0,0,0,0,0,0,0,0,0,0,0,0,0,0,0,0,0,0,0.196,0,0,0,0,0,0,0,0.172,0,0,0,0,0,0,0,0,0,0,0,0,0,0,0,0,0,0,0,0,0,0,0,0,0,0.62,0,0,0,0,0,0,0,0,0,0,0,0,0,0,0,0,0,0.195,0,0,0.568,0,0,0,0,0,0,0,0.777,0,0,0,0.151,0,0,0,0,0.549,0,0,0,0,0,0,0,0,0,0,0,0.152,0,0.349,0,0,0,0.197,0,0,0,0,0,0,0,0,0,0,0,0,0,0,0,0,0,0,0,0,0,0,0,0,0,0,0,0,0,0,0,0,0,0,0,0,0,0,0,0,0,0,0,0,0,0,0,0,0,0,0,0,0,0,0,0,0,0,0,0,0,0,0,0,0,0,0,0,0,0,0,0,0,0,0,0,0,0,0,0,0,0,0,0.338,0,0,0,0,0,0,0,0,0,0,0,0,0,0,0,0,0,0,0,0,0,0,0,0,0,0,0,0,0,0,0,0.595,0,0,0,0,0,0,0,0,0,0,0,0.162,0,0,0,0,0,0.319,0,0,0,0,0,0,0,0,0,0,0,0,0,0,0,0,0,0,0,0,0,0,0,0,0,0,0,0,0.197,0,0
851813,0,0,0,0,0,0,0.344,0,0,0,0,0,0,0,0,0,0,0,0,0,0,0,0,0,0,0,0,0,0,0,0,0,0,0,0,0,0,0,0,0,0,0,0,0,0,0,0,0,0,0,0.654,0,0,0,0,0,0,0,0,0,0,0,0.511,0,0,0,0,0,0,0,0,0,0,0,0,0,0,0,0,0,0,0,0,0,0,0,0,0,0,0,0,0,0,0,0,0,0,0,0,0,0,0,0,0,0,0,0,0,0,0,0,0,0,0,0,0,0,0,0.169,0,0,0,0,0,0,0,0.916,0,0,0,0,0,0,0,0,0,0,0,0,0,0,0,0,0,0,0,0,0,0,0,0,0,0,0,0,0,0.511,0,0,0,0,0,0,0,0,0,0,0,0,0,0,0,0,0,0,0,0.855,0,0,0,0,0,0,0.293,0,0,0,0.388,0,0.158,0,0.963,0.169,0,0,0.331,0,0,0,0,0,0.539,0,0,0,0,0,0,0,0,0,0.398,0,0,0,0,0,0,0.745,0,0,0.297,0,0,0,0,0,0.39,0,0,0,0,0,0,0,0.921,0,0,0,0,0,0,0,0,0,0,0,0,0,0.576,0,0,0,0,0,0,0.851,0,0,0.58,0,0,0,0,0,0,0,0,0,0,0,0,0,0.56,0,0,0,0,0,0,0,0,0,0,0,0,0,0,0.999,0.467,0,0,0,0,0,0,0,0,0,0,0,0.37,0.303,0,0,0,0,0,0,0,0,0,0,0,0,0,0,0,0,0,0.834,0,0,0,0,0,0,0,0,0,0,0.9,0,0,0,0.339,0,0,0.392,0.357,0,0,0,0,0,0,0.872,0,0,0,0,0,0,0.229,0,0,0,0,0,0,0,0,0,0,0,0.847,0,0,0,0,0.698,0,0,0,0,0,0,0,0,0,0.997,0,0,0,0,0,0,0,0,0.451,0,0,0,0.355,0,0,0,0,0,0,0,0,0,0,0.193,0,0,0,0,0,0.38,0,0,0,0.776,0,0,0,0,0,0,0,0,0.351,0,0,0,0,0,0.672,0,0,0,0,0.981,0,0,0.831,0,0,0,0,0,0,0,0,0,0.45,0,0,0,0.19,0,0.349,0,0.482,0,0,0,0,0,0,0,0,0,0,0,0,0,0,0,0,0,0,0,0,0,0,0,0,0,0.214,0,0,0,0,0,0,0.447,0,0,0,0,0,0.273,0,0,0,0,0,0,0,0,0,0,0.229,0.368,0,0.22,0,0,0,0,0.194,0,0,0.227,0.227,0,0.515,0,0,0,0,0,0,0,0,0.997,0,0,0.732,0,0,0,0,0,0,0,0,0,0,0,0,0,0,0,0,0,0,0,0,0,0.193,0.29,0,0,0,0,0,0,0,0,0,0,0,0,0,0,0,0,0.748,0.376,0,0,0,0,0,0,0,0,0,0,0,0.354,0,0.904,0,0,0,0,0.351,0,0,0,0,0,0,0,0,0,0,0.212,0,0.578,0,0,0,0,0,0,0.446,0,0.632,0,0,0,0,0,0,0,0,0,0,0,0,0,0,0,0,0,0,0,0,0,0.553,0.169,0,0,0,0,0,0,0,0,0,0,0,0,0,0.941,0,0,0,0,0,0,0,0,0,0,0,0,0,0,0,0,0,0,0,0,0,0,0,0,0,0.735,0,0.197,0,0,0,0,0,0,0,0,0,0.297,0,0,0,0.191,0,0,0,0.733,0,0,0,0,0,0,0,0,0,0,0,0,0,0,0.948,0,0,0,0,0,0,0,0,0,0,0,0,0,0,0,0,0,0,0,0,0,0,0,0,0,0,0,0,0,0,0,0,0,0.65,0.481,0,0,0,0,0,0,0.869,0.554,0,0,0,0,0,0,0,0,0,0,0,0,0,0,0,0,0,0,0,0,0,0,0,0,0,0,0,0,0,0,0,0,0.29,0.569,0,0.276,0,0,0,0,0,0,0,0,0,0,0,0,0,0,0,0,0,0.713,0,0,0,0,0,0,0,0,0,0,0,0,0,0,0,0,0,0,0,0,0.501,0,0.281,0,0,0,0,0,0,0,0,0,0,0,0,0,0.613,0,0.483,0,0,0,0.913,0,0.445,0.299,0,0,0,0,0.169,0,0,0,0.195,0,0,0,0,0,0,0,0,0,0,0,0.573,0,0,0,0,0,0.295,0,0.546,0,0,0.373,0,0,0,0,0,0,0,0,0,0,0,0,0,0,0,0,0.899,0,0,0.171,0,0,0,0,0.22,0,0.217,0,0,0,0.276,0.356,0,0,0,0,0,0.821,0.965,0,0,0,0,0,0,0,0,0,0,0,0,0,0,0,0,0,0,0,0,0,0,0,0,0,0,0,0,0,0,0,0,0,0.169,0.781,0,0.307,0,0,0,0,0,0.158,0,0,0,0,0,0,0,0,0,0,0,0,0,0,0,0,0,0,0,0,0,0,0,0,0,0,0,0,0,0,0,0,0,0,0,0.365,0,0,0,0,0,0,0,0,0,0,0,0,0,0,0,0,0,0,0,0,0,0,0,0,0,0,0,0,0,0,0,0,0,0,0,0,0,0,0,0,0,0.201,0.445,0,0,0,0,0,0,0,0,0,0,0,0,0,0.313,0,0,0,0,0.612,0,0,0,0,0,0,0,0,0,0,0,0,0,0,0,0.34,0,0,0,0,0,0,0,0,0,0,0,0,0,0,0,0,0,0,0,0,0,0.194,0,0,0,0,0,0,0,0,0,0,0,0,0,0,0,0,0,0,0,0,0,0,0,0,0,0,0,0,0,0,0,0,0,0,0,0,0,0,0,0,0,0,0,0,0,0.719,0,0,0,0,0,0,0,0,0,0,0,0,0,0,0,0,0,0,0,0,0,0,0,0,0,0,0,0,0,0,0,0,0,0,0,0,0,0,0,0,0,0,0,0,0,0,0,0,0.512,0,0,0,0,0,0,0,0,0,0,0,0,0,0,0,0,0.252,0,0,0,0,0,0,0,0,0,0,0,0,0,0,0.594,0,0,0,0,0.442,0,0,0,0.351,0,0,0,0,0.165,0,0.351,0,0,0,0,0,0,0,0,0,0,0,0.22,0,0,0,0,0,0,0,0,0,0,0,0,0,0.195,0.696,0.482,0,0,0,0,0,0,0,0,0.447,0.358,0,0,0,0,0,0,0,0,0,0,0,0,0,0,0,0,0,0,0,0,0,0,0,0,0,0,0,0,0,0,0,0.906,0,0,0,0,0,0,0,0.309,0,0,0,0,0,0,0.767,0,0,0.335,0,0,0,0,0,0.227,0,0,0,0,0,0,0,0,0,0,0,0,0,0,0.394,0,0.811,0,0,0,0,0,0,0,0,0,0,0.551,0,0,0,0,0,0,0,0.196,0,0,0,0,0,0,0.379,0,0,0,0.19,0,0,0,0,0,0,0,0,0,0,0,0,0,0,0,0,0.271,0,0,0,0.195,0,0,0,0,0,0,0,0,0,0,0,0,0,0,0,0,0,0,0,0,0,0,0,0,0,0,0,0,0.297,0,0,0,0,0,0,0,0,0,0,0,0,0,0,0,0,0,0,0,0,0.22,0.679,0.169,0,0,0,0,0,0,0.611,0,0,0,0,0,0,0,0,0,0,0,0,0,0,0,0,0,0,0,0,0,0,0,0,0,0,0,0,0,0,0,0,0,0,0,0,0,0,0,0,0,0,0,0,0,0,0,0,0,0,0,0,0,0,0,0,0,0.343,0,0,0,0,0,0,0,0,0,0,0.612,0,0,0,0,0,0,0,0,0,0.33,0,0,0,0,0,0,0,0,0,0,0,0,0,0,0,0,0,0,0,0,0,0,0,0,0,0,0,0,0,0,0,0,0,0,0,0,0,0,0,0,0,0,0,0,0,0,0,0,0,0,0,0,0,0,0,0,0,0,0,0,0,0,0,0,0,0,0,0,0,0,0.847,0,0,0,0,0,0,0,0,0,0,0,0,0,0,0,0,0,0,0,0,0,0,0,0,0,0,0,0,0,0,0,0,0,0,0,0,0,0,0,0,0,0,0,0,0,0,0,0,0,0,0,0,0,0,0,0,0,0,0,0,0,0,0,0,0,0,0,0,0,0,0,0,0,0,0,0,0,0,0,0,0,0,0,0,0,0,0,0,0,0,0,0,0,0,0,0,0,0,0,0,0,0,0,0,0,0,0,0,0,0,0,0,0,0,0,0,0,0,0,0,0,0,0,0,0,0,0,0,0.576,0,0,0,0.399,0,0,0,0,0,0,0,0.329,0,0.297,0,0,0,0,0,0,0,0,0,0,0,0,0,0,0,0,0,0,0,0,0,0,0,0,0,0,0,0,0,0,0,0,0,0,0,0,0,0,0,0,0,0,0,0,0,0.781,0,0,0,0,0,0,0,0,0,0,0,0,0.61,0,0,0,0,0,0,0,0,0,0,0,0,0,0,0,0,0,0,0,0,0,0,0,0,0.526,0,0,0,0,0,0,0,0,0,0,0,0,0,0,0,0,0,0,0,0,0,0,0,0,0,0,0,0,0,0,0,0,0,0,0,0,0.367,0,0,0,0,0,0,0,0.169,0,0,0.367,0,0,0,0,0,0,0,0,0,0,0,0.161,0,0,0,0,0,0,0,0,0,0,0,0,0,0,0,0,0,0,0,0,0,0,0,0,0,0,0,0,0,0,0,0,0,0,0,0,0.447,0,0,0,0,0,0,0,0,0,0,0,0,0,0,0,0,0,0,0,0,0,0,0,0,0,0,0,0,0,0,0,0,0,0,0,0,0,0,0,0,0,0,0,0,0,0,0,0,0,0,0,0,0,0,0,0,0,0,0,0,0,0,0,0,0,0.56,0,0,0,0,0,0,0,0,0,0,0,0,0,0,0.367,0,0,0,0,0,0,0,0,0,0,0,0,0,0,0,0,0,0,0,0,0,0,0,0,0,0,0,0,0,0,0,0,0,0,0,0,0,0.218,0,0,0,0,0,0,0,0,0,0,0,0,0,0,0,0,0,0,0,0,0,0,0,0,0,0,0.294,0,0,0,0,0,0,0,0,0.198,0,0,0,0,0,0,0,0,0,0,0,0,0,0,0,0,0,0,0,0,0,0,0,0,0,0,0,0,0,0,0,0,0,0,0,0,0,0,0,0,0,0,0,0,0,0,0,0,0,0,0,0,0,0,0,0,0,0,0,0,0,0,0,0,0,0,0,0,0,0,0,0,0,0,0,0,0,0,0,0,0,0,0,0,0,0,0,0,0,0,0,0,0,0,0,0,0,0,0,0,0,0,0,0,0,0,0,0,0,0,0,0,0,0,0,0,0,0,0,0,0,0.351,0,0,0,0,0,0,0,0,0,0,0,0,0,0,0,0,0,0,0,0,0,0,0,0,0,0,0,0,0,0,0,0,0,0,0,0,0,0,0,0,0,0,0,0,0,0,0,0,0,0,0,0,0,0,0,0,0,0,0,0,0,0,0,0,0,0,0,0,0,0,0,0,0,0,0,0,0,0,0,0,0,0,0,0,0,0,0,0,0,0,0,0,0,0,0,0,0,0,0,0.368,0,0,0,0,0,0,0,0,0,0,0,0.204,0,0,0,0,0,0,0,0,0,0,0,0,0,0,0,0,0,0,0,0,0,0,0,0,0,0,0,0.229,0,0,0,0,0,0,0,0,0,0,0,0,0,0,0,0,0,0,0,0,0,0,0,0,0,0,0,0,0,0,0,0,0,0,0,0,0,0,0,0,0.171,0,0,0,0,0,0,0,0,0,0,0,0,0,0,0,0,0,0,0,0,0,0,0,0,0,0,0,0,0,0,0,0,0,0,0,0,0,0,0,0,0,0,0,0,0,0,0,0,0,0,0,0,0,0,0,0,0,0,0,0,0,0,0,0,0,0,0,0,0,0,0,0,0,0,0,0,0,0,0,0,0,0,0,0,0,0,0,0,0,0,0,0,0,0,0,0,0,0,0,0,0,0,0,0,0,0,0,0,0,0,0,0,0,0,0,0,0,0,0,0,0,0,0,0,0,0,0,0,0,0,0,0,0,0,0,0,0,0,0,0,0,0,0,0,0,0,0,0,0,0,0,0,0,0,0,0,0,0,0,0,0,0,0,0,0,0,0,0,0,0,0,0,0,0,0,0,0,0,0,0,0,0,0,0,0,0.274,0,0,0.377,0,0,0,0.23,0,0,0,0,0,0,0,0,0,0,0,0,0,0,0,0,0,0.151,0,0,0,0,0,0,0,0,0,0,0,0,0,0.874,0,0,0,0,0,0,0,0,0,0,0,0,0,0,0,0,0,0,0,0,0,0,0.219,0,0,0,0,0,0,0,0,0,0,0,0,0,0.9,0,0,0,0,0,0,0,0.832,0.355,0.325,0,0,0,0.482,0,0,0,0,0,0,0,0,0,0,0,0,0,0,0.228,0,0,0,0,0,0,0,0,0,0,0,0,0,0,0,0,0,0,0,0,0,0.789,0,0,0,0,0,0,0,0,0,0,0,0,0,0,0,0,0,0,0,0,0,0.844,0,0,0,0,0,0,0,0,0,0,0,0,0,0,0,0,0,0,0,0,0,0,0,0,0,0,0,0,0,0,0,0,0,0,0,0,0,0,0,0,0,0,0,0,0,0,0,0,0,0,0,0,0,0,0,0,0,0,0,0,0,0,0,0,0,0,0,0,0,0,0,0,0,0,0,0,0,0,0,0,0,0,0,0,0,0,0,0,0,0,0,0,0,0,0,0,0,0,0,0,0,0,0,0,0,0,0,0,0,0,0,0,0,0,0,0,0,0,0,0,0,0,0,0,0,0,0,0,0,0,0,0,0,0,0,0,0,0,0,0,0,0,0,0,0,0,0,0,0,0,0,0,0,0,0,0,0,0,0,0,0,0,0,0,0,0,0,0,0,0,0,0,0,0,0,0,0,0,0,0,0,0,0,0,0,0,0,0,0,0,0,0,0,0,0,0,0,0,0,0,0,0,0,0,0,0,0,0,0,0,0,0,0,0,0,0,0,0,0,0,0,0,0,0,0,0,0,0,0,0,0,0,0,0,0,0,0,0,0,0,0,0,0,0,0,0,0,0,0,0,0,0,0,0,0,0,0,0,0,0,0,0,0,0,0,0,0.212,0.368,0,0.305,0,0,0,0,0,0,0,0,0,0,0,0,0,0,0,0,0,0,0,0,0,0,0,0,0,0,0,0,0,0,0,0,0,0,0,0,0,0,0,0,0,0,0,0,0,0,0,0,0,0,0,0,0,0,0,0,0,0,0,0,0,0,0,0,0,0,0,0,0,0,0,0,0,0,0,0,0,0,0,0,0,0,0,0,0,0,0,0,0,0,0,0,0,0,0,0,0,0,0,0,0,0,0,0,0,0,0,0,0,0,0,0,0,0,0,0,0,0,0,0,0,0,0,0,0,0,0,0,0,0,0,0,0,0,0,0,0,0,0,0,0,0,0,0,0,0,0,0,0,0,0,0,0,0,0,0,0,0,0,0,0,0,0,0,0,0,0,0,0,0,0,0,0,0,0,0,0,0,0,0,0,0,0,0,0,0,0,0,0,0,0,0,0,0,0,0,0,0,0,0,0,0,0,0,0,0,0,0,0,0,0,0,0,0,0,0,0,0,0,0,0,0,0,0,0,0,0,0,0,0,0,0,0,0,0,0,0,0,0,0,0,0,0,0,0,0,0,0,0,0,0,0,0,0,0,0,0,0,0,0,0,0,0,0,0,0,0,0,0,0,0,0,0,0,0,0,0,0,0,0.758,0,0,0,0,0,0,0,0,0,0,0,0,0,0,0,0,0,0,0,0,0,0,0,0,0,0,0,0,0,0,0,0,0,0,0,0,0,0,0,0,0,0,0,0,0,0,0,0,0,0,0,0,0,0,0,0,0,0,0.359,0,0,0,0,0,0,0,0,0,0,0,0,0,0,0,0,0,0,0,0,0,0,0,0,0,0,0,0,0,0,0,0,0,0,0,0,0,0,0,0,0,0,0,0,0,0,0,0,0,0,0,0,0,0,0,0,0,0,0,0,0,0,0,0,0,0,0,0,0,0,0,0,0,0,0,0,0,0,0.157,0,0,0,0,0,0,0,0,0,0,0,0,0,0,0,0,0,0,0,0,0,0,0,0.447,0,0.294,0,0,0,0,0,0.192,0,0.252,0,0,0,0,0,0,0,0,0,0,0,0,0,0,0,0,0,0,0,0,0,0,0,0,0,0,0,0,0,0,0,0,0,0,0,0,0,0,0,0,0,0,0,0,0,0,0,0,0,0,0,0,0,0,0,0,0,0,0,0,0,0,0,0,0,0,0,0,0,0,0.671,0,0,0,0,0,0,0,0,0,0,0,0,0,0,0,0,0,0,0,0,0,0,0,0,0,0,0,0,0,0,0,0,0,0,0,0,0,0,0,0,0,0,0,0,0,0,0,0,0,0,0,0,0,0,0,0,0,0,0,0,0,0,0,0,0,0,0,0,0,0,0,0,0,0,0,0,0,0,0,0,0,0,0,0,0,0,0,0,0,0,0,0,0,0,0,0,0,0,0,0,0,0,0,0,0,0,0,0,0,0,0,0,0,0,0,0,0.764,0,0,0,0,0,0,0,0,0,0,0,0.709,0,0,0,0,0,0,0,0,0,0,0,0,0,0,0,0,0,0,0,0,0,0,0,0,0,0,0,0,0,0,0,0,0,0,0,0,0,0,0,0,0,0,0,0,0,0,0,0,0,0,0,0,0,0,0,0,0,0,0,0,0,0,0,0,0,0,0,0,0,0,0,0,0,0,0,0,0,0,0,0,0,0,0.171,0,0,0,0,0,0,0,0.159,0,0,0.873,0,0,0,0,0,0,0,0,0,0,0,0,0,0,0,0,0,0,0,0,0,0,0,0,0,0,0,0,0,0,0,0,0,0,0,0,0,0,0,0,0,0,0,0,0,0.571,0,0,0,0,0,0,0,0,0,0,0,0,0,0,0,0,0,0,0,0,0,0,0,0,0,0,0,0,0,0,0,0,0,0,0,0,0,0,0,0,0,0,0,0,0,0,0,0,0,0,0,0,0,0,0,0,0.22,0,0,0,0,0,0,0,0,0,0,0,0,0,0,0,0,0,0,0,0,0,0,0,0,0,0,0,0,0,0,0,0,0,0,0,0,0,0,0,0,0,0,0,0,0,0,0,0,0,0,0,0,0,0,0,0,0,0,0,0,0,0,0,0,0,0,0,0,0,0,0,0,0,0,0,0,0,0,0,0,0,0,0,0,0,0,0,0,0,0,0,0,0,0,0,0,0,0,0,0,0,0,0,0,0,0,0,0,0,0,0,0,0,0.278,0,0,0,0,0,0,0,0,0,0,0,0,0,0,0,0,0,0,0,0,0,0,0,0,0,0,0,0,0,0,0,0,0,0,0,0,0,0,0,0,0,0,0,0,0,0,0,0,0,0,0,0,0,0,0,0,0,0,0.845,0,0,0,0,0,0,0,0,0,0,0,0,0,0,0,0,0,0,0,0,0,0,0,0,0,0,0,0,0,0,0,0,0,0,0,0.313,0,0,0,0,0,0.333,0,0,0,0,0,0,0,0,0,0,0,0,0,0,0,0,0,0,0,0,0,0,0,0,0,0,0,0.533,0,0,0,0,0,0,0,0,0,0,0,0,0,0,0,0,0,0,0,0,0,0,0,0,0,0,0,0,0,0,0,0,0,0,0,0,0,0,0,0,0,0.368,0,0,0,0,0,0,0,0,0,0,0,0,0,0,0,0,0,0,0,0,0,0,0,0,0,0,0,0,0,0,0,0,0,0,0,0,0,0,0,0,0,0,0,0,0,0,0,0,0,0,0,0,0,0,0,0,0,0,0,0,0,0,0,0,0,0,0,0,0,0,0,0,0,0,0,0,0.394,0,0,0,0,0,0,0,0,0,0,0.481,0,0,0,0,0,0.504,0,0,0,0,0,0,0,0,0,0,0,0,0,0,0,0,0,0,0,0,0,0,0.662,0,0,0,0,0,0,0,0,0,0,0,0,0,0,0,0,0,0
852902,0,0,0,0,0,0,0,0,0,0,0,0.192,0.232,0,0,0,0,0,0,0,0,0,0,0,0,0,0,0,0,0,0,0,0,0,0,0,0,0,0,0,0,0,0,0,0,0,0,0,0,0,0,0,0,0.21,0,0,0,0,0,0,0,0,0,0,0,0,0,0,0,0,0,0,0,0,0,0,0,0,0.204,0,0,0,0,0,0,0,0,0,0,0,0,0.392,0.186,0,0,0,0,0,0,0,0,0,0,0,0,0.387,0,0,0,0,0,0,0,0,0,0,0,0,0.157,0,0,0,0,0,0,0,0,0,0,0,0,0.172,0,0,0,0,0,0,0,0,0,0,0,0.348,0,0,0,0,0.168,0,0.681,0,0,0,0,0,0,0,0,0,0,0,0,0,0,0,0,0,0,0,0,0,0,0,0,0,0,0,0,0,0,0,0.611,0,0,0,0,0,0,0,0,0,0,0,0,0,0.659,0,0,0,0,0,0,0,0.161,0,0,0.324,0,0,0,0,0.28,0,0,0.155,0,0,0,0,0,0.338,0,0,0,0,0,0,0,0,0.262,0,0,0.254,0.227,0,0.171,0.195,0,0,0,0,0,0,0,0,0.359,0,0,0,0.406,0,0,0,0,0,0,0,0.242,0,0,0.764,0,0,0,0,0,0.414,0,0,0,0,0,0,0,0,0,0,0,0,0,0,0,0,0,0,0,0,0,0,0.266,0,0,0,0,0,0,0,0,0.177,0,0,0,0,0,0,0,0,0,0,0,0,0.726,0,0,0,0,0.247,0,0,0,0.441,0.192,0,0.255,0,0,0,0,0,0,0,0,0,0.383,0.196,0,0,0,0,0,0,0,0,0,0,0,0.575,0.354,0,0,0,0,0.153,0,0,0.164,0,0,0.189,0,0,0,0,0,0,0,0,0,0,0,0,0,0,0,0,0,0,0.35,0.259,0,0,0.169,0,0,0.7,0,0,0,0,0,0.283,0,0,0,0.577,0,0,0,0,0,0,0,0,0,0,0,0,0,0,0,0,0,0,0,0,0.221,0,0,0,0,0,0,0,0.204,0,0,0,0.176,0,0,0.743,0,0,0,0,0,0,0,0,0,0.448,0,0,0,0,0,0,0,0,0,0,0,0,0.263,0,0,0,0,0.192,0,0.182,0.336,0,0,0,0,0,0,0,0,0,0,0,0,0,0.151,0,0,0,0,0.248,0,0,0.366,0,0,0,0,0,0,0,0,0,0,0,0,0,0,0,0,0,0.531,0,0,0,0,0,0,0,0,0,0.227,0,0.191,0.181,0,0,0.23,0,0.159,0,0,0.901,0,0,0,0,0,0,0,0,0,0,0,0,0,0,0,0,0.175,0,0,0.457,0.171,0,0.235,0,0,0.349,0,0,0,0,0,0,0,0,0.216,0,0,0.204,0,0,0,0,0,0.456,0,0.365,0,0,0,0,0.259,0,0,0,0,0.293,0,0,0,0,0.227,0,0,0,0,0,0,0,0,0,0,0,0,0,0.207,0.237,0.439,0,0,0,0,0,0,0,0.564,0,0,0,0,0,0,0,0,0,0,0,0,0,0,0.242,0,0,0,0,0,0.287,0.19,0,0.169,0,0,0,0.205,0.178,0.704,0,0,0,0,0,0,0,0.272,0.201,0.856,0,0,0,0,0,0.151,0,0,0,0,0,0.309,0,0.242,0,0.764,0,0.294,0,0,0,0,0,0,0.262,0.399,0,0,0,0,0.269,0,0,0,0,0,0,0,0,0,0,0.915,0.2,0,0,0,0,0,0,0,0.294,0,0,0.178,0,0,0,0,0.181,0.691,0,0.637,0,0,0,0,0,0,0,0,0,0.233,0,0,0,0,0,0,0,0,0,0,0,0,0,0,0,0,0,0,0,0.556,0,0,0,0.184,0,0.154,0,0,0,0,0,0,0,0,0,0,0.2,0,0,0,0,0,0,0.516,0,0,0,0,0,0,0,0,0,0,0,0,0,0,0,0,0,0,0,0,0,0,0,0,0,0.158,0,0,0,0,0,0.163,0,0,0,0,0,0.237,0,0,0,0,0,0,0,0.333,0,0,0.586,0,0.192,0.375,0.325,0.215,0,0,0,0,0.27,0,0,0,0,0,0,0,0,0,0,0.223,0,0,0,0.179,0.2,0,0,0,0,0.27,0,0,0,0,0,0.151,0,0,0,0,0,0.267,0,0,0,0,0,0.27,0,0,0.373,0,0,0.184,0,0.298,0.575,0.33,0,0,0,0,0,0.377,0,0.311,0.414,0,0,0,0,0,0,0,0,0,0,0,0,0,0,0,0,0,0.448,0,0,0,0,0,0,0,0,0,0,0.277,0,0,0,0.267,0,0,0,0,0.527,0,0,0,0.21,0,0,0.315,0,0,0,0,0,0,0.233,0,0,0.392,0.52,0,0,0,0,0,0,0.277,0.6,0,0,0,0,0,0,0,0,0,0,0,0.188,0,0,0,0,0,0,0,0,0.196,0,0,0,0,0,0.856,0.293,0,0,0,0,0,0,0,0,0,0,0,0,0,0,0,0.425,0,0.173,0,0,0,0,0,0,0,0.232,0,0,0,0.187,0,0,0,0.27,0.196,0,0,0,0,0,0,0,0,0.551,0,0,0,0.219,0,0,0,0,0,0,0,0,0,0,0.27,0,0,0,0.446,0,0.196,0,0,0.855,0,0,0,0,0,0,0,0,0,0,0,0,0,0,0,0,0,0,0.437,0,0,0,0,0,0,0,0,0,0,0,0,0,0.263,0,0,0,0,0,0,0,0,0,0,0,0,0,0,0,0,0,0,0,0,0,0,0.636,0,0.263,0,0,0,0,0,0,0,0,0,0,0,0,0,0.263,0,0,0,0,0,0,0,0,0,0,0,0,0,0,0,0.305,0,0,0,0,0,0,0,0,0,0,0,0,0,0,0,0,0,0,0,0.25,0,0,0,0,0,0,0,0.15,0,0,0,0.296,0,0,0,0,0,0,0,0,0,0,0,0,0,0,0,0,0,0,0,0,0,0,0,0,0,0,0,0,0.196,0,0,0,0,0.273,0,0,0,0,0,0,0,0,0,0,0,0,0,0,0,0,0,0,0,0,0,0,0,0,0,0,0,0,0,0,0,0,0,0,0.183,0,0,0,0,0,0,0,0,0,0,0.196,0,0,0,0,0,0,0,0,0,0,0,0,0,0,0,0,0,0,0,0.805,0,0,0,0,0,0,0,0,0,0,0,0,0,0,0,0,0,0,0,0,0,0,0,0,0,0,0,0,0.199,0,0,0,0,0,0,0,0,0,0,0.324,0,0,0,0,0,0,0,0,0,0,0,0,0,0,0,0,0,0.317,0.196,0,0,0,0,0,0,0,0,0,0,0.167,0,0,0.246,0,0.428,0,0,0,0.165,0,0,0,0,0,0,0,0,0,0,0,0.269,0,0,0,0,0,0,0,0.199,0,0,0,0,0,0,0,0,0,0,0,0,0,0,0,0,0,0,0,0,0.196,0,0,0.166,0,0,0,0,0,0,0,0,0,0,0,0,0.204,0,0,0,0,0,0,0,0,0,0,0,0,0,0,0,0,0,0,0.263,0,0.492,0,0,0,0.212,0,0,0,0,0,0,0,0,0,0,0,0,0,0,0,0,0,0,0,0,0,0,0,0,0,0,0,0,0,0,0,0,0,0,0,0,0.258,0,0,0,0.488,0.267,0,0,0,0,0.419,0,0,0.634,0,0,0,0,0,0,0,0,0,0,0,0,0,0,0,0,0,0,0,0,0,0,0,0,0,0,0,0,0.387,0,0,0.263,0,0,0,0,0.196,0.733,0,0,0,0,0,0,0,0,0.181,0,0,0,0,0,0,0,0,0,0,0,0,0,0,0,0.346,0.227,0,0,0,0,0,0,0,0,0.286,0,0,0,0,0,0,0.707,0,0,0,0,0,0.954,0,0,0,0,0,0,0,0,0,0,0,0.171,0,0,0,0,0,0,0,0,0,0,0,0,0,0,0,0,0,0,0,0,0,0,0,0,0,0,0,0,0,0,0.174,0,0,0,0,0,0,0,0,0,0,0,0,0,0,0,0.348,0,0,0,0,0,0,0,0,0,0,0,0,0,0,0,0,0,0,0,0,0,0,0,0,0,0,0,0,0,0,0,0,0,0,0,0,0,0,0,0,0,0,0,0,0,0,0,0,0,0,0,0,0,0,0,0,0,0,0,0,0,0,0,0,0,0,0,0,0,0,0,0,0,0,0.45,0,0,0,0,0,0,0,0,0,0,0,0,0,0,0,0,0,0,0,0,0,0,0,0,0,0,0,0,0,0,0,0,0,0.171,0,0,0,0,0,0,0,0,0,0,0,0,0,0,0,0,0,0,0,0,0,0,0,0,0,0,0,0,0,0,0,0,0,0,0,0,0,0,0,0,0.385,0,0,0,0,0,0,0.219,0,0,0,0,0,0,0,0,0,0,0,0,0,0,0,0,0,0,0,0,0,0,0,0,0,0,0,0,0,0,0,0,0,0,0,0.439,0,0,0,0,0,0,0,0,0,0,0,0,0,0,0,0,0,0,0,0.181,0,0,0,0,0,0,0,0,0,0,0,0,0,0,0,0,0,0,0,0,0,0,0,0,0,0,0,0,0,0,0,0,0,0,0,0,0,0,0,0,0,0,0.254,0,0,0,0.284,0,0.286,0,0,0,0,0.59,0,0,0,0,0,0,0,0.189,0,0,0,0,0.19,0,0.238,0,0,0,0,0,0.745,0,0,0,0,0.188,0,0.275,0,0,0,0.754,0,0.244,0.268,0,0,0,0.242,0,0,0,0,0,0,0,0,0,0.234,0,0,0.365,0,0,0,0.695,0,0,0,0.158,0.252,0,0,0.999,0,0,0,0,0,0,0,0,0,0,0,0,0,0,0,0,0,0,0.244,0.964,0.186,0.25,0.158,0,0.29,0,0,0,0.419,0,0.41,0.959,0,0,0,0,0.348,0.197,0.162,0,0,0,0,0,0,0,0.163,0,0,0.163,0.949,0,0,0,0,0.163,0,0,0,0.426,0,0,0,0.63,0,0,0.197,0,0.284,0,0,0.312,0.229,0.954,0,0.229,0,0,0,0,0,0,0,0,0,0,0,0.958,0,0.472,0,0.242,0,0,0,0,0,0,0,0,0,0.162,0,0,0,0,0,0,0,0,0.29,0,0,0,0,0,0.339,0.693,0,0,0.19,0.49,0,0.195,0,0,0,0,0,0,0,0,0,0,0,0,0,0,0,0,0,0,0,0,0,0,0,0,0,0,0,0,0,0,0,0,0,0,0,0,0,0,0,0,0,0,0,0,0,0,0,0,0.342,0,0,0,0,0,0,0.168,0,0,0,0,0,0,0,0,0,0,0,0,0,0,0,0,0,0,0,0,0,0,0,0,0,0,0,0,0,0,0,0,0,0,0.15,0,0,0,0,0,0,0,0,0,0,0,0,0,0,0,0,0,0,0,0,0,0,0,0,0,0,0,0,0,0,0,0,0,0,0,0,0,0,0,0,0,0,0,0,0,0,0,0,0,0,0,0,0,0,0,0,0,0,0,0,0,0,0,0,0,0,0,0,0,0,0,0,0,0,0.6,0,0,0,0.588,0,0,0,0,0,0.469,0,0.167,0,0,0.202,0,0,0,0,0,0,0,0,0,0,0,0,0,0.177,0,0.352,0,0,0.736,0.234,0.168,0.632,0,0,0,0,0,0,0,0,0,0,0,0,0,0,0,0,0,0.392,0,0.392,0,0,0,0,0,0,0,0,0,0,0,0,0,0,0.223,0,0,0,0,0,0,0,0,0,0,0,0,0,0,0.876,0,0,0.229,0,0,0,0,0,0,0,0,0,0,0,0,0,0,0,0,0.262,0,0,0,0,0,0,0,0,0,0,0,0,0,0,0,0,0,0,0,0,0,0,0,0.218,0,0,0,0,0,0,0,0,0.23,0,0,0,0,0,0,0,0,0.195,0.259,0,0,0,0.637,0,0,0,0,0,0,0,0,0,0,0,0,0,0,0,0,0,0,0,0,0,0,0,0,0,0,0,0,0.27,0,0,0,0,0,0,0.928,0,0,0,0,0,0,0,0,0,0,0,0,0,0,0,0,0,0,0,0,0,0,0,0.461,0,0,0,0,0,0.243,0,0,0,0,0,0,0,0,0,0.191,0,0,0,0.225,0,0,0,0,0,0,0,0,0,0,0,0,0,0,0,0,0,0,0,0,0,0,0,0,0,0,0,0,0,0,0,0,0,0,0,0,0,0,0.169,0,0,0,0,0.172,0.222,0,0,0,0,0,0,0,0,0,0,0,0.192,0,0,0,0,0,0,0,0.284,0,0,0,0,0,0,0,0,0,0,0,0,0,0,0,0,0,0,0.495,0,0,0,0,0,0,0,0.187,0,0,0,0,0,0.152,0,0,0,0,0,0,0,0,0,0,0,0,0,0,0,0,0,0,0,0,0,0,0,0,0,0,0,0,0,0,0,0,0,0,0,0,0,0,0,0,0,0,0,0,0,0,0,0,0,0,0,0,0,0,0,0,0,0,0,0,0,0,0,0,0,0,0,0,0,0,0,0,0,0,0,0,0,0,0,0,0,0,0,0,0,0,0,0,0,0,0,0,0,0,0.269,0,0,0,0,0,0,0,0,0,0,0,0,0,0,0,0,0,0,0,0,0,0,0,0,0,0,0,0,0,0,0,0,0,0,0,0,0,0.173,0,0,0,0,0,0,0,0,0,0,0,0,0,0,0,0,0,0,0,0,0,0,0,0,0,0,0,0,0,0,0,0,0,0,0,0,0,0,0,0,0,0,0,0,0,0,0,0,0,0,0,0,0.324,0.378,0,0,0,0,0,0,0,0,0,0,0.311,0,0,0,0,0,0,0,0,0,0.261,0,0,0,0,0,0,0,0,0,0,0,0,0.197,0.185,0,0,0,0,0,0,0.23,0,0,0,0,0,0,0,0,0,0,0,0,0,0,0,0,0,0,0,0.311,0,0,0,0,0,0,0,0,0,0,0,0,0,0.197,0,0,0,0,0,0,0,0,0,0,0,0,0,0,0,0,0,0,0,0,0,0,0,0,0,0,0,0,0,0,0,0,0,0,0.315,0,0,0,0,0,0,0,0,0,0,0,0,0,0,0,0,0,0,0,0,0,0,0.253,0,0,0,0,0,0,0,0,0,0,0,0,0,0,0,0,0,0.255,0,0,0,0,0,0,0,0,0,0,0,0.316,0,0,0,0,0.194,0,0,0,0,0,0.19,0.244,0,0.222,0,0,0,0,0,0,0,0,0,0,0,0,0.253,0,0,0,0,0.476,0,0,0,0,0,0,0,0,0,0,0,0,0,0,0,0,0,0,0,0,0,0,0,0,0,0,0,0,0,0,0,0,0,0,0,0,0,0,0,0,0,0,0,0,0,0,0,0,0,0.15,0,0,0,0,0,0,0,0,0,0,0,0,0,0,0,0,0,0,0,0,0,0,0,0,0,0.179,0,0,0,0,0,0,0,0,0,0,0,0,0,0,0.171,0,0.435,0,0.26,0,0.164,0,0,0,0.481,0.186,0,0,0,0,0.242,0,0,0,0,0,0.38,0.217,0,0.484,0,0.263,0,0,0,0.155,0.15,0,0.171,0,0,0,0.456,0.999,0,0,0.186,0,0,0,0.198,0,0.666,0,0,0,0,0.19,0,0,0.174,0,0.391,0,0,0.171,0,0,0.153,0,0.656,0.174,0.665,0,0.53,0.171,0.156,0,0,0,0,0,0,0,0,0,0.171,0.179,0,0,0.198,0,0,0,0.211,0.58,0,0.357,0,0.18,0.665,0.192,0,0,0.426,0.211,0,0,0,0,0,0,0,0,0,0,0,0,0,0,0,0,0,0,0,0,0,0,0.246,0,0,0,0,0,0,0,0,0,0,0,0,0.696,0,0,0,0,0,0,0,0,0,0,0,0,0,0.553,0,0,0,0,0,0.316,0,0,0,0,0,0,0,0,0,0,0,0.258,0.632,0,0,0.241,0,0,0,0.552,0.315,0,0.15,0,0.202,0,0.499,0,0,0.223,0,0,0,0,0,0,0,0,0,0,0.563,0,0.433,0,0,0,0,0,0,0,0,0,0,0,0,0,0,0,0,0,0,0,0,0,0,0,0.241,0.236,0.174,0,0,0,0,0,0,0,0,0,0,0,0,0,0,0,0,0,0.347,0,0,0,0,0.694,0.204,0.304,0,0,0,0,0,0,0,0,0,0,0,0,0,0,0.463,0,0,0,0,0,0,0,0,0,0,0,0,0,0,0,0,0,0.27,0,0,0.216,0,0,0,0,0.24,0.45,0,0.15,0,0,0.316,0,0,0,0,0,0,0,0,0,0,0,0,0,0,0,0.232,0,0,0,0.165,0,0.297,0.27,0,0.216,0,0,0,0,0,0,0,0,0,0,0,0,0,0,0,0.309,0,0,0,0.401,0,0,0,0,0,0,0,0,0.624,0,0,0,0.24,0,0,0,0.483,0.237,0,0,0,0,0,0,0,0,0.379,0,0.446,0,0,0,0,0,0,0,0.249,0,0.267,0.252,0,0,0,0,0,0.215,0.268,0,0.167,0,0,0.194,0,0,0,0,0,0,0,0.475,0,0,0,0,0,0,0,0,0.158,0,0,0.245,0,0,0.236,0,0.152,0,0,0,0,0,0,0,0,0,0,0,0,0,0.305,0,0.158,0,0,0,0,0.54,0,0,0,0,0,0,0,0,0,0,0,0,0,0,0,0,0,0,0,0,0,0,0,0,0,0,0,0.352,0,0,0.155,0,0,0,0,0,0,0.254,0,0,0,0.23,0.457,0,0,0,0,0.202,0.33,0.583,0,0.254,0,0.199,0,0,0,0,0.263,0,0,0.326,0.161,0,0,0,0,0,0,0,0,0,0,0,0,0,0,0.434,0,0,0.266,0.244,0.24,0.173,0,0.236,0,0,0.348,0.174,0.179,0,0,0.33,0.24,0,0,0.171,0.186,0,0.174,0.173,0,0,0,0,0,0,0,0,0,0,0,0,0,0,0,0,0,0,0.194,0,0,0.222,0,0,0,0,0,0,0,0,0,0,0,0,0,0,0,0,0,0,0,0,0.162,0,0,0,0,0.368,0,0.368,0,0,0,0,0,0,0,0,0,0,0,0,0,0.285,0,0,0,0,0,0,0,0,0,0,0.493,0,0,0.492,0,0,0,0,0,0,0,0,0,0,0,0,0,0.155,0,0,0,0.327,0,0,0,0.4,0,0,0,0.25,0,0.197,0,0,0,0,0,0,0,0,0,0,0,0,0,0.191,0,0,0.264,0,0,0,0,0,0,0,0,0,0,0,0,0,0,0,0,0,0,0,0,0,0,0,0,0,0,0,0,0,0.27,0,0.158,0,0,0,0,0,0,0,0,0,0,0,0,0,0,0,0,0,0,0,0,0,0,0,0,0,0,0,0,0,0,0,0,0,0,0,0,0,0,0,0,0,0,0,0,0,0,0,0,0.202,0.407,0,0,0,0.537,0,0,0,0,0,0,0,0,0,0,0,0,0.171,0,0.346,0,0.443,0,0,0,0,0.288,0,0,0,0,0,0,0,0,0,0,0,0,0,0,0,0,0,0,0.263,0,0,0,0,0,0,0,0,0,0,0,0,0.615,0,0,0,0,0,0,0,0,0,0,0,0,0,0,0,0,0,0,0,0,0,0,0,0,0,0,0,0,0,0,0,0,0,0,0,0,0,0,0,0,0,0,0,0,0,0,0,0,0,0.303,0,0.573,0,0,0,0,0,0,0,0,0,0,0.573,0,0.195,0,0,0,0,0,0,0.819,0,0,0,0,0,0,0,0,0,0,0,0,0,0,0,0,0.566,0,0,0,0,0,0,0,0,0,0,0,0,0,0,0,0,0,0,0.364,0,0,0,0,0,0,0,0,0,0,0,0,0,0,0,0,0,0,0,0,0,0,0,0,0,0,0.277,0,0,0,0,0,0,0,0,0,0,0,0,0,0,0,0,0,0,0,0,0,0,0.237,0.275,0,0,0,0,0,0,0,0,0.167,0,0,0,0,0,0,0.349,0,0,0,0.174,0,0,0,0,0.265,0,0,0,0,0,0,0,0,0,0,0,0,0,0,0,0,0,0,0,0,0,0,0,0,0,0,0,0,0,0,0,0,0,0,0,0,0,0,0,0,0,0,0,0,0,0,0,0,0,0,0,0,0,0,0,0,0.232,0,0,0,0,0,0,0.316,0,0,0,0,0,0,0,0,0,0,0,0,0,0,0,0,0,0,0,0,0,0.157,0,0.321,0.761,0,0.173,0,0,0,0,0,0,0,0,0,0,0,0,0,0,0,0,0,0,0,0.366,0,0,0,0,0,0,0,0,0,0,0,0,0,0,0,0,0,0,0,0,0,0,0,0,0,0,0,0,0,0,0,0,0,0,0,0,0,0,0,0,0,0,0,0,0,0,0,0,0,0,0,0,0.552,0.553,0,0,0,0,0,0,0,0,0,0,0,0,0,0,0,0,0,0,0,0,0.342,0,0,0,0,0,0,0,0,0,0.226,0,0,0,0,0,0,0,0,0,0,0.2,0,0,0,0,0,0,0,0,0,0,0.173,0,0,0,0,0.901,0.169,0,0,0,0,0,0,0,0,0,0,0,0,0,0,0.153,0
850846,0,0,0,0,0,0,0,0,0,0,0,0,0,0,0,0,0,0,0,0,0,0,0.309,0,0,0,0.183,0,0,0,0,0,0,0,0.279,0,0.282,0,0,0,0,0,0,0,0,0,0,0,0,0,0,0,0,0,0,0,0,0,0,0,0.214,0,0,0,0,0,0,0,0,0,0,0,0,0,0,0,0,0,0,0,0,0,0,0,0,0.239,0,0,0,0,0,0,0.406,0,0,0,0,0.256,0,0,0,0,0.225,0,0,0,0.194,0,0,0,0,0,0,0,0,0,0,0,0,0,0,0,0,0,0,0,0,0,0,0,0.309,0,0,0,0,0.809,0,0,0.166,0,0,0,0,0.579,0,0.159,0,0,0,0,0,0,0,0,0,0,0,0,0,0,0,0,0,0,0,0,0,0,0,0,0,0,0,0,0,0,0,0,0,0,0,0,0.286,0,0.635,0.219,0.743,0,0,0,0,0.193,0,0,0,0,0,0,0,0,0,0.166,0,0,0,0,0,0.234,0,0.191,0,0,0.155,0.235,0,0,0,0,0,0,0,0.224,0,0,0,0,0,0,0,0,0.323,0.93,0,0.392,0.391,0.153,0.476,0.199,0.162,0,0,0,0,0.236,0,0,0.339,0,0,0.218,0.207,0,0,0,0,0,0.309,0,0.295,0,0,0,0.229,0,0,0,0,0.172,0,0.214,0,0,0,0,0,0.161,0,0,0,0.365,0,0,0.241,0.202,0,0.556,0,0,0.28,0.435,0.242,0,0,0,0,0.55,0,0,0,0.403,0,0.19,0,0,0,0,0.266,0,0,0,0,0,0.934,0,0.198,0.257,0,0.625,0,0,0,0.159,0.266,0,0,0,0.27,0,0,0,0,0.188,0,0,0.462,0,0,0,0,0,0,0,0,0.348,0,0.246,0.153,0,0.475,0,0,0,0,0.311,0,0,0,0,0,0.219,0,0.366,0,0,0,0,0,0.183,0,0,0.376,0.358,0,0.175,0,0.194,0,0,0,0.417,0,0,0,0,0,0.427,0.179,0,0,0.217,0.298,0,0,0,0.193,0,0,0.261,0,0,0.167,0,0,0,0.418,0,0,0,0.345,0.166,0,0,0,0,0,0,0,0,0.22,0,0.224,0,0.327,0,0,0,0,0,0,0,0.18,0.931,0,0,0,0,0,0.258,0.158,0.244,0,0,0,0,0.245,0,0,0,0,0,0,0,0.212,0,0,0,0,0,0,0,0.978,0,0.923,0.159,0.78,0,0.255,0,0,0.159,0.191,0,0.296,0,0,0,0,0,0.451,0.155,0,0,0,0,0.318,0.245,0,0.179,0,0.173,0,0,0,0,0,0,0,0,0,0.619,0,0,0.687,0,0,0,0,0,0,0,0,0,0,0,0.243,0.445,0,0,0,0,0,0,0,0.161,0.171,0,0,0,0,0,0,0,0,0.542,0.185,0,0.177,0,0.2,0,0.457,0,0,0,0.27,0,0.203,0,0.245,0.539,0.174,0.193,0,0,0,0,0,0,0,0,0,0.272,0,0,0,0,0.38,0,0,0,0,0.372,0,0,0.321,0,0,0,0.255,0,0.918,0,0,0,0,0,0,0.15,0,0,0,0,0,0.158,0.434,0,0,0,0.28,0.77,0.355,0,0,0,0,0,0,0,0.219,0,0,0,0,0,0,0.217,0,0,0.335,0,0,0,0,0.219,0.235,0,0,0,0,0,0,0,0,0,0,0,0.209,0,0.639,0.159,0.196,0,0,0,0.919,0,0,0.673,0,0,0,0,0,0.191,0.226,0.215,0,0,0.291,0,0.355,0,0.325,0,0.41,0,0.234,0,0,0.152,0,0,0,0,0,0,0,0,0,0.305,0,0,0,0,0,0,0,0,0,0,0,0.309,0,0,0,0,0,0.48,0,0.234,0,0.355,0,0,0,0,0,0,0,0,0,0,0,0,0,0,0.168,0,0.3,0,0,0.154,0,0,0,0,0,0,0,0,0.378,0,0,0,0,0,0.932,0,0,0,0,0.193,0,0,0,0,0,0.194,0,0,0,0.358,0,0,0.22,0,0,0.156,0.313,0,0,0,0,0,0.883,0,0.307,0,0,0,0,0,0.307,0.355,0,0,0.22,0.274,0,0,0,0,0,0,0,0,0,0.175,0,0.213,0.194,0.185,0,0,0,0,0,0,0.928,0,0,0,0.193,0.249,0.227,0,0,0.29,0,0,0,0,0,0,0,0.543,0,0.189,0.356,0,0,0,0,0,0,0,0,0,0,0,0,0,0,0,0.73,0,0.153,0,0,0.156,0,0,0,0,0,0,0,0,0,0,0.8,0,0,0,0,0,0,0,0.195,0.186,0.151,0,0,0,0,0.408,0.444,0,0,0.159,0.389,0.305,0,0,0.252,0,0,0,0,0,0.271,0.354,0,0,0,0.174,0,0,0,0,0,0,0.398,0,0,0,0.408,0,0,0,0,0,0,0,0,0,0,0,0.382,0,0.355,0,0,0,0,0,0,0.19,0,0.353,0,0,0,0,0,0,0,0,0,0,0.15,0,0.944,0.384,0,0,0.975,0.194,0,0,0,0,0,0.84,0.219,0.363,0,0,0,0,0,0,0,0,0,0.924,0,0.263,0,0,0,0,0.161,0,0.339,0,0.205,0.165,0,0,0,0,0.981,0.355,0,0,0,0,0,0,0,0,0,0,0.237,0,0,0,0,0,0,0,0,0,0,0,0,0,0,0,0,0,0,0,0,0,0,0,0,0,0,0,0,0,0,0,0,0,0.213,0,0,0,0,0,0,0,0,0,0,0,0,0,0,0,0,0,0,0.22,0,0,0,0.452,0,0,0,0.226,0,0,0,0,0,0.309,0,0,0,0,0,0,0,0,0.29,0,0,0.942,0.151,0,0,0,0,0,0,0,0,0.544,0,0,0,0,0,0,0,0,0,0,0,0,0,0,0,0,0,0,0,0,0,0,0,0,0,0.219,0,0,0,0,0.19,0.202,0.198,0.307,0,0,0,0,0,0,0,0,0,0,0,0,0,0,0.236,0,0,0,0,0,0,0,0,0,0,0,0,0,0,0,0,0,0,0,0,0,0,0,0,0,0,0,0,0,0.167,0,0.248,0,0,0,0.157,0,0,0,0.199,0,0,0,0,0,0,0,0,0,0,0,0,0.254,0,0,0,0,0,0,0,0.169,0,0,0,0,0,0.291,0,0,0,0,0.224,0,0,0.16,0,0,0,0,0.349,0,0,0,0,0,0,0,0,0,0.187,0,0,0,0,0,0,0.176,0,0.552,0.243,0,0,0,0,0,0,0,0,0,0,0,0,0,0,0,0,0,0,0,0,0,0,0,0,0,0,0,0,0,0.16,0,0,0,0,0,0,0,0,0,0,0,0,0,0,0,0.15,0,0,0,0.335,0,0.549,0,0.988,0,0,0.258,0,0,0,0,0,0.173,0,0,0,0,0.471,0,0,0,0,0,0,0,0,0,0,0,0,0,0,0,0,0,0,0.198,0,0,0.259,0,0,0.16,0.163,0,0,0,0,0,0,0,0,0,0,0,0,0,0,0,0,0,0.328,0,0.214,0,0,0,0,0,0,0,0,0.258,0,0,0,0,0,0,0.235,0,0.188,0,0,0,0.178,0,0,0,0,0,0.198,0.314,0,0,0.237,0,0,0,0,0,0.325,0,0,0,0.162,0,0,0,0.544,0,0,0,0.781,0,0.259,0,0,0,0,0,0,0,0,0,0,0,0,0,0,0,0,0,0,0,0.352,0,0,0.154,0,0,0,0,0,0,0,0,0,0,0,0,0,0,0,0,0,0.184,0,0,0,0,0,0,0.203,0,0,0,0,0,0,0,0,0,0,0,0,0,0,0,0,0,0,0,0,0,0,0,0,0,0,0.896,0.276,0,0,0,0.166,0.339,0,0,0.163,0,0,0,0,0,0,0,0,0,0.421,0,0,0,0,0,0,0,0,0,0,0.313,0,0,0,0,0,0,0,0,0,0,0,0,0,0,0,0,0,0,0,0,0,0,0,0,0,0,0,0,0,0,0,0.189,0,0,0,0,0,0,0,0,0,0,0.377,0,0,0,0,0,0,0,0,0,0,0,0,0,0,0.179,0.248,0,0,0,0,0,0.98,0,0,0,0,0,0,0,0,0,0,0,0,0,0,0.327,0.348,0,0,0,0,0,0,0,0,0,0,0,0,0,0,0,0.15,0,0,0,0,0,0,0,0,0,0,0,0,0,0,0,0,0,0,0,0,0,0,0,0,0,0,0.211,0,0,0,0,0,0,0.199,0.283,0,0,0,0,0.192,0.176,0,0,0,0,0,0,0,0,0,0,0,0,0,0,0,0,0,0,0,0,0,0,0.153,0,0,0,0,0,0,0,0,0,0,0,0,0,0,0.215,0,0,0,0,0,0,0,0,0,0,0,0,0,0,0,0,0,0,0,0,0,0,0.351,0,0,0,0,0,0,0,0,0,0,0,0,0,0,0,0,0,0,0,0,0,0,0,0,0,0,0,0,0,0,0,0,0,0,0,0,0,0,0,0,0.152,0,0,0,0,0,0,0,0,0,0,0.15,0,0,0,0,0,0,0,0.194,0,0,0,0,0.234,0,0,0,0.169,0,0.33,0,0,0,0,0,0,0,0,0,0.15,0,0,0,0,0,0,0,0,0,0.239,0,0,0,0,0,0,0,0,0,0,0,0,0,0,0,0,0,0,0,0,0,0,0,0.16,0.285,0,0.172,0,0,0,0,0,0,0,0,0,0,0,0,0,0,0,0,0,0,0,0.185,0,0,0,0,0,0,0,0,0,0,0,0,0,0,0,0.215,0,0,0,0,0,0,0,0,0,0,0,0,0,0,0.58,0,0,0,0,0,0.267,0.208,0,0,0,0,0,0,0,0,0.322,0,0,0,0.873,0,0,0.204,0,0,0,0,0,0,0,0.299,0,0,0,0.434,0.424,0,0,0,0,0,0,0,0,0,0,0,0,0,0,0,0,0.361,0.218,0,0,0,0,0.241,0,0.346,0,0,0,0,0.877,0,0.199,0,0,0,0,0,0,0,0,0,0.263,0.225,0,0,0.554,0,0.214,0,0,0.535,0,0.427,0,0,0,0,0,0,0,0,0,0,0,0,0.919,0,0.256,0,0,0.978,0.312,0.179,0,0,0,0,0,0,0,0,0,0.98,0,0,0,0,0.797,0,0,0.193,0,0,0.306,0,0,0,0,0,0,0,0.975,0,0,0,0,0,0.261,0,0,0.212,0,0.432,0,0,0,0,0,0,0.554,0,0,0.185,0,0.99,0,0.319,0,0,0,0,0,0,0,0.166,0,0,0,0.978,0,0.193,0,0.514,0,0.395,0,0,0,0.17,0,0,0,0,0,0,0,0,0.193,0,0,0,0.25,0.195,0,0,0,0.306,0.23,0.951,0,0,0,0.41,0,0.913,0,0,0,0,0.194,0.184,0,0,0,0,0,0,0.309,0,0,0,0,0.169,0,0,0,0,0,0,0,0,0,0,0,0,0,0,0,0,0,0,0,0,0,0,0,0,0,0,0,0,0,0,0,0,0,0,0,0,0,0.243,0,0,0,0,0,0,0,0,0,0,0,0.168,0.16,0,0,0,0,0.225,0,0,0,0,0,0,0,0,0,0.228,0,0,0,0,0,0.264,0,0,0,0,0,0,0,0,0,0,0,0,0,0,0,0,0,0,0,0,0.309,0,0,0,0,0,0.265,0,0,0,0,0,0.241,0,0,0,0.309,0,0,0,0,0,0,0,0,0,0,0,0,0,0,0.273,0,0,0,0,0,0,0,0,0,0,0,0.438,0,0,0,0,0,0,0,0,0,0,0,0.154,0,0,0,0.154,0.238,0,0,0.362,0,0,0.238,0,0,0,0,0,0,0,0,0.218,0.92,0,0,0,0,0,0,0.176,0,0,0.259,0.202,0,0.259,0,0.219,0,0,0,0,0,0,0,0,0,0,0,0,0,0.611,0,0,0,0,0,0,0,0,0,0,0,0,0,0,0.218,0,0,0,0,0,0,0,0,0,0.192,0,0,0,0,0,0.197,0,0,0,0,0,0.23,0,0,0,0.218,0,0,0.275,0,0,0.158,0,0,0,0,0,0,0.34,0,0,0,0.228,0,0,0,0.218,0,0.22,0,0,0,0,0,0,0,0,0,0,0,0,0,0,0.901,0,0,0,0,0,0,0,0,0,0,0,0,0,0,0,0,0,0,0,0,0,0,0,0,0.339,0.162,0,0,0,0,0,0,0,0,0,0,0,0,0,0,0,0,0,0,0,0,0,0,0,0,0,0.338,0,0,0,0.195,0,0,0,0.199,0,0,0,0,0,0,0,0,0,0,0,0,0,0,0,0,0,0,0,0,0,0,0,0,0,0,0,0,0,0,0,0,0,0.2,0,0,0,0,0,0,0,0,0,0,0,0,0,0,0,0,0,0,0,0,0.273,0,0,0,0,0,0,0,0,0,0,0,0,0,0,0,0,0,0,0.329,0.321,0,0,0,0,0,0,0,0,0,0,0,0,0,0,0.24,0,0,0,0,0,0,0,0,0.163,0,0,0,0,0,0,0,0,0,0,0,0,0,0,0,0,0,0,0,0.187,0,0,0,0,0,0,0,0,0,0,0,0.196,0,0,0,0,0,0,0,0,0,0,0,0,0,0,0,0,0,0,0,0,0,0,0,0,0,0,0,0,0,0,0,0,0,0,0,0,0,0,0,0,0.256,0,0,0,0,0,0,0,0,0,0,0,0,0,0,0,0,0,0,0,0,0,0,0,0,0,0,0,0,0,0,0,0,0,0,0,0,0,0,0,0,0,0,0,0,0,0,0,0,0,0,0,0,0,0,0,0,0,0,0,0,0,0,0,0,0,0,0,0,0.187,0,0,0,0,0,0,0,0,0,0,0,0,0,0,0,0,0,0,0,0,0,0,0,0,0,0,0,0,0,0,0,0,0,0,0,0.336,0,0,0,0,0,0,0,0,0,0,0.179,0,0,0,0,0,0,0,0,0,0,0,0,0.169,0,0,0,0,0,0,0,0,0.275,0,0,0,0,0,0,0.221,0.185,0,0,0,0,0,0,0,0,0,0,0,0,0,0,0,0,0.16,0,0,0,0,0,0,0,0,0.196,0,0,0,0,0,0,0,0.386,0,0,0,0,0,0.54,0,0,0,0,0,0,0,0,0,0,0,0,0,0,0,0,0,0,0,0,0,0,0,0,0,0,0,0,0,0,0,0,0,0,0,0,0,0,0,0,0,0,0,0,0,0,0,0,0,0,0,0,0,0,0,0,0,0,0,0,0,0,0,0,0,0,0,0,0,0,0,0,0,0,0,0,0,0,0,0,0,0,0,0,0,0,0,0,0,0,0,0,0,0,0,0,0,0,0,0,0,0,0.173,0,0,0,0,0,0,0,0,0,0,0,0,0,0.183,0.36,0,0,0,0,0,0,0,0,0,0,0,0,0,0,0,0,0,0.189,0,0,0,0,0,0,0,0,0,0,0,0,0,0,0,0,0,0,0,0,0,0,0,0,0,0,0,0,0,0,0,0.341,0,0,0.277,0,0,0,0,0,0,0,0,0,0,0,0,0,0,0,0,0,0,0,0,0,0,0,0,0,0,0,0,0,0,0,0,0,0,0,0,0,0,0,0,0,0,0,0,0,0,0.27,0,0,0,0,0,0,0,0,0,0,0,0,0,0,0,0,0,0,0,0,0,0,0,0,0,0.332,0,0,0,0,0,0,0,0,0,0,0,0,0,0,0.245,0,0,0,0.161,0.185,0.327,0,0,0.444,0,0,0.93,0,0,0,0,0,0,0,0.174,0,0,0.266,0,0.218,0,0,0,0.242,0.226,0,0.196,0.284,0,0,0,0,0.875,0,0.262,0,0,0.275,0,0,0.171,0.242,0.189,0,0,0.264,0.185,0,0,0.191,0,0,0.2,0,0.29,0,0,0,0.304,0,0,0,0,0,0,0,0.216,0,0,0,0,0,0,0.166,0.856,0,0.199,0,0.296,0.242,0.171,0,0,0,0.21,0.234,0.249,0,0.718,0.261,0,0,0,0.969,0.195,0,0,0,0,0.638,0,0,0,0,0,0,0,0,0,0,0,0,0,0,0,0,0,0.223,0,0,0,0,0,0,0,0,0,0,0,0,0,0.479,0,0,0,0,0,0,0,0.22,0,0,0,0,0,0.164,0,0,0,0,0,0.189,0,0,0,0,0,0,0,0.164,0,0,0,0,0,0,0,0,0,0,0,0,0,0,0.417,0.568,0,0.449,0.368,0,0,0.195,0,0,0,0,0.159,0,0,0.434,0.314,0,0,0,0.409,0,0,0,0,0,0,0,0,0,0,0,0,0,0,0,0,0.161,0,0,0,0.192,0,0,0,0,0,0,0,0,0,0,0,0,0,0,0,0,0,0,0,0,0,0,0,0,0.183,0,0,0,0,0.223,0.151,0,0,0,0,0,0,0,0,0,0,0,0,0,0,0,0.18,0.193,0,0,0,0,0,0.238,0,0,0.221,0,0,0,0.341,0,0,0,0,0,0,0,0,0,0.278,0,0,0,0,0,0.309,0,0.309,0.316,0,0,0,0,0,0,0.155,0.515,0,0,0,0,0,0,0,0,0,0,0,0,0.218,0,0.286,0,0,0,0,0,0,0.244,0,0,0.225,0.202,0,0,0.627,0.306,0,0,0,0,0,0.195,0,0,0,0.244,0.238,0,0,0,0,0,0,0.173,0,0,0.177,0,0,0,0.152,0,0.171,0,0,0,0,0,0,0,0.314,0.175,0,0,0,0,0.205,0,0,0,0.155,0,0,0,0,0,0,0,0.582,0.157,0,0,0,0.431,0.202,0,0,0.273,0,0,0,0,0,0,0,0,0,0,0.472,0,0,0.192,0,0,0.153,0,0,0,0.192,0,0,0.262,0,0,0.191,0,0.338,0,0,0.152,0,0,0.585,0,0.233,0,0,0,0,0,0,0,0,0,0,0,0,0.221,0,0,0.199,0,0,0,0,0.179,0,0,0,0,0,0,0.482,0,0,0.205,0,0,0,0,0,0,0,0,0,0,0,0,0,0,0,0.236,0,0,0,0,0,0,0,0.24,0,0,0,0,0,0.219,0,0,0,0,0,0,0,0,0,0,0,0,0,0,0.15,0,0,0,0,0,0,0,0,0,0,0,0,0,0,0,0,0,0,0,0,0.151,0,0,0,0.445,0,0,0,0,0,0,0,0,0,0.31,0,0,0,0,0,0,0,0,0,0,0,0,0,0,0,0,0,0,0,0,0,0,0,0,0,0,0,0,0,0,0,0,0,0,0,0,0,0,0,0,0,0,0,0,0,0.218,0,0,0,0.204,0,0,0,0,0,0,0,0,0,0,0,0,0,0,0,0.164,0,0.164,0,0,0,0,0,0,0,0,0,0,0.502,0,0,0.394,0.248,0,0,0,0,0,0,0.202,0,0.202,0.192,0,0,0,0,0,0,0,0,0,0,0,0,0,0,0,0,0,0,0,0,0,0,0,0,0,0,0,0,0,0,0,0,0,0,0,0,0,0,0,0,0,0,0,0,0,0,0,0,0,0,0,0,0,0,0,0.225,0,0,0,0,0,0,0,0,0.255,0,0.241,0,0,0,0,0,0,0,0,0,0,0,0,0,0,0,0,0,0,0,0.195,0,0,0,0,0,0,0,0,0,0,0,0,0,0,0,0,0,0,0,0,0,0,0,0,0,0,0,0,0,0,0,0,0,0,0,0,0,0,0,0,0,0,0,0,0,0,0,0,0,0,0,0,0,0,0,0,0,0,0,0,0,0,0,0,0,0,0,0,0,0,0,0,0,0,0,0,0,0,0,0,0,0,0,0,0,0,0,0,0,0,0,0,0,0,0,0,0,0,0,0,0,0,0,0,0,0,0,0,0,0,0,0,0,0,0,0,0,0,0,0,0,0,0,0,0,0,0,0,0,0,0,0,0,0,0,0,0,0,0,0,0,0,0,0,0,0,0,0.155,0,0,0,0,0,0,0,0,0,0,0,0,0,0,0.309,0,0,0,0,0,0,0,0,0.199,0,0,0,0,0,0,0,0,0,0,0,0,0,0,0,0,0,0,0,0,0,0,0,0,0,0,0,0,0,0,0,0,0,0,0,0,0,0,0,0,0.155,0,0,0,0,0.304,0,0,0,0,0,0,0,0,0,0.446,0,0,0,0,0,0,0,0,0,0,0,0,0,0,0,0,0,0,0,0,0,0,0,0,0.274,0,0,0,0,0,0,0,0,0,0,0,0,0,0,0,0,0,0,0,0,0,0,0,0,0,0,0,0,0,0,0,0,0,0,0,0,0,0,0,0,0,0,0,0,0,0,0,0,0,0,0,0,0,0,0,0,0,0,0,0,0,0,0,0,0,0,0,0,0,0,0,0.189,0,0,0,0,0,0,0,0,0,0,0,0,0,0,0,0.901,0,0,0,0,0,0,0,0,0,0,0,0,0,0.238,0,0,0,0,0,0,0,0,0,0,0,0,0,0,0,0,0.495,0,0,0,0,0,0,0,0,0,0,0,0,0,0,0,0,0,0,0,0,0,0,0,0,0,0,0,0,0,0,0,0,0,0.189,0,0,0,0,0,0,0,0,0,0,0,0,0,0,0,0,0.3,0,0,0,0,0,0,0,0,0,0,0,0,0,0,0,0,0,0,0,0,0,0,0,0,0,0,0,0,0,0,0,0,0,0,0,0,0,0,0,0,0,0,0,0,0,0,0,0,0,0,0,0,0,0,0,0,0,0,0,0,0,0,0,0,0,0,0,0,0,0,0,0,0,0,0,0,0,1
850605,0,0,0,0,0,0,0,0,0,0,0,0,0,0,0,0,0,0,0,0,0,0,0,0,0,0.312,0.153,0,0,0,0,0,0,0,0,0,0,0,0,0,0,0,0,0,0,0,0,0,0,0,0,0,0,0,0,0.197,0,0,0,0,0,0,0,0,0,0,0,0,0,0.196,0.204,0,0,0,0,0,0,0,0,0,0,0,0,0,0,0,0,0,0,0,0,0,0.171,0,0,0,0,0,0.349,0,0,0,0,0,0,0,0,0,0,0,0,0,0,0,0.224,0,0,0.154,0,0,0,0,0,0,0,0.204,0,0.229,0,0,0,0,0,0,0,0.727,0,0,0.153,0,0,0,0,0,0,0,0,0,0,0,0,0,0,0,0,0,0,0,0,0,0,0,0,0,0.319,0,0,0,0,0,0,0,0,0,0,0,0,0,0,0,0,0,0.719,0,0,0,0.239,0,0,0,0,0,0,0,0,0,0,0,0,0,0,0,0,0,0,0.153,0,0.245,0,0.249,0,0,0.152,0,0,0,0,0,0,0,0,0.238,0,0,0,0,0,0,0,0,0.875,0,0,0,0.794,0,0,0,0,0,0,0,0,0,0,0,0.38,0,0,0.642,0.548,0,0,0,0,0,0,0,0,0,0,0.346,0.191,0,0,0,0,0.181,0,0,0,0.152,0,0,0,0.369,0,0,0,0,0,0,0.277,0,0,0,0,0,0,0,0,0,0,0,0.282,0.172,0,0,0.165,0.218,0,0,0,0,0,0,0.26,0,0,0,0.276,0,0,0,0.369,0,0,0.19,0,0,0,0.307,0.209,0,0.152,0,0.222,0,0,0,0,0,0,0,0,0,0,0,0,0,0,0,0,0.704,0,0.185,0,0,0.615,0,0,0,0,0,0,0,0.164,0,0,0,0,0.15,0,0.311,0,0,0,0,0,0,0,0,0,0,0,0,0,0,0,0.165,0,0,0,0,0,0.306,0,0,0,0,0,0,0,0,0.196,0,0,0.38,0.246,0,0.453,0,0.157,0,0,0,0,0,0,0,0,0,0,0,0,0,0.179,0.258,0.163,0,0.309,0,0,0.205,0,0,0,0,0,0,0,0,0,0,0,0,0,0,0.19,0,0,0.273,0,0,0.212,0,0,0,0.223,0,0,0,0,0,0,0,0.252,0,0,0,0.216,0.586,0,0.355,0,0,0,0,0,0,0,0,0.265,0,0,0,0,0,0.167,0,0,0,0,0.524,0,0,0,0,0,0,0,0,0,0,0,0,0,0,0,0,0,0,0.45,0,0,0,0,0,0,0,0.204,0,0,0,0,0.337,0,0.167,0.227,0,0,0,0,0,0,0,0,0,0,0,0,0,0,0,0,0,0,0,0,0,0,0,0,0,0,0,0.838,0.287,0,0.158,0,0.196,0,0,0,0,0,0,0,0,0,0,0,0,0,0.167,0,0.835,0,0,0,0,0,0.204,0,0.229,0,0,0,0,0,0,0,0,0,0,0,0.16,0,0,0.172,0,0,0,0.189,0,0,0,0,0,0.249,0,0.15,0,0,0,0,0,0.221,0.228,0,0,0,0,0,0.31,0,0.168,0.206,0,0,0,0,0,0,0.232,0,0,0,0,0,0,0,0.194,0,0,0.559,0,0.925,0.997,0,0,0,0,0.488,0,0,0.196,0,0,0,0,0,0,0,0,0,0,0,0,0.198,0,0,0,0.324,0,0.245,0,0,0.194,0,0,0,0.172,0,0,0,0,0,0,0,0,0.208,0,0.162,0,0,0.229,0,0,0.408,0.165,0,0,0,0,0,0,0,0.245,0,0.167,0,0,0,0,0,0.257,0.157,0,0,0,0,0,0,0,0,0,0,0.207,0,0.231,0,0.288,0,0,0,0,0,0,0,0,0,0,0,0,0.175,0,0,0,0,0,0,0,0,0,0.301,0,0,0,0,0,0,0,0,0,0,0,0.213,0,0,0,0,0,0,0,0.284,0,0,0,0,0,0.232,0,0,0,0,0.218,0,0,0,0,0,0,0.156,0,0,0.284,0,0,0.201,0,0,0,0,0,0,0,0,0.163,0,0.803,0,0.154,0,0,0,0.903,0,0,0,0.714,0,0,0,0,0.422,0,0,0,0,0,0,0,0,0,0,0,0,0,0,0,0.24,0,0,0,0,0,0.253,0,0,0.245,0,0,0,0,0,0,0,0,0,0,0,0,0,0,0.292,0,0,0.858,0,0,0,0,0,0,0,0,0.249,0.187,0.446,0.421,0,0,0,0,0,0,0,0,0,0,0,0,0,0,0,0,0,0,0,0,0.444,0,0,0,0.15,0,0,0.222,0,0,0.203,0,0,0,0,0,0.17,0,0.272,0,0,0,0.175,0,0,0,0,0,0,0,0,0.176,0,0,0,0,0.156,0,0,0,0.216,0,0,0,0.165,0,0,0.258,0,0.23,0,0.425,0.212,0,0,0,0,0,0,0.672,0,0,0,0,0,0.249,0.177,0,0,0,0,0,0,0,0,0,0,0,0,0,0,0,0,0,0,0,0,0,0,0,0,0,0,0,0,0,0,0,0,0,0,0,0,0,0,0,0,0,0,0,0,0,0,0,0,0,0,0,0,0,0,0,0,0,0,0,0,0,0,0,0,0,0,0,0,0,0,0,0,0,0,0,0,0,0.166,0,0,0,0,0.474,0,0,0,0,0,0,0,0,0,0,0,0,0,0,0,0,0,0,0,0,0,0.302,0,0,0,0,0,0,0,0,0,0,0,0,0,0,0.15,0,0,0,0,0,0,0,0,0,0,0,0,0,0,0,0,0,0,0,0,0.691,0,0,0,0,0,0,0,0,0,0,0,0,0,0,0,0,0,0,0,0,0,0,0,0,0,0,0,0,0,0,0,0,0,0,0,0,0,0.199,0,0,0,0,0,0,0,0,0,0,0,0,0,0,0,0,0,0,0,0,0,0,0,0,0,0,0,0,0,0,0,0,0,0,0,0,0,0,0,0,0,0,0,0,0,0,0,0,0,0,0,0,0,0,0,0,0,0,0,0,0.534,0,0,0,0,0,0,0,0,0,0,0,0,0,0,0,0,0,0,0,0,0.477,0,0,0,0,0,0,0,0,0,0,0,0,0,0,0.289,0,0,0,0,0,0,0,0,0,0,0,0,0,0,0.157,0,0,0,0,0,0,0,0,0,0,0,0,0,0,0,0,0,0,0,0,0.192,0,0,0,0,0,0,0,0,0,0,0,0,0.157,0,0,0,0,0,0,0,0,0,0,0,0,0,0,0,0,0,0,0,0,0,0,0,0,0,0,0,0,0,0,0,0,0,0,0,0,0,0,0,0,0,0,0,0,0,0,0,0,0,0,0,0,0.529,0,0,0,0,0,0,0,0,0,0,0,0,0,0,0.15,0,0,0,0,0,0,0,0,0,0,0,0,0,0,0,0,0,0,0,0,0,0,0,0,0,0,0,0,0,0,0.658,0,0,0,0,0,0,0,0,0,0,0,0,0,0,0,0,0,0,0,0,0,0,0,0,0.256,0.616,0,0,0,0,0,0,0,0,0,0,0,0,0,0,0,0,0,0,0,0,0,0,0,0,0,0,0,0,0,0,0,0,0,0,0,0,0,0,0,0,0,0,0,0,0,0,0,0,0,0,0,0,0,0,0,0,0.308,0,0,0,0.276,0,0,0,0,0,0,0,0,0,0,0,0,0,0,0,0.307,0,0,0,0,0,0,0,0,0,0,0,0,0,0,0,0.313,0,0,0,0,0,0,0,0,0.416,0,0,0,0,0,0,0,0,0,0,0,0,0,0,0,0,0,0,0,0,0,0,0,0,0,0,0,0,0,0,0,0,0,0,0,0,0,0,0,0,0,0.33,0,0,0.192,0,0,0.267,0,0,0,0,0.567,0,0,0,0,0,0,0,0,0,0.195,0,0,0,0,0,0,0,0,0.191,0,0,0,0,0,0,0,0,0,0,0,0.709,0,0,0,0,0,0,0,0.607,0,0,0,0,0,0,0,0,0,0,0,0,0,0,0,0,0,0,0,0,0,0,0,0,0,0,0,0,0,0.198,0,0,0,0,0,0,0,0,0,0,0,0,0,0,0,0,0,0,0,0,0,0,0,0,0,0,0,0,0,0,0,0,0,0,0,0.554,0,0,0,0,0,0,0,0,0,0,0,0,0,0,0,0,0,0,0,0,0,0,0,0.313,0,0,0,0,0,0,0,0,0,0,0,0,0,0,0,0,0,0,0,0,0,0,0,0,0,0,0,0,0,0,0,0,0,0,0,0,0,0,0,0,0.157,0,0,0,0,0,0,0,0,0,0,0.153,0,0,0,0,0,0,0,0,0,0,0.175,0,0,0,0,0.153,0.156,0.161,0,0,0,0,0,0,0,0,0,0,0,0,0,0,0,0,0,0,0,0,0,0,0,0,0,0,0,0,0,0,0,0,0,0,0,0,0,0,0,0,0,0,0,0,0,0,0,0.215,0,0,0.195,0,0,0,0,0,0,0,0,0,0,0,0,0,0,0,0,0,0,0,0,0,0,0,0,0,0,0,0,0,0,0,0,0,0,0,0,0,0.375,0,0,0,0,0,0,0,0,0,0,0,0,0,0,0,0,0,0,0,0,0,0.993,0,0,0,0,0,0,0,0,0.15,0,0,0,0,0,0,0,0,0.2,0,0.169,0,0,0,0.291,0,0,0,0,0,0,0.371,0.26,0,0,0,0,0,0,0.25,0,0,0,0.192,0,0,0,0,0,0,0,0,0,0,0,0,0,0,0.262,0,0,0,0,0,0,0,0.169,0,0,0,0,0,0,0,0,0,0,0,0,0,0,0,0,0,0,0,0,0,0,0,0,0,0,0,0,0,0,0,0,0,0,0,0,0,0.312,0.212,0,0,0,0,0,0,0,0,0,0,0,0,0,0,0,0,0,0.161,0,0,0,0.238,0,0,0,0,0,0,0.241,0.15,0,0.711,0,0,0,0,0,0,0.215,0,0,0.227,0,0,0,0,0,0,0,0,0,0,0,0,0,0,0,0,0,0.83,0,0.279,0,0,0,0,0,0,0,0.161,0,0,0,0,0,0,0,0,0,0,0.229,0,0,0,0,0.229,0,0.177,0,0,0.165,0,0,0,0,0,0,0,0,0,0,0,0,0,0,0.191,0,0,0,0,0,0,0,0,0,0,0,0,0,0,0,0,0,0,0,0,0,0,0,0,0,0,0,0,0.39,0,0,0,0,0,0,0,0,0,0,0,0,0,0,0.298,0,0,0,0,0,0,0,0,0,0,0.167,0.807,0,0,0,0,0,0,0,0,0,0,0,0,0,0,0,0,0,0,0,0,0,0.807,0,0,0,0,0,0,0,0,0,0,0,0,0,0,0,0,0,0,0,0,0,0,0,0,0,0,0,0,0,0,0,0,0,0,0,0,0,0,0,0,0,0,0,0,0,0,0.224,0,0,0,0,0,0,0,0,0,0,0,0,0,0,0,0,0.202,0,0,0,0,0,0,0,0,0,0,0.203,0.257,0,0,0,0.257,0,0,0.208,0.225,0.153,0,0,0,0,0,0,0,0,0,0,0,0,0.335,0.161,0,0,0,0,0.607,0,0.721,0.26,0,0,0,0,0.556,0,0,0,0,0,0,0,0,0,0.168,0,0.266,0,0,0,0,0,0,0,0,0.95,0.807,0,0.488,0.532,0,0,0,0,0,0,0,0.151,0,0,0,0,0,0,0,0,0.444,0,0,0,0,0,0,0,0,0,0,0,0,0,0,0,0.356,0,0,0,0,0,0,0,0,0,0,0,0,0.555,0,0,0,0,0,0,0,0,0.159,0,0,0,0,0,0,0.171,0,0,0,0,0,0,0,0,0,0,0,0,0,0,0,0.567,0.227,0,0,0,0,0,0,0,0,0,0,0,0.154,0,0.572,0,0,0,0,0,0,0,0,0,0.254,0,0,0,0,0,0,0,0,0,0,0,0,0.254,0,0,0,0,0,0.475,0,0,0,0,0,0,0,0,0,0,0,0,0,0,0,0,0,0,0.161,0,0,0,0,0,0,0,0,0,0,0,0,0,0,0,0,0,0,0,0,0,0,0,0,0,0,0,0,0,0,0,0,0,0,0,0.648,0,0,0,0,0,0.169,0,0,0,0,0,0,0.151,0,0,0,0,0,0,0,0,0,0,0,0,0.275,0,0,0,0,0,0,0,0,0,0,0,0,0,0,0,0,0,0,0,0,0,0,0,0,0,0,0,0.289,0,0,0,0,0,0,0,0,0,0.359,0,0,0,0,0,0,0,0,0,0.384,0,0,0,0,0,0,0,0,0,0,0,0,0,0,0,0,0,0,0,0,0,0,0,0,0,0,0,0,0,0,0,0,0,0,0,0,0,0,0,0,0,0,0,0,0,0,0,0,0,0,0,0,0,0,0,0,0,0,0,0,0.237,0,0,0,0,0,0,0,0,0,0,0,0,0,0,0,0,0,0,0,0,0,0,0,0,0,0,0,0,0,0,0,0,0,0,0,0,0,0,0,0,0,0,0,0,0,0,0,0,0,0,0,0,0,0,0,0,0,0,0,0,0,0,0,0,0,0,0,0,0,0,0,0,0,0,0,0,0,0,0,0,0,0,0,0,0,0,0,0,0,0.426,0,0,0,0,0,0,0,0,0,0,0,0,0,0,0,0,0,0,0,0,0,0,0,0,0,0,0,0,0,0,0,0,0,0,0,0,0,0,0,0.446,0,0,0,0,0,0,0,0,0,0,0,0,0,0,0.689,0,0,0,0,0,0,0,0,0,0,0,0,0,0,0.734,0,0,0,0,0,0,0,0,0,0.366,0,0,0,0,0,0,0,0,0,0,0,0,0,0,0,0,0,0.227,0,0,0,0,0,0,0,0,0,0,0,0,0,0,0,0,0,0,0,0,0,0,0,0,0,0,0,0,0,0,0,0.214,0,0,0,0,0,0,0,0,0,0,0,0,0,0,0,0,0,0,0,0,0,0,0.163,0,0,0,0,0,0,0,0,0,0,0,0,0,0,0,0,0,0,0,0,0,0,0.181,0,0.311,0,0,0,0,0,0,0,0.312,0,0,0,0,0,0,0,0,0,0,0,0,0,0,0,0,0,0,0,0,0,0,0,0,0,0,0,0,0,0,0,0,0,0,0,0,0,0,0,0,0,0,0,0,0,0,0,0,0,0.271,0,0,0,0,0,0,0,0,0,0.194,0,0,0,0,0,0,0,0,0,0,0,0,0,0,0,0,0,0,0,0,0,0.161,0,0,0,0,0,0,0,0,0,0,0,0,0,0,0,0,0,0,0,0,0,0,0,0,0,0,0,0,0,0,0,0,0.25,0.311,0,0,0,0,0,0,0,0,0,0,0,0,0,0,0,0,0,0,0,0,0,0,0,0,0,0,0,0,0,0,0,0,0,0,0,0,0,0,0,0,0.321,0,0,0,0.501,0,0,0,0,0,0,0,0,0,0,0.262,0,0,0,0,0.557,0,0,0,0,0,0,0,0,0,0,0,0,0,0,0,0,0,0,0,0,0,0,0,0,0,0,0,0,0,0.467,0,0,0.165,0,0,0,0,0,0,0,0,0,0,0,0.191,0,0,0,0,0,0,0,0.639,0.537,0,0,0,0,0,0.392,0,0,0,0,0,0,0.226,0,0,0.253,0.811,0,0.496,0,0,0,0,0,0.2,0,0,0,0,0,0,0,0,0,0,0,0,0,0,0,0,0,0,0,0,0,0,0,0,0,0,0,0,0.24,0,0,0,0,0,0,0,0,0.161,0,0,0,0,0,0,0,0.167,0,0,0,0,0,0,0,0,0,0,0.167,0,0,0,0,0,0,0,0,0,0,0,0,0,0,0,0,0,0,0,0,0,0,0,0,0,0,0,0,0,0,0,0,0,0,0,0,0,0,0,0,0,0,0,0,0,0,0,0,0,0,0,0,0,0,0,0.404,0,0,0,0,0,0,0,0,0,0,0,0.284,0,0,0,0,0,0,0,0,0,0,0,0,0,0,0,0,0,0,0,0,0,0,0,0,0,0,0.393,0,0,0,0,0,0,0,0,0,0,0,0,0,0,0,0,0,0,0,0,0,0,0,0,0,0,0,0,0,0,0,0,0,0,0,0,0,0,0,0,0,0,0,0,0,0,0,0,0,0,0,0,0,0,0,0,0,0,0,0,0,0.901,0,0,0,0,0,0,0,0,0,0,0,0,0,0,0,0,0,0,0,0,0,0,0,0,0.473,0,0,0,0,0,0,0,0,0,0,0,0,0,0,0,0.235,0,0,0,0,0,0,0,0,0,0,0,0,0,0,0,0,0,0,0,0,0,0,0,0,0,0,0,0.392,0,0,0,0,0,0,0,0,0,0,0,0,0.159,0,0,0,0,0,0,0,0,0,0,0,0,0,0,0,0,0,0,0,0,0,0,0,0,0,0,0.152,0,0,0,0,0,0,0,0,0,0,0,0,0,0,0,0,0,0,0,0,0,0,0,0,0,0,0,0,0,0,0,0,0,0,0,0,0,0,0,0,0,0,0,0,0.161,0,0,0,0,0,0,0,0,0,0,0.449,0,0,0,0,0,0,0,0,0,0,0,0,0,0,0.158,0,0,0,0,0,0,0,0,0,0,0,0,0,0,0,0,0,0,0,0,0,0,0,0,0,0,0,0,0,0,0,0,0,0,0,0,0,0,0,0,0,0,0,0,0,0,0,0,0,0,0,0,0,0,0,0.161,0,0,0,0,0,0,0,0,0,0,0,0,0,0,0,0,0,0,0,0,0,0,0,0,0,0,0,0,0,0,0,0,0,0,0,0,0,0,0,0,0,0,0,0,0,0,0,0,0,0,0,0,0,0,0,0,0.208,0,0,0,0,0,0,0,0,0,0,0,0,0,0,0,0,0,0,0,0,0,0,0,0,0.297,0,0,0.159,0,0.154,0,0,0.228,0,0.228,0.238,0,0,0,0,0,0,0,0.195,0,0,0.218,0,0,0,0,0,0,0,0,0,0,0,0,0,0,0,0,0,0,0,0.157,0,0,0,0,0,0,0,0,0,0,0,0.161,0,0,0,0,0,0,0,0,0,0,0,0,0,0,0,0,0,0,0,0,0,0,0,0,0,0.195,0,0,0,0.195,0,0,0,0,0,0,0,0,0,0,0,0,0,0,0,0,0,0,0,0,0,0,0,0,0,0,0,0,0,0,0,0,0,0,0,0,0,0,0,0,0,0,0,0,0,0,0,0,0,0,0,0,0,0,0,0,0,0,0,0,0,0,0,0,0,0,0,0,0,0,0,0.256,0,0,0,0,0,0.261,0,0,0,0,0,0,0,0,0,0,0,0,0,0,0,0,0,0,0,0,0,0,0,0,0,0,0,0,0,0,0,0.358,0,0,0,0,0,0,0,0,0,0,0,0,0,0,0,0,0.24,0,0,0,0,0,0,0,0,0,0,0,0,0,0,0,0,0,0,0,0,0,0,0,0,0,0,0,0,0,0,0,0,0,0,0,0,0,0,0,0,0,0,0,0,0,0,0,0,0,0,0,0,0,0,0,0,0,0,0,0,0,0,0,0,0,0,0,0,0,0,0,0.211,0,0,0,0,0,0,0,0,0,0,0,0,0,0,0,0,0,0,0,0,0,0,0,0,0,0,0,0,0,0,0,0,0.288,0,0,0,0,0,0,0,0,0,0,0,0,0,0,0,0,0,0,0,0,0,0,0,0,0,0,0,0,0,0,0,0,0,0,0,0,0,0,0,0,0,0,0,0,0,0,0,0,0,0,0,0,0,0,0,0,0,0,0,0,0,0,0,0,0,0,0,0,0,0,0,0,0,0,0,0,0,0,0,0,0,0,0,0,0,0,0,0,0,0,0,0,0,0,0,0,0,0,0,0,0,0,0,0,0,0,0,0,0,0,0,0,0,0,0,0,0,0,0,0,0,0,0,0,0,0,0,0,0,0,0,0,0,0,0,0,0,0,0,0,0,0,0,0,0,0,0,0,0,0.354,0,0,0,0,0,0,0,0,0,0,0,0,0,0,0,0,0,0,0,0,0,0,0,0,0,0,0,0,0,0,0,0,0,0,0,0,0,0,0,0,0,0,0,0,0,0,0,0,0,0,0,0,0,0,0,0,0,0,0,0,0,0,0,0,0,0,0,0,0,0,0,0,0,0,0,0,0,0,0,0,0,0,0,0,0,0,0,0.203,0,0,0,0,0,0,0,0,0,0,0,0,0,0,0,0,0,0,0,0,0,0,0,0,0,0,0,0,0,0,0,0,0,0,0,0,0,0,0,0,0,0,0,0,0
850608,0,0,0,0,0,0,0,0,0,0,0,0,0,0,0,0,0,0,0,0,0,0,0,0,0,0,0,0,0,0.273,0,0,0,0,0,0,0,0,0,0,0,0,0,0,0,0,0,0,0,0,0,0,0,0,0,0,0,0,0,0,0,0,0,0,0,0,0,0,0,0,0,0,0,0,0,0,0,0,0,0,0,0.169,0,0,0,0,0,0,0,0,0,0,0,0,0,0,0,0,0,0,0,0,0,0,0,0,0,0,0,0,0,0,0,0,0,0,0,0,0,0,0,0,0,0,0,0,0,0,0,0,0,0,0,0,0,0,0,0,0,0,0,0,0,0,0,0,0,0,0,0,0,0,0,0,0,0,0,0,0,0,0,0,0,0.192,0,0,0,0,0,0,0,0,0,0,0,0,0.169,0,0.273,0,0,0,0,0,0,0,0,0,0,0,0,0,0,0.154,0,0,0.432,0,0,0,0,0,0,0,0,0.522,0,0.925,0,0,0,0,0,0,0,0,0,0,0,0.15,0,0,0,0,0,0,0,0,0,0,0,0,0,0,0.187,0,0.153,0,0,0,0,0.237,0,0,0,0,0,0,0.179,0,0.22,0,0,0,0,0,0,0,0,0,0,0.168,0,0,0,0,0,0,0,0,0,0.167,0,0,0,0,0,0,0.154,0,0,0,0,0,0,0,0,0,0.498,0,0,0,0,0,0,0.229,0,0,0,0,0.222,0.167,0.171,0,0,0,0,0,0,0,0,0,0,0,0,0,0.187,0,0,0,0,0,0.279,0,0,0,0,0,0,0,0,0,0,0,0,0,0,0,0,0,0,0,0,0.191,0,0,0,0,0,0,0,0,0,0,0,0.25,0,0,0,0,0,0,0,0,0,0,0,0,0,0,0.42,0,0,0,0,0,0,0,0,0,0,0,0.238,0,0,0,0,0,0,0,0,0,0,0,0,0.185,0,0.177,0,0,0,0,0,0,0.471,0,0,0,0,0,0,0,0,0,0,0.283,0,0,0,0,0,0,0.311,0.379,0,0,0,0,0.154,0,0,0,0,0,0,0,0,0,0,0,0,0.346,0,0,0,0.271,0,0,0,0,0,0.154,0,0,0,0.19,0,0,0,0,0,0.215,0.155,0,0,0,0.155,0,0,0,0.191,0,0,0,0,0.283,0,0,0.586,0,0,0,0,0.496,0,0,0.173,0,0,0,0,0,0,0,0,0,0,0,0,0,0,0,0,0.256,0,0,0,0,0,0.15,0,0,0.311,0,0.2,0.256,0,0,0,0,0,0,0,0.201,0.169,0,0.486,0,0,0,0,0,0,0,0,0,0,0,0,0,0.429,0.237,0,0,0,0,0,0,0,0.382,0,0,0,0,0,0,0,0,0,0,0,0,0,0,0,0,0,0,0,0,0,0,0,0,0,0,0,0,0.155,0,0.19,0.317,0,0,0,0,0,0,0,0.186,0,0,0,0,0,0,0,0.159,0,0,0.183,0,0,0.154,0,0,0,0,0.278,0,0,0,0,0,0,0,0.212,0,0,0,0,0,0,0,0,0,0,0,0,0.25,0,0.544,0.278,0,0,0,0.288,0,0.756,0,0,0,0,0,0,0,0.328,0,0,0,0,0,0,0,0.173,0,0.899,0,0,0,0.258,0,0,0,0,0,0,0,0,0,0,0,0,0,0.152,0,0,0,0,0,0.237,0,0,0,0,0,0,0,0,0,0.412,0,0,0,0,0,0,0.45,0,0,0.283,0,0,0,0,0,0,0,0,0,0,0,0,0.239,0,0,0,0,0.457,0.3,0,0,0,0,0,0,0,0.215,0,0,0,0,0,0,0,0,0,0,0,0,0,0.388,0,0,0,0,0,0,0,0,0,0,0,0,0,0,0,0.34,0.161,0,0,0,0,0.163,0,0,0,0,0,0,0,0,0.453,0,0,0,0,0,0,0,0,0,0,0,0,0,0,0,0,0,0.156,0,0.197,0,0,0,0,0,0.354,0,0,0.19,0.388,0,0,0,0,0,0,0,0,0,0.283,0,0,0,0,0,0,0,0,0,0,0.273,0,0,0,0,0,0,0,0,0,0,0.151,0.154,0,0,0,0.34,0,0,0,0,0,0,0.191,0,0,0,0.171,0,0,0,0,0,0,0,0,0,0,0,0.155,0,0,0,0,0,0.19,0,0.586,0,0.409,0.239,0.202,0,0,0,0,0,0,0,0,0,0.22,0,0,0,0,0,0,0,0.253,0,0,0,0,0.194,0.283,0.201,0,0,0,0,0,0,0,0,0,0.159,0.169,0,0,0,0,0,0,0.399,0,0,0,0,0,0,0,0,0,0,0,0,0,0,0,0.209,0,0,0,0.179,0,0.301,0,0,0,0,0.278,0.243,0,0,0,0,0,0,0,0,0,0,0,0,0,0,0,0,0,0,0,0,0,0,0,0,0,0,0,0,0,0,0,0,0,0,0,0,0,0,0,0,0,0,0,0.436,0,0,0,0,0,0,0,0.199,0,0,0,0,0,0,0.446,0,0,0.273,0,0,0,0,0,0,0.928,0,0,0,0,0,0,0,0,0,0,0,0,0,0,0,0,0,0,0,0,0,0.191,0,0,0,0,0,0,0,0,0,0,0,0,0,0,0,0,0,0,0,0,0,0,0,0,0,0,0,0,0,0,0,0,0,0,0,0,0,0,0,0,0.201,0,0,0,0,0,0,0,0,0,0,0,0,0,0,0,0,0,0,0,0,0,0,0,0,0,0,0,0,0,0,0,0,0,0,0,0,0,0,0,0,0,0,0,0,0,0,0,0,0,0,0,0,0,0,0,0,0,0,0,0,0,0,0,0,0,0,0,0,0,0,0,0,0,0,0,0,0,0,0,0,0,0,0,0,0,0,0,0,0,0,0,0,0,0,0,0,0,0,0,0,0,0,0,0,0,0,0,0,0,0,0,0,0,0,0,0,0,0,0,0,0,0,0,0,0,0,0,0.266,0,0,0,0,0,0,0.165,0,0,0,0,0,0,0,0,0,0,0,0,0,0,0,0,0,0,0,0,0,0,0,0,0,0,0,0,0,0,0,0,0,0,0,0,0,0,0,0,0,0,0,0,0,0,0,0,0,0,0,0,0,0,0,0,0,0.187,0,0.996,0,0,0,0,0,0,0,0,0,0,0,0,0,0,0,0,0,0.176,0,0,0,0,0,0,0,0,0,0,0,0,0,0,0,0,0,0,0,0,0,0,0,0,0,0,0,0,0,0,0,0,0,0,0,0,0,0,0,0,0,0,0,0,0,0.523,0,0,0,0,0,0,0,0,0,0,0,0,0,0,0,0,0,0,0,0,0,0.19,0,0,0,0,0,0,0,0,0,0,0,0,0,0,0,0,0,0,0,0,0,0,0,0,0,0,0,0,0,0,0,0,0.232,0,0,0,0,0,0,0,0,0,0,0,0,0,0,0,0,0,0,0.158,0,0,0,0,0,0,0,0,0,0,0,0,0,0,0,0,0,0,0,0,0,0,0,0,0,0,0,0,0,0,0,0,0,0,0,0,0,0,0,0,0,0,0,0,0,0,0,0,0,0,0,0,0.156,0,0,0,0,0.361,0,0,0,0,0,0,0,0,0,0,0,0,0,0,0,0,0,0,0,0,0,0,0,0,0,0,0,0,0,0,0,0,0,0,0,0,0,0,0,0,0,0,0,0,0,0,0,0,0,0,0,0,0,0,0,0,0,0,0,0,0,0,0,0,0,0,0.958,0,0,0,0,0,0,0,0,0,0,0,0,0,0,0,0,0,0,0,0,0,0,0,0,0,0,0,0,0,0,0,0,0,0,0,0,0,0,0,0,0,0,0,0,0,0,0,0,0,0,0,0.353,0,0,0,0,0,0,0,0,0,0,0,0,0,0,0,0,0,0,0,0,0,0,0,0,0.235,0,0,0,0,0,0,0,0,0,0,0,0,0,0,0,0,0.184,0,0,0,0,0,0,0,0,0,0,0,0,0,0,0,0,0,0,0,0,0,0,0,0,0,0,0,0,0,0,0,0,0,0,0,0,0,0,0,0,0,0,0,0,0,0,0,0,0,0,0,0,0,0,0,0,0,0,0,0,0,0,0.175,0,0,0,0,0,0,0.173,0,0,0,0,0.153,0,0,0,0,0,0,0,0,0,0,0,0,0,0,0,0,0,0,0,0,0,0,0,0,0,0,0,0,0,0,0,0,0,0,0,0,0,0,0,0.173,0,0,0,0,0,0,0,0,0,0.265,0,0,0.311,0,0,0.173,0,0,0,0,0,0,0,0,0,0,0,0,0,0,0,0,0,0,0,0,0,0,0,0,0,0,0,0,0,0,0,0,0,0,0,0,0,0,0,0,0,0,0,0,0,0,0,0,0,0,0,0,0,0,0,0,0,0,0,0,0,0,0,0,0,0,0,0,0,0.191,0,0,0,0,0,0,0,0,0,0,0,0,0,0,0,0,0,0,0,0,0.177,0,0,0.169,0,0,0,0,0,0,0,0,0,0,0.192,0,0,0,0.161,0,0,0,0,0,0,0,0,0,0,0.912,0,0.554,0,0,0,0,0,0,0,0,0,0,0.554,0,0,0,0,0,0,0,0,0,0,0.307,0.953,0,0,0,0,0,0,0,0,0.169,0,0,0.616,0,0,0,0,0,0,0,0,0,0,0,0,0,0.223,0,0,0,0,0,0,0,0.285,0,0,0,0,0,0.429,0,0,0,0,0,0.242,0,0.173,0,0,0,0,0,0,0,0,0.22,0,0,0,0,0,0,0,0,0,0,0,0,0,0,0.163,0,0,0.183,0,0,0,0,0,0,0,0,0,0,0,0,0,0,0,0,0,0,0,0,0,0,0,0,0,0,0.197,0.428,0,0,0,0,0,0,0,0,0,0,0.158,0,0,0,0.987,0,0,0,0,0,0,0,0,0.16,0.165,0,0.192,0,0,0,0,0,0,0,0,0.24,0,0,0,0,0,0,0,0,0,0,0,0,0,0,0,0,0,0.309,0,0,0,0,0,0,0.161,0,0,0,0,0,0,0,0,0.249,0,0,0,0,0,0,0,0,0,0,0,0,0,0,0,0,0,0,0,0,0,0,0,0,0,0,0,0,0,0,0,0,0,0,0,0,0,0,0,0,0,0,0,0,0,0,0,0,0,0,0,0,0,0,0,0,0,0,0,0,0,0,0,0,0,0,0,0,0,0,0,0,0,0,0,0,0,0.177,0,0,0,0,0,0,0,0,0,0,0,0,0,0,0,0,0,0,0,0,0,0,0,0,0,0,0,0,0,0,0,0,0,0,0,0,0,0,0,0,0,0,0,0,0,0,0,0,0,0,0,0,0,0,0,0,0,0,0,0,0,0,0,0,0.234,0,0,0,0,0.189,0,0,0,0,0,0,0,0,0,0,0,0,0.177,0,0,0,0,0,0.158,0.187,0,0,0,0.179,0,0,0,0,0,0,0,0,0,0,0,0,0,0,0,0,0,0,0,0,0,0,0,0,0.163,0,0,0,0,0.738,0,0,0,0,0,0,0,0,0,0,0,0,0,0,0,0,0,0.186,0,0,0,0,0,0,0,0,0,0,0,0,0,0,0.346,0,0,0,0,0,0.96,0,0,0,0,0.351,0,0,0,0,0,0,0,0,0,0,0,0,0,0,0,0,0,0,0,0,0,0,0.173,0,0,0,0,0,0,0,0,0,0,0,0,0,0,0,0,0,0,0,0,0,0,0,0,0,0,0,0,0,0,0,0,0,0,0,0,0,0.19,0,0,0,0,0,0,0,0,0,0,0,0,0,0,0,0,0,0,0,0,0,0,0,0,0,0,0,0,0,0,0,0,0,0,0,0.306,0,0,0,0,0,0,0,0,0,0,0,0,0,0,0,0,0,0,0,0,0,0,0,0,0,0,0,0,0,0,0,0,0,0,0,0,0,0,0,0,0,0,0,0,0,0,0,0,0,0,0,0,0,0,0,0,0,0,0,0,0.285,0,0,0,0,0,0,0,0,0,0,0,0,0,0,0,0,0,0,0,0,0,0,0,0,0,0,0,0,0,0,0,0,0,0,0,0,0.307,0,0,0,0,0,0,0,0,0,0,0,0,0,0,0,0,0,0,0,0,0,0,0,0,0,0,0,0,0,0,0,0,0,0,0,0,0.151,0,0,0,0,0,0,0,0,0,0,0,0,0,0,0,0,0,0,0,0,0,0,0,0,0,0,0,0,0,0,0,0,0,0,0,0,0,0,0,0,0,0,0,0,0,0,0,0,0,0,0,0,0,0,0,0,0,0,0,0,0,0,0,0,0,0,0,0,0,0,0,0,0,0.364,0,0,0,0,0,0,0,0,0,0,0,0,0,0,0,0,0,0,0,0,0,0,0,0,0,0.192,0,0,0,0,0,0,0.167,0,0,0,0,0,0,0,0,0,0,0,0,0,0,0,0,0,0,0,0,0,0,0,0,0,0,0,0,0,0,0,0,0,0,0,0,0,0,0,0,0,0,0,0,0,0,0,0,0,0,0,0,0,0,0,0,0,0,0,0,0.299,0,0,0,0,0,0,0,0,0,0,0,0,0,0,0,0,0,0,0.237,0,0,0,0.191,0,0,0,0,0,0,0,0,0,0,0,0,0,0,0,0,0.293,0,0,0,0,0,0,0,0,0,0,0,0,0,0,0,0,0.184,0,0,0,0,0,0,0,0,0,0,0,0,0,0,0,0,0,0,0,0.299,0,0,0.293,0,0,0,0,0,0,0,0,0,0,0,0,0,0,0,0,0,0,0,0,0,0,0,0,0,0,0.189,0,0,0.188,0,0,0,0,0,0,0,0,0,0,0,0,0,0,0,0,0,0,0,0,0,0,0,0,0,0,0,0,0.293,0,0,0,0,0,0,0,0,0,0,0,0,0,0,0,0,0,0,0,0,0,0.206,0,0,0,0,0,0,0,0,0,0,0,0,0,0,0,0,0,0.502,0,0,0,0.151,0,0,0,0,0,0,0,0.158,0,0.299,0,0,0,0,0,0,0,0,0,0,0,0,0,0,0,0,0,0,0,0,0,0,0,0,0,0,0,0,0,0,0,0,0,0,0,0,0,0,0,0,0,0,0,0,0,0,0,0,0,0,0,0.154,0,0,0,0,0,0,0,0,0,0,0,0,0,0,0,0,0,0,0,0,0,0,0,0,0,0,0,0,0,0,0,0,0,0.94,0,0,0,0,0,0,0,0.158,0,0,0,0,0,0,0,0,0,0,0,0,0,0,0,0,0,0,0,0,0,0,0,0,0,0,0,0,0,0,0,0,0,0,0,0,0,0,0.397,0.155,0,0,0,0,0,0,0,0.288,0,0,0,0,0,0,0.436,0,0,0,0,0,0,0.866,0.261,0.273,0,0,0,0,0,0,0,0.151,0,0,0,0.349,0,0,0.155,0.413,0,0,0,0,0,0.159,0,0,0,0,0.641,0,0,0,0,0,0,0,0,0,0,0,0,0,0.307,0,0,0.163,0,0,0,0,0,0,0,0,0,0.848,0.155,0,0,0,0.161,0,0,0,0,0,0,0,0,0,0,0,0,0,0,0,0,0,0,0,0,0,0,0,0,0,0,0,0,0,0,0,0,0,0,0,0,0,0,0,0,0,0,0,0,0,0,0,0,0,0,0,0,0,0,0,0,0,0,0,0,0,0,0,0,0,0,0,0,0,0,0,0,0,0,0,0,0,0,0,0,0,0,0,0,0,0.22,0,0,0,0,0,0,0,0,0,0,0,0,0,0,0,0,0,0,0,0,0.929,0,0,0.167,0,0,0,0,0,0,0.191,0,0,0,0,0,0,0,0,0,0,0,0,0,0,0,0,0,0,0,0,0,0,0,0,0,0,0,0,0,0,0.164,0,0,0,0,0,0,0,0,0.22,0,0,0,0,0,0,0,0,0,0,0,0,0,0,0,0,0,0,0,0,0,0,0,0,0,0,0,0,0,0,0,0,0,0,0,0,0.273,0,0,0,0,0,0,0,0,0,0,0,0,0,0.155,0,0,0,0,0,0,0,0,0,0,0,0,0,0,0,0,0,0,0,0,0,0,0.273,0,0,0,0,0,0,0,0,0,0.174,0,0,0,0,0,0,0,0,0,0,0,0,0,0,0,0,0,0.174,0,0,0,0,0,0,0,0,0,0,0,0,0,0,0,0,0,0,0.159,0,0,0,0,0,0,0,0,0,0,0,0.158,0,0,0,0,0,0,0,0,0,0,0,0,0,0,0,0,0,0,0,0.173,0,0,0,0,0,0,0,0,0,0,0,0.311,0,0,0,0,0,0,0,0,0,0,0,0,0,0,0,0,0,0,0,0,0,0,0,0,0,0,0,0,0.21,0,0,0,0,0,0,0,0,0,0,0,0,0,0,0,0,0,0,0,0,0,0,0,0,0,0,0,0.158,0,0,0,0,0,0,0,0,0,0,0,0,0,0,0,0,0,0,0,0,0,0,0,0,0,0,0,0,0,0,0,0,0,0,0,0,0,0,0.383,0,0,0,0,0.166,0.383,0,0,0,0,0,0,0,0,0,0,0,0,0,0,0,0,0,0,0,0,0,0,0,0,0,0,0,0,0,0,0,0,0,0,0,0,0,0,0,0,0,0,0,0,0,0,0,0,0,0,0,0,0,0.193,0,0,0,0,0,0,0,0,0,0,0,0,0,0,0,0,0,0,0,0,0,0,0,0,0,0,0,0,0,0,0,0,0,0,0,0,0,0,0,0,0,0,0,0,0.988,0,0,0,0.311,0,0,0.155,0,0,0.445,0,0,0,0.155,0,0.155,0,0,0.163,0,0,0,0,0,0,0,0,0,0,0,0.383,0,0,0,0,0,0,0,0.971,0,0,0,0,0,0,0,0,0,0,0,0,0,0,0,0,0,0,0,0,0,0,0,0,0,0,0,0,0,0,0,0,0.154,0,0,0,0,0,0,0,0,0,0,0,0,0,0,0,0,0,0,0,0,0,0,0,0.282,0,0,0,0,0,0,0,0,0,0,0,0,0,0,0,0,0,0,0,0,0,0,0,0,0,0,0,0,0,0,0,0,0,0,0,0,0,0,0,0,0,0.181,0,0,0,0,0,0,0,0,0,0,0,0,0,0,0,0,0,0,0,0,0.152,0,0,0,0,0.229,0,0,0,0,0,0,0,0,0,0,0,0,0,0,0,0.417,0,0,0,0,0,0,0,0,0,0,0,0,0,0,0,0,0,0,0,0,0,0,0,0,0,0,0,0,0,0,0,0,0,0,0,0,0,0,0,0,0,0,0.546,0,0,0,0,0,0,0,0,0,0,0,0,0,0,0,0,0,0,0,0,0,0,0,0,0,0,0,0,0,0,0,0,0,0,0,0,0,0,0,0,0,0,0,0,0,0,0,0,0,0,0,0,0,0,0,0,0,0,0,0,0,0,0,0,0,0,0,0,0,0.946,0,0,0,0,0,0,0,0,0,0,0,0,0,0,0,0,0,0,0,0,0,0,0,0,0,0,0,0,0.154,0,0,0,0,0,0,0,0,0,0,0,0,0,0,0,0,0,0,0,0,0,0,0,0,0,0,0,0,0,0,0,0,0,0,0,0,0,0,0,0,0,0,0,0,0,0.159,0,0,0,0,0,0,0,0,0,0,0,0,0,0,0,0,0,0,0,0,0,0,0,0,0,0,0,0,0,0,0,0,0,0,0,0,0,0,0,0,0,0,0,0,0,0,0,0,0,0,0,0,0,0,0,0,0,0,0,0,0,0,0,0,0,0,0,0,0,0,0,0,0,0,0,0,0,0,0,0,0,0,0,0,0,0,0,0,0,0,0,0,0,0,0,0,0,0,0,0,0,0,0,0,0,0,0,0,0,0,0,0,0,0.734,0,0,0,0,0,0,0,0,0,0,0,0,0,0,0,0,0,0,0,0,0,0,0,0,0,0,0,0,0,0,0,0,0,0,0,0,0,0,0,0,0,0,0,0,0,0,0,0,0,0,0,0,0,0,0,0,0,0,0,0,0,0,0,0,0,0,0,0,0,0,0,0,0,0,0,0,0,0,0,0,0,0.156,0,0,0,0,0,0,0,0,0,0,0,0,0,0,0,0,0,0,0,0,0,0,0,0,0,0,0,0,0,0,0,0,0,0,0,0,0.284,0,0,0,0,0,0,0,0,0,0,0,0,0,0,0,1
851819,0,0,0,0,0,0,0,0,0,0,0,0.291,0,0.263,0,0,0,0,0,0,0,0.207,0.199,0,0,0.233,0,0,0,0,0,0,0,0,0,0.212,0,0,0,0,0,0,0,0,0,0,0,0,0,0,0,0,0,0,0,0,0,0,0,0,0,0,0,0,0,0,0,0,0,0,0.343,0.189,0,0,0,0.169,0,0,0,0.214,0,0,0,0,0,0,0.312,0,0,0,0.169,0,0,0,0,0,0.168,0,0,0,0,0,0,0,0,0,0,0,0,0.294,0,0,0,0,0.196,0,0,0,0,0,0,0,0,0,0,0.215,0,0,0,0,0,0,0,0,0,0.173,0,0,0,0.169,0,0,0.508,0,0,0,0,0,0.205,0,0,0,0,0,0,0,0,0,0,0,0,0,0,0,0,0,0,0,0,0.22,0,0,0,0,0,0,0,0,0,0,0,0.169,0,0,0,0,0,0.781,0,0,0,0,0,0,0,0,0,0,0,0,0,0,0,0.68,0,0,0,0,0,0.214,0,0,0,0,0,0,0,0,0,0,0,0,0,0,0.26,0,0.169,0.195,0,0,0,0,0,0,0,0,0,0,0,0,0,0,0,0,0,0,0,0,0,0,0,0,0.22,0,0,0,0,0,0,0,0,0,0,0,0,0,0,0,0,0,0,0,0,0,0,0,0,0,0,0,0,0,0.287,0,0,0.224,0.466,0.154,0.298,0,0,0,0,0,0,0,0,0,0,0,0,0,0.286,0,0,0,0,0,0,0.173,0,0,0,0,0.165,0,0,0,0,0,0,0,0,0,0,0,0.276,0,0,0,0,0,0,0,0,0,0,0.195,0,0,0,0,0,0,0,0,0,0,0,0,0,0,0,0,0.261,0,0,0,0,0,0,0,0.167,0,0,0,0.178,0,0,0,0,0,0,0,0,0,0.169,0,0,0,0,0.172,0,0,0,0,0,0,0,0,0,0,0,0,0,0,0,0,0,0.248,0,0,0,0,0.164,0,0,0,0,0.162,0,0,0,0,0,0,0,0,0,0,0,0,0,0,0,0,0,0,0,0,0.197,0,0,0,0,0,0,0.168,0,0,0,0,0,0,0,0,0.243,0,0,0,0,0,0,0.216,0,0,0,0,0,0,0.27,0,0,0,0,0,0,0,0,0,0,0,0,0.193,0,0,0,0,0,0,0,0,0,0,0,0.271,0,0,0,0,0,0,0,0,0,0,0,0,0,0,0,0,0,0,0,0,0,0,0,0,0,0,0,0,0,0,0.171,0,0,0,0,0,0,0,0,0,0,0,0,0,0,0,0,0,0,0,0.696,0,0,0,0,0,0,0,0,0,0,0,0,0,0,0,0,0,0,0,0,0,0.176,0,0,0,0.407,0,0,0,0,0,0,0,0,0,0,0,0,0,0,0.298,0,0,0,0,0,0,0,0,0,0,0,0,0,0,0.447,0,0,0,0,0,0,0,0,0,0,0,0,0,0,0,0,0,0,0.297,0,0,0,0,0,0,0,0,0.25,0,0,0,0,0,0,0,0,0,0,0,0,0,0,0,0,0,0,0,0,0,0,0,0,0,0,0,0,0,0,0,0,0,0,0,0,0,0,0,0,0,0,0,0.199,0,0,0,0,0.152,0,0,0,0,0,0,0,0,0,0,0,0.917,0,0,0,0,0,0,0,0,0,0,0,0,0,0.193,0,0,0,0,0,0,0,0,0,0,0,0,0,0,0,0,0,0,0,0.756,0,0,0.543,0,0,0,0,0,0,0,0,0,0,0.168,0,0,0,0,0,0,0,0,0,0,0,0,0,0,0,0,0,0,0,0,0,0,0,0,0,0,0,0,0,0,0,0,0,0,0,0,0,0,0,0,0,0,0,0,0,0,0,0,0,0,0,0,0.456,0,0,0,0,0,0,0,0,0,0,0,0,0,0.15,0,0,0,0,0,0,0,0,0,0,0,0,0,0,0,0,0,0,0,0,0,0,0,0,0,0,0,0,0,0,0,0,0,0,0,0,0,0,0,0.419,0,0.196,0,0,0,0,0,0,0,0,0,0,0,0,0.309,0,0,0,0,0.818,0,0,0,0,0,0,0,0,0,0,0,0,0,0,0,0,0,0,0,0,0,0,0,0,0,0,0,0.194,0.271,0,0,0,0,0,0,0,0,0.15,0,0,0,0,0,0,0,0,0,0,0,0,0,0,0,0,0.157,0,0,0,0,0,0,0,0,0.163,0,0,0,0,0,0,0.171,0,0.581,0,0,0,0,0.588,0,0,0,0,0.891,0,0,0,0,0,0,0,0,0,0,0,0.232,0,0,0.208,0,0,0,0,0.171,0,0,0,0,0,0,0,0,0,0.233,0,0,0,0,0,0,0,0,0,0,0,0,0,0,0,0,0,0,0.197,0,0,0,0,0,0,0,0,0,0,0,0,0,0,0.161,0,0,0,0,0,0,0,0.197,0,0.197,0,0.213,0,0,0,0,0,0,0,0,0,0,0,0,0,0,0,0,0,0,0,0,0,0,0,0,0,0,0.888,0,0,0,0,0,0,0,0,0,0,0,0,0,0.353,0.218,0,0,0,0,0,0,0,0,0,0,0,0,0,0,0,0,0,0,0,0,0,0,0,0,0,0,0,0,0,0,0,0,0,0,0,0,0,0,0,0,0,0,0,0,0,0,0,0,0,0,0.163,0,0,0,0,0,0,0,0.204,0,0,0,0,0.282,0,0,0,0,0,0,0,0.288,0,0,0,0.315,0,0,0,0,0,0.198,0,0,0,0,0,0,0,0,0,0,0,0,0,0,0,0,0,0,0,0,0,0,0,0,0,0,0.264,0,0,0,0,0,0,0,0.261,0,0,0,0,0,0,0,0,0,0,0,0,0,0,0,0,0,0,0.173,0,0,0,0,0,0.352,0,0,0,0,0,0,0,0,0,0,0,0,0,0,0,0,0,0,0.306,0,0,0,0,0,0,0,0,0,0,0,0,0,0,0,0,0,0.185,0,0,0,0.672,0,0,0,0,0,0,0,0,0,0,0,0,0,0,0,0,0,0,0.204,0,0,0,0,0,0,0,0,0,0.168,0,0,0,0,0,0,0,0,0,0,0,0,0,0,0,0,0,0,0,0,0,0,0,0,0,0,0,0,0,0,0,0,0,0,0,0,0,0,0,0,0,0,0,0.207,0,0,0,0,0,0,0,0.164,0.282,0,0,0,0,0,0,0,0,0,0.155,0,0,0,0,0,0,0,0,0,0,0,0,0,0,0,0,0,0,0,0,0,0,0,0,0,0,0,0,0,0,0,0.198,0,0,0,0,0.198,0,0,0,0.204,0,0,0,0,0,0,0,0.321,0,0,0,0,0,0,0,0,0,0,0,0,0,0,0,0,0,0,0,0,0,0,0,0,0,0,0,0,0,0,0,0,0,0,0,0.279,0,0,0,0,0,0,0,0,0,0,0,0,0,0,0,0,0,0,0.3,0.564,0,0,0,0,0,0,0,0,0,0,0,0,0,0,0,0,0.158,0,0,0,0,0,0,0,0,0,0,0,0,0,0,0,0,0,0,0,0,0,0,0,0,0,0,0,0,0,0,0.26,0,0,0,0,0,0,0,0,0,0,0,0,0,0,0,0.169,0,0,0,0,0,0,0,0,0,0,0,0,0,0,0,0,0,0,0,0,0,0,0,0,0,0,0,0,0,0,0,0,0,0,0,0,0,0,0,0,0,0,0,0,0,0,0,0,0,0,0,0,0,0,0,0,0,0,0,0,0,0.257,0,0,0,0,0.712,0,0,0,0,0,0,0,0,0,0,0,0,0,0,0,0,0,0,0,0,0,0,0,0,0,0.236,0,0,0,0,0,0,0,0,0,0,0,0,0,0,0,0,0,0,0,0,0,0,0,0,0,0,0,0,0,0,0,0,0,0,0,0.225,0,0,0,0,0,0,0,0,0,0,0,0,0,0,0,0,0,0,0.336,0,0,0,0,0,0,0,0,0,0,0,0,0,0,0,0,0,0,0,0,0,0,0,0,0,0,0,0,0,0,0,0,0,0,0,0,0,0,0,0,0,0,0,0,0,0,0,0,0,0,0,0,0,0,0,0,0,0,0,0,0.179,0,0,0,0,0,0,0,0,0,0,0,0,0,0,0.179,0,0,0,0,0.224,0,0,0,0,0,0,0,0,0,0,0,0,0,0,0,0,0,0,0,0,0.171,0,0,0,0,0,0,0,0,0,0,0,0,0,0,0,0,0,0,0,0,0,0,0,0.276,0,0,0,0,0,0,0,0,0,0,0,0,0,0,0,0,0,0,0,0,0,0,0,0,0,0,0,0,0,0,0.338,0,0,0,0,0,0.187,0,0,0,0,0,0,0,0.567,0,0,0,0,0,0,0,0,0,0,0,0,0,0,0,0,0,0,0.223,0,0,0,0,0,0.612,0,0,0,0,0,0,0,0,0,0,0,0,0,0,0,0,0,0,0,0,0,0,0,0,0,0,0,0,0,0,0,0,0,0,0,0,0,0,0,0,0,0,0,0,0,0,0,0,0,0,0,0,0.275,0,0.203,0,0,0,0,0,0,0.309,0,0,0,0,0,0,0,0,0,0,0,0,0,0,0,0,0,0,0,0,0,0,0,0,0,0,0,0,0.168,0,0,0,0,0,0,0.182,0,0,0,0,0,0,0,0.4,0,0,0,0.195,0,0,0,0,0,0,0,0,0,0,0,0,0,0,0,0,0,0,0,0,0,0,0,0,0,0,0,0.276,0,0,0,0,0,0,0,0,0,0,0,0,0,0,0.15,0,0,0,0.228,0,0,0,0,0,0,0,0,0,0,0,0,0,0,0,0,0,0,0,0,0,0,0,0,0,0,0,0.202,0,0,0,0,0,0,0,0,0,0,0,0,0.825,0,0,0,0,0,0,0,0,0,0,0,0,0,0,0,0,0,0,0,0,0,0,0,0,0,0,0,0,0,0,0,0,0,0,0.199,0,0,0,0,0,0,0,0,0,0,0,0,0,0,0,0,0,0,0,0,0,0,0,0,0,0,0,0,0,0,0,0,0,0,0,0,0,0,0,0,0.23,0,0,0.248,0,0,0,0,0,0,0,0,0,0,0,0,0,0,0,0,0,0,0,0,0,0,0,0,0,0,0,0.25,0.265,0,0,0,0,0,0,0,0,0,0,0.22,0,0.333,0,0,0,0,0,0,0,0,0,0,0.22,0,0,0,0,0,0,0,0,0,0,0,0.336,0,0.254,0,0,0,0,0,0,0.221,0,0,0,0,0,0.158,0,0,0,0,0,0,0.525,0,0,0,0,0,0,0.202,0.25,0,0,0,0,0,0,0,0,0,0,0.218,0.312,0,0,0,0.311,0,0,0,0,0,0,0,0,0,0.254,0,0,0,0,0,0.273,0,0,0.29,0,0.245,0,0,0.169,0,0,0,0,0,0,0,0,0,0,0.215,0,0,0,0,0,0,0,0,0,0.245,0,0,0,0,0,0,0,0,0,0,0,0,0,0,0,0,0,0,0,0,0.306,0,0.231,0,0,0,0,0,0,0,0,0.187,0,0.29,0,0,0,0,0,0.16,0,0,0,0,0.252,0,0,0,0,0,0,0,0,0,0,0,0,0,0,0,0.157,0,0,0.324,0,0,0,0,0,0,0,0,0.245,0.189,0,0,0,0,0,0,0,0,0,0,0,0,0,0,0,0,0,0,0,0,0,0,0,0,0,0,0,0,0,0,0,0,0,0,0,0,0,0,0,0,0,0,0,0,0,0,0,0,0,0,0,0.256,0,0,0,0,0,0.222,0,0,0,0,0,0,0.168,0,0,0,0,0,0.199,0,0,0,0,0,0,0,0,0,0,0,0,0,0,0,0,0,0,0,0,0,0,0,0.224,0,0,0,0,0,0,0,0,0,0,0,0.258,0,0,0,0,0,0,0,0,0,0,0,0,0,0,0,0.307,0.258,0,0,0,0,0.167,0,0,0,0,0,0,0,0,0.442,0,0,0,0,0,0,0,0,0,0,0.156,0,0,0.295,0,0,0,0,0,0.202,0,0,0,0,0,0,0,0.85,0,0.15,0,0,0,0,0,0,0,0,0,0,0,0,0,0,0,0.218,0,0,0,0,0,0,0,0,0,0.193,0,0,0,0,0,0,0,0,0,0,0,0.274,0,0,0,0,0,0.724,0,0,0,0.308,0,0,0,0,0,0,0,0,0,0,0,0,0,0,0,0,0,0,0.331,0,0,0,0,0,0,0,0,0,0,0,0,0,0,0,0,0,0,0,0,0,0,0,0,0,0,0,0,0,0,0,0,0,0,0,0,0,0,0,0,0,0,0,0,0,0,0,0,0,0,0,0,0,0,0,0,0,0,0,0,0,0,0,0,0,0,0,0,0,0.347,0,0,0,0,0,0,0,0,0,0,0,0,0,0.611,0,0,0,0,0,0,0,0,0,0,0,0,0,0,0,0.196,0,0,0,0,0.545,0,0,0,0,0,0,0.23,0,0,0,0,0,0,0,0,0,0,0,0,0.394,0,0,0,0,0,0,0,0,0,0,0,0,0,0,0,0,0,0,0,0,0,0,0,0,0,0,0,0,0,0,0.252,0,0,0.204,0,0,0,0,0,0,0,0.272,0,0,0,0,0,0,0,0,0,0,0,0,0,0,0,0.258,0.195,0,0,0,0,0.179,0,0,0,0,0,0,0.171,0,0,0,0,0,0,0,0,0,0,0,0,0,0,0,0.315,0,0,0.202,0.442,0,0,0,0,0.269,0.203,0,0,0,0,0,0.258,0,0,0,0,0,0,0.297,0,0,0,0,0,0,0,0,0,0,0,0,0,0,0.173,0,0,0,0,0,0,0,0,0,0,0,0,0,0,0,0,0,0,0,0,0,0,0,0,0,0,0,0,0,0,0.154,0,0,0,0,0,0,0,0,0.172,0,0,0,0,0,0,0,0,0.15,0,0,0,0.165,0,0,0,0,0,0,0,0.185,0,0,0,0,0,0,0,0,0,0,0,0,0,0.15,0,0,0,0.307,0.173,0,0,0,0,0,0,0,0,0,0,0,0,0,0,0,0,0,0,0,0,0,0,0,0,0,0,0.193,0,0,0,0,0,0,0,0.186,0,0,0,0,0,0,0,0,0,0,0,0,0,0,0,0,0,0,0,0,0,0,0,0,0,0,0,0,0,0,0.951,0,0,0,0,0,0,0,0,0,0,0,0,0,0,0,0,0,0,0,0,0,0,0,0,0,0,0,0,0,0,0,0,0,0,0,0,0,0,0,0.561,0,0,0,0,0,0.246,0,0,0,0,0,0,0,0,0,0,0,0,0,0,0,0,0,0,0,0,0,0,0,0,0,0,0,0,0,0,0,0.208,0,0,0,0,0,0,0,0,0,0,0,0,0,0,0,0,0,0,0,0,0,0,0,0,0,0,0,0,0,0,0,0.208,0,0,0,0,0,0,0,0,0,0,0.191,0,0,0,0,0,0,0,0,0,0,0,0,0.218,0,0,0,0,0,0,0,0,0,0,0,0,0,0,0,0,0,0,0,0,0,0,0,0,0,0,0,0,0,0,0,0,0.196,0,0,0,0,0,0,0,0.171,0.177,0.22,0,0,0.583,0.485,0,0,0,0.501,0.196,0,0,0.726,0,0,0,0,0,0,0.784,0,0,0,0,0,0,0,0,0,0,0,0,0,0,0,0,0,0,0,0,0,0,0,0,0,0,0,0,0,0,0,0,0,0,0,0,0,0,0,0,0,0,0,0,0,0,0,0,0,0,0,0,0,0,0,0,0,0,0,0.309,0,0,0,0.825,0,0,0,0,0,0,0,0,0,0,0,0,0,0,0,0,0,0,0,0,0,0,0,0,0,0,0,0,0,0,0,0,0,0,0,0,0,0,0,0.167,0,0,0,0,0,0,0,0,0,0,0,0,0,0,0,0,0.226,0,0,0,0,0,0,0,0,0,0,0,0,0,0,0.227,0,0,0,0,0,0,0,0,0,0,0,0,0,0,0,0.315,0,0,0,0,0.259,0.244,0,0,0,0,0,0,0,0,0,0,0,0,0,0,0,0,0,0,0,0,0,0,0,0,0.264,0,0,0,0,0.176,0,0,0,0,0,0.199,0,0,0,0,0,0,0,0,0,0,0,0,0,0,0,0,0,0,0,0,0,0,0,0,0,0,0,0,0,0,0,0,0,0,0,0,0,0,0.199,0,0,0.302,0,0,0,0,0,0,0,0,0,0,0,0,0,0,0,0,0.325,0,0,0,0,0,0,0,0,0,0,0,0,0,0,0,0,0,0,0,0,0,0,0,0,0,0,0,0,0,0,0,0,0,0,0,0,0,0,0,0.258,0,0.205,0,0,0,0,0,0,0,0,0,0,0,0,0,0,0,0,0,0,0,0,0,0,0,0,0,0,0,0,0,0,0,0,0,0,0,0,0,0,0,0,0,0,0,0,0,0,0,0,0,0,0,0,0,0,0,0,0,0,0,0,0.297,0,0,0,0,0,0,0,0,0,0,0,0,0,0,0,0,0,0,0,0,0,0,0,0,0,0,0,0,0,0,0.583,0,0,0,0,0,0,0,0,0,0,0,0,0,0,0,0,0,0,0,0,0,0.152,0,0,0,0,0,0,0,0,0,0,0,0,0,0,0,0,0,0,0,0,0,0,0,0,0,0,0,0,0,0,0,0,0,0,0,0,0,0,0,0,0,0,0,0,0,0,0,0,0,0,0,0,0,0,0,0,0,0,0,0,0,0,0,0,0,0,0,0,0,0,0,0,0,0,0,0,0,0,0,0,0,0,0,0,0,0,0,0,0,0,0,0,0,0,0,0,0,0,0,0,0,0,0,0,0,0,0,0,0,0,0.235,0,0,0,0,0,0,0,0,0,0,0,0,0,0,0,0,0,0,0,0,0,0,0,0,0,0,0,0,0,0,0,0,0,0,0,0,0,0,0,0,0,0,0,0,0,0,0,0.215,0,0,0,0,0,0,0,0,0,0,0,0,0,0,0,0,0,0,0,0.195,0.238,0,0,0,0,0,0,0,0,0,0,0,0,0,0,0,0,0,0,0,0,0,0,0,0,0,0,0,0,0,0,0,0,0.334,0,0,0,0,0,0.238,0,0,0,0.271,0,0,0,0,0,0,0,0,0,0,0,0,0,0.186,0,0.186,0,0.238,0,0,0.212,0,0,0.276,0,0,0,0.355,0,0,0,0,0,0,0,0,0,0,0,0,0,0,0.264,0,0,0,0,0,0,0,0,0,0,0,0,0,0,0,0,0,0.19,0,0,0,0,0,0,0,0,0,0,0,0,0,0,0,0.166,0,0,0,0,0,0,0,0,0,0,0,0,0,0,0,0,0,0,0,0,0,0,0,0,0,0,0,0,0,0,0,0,0,0,0,0,0,0,0,0,0,0.206,0,0,0,0,0,0,0,0,0,0,0,0,0,0,0,0,0,0,0,0,0,0,0,0,0,0,0,0,0,0,0,0,0,0,0,0,0,0,0,0,0.309,0,0,0,0,0,0,0,0,0,0,0,0,0,0,0,0,0,0,0,0,0,0,0,0,0,0,0,0,0,0,0.315,0,0,0,0,0,0,0,0,0,0,0,0,0,0,0,0,0.338,0,0,0,0,0,0,0,0,0,0,0.307,0,0,0,0,0,0,0,0,0,0,0.349,0,0,0,0,0,0.168,0,0.265,0,0,0,0,0,0,0.536,0,0,0,0,0,0,0,0,0,0,0,0,0.193,0,0,0,0,0,0.273,0,0,0.273,0.446,0,0,0.169,0,0,0.177,0,0,0,0,0.193,0.309,0,0,0,0,0,0,0,0,0,0,0,0,0,0,0,0,0,0,0,0,0,0,0,0,0,0,0,0,0,0,0,0,0.332,0,0,0,0,0,0,0,0,0,0,0,0,0,0,0,0,0,0,0,0,0,0,0,0,0,0,0,0,0,0,0,0,0,0,0,0,0,0,0,0,0,0,0,0,0,0,0.305,0,0,0,0,0,0,0,0.155,0,0,0,0,0,0,0,0,0,0,0,0,0,0,0,0,0,0,0,0,0.238,0,0,0,0,0,0,0,0,0,0,0,0,0,0,0,0,0,0,0,0,0,0,0,0,0.991,0,0,0,0,0,0,0.3,0,0,0,0,0,0,0,0.199,0,0,0.492,0,0,0,0,0,0,0,0,0,0,0,0,0,0,0,0,0,0,0,0,0,0,0,0,0,0,0,0,0,0,0
856044,0,0,0,0,0,0,0,0,0,0,0,0,0,0,0,0.151,0,0,0,0,0,0,0,0,0,0,0.25,0,0,0,0,0,0,0,0,0,0,0,0,0,0,0,0,0,0,0,0,0,0,0,0,0,0,0,0,0.193,0,0,0,0,0,0,0,0,0,0,0,0,0,0,0.323,0,0,0,0,0,0,0,0,0,0,0,0,0,0.161,0,0,0,0.176,0,0,0,0.876,0,0,0,0,0,0.19,0,0,0,0.36,0,0,0,0,0,0,0,0,0,0,0,0,0,0,0,0.362,0,0,0,0,0,0,0,0,0,0,0,0,0,0,0,0,0,0.464,0,0.223,0,0,0,0,0.244,0,0.39,0,0,0,0,0,0,0,0,0,0,0,0,0,0,0,0,0,0,0,0,0,0,0,0,0,0,0,0,0,0,0,0,0,0,0,0,0.632,0,0.269,0,0.461,0,0,0,0,0,0,0,0,0.307,0,0,0,0,0,0,0,0,0,0,0,0,0,0,0,0,0.153,0,0,0,0,0,0,0,0,0,0,0,0,0,0,0,0,0,0.188,0,0,0.516,0.154,0,0.723,0,0.249,0.155,0.632,0,0,0,0,0,0.284,0,0,0,0.196,0,0.185,0.294,0.346,0.175,0,0,0,0,0,0,0,0,0,0,0,0.179,0,0,0,0,0.192,0,0,0.365,0,0,0,0,0,0,0,0,0,0.493,0,0,0,0,0.167,0,0,0,0,0.551,0,0.26,0,0,0,0,0,0,0,0,0.619,0,0,0,0,0,0.968,0,0.157,0,0,0.411,0,0,0,0,0,0,0,0,0,0,0.163,0,0,0,0,0,0.239,0,0,0,0,0,0,0,0,0,0,0,0,0.201,0.367,0,0,0,0,0,0,0,0,0,0,0.219,0,0.274,0.187,0,0,0,0,0.277,0,0,0.421,0.493,0,0,0,0.917,0,0,0.165,0.552,0,0,0,0,0,0.317,0,0,0,0.185,0,0.18,0,0,0.249,0.268,0,0.331,0,0,0,0,0,0,0.675,0,0,0,0,0,0,0,0,0,0,0,0,0,0,0,0,0,0,0.17,0,0,0,0,0.554,0,0,0.884,0,0,0,0,0,0,0.657,0.349,0,0.232,0,0,0.348,0,0,0,0,0,0,0.161,0.397,0,0,0,0.176,0.547,0,0,0.332,0,0.387,0,0,0,0,0.165,0,0,0.161,0,0,0,0,0,0.15,0,0.758,0,0,0,0,0,0,0.264,0,0,0,0.306,0,0,0,0,0,0,0,0,0,0.967,0,0,0.644,0,0,0,0,0,0,0,0,0,0.224,0,0,0.384,0,0,0,0,0.168,0,0,0.907,0,0,0,0,0,0,0.167,0,0,0.971,0,0,0,0.177,0,0,0.721,0,0,0,0,0,0,0,0.466,0.506,0,0.183,0,0,0,0,0,0,0,0,0,0.167,0,0,0,0,0.354,0.153,0,0,0,0,0,0,0.321,0,0,0,0,0,0.196,0.208,0,0,0,0.169,0,0,0,0,0,0,0,0,0,0,0,0,0.169,0.643,0.483,0,0,0,0,0,0,0,0,0,0,0,0,0,0,0,0,0,0,0,0,0,0,0.167,0,0,0,0,0.395,0,0,0,0,0,0,0,0.292,0,0.433,0,0,0,0,0,0.414,0,0,0.917,0.99,0,0,0,0,0,0.605,0,0,0,0.335,0,0.175,0,0.502,0,0.853,0,0.163,0,0,0,0,0,0,0.153,0,0,0,0,0,0,0,0,0,0,0,0,0,0,0,0,0.623,0.538,0,0,0,0,0,0,0,0.263,0,0.292,0,0,0,0,0,0,0.919,0,0,0,0,0,0,0,0,0,0,0,0,0,0,0,0,0,0,0,0,0,0,0,0,0,0,0,0,0,0,0,0,0,0,0,0,0,0,0,0,0,0,0.202,0,0,0,0,0,0,0.369,0,0,0.15,0,0,0.172,0,0.192,0,0,0,0,0,0,0,0,0.193,0.184,0,0,0,0.208,0,0,0.19,0,0,0,0,0,0,0.199,0.177,0,0,0,0,0.338,0,0.161,0,0,0,0,0.449,0,0,0,0.632,0,0,0,0,0,0,0,0.37,0,0,0.42,0,0,0,0,0,0,0,0,0,0,0,0,0,0,0,0.244,0,0,0,0,0,0,0,0,0,0,0,0,0,0,0.179,0.741,0,0,0.162,0,0,0,0,0,0,0,0,0.301,0,0,0.182,0,0,0,0,0.534,0.626,0,0,0.167,0,0,0,0,0,0,0.828,0,0,0,0,0,0,0,0,0,0,0.257,0,0,0,0,0,0,0.224,0,0,0,0,0,0,0,0,0,0,0,0,0,0,0.189,0,0,0.174,0,0.182,0,0,0,0,0,0,0.195,0,0,0,0,0,0,0.559,0,0,0.818,0,0,0,0,0,0,0.672,0,0.245,0.198,0,0,0,0,0,0,0,0,0,0,0.708,0,0,0,0.251,0,0,0,0,0.21,0,0,0.184,0,0,0.976,0.16,0,0,0,0,0,0,0,0,0,0,0,0,0,0,0,0,0,0,0,0,0,0,0,0,0.176,0,0,0,0,0.226,0,0,0,0,0,0,0,0,0,0,0,0,0,0.256,0,0,0,0,0,0,0,0,0,0,0,0,0,0,0,0.177,0,0,0,0,0,0,0,0.419,0,0,0,0,0,0,0,0,0,0,0,0,0,0,0,0,0,0,0.498,0,0,0.344,0,0,0,0,0,0,0,0,0,0.186,0,0,0,0,0,0,0,0,0,0,0,0,0,0,0,0,0,0,0,0,0,0,0,0,0,0.203,0,0,0,0,0,0.21,0,0,0,0,0,0,0,0,0,0,0,0,0,0,0.156,0,0.562,0,0,0,0,0,0,0,0,0,0,0,0,0,0,0,0,0,0,0,0,0,0,0,0.191,0,0,0,0,0,0,0,0.165,0,0,0,0,0.209,0,0,0,0,0.171,0,0,0.196,0,0,0,0,0,0,0,0,0,0,0,0,0,0,0,0,0.612,0,0,0,0,0.419,0,0,0,0,0,0,0,0,0,0,0,0,0,0,0,0,0,0,0,0.198,0,0,0,0,0.303,0,0,0,0,0,0,0.183,0,0,0,0,0,0,0,0,0,0,0,0,0,0.576,0,0,0,0,0,0,0,0,0,0,0,0,0,0,0,0,0,0,0,0,0,0,0,0,0,0,0,0,0.151,0,0,0,0,0,0.254,0,0.156,0,0,0,0.962,0,0,0,0,0,0,0,0,0.208,0,0,0,0,0,0,0,0,0,0,0,0,0,0,0,0,0,0,0,0,0,0,0,0,0,0,0,0.261,0,0.892,0,0,0,0,0,0,0,0,0,0,0,0,0,0,0,0,0,0,0,0,0.309,0,0,0,0,0,0,0,0,0,0,0,0,0.847,0,0,0,0,0,0,0,0,0,0,0,0,0,0,0,0,0,0,0,0,0,0,0,0,0,0,0,0,0,0,0,0,0.32,0,0,0,0.625,0,0,0,0,0,0,0,0,0,0,0,0,0,0,0,0,0.637,0,0,0,0,0.26,0,0,0,0,0,0,0,0,0,0.93,0,0,0,0,0,0,0,0,0,0,0,0,0,0,0,0,0,0,0,0,0,0,0,0,0,0,0,0,0,0,0,0.56,0,0,0,0,0,0,0,0,0,0,0,0,0.403,0.262,0,0.59,0,0,0.532,0,0.23,0,0,0,0,0,0,0,0,0,0,0.387,0,0,0,0,0,0,0,0,0,0,0,0,0,0,0,0,0,0,0,0,0,0,0.196,0,0,0,0,0,0,0,0,0,0,0,0,0,0,0,0,0,0,0,0,0,0,0,0,0,0,0,0,0,0,0.352,0,0,0,0,0,0,0,0,0,0,0,0,0,0,0,0.369,0,0,0,0,0,0.273,0,0.158,0,0,0,0,0,0,0,0,0,0.311,0,0,0.199,0,0,0,0,0,0,0,0,0,0,0,0,0.151,0,0,0,0,0,0,0,0,0,0,0,0,0,0,0,0,0,0,0,0,0,0,0,0,0,0,0,0,0,0,0,0,0,0,0,0,0,0,0.294,0,0,0,0,0,0,0,0,0,0,0,0,0,0,0,0,0,0,0,0,0,0,0,0,0,0,0,0,0,0,0,0,0,0,0,0,0,0,0,0,0,0,0,0,0,0,0,0,0,0,0,0,0,0,0,0,0,0,0,0,0,0,0,0,0,0,0.183,0,0,0,0,0,0,0,0,0,0,0,0,0,0,0,0,0,0,0,0,0,0,0,0,0,0,0,0,0,0.299,0,0,0,0,0,0,0,0,0,0,0,0,0,0,0,0,0,0,0,0,0,0,0,0,0,0,0,0,0,0,0,0,0,0,0,0,0,0,0,0,0,0,0,0,0,0,0,0,0,0,0,0,0,0,0,0,0,0,0,0,0,0,0,0,0,0,0,0,0,0,0,0,0,0,0,0,0,0,0,0,0,0,0,0,0,0,0,0,0,0,0,0,0,0,0,0,0,0,0,0,0,0,0,0,0,0,0,0,0,0,0,0,0,0,0,0,0,0,0,0,0.192,0,0,0,0,0,0,0,0,0,0,0,0,0,0,0,0,0,0.231,0,0,0,0.168,0,0,0.325,0,0,0,0.908,0.16,0,0.181,0,0.177,0,0,0,0.176,0,0,0.556,0,0,0,0.919,0,0,0,0.806,0,0,0,0.739,0.209,0,0.508,0,0,0,0.198,0,0,0,0,0,0.288,0.588,0,0,0,0,0.794,0.25,0,0,0,0.153,0,0.259,0,0,0,0,0.293,0,0.46,0,0.188,0,0,0,0,0.199,0,0,0,0.252,0,0,0,0,0.519,0,0,0.279,0,0.407,0,0,0,0,0,0,0.205,0,0,0,0.19,0,0.886,0,0.252,0,0.213,0.168,0.427,0.225,0,0,0,0.196,0,0,0.191,0,0.218,0.531,0,0,0,0,0.529,0,0,0,0,0,0,0.158,0,0,0,0,0,0,0,0,0,0,0,0,0.157,0,0,0,0.155,0.392,0,0.514,0,0,0,0,0.647,0,0,0.197,0,0,0,0.28,0,0,0,0,0,0,0,0,0,0.201,0.168,0.161,0,0.223,0,0.424,0,0.223,0,0,0,0,0,0,0,0,0,0,0,0.196,0,0,0,0,0.385,0,0.175,0,0,0.647,0.289,0.171,0,0,0.395,0.827,0.218,0.265,0,0,0,0,0,0,0.172,0,0,0,0,0,0,0,0,0,0,0,0,0,0,0,0,0,0,0,0,0,0,0,0,0,0,0,0,0,0,0,0,0,0,0,0,0,0,0,0,0,0,0,0,0,0,0,0,0.206,0,0,0,0,0,0,0,0,0,0,0,0,0,0,0,0,0,0,0,0,0,0,0,0,0,0,0,0.156,0,0,0,0,0,0,0,0,0,0,0,0,0,0,0,0,0,0,0,0,0,0,0,0,0,0,0,0,0,0,0,0,0,0,0,0,0,0,0,0,0,0,0.211,0,0,0,0,0,0,0,0,0,0,0,0,0,0,0,0,0,0,0,0,0,0.15,0,0,0,0,0,0,0,0,0,0.171,0,0,0,0,0,0,0,0,0,0,0,0,0,0.159,0.198,0.171,0,0,0,0,0,0,0,0,0,0,0,0.443,0,0,0,0,0,0,0.192,0,0,0.256,0,0.194,0.809,0,0,0.817,0,0,0,0,0,0,0.194,0,0,0,0,0,0,0,0,0,0,0,0,0,0,0,0,0,0,0,0,0,0,0,0,0,0,0,0,0,0,0,0,0.175,0.179,0,0,0,0,0,0,0,0,0.839,0.168,0.456,0,0,0,0,0,0,0,0,0,0,0,0,0,0,0.158,0,0,0,0.435,0,0,0,0,0,0,0,0,0,0.165,0,0,0,0,0,0,0,0,0,0,0,0,0,0,0,0,0,0,0,0,0,0,0,0,0,0.22,0,0,0,0,0,0,0,0,0,0.364,0,0,0,0,0,0,0,0,0,0,0,0,0,0,0,0,0,0,0,0,0,0,0,0,0,0,0,0,0,0,0,0,0,0,0,0,0,0,0,0,0,0,0,0,0,0,0,0,0,0,0,0,0,0,0,0,0,0,0,0,0,0,0,0,0,0,0,0,0,0,0,0,0,0,0,0,0,0,0,0,0,0,0,0,0,0,0,0,0,0,0,0,0,0,0,0,0,0,0,0,0,0,0,0,0,0,0,0,0,0.942,0,0,0,0,0,0,0,0,0,0,0,0,0,0.19,0.247,0,0,0,0,0,0,0,0,0,0,0,0,0,0,0,0,0,0,0,0,0,0,0,0,0,0,0,0,0,0,0,0,0,0,0,0,0,0,0,0,0,0,0,0,0,0,0,0,0,0,0,0,0.167,0,0,0,0,0,0,0,0,0,0,0,0,0,0,0,0,0,0,0,0,0,0,0,0,0,0.299,0,0,0,0,0,0,0,0,0,0,0,0,0,0,0,0,0,0,0,0,0,0,0,0,0,0,0,0,0,0,0,0,0,0,0,0,0,0,0,0,0,0,0,0,0,0,0,0,0,0,0,0,0,0,0,0,0,0,0,0.187,0,0,0,0,0,0,0,0,0,0,0,0,0,0,0,0,0,0,0,0,0,0,0,0,0,0,0,0,0,0,0,0,0,0,0,0,0,0,0,0,0,0,0,0,0,0,0,0,0,0,0,0,0,0.227,0,0,0,0,0,0,0,0,0,0,0.169,0,0,0,0,0,0,0,0,0,0,0,0,0,0,0,0,0,0,0,0,0,0,0,0.572,0,0.152,0,0,0,0,0,0,0,0,0,0,0,0,0,0,0,0,0,0,0,0,0,0,0,0,0,0,0,0,0,0,0,0,0,0,0,0,0,0,0,0,0,0,0,0,0,0,0,0,0,0,0,0,0,0,0,0,0,0,0,0,0,0,0,0,0,0,0,0,0,0,0,0,0,0,0,0,0,0,0,0,0,0,0,0,0,0,0,0,0,0,0,0,0,0,0,0,0,0,0,0,0,0,0,0,0,0,0,0,0,0,0,0,0,0,0,0,0,0,0,0,0,0,0,0,0,0,0,0,0,0,0,0,0,0,0,0,0,0,0,0,0,0,0,0,0,0,0,0,0,0,0,0,0,0,0.442,0,0,0,0,0,0,0,0,0,0,0,0,0.224,0,0,0,0,0,0.624,0,0,0,0,0,0,0,0,0,0,0,0,0,0,0,0,0,0,0,0,0,0,0,0,0,0,0,0,0,0,0,0,0,0,0,0,0,0,0,0,0.293,0,0,0,0,0,0,0,0,0,0,0,0,0,0,0,0,0,0,0.399,0,0,0,0,0,0,0,0,0,0,0,0,0,0,0,0,0,0.426,0,0,0,0.242,0,0,0,0,0,0,0,0,0,0,0,0,0,0,0,0,0,0,0,0,0,0,0,0,0,0.204,0,0,0,0,0,0,0,0.607,0,0,0,0,0,0,0.327,0,0.503,0,0,0.706,0.229,0,0,0,0,0.301,0.225,0.349,0,0.19,0,0,0.341,0,0,0,0.403,0.372,0,0.318,0,0,0,0,0,0,0,0.317,0.287,0,0,0,0.474,0.919,0.17,0,0.173,0,0,0,0,0,0.638,0,0,0,0.191,0,0,0.161,0,0,0.286,0,0.176,0.259,0,0.595,0.466,0,0.63,0,0.478,0,0.663,0.367,0.326,0,0,0,0,0,0,0,0.954,0,0,0.162,0,0,0,0,0,0,0.156,0.15,0.272,0,0.455,0,0.258,0,0,0.686,0.305,0.29,0,0,0,0.228,0,0,0,0,0,0,0,0,0,0,0,0,0,0,0,0,0,0,0,0,0,0,0,0,0,0,0,0,0,0,0,0.29,0,0,0,0,0,0,0,0,0,0,0,0,0,0,0,0,0,0,0,0,0,0,0,0,0,0,0,0,0,0,0,0,0,0,0,0,0,0,0,0,0,0,0.829,0.251,0,0.717,0.185,0,0,0,0,0,0,0,0,0,0,0.402,0,0,0,0,0.344,0,0,0,0,0.359,0,0.51,0,0,0,0,0,0,0,0,0,0,0,0,0,0,0,0,0,0,0,0,0,0,0,0,0,0,0,0,0,0,0,0,0,0,0,0,0,0,0.168,0,0,0,0,0,0,0,0,0,0,0,0,0,0.258,0,0,0,0,0,0.432,0,0,0,0,0,0.34,0,0,0.177,0,0,0,0,0,0,0,0,0,0,0,0,0.325,0,0.169,0,0.66,0,0,0,0.195,0,0.156,0,0.195,0,0,0,0,0,0,0,0.385,0,0,0,0,0,0.357,0,0,0,0,0,0.379,0,0,0,0,0.55,0,0,0,0,0,0.177,0,0,0,0,0,0,0,0,0,0,0,0,0,0,0,0,0,0,0.218,0,0,0,0,0,0.159,0.628,0,0,0.176,0,0,0,0,0,0,0.167,0,0,0,0,0,0,0.963,0,0,0,0,0,0,0,0,0,0,0,0,0,0,0,0,0,0.882,0,0.918,0,0,0.297,0.351,0,0,0.497,0,0,0,0,0,0,0.2,0,0,0,0.665,0.28,0,0.528,0,0,0.331,0,0,0.681,0,0,0,0.962,0,0,0,0,0.449,0,0,0.913,0,0,0.841,0,0,0,0,0,0,0,0,0,0,0,0,0,0,0,0,0,0.271,0,0,0,0,0,0,0,0,0,0,0,0.339,0,0,0.498,0,0,0.151,0,0,0,0,0,0,0,0,0,0,0,0,0.159,0,0,0,0,0,0,0,0.17,0,0,0.191,0.292,0,0,0,0,0,0,0,0,0,0,0.914,0,0,0.167,0,0,0.945,0,0,0.193,0,0,0.174,0,0,0,0,0,0,0,0.169,0,0,0,0,0.242,0,0,0,0.276,0.305,0,0,0,0,0,0,0,0,0,0,0,0,0,0,0,0,0,0,0.29,0,0,0,0,0,0,0,0,0,0,0,0,0,0,0,0,0,0,0,0,0,0,0,0,0,0,0,0,0,0,0,0,0,0,0,0,0,0,0,0,0,0,0,0,0,0,0.939,0,0.908,0,0,0,0,0,0,0,0,0,0,0,0,0,0,0,0,0,0,0,0,0,0,0.161,0,0.171,0,0,0,0,0,0,0,0.307,0,0.307,0,0,0.93,0,0.259,0,0,0,0,0.174,0,0,0,0,0,0,0,0,0,0,0,0,0,0,0,0,0,0,0,0,0,0,0,0,0,0,0,0,0.311,0,0,0,0,0,0,0,0,0,0,0,0,0,0,0,0,0,0.16,0,0,0,0,0,0,0,0,0,0,0,0,0,0,0,0,0,0,0,0,0,0,0,0,0,0,0,0,0,0,0,0,0.196,0,0,0,0,0,0,0,0,0,0,0,0,0,0,0,0,0,0,0,0,0,0,0,0,0,0,0,0,0,0,0,0,0,0,0,0,0,0,0,0,0,0,0,0,0,0,0,0,0,0,0,0,0,0,0,0,0,0,0,0,0,0,0,0,0,0,0,0,0,0,0,0,0,0,0,0,0,0,0,0,0,0,0,0,0,0,0,0,0,0,0,0,0,0,0,0,0,0,0,0,0,0,0,0,0,0,0,0,0,0,0,0,0,0,0,0,0.3,0,0,0,0,0,0,0.192,0,0,0,0,0,0,0,0.243,0,0,0,0,0,0.174,0,0,0,0,0,0,0,0,0,0,0,0,0,0,0,0,0,0,0,0,0,0,0,0,0,0,0,0,0,0,0,0,0,0,0,0,0,0,0,0,0,0,0,0,0,0,0,0,0,0,0.154,0,0,0,0,0,0,0,0,0,0,0,0,0,0,0,0,0,0,0,0,0,0,0,0,0,0,0,0,0,0,0,0,0,0,0,0,0,0,0,0,0,0,0,0,0,0,0,0,0,0,0,0,0,0,0,0,0,0,0,0,0,0,0,0,0,0,0,0,0,0,0,0,0,0,0,0,0,0,0,0,0,0,0,0,0,0,0,0,0,0,0,0,0,0,0,0,0,0,0,0,0,0,0,0,0,0,0,0,0,0,0,0,0,0,0,0,0,0,0,0,0,0,0,0,0,0,0,0,0,0,0,0,0,0,0,0,0,0,0,0,0,0,0,0,0,0,0,0,0,0,0,0,0,0,0.151,0.322,0,0,0.263,0,0,0,0,0,0,0,0,0,0,0,0,0,0,0,0,0,0,0.209,0,0,0.178,0,0,0,0,0,0,0,0,0,0,0,0,0,0,0,0,0,0,0,0,0,0,0,0,0,0,0,0,0.258,0,0,0,0,0,0,0.166,0,0,0,0,0,0,0,0,0,0,0,0,0,0,0,0,0,0,0,0,0.169,0,0,0,0,0,0,0,0,0,0,0,0,0,0,0,0,0,0,0,0,0,0,0,0,0,0,0,0,0,0,0,0,0,0,0,0,0,0,0,0,0,0,0,0,0,0,0,0,0,0.371,0,0,0,0,0,0,0,0,0,0.326,0.228,0,0,0,0,0,0,0,0.288,0,0,0
851272,0,0,0,0,0,0.299,0.507,0,0,0,0,0,0,0,0,0,0,0,0,0,0,0,0,0,0,0,0.225,0,0,0,0,0,0,0,0,0,0,0.151,0,0,0,0,0,0,0,0,0,0,0,0.161,0,0,0,0,0.176,0,0,0,0,0,0,0,0.333,0,0,0,0,0,0,0.55,0.304,0,0,0,0,0,0.152,0,0,0,0,0,0.45,0,0,0,0,0,0,0,0,0,0.256,0,0,0,0,0,0,0,0,0,0,0,0,0,0,0,0,0,0,0,0,0,0,0,0,0,0,0,0,0,0,0,0,0,0,0.194,0,0,0,0,0,0,0,0,0,0,0.231,0,0.174,0,0,0,0,0,0,0,0,0,0,0,0,0,0,0,0,0,0,0,0,0,0,0,0,0,0,0,0,0.277,0,0,0,0,0,0,0,0,0,0,0,0,0.737,0,0.215,0.284,0.23,0,0,0.236,0,0.172,0,0.174,0,0,0.989,0,0,0,0,0,0.588,0,0,0.975,0.179,0.163,0,0.355,0,0,0.839,0.2,0,0.165,0.231,0,0,0.154,0.221,0.231,0,0,0.161,0,0,0,0.173,0,0.974,0,0,0,0.94,0,0.363,0.291,0.187,0,0,0.273,0,0,0,0,0,0.208,0.186,0,0.685,0.185,0,0,0,0,0,0,0.4,0,0.33,0.311,0.679,0,0,0.178,0,0.712,0.837,0.289,0,0.236,0.171,0.226,0,0.173,0,0.443,0.174,0.215,0.18,0,0,0.185,0,0.339,0.563,0,0.23,0.194,0,0,0.321,0,0,0.173,0,0,0,0.158,0,0,0,0,0,0,0.297,0.176,0,0,0,0.559,0,0,0.173,0.356,0.184,0.151,0,0,0,0,0.558,0,0.247,0,0.431,0.401,0.404,0.293,0,0,0.154,0,0.224,0,0.171,0.446,0.175,0,0,0,0.355,0.499,0.153,0.279,0,0.157,0.299,0,0.185,0,0,0,0,0.3,0.324,0.164,0,0.243,0,0.2,0,0,0.21,0,0.16,0.547,0,0,0.975,0,0,0.154,0.877,0.391,0,0,0.197,0.151,0,0.21,0.27,0,0,0.227,0.202,0,0,0.34,0,0,0,0.2,0.998,0.245,0,0.71,0.175,0,0.227,0.21,0.346,0.216,0.453,0.61,0,0,0,0.253,0,0.153,0.173,0,0.505,0.353,0.418,0,0,0,0.187,0.189,0.27,0.834,0,0,0,0.195,0.174,0,0,0,0,0.24,0.331,0,0,0,0,0,0.191,0.639,0,0.528,0,0.3,0,0,0.289,0,0.199,0.187,0,0,0,0,0.176,0.238,0,0,0.177,0.935,0,0.262,0,0.156,0.195,0.166,0,0.225,0.194,0.184,0,0.192,0,0.312,0.381,0.173,0,0.643,0,0.698,0.448,0,0.585,0,0.163,0.208,0.276,0,0.15,0.312,0,0,0.265,0.736,0,0,0,0.214,0.364,0,0.208,0.154,0,0.239,0.342,0,0,0.154,0.254,0.212,0.999,0,0.994,0.335,0.283,0.674,0,0,0,0.629,0,0.238,0.152,0.364,0.172,0,0,0,0.201,0,0.158,0,0.173,0.229,0,0.288,0.195,0.166,0.373,0.273,0.36,0.721,0.282,0,0,0,0,0.357,0.15,0.979,0.158,0,0.278,0.193,0,0,0,0,0.173,0,0.504,0,0.151,0,0.464,0.924,0,0,0.216,0,0.193,0,0.175,0.157,0.569,0,0.16,0,0.277,0.198,0.201,0.704,0.567,0,0,0.171,0,0.167,0.212,0,0,0.454,0.154,0.312,0,0.46,0,0.219,0,0.616,0.181,0.2,0,0,0.182,0.182,0.235,0.155,0.236,0,0.231,0.161,0,0.225,0.195,0.222,0.191,0.553,0.228,0,0.199,0,0.51,0,0.63,0.161,0,0.3,0.25,0,0.261,0,0,0,0.819,0,0.4,0.225,0.335,0.154,0,0.153,0.593,0,0.15,0,0,0,0,0.252,0,0.184,0.231,0,0.165,0,0.311,0,0.284,0,0.242,0.173,0.42,0.153,0.163,0,0.213,0,0,0,0,0.397,0,0.343,0,0,0.27,0.242,0.273,0,0.289,0.316,0.167,0.276,0,0.211,0,0.239,0.553,0.151,0,0.388,0.154,0,0,0,0.257,0.163,0.302,0,0,0,0.45,0.226,0.619,0,0,0,0,0,0,0.402,0,0,0.201,0,0.294,0.16,0.223,0.167,0.156,0.807,0,0.387,0,0.154,0.155,0.176,0.948,0.164,0.195,0,0.36,0,0,0,0.197,0,0,0.587,0,0.544,0.825,0,0.323,0.217,0,0.191,0.183,0.159,0.467,0,0.164,0.151,0,0.466,0.201,0,0,0.368,0.277,0.226,0.152,0.188,0.35,0.538,0.782,0,0.213,0.209,0.335,0.259,0.574,0,0.517,0.158,0,0.299,0.265,0,0,0,0,0.264,0,0.909,0,0,0.908,0,0,0,0,0,0.196,0.179,0,0,0.195,0.656,0.436,0.331,0,0.176,0.175,0.192,0.183,0.191,0,0.217,0.842,0.394,0.214,0,0.429,0,0.267,0.443,0,0,0.216,0,0,0.302,0.292,0.552,0.26,0,0,0,0,0.169,0.217,0.174,0,0.25,0,0.466,0.202,0.215,0.178,0.167,0,0.159,0.261,0,0,0,0.22,0,0,0,0,0.239,0,0.999,0.85,0.171,0,0,0.206,0,0.619,0.209,0.574,0,0.203,0.225,0.151,0.624,0.442,0,0.434,0.204,0.191,0,0.205,0.446,0.166,0,0.159,0,0,0,0.285,0,0,0.169,0,0,0.623,0,0.163,0,0.189,0,0.398,0.215,0.316,0,0.244,0,0,0,0,0.575,0.265,0.193,0.45,0.262,0,0,0.556,0,0,0.179,0,0.827,0.163,0.407,0,0.201,0,0.363,0,0,0.151,0,0,0.184,0.166,0.239,0.209,0,0.16,0.528,0,0.239,0.54,0.15,0,0.275,0.235,0,0,0,0.756,0,0.959,0,0,0.328,0,0,0.173,0,0.339,0,0,0.277,0,0.173,0.164,0.272,0.171,0.243,0.182,0.176,0,0,0,0,0,0,0,0,0,0,0,0,0,0,0,0,0,0,0,0,0,0,0,0,0,0,0,0,0,0,0,0,0,0,0,0,0,0,0,0,0,0,0,0,0.166,0,0,0,0,0,0,0,0,0,0,0,0,0,0,0,0,0,0,0,0,0,0,0,0,0.164,0,0,0,0,0,0,0,0,0,0,0,0,0,0,0,0,0,0,0,0,0,0,0,0,0,0,0,0,0,0,0,0,0,0,0,0,0,0,0,0,0,0,0,0,0,0,0,0,0,0,0,0,0,0.181,0,0,0,0,0,0,0,0,0,0,0,0,0,0,0,0,0,0,0,0,0,0,0,0,0,0,0,0,0,0,0,0,0,0,0,0,0,0,0,0,0,0,0,0,0,0,0,0,0,0,0,0,0,0,0,0,0,0,0,0,0,0,0,0,0.206,0,0,0,0,0,0,0,0,0,0,0,0,0,0,0,0,0,0,0,0,0,0,0,0,0,0,0,0,0,0,0,0,0,0,0,0,0,0,0,0,0,0,0,0,0,0,0,0,0,0,0,0,0,0,0,0,0,0,0,0,0,0,0,0,0,0,0,0,0,0,0,0,0,0,0,0,0,0,0,0.169,0,0,0,0,0,0,0,0,0,0,0,0,0,0,0,0,0,0,0,0,0,0,0,0,0,0,0,0,0,0,0,0,0,0,0,0.363,0,0,0,0,0,0,0,0,0,0,0,0,0,0.48,0,0,0,0,0,0,0,0,0,0,0,0,0,0,0,0,0,0,0,0,0,0,0,0,0,0,0,0,0,0,0,0,0,0,0,0,0,0,0,0,0,0,0,0,0,0,0,0,0,0,0,0,0,0,0,0,0,0,0,0,0,0,0,0,0,0,0,0,0,0.196,0,0,0,0,0,0,0,0.575,0,0,0,0,0,0,0,0,0,0,0,0,0,0,0,0,0,0,0,0,0,0,0,0,0,0,0,0,0,0,0,0,0,0,0,0,0,0,0,0,0,0,0,0,0,0,0,0,0,0,0,0,0,0,0,0,0,0,0,0,0,0,0,0.191,0,0,0,0,0,0,0,0,0,0,0,0,0,0,0,0,0,0,0,0,0,0,0,0,0,0,0,0,0,0,0,0,0,0,0,0,0,0.996,0,0,0,0,0,0,0,0,0,0,0,0,0,0,0,0,0,0,0,0,0,0,0,0,0,0,0,0,0,0,0,0,0,0,0,0,0,0,0,0,0,0,0,0,0,0,0,0.24,0,0,0,0,0,0,0,0,0,0,0,0,0,0,0,0,0,0.162,0,0,0,0,0,0,0,0,0,0,0,0,0,0,0,0,0,0,0,0,0,0,0,0,0,0,0,0,0,0,0,0,0.183,0,0,0,0,0,0,0,0,0,0,0,0,0,0,0,0,0,0,0,0,0,0,0,0,0,0,0,0,0,0,0,0,0,0,0,0,0,0,0,0,0,0,0,0,0,0,0,0,0,0,0,0,0,0,0,0,0,0.488,0,0,0,0,0,0,0,0,0,0,0,0,0,0,0,0,0,0,0,0,0,0,0,0,0,0,0,0,0,0,0,0,0,0,0,0,0,0,0,0,0,0,0,0,0,0,0,0,0,0,0,0,0,0,0,0,0,0,0,0,0,0,0,0,0,0,0,0,0,0,0,0,0,0,0,0,0,0,0,0,0,0,0,0,0,0,0,0,0,0,0,0.171,0,0,0,0,0,0,0,0,0,0,0,0,0,0,0,0,0.685,0,0,0,0,0,0,0,0,0,0.18,0,0,0,0,0,0,0,0,0,0,0,0,0,0,0,0,0,0,0,0,0,0.173,0,0,0,0,0,0,0,0,0,0,0,0,0,0,0,0,0,0,0,0,0,0,0,0,0,0,0,0,0,0,0,0,0,0,0,0,0,0,0,0,0,0,0,0,0,0,0,0,0,0,0,0,0,0,0,0,0,0,0,0,0,0,0,0,0,0,0,0,0,0,0,0,0,0,0,0,0,0,0,0,0,0,0,0,0,0,0,0,0,0,0,0,0,0,0,0,0,0,0.219,0,0,0,0,0,0,0,0,0,0,0,0,0,0,0,0,0,0.167,0,0,0,0,0,0,0,0,0,0,0,0,0,0,0,0,0,0,0,0,0,0,0,0,0,0,0,0,0,0,0,0.364,0,0,0,0,0,0,0,0,0,0,0,0,0,0,0,0,0,0,0,0.293,0.238,0,0,0,0,0,0,0,0,0,0,0,0,0,0,0,0,0,0.302,0.757,0,0,0,0,0,0,0,0,0,0,0,0,0,0,0,0,0,0,0,0,0,0,0,0,0,0,0,0,0,0,0,0,0,0,0,0,0,0,0,0,0,0,0.196,0,0,0,0,0,0,0,0,0,0,0,0,0,0,0,0,0,0,0,0,0,0,0,0,0,0,0,0,0,0,0,0,0,0,0,0,0,0,0,0,0,0.181,0,0,0,0,0,0,0,0,0,0,0,0,0,0,0,0,0,0,0,0.536,0,0,0,0.153,0,0,0,0,0,0,0,0,0,0.159,0,0,0,0,0,0,0,0,0,0,0,0,0,0,0,0,0,0,0,0,0,0.665,0,0,0,0,0,0,0,0,0,0,0,0,0,0,0,0,0,0,0,0,0,0,0,0,0,0,0,0,0,0,0,0,0,0,0,0,0,0,0,0,0,0,0,0.206,0,0,0,0,0,0,0,0,0,0,0,0.449,0,0,0,0,0,0,0,0,0,0,0,0,0,0.193,0,0,0,0,0,0,0,0,0,0,0,0,0,0,0,0,0,0,0,0,0,0,0,0,0,0,0,0,0,0,0,0,0,0,0,0,0,0,0,0,0,0,0,0,0,0,0,0,0,0,0,0,0,0,0,0,0,0,0,0,0.307,0,0,0,0,0,0,0,0,0,0,0,0,0,0,0,0,0,0,0,0,0,0,0,0,0,0,0,0,0,0,0,0,0,0.251,0,0,0,0,0,0,0,0,0,0,0,0,0,0,0,0,0,0,0,0,0,0,0,0,0,0,0,0,0,0,0,0,0,0,0,0,0,0,0,0,0,0,0,0,0,0,0,0,0,0,0,0,0,0,0,0,0,0,0,0,0,0,0,0,0,0,0,0,0,0,0,0,0,0.161,0,0,0,0,0,0,0,0,0,0,0,0,0.391,0,0,0,0,0,0,0,0,0,0,0,0,0,0,0,0,0,0,0,0,0,0,0,0,0,0,0,0,0,0,0,0,0,0,0,0,0,0,0,0,0,0,0,0,0,0,0,0,0,0,0,0,0,0,0,0,0,0,0,0,0,0,0,0,0,0,0,0,0,0,0,0.165,0,0,0,0,0,0,0,0,0,0,0,0,0,0,0,0,0,0,0,0,0,0,0,0,0,0.151,0,0,0,0,0,0,0,0,0,0,0,0,0,0,0,0,0,0,0,0,0,0,0,0,0,0,0,0,0,0,0,0,0,0,0,0,0,0,0,0,0,0,0,0,0,0,0,0,0,0,0,0,0,0,0,0,0,0,0,0,0,0,0,0,0,0,0,0.227,0,0,0,0,0,0,0,0,0,0,0,0,0,0,0,0,0,0,0,0,0,0,0,0,0,0,0,0,0,0,0,0,0,0,0,0,0,0,0,0,0,0,0.162,0,0,0,0.161,0,0,0,0,0,0,0,0,0,0,0,0,0,0,0,0,0,0,0,0,0,0,0,0,0,0,0,0,0,0,0,0,0,0,0,0,0,0,0,0,0,0,0,0,0,0,0,0,0,0,0,0,0,0,0,0,0,0,0,0,0,0,0,0,0,0,0,0,0,0,0,0,0,0,0,0,0,0,0,0,0,0,0,0,0,0,0,0,0,0,0,0,0,0,0,0,0,0,0,0,0,0,0,0,0,0,0,0,0,0,0,0,0,0,0,0,0,0,0,0,0,0,0,0,0,0,0,0,0,0,0,0,0,0,0,0,0,0,0,0,0,0,0.195,0.336,0,0,0,0,0,0,0,0,0,0,0.162,0,0,0,0,0,0,0,0,0,0,0,0,0,0,0,0,0,0,0,0,0,0,0,0,0,0,0,0,0,0,0,0,0,0,0,0,0,0,0,0,0,0.193,0,0,0,0,0,0,0,0,0,0,0,0,0,0,0,0,0,0,0,0,0,0,0,0,0,0,0,0,0,0,0,0,0,0,0,0,0,0,0,0,0,0,0,0,0,0,0,0,0,0,0,0,0,0,0,0,0,0,0,0,0,0,0,0,0,0,0,0,0.159,0,0,0,0,0,0,0,0,0,0,0,0,0,0,0,0,0,0,0,0,0,0,0,0,0.161,0,0,0,0,0,0,0,0,0,0,0,0,0,0,0,0,0,0,0,0,0,0,0,0,0,0,0,0,0,0,0,0,0,0,0,0,0,0,0,0,0,0,0,0,0,0,0,0,0.185,0,0,0,0,0,0,0,0,0,0,0,0,0,0,0,0,0,0,0,0,0,0,0.29,0,0,0,0,0,0,0,0,0,0,0,0,0,0,0,0,0,0,0,0,0,0,0,0,0,0,0,0,0,0,0,0,0,0,0,0,0,0,0,0,0,0,0,0,0,0,0,0,0,0,0,0,0,0,0,0,0,0,0,0,0,0,0,0,0,0,0,0,0,0,0,0,0,0,0,0,0,0,0,0,0,0,0,0,0,0,0,0,0,0,0,0,0,0,0,0.175,0,0,0,0,0,0,0,0,0,0,0,0,0,0,0,0,0,0,0,0,0,0,0,0,0,0,0,0,0,0,0,0,0,0,0,0,0,0,0,0,0,0,0,0,0,0,0,0,0,0,0,0,0,0,0,0,0,0,0,0,0,0,0,0.329,0,0,0,0,0,0,0,0,0,0,0,0,0,0,0,0.176,0,0,0,0,0,0,0,0,0,0,0,0,0,0,0,0,0,0,0,0,0,0,0,0,0,0,0,0,0,0,0,0,0,0,0,0,0,0,0,0,0,0,0,0,0,0,0,0,0,0,0,0,0,0,0,0,0,0,0,0,0,0,0,0,0,0,0,0,0,0,0,0,0,0,0,0,0,0,0,0,0,0,0.153,0,0,0,0,0,0,0,0,0,0,0,0,0,0,0,0,0,0,0,0,0,0,0,0,0,0,0,0,0,0,0,0,0,0,0,0,0,0,0,0,0,0,0,0,0,0,0,0,0,0,0,0.251,0,0,0,0,0,0,0,0,0,0,0,0,0,0,0,0,0,0,0,0,0,0,0,0,0,0,0,0,0,0,0,0,0,0,0,0,0,0,0,0,0,0,0,0,0,0,0,0,0,0,0,0,0,0,0,0,0,0,0,0,0,0,0,0,0,0,0,0,0,0,0,0,0,0,0,0,0,0,0,0,0,0,0,0,0,0,0,0,0,0,0,0,0,0,0,0,0,0,0,0,0,0,0,0,0,0,0.227,0,0,0,0,0,0,0,0,0,0,0,0,0,0,0.189,0,0,0,0,0,0,0,0,0,0,0,0,0,0,0,0,0,0,0,0,0,0,0,0,0,0,0,0,0,0,0,0,0,0,0,0,0,0,0,0,0,0,0,0,0,0,0,0,0,0,0,0,0,0,0,0,0,0,0,0,0,0,0,0,0,0,0,0,0,0,0,0,0,0.156,0,0,0,0,0,0,0,0,0,0,0,0,0,0,0,0,0,0,0,0,0,0,0,0,0,0,0,0,0,0,0,0,0,0,0,0,0,0,0,0,0,0,0,0,0,0,0,0,0,0.173,0,0,0,0,0,0,0,0,0,0,0,0,0,0,0,0,0,0,0,0,0,0,0,0,0,0,0,0,0,0,0,0,0,0,0,0,0,0,0,0,0,0,0,0,0,0,0,0,0,0,0,0,0,0,0,0,0,0,0,0,0,0,0,0,0,0,0,0,0,0,0,0,0,0,0,0,0,0,0,0,0,0,0,0,0,0,0,0,0,0,0,0,0,0,0,0,0,0,0,0,0,0,0,0,0,0,0,0,0,0,0,0,0,0,0,0,0,0,0,0,0,0,0,0,0,0,0,0,0,0,0,0,0,0,0,0,0,0,0,0,0,0,0,0,0,0,0,0,0,0,0,0,0,0,0,0,0,0,0,0,0,0,0,0,0,0,0,0,0,0,0,0,0,0,0,0,0.551,0,0,0,0,0,0,0,0,0,0,0,0,0,0,0,0,0,0,0,0,0,0,0,0,0,0,0,0,0,0,0,0,0,0,0,0,0,0,0,0,0,0,0,0,0,0,0,0,0,0,0,0,0,0,0,0.165,0,0,0,0,0,0,0,0,0,0,0,0,0,0,0,0,0,0,0,0,0,0,0,0,0,0,0,0,0,0,0,0,0.161,0,0,0,0,0,0,0,0,0,0,0,0,0,0,0,0,0,0,0,0,0,0,0,0,0,0,0,0,0,0,0,0,0,0,0,0,0,0,0,0,0,0,0,0,0,0,0,0,0,0,0,0,0,0,0,0,0,0,0,0,0,0,0,0,0,0,0,0,0,0,0,0,0,0,0,0,0,0,0,0,0,0,0,0,0,0,0,0,0.167,0,0,0,0,0,0,0,0,0,0,0,0,0,0,0,0,0,0,0,0,0,0,0,0,0,0,0,0,0,0,0,0,0,0,0,0,0,0,0,0,0,0,0,0,0,0,0,0,0,0,0.488,0,0,0,0,0,0,0,0,0,0,0,0,0,0,0,0,0,0,0,0,0,0,0,0,0,0,0,0,0,0,0,0,0,0,0,0,0,0,0,0,0,0,0,0,0,0,0,0,0,0,0,0,0,0,0,0,0,0,0,0,0,0,0,0,0,0,0,0,0,0,0,0,0,0,0,0,0,0,0,0,0,0,0.293,0,0,0,0,0,0,0,0,0,0,0,0,0,0,0,0,0,0,0,0,0,0,0,0,0,0,0,0,0,0,0,0,0,0,0,0,0,0,0,0,0,0,0,0,0,0,0,0.213,0,0,0,0,0,0,0,0,0,0,0,0,0,0,0,0,0,0,0.351,0,0,0,0,0,0,0,0,0,0,0,0,0,0,0,0,0,0,0,0,0,0,0,0,0,0,0,0,0,0,0,0,0,0,0,0,0,0,0,0,0,0,0,0,0,0,0,0,0,0,0,0,0,0,0,0,0,0,0,0,0,0,0,0,0,0,0,0,0,0,0,0,0,0,0,0,0,0,0,0,0,0,0,0,0,0,0,0,0,0,0,0,0,0,0,0,0,0,0,0.19,0,0,0,0,0,0,0,0,0,0,0,0,0,0,0,0,0,0,0,0,0,0,0,0,0,0,0,0,0,0,0,0,0,0,0,0,0,0,0,0,0,0,0,0,0,0,0,0,0,0,0,0,0,0,0,0,0,0,0,0,0,0,0,0,0,0,0,0,0,0,0,0,0,0,0,0,0,0,0,0,0,0,0,0,0,0,0,0,0,0,0,0,0,0,0,0,0,0,0,0,0,0,0,0,0,0,0,0,0,0,0,0,0,0,0,0,0,0,0,0,0,0,0,0,0,0,0,0,0,0,0,0,0,0,0,0,0
853452,0.606,0.16,0.419,0.38,0,0,0.57,0.809,0.469,0.299,0.585,0,0,0,0.307,0.996,0.997,0,0.422,0,0.159,0,0,0,0.166,0.223,0.944,0,0.479,0,0,0,0.566,0,0,0,0,0,0.153,0,0.581,0.369,0,0,0,0.364,0,0.324,0.523,0,0,0,0.396,0.185,0,0,0.153,0.338,0.501,0.182,0.223,0.299,0.338,0,0.674,0.21,0.353,0.287,0.243,0,0.976,0.247,0,0.191,0.21,0.998,0.686,0,0.998,0,0,0.652,0,0.176,0,0.615,0.221,0,0.838,0,0.368,0,0.26,0.945,0.166,0,0.786,0.415,0.844,0.157,0.239,0.24,0.998,0.189,0,0.998,0.263,0,0.265,0,0,0.573,0.654,0.493,0,0,0,0,0.845,0,0,0.942,0,0,0,0.252,0,0,0,0,0.258,0.307,0,0,0,0.676,0,0.382,0.834,0.381,0.3,0,0.178,0,0.153,0.906,0,0,0,0.22,0.966,0,0.362,0.522,0,0.836,0,0.165,0.367,0.8,0,0,0,0.739,0.832,0,0,0.247,0,0.159,0,0.784,0,0,0,0.277,0,0.569,0,0.574,0.909,0.998,0,0,0,0,0,0,0.154,0.675,0,0,0.195,0,0.371,0,0,0,0,0,0,0,0,0,0.187,0,0,0,0,0.212,0,0,0.392,0,0,0.316,0,0,0,0,0,0,0,0,0,0,0.19,0,0,0.222,0,0,0,0,0.238,0.197,0.494,0,0,0,0,0,0,0.156,0,0,0,0.66,0.515,0,0,0,0.22,0,0,0,0,0,0,0,0,0,0.24,0,0,0.175,0,0,0,0,0,0,0,0,0.65,0.155,0.208,0,0,0,0,0,0.191,0,0,0.946,0,0,0.211,0,0,0,0,0,0,0,0,0,0,0,0,0,0,0.229,0,0,0.184,0.152,0,0,0,0,0,0.25,0.155,0.618,0,0.161,0,0,0,0,0,0,0.188,0,0.194,0,0,0,0,0.281,0,0,0.319,0.246,0,0,0,0,0,0,0,0.456,0,0.238,0.197,0,0,0,0,0,0.15,0,0.282,0.347,0.17,0,0.171,0,0,0,0,0,0,0,0.521,0.193,0,0,0.452,0,0.464,0.224,0,0,0,0,0,0.188,0,0,0.178,0,0,0.267,0,0,0,0,0.725,0,0.297,0,0,0,0,0,0,0,0,0,0,0,0.233,0,0,0,0.311,0.338,0,0,0,0,0,0,0.252,0,0,0,0,0,0,0.439,0,0,0,0,0,0,0.333,0,0.182,0,0,0,0,0,0.217,0,0,0.814,0,0.26,0,0.496,0.306,0,0,0,0,0,0.156,0.192,0.156,0,0.168,0,0,0.193,0,0,0.746,0.151,0.516,0,0,0,0,0.151,0,0,0,0,0,0,0.18,0,0,0.195,0,0,0,0,0,0.197,0,0,0.396,0.542,0,0.288,0.968,0,0,0,0,0,0,0.355,0,0,0,0,0,0,0,0,0,0,0,0,0,0,0,0,0.228,0,0,0,0,0,0.176,0,0,0,0,0,0,0,0.162,0,0,0,0.204,0,0,0,0.167,0,0.357,0,0,0,0,0.304,0.232,0,0,0,0,0,0.247,0,0,0,0.2,0.885,0,0,0,0,0.201,0,0,0,0.312,0,0,0.35,0,0,0,0.213,0.868,0,0,0,0,0,0.173,0,0.177,0,0.274,0,0.377,0,0,0,0,0,0.19,0.219,0,0,0,0,0,0,0.247,0,0,0.295,0,0,0,0,0,0,0,0,0,0,0,0,0,0,0.228,0.31,0,0,0,0,0,0,0,0.168,0.445,0.35,0.166,0,0.177,0.472,0,0,0.187,0.305,0,0.151,0,0,0,0,0,0,0,0,0.279,0.592,0,0,0,0,0.453,0,0,0,0,0,0.451,0,0,0,0.167,0.25,0,0,0.164,0,0,0,0,0,0,0.19,0,0,0,0,0,0,0,0.19,0,0.288,0,0,0.15,0,0.187,0.208,0,0.19,0,0,0,0,0,0,0,0,0,0,0,0,0,0,0,0,0,0,0.162,0,0.162,0,0,0,0,0.171,0,0,0,0,0,0,0,0.185,0.172,0.174,0,0.25,0,0,0,0,0,0.262,0,0,0.241,0,0,0,0,0,0,0.2,0,0,0,0,0,0,0,0,0,0,0,0.619,0.155,0,0.166,0,0,0,0,0.299,0,0,0,0,0.152,0,0,0,0.453,0,0,0.237,0.435,0,0,0.414,0,0,0,0.171,0,0,0.339,0,0,0,0.209,0,0,0,0,0,0,0.9,0,0,0.159,0,0,0,0,0,0,0,0,0,0,0.234,0,0,0.922,0,0,0,0,0,0.239,0,0,0,0,0,0,0,0,0,0,0,0,0,0.353,0,0,0.456,0,0,0,0.238,0.164,0,0,0.269,0,0,0,0.496,0,0,0,0,0,0,0,0,0.821,0,0,0,0,0,0,0.178,0,0.456,0,0,0,0.689,0,0,0.293,0,0.254,0,0,0,0,0.2,0,0,0,0,0,0,0.231,0,0,0,0,0,0,0.391,0,0,0,0.22,0,0,0.183,0,0.208,0,0,0.196,0,0,0,0,0,0,0,0,0,0,0.156,0.178,0,0.164,0,0,0,0,0,0.174,0,0.459,0,0,0,0,0.623,0.808,0,0,0.205,0,0,0.632,0.22,0,0,0.17,0,0.19,0.225,0,0.241,0,0,0.234,0,0,0,0,0,0,0.25,0,0,0,0.387,0,0,0,0.315,0,0.274,0.272,0,0,0.845,0,0.234,0.394,0,0,0,0,0,0,0,0,0,0.207,0,0,0,0,0.268,0,0,0,0,0,0,0,0.371,0,0,0,0.184,0,0,0,0,0,0,0,0,0,0,0,0,0,0,0.22,0,0,0,0,0,0.244,0,0.333,0,0,0,0,0,0,0,0,0,0,0,0,0,0,0.206,0,0,0,0,0,0,0.163,0,0.347,0.256,0,0,0.155,0.577,0,0.755,0,0,0,0.171,0,0,0,0,0,0,0.181,0.184,0,0,0,0,0,0.198,0,0,0,0,0,0,0,0,0,0,0,0.319,0,0.204,0,0,0,0,0,0,0.273,0,0.297,0.203,0,0,0,0,0,0,0,0,0.184,0,0,0,0,0.155,0,0.328,0,0.429,0.255,0,0,0,0,0,0.271,0.655,0,0,0,0,0,0,0.443,0.339,0.34,0,0.468,0.206,0,0.233,0,0,0,0.175,0,0,0,0.228,0,0.247,0,0,0,0,0,0,0.679,0,0,0.183,0,0.252,0.307,0,0.284,0,0,0,0.412,0,0.263,0,0,0.168,0,0,0,0,0,0.209,0,0.153,0.198,0,0.574,0.184,0,0.185,0,0.559,0,0,0.704,0.208,0,0,0,0,0.382,0.703,0,0,0.155,0,0,0,0,0,0,0.305,0,0.169,0.211,0,0.204,0,0,0.203,0.366,0,0,0,0,0.184,0.16,0,0,0,0,0,0,0,0.153,0,0,0,0.184,0.301,0,0.28,0.174,0.204,0,0,0,0,0,0,0.218,0.654,0,0,0,0,0,0,0,0.171,0.721,0.163,0,0,0.331,0,0.191,0,0,0,0,0,0,0,0,0,0,0.165,0.669,0.253,0,0,0.853,0,0,0.193,0.155,0,0,0,0,0.266,0.207,0,0,0,0,0,0.288,0,0,0,0,0,0.229,0,0,0,0,0,0,0,0,0,0,0,0,0.264,0,0,0,0,0,0,0.191,0,0,0,0,0.154,0,0.258,0.445,0.175,0,0,0,0,0,0,0.694,0.587,0.166,0,0,0,0,0,0,0.232,0.202,0.715,0,0,0.155,0,0.252,0.198,0.342,0,0,0.207,0.347,0,0,0.801,0,0,0.332,0,0.538,0,0,0.185,0,0,0.292,0,0.184,0,0,0.594,0,0,0,0.215,0,0,0,0,0,0.152,0,0,0,0,0,0,0,0,0.222,0,0,0.233,0.19,0.247,0,0.19,0,0.197,0,0,0,0.462,0,0,0.268,0,0,0,0.22,0,0,0.24,0,0,0,0,0,0,0.744,0,0,0.174,0,0,0,0,0.164,0,0.197,0.159,0.188,0,0,0,0,0.55,0,0,0,0,0,0,0,0.167,0,0,0,0,0,0,0.195,0,0,0,0,0,0,0,0.209,0,0,0,0,0.191,0,0.522,0,0,0,0,0,0,0,0.153,0.155,0,0.155,0,0.229,0,0.342,0.269,0.259,0,0,0,0.152,0.214,0.682,0.187,0,0.22,0,0.21,0,0,0,0,0.464,0.163,0,0,0.182,0,0.193,0,0,0,0.33,0.168,0,0,0,0,0,0,0,0,0,0,0,0.319,0,0,0,0,0.362,0,0,0,0,0,0,0,0,0.177,0,0.276,0,0,0,0,0.691,0,0,0,0,0,0,0,0,0,0,0.18,0,0,0,0,0.548,0,0,0,0,0,0,0,0,0,0.508,0,0.215,0,0,0,0,0,0,0,0,0,0.302,0,0,0,0.302,0,0,0.29,0,0,0,0,0,0,0,0,0,0,0,0,0.161,0,0.721,0,0.999,0,0,0,0,0,0,0,0.228,0,0,0,0,0,0,0,0,0,0,0,0,0,0,0,0,0,0.164,0,0.253,0.18,0,0,0,0,0,0,0,0,0,0,0.337,0,0,0,0,0,0,0,0,0,0.695,0,0,0,0,0,0,0,0,0,0,0,0,0,0,0,0,0,0,0,0,0,0,0,0,0,0.532,0,0.197,0.307,0,0,0,0,0,0,0,0,0,0,0,0,0,0,0,0,0,0,0.247,0,0,0,0,0,0,0,0,0,0,0,0,0,0,0,0,0,0,0,0,0,0,0,0.15,0,0,0,0,0,0,0,0,0,0,0,0.254,0,0,0,0,0,0,0,0,0,0.514,0,0.651,0,0,0,0,0,0,0,0,0,0,0,0,0,0,0,0.173,0,0,0,0,0.205,0,0,0,0,0,0.206,0,0,0,0,0.152,0,0.715,0,0,0,0.275,0,0,0.321,0.703,0,0.17,0,0,0,0,0,0,0,0.161,0,0,0,0,0,0,0,0,0.15,0,0,0,0.358,0,0,0,0,0,0,0,0,0,0,0,0,0,0,0,0.695,0,0.296,0,0,0,0,0.565,0.651,0.65,0,0,0,0.175,0,0,0,0,0.403,0,0,0,0,0,0,0.154,0,0,0,0,0,0.155,0,0.186,0.313,0,0,0.927,0.421,0.996,0,0,0,0,0,0,0,0,0.247,0,0,0,0,0.399,0.152,0,0,0,0,0,0,0,0,0,0,0,0,0.42,0,0.231,0,0,0,0,0,0,0,0,0.288,0.998,0,0,0,0,0,0,0,0,0.211,0.902,0,0,0,0.153,0,0,0.537,0,0,0,0.315,0,0,0,0,0.156,0,0,0,0,0,0,0,0,0,0,0,0,0,0,0,0,0,0.371,0,0.161,0.65,0.36,0,0.232,0,0,0.725,0,0,0,0,0,0,0.228,0,0,0,0,0,0,0,0.178,0.168,0.186,0,0,0,0,0,0.22,0,0,0.179,0,0,0,0,0.228,0,0,0,0.372,0,0.807,0,0,0,0,0.173,0,0,0,0,0,0.277,0,0,0,0.34,0,0,0,0,0,0,0,0,0.159,0,0,0,0,0,0,0,0.172,0,0,0,0,0,0,0.317,0,0,0.383,0,0,0,0,0,0,0,0,0,0,0,0,0.176,0,0,0,0,0.617,0,0,0.191,0.769,0,0,0,0,0,0,0,0,0,0,0,0,0,0.296,0,0,0,0,0,0,0,0,0,0,0,0,0,0,0,0,0,0,0,0,0,0,0,0,0.257,0,0,0.294,0,0,0,0,0.358,0,0,0.172,0,0,0,0,0.153,0,0,0,0,0,0,0,0,0,0,0,0,0,0,0.423,0.244,0,0,0,0,0,0,0,0,0,0,0,0,0,0,0,0,0,0,0,0,0,0,0,0,0,0,0,0,0,0,0.196,0,0,0,0,0,0,0,0,0,0,0,0,0,0,0,0,0,0,0,0,0,0,0,0,0,0,0,0.252,0,0,0,0,0,0.163,0,0,0,0,0,0,0,0,0,0,0,0.173,0,0,0,0,0,0.155,0,0,0,0,0,0,0,0,0,0,0,0,0,0,0,0,0,0,0,0,0.155,0,0.152,0,0,0,0,0,0.152,0,0,0.152,0,0,0,0,0,0,0,0,0,0,0,0.186,0.155,0,0,0.234,0,0,0,0,0,0,0.541,0,0,0,0,0,0,0,0,0,0,0,0,0,0,0,0,0,0,0.159,0,0.192,0,0.934,0,0,0,0,0,0,0,0,0,0.163,0,0,0.247,0,0.351,0,0,0,0,0,0,0,0,0,0.192,0,0,0,0,0.166,0,0.159,0.163,0,0,0,0,0,0,0.155,0.301,0,0,0,0,0,0,0,0.234,0,0,0,0,0,0,0,0,0,0,0,0,0,0,0,0.216,0,0,0,0,0,0,0,0,0,0,0,0,0,0,0,0,0,0,0,0.212,0,0,0,0,0,0,0,0,0,0,0,0,0,0,0,0,0,0,0,0,0,0,0,0,0,0,0,0.273,0,0,0,0.341,0,0,0.247,0.197,0.247,0,0,0,0,0,0,0,0.548,0,0,0,0,0,0,0,0,0,0.303,0.205,0.665,0,0,0.162,0.418,0,0.256,0,0,0,0.294,0.455,0,0.179,0.228,0,0.255,0,0.845,0.165,0,0,0,0,0,0,0,0,0,0.221,0.271,0,0,0,0,0,0.996,0,0,0,0,0,0,0,0,0,0,0,0,0,0,0.19,0.157,0,0,0.19,0,0.268,0,0,0,0,0,0.917,0,0,0,0.213,0,0,0,0.316,0.167,0,0,0.981,0,0,0,0,0.174,0,0,0.273,0,0,0,0,0,0,0,0,0,0,0,0,0,0,0,0.261,0,0,0,0,0,0,0.152,0,0,0,0,0,0.154,0,0,0,0,0.224,0,0,0,0.288,0,0,0,0,0,0,0,0,0,0.202,0,0,0,0,0,0,0,0,0,0,0.186,0.357,0.151,0,0,0,0,0.158,0,0.254,0.423,0,0.161,0,0,0,0,0.658,0,0,0,0,0.212,0,0.65,0,0,0.65,0.161,0.902,0.173,0,0,0,0,0,0,0.573,0,0,0,0,0,0,0.15,0.344,0,0.282,0,0.154,0,0.197,0,0,0,0,0,0,0,0.16,0,0,0,0,0.182,0,0,0,0,0,0,0,0.185,0.169,0.243,0,0,0,0.196,0,0,0,0,0,0,0,0,0,0.65,0,0,0,0,0,0,0,0,0,0.178,0.423,0,0,0.178,0.66,0,0,0,0,0,0,0,0,0,0,0,0.186,0,0.169,0,0,0,0,0,0,0,0.196,0,0,0,0,0,0,0,0,0,0,0,0,0,0,0,0,0,0,0,0,0,0,0,0,0,0,0,0,0,0,0,0,0,0.199,0,0,0,0,0,0,0,0,0,0,0,0,0,0,0,0,0,0,0,0,0,0,0,0,0,0,0,0,0,0,0,0,0,0,0,0,0,0,0,0,0,0,0,0,0,0.618,0,0,0,0,0,0,0,0,0,0,0,0,0,0,0,0,0,0,0,0,0,0,0,0,0.791,0,0,0,0,0,0,0.311,0,0,0,0,0,0,0,0,0,0,0,0.228,0,0,0,0,0,0,0,0,0,0,0,0,0,0,0,0.703,0,0,0,0,0,0,0.568,0,0,0,0,0,0.65,0,0,0,0,0.239,0,0,0,0,0,0,0,0,0,0,0,0,0,0,0,0,0,0,0,0,0,0.65,0,0,0,0.19,0,0,0,0,0,0,0,0,0,0,0,0.204,0,0,0,0,0,0,0,0,0,0,0,0,0,0,0,0,0,0,0,0,0,0,0,0,0,0,0,0,0,0,0,0,0,0,0,0,0,0,0.35,0,0,0,0,0,0,0,0.496,0.233,0,0,0,0,0,0,0,0,0.189,0,0,0,0.411,0,0,0.654,0.204,0,0,0,0,0,0.162,0.65,0.65,0,0,0.556,0,0,0.247,0,0,0,0,0,0,0,0,0,0,0.193,0.17,0.65,0,0,0,0,0,0,0.191,0,0,0,0,0.372,0.223,0,0,0,0,0,0,0,0,0,0,0,0,0,0,0,0.186,0,0,0,0,0,0.626,0,0,0,0,0,0,0,0,0,0,0,0,0,0,0,0,0,0,0,0,0,0,0,0,0,0,0,0.292,0,0,0,0,0,0,0,0,0,0,0.179,0,0.2,0,0,0,0,0,0,0,0,0.197,0,0,0,0,0,0,0,0,0,0,0,0,0,0,0,0,0,0,0,0,0,0,0.278,0,0,0,0.198,0,0.188,0,0,0,0,0,0,0.238,0,0,0,0,0,0,0,0,0,0,0,0,0,0,0.205,0,0,0.668,0,0,0,0,0,0,0,0,0,0,0,0,0,0,0,0,0,0,0,0,0,0,0,0,0,0,0,0,0,0,0,0,0,0,0,0,0,0,0,0,0,0,0,0,0,0,0,0,0,0,0,0.65,0,0,0,0,0,0,0,0,0,0,0,0,0,0,0,0,0,0,0,0,0,0,0,0,0,0,0,0,0,0,0,0,0,0,0,0,0,0,0,0,0,0,0,0,0,0.157,0,0,0,0,0,0,0,0,0.376,0,0,0,0,0,0,0.211,0,0,0,0,0,0,0,0,0,0.156,0,0,0,0,0,0,0,0,0,0,0,0,0,0,0,0,0,0,0,0,0,0,0,0,0,0,0,0,0,0.198,0,0,0,0.181,0,0,0.195,0,0,0,0.302,0,0,0,0.271,0,0,0,0,0.547,0,0,0,0,0,0,0,0.45,0,0,0,0,0,0,0.293,0,0,0.169,0.219,0,0,0,0,0,0,0,0,0.167,0.991,0,0,0,0,0,0,0,0,0,0,0,0,0,0,0,0,0,0,0,0,0,0,0.209,0,0,0,0,0,0,0,0,0,0,0,0,0,0,0,0,0,0,0,0,0,0,0,0,0,0,0,0,0,0,0,0,0,0,0,0,0,0,0,0,0,0,0,0,0,0,0,0,0,0,0.19,0,0.203,0,0,0,0,0.65,0,0,0.189,0,0,0,0,0,0,0,0,0,0,0,0,0.442,0.277,0,0,0,0,0,0,0,0,0,0,0,0,0.234,0.177,0,0,0,0,0,0,0,0,0,0,0.355,0,0.224,0,0,0,0,0,0,0,0,0,0,0,0.22,0,0,0,0,0,0.327,0,0,0,0.161,0,0,0,0,0,0,0,0,0,0,0,0,0,0,0,0.152,0,0,0,0,0,0,0,0,0,0,0,0,0,0,0.61,0,0,0,0,0,0,0,0,0,0,0,0,0,0,0,0,0,0,0,0,0,0,0,0,0,0,0,0,0,0,0,0,0,0,0,0,0,0,0,0,0,0,0,0,0,0,0,0,0,0,0,0,0,0,0,0,0,0,0,0,0,0,0,0,0.165,0.177,0,0,0,0,0,0,0,0.221,0,0,0.192,0,0,0,0,0,0,0,0,0,0,0,0,0,0.151,0,0,0,0,0.173,0.184,0.161,0.193,0,0.197,0,0,0,0,0,0,0,0,0,0,0,0,0.191,0,0,0,0,0,0,0,0,0,0.975,0,0,0.206,0,0,0,0,0,0,0,0,0,0.325,0,0,0,0,0.181,0,0,0,0,0,0,0,0,0.154,0,0,0,0,0,0,0,0,0,0,0,0,0,0,0,0,0,0,0,0,0,0,0,0,0,0,0,0,0,0,0,0,0,0,0,0,0,0.157,0,0,0,0,0,0,0,0,0,0,0,0,0,0,0,0,0,0,0,0,0,0,0,0,0,0,0.343,0,0,0,0,0,0,0.175,0.276,0.199,0,0,0,0,0.236,0,0,0,0,0.22,0,0,0,0,0,0.592,0.22,0,0,0,0,0,0.229,0.232,0,0.164,0,0,0,0,0,0,0,0.951,0,0,0,0,0.186,0,0,0,0,0.195,0,0,0,0,0,0,0,0,0,0,0,0,0,0,0,0,0,0,0.397,0,0,0,0,0,0,0,0,0.185,0,0.167,0,0,0,0,0,0,0,0,0,0,0,0,0.301,0,0,0,0,0,0,0,0,0,0,0,0,0,0,0,0,0,0,0,0,0,0,0,0,0.15,0,0,0,0,0,0,0,0,0,0,0,0,0,0,0,0,0,0,0,0,0,0,0,0,0,0,0,0,0,0,0,0,0,0,0,0.227,0,0,0,0,0,0,0,0.292,0.368,0.445,0,0,0.175,0,0,0.175,0,0.227,0,0,0,0.293,0,0,0,0.164,0,0,0,0,0,0,0,0,0,0,0,0,0,0,0,0.228,0,0,0,0,0,0,0,0,0,0,0,0,0,0,0,0,0,0,0,0,0,0,0,0,0,0,0,0,0,0,0,0,0,0,0,0,0,0,0,0,0,0,0,0,0,0,0,0,0.478,0,0,0,0,0,0,0,0,0,0,0,0,0,0,0,0,0,0,0,0,0,0,0,0,0,0,0,0,0,0,0,0,0,0,0,0,0,0,0,0,0,0,0,0,0,0,0,0,0.556,0,0,0,0,0,0,0,0,0,0,0,0,0,0,0,0,0,0,0,0,0,0,0,0,0,0,0,0,0,0,0,0,0,0,0,0.195,0,0,0,0,0,0,0,0,0,0,0,0,0,0,0.189,0,0,0,0,0,0,0.173,0,0,0,0,0,0,0,0,0,0,0,0,0,0,0,0.325,0,0,0.15,0,0,0,0,0,0,0,0,0,0.251,0.313,0,0,0,0,0,0,0,0.581,0,0,0,0,0,0,0.318,0,0,0.222,0,0,0,0,0,0,0,0,0,0,0,0,0,0,0,0,0,0,0,0,0,0,0.258,0,0,0,0,0,0,0,0,0,0,0,0,0,0.163,0,0,0,0,0,0,0,0,0,0,0,0,0,0,0,0,0,0,0,0,0,0,0,0,0.624,0,0,0,0,0,0,0,0,0,0,0,0,0,0,0,0,0,0,0,0,0,0,0,0,0,0,0,0,0,0.261,0,0,0,0,0,0,0,0,0,0,0,0,0,0,0.295,0.65,0,0,0,0,0,0,0,0,0,0.327,0.64,0,0,0.196,0,0,0,0,0
855871,0.175,0.323,0,0,0.177,0,0.295,0,0,0.158,0,0,0,0,0,0,0.224,0,0.304,0,0,0,0,0.237,0.16,0,0.244,0.24,0,0,0,0,0.328,0,0,0,0,0,0,0,0,0,0,0,0,0,0,0,0,0,0,0,0,0,0,0,0,0,0,0,0.453,0,0,0,0,0,0,0,0,0,0.208,0,0,0,0,0,0,0,0.388,0,0.197,0,0,0,0,0.245,0,0,0.222,0,0,0,0,0,0.16,0,0,0.203,0.224,0.191,0,0,0.158,0,0,0.446,0.16,0,0,0,0,0,0,0,0,0,0,0,0.24,0,0,0,0,0,0,0,0,0,0,0,0,0,0,0,0.471,0,0,0,0.244,0,0,0,0,0,0,0.169,0,0,0.25,0,0,0,0,0,0,0,0,0,0,0,0,0,0.235,0,0.238,0,0,0,0,0,0,0,0,0,0,0,0,0,0,0,0.204,0,0,0,0,0,0.302,0,0.165,0,0.19,0,0,0,0,0.169,0,0,0,0,0.249,0,0.171,0,0,0,0,0,0,0,0,0,0.262,0,0,0,0,0,0,0,0,0,0,0,0,0,0,0,0,0,0,0,0,0,0,0.157,0,0,0,0,0,0,0,0,0,0,0,0,0,0.189,0,0.186,0,0,0,0,0,0,0,0.186,0,0,0,0.217,0,0,0,0,0,0,0,0,0,0.184,0,0,0,0,0,0,0,0,0,0,0,0,0,0,0,0,0,0,0,0,0,0,0,0,0,0,0,0,0,0.198,0,0,0,0,0,0,0,0.191,0,0.184,0,0,0,0.165,0.251,0,0,0,0,0,0.208,0,0,0,0,0,0,0,0,0,0,0.293,0,0,0.165,0,0,0,0,0,0,0,0.157,0,0,0,0,0,0,0,0,0,0.188,0,0,0,0,0,0,0.172,0,0,0,0,0,0,0,0,0,0,0,0.216,0,0,0.235,0,0,0,0,0,0,0,0,0,0,0,0,0,0,0.196,0,0,0,0,0,0,0,0,0,0,0,0,0,0,0,0,0,0,0,0.202,0,0,0,0,0,0,0,0,0,0,0,0,0,0,0.176,0.255,0,0,0,0,0,0,0,0.359,0,0,0,0.199,0,0,0,0,0,0.275,0,0,0,0,0,0.297,0.18,0,0,0,0,0,0,0,0,0,0,0,0,0,0,0,0,0,0,0,0,0,0,0.157,0,0,0,0,0,0,0,0,0,0,0,0,0,0,0,0,0,0,0,0,0,0.164,0,0,0,0,0,0,0,0.165,0,0,0,0,0,0,0,0,0,0,0,0,0,0,0,0,0,0,0,0,0,0,0,0,0,0,0,0,0,0,0,0,0,0,0.167,0,0.192,0,0,0,0.162,0,0,0,0,0,0,0,0,0.354,0,0,0,0,0,0,0,0,0,0,0,0.488,0,0.165,0,0,0,0,0,0,0,0,0,0,0,0,0,0,0,0,0.155,0,0,0,0,0,0,0,0,0,0,0,0,0,0,0,0,0,0,0,0,0,0,0,0,0,0,0,0,0,0,0,0,0,0,0,0,0,0,0,0.195,0.607,0,0,0,0,0,0,0,0,0,0,0,0,0,0,0,0,0,0,0,0.242,0,0,0,0,0,0,0,0,0,0,0.446,0,0,0,0.387,0,0,0,0,0,0,0,0,0,0,0,0.191,0,0,0,0,0,0,0,0,0,0,0,0,0,0,0,0,0,0,0,0,0,0,0,0,0,0,0,0.19,0,0,0.197,0,0,0.519,0,0,0,0,0,0,0,0,0,0,0,0.165,0,0,0,0,0.174,0,0,0,0,0,0,0,0,0,0,0,0,0.214,0,0,0,0,0,0,0,0,0,0,0.526,0,0,0,0,0,0,0,0,0,0,0,0,0,0,0,0,0,0,0,0,0,0.173,0,0,0,0,0,0,0,0,0,0,0,0,0,0,0,0,0,0,0,0,0,0.479,0.202,0,0,0,0,0,0,0,0,0,0,0,0,0.179,0,0,0,0,0,0,0,0,0,0,0,0,0,0,0,0,0,0,0,0,0.39,0,0,0,0,0,0,0,0,0,0,0,0,0,0,0,0,0,0,0,0,0,0.155,0,0,0,0,0,0,0.179,0,0,0,0.196,0,0,0,0,0,0,0.161,0,0,0,0,0,0,0,0.288,0,0,0,0,0,0,0,0,0,0,0,0,0,0,0,0,0,0,0,0,0.199,0,0,0,0,0,0,0,0,0,0,0,0,0,0,0,0,0,0,0,0,0,0,0.172,0.202,0,0,0,0,0,0,0,0,0,0,0,0.165,0,0,0,0,0,0,0,0,0,0.627,0,0,0,0,0,0,0.372,0,0,0,0,0,0,0,0,0,0,0,0,0,0.203,0,0,0,0,0,0.318,0,0,0,0,0,0,0.293,0,0,0,0,0,0,0,0,0,0,0,0,0,0,0,0,0,0,0,0,0,0.238,0,0,0,0,0,0,0.19,0,0,0.154,0,0,0,0,0,0,0,0,0,0,0,0,0,0,0,0,0,0,0,0,0,0,0,0,0.284,0.217,0,0,0,0,0,0,0,0.197,0.494,0,0,0.21,0,0,0,0,0,0,0,0,0,0,0.617,0.384,0.196,0,0,0,0.191,0,0.187,0,0,0.542,0,0.158,0.199,0,0,0,0,0,0,0,0,0.164,0.236,0,0,0,0,0.536,0.187,0,0.522,0,0,0,0,0.503,0,0,0,0,0,0,0,0,0,0,0,0,0,0,0,0.199,0,0,0.23,0,0,0,0,0,0,0,0,0,0,0,0,0.199,0,0,0,0,0,0.173,0.378,0,0,0,0.171,0.375,0.159,0,0,0,0.309,0,0,0,0,0,0,0,0,0.171,0.4,0.197,0,0,0,0.199,0,0.187,0,0,0,0,0,0,0,0,0,0.188,0,0,0,0.192,0.393,0.204,0,0.179,0,0,0,0,0,0,0,0,0.19,0.163,0,0,0,0,0,0,0.278,0,0.286,0,0,0.275,0.634,0,0.285,0.171,0,0,0.167,0,0,0,0.532,0,0.28,0,0,0,0,0.269,0,0,0,0,0,0,0,0,0,0.178,0,0,0.253,0.23,0,0,0,0,0,0.232,0,0,0,0.165,0,0.167,0,0.271,0,0,0,0,0,0,0,0,0,0,0.19,0,0,0.196,0.227,0,0,0,0,0,0,0.191,0,0.208,0,0.167,0,0,0,0.222,0,0,0,0.271,0,0.585,0,0,0,0,0,0.199,0,0,0,0,0,0.29,0,0,0,0,0.921,0,0,0.351,0.195,0,0.155,0.281,0.178,0,0.212,0.25,0,0,0,0,0,0,0.347,0,0,0.481,0,0.164,0,0,0,0,0,0.284,0,0,0.33,0,0,0,0.61,0.343,0.197,0,0,0.283,0.189,0.222,0,0,0.194,0.283,0,0,0,0,0,0,0.195,0.4,0,0,0.197,0,0,0,0,0,0,0,0,0,0,0,0.319,0,0,0.158,0,0,0,0,0.354,0.19,0,0.164,0.39,0,0,0,0.233,0.164,0,0,0,0,0.18,0,0,0,0.178,0,0,0,0.197,0,0,0,0.236,0,0,0.255,0,0.274,0.273,0,0.164,0,0.199,0.28,0.204,0.226,0,0,0,0,0,0,0.176,0,0.178,0,0,0,0,0.203,0.198,0,0.324,0,0,0,0,0,0,0.324,0,0,0,0,0,0,0.283,0,0,0,0,0,0.175,0.155,0,0,0,0,0.154,0,0.268,0.358,0,0,0,0,0,0,0,0.196,0,0.23,0.298,0,0,0.199,0.176,0,0,0,0,0,0.158,0.453,0,0,0,0,0,0,0,0,0,0,0,0,0,0.272,0,0,0.199,0,0,0,0,0,0,0,0,0,0,0,0,0,0.157,0,0.393,0.34,0.152,0,0,0.288,0,0,0,0.224,0,0,0,0,0,0,0,0,0,0,0.27,0,0,0,0,0.529,0,0,0,0,0,0.291,0,0,0,0,0,0.196,0.208,0,0,0,0,0,0,0,0,0,0,0,0,0,0,0,0,0,0,0.344,0,0,0,0,0,0.196,0,0,0,0.341,0,0,0,0,0,0,0,0,0,0,0,0,0,0.181,0,0,0.171,0,0,0,0,0,0,0,0,0,0,0,0,0,0,0,0,0,0,0,0,0,0,0,0,0,0,0,0,0,0,0,0,0,0,0,0,0,0,0,0,0,0,0,0,0,0,0,0,0,0,0,0,0,0,0,0,0,0,0,0.196,0,0,0,0.151,0,0,0,0,0,0,0,0,0,0,0,0,0,0,0,0,0,0,0,0,0,0,0,0,0.396,0,0,0,0,0,0,0,0,0,0,0,0,0,0,0,0,0,0,0,0,0,0,0,0,0,0,0,0,0,0,0,0,0,0,0,0,0,0,0,0,0,0,0.181,0,0,0,0,0,0,0,0,0,0,0.153,0,0.38,0,0,0,0,0.252,0,0,0,0,0,0,0,0,0,0,0,0,0,0,0,0,0,0,0,0,0,0,0,0,0,0,0,0,0,0,0,0,0,0,0,0,0,0,0,0,0,0,0,0,0,0,0,0,0,0,0,0,0,0,0,0,0,0,0,0,0,0,0,0,0,0,0,0,0,0,0,0,0,0,0,0,0,0,0,0,0,0,0,0,0,0,0,0,0,0,0,0,0,0,0,0,0,0,0,0,0,0,0,0,0,0,0,0,0,0,0.191,0,0,0,0,0,0,0,0,0,0.176,0,0,0,0,0,0,0,0,0.424,0.17,0,0,0,0,0,0,0.285,0,0,0,0,0,0,0.38,0,0,0,0,0,0.389,0,0,0,0,0,0,0,0,0,0.172,0.21,0,0.247,0.206,0,0,0,0.614,0,0,0,0,0,0,0,0,0,0.276,0,0,0.599,0,0,0,0.885,0,0,0,0.331,0.174,0,0,0,0,0,0,0,0,0.171,0,0,0.192,0,0,0,0,0,0.15,0,0,0,0,0.48,0,0,0,0,0,0.178,0,0,0,0,0.387,0.555,0,0,0,0,0,0,0,0,0.435,0,0,0,0,0,0,0,0,0.167,0,0,0,0,0,0,0,0,0,0,0,0,0,0,0,0,0,0,0,0,0,0,0.152,0,0,0,0,0,0,0,0,0,0,0,0,0,0.191,0,0,0,0,0,0,0,0,0,0,0,0,0,0,0,0,0,0,0,0,0,0,0,0.323,0,0,0,0,0,0.605,0,0,0,0,0,0,0,0,0,0,0,0,0,0.181,0,0,0,0,0,0,0.159,0,0,0,0,0,0,0,0.163,0,0,0,0,0,0,0,0,0,0.228,0.165,0,0,0,0,0,0,0.394,0,0,0,0,0,0,0,0,0.633,0,0,0,0,0,0,0,0,0,0,0,0,0,0,0,0,0,0,0,0,0,0,0,0,0,0,0,0,0,0,0,0,0,0,0,0,0,0,0,0,0,0,0,0,0,0.415,0,0,0,0,0,0,0,0,0,0,0,0,0,0,0,0,0,0,0,0,0,0,0,0,0,0,0,0,0,0,0,0.194,0,0,0,0,0,0,0,0,0,0,0,0,0,0,0,0,0,0,0,0,0.237,0,0,0,0,0,0,0,0,0,0,0,0,0,0,0,0,0,0,0,0,0,0,0,0,0,0,0,0,0,0,0,0,0.306,0,0,0.159,0,0,0,0,0,0,0,0,0,0,0,0,0,0,0,0,0.498,0,0.194,0,0,0,0,0,0,0,0,0,0,0,0,0.157,0,0,0,0,0,0,0,0,0,0,0,0,0,0,0.172,0,0,0,0,0,0,0,0,0,0.275,0,0,0,0,0,0,0,0.194,0,0,0,0,0,0,0,0,0,0,0,0,0,0,0,0,0,0,0,0,0.158,0,0,0.172,0,0,0,0,0,0,0,0,0.172,0,0,0,0,0,0,0,0,0,0,0,0.163,0,0,0.928,0,0,0,0,0,0,0,0,0,0,0,0,0,0,0,0,0.303,0,0,0,0,0.196,0,0,0,0,0,0,0,0,0,0,0,0,0,0,0,0,0,0,0,0,0,0.171,0,0,0,0,0,0,0,0,0.844,0,0,0,0,0,0.745,0,0,0,0,0,0,0,0,0,0,0,0,0,0,0,0,0,0.188,0,0,0,0,0,0.392,0,0,0,0,0,0.151,0,0,0,0,0,0,0,0,0,0,0,0,0,0,0,0,0,0,0,0,0,0,0,0,0,0,0,0,0,0,0,0,0,0,0,0,0,0,0,0,0,0,0.242,0.335,0,0,0,0,0,0,0,0,0,0,0,0,0,0,0,0,0,0,0,0,0,0,0,0,0,0,0,0,0,0,0,0,0,0,0.15,0,0,0,0,0,0,0,0,0,0,0,0,0,0,0,0,0,0,0,0.165,0,0,0,0,0,0,0,0,0,0,0,0,0.175,0,0,0,0,0,0.342,0,0,0,0.172,0,0,0.181,0,0,0,0,0.16,0,0,0,0,0,0,0,0.189,0,0,0,0,0,0,0,0,0,0,0,0,0,0,0,0,0,0,0,0,0,0,0,0.252,0,0,0,0,0,0,0,0,0,0,0,0,0,0,0,0,0,0,0,0,0,0,0,0,0,0,0,0,0,0,0.165,0,0,0,0,0.191,0,0,0.311,0,0,0,0,0,0.222,0,0,0,0,0,0,0,0,0,0,0,0,0,0,0.309,0,0,0,0,0,0.231,0,0,0,0,0,0,0,0,0,0,0.173,0,0,0,0,0,0.174,0,0,0,0,0,0.192,0,0,0,0,0,0,0,0,0,0,0,0,0,0,0,0,0,0,0,0,0,0,0,0,0,0,0,0,0,0,0,0,0,0,0,0,0,0,0,0,0,0,0,0,0.175,0,0,0,0,0,0,0,0,0,0,0,0,0,0,0,0,0,0,0,0,0,0,0,0.174,0,0,0,0,0,0,0,0,0,0.198,0,0,0,0,0,0,0,0,0,0,0,0,0,0,0,0,0,0,0,0,0,0,0,0,0,0,0,0,0,0,0,0,0,0,0,0,0,0,0,0,0,0,0,0,0,0,0,0,0,0,0,0,0,0,0,0,0,0,0,0,0,0,0,0,0,0,0,0,0,0,0,0,0,0,0,0,0,0,0,0,0,0,0,0,0,0,0,0,0,0,0,0,0,0.197,0,0,0,0,0,0,0,0,0,0,0,0,0,0,0,0,0,0,0,0,0,0,0,0,0,0,0,0,0,0,0,0,0.248,0,0,0,0,0,0,0,0,0,0,0,0,0.198,0,0,0,0.559,0.205,0,0,0,0,0,0,0,0,0,0,0,0,0,0,0,0,0,0,0,0,0,0,0,0,0,0,0,0,0,0,0.358,0,0,0,0,0,0,0,0,0,0,0,0,0,0,0,0,0.518,0,0,0,0,0,0,0,0,0.536,0,0,0,0,0,0,0,0.562,0,0,0,0,0,0,0,0,0,0,0,0,0,0,0,0,0,0,0,0,0,0,0,0,0,0,0,0,0,0,0,0,0,0,0,0,0,0,0,0,0,0,0,0,0,0,0,0,0,0,0,0,0,0,0.22,0.3,0,0,0,0,0,0,0.166,0,0,0,0,0,0,0.181,0,0,0.289,0,0,0,0,0.336,0,0,0,0,0,0,0.852,0,0,0,0,0,0,0,0,0,0.175,0,0,0,0,0,0.392,0,0,0,0,0,0,0,0.171,0,0,0.412,0,0,0,0.339,0,0,0,0,0.173,0,0,0,0,0,0,0,0,0,0,0,0,0,0,0,0,0,0,0,0,0,0.274,0,0,0,0,0,0,0,0.168,0,0,0,0,0,0,0,0,0,0,0,0,0,0,0,0,0,0,0,0,0,0,0,0,0,0,0,0,0,0,0,0,0,0,0,0,0,0,0,0,0,0,0,0,0.245,0.307,0,0,0,0,0,0,0,0,0,0,0,0,0,0,0,0,0,0,0,0,0,0,0,0,0,0.315,0,0,0.157,0.207,0,0,0,0,0,0,0,0,0,0,0,0,0,0,0,0,0.499,0,0.31,0.177,0,0,0,0,0,0,0,0,0,0,0,0,0,0,0,0,0,0,0,0,0,0,0,0,0,0,0,0,0,0,0,0,0,0,0,0,0,0,0,0,0,0,0.237,0,0,0,0,0.902,0.192,0,0,0,0,0,0,0,0,0,0,0,0,0,0,0,0.557,0,0,0,0,0,0.184,0,0,0,0.172,0,0,0,0,0,0,0,0,0.434,0,0,0,0,0,0,0,0,0,0,0.334,0,0,0,0.157,0,0,0,0,0,0,0,0,0,0,0,0,0.193,0,0,0,0,0,0,0.183,0,0,0,0,0,0,0,0,0,0,0,0,0,0,0,0,0,0,0.915,0,0,0,0,0,0,0,0,0,0,0.19,0,0.787,0,0,0,0.886,0,0,0,0.929,0.601,0,0.356,0,0,0.195,0,0,0,0,0,0.228,0,0,0,0,0,0,0,0,0,0,0,0,0,0,0,0,0,0,0,0,0,0,0,0,0,0,0,0,0,0,0,0,0,0,0,0,0.422,0,0,0,0,0,0,0,0,0,0,0,0,0,0,0,0,0,0,0,0,0,0,0.171,0,0,0.718,0,0,0,0,0,0.482,0,0,0,0,0,0,0,0,0,0.311,0,0,0.276,0,0,0.164,0,0,0,0,0.73,0,0.175,0,0,0,0,0.157,0,0,0,0,0.562,0,0,0,0.2,0.203,0.303,0.859,0,0.54,0.203,0,0,0,0,0.173,0,0.837,0,0,0.25,0,0.236,0,0,0,0,0,0.199,0.868,0.191,0,0,0,0,0,0.281,0,0,0,0,0,0,0.338,0.152,0.787,0.266,0,0.833,0.309,0.245,0,0,0.537,0,0,0.802,0,0.19,0,0,0,0.237,0,0.24,0.777,0.249,0.234,0,0.342,0,0,0,0,0,0,0,0,0,0,0,0,0,0,0,0.172,0,0,0,0,0,0,0,0,0,0,0,0,0,0,0,0,0,0,0,0,0,0,0,0,0,0,0,0,0,0,0,0,0,0,0,0,0,0,0,0,0,0,0,0,0.246,0,0,0,0,0,0,0,0,0,0,0,0,0,0.622,0,0,0.16,0,0,0,0,0,0,0,0,0,0,0,0,0.192,0,0,0,0,0,0,0,0,0,0,0,0,0,0,0,0,0,0,0,0,0,0,0,0,0,0,0,0,0,0,0,0.397,0,0,0,0,0,0,0,0,0.252,0,0,0,0,0,0,0,0,0,0,0,0,0,0,0,0,0,0,0,0,0,0,0,0,0,0,0,0,0,0,0,0,0,0,0,0,0.198,0,0,0,0,0,0,0,0,0,0,0,0,0,0,0,0,0,0,0,0,0,0,0,0,0,0,0.243,0,0,0,0,0,0,0,0,0.162,0,0,0,0.183,0,0,0,0,0,0,0,0,0,0,0,0,0.235,0,0.253,0,0.165,0,0,0,0,0,0,0.186,0,0,0,0,0,0,0,0,0,0,0,0,0,0,0,0,0,0,0,0,0,0,0,0,0,0,0,0,0,0,0,0,0,0,0,0.168,0,0,0,0,0.156,0,0,0,0,0,0,0,0,0,0,0,0,0,0,0,0,0,0,0,0,0,0,0,0,0,0,0,0,0,0,0,0,0,0.169,0,0.254,0,0,0,0,0,0,0,0,0,0,0,0,0,0,0,0,0,0,0,0,0,0,0,0,0,0,0,0,0,0,0,0,0,0,0,0,0.233,0,0,0,0,0,0,0,0,0,0,0,0,0,0,0,0,0,0,0,0,0,0,0,0,0,0,0,0,0,0,0,0,0,0,0,0,0,0,0,0,0.173,0,0,0,0,0,0,0,0,0,0,0,0,0,0,0,0,0,0,0,0,0,0,0,0,0,0.268,0,0,0,0,0.375,0,0,0,0,0.717,0,0.169,0,0,0,0,0,0,0,0,0,0,0,0,0,0,0,0,0,0,0,0,0,0,0,0,0,0,0,0,0,0,0,0,0,0,0,0,0,0,0,0,0,0,0,0,0,0,0,0,0,0,0,0,0,0,0,0,0,0,0,0,0,0,0,0,0,0,0,0,0,0,0,0,0,0,0,0,0,0.245,0,0,0,0,0.478,0,0,0,0,0,0,0,0,0,0,0,0,0,0.29,0,0,0,0,0,0,0,0,0,0,0,0.48,0.745,0,0.733,0.214,0.321,0.242,0,0.192,0,0,0,0,0,0,0,0,0,0,0,0,0,0,0,0,0,0,0,0,0,0,0,0,0,0,0,0,0,0,0,0,0.197,0,0,0,0,0,0,0,0,0,0,0,0,0,0,0,0,0,0,0,0.398,0,0,0,0,0,0,0,0,0.184,0,0,0,0,0,0,0,0,0,0.507,0,0,0,0,0,0,0,0,0,0,0,0,0,0,0.394,0,0,0,0,0,0,0,0,0,0,0,0,0.267,0,0,0,0,0,0,0,0,0,0,0,0,0,0,0,0,0,0,0.155,0,0,0,0,0,0,0,0.293,0,0,0,0,0,0,0,0,0,0,0,0,0,0,0,0,0
855991,0,0,0,0,0,0,0,0,0,0,0,0,0,0,0,0,0,0,0,0,0,0,0,0,0,0.393,0,0,0,0,0,0,0,0,0,0,0,0,0,0,0,0,0,0,0,0,0,0,0,0,0,0,0,0,0,0,0,0,0,0,0,0,0,0,0,0,0,0,0,0,0.328,0.193,0,0,0,0,0,0,0,0,0,0,0,0,0,0,0,0,0,0,0,0,0,0,0,0,0,0,0,0,0,0,0,0,0,0,0,0,0,0,0,0,0,0,0,0,0,0,0,0,0,0,0,0,0,0,0,0,0,0,0,0,0,0,0,0.877,0,0,0,0,0,0,0,0,0,0,0,0,0,0,0,0,0,0,0,0,0,0,0,0,0,0,0,0,0,0,0,0,0,0.225,0,0,0,0,0,0,0,0,0,0,0,0,0,0,0,0,0,0,0,0,0,0,0,0,0,0,0,0,0,0,0,0,0,0,0,0,0,0,0.276,0,0,0,0,0,0,0,0,0,0,0,0,0,0,0,0,0,0.68,0,0,0,0,0,0,0,0,0,0,0,0,0,0.445,0,0,0,0,0,0,0,0,0,0,0,0,0,0,0,0,0,0,0,0,0,0,0,0,0,0,0,0,0,0,0,0,0,0,0,0,0,0,0,0,0,0,0,0,0,0,0,0,0.276,0,0,0,0,0,0,0,0,0,0,0,0,0,0,0,0,0,0,0,0,0,0,0,0,0,0,0,0,0,0,0,0,0,0,0,0,0.224,0,0,0,0,0,0,0,0,0,0,0,0,0,0,0,0,0,0,0,0,0,0,0,0,0,0,0,0,0,0,0,0,0,0,0,0,0,0,0,0,0,0,0,0,0,0,0,0,0,0,0,0,0,0,0,0,0,0,0,0,0,0,0,0,0,0,0,0,0,0,0,0,0,0,0,0,0,0,0,0,0,0,0,0,0,0,0,0,0,0,0,0,0,0,0,0,0,0,0,0,0,0,0,0,0,0,0,0,0,0,0,0,0,0,0,0,0,0,0,0,0,0,0,0,0.228,0,0,0,0,0,0,0,0,0,0,0,0,0,0,0,0,0,0,0,0,0,0,0,0,0,0,0,0,0,0,0,0,0,0,0,0,0,0,0,0,0,0,0,0,0,0,0,0,0,0,0,0,0,0,0,0,0,0,0,0,0,0,0,0,0,0,0,0,0,0,0,0,0,0,0,0,0,0,0,0,0.375,0,0,0,0.237,0,0,0,0,0,0,0,0,0,0,0,0,0,0,0,0,0,0,0,0,0,0,0,0,0,0,0,0,0,0,0,0,0,0,0,0,0,0,0,0,0,0,0,0,0,0,0,0,0,0,0,0,0,0,0,0,0,0,0,0,0,0,0,0,0,0,0,0,0,0,0,0,0,0,0,0,0,0,0,0,0,0,0,0,0,0,0,0,0,0,0,0,0,0,0,0,0,0,0,0,0,0,0,0,0,0,0,0,0,0,0,0,0,0,0,0,0,0,0,0,0,0,0,0,0.734,0.79,0,0,0,0,0,0,0,0,0,0,0,0,0,0,0,0,0,0,0,0,0,0,0,0,0,0,0,0,0,0,0,0,0,0,0,0,0,0,0,0,0,0,0,0,0,0,0,0,0,0,0,0,0,0,0,0,0,0,0,0,0,0,0,0,0,0,0,0,0,0,0,0,0,0,0,0,0,0,0,0,0,0,0,0,0,0,0,0,0,0,0,0,0,0,0,0,0,0,0,0,0,0,0,0,0,0,0,0,0,0,0,0,0,0,0,0,0,0,0,0,0,0,0,0,0,0,0,0,0,0,0,0,0,0,0,0,0,0,0,0,0,0,0,0,0,0,0,0,0,0,0,0,0,0,0,0,0,0,0,0,0,0,0,0,0,0,0,0,0,0,0,0,0,0,0,0,0,0,0,0,0,0,0,0,0,0,0,0,0,0,0,0,0,0,0,0,0,0,0,0,0,0,0,0,0,0,0,0,0,0,0,0,0,0,0,0,0,0,0,0,0,0,0,0,0,0,0,0,0,0,0,0,0,0,0,0,0.274,0,0,0,0,0,0,0,0,0,0,0,0,0,0,0,0,0,0,0,0,0,0,0,0,0,0,0,0,0,0,0,0,0,0,0,0.697,0,0,0,0,0,0,0,0,0,0,0,0,0,0,0,0,0,0,0.445,0,0,0,0,0,0,0,0,0,0,0,0,0,0,0,0,0,0,0,0,0,0,0,0,0,0,0,0,0,0,0,0,0,0,0,0,0,0,0,0,0,0,0,0,0,0.61,0,0.737,0,0,0,0,0,0,0,0,0,0,0.276,0,0,0,0,0,0,0,0,0,0,0,0,0,0,0,0,0,0,0,0,0,0,0.309,0,0,0,0,0,0,0,0,0,0,0,0,0,0,0,0,0,0,0,0,0,0,0,0,0,0,0,0,0,0,0,0,0,0,0,0,0,0,0,0,0,0,0,0,0,0,0,0,0,0,0,0,0,0,0,0,0,0,0,0,0,0,0,0,0,0,0,0,0,0,0,0,0,0,0,0,0,0,0,0,0,0,0,0,0,0,0,0,0,0,0,0,0,0,0,0,0,0,0,0,0,0,0,0,0,0,0,0,0,0,0,0,0,0,0,0,0,0,0,0,0,0,0,0,0,0,0,0,0,0,0,0,0,0,0,0,0,0,0,0,0,0,0,0,0,0,0,0,0,0,0,0,0,0,0,0,0,0,0,0,0,0,0,0,0,0,0,0,0,0,0,0,0,0,0,0,0,0,0,0,0,0,0,0,0,0,0,0,0,0,0,0,0,0,0,0,0,0,0,0,0,0,0,0,0,0,0,0,0,0,0,0,0,0,0,0,0,0,0,0,0,0,0,0,0,0,0,0,0,0,0,0,0,0,0,0,0,0,0,0,0,0,0,0,0,0,0,0,0,0,0,0,0,0,0,0.232,0,0,0,0,0,0,0,0,0,0,0,0,0,0,0,0,0,0,0,0,0,0,0,0,0,0,0,0,0,0,0,0,0,0,0,0,0,0,0,0,0,0,0,0,0,0,0,0,0,0,0,0,0,0,0,0,0,0,0,0,0,0,0,0,0,0,0,0,0,0,0,0,0,0,0,0,0,0,0,0,0,0,0,0,0,0,0,0,0,0,0,0,0,0,0,0,0,0,0,0,0,0,0,0,0,0,0,0,0,0,0,0,0,0,0.762,0,0,0,0,0,0,0,0,0,0,0,0,0,0,0,0,0,0,0,0,0,0,0,0,0,0,0,0,0,0,0,0,0,0,0,0,0.198,0,0,0,0,0,0.443,0,0,0,0,0,0,0,0,0,0,0,0,0,0,0,0,0,0,0,0,0,0,0,0,0,0,0,0,0,0,0,0,0,0,0,0,0,0,0,0,0,0,0,0,0,0,0,0,0,0,0,0,0,0,0,0,0.651,0,0,0,0,0,0,0,0,0,0,0,0,0,0,0,0,0,0,0,0,0,0,0,0,0,0,0,0,0,0,0,0,0,0,0,0,0,0,0,0,0,0,0,0,0,0,0,0,0,0,0,0,0,0,0,0,0,0,0,0,0,0,0,0,0,0,0,0,0,0,0,0,0,0,0,0,0,0,0,0,0,0,0,0,0,0,0,0,0,0,0,0,0,0,0,0,0,0,0,0,0,0,0,0,0,0,0,0,0,0,0,0,0,0,0,0,0,0,0,0,0,0,0,0,0,0.511,0,0,0,0,0,0,0,0,0,0,0,0,0,0,0,0,0,0,0,0,0,0,0,0,0,0,0,0,0,0,0,0,0,0,0,0,0,0,0,0,0,0,0,0,0,0,0,0,0,0,0,0,0,0,0,0,0,0,0,0,0,0,0,0,0,0,0,0,0,0,0,0,0,0,0,0,0,0,0,0,0,0,0,0,0,0,0,0,0,0,0,0,0,0,0,0,0,0,0,0,0,0,0,0,0,0,0,0,0,0,0,0,0,0,0,0,0,0,0,0,0,0,0,0,0,0,0,0,0,0,0,0,0,0,0,0,0,0,0,0,0,0,0,0,0,0,0,0,0,0,0,0,0,0,0,0,0,0,0,0,0,0,0,0,0,0,0,0,0,0,0,0,0,0,0,0,0,0,0,0,0,0,0,0,0,0,0,0,0,0,0,0,0,0,0,0,0,0,0,0,0,0,0,0,0,0,0,0,0,0,0,0,0,0,0,0,0,0,0,0,0,0,0,0,0,0,0,0,0,0,0,0,0,0,0,0,0,0,0,0,0,0,0,0,0,0,0,0,0,0,0,0,0,0,0,0,0,0,0,0,0,0,0,0,0,0,0,0,0,0,0,0,0,0,0,0,0,0,0,0,0,0,0,0,0,0,0,0,0,0,0,0,0,0,0,0,0,0,0,0,0,0,0,0,0,0,0,0,0,0.556,0,0,0,0,0,0,0,0,0,0,0,0,0,0,0.808,0,0.697,0,0,0,0.95,0,0,0,0,0.173,0,0,0,0,0,0,0,0.29,0,0,0,0,0.698,0,0,0,0,0,0,0,0,0,0.795,0,0,0,0,0.836,0,0,0.196,0,0,0,0,0,0,0,0,0,0,0,0,0,0,0,0,0,0.242,0,0,0,0,0,0,0,0,0,0.983,0,0,0,0,0,0,0,0,0.274,0,0,0,0,0.194,0.807,0,0,0,0,0,0,0,0,0,0.161,0,0,0,0,0.152,0,0,0,0,0,0,0,0,0,0,0,0.339,0,0,0,0,0,0,0,0,0,0,0,0,0,0,0,0,0,0,0,0,0,0,0,0,0,0,0,0,0,0,0,0,0,0,0,0,0,0,0,0,0,0,0,0,0,0,0,0,0,0,0,0,0,0,0,0,0,0,0,0,0,0,0,0,0,0,0,0,0,0,0,0,0,0,0,0,0,0,0,0,0,0,0,0,0,0,0,0,0,0,0,0,0,0,0,0,0,0,0,0,0,0,0,0,0,0,0,0,0,0,0,0,0,0,0,0,0,0,0,0,0,0,0,0,0,0,0,0,0,0,0,0,0,0,0,0,0,0,0,0,0,0,0,0,0,0,0,0,0,0,0,0,0,0,0,0,0,0,0,0,0,0,0,0,0,0,0,0,0,0,0,0,0,0,0,0,0,0,0,0,0,0,0,0,0,0,0,0,0,0,0,0,0,0,0,0,0,0,0,0,0,0,0,0,0,0,0,0,0,0,0,0,0,0,0,0,0,0,0,0,0,0,0,0,0,0,0,0,0,0,0,0,0,0,0,0,0,0,0,0,0,0,0,0,0,0,0,0,0,0,0,0,0,0,0,0,0,0,0,0,0,0,0,0,0,0,0,0,0,0,0,0,0,0,0,0,0,0,0,0,0,0,0,0,0,0,0,0,0,0,0.294,0,0,0,0,0,0,0,0,0,0,0,0,0,0,0,0,0,0,0,0,0,0,0,0,0,0,0,0,0,0,0,0,0,0,0,0,0,0,0,0,0,0,0,0,0,0,0,0,0,0,0,0,0,0,0,0,0,0,0,0,0,0,0,0,0,0,0,0,0,0,0,0,0,0,0.196,0,0,0,0,0,0,0,0,0,0,0,0,0,0,0,0,0,0,0,0,0,0,0,0,0,0,0,0,0,0,0,0,0,0,0,0,0,0,0,0,0,0,0,0,0,0,0,0,0,0,0,0,0,0,0,0,0,0,0,0,0,0,0,0,0,0,0,0,0,0,0,0,0,0,0,0,0,0,0,0,0,0,0,0,0,0,0,0,0,0,0,0,0,0,0,0,0,0,0,0,0,0,0,0,0,0,0,0,0,0,0,0,0,0,0,0,0,0,0,0,0,0,0,0,0,0,0,0,0,0,0,0,0,0,0,0,0,0,0,0,0,0,0,0,0,0,0,0,0,0,0,0,0,0,0,0,0,0,0,0,0,0,0,0,0,0,0,0,0,0,0.214,0,0,0,0,0,0,0,0,0,0,0,0,0,0,0,0,0,0,0,0,0,0,0,0,0,0,0,0,0,0,0,0,0,0,0,0,0,0,0,0,0,0,0,0,0,0,0,0,0.309,0,0,0,0,0,0,0,0,0,0,0,0,0,0,0,0,0,0,0,0,0,0,0,0,0,0,0,0,0,0,0,0,0,0,0,0,0,0,0,0,0,0,0,0,0,0,0,0,0,0,0,0,0,0,0,0,0,0,0,0,0,0,0,0,0,0,0,0,0,0,0,0,0,0,0,0,0,0,0,0,0,0,0,0,0,0,0,0,0,0,0,0,0,0,0,0,0,0,0,0,0,0,0,0,0,0,0,0,0,0,0,0,0,0,0,0,0,0,0,0,0,0,0,0,0,0,0,0,0,0,0,0,0,0,0,0,0,0,0,0,0,0,0,0,0,0,0,0,0,0,0,0,0,0,0,0,0,0,0,0,0,0,0,0,0,0,0,0,0,0,0,0,0,0,0,0,0,0,0,0,0,0,0,0,0,0,0,0,0,0,0,0,0,0,0,0,0,0,0,0,0,0,0,0,0,0,0,0,0,0,0,0,0,0,0,0.394,0,0,0,0,0,0,0,0,0,0,0,0,0,0,0,0,0,0,0,0,0,0,0,0,0,0,0,0,0,0,0,0,0,0,0,0,0,0,0,0,0,0,0,0,0,0,0,0,0,0,0,0,0,0,0,0,0,0,0,0,0,0,0,0,0,0,0,0,0,0,0,0,0,0,0,0,0,0,0,0,0,0,0,0,0,0,0,0,0,0.969,0,0,0,0,0,0,0,0,0,0,0,0,0,0,0,0,0,0,0,0,0,0,0,0,0,0,0,0,0,0,0,0,0,0,0,0,0,0,0,0,0,0,0,0,0,0,0,0,0,0,0,0,0,0,0,0,0,0,0,0,0,0,0,0,0,0,0,0,0,0,0,0,0,0,0,0,0,0,0,0,0,0,0,0,0,0,0,0,0,0,0,0,0,0,0,0,0,0,0,0,0,0,0,0,0,0,0,0,0,0,0,0,0,0,0,0,0,0,0,0,0,0,0,0,0,0,0,0,0,0,0,0,0,0,0,0,0,0,0,0,0,0,0,0,0,0,0,0,0,0,0,0,0,0,0,0,0,0,0,0,0,0,0,0,0,0,0,0,0,0,0,0,0,0,0,0,0,0,0,0,0,0,0,0,0,0,0,0,0,0,0,0,0,0,0,0,0,0,0,0,0,0,0,0,0,0,0,0,0,0,0,0,0,0,0,0,0,0,0,0,0,0,0,0,0,0,0,0,0,0,0,0,0,0,0,0,0,0,0,0,0,0,0,0,0,0,0,0,0,0,0,0,0,0,0,0,0.614,0,0,0,0,0,0,0,0,0,0,0,0,0.69,0,0.687,0,0.797,0,0,0,0,0,0,0.853,0,0,0,0,0,0,0,0,0,0,0,0,0,0,0,0,0,0,0,0,0,0,0,0,0,0,0,0,0,0,0,0,0,0,0,0,0,0,0,0,0,0,0,0,0,0,0,0,0,0,0,0,0,0,0,0,0,0,0,0,0,0,0,0,0,0,0,0,0,0,0,0,0,0,0,0,0,0,0,0,0,0,0,0,0,0,0,0,0,0,0,0,0,0,0.22,0,0,0,0,0,0,0.418,0,0,0,0,0,0,0,0,0,0,0,0,0,0,0,0,0,0,0,0,0,0,0,0,0,0,0,0,0,0,0,0.484,0,0,0,0,0,0,0,0,0,0,0,0,0,0,0,0,0,0,0,0,0,0,0,0,0,0.394,0,0,0,0,0,0,0,0,0,0,0,0.29,0,0,0,0,0,0,0,0,0,0,0,0,0,0,0,0,0.227,0,0,0,0,0,0,0,0,0,0,0,0,0,0,0,0,0,0,0,0,0,0,0,0,0,0,0,0,0,0,0,0,0,0,0,0,0,0,0,0,0.25,0,0,0,0,0,0,0,0,0,0.273,0.398,0.394,0,0.393,0,0.394,0,0.274,0.309,0.292,0,0,0,0,0,0,0.373,0,0,0,0.194,0.379,0,0,0,0,0,0,0,0,0,0,0,0,0,0,0,0,0,0,0,0,0,0,0,0,0,0,0,0,0,0,0,0,0,0,0,0,0,0,0,0,0,0,0,0,0,0,0,0,0,0,0,0,0,0,0,0,0,0,0,0,0,0,0,0,0,0,0,0,0,0,0,0,0,0,0,0,0,0,0,0,0,0,0,0,0,0,0,0,0,0,0,0,0,0,0,0,0,0,0,0,0,0,0,0,0,0,0,0,0,0,0,0,0,0,0,0,0,0,0,0,0,0,0,0,0,0,0,0,0,0,0,0,0,0,0,0,0,0,0,0,0,0,0,0,0,0,0,0,0,0,0,0,0,0,0,0,0,0,0,0,0,0,0,0,0,0,0,0,0,0,0,0,0,0,0,0,0,0,0,0,0,0,0,0,0,0,0,0,0,0,0,0,0,0,0,0,0,0,0,0,0,0,0,0,0,0,0,0,0,0,0,0,0,0,0,0,0,0,0,0,0,0,0,0,0,0,0,0,0,0,0,0,0,0,0,0,0,0,0,0,0,0,0,0,0,0,0,0,0,0,0,0,0,0,0,0,0,0,0,0,0,0,0,0,0,0,0,0,0,0,0,0.539,0,0,0,0,0,0,0,0,0,0,0,0,0,0,0,0,0,0,0,0,0,0,0,0,0,0,0,0,0,0,0,0,0,0,0,0,0,0,0,0,0,0,0,0,0,0,0,0,0,0,0,0,0,0,0,0,0,0,0,0,0,0,0,0,0,0,0,0,0,0,0,0,0,0,0,0,0,0,0,0,0,0,0,0,0,0,0,0,0,0,0.309,0,0,0,0,0,0,0,0,0,0,0,0,0,0,0,0,0,0,0,0,0,0,0,0,0.26,0,0,0,0,0,0,0,0,0,0,0,0,0,0,0,0,0,0,0,0,0,0,0,0,0,0,0,0,0,0,0,0,0,0,0,0,0,0,0,0,0,0,0,0,0,0,0,0,0,0,0,0,0,0,0,0,0,0,0,0,0,0,0,0,0,0,0,0,0,0,0,0,0,0,0,0,0,0,0,0,0,0,0,0,0,0,0,0,0,0,0,0,0,0,0,0,0,0,0,0,0,0,0,0,0,0,0,0,0,0,0,0.611,0,0,0,0,0,0,0,0,0,0,0,0,0,0,0,0,0,0,0,0,0,0,0,0,0,0,0,0,0,0,0,0,0,0,0,0,0,0,0,0,0,0,0,0,0,0,0,0,0,0,0,0,0,0,0,0,0,0,0,0,0,0,0,0,0,0,0,0,0,0,0,0,0,0,0,0,0,0,0,0,0,0,0,0,0,0,0,0,0,0,0,0,0.196,0,0,0,0,0,0,0,0,0,0,0,0,0,0,0,0,0,0,0,0,0,0,0,0,0,0,0,0,0,0,0,0,0,0,0,0,0,0,0,0,0,0,0,0,0,0,0,0,0,0,0,0,0,0,0,0,0,0,0,0,0,0,0,0,0,0,0,0,0,0,0,0,0.319,0,0,0,0,0,0,0,0,0,0,0,0,0,0,0,0,0,0,0,0,0,0,0,0,0,0,0,0,0,0,0,0,0,0,0,0,0,0,0,0,0,0,0,0,0,0,0,0,0,0,0,0,0,0,0,0,0,0,0,0,0,0,0,0,0,0,0,0,0,0,0,0,0,0,0,0,0,0,0,0,0,0,0,0,0,0,0,0,0,0,0,0,0,0,0,0,0,0,0,0,0,0,0
852484,0,0.234,0,0,0,0,0.397,0,0,0.26,0,0,0,0,0,0,0,0,0,0,0,0,0,0,0.193,0,0.219,0,0,0,0,0,0.194,0,0,0,0,0,0,0,0,0,0,0,0,0,0,0,0,0,0.515,0,0,0,0,0.181,0.208,0,0,0,0.193,0,0.893,0,0,0,0,0,0,0,0,0,0,0,0,0,0,0,0,0,0,0,0,0,0,0.193,0,0,0,0,0,0,0,0,0.234,0,0,0.193,0,0,0,0,0,0,0.191,0,0.193,0,0,0,0,0,0,0,0,0,0,0,0,0,0,0,0,0.203,0,0,0,0,0,0,0,0,0,0,0,0,0,0,0.219,0,0.176,0,0,0,0.208,0,0,0,0,0,0.151,0,0,0,0,0,0.247,0,0,0,0,0,0,0,0,0,0,0,0,0,0,0,0,0,0,0,0,0,0,0.163,0,0,0,0,0,0,0,0,0,0,0,0,0,0,0,0,0,0,0,0,0.222,0,0.295,0,0,0,0,0,0,0,0.21,0,0,0,0,0,0,0,0.662,0,0,0,0.583,0,0,0.227,0.185,0,0,0,0,0,0,0,0,0,0,0.262,0,0,0,0,0,0,0,0,0,0,0,0,0,0.434,0,0,0,0,0.169,0,0,0,0,0,0,0,0,0,0,0,0,0,0,0,0.196,0,0,0,0,0,0,0,0,0,0,0,0.284,0,0,0,0.755,0,0,0,0.432,0,0,0,0,0,0.451,0,0,0.195,0,0,0,0,0,0,0,0,0,0,0,0.554,0,0,0,0,0,0,0,0,0,0,0,0,0,0.267,0,0,0,0.528,0,0,0,0,0,0,0,0.177,0.163,0,0,0,0,0,0,0,0,0,0,0,0,0,0,0,0,0,0,0,0.609,0,0,0,0,0,0,0,0,0,0.408,0,0.15,0,0,0,0,0.89,0,0,0,0,0,0,0,0,0.633,0,0.153,0.986,0,0,0,0.897,0,0,0,0,0,0,0,0,0.666,0,0.191,0,0,0,0,0,0,0,0,0,0,0,0,0,0.215,0,0,0,0,0,0,0,0,0.599,0,0,0,0,0.832,0,0,0,0,0.163,0,0,0,0,0,0,0,0,0.664,0,0,0,0.169,0,0,0.15,0,0,0,0,0,0.198,0,0,0,0,0,0.89,0,0,0,0,0,0,0,0,0,0,0,0,0,0.199,0,0,0,0,0,0,0,0.797,0,0,0,0,0,0,0.686,0,0,0,0,0,0,0,0,0,0,0,0.227,0,0,0,0,0,0,0,0,0,0.195,0,0,0,0,0,0,0,0,0,0,0.695,0.758,0,0,0,0,0,0,0,0.156,0,0,0.215,0,0,0,0,0,0.265,0,0,0,0,0,0,0,0,0,0,0.896,0.194,0,0.49,0,0,0,0.261,0,0,0,0,0,0,0,0,0,0,0.159,0,0,0,0,0,0,0,0,0,0,0,0,0,0,0,0,0,0,0,0,0,0,0,0,0,0,0,0,0,0,0,0,0,0,0.451,0,0,0,0,0,0,0,0,0.652,0,0.191,0.445,0,0,0,0,0,0,0.228,0,0.994,0,0,0,0,0.542,0.309,0,0,0,0,0,0,0,0,0,0,0,0,0,0,0.713,0,0,0,0.949,0,0,0,0,0,0,0,0,0.165,0,0,0.428,0,0,0,0,0.287,0,0,0,0,0,0.648,0,0,0,0,0,0,0,0,0,0,0.999,0,0,0,0,0,0,0,0,0,0,0,0,0.203,0,0,0.274,0,0.23,0,0,0.862,0.359,0.706,0,0,0,0,0,0,0,0,0,0,0,0.56,0,0,0,0.25,0,0,0,0,0,0,0,0,0,0.547,0,0,0,0,0,0,0,0.744,0,0.882,0,0,0,0,0.942,0.193,0,0,0,0,0,0,0,0.275,0.221,0,0.191,0,0,0,0.694,0.901,0,0,0.293,0.227,0,0,0,0.626,0,0,0,0,0,0,0,0,0,0,0,0,0,0.271,0.309,0,0,0,0.917,0,0.215,0.616,0,0,0,0,0,0,0,0.185,0,0,0,0,0,0,0,0,0,0,0,0,0.481,0.896,0,0.28,0,0,0,0,0,0,0.251,0,0,0,0,0,0.232,0,0,0,0,0,0,0,0.377,0,0,0,0,0,0,0,0,0,0,0,0,0.378,0,0,0,0,0.677,0,0,0,0,0,0,0,0,0,0,0,0,0,0.895,0,0,0,0,0,0,0,0,0,0,0,0,0,0,0,0,0,0.315,0,0,0,0,0,0,0,0.529,0,0,0.898,0.213,0,0,0,0.261,0,0,0,0.886,0,0.195,0.16,0,0,0,0,0,0,0,0,0,0,0,0.173,0,0,0,0,0,0,0,0,0,0,0,0.256,0,0,0,0.162,0.174,0,0,0,0,0,0,0,0,0,0,0,0,0,0,0,0,0,0,0.196,0,0.86,0,0,0,0,0,0,0,0,0,0,0,0,0,0,0,0,0,0,0.315,0,0,0,0,0,0,0,0,0,0,0,0,0,0,0.208,0,0,0,0,0,0,0,0,0,0,0,0,0,0,0,0,0,0,0,0,0,0,0,0,0,0,0,0,0,0,0,0,0,0,0,0,0,0.917,0,0.188,0.577,0,0.19,0,0,0.73,0,0,0,0,0,0,0,0.206,0,0,0,0,0,0.194,0,0,0.655,0,0,0.196,0,0,0,0,0,0,0,0,0,0,0,0,0,0.304,0,0,0,0,0,0,0,0.969,0,0,0.265,0,0,0.315,0,0,0,0,0,0,0,0,0,0,0,0,0,0,0,0,0,0,0.183,0,0,0,0,0,0.179,0,0,0,0,0,0,0,0,0,0,0.625,0,0,0,0,0,0.151,0,0,0,0,0,0,0,0,0,0,0,0.48,0,0,0,0,0.275,0,0.19,0,0,0.389,0,0,0.71,0,0,0,0,0,0,0,0.341,0.894,0,0,0,0,0,0,0,0,0,0,0,0,0,0.265,0,0,0,0,0,0.192,0,0,0,0,0.294,0,0,0,0,0,0.329,0,0,0,0,0,0,0,0,0,0.828,0,0,0.176,0,0,0,0,0,0,0,0,0,0,0,0,0,0,0.175,0,0.609,0,0,0.243,0,0.21,0,0,0,0,0,0,0,0,0,0,0,0,0,0,0,0,0,0,0,0,0,0,0,0,0.194,0,0,0.163,0.151,0.305,0,0.238,0,0,0.184,0,0,0,0,0,0,0,0,0,0,0,0.213,0,0,0,0,0,0,0,0,0,0.346,0,0,0,0,0.265,0,0,0,0,0,0,0,0,0,0.264,0,0,0,0,0,0,0,0,0,0,0,0,0,0,0,0,0,0,0,0,0,0.166,0,0.191,0,0,0,0,0,0.207,0,0,0,0,0.163,0,0,0,0,0,0,0,0,0.294,0.209,0.161,0,0.264,0.158,0,0,0,0,0,0,0,0,0,0,0,0.241,0,0,0,0.184,0,0,0,0,0,0,0,0,0,0,0,0,0,0,0,0,0,0.406,0,0,0,0,0,0,0,0,0,0,0.68,0,0,0.185,0,0,0,0.225,0.225,0,0,0,0,0.203,0,0,0,0,0,0,0,0,0,0,0,0,0,0,0,0,0,0,0,0,0,0,0,0,0,0,0,0,0,0,0,0,0,0,0,0,0,0,0,0,0,0,0,0,0,0,0,0,0,0,0.205,0,0,0,0,0,0,0,0,0.948,0,0,0,0,0,0,0,0,0,0,0,0,0.251,0,0,0,0,0,0,0,0.712,0,0,0,0,0,0,0,0,0,0,0,0,0,0,0,0,0,0,0,0,0,0,0,0,0,0,0,0,0,0,0.196,0,0,0,0,0.554,0,0,0,0,0,0,0,0,0,0,0,0,0,0,0.157,0,0,0,0,0,0,0,0.222,0,0,0,0,0,0,0,0,0,0,0,0,0,0,0,0,0,0,0,0,0,0,0,0,0,0.194,0,0,0,0,0,0,0,0,0,0,0,0,0,0,0,0,0,0,0,0,0,0,0,0,0,0,0,0,0,0,0,0,0,0,0,0,0,0,0,0,0.166,0,0,0,0,0,0,0,0,0,0,0,0,0,0,0,0,0,0,0,0,0,0,0,0,0,0,0.527,0,0,0,0,0,0,0,0.373,0,0,0,0.272,0,0,0,0,0,0,0,0,0,0,0,0,0,0,0,0,0,0,0.177,0,0,0,0,0,0,0,0,0,0,0,0,0.159,0,0,0,0,0,0,0,0,0,0,0,0,0,0,0,0,0,0,0,0,0,0,0,0,0,0,0,0,0,0,0,0,0,0,0,0,0,0,0,0,0,0,0,0,0,0,0,0,0,0,0,0,0,0,0,0,0,0.646,0,0,0,0,0,0,0,0,0,0,0,0,0,0.179,0,0,0,0,0,0,0,0.268,0,0,0,0,0,0,0,0,0,0,0,0,0,0,0,0,0.329,0,0,0,0,0,0,0,0,0,0,0,0,0,0,0.294,0,0,0,0,0,0,0,0,0,0.463,0,0.178,0,0,0,0,0,0,0,0,0,0,0,0,0,0,0,0,0,0,0,0,0,0,0,0,0,0.242,0,0,0,0,0,0,0,0,0,0,0,0,0,0,0,0,0,0,0,0,0,0.172,0,0,0,0.172,0,0,0,0,0,0,0,0,0,0,0,0,0,0,0,0,0,0,0,0,0,0,0,0,0,0,0,0,0,0,0,0,0,0,0,0,0,0,0,0,0,0,0.37,0.172,0,0,0,0,0,0,0,0,0,0,0,0,0,0,0,0,0,0,0,0,0,0,0,0,0,0,0.238,0,0,0,0,0,0,0,0,0,0,0,0,0,0,0,0,0,0,0,0,0,0.186,0,0,0,0,0,0,0,0,0,0,0,0,0,0,0,0,0,0,0,0,0,0,0,0,0,0,0,0.197,0,0.187,0,0,0.151,0,0,0,0,0,0,0,0,0,0,0,0,0,0,0,0.151,0,0,0,0,0,0,0,0,0,0,0,0,0.173,0,0,0,0,0,0,0,0,0,0,0,0,0,0,0,0,0,0,0.385,0,0.277,0,0,0,0,0,0,0,0,0,0.151,0,0,0,0.191,0,0,0,0,0,0.547,0,0,0,0,0,0,0,0,0,0,0,0,0.318,0,0,0,0,0,0,0,0,0,0,0,0,0,0,0,0,0,0,0,0,0.246,0,0,0,0,0,0,0,0,0,0,0,0,0,0,0,0,0,0.363,0,0,0,0,0,0,0,0,0,0,0,0,0,0,0,0,0,0,0,0,0,0,0,0,0,0,0,0,0,0,0,0.156,0,0.235,0,0,0,0,0,0,0,0,0,0,0,0,0,0,0,0,0,0,0,0,0,0,0,0,0,0,0,0,0,0,0,0,0,0,0,0,0,0,0,0,0,0,0,0,0,0,0,0,0,0,0,0,0,0,0,0.171,0,0,0,0,0,0,0,0,0,0,0,0,0,0,0,0.293,0,0,0,0,0,0,0,0,0.167,0,0,0,0,0,0,0,0,0,0,0,0.314,0,0,0,0,0,0.364,0,0,0,0,0,0,0,0,0,0,0,0,0.897,0,0,0,0,0,0,0,0,0,0,0,0,0,0.403,0,0,0,0,0,0,0,0.167,0,0,0,0,0,0,0,0,0,0,0,0,0.167,0,0,0,0,0,0,0,0,0,0.167,0,0.229,0,0,0,0,0,0.167,0,0,0,0,0,0,0,0.473,0.167,0,0,0,0.193,0,0,0,0,0.195,0,0,0,0,0,0,0,0,0,0,0,0,0,0,0,0,0.167,0,0,0,0,0,0.683,0,0.302,0,0.335,0,0.26,0.236,0,0,0,0,0,0.798,0.231,0,0.151,0,0,0,0.82,0,0,0,0.19,0,0,0,0.304,0,0,0,0,0,0,0,0.971,0,0,0,0,0.648,0.255,0,0.468,0,0,0,0,0,0,0,0,0,0,0,0,0,0,0,0,0,0,0,0,0,0,0,0.207,0,0,0,0,0,0,0,0,0,0,0,0,0,0,0,0,0,0,0,0,0,0,0,0,0,0,0,0,0,0,0,0,0,0,0,0,0,0,0,0.161,0,0,0,0,0,0,0,0,0,0,0,0,0,0,0,0,0,0,0.339,0,0,0,0,0,0,0,0,0,0,0,0,0,0,0,0,0,0.185,0,0,0,0.192,0,0,0,0,0,0,0,0,0,0,0,0,0,0,0.288,0,0,0,0,0,0,0,0,0,0,0,0,0,0,0,0,0,0,0,0,0.266,0,0,0,0.388,0,0,0,0,0,0,0,0,0.89,0.159,0,0,0,0,0,0,0,0.315,0,0,0.384,0,0.183,0,0,0,0,0,0,0.548,0.893,0,0,0,0,0,0,0,0,0,0,0,0,0,0,0,0,0,0.26,0,0,0,0,0,0,0,0,0.342,0,0,0,0,0,0,0,0,0,0,0,0,0,0,0,0,0,0.274,0,0.318,0.896,0,0,0,0,0,0,0,0,0.619,0,0,0,0,0,0,0,0,0.257,0,0.315,0,0,0,0,0,0,0,0,0,0,0,0,0,0,0,0.53,0,0,0,0,0,0.743,0,0,0.179,0,0,0.896,0.896,0.488,0,0,0,0,0,0,0,0,0,0,0,0,0,0.162,0.182,0,0,0,0.825,0,0,0,0,0.188,0.315,0,0,0,0.183,0.227,0,0,0,0,0,0.738,0,0,0,0,0.315,0,0,0,0,0,0,0,0,0,0,0,0,0,0,0,0,0,0,0,0,0,0,0,0,0,0,0,0,0,0,0,0,0,0,0,0,0,0,0,0,0,0,0,0,0,0,0,0,0,0,0,0,0,0,0,0,0,0,0,0,0,0,0,0,0,0,0,0,0,0.154,0,0,0,0,0,0,0,0,0,0,0,0,0,0,0,0,0,0,0,0,0,0,0,0,0,0,0,0,0,0,0,0,0,0,0,0,0,0,0,0,0,0,0,0,0,0,0,0,0,0,0,0,0,0,0,0,0,0,0,0,0,0,0,0,0,0,0,0,0,0,0,0,0,0,0,0,0,0,0,0,0,0,0,0,0,0,0.39,0,0,0,0,0,0,0,0,0,0,0,0,0,0,0,0,0,0,0,0,0,0,0,0,0,0,0,0,0,0,0,0,0,0,0,0,0,0,0,0,0,0,0,0,0,0,0,0,0,0,0,0,0,0,0,0,0,0,0,0,0,0,0,0,0,0,0,0,0,0,0,0,0,0,0,0,0.215,0,0,0.151,0,0,0,0,0,0,0,0,0,0,0,0,0,0,0,0,0,0,0,0,0,0.15,0,0,0,0,0,0,0,0,0,0,0,0,0,0,0,0,0,0,0.187,0.178,0,0,0,0,0,0,0,0,0,0,0,0,0,0,0,0,0,0,0,0.187,0,0,0.16,0,0,0,0,0,0,0,0,0,0,0,0,0,0,0,0,0,0,0,0,0,0,0,0,0,0,0.232,0,0,0,0,0,0,0,0,0,0,0,0,0,0,0,0,0,0,0,0,0,0,0,0,0.284,0,0,0,0,0,0,0,0,0,0,0,0,0,0,0,0,0,0,0,0,0,0,0,0,0,0,0,0,0,0,0,0,0,0,0,0,0,0,0,0,0,0.671,0,0,0,0,0,0,0,0,0,0,0,0,0,0,0,0,0,0,0,0,0,0,0,0.195,0,0,0,0,0,0,0,0,0,0,0,0,0,0,0,0,0,0,0,0.309,0,0,0.203,0,0,0,0.203,0,0,0,0,0,0,0,0,0,0,0.251,0,0.303,0,0.286,0,0,0.206,0,0,0,0,0,0,0,0,0,0,0,0,0,0,0,0,0,0,0,0.166,0,0,0,0,0,0,0,0,0,0,0,0,0,0,0,0,0,0,0,0,0,0,0,0,0,0,0,0,0,0,0,0.197,0,0,0,0,0,0,0,0,0,0,0,0,0,0,0,0,0,0,0,0,0,0,0,0,0,0,0,0.175,0,0,0,0,0,0,0,0,0,0,0,0,0,0,0,0,0,0,0,0,0,0,0,0,0,0,0,0,0,0,0,0,0,0,0,0,0.309,0,0,0,0,0,0,0,0,0,0,0,0,0,0.197,0,0,0.79,0,0,0,0,0,0,0,0.197,0,0,0,0,0,0,0,0,0,0,0,0,0,0,0,0,0,0,0,0,0,0,0,0,0,0,0,0,0,0,0,0,0,0,0,0,0,0,0,0,0,0,0,0,0,0.315,0,0,0,0,0,0,0,0,0,0,0,0,0,0,0.566,0,0,0,0,0.31,0,0,0,0,0,0,0.637,0,0,0,0,0,0,0,0,0,0,0,0,0,0,0,0,0,0,0,0,0,0,0.899,0,0,0,0,0,0,0,0,0,0,0,0,0.307,0,0,0,0,0,0,0,0,0,0,0,0,0,0,0,0,0,0,0,0,0,0,0,0,0,0,0,0,0,0,0,0,0,0,0,0,0,0,0,0,0,0,0,0,0,0,0.197,0,0,0,0,0,0,0,0,0,0,0,0,0,0,0.198,0,0,0,0,0,0.164,0,0,0,0,0,0,0,0,0,0,0,0,0,0,0,0,0,0,0,0,0,0,0,0,0,0,0,0,0,0,0,0,0,0,0,0,0,0,0,0,0,0,0,0,0,0,0,0,0,0,0,0,0,0,0,0,0,0,0,0,0,0,0,0,0,0,0,0,0,0,0.572,0,0,0,0,0,0,0,0,0,0,0,0,0,0,0,0,0,0,0,0,0,0,0,0,0,0,0,0,0,0,0,0,0,0,0,0,0,0.22,0,0,0,0,0,0,0,0,0.286,0,0,0,0,0,0,0,0,0,0,0,0,0,0,0,0,0,0,0,0,0,0,0,0,0,0,0,0,0,0,0,0,0,0,0,0,0,0,0,0,0,0,0,0,0,0,0,0,0,0,0,0,0,0,0,0,0,0,0,0,0,0,0,0,0,0,0,0,0,0,0,0,0,0,0,0,0,0,0,0,0,0,0,0,0,0,0,0,0,0,0,0,0,0,0,0,0,0,0,0,0,0,0,0,0,0,0,0,0,0,0,0,0,0.271,0.339,0,0,0,0,0,0,0,0,0,0,0,0.159,0,0,0,0,0,0,0,0,0,0,0.288,0,0,0,0,0,0,0,0,0,0,0,0,0,0,0,0,0,0,0,0,0,0,0,0.228,0,0,0,0,0.274,0,0.203,0,0,0,0,0,0,0,0,0,0.355,0,0,0,0,0,0,0,0.312,0,0,0,0,0,0,0,0,0,0,0,0,0,0,0,0,0,0,0,0,0,0,0.529,0,0,0,0,0,0,0,0,0,0,0,0,0,0,0,0,0,0,0,0,0,0,0,0,0.194,0.216,0,0,0,0,0,0,0,0,0,0,0,0,0,0,0,0,0,0,0,0,0,0,0,0,0,0,0,0,0,0,0,0.309,0,0,0,0,0,0,0,0,0,0,0,0,0,0,0,0,0,0,0,0,0,0,0,0,0,0,0.304,0,0,0,0,0,0,0,0,0.235,0,0.27,0,0,0,0,0,0,0,0,0,0,0,0,0,0.293,0,0,0,0,0,0,0,0,0,0,0,0,0,0,0,0.482,0,0,0,0,0,0,0,0,0,0,0,0.156,0,0,0,0,0,0,0,0,0,0,0,0,0,0,0,0,0,0,0,0,0,0,0.247,0,0.622,0,0,0,0,0,0,0,0,0,0,0,0,0,0,0,0,0,0,0,0,0,0,0,0,0,0,0,0,0,0,0.194,0,0,0.366,0,0,0,0,0,0,0,0,0,0,0,0,0,0,0,0,0,0,0,0,0,0,0,0,0,0.203,0,0,0,0.26,0,0.572,0,0,0,0,0,0.56,0,0,0,0,0,0,0,0.154,0,0.331,0,0,0.331,0,0,0,0,0,0.309,0,0,0.217,0,0,0,0,0,0,0,0,0,0,0,0,0,0,0,0,0,0,0,0,0,0,0,0,0,0,0,0,0,0,0,0,0,0,0,0,0,0,0,0,0,0,0,0,0,0,0,0,0,0,0,0,0,0,0,0,0,0,0,0,0,0,0,0,0,0,0,0,0.198,0,0,0,0,0,0,0,0,0,0,0,0,0,0,0,0,0,0,0,0,0,0,0,0,0,0,0,0,0,0,0,0,0.305,0,0,0,0,0,0,0,0,0,0,0,0,0,0,0,0,0,0,0,0,0,0,0,0,0,0,0,0,0,0,0,0,0,0,0,0,0,0,0,0,0,0,0,0,0,0.308,0,0,0,0,0,0,0,0,0,0,0,0,0,0,0,0,0,0,0,0,0,0,0,0,0,0,0,0,0,0,0,0,0,0,0,0,0,0,0
852483,0,0,0,0,0,0,0,0,0,0,0,0,0,0,0,0,0,0,0,0,0,0,0,0,0,0,0,0,0,0,0,0,0,0,0,0,0,0,0,0,0,0,0,0,0,0,0,0,0,0,0,0,0,0,0,0,0,0,0,0,0,0,0,0,0,0,0,0,0,0,0,0,0,0,0,0,0,0,0,0,0,0,0,0,0,0,0,0,0,0,0,0,0,0,0,0,0,0,0,0,0,0,0,0,0,0,0,0,0,0,0,0,0,0,0,0,0,0,0,0,0.38,0,0,0,0,0,0,0,0,0,0,0,0,0,0,0,0,0,0,0,0,0,0,0,0,0,0,0,0,0,0,0,0,0,0,0,0,0,0,0,0,0,0,0,0,0,0,0,0,0,0,0,0,0,0,0,0,0,0,0,0,0,0,0,0,0.39,0,0,0,0,0.185,0,0,0,0,0,0,0,0,0,0,0,0,0,0,0,0,0,0,0,0,0,0,0,0,0,0,0,0,0,0,0,0,0,0,0,0,0,0.225,0,0,0,0,0,0,0,0,0,0,0,0,0,0,0,0,0,0,0,0.258,0,0,0,0,0,0,0,0,0,0,0,0,0,0,0,0,0,0,0,0,0,0.37,0,0,0,0,0,0,0,0.196,0,0,0,0.219,0.522,0,0,0,0,0,0,0,0,0,0,0,0,0,0,0,0,0,0,0,0,0,0,0,0,0,0.192,0,0,0,0,0,0,0,0,0,0,0,0,0,0,0.187,0,0,0,0,0,0,0,0,0,0,0,0,0,0,0,0,0,0,0,0,0,0,0,0,0,0,0,0,0,0,0,0,0,0,0.16,0,0,0,0,0,0,0,0,0,0,0,0,0,0,0,0,0,0,0,0,0,0,0,0,0,0,0,0,0,0,0,0,0,0,0,0,0,0,0,0,0,0.536,0,0,0,0,0,0,0,0,0,0,0.966,0,0,0,0,0,0,0,0,0,0,0,0,0,0,0,0,0,0,0,0,0,0,0,0.171,0,0,0,0,0,0,0,0,0,0,0,0,0,0,0,0,0,0,0,0.272,0,0,0,0,0,0,0,0,0,0,0,0,0,0,0,0,0,0,0,0,0,0,0,0,0,0,0,0,0,0,0,0,0,0,0,0,0,0,0,0,0,0,0,0,0,0,0,0.51,0,0,0,0,0,0,0,0,0,0,0,0,0,0,0,0,0,0,0,0,0,0,0,0,0,0,0,0,0,0,0,0,0,0,0,0,0,0,0,0,0,0,0,0,0,0,0,0,0,0,0,0,0,0,0,0,0,0,0,0,0,0,0,0,0,0,0,0,0,0,0,0,0,0,0,0,0,0,0,0,0,0,0,0,0,0,0,0,0,0,0,0,0,0,0,0,0,0,0,0,0.374,0,0,0,0,0,0,0,0,0,0,0,0,0,0,0,0,0,0,0,0,0,0,0,0,0,0,0,0,0,0,0,0,0,0,0,0,0,0.274,0,0,0,0,0,0,0,0,0,0,0,0,0,0,0,0,0,0,0,0.522,0,0.538,0,0,0,0,0,0,0,0,0,0,0,0,0,0,0,0,0,0,0,0,0,0,0,0,0,0,0,0,0,0,0,0,0,0,0,0,0,0.28,0.339,0,0,0,0,0.229,0,0,0,0,0,0,0,0,0,0,0,0,0,0,0,0,0,0,0,0,0,0,0,0,0,0,0,0,0,0.167,0,0,0,0,0,0,0,0,0,0,0,0,0,0,0,0,0,0,0,0,0,0,0,0,0,0,0,0,0,0,0,0,0,0,0,0,0,0,0,0,0,0,0,0,0,0,0,0,0,0,0,0,0,0,0,0,0,0,0,0,0,0,0,0,0.304,0,0,0,0,0,0.305,0,0,0,0.782,0,0,0,0,0,0,0,0,0,0,0,0,0,0,0,0,0,0.175,0,0,0,0,0.173,0,0,0,0,0,0,0,0,0,0,0,0,0,0,0,0,0,0,0,0,0.192,0,0,0.483,0,0,0,0,0,0,0,0,0,0,0,0,0,0,0,0,0,0,0.404,0,0,0,0.173,0,0,0,0,0.265,0,0,0,0,0,0,0,0,0,0,0,0,0,0,0,0,0,0,0.353,0,0,0,0.334,0,0,0,0,0,0,0,0,0,0,0,0,0,0,0,0,0,0,0,0,0,0,0,0,0,0,0,0,0,0,0,0,0,0,0,0,0,0,0,0,0,0,0,0,0,0,0,0,0,0,0.966,0,0,0,0,0,0,0,0,0,0,0,0,0,0,0,0,0,0,0,0,0,0,0,0,0,0,0,0,0,0,0,0,0,0,0,0,0,0,0,0,0,0,0,0,0,0,0,0,0,0,0,0,0,0,0,0,0,0,0,0,0,0,0,0,0,0,0,0,0,0,0,0,0,0,0,0,0,0,0,0,0,0,0,0,0,0,0,0,0,0,0,0,0,0,0,0,0,0,0,0,0,0,0,0,0,0,0,0,0,0,0,0,0,0,0.824,0,0,0,0,0,0,0,0,0,0,0,0,0,0,0,0,0,0,0,0,0,0,0,0,0,0,0,0,0,0,0,0,0,0,0,0,0,0,0,0,0,0,0,0,0,0,0,0,0,0,0,0,0,0,0,0,0,0,0,0,0,0,0,0,0,0,0,0,0,0,0,0,0,0,0,0,0,0,0,0,0,0,0,0,0,0,0,0,0,0,0,0,0,0,0,0,0,0,0,0,0,0,0,0,0,0,0,0,0,0,0,0,0,0,0,0,0,0,0,0,0,0,0,0,0,0,0,0,0,0,0,0,0,0,0,0,0,0,0,0,0,0,0,0,0,0,0,0,0,0,0,0,0,0,0,0,0,0,0,0,0,0,0,0,0,0,0,0,0,0,0,0,0,0,0,0,0,0,0,0,0,0,0,0,0,0,0,0,0,0,0,0,0,0,0,0,0,0,0,0.227,0,0,0,0,0,0,0,0,0,0,0,0,0,0,0,0,0,0,0,0,0,0,0,0,0,0,0,0,0,0,0,0,0,0,0,0,0,0,0,0,0,0,0,0,0,0,0,0,0,0,0,0,0,0,0,0,0,0,0,0,0,0,0,0,0,0,0,0,0,0,0,0,0.957,0,0,0,0,0,0,0,0,0,0,0,0,0,0,0,0,0,0,0,0,0,0,0,0,0,0,0,0,0,0,0,0,0,0,0,0,0,0,0,0,0,0,0,0,0,0,0,0,0,0,0,0,0,0,0,0,0,0,0,0,0,0,0,0,0,0,0,0,0,0,0,0,0,0,0,0,0,0,0,0,0,0,0,0,0,0,0,0,0,0,0,0,0,0,0,0,0,0,0,0,0,0,0,0,0,0,0,0,0,0,0,0,0,0,0,0,0,0,0,0,0,0,0,0,0,0,0,0,0,0,0.337,0,0,0,0,0,0,0,0,0,0,0,0,0,0,0,0,0,0,0,0,0,0,0,0,0,0,0,0,0,0,0,0,0,0,0,0,0,0,0,0,0.309,0,0,0,0,0,0,0,0,0,0,0,0,0,0,0,0,0,0,0,0,0,0,0,0,0,0,0,0,0,0,0,0,0,0,0,0,0,0,0,0,0.333,0,0,0,0,0,0,0,0,0,0,0.196,0,0,0,0,0,0,0,0,0,0,0,0,0,0,0,0,0,0,0,0,0,0,0,0,0,0,0,0,0,0,0,0,0,0,0,0,0,0,0,0,0,0,0,0,0,0,0,0,0,0,0,0,0,0,0,0,0,0,0.308,0,0,0,0,0,0,0,0,0,0,0,0,0,0,0,0,0,0,0,0,0,0,0,0,0,0,0,0,0,0,0,0,0,0,0,0,0,0.206,0,0,0,0,0,0,0,0,0,0,0,0,0,0,0,0,0,0,0,0,0,0,0,0,0,0,0,0,0,0,0,0,0,0,0,0,0,0,0,0,0,0,0,0,0,0,0,0,0,0.302,0,0,0,0,0,0,0,0,0,0,0,0,0,0,0,0,0,0,0,0,0,0,0,0,0,0,0,0,0,0,0,0,0.19,0,0,0,0,0,0,0,0,0,0,0,0,0,0,0,0,0.262,0,0,0,0,0,0.338,0,0,0,0,0,0.276,0,0,0,0,0,0,0,0,0,0.206,0,0,0,0,0,0,0,0,0,0,0,0,0,0,0,0,0,0,0,0,0,0,0,0,0,0,0,0.669,0,0,0,0,0,0,0,0,0,0,0,0,0,0,0,0,0,0,0,0,0,0,0,0,0,0,0,0,0,0,0,0,0,0,0,0,0,0,0,0,0,0,0,0,0,0,0.326,0,0,0.194,0,0,0,0.159,0,0,0,0,0,0,0,0,0,0,0,0,0,0,0,0,0,0,0,0,0,0,0,0,0.334,0,0,0,0,0,0,0,0,0,0,0,0,0,0,0,0,0,0,0,0,0,0,0,0,0,0,0,0,0,0,0,0,0,0,0,0,0.634,0,0,0,0,0,0,0,0,0,0,0,0,0,0,0,0,0,0,0,0,0,0,0,0,0,0,0,0,0,0,0,0,0,0,0,0.176,0,0,0,0,0,0,0,0,0,0,0,0,0,0,0,0,0,0,0,0,0,0,0,0,0,0,0,0,0,0,0,0,0,0.192,0,0,0,0,0,0,0,0,0,0,0,0,0,0,0,0,0,0,0,0,0,0,0,0,0,0,0,0,0,0,0.597,0,0,0,0,0,0,0,0,0,0,0,0,0,0,0,0,0,0,0,0,0,0,0,0,0,0,0,0,0,0,0,0,0,0,0,0,0,0,0,0,0,0,0,0,0,0,0,0,0,0,0,0,0,0,0,0,0,0,0,0,0,0,0,0,0,0,0,0,0,0,0,0,0,0,0,0,0,0,0,0,0,0,0,0,0,0,0,0,0,0,0,0,0,0,0,0.161,0,0,0.704,0,0,0,0.32,0,0,0,0,0,0,0,0,0,0,0,0,0,0,0,0,0,0.48,0,0,0,0,0,0,0,0.171,0,0,0,0,0,0,0,0,0,0,0,0,0,0,0,0,0,0,0,0,0,0,0,0,0,0,0,0,0,0,0,0,0,0,0,0,0,0,0,0,0,0,0,0,0.373,0,0,0,0,0,0,0,0,0,0,0,0,0,0,0,0,0,0,0,0,0,0,0,0.212,0,0.159,0,0,0,0,0,0,0,0,0,0,0,0,0,0,0,0,0,0,0,0,0,0,0,0,0,0,0,0,0,0,0,0,0,0,0,0,0,0,0,0,0,0,0,0,0,0,0,0,0,0,0,0.237,0,0,0,0,0,0,0,0,0,0,0,0,0.205,0,0,0,0,0,0,0,0,0,0,0,0,0,0,0,0,0,0,0,0,0,0,0,0,0,0,0,0,0,0,0,0,0,0,0,0,0,0,0,0,0,0,0,0,0,0,0,0,0,0,0,0,0,0,0,0,0,0,0,0,0,0,0,0,0,0,0,0,0,0,0,0,0,0,0,0,0,0,0,0,0,0,0,0,0,0,0,0,0,0,0,0,0,0,0,0,0,0,0,0,0,0,0,0,0,0,0,0,0,0,0,0,0,0,0,0,0,0,0,0,0,0,0,0,0,0,0,0,0,0,0,0,0,0,0,0,0,0,0,0,0,0,0,0,0,0,0,0,0,0,0,0,0,0,0,0,0,0,0,0,0,0,0,0,0,0,0,0,0,0,0,0,0,0.246,0,0,0,0,0,0,0,0,0,0,0,0,0,0,0,0,0,0,0,0,0,0,0,0,0,0,0,0,0,0,0,0,0,0,0,0,0,0,0,0,0,0,0,0,0,0,0,0,0,0,0,0,0,0,0,0,0,0.195,0,0,0,0,0,0,0,0,0,0,0,0,0,0,0,0,0,0,0,0,0,0,0,0.24,0,0,0,0,0,0,0,0,0,0,0,0,0,0,0,0,0,0,0,0,0,0,0,0,0,0,0,0.447,0,0,0,0,0,0,0,0,0,0,0,0,0,0,0,0,0,0,0,0,0,0,0,0,0,0,0,0,0,0,0,0,0,0,0,0,0,0,0,0,0,0,0,0,0,0,0,0.29,0,0,0,0,0,0,0,0,0,0,0,0,0,0,0,0,0,0,0,0,0,0,0,0,0,0,0,0,0,0,0,0,0,0,0,0,0,0,0,0,0,0,0,0,0,0,0,0,0,0,0,0,0,0,0,0,0,0,0,0,0,0,0,0,0,0,0,0,0,0,0,0,0,0,0,0,0,0,0,0,0,0,0,0,0,0,0,0,0,0,0,0,0,0,0,0,0,0,0,0,0,0,0,0,0,0,0,0,0,0,0,0,0,0,0,0,0,0,0.225,0,0.276,0,0.227,0,0,0,0,0,0,0,0,0,0,0,0,0,0,0,0,0,0.174,0,0,0,0,0,0,0,0,0,0,0,0.387,0.286,0,0.172,0,0,0,0,0.583,0,0,0,0,0,0,0,0,0,0.258,0,0,0,0.593,0.247,0,0,0,0,0,0,0,0,0,0,0.428,0,0.48,0,0,0,0,0,0,0,0,0,0,0,0,0,0.189,0,0.442,0,0.286,0,0,0,0.392,0.536,0,0,0,0,0,0,0,0,0,0.184,0,0,0,0,0,0,0,0,0,0,0,0.549,0,0.286,0,0.244,0,0,0,0,0,0,0,0,0,0,0,0,0,0,0,0,0,0.322,0,0,0,0,0,0,0,0,0,0,0,0.224,0,0,0.603,0,0.294,0,0,0,0,0,0,0,0,0,0.196,0,0,0,0,0,0,0,0,0,0,0,0,0,0,0,0,0,0.288,0,0,0,0,0,0,0,0,0,0,0,0,0,0,0,0,0,0,0,0,0,0,0,0,0,0,0,0,0,0,0,0,0,0,0,0,0,0,0,0,0,0,0,0,0,0,0,0,0,0,0,0,0,0,0,0,0,0,0,0,0,0,0,0,0,0,0,0,0,0,0,0,0,0,0,0.187,0,0,0,0,0,0,0,0,0,0,0,0,0,0,0,0,0,0,0,0,0,0,0,0,0,0,0,0,0,0,0,0,0,0.338,0,0,0,0,0,0,0,0,0,0.192,0,0,0,0,0,0.358,0,0,0,0,0,0,0,0,0,0,0,0,0,0,0,0,0.979,0,0,0,0,0,0,0,0,0,0.257,0,0,0,0,0,0,0,0,0,0,0,0,0,0,0,0,0,0,0,0,0,0,0,0,0,0,0,0,0,0,0,0,0,0,0,0,0,0,0,0.192,0,0,0,0,0,0,0,0,0,0,0,0,0,0,0,0,0,0,0,0,0,0,0,0,0,0,0,0,0,0,0,0,0,0,0,0,0,0,0,0,0,0,0,0,0,0,0,0,0,0,0,0,0,0,0,0,0,0,0,0,0,0,0,0,0,0,0,0,0,0,0,0,0,0,0.635,0,0,0,0,0,0.177,0,0,0,0,0.258,0,0.379,0,0,0,0,0.227,0,0,0,0,0,0,0,0,0,0,0,0,0,0,0,0,0,0,0,0,0,0,0,0.37,0,0,0,0,0,0.194,0,0,0,0,0,0,0,0,0,0,0,0,0,0,0,0,0,0,0,0,0.336,0,0.764,0.653,0,0,0,0,0.295,0,0,0,0.297,0,0,0,0,0,0,0,0,0,0,0,0,0,0,0,0,0.501,0,0,0,0.456,0,0,0,0,0,0.838,0,0,0,0,0,0,0,0,0,0.356,0,0,0,0,0,0,0,0,0,0,0,0,0,0,0,0,0,0,0,0,0,0,0,0,0,0,0,0,0,0,0,0,0,0,0,0.169,0.37,0,0,0,0,0,0,0,0,0,0,0,0,0,0,0,0,0,0,0,0.36,0,0,0,0,0,0,0,0,0,0,0,0,0,0,0,0,0,0,0,0,0,0,0,0,0,0.322,0,0.186,0,0.302,0,0,0,0,0.193,0,0,0,0,0,0,0,0,0,0,0,0,0,0,0,0,0,0,0,0,0,0,0,0,0,0,0,0,0,0,0,0,0,0,0,0,0,0,0,0,0,0,0,0,0,0,0,0,0,0,0,0,0,0,0,0,0,0,0,0,0,0,0,0,0,0.273,0,0,0,0,0,0,0,0,0,0,0,0,0,0,0,0,0,0,0,0,0,0,0,0,0,0,0,0,0,0,0.439,0,0,0,0,0,0,0.191,0.229,0,0,0,0,0,0,0,0,0,0,0,0,0,0,0,0.617,0,0,0,0,0,0,0.165,0,0,0,0,0,0,0,0,0,0,0,0,0,0,0,0.294,0,0,0,0,0,0,0,0,0,0,0,0,0,0,0,0,0,0,0.291,0,0,0,0,0,0,0,0,0,0,0,0,0,0,0,0,0,0,0,0,0,0,0,0,0,0,0,0,0,0,0,0,0,0,0,0,0,0,0,0,0,0,0,0,0,0,0,0,0,0,0,0,0,0,0,0,0,0,0,0,0,0,0,0,0,0,0,0,0,0,0,0,0,0,0,0,0,0,0,0,0,0,0,0,0,0,0,0,0,0,0,0,0,0,0,0,0,0,0,0,0,0,0.378,0,0,0,0,0,0,0,0,0,0,0,0,0,0,0,0,0,0,0,0,0,0,0,0,0,0,0,0,0,0,0,0,0,0,0,0,0,0,0,0,0,0,0,0,0,0,0,0,0,0,0,0,0,0,0,0,0,0,0,0.247,0,0,0,0,0,0,0,0,0,0,0,0,0.682,0,0,0,0,0,0,0,0,0.662,0,0,0,0,0,0,0,0,0,0,0,0,0,0,0,0,0,0,0,0,0,0,0,0,0,0,0,0,0,0,0,0,0,0,0,0.401,0,0,0,0,0.153,0,0,0,0,0,0,0,0,0,0,0,0,0,0,0,0,0,0,0,0,0,0,0,0,0,0,0,0,0,0,0,0,0,0,0,0,0,0,0,0,0,0,0,0,0,0,0,0.312,0,0,0,0,0,0,0,0,0,0,0.165,0,0,0,0,0,0,0,0,0,0,0,0,0,0,0,0,0,0,0,0,0,0,0,0,0,0,0,0,0,0,0,0,0,0,0,0,0,0,0,0,0,0,0,0,0,0,0,0,0,0,0,0,0,0,0,0,0,0,0,0,0,0,0,0,0,0,0,0,0,0,0,0,0,0,0,0,0,0,0.355,0,0,0,0,0,0.39,0,0,0,0,0,0,0,0,0,0,0,0,0.54,0,0,0,0,0,0.568,0,0,0,0,0.54,0,0,0,0,0.396,0,0,0,0,0,0,0,0,0,0,0,0,0,0,0,0,0.585,0,0,0,0,0,0,0,0,0,0,0,0,0,0,0,0,0,0,0,0,0,0,0,0,0,0,0,0,0,0,0,0.286,0,0.424,0,0,0,0,0,0,0,0,0,0,0,0.237,0,0,0,0,0,0,0,0,0,0,0,0,0,0,0,0,0,0,0,0,0,0,0,0,0,0,0,0,0,0,0,0,0,0,0,0,0,0,0,0.429,0,0,0,0,0,0,0,0,0,0,0,0,0,0,0,0,0,0,0,0,0,0,0,0,0,0,0,0,0,0,0,0,0,0,0,0,0,0,0,0,0,0,0,0,0,0,0,0,0,0,0,0,0,0,0,0,0,0,0,0,0,0,0,0,0,0,0,0,0.309,0.284,0,0,0,0.307,0,0,0,0,0,0,0.29,0,0,0,0,0,0,0,0,0,0,0,0,0,0,0,0.474,0,0,0,0,0,0,0,0,0,0,0,0,0,0,0,0,0,0,0,0,0,0,0,0,0,0,0,0,0.298,0,0.16,0,0,0,0,0,0,0,0,0,0,0,0,0,0,0,0.173,0,0,0,0,0,0,0,0,0,0,0,0,0,0,0,0,0,0,0,0,0,0,0,0,0,0,0,0,0,0,0,0,0,0,0,0,0,0,0,0,0,0,0,0.366,0,0.339,0,0,0,0
854303,0,0,0,0,0.353,0,0,0,0,0,0,0,0,0,0,0,0,0,0,0,0,0,0,0,0,0,0,0,0,0,0,0,0,0,0,0,0,0,0,0,0,0,0,0,0,0,0,0,0,0,0,0,0,0,0,0,0,0,0.156,0,0,0,0,0,0,0,0,0,0,0,0.191,0.428,0,0,0,0,0,0,0,0,0,0,0,0,0,0,0,0,0,0,0,0,0.585,0,0,0,0,0,0,0,0,0,0,0,0,0.178,0,0.446,0,0,0,0,0,0,0,0,0,0,0,0,0,0,0,0,0,0,0,0,0,0,0,0,0,0,0,0,0.152,0,0,0,0,0,0,0,0,0.196,0,0,0,0,0,0,0,0,0,0.162,0,0,0,0,0,0,0,0,0,0,0,0,0,0,0,0,0,0,0,0,0,0,0,0,0,0,0.381,0,0.861,0,0.281,0,0,0,0,0,0,0.152,0,0,0.236,0,0,0,0,0,0,0,0,0.293,0,0.158,0,0,0,0.193,0,0.198,0,0.35,0,0,0,0,0.214,0.234,0,0,0,0,0,0,0,0,0.374,0.391,0,0.421,0,0,0.292,0,0.541,0,0,0,0,0,0,0,0.164,0,0,0,0,0,0,0,0,0,0,0,0,0,0,0.15,0.168,0,0,0,0,0.249,0,0.183,0,0,0.255,0,0,0,0,0.167,0.152,0.562,0,0,0,0,0,0.675,0,0,0,0,0,0,0,0,0,0.515,0,0,0,0.267,0.206,0,0,0,0,0,0,0,0,0,0,0,0.9,0,0,0.304,0.151,0.984,0,0,0,0.293,0.404,0,0.159,0,0,0,0,0,0,0,0,0,0,0,0,0,0,0,0,0,0,0,0.19,0,0,0,0.698,0,0,0,0,0.706,0,0,0.17,0,0,0,0,0.154,0,0.214,0,0,0,0.215,0,0,0.192,0,0,0,0,0.233,0,0,0.223,0.692,0,0,0,0,0,0.304,0,0.268,0,0,0,0.223,0,0,0.238,0.162,0,0.347,0,0,0,0,0,0,0.473,0,0,0,0,0,0,0.684,0,0,0.787,0,0,0.842,0,0,0,0,0,0.304,0,0,0,0,0.152,0,0,0.886,0,0,0,0,0,0,0.218,0,0,0,0,0.345,0.187,0.235,0.157,0,0.217,0,0,0,0,0,0,0,0,0.215,0,0,0.328,0.302,0.382,0,0,0,0.217,0,0,0,0,0,0,0,0,0,0.159,0,0,0,0,0,0,0.745,0.155,0.224,0,0,0,0.153,0,0,0,0,0,0,0,0,0,0.199,0,0,0.697,0,0,0,0,0.219,0,0,0,0,0.847,0,0.162,0.433,0.178,0,0,0,0,0,0,0,0,0.197,0,0,0,0,0,0,0,0.185,0,0,0,0,0.181,0,0.321,0,0,0,0,0,0,0,0.589,0.505,0,0.333,0,0,0,0.194,0,0,0,0,0,0,0,0,0,0,0,0.406,0,0,0,0,0.194,0,0.329,0,0.643,0,0.184,0,0,0.317,0,0,0,0.254,0,0,0,0.154,0,0,0,0,0,0,0,0,0,0,0.297,0,0,0,0,0,0,0,0.312,0,0,0,0,0,0,0.614,0,0,0,0,0,0,0,0,0,0,0,0,0,0,0,0,0,0,0,0,0.559,0,0.652,0,0,0,0,0.459,0.527,0,0,0.304,0.451,0,0,0,0,0.183,0.295,0,0,0,0.238,0,0.227,0,0,0,0.359,0,0.819,0,0.169,0.169,0,0,0,0,0,0,0,0,0,0,0,0,0.247,0,0,0,0,0,0,0,0.268,0.725,0,0,0,0,0,0,0,0.854,0,0.271,0,0,0,0,0.167,0,0,0.178,0,0,0,0,0,0,0.161,0,0.195,0,0,0,0,0.282,0,0,0,0,0,0,0.218,0,0,0,0,0,0.468,0,0,0,0,0.208,0,0.586,0,0,0,0,0,0,0,0,0,0,0,0,0,0,0.353,0,0,0,0,0,0.201,0,0.244,0,0,0,0,0,0.215,0,0,0,0,0,0,0,0,0,0,0,0,0,0,0.374,0,0,0.2,0.159,0,0,0,0,0.46,0,0.389,0,0,0.164,0.338,0.333,0,0.697,0,0,0,0,0,0.638,0,0,0.218,0.999,0,0,0.784,0.167,0,0,0,0,0,0,0.218,0,0,0,0,0,0.176,0,0.981,0.152,0,0,0,0,0.202,0,0,0,0,0,0,0,0,0,0.938,0,0.563,0,0,0,0,0.298,0,0.155,0,0,0.169,0,0,0,0.256,0,0.333,0,0.999,0.864,0.31,0,0.253,0,0,0,0,0,0,0.17,0,0,0,0.237,0,0,0,0,0,0,0.56,0,0,0,0.183,0,0,0,0,0,0.152,0,0,0,0,0,0.241,0,0,0.178,0,0,0,0,0,0,0,0,0,0,0,0,0,0,0,0,0,0,0,0,0.403,0.276,0,0,0.223,0,0,0,0,0.17,0,0.419,0.335,0.182,0,0,0,0,0,0.288,0,0,0,0.38,0,0.326,0.305,0,0,0,0,0,0,0,0.324,0,0,0,0,0,0.418,0.168,0,0,0,0,0,0,0,0,0,0,0,0,0,0,0,0,0,0,0,0,0,0,0,0,0,0.174,0,0,0,0,0,0,0,0,0,0,0,0,0,0.179,0,0,0,0,0,0,0,0,0,0,0,0,0,0,0,0,0,0.176,0,0,0,0,0,0,0,0,0,0,0.211,0,0,0,0,0,0,0,0,0,0,0,0,0,0,0,0,0,0,0,0,0.787,0,0,0,0,0,0.154,0,0,0,0,0,0,0,0,0,0,0,0,0,0,0,0,0,0,0,0,0,0,0,0,0,0,0,0,0,0,0,0,0,0,0,0,0,0.309,0,0,0,0,0,0,0,0.19,0,0,0,0,0,0,0.486,0,0,0,0,0,0,0,0,0,0,0,0,0,0,0.199,0,0,0,0,0,0,0,0,0,0,0,0,0,0,0,0,0.205,0,0,0,0,0,0,0,0,0,0,0,0,0,0,0,0,0,0,0,0,0,0,0,0,0,0,0,0,0,0,0,0,0,0,0.351,0,0,0,0,0,0,0,0,0,0,0.186,0,0,0,0,0,0,0,0,0,0,0,0,0,0,0,0,0,0.243,0,0,0.969,0,0,0,0,0,0,0,0,0,0,0,0,0,0,0,0,0,0,0,0,0,0,0,0,0,0,0,0,0,0,0,0,0,0,0,0,0,0,0,0,0,0,0,0,0,0,0,0,0,0,0,0,0,0,0.249,0,0,0,0,0,0,0,0,0,0,0,0,0,0,0,0,0,0,0,0,0,0,0,0,0,0,0,0,0,0.213,0,0,0,0,0,0,0.266,0,0.252,0,0,0,0,0,0,0,0,0,0,0,0,0,0,0,0,0,0,0,0,0.274,0,0,0,0,0,0,0.179,0,0,0,0,0,0,0.215,0,0,0,0,0,0,0,0,0,0,0,0,0,0,0,0,0,0,0,0,0,0,0,0,0,0,0,0.372,0,0,0,0,0,0,0.19,0,0,0,0,0,0,0,0,0,0,0,0,0,0,0,0,0,0,0,0,0,0,0.555,0,0,0,0,0,0,0,0,0,0,0,0,0,0,0,0,0,0,0,0,0,0,0,0,0,0,0,0,0,0,0,0,0,0.178,0,0,0,0,0,0,0,0,0,0,0,0,0,0,0,0.152,0,0,0,0,0.988,0,0,0,0,0.179,0.164,0,0,0,0,0,0,0,0,0,0,0,0,0,0,0,0,0,0,0,0,0,0,0,0,0,0,0,0,0,0.29,0,0,0,0,0.15,0,0,0,0,0,0.3,0,0,0,0,0,0,0,0,0,0,0,0,0,0,0.186,0,0,0,0,0,0,0,0,0,0,0.775,0,0,0,0,0,0,0,0,0.174,0,0,0,0,0,0,0.193,0,0,0,0,0,0.527,0,0,0,0,0,0.234,0,0,0,0.433,0,0.204,0,0,0,0,0,0,0,0,0,0,0,0,0,0,0,0,0,0,0,0,0,0,0,0,0,0,0,0,0,0,0.153,0.565,0,0,0,0,0,0,0,0,0,0,0,0,0,0,0,0,0,0,0,0,0,0,0.275,0,0,0,0.217,0,0,0,0,0,0,0,0,0,0,0,0,0,0,0,0,0,0,0,0,0,0,0,0,0,0,0,0,0,0,0,0,0,0,0,0,0,0,0,0,0,0,0,0,0.208,0,0,0,0,0,0,0,0,0,0,0,0,0,0,0,0,0,0.56,0,0,0,0,0,0,0,0,0,0,0,0,0,0,0,0,0,0.169,0,0,0,0,0,0,0,0,0.19,0,0,0,0,0,0.17,0,0,0,0,0,0,0,0,0,0,0,0,0.457,0,0,0,0,0,0.176,0,0,0,0,0,0,0,0,0,0,0,0,0.334,0,0,0.392,0,0.151,0,0,0,0,0,0,0,0,0,0,0,0,0,0,0,0,0,0,0,0,0.219,0,0,0,0,0,0,0,0,0.176,0,0,0,0.184,0,0,0,0,0,0,0,0,0,0.197,0,0,0,0.206,0,0,0,0,0,0,0,0,0,0,0,0,0,0,0,0,0,0,0,0,0,0,0,0,0,0,0,0,0,0,0,0,0,0,0,0,0,0,0,0,0,0,0,0,0,0,0,0,0,0,0.229,0,0,0,0,0,0,0.821,0,0,0,0.2,0,0,0,0,0.78,0,0,0,0.716,0,0.252,0.444,0,0,0,0,0,0,0.173,0.167,0,0,0,0.625,0.978,0,0.353,0,0,0,0,0.15,0.572,0,0,0,0.34,0,0,0,0,0.2,0.212,0.335,0,0,0,0,0,0.887,0,0,0,0,0.634,0,0,0,0.151,0,0,0,0,0,0,0,0,0.358,0,0,0,0,0.271,0.15,0,0.84,0,0.184,0,0,0,0,0,0,0,0,0,0,0,0,0.989,0,0.169,0.155,0,0.464,0,0.291,0,0,0,0.253,0,0,0,0,0.199,0.457,0,0,0,0.298,0.525,0,0,0,0,0,0.193,0,0,0,0,0,0,0.524,0.502,0,0,0,0,0,0.967,0,0,0.636,0,0.151,0,0,0,0,0,0,0.506,0,0,0,0,0.758,0,0,0,0,0,0,0.288,0,0,0,0,0,0,0.404,0,0.816,0,0.99,0,0,0,0,0,0,0,0,0,0,0,0,0,0,0,0,0,0.32,0.182,0,0,0,0,0.556,0.333,0,0,0,0.3,0.391,0,0.312,0,0,0,0,0,0,0,0,0,0,0,0,0,0,0,0,0,0,0,0,0,0,0,0,0,0,0,0,0,0,0,0,0,0,0,0,0,0,0,0,0,0,0,0,0,0,0,0,0.26,0,0,0,0,0,0,0,0,0,0,0,0,0,0,0,0,0,0,0,0,0,0,0,0,0,0,0,0,0,0,0,0,0,0,0.441,0.29,0,0.192,0.235,0,0.183,0,0,0,0,0,0,0.163,0,0,0,0,0,0,0,0,0,0,0,0,0,0,0,0,0,0,0,0,0,0,0,0,0,0,0,0,0,0,0,0,0,0,0,0,0,0,0,0,0,0,0,0,0,0,0,0,0,0,0,0,0,0,0,0,0,0,0,0.164,0,0,0,0,0,0,0,0.288,0,0,0,0.334,0,0,0,0.168,0,0,0.167,0,0,0,0,0,0,0,0,0,0,0.99,0,0,0,0,0,0,0,0,0,0,0,0.393,0.232,0.398,0.187,0.868,0,0.395,0,0,0,0,0.627,0,0,0,0,0,0,0,0,0.611,0,0.167,0,0.167,0,0.329,0,0,0,0,0,0,0.151,0,0,0,0,0,0,0,0,0,0,0,0.276,0,0,0,0,0,0.163,0,0.376,0.891,0,0,0,0,0,0,0,0,0,0,0,0,0,0.311,0,0,0,0,0.165,0,0.977,0,0,0,0,0,0.503,0,0,0,0.197,0,0,0,0,0,0,0,0,0,0,0,0,0,0,0,0,0,0,0,0,0,0,0,0,0,0.303,0,0,0,0,0,0,0,0,0,0.437,0,0,0,0,0,0,0,0,0,0,0,0,0,0,0,0,0,0,0,0,0,0,0,0,0,0,0,0,0.803,0,0,0,0,0,0,0,0,0,0,0,0,0,0,0,0,0,0,0,0.34,0,0,0,0,0,0,0,0,0,0,0,0,0,0.612,0,0,0,0,0,0,0,0,0,0,0,0,0,0,0,0,0,0,0,0,0,0,0,0,0,0,0,0,0,0,0,0,0,0.206,0,0,0,0,0,0,0,0,0,0,0,0,0.483,0,0,0,0,0,0,0,0,0,0,0,0,0,0,0,0,0,0,0,0,0,0,0,0,0,0,0,0,0,0,0,0,0,0,0.204,0,0,0,0,0,0,0,0,0,0,0,0,0,0,0,0,0,0,0,0,0,0,0,0,0,0,0,0,0,0,0,0,0,0,0,0,0,0,0,0,0,0,0,0,0,0,0,0,0,0,0,0,0,0,0,0,0,0,0,0,0,0,0,0,0,0,0,0,0,0,0,0,0,0,0,0,0,0,0,0,0,0,0,0,0,0,0.233,0,0,0,0,0,0,0,0,0,0,0,0,0,0,0,0,0,0,0,0,0,0,0,0,0,0,0,0,0,0,0,0,0,0,0,0,0,0.196,0,0,0,0,0,0,0,0,0,0,0,0,0,0,0,0,0.353,0,0,0,0,0,0,0,0,0,0,0,0,0,0,0,0,0,0,0,0,0,0,0,0,0,0,0,0,0,0,0,0,0,0,0,0,0,0,0,0,0,0,0.18,0,0,0,0,0,0,0.174,0,0,0,0,0,0,0,0,0,0,0,0,0,0.295,0,0.264,0,0,0,0,0,0,0,0,0,0,0,0.161,0,0,0,0,0,0,0,0,0,0,0,0,0,0,0,0,0,0,0.206,0,0,0,0,0.169,0.185,0,0,0,0,0,0,0,0,0,0,0.155,0,0,0,0,0.215,0,0,0,0,0,0,0,0,0.435,0,0.155,0,0,0,0,0,0,0,0,0,0,0,0,0,0,0,0,0,0,0,0,0,0,0,0,0,0,0,0,0,0,0,0,0,0,0,0,0,0,0,0,0,0,0,0,0,0,0,0,0,0,0,0,0,0,0,0,0,0.161,0.186,0,0,0,0,0,0,0,0,0,0.326,0,0,0,0,0,0.225,0,0,0,0,0,0,0,0,0,0,0.196,0,0,0,0,0,0,0,0,0.187,0,0,0.162,0,0.161,0,0,0,0,0,0,0,0,0,0,0,0,0,0,0,0,0,0,0,0,0,0,0,0,0,0,0,0,0,0,0,0,0.215,0,0,0,0,0,0,0,0,0,0,0,0,0,0,0.442,0,0,0,0,0,0,0,0,0,0,0,0,0,0,0,0,0,0,0,0.189,0,0,0,0.198,0,0,0,0,0,0,0,0,0,0,0,0,0,0,0,0,0,0,0,0,0,0.255,0,0,0.173,0,0,0,0,0,0,0,0,0,0,0,0,0,0,0,0,0,0,0,0,0,0,0,0,0,0,0,0,0,0,0,0,0,0,0,0,0,0.204,0,0.223,0.542,0.24,0.159,0.508,0,0.655,0,0,0.347,0.415,0.652,0.436,0.213,0.658,0,0,0,0,0,0,0.237,0,0.177,0,0,0,0.6,0.344,0,0.154,0.994,0.204,0,0.199,0,0.989,0,0,0,0.193,0.198,0,0.219,0,0.198,0.168,0,0,0,0.159,0.247,0,0.371,0,0,0.37,0,0,0.204,0,0.386,0.992,0,0,0.204,0,0,0.284,0.204,0.353,0,0.298,0,0.468,0,0,0.253,0,0.345,0.658,0.204,0.254,0.6,0,0,0,0,0.309,0.823,0,0,0,0.363,0,0,0,0.434,0.996,0.347,0,0,0,0,0,0,0,0,0,0,0,0,0,0,0,0,0,0,0,0,0,0,0,0,0,0,0,0,0,0,0,0,0,0,0,0,0,0,0,0,0,0,0,0,0,0,0,0,0,0.194,0,0,0,0,0,0,0,0,0,0,0,0,0.694,0.16,0.39,0,0,0,0,0,0,0,0.204,0,0,0,0,0,0,0,0,0,0.168,0,0,0,0,0,0,0,0,0,0,0,0,0,0,0,0.312,0,0,0,0,0,0,0,0,0,0,0.283,0,0,0,0,0,0,0,0,0,0,0,0,0,0.327,0,0,0,0,0,0,0,0,0,0,0,0,0,0,0,0,0,0,0,0,0.174,0,0,0,0.191,0,0,0,0.159,0,0,0,0.165,0,0,0,0,0,0,0,0.223,0,0,0.166,0,0,0,0,0,0,0,0,0,0.51,0,0,0,0,0,0,0,0,0,0,0.229,0,0,0,0,0,0,0,0.203,0,0,0,0,0,0,0,0,0.193,0.392,0,0.2,0,0,0,0,0,0.57,0,0,0,0.304,0,0,0,0,0,0,0,0,0,0,0.162,0,0,0,0.161,0.267,0,0,0.251,0,0,0,0.226,0,0,0,0,0,0.162,0,0,0,0,0,0,0,0,0,0,0,0,0,0,0,0,0,0.339,0,0,0,0,0,0,0.156,0,0,0,0,0,0,0,0.219,0,0,0,0,0,0,0,0.42,0,0.318,0.157,0.198,0,0,0,0,0,0,0,0,0,0,0,0,0,0.425,0,0,0,0,0,0,0.17,0,0,0.322,0,0,0.193,0,0,0,0,0,0,0,0,0,0,0,0,0,0,0.299,0,0,0,0,0,0,0,0,0,0,0,0,0,0,0,0,0,0,0,0,0,0,0,0,0,0,0,0,0,0.426,0,0,0,0,0.171,0,0.163,0,0,0,0,0,0,0,0,0,0,0,0.152,0.226,0,0,0,0.359,0,0,0.325,0,0,0,0,0,0,0,0,0,0,0,0,0,0,0,0.169,0,0,0,0,0,0,0,0.298,0,0,0,0,0,0,0,0.22,0.152,0,0.165,0,0,0,0,0.34,0,0,0,0.379,0,0,0,0,0,0,0.163,0.191,0,0,0,0,0,0,0,0,0,0,0,0,0,0,0,0,0,0,0,0,0,0,0,0.155,0,0,0,0,0,0,0,0,0,0,0,0,0,0,0,0,0,0,0,0,0,0,0,0,0,0,0,0,0,0,0,0,0,0,0.525,0,0,0.207,0,0,0.318,0,0,0,0,0.16,0,0,0,0,0,0,0,0,0,0.196,0,0.309,0,0,0,0,0,0,0,0,0,0,0,0.276,0,0.276,0.234,0,0,0,0,0,0,0,0,0,0,0,0,0,0,0,0,0,0,0,0,0,0,0,0,0,0,0,0,0,0,0,0,0,0,0,0,0,0,0,0,0,0,0,0,0,0,0,0,0,0,0,0,0,0,0,0,0,0,0,0,0,0,0,0,0,0,0,0,0,0.777,0,0,0,0,0,0,0,0,0,0,0,0,0,0,0,0,0,0,0,0,0,0,0,0,0,0,0,0,0,0,0,0,0,0,0,0,0,0,0,0,0,0,0,0,0,0,0,0,0,0,0,0,0,0,0,0,0,0,0,0,0,0,0,0,0,0,0,0,0,0,0,0,0,0,0,0,0,0,0,0,0,0,0,0,0,0,0,0,0,0,0,0.175,0,0,0,0,0,0,0,0,0,0,0,0,0,0,0,0,0,0,0,0,0,0,0,0,0,0,0,0,0,0,0,0,0.273,0,0,0,0,0,0,0,0,0,0.538,0,0,0,0,0,0,0,0,0,0,0,0,0,0,0,0,0,0,0,0,0,0,0,0,0,0,0,0,0,0,0,0,0,0,0,0,0,0,0,0,0.9,0,0,0,0,0,0,0,0,0,0,0,0,0,0,0,0,0,0,0,0,0,0,0,0,0,0.385,0,0,0,0,0,0,0,0,0,0.206,0,0,0,0.291,0.284,0,0,0,0,0,0,0,0,0,0,0,0,0,0,0,0,0,0,0,0,0,0,0,0,0,0,0,0.261,0,0,0,0,0,0,0,0,0,0,0,0,0,0,0,0,0,0,0,0,0,0,0,0,0,0,0,0,0,0,0,0,0,0,0.342,0,0,0,0,0,0,0,0,0,0,0,0,0,0,0,0,0,0,0,0,0,0,0,0,0,0,0,0,0,0,0,0,0,0,0,0,0,0,0,0,0,0,0,0,0,0,0,0,0,0,0,0,0,0,0,0,0,0,0,0,0,0,0,0,0,0,0,0,0,0,0,0,0,0,0,0,0,0,0,0,0,0,0,0,0,0,0,0,0,0,0,0,0,0,0,0,0,0,0,0,0,0,0,0,0,0,0,0,0.22,0,0,0,0,0,0,0,0,0,0,0,0.229,0,0,0,0,0,0,0,0,0,0,0,0,0,0,0,0,0,0,0.337,0,0,0,0,0,0,0,0,0,0,0,0,0,0,0,0,0,0,0,0,0.22,0,0,0,0,0,0,0,0,0,0,0,0,0,0,0,0,0,0,0,0,0,0,0,0,0.556,0.154,0,0,0,0,0,0,0,0,0,0,0,0,0,0,0,0,0,0,0,0,0,0,0,0,0,0,0,0,0,0,0,0,0,0,0,0.583,0,0,0,0,0,0,0,0,0,0,0,0,0,0,0
855633,0,0,0,0,0,0,0,0.304,0,0,0,0.36,0,0,0,0,0,0,0,0,0,0,0,0,0,0,0,0,0,0,0,0,0.296,0,0,0,0,0,0,0,0,0,0,0,0,0,0,0,0,0,0,0,0,0.297,0,0,0,0,0,0,0,0.236,0,0,0,0.252,0,0,0,0,0,0,0,0,0,0,0,0,0,0,0,0,0,0,0,0,0,0,0,0,0,0,0,0,0,0,0,0,0,0,0,0,0,0,0,0,0,0,0,0,0,0,0,0,0,0,0,0,0,0,0,0,0,0,0,0,0,0.47,0,0,0,0,0,0,0,0,0,0.196,0,0,0,0,0,0,0,0,0,0,0,0,0,0,0,0,0,0,0,0,0,0,0,0,0,0,0,0,0,0,0,0,0,0,0,0,0,0,0,0,0,0,0,0,0,0,0,0,0,0,0,0,0,0,0,0,0,0,0,0,0,0,0,0,0,0,0.256,0,0,0,0,0,0,0.207,0,0,0,0,0,0,0,0,0,0,0,0,0,0,0,0,0,0,0,0,0,0,0,0,0,0,0,0,0,0,0,0,0,0,0,0,0,0,0,0,0,0,0,0,0,0,0,0,0,0,0,0,0,0,0,0,0,0,0,0,0,0,0,0,0,0,0,0,0,0,0,0,0,0,0,0.171,0,0,0,0,0,0,0,0,0,0,0,0,0,0,0,0,0,0,0,0,0,0,0,0,0,0,0,0,0,0,0,0,0,0,0,0,0,0,0,0,0,0,0,0,0,0,0,0,0,0,0,0,0,0,0,0,0,0,0,0,0,0,0,0,0,0,0,0,0,0,0,0,0,0,0,0,0,0,0,0,0,0,0,0,0,0,0,0,0,0,0,0,0,0,0,0,0,0,0,0,0,0,0,0,0,0,0,0,0,0,0,0,0,0,0,0,0,0,0,0,0,0,0,0,0,0.161,0,0,0,0,0,0,0,0,0,0,0,0,0,0,0,0,0,0,0,0,0,0,0,0,0,0,0,0,0,0,0,0,0,0,0,0,0,0,0,0,0,0,0,0,0,0,0,0,0,0,0,0,0,0,0,0,0,0,0,0,0,0,0,0,0,0,0,0,0,0,0,0,0,0,0,0,0,0,0,0,0,0,0,0,0,0,0,0,0,0,0,0,0,0,0,0,0,0,0,0,0,0,0,0,0,0,0,0,0,0,0,0,0,0,0,0,0,0,0,0,0,0,0,0,0,0,0,0,0,0,0,0,0,0,0,0,0,0,0,0,0,0.217,0,0,0,0,0,0,0,0,0,0,0,0,0,0.438,0,0,0,0,0,0,0,0,0,0,0,0,0,0,0,0,0,0,0,0,0,0,0,0,0,0,0,0,0,0,0,0,0,0,0,0,0,0,0,0,0,0,0,0,0,0,0,0,0,0,0,0,0,0,0,0,0,0,0,0,0,0,0,0,0,0,0,0,0,0,0,0,0,0,0,0,0,0,0,0,0,0,0,0,0,0,0,0,0,0,0,0,0,0,0,0,0,0,0,0,0,0,0,0,0.571,0,0,0,0,0,0,0,0,0,0,0,0,0,0,0,0,0,0,0,0,0,0,0,0,0,0,0,0,0,0,0,0,0,0,0,0,0,0,0,0,0,0,0,0,0,0,0,0,0,0,0,0,0,0,0,0,0,0,0,0,0,0,0,0,0,0,0,0,0,0,0,0,0,0,0,0,0,0,0,0,0,0,0,0,0,0,0,0,0,0,0,0,0,0,0,0,0,0,0.225,0,0,0,0,0,0,0,0,0,0,0,0,0,0,0,0,0,0,0,0,0,0,0,0,0,0,0,0,0,0,0,0,0,0,0,0,0,0,0,0,0,0,0,0,0,0,0,0,0,0,0,0,0,0,0,0,0.15,0,0,0,0,0,0,0,0,0,0,0,0,0,0,0,0,0,0,0,0,0,0,0,0,0,0,0,0,0,0,0,0,0,0,0,0,0,0,0,0,0,0,0,0,0,0,0,0,0,0,0,0,0,0,0,0,0,0,0,0,0,0,0,0,0,0,0,0,0,0,0,0,0,0,0,0,0,0,0,0,0,0,0,0,0,0,0,0,0,0,0,0,0,0,0,0,0,0,0,0,0,0,0,0,0,0,0,0,0,0,0,0,0,0,0.192,0,0,0,0,0,0,0,0,0,0,0,0,0,0,0,0,0,0,0,0,0,0,0,0,0,0,0,0,0,0,0,0,0,0,0,0,0,0.194,0,0,0,0,0,0,0,0,0,0,0,0,0,0,0,0,0,0,0,0,0,0,0,0,0,0,0,0,0,0,0,0,0,0,0,0,0,0,0,0,0,0,0,0.156,0,0,0,0,0,0,0,0,0,0,0,0,0,0,0,0,0,0,0,0,0,0,0,0,0,0,0,0,0,0,0,0,0,0,0,0,0,0,0,0,0,0,0,0,0,0,0,0,0,0,0,0,0,0,0,0,0,0,0,0,0,0,0,0,0,0,0,0,0,0,0,0,0,0,0,0,0,0,0,0,0,0,0,0,0,0,0,0,0,0,0,0,0,0,0,0,0,0,0,0,0,0,0,0,0,0,0,0,0.29,0,0,0,0.194,0,0,0,0,0,0,0,0,0,0,0,0.297,0,0,0,0.336,0,0,0,0,0,0,0,0,0,0,0,0,0,0,0,0,0,0,0,0,0,0,0,0,0,0,0,0,0,0,0,0,0,0,0,0,0,0,0,0,0,0,0,0,0,0,0,0,0,0,0,0,0,0,0,0,0,0,0,0,0,0,0,0,0,0,0,0,0,0,0,0,0,0,0,0,0,0,0,0,0,0,0,0,0,0,0.805,0.337,0,0,0,0,0,0,0,0,0,0.164,0,0,0,0,0,0,0,0,0,0,0,0,0,0,0,0,0,0,0,0,0,0,0,0,0,0,0,0,0,0,0,0,0,0,0,0,0,0,0,0,0,0,0,0,0,0,0,0,0,0,0,0.17,0,0,0,0,0,0,0,0,0,0,0,0,0,0,0,0,0,0,0,0,0,0,0,0,0,0,0,0,0,0,0,0,0,0,0,0,0,0,0,0,0,0,0,0,0,0,0,0,0,0.159,0,0,0,0,0,0,0,0,0,0,0,0,0,0,0,0,0.2,0,0,0.711,0,0,0,0,0,0,0,0,0,0,0,0,0,0,0,0,0,0,0,0.662,0,0.208,0,0,0.197,0,0,0,0,0,0,0,0,0,0,0,0,0,0,0,0,0,0,0,0,0,0,0,0,0,0,0,0,0,0,0,0.229,0,0,0,0,0,0,0,0,0,0,0,0,0,0,0.163,0,0,0,0,0,0,0,0,0,0,0,0,0,0,0,0,0,0,0,0,0,0,0,0,0,0,0,0,0,0,0.165,0,0,0,0,0,0,0,0,0,0,0,0,0,0,0,0,0,0,0,0,0,0,0,0,0,0,0,0,0,0,0,0,0,0,0,0,0,0,0,0,0,0,0,0.198,0,0,0,0,0,0,0,0,0,0,0,0,0,0,0,0,0,0,0,0,0,0,0,0,0,0,0,0,0,0,0,0,0,0,0,0,0,0,0,0,0,0,0,0,0,0,0,0,0,0,0,0,0,0,0,0,0,0,0,0,0,0,0,0,0,0,0,0,0,0,0,0,0,0,0,0,0,0,0,0,0,0,0,0,0,0,0,0,0,0,0,0,0,0,0,0.191,0,0,0,0,0,0,0.19,0,0,0,0,0,0,0,0,0.276,0,0,0,0,0,0,0,0,0,0,0,0,0,0,0,0,0,0,0,0,0,0,0,0,0,0,0,0,0,0,0,0,0,0,0,0,0,0,0,0,0,0,0.202,0,0,0,0,0,0,0,0,0,0,0,0,0,0,0,0,0,0,0,0,0,0,0,0,0,0,0,0,0,0,0,0,0,0,0,0,0,0,0,0,0,0,0,0,0,0,0,0,0,0,0,0,0,0,0,0,0,0,0,0,0,0,0,0,0,0,0,0,0,0,0,0,0,0,0,0,0,0,0,0,0,0,0,0,0,0,0,0,0,0.396,0,0,0,0,0,0,0,0,0,0,0,0,0,0,0,0,0,0,0,0,0,0,0,0,0,0,0.219,0,0,0,0,0,0,0,0,0,0,0,0,0,0,0,0,0,0,0,0,0,0,0,0,0,0,0,0,0,0.536,0,0,0,0,0,0,0,0,0,0,0,0,0.205,0,0,0,0,0,0,0,0,0,0,0,0,0,0,0,0,0,0,0,0,0,0,0,0,0,0,0,0,0,0,0,0.347,0,0,0,0,0,0,0,0,0,0,0,0,0,0,0,0,0,0,0,0,0,0,0,0,0,0,0,0,0,0,0,0,0,0,0,0,0,0,0,0,0,0,0,0,0,0,0,0,0,0,0,0,0,0,0,0,0,0,0,0,0,0,0,0,0,0,0,0,0,0,0,0,0,0,0,0,0,0,0,0,0,0,0,0,0,0,0,0,0,0,0,0,0,0,0,0,0,0,0,0,0,0,0.296,0,0,0,0,0,0,0,0,0,0,0,0,0,0,0,0,0,0,0,0,0,0,0,0,0,0,0,0,0,0,0,0,0,0,0,0,0,0,0,0,0,0,0,0,0,0,0,0.398,0,0,0,0,0,0,0,0,0.296,0,0,0,0,0,0,0,0,0,0,0,0,0,0,0,0,0,0,0,0,0,0,0,0,0,0,0,0,0,0,0,0,0,0,0,0,0,0,0,0,0,0,0,0,0,0,0,0,0,0,0,0,0,0.703,0,0,0,0,0,0,0,0,0,0,0,0,0,0,0,0,0,0.536,0.201,0,0,0,0.167,0,0,0,0,0,0,0.195,0,0,0,0,0,0,0,0,0,0.216,0,0,0,0,0,0,0,0,0,0,0,0,0,0,0,0,0,0,0,0,0,0,0,0,0,0,0,0,0,0,0,0,0,0,0,0,0,0,0.163,0,0,0,0,0,0,0,0,0,0,0,0,0,0.167,0,0,0,0,0,0,0,0,0,0,0,0,0.199,0,0,0,0,0,0,0,0,0,0,0,0,0,0,0,0,0,0,0,0,0,0,0,0,0,0,0,0,0,0,0,0,0,0,0,0,0,0,0,0,0,0,0,0,0,0,0,0,0,0,0,0,0,0,0,0,0,0,0,0,0,0,0,0.378,0,0,0,0,0,0,0,0,0,0,0,0,0,0,0,0,0,0,0,0,0,0,0,0,0,0,0,0,0,0,0,0,0,0,0,0,0,0,0,0,0,0,0,0,0,0,0.177,0,0,0,0,0,0,0,0,0,0,0,0,0,0,0,0,0,0,0,0,0,0,0,0,0,0,0,0,0,0,0,0,0,0,0,0,0,0,0,0,0,0,0,0,0,0,0,0,0,0,0,0,0.165,0,0,0,0,0,0,0,0,0,0,0,0,0,0,0,0,0,0,0,0,0,0,0,0,0,0,0,0,0,0,0,0,0,0,0,0,0,0,0,0,0,0,0,0,0,0,0,0,0,0,0,0,0,0,0,0,0,0,0,0,0,0,0,0,0,0,0,0,0,0,0,0,0,0,0,0,0,0,0,0,0,0,0,0,0,0,0,0.181,0,0.482,0,0,0,0,0,0,0,0,0,0,0,0,0,0,0,0,0,0,0.351,0,0,0,0,0,0,0,0,0,0,0,0,0,0,0,0,0,0,0,0.262,0,0,0,0,0,0,0,0,0,0,0,0,0,0,0,0,0,0,0,0,0,0,0.268,0,0,0,0,0,0,0,0,0,0,0,0,0,0,0,0,0,0,0,0,0,0,0,0,0,0,0,0,0,0,0,0,0,0,0,0,0,0,0,0,0,0,0,0,0,0,0,0,0,0,0,0,0,0,0,0,0,0,0,0,0,0,0,0,0,0,0,0,0,0,0,0,0,0,0,0,0,0.345,0,0,0,0,0,0,0,0,0,0,0,0,0,0,0,0,0.358,0,0,0,0,0,0,0,0,0,0,0,0,0,0,0,0,0,0,0,0,0,0,0,0,0,0,0,0,0,0,0,0,0.813,0,0,0,0,0,0,0,0,0,0,0,0,0,0,0,0,0,0,0,0,0,0,0,0,0,0,0,0,0,0.271,0,0,0,0,0,0,0,0,0,0,0,0,0,0,0,0,0,0,0,0,0,0,0,0,0,0,0,0,0,0,0,0,0,0,0,0,0,0,0,0,0,0,0,0,0,0,0,0,0,0,0,0,0,0,0,0,0,0,0.288,0,0,0,0,0.288,0,0,0,0,0,0,0,0,0,0,0,0,0,0,0,0,0.193,0,0,0,0,0,0,0,0,0,0,0,0,0,0,0,0,0,0,0,0,0,0,0,0,0,0,0,0,0,0,0,0,0,0,0.288,0,0,0,0,0,0,0,0,0,0,0,0,0,0,0,0,0,0,0,0,0,0,0,0,0,0,0,0,0,0,0,0,0,0,0,0,0,0,0,0,0,0,0,0.288,0,0,0,0,0,0,0,0,0,0,0,0,0,0,0,0,0,0,0,0,0,0,0,0,0,0,0,0,0,0,0,0,0,0,0,0,0,0,0,0,0,0,0,0,0,0,0,0,0,0,0,0,0,0,0,0,0,0,0,0,0,0,0,0,0,0,0,0,0,0,0,0,0,0,0,0,0,0,0,0,0,0,0,0,0,0,0,0,0,0,0,0,0,0,0,0,0,0,0,0,0,0,0,0,0,0.161,0,0,0,0,0,0,0,0,0,0,0,0,0,0,0,0,0,0,0,0,0,0,0,0,0,0,0,0,0,0,0,0,0,0,0,0,0,0,0,0,0,0,0,0,0,0,0,0,0,0,0,0,0,0,0,0,0,0,0,0,0,0,0,0,0,0,0,0,0,0,0,0,0,0,0,0,0,0,0,0,0,0,0,0,0,0,0,0,0,0,0,0,0,0,0,0,0,0,0,0,0,0,0,0,0,0,0,0,0,0,0,0,0,0,0,0,0,0,0,0,0,0,0,0,0,0,0,0,0,0,0,0,0,0,0,0,0,0,0,0,0,0,0,0,0,0,0,0,0,0,0,0,0,0,0,0,0,0,0,0,0,0,0,0,0,0,0,0,0,0,0,0,0,0,0,0,0,0,0,0,0,0,0,0,0,0,0,0,0,0,0,0,0,0.354,0,0,0,0,0,0,0,0,0,0,0,0,0,0,0,0,0,0,0,0,0,0,0,0,0,0,0,0,0,0,0,0,0,0,0,0,0,0,0,0,0,0,0,0,0,0,0,0,0,0,0,0,0,0,0,0,0,0,0,0,0,0,0,0,0,0,0,0,0,0,0,0,0,0,0,0,0,0,0,0,0,0.187,0,0,0,0,0,0,0,0,0,0,0,0,0,0,0,0.514,0,0,0,0,0,0,0,0,0,0,0,0,0,0,0,0,0,0,0,0,0,0,0,0,0,0,0,0,0,0,0,0,0.434,0,0,0,0,0,0,0,0,0,0,0,0,0,0,0,0,0,0,0,0,0,0,0,0,0,0,0,0,0,0,0,0,0,0,0,0,0,0,0,0,0,0,0,0,0,0,0,0,0,0,0,0,0,0,0,0,0,0,0,0,0,0,0,0,0,0,0,0,0,0,0,0,0,0,0,0,0,0,0,0,0,0,0,0,0,0,0,0,0,0,0,0,0,0,0,0,0,0,0,0,0,0,0,0,0,0,0,0,0,0,0,0,0,0,0.251,0,0,0,0,0,0,0,0,0,0,0,0,0,0,0,0,0,0,0,0,0,0,0,0,0,0,0,0,0,0,0,0,0,0,0,0,0,0,0,0,0,0,0,0,0,0,0,0,0,0,0,0,0,0,0,0,0,0,0,0,0,0,0,0,0,0,0,0,0,0,0,0,0,0,0,0,0,0,0,0,0,0,0,0,0,0,0,0,0.229,0,0,0,0,0,0,0,0,0,0,0,0,0,0,0,0,0,0,0.29,0,0,0,0,0,0,0,0,0,0,0,0,0,0,0,0,0,0,0,0,0,0,0,0,0,0,0,0,0,0,0,0,0,0,0,0,0,0,0,0,0,0,0,0.657,0,0,0,0,0,0,0,0,0,0,0,0,0,0,0,0,0,0,0,0,0,0,0,0,0,0,0,0,0,0,0,0,0,0,0,0,0,0,0,0,0.162,0,0,0,0,0,0,0,0,0,0,0,0,0,0,0,0,0,0,0,0,0,0,0.226,0,0,0,0,0,0.514,0,0,0,0,0,0,0,0,0,0.201,0,0,0,0,0,0,0,0,0,0,0,0,0,0,0,0,0,0,0,0,0,0,0,0,0,0,0,0,0,0,0,0,0,0,0,0,0,0,0,0,0,0,0,0,0,0,0,0,0,0,0,0,0,0,0,0,0,0,0,0,0,0,0,0,0,0,0,0.222,0,0,0,0,0,0,0,0,0,0,0,0,0,0,0,0,0.622,0,0,0,0,0,0,0,0,0,0,0,0,0,0,0,0,0,0,0,0,0,0,0,0,0,0,0,0,0,0,0,0,0,0,0,0,0,0,0,0,0,0,0,0,0,0,0,0,0,0,0,0,0,0,0,0,0,0,0,0,0,0,0,0,0,0,0,0,0,0,0,0,0,0,0,0.229,0,0,0,0,0,0,0,0,0,0,0,0,0,0,0,0,0,0,0,0,0,0,0,0,0,0,0,0,0,0,0,0,0,0,0,0,0,0,0,0,0,0,0,0,0,0,0,0,0,0,0,0,0,0,0.524,0,0,0,0,0,0,0,0,0,0,0,0,0,0,0,0,0,0,0,0,0,0,0,0,0,0,0,0,0,0,0,0,0,0,0,0,0,0,0,0,0,0,0,0,0,0,0,0,0,0,0,0,0,0,0,0,0,0,0,0,0,0,0,0.167,0,0,0,0,0.266,0,0,0,0,0,0,0,0,0,0,0,0,0,0.209,0,0,0,0,0,0,0,0,0,0,0,0,0,0,0,0,0,0.25,0,0,0,0,0,0,0,0,0,0,0,0,0,0,0,0,0,0,0,0,0,0,0,0,0,0,0,0,0,0,0,0,0,0,0,0,0,0,0,0,0,0,0,0,0,0,0,0,0,0,0,0,0,0,0,0,0,0,0,0,0,0,0,0,0,0,0,0,0,0,0,0,0.212,0,0,0,0,0,0,0,0,0,0,0,0,0,0,0,0,0,0,0,0,0,0,0,0,0,0.342,0,0,0,0,0,0,0.538,0,0,0,0,0,0,0,0.175,0,0,0,0,0,0,0,0,0,0,0,0,0,0,0,0,0,0,0,0,0,0,0,0,0,0,0,0,0,0,0,0,0,0,0,0,0,0,0,0,0,0,0,0,0,0,0,0,0,0.657,0,0,0,0,0,0,0.533,0,0,0,0,0,0,0,0,0,0,0,0,0,0,0,0,0,0,0,0,0,0,0,0,0,0,0,0,0,0,0,0,0.167,0,0,0,0,0,0,0,0,0,0,0,0,0,0,0,0,0,0,0,0,0,0,0,0,0,0,0,0,0,0.161,0,0,0,0,0,0,0,0,0,0,0,0,0,0,0,0,0,0,0,0,0,0,0,0,0,0,0,0,0,0,0,0,0,0,0,0,0,0,0,0,0,0,0,0,0,0,0,0,0,0,0,0,0,0,0,0,0,0,0,0,0,0,0,0,0,0,0,0,0,0,0,0,0,0,0,0,0,0,0,0,0,0,0,0,0,0,0,0,0,0,0,0,0,0,0,0,0,0,0,0,0,0,0,0,0.26,0,0,0,0,0,0,0,0,0,0,0,0,0,0,0,0
852125,0,0,0,0,0,0,0.175,0,0,0,0,0,0,0,0,0,0,0,0,0,0,0,0,0,0,0,0,0,0,0,0,0,0,0,0,0,0,0,0,0,0,0,0,0,0,0,0,0,0,0,0,0,0,0,0,0,0,0,0,0,0,0,0,0,0,0,0,0,0,0,0,0,0,0,0,0,0,0,0,0,0,0,0,0,0,0,0,0,0,0,0,0,0,0,0,0,0,0,0,0,0,0,0,0,0,0,0,0,0,0,0,0,0,0,0,0,0,0,0,0,0,0,0,0,0,0,0,0,0,0,0,0,0,0,0,0,0,0,0,0,0,0,0,0,0,0,0,0,0,0,0,0,0,0,0,0,0,0,0,0,0,0,0,0,0,0,0,0,0,0,0,0,0,0,0,0,0,0,0,0,0,0,0,0,0,0.531,0,0,0,0,0,0,0,0,0,0,0,0,0,0,0,0,0,0,0,0,0,0,0,0,0,0,0,0,0,0,0,0,0,0,0,0,0,0,0,0.445,0,0,0,0,0,0,0,0,0,0,0,0,0,0,0,0,0,0,0,0,0,0,0,0,0,0,0,0,0,0,0,0,0,0,0,0,0,0,0,0,0,0,0,0,0,0,0,0,0,0,0,0,0,0,0,0,0,0.258,0,0,0,0,0,0,0,0,0,0,0,0,0,0,0,0,0,0,0,0,0,0,0,0,0.303,0,0,0,0,0,0,0,0,0,0,0,0,0,0,0,0,0,0,0,0,0,0,0,0,0,0,0,0,0,0,0,0,0,0,0,0,0,0,0,0,0,0,0,0,0,0.206,0,0,0,0,0,0,0,0,0,0,0,0,0,0,0,0,0,0,0,0,0,0,0,0,0,0,0,0,0,0,0,0,0,0,0,0,0,0,0,0,0,0,0,0,0,0,0,0,0,0,0,0,0,0,0,0,0,0,0,0,0,0,0,0,0,0,0,0,0,0,0,0,0,0,0,0,0,0.276,0,0,0,0,0,0,0,0,0,0,0,0,0,0,0,0,0,0,0,0,0,0,0,0,0,0,0,0,0,0,0,0,0,0,0,0,0,0,0,0,0,0,0,0,0,0,0,0,0,0,0,0,0,0,0,0,0,0.276,0,0,0,0.214,0,0,0,0,0,0,0,0,0,0,0,0,0,0,0,0,0,0,0,0,0,0,0,0,0,0,0,0,0,0,0,0,0,0,0,0,0,0,0,0,0,0,0,0,0,0,0,0,0,0,0,0,0,0,0,0,0,0,0,0,0,0,0,0,0,0,0,0,0,0,0,0,0,0,0,0,0,0,0,0,0,0,0,0,0,0,0,0,0.169,0,0,0.209,0,0,0,0,0,0,0,0,0,0,0,0,0,0,0,0,0,0,0,0,0,0,0,0,0,0,0,0,0,0,0,0,0,0,0,0,0,0,0,0,0,0,0,0,0,0,0,0,0.195,0,0,0,0,0,0,0,0,0,0,0,0,0,0,0.212,0,0,0,0,0,0,0,0,0,0,0,0,0,0,0,0,0,0,0,0,0,0,0,0,0,0,0,0,0,0,0,0,0,0,0,0,0,0,0.192,0,0,0,0,0,0,0,0,0,0,0,0,0,0,0,0,0,0,0,0,0,0,0,0,0,0,0,0,0,0,0,0,0,0,0.311,0,0,0,0,0,0,0,0,0,0,0,0,0,0,0,0,0,0,0,0,0,0,0,0,0,0,0,0,0,0,0,0,0,0,0,0,0,0,0,0,0,0,0,0,0.358,0,0,0,0.161,0,0,0,0,0,0,0,0,0,0,0.311,0,0,0,0,0,0,0,0,0,0,0,0,0,0,0,0,0,0,0,0,0,0,0,0,0,0,0,0,0,0,0,0,0,0,0,0,0,0,0,0,0,0,0,0,0,0,0,0,0,0,0,0,0,0,0,0,0,0,0,0,0,0,0,0,0,0,0,0,0,0,0,0,0,0,0,0,0,0,0,0,0,0,0,0,0,0,0,0,0,0,0,0,0,0,0,0,0,0,0,0.347,0,0,0,0,0,0,0,0,0,0,0,0,0,0,0,0,0,0,0,0,0,0,0,0,0,0,0,0,0,0,0,0,0,0,0,0,0,0,0,0.156,0,0,0,0,0,0,0,0,0,0,0,0,0,0,0,0,0,0,0,0,0,0,0,0,0,0,0,0,0,0,0,0,0,0,0,0,0.286,0,0,0,0,0,0,0,0,0,0,0,0,0,0,0,0,0,0,0,0,0,0,0,0,0,0,0,0,0,0,0,0,0,0,0,0,0,0,0,0,0,0,0,0,0,0,0,0,0,0,0,0,0,0,0,0,0,0,0,0,0.281,0,0,0,0,0,0,0,0,0,0,0,0,0,0,0,0,0,0.298,0,0,0,0,0,0,0,0,0,0,0,0,0.638,0,0,0,0,0,0,0,0.514,0,0,0,0,0.29,0,0,0,0,0,0,0,0,0,0,0,0,0,0,0,0,0,0,0,0,0,0,0,0,0,0,0,0,0,0,0,0,0,0,0,0,0,0,0,0,0,0,0,0,0,0,0,0.282,0,0,0,0,0,0,0,0,0,0,0,0,0,0,0,0,0,0,0,0,0,0,0.266,0,0,0,0,0,0,0,0,0,0,0,0,0,0,0,0,0,0,0,0,0,0,0,0,0,0,0,0,0,0,0,0,0,0,0,0,0,0,0,0,0,0,0,0.307,0,0,0,0,0,0,0,0,0,0,0,0,0,0,0,0,0,0,0,0.15,0,0,0,0,0.394,0,0,0,0,0,0,0,0,0,0,0,0,0,0,0,0,0,0,0,0,0,0,0,0,0,0,0.151,0,0,0,0,0,0,0,0,0,0,0,0,0,0,0,0,0,0,0,0,0,0,0,0,0,0,0,0,0,0,0,0,0,0,0,0,0,0,0,0,0,0,0,0,0,0,0,0,0,0,0,0,0,0,0,0,0,0,0,0,0,0,0,0,0,0,0,0,0,0,0,0,0,0,0,0,0,0,0,0,0,0,0,0,0,0,0,0,0,0,0,0,0,0,0,0,0,0,0,0,0,0,0,0,0,0,0,0,0,0,0,0,0,0,0,0,0,0,0,0,0,0,0,0,0,0,0,0,0,0,0,0,0,0,0,0,0,0,0,0,0,0,0,0,0,0,0,0,0,0,0,0,0,0,0,0,0,0,0,0,0,0,0,0,0,0,0,0.191,0,0,0,0,0,0,0,0.44,0,0,0,0,0,0,0,0,0,0,0,0,0,0,0,0,0,0,0,0,0.353,0,0,0,0,0,0,0,0,0,0,0,0,0,0,0.398,0,0,0,0,0,0,0,0,0.223,0,0,0,0,0,0,0,0,0,0,0,0,0,0,0,0,0,0,0,0,0,0,0.226,0,0,0,0,0,0,0,0,0,0,0,0,0,0,0,0,0,0,0,0,0,0,0,0,0,0,0,0,0.161,0,0,0,0,0,0,0,0.594,0,0,0,0,0,0,0,0,0,0,0,0,0,0,0,0,0,0,0,0,0,0,0,0,0,0,0,0,0,0,0,0,0,0,0,0,0,0,0,0,0,0,0,0,0,0,0,0,0,0,0,0,0,0,0,0,0,0,0,0,0,0,0,0,0,0,0,0,0,0,0,0,0,0,0,0,0,0.271,0,0,0,0,0,0,0,0,0,0,0,0,0,0,0,0,0,0,0,0,0,0,0,0,0,0,0,0,0,0,0,0,0,0,0,0,0,0,0,0,0,0,0,0,0,0,0,0,0,0,0,0,0,0,0,0,0,0,0,0,0,0,0,0,0,0,0,0,0,0,0,0,0,0.351,0,0,0,0,0,0,0,0,0,0,0,0,0,0,0,0,0,0,0,0,0,0,0,0,0,0,0,0,0,0,0,0,0,0,0,0,0,0.192,0,0,0,0,0,0.274,0,0,0,0,0,0,0,0,0,0,0,0,0,0,0,0,0,0,0,0,0,0,0,0,0,0,0,0,0,0,0,0,0,0,0,0,0,0,0,0,0,0,0,0,0,0,0,0,0,0,0,0,0,0,0,0,0,0,0,0,0.51,0,0,0,0,0,0,0,0,0,0,0,0,0,0,0,0,0,0.394,0,0,0,0,0,0,0,0,0,0,0,0,0,0,0,0,0,0,0,0,0,0,0,0,0,0,0,0,0,0,0,0,0,0,0,0,0,0,0,0,0.313,0,0,0,0,0,0,0,0,0,0,0,0,0,0,0,0,0,0,0.297,0,0,0,0,0,0,0,0,0,0,0,0,0,0,0,0,0,0,0,0,0,0,0,0,0,0,0,0,0,0,0,0,0,0,0,0,0,0,0,0,0,0,0,0,0,0,0.195,0,0,0,0,0,0,0,0,0,0,0,0,0,0,0,0,0,0,0,0,0,0,0.511,0,0,0,0,0,0,0,0,0,0,0,0,0,0,0,0,0,0,0,0,0,0,0,0.292,0,0,0,0,0,0,0,0,0,0,0,0,0,0,0,0,0,0,0,0,0,0,0,0,0,0,0,0,0,0,0,0,0,0,0,0,0,0,0,0,0,0,0,0,0,0,0,0,0,0,0,0,0,0,0,0,0,0,0,0,0,0,0,0,0,0,0,0,0,0,0,0,0,0,0,0,0,0,0,0,0,0,0,0,0,0,0,0,0,0,0,0,0,0,0,0.193,0,0,0,0,0,0,0,0,0,0,0,0,0,0,0,0,0,0,0,0,0,0,0,0,0,0,0,0,0,0,0,0,0,0,0,0,0,0,0,0,0,0,0,0,0,0,0,0,0,0,0,0,0,0,0,0,0,0,0,0,0,0,0,0,0,0,0,0,0,0,0,0,0,0,0,0,0,0,0,0,0,0,0,0,0,0,0,0,0,0,0,0,0,0,0,0,0,0,0,0,0,0,0,0,0.276,0,0,0,0,0,0,0,0,0,0,0,0,0,0,0,0,0,0,0,0,0,0,0,0,0,0,0,0,0,0,0,0,0,0,0,0,0,0,0,0,0,0,0,0,0,0,0.276,0,0,0,0,0,0,0,0,0,0,0,0,0,0,0,0,0,0,0,0,0,0,0,0,0,0,0,0,0,0,0,0,0,0,0,0,0,0,0,0,0,0,0,0,0,0,0,0,0,0,0,0,0,0,0,0,0,0,0.196,0,0,0,0,0,0,0,0,0,0,0,0,0,0,0,0,0,0,0,0,0,0,0,0,0,0,0,0,0,0.189,0,0,0,0,0,0,0,0,0,0,0,0,0,0,0,0,0,0,0,0,0,0,0,0,0,0,0,0,0,0,0,0,0,0,0,0,0,0,0,0,0,0,0,0,0,0,0,0,0,0,0,0,0,0,0,0,0,0,0,0,0,0,0,0,0,0,0,0,0,0,0,0,0,0,0,0,0,0,0,0,0,0,0,0,0,0,0,0,0,0,0,0,0,0,0,0,0,0,0,0,0,0,0,0,0,0,0.373,0,0.446,0,0,0,0,0,0,0,0,0,0,0,0,0,0.331,0,0,0,0,0,0,0,0,0,0,0,0,0,0,0,0,0,0,0,0,0,0,0,0,0,0,0.217,0,0,0,0,0,0,0,0,0,0,0,0,0,0,0,0,0,0,0,0,0,0,0,0,0,0,0,0,0,0,0,0,0,0,0.294,0,0,0,0,0,0,0,0,0,0,0,0,0,0,0,0,0,0,0,0,0,0,0,0,0,0,0,0,0,0,0,0,0,0,0,0,0,0,0,0,0,0,0,0,0,0,0,0,0,0,0,0,0,0,0,0,0,0,0,0.309,0,0,0,0,0,0,0,0,0,0,0,0,0,0,0,0,0,0,0,0,0,0,0,0,0,0,0,0,0,0,0,0,0,0,0,0,0,0,0,0.272,0,0,0,0,0,0,0,0,0,0,0,0,0,0,0,0,0,0,0,0,0,0,0,0,0,0,0,0,0,0,0,0,0,0,0,0,0,0,0,0,0,0,0,0,0,0,0,0,0,0,0,0,0,0,0,0,0,0,0,0,0.227,0,0,0.415,0,0,0,0,0,0,0,0,0,0,0,0,0,0,0,0,0,0,0,0,0,0,0,0,0,0,0,0,0,0,0,0,0,0,0,0,0,0,0,0,0,0,0,0,0,0,0,0,0,0,0,0,0,0,0,0,0,0,0,0,0,0,0,0,0,0,0,0,0,0,0,0,0,0,0,0,0,0,0,0,0,0,0,0.446,0,0,0,0,0,0,0,0,0,0,0,0,0,0,0,0,0,0,0,0,0,0,0,0,0,0,0,0,0,0,0,0,0,0,0,0,0,0,0,0,0,0,0,0.19,0,0,0,0,0,0,0,0,0,0,0,0,0,0,0,0,0,0,0,0,0,0,0,0,0,0,0,0,0,0,0,0,0,0,0,0,0,0,0,0,0,0,0,0,0,0,0,0,0,0,0,0,0,0,0,0,0,0,0,0,0,0,0,0,0,0,0,0,0,0,0,0,0,0,0,0,0,0,0,0,0,0,0,0,0,0,0,0,0,0,0,0,0,0,0,0,0,0,0,0,0,0,0,0,0,0,0,0,0,0,0,0,0,0,0,0,0,0,0,0,0,0,0,0,0,0,0,0,0,0,0,0,0,0,0,0,0,0,0,0,0,0,0,0,0,0,0,0,0,0,0,0.571,0,0,0,0,0,0,0,0,0,0,0,0,0,0,0,0,0,0,0,0,0,0.165,0,0,0,0,0,0,0,0.493,0,0,0,0,0,0,0,0,0,0,0,0,0,0,0,0,0,0,0,0,0,0,0,0,0,0,0,0,0,0,0,0,0,0,0,0,0,0,0,0,0.39,0,0,0,0,0,0,0,0,0,0,0,0,0,0,0,0,0,0,0,0.194,0,0,0,0,0,0,0,0,0,0,0,0,0,0,0,0,0,0,0,0,0,0,0,0,0,0,0,0,0,0,0,0,0,0,0,0,0,0,0.481,0,0,0,0,0,0,0,0,0,0,0,0,0,0,0,0,0,0,0,0,0,0,0,0,0,0,0,0,0,0,0,0,0,0,0,0,0,0,0,0,0,0,0,0,0,0,0,0,0,0,0,0,0,0,0,0,0,0,0,0,0,0,0,0,0,0,0,0,0,0,0,0,0,0,0,0,0,0,0,0,0,0,0,0,0,0,0,0,0,0,0,0,0,0,0,0,0,0,0,0.358,0,0,0,0,0,0,0,0,0,0,0,0,0,0,0,0,0,0,0,0,0,0,0,0,0,0,0,0,0,0,0,0,0,0,0,0,0,0,0,0,0,0,0,0,0,0,0,0,0,0,0,0,0,0,0,0,0,0,0,0,0,0,0,0,0,0,0,0,0.15,0,0,0,0,0,0,0,0,0,0,0,0,0,0,0,0,0,0,0,0,0,0,0,0,0,0,0,0,0,0,0,0,0,0,0,0,0,0,0,0,0,0,0,0,0,0,0,0,0,0,0,0,0,0,0,0,0,0,0,0,0,0,0,0,0,0,0,0,0,0,0,0,0,0,0,0,0,0.199,0,0,0,0,0,0,0,0,0,0,0,0,0,0,0,0,0,0,0,0,0,0,0,0,0,0,0,0,0,0,0,0,0,0,0,0,0,0,0,0,0,0,0,0,0,0,0,0,0,0,0,0,0.329,0,0,0,0,0,0,0,0,0,0,0,0,0,0,0,0,0,0,0,0,0,0,0,0,0,0,0,0,0,0,0,0,0,0,0,0,0,0,0,0,0,0,0,0,0,0,0.227,0,0,0,0,0,0,0,0,0,0,0,0,0,0,0,0,0,0,0,0,0,0,0,0,0,0,0,0,0,0,0,0,0,0,0,0,0,0,0,0,0,0,0,0,0,0,0,0,0,0,0,0,0,0,0,0,0,0,0,0,0,0,0,0,0,0,0,0,0,0,0,0,0,0,0,0,0,0,0,0,0.61,0,0,0,0,0,0,0,0,0,0,0,0,0,0,0,0,0,0,0,0,0,0,0,0,0,0,0,0,0,0,0,0,0,0,0,0,0,0,0,0,0,0,0,0,0,0,0,0,0,0,0,0,0,0,0,0,0,0,0,0,0,0,0,0,0,0,0,0,0,0,0,0,0,0,0,0,0,0,0,0,0,0,0,0,0,0,0,0,0,0,0,0,0,0,0,0,0,0,0,0,0,0,0,0,0,0,0,0,0,0,0,0,0,0,0,0,0,0,0,0,0,0,0,0,0,0,0,0,0,0,0,0,0,0,0,0,0,0,0,0,0,0,0,0,0,0,0,0,0,0,0,0,0,0,0,0,0,0,0,0,0,0,0,0,0,0,0,0,0,0,0,0,0,0,0,0,0,0,0,0,0,0,0,0,0,0,0,0,0,0,0,0,0,0,0,0,0,0,0,0,0,0,0,0,0,0,0,0,0,0,0,0,0,0,0,0,0,0,0,0,0,0,0,0,0,0,0,0,0,0,0,0,0,0,0,0,0,0,0,0,0,0,0,0,0,0,0,0,0,0.396,0,0,0,0,0,0,0,0,0,0,0,0,0,0,0,0,0,0,0,0,0,0,0,0,0,0,0,0,0,0,0,0,0,0,0,0,0,0,0,0,0,0,0,0.351,0,0,0,0,0,0,0,0,0,0,0,0,0,0,0,0,0,0,0,0,0,0,0,0,0,0,0,0,0,0,0,0,0,0,0,0,0,0,0,0,0,0,0,0,0,0,0,0,0,0,0,0,0,0,0.355,0.22,0,0,0,0,0,0,0,0,0,0,0,0,0,0,0,0,0,0,0,0,0,0,0,0,0,0,0,0,0.355,0,0,0,0,0,0,0,0,0,0,0,0,0,0,0,0,0,0,0,0,0,0,0,0,0,0,0,0,0,0,0,0,0,0,0,0,0,0,0,0,0,0,0,0,0,0,0,0,0,0,0,0,0,0.293,0,0,0,0,0,0,0,0,0,0,0,0,0,0,0,0,0,0,0,0,0,0,0,0,0,0,0,0,0,0,0,0,0,0,0,0,0.481,0,0,0,0,0,0.229,0,0,0,0,0,0,0,0,0,0,0,0,0,0,0,0,0,0,0,0,0,0,0,0,0,0,0,0,0,0,0,0,0,0,0,0,0,0,0,0,0,0,0,0,0,0,0,0,0,0,0,0,0,0,0,0,0,0,0,0,0,0,0,0,0,0,0,0,0,0,0,0,0,0,0,0,0,0,0,0,0,0,0,0,0,0,0,0,0,0,0,0,0,0,0,0,0,0.239,0.378,0,0,0,0,0,0,0,0,0,0,0,0,0,0,0,0.338,0,0.515,0,0,0,0,0,0,0,0,0,0,0,0,0,0,0,0,0,0,0,0,0.371,0,0.513,0.446,0,0.61,0,0,0,0,0,0,0.48,0,0,0,0,0,0,0,0,0,0,0,0,0,0,0,0,0,0,0,0,0,0,0,0,0,0,0,0,0,0,0,0,0,0,0,0,0,0,0,0,0,0,0,0,0,0,0,0,0,0,0,0,0,0,0,0,0,0,0,0,0,0,0,0,0,0,0,0,0,0.209,0,0,0,0,0,0,0,0,0,0,0,0,0,0,0,0,0,0,0,0,0,0,0,0,0,0,0,0,0,0,0,0,0,0,0,0,0,0,0,0,0,0,0,0,0,0,0,0,0,0,0,0,0,0,0,0,0,0,0,0,0,0,0,0,0,0,0,0,0,0,0,0,0,0,0,0,0,0,0,0,0,0,0,0,0,0,0,0,0,0,0,0,0,0,0,0,0,0,0,0,0,0,0,0,0,0,0,0,0,0,0
855874,0.226,0,0,0,0,0.159,0,0,0.208,0,0,0,0.266,0,0.199,0,0,0,0,0,0,0,0,0,0.356,0,0,0,0,0.15,0,0,0.197,0,0,0,0.171,0,0,0,0,0,0,0.28,0,0,0.25,0,0,0,0.178,0,0,0,0,0,0.165,0,0,0,0,0,0.203,0,0,0,0,0,0,0,0.381,0,0,0,0,0,0,0,0,0,0,0,0,0,0,0,0,0,0,0,0,0,0,0,0,0,0,0,0,0,0.314,0,0,0,0,0,0,0,0,0,0.272,0,0,0.199,0,0,0,0,0,0,0,0,0.199,0,0.668,0,0,0.199,0,0,0,0.199,0,0,0,0,0,0.199,0,0,0,0,0.329,0,0.165,0,0,0,0,0,0.423,0,0.199,0,0,0,0,0,0,0,0,0,0,0,0,0,0,0,0,0,0,0,0,0,0,0,0,0,0.15,0,0,0,0,0.156,0,0,0,0,0,0.724,0,0,0,0,0,0,0,0,0,0,0,0,0,0.468,0,0,0,0,0,0,0,0,0,0,0,0,0,0,0,0,0,0,0,0,0,0,0,0,0,0,0.153,0,0,0.234,0,0,0,0,0.156,0.155,0,0,0,0,0,0.288,0,0,0,0.156,0,0,0.16,0,0.243,0,0,0,0,0,0,0.165,0,0,0,0.362,0,0.383,0,0,0,0,0.924,0,0,0,0,0,0,0.208,0,0,0,0,0,0,0,0,0,0,0,0,0,0,0,0,0.156,0,0,0.316,0,0,0,0,0,0,0,0,0,0,0.324,0,0,0,0,0,0.229,0,0,0,0,0,0,0,0,0,0.218,0,0,0,0,0,0,0,0.345,0,0,0,0,0,0,0,0.201,0,0.208,0,0,0,0,0,0,0,0,0,0,0,0,0,0,0.275,0,0,0,0,0,0,0,0,0,0,0.176,0,0,0,0,0,0,0,0,0,0,0,0.307,0,0,0.158,0,0,0,0,0,0,0,0,0,0,0,0,0,0,0,0,0,0,0.365,0,0,0,0,0,0,0.223,0,0,0,0.153,0.382,0,0,0,0,0,0,0,0,0,0,0,0,0,0,0,0,0.222,0,0,0,0,0,0.242,0.164,0.216,0,0,0.152,0,0,0,0.269,0,0,0,0,0,0.201,0,0.286,0,0,0,0,0,0,0.155,0.289,0,0,0.306,0,0.155,0,0,0,0,0,0,0.189,0,0,0,0,0,0,0,0,0,0,0,0,0,0,0,0,0,0,0,0,0,0,0,0,0.156,0,0,0,0,0.154,0,0.288,0,0.234,0,0,0,0,0,0,0,0.809,0,0.24,0,0,0,0,0,0,0,0,0.694,0,0,0,0,0,0,0.655,0,0,0,0.169,0,0,0,0.278,0,0,0.175,0,0,0,0,0,0,0.177,0,0,0,0,0,0,0,0,0,0,0,0,0.153,0.337,0,0,0,0,0,0,0,0,0,0,0,0,0,0,0.204,0,0,0,0,0,0,0,0,0,0,0,0,0,0,0,0,0.659,0,0,0,0,0,0,0,0,0,0,0,0,0,0,0,0,0.181,0,0,0.21,0,0.156,0,0,0,0,0,0,0,0,0.182,0.307,0,0,0,0.224,0,0,0.155,0,0,0,0.23,0,0,0.15,0,0,0,0,0,0,0,0,0,0.15,0,0,0,0,0,0,0,0,0,0,0,0.204,0,0,0,0,0,0,0,0,0,0,0,0,0.38,0.269,0,0,0,0,0,0,0,0,0,0,0,0,0,0,0,0,0,0,0,0,0,0,0,0,0,0,0,0,0,0,0,0,0.34,0,0,0,0,0,0.152,0,0,0,0,0,0,0,0,0,0,0,0,0,0,0,0,0.156,0,0,0,0,0,0.177,0,0,0,0,0.164,0,0,0,0,0,0,0,0,0.166,0,0,0.196,0,0.205,0,0,0,0,0,0,0,0,0.297,0,0,0,0,0.316,0,0,0,0,0.542,0,0,0,0,0,0,0.189,0.163,0,0,0,0.201,0,0,0,0,0,0.156,0.278,0,0,0,0.208,0,0,0,0,0,0,0,0,0,0,0,0,0,0,0,0,0,0,0,0.185,0,0,0,0,0,0,0,0,0,0,0,0,0.331,0,0,0.174,0,0,0,0,0,0,0,0,0,0,0,0,0,0,0,0.167,0,0,0.2,0,0,0,0,0,0,0,0,0.155,0,0,0,0,0,0,0,0,0,0,0,0,0,0,0,0,0,0,0,0,0,0,0.179,0,0,0,0,0,0,0.192,0,0,0.196,0,0,0,0,0,0,0,0,0,0,0,0,0,0,0,0,0,0,0.185,0,0,0,0,0,0,0.334,0.378,0,0,0,0,0.95,0,0,0.18,0,0,0.153,0,0,0,0,0.26,0,0,0,0.182,0,0,0,0,0,0,0,0,0,0,0,0,0,0,0,0,0.924,0.599,0,0.762,0,0,0,0.238,0,0,0,0,0,0,0,0,0,0,0,0,0,0,0,0,0,0,0,0,0,0.224,0,0,0,0,0,0,0,0,0,0.345,0,0,0,0,0,0.226,0,0,0,0,0,0.227,0,0,0,0,0,0,0,0,0,0,0.282,0,0,0,0,0,0,0,0,0,0,0,0,0,0,0,0,0,0,0,0,0,0,0,0,0,0,0,0,0.157,0,0,0,0,0,0,0,0,0,0,0,0,0,0,0,0,0,0,0,0,0.233,0,0,0,0,0,0,0,0,0.171,0,0,0,0,0,0,0,0,0,0,0,0,0,0,0,0,0,0,0,0,0,0,0.216,0,0,0,0,0,0,0,0,0,0,0,0.224,0,0,0,0,0,0,0,0,0,0,0.218,0,0.203,0,0,0,0,0,0,0,0,0,0,0,0,0,0,0,0,0,0,0,0,0,0,0,0,0,0,0,0,0,0,0,0,0,0,0,0,0.183,0,0,0,0,0,0,0,0.203,0,0,0,0,0,0,0,0,0,0,0,0,0,0,0,0,0,0,0,0,0.153,0,0,0,0,0,0,0,0,0,0,0,0,0,0,0,0,0,0,0,0,0,0,0,0,0,0,0,0,0,0,0,0.257,0,0,0,0,0,0,0,0,0,0,0,0,0,0,0,0,0,0,0,0,0,0,0,0,0,0,0,0,0,0,0,0,0,0,0,0,0,0,0,0,0,0,0,0,0,0,0,0,0,0,0,0,0.497,0,0,0,0,0,0,0,0,0,0,0,0,0,0,0,0,0,0,0,0,0,0,0,0,0,0,0,0,0,0,0,0,0,0,0,0,0,0,0,0,0,0,0,0,0,0,0,0,0,0,0,0,0,0,0,0,0,0,0,0,0,0,0,0,0.233,0,0,0,0,0,0,0,0,0,0,0,0,0,0,0.196,0,0,0,0,0,0,0,0,0,0,0,0,0,0,0,0,0,0,0,0,0,0,0,0,0,0.478,0,0,0,0,0.191,0,0,0,0,0,0,0,0,0,0,0,0,0,0,0,0,0,0,0,0,0,0,0,0,0,0,0,0,0,0,0,0,0,0,0,0,0,0,0,0,0,0,0,0,0,0,0,0,0,0,0,0,0,0,0,0.674,0,0.567,0,0,0,0,0.666,0,0,0,0,0,0,0,0.362,0,0,0,0,0,0,0,0,0,0.204,0,0,0,0.437,0,0,0,0,0,0,0,0,0,0,0,0,0,0,0,0,0,0,0,0,0,0,0,0,0,0,0,0,0,0,0,0.191,0,0,0,0,0,0,0,0,0,0,0,0,0,0,0,0,0,0,0,0,0,0,0,0,0,0,0,0,0,0,0,0.284,0,0,0,0,0,0,0,0,0.23,0,0,0,0,0,0,0,0,0,0,0,0,0,0,0,0,0.671,0,0,0,0,0,0,0,0,0.223,0,0,0.167,0,0,0,0,0,0,0,0,0,0,0,0,0,0,0.21,0,0,0,0,0,0,0,0.25,0,0,0,0.19,0,0,0,0,0,0.16,0,0,0,0,0,0,0,0.176,0,0,0,0,0,0,0,0,0,0,0,0,0.229,0,0,0,0,0,0,0,0,0,0,0,0,0,0,0,0,0,0,0,0,0,0,0,0,0,0,0,0,0,0,0,0,0,0,0,0,0,0,0,0,0,0,0,0,0,0,0,0,0,0,0,0.22,0,0,0,0,0,0,0,0,0,0,0.151,0,0.288,0,0,0,0,0,0,0,0,0,0,0,0,0.293,0,0,0,0,0,0,0,0,0,0,0,0,0,0,0,0,0.164,0,0,0,0.3,0,0,0,0,0,0,0,0,0,0,0,0,0,0,0,0.206,0,0,0,0.218,0,0,0,0,0,0,0,0,0,0,0.167,0,0,0,0,0.155,0,0,0,0,0,0,0,0.33,0,0,0,0,0,0,0,0,0,0,0,0,0,0,0,0,0,0,0,0,0,0,0,0,0,0,0,0,0,0,0,0.405,0,0,0,0,0,0,0,0,0,0,0,0,0,0,0.288,0,0,0,0,0,0,0,0,0,0,0,0,0,0,0,0,0,0,0,0,0,0,0.291,0,0,0,0,0,0,0,0,0,0,0,0.163,0,0,0,0,0,0.191,0,0,0,0,0,0,0,0,0.191,0,0,0,0,0,0,0,0,0,0,0,0.343,0,0,0,0,0,0.163,0,0.243,0,0,0,0,0,0,0,0,0,0,0,0,0,0,0,0,0,0.159,0,0,0,0,0,0.214,0,0,0,0,0,0,0,0,0,0,0,0,0,0,0,0,0,0,0.822,0,0,0,0,0,0,0,0,0,0,0,0,0,0,0,0,0,0,0,0,0,0,0,0,0,0,0,0,0,0,0,0,0,0,0,0,0,0,0,0,0,0,0,0,0.181,0,0,0,0,0,0,0,0,0,0,0,0,0,0,0,0,0,0,0,0,0,0,0.288,0,0,0,0,0,0.181,0.167,0.169,0,0.15,0,0,0,0,0,0,0,0,0,0,0,0,0,0.725,0,0,0,0,0,0,0,0,0,0,0,0,0,0,0,0,0,0.342,0.342,0,0,0,0,0,0,0,0,0,0,0,0,0.264,0,0,0,0.165,0,0,0,0,0,0,0,0,0.171,0,0,0,0,0,0,0,0,0,0,0,0,0,0,0,0,0,0,0,0,0,0,0,0,0,0,0,0,0,0,0,0,0,0,0,0,0,0,0.531,0,0,0,0,0,0.953,0,0,0,0,0,0,0,0,0,0.772,0.682,0.372,0,0,0,0,0,0,0,0,0,0.209,0.19,0,0.155,0,0.381,0.456,0.168,0,0.298,0.18,0,0,0,0,0,0.49,0,0,0.832,0.522,0.943,0,0,0.58,0,0.552,0.48,0.996,0.249,0.446,0,0,0.336,0,0.482,0,0.18,0.999,0,0.244,0,0,0,0,0,0,0.99,0,0.317,0.203,0.807,0,0,0,0.992,0.269,0,0.981,0,0,0,0,0.995,0.857,0,0.938,0,0,0,0,0,0,0,0,0,0.261,0.267,0.993,0,0,0.263,0.246,0,0.817,0,0,0.675,0,0,0,0,0,0,0,0,0,0,0,0,0,0,0,0,0,0,0,0,0,0,0,0,0,0,0,0,0.174,0,0,0,0,0,0,0,0.291,0,0,0,0,0,0,0,0,0,0,0,0,0,0,0,0,0,0,0,0.173,0,0,0,0,0.173,0,0,0,0,0,0,0,0,0,0,0,0,0,0,0,0,0,0,0.183,0,0,0,0,0,0,0,0,0,0,0,0,0,0,0,0,0,0,0,0,0,0,0,0,0,0,0,0,0,0,0,0,0,0,0,0,0,0,0,0,0,0,0,0,0,0,0,0,0,0,0,0,0,0.316,0,0,0,0,0,0,0,0,0,0,0.473,0,0,0,0,0,0.214,0,0.403,0,0,0,0.155,0,0,0,0,0,0,0,0.307,0,0,0,0,0,0,0,0,0,0,0,0,0,0,0,0,0,0.228,0.21,0,0,0,0,0,0.248,0,0,0,0,0,0,0,0,0,0,0,0,0,0,0,0,0,0,0,0,0,0.363,0,0,0,0,0,0,0,0.21,0,0,0,0,0,0,0,0,0,0,0,0.236,0,0,0,0,0.537,0,0,0,0,0.229,0,0,0,0,0,0.21,0,0,0,0,0,0,0,0,0.367,0,0,0,0,0,0,0,0,0,0,0.209,0,0,0,0,0,0,0,0,0,0.18,0,0,0,0,0,0,0,0,0,0,0,0,0,0,0,0,0,0,0,0,0,0,0,0,0,0,0,0,0,0,0,0,0.2,0,0,0,0,0,0,0,0,0,0,0,0,0,0,0,0,0,0,0,0.628,0,0,0,0,0,0,0.288,0,0,0,0,0,0,0,0,0,0,0,0,0,0,0,0,0,0,0,0,0,0,0,0,0,0.246,0,0,0,0,0,0,0,0,0,0,0,0,0,0,0,0,0,0,0,0,0,0,0,0,0,0,0,0,0,0,0,0,0,0,0,0,0,0,0,0,0,0,0,0,0,0,0,0,0,0,0,0,0,0,0,0,0,0,0,0,0,0,0,0,0,0,0.184,0,0,0,0,0,0,0,0,0,0,0,0,0,0,0,0,0,0,0,0,0,0,0,0.186,0,0,0,0,0,0,0,0,0,0,0,0,0,0,0,0,0,0,0,0,0,0,0,0,0,0,0,0.177,0.243,0,0,0,0,0,0,0,0,0,0,0,0,0,0,0,0,0,0.329,0,0,0,0.719,0,0,0,0,0.163,0,0,0,0,0,0,0,0,0,0,0,0,0,0,0,0,0,0,0,0,0,0,0,0,0,0.19,0,0,0,0,0,0.584,0,0,0,0,0,0,0,0,0,0,0,0,0,0,0.192,0,0,0,0,0,0,0,0.485,0,0,0,0,0,0,0,0,0,0,0,0,0,0,0,0.164,0,0.332,0,0,0,0,0,0,0,0,0,0,0,0,0,0,0,0.192,0,0,0,0,0,0,0,0,0,0,0,0,0,0,0,0,0,0,0,0,0,0,0,0,0,0,0,0,0,0,0,0,0,0,0,0,0,0,0,0,0,0,0,0.16,0,0,0,0,0,0,0,0,0,0,0,0,0,0,0,0.178,0,0,0,0,0,0,0,0,0,0,0,0,0,0,0,0,0,0,0,0,0,0,0,0,0,0,0,0,0,0,0,0,0,0,0,0,0,0,0,0,0,0,0,0,0,0,0,0,0,0,0,0,0,0,0,0.64,0,0,0,0,0,0,0,0,0,0,0,0,0,0,0,0,0,0,0,0,0,0,0,0,0,0,0,0,0,0,0,0.264,0,0,0,0,0,0,0,0,0,0,0,0,0,0,0,0,0,0,0,0,0.183,0,0,0,0,0,0,0,0,0,0,0,0,0,0,0,0,0,0,0,0,0,0,0.151,0,0,0,0,0,0,0,0.334,0,0,0,0,0,0,0,0,0,0,0.18,0,0,0,0,0,0,0,0,0.444,0,0,0,0,0,0.178,0,0,0,0,0.153,0,0,0,0,0,0,0,0,0,0,0.15,0,0,0,0.311,0,0,0,0,0,0,0,0,0,0,0,0,0,0,0,0.352,0,0.165,0,0,0,0,0,0.153,0.4,0,0,0.163,0,0,0,0,0,0,0,0,0,0,0,0,0,0,0,0,0,0,0,0,0,0,0,0.198,0,0.192,0.165,0,0,0,0,0,0,0,0,0,0,0,0,0,0,0,0,0,0,0.325,0.174,0.216,0,0,0,0,0.3,0,0,0,0,0.173,0,0,0,0.614,0,0,0.274,0,0,0,0,0,0,0,0,0,0,0,0,0,0,0,0,0,0,0,0,0.195,0,0,0,0,0,0,0,0,0,0,0,0,0,0,0,0,0,0,0.292,0,0,0,0,0,0,0,0,0,0,0,0,0,0,0,0.238,0,0,0,0,0,0,0,0,0,0,0,0,0.301,0,0,0.277,0,0,0,0,0,0,0,0,0,0,0,0,0,0,0,0,0,0,0,0,0,0,0,0,0,0,0,0,0,0,0,0,0,0,0,0,0,0,0.21,0,0,0,0,0,0,0,0,0,0,0,0,0,0,0,0,0,0.286,0,0,0,0,0,0,0,0,0,0,0,0,0,0.616,0,0,0.309,0,0,0,0,0,0,0,0,0,0,0,0,0.347,0,0,0,0.335,0,0.203,0.777,0,0,0,0,0,0.363,0,0,0,0,0.16,0,0,0,0,0,0,0,0,0.245,0,0,0,0,0,0,0,0.257,0,0,0.245,0,0,0,0,0,0,0,0,0.19,0,0,0,0.169,0.436,0,0,0,0,0,0,0,0,0,0,0,0,0,0,0,0,0,0.291,0,0,0,0,0,0,0.164,0,0,0,0,0,0,0,0,0,0,0,0.455,0,0,0,0.163,0,0,0,0,0,0,0,0,0,0,0,0,0,0,0,0,0,0,0,0,0,0,0,0,0,0,0,0,0.164,0,0,0,0,0.198,0,0,0,0,0,0,0.639,0,0,0,0,0,0,0,0,0.294,0,0,0,0,0,0,0,0,0,0,0,0,0,0,0,0,0,0.196,0,0,0,0,0.201,0,0,0,0,0,0,0,0,0,0,0,0,0,0.218,0,0.163,0,0,0,0,0,0,0,0,0,0,0,0,0,0,0,0,0,0,0,0,0,0,0,0.234,0,0,0,0.207,0,0,0.567,0,0,0,0,0,0,0,0,0,0,0,0,0.34,0,0,0,0,0,0,0,0,0,0.317,0,0,0,0,0,0,0,0,0,0,0,0.24,0,0,0,0,0,0,0.155,0,0,0,0,0,0,0,0,0,0,0,0,0,0,0,0,0.196,0,0,0,0,0,0,0,0,0,0,0,0,0,0,0,0,0,0,0,0,0,0,0,0,0,0,0,0,0,0,0,0,0,0,0,0.257,0,0.491,0,0,0,0,0,0,0,0,0,0,0,0,0,0,0,0,0,0,0,0,0,0,0,0,0,0,0.372,0,0,0,0,0,0,0,0,0,0,0,0,0,0,0,0,0,0,0,0,0,0.173,0,0.34,0.405,0,0,0,0.297,0,0.205,0,0,0,0,0,0,0,0,0.215,0,0,0,0,0,0,0,0,0.183,0,0,0,0,0,0,0,0,0,0,0,0,0,0,0,0,0,0,0,0,0,0,0,0,0,0,0,0,0,0,0,0,0,0,0,0,0,0.356,0,0,0,0.448,0,0,0,0,0,0,0,0,0,0,0,0,0,0,0,0,0,0,0,0,0,0,0,0,0,0,0,0.191,0,0,0,0,0,0,0,0,0,0,0,0,0,0,0,0,0,0.662,0,0,0,0,0,0,0,0,0,0,0,0,0,0,0,0,0,0,0,0,0,0,0,0.992,0,0,0,0,0.224,0,0,0,0,0,0,0,0.335,0,0,0,0,0,0,0,0,0,0,0,0,0,0,0,0.835,0,0,0,0,0,0,0,0.716,0,0.185,0,0,0.981,0,0,0,0,0,0,0,0,0,0,0,0.352,0,0,0.464,0,0,0.598,0,0,0,0,0,0,0,0,0,0,0,0,0,0,0,0,0.222,0,0,0,0,0,0,0,0,0,0,0.241,0,0,0,0,0,0,0,0.375,0,0,0.293,0,0,0,0,0,0,0,0,0,0,0,0,0,0,0,0,0,0,0,0,0,0,0,0,0,0,0,0,0,0,0,0,0,0,0.2,0,0,0,0,0,0.195,0,0,0,0,0,0,0,0,0,0,0,0,0,0,0,0,0,0,0,0,0,0.188,0,0,0,0,0,0,0,0,0,0,0,0,0,0,0,0,0,0.212,0,0,0,0,0,0,0,0,0,0,0,0,0,0,0,0,0,0,0,0,0.381,0,0,0,0,0,0,0,0,0,0,0,0,0,0.67,0,0,0.63,0,0.187,0,0.206,0,0,0,0,0,0,0,0,0,0,0,0,0,0,0,0,0,0,0,0,0,0,0,0.247,0,0,0,0,0,0,0,0,0,0.266,0,0,0,0.177,0,0,0,0,0,0,0,0,0,0,0,0,0,0,0,0.682,0.344,0.644,0,0,0,0,0,0.363,0.316,0.435,0,0,0.201,0,0,0,0,0,0,0,0,0,0,0,0.582,0,0,0,0,0,0,0,0,0.158,0,0,0,0,0,0,0,0,0,0.639,0,0,0,0,0,0.158,0,0,0,0,0,0,0,0,0,0,0,0,0,0,0,0,0,0,0,0,0,0,0,0.245,0,0,0,0,0,0,0,0,0,0,0,0,0,0,0,0,0,0,0,0,0,0,0,0,0,0,0,0,0,0,0,0,0,0,0,0,0,0,0,0,0,0,0,0,0,0,0,0,0,0,0,0,0,0,0,0,0.202,0,0,0,0,0,0,0,0,0,0.264,0.266,0,0,0,0,0,0,0,0,0,0,0,0,0,0,0,0,0,0,0,0,0,0,0,0,0,0,0
852479,0,0,0,0.583,0,0,0.618,0,0,0,0.36,0.767,0,0,0.258,0.757,0,0.784,0.402,0.348,0,0,0,0,0.201,0,0.616,0,0,0,0,0,0.162,0,0.3,0.786,0,0,0,0,0.583,0.196,0,0,0.19,0.267,0,0.41,0.617,0,0.276,0.999,0.365,0,0,0,0,0.402,0.978,0,0.193,0,0.761,0,0.595,0.185,0.397,0.306,0,0,0.855,0,0,0.267,0.528,0.263,0.271,0,0,0,0.201,0.247,0,0,0,0.477,0.169,0,0.18,0,0.608,0.171,0.177,0.915,0.193,0.999,0.531,0.314,0,0,0,0,0,0.163,0,0,0.188,0,0,0.239,0,0,0,0,0,0,0,0.18,0.291,0.904,0,0.638,0.899,0.192,0,0.151,0,0.696,0,0,0.177,0.258,0,0,0,0,0,0,0.674,0.245,0,0.389,0.496,0,0,0.399,0,0,0,0,0.564,0,0,0.166,0,0.705,0.518,0,0,0,0,0,0,0.165,0,0,0,0.165,0,0.321,0,0,0,0,0,0.309,0,0.391,0,0.461,0.271,0.273,0.275,0.399,0,0,0,0,0,0.261,0.194,0,0,0.232,0,0.439,0,0,0,0,0,0.349,0,0.79,0,0,0.999,0,0,0.302,0,0.406,0.341,0.653,0.99,0,0,0.483,0.297,0,0.999,0,0,0.337,0,0.217,0.192,0,0.478,0.946,0,0,0.994,0,0.424,0.521,0.822,0.158,0,0,0,0,0.222,0.425,0.471,0,0,0.208,0,0.374,0,0.248,0,0,0,0,0,0,0,0,0,0,0,0.405,0.992,0,0.152,0,0,0.152,0.161,0,0,0.631,0.164,0.996,0,0.296,0.263,0,0,0,0.723,0.224,0.38,0.443,0,0.65,0.411,0.235,0,0,0,0.181,0,0,0.159,0.465,0,0,0.999,0,0,0.476,0,0,0,0,0,0.996,0,0,0,0.326,0.997,0.205,0,0,0,0.913,0,0,0.246,0.99,0,0.367,0.305,0,0,0.997,0,0.833,0,0.431,0.155,0,0,0,0.274,0,0,0,0,0.199,0,0.167,0.55,0,0,0,0.991,0,0,0.286,0,0,0,0,0,0.636,0,0.175,0.152,0,0,0,0.366,0.239,0.989,0.99,0.654,0.925,0,0,0,0,0.999,0,0,0.184,0,0,0,0.999,0,0,0,0,0,0.525,0.203,0,0.191,0.313,0,0,0.999,0.348,0.718,0,0.299,0,0,0,0.548,0.917,0,0,0.224,0.97,0.358,0,0.164,0.19,0.396,0.348,0.184,0,0,0,0.371,0,0,0.443,0,0.995,0,0.197,0.212,0.483,0.295,0,0.357,0,0.406,0,0,0.375,0.299,0,0,0,0,0,0,0,0,0,0,0,0.999,0,0.287,0.214,0,0,0,0.302,0,0.205,0,0.444,0.357,0,0,0,0,0,0,0,0.173,0,0,0.999,0,0.213,0,0,0,0.699,0.981,0.315,0.179,0,0,0.387,0,0,0.368,0.261,0.193,0.984,0,0,0.194,0,0.388,0.616,0.343,0.236,0.2,0,0,0,0.162,0.242,0.195,0.292,0.345,0,0,0,0.153,0.152,0.275,0.228,0.999,0.301,0,0,0.53,0,0,0,0,0.374,0,0.446,0.182,0,0,0,0,0,0,0,0.926,0.254,0,0.345,0.222,0,0,0.277,0,0.16,0,0,0.31,0.269,0,0,0,0,0.179,0,0,0.303,0,0,0,0,0.161,0.287,0,0.517,0.199,0,0,0,0,0.378,0,0.377,0,0.191,0,0,0,0,0,0,0,0,0.398,0.919,0.22,0,0.93,0,0,0,0,0.211,0,0,0.207,0.508,0,0.155,0,0.357,0.497,0.539,0.272,0.173,0,0.336,0,0,0,0,0,0.337,0.407,0,0,0.984,0.211,0,0,0,0.444,0,0.764,0.306,0.339,0.187,0.553,0,0.555,0.174,0,0.2,0.671,0.196,0.245,0,0.262,0,0,0.197,0,0,0.184,0,0,0.201,0,0.159,0,0,0,0,0.829,0,0,0,0.265,0.981,0,0,0,0,0.242,0.169,0,0.309,0,0,0,0,0.326,0.284,0,0,0,0,0,0,0,0.787,0,0,0,0,0.951,0.201,0.181,0,0.158,0,0,0,0,0,0.224,0,0,0,0.187,0.267,0,0,0,0,0.36,0.468,0,0.264,0,0.168,0,0,0,0.28,0.426,0.996,0.999,0,0,0,0,0,0.26,0.219,0.221,0,0.165,0.999,0,0,0,0.349,0,0.989,0,0.338,0.353,0,0,0.259,0.536,0,0,0.627,0.309,0,0,0,0.999,0,0.691,0.15,0,0,0,0.202,0.335,0,0.225,0,0.311,0,0,0,0,0.534,0,0,0.205,0.293,0,0.338,0.22,0,0.344,0,0,0,0.212,0.98,0,0.928,0,0.925,0,0.28,0.613,0,0.43,0,0,0,0,0,0,0,0,0,0.155,0.163,0,0,0.15,0,0,0,0,0,0,0,0.342,0,0.86,0,0,0,0.361,0.177,0.176,0,0,0,0.569,0,0,0,0,0.192,0,0,0,0,0,0.186,0,0.999,0,0.393,0,0.292,0,0,0,0.445,0,0.595,0,0,0,0.334,0,0.32,0,0.332,0.154,0.638,0,0.177,0,0,0,0,0.195,0,0.16,0.999,0.193,0,0.342,0.234,0,0,0,0.403,0,0.37,0.159,0,0.222,0,0.999,0,0,0.425,0,0,0.99,0,0,0,0,0,0.214,0,0,0.239,0.313,0,0,0.237,0.94,0.834,0,0,0,0,0.186,0.992,0,0.999,0,0,0,0.336,0.521,0,0.619,0,0.999,0.18,0,0.172,0,0.368,0,0.999,0,0.928,0.675,0.999,0,0.829,0,0,0,0,0,0,0.273,0,0,0.268,0,0.232,0,0.193,0.952,0,0.944,0.999,0,0.15,0.38,0,0,0,0,0.998,0,0,0,0.176,0.287,0.994,0,0,0.658,0.219,0,0.999,0,0,0,0,0,0,0,0,0,0,0.211,0,0,0,0.343,0,0,0,0,0.268,0,0,0,0,0,0,0,0,0,0,0,0,0.299,0,0,0,0,0,0,0,0,0,0,0,0,0,0,0,0,0.349,0,0,0,0,0,0,0,0.157,0,0.225,0,0,0,0.992,0,0.225,0,0,0,0,0,0.247,0,0.999,0,0,0,0.177,0,0,0,0.196,0,0,0,0.908,0.342,0,0,0,0.166,0,0,0.267,0,0,0.156,0,0,0,0,0.479,0,0,0,0,0,0,0,0,0,0,0,0.221,0,0.208,0.271,0,0,0.236,0,0.221,0,0,0,0,0,0,0,0,0,0,0.169,0.454,0,0,0.998,0,0,0,0,0,0,0,0,0.899,0,0,0.16,0,0.594,0.182,0,0,0,0,0,0,0.157,0,0.158,0,0,0,0.999,0,0,0,0,0,0,0,0,0,0,0.999,0,0,0.162,0.539,0,0,0,0,0.999,0.446,0.817,0,0,0,0.232,0,0,0,0.388,0,0,0,0,0,0,0,0,0,0.166,0,0,0,0,0.22,0.196,0,0,0,0,0,0,0,0,0,0,0.998,0,0,0.416,0,0,0,0,0.377,0,0,0,0,0,0,0,0.998,0.902,0,0.983,0,0,0,0,0,0.595,0,0.946,0.235,0,0,0,0.349,0,0,0,0.327,0,0,0,0.194,0,0,0,0,0.169,0,0,0,0.571,0,0,0.293,0,0,0,0.999,0,0,0,0.268,0.169,0.381,0,0,0,0,0,0,0,0.174,0,0,0,0,0,0,0,0,0,0.158,0.368,0,0,0,0,0,0,0.999,0,0.999,0.223,0.299,0.167,0.513,0.229,0.576,0,0,0,0,0,0,0,0,0,0,0,0.196,0,0,0,0,0.238,0,0,0,0,0,0.156,0.213,0,0,0,0,0,0,0,0.969,0,0,0,0,0.154,0,0.161,0,0,0.194,0,0,0.81,0,0.236,0,0,0,0.462,0,0,0,0,0.197,0,0,0,0,0,0,0,0,0.512,0,0.427,0,0,0,0,0,0,0,0,0,0,0,0.999,0,0,0.392,0,0,0,0,0,0,0,0,0,0,0.291,0,0,0.587,0,0.191,0.154,0,0,0,0.155,0,0,0.769,0,0,0,0,0,0,0,0,0.506,0.194,0,0,0.303,0.34,0,0.772,0.486,0.338,0,0,0,0,0,0.382,0.352,0.212,0,0,0,0,0,0,0,0,0,0.167,0.45,0,0,0,0,0,0.229,0,0,0,0.163,0,0.526,0,0.254,0,0,0,0,0,0.215,0,0.574,0,0,0,0,0,0,0,0,0,0,0,0,0.223,0.442,0,0.163,0.999,0,0,0,0,0,0,0,0,0,0.166,0,0,0.204,0.151,0.901,0,0,0.155,0,0,0,0.309,0,0,0,0.348,0.173,0,0,0.183,0,0.315,0,0,0,0,0,0.159,0,0,0,0.16,0.436,0,0,0,0,0,0,0,0,0,0.401,0.466,0,0,0,0.201,0,0.315,0.284,0,0,0,0,0,0,0,0,0,0,0,0,0,0,0.193,0,0.358,0,0,0,0,0,0,0,0,0,0,0,0,0,0,0.464,0,0,0,0,0,0,0,0,0,0,0,0.3,0,0,0,0,0,0,0,0,0,0,0,0,0,0,0,0,0,0,0,0,0,0,0,0,0,0,0,0,0,0.355,0,0,0,0,0,0,0,0,0,0,0,0.311,0,0.431,0,0.81,0,0,0.275,0.999,0,0,0.179,0,0.452,0,0,0.175,0,0.287,0,0.301,0.241,0,0.929,0.322,0.18,0.16,0,0,0,0,0.32,0,0,0.45,0,0,0,0,0.989,0.216,0.354,0,0,0,0,0,0,0,0.173,0.999,0.311,0,0,0.999,0.272,0,0.911,0,0,0.159,0,0.985,0.203,0.16,0.999,0,0.994,0.914,0.253,0.258,0.99,0,0.238,0,0,0,0.173,0,0.253,0,0.212,0,0,0,0,0,0.96,0,0,0.462,0.174,0.999,0,0,0,0,0,0.281,0,0,0,0.993,0.848,0,0,0.171,0.597,0.168,0.214,0.9,0.156,0,0.46,0,0.207,0,0,0,0,0.989,0,0,0,0.999,0.279,0.261,0,0,0,0.346,0,0,0,0.999,0,0,0.154,0.989,0.306,0,0,0,0,0,0.194,0.426,0.239,0,0,0,0.234,0.818,0,0,0.243,0,0,0,0,0,0.999,0,0,0.704,0,0,0.948,0,0,0,0.251,0.997,0.99,0.816,0,0.999,0,0.203,0,0,0,0,0.303,0,0.944,0.419,0,0.229,0.191,0.991,0.303,0.186,0.243,0.25,0,0.99,0.944,0.915,0,0.473,0.723,0,0,0,0.904,0,0,0.189,0,0.363,0,0,0.387,0.173,0,0,0,0.989,0.152,0.98,0,0,0.99,0,0.887,0.758,0,0,0.764,0,0.293,0.763,0,0,0.18,0.202,0.248,0.166,0,0.161,0,0,0,0,0,0,0,0,0,0,0,0,0.169,0.161,0,0,0,0,0,0.153,0,0,0,0,0.377,0.172,0,0.293,0,0,0,0,0,0,0,0,0,0,0,0,0.181,0,0,0,0.999,0,0,0,0,0.155,0,0,0,0,0,0,0,0,0,0,0,0,0,0.225,0,0,0,0,0,0,0,0,0,0,0,0,0,0.22,0,0,0,0,0,0,0,0,0,0,0,0,0,0.196,0.191,0,0.497,0.258,0.224,0,0.172,0,0,0,0.186,0,0,0,0,0,0,0,0,0,0.268,0.19,0.224,0.503,0,0.994,0,0,0,0,0,0,0,0,0,0,0,0,0,0,0.906,0.168,0,0,0,0,0,0,0,0,0,0,0.178,0,0.382,0.543,0,0.32,0,0,0,0,0,0,0,0,0,0,0,0,0.903,0,0,0,0,0.294,0,0,0,0.242,0,0,0.781,0,0,0,0,0,0.284,0,0,0,0,0,0.22,0,0,0,0,0,0,0,0,0.238,0,0,0,0,0,0,0,0,0,0,0.443,0,0,0,0,0.172,0,0,0,0.959,0,0,0.999,0,0,0,0,0,0,0,0,0,0,0,0,0,0,0,0,0,0,0.291,0,0,0,0,0.171,0,0,0,0,0.171,0,0,0,0,0,0,0,0,0,0.426,0,0,0,0,0,0,0,0,0,0,0.266,0,0.348,0.172,0,0,0.203,0,0,0,0,0,0.301,0,0,0,0,0.999,0,0,0,0,0,0,0.805,0,0.229,0,0,0,0,0,0,0,0,0,0,0,0,0,0,0,0.21,0,0,0,0,0,0,0,0,0,0,0,0,0,0,0,0,0,0,0,0,0,0.999,0,0,0.163,0,0,0.999,0,0,0,0,0.999,0,0,0,0,0,0,0.412,0.277,0,0,0,0,0,0,0,0,0,0.187,0,0,0,0,0.906,0,0,0,0,0.15,0.195,0,0,0,0.175,0.436,0.999,0,0,0,0.817,0,0,0,0,0,0,0,0,0.185,0,0,0,0,0.272,0,0.156,0,0,0,0,0,0,0.467,0,0.693,0,0,0,0,0.208,0,0.15,0,0,0,0.284,0,0,0,0.321,0,0,0,0,0,0,0,0,0,0,0,0,0,0,0,0,0,0.691,0,0,0,0,0.445,0.939,0,0.19,0,0,0,0,0,0,0,0,0.999,0,0,0,0,0,0,0,0.284,0,0,0,0,0,0,0.92,0.496,0,0,0,0,0,0,0,0,0,0,0.151,0,0,0,0,0.405,0,0,0,0,0,0,0.901,0,0.437,0.319,0,0.552,0,0,0,0,0,0,0,0,0,0,0.254,0.444,0,0.999,0,0.175,0.998,0,0,0,0,0,0,0,0.329,0,0,0,0,0,0,0,0,0,0,0,0,0,0,0,0,0,0,0,0,0,0,0,0,0,0,0,0,0,0,0,0,0,0,0,0,0,0,0,0,0,0,0.153,0,0,0,0,0,0,0,0,0,0,0,0,0,0,0,0,0,0,0.235,0,0,0,0,0,0,0,0,0,0.169,0,0.186,0,0,0,0,0.337,0,0,0,0,0,0,0,0,0,0,0,0,0,0,0,0,0,0,0,0,0,0.45,0,0,0,0,0,0,0,0,0,0,0,0.724,0,0.445,0,0,0,0,0,0,0,0.19,0,0.21,0,0,0.24,0,0,0.413,0,0,0.16,0,0,0,0.459,0,0,0,0,0,0,0,0,0,0,0,0,0.171,0,0.221,0.227,0,0,0.997,0,0,0,0,0.445,0,0,0,0,0,0,0,0,0,0,0.246,0,0,0,0,0,0,0,0,0,0,0,0,0.39,0.268,0,0,0,0,0.694,0.319,0.317,0,0,0,0,0.347,0.907,0,0,0,0,0.948,0,0,0,0,0,0,0,0,0,0,0,0.319,0,0,0,0,0,0,0,0,0,0,0,0,0,0.24,0,0.451,0,0,0,0.401,0,0,0,0,0.191,0.925,0,0,0.186,0,0,0,0.229,0,0,0,0,0,0.319,0,0,0,0.514,0,0,0,0,0,0.319,0,0,0,0,0,0,0,0,0,0,0,0.217,0,0.307,0,0,0,0,0.227,0,0,0,0.319,0,0,0,0,0.433,0,0,0.157,0,0.157,0.162,0,0,0,0,0,0.22,0,0,0,0,0.195,0.157,0,0,0,0.172,0,0,0,0,0.803,0,0.194,0,0,0,0.236,0,0,0,0,0,0,0,0,0.972,0.86,0.999,0.8,0,0.255,0.555,0.288,0.999,0.999,0.999,0,0,0.999,0.241,0.317,0,0.999,0.96,0.8,0.999,0.326,0,0,0.21,0.276,0.188,0.999,0.632,0.999,0.346,0,0.999,0.154,0,0.331,0.187,0.19,0.784,0.999,0,0.999,0,0.923,0,0,0,0.999,0.998,0.511,0.929,0.984,0.228,0.658,0,0.555,0.809,0.191,0.942,0.184,0.367,0.999,0.999,0.991,0.999,0.841,0.999,0.999,0,0.998,0.999,0.902,0.996,0.994,0,0,0.81,0,0,0,0.998,0.999,0,0.999,0.999,0.999,0.192,0.159,0.999,0.188,0.817,0.845,0,0.999,0.171,0.728,0,0.999,0.999,0.555,0.811,0,0,0.999,0,0.999,0.999,0.811,0.999,0.999,0,0,0.99,0.879,0.991,0,0.999,0.999,0.782,0.999,0.806,0,0.26,0,0.999,0.999,0.807,0.861,0.186,0.903,0.989,0.367,0.997,0,0.9,0.319,0.999,0.86,0.24,0.366,0,0,0.999,0.998,0.165,0,0.671,0.999,0.909,0,0.998,0,0,0.711,0.999,0.999,0.321,0.95,0,0.999,0.287,0.817,0.999,0,0.335,0.97,0.999,0.508,0,0.999,0.999,0,0.821,0.458,0.297,0,0.909,0,0.165,0,0.991,0.896,0,0.784,0.344,0.747,0,0,0.944,0.999,0.999,0.999,0.329,0,0,0.999,0.999,0,0.272,0.999,0,0.999,0.999,0.229,0.999,0.356,0,0.999,0,0.999,0.575,0,0.999,0.999,0.999,0.22,0.864,0.999,0,0.884,0,0,0.996,0.176,0.999,0.171,0,0.999,0,0.991,0,0,0,0,0,0,0.925,0,0,0,0.99,0,0,0,0.904,0.207,0,0.981,0,0,0.904,0,0.99,0.23,0,0,0,0,0,0,0,0,0,0,0.9,0,0,0,0,0,0.916,0.999,0,0,0,0,0,0,0,0,0,0,0,0.98,0.991,0,0.528,0.173,0.99,0,0,0,0,0,0,0.325,0,0,0.94,0.295,0,0,0,0,0,0.989,0,0,0,0,0,0,0,0.938,0,0.922,0,0.906,0,0.988,0.8,0,0,0,0.191,0,0,0,0,0,0,0,0,0,0,0,0,0,0.175,0,0,0,0,0,0,0,0,0,0,0,0,0.308,0,0,0,0,0,0,0,0,0,0,0,0,0,0,0,0,0,0,0,0,0,0.381,0,0,0,0,0,0,0,0,0,0,0,0,0,0,0,0,0,0,0,0,0,0,0.152,0,0,0,0,0,0,0,0,0,0,0,0.336,0,0.153,0,0,0,0,0,0,0,0,0,0,0,0,0.428,0,0,0,0,0,0,0,0,0,0,0,0,0,0.184,0,0,0,0,0,0,0,0.158,0,0,0,0,0,0,0,0,0,0,0,0,0,0.272,0,0,0.341,0.319,0,0,0,0.98,0.301,0.183,0.154,0.441,0,0,0,0.902,0.584,0.373,0,0.877,0,0,0.154,0,0,0.948,0.32,0.398,0,0,0.231,0,0,0,0,0,0,0,0,0,0,0,0,0,0,0.18,0,0,0,0,0,0,0,0,0,0,0,0.223,0,0,0,0,0,0,0,0,0,0,0,0,0,0,0,0,0,0,0,0,0,0,0,0,0,0,0,0,0,0,0,0,0,0,0,0,0,0,0,0,0,0,0,0,0,0,0.151,0,0,0,0,0,0,0,0,0,0,0,0,0,0,0,0,0,0,0,0,0,0,0,0,0,0,0,0,0.234,0,0,0,0,0,0,0,0,0,0,0,0,0,0,0.195,0,0,0,0,0,0,0,0,0,0,0,0,0,0,0.284,0,0,0,0,0,0,0,0,0,0,0,0,0,0,0,0,0,0,0,0,0,0,0,0,0,0,0,0,0.153,0,0,0,0,0,0,0,0,0,0,0,0,0,0,0,0,0,0.356,0,0,0,0,0,0,0,0,0,0,0,0,0,0,0,0,0,0,0,0,0,0,0,0,0,0,0,0,0,0,0,0,0,0,0,0,0,0,0,0,0,0,0,0,0,0,0,0,0,0,0,0,0.238,0,0,0.18,0,0,0,0,0,0,0,0,0,0,0,0.151,0,0.227,0,0,0,0,0,0,0,0,0,0,0,0,0,0,0,0,0,0,0,0,0,0,0.194,0,0,0,0,0,0,0,0,0,0,0,0,0,0,0.903,0,0,0,0,0,0,0,0,0,0,0,0,0,0,0,0,0,0,0,0,0,0,0,0,0,0,0,0,0,0,0,0,0,0,0,0.183,0,0,0,0,0,0,0,0,0,0,0,0,0,0,0,0,0,0,0,0,0,0,0,0,0,0,0.443,0,0,0,0,0,0,0,0,0,0,0.412,0,0,0,0,0,0,0,0,0,0,0,0,0,0,0,0,0,0,0,0,0,0,0,0,0,0,0,0,0,0,0,0,0,0,0,0,0,0.166,0,0,0,0,0,0,0,0,0.26,0,0,0,0,0,0,0,0,0,0,0,0,0,0,0,0,0,0,0,0,0,0,0,0,0,0,0,0,0,0,0,0,0,0,0,0,0,0,0,0,0.181,0,0.192,0,0,0.171,0,0,0,0,0,0,0,0,0,0,0.296,0,0,0,0,0,0,0,0,0,0,0,0,0,0,0,0,0,0,0,0,0,0,0,0,0,0,0,0.202,0.854,0,0,0,0,0,0.992,0,0,0,0.986,0,0,0,0,0,0,0.156,0,0,0.16,0.9,0,0,0,0,0,0,0,0,0,0,0,0,0,0,0,0,0,0,0.514,0.216,0,0.15,0,0,0,0,0,0,0,0,0,0,0,0,0,0,0,0,0,0,0,0,0,0,0,0,0,0,0,0,0,0,0,0,0,0,0,0,0,0,0,0,0,0,0,0,0,0,0,0,0,0,0,0,0,0,0,0,0,0,0,0,0,0,0,0,0,0,0,0,0.469,0,0,0,0,0,0,0.46,0,0,0.293,0,0,0,0,0,0,0,0,0,0,0,0,0,0,0,0,0,0,0,0,0,0,0,0.168,0.229,0,0,0,0,0,0,0,0,0,0,0,0,0,0,0,0,0,0,0,0,0,0.252,0,0,0.457,0,0,0.389,0,0,0,0,0,0.172,0,0,0,0,0,0,0,0,0,0,0,0,0,0,0,0,0,0,0,0,0,0,0,0,0,0,0,0,0.226,0,0,0,0,0.171,0,0,0,0,0,0,0,0,0,0,0,0,0,0,0,0,0,0,0.167,0,0,0,0,0,0,0,0,0,0,0,0,0,0,0,0,0,0,0,0.283,0.269,0,0,0,0.445,0,0,0,0,0.167,0,0,0.46,0,0,0,0,0,0,0.193,0,0.193,0,0,0,0,0,0,0,0,0,0,0,0,0,0,0,0,0,0,0,0,0,0.157,0,0,0,0.321,0.352,0.241,0.442,0.292,0.16,0.228,0.447,0.446,0.261,0.443,0.159,0.631,0.195,0.16,0,0,0,0,0,0,0,0,0,0,0,0,0,0,0,0,0,0,0,0,0,0,0,0,0,0,0,0,0,0,0,0,0,0,0,0,0,0,0,0,0,0,0,0,0,0,0,0,0,0,0,0,0,0,0,0,0,0,0,0,0,0,0,0,0,0,0,0,0,0,0,0,0,0,0,0,0,0,0,0,0,0,0,0,0,0,0,0,0,0,0,0,0,0,0,0,0,0,0,0,0,0,0,0,0,0,0,0,0,0,0,0,0,0,0,0,0,0,0,0,0,0,0,0,0,0,0,0,0,0,0,0,0,0,0,0,0,0,0,0,0,0,0,0,0,0,0,0,0,0,0,0,0,0,0,0,0,0,0,0,0,0,0,0,0,0,0,0,0,0,0,0,0,0,0,0,0,0,0,0,0,0,0,0,0,0,0,0,0,0,0,0,0,0,0,0,0,0,0,0,0,0,0,0,0,0,0,0,0,0,0,0,0,0,0,0,0,0,0,0,0,0,0,0,0,0,0,0,0,0,0,0,0,0,0,0,0,0,0,0,0,0,0,0,0,0,0,0,0,0,0,0
852599,0.165,0,0,0,0,0,0.213,0,0,0,0,0,0,0,0.176,0.258,0,0,0,0,0,0,0,0,0,0.219,0,0,0,0,0,0,0,0,0.173,0,0,0,0,0,0,0,0,0,0.809,0,0,0,0,0,0,0,0,0,0,0,0,0,0,0,0,0,0,0,0,0,0,0,0,0,0,0,0.157,0.258,0,0.204,0,0,0,0,0,0,0,0,0,0,0,0,0.195,0,0,0,0.435,0,0,0,0,0,0,0,0,0,0,0,0,0,0,0,0.159,0,0,0,0,0.194,0,0,0,0,0.2,0,0,0,0,0,0,0,0,0,0,0,0,0.214,0,0,0,0,0.221,0.186,0,0,0,0,0,0,0,0.313,0,0,0,0,0.203,0,0,0,0,0,0,0,0,0.224,0,0,0.153,0,0,0,0,0,0,0,0,0.163,0.322,0,0,0,0,0,0,0,0,0,0.275,0,0.274,0,0,0,0,0,0,0,0,0,0,0,0.257,0,0,0,0,0,0,0,0,0,0,0,0,0,0,0,0,0,0,0.199,0,0,0,0,0.534,0.461,0.18,0.175,0,0,0,0,0,0,0,0,0,0,0,0,0.184,0,0,0,0,0,0,0,0,0,0,0,0,0,0.23,0,0,0,0,0,0,0,0,0,0,0,0.161,0,0,0,0,0,0,0,0,0.186,0,0,0,0,0,0.298,0,0,0,0,0,0,0,0,0,0,0,0,0.161,0.445,0,0,0,0.153,0,0.321,0.334,0,0,0,0,0,0,0,0,0.227,0,0,0,0,0,0,0,0.225,0.184,0,0.171,0,0,0.169,0,0,0,0,0,0,0,0,0,0,0,0,0,0.157,0,0,0,0,0,0.159,0,0.215,0,0,0,0.224,0.169,0,0,0,0,0,0,0,0,0.163,0,0.156,0,0.207,0,0,0,0,0,0.315,0,0,0,0,0,0,0,0,0,0,0,0.215,0,0,0.205,0,0.177,0.198,0,0,0,0.268,0,0,0,0,0,0.301,0,0.215,0,0,0.227,0,0,0,0.58,0,0,0,0.377,0.169,0,0,0,0,0,0,0,0,0,0,0,0,0.169,0.541,0.218,0,0,0,0,0,0.305,0,0,0,0,0,0,0,0,0,0,0.944,0,0,0,0,0.776,0,0,0,0,0.211,0,0,0,0.16,0,0,0,0,0,0,0.238,0,0,0,0,0,0,0,0,0.179,0,0,0,0,0,0,0,0,0,0,0,0.235,0,0,0,0,0,0,0,0,0,0,0,0,0,0,0,0,0,0,0,0.212,0,0,0,0,0,0,0,0,0,0,0,0,0,0.158,0,0,0,0,0.781,0,0,0,0,0,0,0,0,0,0,0,0.187,0,0,0,0,0,0.53,0,0,0,0.532,0,0.284,0,0,0,0.22,0,0,0,0.161,0,0,0,0.18,0,0,0.163,0,0,0,0.188,0,0,0.171,0,0,0,0,0,0.192,0,0.298,0,0,0.164,0,0,0,0,0.218,0.528,0,0,0,0,0,0,0,0,0,0,0,0.207,0.164,0,0.599,0,0,0.338,0,0,0,0,0,0,0,0,0,0,0,0,0,0.191,0,0.784,0,0,0,0,0,0,0,0,0.155,0,0,0,0.187,0,0,0,0.51,0,0.254,0,0,0.338,0,0.179,0.298,0,0.296,0,0.185,0,0,0,0.781,0,0.183,0.258,0,0,0,0,0.487,0,0,0,0.472,0.194,0,0,0,0.394,0,0,0,0,0,0.194,0,0,0,0,0,0,0,0.194,0.267,0,0,0,0,0,0,0.179,0,0.194,0,0,0,0,0.327,0.204,0,0.151,0,0,0,0,0.298,0,0,0,0,0,0,0,0,0,0,0,0,0.516,0,0.171,0,0,0,0.15,0,0,0,0,0,0.174,0,0,0,0,0,0.457,0.239,0,0,0,0,0,0,0,0,0.185,0,0,0,0,0,0,0.258,0,0,0,0,0,0,0,0,0,0,0,0.151,0,0,0,0,0,0.217,0,0,0,0.206,0,0,0,0,0,0,0,0.173,0,0,0,0,0,0.188,0,0,0,0,0,0,0,0,0,0,0,0,0,0,0,0,0,0,0.174,0,0,0,0.211,0,0,0,0,0,0.298,0,0,0,0,0.157,0.159,0,0.845,0,0,0,0,0,0,0.193,0,0,0,0,0,0.191,0,0.362,0,0.71,0,0,0,0,0,0.252,0,0,0,0,0,0,0.188,0,0,0.22,0,0.373,0,0,0.315,0.155,0,0,0,0.158,0.266,0.289,0,0,0,0,0,0,0,0,0,0,0,0,0,0,0.232,0,0,0,0,0,0,0.505,0,0.206,0,0,0.904,0,0,0.153,0,0,0,0,0,0,0,0.158,0,0,0,0,0,0,0,0,0,0.428,0.155,0,0,0,0,0,0,0.49,0,0.165,0,0,0.183,0,0,0,0.259,0,0,0.173,0,0,0,0,0.272,0,0,0,0,0.497,0,0.75,0,0,0,0,0.287,0,0,0,0.218,0,0,0.16,0,0,0,0,0,0.196,0,0.274,0,0,0,0,0,0,0,0,0,0,0,0,0,0,0,0,0,0,0,0,0,0,0,0,0,0,0,0,0,0,0,0.192,0,0,0,0,0,0,0,0,0,0,0,0,0,0,0,0,0,0,0,0,0,0,0,0,0,0,0,0.681,0,0,0,0.151,0,0,0,0,0.352,0,0,0,0,0,0,0,0,0,0,0,0,0,0,0,0,0,0,0.45,0,0,0,0,0,0,0,0,0.175,0,0,0,0,0,0,0,0,0.245,0,0,0,0,0,0,0,0,0,0,0.223,0,0,0,0,0,0,0,0,0,0,0,0,0,0,0.601,0,0,0,0,0,0,0,0,0,0,0,0,0,0,0,0.194,0,0,0,0,0,0.629,0,0,0,0,0,0,0,0,0,0,0,0,0,0,0.238,0,0,0,0,0,0,0,0,0,0,0,0,0.359,0,0,0,0,0,0,0,0,0,0,0,0,0.32,0,0,0,0,0,0.164,0,0,0,0,0,0.239,0,0,0,0,0,0.405,0,0,0,0.297,0,0,0,0,0,0,0.187,0.241,0,0,0,0,0,0.772,0.216,0.987,0,0,0,0,0,0,0,0,0,0,0,0,0,0.154,0,0,0,0,0,0,0,0,0.191,0,0.155,0,0,0,0,0,0,0,0,0,0,0,0,0,0,0,0,0,0,0,0,0,0,0,0,0,0,0,0,0,0,0,0,0,0.452,0,0,0,0,0.155,0.201,0,0,0,0,0,0,0,0,0,0,0,0,0,0,0,0.22,0,0,0,0,0.214,0,0,0,0,0.698,0,0,0,0,0,0.152,0,0,0,0,0,0,0,0,0,0,0.195,0,0,0,0,0,0.532,0.18,0.317,0,0,0,0,0,0,0,0,0,0,0,0,0,0,0.177,0,0,0,0,0,0,0.378,0.715,0,0,0,0,0,0.205,0.35,0,0,0.27,0,0,0,0,0,0,0,0,0,0,0,0,0,0,0,0,0,0,0,0,0,0,0,0,0,0,0,0.157,0,0,0,0,0,0,0,0,0,0,0,0,0,0,0.25,0,0,0,0,0,0,0,0,0,0,0,0,0.186,0,0,0,0,0.156,0,0,0,0,0,0,0,0,0,0,0,0,0,0,0,0,0,0,0,0,0,0,0,0,0,0,0,0,0,0,0,0,0,0,0,0,0,0,0,0,0,0,0.161,0,0,0,0,0.183,0,0,0,0,0,0,0,0,0,0,0,0,0,0,0,0.179,0.167,0,0,0,0,0,0,0,0,0,0,0,0,0,0,0,0,0,0,0,0,0,0,0,0,0,0,0,0,0,0,0,0,0,0,0,0,0,0,0,0,0,0,0,0,0,0,0,0,0,0,0,0,0,0,0,0,0,0,0,0,0,0,0,0,0.17,0,0,0,0,0,0,0,0,0,0,0,0,0,0,0,0,0,0,0,0,0,0,0,0,0,0,0,0,0,0,0,0,0,0,0,0,0,0,0,0,0,0.154,0,0,0,0,0,0,0,0,0,0,0,0,0,0,0,0,0,0,0,0,0,0,0,0,0,0,0,0,0,0,0,0,0,0,0,0,0,0,0.179,0,0,0,0,0.164,0,0,0,0,0,0,0,0,0,0,0,0,0,0,0,0,0.449,0,0,0,0,0,0,0,0,0,0,0,0,0,0,0,0,0,0,0,0,0.17,0,0,0,0,0,0,0,0,0,0,0,0,0,0,0,0,0,0,0,0,0,0.164,0,0,0,0.319,0,0,0,0,0,0,0,0,0,0,0,0,0,0,0,0,0,0,0,0,0.184,0,0,0,0,0.633,0,0,0,0,0,0,0,0,0,0,0,0,0,0,0,0,0,0,0,0.453,0,0,0,0,0,0,0,0,0,0,0,0,0,0,0,0.41,0,0,0,0.218,0,0,0.304,0,0,0,0,0,0,0.171,0,0,0.17,0,0,0,0,0,0,0,0,0,0,0.554,0,0,0,0,0,0,0,0,0,0,0,0.449,0,0,0,0.175,0,0,0,0,0,0.241,0,0,0.164,0,0.165,0,0,0,0,0,0,0,0,0,0,0,0,0,0,0,0,0,0.188,0,0,0,0,0,0,0,0,0,0,0,0,0,0,0,0,0,0,0,0,0,0,0,0,0,0,0,0,0.457,0,0,0,0,0,0.206,0,0,0,0.339,0,0,0,0.197,0,0,0,0,0,0,0.191,0,0.189,0,0.184,0,0,0,0,0,0,0,0,0.15,0,0,0,0.292,0,0.382,0,0,0,0,0,0.205,0,0,0,0,0.413,0,0,0,0.216,0,0.161,0.206,0,0,0,0,0,0,0,0,0,0,0,0.198,0,0,0,0,0.685,0,0,0,0,0,0.159,0,0,0,0,0,0,0,0,0,0,0,0,0,0,0,0,0,0,0,0,0,0,0,0,0.449,0,0,0.177,0.374,0.281,0.2,0,0,0.497,0,0,0,0,0,0.184,0,0,0,0.44,0.258,0.347,0,0,0,0,0.188,0,0,0,0,0,0,0,0,0,0,0,0,0,0.242,0,0,0,0.262,0,0,0.261,0,0,0.347,0,0.39,0,0.169,0,0,0.197,0,0,0,0,0,0,0,0,0,0.7,0,0,0.216,0.17,0,0.231,0,0.431,0,0.302,0,0,0,0.357,0,0.157,0,0,0.198,0.198,0,0,0,0,0,0,0.293,0,0,0.568,0.219,0.293,0.152,0,0,0,0.164,0,0,0.461,0,0,0,0,0,0,0,0,0,0,0,0,0,0,0,0,0,0,0,0,0,0,0,0,0,0,0,0,0,0,0,0,0,0,0,0,0,0,0,0,0,0,0.258,0,0,0,0,0,0,0,0,0,0.477,0,0,0,0,0,0,0,0,0,0,0,0,0,0.158,0,0,0,0,0,0,0,0,0,0,0,0,0,0,0,0,0,0,0,0,0,0.429,0,0,0,0,0,0,0,0,0.169,0,0,0,0,0,0,0,0,0.306,0,0.177,0,0,0,0,0,0,0,0,0,0,0,0,0,0,0,0,0,0.547,0,0,0,0,0,0,0,0,0,0.267,0,0,0,0,0,0,0,0,0,0,0,0,0,0,0,0,0,0,0,0,0,0,0,0,0,0,0.497,0,0,0,0,0,0,0,0,0,0,0.222,0.253,0,0,0.289,0,0,0.266,0,0.16,0,0,0,0,0,0,0,0,0,0,0,0,0,0.372,0,0,0.25,0,0.262,0,0,0,0,0,0,0.466,0.394,0,0.259,0,0,0.19,0,0.316,0,0,0.227,0,0.222,0,0,0,0,0,0,0,0,0,0.555,0.157,0,0.316,0,0,0,0,0.426,0,0.22,0,0,0,0,0,0,0,0,0,0,0,0,0.19,0,0,0,0,0,0,0,0,0,0,0,0,0,0,0,0,0,0,0,0.442,0,0,0,0,0,0,0,0,0,0,0,0,0,0,0,0,0,0,0,0,0,0,0,0,0,0,0,0,0,0,0,0,0,0,0,0,0,0,0,0,0,0,0.262,0,0,0,0,0,0,0,0,0,0,0,0,0,0,0,0,0,0,0,0,0,0,0,0,0,0,0,0,0,0,0.276,0.46,0,0,0,0,0,0,0,0,0,0,0,0,0.735,0,0,0,0,0,0,0,0,0,0,0,0,0,0,0,0,0,0,0,0.394,0,0,0.256,0,0,0,0,0,0.539,0.593,0.489,0,0,0,0,0.242,0,0,0,0,0,0,0,0,0,0,0,0,0,0,0,0,0,0,0,0,0,0,0,0,0,0,0,0,0.484,0,0.781,0,0,0,0,0,0.191,0.256,0,0,0,0.317,0,0,0,0,0,0,0,0,0,0,0,0,0.22,0,0,0,0,0,0.435,0,0,0.256,0,0,0,0,0,0,0,0,0,0,0,0,0,0,0,0,0,0,0,0,0,0,0,0.278,0,0,0,0,0,0,0,0,0,0,0,0,0,0.161,0,0,0,0,0,0,0,0,0,0,0,0,0,0,0,0,0,0,0,0,0.186,0.284,0,0,0,0,0,0,0,0.202,0,0,0,0,0,0,0,0,0,0,0,0,0,0,0,0,0,0,0,0.167,0,0,0,0,0,0,0,0,0,0,0,0,0,0,0,0,0,0,0,0,0,0,0,0,0,0,0,0,0,0.206,0,0.206,0,0,0,0,0,0,0.445,0,0,0,0.301,0,0,0,0,0,0,0,0,0,0,0,0,0,0,0,0,0,0,0,0,0,0.489,0,0,0,0,0,0,0,0,0,0,0.215,0,0,0,0,0.175,0,0,0,0,0.18,0,0,0,0,0,0.161,0,0,0,0,0,0,0,0,0,0,0,0,0,0,0,0,0,0,0,0,0,0,0,0,0,0,0.173,0,0,0.681,0.197,0,0,0,0,0,0,0,0,0,0,0,0,0,0,0,0,0,0,0,0,0,0,0.173,0,0,0,0,0,0,0,0,0,0,0,0,0,0,0,0,0,0,0,0,0,0,0,0,0,0,0,0.229,0,0,0,0,0,0,0,0,0,0,0,0,0,0,0,0,0.165,0,0,0,0,0,0,0,0,0,0,0,0,0,0,0,0.166,0,0,0,0,0,0,0,0,0,0,0,0,0,0,0,0,0,0,0,0,0,0,0,0,0,0,0,0,0,0,0,0,0,0,0,0,0,0,0.194,0,0.428,0.177,0,0,0,0,0,0,0,0,0,0,0,0.194,0,0,0,0,0,0,0,0,0,0,0,0,0,0,0,0,0,0,0,0,0,0,0,0,0,0,0,0,0,0,0,0,0,0,0,0,0,0,0,0,0,0,0,0,0.179,0,0,0,0,0,0,0,0,0,0,0,0.205,0,0,0,0,0,0,0.239,0,0,0,0,0,0,0,0,0,0,0,0,0,0,0,0,0,0,0,0,0,0,0,0,0,0,0,0,0,0,0,0,0,0,0,0,0,0,0,0,0,0,0,0,0,0,0,0,0,0,0,0,0,0,0,0,0,0,0,0,0,0,0,0,0,0,0,0,0,0,0,0,0,0,0,0,0,0,0,0,0,0,0,0,0.212,0,0,0,0,0,0,0,0,0,0.41,0,0,0,0.176,0,0,0.156,0.311,0,0,0,0,0,0,0,0,0,0,0,0,0,0,0.365,0,0,0.399,0.161,0,0,0,0,0,0,0,0,0.443,0,0,0,0,0.207,0,0,0,0,0.237,0,0,0,0,0,0,0.164,0,0,0.953,0,0,0,0,0,0,0,0,0.233,0,0,0,0.19,0,0,0.304,0,0,0,0,0,0,0,0.312,0,0,0,0,0,0.237,0,0.167,0,0.164,0.218,0,0,0,0.292,0,0,0,0.206,0.475,0,0,0,0,0,0,0,0,0,0,0,0,0,0,0,0,0,0,0,0,0,0,0,0,0,0,0,0,0,0,0,0,0,0,0,0,0.337,0,0,0,0,0,0,0,0.158,0,0,0,0,0,0,0,0,0,0,0.28,0,0,0,0.325,0,0,0,0,0,0,0,0,0,0,0,0,0,0,0,0,0,0,0,0,0,0,0,0,0.429,0,0,0,0,0,0,0,0,0,0,0,0,0,0,0.403,0,0.227,0,0.485,0.17,0,0,0,0,0,0,0.202,0,0,0,0.401,0,0,0,0,0,0,0.475,0,0,0.95,0,0,0,0,0,0,0.218,0,0,0,0,0,0,0,0,0,0,0,0,0,0,0,0,0,0,0.285,0,0,0,0,0,0,0,0,0,0,0,0.188,0,0,0,0.6,0,0,0,0.32,0,0,0,0.475,0,0,0,0,0,0,0,0,0,0,0,0,0,0,0,0,0,0,0,0,0,0,0,0,0.245,0,0,0,0,0.193,0.183,0,0,0,0,0.592,0,0.28,0,0,0,0,0.151,0,0,0,0.228,0,0,0,0,0,0,0,0.39,0,0.625,0,0.201,0,0,0,0,0.157,0,0,0,0,0.338,0,0,0,0.367,0,0,0,0,0.439,0,0.371,0.319,0,0,0,0,0,0,0,0,0,0,0.591,0.171,0,0,0,0,0,0,0,0,0.54,0,0,0,0,0.651,0,0.19,0,0,0,0.188,0,0,0,0,0,0,0,0,0,0,0.15,0.345,0,0.241,0,0,0,0,0,0,0,0,0,0,0,0,0.887,0,0,0,0,0,0,0,0,0,0,0,0,0,0,0,0,0,0,0.346,0,0,0,0,0,0.15,0,0,0,0,0,0.225,0,0,0,0,0,0,0,0,0,0,0,0,0,0,0,0,0,0.228,0,0.22,0,0,0,0,0,0,0,0,0,0,0,0,0,0,0,0,0,0.326,0,0,0,0,0,0.15,0,0,0,0,0,0,0,0.432,0,0,0,0,0,0.431,0,0,0,0,0,0.559,0.195,0,0,0,0,0,0,0,0,0,0,0,0,0,0,0,0,0,0,0,0,0,0,0,0,0,0,0,0,0,0,0,0,0,0,0.338,0,0,0,0,0,0,0,0,0,0,0,0.419,0.297,0,0.311,0,0,0,0,0,0,0,0,0,0,0,0,0,0,0,0,0,0,0,0,0,0.181,0,0,0,0,0.258,0,0,0,0,0,0,0,0,0.165,0,0,0,0,0,0,0,0,0,0,0,0,0,0,0,0.195,0,0,0.41,0,0,0,0.276,0,0.196,0,0,0,0,0,0,0.229,0,0,0,0.352,0,0,0,0.228,0,0,0,0.151,0,0,0.538,0,0,0,0,0,0,0.232,0,0,0,0,0,0,0,0,0,0,0,0,0,0,0,0,0,0,0,0,0,0.236,0,0,0,0,0,0,0,0,0,0,0,0,0,0,0,0,0,0,0,0,0,0,0,0,0,0,0,0,0,0,0,0,0,0,0,0.719,0,0,0,0,0,0.162,0,0,0,0,0,0,0,0,0,0,0,0,0,0,0,0,0,0,0,0,0,0,0,0,0,0,0,0,0,0,0,0,0,0,0,0,0,0,0,0.236,0,0,0,0,0,0,0,0,0,0.207,0,0,0,0.194,0.407,0.188,0.414,0,0.2,0,0.171,0,0,0,0,0,0,0,0,0,0.481,0,0,0,0,0.189,0.717,0,0,0,0,0,0,0,0,0,0,0,0,0,0,0,0,0,0,0,0,0,0,0,0,0,0,0,0,0,0,0,0.15,0,0,0,0,0,0,0,0,0,0,0,0,0,0,0,0,0,0,0,0,0,0,0,0,0,0,0,0,0,0,0,0,0.152,0,0,0,0,0,0,0,0,0,0,0,0,0,0,0,0,0,0,0,0,0,0,0,0,0,0,0,0,0,0,0,0.21,0,0,0,0,0,0,0,0,0,0,0.333,0,0,0,0,0,0,0,0,0,0,0,0,0,0,0,0,0,0,0,0,0,0,0,0,0,0,0,0,0,0,0,0,0,0,0,0.156,0,0.193,0,0.398,0,0,0,0,0,0,0,0,0,0,0,0,0,0,0.297,0.211,0,0.276,0,0,0,0.44,0,0,0,0,0,0,0,0,0,0,0,0,0,0,0,0,0,0.591,0,0,0,0.947,0,0,0.311,0,0,0.311,0,0.909,0,0.168,0,0,0,0.314,0,0,0,0,0,0,0,0,0,0,0,0,0,0,0,0,0,0,0,0,0,0,0,0,0,0,0,0,0,0,0,0,0,0,0,0,0,0,0,0,0,0,0,0,0.793,0,0,0,0,0,0,0,0,0,0,0,0,0,0.922,0.333,0,0,0,0,0,0,0,0.174,0,0,0,0,0.172,0,0,0.186,0,0,0,0,0,0,0,0,0,0,0,0,0,0,0,0,0,0,0,0.256,0,0,0,0,0,0,0,0,0,0.426,0,0,0,0,0,0,0,0,0,0,0,0,0,0,0,0,0,0,0,0,0,0,0,0,0,0,0,0,0,0,0,0.431,0,0,0,0,0,0,0.19,0,0,0,0,0,0.254,0,0,0,0,0,0,0,0.214,0,0,0,0,0,0,0,0,0,0,0,0,0.722,0,0,0,0.198,0.353,0,0,0,0,0,0,0,0,0,0,0,0,0,0,0,0,0.612,0.157,0,0,0,0,0,0,0,0,0,0,0,0,0,0,0,0,0,0,0,0,0,0,0.375,0,0.238,0,0,0,0,0,0,0,0.306,0,0,0
851702,0,0,0,0,0,0.513,0,0,0,0,0,0,0,0,0,0,0,0,0,0,0,0,0,0,0,0,0,0,0,0,0,0,0,0,0,0,0,0,0,0,0,0,0,0,0,0,0,0,0,0,0,0,0,0,0,0,0,0,0,0,0,0,0,0,0,0,0,0,0,0,0,0,0,0,0,0,0,0,0,0,0,0,0,0,0,0,0,0,0,0,0,0,0,0,0,0,0,0,0,0,0,0,0,0,0,0,0,0,0,0,0,0,0,0,0,0,0,0,0,0,0,0,0,0,0,0,0,0,0,0,0,0,0,0,0,0,0,0,0,0,0,0,0,0,0,0,0,0,0,0,0,0,0,0,0,0,0,0,0,0,0,0,0,0,0,0,0,0,0,0,0,0,0,0,0,0,0,0,0,0,0,0,0,0,0,0,0,0,0,0,0,0,0,0,0,0,0,0,0,0,0,0,0,0,0,0,0,0,0,0,0,0,0,0,0,0,0,0,0,0,0,0,0,0,0,0,0,0,0,0,0,0,0,0,0,0,0,0,0,0,0,0,0,0,0,0,0,0,0,0,0,0,0,0,0,0,0,0,0,0,0,0,0,0,0,0,0,0,0,0,0,0,0,0,0,0,0,0,0,0,0,0,0,0,0,0,0,0,0,0,0,0,0,0,0,0,0,0,0,0,0,0,0,0,0,0,0,0,0,0,0,0,0,0,0,0,0,0,0,0,0,0,0,0,0,0,0,0,0,0,0,0,0,0,0,0,0,0,0,0,0,0,0,0,0,0,0,0,0,0,0,0,0,0,0,0,0,0,0,0,0,0,0,0,0,0,0,0,0,0,0,0,0,0,0,0,0,0,0,0,0,0,0,0,0,0,0,0,0,0,0,0,0,0,0,0,0,0,0,0,0,0,0,0,0,0,0,0,0,0,0,0,0,0,0,0,0,0,0,0,0,0,0,0,0,0,0,0,0,0,0,0,0,0,0,0,0,0,0,0,0,0,0,0,0,0,0,0,0,0,0,0,0,0,0,0,0,0,0,0,0,0.165,0,0,0,0,0,0,0,0,0,0,0,0,0,0,0,0,0,0,0,0,0,0,0,0,0,0,0.551,0,0,0,0,0,0,0,0,0,0,0,0,0,0,0,0,0,0,0,0,0,0,0,0,0,0,0,0,0,0,0,0,0,0,0,0,0,0,0,0,0,0,0,0,0,0,0,0,0,0,0,0,0,0,0,0,0,0,0,0,0,0,0,0,0,0,0,0,0,0,0,0,0,0,0,0,0,0,0,0,0,0,0,0,0,0,0,0,0,0,0,0,0,0,0,0,0,0,0,0,0,0,0,0,0,0,0,0,0,0,0,0,0,0,0,0,0,0,0,0,0,0,0,0,0,0,0,0,0,0,0,0,0,0,0,0,0,0,0,0,0,0,0,0,0,0,0,0,0,0,0,0,0,0,0,0,0,0,0,0,0,0,0,0,0,0,0,0,0,0,0,0,0,0,0,0,0,0,0,0,0,0,0,0,0,0,0,0,0,0,0,0,0,0,0,0,0,0,0,0,0,0,0,0,0,0,0,0.394,0,0,0,0,0,0,0,0,0,0,0,0,0,0,0,0,0,0,0,0,0,0,0,0,0,0,0,0,0,0,0,0,0,0,0,0,0,0,0,0,0,0,0,0,0,0,0,0,0,0,0,0,0,0,0,0,0,0,0,0,0,0,0,0,0,0,0,0,0,0,0,0,0,0,0,0,0,0,0,0,0,0,0,0,0,0,0,0,0,0,0,0,0,0,0,0,0,0,0,0,0,0,0,0,0,0,0,0,0,0,0,0,0,0,0,0,0,0,0,0,0,0,0,0,0,0,0,0,0,0,0,0,0,0,0,0,0,0,0,0,0,0,0,0,0,0,0,0,0,0,0,0,0,0,0,0,0,0,0,0,0,0,0,0,0,0,0,0,0,0,0,0,0,0,0,0,0,0,0,0,0,0,0,0,0,0,0,0,0,0,0,0,0,0,0,0,0,0,0,0,0,0,0,0,0,0,0,0,0,0,0,0,0,0,0,0,0,0,0,0,0,0,0,0,0,0,0,0,0,0,0,0,0,0,0,0,0,0,0,0,0,0,0,0,0,0,0,0,0,0,0,0,0,0,0,0,0,0,0,0,0,0,0,0,0,0,0,0,0,0,0,0,0,0,0,0,0,0,0,0,0,0,0,0,0,0,0,0,0,0,0,0,0,0,0,0,0,0,0,0,0,0,0,0,0,0,0,0,0,0,0,0,0,0,0,0,0,0,0,0,0,0,0,0,0,0,0,0,0,0,0,0,0,0,0,0,0,0,0,0,0,0,0,0,0,0,0,0,0,0,0,0,0,0,0,0,0,0,0,0,0,0,0,0,0,0,0,0,0,0,0,0,0,0,0,0,0,0,0,0,0,0,0,0,0,0,0,0,0,0,0,0,0,0,0,0,0,0,0,0,0,0,0,0,0,0,0,0,0,0,0,0,0,0,0,0,0,0,0,0,0,0,0,0,0,0,0,0,0,0,0,0,0,0,0,0,0,0,0,0,0,0,0,0,0,0,0,0,0,0,0,0.293,0,0,0,0,0,0,0,0,0,0,0,0,0,0,0,0,0,0,0,0,0,0,0,0,0,0,0,0,0,0,0,0,0,0,0,0,0,0,0,0,0,0,0,0,0,0,0,0,0,0,0,0,0,0,0,0,0,0,0,0,0,0,0,0,0,0,0,0,0,0,0,0,0,0,0,0,0,0,0,0,0,0,0,0,0,0,0,0,0,0,0,0,0,0,0,0,0,0,0,0,0,0,0,0,0,0,0,0,0,0,0,0,0,0,0,0,0,0,0,0,0,0,0,0,0,0,0,0,0,0,0,0,0,0,0,0,0,0,0,0,0,0,0,0,0,0,0,0,0,0,0,0,0,0,0,0,0,0,0,0,0,0,0,0,0,0,0,0,0,0,0,0,0,0,0,0,0,0,0,0,0,0,0,0,0,0,0,0,0,0,0,0,0,0,0,0,0,0,0,0,0,0,0,0,0,0,0,0,0,0,0,0,0,0,0,0,0,0,0,0,0,0.158,0,0,0,0,0,0,0,0,0,0.39,0,0,0,0,0,0,0,0,0,0,0,0,0,0,0,0,0,0,0,0,0,0,0,0,0,0,0,0,0,0,0,0,0,0,0,0,0,0,0,0,0,0,0,0,0,0,0,0,0,0,0,0,0,0,0,0,0,0,0,0,0,0,0,0,0,0,0,0,0,0,0,0,0,0,0,0,0,0,0,0,0,0,0,0,0,0,0,0,0,0,0,0,0,0,0,0,0,0,0,0,0,0,0,0,0,0,0,0,0,0,0,0,0,0,0,0.297,0,0,0,0,0,0,0,0,0,0,0,0,0,0,0,0,0,0,0,0,0,0,0,0,0,0,0,0,0,0,0,0,0,0,0,0,0,0,0,0,0,0,0,0,0,0,0,0,0,0,0,0,0,0,0,0,0,0,0,0,0,0,0,0,0,0,0,0,0,0,0,0,0,0,0,0,0,0,0,0,0,0,0,0,0,0,0,0,0,0,0,0,0,0,0,0,0,0,0,0,0,0,0,0,0,0,0,0,0,0,0,0,0,0,0,0,0,0,0,0,0,0,0,0,0,0,0,0,0,0,0,0,0,0,0,0,0,0,0,0,0,0,0,0,0,0,0,0,0,0,0,0,0,0,0,0,0,0,0,0,0,0,0,0,0,0,0,0,0,0,0,0,0,0,0,0,0,0,0,0,0,0,0,0,0,0,0,0,0,0,0,0,0,0,0,0,0,0,0,0,0,0,0,0,0,0,0,0,0,0,0,0,0,0,0,0,0,0,0,0,0,0,0,0,0,0,0,0,0,0,0,0,0,0,0,0,0,0,0,0,0,0,0,0,0,0,0,0,0,0,0,0,0,0,0,0,0,0,0,0,0,0,0,0,0,0,0,0,0,0,0,0,0,0,0,0,0,0,0,0.39,0,0,0,0,0,0,0,0,0,0.161,0,0,0,0,0,0,0,0,0,0,0,0,0,0,0,0,0,0,0,0,0,0,0,0,0,0,0,0,0,0,0,0,0,0,0,0,0,0,0,0,0,0,0,0,0,0,0,0,0,0,0,0,0,0,0,0,0,0,0,0,0,0,0,0,0,0,0,0,0,0,0,0,0,0,0,0,0,0,0,0,0,0,0,0,0,0,0,0,0,0,0,0,0,0,0,0,0,0,0,0,0,0,0,0,0,0,0,0,0,0,0,0,0,0,0,0,0,0,0,0,0,0,0,0,0,0,0,0,0,0,0,0,0,0,0,0,0,0,0,0,0,0,0,0,0,0,0,0,0,0,0,0,0,0,0,0,0,0,0,0,0,0,0,0,0,0,0,0,0,0,0,0,0,0,0,0,0,0,0,0,0,0,0,0,0,0,0,0,0,0,0,0,0,0,0,0,0,0,0,0,0,0,0,0,0,0,0.187,0,0,0,0,0,0,0,0,0,0,0,0,0,0,0,0,0,0,0,0,0,0,0,0,0,0,0,0,0,0,0,0,0,0,0,0,0,0,0,0,0,0,0,0,0,0,0,0,0,0,0,0,0,0,0,0,0,0,0,0,0,0,0,0,0,0,0,0,0,0,0,0,0,0,0,0,0,0,0,0,0,0,0,0,0,0,0,0,0,0,0,0,0,0,0,0,0,0,0,0,0,0,0,0,0,0,0,0,0,0,0,0,0,0,0,0,0,0,0,0,0,0,0,0,0,0,0,0,0,0,0,0,0,0,0,0,0,0,0,0,0,0,0,0,0,0,0,0,0,0,0,0,0,0,0,0,0,0,0,0,0,0,0,0,0,0,0,0,0,0,0,0,0,0,0,0,0,0,0,0,0,0,0,0.358,0,0,0,0,0,0,0,0,0,0,0,0,0,0,0,0,0,0,0,0,0,0,0,0,0,0,0,0,0,0,0,0,0,0,0,0,0,0,0,0,0,0,0,0,0,0,0,0,0,0,0,0,0,0,0,0,0,0,0,0,0,0,0,0,0,0,0,0,0,0,0,0,0,0,0,0,0,0,0,0,0,0,0,0,0,0,0,0,0,0,0,0,0,0,0,0,0,0,0,0,0,0,0,0,0,0,0,0,0,0,0,0,0,0,0,0,0,0,0,0,0,0,0,0.288,0,0,0,0,0,0,0,0,0,0,0,0,0,0,0,0,0,0,0,0,0,0,0,0,0,0,0,0,0,0,0,0,0,0,0,0,0,0,0,0,0,0,0,0,0,0,0,0,0,0,0,0,0,0,0,0,0,0,0,0,0,0,0,0,0,0,0,0,0,0,0,0,0,0,0,0,0,0,0,0,0,0,0,0,0,0,0.211,0,0,0,0,0,0,0,0,0,0,0,0,0,0,0,0,0,0,0,0,0,0,0,0,0,0,0,0,0,0,0,0,0,0,0,0,0,0,0,0,0,0,0,0,0,0,0,0,0,0,0,0,0,0,0,0,0,0,0,0,0,0,0,0,0,0,0,0,0,0,0,0,0,0,0,0,0,0,0,0,0,0,0,0,0,0,0,0,0,0,0,0,0,0,0,0,0,0,0,0,0,0,0,0,0,0,0,0,0,0,0,0,0,0,0,0,0,0,0,0,0,0,0,0,0,0,0,0,0,0,0,0,0,0,0,0,0,0,0,0,0,0,0,0,0,0,0,0,0,0,0,0,0,0,0,0,0,0,0,0,0,0,0,0,0,0,0,0,0,0,0,0,0,0,0,0,0,0,0,0,0,0,0,0,0,0,0,0,0,0,0,0,0,0,0,0,0,0,0,0,0,0,0,0,0,0,0,0,0,0,0,0,0,0,0,0,0,0,0,0,0,0,0.198,0,0,0,0,0,0,0,0,0,0,0,0,0,0,0,0,0,0,0,0,0,0,0,0,0,0,0,0,0,0,0,0,0,0,0,0,0,0,0,0,0,0,0,0,0,0,0,0,0,0,0,0,0,0,0,0,0,0,0,0,0,0,0,0,0,0,0,0,0,0,0,0,0,0,0,0,0,0,0,0,0,0,0,0,0,0,0,0,0,0,0,0,0,0,0,0,0,0,0,0,0,0,0,0,0,0,0,0,0,0,0,0,0,0,0,0,0,0,0,0,0,0,0,0,0,0,0,0,0,0,0,0,0,0,0,0,0,0,0,0,0,0,0,0,0,0,0,0,0,0,0,0,0,0,0,0,0,0,0,0,0,0,0,0,0,0,0,0,0,0,0,0,0,0,0,0,0,0,0,0,0,0,0,0,0,0,0,0,0,0,0,0,0,0,0,0,0,0,0,0,0,0,0,0,0,0,0,0,0,0,0,0,0,0,0,0,0,0,0,0,0,0,0,0,0,0,0,0,0,0,0,0,0,0,0,0,0,0,0,0,0,0,0,0.293,0,0,0,0,0,0,0,0,0,0,0,0,0,0,0,0,0,0,0,0,0,0,0,0,0,0,0,0,0,0,0,0,0,0,0,0,0,0,0,0,0,0,0,0,0,0,0,0,0,0,0,0,0,0,0,0,0,0,0,0,0,0,0,0,0,0,0,0,0,0,0,0,0,0,0,0,0,0,0,0,0,0.584,0,0,0,0,0,0,0,0,0.68,0,0,0,0,0,0,0,0,0,0,0,0,0,0,0,0,0,0,0,0,0,0,0,0,0,0,0,0,0,0,0,0,0,0,0,0,0,0,0,0,0,0,0,0,0,0,0,0,0,0,0,0,0,0,0,0,0,0,0,0,0,0,0,0,0,0,0,0,0,0,0,0.254,0,0,0,0,0,0,0,0,0,0,0,0,0,0,0,0,0,0,0,0,0,0,0,0,0,0,0,0,0,0,0,0,0,0,0,0,0,0,0,0,0,0,0,0,0,0,0,0,0,0,0,0,0,0,0,0,0,0,0,0,0,0,0,0,0,0,0,0,0,0,0,0.66,0,0,0,0,0,0,0,0,0,0,0,0,0,0,0,0,0,0,0,0,0,0,0,0,0,0,0,0,0,0,0,0,0,0,0,0,0,0,0,0,0,0,0,0,0,0,0,0,0,0,0,0,0,0,0,0,0,0,0,0,0,0,0,0,0,0,0,0,0,0,0,0,0,0,0,0,0,0,0,0,0,0,0,0,0,0,0,0,0,0,0,0,0,0,0,0,0,0,0,0,0,0,0,0,0,0,0,0,0,0,0,0,0,0,0,0,0,0,0,0,0,0,0,0,0,0,0,0,0,0,0,0,0,0,0,0,0,0,0,0,0,0,0,0,0,0,0,0,0,0,0,0,0,0,0,0,0,0,0,0,0,0,0,0,0,0,0,0,0,0,0,0,0,0,0,0,0,0,0,0,0,0,0,0,0,0,0,0,0,0,0,0,0,0,0,0,0,0,0,0,0,0,0,0,0,0,0,0,0,0,0,0,0,0,0,0,0,0,0,0,0,0,0,0,0.192,0,0,0,0,0,0,0,0,0,0,0,0,0,0.337,0,0,0,0,0,0,0,0,0,0,0,0,0,0,0,0,0,0,0,0,0,0,0,0,0,0,0,0,0,0,0,0,0,0,0,0,0,0,0,0,0,0,0,0,0,0,0,0,0,0,0,0,0,0,0,0,0,0,0,0,0,0,0,0,0,0,0,0,0,0,0,0,0,0,0,0,0,0,0,0,0,0,0,0,0,0,0,0,0,0,0,0,0,0,0,0,0,0,0,0,0,0,0,0,0,0,0,0,0,0,0,0,0,0,0,0,0,0,0,0,0,0,0,0,0,0,0,0,0,0,0,0,0,0,0,0,0,0,0,0,0,0,0,0,0,0,0,0,0,0,0,0,0,0,0,0,0,0,0,0,0,0,0,0,0,0,0,0,0,0,0,0,0,0,0,0,0,0,0,0,0,0,0,0,0,0,0,0,0,0,0,0,0,0,0,0,0,0,0,0,0,0,0,0,0,0,0,0,0,0,0,0,0,0,0,0,0,0,0,0,0,0,0,0,0,0,0,0,0,0,0,0,0,0,0,0,0,0,0,0,0,0,0,0,0,0,0,0,0,0,0,0,0,0,0,0,0,0,0,0,0,0,0.633,0,0,0,0,0,0,0,0,0,0,0,0,0,0,0,0,0,0,0,0,0,0,0,0,0,0,0,0,0,0,0,0,0,0,0,0,0,0,0,0,0,0,0,0,0,0,0,0,0,0,0,0,0,0,0,0,0,0,0,0,0,0,0,0,0,0,0,0,0,0,0,0,0,0,0,0,0,0,0,0,0,0,0,0,0,0,0,0,0,0,0,0,0,0,0,0.305,0,0,0,0,0,0,0,0,0,0,0,0,0,0,0,0,0,0,0,0,0,0,0,0,0,0,0,0,0,0,0,0,0,0,0,0.482,0,0,0,0,0,0,0,0,0,0,0,0,0,0,0,0,0.662,0,0,0,0,0.359,0,0,0,0,0,0,0,0,0,0,0,0,0,0,0,0,0,0,0,0,0,0.273,0,0,0,0,0,0,0,0,0,0,0,0,0,0,0,0,0,0,0,0,0,0,0,0,0,0,0,0,0,0,0,0,0,0,0,0,0,0,0,0,0,0.171,0,0,0,0,0,0,0,0,0,0,0,0,0,0,0,0.196,0,0,0,0,0,0,0,0,0,0,0,0,0,0,0,0,0,0,0,0,0,0,0,0,0,0,0,0,0,0,0,0,0,0,0,0,0,0,0,0,0,0,0,0,0,0,0,0,0,0,0,0,0,0,0,0,0,0,0,0,0,0,0,0,0,0.288,0,0,0,0,0,0,0,0,0,0,0,0,0,0,0,0,0,0,0,0,0,0.351,0,0,0,0,0,0,0,0,0,0,0,0,0,0,0,0,0,0,0,0,0,0,0,0,0,0,0,0,0,0,0,0,0,0,0,0,0,0,0,0,0,0,0,0,0,0,0,0,0,0,0,0,0,0,0,0,0,0,0,0,0,0,0,0,0,0,0,0,0,0,0,0,0,0,0,0,0,0,0,0,0,0,0,0,0,0,0,0,0,0,0,0,0,0,0,0,0,0,0,0,0,0,0,0,0,0,0,0,0,0,0,0,0,0.655,0,0,0,0,0,0,0,0,0,0,0,0,0,0,0,0,0,0,0,0,0,0,0,0,0,0,0,0,0,0,0,0,0,0,0,0,0,0,0,0,0,0,0,0,0,0,0,0,0,0,0,0,0,0,0,0,0,0,0.297,0,0,0,0,0,0,0,0,0,0,0,0,0,0,0,0,0,0,0,0,0,0,0,0,0,0,0,0,0,0,0,0,0,0,0,0,0,0,0,0,0,0,0,0,0,0,0,0,0.629,0,0,0,0,0,0,0.371,0,0,0,0,0,0,0,0,0,0,0,0,0,0,0,0,0,0,0,0,0,0,0,0,0,0,0,0,0,0,0,0,0,0,0,0,0,0,0,0,0,0,0,0,0,0,0,0,0,0,0,0,0,0,0,0,0,0,0,0,0,0,0,0,0,0.163,0.57,0,0,0,0,0,0,0,0,0,0,0,0,0,0,0,0,0,0,0,0,0,0,0,0,0,0,0,0,0,0,0,0,0,0,0,0,0,0.507,0,0,0,0,0,0,0,0,0,0,0,0,0,0,0,0,0,0,0,0,0,0,0,0,0,0
854539,0,0,0,0,0,0,0,0,0,0,0,0,0,0,0,0,0,0,0,0,0.18,0,0,0,0,0,0,0,0,0,0,0,0,0,0,0,0,0,0,0,0,0.155,0,0,0,0,0,0.297,0,0,0,0,0,0,0,0,0,0.153,0,0.222,0,0,0,0,0,0,0,0.166,0,0,0.359,0,0,0,0,0,0,0.97,0,0,0,0,0.357,0,0,0,0.193,0,0,0,0,0,0,0,0,0,0.159,0,0,0,0,0.162,0,0,0,0,0,0,0.169,0,0,0,0,0,0.267,0,0,0,0,0,0,0,0,0,0,0.157,0,0,0.565,0,0,0,0,0,0,0,0,0,0,0,0.3,0,0,0,0,0,0,0,0,0,0.17,0,0,0,0,0,0,0,0,0,0,0,0,0,0,0,0.481,0.161,0,0,0.177,0,0.813,0,0,0,0,0,0,0,0,0,0,0,0,0,0,0,0,0,0,0,0,0,0,0,0,0,0.193,0.181,0,0,0,0,0,0,0,0,0,0,0,0,0,0,0,0,0,0,0,0,0,0,0,0,0,0,0,0,0,0,0,0,0,0,0,0,0,0.16,0,0,0,0,0,0,0,0,0,0,0,0,0,0,0,0,0,0,0,0,0,0,0,0,0,0,0,0,0,0,0,0,0,0,0,0,0,0,0,0,0,0,0,0,0,0,0,0,0,0,0,0,0,0,0,0,0,0,0,0,0,0,0,0,0,0,0,0,0,0,0,0,0,0,0,0,0,0,0,0,0,0,0,0,0,0,0,0,0,0,0,0,0,0,0,0,0,0,0,0,0,0,0.261,0,0,0,0,0,0,0,0,0,0,0,0,0,0,0,0,0,0,0,0,0,0,0,0,0,0,0,0,0,0,0,0,0,0,0,0,0,0,0,0,0,0,0,0,0,0,0,0,0,0,0,0,0,0,0,0,0,0,0,0,0,0,0,0,0,0,0,0,0,0,0,0,0,0,0.154,0,0,0,0,0,0,0,0,0,0,0,0,0,0,0,0,0,0.218,0,0,0,0,0,0,0,0,0,0,0,0,0,0,0,0,0,0,0,0,0,0,0,0,0,0,0,0,0,0,0,0,0,0,0,0,0,0,0,0.16,0,0.154,0,0,0,0,0,0,0,0,0,0,0,0,0,0,0,0,0,0,0,0,0,0,0,0.317,0,0,0,0.725,0,0,0,0,0,0,0,0,0,0,0,0,0.189,0,0,0,0,0,0,0,0,0,0,0,0,0,0,0,0,0,0,0,0,0,0,0,0,0,0,0,0,0,0,0,0,0,0,0,0,0,0,0,0,0,0,0.181,0,0,0,0,0,0,0,0,0,0,0,0,0,0,0,0,0,0,0,0,0,0,0,0,0,0,0,0,0,0,0,0,0,0,0,0,0,0,0.169,0,0,0,0,0,0,0,0,0,0,0,0,0,0,0,0,0,0,0,0,0,0,0,0,0,0,0,0,0,0,0,0,0,0,0,0,0,0,0,0,0,0,0,0,0,0,0,0,0,0,0,0,0,0,0,0,0,0,0,0,0,0,0,0,0,0,0,0,0,0,0,0,0,0,0,0,0,0,0,0,0,0,0,0,0,0,0,0,0,0,0,0,0,0,0,0,0,0,0,0.908,0,0.154,0,0,0,0,0,0,0,0,0,0,0,0,0,0,0,0,0,0,0,0,0,0,0,0,0,0,0,0,0.197,0,0,0,0,0,0,0,0,0,0.309,0,0,0,0,0,0,0,0,0,0,0,0,0,0,0,0,0,0,0,0,0,0,0,0,0,0,0,0,0,0,0,0,0,0,0,0,0,0,0,0,0,0,0,0,0,0,0,0,0,0,0,0,0,0.217,0,0,0,0,0,0,0,0,0,0,0,0,0,0,0,0,0,0,0.154,0,0,0,0,0,0,0,0,0,0,0,0,0,0,0,0,0,0,0,0,0,0,0,0.259,0,0.503,0,0,0,0,0,0,0,0,0,0,0,0,0,0,0,0,0,0,0,0,0,0,0,0,0,0,0,0,0,0,0,0,0,0,0,0,0,0,0,0,0,0,0,0,0,0,0,0,0,0,0,0,0,0,0,0,0,0,0,0.154,0,0,0,0,0,0,0,0,0,0,0,0,0.202,0,0,0,0,0,0,0,0,0,0,0,0,0,0,0,0,0,0,0,0,0,0,0,0,0,0,0,0,0,0,0,0,0,0,0,0,0,0.617,0,0,0,0,0,0,0,0,0,0,0,0,0,0,0,0,0,0,0,0,0,0,0,0,0,0,0,0,0,0,0.186,0,0,0,0,0,0,0,0,0,0,0,0,0,0,0,0,0,0,0,0,0,0,0,0.483,0,0,0,0,0,0,0,0,0,0,0,0,0,0,0,0,0,0,0,0,0,0,0,0,0,0,0,0,0,0,0,0,0,0,0,0.181,0,0,0,0,0,0,0,0,0,0,0,0,0,0,0,0,0,0,0,0,0,0,0,0,0,0,0,0,0,0,0,0,0,0,0,0,0,0,0,0,0,0,0,0,0,0,0,0,0,0,0,0,0,0,0,0,0,0,0,0,0,0,0,0,0,0,0,0,0,0,0,0,0,0,0,0,0,0,0,0,0,0,0,0,0,0,0,0,0,0,0,0,0,0,0,0,0,0,0.223,0,0,0,0,0,0,0,0,0,0,0,0,0,0,0.25,0,0,0,0,0,0,0,0.199,0,0,0,0.331,0,0,0,0,0.204,0,0,0,0,0,0,0,0,0,0,0,0,0,0,0,0,0,0,0,0,0,0,0,0,0,0,0,0,0,0,0,0,0,0,0,0,0,0,0,0,0,0,0,0,0,0,0,0,0,0,0,0,0,0,0,0,0,0,0,0,0,0,0,0,0,0,0,0,0,0.325,0.428,0.202,0,0,0,0,0,0,0,0,0,0,0,0,0,0,0,0,0,0,0,0,0,0,0,0,0,0,0,0,0,0,0,0,0,0,0,0,0,0,0,0,0,0,0,0,0,0,0,0,0,0.278,0,0,0,0,0,0,0,0,0,0,0,0,0,0,0,0,0,0,0,0,0,0,0,0,0,0,0,0,0,0,0,0,0,0,0,0,0,0,0,0,0,0,0,0,0,0,0,0,0,0.234,0,0,0,0,0,0,0,0,0,0,0,0,0,0,0,0,0,0,0,0,0,0,0,0,0,0,0,0,0,0,0,0,0,0,0,0,0,0,0,0,0,0,0,0,0,0,0,0,0,0,0,0,0,0,0,0,0,0,0,0,0,0,0,0.412,0,0,0,0,0,0,0,0.181,0,0,0,0,0,0,0,0,0,0,0,0,0,0,0,0,0,0,0,0,0,0,0,0,0,0,0,0,0,0,0,0,0,0,0,0,0,0,0,0.199,0,0,0,0,0,0,0,0,0,0,0,0,0,0,0,0,0,0,0,0,0,0.185,0,0,0,0,0,0,0,0.205,0,0,0,0,0,0,0,0,0,0,0,0,0,0,0,0,0,0,0,0,0,0,0,0,0,0,0,0,0,0,0,0,0,0,0,0,0,0,0,0,0,0,0,0,0,0,0,0,0,0,0,0,0,0,0,0,0,0,0,0,0,0,0,0,0,0,0,0,0.847,0,0,0,0,0,0,0,0,0,0,0,0.934,0.8,0,0.4,0,0,0,0,0.784,0.395,0,0,0,0,0,0,0,0,0,0,0,0,0,0,0.48,0,0.956,0,0,0,0.373,0,0.458,0,0.827,0,0.252,0.943,0,0,0,0,0,0.541,0.999,0,0,0.308,0.265,0.178,0,0,0,0,0,0,0,0,0.197,0,0,0,0,0.217,0,0,0,0,0,0,0,0,0,0,0,0,0,0,0,0,0,0,0,0,0,0,0,0,0,0,0,0,0,0,0,0,0,0,0,0,0,0,0,0,0,0,0,0,0,0,0,0.316,0.341,0,0,0,0,0,0.223,0,0,0,0,0,0,0,0,0,0,0,0,0,0,0,0,0,0,0.196,0,0,0,0,0,0,0,0,0,0,0,0,0,0,0,0,0,0,0,0,0,0,0,0,0,0,0,0,0,0,0,0,0,0,0,0,0,0,0,0,0,0,0,0,0,0,0,0,0,0,0,0,0,0,0,0,0,0,0,0,0,0,0,0,0,0,0,0,0,0,0,0,0.163,0,0.681,0,0,0,0,0,0,0,0.193,0,0,0,0,0,0,0,0,0,0,0,0,0,0,0.217,0,0,0,0,0,0,0,0,0,0,0,0.169,0,0,0,0,0,0,0,0,0,0,0,0,0,0,0.152,0,0,0,0,0,0,0,0,0,0,0,0,0,0,0,0,0,0,0,0,0,0,0,0,0,0,0,0,0,0,0,0,0,0,0,0,0,0,0,0,0,0,0,0,0,0,0,0,0,0,0,0,0,0.181,0.181,0,0,0,0,0,0,0,0,0,0,0,0,0,0.153,0,0,0,0,0,0,0,0,0,0,0,0,0,0,0,0,0,0,0,0.304,0,0,0,0,0,0,0,0,0.999,0,0,0,0,0,0.196,0,0,0,0,0,0,0,0,0,0,0,0,0,0,0,0,0.27,0,0,0,0,0,0,0,0,0,0,0,0,0,0,0,0,0,0,0,0,0,0,0,0,0,0,0,0,0,0,0,0,0,0,0,0,0,0,0,0,0,0,0.16,0,0,0,0,0,0,0,0,0,0,0,0,0.175,0,0,0,0,0,0,0,0,0,0,0,0,0,0,0,0,0,0,0,0,0.168,0,0,0,0,0,0,0,0,0,0,0,0,0,0,0,0,0,0,0,0,0,0,0,0,0,0,0,0,0,0,0,0,0,0,0,0,0,0,0,0,0,0,0,0,0,0,0,0,0,0,0,0,0,0,0,0,0,0,0,0,0,0,0,0,0,0,0.304,0,0,0,0.169,0,0,0,0,0,0.183,0,0,0,0,0,0,0,0,0,0,0,0.327,0,0,0,0,0,0,0,0,0,0,0,0,0,0,0,0,0,0,0,0,0,0,0,0,0,0,0,0,0,0,0,0,0,0,0,0,0,0,0,0,0,0,0,0,0,0,0,0,0,0,0,0,0,0,0,0,0,0,0,0,0,0,0,0,0,0,0,0,0,0,0,0,0,0.203,0,0,0,0,0,0,0,0,0,0,0,0,0,0,0,0,0.224,0,0,0,0,0,0,0,0,0,0,0,0,0,0,0,0,0,0,0,0,0,0,0,0,0,0,0.293,0,0,0,0,0,0,0,0,0,0,0,0,0,0,0,0,0,0,0,0,0.409,0,0,0,0,0,0,0,0,0,0,0,0,0,0,0,0,0,0,0,0,0,0,0,0.271,0,0,0,0,0,0,0,0.197,0,0,0,0,0,0,0,0,0,0,0,0,0,0,0,0,0,0,0,0,0,0,0,0,0,0,0,0,0,0,0,0,0,0.229,0,0,0,0,0,0,0,0,0,0,0,0,0,0,0,0,0,0,0,0.375,0,0,0,0,0,0,0,0,0,0,0.268,0.263,0,0,0,0,0,0,0,0,0,0,0,0,0,0,0,0,0,0,0,0,0,0,0,0,0,0,0,0,0,0,0,0,0,0,0,0,0,0,0,0,0,0.226,0,0,0,0,0,0,0,0,0,0,0,0,0,0,0,0,0,0.361,0,0,0,0,0,0,0,0.272,0,0,0,0.396,0,0,0.313,0,0,0,0,0,0,0,0,0,0,0,0.564,0,0,0.904,0,0,0,0,0,0,0,0,0,0,0,0,0.744,0,0,0,0,0,0,0.766,0,0.999,0,0,0,0,0,0,0,0,0,0,0,0,0,0,0.627,0,0,0.222,0,0,0,0.321,0,0,0,0,0,0,0,0,0,0,0,0,0,0,0,0,0,0,0,0,0,0.744,0,0,0,0,0,0,0,0,0,0,0,0,0,0.165,0,0,0,0,0.312,0,0.266,0,0,0,0,0,0,0,0,0,0,0,0,0,0.239,0,0.307,0,0,0,0,0,0,0,0,0,0,0,0,0,0,0,0,0,0,0.196,0,0,0,0.195,0,0,0,0,0,0.374,0,0,0,0,0,0,0,0.23,0,0,0,0,0,0,0,0,0,0,0,0,0,0,0,0,0,0,0,0,0,0,0,0,0,0,0,0,0,0,0.154,0,0,0,0,0,0,0,0,0,0,0,0,0,0,0,0,0,0,0,0,0,0,0,0,0,0,0,0,0,0,0,0,0,0,0,0,0,0,0,0,0,0,0,0,0,0,0,0,0,0,0,0,0,0,0,0,0.956,0,0,0,0,0,0,0,0,0,0,0,0,0,0,0,0,0,0,0,0,0,0,0,0,0,0,0,0,0,0,0,0,0,0,0,0,0,0,0,0,0.309,0,0,0,0,0,0,0,0,0,0,0,0,0,0,0,0,0,0,0,0,0,0,0,0,0,0,0,0,0,0,0,0,0,0,0,0,0,0,0,0.2,0,0,0,0,0,0,0,0,0,0,0,0,0,0,0,0,0,0,0,0,0,0,0,0,0,0,0,0,0,0.217,0,0,0,0,0,0,0,0,0,0,0,0,0,0,0,0,0,0,0,0,0,0,0,0,0,0.191,0,0,0,0,0,0,0,0,0,0,0,0,0,0,0,0,0,0,0,0,0,0,0,0,0,0,0,0,0,0,0,0,0,0,0,0,0,0,0,0.446,0,0,0,0.201,0,0,0,0,0,0,0,0,0,0,0,0,0,0,0,0,0,0,0.445,0,0,0,0,0,0,0,0,0,0,0,0,0,0,0,0,0,0,0,0,0,0,0,0,0,0,0,0,0,0,0,0,0,0,0,0,0,0,0,0,0,0,0,0,0,0,0,0,0,0,0,0,0,0,0,0,0,0,0,0.15,0,0,0,0,0,0,0,0,0,0,0,0,0,0,0,0,0,0,0,0,0,0,0,0,0,0,0,0,0.702,0,0,0,0,0,0,0,0,0,0,0,0,0,0,0,0,0,0.158,0,0,0,0,0,0,0.153,0,0,0,0,0,0,0,0,0,0,0,0,0,0,0,0,0,0,0,0,0,0,0,0,0,0,0,0,0,0,0,0,0,0.179,0,0,0,0,0,0,0,0,0,0,0,0,0,0,0,0,0,0,0,0,0,0,0,0,0,0,0,0,0,0,0,0,0,0,0,0,0,0,0,0,0,0,0,0,0,0,0,0,0,0,0,0,0,0.197,0,0,0,0,0,0,0,0,0,0,0,0,0,0,0,0,0,0,0,0,0,0,0,0,0,0,0,0,0,0,0,0,0,0,0,0,0,0,0,0,0.231,0.154,0,0,0,0,0,0,0,0,0,0,0,0,0,0,0,0,0,0,0,0,0.19,0,0,0,0.153,0,0,0.321,0,0,0,0,0,0,0,0,0.42,0.396,0,0,0.201,0.195,0,0,0.173,0,0,0.654,0,0.21,0,0,0,0,0,0.17,0,0,0,0,0,0,0,0.155,0.401,0,0,0.862,0.16,0,0,0,0,0,0,0,0,0,0,0,0,0,0,0,0,0,0,0,0,0,0,0,0,0,0,0,0,0,0,0,0,0,0,0,0,0,0,0,0.538,0,0,0,0,0,0,0,0,0.169,0,0,0.151,0,0,0,0,0,0,0,0,0,0,0,0,0,0,0,0,0,0,0,0,0,0,0,0,0,0,0,0,0,0,0,0,0,0,0,0.258,0,0,0,0,0,0,0,0,0,0,0,0,0,0,0,0,0,0.173,0,0,0,0,0,0,0,0.23,0,0,0,0,0,0,0,0,0,0,0,0,0,0,0,0,0.16,0,0,0,0,0,0,0,0,0,0.156,0.16,0,0,0,0,0,0,0,0,0,0,0,0,0,0,0,0,0,0,0,0,0,0,0,0,0,0,0.159,0,0,0,0,0,0,0,0,0,0,0,0,0,0,0,0,0,0,0,0,0,0,0,0,0,0,0,0,0,0,0,0,0.345,0,0,0,0,0,0.21,0,0,0,0,0,0,0,0,0,0,0,0,0.159,0,0,0,0,0,0,0,0,0,0,0,0,0,0,0,0,0,0,0,0,0,0,0,0.159,0,0,0,0,0,0,0.225,0,0,0,0,0,0,0,0,0,0,0,0,0,0,0,0,0,0,0,0,0,0,0,0,0,0.167,0,0,0,0,0,0,0,0,0,0,0,0,0,0,0,0,0,0,0,0.151,0,0.248,0,0,0,0,0,0,0,0,0,0,0,0,0,0,0,0,0,0.15,0,0,0,0,0,0,0,0,0,0,0,0,0.302,0,0,0,0,0,0,0,0,0,0,0,0,0,0,0,0,0,0,0,0,0,0,0,0,0,0,0,0,0,0,0,0,0,0,0,0,0,0,0,0,0.256,0,0,0,0,0,0,0,0,0,0,0,0,0,0,0,0,0,0,0,0,0,0,0,0,0,0,0,0,0,0,0,0,0,0,0,0,0,0,0,0,0,0,0,0,0.205,0,0,0,0,0,0,0,0,0,0,0.151,0,0,0,0,0,0,0,0,0,0,0,0,0,0,0,0,0,0,0,0,0,0,0,0,0,0,0,0,0,0,0,0,0,0,0,0,0,0,0,0,0,0,0,0,0,0,0,0,0,0,0,0,0,0,0,0,0,0,0,0,0,0,0,0,0,0,0,0,0,0,0,0,0,0,0,0,0,0,0,0,0,0,0,0,0,0,0,0,0,0,0,0,0,0,0,0,0,0,0,0,0,0,0,0,0,0,0,0,0,0,0,0,0,0,0,0,0,0,0,0.225,0,0.178,0,0,0,0,0,0,0,0,0,0,0,0,0,0,0,0,0,0,0,0.428,0,0,0,0,0.231,0,0,0,0,0,0,0,0,0,0,0,0,0,0,0,0,0,0,0,0,0,0,0,0,0,0,0.224,0,0,0,0,0,0,0,0,0,0,0,0,0,0,0,0,0,0,0,0,0,0.242,0,0,0,0,0,0,0,0.577,0,0.516,0,0.59,0,0,0,0,0,0,0,0,0,0,0,0,0,0,0,0,0,0,0,0,0,0,0,0,0,0,0.228,0,0.227,0,0,0,0,0,0.425,0,0.156,0,0,0,0,0,0,0,0,0,0,0,0,0,0,0,0,0.871,0,0,0,0,0,0,0,0,0,0,0.825,0,0,0,0,0.179,0,0,0,0,0.205,0,0,0,0,0,0,0,0,0,0,0,0,0,0,0,0,0,0,0,0,0,0,0,0,0,0,0.281,0,0,0,0,0,0.29,0,0,0,0,0,0,0,0,0,0,0,0,0,0,0,0,0,0,0,0,0,0,0,0,0,0,0,0,0,0,0,0,0,0,0.205,0,0,0,0,0,0,0,0,0.154,0,0,0,0,0,0,0,0,0,0,0,0,0,0,0.159,0,0,0,0,0,0,0,0,0,0,0,0,0,0,0,0,0,0,0,0,0,0,0,0,0,0,0,0,0,0,0,0,0,0,0,0,0,0,0,0,0,0,0,0,0,0,0,0,0,0,0,0,0,0,0,0,0,0,0.252,0,0,0,0,0,0,0,0.488,0,0,0,0,0,0,0,0,0,0,0,0,0,0,0,0,0,0,0,0,0.36,0.219,0,0,0.219,0,0,0,0,0,0,0,0,0,0,0,0,0,0,0,0,0,0,0,0,0,0,0,0,0,0,0,0,0,0,0,0,0,0,0,0,0.274,0,0.311,0,0,0,0,0,0,0,0,0,0,0.216,0,0,0,0,0,0,0.528,0,0,0,0,0,0,0,0,0,0,0,0,0,0,0,0,0,0.34,0,0,0,0,0,0,0,0,0,0,0,0,0,0,0,0,0,0,0,0,0,0,0,0,0,0,0,0,0,0,0,0,0,0,0,0,0,0,0,0,0,0,0,0,0,0,0.214,0,0,0,0,0,0,0,0,0,0,0,0,0,0,0,0,0,0,0,0,0,0,0,0,0.282,0,0,0,0,0,0,0,0,0,0,0,0,0,0,0.226,0,0,0,0,0,0,0,0,0,0,0,0,0,0,0,0,0,0,0,0,0,0,0,0,0,0,0,0,0,0,0,0,0,0
856051,0,0,0,0,0,0,0,0,0,0,0,0.191,0,0,0,0,0,0,0,0,0,0,0,0,0,0,0,0,0,0,0,0,0,0,0,0,0,0,0,0,0,0,0,0,0,0,0,0,0,0,0,0,0,0,0,0.731,0,0,0,0,0,0,0,0,0,0,0,0,0,0,0,0,0,0,0,0,0,0,0,0,0,0,0,0,0,0,0,0,0,0,0,0,0,0,0,0,0,0,0,0,0,0,0,0,0,0,0,0,0,0,0.197,0,0,0,0,0,0,0,0,0,0,0,0,0,0,0,0,0,0,0.392,0,0,0,0,0,0,0,0,0,0,0,0,0,0,0,0,0,0,0,0,0,0,0,0,0,0,0,0,0,0,0,0,0,0,0,0,0,0,0,0,0,0,0,0,0.331,0,0,0,0,0,0,0,0,0,0,0,0,0,0,0,0,0,0,0,0,0,0.309,0,0,0,0,0,0,0,0,0,0,0,0,0,0,0,0,0,0,0,0,0,0,0,0,0,0,0,0,0,0,0,0,0,0,0,0,0,0,0,0,0,0,0,0,0,0,0,0,0,0,0,0,0,0,0,0,0,0,0.171,0,0,0,0,0,0,0,0,0,0,0,0,0.351,0,0,0,0,0,0,0,0,0,0,0,0,0,0,0,0,0,0,0,0,0,0,0,0,0,0,0,0,0,0,0,0,0,0,0.171,0,0,0,0,0,0,0,0.171,0,0,0,0,0,0,0,0,0,0,0,0,0,0,0.226,0,0,0,0,0,0,0,0,0,0,0,0,0,0,0,0,0,0,0,0,0,0,0,0,0,0,0,0,0,0,0,0,0,0,0,0,0,0,0,0,0,0,0,0,0,0,0,0,0,0,0,0,0,0,0,0,0,0,0,0,0,0,0,0,0,0,0,0,0,0,0,0,0,0,0,0,0,0,0,0,0,0,0,0,0,0,0,0,0,0,0,0,0,0,0,0,0,0,0,0,0,0,0,0,0,0,0,0,0,0,0,0,0,0,0,0,0,0,0,0,0,0,0.228,0,0,0,0,0,0,0,0,0,0,0,0,0,0,0,0,0,0,0,0,0,0,0,0,0,0,0,0,0,0,0,0,0,0,0,0,0,0,0,0,0,0,0,0,0,0,0,0,0,0,0,0,0,0,0,0,0,0,0,0,0,0,0,0,0,0,0,0,0,0,0,0,0,0,0,0,0,0,0,0,0,0,0,0,0,0,0,0,0,0,0,0,0,0,0,0,0,0,0,0,0,0,0,0,0,0.195,0,0,0,0,0,0,0,0,0,0,0,0,0,0,0,0,0,0,0,0,0,0,0,0,0,0,0,0,0,0,0,0,0,0,0,0,0,0,0,0,0,0,0,0,0,0,0,0,0,0,0,0,0,0,0,0,0,0,0,0,0,0,0,0,0,0,0,0,0,0,0,0,0,0,0,0,0,0,0,0,0,0,0,0,0,0,0,0,0,0,0,0,0,0,0,0,0,0,0,0,0,0,0,0,0,0,0,0,0,0,0,0,0,0,0,0,0,0,0,0,0,0,0,0,0,0,0,0,0,0,0,0,0,0,0,0,0,0,0,0.275,0,0,0,0,0,0,0,0,0,0,0,0,0,0,0,0,0,0,0,0,0,0,0,0,0,0,0,0,0,0,0,0,0,0,0.194,0,0,0,0,0,0,0.551,0,0,0,0,0,0,0,0,0,0,0,0,0,0,0,0,0,0,0,0,0,0,0,0,0,0,0,0,0,0,0,0,0,0,0,0,0,0,0,0,0,0,0,0,0,0,0,0,0,0,0,0,0,0,0,0,0,0,0,0,0,0,0,0,0,0,0,0,0,0,0,0,0,0,0,0,0,0,0,0,0,0,0,0,0,0,0,0,0,0,0,0,0,0,0,0,0,0,0,0,0,0,0,0,0,0,0,0,0,0,0,0,0.169,0,0,0,0,0,0,0,0,0,0,0,0,0,0,0,0,0,0,0,0,0,0,0,0,0,0,0,0,0,0,0,0,0,0,0,0,0,0,0,0,0,0,0,0,0,0,0,0,0,0,0,0,0,0,0,0,0,0,0,0,0,0,0,0,0,0,0,0,0,0,0,0,0,0,0,0,0,0,0,0,0,0,0,0,0,0,0,0,0,0,0,0,0,0,0,0,0,0,0,0,0,0.193,0,0,0,0.355,0,0,0,0,0,0,0,0,0,0,0,0,0.36,0,0,0,0,0,0,0,0,0,0,0,0,0,0,0,0,0,0,0,0,0,0,0,0,0,0,0,0,0,0,0,0,0,0,0,0,0,0,0,0,0,0,0,0,0,0,0,0,0,0,0,0.227,0,0,0,0,0,0,0,0,0,0,0,0,0,0,0,0,0,0,0,0,0.258,0,0,0,0,0,0,0,0,0,0,0,0,0,0,0.349,0,0,0,0,0,0,0.394,0,0,0,0,0,0,0.483,0,0,0,0,0,0,0,0,0,0,0,0,0,0,0,0,0,0,0,0,0,0.19,0,0,0,0,0,0,0,0,0,0,0,0,0,0,0,0,0,0,0,0,0,0,0,0,0,0,0,0,0,0,0,0,0.336,0,0,0.351,0,0,0.191,0,0.195,0,0,0,0,0,0,0,0,0,0,0,0,0,0,0,0,0,0,0,0,0,0,0,0,0,0,0,0,0,0,0,0,0.169,0,0,0,0,0,0,0,0,0,0,0,0,0,0,0,0,0,0,0.376,0,0,0,0,0,0,0,0,0,0,0,0,0,0,0,0,0,0,0,0.394,0,0,0,0,0,0,0,0,0,0.336,0,0,0,0,0,0,0,0,0,0,0,0,0,0,0,0,0,0,0,0,0,0,0,0,0,0,0,0,0,0,0,0,0,0,0,0,0,0,0,0,0,0,0,0,0,0,0,0,0,0,0,0,0,0,0,0,0,0,0,0,0,0,0.374,0,0,0,0,0,0,0,0,0,0,0.171,0,0,0,0,0,0,0,0,0,0.309,0,0,0,0,0,0,0,0,0.379,0,0,0.372,0,0,0,0,0,0,0,0,0,0,0,0,0,0,0,0,0,0,0,0,0,0,0,0,0,0,0,0,0,0,0,0,0.311,0,0,0,0,0,0,0,0,0,0,0,0,0,0,0.169,0,0,0,0,0,0,0,0,0,0,0,0,0,0,0,0,0,0,0,0,0,0,0,0,0,0,0,0.339,0,0,0,0,0,0,0,0,0,0,0,0,0,0,0,0,0,0.154,0,0,0,0,0,0,0,0,0,0,0.377,0,0,0,0,0,0,0,0,0,0,0,0,0,0,0,0,0,0,0,0,0,0,0,0.514,0,0,0,0,0,0,0,0,0,0,0,0,0,0,0,0,0,0,0,0,0,0,0,0,0,0,0,0,0,0,0,0,0,0,0.394,0,0,0,0,0,0,0,0,0,0,0,0,0,0,0,0,0,0,0,0,0,0,0,0,0,0,0,0,0,0.191,0,0,0,0,0,0,0,0,0,0,0,0,0,0,0,0,0,0,0,0,0,0,0,0,0,0,0,0,0,0,0,0,0,0,0,0,0,0,0,0,0,0,0,0,0,0,0,0,0,0,0,0,0,0,0,0,0,0.171,0,0,0,0,0,0,0,0,0,0,0,0,0,0,0,0.215,0,0,0,0,0,0,0,0,0,0,0,0,0,0,0,0.61,0,0,0,0,0,0,0,0.396,0,0,0,0,0,0,0,0,0,0,0,0,0,0,0,0,0,0,0,0,0,0,0,0,0,0,0,0,0,0,0,0,0,0,0,0,0,0,0,0,0,0,0,0,0,0,0,0,0,0,0,0,0,0,0,0,0,0,0,0,0,0,0,0,0,0,0,0,0,0,0,0,0,0,0,0,0,0,0,0,0,0,0,0,0,0,0,0,0,0,0,0,0,0,0,0,0,0,0,0,0,0,0,0,0,0,0,0,0,0,0,0,0,0,0,0,0,0,0,0,0,0,0,0,0,0,0,0,0,0,0,0,0,0,0,0,0,0,0,0,0,0,0,0,0,0,0,0,0,0,0,0,0,0,0,0,0,0,0,0,0,0,0,0,0,0,0,0,0,0,0,0,0,0,0,0,0,0,0,0,0,0,0,0,0,0,0,0,0,0,0,0,0,0,0,0,0,0,0,0,0,0,0,0,0,0,0,0,0,0,0,0,0,0,0,0,0,0,0,0,0,0,0,0,0,0,0,0,0,0,0,0,0,0,0,0,0,0,0,0,0,0,0,0,0,0,0,0,0,0,0,0,0,0,0,0,0,0,0,0,0,0,0,0,0,0,0,0,0,0,0,0,0,0,0,0,0,0,0,0,0,0,0,0,0,0,0,0,0,0,0,0,0,0,0,0,0,0,0,0,0,0,0,0,0,0,0,0,0,0,0,0,0,0,0,0,0,0,0,0,0,0,0,0,0,0,0,0,0,0,0,0,0,0,0,0,0,0,0,0,0,0,0,0,0,0,0,0,0,0,0,0,0,0,0.539,0,0,0,0,0,0,0,0,0,0,0,0,0,0,0,0,0,0,0,0,0,0,0,0,0,0,0,0,0,0,0,0,0,0,0,0,0,0,0,0,0,0,0,0,0,0,0,0,0,0,0,0,0,0,0,0,0,0,0,0,0.22,0,0.175,0,0,0,0,0,0,0,0,0,0,0,0,0,0,0,0,0,0,0,0,0,0,0,0,0,0,0,0,0,0,0,0,0,0,0,0,0,0,0,0,0,0,0,0,0,0,0,0,0,0,0,0,0,0,0,0,0,0,0,0,0,0,0.258,0,0,0,0,0,0,0,0,0,0,0,0,0,0,0,0,0,0,0,0,0,0,0,0,0,0,0,0,0,0,0,0,0,0,0,0,0,0,0,0,0,0,0,0,0,0,0,0,0,0,0,0,0,0,0,0,0,0,0,0,0,0,0,0,0,0,0,0,0,0,0,0,0,0,0,0,0,0,0,0,0,0,0,0,0,0,0,0,0,0,0,0,0,0,0,0,0,0,0,0,0,0,0,0,0,0,0,0,0,0,0,0,0,0,0,0,0,0,0,0,0,0,0,0,0,0,0,0,0,0,0,0,0,0,0,0,0,0,0,0,0,0,0,0,0,0,0,0,0,0,0,0,0,0,0,0,0,0,0,0,0,0,0,0,0,0,0,0,0,0,0,0,0,0,0,0,0,0,0,0,0,0,0,0,0,0,0,0,0,0,0,0,0,0,0.309,0,0,0,0,0,0,0,0,0,0,0,0,0,0,0,0,0,0,0,0,0,0,0,0,0,0,0,0,0,0,0,0,0,0,0,0,0,0,0.34,0,0,0,0,0,0,0,0,0,0,0,0,0,0.61,0,0,0,0,0,0,0,0,0,0,0,0,0,0,0,0.431,0,0,0,0,0,0,0,0,0,0,0,0,0,0,0,0,0,0,0,0,0,0,0,0,0,0,0,0,0,0,0,0,0,0,0,0,0,0,0,0,0,0,0,0,0,0,0,0,0,0,0,0,0,0,0,0,0,0,0,0,0,0,0,0,0,0,0,0,0,0,0,0,0,0,0,0,0,0,0,0,0,0,0,0,0,0,0,0,0,0,0,0,0,0,0,0,0,0,0,0,0,0,0,0,0,0,0,0,0,0,0,0,0,0,0,0,0,0,0,0,0,0,0,0,0,0,0,0,0,0,0,0,0,0,0,0,0,0,0,0,0,0,0,0,0,0,0,0,0,0,0,0,0.271,0,0,0,0,0,0,0,0,0.572,0,0,0,0,0,0,0,0,0,0,0,0,0,0,0,0,0,0,0,0,0,0,0,0,0,0,0,0,0,0,0,0,0,0,0,0,0,0,0,0,0,0,0,0,0,0,0,0,0,0,0,0,0,0,0,0,0,0,0,0,0,0,0,0,0,0,0,0,0,0,0,0,0,0,0,0,0,0,0,0,0,0,0,0,0,0,0,0,0,0,0,0,0,0,0,0,0,0,0,0,0,0,0,0,0,0,0,0,0,0,0,0,0,0,0,0,0,0,0,0,0,0,0,0,0,0,0,0,0,0,0,0,0,0,0,0,0,0,0,0,0,0,0,0,0,0,0,0,0,0,0,0,0,0,0,0,0,0,0,0,0,0,0,0,0,0,0,0,0,0,0,0,0,0,0,0,0,0,0,0,0,0,0,0,0,0,0,0,0,0,0,0,0,0,0,0,0,0,0,0,0,0,0,0,0,0,0,0,0,0,0,0,0,0,0,0,0,0,0,0,0,0,0,0,0,0,0,0,0,0,0,0,0,0,0,0,0,0,0,0,0,0,0,0,0,0,0,0,0,0,0,0,0,0,0,0,0,0,0,0,0,0,0,0,0,0,0,0,0,0,0,0,0,0,0,0,0,0,0,0,0,0,0,0,0,0,0,0,0,0,0,0,0,0,0,0,0,0,0,0,0,0,0,0,0,0,0,0,0,0,0,0,0,0,0,0,0,0,0,0,0,0,0,0,0,0,0,0,0,0,0,0,0,0,0,0,0,0,0,0,0,0,0,0,0,0,0,0,0,0,0,0,0,0,0,0,0,0,0.258,0,0,0,0,0,0,0,0,0,0,0,0,0,0,0,0,0,0,0,0,0,0,0,0,0,0,0,0,0,0,0,0,0,0,0,0,0,0,0,0,0,0,0,0,0,0,0,0,0,0,0,0,0,0,0,0,0,0,0,0,0,0,0,0,0,0,0,0,0,0,0,0,0,0,0,0,0,0,0,0,0,0,0,0,0,0,0,0,0,0,0,0,0,0,0,0,0,0,0,0,0,0,0,0,0,0,0,0,0,0,0.272,0,0,0,0,0,0,0,0,0,0,0,0,0,0,0,0,0,0,0,0,0,0,0,0,0,0,0,0,0,0,0,0,0,0,0,0,0,0,0,0,0,0,0,0,0,0,0,0,0,0,0,0,0,0,0,0,0,0,0,0,0,0,0,0,0,0,0,0,0,0,0,0,0,0,0,0,0,0,0,0,0,0,0,0,0,0,0,0,0,0,0,0,0,0,0,0,0,0,0,0,0,0,0,0,0,0,0,0,0,0,0,0,0,0,0,0,0,0,0,0,0,0,0,0,0,0,0,0,0,0,0,0,0,0,0,0,0,0,0,0,0,0,0,0,0,0,0,0,0,0,0,0,0,0,0,0,0,0,0,0,0,0,0,0,0,0,0,0,0,0,0,0,0,0,0,0,0,0,0,0,0,0,0,0,0.192,0,0,0,0,0,0,0,0,0,0,0,0,0,0,0,0,0,0,0,0,0,0,0,0,0,0,0,0,0,0,0,0,0,0,0,0,0,0,0,0,0,0,0,0,0,0,0,0,0,0,0,0,0,0,0,0,0.698,0,0,0,0,0,0,0,0,0,0,0,0,0,0,0,0,0,0,0,0,0,0,0,0,0,0,0,0,0,0,0,0,0,0,0,0,0,0,0,0,0,0,0,0,0,0,0,0,0,0,0,0,0,0,0,0,0,0,0,0,0,0,0,0,0,0,0,0,0,0,0,0,0,0,0,0,0,0,0,0,0,0,0,0,0,0,0,0,0,0,0,0,0,0,0,0,0,0,0,0,0,0,0,0,0,0,0,0,0,0,0,0,0,0.213,0,0,0,0,0,0,0,0,0,0,0,0,0,0,0,0,0,0,0,0,0,0,0,0,0.354,0,0,0,0,0,0,0,0,0,0,0,0,0,0,0,0,0,0,0,0,0,0,0,0,0,0,0,0,0,0,0,0,0,0,0,0,0,0.394,0,0,0,0,0,0,0,0,0,0,0,0,0,0,0,0,0,0,0,0,0,0,0,0,0,0,0,0,0,0,0,0,0,0,0.207,0,0,0,0,0,0,0,0,0,0,0,0,0,0,0,0,0,0,0,0,0,0,0,0,0,0,0,0,0,0,0,0,0,0,0,0,0,0,0.227,0,0,0,0,0,0,0,0,0,0.337,0,0,0,0,0,0,0,0,0,0,0,0,0,0,0,0,0,0,0,0,0,0,0,0,0,0,0,0,0,0,0,0,0,0,0,0,0,0,0,0,0,0,0,0,0,0,0,0,0,0,0,0,0,0,0,0,0,0,0,0,0,0,0,0,0,0,0,0,0,0,0,0,0,0,0,0,0,0,0,0,0,0,0,0,0,0,0,0,0,0,0,0,0,0,0,0,0,0,0,0,0,0,0,0,0,0,0,0,0,0,0,0,0,0,0,0,0,0,0,0,0,0.534,0,0,0,0,0,0.61,0,0,0,0,0,0,0,0,0.396,0,0,0,0,0,0,0,0,0,0,0,0,0,0,0,0,0,0,0,0,0,0,0,0,0,0,0,0,0,0,0,0,0,0,0,0,0,0,0,0,0,0,0,0,0,0,0,0,0,0,0,0,0,0,0,0,0,0,0,0,0,0,0,0,0,0,0,0,0,0,0,0,0,0,0,0,0,0,0,0,0,0,0,0,0,0,0,0,0,0,0,0,0,0,0,0,0,0,0.201,0,0,0,0,0,0,0,0,0,0,0,0,0,0,0,0,0,0,0,0,0,0,0,0,0,0,0,0,0,0,0,0,0,0,0.29,0,0,0,0,0,0,0,0,0,0,0,0,0,0,0,0,0,0,0,0,0,0,0,0,0,0,0,0,0,0,0,0,0,0,0,0,0,0,0,0,0,0,0,0,0,0,0,0,0,0,0,0,0.396,0,0,0,0,0,0,0,0,0,0,0,0,0,0,0,0,0,0,0,0,0,0,0,0,0,0,0,0,0,0,0,0,0,0,0,0,0,0,0,0.237,0,0,0,0,0,0,0,0,0,0,0,0,0,0,0,0,0,0,0.194,0,0,0,0,0,0,0,0,0,0,0,0,0,0,0,0,0,0,0,0,0,0,0,0,0,0,0,0,0,0,0,0,0,0,0,0,0,0,0,0,0,0,0,0,0,0,0,0,0,0,0,0,0,0,0,0,0,0,0,0,0,0,0,0,0,0,0,0,0,0,0,0,0,0,0,0,0,0,0,0,0,0,0,0,0,0,0,0,0,0,0,0,0,0,0,0,0,0,0,0,0,0,0,0,0,0,0,0,0,0,0,0,0,0,0,0,0,0,0,0,0,0,0,0,0,0,0,0,0,0,0,0,0,0,0,0,0,0,0,0,0,0,0,0,0,0,0,0,0,0,0,0,0,0,0,0,0,0,0,0,0,0,0,0,0,0,0,0,0,0,0,0,0,0,0,0,0,0,0,0,0,0,0,0,0,0,0,0,0,0,0,0,0,0,0,0,0,0,0,0,0,0,0,0,0,0,0,0,0,0,0,0,0,0,0,0,0,0,0,0,0,0,0,0,0,0,0,0,0,0,0,0,0,0,0,0,0,0,0,0,0,0,0,0,0,0,0,0,0,0,0,0,0,0,0,0,0,0,0,0,0,0,0,0,0,0,0,0,0,0,0,0,0,0,0,0,0,0,0,0,0,0,0,0.297,0,0,0,0,0,0,0,0,0,0,0,0,0,0,0,0,0,0,0,0,0,0,0,0,0,0,0,0,0,0,0,0,0,0,0,0,0,0,0,0,0,0,0,0,0,0,0,0,0,0,0.53,0,0,0,0,0,0,0,0,0,0,0,0,0,0,0,0,0,0,0.68,0,0,0,0,0,0,0,0,0,0,0,0,0,0,0,0,0,0,0,0,0,0,0,0,0,0,0,0,0,0,0,0,0,0,0,0,0,0,0,0,0,0,0,0,0,0,0,0,0,0,0,0,0
855086,0,0,0,0,0,0,0,0,0.216,0,0,0,0,0,0,0,0,0,0,0,0,0,0,0,0,0,0,0,0,0,0,0,0,0,0,0,0,0,0,0,0,0,0,0,0,0,0,0,0,0.198,0,0,0,0,0,0,0,0,0,0,0,0,0,0,0,0,0,0,0.198,0,0,0.284,0,0,0,0,0,0,0,0,0,0,0,0,0,0,0,0,0,0,0,0,0,0,0,0,0,0,0,0,0,0,0,0,0,0,0,0,0,0,0,0,0,0,0,0,0,0,0,0,0,0,0,0,0,0,0,0,0,0,0,0,0,0,0,0,0,0,0,0,0,0,0,0,0,0,0,0,0,0,0,0,0,0,0,0,0,0,0,0,0,0,0,0,0,0,0,0,0,0,0,0,0,0,0,0,0,0,0,0,0,0,0,0,0,0,0,0,0,0,0,0,0,0,0,0,0,0,0,0,0,0,0.171,0,0,0,0,0,0,0,0,0,0,0,0,0,0,0,0,0,0,0,0,0,0,0,0,0,0,0,0,0,0,0,0,0,0,0,0,0,0,0,0,0,0,0,0,0,0,0,0,0,0,0,0,0,0,0,0,0,0,0,0,0,0,0,0,0,0,0,0,0,0,0,0,0,0,0,0,0,0,0,0,0,0,0,0,0,0,0,0,0,0,0,0,0,0,0,0,0,0,0,0,0,0,0,0,0,0,0,0,0,0,0,0,0,0,0,0,0,0,0,0,0,0,0,0,0,0,0,0,0,0,0,0,0,0,0,0,0,0.586,0,0,0,0,0,0,0,0,0,0,0,0,0,0,0,0,0,0,0,0,0,0,0,0,0,0,0,0,0,0,0,0,0,0,0,0,0,0,0,0,0,0,0,0,0,0,0,0,0,0,0,0,0,0,0,0,0,0,0,0,0.552,0,0,0,0,0,0,0,0,0,0,0,0,0,0,0,0,0,0,0,0,0,0,0,0,0.22,0,0,0,0,0,0,0,0,0,0,0,0,0,0,0,0,0,0,0,0.447,0,0,0,0,0,0,0,0,0,0,0,0,0,0,0,0,0,0,0,0,0,0,0,0,0,0,0,0,0,0,0,0,0,0,0,0,0,0,0,0,0,0,0,0,0,0,0,0,0,0,0,0,0,0,0,0,0,0,0,0,0,0,0,0,0,0,0,0,0,0,0,0,0,0,0,0,0,0,0,0,0,0,0,0,0,0,0,0,0,0,0,0,0,0,0,0,0,0,0,0,0,0,0,0,0,0,0,0,0,0,0,0,0,0,0,0,0,0,0,0,0,0,0.167,0,0,0,0,0,0,0,0,0,0,0,0,0,0,0,0,0,0,0,0,0,0,0,0,0,0,0,0,0,0,0,0,0,0,0,0,0,0,0,0,0,0,0,0,0,0,0,0,0,0,0,0,0,0,0,0,0,0,0,0,0,0,0,0,0,0,0,0,0,0,0,0,0,0,0,0,0,0,0,0,0,0,0,0,0,0,0,0,0,0,0,0,0,0,0,0.171,0,0,0,0.379,0,0,0,0,0,0,0,0,0,0,0,0,0,0,0,0,0,0,0,0,0,0,0,0,0,0,0,0,0,0,0,0,0,0,0.167,0,0,0,0,0.903,0,0,0,0,0,0.299,0,0,0,0,0,0,0,0,0,0,0,0,0,0,0,0,0,0,0,0,0,0,0,0,0,0,0,0,0,0,0,0,0,0,0,0,0,0,0,0,0,0,0,0,0,0,0,0,0,0,0,0,0,0,0,0,0,0,0,0,0,0,0,0,0,0,0,0,0,0,0,0,0,0,0,0,0,0,0,0,0,0,0,0,0,0,0,0,0,0,0,0,0,0,0,0,0,0,0.286,0,0,0,0,0,0,0,0,0,0,0,0,0,0,0,0,0,0,0,0,0,0,0,0,0,0.288,0,0,0,0,0,0,0,0,0,0,0,0,0,0,0,0,0,0,0,0,0,0,0,0,0,0,0,0,0,0,0,0,0,0,0,0,0,0,0,0,0,0,0,0,0,0,0,0,0,0,0,0,0,0,0,0,0,0,0,0,0,0,0,0,0,0,0,0,0,0,0,0,0,0,0,0,0,0,0,0,0,0,0,0,0,0,0,0,0,0,0,0,0,0,0,0,0,0,0,0,0,0,0,0,0,0,0,0,0,0,0,0,0,0,0,0,0,0,0,0,0,0,0,0,0,0,0,0,0,0,0,0,0,0,0,0,0,0,0,0,0,0,0,0,0,0,0,0,0,0,0,0,0,0,0,0,0,0,0,0,0,0,0,0,0,0,0,0,0,0,0,0,0,0,0,0,0,0,0,0,0,0,0,0,0,0,0,0,0,0,0,0,0,0,0,0,0,0,0,0,0,0,0,0,0,0,0,0,0,0,0,0,0,0,0,0,0,0,0,0,0,0,0,0,0,0,0,0,0,0,0,0,0,0,0,0,0,0,0,0,0,0,0,0,0,0,0,0,0,0,0,0,0,0,0,0,0,0,0,0,0,0,0,0,0,0,0,0,0,0,0,0.446,0,0,0,0,0,0,0,0,0,0,0,0,0,0,0,0,0,0,0,0,0,0,0,0,0,0,0,0,0,0,0,0,0,0,0,0,0,0,0,0,0,0,0,0,0,0,0,0,0,0,0,0,0,0,0,0,0,0,0,0,0,0,0,0,0,0,0,0,0,0,0,0,0,0,0,0,0,0,0,0,0,0,0,0,0,0,0,0,0,0,0,0,0,0,0,0,0,0,0,0,0,0,0,0,0,0,0,0,0,0,0,0,0,0,0,0,0,0,0,0,0,0,0,0,0,0,0,0,0,0,0,0,0,0,0,0,0,0,0,0,0,0,0,0,0,0,0,0,0,0,0,0,0,0,0,0,0,0,0,0,0,0,0,0,0,0,0,0,0,0,0,0,0,0,0,0,0,0,0,0,0,0,0,0,0,0,0,0,0,0,0,0,0,0,0,0,0,0,0.169,0,0,0,0,0,0,0,0,0,0,0,0,0,0,0,0,0,0,0,0,0,0,0,0,0,0,0,0,0,0,0,0,0,0,0,0,0,0,0,0,0,0,0,0,0,0,0,0,0,0,0,0,0,0,0,0,0,0,0,0,0,0,0,0,0,0,0,0,0,0,0,0,0,0,0,0,0,0,0,0,0,0,0,0,0,0,0,0,0,0,0,0,0,0,0,0,0,0,0,0,0,0,0,0,0,0,0,0,0,0,0,0,0,0,0,0,0,0,0,0,0,0,0,0,0,0,0,0,0,0,0,0,0,0,0,0,0,0,0,0,0,0,0.213,0,0,0,0,0,0,0,0,0,0,0,0,0.209,0,0,0,0,0,0,0,0,0,0,0,0,0,0,0,0,0,0,0,0,0,0,0,0,0,0,0,0,0,0,0,0,0,0,0,0,0,0,0,0,0,0,0,0,0,0,0,0,0,0,0,0,0,0,0,0,0,0,0,0,0,0,0,0,0,0,0,0,0,0,0,0,0,0,0,0,0,0,0,0,0,0,0,0,0,0,0,0,0,0,0,0,0,0,0,0,0,0,0,0,0,0,0,0,0,0,0,0,0,0,0,0,0,0,0,0,0,0,0,0,0,0,0,0,0,0,0.209,0,0,0,0,0,0,0,0,0,0,0,0,0.218,0,0,0,0,0,0,0,0,0,0,0,0,0,0,0,0,0,0,0,0,0,0,0.218,0,0,0,0.28,0,0,0,0,0,0,0,0,0,0,0,0,0,0,0,0,0,0,0,0,0,0,0,0,0,0,0,0,0,0,0,0,0,0,0,0,0,0,0,0,0,0,0,0,0,0,0,0,0,0,0,0,0,0,0,0,0,0,0,0,0,0,0.198,0,0,0,0,0,0,0,0,0,0,0,0,0,0,0.228,0,0,0,0,0,0,0,0,0,0,0,0,0,0,0,0,0.209,0,0,0,0,0,0,0,0,0,0,0,0,0,0,0,0,0,0,0,0,0,0,0,0,0,0,0,0,0,0,0,0,0,0,0,0,0,0,0.2,0,0,0,0,0,0,0,0,0,0,0,0,0,0,0,0,0,0,0.21,0,0,0,0,0,0,0,0,0,0,0,0,0,0,0,0,0,0,0,0,0,0,0,0,0,0.299,0,0,0,0,0,0,0,0,0.374,0,0,0,0,0,0,0,0,0,0,0,0,0,0,0,0,0,0,0,0,0,0,0,0,0,0,0,0,0,0,0,0,0,0,0,0,0,0,0,0.286,0,0,0,0,0,0,0,0,0,0,0,0,0,0.288,0,0,0.228,0,0,0,0,0,0,0,0,0,0,0,0,0,0,0,0,0,0,0,0,0,0,0,0,0,0,0,0,0,0,0,0,0,0,0,0,0,0,0,0,0,0,0,0,0,0,0,0,0,0,0,0,0,0,0,0,0,0,0.288,0,0,0,0,0,0,0,0,0,0,0,0,0,0,0,0,0,0,0,0,0,0,0,0,0,0,0,0,0,0,0,0,0,0,0,0,0,0,0,0,0,0,0,0,0,0,0,0,0,0,0,0,0,0,0,0,0,0,0,0,0,0,0,0,0,0,0,0,0,0,0,0,0,0,0,0,0,0,0,0,0,0,0,0,0,0,0,0,0,0,0,0,0,0,0,0,0,0,0,0,0,0,0,0,0,0,0,0,0,0,0,0,0,0,0,0,0,0,0,0,0,0,0,0,0,0,0,0,0,0,0,0,0,0,0,0,0,0,0,0,0,0,0,0,0,0,0,0,0,0,0,0,0,0,0,0,0,0,0,0,0,0,0,0,0,0,0,0,0,0,0,0,0,0,0,0,0.189,0,0,0,0,0,0,0,0,0,0,0,0,0,0,0,0,0,0,0,0,0,0,0,0,0,0,0,0,0,0,0,0,0,0,0,0,0,0,0,0,0,0,0,0,0.372,0,0,0,0,0,0,0,0,0,0,0,0,0,0,0,0,0,0,0,0,0,0,0,0,0,0,0,0,0,0,0,0,0,0,0,0,0,0,0,0,0,0,0,0,0,0,0,0,0,0,0,0,0,0,0,0,0,0,0,0,0,0,0,0,0,0,0,0,0,0,0,0,0,0,0,0,0,0,0,0,0,0,0,0,0,0,0,0,0,0,0,0,0,0,0,0,0,0,0,0,0,0,0,0,0,0,0,0,0,0,0,0,0,0,0,0,0,0,0,0,0,0,0,0,0,0,0,0,0,0,0,0,0,0,0,0,0,0,0,0,0,0,0,0,0,0,0,0,0,0,0,0,0,0,0,0,0,0,0,0,0,0,0,0,0,0,0,0,0,0,0,0,0,0,0,0,0,0,0,0,0,0,0,0,0,0,0,0,0,0,0,0,0,0,0,0,0,0,0,0,0,0,0,0,0,0,0,0,0,0,0,0,0,0,0,0,0,0,0,0,0,0,0,0,0,0,0,0,0,0,0,0,0,0,0,0,0,0,0,0,0,0,0,0,0,0,0,0,0,0,0,0,0,0,0,0,0,0,0,0,0,0,0,0,0,0,0,0,0,0,0,0,0,0,0,0,0,0,0,0,0,0,0,0,0,0,0,0,0,0,0,0.244,0,0,0,0,0,0,0,0,0,0,0,0,0.173,0,0,0,0,0,0,0,0,0,0,0,0,0.282,0,0,0,0,0,0,0,0,0,0,0,0,0,0,0,0,0,0,0,0,0,0,0.481,0,0,0,0,0,0,0,0,0,0,0,0,0,0,0,0,0,0,0,0,0.198,0,0,0,0,0,0,0,0,0,0,0,0,0,0,0,0,0,0,0,0,0,0,0,0,0,0,0,0,0,0,0,0,0,0,0,0,0,0.199,0,0,0,0,0,0,0,0,0,0,0,0,0,0,0,0,0,0,0,0,0,0,0,0,0,0,0,0,0,0,0,0,0,0,0,0,0,0,0,0,0,0,0,0,0,0,0,0,0,0,0,0,0,0,0,0,0,0,0,0,0,0,0,0,0,0,0,0,0,0,0,0,0,0,0,0,0,0,0,0,0,0,0,0,0,0,0,0,0,0,0,0,0,0,0,0,0,0,0,0,0,0,0,0,0,0,0,0,0,0,0,0,0,0,0,0,0,0,0,0,0,0,0,0,0,0,0,0,0,0,0,0,0,0,0,0,0,0,0,0,0,0,0,0,0,0,0,0,0,0,0,0,0,0,0,0,0,0,0,0,0,0,0,0.288,0,0,0,0,0,0,0,0,0,0,0,0,0,0,0,0,0,0,0,0,0,0,0,0,0,0,0,0,0,0,0.286,0,0,0,0,0,0,0,0,0,0,0,0,0,0,0,0,0,0,0,0,0,0.373,0,0,0,0,0,0,0,0,0,0,0,0,0,0,0,0,0,0,0,0.228,0,0,0,0,0,0,0,0,0,0,0.218,0,0,0.292,0.333,0,0,0,0,0,0,0,0,0,0,0.29,0,0,0,0,0,0,0,0,0,0,0,0,0,0,0,0.22,0,0.282,0,0,0,0,0,0,0,0,0,0,0,0,0.272,0,0,0,0,0,0,0,0,0,0,0,0,0.346,0,0,0.31,0,0,0,0.282,0,0,0,0,0,0,0,0,0,0,0,0,0,0,0,0,0,0,0,0,0,0,0,0,0,0,0,0,0,0,0,0,0,0,0,0,0,0,0,0,0,0,0,0,0,0,0,0,0,0,0,0,0,0,0,0,0.585,0,0,0,0,0,0.293,0,0,0,0,0,0,0,0,0,0,0,0,0,0,0,0,0,0,0,0,0,0,0,0,0,0,0,0,0,0,0,0,0,0,0,0,0,0,0,0,0,0,0,0,0,0,0,0,0,0,0,0,0,0,0,0,0,0,0,0,0,0,0,0,0,0,0,0,0,0,0,0,0,0,0,0,0,0,0,0,0,0,0,0,0,0,0,0,0,0,0,0,0,0,0,0,0,0,0,0.28,0,0,0,0,0,0,0,0,0,0,0,0,0,0,0,0,0,0,0,0,0,0,0,0,0,0,0,0.309,0,0,0,0,0,0,0,0,0,0,0,0,0,0,0,0,0,0,0,0,0,0,0,0,0,0,0,0,0,0,0,0,0,0,0,0,0,0,0,0,0,0,0,0,0,0,0,0,0,0,0,0,0,0,0,0,0,0,0,0,0,0,0,0,0,0,0,0,0,0,0,0,0,0,0,0,0,0,0,0,0,0,0,0,0,0,0,0,0,0,0,0,0,0,0,0.218,0,0,0,0,0,0,0,0,0,0,0,0,0,0,0,0,0,0,0,0,0,0.161,0.217,0,0,0,0,0,0,0,0,0,0,0,0,0,0,0,0,0,0,0,0,0.28,0,0,0,0,0.539,0,0,0,0,0,0,0,0,0,0,0,0,0,0,0,0,0,0,0,0,0,0,0,0,0,0,0,0,0,0,0,0,0,0,0,0,0,0,0,0,0,0,0,0.186,0,0,0,0,0,0,0,0,0,0,0,0,0,0,0,0,0,0,0,0,0,0.29,0,0,0.578,0,0.356,0.193,0,0,0,0.194,0,0,0,0,0,0,0,0,0,0,0,0,0,0,0,0.29,0.258,0,0,0,0,0,0,0,0,0,0,0,0,0,0,0,0,0,0,0,0,0,0,0,0,0,0,0,0,0,0,0,0,0,0,0,0,0,0,0,0,0,0,0,0,0,0,0,0,0,0,0,0,0,0,0,0,0,0,0,0,0,0,0,0,0,0,0,0,0,0,0,0,0,0,0,0,0,0,0,0,0,0,0,0,0,0,0,0,0,0,0,0,0.193,0,0,0,0,0,0,0,0,0,0,0,0,0,0,0,0,0,0,0,0,0,0,0,0,0,0,0,0,0,0,0,0,0,0,0,0,0,0,0,0,0,0,0,0,0,0,0,0,0,0,0,0,0,0,0,0,0,0,0,0,0,0,0,0,0,0,0,0,0,0,0,0,0,0,0,0,0,0,0,0,0,0,0,0,0,0,0,0,0,0,0,0,0,0,0,0,0,0,0,0,0,0,0,0,0,0,0,0,0,0,0,0,0,0,0,0,0,0,0,0,0,0,0,0,0,0,0,0,0,0,0,0,0,0,0,0,0,0,0,0.25,0,0,0,0,0,0,0.203,0,0,0,0,0,0,0,0,0,0,0,0,0.192,0,0,0,0,0,0,0,0,0,0,0,0,0,0,0,0,0.171,0,0,0,0,0,0,0.38,0,0,0,0,0,0,0,0,0,0,0,0,0,0,0,0,0,0,0,0,0,0,0,0,0,0,0,0,0,0,0,0,0,0,0,0,0,0,0,0,0,0,0,0,0,0,0,0,0,0,0,0,0,0,0,0,0,0,0,0,0,0,0,0,0,0,0,0,0,0,0,0,0,0,0,0,0,0,0,0,0,0,0,0,0,0,0,0,0,0,0,0,0,0,0,0,0,0,0,0,0,0,0,0,0,0,0,0,0,0,0,0,0,0,0,0,0,0,0,0,0,0,0,0.359,0,0,0,0,0,0,0,0,0,0,0,0,0,0,0,0,0,0,0,0,0,0,0,0,0,0.29,0,0,0,0,0,0,0,0,0,0,0,0,0,0,0,0,0,0,0,0,0,0,0,0,0,0,0,0,0,0,0,0,0,0,0,0,0,0,0.202,0,0,0,0,0,0,0,0,0,0,0,0,0.167,0,0,0,0,0,0,0,0,0,0,0,0,0,0,0,0,0,0,0,0,0,0.176,0,0,0,0,0,0,0,0.198,0,0,0,0,0,0,0,0,0,0,0.192,0,0,0,0,0,0,0,0,0,0,0,0,0,0,0,0,0,0,0,0,0,0,0,0,0,0,0,0,0.288,0,0,0,0,0,0,0,0,0,0,0,0,0,0,0,0,0,0,0,0,0,0,0,0,0,0,0,0,0,0,0,0,0,0,0,0,0,0,0.286,0,0,0,0,0,0,0,0,0,0.217,0,0,0,0,0,0,0,0,0,0,0,0,0,0,0,0,0,0,0,0,0,0,0,0,0,0,0,0,0,0,0,0,0,0,0,0,0,0,0,0,0,0,0,0,0,0,0,0,0,0,0,0.276,0,0,0,0,0,0,0,0.29,0,0,0,0,0.29,0,0,0,0,0,0,0,0,0,0,0,0,0,0.171,0,0,0,0,0,0,0,0,0,0,0,0,0,0.288,0,0,0,0,0,0,0,0,0,0,0,0,0,0,0,0,0,0,0,0,0,0,0,0,0,0,0,0,0,0,0,0,0,0.204,0,0,0.237,0,0,0,0,0,0,0.718,0,0,0.264,0,0,0,0,0,0,0,0,0,0,0,0,0,0,0,0,0,0,0,0,0,0,0,0,0,0,0,0,0,0,0,0,0,0,0,0,0,0,0,0,0,0,0,0,0,0,0,0,0,0,0,0,0,0,0,0,0,0,0,0,0,0,0,0,0,0,0,0,0,0,0,0,0,0,0,0,0,0,0,0,0,0,0,0,0,0,0,0,0,0,0,0,0,0,0,0,0,0,0,0,0,0,0,0,0,0,0.374,0,0.23,0,0,0,0,0,0,0,0,0,0,0.553,0,0.293,0,0,0,0,0,0,0,0,0,0,0,0,0,0,0,0,0,0,0,0,0,0,0,0,0,0,0,0,0,0,0,0,0,0,0,0,0,0,0,0,0,0,0,0,0,0,0,0.26,0,0,0,0,0,0,0,0,0,0,0,0,0.284,0,0,0,0,0,0,0,0,0,0,0,0,0,0,0,0,0,0,0,0,0,0,0,0,0,0,0,0,0,0,0,0,0,0,0,0,0,0,0,0,0,0,0,0,0,0.394,0,0,0,0
856175,0,0,0,0,0,0,0.26,0,0,0,0,0,0,0,0,0,0,0,0,0,0,0,0,0,0,0.38,0,0,0,0,0,0,0,0,0,0,0,0.162,0,0,0,0,0,0,0,0,0,0,0,0,0,0,0,0,0.162,0,0,0,0,0,0,0,0,0,0,0,0,0,0,0,0.355,0,0,0,0,0,0,0,0,0,0,0,0,0,0,0,0,0,0,0,0,0,0.164,0,0,0,0,0,0,0,0,0,0,0,0,0,0,0,0,0,0,0,0,0,0.289,0,0,0,0,0,0,0,0,0,0,0,0,0,0,0,0,0,0,0,0,0,0,0,0,0,0,0,0,0,0,0,0,0.789,0,0,0.342,0,0.394,0,0,0,0,0,0,0,0,0,0,0,0,0,0,0,0,0,0,0,0,0,0,0,0,0,0,0,0,0,0,0,0,0,0.16,0,0,0,0,0,0,0,0,0.196,0,0,0,0,0,0,0,0,0,0.184,0,0,0,0,0,0,0.334,0,0,0,0,0,0,0,0,0,0.402,0,0,0,0,0,0,0,0.205,0,0,0,0.636,0,0.266,0,0,0,0,0,0,0,0,0,0,0,0.215,0,0,0,0,0,0,0,0,0,0,0,0,0,0.193,0,0,0,0,0,0.892,0,0,0,0,0,0,0.341,0,0,0,0,0,0,0,0,0,0,0,0,0,0,0,0,0,0,0,0,0,0.185,0,0.169,0,0,0,0,0,0,0,0,0,0,0,0,0,0,0.341,0,0.237,0,0,0,0,0,0,0,0,0,0.165,0,0,0,0,0,0,0,0,0,0,0,0,0,0,0.547,0,0.458,0,0,0,0,0,0,0,0,0,0,0,0,0,0,0,0,0,0,0,0,0,0,0,0,0,0,0.606,0,0,0,0,0,0,0,0,0,0,0,0,0,0,0,0.15,0,0,0,0,0,0,0,0,0.158,0,0,0,0,0,0,0,0.159,0,0,0,0,0,0.207,0.53,0,0,0,0,0,0,0,0,0,0,0,0.223,0,0,0,0,0,0,0,0,0,0,0,0.379,0,0,0,0,0,0,0.154,0,0.175,0.275,0,0,0,0,0,0,0,0,0,0,0.276,0,0,0,0,0,0.34,0,0,0,0,0,0.234,0,0,0,0,0,0,0,0,0.298,0,0,0,0,0.355,0,0.169,0,0,0,0.154,0,0,0,0,0,0,0,0,0,0,0,0,0,0,0,0,0,0,0,0,0.247,0,0,0.239,0,0,0.408,0.202,0,0,0,0,0,0,0,0,0,0,0,0,0,0,0.297,0,0,0,0,0,0,0.943,0,0,0,0,0,0,0,0,0,0,0.237,0,0,0,0,0,0,0,0,0,0,0,0,0,0,0,0,0,0,0.205,0.41,0,0,0,0,0,0,0,0,0,0,0,0,0,0,0,0,0.249,0.19,0,0,0,0,0,0,0,0,0,0,0,0,0,0.211,0,0,0,0,0,0,0,0,0,0,0,0,0,0,0,0.228,0.163,0.946,0,0,0,0,0,0.154,0,0,0,0,0,0,0,0,0,0,0,0,0,0,0,0,0.391,0,0,0,0.159,0,0,0,0,0,0,0,0,0.293,0,0,0.164,0,0,0,0,0,0,0,0,0,0,0,0,0,0,0,0,0,0,0,0,0,0,0,0,0,0,0,0,0.193,0,0,0,0.185,0,0,0,0,0,0,0,0,0,0,0,0,0,0.192,0,0,0,0,0,0,0,0,0,0,0,0,0,0,0,0,0,0,0,0,0,0,0,0,0,0,0,0,0,0,0,0,0,0,0,0,0.421,0.61,0,0.182,0,0,0,0,0.15,0,0,0,0,0,0,0,0,0,0,0,0.303,0,0.926,0,0,0,0,0,0,0,0,0,0.209,0,0,0,0,0,0,0,0,0,0,0,0.199,0,0,0,0,0,0,0.856,0,0,0,0,0,0,0,0,0.238,0.39,0.185,0,0,0,0,0,0,0.785,0,0,0,0,0,0.373,0,0,0,0,0,0,0,0.239,0.299,0,0,0,0,0,0,0.15,0,0,0,0,0.199,0,0,0,0.838,0,0,0,0,0.343,0,0,0,0,0,0,0,0,0,0,0.229,0.194,0,0,0,0.223,0,0,0,0,0,0,0.152,0,0,0,0,0.198,0,0,0,0,0,0.176,0,0,0,0,0,0,0,0,0,0,0,0,0,0,0,0.207,0,0,0.154,0.162,0,0.319,0,0,0,0,0,0,0,0.154,0,0,0,0,0,0,0,0,0,0,0,0,0,0,0,0,0,0,0,0,0,0,0.294,0,0,0,0,0,0,0,0,0,0,0,0,0,0,0,0,0,0,0,0,0,0,0,0,0,0,0,0,0,0,0.436,0,0,0,0.21,0,0,0,0,0,0,0,0,0,0,0,0,0,0,0,0,0,0,0,0,0,0,0,0,0,0,0,0,0,0,0,0,0,0,0,0.351,0,0,0,0,0,0,0,0,0,0,0,0,0,0,0,0,0,0,0,0,0,0,0,0,0,0,0,0,0,0,0,0,0,0,0,0,0,0,0,0,0,0,0,0,0,0,0,0,0,0,0,0,0,0,0,0,0,0,0,0.27,0,0,0,0,0.206,0,0,0,0,0,0,0,0.169,0,0,0,0,0,0,0,0,0,0,0,0,0,0,0,0,0,0,0,0,0,0,0,0,0,0,0,0,0,0,0.165,0,0,0,0,0,0,0,0,0,0,0,0,0.212,0,0,0,0,0,0,0,0,0,0,0,0,0,0,0,0,0,0,0,0,0,0,0,0,0,0,0,0,0,0,0,0,0,0,0,0,0,0,0,0,0,0,0,0,0.165,0,0,0,0,0,0,0,0,0,0,0,0,0,0,0,0,0,0,0,0,0,0,0,0,0,0,0,0,0,0,0,0,0,0,0.307,0,0,0,0,0,0,0,0,0,0,0,0,0,0,0,0,0,0,0,0,0,0,0,0,0,0,0,0,0,0,0,0,0,0,0,0,0,0,0,0,0,0,0.231,0,0,0,0,0,0,0,0,0,0,0,0,0,0,0,0,0,0,0,0,0,0,0,0,0,0.791,0,0,0,0,0,0,0,0,0,0,0,0,0,0,0,0,0,0,0,0,0,0,0,0,0,0,0,0,0,0,0,0,0,0,0,0,0,0,0,0,0,0,0,0,0,0,0,0,0,0,0,0,0,0,0,0,0,0,0,0,0,0,0,0,0,0.221,0,0,0,0,0,0,0,0,0,0,0,0,0,0,0,0,0,0,0,0,0,0,0,0,0,0,0,0,0,0,0,0,0,0,0,0,0,0,0,0,0,0,0,0,0,0,0,0,0,0,0,0,0,0,0,0,0,0,0,0,0,0,0,0,0,0,0,0,0,0,0,0,0,0,0,0,0,0,0,0,0,0,0,0,0,0,0,0,0,0,0,0,0,0,0,0,0,0,0,0,0,0.157,0,0,0,0,0,0,0,0,0,0,0,0,0,0,0,0,0,0,0,0,0,0,0,0,0,0,0,0,0,0,0,0,0,0,0,0,0,0,0,0,0,0,0,0,0,0,0,0,0,0,0,0,0,0,0,0,0,0,0,0,0,0,0,0,0.191,0,0.483,0,0,0,0,0,0,0,0,0,0,0,0,0,0,0,0,0,0,0,0,0,0,0,0,0,0,0,0,0,0,0,0,0,0,0,0,0,0,0,0,0,0,0,0,0,0,0,0,0,0,0,0,0,0,0,0,0,0,0,0,0,0,0,0,0,0,0,0,0,0,0,0,0,0,0,0,0,0,0,0,0,0,0,0,0,0,0,0,0,0,0,0,0,0,0,0,0,0,0,0,0,0,0,0,0,0,0,0,0,0,0,0,0,0,0.18,0,0,0,0,0.325,0,0,0,0.167,0,0.341,0,0,0,0,0,0,0,0,0,0,0,0,0,0,0,0,0,0,0,0,0,0,0,0,0,0,0,0,0,0.491,0,0,0,0,0,0,0,0,0.493,0,0,0,0,0,0,0,0,0,0,0,0,0,0,0,0,0.34,0,0,0,0,0,0,0,0,0.165,0,0.814,0,0,0.203,0,0,0,0,0,0,0,0,0,0,0.445,0,0,0,0,0,0,0,0,0,0,0,0,0,0,0,0,0,0,0,0.509,0,0,0,0,0,0,0,0,0,0,0,0.33,0,0,0,0,0,0,0,0,0,0,0,0,0,0,0,0,0,0,0,0.16,0,0,0,0,0,0,0.962,0,0,0,0,0,0,0,0,0.206,0,0,0.216,0,0,0,0,0,0,0,0,0,0,0,0,0,0,0.154,0,0,0.208,0,0,0.299,0.154,0,0,0.205,0.201,0.445,0,0,0,0.175,0,0,0,0,0,0,0,0,0,0,0,0,0,0,0,0,0,0,0,0,0,0,0,0,0,0,0,0,0,0,0,0,0,0,0.187,0.244,0,0,0,0,0,0,0,0,0,0,0,0.15,0,0,0.67,0,0,0,0,0,0,0,0,0,0,0,0,0,0,0,0,0.987,0,0,0,0,0,0,0,0,0,0,0.964,0,0,0,0.201,0,0,0,0,0,0,0.153,0.154,0,0,0,0,0,0,0.444,0,0.268,0,0,0,0,0,0,0,0,0,0,0,0,0,0,0,0,0,0,0,0,0,0,0,0,0,0,0,0,0,0,0,0,0,0,0,0,0,0,0,0,0,0,0,0,0,0,0,0,0,0,0,0,0,0,0,0,0,0,0,0,0,0,0,0,0,0,0,0,0,0,0,0,0,0,0,0,0,0,0,0,0,0,0,0,0,0,0,0,0,0,0,0,0.251,0,0,0,0,0,0,0,0,0.328,0.164,0,0,0,0,0,0,0,0,0,0,0.227,0,0,0,0,0,0,0.994,0,0,0,0,0,0,0,0,0,0,0,0,0.522,0,0,0,0,0,0,0,0.192,0,0,0,0.194,0,0,0,0,0,0,0,0,0,0,0,0,0,0,0,0,0,0,0,0,0,0,0,0,0,0,0,0,0,0,0,0,0,0,0,0,0,0,0,0,0,0,0,0,0,0,0,0,0,0,0,0,0,0,0,0,0,0,0,0,0,0,0,0,0,0,0,0,0,0,0,0,0,0,0,0,0,0,0,0,0,0,0,0,0,0,0,0,0,0,0,0,0,0,0,0,0,0,0,0,0,0,0,0,0,0,0,0,0,0,0,0,0,0,0,0,0,0,0,0,0,0,0,0,0,0,0,0,0,0,0,0,0,0,0,0,0,0,0,0,0,0,0,0,0,0,0,0,0,0,0,0,0,0,0,0,0,0,0,0,0,0,0,0,0,0,0,0,0,0,0,0,0,0,0,0,0,0,0,0,0,0,0,0,0,0,0,0,0,0.349,0,0,0,0,0,0,0,0,0,0,0.153,0,0,0,0,0,0,0,0,0,0,0,0,0,0,0,0,0,0,0,0,0,0,0,0,0,0,0,0,0,0,0,0,0,0,0,0,0,0,0,0,0,0,0,0,0,0,0,0,0,0,0,0,0.329,0,0,0,0,0,0,0,0,0,0,0,0,0,0,0,0,0,0.502,0,0,0,0,0,0,0,0,0,0,0,0,0,0,0,0,0,0,0,0,0,0,0,0,0,0,0,0,0,0,0,0,0,0,0,0,0,0,0,0,0,0,0,0,0,0,0,0,0,0,0,0,0,0,0,0,0,0,0,0,0,0,0,0,0,0,0,0,0,0,0,0,0,0,0,0,0,0,0,0,0,0,0,0,0,0,0,0,0,0,0,0,0,0,0,0,0,0,0,0,0,0,0,0,0,0,0,0,0,0,0,0,0,0,0,0,0,0,0,0,0,0,0,0,0,0,0,0,0,0,0,0,0,0,0,0,0,0,0,0,0,0,0,0,0,0,0,0,0,0,0,0,0,0,0,0,0,0,0,0,0,0,0,0,0,0,0,0,0,0,0,0,0,0,0,0,0,0,0,0,0,0,0,0,0,0,0,0,0,0,0,0,0,0,0,0,0,0,0,0,0,0,0,0,0,0,0,0,0,0,0,0,0,0,0,0,0,0,0,0,0,0,0,0,0,0,0,0,0,0,0,0,0,0,0,0,0,0,0,0,0,0,0,0,0,0,0,0,0,0,0,0,0,0,0,0,0,0,0,0,0,0,0,0,0,0,0,0,0,0,0,0,0,0,0,0,0,0,0,0,0,0,0,0,0,0,0,0,0,0.173,0,0,0,0,0,0,0,0,0,0,0,0,0,0,0,0,0,0,0,0,0,0,0,0,0,0,0,0,0,0,0,0,0,0,0,0,0,0,0,0,0.17,0,0,0,0,0,0,0,0,0,0,0,0,0,0,0,0,0,0,0,0,0,0,0,0,0,0,0,0,0,0,0,0,0,0,0,0,0,0,0,0,0,0,0,0,0,0,0,0,0,0,0,0,0,0,0,0,0,0,0,0,0,0.151,0.157,0.188,0,0,0,0,0,0,0,0,0,0,0,0,0,0,0,0,0,0,0,0,0,0,0,0,0,0,0,0,0,0,0,0,0,0,0,0,0,0,0,0,0,0,0,0,0.212,0,0,0,0.223,0,0,0,0,0.169,0,0,0,0,0,0,0,0,0,0,0,0,0,0,0,0,0,0,0,0,0,0,0,0,0,0,0,0,0,0,0,0,0,0,0,0,0,0,0,0,0,0,0,0.152,0,0,0,0,0,0,0,0,0,0,0,0,0,0,0,0,0,0,0,0,0,0,0,0,0,0,0,0,0,0,0,0,0,0,0,0,0,0,0,0,0,0,0,0,0,0,0,0,0,0,0,0,0,0,0,0,0,0,0,0,0.165,0,0,0,0,0,0,0,0,0,0,0,0,0,0,0,0,0,0,0,0,0,0,0,0,0,0,0,0,0,0,0,0,0,0,0,0,0,0,0,0.184,0,0,0,0,0,0,0,0,0,0,0,0,0,0,0,0,0,0,0,0,0,0,0,0,0,0,0,0,0,0,0,0,0,0,0,0,0,0,0,0,0,0,0,0,0,0,0,0,0,0,0,0,0,0.187,0,0,0,0,0,0,0,0,0,0,0,0,0,0,0,0,0,0,0,0,0,0.173,0,0,0,0,0,0,0,0.276,0,0,0,0,0,0,0,0,0,0,0,0,0,0,0.262,0,0,0,0.39,0,0,0,0,0,0,0,0,0,0,0,0,0,0,0,0.209,0,0,0,0,0,0,0,0,0,0,0,0,0,0,0,0,0,0,0,0,0,0,0,0,0.293,0,0,0,0,0,0,0,0,0,0,0,0,0,0,0,0,0,0,0,0,0,0,0,0,0,0,0,0,0,0,0,0,0,0,0,0,0,0,0,0,0,0,0,0,0,0,0,0,0.172,0,0,0,0,0,0,0,0,0,0,0,0,0,0,0,0,0,0,0,0,0,0,0,0,0,0,0,0,0,0,0,0,0,0,0,0,0,0,0,0,0,0,0,0,0,0,0,0,0,0.161,0,0,0.15,0,0,0,0,0,0,0,0,0,0,0,0,0,0,0,0,0,0,0,0,0,0,0,0,0,0,0,0,0,0,0,0.173,0,0,0,0,0,0,0,0,0,0,0,0,0,0,0,0,0,0,0,0,0,0,0,0.217,0,0,0,0,0,0,0,0,0,0,0,0,0,0,0,0,0,0,0,0,0,0,0,0,0,0,0,0,0,0,0,0,0,0,0,0,0,0,0,0,0,0,0,0,0,0,0,0,0,0,0,0,0,0,0,0.168,0,0,0.252,0,0,0,0,0,0,0,0,0,0,0,0,0,0,0,0,0,0,0,0,0,0.31,0,0,0.25,0,0,0,0,0,0,0,0,0,0.169,0,0,0,0,0,0,0,0,0,0,0,0,0,0.406,0,0,0,0,0,0,0,0,0,0,0,0,0,0,0,0,0,0,0,0,0,0,0,0,0,0,0,0,0,0,0,0,0,0,0,0,0,0,0,0,0,0,0,0,0,0,0,0,0,0,0,0,0,0,0,0,0,0,0,0,0,0,0,0,0,0,0,0,0,0,0,0,0,0,0,0,0,0,0,0,0,0,0,0,0,0,0,0,0,0,0.22,0,0,0,0,0,0,0,0,0,0,0,0,0,0,0,0,0,0,0,0,0,0,0,0,0,0,0,0,0,0,0,0,0,0,0,0,0,0,0,0,0,0,0,0,0,0,0,0,0,0,0,0,0,0,0,0,0,0,0,0,0,0,0,0,0,0,0,0,0,0,0,0,0,0,0,0,0,0,0,0,0,0,0,0,0,0,0,0,0,0,0,0,0.175,0,0,0,0,0,0,0,0,0,0,0,0,0,0,0,0,0,0,0,0,0,0,0.152,0,0,0,0,0,0,0,0,0,0,0,0,0,0,0,0,0,0,0,0,0,0,0,0,0,0,0,0,0,0,0,0,0,0,0,0,0,0,0,0,0,0,0,0,0,0,0,0,0,0,0,0,0,0,0,0,0,0,0,0,0,0,0,0,0,0.398,0,0,0,0,0,0,0,0,0,0,0,0,0,0,0,0,0,0,0,0,0,0,0,0,0,0,0,0,0,0,0,0,0,0,0,0,0,0,0,0,0,0,0,0,0,0,0,0,0.63,0,0,0,0,0.175,0,0,0,0,0,0,0,0,0,0,0,0,0,0,0,0,0,0,0,0,0,0,0,0,0,0,0,0,0,0,0,0,0,0,0,0,0,0,0,0,0,0,0,0,0,0,0,0,0,0,0,0,0,0,0,0,0,0,0,0.157,0,0,0,0,0,0,0,0,0,0,0,0,0,0,0,0,0,0,0,0,0,0,0,0,0,0,0,0,0,0.439,0,0,0,0,0,0,0,0,0,0,0,0,0,0,0,0,0,0.151,0,0,0.356,0,0,0,0,0,0.199,0,0,0,0,0,0,0,0,0,0,0,0,0,0,0,0,0,0,0,0,0,0,0,0,0,0,0,0,0,0,0,0,0,0,0,0,0,0,0,0,0.236,0,0,0,0,0,0,0,0,0,0,0,0,0,0,0,0,0,0,0,0,0,0,0,0,0,0,0,0,0,0,0,0,0,0,0,0,0,0,0,0.684,0,0,0,0,0,0,0,0,0,0,0,0,0,0,0,0,0,0,0,0,0,0,0,0,0.15,0,0,0,0,0,0,0,0,0,0,0,0,0,0,0,0,0,0,0,0,0,0,0,0,0,0,0,0,0,0,0,0,0,0,0,0,0,0,0,0,0,0,0,0,0,0,0,0,0,0,0,0,0.188,0,0,0,0,0,0,0,0,0,0,0,0,0,0,0,0,0,0,0,0,0,0,0,0,0,0,0,0,0,0,0,0,0,0,0,0,0,0,0,0,0,0,0,0,0,0,0,0,0,0,0,0,0,0,0,0,0,0,0,0.394,0,0,0,0,0,0,0,0,0,0,0,0,0,0,0,0,0,0,0,0,0,0,0,0,0,0,0,0,0,0,0,0,0,0.176,0,0,0,0,0,0,0,0,0,0,0,0,0,0,0,0,0,0,0,0,0,0,0,0,0,0,0,0,0,0,0,0,0,0,0,0,0,0,0,0,0,0,0,0,0,0,0,0,0,0,0,0,0,0,0,0,0,0,0,0,0,0,0,0.214,0,0,0,0,0,0.297,0,0,0,0,0,0,0,0,0.176,0,0,0,0,0,0,0,0,0,0,0,0,0,0,0,0,0,0,0,0,0,0,0,0,0,0,0,0,0,0,0,0,0,0,0,0,0,0,0,0,0,0,0,0,0,0,0,0,0,0,0,0,0,0,0,0,0,0,0,0,0,0,0,0,0,0,0,0,0,0,0,0,0,0,0,0,0,0,0,0,0,0,0,0,0,0,0,0,0,0,0,0,0,0,0,0,0,0,0,0,0,0,0,0,0,0,0.154,0,0,0,0,0,0,0,0,0,0,0,0,0,0,0,0,0,0,0,0,0,0,0,0,0,0,0,0,0,0,0,0,0,0,0,0,0,0,0,0,0,0,0,0,0,0,0,0,0,0,0,0,0,0,0
856296,0.794,0,0,0,0,0,0,0,0,0,0,0,0,0,0,0,0,0,0.446,0,0,0,0.189,0,0,0.324,0,0,0,0,0,0,0,0,0,0,0,0,0,0,0,0,0,0,0,0,0,0,0,0,0,0,0,0,0,0,0,0,0,0,0,0,0,0,0,0,0,0,0,0,0,0,0,0,0,0,0.152,0,0,0,0,0.181,0,0,0,0,0,0,0.151,0,0,0,0,0,0,0,0,0,0,0,0,0,0,0,0,0,0,0,0,0,0,0,0,0,0,0,0,0,0,0,0,0,0.229,0.153,0,0,0,0,0,0,0,0,0,0,0,0,0,0,0,0,0,0.229,0,0,0,0,0.515,0,0,0,0,0,0,0,0,0,0,0,0,0,0,0,0,0,0,0,0,0,0,0,0,0,0,0,0,0,0,0,0,0,0,0,0,0,0,0,0,0,0,0,0,0.278,0,0,0,0,0,0,0,0,0,0,0,0,0,0,0,0.409,0,0,0,0,0,0,0,0,0,0,0,0,0,0.318,0,0,0,0,0,0,0,0,0.269,0.277,0,0,0,0,0.233,0,0,0,0,0.229,0,0,0,0,0,0,0,0,0.366,0,0,0,0.152,0,0,0,0,0,0,0,0.157,0,0,0,0,0,0,0,0,0.16,0,0.218,0,0,0,0,0,0,0.216,0,0,0,0,0,0,0,0,0,0,0,0,0,0,0.238,0,0,0,0,0,0,0,0,0,0,0.594,0,0,0,0,0,0.291,0,0,0.17,0,0.235,0.788,0,0,0.461,0,0,0,0,0,0.161,0,0,0,0.393,0,0,0,0,0,0,0,0,0,0,0,0,0,0,0,0.196,0,0,0,0,0,0.209,0,0,0.172,0,0,0,0,0.573,0,0,0,0,0,0,0,0,0.273,0,0,0.152,0,0,0,0,0.178,0.165,0,0,0,0,0,0,0,0,0,0,0,0,0,0,0,0.192,0,0,0,0,0,0,0,0,0.294,0,0,0,0.999,0,0,0,0,0,0,0,0.31,0.312,0.82,0,0,0,0,0.197,0,0,0,0,0,0.233,0,0.284,0,0,0,0,0,0,0,0,0,0,0,0,0,0,0,0,0,0,0,0,0,0,0,0,0,0,0,0,0,0,0.164,0,0.167,0,0.205,0,0,0,0.2,0,0,0,0,0,0,0,0,0,0,0,0,0.469,0,0,0,0,0,0,0,0,0,0,0,0.313,0,0,0,0.153,0,0,0,0,0,0,0,0,0,0,0,0,0,0,0,0.159,0,0,0,0,0,0,0,0.242,0,0,0,0,0,0,0,0,0,0,0,0,0,0,0,0,0.269,0.182,0,0.368,0.999,0,0.432,0,0.205,0,0,0.227,0,0,0,0,0,0,0,0,0,0,0,0,0,0,0.429,0.203,0,0,0,0.3,0,0,0,0.209,0,0,0,0,0,0,0,0,0.152,0,0,0,0,0,0.227,0.613,0,0,0,0,0,0,0,0,0.344,0,0,0,0,0,0,0,0,0,0,0,0,0,0,0.417,0,0,0,0,0,0,0,0,0,0,0,0,0,0,0,0,0,0,0,0,0.405,0,0.381,0.185,0,0,0,0,0,0,0,0,0,0,0,0,0,0,0,0,0,0,0.272,0,0.228,0,0,0,0.361,0,0.242,0,0,0,0,0,0,0.274,0,0,0,0,0,0,0.175,0,0,0,0.97,0,0,0,0,0,0,0,0,0,0,0,0,0,0,0.164,0,0.256,0,0,0,0,0,0,0,0,0,0,0,0,0,0,0.154,0,0,0.184,0.548,0.285,0,0.301,0,0,0,0,0,0,0.151,0,0,0,0.237,0,0.281,0,0,0,0.191,0,0,0,0,0,0,0,0,0,0,0,0,0,0,0,0,0.164,0.333,0,0,0,0,0,0,0,0,0,0,0,0,0,0.31,0,0,0,0,0,0,0,0,0,0,0,0,0,0,0,0,0,0.268,0,0.242,0,0,0.959,0.236,0,0.224,0.82,0,0,0,0,0,0,0,0.513,0,0,0,0,0,0,0,0,0.19,0,0,0,0,0,0,0,0,0,0,0,0,0,0,0,0,0,0,0,0,0,0,0.164,0,0.151,0,0.633,0.175,0,0,0,0,0,0,0,0,0,0,0,0,0,0.606,0.764,0,0,0,0,0,0.19,0,0,0.218,0,0,0.324,0.163,0,0,0.157,0,0,0.166,0.966,0.271,0,0,0,0,0,0,0,0,0,0,0,0.251,0,0.164,0,0.611,0,0,0,0,0,0,0.394,0,0,0,0,0,0,0,0,0,0,0.173,0,0,0,0,0.154,0,0,0,0,0,0,0,0,0,0,0,0,0,0,0,0,0,0.248,0,0,0.152,0,0,0.158,0,0.162,0,0,0,0,0,0,0,0.178,0,0.224,0,0.731,0,0,0,0,0,0,0,0,0,0,0,0,0,0,0.175,0.22,0,0,0,0,0,0,0,0,0,0,0,0,0,0,0,0,0,0,0,0,0,0,0,0,0,0,0,0,0,0,0,0,0,0.172,0,0,0,0,0,0,0,0,0,0,0,0,0,0,0,0,0,0,0,0,0,0,0,0,0.174,0,0,0,0,0,0,0,0,0,0,0,0,0,0,0,0,0,0,0,0,0,0,0,0,0,0,0,0.233,0,0,0,0,0,0,0,0.451,0,0,0,0,0,0,0,0,0,0,0,0,0,0.264,0,0,0,0,0,0,0.89,0,0,0,0,0,0,0,0,0,0,0,0,0,0,0.309,0,0,0,0,0,0,0,0,0,0,0,0,0,0,0,0,0,0,0,0,0,0,0,0,0,0,0,0,0,0,0,0,0,0,0,0,0,0,0,0.197,0,0,0,0,0,0,0.229,0,0,0,0,0,0,0,0,0,0,0,0,0,0,0,0,0,0,0,0,0,0,0,0.226,0,0,0,0,0,0,0,0,0,0,0,0,0,0.195,0,0,0,0,0,0,0,0,0,0,0,0,0,0,0,0,0,0,0,0,0,0,0,0,0,0,0,0,0.158,0.176,0,0,0,0,0,0,0,0,0,0.255,0.167,0,0,0,0.151,0,0,0,0,0,0,0,0,0,0,0,0,0,0,0,0.196,0,0,0,0,0,0,0,0,0,0,0,0,0,0,0,0,0,0,0,0,0,0.155,0,0,0,0,0,0,0,0,0,0,0,0,0,0,0.228,0,0,0,0,0,0,0,0,0,0,0,0,0,0.151,0,0,0,0.696,0,0,0,0,0,0,0,0,0,0.171,0,0,0,0,0,0,0,0,0,0,0,0,0,0,0,0,0,0,0,0,0.429,0,0,0,0,0,0,0,0,0,0,0,0,0,0,0,0,0,0,0.169,0.153,0,0,0,0,0,0,0,0,0,0,0,0,0,0,0,0,0,0,0,0,0,0,0,0.784,0,0.601,0,0,0,0,0,0,0,0,0,0,0,0,0,0,0,0,0,0,0,0,0,0,0,0,0,0,0.159,0.931,0,0.262,0,0,0,0,0,0,0.167,0,0.447,0,0,0,0,0,0,0,0,0,0,0,0,0,0,0,0,0,0,0,0,0,0,0,0,0,0,0,0,0,0,0,0,0,0,0,0,0,0,0,0,0,0,0,0,0,0,0,0,0,0,0,0,0,0,0,0,0,0,0.161,0,0,0,0,0,0,0,0,0,0,0,0,0,0,0,0,0,0,0,0,0,0,0,0,0,0,0,0,0,0,0,0,0,0,0,0,0,0,0,0,0,0,0,0,0,0,0,0,0,0,0,0,0,0,0,0.25,0,0,0,0,0,0,0,0,0,0,0,0,0,0,0,0,0,0,0,0,0,0,0,0,0,0,0,0,0,0,0,0,0,0,0,0,0,0,0,0,0,0,0,0,0,0,0,0,0,0,0,0,0,0,0,0,0,0,0,0,0,0,0,0,0,0,0,0,0,0.229,0,0,0,0,0,0,0,0,0,0,0,0,0,0,0,0,0,0,0,0,0,0,0,0,0,0,0,0,0,0,0,0,0,0,0,0,0,0,0,0,0,0,0,0,0.811,0,0,0,0,0,0,0,0,0,0,0,0,0,0,0,0,0,0,0,0.22,0,0,0,0,0,0,0,0,0,0,0,0,0,0,0,0,0,0,0,0,0.35,0,0,0,0,0,0,0,0,0,0,0,0,0,0,0,0.229,0,0,0,0,0,0,0,0,0,0,0,0,0,0,0,0,0,0,0,0,0,0,0,0,0,0,0,0,0,0,0,0,0,0,0,0,0,0,0,0,0,0,0,0,0.81,0.324,0,0,0,0,0,0,0,0,0,0,0,0,0,0,0,0,0,0,0,0,0,0,0,0,0,0,0,0,0,0,0,0,0,0,0,0,0,0,0,0,0,0,0,0,0,0,0,0,0,0,0,0,0,0,0,0.239,0,0,0,0,0,0,0,0,0,0,0,0,0,0,0,0,0,0,0,0,0,0,0,0,0,0,0,0,0,0,0,0,0,0,0,0,0,0,0,0,0,0,0,0,0,0,0,0,0,0,0,0,0,0,0,0,0,0,0,0,0,0,0.318,0,0,0,0,0,0,0,0,0,0,0.153,0,0,0,0,0,0,0,0,0,0,0,0.186,0.199,0,0.153,0,0,0,0,0,0,0,0,0,0,0,0,0,0,0,0,0,0,0,0,0,0,0,0,0,0,0,0,0,0,0,0,0,0,0,0,0,0,0,0.23,0,0,0,0,0,0,0,0,0,0,0,0,0,0,0,0,0,0,0,0,0,0,0,0,0,0.228,0.171,0,0,0.21,0,0.19,0,0,0,0,0,0,0,0,0,0,0,0,0,0.351,0,0.264,0,0,0,0,0,0,0,0,0.236,0,0.628,0,0,0,0,0,0,0,0,0,0,0.999,0,0,0,0,0,0.177,0,0,0,0,0.262,0,0,0,0,0,0,0,0,0,0,0,0.323,0,0,0,0,0,0,0,0,0,0,0,0,0,0.31,0,0,0,0,0,0,0,0.171,0,0,0,0,0,0.474,0,0,0,0,0,0,0,0,0,0,0,0.194,0.187,0,0,0,0,0,0,0,0,0,0,0,0,0,0,0,0,0,0,0,0,0,0.15,0,0,0,0,0,0,0,0,0,0.177,0,0,0,0,0,0,0,0,0,0,0,0,0,0,0,0,0,0,0,0,0,0,0,0,0,0,0,0,0,0,0,0,0.566,0,0.785,0,0,0,0,0,0,0,0,0,0,0,0,0,0,0,0,0,0,0,0,0,0.661,0,0,0,0,0.353,0,0,0,0,0,0,0,0,0,0,0,0,0,0,0,0,0,0,0,0,0,0,0.258,0,0,0,0,0,0,0,0,0.999,0,0,0,0,0,0,0,0,0,0,0,0,0,0,0,0,0,0,0,0,0,0,0,0,0,0,0,0,0,0,0,0,0,0,0,0,0,0,0,0,0,0,0,0,0,0.2,0,0.181,0,0,0,0,0,0,0,0,0,0,0,0,0,0,0,0.27,0,0,0,0.252,0,0,0,0,0,0,0,0.568,0,0,0,0,0,0,0,0.22,0,0.151,0,0,0,0,0,0,0,0,0,0,0.16,0,0,0,0,0,0,0,0,0,0,0,0,0,0,0,0,0,0,0,0,0,0,0,0,0,0,0,0,0.169,0,0,0,0,0,0,0,0,0,0,0,0,0,0,0,0,0,0,0,0,0,0,0,0,0,0,0,0,0,0,0,0,0.229,0,0,0,0,0,0,0,0,0,0,0,0,0,0,0,0,0,0,0,0.267,0,0,0,0.191,0,0,0,0,0,0,0,0,0,0.36,0.453,0,0,0,0,0,0.382,0,0,0,0.156,0,0.258,0,0,0,0,0,0,0,0,0,0,0,0,0,0,0,0,0,0,0,0,0,0,0,0,0,0,0,0,0,0,0,0,0,0,0,0,0,0,0,0,0,0,0,0,0,0,0,0,0,0,0,0,0,0,0,0,0,0,0,0,0,0,0,0,0,0,0,0,0,0,0,0,0,0,0,0,0,0,0,0,0,0,0,0,0,0,0,0,0,0,0,0,0,0,0,0,0,0,0,0,0,0,0,0,0,0,0,0,0,0,0,0,0,0,0,0,0,0.15,0,0,0,0.332,0,0,0,0,0,0,0,0,0,0,0,0,0,0,0,0,0,0,0,0,0,0,0,0,0,0,0,0,0,0,0,0,0,0,0,0,0,0,0,0,0,0,0,0,0,0,0.171,0,0.189,0,0.229,0,0,0,0,0,0,0,0,0,0,0,0,0,0,0,0,0.152,0,0,0,0,0,0,0.229,0,0,0,0,0,0,0.483,0,0,0,0,0,0,0,0,0.229,0,0,0,0,0,0,0,0,0,0,0,0,0,0,0,0,0,0,0,0,0,0,0.229,0,0,0,0,0,0,0,0,0,0.229,0,0,0,0,0,0,0,0,0,0,0,0,0,0,0,0,0,0,0,0,0,0,0.229,0,0,0,0,0,0.38,0,0,0,0,0,0,0,0,0,0,0,0,0,0,0,0,0,0,0,0,0,0,0,0,0,0,0,0,0,0,0,0,0,0,0,0,0,0,0,0,0,0,0,0,0,0,0,0,0,0,0,0,0,0,0,0,0,0,0,0,0,0.229,0,0,0,0,0,0,0,0,0,0,0,0.868,0,0,0,0,0,0,0,0,0,0,0,0,0,0,0,0,0,0,0,0,0,0,0,0,0,0,0,0,0,0,0,0,0,0,0,0,0,0,0,0,0,0,0,0,0,0,0,0,0,0,0,0,0,0,0,0,0,0,0,0,0,0,0,0,0,0,0,0,0,0,0,0,0,0,0,0,0,0,0,0,0,0,0,0,0,0,0,0,0.57,0,0,0,0,0,0,0,0,0.23,0,0,0,0.911,0,0,0,0,0,0.476,0,0,0,0,0,0,0,0,0,0,0,0,0,0,0,0,0,0,0,0,0,0,0,0,0,0,0.307,0,0,0.55,0,0,0,0,0,0,0,0,0,0,0,0,0,0,0,0,0,0,0,0,0,0,0.994,0,0,0,0,0,0,0,0,0,0,0,0,0,0,0,0,0,0,0,0,0,0,0,0,0,0,0,0,0,0,0,0,0,0,0.237,0,0,0,0,0,0,0,0,0,0,0,0,0,0,0,0,0,0,0,0,0,0,0,0,0,0,0,0,0,0,0,0,0,0,0,0,0,0,0,0,0,0,0,0,0,0,0,0,0,0,0,0,0,0,0,0,0,0,0,0,0,0,0,0,0,0,0,0,0,0,0,0,0,0.178,0,0,0,0,0.154,0,0,0,0,0,0,0,0,0,0,0,0,0,0,0,0,0,0,0,0,0,0,0,0,0,0,0,0,0,0,0,0.568,0,0,0.27,0,0,0.624,0,0,0,0,0,0.176,0,0,0,0,0,0,0,0,0,0,0,0,0,0.153,0,0,0,0.153,0,0.868,0,0,0,0,0,0,0,0,0,0,0,0,0,0,0,0,0,0,0,0,0,0,0.801,0,0.166,0,0,0,0,0,0,0,0,0,0,0.153,0,0,0,0,0,0,0,0,0,0,0,0,0,0.203,0.182,0,0,0,0.15,0,0,0,0,0,0,0,0,0,0,0,0,0,0,0,0,0,0.187,0,0,0,0,0,0,0,0,0,0,0,0,0,0,0,0,0,0,0,0,0,0,0,0,0,0,0,0,0,0,0,0.15,0,0,0,0,0,0,0,0,0,0,0,0,0,0,0,0,0,0,0,0,0,0,0,0,0,0,0,0,0,0,0,0,0,0,0,0,0,0,0,0,0,0,0,0,0,0,0,0,0,0.175,0.342,0,0,0,0,0,0,0,0,0,0,0,0,0,0,0,0,0,0.175,0,0,0,0,0,0,0,0,0,0,0,0,0,0.204,0,0,0,0,0,0,0,0,0,0,0,0,0,0,0,0,0,0,0,0,0,0,0,0,0,0,0.319,0,0,0,0.175,0,0,0,0,0,0,0,0.974,0,0,0,0,0,0,0,0.189,0,0,0,0,0,0,0,0,0,0,0.255,0,0,0.157,0,0,0,0,0,0,0,0,0,0.196,0,0,0,0,0.381,0,0,0,0,0,0.261,0,0,0,0,0,0,0,0,0,0,0,0.841,0,0,0,0,0,0,0,0,0,0,0,0,0,0,0,0,0,0.665,0,0.557,0,0,0,0,0.194,0,0,0,0,0,0,0,0,0,0,0,0,0,0,0,0,0.19,0,0,0,0,0,0,0,0,0,0,0,0,0,0,0,0.425,0,0,0.193,0,0,0,0.39,0,0,0,0,0,0,0,0,0,0,0,0,0,0,0,0,0,0,0,0,0,0,0,0,0,0,0,0,0,0,0,0,0,0.158,0,0,0,0,0,0,0,0,0,0,0,0,0,0,0,0,0,0,0,0,0,0.205,0,0,0,0,0,0,0,0,0,0,0,0,0,0,0,0,0,0,0,0,0,0,0,0,0,0,0,0,0,0,0,0,0,0,0,0,0,0,0,0,0,0,0,0,0,0,0,0,0,0,0,0,0,0,0,0,0,0,0,0,0,0,0,0,0,0,0,0,0,0,0,0,0,0,0,0,0,0,0,0,0,0,0,0,0,0,0,0.194,0,0,0,0,0,0,0,0,0,0,0,0,0,0,0,0,0,0,0,0,0,0.405,0,0,0,0,0,0,0,0,0,0,0,0,0,0,0,0,0,0,0,0,0,0,0,0,0,0,0.173,0,0,0,0,0,0,0,0,0,0,0,0,0,0,0,0,0,0.234,0,0,0,0,0,0,0,0,0,0,0,0,0,0,0,0,0,0,0,0,0,0.355,0,0,0,0,0.931,0,0,0,0,0,0,0,0,0,0,0,0,0,0,0.569,0.259,0,0,0,0,0,0,0,0,0,0,0,0,0,0,0,0,0,0,0,0,0,0,0,0,0,0,0,0,0,0,0,0,0,0,0,0,0,0,0,0,0,0,0,0,0,0,0,0,0,0,0,0,0,0,0,0,0,0,0,0,0,0,0,0,0,0,0,0,0,0,0,0,0,0,0,0,0,0,0,0,0,0,0,0,0,0,0,0,0,0,0,0,0,0,0,0,0,0,0,0,0,0,0,0,0,0,0,0,0,0,0,0,0,0,0,0,0,0,0,0,0,0,0,0,0,0,0,0,0,0,0,0,0,0,0,0,0,0,0,0,0,0,0,0,0,0,0,0,0,0,0,0,0,0,0,0,0,0,0,0,0,0,0,0,0,0,0,0,0,0,0,0,0,0,0,0,0,0,0,0,0,0,0,0,0,0,0,0,0,0,0,0,0,0,0,0,0,0,0,0,0,0,0,0,0,0,0,0,0,0,0,0,0,0,0,0,0,0,0,0,0,0,0,0,0,0,0,0,0,0,0,0,0,0,0,0,0,0,0,0.351,0,0,0,0,0,0,0,0,0,0,0,0,0,0,0,0,0,0,0,0,0,0.22,0,0,0,0,0,0,0,0,0,0,0,0,0,0,0,0,0,0,0,0,0,0,0,0,0,0,0,0,0,0,0,0,0,0,0,0,0,0,0,0,0,0,0,0,0,0,0,0,0,0,0,0,0,0,0,0.157,0,0,0,0,0,0,0,0,0,0,0,0,0,0,0,0,0,0,0,0.258,0,0,0.81,0,0,0,0,0,0,0,0,0,0,0,0,0,0,0,0,0,0,0,0,0,0,0,0,0,0,0,0,0,0,0,0,0,0,0,0,0,0,0,0,0,0,0,0,0,0,0,0,0,0,0,0,0,0,0,0,0,0.256,0,0,0,0,0,0,0,0,0,0,0,0,0,0,0,0,0,0,0,0,0,0,0,0,0,0,0,0,0,0,0,0,0,0,0,0,0,0,0,0,0,0,0,0,0.515,0,0,0,0,0,0,0,0,0,0,0,0,0,0,0,0,0,0,0,0,0,0,0,0,0,0,0.29,0,0,0,0,0,0,0,0,0,0,0,0,0.317,0,0,0,0,0,0,0,0,0,0,0,0,0,0,0,0,0,0,0,0,0,0,0,0,0,0,0.171,0,0,0,0,0,0,0,0,0,0,0,0.951,0,0,0,0,0,0,0,0,0,0,0,0,0,0,0,0,0,0,0,0,0,0,0,0,0,0,0,0,0,0,0,0,0,0,0,0,0,0,0,0,0,0,0,0,0,0,0,0,0,0,0,0,0,0,0,0,0
852130,0.15,0,0.54,0,0,0,0,0,0,0.233,0,0,0,0,0,0,0,0,0.178,0,0,0,0,0,0.646,0,0.438,0,0,0,0,0,0,0,0,0,0,0,0.342,0,0,0,0,0,0,0,0,0,0,0,0,0,0,0.177,0,0,0,0,0,0,0.172,0,0,0,0,0,0,0,0,0,0.207,0,0,0,0.337,0,0,0,0,0,0,0.181,0,0,0.195,0.172,0,0.258,0.223,0,0,0,0.225,0,0.192,0,0,0.19,0.216,0,0,0,0.219,0,0,0,0.172,0,0,0,0,0.231,0,0,0,0,0.196,0,0.377,0,0,0,0,0.224,0.417,0.165,0,0,0,0,0,0,0,0,0,0,0,0,0.435,0,0,0,0.994,0,0,0,0,0,0,0,0,0,0,0,0,0,0,0,0,0,0,0,0,0,0.188,0,0,0,0,0,0,0,0,0,0,0,0,0,0,0,0,0,0.269,0,0.237,0,0.175,0,0.216,0,0,0,0,0,0,0,0,0,0,0,0,0.218,0.181,0.534,0,0,0,0,0,0.437,0,0,0.273,0,0,0.152,0,0,0.204,0,0,0,0,0,0,0,0.162,0,0,0,0,0,0,0,0,0,0.266,0,0,0,0,0,0,0.35,0.154,0,0,0,0,0,0,0,0.952,0.918,0,0,0,0,0,0,0,0.175,0,0.427,0.311,0,0,0,0,0,0,0,0,0,0,0.533,0,0,0.163,0,0,0.2,0.352,0,0,0,0,0.333,0,0,0,0,0,0,0,0,0,0,0.155,0,0,0,0,0,0,0,0.585,0,0,0,0,0,0.219,0,0.533,0,0,0.228,0.201,0,0,0,0,0,0.352,0,0,0,0,0,0.196,0.263,0,0,0,0.205,0,0,0.213,0,0.251,0,0,0,0,0.369,0,0,0,0,0,0,0,0,0,0.17,0.584,0,0,0.531,0,0.204,0,0,0,0,0.253,0,0,0,0.204,0.373,0,0,0,0,0,0,0.588,0.237,0,0,0.181,0,0,0,0,0,0,0,0,0,0,0,0,0,0,0,0.186,0,0,0,0.221,0,0.462,0,0,0,0,0,0,0.172,0,0,0,0,0.181,0,0.217,0,0.172,0,0,0,0,0,0,0,0.287,0,0,0.219,0,0,0,0,0,0,0.2,0.226,0,0.278,0,0,0,0,0,0,0.266,0,0,0.209,0.352,0,0,0,0,0,0,0,0.159,0,0.157,0,0,0,0,0,0,0,0,0,0.441,0,0,0,0.166,0,0,0.28,0,0,0,0,0,0.2,0,0,0,0,0,0,0.15,0,0,0.162,0,0,0,0,0,0,0.188,0,0,0.162,0,0.216,0,0,0,0,0,0,0,0,0,0,0,0,0,0,0,0,0,0,0,0,0,0.242,0,0,0,0,0,0,0.797,0,0.343,0,0.605,0,0.177,0.153,0,0,0,0,0.2,0,0,0,0.253,0,0,0,0,0,0.165,0,0,0,0,0,0,0,0.194,0,0,0,0,0,0,0.31,0.172,0,0,0,0,0,0,0,0,0,0,0,0,0.349,0,0,0,0,0,0.47,0,0,0,0,0,0,0.232,0,0,0,0,0,0,0.179,0,0.221,0,0,0,0,0,0,0,0,0.159,0,0,0,0,0,0.29,0,0,0,0.255,0,0,0,0.181,0.4,0.16,0,0,0.917,0,0,0,0,0,0.199,0,0,0,0,0,0,0,0,0,0,0.299,0,0,0,0.168,0,0.167,0,0,0,0.19,0,0,0,0,0.38,0,0,0,0,0,0,0,0,0,0,0,0.534,0.266,0,0,0,0,0,0,0,0,0.228,0,0,0,0.162,0,0,0,0,0,0,0,0.19,0,0,0,0.226,0,0.345,0,0,0,0,0.454,0.884,0,0.177,0,0.178,0.303,0,0.216,0,0,0,0,0,0,0,0,0,0,0,0.162,0,0,0,0,0,0,0,0,0,0,0,0,0,0,0,0,0,0.178,0,0,0,0,0,0.291,0,0,0,0,0,0.906,0,0,0.305,0,0,0.231,0,0,0,0,0,0,0,0,0,0.407,0,0.664,0,0,0,0,0,0.18,0,0,0.2,0.152,0,0.996,0,0.31,0,0,0.217,0,0.16,0,0,0.276,0,0,0.179,0,0,0,0.16,0,0,0,0,0,0,0,0,0,0,0,0,0,0,0,0,0,0,0,0,0,0,0.237,0,0.323,0,0.385,0,0,0,0,0,0,0,0,0,0,0,0.237,0,0,0,0,0.204,0.914,0,0,0,0,0,0,0,0,0.487,0.464,0,0.203,0.461,0,0,0,0,0,0,0,0,0.219,0,0,0.177,0,0,0,0.2,0,0,0,0,0.202,0,0,0,0.178,0,0.204,0.9,0,0.257,0,0,0,0.263,0,0,0,0,0.621,0,0,0,0,0,0,0,0,0,0,0,0,0,0,0.396,0,0,0,0,0.198,0.289,0,0,0.159,0.266,0,0.216,0,0,0,0,0.158,0,0,0.175,0,0,0,0,0,0.667,0,0.15,0,0,0,0,0,0.314,0,0,0,0.31,0,0,0,0.321,0,0,0,0,0.258,0,0,0,0,0.483,0,0,0,0,0.242,0,0,0,0.276,0,0,0,0.984,0,0.316,0,0,0,0,0,0,0.19,0,0.25,0,0,0,0,0,0.16,0.37,0,0.25,0,0,0.771,0,0.977,0,0,0,0,0,0.171,0,0.171,0,0,0,0,0,0,0,0,0,0.258,0,0,0,0,0,0,0,0,0,0,0,0,0,0.215,0,0,0,0.182,0,0,0,0,0,0.169,0,0,0,0,0.21,0,0,0.309,0,0.15,0,0,0.156,0,0,0,0,0,0.244,0,0,0,0,0,0,0,0,0,0.216,0,0,0,0,0.166,0.179,0,0,0,0,0,0,0,0,0,0,0,0,0,0.165,0,0.288,0,0,0,0,0,0,0.231,0,0,0,0.19,0,0,0,0,0,0,0,0,0,0,0,0.236,0,0,0,0,0,0,0,0,0,0,0,0,0,0,0,0,0,0,0,0,0,0,0,0,0,0,0,0.208,0.172,0,0,0.231,0,0,0,0,0,0,0,0,0,0,0,0.498,0,0.242,0,0,0.47,0,0,0,0,0,0.242,0,0,0.306,0.17,0,0.211,0,0,0,0,0,0,0,0,0,0,0,0,0,0,0,0,0,0,0.162,0,0,0,0,0,0,0,0,0,0.255,0,0.314,0,0,0,0,0,0,0,0,0,0,0,0,0.808,0,0,0,0,0,0,0.212,0,0,0,0,0,0,0,0,0,0,0,0,0,0,0,0,0,0,0,0,0,0,0,0,0,0,0.17,0.242,0,0,0,0.169,0,0,0,0,0,0,0.157,0,0.459,0,0.263,0,0.651,0,0,0,0,0,0,0,0,0.459,0,0,0,0,0,0.297,0,0,0,0,0,0,0,0,0,0,0,0,0,0,0,0,0,0,0.205,0,0,0,0,0,0,0.157,0,0,0,0,0,0,0.323,0,0.17,0,0,0,0.226,0,0,0,0.157,0,0,0,0,0,0,0,0.297,0,0,0,0,0,0,0,0.235,0,0,0,0,0,0,0,0.523,0,0,0,0,0,0,0.169,0,0,0,0,0,0.212,0.199,0,0,0,0,0,0,0,0,0,0,0,0,0,0,0,0,0,0,0,0,0.242,0,0,0,0.162,0,0,0,0.27,0.172,0,0,0,0.231,0,0,0,0,0,0,0,0,0,0,0,0,0,0,0,0,0,0,0,0,0,0,0,0,0,0,0,0.202,0,0,0,0,0,0,0,0,0,0,0,0.188,0,0,0,0,0,0,0,0,0.255,0,0,0,0.533,0,0,0,0,0,0,0,0,0,0,0.498,0,0.176,0,0,0,0,0.178,0,0,0.272,0,0,0,0,0.295,0,0,0,0,0,0.492,0,0,0.231,0,0,0,0,0,0.187,0,0,0,0.185,0,0,0.255,0,0.297,0,0,0,0,0,0,0,0,0,0,0,0.175,0,0,0,0,0,0,0,0,0,0.507,0,0,0,0,0,0,0,0,0,0,0.915,0,0,0,0.228,0,0.528,0,0,0,0,0.924,0,0,0,0,0.484,0,0,0,0,0.261,0,0,0,0,0,0,0,0,0.441,0,0,0,0,0,0,0,0,0,0,0,0.296,0.264,0,0,0,0.155,0,0,0,0,0,0,0,0,0,0,0,0,0,0,0,0,0,0,0,0.15,0,0.18,0,0,0,0,0,0,0,0,0,0,0,0,0,0,0,0,0,0,0,0,0,0,0,0,0,0.218,0,0,0,0,0,0.314,0,0,0,0,0,0,0,0,0,0,0,0,0,0,0,0,0,0.193,0,0,0,0,0,0,0,0,0,0,0,0,0,0,0,0,0,0,0,0,0,0,0,0.271,0,0,0,0,0,0,0,0,0,0,0,0,0,0,0,0,0,0,0,0,0,0,0,0.15,0,0,0,0,0,0,0,0.18,0,0,0,0,0,0,0,0,0,0,0,0,0,0,0,0,0,0,0.169,0,0,0,0,0,0,0,0,0,0,0,0,0,0,0.222,0,0,0,0,0,0,0,0,0,0,0,0,0,0,0,0,0,0,0,0,0,0,0,0,0,0,0,0,0,0,0,0,0,0,0.181,0,0,0,0,0,0,0,0,0,0.902,0,0,0,0,0,0,0.215,0,0,0,0,0,0,0,0,0,0,0,0,0,0,0,0.177,0,0,0,0,0,0,0,0,0,0,0.16,0,0,0,0,0,0,0,0,0,0,0.234,0,0,0.188,0,0,0,0,0,0,0,0,0,0,0,0,0,0,0,0,0,0,0,0,0,0,0,0.185,0,0,0,0,0.291,0,0,0,0,0,0,0,0,0,0,0,0,0.182,0.405,0,0,0,0,0,0.162,0,0,0,0,0.175,0,0,0,0,0,0,0,0,0,0.202,0,0,0,0,0,0,0,0.193,0,0,0.172,0,0,0,0,0,0,0.211,0.167,0,0,0,0,0,0,0.22,0,0,0,0.264,0,0,0,0,0,0,0,0,0,0,0,0.161,0,0,0,0,0.295,0,0,0.177,0.213,0,0,0,0,0.18,0,0,0,0,0,0.176,0,0,0,0,0,0,0,0,0.178,0,0,0.188,0,0,0,0,0,0.31,0.182,0,0,0,0,0,0.214,0,0,0.277,0,0,0,0,0,0,0,0,0,0,0,0,0,0.176,0,0,0,0,0,0,0,0.167,0,0.256,0,0.194,0,0.176,0,0,0,0,0,0,0,0,0,0,0,0.16,0,0,0,0,0,0,0,0,0,0,0.321,0,0.157,0,0,0.326,0,0,0,0,0,0,0,0,0,0,0,0,0,0.153,0,0,0,0,0,0,0,0,0.211,0,0,0,0,0,0,0,0,0,0,0,0,0,0,0,0.29,0,0,0,0,0,0,0,0.193,0,0,0,0,0.333,0,0,0,0,0,0,0,0,0,0,0,0,0,0,0.467,0,0.756,0.552,0.212,0.33,0.176,0,0,0,0,0,0.373,0,0.664,0,0,0,0,0.205,0.738,0,0,0,0,0,0.61,0.306,0,0,0,0,0,0.628,0,0.369,0,0.152,0.275,0,0,0,0.249,0,0,0,0,0,0.655,0,0,0,0,0,0,0,0.239,0,0.218,0,0,0.393,0.29,0.99,0,0.934,0.169,0.929,0.329,0.234,0.696,0,0,0,0,0,0,0,0.997,0,0.364,0,0,0,0,0,0,0.259,0,0.312,0.929,0,0,0,0,0.258,0.644,0,0.402,0.696,0.172,0,0,0,0,0,0.222,0,0,0,0,0,0,0.219,0,0,0.163,0,0.186,0,0,0,0,0,0,0,0,0,0,0,0,0,0,0.333,0,0,0,0.153,0,0,0.197,0,0.161,0.179,0,0,0.151,0,0,0,0,0.161,0,0,0,0.372,0,0,0,0,0,0,0,0,0,0,0,0,0,0,0,0,0,0,0,0,0.276,0,0.297,0,0,0,0,0,0,0.192,0,0,0,0.91,0,0,0.225,0.195,0.219,0.181,0,0,0,0,0.277,0,0,0,0,0,0,0.189,0,0,0,0.15,0.276,0.388,0.154,0,0,0,0,0,0,0.191,0,0,0,0.197,0,0,0,0,0,0,0,0,0,0,0,0,0,0,0,0,0,0,0,0,0,0,0,0,0,0,0,0,0,0,0,0,0,0,0,0,0,0,0,0,0,0,0,0,0,0,0,0,0,0,0,0,0,0.238,0,0,0,0,0,0,0,0,0,0,0.907,0,0.15,0,0,0,0,0.174,0,0,0,0,0,0,0,0,0,0,0,0,0,0,0,0,0,0.283,0,0,0,0,0,0,0,0,0,0,0,0,0.157,0,0,0.178,0,0,0.303,0,0,0,0,0,0,0,0,0.189,0,0,0,0,0,0,0,0.296,0,0,0,0,0,0,0,0,0,0,0,0,0,0,0,0,0,0,0,0.211,0,0.162,0,0,0,0.252,0,0.157,0,0,0,0,0,0.193,0,0,0,0,0,0,0,0,0,0,0,0,0,0.177,0,0,0,0,0,0.157,0.173,0,0,0,0,0,0,0,0,0,0,0.19,0,0,0,0.264,0,0.244,0,0,0.212,0,0,0,0,0,0,0,0,0,0,0,0,0,0,0,0,0,0,0,0.235,0,0,0,0,0,0,0,0,0,0,0,0,0,0,0,0,0,0,0,0,0,0,0,0,0,0.191,0.242,0,0,0,0,0,0,0.184,0,0,0,0,0,0,0,0,0,0,0,0,0,0,0.322,0,0,0,0,0,0.9,0,0,0,0,0,0,0,0,0,0,0,0,0,0,0,0,0.19,0,0,0,0.22,0,0,0,0.339,0,0,0.27,0,0,0,0,0.162,0,0,0,0,0,0,0,0,0,0,0,0,0,0,0,0,0,0,0,0,0,0,0.412,0,0,0,0,0,0,0,0,0,0,0,0,0,0,0,0,0.345,0,0,0,0,0,0,0,0,0,0,0,0,0,0,0,0,0,0,0,0,0,0,0,0,0,0,0,0,0,0,0,0,0,0,0.179,0,0,0.184,0,0.203,0,0,0,0,0,0,0,0,0.52,0,0,0,0,0,0,0,0,0,0,0,0,0,0,0,0,0.271,0,0,0,0,0,0,0.153,0,0,0,0,0,0,0,0,0,0,0,0,0,0,0,0,0,0,0,0,0,0,0,0,0,0,0,0,0,0,0,0,0,0,0,0,0,0,0,0,0,0,0,0,0,0,0,0,0,0,0,0,0,0,0,0.154,0,0,0,0.19,0,0,0,0,0,0,0,0,0,0,0.18,0,0,0,0,0,0,0,0,0.165,0,0,0,0,0,0,0,0,0,0,0,0,0,0,0,0,0,0,0,0,0.221,0,0,0,0,0,0.218,0,0,0.153,0,0,0,0,0,0.157,0,0,0,0,0,0,0,0.373,0,0,0,0,0,0,0,0,0.19,0,0,0,0,0.275,0,0,0.179,0,0,0,0,0,0.169,0,0,0,0,0,0,0,0,0,0,0,0,0,0,0,0,0,0,0,0,0,0.4,0,0.496,0,0,0,0,0,0.903,0,0,0,0,0,0,0,0,0,0,0,0,0,0,0,0,0,0,0,0,0,0,0,0,0,0,0,0.275,0,0,0.157,0,0,0,0,0,0,0,0,0,0,0,0.157,0,0,0,0,0,0,0,0.157,0,0,0,0,0,0,0,0,0,0,0,0,0,0,0,0,0,0,0,0,0,0,0,0,0,0,0,0,0,0,0,0,0,0,0,0,0,0,0,0,0,0,0.2,0,0,0,0.255,0,0,0,0,0,0,0,0.483,0,0.194,0,0,0,0.67,0.261,0,0,0.383,0,0,0,0,0.492,0,0,0,0,0,0,0,0,0,0,0,0,0,0.157,0.174,0,0.52,0.458,0,0.2,0,0,0,0,0.195,0,0,0.351,0,0,0.196,0,0.441,0,0,0,0,0,0,0.153,0.441,0,0,0,0,0,0,0,0,0.156,0,0,0,0.157,0.304,0,0,0,0,0.18,0,0,0.405,0,0.917,0,0,0,0,0,0,0,0,0,0.178,0,0,0,0,0,0,0.152,0,0,0,0,0.162,0.359,0.161,0,0.169,0.255,0.183,0,0,0.173,0,0,0,0,0.154,0,0,0.269,0,0,0.221,0,0,0,0,0,0,0,0,0,0,0,0,0,0,0.166,0,0,0,0,0,0,0,0,0.276,0,0,0,0,0.313,0,0,0,0,0.167,0,0,0,0,0,0,0,0,0,0,0,0,0.162,0,0,0,0,0.161,0,0,0,0,0,0,0,0,0.198,0,0,0,0,0,0,0,0,0,0,0,0,0,0,0,0,0,0,0,0,0,0,0,0,0,0,0,0,0,0.255,0,0,0.341,0,0,0,0,0,0,0,0,0,0,0,0,0,0,0,0,0,0,0.199,0,0,0,0,0,0,0,0,0,0.161,0,0,0,0,0,0,0.232,0.305,0.246,0,0,0,0.227,0,0,0.185,0,0,0,0,0,0,0,0.197,0,0,0,0,0,0,0,0.414,0.264,0,0,0.225,0,0,0,0.843,0,0,0,0,0.262,0,0,0,0,0.224,0.155,0,0,0,0,0,0.295,0,0,0,0,0.224,0,0,0,0,0,0,0.394,0,0,0,0,0,0,0,0,0.175,0,0,0.265,0,0.15,0.163,0.157,0,0.394,0.198,0.195,0,0,0,0,0,0,0,0,0,0,0,0,0,0,0,0,0,0.224,0.224,0,0,0.224,0,0,0,0,0,0,0,0,0,0,0,0,0,0.258,0,0,0,0,0,0,0,0,0,0,0,0,0,0,0,0,0,0,0,0,0,0,0,0,0,0,0,0,0,0,0,0,0,0,0,0,0,0,0,0,0,0,0,0,0,0,0,0,0,0.2,0,0,0,0,0,0,0,0,0,0,0.539,0,0,0,0,0,0,0,0,0,0,0,0,0,0,0,0,0,0,0,0,0,0,0,0,0,0,0,0,0,0,0,0,0,0,0,0,0,0,0,0,0,0,0,0,0,0,0,0,0,0,0,0,0,0,0,0,0,0,0.869,0,0,0,0,0,0,0,0,0,0,0,0,0,0,0.181,0.301,0,0,0,0,0,0,0,0,0,0,0.255,0,0,0,0,0,0,0,0.153,0,0,0.191,0,0,0,0.189,0,0,0,0,0,0.247,0,0,0,0,0,0,0,0,0,0,0,0.163,0,0,0,0.197,0,0,0.222,0,0.682,0,0,0,0,0,0.223,0,0,0.229,0,0,0,0,0,0.9,0,0.9,0,0,0,0,0,0,0,0,0,0.229,0,0,0,0,0,0,0,0,0,0,0,0,0,0,0,0,0,0,0,0,0,0,0.29,0,0,0,0,0,0,0,0,0,0,0,0,0,0,0,0,0,0,0,0,0,0,0,0,0,0,0,0,0,0,0,0,0,0,0,0,0,0.169,0,0,0,0,0,0,0,0,0,0,0,0,0,0,0,0,0,0,0,0,0,0,0,0,0,0,0,0,0,0,0,0,0,0,0.228,0,0,0,0,0,0,0,0,0,0,0,0,0,0,0,0,0,0,0.228,0,0,0,0.193,0,0,0,0.228,0,0,0,0,0,0.228,0,0,0,0,0.228,0,0.228,0,0,0,0,0,0,0,0,0,0,0.255,0,0,0,0,0,0.23,0,0,0,0,0,0,0,0,0,0,0,0,0,0.258,0,0,0,0,0,0,0,0,0,0,0,0,0,0,0,0,0,0,0,0.151,0,0,0,0,0,0.282,0,0,0,0,0,0,0,0,0,0,0,0,0.178,0,0,0.175,0,0.284,0,0,0,0.161,0,0.162,0,0,0.319,0,0,0,0.282,0,0,0,0,0,0,0,0,0,0,0,0,0,0,0.206,0,0,0,0,0,0,0,0,0,0,0,0,0,0,0,0,0,0,0,0.357,0,0,0,0,0,0,0,0,0,0,0,0,0,0,0,0,0,0,0,0,0,0.383,0,0,0,0,0,0,0,0,0,0,0,0,0,0,0,0,0,0,0,0,0,0,0,0,0,0,0,0,0,0,0,0,0,0,0,0,0,0,0,0,0,0,0,0,0,0,0,0,0,0,0,0,0,0,0,0,0,0,0,0.175,0,0,0.231,0,0,0,0,0,0,0,0,0,0,0,0,0,0,0,0,0.162,0.162,0,0,0.203,0,0,0,0,0,0,0,0,0,0,0,0,0,0,0.172,0,0,0,0,0,0,0,0,0,0,0,0,0,0,0,0,0,0,0,0,0,0,0,0,0,0,0,0,0,0,0,0,0,0,0,0,0,0,0,0,0,0,0,0,0,0,0,0.721,0.317,0,0.486,0,0,0,0,0,0,0,0,0,0,0,0,0,0.2,0,0,0,0,0,0,0,0.217,0,0,0,0,0,0.279,0,0,0,0,0,0,0,0,0,0,0,0.402,0,0,0.171,0,0,0,0,0,0,0,0,0,0,0,0,0,0,0,0,0,0.157,0,0.229,0,0.176,0,0,0,0,0,0,0,0,0,0,0,0,0,0,0,0,0,0,0,0,0,0,0,0,0,0,0.29,0,0,0,0.354,0,0,0,0,0,0,0,0,0,0,0,0,0,0,0,0,0,0,0,0,0,0,0,0,0,0,0,0,0,0,0,0,0,0,0,0,0,0,0,0,0,0,0,0,0,0,0,0,0,0,0,0,0,0,0,0,0,0,0,0,0,0,0,0,0,0,0,0,0,0.445,0,0,0,0,0,0.287,0,0,0,0,0,0,0,0,0,0,0.21,0,0,0,0,0,0,0,0,0,0,0.554,0,0
854551,0,0,0,0,0,0,0,0,0,0,0,0,0,0,0,0.223,0,0,0,0,0,0,0,0,0,0,0,0,0,0,0,0,0,0,0,0,0,0,0,0,0,0,0,0,0,0,0,0,0,0,0,0.999,0,0,0,0,0,0,0.223,0,0,0,0.234,0,0,0.318,0,0,0,0,0.353,0,0,0,0.254,0,0,0,0,0,0.247,0,0,0,0,0,0,0,0,0,0,0,0,0.223,0,0.999,0.158,0,0,0,0,0,0,0,0,0,0,0,0,0,0,0,0,0,0,0,0,0.287,0,0.954,0,0.223,0.709,0,0,0,0,0.393,0,0,0,0,0,0,0,0,0,0,0,0,0.999,0.316,0.232,0,0,0,0,0,0,0,0,0,0,0,0,0.903,0,0,0,0,0,0,0,0,0,0,0,0,0,0,0,0,0,0,0,0,0,0,0,0,0,0,0,0,0,0,0,0,0,0.242,0.22,0,0,0,0,0.385,0,0,0,0,0,0,0,0.923,0,0,0.999,0,0,0,0,0,0,0.158,0.338,0,0,0,0,0,0.999,0,0,0.568,0,0,0,0,0,0.937,0,0,0.999,0,0.324,0,0.437,0,0,0,0,0,0,0.222,0.378,0,0,0,0,0,0,0,0,0,0,0,0,0,0,0,0,0,0,0,0.903,0,0,0,0,0,0,0,0,0,0,0.992,0,0,0,0,0,0,0.887,0,0,0.465,0.167,0.912,0,0.223,0,0,0,0.183,0,0.256,0,0,0,0,0.999,0,0,0,0,0,0.236,0,0,0.999,0,0,0,0,0.992,0,0.157,0,0,0,0,0,0.175,0.859,0,0.281,0,0,0,0.98,0,0,0,0,0,0,0,0,0,0,0,0,0,0.188,0,0,0.152,0,0,0,0.872,0,0,0,0.217,0,0.236,0,0,0.214,0,0.186,0,0,0,0,0.289,0,0.871,0.999,0.174,0.877,0,0,0,0,0.999,0,0,0,0,0,0,0.999,0,0,0,0,0,0.159,0.511,0,0,0,0,0,0.999,0,0.937,0,0.224,0,0,0,0.189,0.9,0,0,0,0.962,0.175,0,0,0.267,0,0.276,0,0,0,0,0,0,0,0,0,0.9,0,0,0,0,0,0,0,0,0,0,0,0.342,0,0,0,0,0,0,0,0,0,0,0,0,0.999,0,0.307,0,0,0,0,0.443,0,0,0,0,0,0,0,0,0,0.165,0,0,0,0,0,0.999,0,0.211,0,0,0,0.349,0,0,0,0,0,0,0,0,0,0,0,0.989,0,0,0,0,0,0.913,0,0.238,0,0,0,0,0,0,0,0,0.207,0,0,0,0.412,0,0.19,0,0.999,0.295,0,0,0,0,0,0,0,0.234,0,0,0,0,0,0,0,0,0,0,0.993,0,0,0,0.336,0,0,0,0.214,0,0,0,0,0.263,0,0,0,0,0,0,0,0,0,0,0,0,0,0,0,0.324,0,0,0,0,0,0,0,0,0,0,0,0,0,0,0,0,0,0,0,0.996,0,0,0,0,0,0,0,0,0,0,0,0.41,0,0.151,0,0,0,0.154,0,0.186,0,0.895,0.156,0,0,0,0,0,0,0,0,0.856,0,0,0,0,0,0,0.897,0.906,0,0,0,0,0,0,0,0.35,0.45,0,0,0,0,0,0,0.153,0,0,0,0,0,0,0,0,0,0,0,0,0,0,0,0,0,0.234,0,0,0,0,0,0,0,0,0,0,0,0,0,0,0,0,0,0,0,0,0,0.916,0,0,0,0,0.585,0,0,0,0,0,0,0,0,0,0,0,0,0,0.211,0,0,0,0.207,0,0.216,0.335,0,0,0,0,0,0,0,0,0.29,0.897,0.999,0,0,0,0,0,0,0.285,0,0,0,0.999,0,0,0,0.173,0,0.979,0,0,0,0,0,0.228,0,0,0,0,0,0,0,0,0.999,0,0.422,0,0,0,0.342,0.202,0,0,0,0,0,0,0,0,0,0,0,0,0,0.216,0,0,0,0,0,0,0,0,0,0.821,0,0.924,0,0.215,0,0,0.204,0,0,0,0,0,0,0,0,0,0,0,0,0,0,0,0,0,0,0,0,0,0,0,0.211,0,0.554,0,0,0,0.423,0,0,0,0.165,0,0,0,0,0,0,0,0,0,0,0,0,0,0,0.999,0,0.338,0,0,0,0,0,0,0,0,0.163,0.325,0,0,0,0,0,0,0,0.674,0,0,0,0,0,0,0,0.649,0,0.999,0,0,0,0,0,0,0,0.7,0,0,0,0,0.177,0,0.999,0,0,0,0,0,0.867,0,0,0,0,0,0,0,0,0.224,0.279,0,0,0,0.369,0,0,0,0,0,0,0.998,0,0.999,0,0,0,0,0.25,0,0.197,0,0.999,0,0,0,0,0.441,0,0.999,0,0.993,0.899,0.999,0,0.267,0,0,0,0,0,0.436,0,0.157,0,0,0.156,0,0,0,0.999,0,0.984,0.999,0,0,0,0,0,0,0,0.986,0,0,0,0,0,0.999,0,0,0,0.334,0,0.999,0,0,0,0,0,0,0,0,0,0,0.167,0,0,0,0,0,0,0,0,0,0,0,0,0,0,0,0,0,0,0,0,0,0,0,0,0,0,0,0,0,0,0,0,0,0,0,0,0,0,0,0,0,0,0,0,0,0,0,0,0,0,0,0,0.999,0,0,0.208,0,0,0,0,0,0.278,0.999,0,0,0,0,0,0,0,0,0.181,0,0,0.198,0.903,0,0,0,0,0,0,0,0,0,0,0,0,0,0,0,0,0,0,0,0,0,0,0,0,0,0,0,0,0.231,0,0,0,0,0,0,0,0,0,0,0,0,0,0,0,0,0,0,0,0,0.999,0,0,0,0,0,0,0.294,0,0.981,0,0,0,0,0,0,0,0,0,0,0,0,0,0,0,0,0,0,0.999,0,0,0,0,0,0,0,0.325,0,0,0.999,0,0,0,0.316,0,0,0,0,0.999,0.318,0.233,0,0,0,0.701,0,0,0,0.25,0,0,0,0,0,0.162,0,0,0,0,0,0,0,0,0.22,0,0,0,0,0,0.271,0,0,0,0,0,0.999,0,0,0.313,0.159,0,0,0,0,0,0,0,0,0,0,0,0.999,0.198,0,0.993,0,0,0,0,0,0.362,0,0.611,0,0,0,0,0,0,0,0,0.207,0,0,0,0,0,0,0,0,0,0,0,0,0,0,0,0,0,0,0,0.999,0,0,0,0.352,0,0.443,0,0,0,0,0,0,0,0,0,0,0,0,0,0,0,0,0,0,0.441,0,0,0,0,0,0,0.999,0,0.999,0,0,0,0.195,0,0,0,0,0,0,0,0,0,0,0,0,0,0,0,0,0,0,0,0,0,0,0,0,0,0.211,0,0,0,0,0,0.528,0,0.999,0.275,0,0,0,0,0,0,0,0,0,0,0,0.921,0,0,0,0,0,0.333,0,0,0,0,0,0,0,0,0,0,0,0,0,0.159,0,0,0,0,0,0,0,0,0,0,0,0,0,0.999,0,0,0,0,0,0,0,0,0,0,0,0,0,0.171,0,0,0.898,0,0,0,0,0,0,0,0,0,0.23,0,0,0,0,0,0,0,0,0,0,0,0,0.272,0,0,0.907,0,0,0,0,0,0,0,0.451,0,0,0,0,0,0,0,0,0,0,0,0,0,0,0,0,0,0,0,0,0,0,0,0,0.671,0,0,0,0,0,0,0,0,0,0.255,0,0,0,0,0,0,0,0,0,0,0,0,0,0,0,0,0,0,0,0,0,0,0,0,0,0,0,0,0,0,0,0,0,0,0,0,0,0,0,0,0.457,0,0.241,0,0,0,0,0,0.316,0,0,0,0,0,0.277,0,0.216,0,0,0,0,0,0,0,0,0,0,0,0,0,0,0,0,0,0,0,0.276,0,0,0,0,0,0,0,0,0,0,0,0,0,0,0,0,0,0,0,0,0,0,0,0,0,0,0,0,0,0,0,0,0.358,0,0,0,0,0,0,0,0,0,0,0,0,0.151,0,0,0,0,0.271,0,0,0,0,0,0,0,0,0,0,0,0.151,0,0,0,0,0,0,0,0,0,0,0,0.316,0,0,0,0,0,0,0,0,0,0,0,0.424,0,0.927,0,0.803,0.229,0,0,0.999,0,0,0,0,0.262,0,0,0.207,0,0.351,0,0,0.269,0,0,0,0.28,0,0,0,0,0,0,0,0,0.386,0.219,0,0,0,0.297,0.28,0,0,0,0,0,0,0.181,0,0.543,0.999,0.244,0.165,0,0.999,0.347,0,0,0,0,0,0,0.35,0,0,0.999,0,0.957,0,0,0,0.877,0,0.196,0,0,0,0,0.215,0,0,0,0,0,0.151,0,0,0.385,0,0,0.356,0.508,0.999,0,0,0,0,0,0.275,0,0,0,0.963,0.275,0,0,0.239,0.382,0.427,0,0,0,0,0.538,0,0,0,0.314,0,0,0.328,0,0,0,0.999,0.294,0,0,0,0,0.275,0,0.186,0,0.999,0,0,0,0.375,0,0,0,0,0,0,0,0,0.223,0,0,0,0,0.8,0,0,0,0,0,0,0,0,0.999,0,0.179,0.455,0,0,0.317,0,0,0,0.266,0.855,0.351,0.607,0,0.999,0,0.184,0,0,0.255,0,0.625,0,0.263,0.33,0,0,0.159,0.412,0,0,0,0.161,0,0.876,0.971,0,0.278,0.911,0.247,0,0,0,0,0.905,0,0,0,0.563,0,0,0.427,0,0,0,0.164,0.345,0,0,0,0,0.87,0,0.971,0,0,0.194,0.185,0,0,0,0,0,0.279,0,0.225,0,0,0.224,0,0,0,0,0,0,0,0,0,0,0,0,0,0,0,0.187,0,0,0,0,0,0,0,0,0.289,0,0,0.282,0,0,0,0,0,0,0,0,0.516,0,0,0,0,0.276,0,0,0.999,0,0,0,0,0,0,0,0.285,0,0,0.225,0,0,0,0,0,0,0,0,0,0,0,0,0,0,0,0,0,0,0.159,0,0,0,0,0,0,0,0,0,0.163,0,0,0,0,0,0,0.25,0,0,0.928,0,0,0,0,0,0,0,0,0,0,0,0,0,0,0.23,0,0,0,0.216,0,0,0,0.918,0.228,0.163,0,0.23,0,0,0.297,0,0,0,0,0,0,0,0.275,0,0,0,0,0.159,0,0,0.23,0,0,0.252,0,0,0,0.679,0,0.567,0,0,0,0,0,0,0,0,0,0,0,0,0,0.23,0,0,0,0,0,0,0,0,0,0,0.829,0,0.169,0.23,0,0.443,0,0,0,0,0,0,0,0,0,0.272,0,0,0,0,0,0,0,0,0,0,0,0,0,0,0,0,0,0,0,0,0,0,0,0,0,0.581,0,0,0.999,0,0,0,0,0,0,0,0,0,0,0,0,0,0,0.31,0,0,0,0,0,0,0,0,0,0,0,0,0,0,0,0,0,0,0,0,0,0,0,0.157,0,0,0,0,0,0,0,0,0,0,0.152,0,0,0,0,0,0,0,0,0,0,0.355,0.295,0,0,0.206,0,0.999,0,0,0,0,0,0,0.922,0,0,0,0,0,0,0,0,0,0,0,0,0,0,0,0,0,0,0,0,0,0,0,0,0,0,0,0,0,0,0,0,0,0,0,0,0,0,0,0.999,0,0,0,0,0,0.999,0,0,0,0,0.999,0,0,0,0,0.296,0,0,0.238,0.269,0.509,0,0,0,0,0,0,0,0,0,0,0,0,0.983,0,0,0,0.507,0,0,0,0,0,0.299,0.716,0.999,0,0,0,0.502,0,0,0,0,0,0,0,0,0,0,0,0,0,0.167,0,0.282,0,0,0,0,0,0,0.22,0,0.431,0,0,0,0.171,0,0,0,0,0,0,0.272,0,0,0,0,0,0,0,0,0,0,0,0,0,0,0,0,0,0,0,0,0,0.464,0,0,0.307,0,0.358,0.362,0,0,0,0,0,0,0,0,0,0,0.999,0,0,0,0,0,0,0,0.272,0,0,0,0,0,0,0.907,0.628,0,0,0,0,0,0,0,0,0,0,0,0,0,0,0,0.288,0,0,0,0,0,0.285,0.716,0,0.336,0.316,0,0,0,0,0,0,0,0,0,0,0,0,0,0,0,0.999,0,0.157,0.999,0,0.278,0,0,0,0,0,0,0,0,0,0,0,0,0,0,0,0,0,0,0,0,0,0,0,0,0,0.689,0,0,0,0,0,0,0,0,0,0,0,0,0,0,0,0,0,0,0,0,0,0,0,0,0,0,0,0,0,0,0,0,0,0,0,0,0,0,0,0,0,0,0,0,0,0,0,0,0,0,0,0,0,0,0,0,0,0,0,0,0,0,0,0,0,0,0,0,0,0,0,0,0,0,0,0,0,0,0,0,0,0,0,0,0,0,0,0,0,0,0,0,0.811,0,0,0,0,0,0,0,0,0,0,0,0,0,0,0,0,0,0,0,0,0,0,0,0,0.202,0,0,0,0,0,0,0,0,0,0,0,0,0,0,0,0,0,0,0.999,0,0,0,0,0,0,0,0,0.329,0,0,0,0,0,0,0,0,0,0,0,0,0,0,0,0,0,0.162,0,0,0.282,0,0.446,0,0,0.45,0.316,0.194,0,0,0,0,0,0.9,0,0,0,0,0.997,0,0,0,0,0,0,0,0,0,0,0.624,0.316,0,0,0,0,0,0,0,0,0,0,0,0,0,0,0,0.325,0.176,0,0,0.352,0,0,0,0,0,0.719,0,0,0,0,0,0,0.217,0,0,0,0,0,0.316,0,0,0,0,0,0,0,0,0,0.316,0,0,0,0,0,0,0,0,0,0,0,0,0,0,0,0,0,0,0,0,0,0,0.316,0,0,0.165,0,0.449,0,0,0.291,0,0,0.513,0,0.305,0,0,0,0,0,0,0,0.356,0,0,0,0,0,0,0,0,0,0,0.8,0,0,0,0,0.17,0,0,0,0.519,0,0,0,0,0,0.989,0.546,0.999,0.465,0.519,0.714,0.28,0,0.999,0.999,0.999,0.224,0,0.999,0.332,0.183,0,0.999,0.97,0.423,0.999,0.316,0,0,0.306,0,0.201,0.999,0.798,0.999,0.365,0,0.999,0.173,0,0.176,0,0.275,0.472,0.999,0,0.999,0.405,0.981,0.168,0,0,0.999,0.999,0.286,0.923,0.213,0,0.644,0,0.362,0.467,0,0.864,0,0.209,0.999,0.999,0.999,0.999,0.873,0.999,0.999,0.222,0.96,0.999,0.76,0.999,0.875,0,0,0.497,0,0,0,0.999,0.999,0,0.999,0.999,0.999,0.151,0.202,0.999,0,0.475,0.485,0,0.999,0,0.458,0,0.999,0.999,0.777,0.903,0,0,0.999,0.396,0.999,0.999,0.476,0.999,0.999,0,0,0.999,0.92,0.999,0,0.999,0.999,0.477,0.999,0.503,0,0.268,0,0.999,0.999,0.753,0.555,0,0,0.999,0.316,0.999,0,0.756,0.316,0.999,0.561,0.235,0.321,0.561,0,0.999,0.999,0.28,0,0.45,0.999,0.43,0,0.999,0.15,0.409,0.434,0.999,0.999,0.174,0.993,0,0.999,0,0.528,0.999,0,0.543,0.999,0.999,0.298,0.21,0.999,0.999,0.26,0.908,0.591,0.202,0,0,0,0,0.199,0.999,0.857,0,0.512,0.331,0.762,0,0,0.994,0.999,0.999,0.999,0.342,0,0,0.999,0.999,0,0.172,0.999,0,0.999,0.999,0.171,0.999,0.421,0.591,0.999,0,0.999,0,0,0.999,0.999,0.999,0,0.513,0.999,0.295,0.993,0,0,0.999,0.328,0.999,0.235,0.35,0.999,0,0.864,0.16,0.336,0,0,0,0,0,0,0,0,0.886,0,0,0,0,0.18,0.267,0,0,0,0,0.156,0.368,0,0.383,0.151,0.449,0,0,0,0,0,0,0,0,0,0,0,0,0,0,0.999,0,0,0,0,0,0,0,0,0,0,0,0,0.889,0,0.708,0,0.368,0,0,0,0,0,0,0,0,0,0.341,0,0,0,0.19,0,0,0.41,0,0,0,0,0,0,0.193,0,0,0.303,0.164,0,0,0.947,0,0.214,0,0,0,0,0,0,0,0,0,0,0,0,0,0,0,0,0,0,0,0,0,0.152,0,0,0,0,0,0,0,0.522,0.434,0,0,0,0,0,0,0,0,0,0,0,0,0,0,0,0,0.236,0,0,0,0.277,0,0,0,0,0,0,0.271,0,0,0,0,0,0,0,0.271,0,0,0,0,0,0,0,0.277,0,0,0,0,0,0,0,0.196,0,0,0,0.434,0,0,0,0,0,0,0,0,0,0,0,0,0,0,0,0,0,0,0,0,0,0,0,0,0,0,0,0,0,0,0,0,0,0,0.263,0,0,0,0,0,0,0,0,0,0,0,0,0,0,0,0,0,0,0.221,0,0.472,0,0.555,0.82,0.295,0.205,0,0.901,0,0,0,0.987,0.565,0.918,0.176,0.98,0,0,0,0,0,0.932,0.188,0,0,0,0,0,0,0,0.589,0,0,0,0,0,0,0,0,0,0,0,0,0,0,0,0,0,0,0,0,0,0,0,0,0,0,0,0,0.167,0,0,0,0,0,0,0,0,0,0,0,0,0,0,0,0,0.173,0,0,0,0,0,0,0,0,0,0,0,0,0,0,0,0,0,0,0,0,0.401,0,0,0,0,0,0,0,0,0,0,0,0,0,0,0,0,0,0,0,0,0,0,0,0,0,0.249,0,0,0,0,0,0,0,0,0,0,0,0,0,0,0,0,0,0.261,0,0,0,0,0,0,0,0,0,0,0,0,0,0,0,0,0,0,0,0,0,0,0,0,0,0,0,0,0,0,0,0,0,0.316,0,0,0,0,0,0,0,0,0,0,0,0,0.155,0,0,0,0,0,0,0,0,0,0,0,0,0,0,0,0,0,0,0,0,0,0,0,0,0,0,0,0.221,0,0,0,0,0,0,0,0,0,0,0,0,0,0,0,0,0,0,0,0,0,0,0,0,0,0,0,0,0,0.152,0,0,0,0,0,0,0.169,0,0,0,0,0,0,0,0,0.195,0,0,0,0,0,0,0,0,0,0,0,0,0,0,0,0.202,0,0,0,0,0,0,0,0,0,0,0,0,0,0,0,0,0,0.157,0,0,0,0,0,0,0,0,0,0,0,0,0,0,0,0,0,0,0,0,0,0,0,0,0,0,0,0,0,0,0,0,0,0,0,0,0,0,0.211,0,0,0,0,0,0,0,0,0,0,0.175,0,0,0,0,0,0,0,0,0,0,0,0,0,0,0,0,0,0,0,0,0,0,0,0,0,0,0,0,0,0,0,0,0,0,0,0,0,0,0,0,0,0,0,0,0,0,0,0,0,0,0,0,0,0,0,0,0,0,0,0,0,0,0,0,0,0,0,0,0,0,0,0,0,0,0,0,0,0,0,0,0,0,0,0,0,0,0,0,0,0,0,0,0,0,0,0,0,0,0,0,0,0,0,0,0,0,0,0.258,0,0,0,0,0,0,0,0,0,0,0,0,0,0,0,0,0,0,0,0,0,0,0,0.21,0,0,0,0,0,0,0,0,0,0,0,0,0,0,0,0,0,0,0,0,0,0,0,0,0,0,0,0,0,0,0,0,0,0,0,0,0,0,0,0.32,0.48,0.173,0.309,0,0,0,0,0,0.862,0.571,0,0,0.868,0,0,0,0,0.175,0,0,0,0,0,0,0,0,0,0,0,0,0,0,0,0.19,0.308,0,0,0,0,0,0,0,0.274,0.28,0,0.186,0,0,0,0,0,0,0,0,0,0,0,0.28,0,0,0,0,0,0,0,0,0,0,0.54,0,0,0,0,0,0,0,0,0,0,0,0,0,0.175,0,0,0,0,0,0,0,0,0,0,0,0,0,0,0,0,0,0,0,0,0,0,0,0,0,0,0,0,0,0,0,0,0,0,0,0,0,0,0.334,0,0.334,0,0,0,0,0,0,0,0,0,0,0,0,0,0.289,0,0,0,0,0,0,0,0,0,0,0,0.542,0,0,0,0,0,0,0.269,0,0,0,0,0,0,0,0,0,0,0,0,0,0,0,0,0,0,0,0,0,0,0,0,0,0,0.561,0,0,0,0,0,0,0,0,0,0,0,0,0.293,0,0,0,0,0,0,0,0,0,0,0,0,0,0,0,0,0,0,0,0,0,0,0,0,0,0.553,0,0,0,0,0,0,0,0,0,0,0,0,0,0,0,0,0,0,0,0,0,0,0,0,0,0,0,0,0,0,0,0,0,0,0,0.451,0,0,0,0,0,0.215,0,0,0,0,0,0,0,0,0,0.304,0,0.217,0,0.217,0,0,0,0,0,0,0,0,0,0,0,0,0,0,0,0,0,0,0,0,0,0,0,0,0,0,0,0,0,0,0,0,0,0,0,0,0,0,0,0,0,0,0,0,0,0,0,0,0,0,0,0,0,0,0,0,0,0,0,0,0,0,0,0,0,0,0,0,0,0,0,0,0,0,0,0,0,0,0,0,0,0,0,0,0,0,0,0,0,0,0,0,0,0,0,0,0,0,0,0,0,0,0,0,0,0,0,0,0,0,0,0,0.394,0,0,0,0,0,0,0,0,0,0,0,0,0,0,0,0,0,0,0,0,0,0,0,0,0,0,0,0,0,0,0,0,0,0,0,0,0,0,0,0,0,0,0,0,0,0,0,0,0,0,0,0,0,0,0,0,0,0.28,0,0,0,0,0,0,0,0,0,0,0,0,0,0,0,0,0,0,0,0,0,0,0,0.381,0,0,0,0,0,0,0,0,0,0,0,0,0,0,0,0,0,0,0,0,0,0,0,0,0,0,0,0,0,0,0,0,0,0,0,0,0,0,0,0,0,0,0,0,0,0,0,0,0,0,0,0,0,0,0.169,0,0,0,0,0,0,0,0,0,0,0,0,0,0,0,0,0,0.189,0,0,0,0,0,0,0,0,0,0,0,0,0,0,0,0,0,0,0,0,0,0,0,0
856850,0,0,0,0,0,0,0.432,0,0,0,0,0,0,0,0,0,0,0,0,0,0,0,0,0,0,0,0,0,0,0,0,0,0,0,0,0,0,0,0,0,0,0,0.191,0,0,0.159,0,0,0,0,0,0,0,0,0,0,0,0,0,0,0,0.154,0,0,0,0.354,0,0,0,0.198,0.576,0.184,0,0,0,0.432,0,0,0,0,0,0,0,0,0,0,0,0,0,0,0.186,0,0,0,0,0,0.908,0,0.221,0.317,0,0.371,0,0.171,0,0.311,0,0,0,0,0,0,0,0,0.251,0,0,0,0,0,0,0,0,0,0,0,0,0,0,0,0.597,0,0,0,0,0.265,0,0,0,0.61,0,0,0,0,0,0,0,0,0,0.754,0,0,0.308,0.444,0,0,0.294,0,0,0,0,0.171,0,0,0,0,0.25,0,0.52,0.22,0,0,0,0,0,0,0,0,0,0,0,0.278,0,0,0,0,0,0,0,0,0,0,0,0,0,0,0,0.193,0,0,0,0,0,0,0,0,0,0,0,0,0,0,0,0,0,0,0,0,0,0,0,0,0,0,0.19,0,0,0,0,0,0,0,0,0,0,0,0,0,0,0,0,0,0,0,0,0,0,0,0,0,0,0,0,0,0,0,0,0,0,0,0,0,0,0,0,0,0,0,0,0,0,0,0,0,0,0,0,0,0,0,0,0,0,0,0,0,0,0,0,0,0,0,0,0,0,0,0,0,0,0,0,0,0,0,0,0,0,0,0,0,0,0,0,0,0,0,0,0,0,0,0,0,0,0,0,0,0,0,0,0,0,0,0,0,0,0,0.186,0,0,0,0,0,0,0,0,0,0,0,0,0.452,0,0.345,0,0,0.177,0,0,0,0.258,0,0,0,0,0,0,0,0,0,0,0,0,0,0,0,0,0,0,0,0,0,0,0,0,0,0,0,0,0,0,0,0,0,0,0,0,0,0,0,0,0.187,0,0,0,0,0,0,0.171,0,0,0,0,0,0,0.226,0,0,0,0,0,0,0,0,0,0,0,0,0,0,0,0,0,0,0,0,0.536,0,0,0,0,0,0,0,0,0,0,0,0,0,0,0,0,0,0,0,0,0,0,0,0,0,0,0,0,0,0,0,0,0,0,0,0,0,0,0,0,0,0,0,0,0.831,0,0,0,0,0,0,0.309,0,0,0,0,0,0,0,0,0,0,0,0,0,0,0,0,0,0,0,0,0,0,0,0,0,0,0,0,0,0,0,0,0,0,0,0,0,0,0,0,0,0,0,0,0,0,0,0,0,0,0,0,0,0,0,0,0,0,0,0,0,0,0,0,0,0,0,0,0,0,0.319,0,0,0,0,0,0,0,0,0,0,0,0,0,0,0,0,0,0,0,0,0,0,0,0,0,0,0,0,0,0,0,0,0,0,0,0,0,0,0,0,0,0,0,0,0,0,0,0,0,0,0,0,0,0,0,0,0,0,0,0,0,0,0,0,0,0,0,0,0,0,0,0,0,0,0,0,0,0,0,0,0,0,0,0,0,0,0,0,0,0,0,0,0,0,0,0,0,0,0,0.536,0,0,0,0,0,0,0,0,0,0,0,0,0,0,0,0,0,0,0,0,0,0,0,0,0,0,0,0,0,0,0,0,0,0,0,0,0,0,0,0,0,0,0,0,0,0,0,0,0,0,0,0,0,0,0,0,0,0,0,0,0,0,0,0,0,0,0,0,0,0,0,0,0,0,0,0,0,0,0,0,0.207,0,0,0,0,0,0,0,0,0,0,0,0,0,0,0,0,0,0,0,0,0,0,0,0,0,0,0,0,0,0,0,0,0,0,0.593,0,0,0,0,0,0,0,0,0,0,0,0,0,0,0,0,0,0,0,0,0,0,0,0,0,0,0,0,0,0,0,0,0,0,0,0,0,0,0,0,0,0,0,0,0,0,0,0,0,0,0,0,0,0,0,0,0,0,0,0,0,0,0,0,0,0,0,0,0,0,0,0,0,0,0,0,0,0,0,0,0,0,0,0,0,0,0,0,0,0,0,0,0,0,0,0,0,0,0,0,0,0,0,0,0,0,0,0,0,0,0,0,0,0,0,0,0,0,0,0,0,0,0,0,0,0,0,0,0,0,0,0,0,0,0,0,0,0,0,0,0,0,0,0,0,0,0,0,0,0,0,0,0,0,0,0,0,0,0,0,0,0,0,0,0,0,0,0,0,0,0,0,0,0,0,0,0,0,0,0,0,0,0.173,0,0,0,0.165,0,0,0,0,0,0,0,0,0,0,0,0,0,0,0,0,0,0,0,0,0,0,0,0,0,0,0,0,0,0,0,0,0,0,0,0,0,0,0,0,0,0,0,0,0,0,0,0,0,0,0,0,0,0,0,0,0,0,0,0,0,0,0,0,0,0,0,0,0,0,0,0,0,0,0.186,0,0,0,0,0,0,0,0,0,0,0,0,0.177,0,0,0,0,0,0,0,0,0,0,0,0,0,0,0,0,0,0,0,0,0,0,0,0,0,0,0,0,0,0,0,0,0,0,0,0,0,0,0,0,0,0,0,0,0,0,0,0,0,0,0,0,0.246,0,0.246,0,0,0,0,0,0,0,0,0,0,0,0,0,0,0,0,0,0,0,0,0,0,0,0,0,0,0,0.339,0,0.173,0,0,0,0.705,0,0,0,0,0,0,0,0,0,0,0,0,0,0,0,0,0,0,0,0,0,0,0,0,0,0,0,0,0,0,0,0.706,0,0,0,0,0,0,0,0.159,0,0,0,0,0,0,0,0,0,0,0,0,0,0,0,0,0,0,0,0,0.256,0,0,0,0,0,0,0,0,0,0,0,0,0,0,0,0,0,0,0,0.159,0,0,0,0,0,0,0,0,0,0,0,0,0,0,0,0,0,0,0,0,0,0,0,0,0,0,0,0,0,0,0,0,0,0,0,0,0,0,0,0,0,0,0,0,0.176,0,0,0,0,0,0.186,0,0,0,0,0,0,0,0,0,0.22,0,0,0,0,0,0,0,0,0,0,0,0,0.218,0,0,0,0,0,0,0,0,0,0,0,0,0,0,0,0,0,0,0,0.219,0,0,0,0,0,0,0,0,0,0,0,0,0,0,0,0,0,0,0,0,0,0,0,0,0,0,0,0,0,0,0,0,0,0,0,0,0,0,0,0,0,0,0,0,0,0.275,0,0,0,0,0,0,0,0,0,0,0,0,0,0,0,0,0,0,0,0,0.227,0,0,0,0,0,0,0,0,0.192,0,0,0,0,0,0,0,0,0,0,0,0,0,0,0.156,0.615,0,0,0,0,0,0,0,0,0,0.232,0,0,0,0,0,0,0,0,0,0,0,0,0,0,0,0,0,0,0,0,0,0.191,0,0,0,0,0,0,0,0,0,0,0,0,0,0,0,0,0,0,0,0,0,0,0,0,0,0,0,0,0,0,0,0,0,0,0,0,0,0,0,0,0,0,0,0.356,0,0,0,0,0.366,0,0,0,0,0,0,0,0,0,0,0.254,0,0,0,0,0,0,0,0,0,0,0,0,0,0,0,0,0,0,0,0,0,0,0,0,0,0,0,0,0,0,0,0,0,0,0,0,0,0,0,0,0,0,0,0,0,0,0,0,0,0,0,0,0,0,0,0,0,0,0,0,0,0,0,0,0,0,0,0,0,0,0,0,0,0,0,0,0,0,0,0,0,0,0,0,0,0,0,0,0,0,0,0,0.17,0,0,0,0,0,0,0,0,0,0,0,0,0,0,0,0,0,0,0,0,0,0,0,0,0,0,0,0,0,0,0,0,0,0,0,0,0,0,0,0,0,0,0,0,0,0,0,0,0,0,0,0,0,0,0,0,0,0,0,0.22,0,0,0,0,0,0,0.392,0,0,0.24,0,0,0,0,0,0,0,0,0,0,0,0,0,0,0,0,0,0,0,0,0,0,0,0,0,0,0,0,0,0,0,0,0,0,0,0,0,0,0,0,0,0,0,0,0,0,0,0,0,0,0,0,0,0,0,0,0,0,0,0,0,0,0,0,0,0,0,0,0,0,0,0,0,0,0,0,0,0,0,0,0,0,0,0,0,0,0,0,0,0,0,0,0,0,0,0,0,0,0,0,0,0,0,0,0,0,0,0,0,0.159,0,0,0,0,0,0,0,0,0,0,0,0,0,0,0,0,0,0,0,0,0,0,0,0,0,0,0,0,0,0,0,0,0,0,0,0,0.423,0,0,0,0,0,0,0,0,0,0,0,0,0,0,0,0,0,0,0.216,0,0,0,0,0,0,0,0,0,0,0,0,0,0,0,0,0,0,0,0,0,0,0,0,0,0,0,0,0,0,0,0,0,0,0,0,0,0,0,0,0,0,0,0,0,0,0,0,0,0,0,0,0,0,0,0,0,0,0,0,0,0,0,0,0,0,0,0,0.739,0,0,0,0,0,0,0,0,0,0,0,0,0,0,0,0,0,0,0,0,0,0,0,0,0,0,0,0,0,0,0,0,0,0,0,0,0,0,0,0,0,0,0,0,0,0,0,0,0,0,0,0,0,0,0.775,0,0,0,0,0.753,0,0,0,0,0,0,0,0,0,0,0,0,0,0,0,0,0,0,0,0,0,0,0,0,0,0,0.775,0,0,0,0,0,0,0,0,0,0,0,0,0,0,0,0.333,0,0,0,0,0,0,0,0,0,0,0,0,0,0,0,0,0,0,0,0,0,0,0,0,0,0,0,0.73,0,0.78,0,0,0,0,0,0,0,0,0,0,0,0,0,0,0,0,0,0,0,0,0,0,0,0,0,0,0,0,0,0,0,0,0,0,0,0,0,0,0,0,0,0,0,0,0,0,0,0.967,0,0,0,0,0,0,0,0,0,0,0,0,0,0,0,0,0,0,0,0,0,0,0,0,0,0,0,0,0,0,0,0,0,0,0,0,0,0,0,0,0,0,0,0,0,0,0.181,0,0,0,0,0,0,0,0,0,0,0,0,0,0,0,0,0,0,0,0,0,0.15,0,0,0,0,0,0,0,0,0,0,0,0,0,0,0,0,0,0,0,0,0,0,0,0,0,0,0,0,0,0,0,0,0,0,0,0,0,0,0,0,0,0,0,0,0,0,0,0,0,0,0,0,0,0,0,0,0,0,0,0,0,0,0,0,0,0,0,0,0,0,0,0,0,0,0,0,0,0,0,0,0,0,0,0,0,0,0,0,0,0,0,0,0,0,0,0,0,0,0,0,0,0,0,0,0,0,0,0,0,0,0,0,0,0,0,0,0,0,0,0,0,0,0,0,0,0,0,0,0,0,0,0,0,0,0,0,0,0,0,0,0,0,0,0,0,0,0,0,0,0,0,0,0,0,0,0.303,0,0,0,0,0,0,0,0,0,0,0,0,0,0,0,0,0,0,0,0,0,0,0,0,0,0,0,0,0,0,0,0,0,0,0,0,0,0,0,0,0,0,0,0,0,0,0,0,0,0,0,0,0,0,0,0,0,0,0,0.336,0,0,0,0,0,0,0,0,0,0,0,0,0,0,0,0,0,0,0,0,0,0,0,0,0,0,0,0,0,0,0,0,0,0,0,0,0,0,0,0,0,0,0,0,0,0.229,0,0,0.265,0,0.264,0.244,0,0,0,0,0,0.79,0,0,0,0,0,0.986,0,0,0,0,0,0,0,0.187,0.801,0,0,0,0,0,0,0,0,0,0,0.172,0,0,0.29,0.313,0.169,0,0,0,0,0,0.747,0,0.681,0.839,0,0.89,0,0,0.206,0,0,0,0,0,0,0,0,0,0,0,0.309,0,0,0,0,0.895,0,0,0.155,0,0,0,0.309,0,0.211,0,0,0.337,0,0,0,0.171,0,0,0.169,0,0,0,0,0,0,0,0,0,0,0,0,0.802,0,0,0,0,0,0.349,0.569,0.315,0.151,0,0,0,0,0.158,0,0,0,0,0,0,0,0.476,0,0,0,0,0,0,0.315,0,0,0,0.28,0,0,0,0.483,0,0,0,0,0,0,0,0,0,0.451,0,0,0,0,0,0.205,0,0,0.3,0,0,0,0,0,0,0,0,0,0,0,0,0,0,0,0,0,0,0,0,0,0,0,0,0,0,0,0,0,0,0,0,0,0,0,0,0,0,0,0,0,0,0,0,0,0,0,0,0,0,0,0,0,0,0,0.197,0,0,0,0,0,0,0,0,0,0,0,0,0,0,0,0,0,0,0,0,0,0,0,0,0,0,0,0,0,0,0,0,0,0,0,0,0,0,0,0,0.22,0,0,0,0,0,0,0,0,0,0,0,0,0,0,0,0,0,0,0,0,0,0,0,0,0,0,0,0,0,0,0,0,0,0,0,0,0,0,0,0,0,0,0,0,0,0,0,0,0,0,0,0,0,0,0,0,0,0,0,0,0,0,0,0,0,0,0,0,0,0,0,0,0,0,0,0,0,0,0,0,0,0,0,0.193,0,0,0,0,0,0,0,0,0,0,0,0,0,0,0,0,0,0,0,0,0,0,0,0,0,0,0,0,0,0,0,0,0,0,0,0,0,0,0,0,0,0,0,0,0,0,0,0,0,0,0,0,0,0,0,0,0,0,0,0,0,0,0,0,0,0,0,0,0,0,0,0,0,0,0,0,0,0,0,0,0,0,0,0,0,0,0,0,0,0,0,0,0,0,0,0,0,0,0,0,0,0,0,0,0,0,0,0,0,0,0,0,0,0,0,0,0,0,0,0,0,0,0,0,0,0,0,0,0,0,0,0,0,0,0,0,0,0,0,0,0,0.289,0,0,0,0,0,0,0,0,0,0,0,0,0,0.22,0,0,0,0,0,0,0,0,0,0,0,0,0,0,0,0,0,0,0,0,0,0,0,0,0,0,0,0,0,0,0,0,0,0,0,0,0,0,0,0,0,0,0,0,0,0,0,0,0,0,0,0,0.173,0,0,0,0,0,0,0,0,0,0,0,0,0,0,0,0,0,0,0,0,0.309,0,0,0,0,0,0,0,0,0,0,0,0,0,0,0,0,0,0,0,0,0,0,0,0,0,0,0,0,0,0,0,0,0,0,0,0,0,0,0.241,0,0,0.477,0,0,0,0,0,0,0,0,0,0,0,0,0,0,0,0,0,0,0,0,0,0.381,0,0,0,0,0,0,0,0,0,0,0,0,0,0,0,0,0,0,0,0,0,0,0,0,0,0,0,0,0,0,0,0,0,0,0,0,0,0,0,0,0,0,0,0,0,0,0,0,0,0,0,0,0,0,0,0,0,0,0,0,0,0,0,0,0,0,0,0,0,0,0,0,0,0,0,0,0,0,0,0,0,0,0,0,0,0,0,0,0,0,0,0,0,0,0,0,0,0,0,0,0,0,0.15,0,0,0,0,0,0,0,0,0,0,0,0,0,0,0.646,0,0,0,0,0,0,0,0,0,0.207,0,0,0,0,0,0,0,0.228,0.332,0,0,0,0.297,0,0,0,0,0,0,0,0,0,0,0,0,0,0,0,0,0,0,0,0,0,0,0,0,0,0,0,0,0,0,0,0,0,0,0,0,0,0,0,0,0,0,0,0,0,0,0,0,0,0,0,0,0,0,0,0,0,0.366,0,0,0,0,0.159,0,0,0,0,0,0,0,0,0,0,0,0,0,0,0,0,0,0,0,0,0,0,0,0,0,0.229,0,0,0,0,0,0,0,0,0,0,0,0.367,0,0,0,0.239,0,0,0,0,0,0,0,0,0,0,0,0,0,0,0,0,0,0,0,0,0,0,0,0,0,0,0,0,0,0,0,0,0,0,0,0,0,0,0,0,0,0,0,0,0,0,0,0,0,0,0,0.194,0,0,0,0,0,0,0,0,0,0,0,0,0,0,0,0,0,0,0,0,0,0,0,0,0,0,0,0,0,0,0,0,0,0,0,0,0,0,0,0,0,0,0,0,0,0,0,0,0,0,0,0,0,0,0,0,0,0,0,0,0,0,0,0,0,0,0,0,0,0,0,0,0,0,0,0,0,0,0,0,0,0,0,0,0,0,0,0,0,0,0,0.197,0,0,0,0,0,0,0,0,0,0,0,0,0,0,0,0,0,0,0,0.324,0,0,0,0,0,0,0,0,0,0,0,0,0,0,0,0,0.196,0,0,0,0,0.723,0,0,0,0,0,0,0,0.611,0,0,0,0,0,0,0,0,0,0,0.571,0,0,0,0,0.294,0,0,0,0,0,0,0,0,0,0,0,0,0,0,0,0,0,0,0,0,0,0,0,0,0,0,0,0,0,0,0,0,0,0,0,0,0,0,0,0,0,0,0,0,0,0,0,0,0,0,0,0,0,0,0,0,0,0,0,0,0,0,0,0,0,0.26,0,0,0,0,0,0,0,0,0,0,0,0,0,0,0,0,0,0,0,0,0,0,0,0,0,0,0,0,0.173,0,0,0.375,0,0,0,0,0,0,0,0,0,0,0.191,0.175,0,0,0,0,0,0,0,0,0,0,0.189,0,0,0,0,0,0,0.226,0,0,0,0,0,0,0,0,0.151,0,0,0,0,0,0,0,0,0,0,0,0,0,0,0,0,0,0,0,0,0,0,0,0,0,0,0,0,0,0,0,0,0,0,0,0,0,0,0,0,0,0,0,0,0,0,0,0,0,0,0,0,0,0,0,0,0,0,0,0,0,0,0.706,0,0,0,0,0,0,0,0,0,0,0,0,0,0,0,0,0,0,0,0,0,0,0,0,0,0.387,0,0,0,0,0,0.181,0,0,0,0,0,0,0,0,0,0,0,0,0,0,0,0,0,0,0,0.366,0,0,0,0,0,0,0,0,0,0,0,0,0,0,0,0,0,0,0,0,0,0,0,0,0.171,0,0,0,0,0,0,0,0,0,0,0.203,0,0,0,0,0,0,0,0,0,0,0,0,0,0,0,0,0,0,0,0,0,0,0,0,0,0,0,0,0,0,0,0,0,0,0.61,0,0,0,0,0,0,0,0,0,0,0,0,0,0,0,0,0,0,0,0,0,0,0,0,0,0,0,0,0,0,0,0,0,0,0.311,0,0,0,0,0,0,0,0,0,0,0,0,0,0,0,0,0,0.312,0,0,0,0,0,0,0,0,0,0,0,0,0,0,0,0,0,0,0,0,0,0,0,0,0,0,0,0,0.61,0,0,0,0,0,0,0,0,0,0,0,0,0,0,0,0,0,0,0,0,0,0,0,0,0,0,0,0,0,0,0,0,0,0,0,0,0,0,0,0,0,0,0,0,0,0,0,0,0,0,0,0,0,0,0,0,0,0,0,0,0,0,0,0,0,0,0,0,0,0,0,0,0,0,0,0,0,0,0,0,0,0,0,0,0,0,0,0,0,0,0.309,0,0,0,0,0,0,0,0,0.22,0,0,0,0,0,0,0,0,0,0,0,0,0,0.656,0.379,0,0,0,0,0,0,0,0,0,0,0,0,0,0.241,0,0,0,0,0,0,0,0,0,0,0,0,0,0,0,0,0,0,0,0,0,0,0,0,0,0,0,0,0,0,0,0,0,0,0,0,0,0,0,0,0,0,0,0,0,0,0,0,0,0,0,0,0,0,0,0,0,0,0,0,0,0,0,0,0,0,0,0,0,0,0.481,0,0,0,0,0,0,0,0.241,0,0,0,0,0,0,0,0,0,0,0,0,0,0,0,0,0,0,0,0,0,0,0,0,0,0,0,0.333,0,0,0,0,0,0,0,0,0,0,0,0,0,0,0,0,0,0,0,0,0,0,0,0,0,0,0,0,0,0,0,0,0.262,0,0,0,0,0,0,0,0,0,0,0,0,0,0,0,0,0,0,0,0,0,0,0,0,0,0,0,0,0,0,0,0,0,0,0,0.816,0,0,0,0,0,0,0,0,0,0,0,0,0,0,0,0,0,0,0,0,0,0,0,0.177,0,0,0,0,0,0,0,0,0,0,0,0,0,0,0,0,0,0,0,0,0,0,0,0,0,0,0,0,0,0,0,0,0,0,0,0,0,0,0,0,0
852250,0,0,0,0,0,0,0,0,0,0.208,0,0,0,0,0,0.342,0,0,0,0.201,0,0,0,0,0,0,0.156,0,0,0,0,0,0,0,0.247,0,0,0,0,0,0,0,0.151,0,0,0,0,0,0,0,0,0.295,0,0,0,0.214,0.453,0,0,0,0,0,0,0,0,0,0,0,0,0,0.577,0.161,0,0,0,0,0,0,0,0,0,0,0,0,0,0,0.275,0,0.153,0,0,0,0,0,0,0.185,0,0,0,0,0.618,0,0.299,0,0,0,0,0,0,0,0,0,0,0,0,0,0,0,0,0,0,0,0,0,0,0,0,0,0,0,0,0,0,0,0,0,0,0,0.304,0,0.303,0,0,0,0,0,0,0,0,0,0,0,0,0,0,0.342,0,0,0,0,0,0,0,0,0,0,0,0,0,0,0,0,0,0,0,0,0,0,0,0,0,0,0,0,0.257,0,0.163,0,0,0,0,0,0,0,0,0,0,0,0,0,0,0.285,0.228,0,0.337,0,0.422,0,0,0.289,0.171,0,0,0.211,0,0,0,0,0,0,0.53,0,0,0,0,0,0.494,0,0.407,0.361,0,0,0.222,0,0.177,0,0.301,0,0,0,0,0,0,0,0,0,0,0.15,0,0,0,0,0,0,0.164,0,0,0,0,0,0,0,0,0,0.166,0,0,0,0,0,0.283,0,0,0,0,0.252,0,0,0,0.431,0,0,0,0.715,0,0.163,0,0,0.22,0,0,0,0,0,0,0,0,0,0,0,0.349,0.184,0,0.194,0,0,0,0,0,0.309,0,0,0,0,0.291,0.238,0.161,0.635,0,0,0,0,0,0,0.204,0,0,0,0,0.295,0,0,0,0,0,0,0,0,0,0,0,0,0,0,0.529,0.159,0,0,0,0,0,0,0,0.212,0,0,0,0.237,0,0,0,0.172,0.198,0,0,0,0.295,0,0,0,0.194,0.599,0,0.491,0,0,0,0,0,0.192,0,0,0,0.202,0,0.19,0,0.235,0,0,0,0,0,0,0,0.152,0,0,0.15,0,0.222,0.232,0,0,0.185,0,0,0.193,0,0.445,0,0.897,0,0,0,0,0,0,0,0,0.15,0,0,0,0,0.209,0,0,0,0,0.223,0,0,0,0,0,0,0.351,0,0,0,0,0,0,0,0,0,0,0.166,0,0.269,0,0,0,0,0,0.274,0.187,0,0.177,0,0,0.257,0,0.555,0,0,0,0,0,0,0,0,0.269,0,0,0.231,0,0.555,0.629,0,0,0,0.218,0,0.169,0,0,0,0.188,0,0,0,0,0,0,0,0,0,0.167,0,0,0.159,0,0,0,0,0,0,0,0,0,0,0.186,0,0,0.394,0,0,0,0,0,0,0,0,0,0,0,0,0,0,0,0,0.174,0,0,0,0,0.175,0.202,0.156,0,0,0,0,0,0,0,0.6,0,0.713,0,0,0,0,0,0,0.221,0,0,0,0,0.314,0,0,0,0,0.279,0,0,0.183,0,0,0.2,0.186,0,0,0,0,0,0.184,0,0,0.575,0,0,0,0,0,0,0,0,0,0,0,0,0,0,0,0,0,0,0,0,0.241,0.285,0,0,0,0,0,0,0,0,0,0,0,0,0,0,0.25,0,0,0,0,0,0,0,0,0,0,0,0,0.471,0.245,0,0,0,0,0,0,0,0,0.774,0.192,0,0,0.169,0.352,0,0,0,0,0,0.278,0,0,0,0,0,0.271,0,0,0,0,0.645,0,0,0,0,0,0,0,0,0,0.189,0,0,0,0,0,0.171,0.178,0.189,0,0,0,0.203,0,0,0,0.192,0,0.189,0,0,0,0,0,0,0,0.322,0,0.172,0,0,0,0,0,0.685,0,0,0,0,0,0.179,0,0.244,0.336,0.179,0,0,0,0,0,0,0,0,0,0.366,0,0,0,0,0,0.207,0,0,0,0.39,0,0,0,0,0,0,0,0,0,0,0.422,0,0.214,0,0,0,0,0,0,0,0,0,0,0,0,0,0,0.279,0,0,0,0,0,0,0,0,0,0,0,0,0,0,0,0,0,0,0,0,0,0,0.163,0,0,0,0,0,0,0,0,0,0,0,0,0,0.329,0.958,0,0,0,0,0,0.211,0,0,0.181,0.507,0,0,0.163,0,0,0,0.392,0,0,0,0,0,0,0,0,0,0,0,0.432,0,0,0.243,0,0,0,0,0,0,0,0,0,0,0,0.255,0.286,0,0.307,0.176,0,0,0,0,0,0,0,0.183,0,0,0,0.309,0.777,0.383,0,0.154,0.291,0,0,0,0,0,0,0,0,0,0.199,0,0.206,0,0.711,0.188,0,0,0,0,0,0,0,0,0.18,0,0,0,0,0,0,0,0,0,0.213,0,0,0,0.244,0,0,0.381,0,0,0,0,0,0.184,0,0,0.586,0,0,0.273,0,0,0,0.349,0,0,0,0.368,0,0.279,0,0,0,0,0.323,0,0,0,0,0.163,0,0,0,0,0.211,0,0,0.377,0.171,0,0,0,0,0,0,0.178,0,0.744,0,0,0,0,0,0,0,0.3,0,0.202,0,0,0,0,0,0,0,0,0,0,0,0,0,0,0,0,0.168,0,0,0,0,0,0,0,0,0,0,0,0,0,0,0,0,0,0,0,0,0,0,0.151,0,0.151,0,0,0,0,0,0,0,0,0,0,0,0,0,0,0,0,0,0,0,0,0,0,0,0,0,0,0,0,0,0,0,0.323,0,0,0,0,0,0,0,0,0,0,0,0,0,0,0,0,0,0,0,0,0,0,0.211,0,0,0.873,0,0,0,0,0,0,0.433,0,0,0,0,0,0,0,0,0,0,0,0.667,0,0,0,0,0,0,0,0,0,0,0.175,0,0.175,0,0,0,0,0,0,0,0,0,0,0,0,0,0.322,0,0,0,0,0,0,0,0,0,0,0,0,0,0.192,0,0,0,0,0.293,0.155,0,0.277,0,0,0,0,0.255,0,0,0,0,0,0,0,0,0,0.41,0,0.293,0,0.666,0,0,0,0,0.211,0,0.179,0.174,0,0,0,0,0,0,0,0,0,0,0,0,0,0,0,0,0,0,0,0,0,0,0,0,0,0,0,0,0,0.174,0,0,0,0.358,0,0,0,0,0,0,0,0,0.595,0,0,0,0,0,0,0,0,0.276,0,0,0.993,0,0,0,0,0,0,0,0,0,0,0,0,0.351,0,0,0,0,0,0,0,0,0,0,0,0,0,0,0,0,0,0,0,0,0,0,0,0,0,0,0,0,0,0,0.337,0,0,0,0,0,0,0,0.241,0,0,0.171,0,0,0,0,0.175,0,0,0,0,0,0,0,0,0,0,0,0,0,0,0,0,0,0,0,0,0,0,0,0.16,0,0,0,0,0,0,0,0,0,0.164,0,0,0,0,0,0,0,0.176,0,0,0,0,0,0,0,0,0,0,0.261,0,0,0,0,0,0,0,0,0,0,0,0,0,0,0,0,0.639,0,0,0,0,0,0,0.184,0,0,0,0,0,0,0,0,0,0.544,0,0,0,0,0,0,0.228,0,0,0.307,0,0,0,0.16,0,0,0,0,0,0,0,0,0,0,0,0,0,0,0,0,0,0,0,0,0,0,0,0,0.198,0,0,0,0,0,0,0.2,0,0,0,0,0,0,0,0,0,0,0,0,0,0,0,0,0,0,0,0.223,0,0,0,0.254,0,0,0,0,0,0.644,0,0,0,0,0,0,0,0,0,0,0,0,0,0,0,0,0,0,0.33,0,0,0,0,0,0,0,0.272,0,0,0,0,0,0,0,0,0,0,0.484,0,0,0,0,0,0,0,0,0,0,0,0,0,0,0,0,0,0,0.298,0,0,0,0,0,0,0,0,0,0,0,0,0.353,0,0.186,0,0,0,0,0,0,0,0,0.358,0,0,0,0.211,0,0.353,0,0,0,0,0,0,0,0,0,0,0,0,0,0,0,0,0,0,0,0,0,0,0,0,0,0,0.24,0,0,0,0,0,0.166,0,0,0.333,0,0,0,0,0,0,0.22,0,0,0,0,0,0,0,0,0,0,0,0,0,0,0.174,0,0,0,0,0,0,0,0,0,0,0,0,0.225,0,0.256,0,0,0,0,0,0,0,0,0,0,0,0,0,0,0,0,0,0,0,0,0,0.404,0,0,0,0,0,0,0,0,0,0,0,0,0,0.585,0,0,0,0,0.153,0,0,0,0.36,0,0,0,0,0,0,0,0,0,0,0,0,0,0,0,0,0,0,0,0,0,0,0.296,0,0.433,0,0,0,0.205,0,0,0,0,0.311,0,0,0,0,0,0,0,0,0,0,0,0,0,0,0,0,0,0,0,0,0,0,0,0,0,0,0,0,0,0,0,0,0,0,0,0,0,0,0.48,0,0,0.152,0,0,0,0,0,0,0,0.16,0,0,0,0,0,0,0,0,0.222,0,0,0,0,0,0.182,0,0,0,0,0,0,0,0,0,0,0,0,0,0,0,0,0,0.548,0,0,0,0,0,0,0,0,0,0,0,0,0,0,0,0,0,0,0,0,0,0,0,0,0,0,0,0.296,0,0.179,0,0,0,0,0,0,0,0.158,0,0,0,0,0,0,0,0,0,0,0,0,0,0,0,0,0,0,0,0,0,0,0,0,0,0,0,0,0,0,0,0,0,0,0,0,0,0.292,0,0,0,0,0,0,0,0,0,0,0.15,0,0,0,0,0,0,0,0,0,0,0,0,0,0,0.539,0,0,0,0.46,0,0,0,0,0,0,0,0,0,0,0.243,0,0,0,0,0.229,0,0,0,0.172,0,0,0,0,0.194,0,0,0,0.333,0,0.417,0,0,0,0,0,0,0,0,0,0,0,0,0,0.233,0,0,0.273,0,0.562,0,0,0,0,0,0,0,0,0,0,0,0,0,0,0,0,0,0,0,0,0,0,0,0,0,0,0,0.172,0,0,0,0,0,0,0,0,0,0,0,0,0,0,0.176,0,0,0,0,0,0,0,0,0.927,0,0,0,0,0,0,0,0,0,0,0,0,0,0,0,0,0,0,0.22,0.164,0,0,0,0,0,0,0,0,0,0,0.979,0,0,0.384,0.153,0,0,0,0,0,0,0,0.239,0,0,0,0,0.26,0,0,0,0.186,0,0,0,0,0,0,0,0,0.23,0,0,0,0,0.709,0,0.235,0,0,0,0,0,0,0,0,0,0,0,0,0,0,0,0,0,0,0,0,0.499,0,0,0,0,0,0,0,0,0,0,0.251,0,0,0,0,0,0,0,0,0,0,0,0,0,0,0,0,0,0,0,0,0,0,0,0,0.265,0,0,0,0,0,0,0,0,0,0,0,0,0,0,0,0,0,0,0,0,0,0,0,0,0,0,0,0,0,0,0,0,0,0,0,0,0,0,0.181,0,0,0,0,0,0.173,0,0.297,0,0.181,0,0,0,0,0,0,0,0,0,0,0,0,0,0,0,0,0,0,0,0,0,0.353,0,0,0,0,0,0,0,0,0,0,0,0,0,0,0,0.218,0,0,0,0,0.173,0,0,0,0,0,0.342,0,0,0,0,0,0,0,0,0,0,0,0,0,0,0,0,0,0,0,0,0,0,0,0,0,0,0,0,0,0,0,0,0,0,0,0,0,0,0.151,0.345,0,0,0,0.249,0,0,0,0,0.342,0.234,0,0,0,0,0,0.206,0,0,0,0,0,0.237,0,0,0,0,0,0,0,0,0,0,0,0.811,0,0.813,0,0,0,0.41,0,0,0,0,0.979,0,0,0,0,0,0.585,0,0.396,0,0,0.616,0,0,0,0,0,0,0,0,0,0,0,0,0,0.199,0,0,0,0,0,0,0,0,0.315,0,0,0,0,0,0.931,0,0.81,0,0.204,0,0,0,0,0,0,0,0,0,0,0,0,0,0,0,0,0.183,0,0,0,0,0,0.229,0,0,0,0,0.335,0.19,0.663,0,0,0,0,0,0,0,0,0,0,0,0,0,0,0.153,0,0,0.198,0,0,0.315,0,0,0,0,0,0,0,0,0,0,0,0,0,0,0,0,0,0,0,0,0,0,0,0,0,0,0,0,0,0,0,0,0,0,0,0,0,0,0,0,0,0,0,0,0,0,0,0,0,0,0,0,0.535,0,0,0,0,0,0,0,0,0,0,0,0,0,0,0,0,0,0,0,0,0,0,0,0,0,0.171,0,0,0,0,0,0,0,0,0.694,0.171,0,0,0,0,0,0,0,0,0,0,0,0,0,0,0,0,0,0,0,0,0,0,0,0,0,0,0,0,0,0,0,0.228,0,0,0.229,0.318,0,0.191,0,0,0,0,0,0,0,0,0,0,0,0,0.195,0,0,0,0,0,0,0,0,0,0,0,0,0,0.931,0,0,0,0,0,0,0,0,0,0,0,0,0,0,0,0,0,0,0,0,0,0,0,0,0,0,0,0,0.54,0,0,0,0,0,0,0,0,0,0,0,0,0,0,0,0,0.245,0,0,0,0,0,0,0,0,0,0.179,0.208,0,0,0,0,0,0,0,0,0,0,0,0,0,0,0,0,0,0,0,0,0,0,0,0,0,0,0,0,0,0,0,0,0,0,0,0,0,0,0,0,0,0,0,0,0,0,0,0,0,0.208,0,0,0,0,0,0,0,0,0,0,0,0,0,0,0,0,0,0,0,0,0,0,0,0,0,0,0,0,0,0,0,0,0,0,0,0,0,0,0,0,0.27,0,0,0,0,0,0,0,0,0,0,0,0,0,0,0,0,0,0,0,0,0,0,0,0.533,0,0,0,0,0,0,0,0,0,0,0.308,0.697,0,0,0,0,0,0.431,0,0.154,0,0,0,0,0,0.28,0,0.383,0,0,0.401,0,0,0.275,0.347,0,0,0,0,0.68,0,0,0,0,0.344,0,0,0,0,0,0.216,0,0,0,0,0,0,0,0.416,0,0,0,0,0,0,0.324,0,0.228,0,0,0,0,0,0,0,0,0,0,0,0.173,0.432,0.577,0,0.198,0.662,0.408,0,0.545,0.258,0,0,0,0,0.269,0,0,0,0.173,0,0,0,0.344,0.183,0,0,0,0,0,0.165,0,0.349,0,0.268,0,0.349,0,0,0,0.261,0,0.154,0.336,0.324,0.206,0.179,0,0.327,0,0.238,0.345,0.591,0.183,0.208,0,0.323,0.262,0.416,0.341,0,0.733,0,0.173,0.311,0.271,0,0,0,0,0,0,0,0,0,0,0,0,0,0,0,0,0.368,0,0,0.28,0.213,0,0,0,0,0,0.203,0.368,0,0,0.368,0,0,0,0.273,0.347,0,0.385,0,0.315,0,0,0.3,0.336,0.746,0,0,0.22,0,0,0,0,0,0,0.599,0,0,0.288,0,0,0,0.209,0.337,0.323,0.432,0,0,0,0,0.375,0,0,0,0,0,0,0,0.249,0,0,0.662,0,0.418,0,0,0.312,0.401,0.312,0,0.201,0,0,0,0,0,0,0,0,0,0.364,0.367,0,0,0,0,0,0,0,0,0,0,0,0,0,0,0,0,0,0,0,0,0,0,0,0,0,0,0,0,0,0,0,0,0,0,0,0,0,0,0,0,0,0,0,0.175,0,0,0,0,0.154,0,0,0.179,0,0,0,0,0,0,0,0,0,0,0,0,0,0,0,0,0,0,0,0,0,0,0,0.179,0,0,0,0,0,0.19,0,0,0,0,0,0,0,0,0,0,0,0,0,0,0,0,0.942,0,0,0,0,0.266,0,0,0,0,0.442,0,0,0.26,0,0,0,0,0,0,0.192,0,0,0,0,0,0,0,0,0.6,0.404,0,0,0,0,0.522,0,0,0,0,0,0,0.353,0,0,0,0.212,0,0,0,0,0.23,0,0.194,0,0,0,0,0,0,0,0.408,0,0,0,0,0,0,0,0,0,0,0,0.668,0,0,0,0,0.212,0.26,0,0,0.399,0.156,0,0,0,0,0,0,0,0,0,0,0,0,0,0.418,0,0,0,0,0,0,0,0,0,0,0,0,0,0,0,0,0,0,0,0,0,0,0,0,0,0,0,0,0,0,0,0.206,0,0,0,0,0,0.158,0,0,0.175,0.269,0,0,0,0.164,0,0,0,0,0.161,0,0,0,0,0,0,0,0,0,0,0,0,0.304,0,0.455,0,0,0.305,0,0,0,0,0.503,0,0.196,0.237,0.344,0.151,0,0,0,0,0,0,0,0.427,0,0.198,0,0,0,0,0,0,0,0,0,0,0,0,0,0,0,0,0,0,0,0,0,0,0,0,0,0,0,0,0,0,0,0,0,0,0,0,0.194,0,0,0,0.341,0,0,0.458,0,0,0,0,0.521,0,0,0,0,0,0,0,0,0.171,0,0,0,0,0,0,0,0,0,0,0,0.157,0,0,0,0,0,0,0,0,0,0,0,0,0.692,0,0,0,0,0,0,0.937,0,0,0,0,0,0,0,0,0,0,0.23,0,0.205,0.345,0,0,0,0,0,0,0,0,0,0,0,0,0.336,0,0,0,0,0,0,0,0,0,0.683,0.307,0,0,0,0,0,0,0,0,0,0,0.269,0,0,0,0,0,0,0.161,0.442,0,0,0,0,0,0,0,0,0,0,0,0,0,0,0,0,0,0,0,0,0,0,0,0,0,0,0.554,0.202,0,0,0.605,0,0,0,0,0,0,0,0,0,0,0,0,0,0,0.223,0,0,0,0,0,0,0,0.46,0,0,0.196,0.812,0,0,0,0,0,0,0,0,0,0,0,0,0,0.945,0,0,0,0,0,0,0,0,0,0.161,0,0,0,0,0,0,0,0,0,0,0,0,0,0,0,0,0,0,0,0.271,0,0,0,0,0,0,0,0,0,0,0,0,0,0,0,0,0,0.315,0,0,0,0,0,0,0,0,0,0,0,0.424,0,0.981,0,0,0.374,0,0,0.558,0.597,0,0.245,0,0,0,0,0,0,0.265,0.188,0.426,0,0,0,0.29,0,0,0,0,0,0,0,0,0,0,0,0,0,0,0,0,0,0,0,0,0,0,0,0,0,0,0,0,0.753,0,0,0,0.275,0,0,0,0.196,0.229,0,0,0.295,0,0,0,0,0,0,0,0,0,0,0.157,0,0,0,0,0,0,0,0,0,0,0,0,0,0,0,0,0,0,0,0,0,0,0,0,0,0,0.386,0,0,0,0,0,0,0,0,0,0,0,0,0,0,0,0,0,0,0,0,0,0,0,0,0,0,0,0,0,0.228,0,0,0.186,0,0,0.211,0,0,0,0,0,0,0,0,0.281,0,0,0,0,0,0,0,0,0.22,0,0,0,0,0,0,0,0,0,0,0,0,0,0,0,0,0,0,0,0,0,0,0,0,0,0,0,0,0,0,0,0,0,0,0,0,0,0,0,0,0,0,0.152,0,0,0,0,0.243,0,0,0,0,0,0,0,0,0,0,0,0,0,0,0,0,0,0,0,0,0,0,0,0,0,0,0.641,0,0,0,0,0,0,0,0,0,0,0,0,0,0,0,0,0,0,0,0,0.157,0,0,0,0,0,0,0,0,0.246,0,0,0.498,0,0,0,0,0,0,0,0,0,0,0,0,0,0,0,0.194,0,0,0,0,0,0.252,0,0,0.176,0,0,0,0,0,0,0,0,0,0,0,0,0,0,0.237,0,0,0,0,0,0,0,0,0,0,0,0,0,0,0,0,0,0,0,0,0,0,0,0,0,0,0.159,0,0,0,0,0,0,0,0,0,0,0,0,0,0,0.598,0,0,0,0.235,0,0,0,0,0,0,0,0,0,0,0,0,0,0,0,0,0,0,0,0,0,0,0,0,0,0,0,0,0,0,0,0.338,0,0,0,0.696,0,0,0,0,0,0,0,0.171,0,0,0,0,0,0,0,0,0,0.267,0,0,0,0.245,0,0,0,0,0,0,0,0,0,0,0,0,0.234,0,0,0,0.181,0,0,0,0.481,0,0,0,0,0,0.194,0,0,0,0,0,0,0,0,0,0,0,0,0,0,0,0,0,0,0,0,0,0,0,0.381,0,0.205,0,0,0,0,0,0,0,0,0,0,0,0,0,0,0,0,0,0,0,0,0,0,0,0,0,0,0,0.445,0,0,0,0,0,0,0,0,0,0,0,0,0,0,0,0,0,0,0,0,0.284,0,0,0,0,0,0.302,0,0,0,0,0,0,0,0,0,0,0.164,0,0,0,0,0.267,0,0,0,0,0,0,0,0,0,0,0,0,0,0,0,0,0,0,0,0,0,0,0,0,0,0,0,0,0,0,0,0,0,0,0,0,0,0,0,0,0,0,0,0,0,0,0,0,0,0,0,0,0,0,0,0,0,0,0,0,0,0,0,0,0,0,0,0,0,0,0,0,0,0,0,0,0,0,0.171,0,0,0,0,0,0,0,0,0,0,0,0,0,0,0,0,0,0,0,0,0,0,0,0,0,0.306,0,0.276,0,0.39,0,0,0,0.239,0,0,0,0,0,0,0.177,0,0,0,0.191,0,0,0,0,0,0,0,0,0,0,0,0,0,0,0,0.268,0.193,0,0,0,0,0,0,0,0,0,0,0,0,0,0,0,0,0.289,0,0,0,0,0,0,0,0,0,0,0,0,0,0,0,0,0,0,0.34,0,0,0,0,0,0,0,0,0,0.247,0,0,0,0,0,0,0,0,0,0,0,0,0,0,0,0,0,0,0,0,0.169,0,0,0,0,0,0,0,0,0,0,0,0,0,0,0,0,0,0,0,0,1
854794,0,0,0,0,0,0,0,0,0,0,0,0,0,0,0,0.162,0,0,0,0,0,0,0,0,0,0,0,0,0,0,0,0,0,0,0,0,0,0,0,0,0,0,0,0,0.198,0,0,0,0,0,0,0.999,0,0,0,0,0,0,0.162,0,0,0,0.64,0,0,0,0,0,0,0,0.255,0,0,0,0.269,0,0,0,0,0,0,0,0,0,0,0,0,0,0.198,0,0,0.284,0,0.162,0,0.999,0,0,0,0,0,0,0,0,0,0,0,0,0,0,0,0,0,0,0,0,0,0.165,0.198,0,0,0.162,0.182,0,0,0,0,0.992,0,0,0,0,0,0,0,0,0,0,0,0,0.999,0.926,0.19,0,0,0,0,0,0.293,0,0,0,0,0,0,0,0,0,0,0,0,0,0,0,0,0,0,0,0,0,0,0,0,0,0,0,0,0,0,0,0,0,0,0,0.162,0,0,0,0,0.776,0.289,0,0,0.257,0,0.269,0.272,0,0,0,0,0,0,0.795,0,0,0.999,0,0,0.17,0,0,0.279,0.253,0,0,0.256,0.216,0.381,0,0.999,0,0.194,0.921,0,0,0,0,0,0.945,0.316,0,0.998,0,0.351,0,0.379,0.219,0,0,0,0,0,0,0.536,0,0,0.432,0,0,0,0,0,0,0,0,0,0,0,0,0.276,0,0,0,0.169,0,0,0,0,0,0,0,0,0,0,0.997,0,0.302,0.257,0,0,0,0.612,0,0,0.762,0,0.373,0,0.364,0,0,0,0,0,0.431,0,0.81,0,0,0.999,0,0,0.908,0,0,0,0.414,0,0.999,0,0.198,0,0,0.997,0,0,0,0,0,0,0,0,0,0.314,0.271,0,0,0,0.608,0,0,0.527,0.907,0.457,0,0,0,0,0,0,0,0,0.394,0,0.171,0,0,0,0,0,0,0,0,0,0,0,0,0,0.428,0,0.16,0,0,0,0,0,0.264,0,0.999,0.232,0.959,0,0,0,0,0.999,0,0,0,0,0,0,0.997,0,0,0,0,0,0.219,0.558,0,0,0,0,0,0.999,0.194,0.891,0,0.444,0.409,0.262,0,0.747,0,0,0,0.176,0.95,0,0,0,0,0,0.227,0.198,0,0,0,0,0,0.194,0,0.158,0.184,0.201,0.448,0.257,0,0,0,0,0,0,0,0.232,0,0.291,0,0,0.171,0,0,0,0,0,0,0,0,0.999,0,0.347,0,0,0,0,0.34,0,0.19,0,0.317,0,0,0,0,0,0.314,0,0,0.185,0,0,0.999,0,0,0,0,0,0.877,0,0,0,0.276,0,0.255,0,0,0,0,0,0.994,0,0,0,0,0,0,0.904,0.608,0.262,0,0,0,0,0,0,0,0.835,0,0,0,0,0,0.644,0,0.999,0.294,0,0,0,0,0,0.227,0,0.344,0.91,0,0,0,0,0,0,0,0.33,0,0.966,0,0.264,0,0.338,0,0,0.31,0,0,0,0,0.73,0.224,0.214,0,0,0,0,0,0,0,0,0,0,0,0,0,0,0.294,0.168,0.428,0,0,0,0,0,0,0,0.283,0.264,0,0,0,0,0,0,0,0.203,0.934,0,0,0,0,0.799,0,0,0.174,0,0,0,0.658,0,0.323,0,0,0,0.228,0,0,0,0.34,0,0,0,0,0.339,0,0,0,0.296,0.825,0.157,0,0,0,0,0,0.767,0,0,0,0,0,0,0,0,0.362,0.624,0,0,0,0.162,0,0,0.26,0,0.313,0.157,0,0,0,0,0,0,0,0,0,0.28,0.219,0,0,0,0,0.237,0,0,0,0,0,0,0,0,0,0,0,0,0,0,0,0,0,0,0,0,0.795,0,0,0,0,0.291,0.283,0,0,0,0,0,0,0.527,0.256,0,0,0,0,0,0.184,0,0,0.289,0,0.338,0.388,0,0.244,0,0,0,0,0.218,0,0,0.269,0.999,0,0,0,0,0,0,0.357,0,0,0,0.999,0,0,0,0.229,0,0.665,0,0,0,0,0,0.179,0,0,0,0,0,0.33,0.448,0,0.999,0,0.89,0,0.219,0.434,0,0.237,0,0,0,0,0,0,0,0,0,0,0,0,0,0.987,0,0.312,0,0,0.399,0,0,0,0.158,0,0,0,0,0.911,0,0,0,0,0.36,0.191,0.166,0,0,0,0,0,0,0,0,0,0.179,0,0.187,0,0,0,0,0,0,0,0,0,0.837,0,0.284,0,0.433,0.264,0,0,0,0,0,0,0.256,0,0,0,0,0,0.184,0,0.606,0.257,0,0.999,0,0.342,0.854,0,0,0,0,0,0,0.256,0.902,0.228,0.162,0,0,0,0,0,0,0.649,0,0,0,0,0,0,0,0,0,0.999,0.236,0,0,0,0,0,0,0.764,0,0.402,0,0,0.171,0.162,0.999,0,0,0.255,0,0.198,0,0.542,0,0.198,0,0,0.163,0,0.16,0.226,0.188,0,0,0,0.173,0,0,0,0,0,0.264,0.996,0.256,0.997,0,0,0,0,0.282,0,0,0.278,0.999,0,0,0.158,0.15,0.369,0,0.999,0,0.911,0.831,0.999,0,0.38,0,0,0,0,0,0,0.329,0,0,0.15,0,0,0,0,0.915,0,0.481,0.999,0,0.318,0,0,0,0,0.229,0.806,0,0.164,0,0,0.186,0.891,0,0,0,0.185,0,0.998,0,0,0,0,0,0,0,0.264,0,0,0,0,0,0,0,0,0,0,0,0,0.264,0,0,0,0,0,0,0,0,0,0,0,0,0,0,0,0,0,0,0,0,0,0,0,0,0,0.555,0,0.175,0,0,0,0,0,0,0,0,0,0,0,0,0.198,0,0.999,0,0.22,0,0,0,0,0,0,0.169,0.999,0,0,0,0,0,0,0,0,0,0,0.456,0,0,0,0,0,0,0,0,0,0,0,0,0,0,0.198,0,0,0,0,0,0,0.208,0,0,0,0,0,0,0.901,0,0,0,0.198,0,0,0,0,0,0,0,0,0,0,0,0,0,0,0,0,0,0,0.999,0,0,0.198,0,0,0,0,0,0.916,0,0,0.199,0,0,0,0,0,0,0,0,0,0,0,0,0,0,0,0.999,0,0,0,0,0,0,0,0.194,0,0,0.999,0,0,0,0,0,0,0,0,0.999,0.388,0.562,0,0,0,0.222,0,0,0,0.416,0,0,0,0,0,0,0,0,0,0,0,0,0.198,0,0,0,0,0,0,0,0,0,0,0,0,0,0.999,0,0,0.232,0.57,0,0,0.354,0,0,0,0,0,0,0,0,0.999,0,0.198,0.196,0,0,0,0.277,0,0.471,0,0.998,0.56,0,0,0,0.223,0,0,0,0,0,0,0,0,0,0.198,0,0.262,0,0,0,0,0,0,0,0,0,0,0,0.999,0.198,0,0,0,0,0.44,0,0,0,0,0,0,0,0,0.198,0.979,0,0,0,0,0.165,0,0,0,0.449,0,0,0,0,0,0,0.999,0,0.999,0,0.22,0,0.208,0,0,0,0,0,0,0,0,0,0,0,0.198,0,0,0,0,0,0.198,0,0,0,0,0,0,0,0,0,0,0,0,0,0,0,0.665,0.154,0.198,0,0,0,0,0,0.198,0,0,0,0,0.935,0,0,0,0.198,0.198,0.388,0,0,0.198,0.198,0,0,0,0,0.198,0,0.208,0,0,0.57,0,0,0,0,0,0,0,0,0,0,0,0,0,0.999,0,0,0,0.198,0,0,0,0,0,0,0,0,0,0.238,0,0,0.577,0,0,0,0,0,0,0,0,0,0.168,0,0,0,0,0,0,0,0,0,0,0,0,0.662,0,0,0.825,0,0,0,0,0,0.277,0,0.398,0,0.193,0,0,0,0,0,0,0,0,0,0,0,0,0,0,0,0,0,0.9,0,0,0,0,0.53,0,0,0,0,0,0.198,0,0,0,0.232,0,0,0,0,0,0,0,0,0.43,0,0,0,0,0,0.555,0,0.999,0,0,0,0.198,0,0,0,0,0,0,0,0,0,0,0,0,0,0,0,0,0,0,0,0,0,0,0,0,0,0.17,0,0,0,0,0,0,0,0.192,0.205,0,0,0,0,0,0.198,0,0,0,0,0.198,0,0,0,0.354,0,0,0,0,0,0,0,0,0,0,0,0,0,0,0,0,0,0,0,0,0,0,0,0,0,0,0.553,0,0,0,0,0,0,0,0,0,0.169,0,0.517,0,0,0,0,0,0,0,0,0,0,0,0,0,0,0,0,0,0,0,0,0,0,0,0,0,0,0,0,0,0.173,0,0,0,0,0,0,0,0,0,0,0,0,0,0,0,0,0,0,0,0,0,0,0,0.936,0,0.243,0,0.803,0,0,0.912,0.998,0.9,0.9,0.273,0,0.953,0.63,0,0.408,0,0.209,0,0,0.983,0,0,0,0.208,0.801,0,0,0,0,0,0,0,0.981,0,0,0,0,0,0.913,0,0,0,0,0,0,0.9,0,0.915,0.999,0.497,0.937,0,0.999,0.926,0,0,0,0,0,0.909,0,0,0,0.998,0,0,0,0,0,0,0,0.267,0,0,0,0,0,0.181,0,0.206,0.276,0,0,0,0,0.908,0,0,0.179,0,0.999,0,0,0,0,0,0.168,0,0,0,0,0.171,0,0,0,0.471,0.983,0,0,0,0,0.517,0,0.253,0,0,0,0,0,0,0,0,0.999,0,0.359,0,0.912,0,0.917,0,0,0,0.996,0,0,0,0,0.473,0,0,0.341,0,0,0,0.319,0,0,0,0,0,0.8,0,0.353,0,0,0,0,0,0,0.999,0,0.826,0.608,0,0,0.913,0,0,0.979,0.175,0,0,0.995,0,0.999,0,0,0,0.27,0.981,0,0.267,0,0.988,0.317,0.206,0,0.57,0,0,0,0,0.462,0,0,0.413,0,0,0,0.777,0,0.208,0.923,0,0,0,0,0,0.983,0,0,0.981,0,0.9,0.201,0,0,0,0,0,0,0,0,0.222,0.903,0,0.497,0.902,0,0.228,0,0,0,0.207,0,0.465,0,0.9,0,0,0,0,0,0.316,0,0,0,0,0.262,0,0,0,0,0,0,0,0,0,0.907,0,0,0,0,0.892,0,0,0.261,0,0,0,0,0,0,0,0,0,0,0,0,0,0,0,0,0.999,0,0,0,0,0,0,0,0.166,0,0,0,0,0,0,0,0,0,0,0,0,0,0,0,0,0,0,0,0.175,0,0,0,0,0,0,0,0,0,0,0,0,0,0,0,0,0,0,0,0,0,0.359,0,0.199,0,0,0,0.194,0,0,0,0,0,0,0,0,0,0,0,0,0,0,0,0,0.608,0,0.764,0,0,0,0,0,0,0,0,0,0,0,0,0.169,0,0,0,0,0,0,0,0,0,0,0,0,0,0.756,0,0.3,0.928,0,0,0,0,0,0,0,0,0,0,0,0,0,0,0,0,0,0,0,0,0,0,0,0,0.18,0,0,0,0,0,0,0,0,0,0,0.797,0,0,0,0,0,0,0,0,0,0,0,0,0,0,0,0,0,0,0,0,0,0,0,0,0,0,0,0,0,0.998,0,0,0.997,0.217,0,0,0,0,0,0,0,0,0,0,0,0,0,0,0,0,0,0,0,0,0,0,0,0,0,0,0,0,0,0,0,0,0,0,0,0,0,0.338,0,0,0,0,0,0,0,0,0,0,0,0,0,0,0,0.214,0.153,0,0,0,0,0,0.294,0.254,0,0,0,0.999,0,0,0,0,0,0,0.92,0,0,0,0,0,0,0,0,0,0,0,0,0,0,0,0,0,0,0,0,0,0,0,0,0,0,0,0,0,0,0,0,0,0,0,0,0,0,0,0.999,0,0,0,0,0,0.999,0,0,0,0,0.999,0,0,0,0,0,0,0,0,0.787,0,0,0,0,0,0,0,0,0,0,0,0,0,0.91,0,0,0,0.908,0,0,0,0,0,0.169,0.412,0.998,0,0,0,0.713,0,0,0,0,0.312,0,0,0,0,0,0,0,0,0,0,0.198,0.216,0,0,0,0,0,0.338,0,0.496,0,0,0,0,0.15,0,0.265,0,0,0,0.662,0,0,0,0,0.265,0,0,0,0,0,0,0,0,0,0,0,0,0,0,0,0,0.488,0,0,0.914,0.514,0.517,0.302,0,0.187,0,0,0,0,0,0,0,0,0.999,0,0,0,0,0,0,0,0.662,0,0,0,0,0.234,0,0.902,0.314,0,0,0,0,0,0,0,0,0,0,0.187,0.676,0,0,0.206,0.313,0,0.234,0,0,0,0,0.881,0.15,0.21,0,0,0,0,0.311,0,0,0,0,0,0,0,0,0,0,0,0.999,0,0,0.999,0,0,0,0,0,0,0,0,0,0,0,0,0,0,0,0,0,0.555,0,0,0,0,0,0,0,0,0,0,0,0,0,0,0,0,0,0,0,0,0,0,0,0,0,0,0,0,0,0,0,0,0.308,0,0,0,0,0,0.308,0,0,0,0,0,0,0,0,0,0,0,0,0,0,0,0,0,0,0,0,0,0,0,0,0,0,0,0,0,0,0,0,0,0,0,0,0,0,0,0,0,0,0,0.324,0,0,0,0,0,0,0,0,0,0,0,0,0,0.208,0,0,0,0,0,0.528,0,0,0,0,0,0,0,0,0,0,0,0,0,0,0.239,0,0,0,0,0,0,0,0,0,0,0,0,0,0,0,0,0,0,0,0,0,0,0,0,0,0,0,0,0.999,0,0,0,0,0,0,0,0,0,0,0,0,0,0,0,0,0,0.253,0,0,0,0,0,0,0,0,0.321,0,0.451,0.261,0,0,0,0,0.608,0,0,0,0,0,0,0,0,0,0,0,0,0.908,0,0,0,0,0,0,0,0,0,0,0,0,0,0,0,0,0,0,0,0,0,0,0,0,0,0.209,0,0,0,0,0,0,0,0,0,0,0,0.897,0,0,0,0,0,0,0,0,0,0,0,0,0,0,0,0,0,0,0,0,0,0,0,0,0,0,0,0,0,0,0,0,0,0,0,0,0,0,0,0,0,0,0,0,0,0,0,0,0,0,0,0,0,0,0,0,0,0,0,0,0,0,0,0,0,0,0,0,0,0,0,0,0,0,0,0,0,0.8,0,0,0,0,0,0,0,0,0,0,0,0,0,0,0.845,0.837,0.999,0.716,0.236,0,0,0.208,0.999,0.996,0.999,0.801,0,0.999,0.984,0.156,0.72,0.999,0,0.993,0.991,0,0.308,0.908,0.741,0,0.344,0.998,0.57,0.999,0.903,0,0.996,0,0.922,0,0,0.903,0.743,0.999,0.596,0.999,0.803,0.942,0.903,0.208,0,0.999,0.999,0.287,0.929,0,0.98,0.597,0.194,0.471,0.716,0.31,0.846,0,0.311,0.999,0.999,0.998,0.999,0.98,0.986,0.999,0,0.258,0.999,0.716,0.999,0,0.267,0,0.716,0,0,0,0.999,0.998,0,0.999,0.997,0.999,0.173,0,0.999,0.263,0.716,0.843,0.289,0.999,0.242,0.608,0,0.999,0.999,0,0.98,0,0.828,0.999,0.919,0.999,0.999,0.716,0.999,0.999,0.726,0,0.998,0.955,0.997,0,0.999,0.999,0.766,0.999,0.864,0,0,0.54,0.999,0.996,0.736,0.796,0.31,0.9,0.47,0,0.999,0.874,0.716,0,0.999,0.881,0.171,0,0,0,0.999,0.999,0,0,0.79,0.999,0.98,0.823,0.999,0.835,0,0.613,0.999,0.999,0.242,0.998,0.15,0.999,0.202,0,0.999,0,0.769,0.997,0.999,0.693,0.902,0.999,0.999,0,0.27,0.476,0.364,0,0.764,0,0,0,0.896,0.949,0,0.716,0.173,0.631,0.9,0.979,0.958,0.999,0.999,0.999,0.91,0.9,0,0.999,0.999,0.807,0,0.994,0,0.999,0.999,0,0.999,0.984,0,0,0.227,0.999,0.938,0,0.992,0.999,0.999,0.208,0.837,0.998,0.9,0.909,0,0,0.999,0,0.999,0.904,0.362,0.999,0,0,0,0.353,0,0,0,0,0,0,0,0.44,0,0,0,0,0,0.181,0,0,0,0,0,0,0,0,0,0,0,0.155,0,0,0,0,0,0,0,0,0,0,0,0,0,0.999,0,0,0,0,0,0,0,0,0,0,0,0,0,0,0,0,0,0,0,0,0,0,0,0,0,0,0,0,0,0,0,0,0,0,0,0,0,0,0,0,0,0,0,0,0,0,0,0,0,0,0,0,0,0,0.221,0,0.191,0,0,0.262,0,0,0,0,0,0,0.175,0,0,0,0,0.363,0,0,0,0,0,0,0,0,0.158,0,0,0,0,0,0,0,0,0.151,0,0,0,0,0.158,0,0,0,0.158,0,0,0,0.262,0.191,0,0,0,0,0,0,0.186,0,0,0,0,0,0,0,0,0,0,0,0,0,0,0,0,0,0,0,0,0,0,0,0,0,0.158,0,0,0,0,0,0,0,0,0,0,0,0,0,0,0.162,0,0,0,0,0,0,0,0,0,0,0,0,0.552,0,0,0,0,0,0,0,0,0,0,0,0,0,0,0.184,0,0,0,0,0,0,0,0,0,0,0.347,0.319,0,0,0,0,0.294,0.158,0,0,0,0,0,0.904,0.586,0,0,0.89,0,0,0,0,0.375,0.375,0.236,0.205,0,0.355,0,0,0,0,0,0,0,0,0,0,0,0,0,0,0,0,0,0,0,0,0,0,0,0,0,0,0,0,0,0,0,0,0,0.185,0,0,0,0,0,0,0.193,0,0,0,0.317,0,0,0,0,0,0,0,0,0,0,0,0,0,0,0,0,0,0,0,0,0.596,0.318,0,0,0,0,0,0,0,0,0,0,0,0,0,0,0,0,0,0,0,0,0,0,0,0,0.305,0,0,0,0,0,0,0,0,0.667,0,0,0,0,0,0,0,0,0,0,0,0,0,0,0,0,0,0,0,0,0,0,0,0,0,0,0,0,0,0,0,0,0,0,0,0,0,0,0,0,0,0,0,0,0,0,0,0,0.407,0,0,0,0,0,0,0,0,0,0,0,0,0.158,0,0,0,0,0,0,0,0,0,0,0,0,0,0,0,0,0,0,0,0,0,0,0,0,0,0,0,0,0,0,0,0,0,0,0.237,0,0,0,0,0,0,0,0,0,0,0,0,0,0,0,0,0,0,0,0,0,0,0,0,0,0,0,0,0.272,0,0,0,0,0,0,0,0,0,0,0,0,0,0,0,0,0,0,0,0,0,0,0,0,0,0,0,0,0,0,0,0,0,0,0,0,0,0,0,0,0,0,0,0.35,0,0,0,0,0,0,0,0,0,0,0,0,0,0,0.208,0,0,0,0,0,0,0,0,0,0,0,0,0,0,0,0,0,0,0,0,0,0,0,0,0,0,0,0,0,0,0,0,0,0,0,0,0,0,0,0,0,0,0,0,0,0,0.172,0,0,0,0,0,0.276,0,0,0,0,0,0,0,0.208,0,0,0,0,0,0,0,0,0,0,0,0,0,0,0,0,0,0,0,0,0,0,0,0,0,0,0,0,0,0,0,0,0,0,0.321,0,0,0,0,0,0,0,0,0,0,0,0,0,0,0,0,0,0,0,0,0,0,0,0.151,0,0,0,0,0,0,0,0,0,0,0,0,0,0,0,0,0,0,0,0,0,0,0,0.326,0,0,0,0,0,0,0,0,0,0,0,0,0,0,0,0,0,0,0,0,0.246,0,0.207,0,0,0.305,0,0,0.364,0,0,0,0,0,0,0,0,0,0,0,0,0,0,0,0,0,0,0,0,0,0,0,0,0,0,0,0,0,0,0,0,0,0,0,0.237,0,0,0,0,0,0.175,0,0.273,0,0,0,0,0,0,0,0,0,0,0,0,0,0,0,0,0,0,0,0,0,0,0,0,0,0,0,0,0,0,0,0,0,0,0,0,0,0,0,0.204,0,0,0,0,0,0,0,0,0,0,0,0,0,0,0,0,0,0,0,0,0,0,0,0,0,0,0,0,0,0,0,0,0,0,0,0,0.659,0,0,0,0,0,0,0,0,0,0,0,0,0,0,0,0,0,0,0,0,0,0,0,0,0,0,0,0,0,0,0,0,0,0,0,0,0,0,0,0,0,0,0,0,0,0,0,0,0,0,0,0,0,0,0,0,0,0,0,0,0,0.422,0,0,0,0.298,0,0,0,0,0,0.501,0,0,0,0.158,0,0,0,0,0,0,0,0,0,0,0,0,0,0,0,0,0,0,0,0.184,0,0,0.305,0,0,0,0,0,0,0,0,0,0,0,0,0,0,0,0,0,0,0,0,0,0,0,0,0,0,0,0,0,0,0,0,0,0,0,0,0,0,0,0,0,0,0,0.154,0,0,0,0,0,0,0,0,0,0,0,0,0,0,0,0,0,0,0,0,0,0,0,0,0,0,0.209,0.309,0,0,0,0,0.535,0.297,0,0,0.333,0,0.198,0,0,0,0,0,0,0,0,0,0,0,0,0,0,0,0,0,0,0,0,0,0,0,0,0,0,0,0,0,0,0,0,0,0,0,0,0,0.173,0,0,0.193,0,0,0,0,0,0,0,0,0.193,0.208,0,0,0,0,0,0,0,0,0,0,0,0,0,0,0,0,0.38,0,0,0,0,0,0,0,0,0,0,0,0,0,0,0,0,0,0,0,0,0,0,0,0,0,0,0,0,0,0,0,0,0,0,0,0,0,0,0,0,0,0,0,0,0,0,0,0,0,0,0,0,0,0,0,0,0,0,0,0,0,0,0,0,0,0,0,0,0,0,0,0,0,0,0,0,0,0,0,0,0,0,0,0,0,0,0,0,0,0,0,0,0,0,0,0,0,0,0,0,0,0,0,0,0,0.229,0,0,0,0,0,0,0,0,0,0,0,0,0,0,0,0,0,0,0,0,0,0,0,0,0,0,0,0.205,0,0,0,0,0,0.316,0,0,0,0,0,0,0.192,0,0,0,0,0,0,0,0,0,0,0,0,0,0,0,0,0,0,0.177,0,0,0,0,0,0,0,0,0,0.19,0,0,0,0,0,0,0,0,0,0,0.218,0,0,0,0,0,0,0,0,0,0,0,0,0,0,0,0,0,0,0,0,0,0,0,0,0,0,0,0,0,0,0,0,0,0,0,0,0,0,0,0,0,0.274,0,0,0,0,0
854670,0,0,0,0,0,0,0,0,0,0,0,0,0.163,0.171,0,0,0,0,0,0,0,0,0,0.171,0,0,0,0.234,0,0,0,0,0,0,0,0,0,0,0,0.482,0,0,0.183,0,0,0.152,0,0,0,0,0,0,0,0,0,0,0,0,0,0,0,0,0,0,0,0,0.235,0,0,0,0,0.61,0,0,0,0,0.218,0,0.269,0,0,0,0,0,0,0.163,0,0,0,0,0,0,0,0,0,0,0,0,0,0,0,0,0.24,0,0,0.562,0,0,0,0,0,0,0,0,0,0,0,0,0,0,0,0,0,0,0,0,0,0,0,0,0,0,0,0,0,0,0,0,0,0,0,0,0.304,0.262,0,0,0,0,0.768,0,0,0,0,0,0,0,0,0,0,0,0,0,0.8,0,0,0,0,0,0,0,0,0,0,0,0,0,0,0,0,0,0,0,0,0,0,0,0.609,0,0,0,0,0,0,0,0,0,0,0,0,0,0,0,0,0,0,0,0,0,0,0,0,0,0.742,0,0,0,0,0,0,0,0,0,0,0,0,0,0.61,0,0.754,0,0,0,0,0,0,0,0,0,0,0,0.194,0,0,0,0,0,0,0,0,0,0,0,0,0,0,0,0,0,0,0,0,0,0,0,0,0,0,0,0,0,0.394,0,0,0,0,0,0,0,0.161,0,0,0,0,0,0,0,0,0,0,0,0,0,0,0,0,0,0,0,0,0,0,0,0,0,0.222,0,0,0,0,0,0,0,0,0,0,0,0,0.491,0,0,0,0,0,0,0.347,0,0,0,0,0,0,0,0,0,0,0,0,0,0,0,0,0,0,0,0.229,0,0,0,0,0,0,0,0,0,0,0,0,0,0,0,0,0,0,0,0,0,0,0,0,0,0.212,0,0,0,0,0,0,0,0.73,0.243,0,0,0,0.211,0,0,0,0,0,0,0,0,0,0,0,0,0,0,0,0,0,0.477,0,0,0.483,0,0,0.319,0,0,0,0,0,0,0,0,0,0,0,0,0,0,0,0,0,0,0,0,0.161,0,0,0.165,0,0,0,0,0,0,0,0,0,0,0,0,0,0,0.179,0,0,0,0,0,0,0,0.372,0,0.371,0,0,0,0,0,0.51,0,0,0,0,0,0,0,0,0,0,0,0,0,0,0.205,0,0,0,0,0,0,0,0,0,0,0,0.309,0,0,0,0,0,0,0,0,0,0,0,0,0,0,0,0,0,0,0,0,0,0,0,0,0,0,0.227,0,0,0,0,0,0,0,0,0,0,0,0,0,0,0,0,0,0,0,0,0,0,0,0,0,0,0,0,0,0,0,0,0,0,0,0,0,0,0,0,0,0,0,0,0,0.692,0,0,0,0,0,0,0.726,0.374,0,0,0,0.218,0,0,0,0,0,0,0,0,0.181,0,0,0,0,0,0,0,0,0,0,0,0,0,0,0,0.264,0,0,0,0,0,0.69,0,0,0,0,0,0,0,0,0,0,0,0,0,0,0,0,0,0,0,0,0,0,0,0.606,0,0,0,0,0,0,0,0,0,0,0,0,0,0,0,0,0,0,0,0,0,0,0.355,0,0,0,0,0,0,0,0,0,0,0,0,0,0,0,0,0,0,0,0,0,0,0,0,0,0,0,0,0,0,0,0,0,0,0,0,0,0,0,0,0,0,0,0,0,0,0,0,0,0,0.663,0,0,0,0,0,0,0,0,0,0,0,0.309,0,0,0,0,0,0,0,0,0,0,0,0,0,0,0,0,0,0,0,0,0,0,0,0,0,0,0,0,0,0,0,0,0,0,0,0,0,0,0,0,0,0,0,0,0,0,0,0,0.373,0,0,0,0,0,0,0,0,0,0,0,0,0,0,0,0,0,0,0,0,0,0,0,0,0,0.229,0,0,0,0,0,0,0,0,0,0,0,0.203,0,0,0.203,0,0,0,0,0,0,0,0,0,0,0,0,0,0,0,0.192,0,0,0,0,0,0,0,0,0.237,0,0,0,0.33,0,0,0,0.242,0,0,0,0,0,0,0,0,0,0,0,0,0,0.309,0,0,0,0.288,0,0,0,0,0.832,0,0,0,0.173,0,0,0,0,0.379,0,0,0,0,0,0,0,0.81,0,0,0,0,0,0,0,0,0,0,0,0,0,0,0,0,0,0,0,0,0,0,0,0,0,0,0,0,0,0,0,0,0,0,0,0,0,0,0,0,0,0,0,0,0.25,0,0,0,0,0,0,0,0,0,0,0,0,0,0,0,0,0,0,0,0,0,0.603,0,0,0,0,0,0,0,0,0,0,0,0,0,0,0,0,0,0,0,0,0,0,0,0,0,0.191,0.236,0,0,0,0,0,0,0,0,0,0,0,0,0,0,0,0,0,0,0,0,0,0,0,0,0,0,0,0,0.268,0,0.204,0.169,0,0,0,0,0,0,0,0,0,0,0,0,0,0,0,0,0,0,0,0,0,0,0,0,0,0,0,0,0,0,0,0.854,0,0,0,0,0,0,0,0,0,0,0,0,0,0,0,0,0,0,0,0,0,0,0,0.908,0,0,0,0,0,0,0,0,0,0,0,0,0.186,0,0.237,0,0,0,0,0,0,0,0,0.238,0,0,0,0,0,0,0,0,0,0,0,0,0,0,0.332,0,0,0,0,0,0,0,0,0,0,0,0,0,0,0,0,0,0,0,0,0,0,0,0,0,0,0,0,0,0,0,0,0,0,0,0.25,0,0,0,0,0,0,0,0,0,0,0,0,0,0,0,0,0,0,0,0,0,0,0,0,0,0.216,0,0,0,0,0,0,0,0,0,0,0,0,0,0.177,0,0,0,0,0,0,0,0,0,0,0,0,0,0,0,0,0,0,0,0,0,0,0,0,0,0,0,0,0,0,0,0,0,0,0,0,0,0,0.214,0,0,0,0,0,0,0.327,0,0,0,0,0,0,0,0,0,0,0,0,0,0,0,0,0,0,0,0,0,0,0,0,0,0,0,0,0.802,0,0,0,0,0,0,0,0,0,0,0,0,0,0,0,0,0,0,0,0,0,0,0,0,0,0.706,0,0,0,0.266,0,0,0,0,0,0,0,0,0.169,0,0,0,0,0,0,0,0,0,0,0,0,0.887,0,0,0,0,0,0,0,0,0,0,0,0,0,0,0,0,0,0,0,0,0,0,0,0,0,0,0,0,0.628,0,0,0,0,0,0,0,0,0,0,0.297,0,0,0,0,0,0,0,0,0,0,0,0,0,0,0.226,0,0,0,0,0,0,0,0,0,0.163,0,0,0,0,0,0,0,0,0,0,0,0,0,0,0,0,0.343,0,0,0,0,0,0,0,0,0,0.228,0,0,0.38,0,0,0,0,0,0,0,0,0,0,0.229,0,0,0,0.666,0,0,0,0,0,0,0,0,0,0,0,0,0,0,0,0,0,0,0,0,0,0,0,0,0,0,0,0,0,0,0,0,0,0,0,0,0,0,0,0,0,0,0,0,0,0.65,0,0,0,0,0.536,0.804,0,0,0,0,0,0,0,0,0,0,0,0,0,0,0,0,0.233,0,0,0,0,0,0,0,0,0,0,0,0,0,0,0,0,0,0,0,0.791,0,0,0,0,0,0,0,0,0.657,0,0,0,0,0,0,0,0,0,0,0.186,0,0,0,0,0,0,0,0,0,0,0.318,0,0,0,0,0,0,0,0.235,0,0,0,0,0,0,0,0,0,0,0,0,0,0,0,0,0,0.575,0,0,0,0,0,0,0,0,0,0,0,0,0,0,0,0,0,0,0,0,0,0,0,0,0,0,0,0,0,0,0,0,0,0,0,0,0,0,0,0,0,0,0,0,0,0.153,0,0,0.445,0,0,0,0,0,0,0,0,0,0,0,0,0,0,0,0,0,0,0,0,0,0,0,0,0,0,0,0,0,0,0.349,0,0,0,0,0,0,0,0,0,0,0,0,0,0,0,0,0,0,0,0,0,0,0,0,0,0,0,0,0,0,0,0,0,0,0,0,0,0,0,0,0,0,0,0,0,0,0,0,0,0,0,0,0,0,0,0,0,0,0,0,0,0,0,0,0,0,0,0,0,0,0,0,0,0,0,0,0,0,0,0,0,0,0,0,0,0,0,0,0,0,0,0,0,0,0,0,0,0,0,0,0,0,0,0,0,0,0,0,0,0,0,0,0,0,0,0,0,0,0,0,0,0,0,0,0,0,0.153,0,0,0,0,0,0,0,0,0,0,0,0,0,0,0,0,0,0,0.191,0,0,0,0,0,0,0,0,0,0,0,0,0,0,0,0,0,0,0,0,0,0,0,0,0,0,0,0,0,0,0,0,0,0,0,0,0,0,0,0,0,0,0,0,0,0,0,0,0,0,0,0,0,0,0,0,0,0,0,0,0,0,0,0,0,0,0,0,0,0,0,0,0,0,0,0,0,0,0,0,0,0,0,0.171,0.229,0,0,0.435,0,0,0,0,0,0,0,0,0,0,0.201,0.895,0,0,0,0,0,0,0,0.925,0,0,0,0,0,0,0.761,0,0,0,0,0,0.898,0,0,0,0,0,0,0,0,0,0.29,0.862,0,0.733,0.263,0,0,0.35,0.823,0,0,0,0,0,0,0,0,0,0.895,0,0,0.871,0,0,0,0.924,0,0,0,0.725,0.317,0,0,0.258,0,0,0,0,0,0,0,0,0,0,0,0,0,0,0.572,0,0,0,0,0.906,0.15,0,0,0,0,0,0,0,0,0,0.895,0.855,0,0,0,0,0.195,0,0,0,0,0,0,0,0,0,0,0,0,0,0,0,0,0,0,0,0.169,0,0,0,0,0,0,0.194,0,0,0,0,0,0,0,0,0,0,0,0,0,0,0,0.186,0,0,0,0,0,0,0,0.203,0,0,0,0,0,0.2,0,0,0,0,0,0,0,0,0,0,0,0,0,0,0,0,0.922,0,0,0,0,0,0.904,0,0,0.202,0,0,0,0.215,0,0,0,0,0,0,0,0,0,0,0,0,0,0,0,0,0,0,0,0,0,0,0,0,0,0,0.24,0,0,0,0,0,0,0,0,0,0,0,0,0,0,0,0,0,0,0,0,0,0.863,0,0,0,0,0,0,0,0,0,0,0,0,0,0,0,0,0,0,0,0,0,0,0,0,0,0,0.159,0,0,0,0,0,0,0,0,0,0,0,0,0,0,0,0,0,0,0,0,0,0,0,0,0,0,0,0,0,0,0,0,0,0,0,0,0,0,0,0,0,0,0,0,0,0,0,0,0,0,0,0,0,0,0,0,0,0,0,0,0,0,0,0,0,0,0,0,0,0,0,0,0,0,0,0,0,0,0,0,0,0,0,0,0,0,0,0,0,0,0,0,0,0.173,0,0,0,0.298,0,0,0,0,0,0,0.865,0.171,0,0,0,0,0,0,0,0,0,0,0,0,0,0,0,0,0.966,0,0.814,0,0,0,0.382,0,0,0,0,0,0,0,0,0,0,0,0,0,0.151,0,0,0,0,0,0,0,0,0,0,0,0,0,0,0,0,0,0,0,0,0,0,0,0,0,0,0,0,0,0,0,0,0,0,0,0,0,0,0,0.229,0,0,0,0,0,0,0,0.311,0,0,0,0,0,0,0,0,0,0,0,0,0,0,0,0,0.229,0,0,0,0,0,0,0,0,0,0,0,0,0.913,0,0,0,0,0,0,0,0,0,0,0,0,0,0,0.186,0,0.173,0,0,0,0,0,0,0,0,0,0,0,0,0,0,0,0,0,0,0,0,0.394,0,0,0,0,0,0.545,0,0,0,0,0,0,0,0,0.898,0,0,0,0,0,0.923,0,0,0,0,0,0,0,0,0,0,0,0,0,0,0,0,0,0,0,0,0,0,0,0.864,0,0,0,0,0,0.468,0,0,0,0.239,0,0,0,0,0,0,0,0,0,0,0,0,0,0,0,0,0,0,0,0,0,0,0,0,0,0,0,0,0,0,0,0,0,0,0,0,0,0,0,0,0,0.614,0,0,0,0,0,0,0,0,0,0,0,0,0,0,0,0,0,0,0,0,0,0,0,0,0,0,0,0,0,0,0,0,0.173,0,0,0,0,0,0,0,0,0,0,0,0,0,0,0,0,0,0,0,0,0,0,0,0,0,0,0,0,0,0,0,0,0.35,0,0,0,0,0,0,0,0,0,0,0,0,0.202,0,0,0,0,0,0,0,0,0,0,0,0,0,0,0,0,0,0,0,0,0.194,0,0,0,0,0,0,0,0,0,0,0,0,0,0,0,0,0,0,0,0,0,0,0,0,0,0,0,0,0,0,0,0,0,0,0,0,0,0,0,0,0,0,0,0,0,0,0,0,0,0,0,0,0,0,0.239,0,0,0,0,0,0.173,0,0,0,0,0,0,0,0,0,0,0,0,0,0,0,0,0,0,0,0,0,0,0,0,0,0,0,0,0,0,0,0,0,0,0,0,0,0.365,0,0,0,0,0,0,0,0,0,0,0,0,0,0,0,0,0,0,0,0,0,0,0,0,0,0,0,0,0,0,0,0,0,0,0,0,0,0,0,0.309,0,0,0,0,0,0,0,0,0,0,0,0,0,0.191,0,0,0,0,0,0,0,0,0,0,0,0,0,0,0,0,0,0,0,0,0.572,0,0,0,0,0,0,0,0,0,0,0,0,0,0,0,0,0,0,0,0,0,0,0.297,0,0,0,0,0,0,0,0,0,0,0,0,0,0,0,0,0,0,0,0,0,0,0,0.376,0,0,0,0,0,0,0,0,0,0,0,0,0,0,0,0,0,0,0,0,0,0,0,0,0,0,0,0,0,0,0,0,0,0,0,0,0,0,0,0,0,0,0,0,0,0,0,0,0,0,0,0,0,0,0,0,0,0,0,0,0,0,0,0,0.196,0,0,0,0,0,0,0,0,0,0,0,0,0,0,0,0.26,0,0,0,0,0,0,0,0,0,0,0.3,0,0,0,0,0,0,0,0,0,0,0,0,0,0,0.546,0,0,0,0,0,0,0,0,0,0,0,0,0,0,0,0,0,0,0,0,0,0,0,0,0,0,0,0,0,0.258,0,0,0,0,0,0,0,0,0,0,0,0,0,0,0,0,0,0,0.4,0,0,0,0,0,0,0,0,0,0,0,0,0,0,0,0,0.239,0,0.276,0,0,0,0,0,0,0,0,0,0,0,0,0,0,0,0,0,0,0,0,0,0,0,0,0,0,0,0,0,0,0,0,0,0,0,0,0,0,0,0,0,0,0,0,0,0,0.176,0,0,0,0,0,0,0.351,0,0,0.748,0,0,0,0,0,0.445,0,0,0,0,0.621,0,0,0.607,0,0,0,0,0.267,0.241,0,0,0.571,0,0,0.935,0,0,0,0,0,0.607,0,0,0.203,0,0,0,0,0,0,0,0,0,0,0,0,0.194,0,0.617,0,0,0.824,0,0,0,0.514,0,0,0,0,0,0,0,0,0.276,0.348,0,0,0,0,0.292,0,0,0.173,0,0,0,0,0,0,0,0,0.708,0,0.304,0.174,0.202,0,0,0,0.656,0,0,0,0,0,0,0,0,0,0,0,0,0,0,0,0,0,0,0,0,0,0,0,0,0,0,0,0,0,0,0,0,0,0,0,0,0,0,0,0,0,0,0,0,0.414,0.9,0,0,0,0,0,0,0,0,0,0,0,0,0,0,0,0,0,0.31,0,0,0,0.276,0,0,0,0.589,0,0,0.238,0,0,0,0,0,0,0,0,0,0,0,0,0,0,0,0,0,0.728,0,0.896,0.181,0,0,0,0,0,0,0,0,0,0,0,0,0,0,0,0,0,0,0,0,0,0,0,0,0,0,0,0,0,0,0,0.331,0,0,0,0,0,0,0,0,0,0,0.783,0,0,0,0,0.969,0.615,0.241,0,0,0,0,0,0,0,0,0,0,0,0,0,0,0.879,0,0,0.319,0,0,0,0,0,0,0,0,0,0.61,0,0,0.211,0,0,0.779,0,0,0,0,0,0,0,0,0,0.237,0.863,0,0.217,0,0,0,0,0,0,0,0,0,0,0,0,0.169,0,0,0,0,0,0,0,0,0.429,0,0,0,0.161,0,0.171,0.185,0,0,0,0,0,0,0,0,0,0,0,0.925,0,0,0,0,0,0,0,0,0,0,0,0.45,0.928,0,0,0,0.861,0,0,0,0.928,0.915,0,0.996,0,0,0,0.431,0,0,0,0.68,0.321,0,0,0.191,0,0,0,0,0,0,0.196,0.173,0,0,0,0,0.622,0,0,0,0,0,0,0,0,0,0,0,0,0,0,0,0,0,0,0,0,0,0,0,0,0,0,0,0,0,0,0,0,0,0,0,0,0,0,0,0,0,0,0,0.171,0,0,0.733,0,0,0,0,0,0.887,0,0,0,0,0,0,0,0,0,0.204,0,0,0,0,0.214,0,0,0,0,0,0.904,0,0.616,0,0,0,0,0.261,0,0,0,0,0,0.647,0.323,0,0.171,0.738,0.34,0.609,0,0.606,0.901,0.259,0,0,0,0.764,0,0.969,0,0,0.355,0.48,0.402,0.173,0,0,0.251,0,0.876,0.928,0.729,0,0.181,0,0,0,0.793,0.241,0,0,0,0,0.171,0,0,0.908,0,0.571,0.928,0.876,0.609,0,0,0.922,0,0.638,0,0.275,0.44,0,0,0,0.635,0,0.703,0.607,0.608,0.489,0,0.898,0,0,0,0,0,0,0,0,0,0,0,0,0,0,0,0,0,0,0,0,0,0,0,0,0,0,0,0,0,0,0,0,0,0,0,0,0,0,0,0,0,0,0.237,0,0,0,0,0,0,0,0,0,0,0,0,0,0,0,0,0,0.789,0,0,0,0,0,0.24,0,0,0,0,0,0,0,0.913,0,0,0.392,0,0,0,0,0,0,0,0,0,0,0,0,0,0,0,0,0,0,0,0,0,0,0,0,0,0,0,0,0,0,0,0,0,0,0,0,0,0,0,0,0,0,0,0,0.561,0,0,0,0,0,0,0,0,0,0,0,0,0,0,0,0,0,0,0,0,0,0,0,0,0,0,0,0,0,0,0,0,0,0,0,0,0,0,0,0,0,0,0,0,0,0,0,0,0,0,0,0,0,0,0,0,0,0,0,0,0,0,0,0,0,0,0.548,0,0,0,0,0,0,0,0,0,0,0,0,0,0.483,0.301,0,0,0,0.601,0,0,0,0,0,0,0,0,0.539,0,0,0,0.593,0,0.589,0,0.589,0,0,0,0,0,0,0,0,0,0,0,0,0,0,0,0,0,0,0,0,0,0.171,0,0,0,0,0,0,0,0,0,0,0,0,0,0,0,0,0,0,0,0,0,0,0,0,0,0,0,0.286,0,0.246,0,0,0,0,0,0,0,0,0,0,0,0,0,0,0,0,0,0,0.164,0,0,0,0,0,0,0,0.68,0.446,0,0,0,0,0,0.698,0,0,0,0,0,0,0,0,0,0,0,0,0,0,0,0,0,0,0,0,0,0,0,0,0,0,0,0,0,0,0,0,0.24,0,0,0,0,0,0,0,0,0,0.152,0,0,0,0,0,0,0,0,0,0,0,0,0,0,0,0,0,0,0,0,0,0,0,0,0.34,0,0,0,0,0,0,0,0.181,0,0.292,0,0,0,0,0,0,0,0,0,0,0,0,0,0,0,0,0,0,0,0,0,0,0.163,0.264,0.68,0,0,0,0,0,0,0,0,0.229,0,0.237,0,0,0.24,0,0,0,0.161,0,0,0,0,0,0,0,0,0,0.532,0,0,0,0,0,0,0,0,0,0.355,0.691,0,0.183,0,0,0,0,0,0,0,0,0,0,0,0,0,0,0,0,0,0,0,0,0,0,0,0,0,0,0,0,0,0,0,0,0,0,0,0,0.392,0,0,0,0,0,0,0.171,0,0,0,0.658,0,0,0,0,0,0,0,0,0,0,0,0,0,0,0,0,0,0,0,0,0,0,0,0,0,0,0,0,0,0,0.56,0.662,0,0.65,0.171,0.598,0.319,0,0,0,0.245,0,0,0.196,0,0,0,0,0,0,0,0,0,0.193,0,0,0,0,0,0,0,0,0,0.151,0,0,0,0,0,0,0,0,0.202,0,0,0,0,0.56,0,0.689,0.275,0,0.194,0,0,0,0,0,0,0,0,0,0,0,0.159,0,0,0,0,0,0,0,0,0,0,0,0,0,0,0,0.665,0,0,0,0,0,0,0,0,0,0.25,0,0,0,0,0,0,0,0,0,0,0,0,0,0,0,0,0,0.548,0,0,0,0,0,0,0,0,0,0,0,0,0,0,0,0,0,0,0,0,0.446,0.44,0,0,0,0,0,0,0,0,0,0,0,0,0,0,0,0,0,0,0,0,0,0
855088,0,0,0,0,0,0,0,0,0.204,0,0,0,0,0,0,0.161,0,0,0,0.213,0,0,0,0,0,0,0,0,0,0,0,0,0.204,0,0,0,0,0,0,0,0,0,0,0,0,0.204,0,0,0,0,0,0,0,0,0,0,0,0,0,0,0,0,0,0,0,0,0,0,0,0,0,0,0,0,0,0,0,0,0,0,0,0,0,0,0,0,0,0,0.256,0,0,0,0,0,0,0,0,0,0,0,0,0,0,0,0,0,0,0,0,0,0,0,0,0,0,0,0.392,0,0.309,0,0,0,0,0,0,0,0,0,0,0,0,0,0,0,0,0,0,0,0,0,0,0,0,0,0,0,0,0,0,0,0,0,0,0,0,0,0,0,0,0,0,0,0,0,0,0,0,0,0,0,0,0,0,0,0,0,0,0,0,0,0,0,0,0,0,0,0,0,0,0,0,0,0,0,0,0,0,0,0,0,0,0.204,0,0,0,0,0,0,0,0,0,0,0,0,0,0,0,0,0,0,0,0,0,0,0,0,0,0,0,0,0,0,0,0,0,0,0,0,0,0,0,0,0.204,0,0,0,0,0,0,0,0,0,0,0,0,0,0,0,0,0,0,0,0,0,0,0,0,0,0,0,0,0,0,0,0,0,0,0,0,0,0,0,0,0.237,0,0,0,0,0.3,0,0,0,0,0,0,0,0,0,0,0,0,0,0,0,0,0,0,0,0,0,0,0,0,0,0,0,0,0,0.161,0,0,0,0,0,0,0,0,0,0,0,0,0,0.204,0,0,0,0,0,0,0,0,0,0,0,0,0,0,0,0.204,0,0,0,0,0,0,0,0,0,0,0,0,0,0,0,0,0,0,0,0,0,0,0,0,0,0,0,0,0,0,0,0,0,0,0,0,0,0,0,0,0,0,0,0,0,0,0,0,0,0,0,0,0,0,0,0,0,0,0,0,0,0,0,0,0,0.204,0,0,0,0,0,0,0,0,0,0,0,0,0,0,0,0,0,0,0,0,0,0,0,0,0,0,0,0,0,0,0,0,0,0,0,0,0,0,0,0,0,0,0,0,0,0,0,0,0,0,0,0,0,0,0,0,0,0,0,0,0,0,0,0,0,0,0,0,0,0,0,0,0,0,0,0,0,0,0,0,0,0,0,0,0,0,0,0,0,0,0,0,0,0,0,0,0,0,0,0,0,0,0,0,0,0,0,0,0,0,0,0,0,0.173,0,0,0,0,0,0,0,0,0,0,0,0,0,0,0.213,0,0,0,0,0,0,0,0,0,0,0,0,0,0.236,0,0,0,0,0,0,0,0,0,0,0,0,0,0,0,0,0,0,0,0,0,0,0,0,0,0,0,0,0,0,0,0,0,0,0,0,0,0,0,0,0,0,0,0,0,0,0,0,0,0,0,0,0,0,0,0,0,0,0,0,0,0,0,0,0,0,0,0,0,0,0,0,0,0,0,0,0,0,0,0,0,0,0,0,0,0,0,0,0,0,0,0,0,0,0,0,0,0,0,0,0,0,0,0,0,0,0,0,0,0,0,0,0,0,0,0,0,0,0,0,0,0,0,0,0,0,0,0,0,0,0,0,0,0,0,0,0,0,0,0,0,0,0,0,0,0,0,0,0,0,0,0,0,0,0,0,0,0,0,0,0,0,0,0,0,0,0,0,0,0,0,0,0,0.481,0,0,0,0,0,0,0,0,0,0,0,0,0,0,0,0,0,0,0,0,0,0,0,0,0,0,0,0,0,0,0,0,0,0,0,0,0,0,0,0,0,0,0,0,0,0,0,0,0,0,0,0,0,0,0,0,0,0,0,0,0,0,0,0,0,0,0,0,0,0,0,0,0,0,0,0,0,0,0,0,0,0,0,0,0,0,0,0,0,0,0,0,0,0,0,0,0,0,0,0,0,0,0,0,0,0,0,0,0.511,0,0,0,0,0,0,0,0,0,0,0.296,0,0,0,0,0,0,0,0,0,0.204,0,0,0,0,0,0,0.204,0,0,0,0,0,0,0,0,0,0,0,0,0,0,0,0,0,0,0,0,0,0,0,0,0.226,0,0,0,0,0,0,0,0.204,0,0,0,0,0,0,0,0,0,0,0,0,0,0,0,0,0,0,0,0,0,0,0,0,0,0,0,0,0,0,0,0,0,0,0,0,0,0,0,0,0,0,0,0,0,0,0,0,0,0,0,0,0,0,0,0,0,0,0,0,0,0,0,0,0,0,0,0,0,0,0,0,0,0.204,0,0,0,0,0,0,0,0,0,0,0,0,0,0,0,0,0,0,0,0,0,0,0,0,0,0,0,0,0,0,0,0,0,0,0,0,0,0,0,0,0,0,0,0,0,0,0,0,0,0,0,0.204,0,0,0,0,0,0,0,0.204,0,0,0,0,0,0,0,0,0,0,0,0,0,0,0,0.204,0,0,0.204,0,0,0,0,0,0,0,0,0,0,0,0,0,0,0,0,0,0,0,0,0,0,0,0,0,0,0,0.204,0,0,0,0,0,0,0,0,0,0,0,0,0,0,0,0,0.204,0,0,0,0,0,0,0,0,0,0,0,0,0,0,0,0,0,0,0,0,0,0,0,0,0,0,0,0,0,0,0,0,0,0,0,0,0,0,0,0,0,0,0,0,0,0,0,0,0,0,0,0,0,0,0,0.192,0.204,0,0,0.204,0,0,0,0,0,0,0,0,0,0,0,0.204,0,0,0,0,0,0,0,0,0,0,0,0,0,0,0,0,0,0,0,0,0,0,0,0,0,0,0,0,0,0,0,0,0,0,0,0,0,0,0,0,0,0,0,0,0,0,0,0,0,0,0,0,0,0,0,0,0,0,0,0,0,0,0,0,0,0,0,0,0,0,0,0,0,0,0,0,0,0,0,0,0,0,0,0,0,0,0,0,0,0.204,0,0,0,0,0,0,0,0,0,0,0,0,0,0,0,0,0,0,0,0,0,0,0,0,0,0,0,0,0,0,0,0,0,0,0,0,0,0,0,0,0,0,0,0,0,0,0,0,0,0,0,0.204,0,0,0,0,0,0,0.204,0,0,0,0,0,0,0,0.204,0,0,0,0.204,0,0,0,0,0,0,0,0,0,0,0,0.204,0,0,0,0,0,0,0,0,0,0,0,0,0,0,0,0,0,0,0,0,0,0,0,0,0.233,0,0,0,0,0,0,0,0,0,0,0,0,0,0,0,0,0,0,0,0,0,0,0,0,0,0,0,0,0,0,0,0,0,0,0,0,0,0,0,0.204,0,0,0,0,0,0,0,0,0,0,0,0,0,0,0,0,0,0,0,0,0.16,0.204,0,0,0,0,0.204,0,0,0,0,0,0,0,0,0,0,0,0,0,0,0,0,0,0,0,0,0,0,0,0,0,0,0,0,0,0,0,0,0,0,0,0,0,0,0,0,0,0,0,0,0,0,0.204,0,0,0,0,0,0,0,0,0.204,0,0,0,0,0,0,0,0,0,0,0,0,0,0,0,0,0,0,0,0,0,0,0,0,0,0,0,0,0,0,0,0,0,0,0,0,0,0.204,0,0,0,0,0,0,0,0,0,0,0,0,0,0,0,0,0,0,0,0,0,0,0,0,0,0,0,0,0,0,0,0,0,0,0,0,0,0,0,0,0.538,0,0,0,0,0,0,0,0,0,0,0,0,0,0,0,0,0.204,0,0,0,0,0.204,0,0,0,0,0,0,0,0,0,0,0,0,0,0,0,0,0,0,0,0,0,0,0,0,0,0,0,0,0,0,0,0,0,0,0,0.512,0,0,0,0,0,0,0,0,0,0,0,0,0,0,0,0.204,0,0,0,0,0,0,0,0,0,0,0,0,0,0,0,0,0,0,0,0,0,0,0,0,0,0,0,0,0,0,0.204,0,0,0,0,0,0,0,0,0,0,0,0,0,0,0,0,0,0,0,0,0,0,0,0,0,0,0,0,0,0,0,0,0,0,0,0,0,0,0,0,0,0,0,0,0,0,0,0,0,0,0,0,0,0,0,0,0,0,0,0,0,0,0,0,0,0.204,0,0,0,0,0,0,0,0,0,0,0,0,0,0,0,0,0.204,0,0,0,0,0,0,0,0,0,0,0,0,0,0,0,0,0,0,0,0,0,0,0,0,0,0,0,0,0,0,0,0,0,0,0,0,0,0,0,0,0,0,0,0,0,0,0,0,0,0,0,0,0,0,0,0,0,0,0,0,0,0,0.232,0,0,0,0,0,0,0,0,0,0,0,0,0,0,0,0,0,0,0,0,0,0,0,0,0,0,0,0,0,0,0,0,0,0,0,0,0,0,0,0,0,0,0,0,0,0,0,0,0,0,0,0,0,0,0.204,0,0,0,0,0,0,0,0,0,0,0,0,0,0,0,0,0,0,0,0,0,0,0,0,0,0,0,0,0,0,0,0,0,0,0,0,0,0,0,0,0,0,0,0,0,0,0,0,0,0,0,0,0,0,0,0,0,0,0,0,0.215,0,0,0,0,0,0,0,0,0,0,0,0,0,0,0,0,0,0,0,0,0,0,0,0,0,0,0,0,0,0,0,0,0,0,0,0,0,0,0,0,0,0,0,0,0,0,0,0,0,0,0,0,0,0,0,0,0.204,0,0,0,0,0,0,0,0,0,0,0,0,0,0,0,0,0,0,0,0,0,0,0,0,0,0,0,0,0,0,0,0,0,0,0,0,0,0,0,0,0,0,0,0,0,0,0,0,0,0,0,0,0,0,0,0,0,0,0,0,0,0,0,0,0,0,0,0,0,0,0,0,0,0,0,0,0,0,0,0,0,0,0,0,0,0,0,0.204,0,0,0,0,0,0,0,0,0,0,0,0,0,0,0,0,0,0,0,0,0,0,0,0,0,0,0,0,0,0,0,0,0,0,0,0,0,0,0,0,0,0,0,0,0,0,0,0,0,0,0,0,0,0,0,0,0,0,0,0,0,0,0,0,0,0,0,0,0,0,0,0,0,0,0,0,0.481,0,0,0,0,0,0,0,0,0,0,0,0,0,0,0.196,0,0,0,0,0,0,0,0,0,0,0,0,0,0,0,0,0,0,0,0,0,0,0,0,0,0,0,0,0,0,0,0,0,0,0,0,0,0,0,0,0,0,0,0,0,0,0,0,0,0,0,0,0,0,0,0,0,0,0,0,0,0,0,0,0,0,0,0,0,0,0,0,0,0,0,0,0,0,0,0,0,0,0.204,0,0,0,0,0,0,0,0,0,0,0,0,0,0,0,0,0,0,0,0,0,0,0,0,0,0,0,0,0,0,0,0,0,0,0,0,0,0,0,0,0,0,0,0,0,0,0,0,0,0,0,0,0,0,0,0,0,0,0,0,0,0,0,0,0,0,0,0,0,0,0,0,0,0,0,0,0,0,0,0,0,0,0,0,0,0,0,0,0,0,0,0,0,0,0,0,0,0,0,0,0,0,0,0,0,0,0,0,0,0,0,0,0,0,0,0,0,0,0,0,0,0,0,0,0,0,0,0,0,0,0,0,0.204,0,0,0,0,0,0,0,0,0,0,0,0,0,0,0,0,0,0,0,0,0,0,0,0,0,0,0,0,0,0,0,0,0,0,0,0,0,0,0.204,0,0,0,0,0,0,0,0,0,0,0,0,0,0,0,0,0,0,0,0,0,0,0,0,0,0,0,0,0,0,0,0,0,0,0,0,0,0,0,0,0,0.204,0,0,0,0,0,0,0,0,0,0,0,0,0,0,0,0,0,0,0,0,0,0,0,0,0,0,0,0,0.394,0,0,0,0,0,0,0,0,0,0,0,0,0,0,0,0,0,0,0,0,0,0,0,0,0,0,0,0,0,0,0,0.204,0,0,0,0,0,0,0,0,0,0,0,0,0,0,0,0,0,0,0,0,0,0,0,0,0,0,0,0,0,0,0,0,0,0,0,0,0,0,0,0,0,0,0,0,0,0,0,0,0,0,0,0,0,0,0,0,0,0,0,0,0,0,0,0,0,0,0,0,0,0,0,0,0,0,0,0,0,0,0,0,0,0,0,0,0,0,0,0,0,0,0.23,0,0,0,0,0,0,0,0,0,0,0,0,0,0,0,0,0,0,0,0,0,0,0,0,0,0,0,0.39,0,0,0,0,0,0,0,0,0,0,0,0,0,0,0,0,0,0,0,0,0,0,0,0,0,0,0,0,0,0,0,0,0,0,0,0,0,0,0,0,0,0,0,0,0,0,0,0,0,0,0,0,0,0,0,0,0,0,0,0,0,0,0,0,0,0,0,0,0,0,0,0,0,0,0,0,0,0,0,0,0,0,0,0,0,0,0,0,0,0,0,0,0,0,0,0,0,0,0,0,0,0,0,0,0,0,0,0,0,0,0,0,0,0,0,0,0,0,0,0,0,0,0,0,0.231,0,0,0,0,0,0,0,0,0,0,0,0,0,0,0,0,0,0,0,0,0,0,0,0,0,0,0,0,0,0,0,0,0,0,0,0,0,0,0.539,0,0,0,0,0,0,0,0,0,0,0,0,0,0,0,0,0,0,0,0,0,0,0,0,0,0,0,0,0,0,0,0,0,0,0,0,0,0,0,0,0,0,0,0,0,0,0,0,0.266,0,0,0,0,0,0,0,0,0,0,0,0,0,0,0,0,0,0.204,0,0,0,0,0,0,0,0,0,0,0,0,0,0,0,0,0,0,0,0,0,0,0,0,0,0,0.204,0,0,0,0,0,0,0,0,0,0,0,0,0,0,0,0,0,0,0,0,0,0,0,0,0,0,0.154,0,0,0,0,0,0,0,0,0,0,0,0,0,0,0,0,0,0,0,0,0,0,0,0,0,0,0,0,0,0,0,0,0,0,0,0,0,0,0,0,0,0,0,0,0,0,0,0,0,0,0,0,0,0,0,0,0,0,0,0,0,0,0,0,0,0,0,0,0,0,0,0,0,0,0,0,0,0,0,0,0,0,0,0,0,0,0,0,0,0,0,0,0,0,0,0,0,0,0,0,0,0,0,0,0,0,0,0,0,0,0,0,0,0,0,0,0,0,0,0,0,0,0,0,0,0,0,0,0,0,0,0,0,0,0,0,0.204,0,0,0,0,0,0,0,0,0,0,0.151,0,0,0,0,0,0,0,0,0,0,0,0,0,0,0,0,0,0,0,0,0,0,0,0,0,0,0,0,0,0,0,0,0,0,0,0,0,0,0,0,0,0,0,0,0,0,0,0,0,0,0,0,0,0,0,0,0,0,0,0,0,0,0,0,0,0,0,0,0,0,0,0,0,0,0,0,0,0,0,0,0,0,0,0,0,0,0,0,0,0,0,0,0,0,0,0,0,0,0,0,0,0,0,0,0,0,0,0,0,0,0,0,0,0,0,0,0,0,0,0,0,0,0,0,0,0,0,0,0,0,0,0,0,0,0,0,0,0,0,0,0,0,0,0,0,0,0,0,0,0,0,0,0,0,0,0,0,0,0,0,0,0,0,0,0,0,0,0,0,0,0,0,0,0,0,0,0,0,0,0,0,0,0,0,0,0,0,0,0,0,0,0,0.483,0.673,0.199,0,0,0,0,0,0,0,0,0.204,0,0,0,0,0,0,0,0,0,0,0,0,0.539,0,0,0,0,0,0,0,0,0,0,0,0,0,0,0,0,0,0,0,0,0,0,0,0,0,0,0.381,0,0,0,0,0,0,0,0,0,0,0,0,0,0,0,0,0,0,0,0,0,0,0,0,0,0,0,0,0,0,0.333,0,0,0,0,0,0,0,0,0,0,0,0,0,0,0,0,0.204,0,0,0,0,0,0,0,0,0,0,0,0,0,0,0,0,0,0,0,0,0,0,0,0,0,0,0,0,0,0,0,0,0,0,0,0,0,0,0,0,0,0,0,0,0,0,0,0,0,0,0,0,0,0,0,0,0,0,0,0,0,0,0,0,0,0,0,0,0,0,0,0,0,0,0,0,0,0,0,0,0,0,0,0,0,0,0,0,0,0,0,0,0,0,0,0,0,0,0,0,0,0,0,0,0,0,0,0,0.204,0,0,0.61,0,0,0,0,0,0,0,0,0,0,0,0,0,0,0,0,0,0,0,0,0,0,0,0,0,0,0,0,0,0,0,0,0,0,0,0,0,0,0,0,0.396,0,0,0,0,0.255,0,0,0,0,0,0,0,0,0,0,0,0,0,0,0.204,0,0,0,0,0,0,0,0,0,0,0,0,0,0,0,0,0,0,0,0,0,0,0,0,0,0,0,0,0,0,0,0,0,0,0,0,0,0,0,0,0,0,0,0,0,0,0,0,0,0,0,0,0,0,0,0,0,0,0,0,0,0,0,0,0,0,0,0,0,0,0,0,0,0,0,0,0,0,0,0,0,0,0,0,0,0,0,0,0,0,0,0,0,0,0,0,0,0,0,0,0,0,0,0,0,0,0,0,0,0,0,0,0,0,0,0,0,0,0,0,0,0,0,0,0,0,0,0,0,0,0,0,0.515,0,0,0,0,0,0,0,0,0,0,0,0,0,0,0,0,0,0,0,0,0.229,0,0,0,0,0,0,0,0,0,0,0,0,0,0,0,0,0,0,0,0,0,0,0,0,0,0,0,0,0,0,0,0,0,0,0,0,0,0,0,0,0,0,0,0,0,0,0,0,0,0,0,0,0,0.204,0,0,0,0,0,0,0,0,0,0,0,0,0,0,0,0,0,0,0,0,0,0,0,0,0,0,0,0,0,0,0,0,0,0,0,0,0,0,0,0,0,0,0,0,0,0.204,0.204,0,0,0,0,0,0,0,0,0,0,0,0,0,0,0,0,0,0.534,0,0,0,0,0,0,0,0,0,0,0,0,0,0,0,0,0,0,0,0,0.194,0,0,0,0,0,0,0.539,0,0,0,0,0,0,0,0,0,0,0,0,0,0,0,0,0,0,0,0,0,0,0,0,0,0,0,0,0,0,0,0,0,0,0,0,0,0,0,0,0,0,0,0,0,0,0,0,0,0,0,0,0,0.695,0,0,0,0,0,0,0,0,0,0,0,0,0,0,0,0,0,0,0,0,0,0,0,0,0,0,0,0,0,0,0,0,0,0,0,0,0.445,0,0,0,0,0,0,0,0,0,0,0,0,0,0,0,0,0,0,0,0,0,0,0,0,0.61,0,0,0,0,0,0,0,0,0,0,0,0,0,0,0,0,0,0,0,0,0,0,0,0,0,0,0,0,0,0,0,0,0,0,0,0,0,0,0,0,0,0,0,0,0,0,0,0,0,0,0,0,0,0,0,0,0,0,0,0,0,0,0,0.204,0,0,0,0,0,0,0.515,0,0.204,0,0,0,0,0,0,0,0,0,0,0,0,0,0,0,0,0,0,0,0,0,0,0,0,0,0,0,0,0,0,0,0,0,0,0,0,0,0,0,0,0,0,0.539,0,0,0,0,0,0,0,0,0,0,0,0,0,0,0,0,0,0,0,0,0,0,0,0,0.481,0,0,0,0,0,0,0,0,0,0,0,0,0,0,0,0,0,0,0,0,0,0,0,0,0,0,0,0,0,0,0,0,0,0,0,0,0,0,0,0,0,0,0,0,0,0,0,0,0,0,0,0,0,0,0,0,0,0,0,0,0,0,0.318,0.204,0,0,0,0,0,0,0,0,0,0,0,0,0,0,0,0,0,0,0,0,0,0,0,0,0,0,0,0,0,0,0,0,0,0.557,0,0,0,0,0.351,0,0,0,0,0,0,0,0,0,0,0,0.204,0,0,0.204,0,0,0,0,0,0,0,0,0,0,0,0,0,0,0,0,0,0,0,0,0,0,0,0,0,0,0,0,0,0,0,0,0,0,0,0,0,0,0,0,0,0.204,0,0.68,0,0,0,0
853345,0,0,0,0,0,0,0,0,0,0.307,0,0,0,0,0,0,0,0,0,0,0.28,0,0,0,0,0,0,0,0.589,0,0,0,0,0,0.177,0,0,0.265,0,0,0,0.998,0,0,0,0.266,0,0.95,0,0,0,0,0,0,0,0,0,0,0,0.28,0,0.254,0.182,0,0.188,0.965,0,0.998,0.471,0.191,0.607,0,0,0,0,0,0.252,0,0,0,0,0,0.438,0,0,0,0.953,0,0,0,0,0,0,0,0,0,0.17,0,0.447,0,0,0,0.211,0,0,0,0,0,0.28,0,0,0,0,0,0,0,0,0,0,0,0,0,0,0,0,0.567,0,0,0,0,0,0,0,0,0,0.443,0,0,0,0,0,0,0,0,0,0,0,0,0,0,0,0,0,0,0,0.203,0,0,0,0.475,0,0,0,0.559,0.445,0,0,0.248,0,0,0,0.307,0,0,0,0,0,0,0,0,0,0,0,0,0,0,0,0,0,0,0,0,0,0,0,0,0,0,0,0,0,0,0,0,0,0,0,0,0,0,0,0,0,0,0,0,0,0,0,0,0,0,0,0,0,0,0,0,0,0,0,0,0,0,0,0,0,0,0,0,0,0,0,0,0,0,0,0,0,0,0,0,0,0,0,0,0,0,0,0,0,0,0,0,0,0,0,0,0,0,0,0,0,0,0,0,0,0,0,0,0,0,0,0,0,0,0,0,0,0,0,0,0,0,0,0,0,0,0,0,0,0,0,0,0,0,0,0,0,0,0.159,0,0,0,0,0,0,0,0,0.472,0.156,0,0,0,0,0,0,0,0,0,0,0,0,0,0,0,0,0,0,0,0,0,0,0,0,0,0,0,0,0,0,0,0,0,0,0,0,0,0,0,0,0,0,0,0,0,0.274,0,0,0,0,0,0,0,0,0,0,0.157,0,0,0,0,0.186,0,0,0,0,0,0.429,0,0,0,0,0.177,0,0,0,0,0,0,0,0,0,0,0,0,0,0,0,0,0,0,0,0,0,0,0,0,0.261,0,0,0,0,0,0,0,0,0,0,0,0,0,0,0,0,0,0,0,0,0,0,0.197,0,0,0,0,0,0,0,0,0,0,0,0.173,0,0,0,0,0,0,0,0,0.244,0,0,0.157,0.25,0,0,0,0,0,0,0,0,0,0,0,0,0,0,0,0,0,0,0.191,0,0,0,0,0,0,0,0,0,0,0,0,0,0,0,0,0,0,0,0,0,0,0,0,0,0,0,0,0,0,0,0,0,0,0,0,0,0,0,0,0,0,0,0,0,0,0,0,0,0,0,0,0,0,0,0,0,0,0,0,0,0,0,0,0,0,0,0.156,0,0,0,0,0,0,0,0,0,0,0,0,0,0,0,0,0,0,0,0,0,0,0,0,0,0,0,0,0,0,0,0,0,0.333,0,0,0,0,0,0,0,0,0,0,0,0,0,0,0,0,0,0,0,0,0,0,0,0,0,0,0,0,0,0,0,0,0,0,0,0,0,0,0,0,0,0,0,0,0,0,0,0,0,0,0,0,0,0,0,0,0,0,0,0,0,0,0,0,0,0,0,0,0,0,0,0,0,0,0,0,0,0,0,0,0,0,0,0,0,0,0,0,0,0,0,0,0,0,0,0,0,0,0,0,0,0,0,0,0,0,0,0,0,0.428,0,0,0,0,0,0,0,0,0,0,0,0,0,0,0,0,0,0,0,0,0,0.173,0,0,0,0,0,0,0,0,0,0,0,0,0,0,0,0,0,0,0,0,0,0,0,0,0,0,0,0,0,0,0,0,0,0,0,0,0,0,0,0,0.384,0,0,0,0,0,0,0,0,0,0.517,0,0,0,0,0,0.197,0,0,0,0,0,0,0,0,0,0,0,0,0,0,0,0,0,0,0,0,0,0,0.261,0,0,0,0,0,0,0,0,0.186,0,0,0,0,0,0,0,0,0,0,0,0,0,0,0,0,0,0,0,0,0,0,0,0,0,0,0,0,0,0,0,0,0,0,0,0,0,0,0,0,0.16,0,0,0,0,0,0,0,0,0,0,0,0,0,0.177,0,0,0,0,0,0,0,0,0,0,0,0,0,0,0,0,0,0,0,0,0,0.191,0,0,0,0,0,0,0,0,0.202,0,0,0,0,0.331,0,0,0,0,0,0,0,0,0,0,0,0,0,0,0,0,0,0,0,0,0,0,0,0,0,0,0,0,0,0,0,0,0,0,0,0,0,0,0,0,0,0,0,0,0,0,0,0,0,0.283,0,0,0,0,0,0,0,0,0,0,0,0,0,0,0,0,0,0,0,0,0,0,0,0,0,0,0,0,0,0,0,0,0,0,0,0,0,0,0,0,0,0,0,0,0,0,0,0,0,0.396,0,0,0,0,0,0,0,0,0,0,0,0,0,0,0,0,0,0,0,0,0,0,0,0,0,0,0,0,0,0,0,0,0,0,0,0,0,0,0,0,0,0,0,0,0,0,0,0,0.252,0,0,0,0,0,0,0,0,0.259,0,0,0.19,0,0,0,0,0.36,0,0,0,0,0,0,0,0,0,0,0,0,0,0,0,0,0,0,0,0,0,0,0,0,0,0,0,0,0,0,0,0,0,0,0,0.318,0,0,0,0,0,0,0,0,0,0,0,0,0,0,0,0,0,0,0,0,0,0,0,0,0,0,0,0.558,0,0,0,0.28,0,0,0,0,0,0,0,0,0,0,0.16,0,0,0,0,0,0,0,0,0,0,0,0,0,0,0,0,0,0,0,0,0,0,0,0,0,0,0,0,0.228,0.364,0,0,0,0,0,0.191,0,0,0,0,0,0,0,0,0,0,0,0,0,0,0,0,0,0,0,0,0,0,0.203,0,0,0,0,0,0,0.259,0,0,0,0,0,0,0,0,0,0,0,0,0,0,0,0,0,0,0,0,0,0,0,0,0,0,0,0,0,0,0,0,0,0,0,0,0,0,0,0,0,0,0,0,0,0,0,0,0,0,0,0,0,0,0,0,0,0,0,0,0.276,0,0,0,0,0,0,0,0,0,0,0,0,0,0,0,0,0.209,0.246,0,0,0,0,0,0,0,0,0,0,0,0,0,0,0,0,0,0,0,0,0,0,0,0,0.153,0,0,0,0,0,0,0,0,0,0,0,0,0,0,0,0,0,0,0,0,0,0,0,0,0,0,0,0,0,0,0,0,0,0,0,0,0,0,0,0,0,0,0,0,0,0,0,0,0,0,0,0,0,0,0,0,0,0,0,0,0,0,0,0,0.329,0,0,0,0,0,0,0,0,0,0,0,0,0,0,0,0,0,0,0,0,0,0,0,0,0,0,0,0,0,0,0,0,0.274,0,0,0,0,0,0,0,0.465,0,0,0,0,0,0,0,0,0,0,0,0,0,0,0,0,0,0,0,0,0,0,0.21,0,0,0,0,0,0,0,0,0,0,0,0,0,0,0,0,0,0,0,0,0,0,0,0,0,0,0,0,0,0,0,0,0,0,0,0,0.228,0,0,0,0,0,0,0,0,0,0,0,0,0,0,0,0,0,0,0,0,0,0,0,0,0,0,0,0.329,0,0,0,0,0,0,0,0,0,0,0,0,0,0,0,0,0,0,0,0,0,0,0,0.443,0,0,0,0,0,0,0,0,0,0,0,0,0,0,0,0,0,0,0,0,0,0,0,0.25,0,0,0,0,0.537,0,0,0,0,0,0,0,0,0,0,0,0,0,0,0,0,0,0,0.203,0,0,0,0,0,0,0,0,0.346,0,0,0,0,0,0,0,0,0,0,0,0,0.349,0,0,0,0,0,0,0,0,0,0,0,0,0.28,0,0,0,0,0,0,0,0,0,0,0,0,0,0,0,0,0,0,0,0,0,0,0,0,0,0,0.337,0,0,0,0,0,0,0,0,0,0,0,0,0,0,0,0,0,0,0,0,0,0,0,0,0,0,0,0,0,0,0,0,0,0,0,0,0,0,0,0,0,0,0,0,0,0,0,0,0,0,0,0,0,0,0,0,0,0,0.376,0,0,0,0,0,0,0,0,0,0,0,0,0,0,0,0,0,0,0,0,0,0,0,0,0,0,0,0,0,0,0,0,0,0,0,0,0,0,0,0,0,0,0,0,0,0,0,0,0,0,0,0,0,0,0,0,0.272,0,0.196,0,0,0.178,0,0,0,0,0,0,0,0,0,0,0,0,0,0,0,0,0,0,0,0,0,0,0.267,0,0,0,0,0,0,0,0,0,0.325,0,0,0,0,0,0,0,0,0,0,0,0,0,0,0,0,0,0,0,0,0,0,0,0,0,0,0,0,0,0,0,0,0,0,0.19,0,0,0,0,0,0,0,0,0,0,0,0,0,0,0,0,0,0,0,0,0,0,0,0,0,0,0,0,0,0,0,0,0,0,0,0,0,0,0,0,0,0,0,0,0,0,0.224,0,0,0,0,0,0,0,0,0,0,0,0,0,0.883,0,0,0,0,0,0.192,0,0,0,0,0,0,0,0,0.535,0,0,0,0,0,0,0,0,0,0,0,0,0,0,0,0.645,0,0.224,0,0,0,0,0,0,0,0,0,0,0,0,0,0,0,0,0,0.263,0,0,0,0,0,0,0,0.921,0,0,0.23,0,0,0,0,0,0,0,0,0,0,0,0,0,0,0.238,0,0,0,0,0.491,0.162,0,0,0,0,0,0,0,0,0,0,0,0,0,0,0,0,0,0,0,0,0,0,0,0,0,0,0,0.178,0,0.175,0,0,0,0,0,0,0,0,0,0,0,0,0,0,0,0,0,0,0,0,0,0.537,0,0,0,0,0,0,0,0,0,0,0,0,0,0.411,0,0,0,0,0,0,0,0.266,0,0,0,0,0,0,0,0,0,0,0,0,0,0,0,0,0,0.186,0,0,0,0,0,0,0,0,0,0,0,0,0,0,0,0,0,0,0,0,0,0,0,0,0,0,0,0,0,0,0,0,0,0,0,0,0,0,0,0,0,0,0,0,0,0,0,0.193,0,0,0.311,0,0,0,0,0,0,0,0,0,0,0,0,0,0,0,0,0,0,0,0,0,0,0,0,0,0,0,0,0,0,0,0.175,0,0,0,0,0,0,0,0,0,0,0,0,0,0,0,0,0,0,0,0,0,0,0,0,0,0,0,0,0,0,0,0,0,0,0,0,0,0,0,0,0,0,0,0,0.255,0,0,0,0,0,0,0,0,0,0,0,0,0,0,0,0,0,0,0,0,0,0,0,0,0,0,0,0,0,0,0.23,0,0,0,0,0,0,0,0,0,0,0,0,0,0,0,0,0,0,0,0.175,0,0,0,0,0,0,0,0,0,0,0,0,0,0,0,0,0,0,0,0,0,0,0,0,0,0,0,0,0.258,0,0,0,0,0,0,0,0,0,0,0,0,0,0,0,0,0,0,0,0,0,0,0,0,0,0,0,0,0,0,0,0,0,0,0,0,0,0,0,0,0,0,0,0,0.749,0,0,0,0,0,0,0,0,0,0,0,0,0,0,0,0,0,0,0,0,0,0.273,0,0,0,0,0,0,0,0,0,0,0,0,0,0,0,0,0,0,0,0,0,0,0,0,0,0,0,0,0,0,0,0,0,0,0,0,0,0,0,0,0,0,0,0.348,0.263,0,0,0,0,0,0,0,0.257,0.454,0,0,0,0,0,0,0,0,0,0,0,0,0.923,0,0.925,0.937,0,0,0,0.643,0,0,0,0,0,0,0.257,0,0,0,0,0.224,0,0,0,0.251,0,0.224,0,0,0,0,0,0,0.186,0,0,0,0,0,0,0.899,0,0,0,0,0.22,0.39,0,0,0.201,0.273,0.336,0,0,0,0.329,0.334,0,0,0,0,0,0,0,0,0,0,0,0,0,0.215,0,0,0.177,0.31,0,0,0,0,0,0,0.509,0,0,0,0,0,0,0,0,0,0,0,0,0,0,0,0,0,0,0,0,0,0,0.276,0.379,0,0,0,0,0,0,0,0,0,0,0,0,0,0,0,0,0,0,0,0,0,0,0,0,0,0,0,0,0,0,0,0.334,0,0,0.343,0,0,0,0,0,0,0,0.173,0,0.182,0,0,0,0.173,0,0,0.152,0,0,0,0,0.236,0,0,0,0.967,0,0,0,0,0,0,0,0,0,0,0,0,0,0,0,0,0,0.158,0,0,0,0,0,0,0,0,0,0,0,0,0,0,0,0,0,0,0,0,0,0,0,0,0.155,0,0,0,0,0,0,0.268,0.252,0,0,0,0,0,0,0,0,0,0,0,0,0,0,0,0,0,0,0,0,0,0,0,0,0,0,0,0,0,0,0,0,0,0,0.153,0,0,0.177,0,0,0,0,0,0.514,0,0,0,0,0,0,0,0,0,0,0,0,0,0,0,0,0,0,0,0,0,0,0,0,0,0,0,0,0,0,0,0,0,0,0,0,0,0,0,0,0,0,0,0,0,0,0,0.192,0,0,0,0,0,0,0,0,0,0,0,0,0,0,0,0,0,0,0,0,0,0,0,0,0,0,0,0,0,0,0,0,0,0,0,0,0,0,0,0.213,0,0,0,0,0,0,0,0,0,0,0,0,0,0,0,0,0,0.392,0,0,0,0,0,0,0,0,0,0,0,0,0,0,0,0,0,0,0,0,0,0,0,0,0,0,0,0,0,0,0,0,0,0,0,0,0,0,0,0,0,0,0,0,0,0,0,0,0,0,0,0,0,0,0,0,0,0,0,0,0,0,0,0,0,0,0.371,0,0,0,0,0,0,0,0,0,0,0,0,0,0,0,0,0,0,0,0,0,0,0,0,0,0,0,0,0,0,0,0,0,0,0,0,0,0,0,0,0,0,0,0,0,0,0,0,0,0,0,0,0,0,0,0,0,0,0,0,0,0,0,0,0,0,0,0,0,0,0,0,0,0,0,0,0,0,0,0,0,0,0,0,0,0,0,0,0,0,0,0,0,0,0,0,0,0,0,0,0,0,0,0,0,0,0,0,0,0,0,0,0,0,0,0.156,0,0,0,0,0,0,0,0,0,0,0,0,0,0,0,0,0,0,0.75,0,0,0,0,0,0,0,0,0,0,0,0,0,0,0,0,0,0,0,0,0,0,0,0,0,0,0,0,0,0,0,0,0,0,0,0,0,0,0,0,0.914,0,0,0,0.171,0,0,0,0,0,0,0,0,0.447,0,0,0,0,0,0,0,0,0,0,0,0,0,0,0,0,0,0,0,0,0,0,0,0,0,0,0,0,0,0,0,0,0,0,0,0,0,0,0,0,0,0,0,0,0,0,0,0,0,0,0.162,0,0,0,0,0,0,0,0,0,0,0,0,0,0,0,0,0,0,0,0,0,0,0,0,0,0,0,0,0,0,0,0,0,0,0,0,0,0,0,0,0,0,0,0,0,0,0,0,0,0,0,0,0,0,0,0,0,0,0,0,0,0,0.158,0,0.902,0,0.22,0,0,0.275,0,0,0,0,0,0,0,0,0,0,0.322,0,0,0,0,0,0,0,0,0,0,0,0,0,0,0,0,0,0,0,0,0,0,0,0,0,0,0,0,0,0,0,0,0,0,0,0,0,0,0,0,0,0,0,0,0,0,0,0,0,0,0,0,0,0,0,0,0,0,0,0,0,0,0.307,0,0,0,0,0,0,0,0,0,0,0,0,0,0,0,0.178,0,0,0,0,0,0.161,0,0,0,0,0,0,0,0,0,0,0,0,0,0.331,0,0,0,0,0,0,0,0,0,0,0.553,0,0,0,0,0,0,0,0,0,0.177,0,0,0,0,0,0,0,0,0,0,0,0,0,0,0,0,0,0,0,0,0,0,0,0,0,0,0,0,0,0,0,0,0,0,0,0,0,0,0,0,0,0,0,0,0,0,0,0,0,0.31,0,0,0,0.314,0,0,0,0,0,0,0,0,0,0,0,0,0,0,0,0,0,0,0,0,0,0,0,0,0,0,0,0,0,0,0,0,0.276,0,0,0,0,0,0,0,0,0,0,0,0,0,0,0,0,0,0,0.257,0,0,0,0,0,0,0,0,0,0,0,0,0,0,0,0,0,0,0,0,0,0,0,0,0,0,0,0,0,0,0.194,0,0,0,0,0,0,0,0,0,0,0,0,0.275,0,0,0,0,0,0,0,0,0,0,0,0,0,0,0,0,0,0,0,0,0,0,0,0,0,0,0,0,0,0,0,0,0,0,0,0,0,0,0,0,0,0,0,0,0,0,0,0,0,0,0.22,0,0,0,0,0,0,0,0,0,0,0,0,0,0,0,0,0.382,0,0,0,0,0,0,0,0,0,0,0,0,0,0,0,0,0,0,0,0,0,0,0,0,0,0,0,0,0,0,0,0,0,0,0,0,0,0,0,0.195,0,0,0,0,0,0,0,0,0.175,0,0,0,0,0,0,0,0,0,0,0,0,0,0,0,0,0,0,0,0,0,0,0,0,0,0,0,0,0,0,0,0,0,0,0,0,0,0,0,0,0.179,0,0,0,0,0,0.262,0,0,0.181,0.535,0,0,0.179,0,0,0,0,0,0,0,0,0,0,0,0,0,0,0,0,0,0,0,0.205,0,0,0,0,0,0,0,0,0,0,0.539,0,0,0,0,0,0,0,0,0,0,0.548,0,0,0,0,0,0,0,0,0,0,0,0,0,0.451,0,0,0,0,0,0,0,0,0,0,0.276,0,0,0,0,0,0,0,0.279,0,0,0,0,0,0,0,0,0,0,0,0,0,0,0,0,0,0,0,0,0,0,0,0,0,0,0,0,0,0,0,0,0,0,0,0,0,0,0,0,0,0,0,0,0,0,0,0,0,0,0,0,0,0,0,0,0,0,0,0.394,0,0,0,0,0,0,0,0,0,0,0,0,0,0,0,0,0,0,0.522,0,0,0,0,0,0,0,0,0,0,0,0,0,0,0,0,0,0,0,0,0.374,0,0,0,0,0,0,0,0.258,0,0,0,0,0,0,0,0,0,0,0,0,0,0,0,0,0,0,0,0,0,0,0,0,0,0,0,0,0,0,0,0,0,0,0,0,0,0,0,0,0,0,0,0,0,0.194,0.194,0,0,0,0,0.445,0,0,0,0,0,0,0,0,0,0,0,0,0,0,0,0,0,0,0,0,0,0,0,0,0,0,0,0,0,0,0,0,0,0,0,0,0,0,0,0,0,0,0,0,0,0,0,0,0,0,0,0,0,0,0,0,0,0,0,0,0,0,0,0,0.313,0,0,0,0,0,0,0,0,0,0,0,0,0,0,0,0,0,0,0,0,0,0,0,0,0,0,0,0,0,0,0,0,0,0,0,0,0,0,0,0,0,0,0,0,0,0,0,0,0,0,0,0,0,0,0,0,0,0,0,0,0,0,0,0,0,0,0,0,0,0,0,0,0,0,0,0,0,0,0,0,0,0,0,0.309,0,0,0.203,0,0.152,0,0,0,0,0,0,0,0,0,0,0,0,0,0,0,0,0,0,0,0,0,0,0,0,0,0,0,0,0,0,0,0,0,0.203,0,0,0,0,0,0,0,0,0,0,0,0,0,0,0,0,0,0,0,0,0.562,0.613,0.296,0.448,0,0,0,0,0,0,0,0,0,0,0,0,0,0,0,0,0,0,0,0,0,0,0,0,0,0,0,0,0,0,0,0,0,0,0,0,0,0,0,0,0,0,0,0,0,0,0,0,0,0,0,0,0,0,0,0,0,0,0,0,0,0,0,0,0,0,0,0,0,0,0,0,0,0,0,0,0.236,0.236,0,0,0,0,0,0,0,0,0,0,0,0,0,0,0,0,0,0,0,0,0,0,0,0,0,0,0,0,0,0,0,0,0,0,0,0,0,0,0,0,0,0,0,0,0,0,0,0,0,0,0,0,0,0,0,0,0,0,0,0,0,0,0,0.223,0,0,0,0,0,0,0,0,0,0,0,0,0,0,0,0,0,0,0,0,0,0,0,0,0,0,0,0,0,0,0,0,0,0,0.403,0,0,0,0,0,0,0,0,0,0,0,0,0,0,0,0,0,0,0,0,0,0,0,0,0,0,0,0,0,0,0,0,0,0,0,0,0,0,0,0,0,0,0,0,0,0
856612,0.499,0.266,0.883,0.966,0,0,0.361,0.905,0.937,0,0.983,0.203,0.777,0,0.519,0,0.347,0.909,0.691,0,0,0,0,0.766,0.261,0.901,0.274,0.904,0,0.547,0,0,0.91,0,0.996,0.248,0.759,0.931,0,0,0.796,0.395,0.343,0,0,0.15,0,0.725,0.993,0,0.238,0.666,0.678,0.184,0.926,0,0,0.942,0.218,0,0.346,0.335,0.466,0,0.994,0,0.944,0.337,0.444,0,0.586,0.222,0,0.953,0.619,0.966,0,0,0.349,0.36,0.17,0,0,0.498,0,0.415,0.202,0.32,0.966,0,0.66,0,0,0.915,0.244,0.213,0.388,0.394,0.401,0.214,0.792,0,0.948,0.586,0.242,0.66,0.364,0.691,0,0,0.229,0,0,0.239,0,0,0,0.151,0.976,0,0,0.912,0.53,0,0,0,0,0,0.175,0.392,0.162,0.311,0,0,0,0.734,0,0.229,0.931,0.218,0.757,0,0.184,0,0,0.976,0,0,0,0,0.916,0,0,0.17,0,0.999,0,0.871,0.276,0.66,0,0,0.351,0.435,0.367,0,0,0.453,0.189,0,0,0.566,0,0,0.151,0.958,0,0.178,0.572,0.6,0.976,0.996,0,0,0,0,0,0,0.218,0,0,0,0,0,0.224,0.252,0.172,0,0,0.352,0,0,0.307,0,0.254,0,0,0,0,0.441,0,0,0.195,0,0,0,0,0,0.15,0,0,0,0,0,0,0,0,0,0,0,0,0,0,0,0,0,0.253,0,0,0,0,0,0.39,0,0.246,0,0,0,0,0,0,0,0,0,0,0,0,0,0,0,0,0,0,0,0,0,0.394,0,0,0,0,0,0,0,0,0.292,0,0,0,0,0,0,0.574,0.37,0,0,0,0.911,0.883,0,0,0,0,0,0.367,0,0,0,0,0,0.152,0,0,0.174,0,0,0,0,0,0,0,0,0.21,0,0.292,0,0,0,0.391,0,0,0,0.525,0,0,0,0.193,0,0,0,0.567,0.267,0,0,0,0.204,0,0,0,0,0,0,0,0,0,0,0,0,0,0,0,0,0.16,0,0,0,0,0,0,0,0,0,0,0,0,0,0.29,0,0,0,0.533,0,0,0,0,0,0,0,0,0,0,0,0,0,0,0,0,0,0,0.156,0,0,0,0,0,0,0,0,0,0,0,0,0,0,0.309,0,0,0,0,0.171,0.541,0,0,0,0.176,0,0,0,0.202,0,0,0.172,0,0.292,0,0,0,0,0,0,0.382,0,0,0,0,0,0,0.703,0.417,0,0,0.318,0.174,0,0,0.325,0,0,0,0,0,0,0.549,0,0,0,0,0,0,0,0,0,0.887,0,0.361,0,0,0,0,0,0,0,0,0,0,0,0,0,0,0,0,0.447,0,0,0,0,0,0,0,0.3,0,0,0.545,0,0,0,0,0,0,0,0,0,0,0,0,0,0.579,0,0,0,0,0,0,0,0,0,0.177,0,0,0,0,0,0,0,0,0,0,0,0.187,0,0,0,0,0.276,0,0,0,0,0,0,0,0,0,0.312,0,0.607,0,0,0,0,0,0,0.158,0,0,0,0,0.706,0,0,0,0,0,0,0,0,0,0,0,0.167,0,0.617,0,0.736,0,0,0,0,0,0,0,0,0,0,0,0,0.482,0,0.281,0,0,0,0,0.153,0,0,0.208,0,0,0,0,0,0,0.555,0,0,0,0,0,0,0.361,0,0,0,0,0,0,0,0,0.602,0,0,0,0,0,0,0,0.187,0.515,0,0,0,0,0,0,0,0,0,0,0,0,0,0,0,0,0,0.156,0,0,0.249,0,0,0.394,0,0.211,0,0.239,0,0,0,0,0,0,0,0.293,0,0,0,0,0.518,0,0,0,0,0,0,0,0,0,0,0,0,0,0,0,0,0,0,0,0,0,0,0,0,0,0,0.68,0,0,0,0,0,0,0,0,0,0,0.181,0,0,0,0.177,0.179,0,0,0,0,0,0,0.309,0,0,0,0,0,0,0,0,0,0,0,0,0,0,0,0.351,0,0,0,0,0.713,0,0,0,0,0,0,0,0,0,0,0,0,0,0.154,0,0,0,0,0,0.954,0,0,0,0,0,0,0,0,0,0,0.15,0,0,0,0,0,0,0,0.172,0.527,0.362,0,0.655,0,0,0,0.297,0,0,0.441,0,0,0.339,0,0,0,0,0,0,0,0,0,0,0,0,0,0,0,0.23,0,0,0,0,0,0.168,0,0.223,0,0,0,0,0,0,0,0.74,0,0.276,0,0,0,0,0,0,0,0,0,0,0.386,0,0,0,0,0,0.244,0.156,0,0,0,0,0.303,0,0,0.409,0,0,0.377,0,0,0.165,0,0,0.371,0,0,0,0,0,0,0,0.257,0,0,0,0,0,0.208,0,0.32,0,0,0.213,0,0,0,0.372,0,0,0,0,0,0,0,0,0,0.241,0,0,0,0.175,0,0,0,0.242,0,0,0,0,0,0,0,0.227,0,0,0,0,0,0,0,0,0,0,0,0,0,0.25,0,0,0,0,0,0,0,0.211,0,0,0,0,0,0,0,0,0,0,0,0.202,0,0,0,0,0,0,0,0,0,0,0,0,0,0,0,0.372,0,0,0,0.269,0,0,0.213,0,0,0,0,0.152,0,0,0,0.447,0.441,0,0,0,0,0,0,0,0,0.25,0,0,0,0,0,0,0.155,0.447,0,0,0,0,0,0,0,0,0.382,0,0,0,0,0,0,0,0,0,0,0,0,0,0,0,0,0,0,0.221,0,0,0,0.905,0.224,0,0,0.934,0.258,0,0,0,0,0.407,0,0,0,0,0.173,0,0,0.224,0,0.243,0,0,0,0,0,0.19,0,0.885,0,0,0.182,0.156,0.701,0,0.268,0,0.213,0.177,0,0,0,0,0,0,0.409,0.645,0,0,0.937,0,0,0,0,0,0,0,0,0.187,0,0,0,0,0.433,0,0,0,0.162,0,0.261,0,0,0.79,0,0.383,0.203,0.276,0,0,0,0,0,0,0,0,0,0,0,0,0.814,0,0.155,0,0.371,0,0.546,0,0,0,0,0,0,0.175,0.418,0,0,0.903,0,0,0,0,0,0,0,0,0.154,0,0,0,0,0,0,0.215,0.266,0.225,0.277,0,0,0,0,0.198,0,0,0,0,0,0,0.153,0,0,0.232,0,0,0.95,0.239,0,0,0,0.567,0,0,0,0,0,0,0,0,0,0,0,0,0,0,0.165,0.853,0,0,0,0,0,0.802,0,0,0,0,0,0.72,0,0.237,0,0.155,0,0,0,0,0,0.275,0.157,0,0,0,0,0,0,0,0,0,0,0,0,0,0.166,0.943,0,0,0.215,0,0,0,0,0,0,0,0,0.153,0.687,0,0.166,0,0.246,0.182,0,0,0,0,0,0,0.438,0.868,0,0,0,0.443,0,0,0,0.255,0,0,0,0,0,0,0,0,0,0.263,0,0,0,0,0,0,0.622,0,0.339,0,0,0.986,0,0,0,0.721,0,0,0,0,0,0.786,0,0,0,0,0.177,0.582,0.39,0,0.628,0,0,0,0,0,0,0.555,0,0,0,0,0,0,0,0.632,0.471,0.306,0,0,0,0,0,0.227,0,0,0,0,0,0,0.22,0.229,0,0,0,0.152,0,0,0,0.21,0.276,0.209,0,0,0,0,0,0,0.974,0,0.213,0,0,0.158,0.264,0,0.29,0,0,0,0,0,0.189,0,0,0,0,0.156,0,0,0,0.21,0,0,0,0.254,0,0,0,0,0.675,0.194,0.202,0,0.188,0,0,0,0,0,0,0,0.773,0.79,0,0,0,0,0,0,0,0,0.309,0,0.342,0,0,0.168,0.678,0,0,0,0.4,0,0,0.847,0.611,0,0,0,0,0,0.188,0,0,0,0.173,0,0.571,0.192,0.277,0,0,0,0,0,0,0,0,0.646,0,0,0,0,0,0,0.318,0,0,0,0,0,0,0,0,0.216,0,0,0,0,0,0,0,0,0.229,0,0,0.223,0,0.275,0,0.593,0,0,0.286,0,0,0.577,0,0,0,0,0,0,0,0.169,0,0.169,0,0,0,0.15,0.229,0,0,0,0,0,0,0,0,0,0,0,0,0,0.789,0,0.9,0.31,0,0,0,0.201,0,0.238,0,0,0,0,0,0.28,0,0,0,0,0,0,0.597,0,0,0,0,0,0,0.152,0.19,0.155,0,0,0,0,0.208,0,0,0,0,0,0,0,0,0,0,0.209,0,0,0,0,0,0,0,0,0,0,0,0,0,0.203,0,0,0.162,0,0,0,0,0,0,0,0,0.24,0,0,0,0,0,0,0,0,0,0,0,0.189,0,0.182,0.273,0.164,0,0,0,0.393,0,0,0.544,0,0,0,0,0.258,0,0,0,0,0.276,0,0,0.888,0.306,0,0,0,0,0.156,0.181,0,0,0,0,0,0,0,0,0,0,0,0,0,0,0,0,0,0,0,0,0,0.172,0,0,0,0,0,0,0,0,0,0,0,0,0,0,0,0,0,0,0,0,0,0,0,0,0,0,0,0,0,0.435,0,0,0,0.156,0,0,0,0,0,0,0,0,0,0,0,0,0,0,0,0,0,0,0,0,0,0,0,0,0,0,0,0,0,0,0,0,0,0,0.171,0,0,0,0,0,0,0,0,0,0,0,0,0,0,0,0.154,0,0,0,0,0,0,0,0,0,0,0,0,0,0,0,0,0,0,0,0,0,0.173,0,0.284,0.681,0,0,0,0,0.454,0,0.242,0,0,0,0,0,0,0,0,0,0,0,0.68,0,0,0,0,0,0,0,0,0,0,0,0,0,0,0,0,0,0,0,0.306,0,0,0,0,0,0,0,0,0,0.155,0,0,0,0,0,0,0.213,0.325,0,0,0.543,0,0,0,0,0,0,0,0.857,0,0,0,0,0,0,0,0,0,0,0,0,0,0,0,0,0,0,0,0,0,0,0,0,0,0,0,0,0,0,0,0,0,0,0,0,0,0,0,0,0,0,0,0,0.175,0,0,0,0,0,0,0,0.165,0,0,0,0,0,0.276,0,0,0,0,0,0,0,0.194,0.158,0,0,0,0,0,0.171,0,0,0,0,0.489,0,0,0,0,0,0,0,0,0,0,0,0,0,0,0,0,0,0,0,0.671,0,0,0,0,0,0,0,0,0.187,0,0,0,0,0.157,0,0,0.222,0,0,0,0,0,0,0,0,0,0,0.208,0,0,0.18,0,0,0,0,0,0,0,0,0.251,0,0,0,0.197,0,0,0,0.174,0.436,0,0,0,0,0,0,0,0,0,0.619,0,0,0,0,0,0,0,0,0.901,0.2,0,0,0,0,0,0,0,0,0.192,0,0,0,0,0,0,0,0,0,0,0,0,0,0,0,0,0.258,0.173,0.151,0,0,0,0.188,0,0,0,0.191,0,0,0,0,0,0,0,0,0,0,0.228,0,0,0,0,0,0.179,0,0,0,0,0,0,0,0,0,0,0,0,0,0,0,0,0,0.19,0,0.243,0,0,0,0,0,0,0,0,0,0,0.192,0,0,0,0,0,0,0,0,0.151,0,0,0,0,0,0,0,0,0,0,0,0,0,0,0,0,0,0,0,0,0,0,0,0,0,0,0,0,0,0,0,0,0,0.182,0,0,0,0,0,0,0,0.956,0,0,0,0,0,0,0,0,0,0,0,0,0,0,0,0,0,0,0,0,0,0,0,0.29,0,0,0,0,0,0,0,0,0,0,0,0,0,0,0,0,0,0,0,0,0,0,0,0,0,0,0,0,0,0,0,0,0,0,0,0,0,0,0,0,0,0,0,0,0,0,0,0,0,0,0,0,0,0,0,0,0,0,0,0,0,0,0,0,0,0,0,0,0,0,0,0,0,0,0,0,0,0,0,0.232,0,0,0.222,0,0,0,0,0,0,0,0,0,0,0,0,0,0,0,0,0,0,0,0.211,0,0,0,0,0,0,0,0,0,0.286,0,0,0,0,0,0,0,0,0,0,0,0,0,0,0.968,0,0,0,0,0,0,0,0,0,0,0,0,0,0,0,0,0,0.234,0,0,0,0,0,0,0,0,0,0,0,0.194,0,0,0,0,0,0,0,0,0,0.192,0,0,0,0,0,0,0,0.217,0,0,0,0,0,0,0,0,0,0,0,0,0,0,0,0,0,0,0,0,0,0,0.189,0,0,0.222,0,0.152,0.21,0,0,0,0,0,0,0,0,0,0,0,0,0.218,0,0,0,0,0,0,0,0,0,0,0,0,0,0,0,0,0,0,0,0,0,0,0.178,0,0,0.416,0.647,0,0,0,0,0,0,0,0,0,0,0,0,0,0,0.159,0,0,0,0,0,0.449,0,0,0,0,0,0,0,0,0,0,0,0.632,0,0.175,0,0,0,0,0,0,0,0,0,0,0,0,0,0,0,0,0,0.158,0,0,0,0.157,0,0,0,0.158,0,0.672,0.155,0,0,0.154,0,0,0,0,0,0.36,0.372,0,0,0,0,0,0,0,0,0,0.173,0,0,0,0,0,0,0,0,0,0,0,0.196,0,0,0,0,0,0,0,0,0,0,0,0.198,0,0.301,0,0.158,0.186,0,0,0,0,0,0,0,0.181,0.159,0,0,0,0,0,0,0,0.629,0,0,0.173,0,0,0,0,0.158,0.195,0,0,0,0,0,0,0,0,0,0,0,0,0,0,0,0,0,0,0.161,0,0,0.346,0,0,0,0,0,0,0.686,0,0,0,0,0.223,0,0,0.582,0,0,0,0,0,0,0,0,0,0,0,0,0,0,0,0,0,0,0,0,0,0,0.183,0,0,0,0,0,0,0.215,0,0.151,0,0,0,0,0,0,0.194,0,0,0,0,0,0,0,0,0,0,0.598,0,0,0,0,0.194,0,0,0.592,0,0,0,0,0,0,0,0,0,0,0,0,0,0,0.212,0,0,0,0,0.332,0,0,0,0,0,0,0,0,0,0,0,0.905,0,0,0.166,0,0,0,0,0,0,0,0,0,0,0,0,0,0,0,0,0,0,0,0,0,0,0,0,0,0,0,0,0,0.167,0,0,0,0.479,0.213,0,0,0,0,0,0,0,0.174,0,0,0,0,0,0,0,0.205,0,0,0.277,0,0,0,0,0,0,0,0.23,0,0,0,0,0,0,0,0,0,0,0,0,0,0,0,0,0,0,0,0,0,0,0,0,0,0,0,0,0,0,0,0,0,0,0,0,0,0,0,0,0,0,0,0,0,0,0,0,0,0,0,0,0,0,0,0,0,0,0.162,0,0,0.195,0,0.181,0,0,0,0,0,0,0,0,0,0,0,0,0,0,0,0.222,0,0.155,0,0,0,0,0,0,0,0,0,0,0,0,0,0,0,0,0,0,0,0,0,0,0,0,0,0,0,0,0,0,0,0,0,0,0,0,0,0,0,0,0.177,0,0,0,0,0,0,0,0,0,0,0,0,0,0,0,0,0,0,0,0,0,0,0,0,0,0,0,0,0,0,0,0,0,0,0,0,0,0,0,0,0,0,0,0,0,0,0,0,0,0,0,0,0,0,0,0,0,0,0,0,0,0,0,0,0,0,0,0,0,0,0,0,0,0,0,0.162,0,0.199,0.26,0,0.186,0,0,0,0,0,0,0,0,0,0,0,0,0,0,0,0,0,0,0,0,0.904,0,0,0,0,0,0,0,0,0.186,0.219,0,0,0,0.679,0,0,0,0,0,0,0,0,0,0,0,0.194,0.163,0.179,0,0.19,0,0,0,0,0,0,0,0,0,0,0.158,0.181,0,0,0,0,0,0,0,0,0,0.177,0,0,0,0,0,0,0,0,0.401,0,0.181,0,0,0,0,0,0,0,0,0.156,0,0,0,0,0,0,0,0,0.907,0,0,0,0,0,0,0,0.185,0,0,0,0.49,0,0,0,0,0,0,0,0,0,0,0,0,0,0,0,0,0,0,0,0,0,0,0,0.358,0,0,0,0,0.185,0,0,0,0,0,0,0,0.236,0,0,0,0,0,0,0,0,0,0,0,0,0,0,0.716,0.165,0,0,0,0,0,0,0,0,0,0,0,0,0,0,0,0,0,0,0,0,0,0.741,0,0,0,0.9,0,0,0,0,0,0.249,0,0,0,0,0,0,0,0,0,0,0,0,0,0,0.907,0.196,0,0.202,0.235,0,0,0,0,0,0,0,0,0.151,0.9,0,0.278,0,0,0,0,0,0,0,0.478,0,0,0,0,0,0,0,0,0.903,0,0,0,0,0,0,0,0,0,0,0,0.475,0,0,0,0,0,0,0,0,0,0,0,0,0,0.205,0,0,0,0,0,0,0,0,0,0,0,0,0,0,0,0,0,0,0,0,0,0,0,0,0,0,0,0,0,0,0,0,0,0,0,0,0,0,0.194,0,0,0.311,0,0,0,0,0,0,0,0,0.238,0,0,0,0.222,0,0,0,0,0,0,0,0,0.232,0,0,0,0,0,0,0,0,0,0,0.161,0,0.23,0,0,0,0,0,0,0,0,0,0,0,0.216,0,0,0,0,0,0,0,0,0,0,0,0,0,0,0,0,0.48,0,0,0,0,0,0.443,0,0,0.197,0.196,0,0,0,0,0,0,0.394,0,0,0,0,0,0,0.17,0,0,0,0.176,0.181,0,0,0,0,0,0,0,0,0.857,0,0,0,0,0,0,0,0,0,0,0,0,0,0,0,0,0,0,0,0.297,0,0,0,0,0,0.76,0,0,0,0,0,0,0,0,0,0,0,0,0,0,0,0,0,0,0,0,0,0,0,0,0,0,0,0,0,0,0,0,0.366,0,0,0,0,0,0,0,0,0,0.705,0,0,0,0,0.586,0,0,0,0,0,0,0,0,0,0,0,0,0,0,0,0,0,0,0,0,0.227,0,0.482,0,0.305,0,0,0,0,0,0,0,0,0,0.615,0,0.565,0,0,0.181,0,0,0,0,0,0,0,0,0.292,0,0,0,0,0,0,0,0,0,0,0,0,0,0,0,0,0,0.252,0,0,0,0,0,0,0,0,0,0.555,0,0,0,0,0,0,0,0,0,0,0,0.586,0,0,0,0,0,0,0,0,0,0,0,0,0,0,0,0,0,0,0,0,0,0,0,0,0,0,0.534,0,0,0,0,0,0,0,0,0,0,0.164,0,0,0,0,0,0,0,0,0,0,0,0,0.161,0,0,0,0,0,0,0,0,0,0,0,0,0,0,0,0,0,0,0,0.297,0,0,0,0,0,0,0,0,0,0,0.293,0,0,0,0,0,0,0.337,0,0,0,0,0,0,0,0,0,0,0,0,0,0,0,0,0,0.903,0,0,0,0,0,0,0,0,0,0.181,0,0,0,0,0,0,0,0,0,0,0,0,0,0,0,0.153,0,0,0,0,0,0,0,0,0.182,0,0.165,0,0,0,0.369,0,0,0,0,0,0,0,0,0,0,0,0,0,0,0,0,0,0,0,0,0,0,0,0,0,0,0,0,0,0,0,0,0,0,0,0,0,0,0.193,0,0,0,0,0,0,0,0,0,0,0,0,0,0,0,0,0,0,0,0,0,0,0,0,0,0,0,0,0,0,0,0,0,0,0,0,0,0,0,0,0,0,0,0,0,0,0,0,0,0.25,0,0.346,0,0,0,0.66,0,0,0,0,0,0,0,0,0,0,0,0.386,0.208,0,0,0,0,0,0.447,0,0,0,0.398,0,0,0,0,0,0,0,0.462,0,0,0,0,0,0,0,0,0,0,0,0,0,0,0,0,0,0,0,0,0,0,0,0,0,0,0,0,0,0,0,0,0.204,0,0,0,0,0,0.157,0,0,0,0,0,0,0,0,0,0,0,0,0,0,0,0,0,0,0,0.442,0,0,0,0,0,0,0,0,0,0.2,0,0,0,0,0,0,0,0,0,0,0,0,0,0,0,0,0,0,0,0,0,0,0,0,0,0,0,0.393,0,0,0,0,0,0.16,0,0.551,0,0.553,0.22,0.561,0,0.407,0.303,0,0,0.197,0,0,0.39,0,0.445,0,0.234,0.37,0.338,0.168,0,0,0,0,0.563,0.464,0.2,0,0.677,0,0.158,0,0,0,0,0,0.16,0,0,0,0,0,0,0,0,0,0,0,0,0,0,0,0,0,0,0,0,0,0,0,0,0,0,0,0,0,0,0,0,0,0,0,0,0,0,0,0,0,0,0,0.224,0,0,0,0,0,0,0,0,0,0,0,0,0,0,0,0,0,0.164,0,0,0,0,0,0,0,0,0,0.155,0,0,0,0,0,0,0,0,0,0,0,0,0,0,0,0.431,0,0,0,0,0,0,0,0,0,0,0,0.156,0,0,0,0,0,0,0,0,0,0,0,0,0,0,0,0,0,0,0,0,0,0,0.9,0.155,0,0,0,0,0,0,0,0,0.394,0,0,0,0,0,0,0,0,0,0,0,0,0,0,0.523,0,0,0,0,0,0,0,0,0,0,0,0,0.227,0,0,0,0,0,0,0,0,0,0,0.269,0,0,0,0,0,0,0,0,0,0,0,0,0,0,0,0,0,0,0,0,0,0,0,0,0,0,0,0,0,0,0,0,0,0,0,0,0,0,0,0,0,0,0,0,0,0,0,0,0,0,0,0,0,0,0,0,0,0,0,0,0,0,0,0,0,0,0,0,0,0,0,0,0,0,0,0,0,0.19,0,0,0,0,0,0,0,0,0,0,0,0,0.178,0,0,0,0,0,0.167,0.254,0,0,0,0,0,0,0,0,0,0,0,0,0,0,0,0,0,0,0,0,0,0,0,0,0,0,0,0,0,0.166,0,0,0,0.384,0,0,0,0,0,0.155,0,0,0,0,0,0,0,0,0,0,0,0,0.441,0,0,0,0,0,0.55,0,0,0,0,0,0.432,0,0,0,0,0,0,0,0,0,0
852254,0,0,0,0,0,0,0,0,0,0,0,0,0,0,0,0,0,0,0,0,0,0,0,0,0,0,0,0,0,0,0,0,0,0,0,0,0,0,0,0,0,0,0,0,0,0,0.32,0,0,0,0,0.999,0,0,0,0,0,0.175,0,0,0,0,0,0,0,0.154,0,0,0,0,0.243,0,0,0,0,0,0,0,0,0,0,0,0,0,0,0,0,0,0,0,0,0,0,0,0,0.999,0,0,0.192,0,0,0,0,0,0,0,0,0,0,0,0,0,0,0,0,0,0,0,0,0,0,0,0.17,0,0.191,0,0,0.932,0,0,0.218,0,0,0,0,0,0,0,0,0,0.999,0,0.235,0,0,0,0,0,0,0,0,0.334,0,0,0,0.9,0,0,0,0,0,0,0,0,0.219,0,0,0.266,0,0.248,0,0,0,0,0,0,0,0,0,0,0,0,0,0.562,0,0,0,0,0,0.202,0,0,0,0,0,0.157,0,0,0,0,0,0,0,0.956,0,0,0.999,0,0,0,0,0,0,0.212,0,0,0,0,0,0,0.999,0,0,0.822,0,0,0,0,0,0.849,0,0,0.999,0,0.235,0,0.363,0,0,0.251,0,0,0,0.158,0.571,0,0,0,0,0,0,0,0.248,0,0,0,0,0,0,0,0,0,0,0,0.359,0,0,0,0,0.258,0,0,0,0,0,0.995,0,0,0,0,0,0,0.467,0,0.355,0.622,0,0.917,0,0.334,0,0,0,0,0,0,0.208,0.837,0,0,0.999,0,0,0.212,0,0.179,0,0,0,0.999,0,0,0,0,0.995,0,0,0,0,0,0,0,0.161,0,0,0.173,0,0,0,0.768,0,0,0,0,0,0,0,0,0,0,0,0,0,0.17,0,0,0,0,0,0,0,0,0,0,0,0,0,0,0,0,0,0,0,0.178,0,0,0,0,0,0.999,0,0.924,0,0,0,0,0.999,0,0,0,0,0.372,0,0.999,0,0,0,0,0,0.345,0,0,0,0,0,0,0.999,0,0.507,0,0,0,0,0,0.365,0,0,0,0,0.857,0,0,0.159,0.296,0,0.185,0,0,0,0,0.158,0,0,0,0,0.417,0,0,0,0,0.564,0,0,0,0,0,0,0,0,0,0,0,0,0,0,0,0,0,0,0,0.999,0,0.344,0.234,0,0,0,0.214,0,0.156,0,0.209,0,0,0,0,0,0,0,0,0,0,0,0.999,0,0,0,0,0,0.286,0,0,0,0,0.377,0,0,0,0,0,0,0.918,0,0,0,0,0,0.912,0,0,0,0,0,0,0,0,0,0,0.833,0,0,0,0,0,0.226,0,0.999,0,0,0,0,0,0,0,0,0.221,0.35,0,0,0,0,0,0,0,0,0,0.67,0,0,0.225,0.151,0,0,0.153,0.177,0,0,0,0,0.192,0,0,0,0,0,0,0,0,0,0,0,0,0,0,0,0,0,0,0,0,0,0,0,0,0,0.155,0,0,0,0,0,0,0,0,0.194,0.323,0,0,0,0,0,0,0,0,0,0,0,0.37,0,0.261,0,0,0,0,0,0.178,0,0.264,0,0,0,0,0,0,0,0,0,0,0,0,0,0,0,0,0.323,0.907,0,0.242,0,0,0,0,0,0,0.635,0,0,0,0,0,0,0,0,0,0,0,0,0,0,0,0,0,0,0,0.326,0,0,0,0.313,0,0,0,0,0,0,0,0,0,0,0,0,0,0,0,0,0,0.562,0,0,0,0,0.798,0,0,0,0,0.381,0,0,0,0,0,0,0,0,0,0,0,0,0,0,0,0,0,0,0,0.176,0.411,0,0.234,0,0,0,0,0,0,0.381,0.441,0.999,0,0,0,0,0,0,0,0,0,0,0.999,0,0,0,0.476,0,0.329,0,0,0,0,0,0,0,0,0,0.19,0,0,0,0,0.999,0,0.389,0,0,0,0,0,0,0,0,0,0,0,0,0,0,0,0,0,0,0.816,0,0,0,0,0.23,0,0,0,0,0,0,0.292,0,0.825,0,0,0.19,0,0,0,0,0,0,0,0,0,0,0,0,0,0,0,0,0,0,0,0,0,0,0,0,0,0.862,0,0.173,0,0.561,0,0,0,0,0,0,0,0,0,0,0,0,0,0,0,0,0,0,0.999,0,0.231,0,0,0,0,0,0,0,0,0,0,0,0,0,0,0,0.159,0,0.258,0,0,0,0,0,0,0,0,0,0.999,0,0,0,0,0,0,0.462,0,0,0,0,0,0,0,0.999,0,0,0,0,0,0,0,0,0,0,0,0,0,0,0.186,0,0,0,0,0.419,0,0,0,0,0,0,0.994,0,0.998,0,0,0,0,0.272,0.197,0,0,0.999,0,0,0,0.198,0.445,0,0.999,0,0.944,0.195,0.999,0,0.372,0,0,0,0,0,0,0,0.363,0,0,0,0,0,0,0.992,0,0.935,0.999,0,0,0,0,0,0,0,0.581,0,0,0,0.159,0,0.489,0,0,0,0,0,0.999,0,0,0,0,0,0,0,0,0,0,0.287,0,0,0,0,0,0,0,0,0,0,0,0,0,0,0,0.169,0,0,0,0,0,0,0,0,0,0,0,0,0,0,0,0,0,0,0,0,0,0,0,0,0,0,0,0,0,0,0,0,0,0,0,0,0.999,0,0,0,0,0,0,0,0,0,0.999,0,0,0,0,0,0,0,0,0,0,0,0,0.901,0,0,0,0,0,0,0,0,0,0,0,0,0,0,0,0,0,0,0,0,0,0,0,0,0,0,0,0,0,0,0,0,0,0,0,0,0,0,0,0,0,0,0,0,0,0,0,0,0,0.999,0,0,0,0,0,0.229,0.162,0,0.908,0.173,0,0,0,0,0,0,0,0,0,0,0,0,0,0,0,0,0,0.999,0,0,0,0,0,0,0,0,0,0,0.999,0,0,0,0,0,0,0,0,0.999,0.416,0.316,0,0,0,0,0,0,0,0.17,0,0.164,0,0,0,0,0,0,0,0,0,0,0,0,0,0,0,0,0,0,0.185,0,0,0,0,0,0.999,0,0,0.18,0,0,0,0,0,0,0,0,0,0,0,0,0.999,0,0,0.307,0,0,0,0,0,0.587,0.159,0.989,0,0,0,0,0,0,0,0,0,0,0,0,0,0,0,0,0,0,0,0,0,0,0,0,0,0,0,0,0.999,0,0,0,0.195,0,0.448,0,0,0,0,0,0,0,0,0,0.801,0,0,0,0,0,0,0,0,0.445,0,0,0,0,0,0,0.999,0,0.999,0,0,0,0,0,0,0,0,0,0,0,0,0,0,0,0,0,0,0,0,0,0,0.254,0,0,0,0,0,0,0.207,0,0,0,0,0,0,0,0.262,0.25,0,0,0,0,0,0,0,0,0,0,0,0.96,0,0,0,0,0,0.411,0,0,0,0,0,0,0,0,0,0,0,0,0,0,0,0.293,0,0,0,0,0,0,0,0,0,0,0,0.999,0,0,0,0,0,0,0,0,0,0,0,0,0,0.172,0,0,0.211,0,0,0,0,0,0,0,0,0,0,0,0,0,0,0.286,0,0,0,0,0,0,0,0.342,0,0,0.784,0,0,0,0,0,0,0,0.449,0,0,0,0,0,0,0,0,0,0,0,0,0,0,0,0,0,0,0,0.232,0,0,0,0,0.28,0,0,0,0,0,0,0,0,0,0,0,0,0,0,0,0,0,0,0,0,0,0,0,0,0,0,0.999,0,0,0,0,0,0,0,0,0,0,0,0.235,0,0,0,0,0,0,0,0,0,0,0,0,0,0,0,0,0,0,0,0.151,0,0,0,0,0,0.2,0,0,0,0,0,0,0,0,0,0,0,0,0,0,0,0.18,0,0,0,0,0,0.298,0,0,0,0,0,0,0,0,0,0,0,0,0,0,0,0,0,0,0,0,0,0,0,0,0,0,0,0,0,0,0,0,0.4,0,0,0,0,0,0,0,0,0,0,0,0,0,0,0,0,0,0,0,0,0,0,0,0,0,0,0,0,0,0,0,0,0,0,0,0,0,0,0,0,0,0,0,0,0,0,0,0,0,0,0,0,0,0.864,0,0.257,0.202,0.822,0,0,0.159,0.999,0,0.885,0,0,0.869,0.219,0,0,0,0.209,0,0,0.982,0,0,0,0,0.811,0.37,0,0,0,0,0,0,0.837,0,0,0,0,0,0,0,0,0,0,0.331,0,0,0,0,0.999,0.151,0.813,0,0.999,0.158,0,0,0,0,0,0,0,0,0,0.999,0,0.175,0,0,0,0,0,0.227,0,0,0,0,0,0.295,0,0,0,0,0,0,0,0.837,0,0,0,0,0.999,0,0,0,0,0,0,0,0.16,0,0,0,0,0,0,0.587,0.813,0,0.26,0,0,0.4,0,0,0,0,0.218,0,0,0,0,0,0.999,0,0.21,0,0,0,0,0,0,0,0.999,0,0.176,0,0,0.173,0,0,0,0,0,0.239,0.291,0,0,0,0.209,0.154,0.802,0,0,0,0,0,0,0,0,0.999,0,0.809,0.693,0.194,0,0.831,0,0,0.819,0,0,0,0.957,0,0.999,0,0,0,0,0.802,0,0.432,0,0.87,0.207,0.295,0,0,0,0,0,0.173,0,0,0,0.303,0,0,0.907,0.309,0,0.22,0,0,0.9,0,0,0,0.854,0,0,0.879,0,0.302,0,0,0,0,0,0.206,0,0,0,0.252,0,0,0,0.469,0,0.165,0,0,0,0.285,0,0.237,0,0.809,0,0,0,0,0,0,0.159,0,0,0,0,0,0,0,0,0,0,0,0,0,0,0,0,0,0,0.616,0,0,0.268,0,0,0,0,0,0,0,0,0,0,0,0,0,0.15,0.536,0,0.999,0,0,0,0,0,0,0,0.251,0,0,0,0,0,0,0,0,0,0,0,0,0,0,0,0,0,0,0,0,0,0,0,0,0,0.192,0,0,0,0,0,0,0,0,0,0,0,0,0,0,0,0.91,0,0,0,0,0,0.165,0,0,0,0,0,0,0,0,0,0,0,0,0,0,0,0,0.693,0,0,0,0,0,0,0,0,0,0,0,0,0,0,0,0,0,0,0,0,0,0,0,0,0,0,0,0,0,0,0,0.179,0,0,0,0,0,0.343,0,0,0,0,0,0,0,0,0,0,0,0,0,0,0,0,0,0,0.205,0,0,0,0,0,0,0,0,0,0,0,0,0,0,0,0,0,0,0,0,0,0,0,0,0,0,0,0,0,0,0,0,0.15,0,0,0,0,0,0,0,0.966,0,0,0.998,0,0,0,0,0,0,0,0,0,0,0,0,0,0,0,0,0,0,0,0,0,0,0,0,0,0,0,0,0,0,0,0,0,0,0,0,0,0,0,0,0,0,0,0,0,0,0,0,0,0,0,0,0,0,0,0,0,0,0,0,0,0,0,0,0,0,0.999,0,0,0.22,0,0,0,0.851,0,0.161,0,0,0,0,0,0,0,0,0,0.335,0,0,0,0.169,0,0,0,0,0,0,0,0,0,0.309,0,0,0,0,0,0,0,0,0,0,0,0,0,0.999,0,0,0,0,0,0,0,0,0,0,0.999,0,0,0,0,0.245,0,0,0.15,0,0,0,0.163,0,0,0.191,0,0,0,0,0,0,0,0.36,0,0,0,0.3,0,0,0,0,0,0,0.426,0.999,0,0,0,0.776,0,0,0,0,0,0,0,0,0,0,0.39,0,0,0,0,0,0,0,0,0,0,0,0,0,0.335,0,0,0,0,0,0,0,0,0,0,0.249,0,0,0,0,0,0,0,0,0,0,0,0,0,0,0,0,0,0,0,0,0,0.322,0,0.151,0,0,0.4,0.15,0,0,0,0,0,0,0,0,0,0,0.999,0,0,0,0,0,0,0,0.351,0,0,0,0,0,0,0.904,0.279,0,0,0,0,0,0,0,0,0,0,0,0,0,0,0,0,0,0,0,0,0,0.285,0.869,0,0,0,0,0,0,0,0,0,0,0,0,0,0,0,0,0,0.177,0.999,0,0,0.999,0,0,0,0,0,0,0,0,0,0,0,0,0,0,0,0,0,0,0,0,0,0,0,0,0,0.499,0,0,0,0,0,0,0,0,0,0,0,0,0,0,0,0,0,0,0,0,0,0,0,0,0,0,0,0,0,0,0,0,0,0,0,0,0,0,0,0,0,0,0,0,0,0,0,0,0,0,0,0,0,0,0,0,0,0,0,0,0,0,0,0,0,0,0,0,0,0,0,0,0,0,0,0,0,0,0,0,0,0,0,0,0,0,0,0,0,0,0,0,0,0,0.621,0,0,0,0,0,0,0.215,0,0,0,0,0,0,0,0,0,0,0,0,0,0.286,0,0,0,0.243,0,0,0,0,0,0.218,0,0,0,0,0,0,0,0,0,0.207,0,0,0.999,0,0,0,0,0,0,0,0,0,0,0,0,0,0,0,0,0,0,0,0,0,0,0,0,0,0,0,0,0,0.268,0,0.154,0,0,0.635,0,0,0,0,0,0,0,0,0,0,0,0,0.682,0,0,0,0,0,0,0,0,0,0,0,0,0,0,0,0,0,0,0,0,0,0,0,0,0,0,0,0,0.177,0,0,0.176,0,0,0,0,0,0.902,0,0,0,0,0,0,0,0,0,0,0,0,0,0,0,0,0,0,0,0,0,0,0,0,0,0,0,0,0,0,0,0,0,0,0,0,0,0,0,0,0,0,0,0,0,0,0,0,0,0,0.247,0,0,0.153,0,0,0,0,0,0,0,0,0,0,0,0,0,0,0,0,0,0,0,0,0,0,0,0.819,0,0,0,0,0,0,0,0,0,0,0,0,0,0,0.943,0.837,0.999,0.779,0.221,0.154,0,0,0.999,0.998,0.999,0.806,0,0.999,0.838,0.163,0,0.999,0,0.905,0.999,0,0,0.157,0,0,0,0.999,0.361,0.999,0.848,0,0.999,0,0.306,0,0,0.822,0.845,0.999,0.23,0.999,0.803,0.902,0,0,0,0.999,0.999,0.233,0.93,0.192,0.817,0.693,0.165,0.587,0.807,0.153,0.913,0,0.182,0.999,0.999,0.999,0.999,0.981,0.999,0.999,0,0.305,0.999,0.825,0.999,0.201,0,0,0.832,0,0,0,0.999,0.999,0,0.999,0.999,0.999,0.196,0,0.999,0,0.803,0.875,0.277,0.999,0,0.755,0,0.999,0.999,0,0.98,0,0.298,0.999,0,0.999,0.999,0.812,0.999,0.999,0,0,0.999,0.934,0.997,0,0.999,0.999,0.786,0.999,0.941,0,0,0,0.999,0.997,0.817,0.887,0.153,0.191,0.936,0,0.999,0,0.828,0,0.999,0.863,0.536,0,0,0,0.999,0.999,0.164,0,0.653,0.999,0.979,0,0.999,0,0,0.74,0.999,0.999,0,0.996,0,0.999,0,0.819,0.999,0,0.625,0.998,0.999,0.66,0.8,0.999,0.999,0,0,0,0,0,0,0,0,0,0.892,0.912,0,0.751,0,0.749,0,0.812,0.952,0.999,0.999,0.999,0.853,0,0,0.999,0.999,0.802,0,0.999,0,0.999,0.999,0.265,0.999,0.843,0.179,0.999,0,0.999,0.307,0,0.991,0.999,0.999,0,0.879,0.999,0,0.308,0,0,0.999,0,0.999,0.825,0,0.999,0,0,0,0.487,0,0,0,0,0,0,0,0,0,0,0,0,0.192,0,0.234,0,0,0,0,0,0,0.25,0,0,0,0,0,0,0,0,0,0,0,0,0,0,0,0.323,0,0.999,0,0,0,0,0,0,0,0,0,0,0,0.229,0,0,0,0.171,0,0,0,0.278,0,0,0,0.29,0,0,0,0,0,0,0,0,0,0,0,0,0,0,0,0,0,0,0,0,0,0.225,0,0,0,0,0,0,0.151,0,0,0,0,0,0,0,0,0,0,0,0,0,0,0,0,0,0,0,0,0,0,0,0,0,0,0,0.165,0,0,0,0,0,0,0,0,0.205,0,0,0,0,0,0,0,0,0,0,0,0,0,0,0,0,0,0,0,0,0,0,0,0,0,0,0,0,0,0,0,0,0,0,0.201,0,0,0,0.48,0,0,0,0,0,0,0.391,0.165,0,0,0,0,0,0,0,0,0,0,0,0,0,0,0,0,0,0,0,0,0,0,0,0,0,0,0,0,0,0,0,0,0,0,0,0,0,0,0,0,0,0,0,0,0,0,0,0,0,0,0,0,0,0,0,0,0,0,0,0.224,0.193,0,0.901,0,0,0,0.595,0,0.26,0,0,0,0,0,0,0,0.408,0.186,0.241,0,0,0,0,0,0,0.196,0,0,0,0,0,0,0,0,0,0,0,0,0,0,0,0,0,0,0,0,0,0,0,0,0,0,0,0,0,0,0,0,0,0,0,0,0,0,0,0,0,0,0,0,0,0,0.22,0,0,0,0,0,0,0,0,0,0,0,0,0,0,0,0,0,0,0,0,0,0,0,0,0,0,0,0,0,0,0,0,0,0,0,0,0,0,0,0,0,0,0,0,0,0,0,0,0,0,0,0,0,0,0,0,0,0,0,0,0,0,0,0,0,0,0,0,0,0,0,0,0,0,0,0,0,0,0,0,0,0,0,0,0,0,0,0,0,0,0,0,0,0,0,0,0,0,0,0,0,0,0,0,0,0,0,0,0,0,0,0,0,0,0,0,0,0,0,0,0,0,0,0,0,0,0,0,0,0,0,0,0,0,0,0,0,0,0,0,0,0,0,0,0,0,0,0,0,0,0,0,0,0,0,0,0,0,0,0,0,0,0,0,0,0,0,0,0,0,0,0,0,0,0,0,0,0,0,0,0,0,0,0,0,0,0,0,0,0,0,0,0,0,0.29,0,0,0,0,0,0,0,0,0,0,0,0,0,0,0,0,0,0,0,0,0,0,0,0,0,0,0,0,0,0,0,0,0,0,0,0,0,0,0,0,0,0,0,0,0,0,0,0,0,0,0,0,0,0,0,0,0,0,0,0,0,0,0,0,0,0,0,0,0,0,0,0,0,0,0,0,0,0,0,0,0,0,0,0,0,0,0,0,0,0,0,0,0,0,0,0,0,0,0,0,0,0,0,0,0,0,0,0,0,0,0,0,0,0,0,0,0,0,0,0,0,0,0,0,0,0,0,0,0,0,0,0,0,0,0,0,0,0,0,0,0,0,0,0,0,0,0,0,0,0,0,0,0,0,0,0,0,0,0,0,0,0,0,0,0,0,0,0,0,0,0,0,0,0,0,0,0,0,0,0,0,0,0,0,0,0,0,0,0,0,0,0,0,0,0,0,0,0,0,0,0,0,0,0,0,0.283,0,0,0,0,0,0,0,0,0,0,0,0,0,0,0,0,0,0,0,0,0,0,0,0,0,0,0,0,0,0,0,0,0,0,0,0,0,0,0,0,0,0.185,0,0,0,0,0,0,0,0,0,0,0.385,0,0,0,0,0,0.25,0,0,0,0,0,0,0,0,0,0,0,0,0,0,0,0,0,0,0,0,0,0,0,0,0,0,0,0,0,0,0,0,0,0,0,0,0,0,0,0,0,0,0,0,0,0,0,0,0,0,0,0,0,0,0,0,0,0,0,0,0,0,0,0,0,0,0,0,0,0,0,0,0,0,0,0,0,0,0,0,0,0,0,0,0,0,0,0,0,0,0,0,0,0,0,0,0,0,0,0,0,0,0.158,0,0,0,0,0,0,0,0,0,0,0,0,0,0,0,0,0,0,0,0,0,0,0,0,0,0.338,0,0.204,0,0,0.262,0,0,0,0,0,0,0,0,0,0,0,0,0,0,0,0,0,0,0,0.309,0,0,0,0,0,0,0,0,0,0,0,0,0,0,0,0,0,0,0,0,0,0,0,0,0,0,0,0,0,0,0,0,0,0,0,0,0,0,0,0,0,0,0,0,0,0,0,0,0,0,0,0,0,0,0,0,0,0,0,0,0,0,0,0,0,0,0,0,0,0,0,0,0,0,0,0,0,0,0,0,0,0,0,0,0.329,0,0,0,0.222,0,0,0,0,0,0,0,0,0,0,0,0,0,0,0.207,0,0.191,0,0,0,0,0,0,0,0,0,0,0,0,0,0,0,0,0,0,0,0,0,0,0,0,0.227,0,0,0.241,0,0,0,0,0,0,0,0,0,0,0,0,0,0,0,0,0,0,0,0,0,0,0,0,0,0,0,0,0,0,0,0,0,0,0,0,0,0,0,0,0,0,0,0,0,0,0,0,0,0,0,0,0,0,0,0,0,0,0,0,0,0,0,0,0,0,0,0,0,0,0,0,0,0,0,0.359,0,0,0,0,0,0,0,0,0,0,0,0,0,0,0,0.164,0,0,0,0,0,0,0,0,0,0,0,0,0,0,0,0,0,0,0,0,0,0,0,0,0,0.405,0,0,0,0,0,0,0,0,0,0,0,0,0,0,0,0,0,0,0,0,0,0,0,0,0,0,0,0,0,0,0,0,0,0,0,0,0,0,0,0,0,0,0,0,0,0,0,0,0,0,0,0,0,0,0,0,0,0,0,0,0,0,0,0,0.422,0,0,0,0,0,0,0,0,0,0,0,0,0,0,0,0,0,0,0,0,0,0,0,0,0,0,0.252,0,0,0,0,0,0,0,0,0,0,0,0,0,0,0,0,0,0,0,0,0,0,0,0,0,0,0,0,0,0,0,0,0,0,0,0,0,0,0,0,0,0.339,0,0,0,0,0,0,0,0,0,0,0.194,0
854556,0,0,0,0,0,0,0,0,0,0,0,0,0,0,0,0,0,0,0,0,0,0,0,0,0,0,0.287,0,0,0,0,0,0,0,0,0,0,0,0,0.229,0,0,0.194,0,0.237,0,0,0,0,0,0,0,0,0,0,0.193,0,0,0,0,0,0,0,0,0,0,0,0,0,0,0.23,0,0,0,0,0,0,0,0.235,0.312,0.188,0,0,0,0,0,0,0,0.245,0,0,0,0.549,0,0,0,0,0,0,0,0,0,0.425,0,0,0.286,0,0,0,0,0,0,0,0,0,0,0,0,0.37,0,0,0,0,0,0,0,0,0,0,0,0,0,0,0,0,0,0.15,0,0.287,0,0,0,0,0.483,0,0.423,0,0,0.906,0,0,0,0,0,0,0,0,0,0,0,0,0,0.236,0,0,0,0,0,0,0,0,0,0,0,0,0,0,0,0,0,0,0,0.654,0,0.519,0,0.339,0,0,0,0,0,0,0,0,0.307,0,0,0,0,0,0,0,0,0,0,0,0.216,0,0.176,0,0,0.394,0,0,0.194,0,0,0,0,0,0.156,0,0,0,0,0,0,0,0,0.152,0.178,0,0.332,0,0,0.571,0,0.446,0,0.683,0,0,0,0,0,0.307,0,0,0,0.238,0,0.209,0,0.224,0,0,0,0,0,0,0,0,0,0,0,0,0.19,0,0,0,0,0.153,0,0,0,0,0,0,0,0,0,0,0,0,0.614,0,0,0,0,0,0,0,0.66,0,0.579,0,0.248,0,0,0,0,0,0,0,0,0.245,0,0,0,0,0,0.837,0,0,0,0,0.767,0.22,0,0,0,0.167,0,0.395,0,0,0,0,0,0,0,0,0,0.216,0,0,0,0,0,0,0,0,0,0,0,0,0.195,0,0,0,0,0,0.191,0.22,0,0.167,0,0,0.24,0,0.18,0,0.177,0,0,0,0.172,0,0,0.224,0.442,0,0.167,0,0.918,0,0,0.588,0.533,0,0.151,0,0,0,0.336,0,0,0,0.185,0,0,0,0,0.207,0.269,0,0.152,0,0,0,0,0,0,0.609,0,0,0,0,0,0,0.443,0,0,0,0,0,0,0,0,0,0,0,0,0,0,0,0,0.236,0,0,0.847,0,0,0,0,0,0,0.178,0.159,0,0.232,0,0,0,0,0.158,0,0,0,0,0.161,0,0,0.43,0,0.176,0,0,0,0,0,0.729,0,0,0,0,0,0,0,0.161,0,0,0,0,0,0.184,0,0.457,0.162,0,0,0,0,0,0,0,0,0,0,0,0,0,0.342,0,0,0,0,0,0.96,0,0,0.595,0,0,0,0,0,0,0,0,0,0.224,0,0,0.436,0,0,0,0,0,0,0,0.907,0,0,0,0,0,0,0,0,0,0.979,0,0,0,0.177,0,0,0.683,0,0,0,0,0,0,0,0.595,0.506,0,0.172,0,0,0,0,0,0,0,0,0,0,0,0,0,0,0,0,0,0.565,0,0,0,0.366,0.347,0,0,0,0.262,0,0.196,0,0,0,0,0.169,0,0,0,0,0,0,0,0,0,0,0,0,0,0.199,0.485,0,0,0,0,0,0,0,0,0,0,0,0,0,0,0,0,0,0,0,0,0,0,0,0,0,0,0,0.45,0.301,0,0,0,0,0,0,0.305,0.392,0.445,0,0,0,0,0,0.772,0,0.173,0.887,0.98,0,0,0,0,0,0.605,0,0,0,0.439,0,0.161,0,0.513,0,0.853,0,0.253,0,0,0,0,0,0,0.204,0,0,0,0,0,0.248,0,0,0,0,0,0,0,0,0,0,0.65,0.657,0,0,0,0,0,0,0,0.163,0,0,0,0,0,0,0,0,0.919,0,0,0,0,0,0,0,0,0,0,0,0.152,0,0,0,0,0,0,0,0,0,0,0.219,0,0,0,0,0.182,0,0,0,0,0,0,0.183,0,0,0,0,0,0,0,0,0,0,0,0,0,0,0.268,0,0,0.15,0,0,0.323,0,0.345,0.166,0,0,0,0,0,0,0,0.155,0,0,0,0,0.187,0,0,0.201,0,0,0,0,0,0,0,0.261,0,0,0,0,0,0,0.386,0,0,0,0,0.456,0.165,0.299,0,0,0,0,0,0,0,0,0,0.679,0,0,0.601,0,0,0,0,0,0,0,0,0,0,0,0,0,0,0,0.908,0,0,0,0.264,0,0,0,0,0,0,0,0,0,0,0,0.594,0,0.612,0.162,0,0,0.541,0,0,0,0,0,0.346,0,0,0.292,0,0,0,0,0.506,0.686,0,0,0.167,0,0,0,0.398,0,0,0.792,0,0,0,0,0,0,0,0,0,0,0.257,0,0,0,0.237,0,0,0.235,0,0,0,0,0,0,0,0,0.277,0,0,0,0,0,0.174,0,0,0.176,0,0.171,0,0,0,0.21,0,0,0,0,0,0,0,0,0.237,0.53,0,0,0.192,0,0,0,0,0,0,0.534,0,0.609,0,0,0,0,0,0,0,0,0,0,0,0.445,0,0,0,0.251,0,0,0,0,0.492,0,0,0.191,0,0,0.984,0.16,0,0,0,0,0,0,0,0,0,0,0,0,0,0,0,0,0,0,0,0,0,0,0,0,0.176,0,0,0,0,0.541,0,0,0,0,0,0,0.229,0,0,0,0,0,0,0.256,0,0,0,0,0,0,0,0,0,0,0,0,0,0,0,0,0,0,0.278,0.18,0,0,0,0.486,0,0,0,0,0,0,0,0,0,0,0,0,0,0,0,0,0,0,0.968,0,0,0.758,0,0,0,0,0,0,0,0,0,0.155,0,0,0,0,0,0,0,0,0,0,0.169,0,0,0,0,0,0,0,0,0,0,0,0,0,0,0.158,0,0,0,0,0,0.21,0,0,0,0,0,0,0,0,0,0,0,0,0,0,0.274,0,0.35,0,0,0,0,0,0,0,0.163,0,0,0,0,0.162,0,0,0,0,0,0,0,0,0,0,0,0,0,0,0,0,0,0,0.155,0,0,0,0,0,0,0,0,0,0,0,0,0.227,0,0,0,0,0,0,0,0,0,0,0,0,0,0,0,0,0,0,0,0,0,0.347,0,0,0,0,0,0,0,0,0,0,0,0,0,0,0,0,0,0,0,0.198,0,0,0,0,0.402,0.275,0,0,0,0,0,0.489,0,0,0,0,0,0,0,0,0,0,0,0,0,0.404,0,0,0,0,0,0,0,0,0,0,0,0,0,0,0.555,0,0,0,0,0,0,0,0,0,0,0,0,0,0.16,0,0,0,0,0,0.271,0,0.156,0,0,0,0.974,0,0,0,0.154,0,0,0,0,0.21,0,0,0,0,0,0,0,0,0,0,0,0,0,0,0,0,0.484,0,0,0,0,0,0,0,0,0,0,0,0,0.863,0,0,0,0,0,0,0,0,0,0,0,0,0,0,0,0,0,0,0.195,0,0.31,0,0,0,0,0,0,0,0,0,0,0,0,0.76,0,0,0,0,0,0,0,0,0,0,0,0,0,0,0,0,0,0,0,0,0,0,0,0,0,0,0,0,0,0,0,0,0.256,0,0.213,0,0,0,0,0,0,0,0,0,0,0,0,0,0,0,0,0,0,0,0,0,0,0,0,0,0,0,0.151,0,0,0,0,0,0.915,0.164,0,0,0,0,0,0,0,0,0,0,0,0,0,0,0,0,0,0,0,0,0,0,0,0,0,0,0,0,0,0,0.608,0,0,0,0,0,0,0,0,0,0,0,0,0.744,0.593,0,0,0,0,0.512,0,0.23,0,0,0,0,0,0,0,0,0,0,0.366,0,0,0,0,0,0,0,0,0,0,0,0,0,0,0,0,0,0,0.253,0,0,0,0.395,0,0,0,0,0.263,0,0,0,0,0,0,0,0,0,0,0,0,0,0,0,0,0,0,0,0,0,0,0,0,0,0.583,0,0,0,0,0,0,0,0,0,0,0,0,0,0,0,0.405,0,0,0,0,0,0.462,0,0,0,0,0,0.234,0,0,0,0,0,0.259,0,0,0.21,0,0,0,0,0.274,0,0,0,0,0,0,0,0.151,0,0,0,0,0,0,0,0,0,0,0,0,0,0,0,0,0,0.15,0,0,0,0,0,0,0,0,0,0,0,0,0,0,0,0,0,0,0,0,0,0,0,0,0,0,0,0,0,0,0,0,0,0,0,0,0,0,0,0,0,0,0,0,0,0,0,0,0.206,0,0,0,0,0,0,0,0,0,0,0,0,0,0,0,0,0,0,0,0,0.204,0,0,0,0,0,0,0,0,0,0,0,0,0,0,0,0,0,0.164,0,0,0,0,0,0,0,0,0,0,0,0,0,0,0,0,0,0,0,0,0,0,0,0,0,0,0,0,0,0.264,0,0,0,0,0,0,0,0,0,0,0,0,0,0,0,0,0,0,0,0,0,0,0,0,0,0,0,0,0,0,0,0,0,0,0,0,0,0,0,0,0,0,0,0,0,0,0,0,0,0,0,0,0,0,0,0,0,0,0,0,0,0,0,0,0,0,0,0,0,0,0,0,0,0,0,0,0,0,0,0,0,0,0,0,0,0,0,0,0,0,0,0,0,0,0,0,0,0,0,0,0,0,0,0,0,0,0,0,0,0,0,0,0,0,0,0,0,0,0,0,0.192,0,0,0,0,0,0,0,0,0,0,0,0,0,0,0,0,0,0.233,0,0,0,0.168,0,0,0.196,0,0,0,0.943,0.208,0,0.151,0,0.177,0,0,0,0.335,0,0,0.957,0,0,0,0.914,0,0,0,0.982,0,0,0,0.594,0.319,0,0.939,0,0,0,0.198,0,0.761,0,0,0,0,0.161,0,0,0,0,0.814,0.419,0.165,0,0.352,0,0,0.415,0.49,0,0,0,0.326,0,0,0,0.188,0,0.253,0,0,0.703,0,0,0,0.934,0,0,0.189,0.299,0.36,0,0,0.315,0,0.48,0.157,0,0,0.22,0,0,0,0,0,0,0.222,0,0.323,0.177,0.258,0,0.155,0.446,0.957,0.484,0,0,0,0.246,0,0,0.273,0,0.674,0,0,0,0,0,0.457,0,0,0,0,0,0,0.159,0,0,0,0,0,0,0,0,0,0,0,0,0.271,0,0,0.179,0,0.405,0,0.33,0,0,0,0,0.631,0,0,0.184,0,0.531,0,0,0,0,0,0,0,0,0.38,0,0,0,0.168,0.42,0,0.198,0,0.596,0,0.384,0,0,0,0.22,0,0,0,0,0,0,0,0,0,0,0,0,0.567,0,0.175,0,0,0.463,0.902,0.227,0,0,0,0.843,0.188,0.186,0,0,0,0,0,0,0,0,0,0,0,0,0,0,0,0,0,0,0,0,0,0,0,0,0,0,0.171,0,0,0,0,0,0,0,0,0,0,0,0,0,0,0,0,0,0,0,0,0,0.614,0,0,0,0,0,0,0.206,0,0,0,0,0,0,0,0,0,0,0,0,0,0,0,0,0,0,0,0,0,0,0,0,0,0,0,0.247,0,0,0,0,0,0,0,0,0,0,0,0.17,0,0,0,0,0,0,0,0,0,0,0,0,0,0,0,0,0,0,0,0,0,0,0,0,0,0,0,0,0,0,0.195,0,0,0,0,0,0,0,0,0,0.204,0,0,0,0,0,0,0,0,0,0,0,0.15,0,0,0,0,0,0,0,0,0,0,0,0,0,0,0,0,0,0,0,0,0,0,0,0.159,0,0,0,0,0,0,0,0.648,0,0,0,0,0,0.347,0,0,0,0,0,0,0,0,0,0.254,0,0.462,0.836,0.297,0,0.817,0,0,0,0,0.176,0,0,0,0,0,0,0,0.155,0.787,0,0.229,0,0,0,0,0,0,0,0,0,0,0,0,0,0,0,0,0,0,0.188,0,0,0,0,0,0,0,0,0,0,0,0,0,0,0.841,0,0.215,0,0,0,0,0,0,0,0,0,0,0,0.378,0,0,0.371,0,0,0,0.162,0,0,0,0,0,0,0,0,0,0.165,0,0,0,0,0,0,0,0,0,0,0,0,0.546,0,0,0,0,0,0,0,0,0,0,0,0.24,0,0,0,0,0.238,0,0,0,0,0,0.317,0,0,0,0,0,0,0,0,0,0,0,0,0,0,0,0,0,0,0,0,0.173,0,0,0,0,0,0,0,0,0.261,0,0,0,0,0,0.85,0,0,0,0,0,0,0,0,0,0,0,0,0,0,0,0,0,0,0,0,0,0,0,0.745,0,0,0,0,0,0.171,0,0,0,0,0,0,0,0,0,0,0,0,0,0,0,0,0,0,0,0,0,0,0,0,0,0,0,0,0,0,0,0,0,0,0,0,0,0,0,0,0,0,0,0.959,0,0,0,0,0,0,0,0,0,0,0,0,0,0.19,0.249,0,0,0,0,0,0,0,0,0,0,0,0,0,0,0,0,0,0,0,0.203,0,0,0,0,0,0,0,0,0.152,0,0,0,0,0,0,0,0,0,0,0,0.221,0,0,0,0,0,0,0,0,0,0,0,0,0,0,0,0,0,0.34,0,0,0,0,0,0,0,0,0,0,0,0,0,0,0,0,0,0,0,0.206,0,0,0,0,0,0,0,0,0,0,0,0,0,0,0,0,0,0,0,0,0,0,0,0,0,0,0,0,0,0,0,0,0,0,0,0,0,0,0,0,0,0,0,0,0,0,0,0,0,0,0,0,0,0,0,0,0,0,0,0.424,0,0,0,0,0,0,0,0,0,0,0,0.662,0,0,0,0,0,0,0,0,0,0,0,0,0,0,0,0,0,0,0,0,0,0,0,0,0,0,0,0,0,0,0,0,0,0,0.244,0,0,0,0,0,0,0,0,0,0,0,0,0,0,0,0,0,0,0,0,0,0,0,0,0,0,0,0,0,0,0,0,0,0,0,0,0,0,0,0,0,0.471,0,0.152,0,0,0,0,0,0,0.236,0,0,0,0,0,0,0,0,0,0,0,0,0,0,0,0,0,0,0,0,0,0,0,0.277,0.276,0,0,0,0,0,0,0,0,0,0,0,0,0,0,0,0.152,0,0,0,0,0,0,0,0,0,0,0,0,0,0,0,0,0,0,0,0,0,0,0,0,0,0,0,0,0,0,0,0,0,0,0,0,0,0,0,0,0,0,0,0,0,0,0,0,0,0,0,0,0,0,0,0,0,0,0,0,0,0,0,0,0,0,0,0,0,0,0,0.22,0,0,0,0,0,0,0,0,0,0,0,0.211,0,0,0,0,0,0,0,0,0,0,0,0,0,0,0,0,0,0,0,0,0,0,0.442,0.324,0,0,0,0,0,0,0,0,0,0,0,0,0,0,0,0,0,0,0,0,0,0,0,0,0,0,0,0,0.175,0,0,0,0,0.195,0,0,0.715,0,0,0,0,0,0,0,0,0,0,0,0,0,0,0,0,0,0,0,0,0,0.33,0,0,0,0,0,0,0,0,0,0,0,0,0,0,0,0,0,0,0.691,0,0,0,0,0,0,0,0,0,0,0,0,0,0,0,0,0.182,0.428,0,0,0,0.248,0,0,0,0,0,0,0,0,0,0,0,0,0,0,0,0,0,0,0,0,0,0,0,0,0,0,0,0,0,0,0,0,0,0,0,0,0,0,0,0,0.479,0,0.456,0.265,0,0.257,0.238,0,0,0,0.238,0.301,0.279,0.659,0,0.194,0.164,0,0,0,0,0,0,0.341,0,0.318,0,0.31,0,0,0,0,0.291,0.584,0,0,0,0,0.663,0.986,0,0,0.173,0,0,0.236,0,0,0.303,0.235,0,0,0.322,0,0,0,0,0,0.376,0,0.364,0.259,0,0.637,0.362,0,0.412,0.696,0.329,0.343,0.73,0.367,0.162,0.39,0,0,0,0,0,0,0.959,0,0,0,0,0.398,0.157,0,0.205,0,0.182,0,0,0,0,0.204,0.248,0.339,0,0.422,0.636,0.395,0,0,0,0.542,0,0,0,0,0,0,0,0,0,0,0,0,0,0,0,0,0,0,0,0,0,0,0,0,0,0,0,0,0,0,0,0.29,0,0,0,0,0,0,0,0,0,0,0,0,0,0.716,0,0,0,0,0,0,0,0,0,0,0,0,0.249,0,0,0,0,0,0,0,0,0,0,0,0,0.204,0,0,0.846,0.317,0,0,0.185,0,0,0.417,0,0,0,0,0,0,0,0,0,0,0.248,0,0.683,0,0,0,0,0,0,0,0,0,0,0,0,0,0,0,0,0,0,0,0,0,0,0,0,0,0,0,0,0,0,0,0,0,0,0,0,0,0,0,0,0,0,0,0.272,0,0,0,0,0.625,0.253,0.337,0,0,0,0,0,0.192,0,0,0,0,0,0,0,0,0.27,0,0.152,0.216,0,0,0.369,0,0,0,0,0,0,0,0,0,0,0,0,0.605,0,0,0.347,0,0,0,0,0,0,0.192,0.291,0,0.365,0,0,0,0,0,0,0,0,0,0.505,0,0,0,0,0,0.531,0,0,0,0,0.227,0.511,0,0,0,0,0.364,0,0,0,0,0,0,0,0,0,0,0,0,0.433,0.885,0,0,0,0,0,0,0,0,0,0,0.175,0.303,0.635,0.234,0,0,0.865,0,0,0,0.815,0.794,0,0.876,0,0,0.207,0.241,0,0,0,0,0.238,0,0.942,0,0,0,0,0,0,0,0,0,0.233,0,0,0,0,0,0.189,0,0.843,0,0.912,0,0,0,0,0,0,0,0,0,0,0,0,0,0.36,0,0,0,0.819,0,0,0.463,0,0,0.161,0,0.247,0,0,0,0,0.945,0,0,0,0.156,0.152,0,0,0.93,0,0.463,0.791,0,0,0,0,0.472,0,0,0,0,0,0,0,0,0,0.151,0,0,0,0,0,0,0,0,0,0,0.238,0,0.405,0,0,0,0,0.398,0,0,0,0,0,0.171,0,0,0,0.204,0.173,0.248,0,0.241,0,0.178,0.165,0,0,0,0,0.909,0,0.17,0,0.159,0.203,0,0,0,0,0,0.159,0.304,0.254,0,0,0,0.926,0,0.161,0.223,0,0,0.976,0,0,0,0,0.836,0,0,0.503,0.487,0.204,0,0,0.239,0,0,0.855,0.179,0.236,0.221,0,0.204,0.424,0,0.238,0.47,0.293,0.171,0,0.461,0,0,0,0,0,0,0,0,0,0,0,0,0,0,0,0,0,0,0,0,0,0,0,0,0,0.25,0,0,0,0,0,0,0,0,0,0,0,0,0,0,0,0,0,0.184,0,0,0,0,0,0,0,0,0,0,0,0,0,0,0,0,0.929,0,0.91,0,0,0,0,0,0,0,0,0,0,0,0.608,0,0,0.388,0,0,0,0,0,0,0,0,0,0,0,0,0,0,0,0,0,0.348,0,0.326,0,0,0.915,0,0.259,0.228,0,0,0,0,0,0,0,0,0,0,0,0,0,0,0,0,0,0,0.27,0,0,0,0,0,0,0,0,0,0,0,0,0,0,0,0,0,0,0,0,0,0,0,0,0,0,0,0,0,0,0,0,0,0,0.196,0,0,0,0,0,0,0,0,0,0,0,0,0,0,0,0,0,0,0,0,0,0,0,0,0,0,0,0,0,0,0,0.199,0,0,0,0,0,0,0,0,0,0,0,0,0,0.239,0.234,0,0,0,0.376,0,0,0.192,0,0,0,0,0,0,0,0.15,0,0.772,0.153,0.237,0,0.183,0,0,0,0,0,0,0,0,0,0,0,0,0,0,0,0,0,0,0,0,0,0,0,0,0,0,0,0,0,0,0,0,0,0,0,0,0,0,0,0,0,0,0,0,0,0,0,0,0,0,0,0,0,0.167,0,0,0,0,0,0,0,0,0,0,0,0,0,0,0,0,0,0,0,0,0,0,0,0,0,0,0,0,0,0.15,0,0,0,0,0,0,0,0,0,0.243,0,0,0,0,0,0.157,0,0,0,0,0,0,0,0,0,0,0,0,0,0,0,0,0,0,0,0,0,0,0,0,0,0,0,0,0,0,0,0,0.39,0,0,0,0,0,0,0,0,0,0,0,0,0,0,0,0,0,0.154,0,0,0,0,0,0,0,0,0,0,0,0,0,0,0,0,0,0,0,0,0,0.263,0,0,0,0,0,0,0,0,0,0,0,0,0,0.348,0.629,0,0,0,0,0,0,0,0,0,0.211,0,0,0,0,0,0,0,0,0,0,0,0,0,0,0.23,0,0,0,0.321,0,0,0,0,0,0,0,0,0,0,0,0,0,0,0,0.239,0,0,0,0,0,0,0,0,0,0,0,0,0,0,0,0,0,0,0,0,0,0,0,0,0,0,0,0,0,0,0,0,0,0,0,0,0,0,0,0,0,0,0,0,0.171,0,0,0,0,0,0,0,0,0,0,0,0,0,0,0,0,0,0,0,0,0,0,0,0,0,0,0,0,0,0,0.173,0.706,0,0.454,0,0,0.244,0,0,0,0,0,0,0,0,0,0,0,0,0,0.226,0,0,0.42,0,0,0,0,0,0,0,0,0,0,0,0,0,0,0,0,0,0,0,0,0,0,0,0,0,0,0,0,0,0,0,0,0,0,0,0,0,0,0,0,0,0,0,0,0,0,0,0,0,0,0.18,0,0,0,0,0,0.169,0,0,0,0,0,0,0,0,0,0,0,0,0,0,0,0.161,0,0,0,0,0,0,0,0,0,0,0,0,0,0,0,0,0,0,0,0,0,0,0,0,0,0,0,0,0,0,0,0,0,0.173,0,0,0,0,0,0,0,0,0,0,0.164,0,0,0,0,0,0,0,0.21,0,0,0
855644,0,0,0,0,0,0,0,0,0,0,0,0,0,0,0,0,0,0,0,0,0,0,0,0,0.219,0,0,0,0,0,0,0.513,0,0,0,0,0,0,0.712,0,0,0,0,0,0,0,0.439,0,0,0,0,0,0,0,0,0,0,0,0,0,0,0.199,0,0,0,0,0,0,0,0,0,0.335,0,0,0,0,0,0,0,0,0,0,0,0,0,0,0,0,0,0,0,0,0,0,0,0,0,0,0,0,0,0,0,0,0,0,0,0,0,0,0,0,0,0,0,0,0.394,0,0,0,0,0,0,0,0,0,0,0,0,0,0,0,0,0,0,0,0,0,0,0,0,0,0,0,0,0,0,0,0,0,0,0,0,0,0,0,0,0.309,0,0,0,0,0,0,0,0,0,0,0,0,0,0,0,0,0,0,0,0,0,0,0,0,0.445,0,0,0,0,0,0,0,0,0,0,0,0,0,0,0,0,0,0,0,0,0,0,0,0,0,0,0,0,0,0,0,0,0,0,0,0,0,0,0,0,0,0,0,0,0,0,0,0,0,0,0,0,0,0,0,0,0,0,0,0,0,0,0,0,0,0,0,0,0,0,0,0,0,0,0,0,0,0,0,0,0,0,0,0,0,0,0,0,0,0,0,0,0,0,0,0,0,0,0,0,0,0,0,0,0,0,0,0,0,0,0,0,0,0,0,0,0,0,0,0,0,0,0,0.183,0,0,0,0,0,0,0,0,0,0,0,0,0,0,0,0,0,0,0,0,0,0,0,0,0,0,0,0,0,0,0,0,0,0,0,0,0,0,0,0,0,0,0,0,0,0,0,0,0,0,0,0,0,0,0,0,0,0,0,0,0,0,0,0,0,0,0,0,0,0,0,0,0,0,0,0,0,0,0,0,0,0,0,0,0,0,0,0,0,0,0,0,0,0,0,0,0,0,0,0.36,0,0,0,0,0,0,0,0,0,0,0,0,0,0,0,0,0,0,0,0,0,0,0,0,0,0,0,0,0,0,0,0,0,0,0,0,0,0,0,0,0,0,0,0,0,0,0,0,0,0.351,0,0,0,0,0,0,0,0,0,0,0,0,0,0,0,0,0,0,0,0,0,0,0,0,0,0,0,0,0,0,0,0,0,0,0,0,0,0,0,0,0,0,0,0,0,0,0,0,0,0,0,0,0,0,0.173,0,0,0,0,0,0,0,0,0,0,0,0,0,0,0,0,0,0,0,0,0,0,0,0,0,0,0,0,0,0,0,0,0,0,0,0,0,0,0,0,0,0,0,0,0,0,0,0,0,0,0,0,0,0,0,0,0,0,0,0,0,0,0,0,0,0,0,0,0,0,0,0,0,0,0,0,0,0,0,0,0,0,0,0,0,0,0,0,0,0,0,0,0,0,0.446,0,0,0,0,0,0,0,0,0,0,0,0,0,0,0,0,0,0,0,0,0,0,0,0,0,0,0,0,0,0,0,0,0,0,0,0,0,0,0,0,0,0,0,0,0,0,0,0,0,0,0,0,0,0,0,0,0,0,0,0,0,0,0,0,0,0,0,0,0,0,0,0,0,0,0,0,0,0,0,0,0,0,0,0,0,0,0,0,0,0,0,0,0,0,0,0,0,0,0,0,0,0,0,0,0,0,0,0.295,0,0,0,0,0,0,0,0,0,0,0,0,0,0,0,0,0,0,0,0,0,0,0,0,0,0,0,0,0,0,0,0,0,0,0,0,0,0,0,0,0,0,0,0,0,0,0,0,0,0,0,0,0,0,0,0,0,0,0,0,0,0,0,0,0,0,0,0,0,0,0,0,0,0,0,0,0,0,0,0,0,0,0,0,0,0,0,0,0,0,0,0,0,0,0,0,0,0,0,0,0,0,0,0,0,0,0,0,0,0,0,0,0,0,0,0,0,0,0,0,0,0,0,0.392,0,0.159,0,0,0,0,0,0,0,0,0,0,0,0,0,0,0,0,0,0,0,0,0,0,0,0,0,0,0,0,0,0,0,0,0,0,0,0,0,0,0,0,0,0,0,0,0,0,0,0,0,0,0,0,0,0,0,0,0,0,0,0,0,0,0,0,0,0,0,0,0,0,0,0,0,0,0,0,0,0,0,0,0,0,0,0,0,0,0,0,0,0,0,0,0,0,0,0,0,0,0,0,0,0,0,0,0,0,0,0,0,0,0,0,0,0,0,0,0,0,0,0,0,0,0,0,0,0,0,0,0,0,0,0,0,0,0,0,0,0,0,0,0,0,0,0,0,0,0,0,0,0,0,0,0,0,0,0,0,0,0,0,0,0,0,0,0,0,0,0,0,0,0,0,0,0,0,0,0,0,0,0,0,0,0,0,0,0,0,0,0,0,0,0,0,0,0,0,0,0,0,0,0,0,0,0,0,0,0,0,0,0,0.308,0,0,0,0,0,0.22,0,0,0,0,0,0,0,0,0,0,0,0,0,0,0,0,0,0,0,0,0,0,0,0,0,0,0,0,0,0,0,0,0,0,0,0,0,0,0,0,0,0,0,0,0,0,0,0,0.268,0,0,0,0,0,0,0,0,0,0,0,0,0,0,0,0,0,0,0,0,0,0.22,0,0,0,0,0,0,0,0,0.246,0,0,0,0,0,0,0,0,0,0,0,0,0,0,0,0,0,0,0,0,0,0,0,0,0,0,0,0,0,0,0,0,0,0,0,0,0,0,0,0,0,0,0,0,0,0,0,0,0,0,0,0,0,0,0,0,0,0,0,0,0,0,0,0,0,0,0,0,0,0,0,0,0,0,0,0,0,0,0,0,0,0,0,0,0,0,0,0,0,0,0,0,0,0,0,0.821,0,0,0,0,0,0,0,0,0,0,0,0,0,0,0,0,0,0,0,0,0,0,0,0,0,0,0,0,0,0,0,0,0,0,0,0,0,0,0,0,0,0,0,0,0,0,0,0,0,0,0,0,0.19,0,0,0,0,0,0,0,0,0,0,0,0,0,0,0,0,0,0,0,0,0,0,0,0,0,0,0,0,0,0,0,0,0,0,0,0,0,0,0,0,0,0,0,0,0,0,0,0,0,0,0,0,0,0,0,0,0,0,0,0,0,0,0,0,0,0,0,0,0,0,0,0,0,0,0,0,0,0,0,0,0,0,0,0,0,0,0,0,0,0,0,0,0,0,0,0,0.218,0,0,0,0,0,0,0,0,0.194,0,0,0,0,0,0,0,0,0,0,0,0,0,0,0,0,0,0,0,0,0,0,0,0,0,0,0,0,0,0,0,0,0,0,0,0,0,0,0,0,0,0,0,0,0,0,0,0,0,0,0,0,0,0,0,0,0,0,0,0,0.207,0,0,0,0,0,0,0,0,0,0,0,0,0,0,0,0,0,0,0,0,0,0,0,0,0,0,0,0,0,0,0,0,0,0,0,0,0,0,0,0,0,0,0,0,0,0,0,0,0,0,0,0,0,0,0,0,0,0,0,0,0,0,0,0,0,0,0,0,0,0,0,0,0,0,0,0,0,0,0,0,0,0,0,0,0,0,0,0,0,0,0,0,0,0,0,0,0,0,0,0,0,0,0,0,0,0,0,0,0,0.351,0,0,0,0,0,0,0,0,0.683,0,0.195,0,0,0,0,0,0,0,0,0,0,0,0,0,0,0,0,0,0,0,0,0.194,0,0,0.338,0,0,0,0,0,0,0,0,0,0,0,0,0,0,0,0,0,0,0,0,0,0,0,0,0,0,0,0,0,0,0.165,0,0,0,0,0,0,0,0,0,0,0,0,0,0,0,0,0,0,0,0,0,0,0,0,0,0,0,0,0,0,0,0,0,0,0,0,0,0,0,0,0,0,0,0,0,0,0,0,0,0,0,0,0,0,0,0,0,0,0,0,0,0.571,0,0,0,0,0,0,0,0,0,0,0,0,0,0,0,0,0,0,0,0,0,0,0,0,0,0,0,0,0,0,0,0,0,0,0,0,0,0,0,0,0,0,0,0,0,0,0,0,0,0,0,0,0,0,0,0,0,0,0,0,0,0,0,0,0,0,0,0,0,0,0,0,0,0,0,0,0.445,0,0,0,0,0,0,0,0,0,0,0,0,0,0,0.356,0,0,0,0,0,0,0,0,0,0,0,0,0,0,0,0,0,0,0,0,0,0,0,0,0,0,0,0,0,0,0,0,0,0,0,0,0,0,0,0,0,0,0,0,0,0,0,0,0,0,0,0,0,0,0,0,0,0,0,0,0,0,0,0,0,0,0,0.366,0,0,0,0,0,0,0,0,0,0,0,0,0,0,0,0,0,0,0,0,0,0,0,0,0,0,0,0,0,0,0,0,0,0,0,0,0,0,0,0,0,0,0,0,0,0,0,0,0,0,0,0,0,0,0,0,0,0,0.179,0,0,0,0,0,0,0,0,0,0,0,0,0,0,0,0,0,0,0,0,0,0,0,0,0,0,0.445,0,0,0,0,0,0,0,0,0,0,0,0,0,0,0,0,0,0,0,0,0,0,0,0,0,0,0,0,0,0,0,0,0,0,0,0,0,0,0,0,0,0,0,0,0,0,0,0,0,0,0,0,0,0,0,0,0,0,0,0,0,0,0,0,0,0,0,0,0,0,0,0,0,0,0,0,0,0,0,0,0,0,0,0,0,0,0,0,0,0,0,0,0,0,0,0,0,0,0,0,0,0,0,0,0,0,0,0,0,0,0,0,0,0,0,0,0,0,0,0,0,0,0,0,0,0,0,0,0,0,0,0,0,0,0,0,0,0,0,0,0,0,0,0.334,0,0,0,0,0,0,0,0,0,0,0,0,0,0,0,0,0,0,0,0,0,0.22,0,0,0,0,0,0,0,0,0,0,0,0.161,0,0,0,0,0,0,0,0,0,0,0,0,0,0,0.38,0,0,0.362,0,0.57,0,0,0,0,0,0,0,0,0,0,0,0,0,0,0,0,0,0,0,0,0,0.468,0,0,0,0.632,0,0,0,0,0,0,0,0,0,0.36,0,0,0,0,0,0,0.514,0,0.396,0,0,0.537,0,0.158,0,0,0,0,0,0,0,0.482,0,0,0,0,0,0,0.62,0,0,0.251,0,0,0,0,0.402,0,0,0,0,0,0,0,0,0,0,0,0,0,0,0,0,0,0,0,0,0,0,0,0,0,0,0,0,0,0,0,0,0,0,0,0,0,0,0,0,0,0,0,0,0,0,0,0,0,0,0,0,0,0,0,0,0,0,0,0,0,0,0,0,0,0,0,0,0,0,0,0,0,0,0,0,0,0,0,0,0,0,0,0,0,0,0,0,0,0,0,0,0,0,0,0,0,0,0,0,0,0,0,0,0,0,0,0,0,0,0,0,0,0,0,0,0,0,0,0,0,0,0,0,0,0,0,0,0,0,0,0,0,0,0,0,0,0,0,0,0,0,0,0,0,0,0,0,0,0,0,0,0,0,0,0,0,0,0,0,0,0,0,0,0,0,0,0,0,0,0,0,0,0,0,0,0,0,0,0,0,0,0,0,0,0,0,0,0,0,0,0,0,0,0,0,0,0,0,0,0,0.446,0,0,0,0,0,0,0,0,0,0,0,0,0,0,0,0,0,0,0,0,0,0,0,0,0,0,0,0,0,0,0,0,0,0,0,0,0,0,0,0,0,0,0,0,0,0,0,0,0,0,0,0,0.355,0,0.192,0,0,0,0,0,0,0,0,0,0,0,0,0,0,0,0,0,0,0,0,0,0.163,0,0,0,0,0,0,0,0,0,0.533,0,0,0,0,0,0,0,0,0,0,0,0,0,0,0,0,0,0,0,0,0,0,0,0,0,0,0,0,0,0,0,0,0,0,0,0,0,0,0,0,0,0,0,0,0,0,0,0,0,0,0,0,0,0.339,0,0,0,0,0,0,0,0,0,0,0,0,0,0,0,0,0,0,0,0,0,0,0,0,0,0,0,0,0,0,0,0,0,0,0,0,0,0,0,0,0,0,0,0,0,0,0,0,0,0,0,0,0,0,0,0,0,0,0,0,0,0,0,0,0,0,0,0,0,0,0,0,0,0,0,0,0,0,0,0,0,0,0,0,0,0,0,0,0,0,0,0,0,0,0,0,0,0,0,0,0,0,0,0,0,0,0,0,0,0,0,0,0,0,0,0,0,0,0,0,0,0,0,0,0,0,0,0,0,0,0,0,0,0,0,0,0,0,0,0,0,0,0,0,0,0,0,0,0,0,0,0,0,0,0,0,0,0,0,0,0,0,0,0,0,0,0,0,0,0,0,0,0,0,0,0,0,0,0,0,0,0,0,0,0,0,0,0,0,0,0,0,0,0,0,0,0,0,0,0,0,0,0,0,0,0,0,0,0,0,0,0,0.746,0,0,0,0,0,0,0,0,0,0,0,0,0,0,0,0,0,0,0,0,0,0,0,0,0,0,0.171,0,0,0,0,0,0,0,0,0,0,0,0,0,0,0,0,0,0,0,0,0,0,0,0,0.196,0.183,0,0,0,0,0,0,0,0,0,0,0,0,0,0,0,0,0,0,0,0,0,0,0,0,0,0,0,0,0,0,0,0,0,0,0,0,0,0,0,0,0,0,0,0,0,0,0,0,0,0,0,0,0,0,0,0,0,0,0,0,0,0,0,0,0,0,0,0,0,0,0,0,0,0,0,0,0,0,0,0,0,0,0,0,0,0,0,0,0,0,0,0,0,0,0,0,0,0,0,0,0,0,0,0,0,0,0,0,0,0,0,0,0,0,0,0,0,0,0,0,0,0,0,0,0,0,0,0,0,0,0,0,0,0,0,0,0,0,0,0,0,0,0,0,0,0,0,0,0,0,0,0,0,0,0,0,0,0,0,0,0,0,0,0,0,0,0,0,0,0,0,0,0.155,0,0,0,0,0,0,0,0,0,0,0,0,0,0,0.539,0,0,0,0,0,0,0,0,0,0,0,0,0,0,0,0,0,0,0,0,0,0,0,0,0,0,0,0,0,0,0,0,0,0,0,0,0,0,0,0,0,0,0,0,0,0,0,0,0,0,0,0,0,0,0,0,0,0,0,0,0,0,0,0,0,0,0,0,0,0,0,0.297,0,0,0,0,0,0,0,0,0,0,0,0,0,0,0,0,0,0,0,0,0,0,0,0,0,0,0,0,0,0,0,0,0,0.538,0,0,0,0,0,0,0,0,0,0,0,0,0,0,0,0,0,0,0,0,0,0,0,0,0,0,0,0,0,0,0,0,0,0,0,0,0,0,0,0,0,0,0,0,0,0,0,0,0,0,0,0,0,0,0.422,0,0,0.374,0,0,0,0,0,0,0,0.4,0,0,0,0,0,0,0,0,0,0,0,0,0,0,0,0,0,0,0,0,0,0,0,0,0,0,0,0,0,0,0,0,0,0,0,0,0,0,0,0,0,0,0,0,0,0,0,0,0,0,0,0,0,0,0,0,0,0,0,0,0,0,0,0,0,0,0,0,0,0,0,0,0,0,0,0,0,0,0,0,0,0,0,0.163,0,0,0,0,0,0,0,0,0,0,0,0,0,0,0,0,0,0,0,0.196,0,0,0,0,0,0,0,0,0,0,0,0,0,0,0,0,0,0,0,0,0.211,0,0,0,0,0,0,0,0,0,0,0,0,0,0,0,0,0,0,0,0,0,0,0,0,0,0,0,0,0,0,0,0,0,0,0,0,0,0,0,0,0,0,0,0,0,0,0,0,0,0,0,0,0,0,0,0,0,0,0,0,0,0,0,0,0,0,0,0,0,0,0,0,0,0,0,0,0,0,0,0,0,0,0,0,0,0,0,0,0,0,0,0,0,0,0,0,0,0,0.225,0,0,0,0,0,0,0,0,0,0,0,0,0,0,0,0,0,0,0,0,0,0,0,0,0,0,0,0,0,0,0,0,0,0,0,0,0,0,0,0,0,0,0,0,0,0,0,0,0,0,0,0,0,0,0,0,0,0,0,0,0,0,0,0,0,0,0,0,0,0,0,0,0,0,0,0,0,0,0,0,0,0,0,0,0,0,0,0,0,0,0,0,0,0,0,0,0,0,0,0,0,0,0,0.211,0,0,0,0,0,0.61,0,0,0,0,0,0,0,0,0,0,0,0,0,0,0,0,0,0,0,0,0,0,0,0,0,0,0,0,0,0,0,0,0,0,0,0,0,0,0,0,0,0,0,0,0,0,0,0,0,0,0,0,0,0,0,0,0,0,0,0,0,0,0,0,0,0,0,0,0,0,0,0,0,0,0,0,0.22,0,0,0,0,0,0,0,0,0,0,0,0,0,0,0,0,0,0,0,0,0,0,0,0,0,0,0,0,0,0,0,0,0,0,0,0,0,0,0,0,0,0,0,0,0,0,0,0,0,0,0,0,0,0,0,0,0,0,0,0,0,0,0,0,0,0.167,0,0,0,0,0,0,0,0,0,0,0,0,0,0,0,0,0,0,0,0,0,0,0,0,0,0,0,0,0,0,0,0,0,0,0,0,0,0,0,0,0,0,0,0,0,0,0,0,0,0,0,0,0,0,0,0,0,0,0,0,0,0,0,0,0,0,0,0,0,0,0,0,0,0,0,0,0,0,0,0,0,0,0,0,0,0,0,0,0,0,0,0,0,0,0,0,0,0,0,0,0,0,0,0,0,0,0,0,0,0,0,0,0,0,0,0,0,0,0,0,0,0,0,0,0,0,0,0,0,0,0,0,0,0,0,0,0,0,0,0,0,0,0,0,0,0,0,0,0,0,0,0,0,0,0,0,0,0,0,0,0,0.376,0,0,0,0,0,0,0,0,0,0,0,0,0,0,0,0,0,0,0,0,0,0,0,0,0,0,0.256,0,0,0,0,0,0,0,0.196,0,0,0,0,0,0,0,0,0,0,0,0,0,0,0.394,0,0,0,0,0.456,0,0,0,0,0.177,0,0,0.374,0,0,0,0.151,0,0,0,0,0,0,0,0,0,0,0.31,0,0,0,0,0,0,0,0,0,0,0,0,0,0,0,0,0,0,0,0,0,0,0,0,0,0,0,0,0,0,0,0,0,0,0,0,0,0,0,0,0,0,0,0,0,0,0.191,0,0,0,0,0,0,0,0,0,0,0,0,0,0,0,0,0,0,0,0,0,0,0,0,0,0.229,0,0,0,0,0,0,0,0,0,0,0,0,0,0,0,0,0,0,0,0,0,0,0,0,0,0,0,0,0,0,0,0,0,0,0,0,0,0,0,0,0,0,0,0,0,0,0,0,0,0,0,0,0,0,0,0,0,0,0,0,0,0,0,0,0,0,0,0,0,0,0,0,0,0.154,0,0,0,0,0,0,0,0,0,0,0,0,0,0,0,0,0,0,0.188,0,0,0,0,0,0,0,0,0,0,0,0,0,0.223,0,0,0,0,0,0,0,0.808,0,0,0,0,0,0.22,0,0,0,0,0,0,0,0,0,0,0,0,0,0,0,0,0,0,0,0,0,0,0,0,0,0,0,0,0,0,0,0,0,0,0,0,0,0,0,0,0,0,0,0,0,0,0,0,0,0,0,0,0,0,0,0,0,0,0,0,0,0,0,0,0,0,0,0,0,0,0,0,0,0,0,0,0,0,0,0,0,0,0,0,0,0,0,0,0,0,0,0,0,0,0,0,0,0,0,0,0,0,0,0,0,0,0,0,0,0,0,0,0,0,0,0,0,0.194,0,0,0,0,0,0,0,0,0,0,0,0,0,0,0,0,0,0,0,0,0,0,0,0,0,0,0,0,0,0,0,0,0,0,0,0,0,0,0,0,0,0,0,0,0,0,0,0,0,0,0,0,0,0,0,0,0,0,0,0,0,0,0,0,0,0,0,0
853585,0,0.269,0.402,0,0.911,0,0,0,0,0,0,0,0.435,0,0,0,0,0,0,0,0,0,0,0.432,0.177,0,0.853,0,0,0,0,0,0.174,0,0,0,0.286,0,0,0,0,0,0.182,0,0.269,0,0,0,0,0,0.151,0.272,0,0,0,0,0,0.313,0,0,0.183,0,0,0,0.168,0,0,0,0,0,0.518,0.247,0,0,0,0.181,0,0,0,0,0,0,0,0,0,0.183,0,0.945,0.298,0,0.181,0,0.315,0,0.21,0,0.19,0.183,0.312,0,0.296,0,0,0.319,0,0,0.183,0,0,0,0,0,0,0.229,0,0,0,0,0.33,0,0.908,0,0.192,0,0,0.152,0,0.245,0,0,0,0,0,0.244,0,0.237,0,0.229,0.851,0.185,0.235,0.165,0.338,0,0,0.434,0,0,0.225,0,0.342,0,0,0,0,0.216,0,0,0,0,0,0,0,0,0.302,0,0,0.208,0,0,0,0,0,0,0,0,0,0,0,0,0,0.196,0,0,0.788,0,0.28,0,0.171,0.358,0.265,0,0,0,0,0,0.261,0,0,0,0,0.318,0,0,0.196,0,0.316,0.15,0,0.183,0.466,0,0.31,0.155,0,0.193,0.196,0,0,0,0.777,0,0.248,0,0,0,0,0,0.97,0.705,0.45,0,0,0.349,0.489,0.623,0.565,0,0.33,0,0,0,0,0.245,0.316,0,0,0.578,0,0,0,0.194,0.34,0,0,0,0,0,0.203,0.194,0.359,0,0,0,0,0,0,0.159,0,0,0.349,0,0,0.194,0,0.879,0,0,0,0.995,0,0,0.277,0.515,0,0.431,0,0.203,0,0,0,0,0,0,0,0.46,0,0.196,0,0.376,0.259,0,0,0,0,0,0.426,0,0,0.867,0,0.269,0.599,0,0.886,0,0.172,0.985,0,0,0,0,0,0,0.256,0.589,0,0,0,0,0,0.32,0.163,0,0.335,0,0,0,0,0,0,0,0,0.358,0.96,0.291,0.623,0.493,0.316,0,0,0,0,0.709,0.292,0,0.257,0,0,0.598,0,0.259,0,0.178,0,0,0.185,0,0.171,0.228,0.267,0.866,0.214,0.165,0,0,0.277,0,0.366,0.774,0,0,0,0.422,0,0,0,0,0,0.274,0.812,0,0,0.219,0,0.491,0,0.432,0.424,0,0,0.999,0,0,0.714,0,0,0,0,0.796,0,0.995,0.506,0,0,0.24,0.327,0.199,0.259,0,0.282,0,0,0.176,0,0,0,0,0,0.284,0.389,0.562,0,0,0,0,0.167,0.212,0.536,0,0.181,0,0,0,0,0.156,0,0,0.195,0,0.287,0,0.338,0,0,0,0.358,0.245,0,0,0.172,0.201,0.609,0.234,0,0,0,0.245,0,0.234,0,0,0,0.297,0,0.24,0.191,0,0.969,0.157,0,0,0,0.632,0,0.566,0,0,0,0,0,0,0,0,0,0,0,0,0,0.258,0.199,0,0.25,0.23,0.9,0,0,0,0.24,0,0.31,0,0.298,0,0,0.478,0.685,0,0,0,0,0,0,0,0,0.199,0,0,0,0.195,0,0,0,0,0.198,0,0.314,0,0.782,0,0.618,0,0,0,0,0,0.218,0.549,0.539,0.548,0.381,0.162,0.185,0,0,0,0,0.235,0,0,0.588,0,0,0,0,0,0.308,0.431,0,0,0,0,0,0.536,0.341,0.16,0,0,0,0,0.193,0,0,0.371,0,0.353,0,0,0.161,0,0.436,0,0,0.327,0,0,0,0.494,0,0,0,0,0,0.181,0,0.94,0,0.417,0.348,0,0,0,0.193,0,0,0,0.303,0.307,0.169,0,0.324,0,0,0,0.151,0,0,0.35,0,0,0,0,0,0.304,0.34,0,0,0,0.573,0.436,0,0.452,0.171,0.999,0.765,0.206,0,0.297,0.552,0.253,0,0,0,0,0.633,0.205,0,0,0,0,0.381,0,0.16,0.912,0.701,0.653,0.432,0,0,0.943,0,0,0,0,0,0.487,0,0,0.172,0,0,0,0.21,0.503,0,0,0,0,0,0,0.161,0.852,0,0.487,0.176,0,0,0,0,0.432,0.24,0.74,0,0.987,0.308,0,0,0,0,0.999,0,0,0,0,0.269,0,0,0.346,0.821,0.726,0.284,0,0,0.267,0,0.212,0,0,0.501,0,0,0,0,0,0,0,0,0.177,0,0.912,0,0,0,0,0.246,0.202,0,0.954,0,0.181,0.316,0,0.256,0,0.226,0.172,0.177,0,0.662,0,0,0.248,0.153,0.161,0.167,0,0,0.291,0,0,0.197,0,0,0.371,0,0,0.929,0,0,0,0.27,0.398,0,0,0,0,0.254,0.195,0.317,0,0.239,0.295,0.165,0,0,0,0,0,0.344,0.259,0,0,0,0,0.758,0.994,0,0,0,0,0,0,0.24,0,0.36,0.995,0,0,0.222,0,0,0,0,0,0,0,0.193,0,0,0,0,0,0.366,0.901,0.993,0,0,0.242,0.267,0,0.32,0.23,0,0,0.271,0,0.15,0.202,0,0.266,0.803,0,0.163,0,0,0.151,0.151,0,0,0,0,0.944,0.206,0.207,0,0.306,0.602,0.339,0,0.342,0.994,0,0,0,0,0.358,0,0,0.34,0,0.936,0,0,0,0,0.562,0,0.269,0,0.702,0,0.269,0.445,0,0.751,0,0.276,0,0.252,0,0,0,0.17,0.32,0,0,0,0,0.989,0.259,0.379,0.926,0,0,0,0,0,0,0.309,0.318,0.922,0,0,0.291,0,0,0,0.867,0,0,0,0.179,0,0.544,0,0,0.287,0.264,0,0.154,0.298,0,0,0.234,0.476,0.243,0,0,0,0,0.274,0.911,0.174,0.348,0,0,0,0.185,0,0,0,0.466,0,0.581,0,0,0,0,0,0,0,0.422,0.481,0,0,0,0,0,0,0,0,0,0,0,0,0,0,0,0,0,0,0,0,0,0,0,0,0,0.314,0,0,0,0,0.307,0,0,0,0,0,0,0,0,0,0,0,0,0,0,0,0,0,0,0,0.162,0,0,0,0,0,0.226,0,0,0.271,0.269,0,0.228,0,0.43,0.251,0,0,0.179,0,0,0,0.176,0,0,0,0,0.269,0,0,0,0,0,0,0,0,0,0.216,0,0.174,0.932,0.196,0.16,0,0,0.194,0,0,0.269,0,0,0,0,0,0,0.47,0,0,0,0.315,0,0,0,0,0,0,0.269,0,0,0,0,0,0.165,0,0,0,0.271,0,0.183,0,0.183,0,0,0,0,0,0,0,0.269,0,0,0,0.198,0,0.369,0,0,0.498,0,0.366,0.226,0.308,0,0,0,0,0.16,0,0,0,0,0,0,0.254,0.236,0,0.616,0,0,0,0,0.266,0.165,0,0,0,0,0,0.165,0,0,0,0,0.254,0,0.156,0,0,0,0,0.194,0.19,0.198,0,0,0,0,0,0,0,0,0,0,0,0,0,0.271,0,0.155,0,0,0,0,0,0,0,0,0,0,0,0,0,0,0,0.367,0.229,0,0,0,0,0,0,0,0.294,0,0.232,0,0,0.269,0,0,0,0,0.313,0,0.176,0,0,0,0,0,0,0,0,0,0,0,0,0.194,0,0,0,0.269,0,0,0,0.165,0,0,0,0,0.19,0,0,0,0,0,0.269,0,0,0.18,0,0,0,0,0,0,0.399,0,0.161,0.174,0.269,0,0,0.168,0,0,0,0,0,0,0,0,0.603,0,0,0.212,0,0.229,0,0,0.372,0.43,0,0,0,0,0.735,0,0,0.232,0,0,0,0,0,0.269,0,0.352,0,0,0,0.269,0.194,0,0.161,0.293,0.194,0.934,0.209,0.306,0,0,0,0,0,0,0,0.391,0,0.269,0,0.169,0,0,0,0.269,0,0,0,0,0.203,0,0.249,0,0.269,0.269,0,0,0,0.269,0.269,0.214,0,0,0,0.269,0,0.6,0.352,0.578,0.471,0,0.195,0,0,0,0,0,0,0,0,0,0,0,0.928,0,0,0,0.269,0,0,0,0,0,0,0,0,0,0.833,0,0,0.176,0,0,0.256,0,0,0,0,0,0,0,0,0,0.157,0,0.192,0,0,0,0,0,0,0,0.993,0.284,0,0,0,0.151,0,0,0,0.313,0.344,0,0,0,0,0,0,0,0,0,0.194,0,0,0,0,0,0,0,0.324,0,0.255,0,0,0,0,0,0.651,0,0,0,0,0,0.342,0,0,0,0,0,0.329,0,0,0,0,0,0,0.714,0,0,0,0,0,0.468,0.196,0,0,0,0,0.269,0,0,0,0,0,0,0.212,0,0,0,0.302,0,0,0,0,0,0,0,0,0,0,0.227,0,0,0.281,0,0,0.155,0,0,0,0.542,0,0.34,0,0,0.192,0,0.387,0,0.269,0,0,0,0.161,0.269,0,0,0,0.615,0,0,0.422,0.194,0,0.192,0,0,0,0,0.306,0,0,0.219,0,0,0,0,0,0,0,0,0,0,0,0.209,0,0,0,0,0,0.162,0.561,0,0,0,0,0,0.539,0,0,0,0,0,0,0,0.184,0,0,0,0,0,0,0,0,0,0,0.174,0,0,0,0,0,0,0.158,0,0,0,0,0.315,0,0,0,0.255,0,0,0,0,0,0,0.165,0,0,0,0,0,0,0,0,0,0,0,0,0,0,0,0,0,0,0,0.176,0,0,0.232,0,0,0,0,0,0,0,0,0,0,0.201,0,0,0,0,0,0,0,0.343,0.192,0,0,0,0,0,0,0,0,0,0,0,0,0,0.207,0,0,0.198,0.312,0.204,0.567,0,0,0.227,0,0.579,0,0,0,0.219,0,0,0,0,0,0,0,0,0,0,0,0,0,0.267,0,0,0,0.164,0,0,0.221,0,0,0,0,0,0,0,0,0.165,0,0,0,0,0,0,0,0.329,0,0,0,0,0.316,0.52,0,0.158,0,0,0,0,0,0,0.263,0,0,0,0,0,0,0,0,0,0.343,0.159,0,0.204,0,0,0.282,0,0,0,0,0,0,0,0.162,0,0.234,0,0,0.223,0,0.255,0,0.16,0,0.721,0,0,0,0,0,0,0,0,0,0,0,0,0,0,0,0.271,0.912,0.189,0.252,0,0.219,0,0,0.213,0,0.238,0,0.227,0,0.169,0.343,0,0,0,0,0,0,0,0,0,0.359,0,0,0,0,0.165,0,0,0,0,0,0,0,0,0,0.348,0,0,0,0,0,0,0.203,0.974,0,0,0,0,0,0,0,0,0,0,0,0,0,0,0,0.316,0,0,0.16,0,0.724,0,0,0,0,0,0,0,0,0,0.238,0,0.203,0,0,0,0,0.652,0.216,0,0.179,0.583,0,0,0,0,0.289,0.294,0,0,0.637,0,0.395,0.27,0,0,0,0,0,0,0,0.326,0,0.19,0,0.427,0.654,0,0.408,0,0.543,0,0,0,0,0.245,0,0,0.335,0.271,0,0.177,0.191,0,0,0.153,0.179,0,0,0,0,0.894,0,0,0,0,0.525,0,0,0,0,0,0,0.223,0,0.189,0.183,0,0,0.338,0,0,0,0,0,0,0,0.363,0,0.443,0,0,0,0,0.195,0,0,0,0,0,0,0,0,0,0.299,0,0,0.499,0.226,0,0,0,0,0.997,0,0.271,0.344,0.518,0,0.489,0,0,0,0.174,0.355,0,0,0,0,0,0,0,0,0,0,0.166,0.198,0,0.323,0,0.208,0,0,0,0.999,0,0.231,0.972,0,0,0,0,0.337,0,0,0,0.629,0,0,0,0.284,0.183,0,0,0,0,0,0,0,0,0,0.163,0.373,0,0.176,0.156,0,0.87,0,0.94,0,0,0.198,0,0,0,0,0.194,0,0,0,0,0,0,0,0,0.348,0.256,0.29,0,0,0,0,0.29,0,0,0,0.178,0,0.279,0,0.405,0,0,0,0,0,0,0,0.191,0,0,0,0,0,0,0,0,0,0,0.274,0,0,0,0,0,0,0,0.969,0.9,0,0,0,0,0,0,0.202,0,0,0,0,0,0,0,0,0.19,0,0,0,0.15,0,0,0,0,0,0,0,0,0.316,0.183,0,0,0.162,0,0,0,0,0.907,0,0,0,0.9,0,0.229,0,0,0,0,0,0,0.314,0,0,0,0,0.219,0.183,0,0,0.442,0,0,0,0,0,0,0,0.176,0,0.647,0,0,0,0,0,0,0,0,0,0,0,0,0,0,0,0,0,0,0,0,0.229,0,0,0,0,0.208,0,0,0,0,0,0.23,0,0,0.183,0,0,0.189,0.165,0,0,0,0,0,0,0,0,0.183,0,0,0,0,0,0,0,0,0,0,0,0,0,0,0.157,0,0.216,0.177,0.733,0,0.228,0,0.651,0,0,0,0,0.385,0,0,0,0,0,0,0.405,0.157,0,0,0,0,0.188,0,0,0,0,0.19,0,0.225,0,0,0,0.9,0.992,0,0.908,0,0.341,0,0.993,0.157,0,0,0,0.992,0,0,0,0,0,0,0,0,0.496,0,0,0,0,0,0,0,0.201,0,0,0.211,0,0.309,0.37,0,0.557,0,0.239,0,0,0,0,0,0,0.729,0,0,0,0,0,0,0,0.94,0.349,0.237,0,0,0.236,0,0,0,0,0,0,0.226,0,0.416,0,0,0,0,0.557,0.196,0.199,0,0.221,0.254,0,0,0.157,0,0,0.353,0.177,0.677,0,0.165,0,0,0,0,0,0,0,0,0,0.419,0,0,0,0,0,0,0,0,0.273,0,0,0,0,0,0,0,0,0,0,0,0,0,0,0,0,0,0,0,0,0,0,0,0,0,0,0,0,0,0.93,0,0,0,0,0,0,0,0,0,0,0,0.848,0,0,0,0,0,0,0,0,0.153,0,0,0.19,0,0.19,0,0,0,0,0,0,0,0.197,0,0.686,0,0,0,0,0,0,0.906,0.181,0,0,0,0,0.174,0,0,0.181,0,0,0,0,0,0.225,0.174,0,0.268,0,0,0,0,0,0,0,0,0,0,0,0,0,0,0,0,0,0,0,0,0,0,0,0,0,0,0.942,0,0,0,0,0,0,0.196,0,0,0,0.198,0,0,0,0.181,0,0,0,0,0,0,0,0,0,0,0,0,0,0,0,0,0,0,0.906,0,0,0,0.361,0,0,0.181,0,0,0,0,0,0,0,0,0,0,0,0,0,0,0,0.345,0,0,0,0,0,0,0,0.818,0,0,0,0,0,0.267,0,0,0,0,0.455,0,0,0,0,0,0.292,0.169,0,0.222,0,0.207,0,0,0,0,0,0,0,0,0,0,0,0,0,0.172,0,0,0,0,0,0.165,0,0,0,0,0,0,0,0,0,0,0,0,0.638,0,0,0.319,0,0.211,0,0,0,0.383,0,0.221,0,0,0,0,0,0,0,0,0,0,0,0,0,0,0.165,0,0,0,0,0,0,0,0,0,0.169,0,0,0,0,0,0,0,0,0,0,0,0,0,0,0,0,0,0,0,0,0,0,0.179,0,0,0,0,0,0,0,0,0,0,0.269,0,0.179,0,0,0,0,0,0,0,0,0,0,0,0,0,0,0,0.351,0,0,0,0,0,0,0,0.162,0,0,0,0,0,0,0,0,0,0,0.179,0,0.301,0,0,0.261,0,0.282,0,0.311,0,0,0.21,0,0,0,0,0.299,0,0.204,0.176,0.999,0,0.407,0.198,0.347,0,0,0.179,0,0,0,0.437,0.237,0,0.936,0,0.535,0,0,0.472,0,0.302,0,0,0,0,0,0.226,0.445,0,0.229,0,0,0,0.31,0,0,0,0.222,0.334,0.173,0.523,0.683,0,0,0.56,0,0,0,0.266,0.334,0,0.954,0,0.273,0,0,0,0.267,0.201,0,0.288,0,0,0,0,0.334,0.972,0.385,0.242,0,0,0.252,0.216,0.92,0,0,0,0,0,0.282,0,0.366,0,0,0.224,0,0,0,0.947,0,0.367,0,0,0,0.369,0.245,0.472,0.425,0.924,0.909,0,0.173,0,0.351,0.311,0,0,0.273,0.196,0,0.36,0.334,0.165,0,0.43,0,0.293,0,0,0.297,0,0,0.947,0.708,0.469,0,0,0,0,0,0.298,0,0,0,0.317,0.49,0,0,0.838,0.167,0.999,0.336,0,0.273,0,0,0.918,0.264,0.954,0,0.159,0,0,0,0,0,0,0,0.837,0,0.238,0.258,0,0.548,0,0.402,0,0.369,0.529,0,0,0,0.317,0.267,0,0,0,0,0.334,0,0,0,0,0,0.56,0.972,0.191,0.171,0,0.266,0.21,0.266,0,0.577,0.201,0,0,0,0,0.238,0,0.277,0,0.281,0.265,0,0,0,0,0,0,0,0,0,0,0,0,0,0,0,0,0,0,0,0,0,0,0,0,0,0,0,0,0.898,0,0,0,0,0,0,0,0,0,0,0,0,0,0,0.229,0,0,0.181,0,0,0,0,0,0,0.221,0.161,0,0,0,0,0,0,0,0,0,0,0,0,0,0,0,0,0.373,0,0,0.173,0,0,0,0,0,0,0,0,0,0,0,0,0,0,0,0,0,0,0,0,0.326,0,0,0.999,0.429,0.314,0.336,0,0.559,0,0.175,0,0.501,0.502,0.264,0.198,0.24,0,0,0,0,0,0,0.387,0,0,0,0,0,0.847,0,0,0.549,0.957,0,0,0.151,0,0.939,0,0,0,0,0.264,0,0.929,0.282,0.294,0,0.482,0.224,0,0.295,0,0,0.23,0,0,0,0,0,0,0,0.341,0.762,0,0,0,0,0.3,0,0,0.228,0.168,0,0,0.999,0,0.171,0,0,0.801,0.24,0,0,0.935,0.264,0,0,0,0,0.223,0,0,0,0.451,0,0,0,0.258,0.912,0,0,0,0,0,0,0,0,0.2,0,0,0,0,0,0,0,0,0,0,0,0,0,0,0,0,0,0.199,0,0,0,0,0.322,0,0,0.258,0,0,0,0.562,0,0,0,0,0,0,0,0,0,0,0,0,0,0.598,0,0,0,0,0,0,0,0.577,0,0.218,0.999,0,0.999,0,0,0,0,0,0,0,0.9,0,0,0,0,0,0,0,0,0,0,0,0,0.165,0,0,0,0,0,0,0,0,0.219,0,0,0.353,0.917,0.228,0,0.933,0,0,0,0,0,0.902,0,0,0,0,0,0,0,0,0,0.196,0,0,0,0,0,0,0,0,0,0,0,0,0.304,0.739,0.255,0,0,0,0.514,0,0,0,0,0,0,0,0,0,0,0,0,0,0,0,0,0,0,0.996,0,0.181,0,0.165,0,0,0,0,0,0,0,0.158,0,0,0.192,0,0,0,0,0,0,0.999,0,0,0.174,0,0,0.177,0,0,0,0,0,0,0,0,0,0,0,0,0,0,0.209,0.271,0,0,0,0,0,0.785,0,0,0,0,0,0,0,0,0.986,0.407,0,0,0.15,0,0,0,0,0,0,0,0.906,0,0,0,0,0,0,0,0.189,0,0.16,0.776,0,0,0,0,0,0,0,0,0,0.18,0,0,0,0.772,0,0.646,0,0,0,0,0,0,0,0.384,0,0,0.997,0.856,0,0,0,0.248,0,0,0,0,0,0,0,0,0,0,0,0,0,0,0,0,0,0,0.9,0,0,0,0.336,0.219,0,0.481,0,0,0,0.217,0,0,0,0.582,0,0,0.982,0,0,0,0,0,0,0,0,0,0,0,0,0,0,0.151,0,0,0,0,0,0,0,0,0,0,0,0,0,0,0,0,0,0,0,0,0.466,0.466,0,0,0,0,0,0,0,0,0,0,0,0,0,0,0,0,0,0,0,0.248,0,0,0.189,0,0.381,0,0,0,0,0,0.404,0.316,0,0,0,0,0,0,0,0,0.494,0.187,0.998,0,0,0,0.269,0,0,0,0,0,0,0.578,0.713,0,0,0,0,0.167,0,0,0,0,0,0,0,0,0,0,0,0.947,0,0,0,0.92,0,0,0,0.317,0,0,0,0,0.327,0,0,0.999,0,0,0.572,0.9,0,0,0,0,0,0,0,0.795,0,0,0,0,0,0,0,0,0,0,0,0,0,0,0,0,0,0,0,0,0,0.155,0,0.322,0,0,0,0,0,0,0,0,0,0,0,0,0,0,0,0,0.228,0,0,0,0,0,0,0,0,0,0,0,0,0,0,0,0,0,0.17,0,0,0,0.206,0.171,0,0,0,0,0,0,0.164,0,0,0,0,0.267,0.16,0,0,0,0,0,0.351,0,0,0.58,0,0,0,0,0,0,0.306,0.196,0.157,0.196,0,0,0,0,0,0,0,0.595,0,0.199,0,0.778,0,0,0,0,0,0,0,0,0,0.514,0,0,0,0,0,0,0,0.449,0,0,0,0,0,0,0,0,0,0,0,0,0,0,0,0.182,0,0,0,0,0,0,0,0,0.258,0,0,0,0.204,0,0,0,0,0,0,0,0,0.183,0.151,0,0,0,0,0,0,0,0,0,0,0,0,0,0,0,0,0.198,0,0,0,0,0,0.26,0,0,0,0,0,0,0,0,0,0,0,0,0,0,0.221,0,0,0.191,0,0,0,0.281,0,0,0,0,0.987,0,0,0,0,0,0,0,0,0,0.72,0,0,0,0,0,0,0,0,0.519,0,0,0,0,0,0,0,0,0,0,0,0,0,0,0,0,0,0,0,0,0.299,0,0,0.256,0,0,0,0,0,0.325,0,0,0,0,0,0.91,0,0,0,0.968,0,0.189,0,0,0,0,0,0,0,0,0.44,0,0,0,0,0,0,0,0,0,0,0,0.16,0,0,0,0,0.383,0,0,0,0,0,0,0,0,0,0,0,0,0,0,0,0,0,0,0,0,0,0,0,0,0,0,0,0,0,0,0,0.181,0,0,0,0,0,0,0,0,0,0,0,0,0,0,0,0,0,0,0.465,0,0,0,0,0,0,0,0,0,0,0,0,0,0,0,0,0,0,0,0,0,0,0,0,0,0,0,0,0,0.942,0,0,0,0,0.901,0,0,0,0,0,0,0,0,0,0,0,0,0,0,0,0,0,0,0,0,0,0,0,0,0,0,0,0,0,0,0,0,0,0,0,0,0,0,0,0,0,0,0,0,0,0,0,0,0.218,0,0,0,0.19,0.173,0,0,0,0,0.273,0,0.171,0,0.9,0,0,0,0,0,0,0,0,0,0,0,0,0,0,0,0,0,0,0,0,0,0,0,0,0,0,0.205,0,0,0,0,0,0,0,0,0.319,0,0,0,0.9,0,0,0,0,0,0,0,0,0,0,0,0,0,0.269,0,0,0,0,0,0,0,0,0,0,0,0,0,0,0,0,0,0,0,0,0.325,0,0,0,0,0,0,0,0,0,0,0,0,0,0,0,0,0,0,0,0,0,0,0,0,0,0,0,0,0,0,0,0,0.215,0,0.172,0,0,0,0.921,0,0,0.191,0.407,0.215,0.215,0.994,0,0.554,0,0,0,0,0,0,0,0.162,0,0,0,0.9,0,0.248,0,0,0,0.167,0,0,0,0,0,0,0,0,0,0,0,0,0,0,0,0,0,0,0,0,0,0,0,0,0,0,0,0,0,0,0.397,0,0,0,0,0,0,0,0,0,0,0,0,0,0,0,0,0,0,0,0,0,0,0,0,0,0,0.215,0,0,0,0,0,0,0,0,0,0,0,0,0,0.793,0,0,0,0,0,0,0,0,0,0,0,0,0,0,0.901,0,0,0,0,0,1
855764,0,0,0,0.199,0,0,0,0,0,0,0,0,0,0,0,0,0,0,0,0.198,0,0,0,0,0.536,0,0.198,0,0,0,0,0.315,0,0,0,0,0,0,0,0,0,0,0.196,0,0,0,0.176,0,0,0,0,0,0,0,0,0,0,0,0,0,0,0,0,0,0,0,0,0,0,0,0,0,0,0,0,0,0,0,0,0,0,0,0,0,0,0,0,0,0,0,0,0,0,0,0,0,0,0,0,0,0,0,0,0,0,0,0,0,0,0.214,0,0,0,0,0,0,0,0,0,0,0,0,0,0,0.832,0,0,0,0,0,0,0,0,0,0,0,0,0,0,0,0,0,0.334,0,0,0,0,0,0,0,0,0,0,0,0,0,0,0.588,0,0,0,0,0.315,0,0,0.22,0,0,0,0,0,0,0,0,0,0,0,0,0,0,0,0,0,0,0,0,0,0,0,0,0,0,0,0,0,0,0,0,0,0,0,0,0,0,0,0,0,0,0,0,0,0,0,0,0,0,0,0,0,0,0,0,0,0,0,0,0,0,0,0,0,0,0,0,0,0,0,0,0,0,0,0,0,0,0,0,0,0,0,0,0,0,0,0,0,0,0,0,0,0,0,0,0,0,0,0,0,0,0,0,0,0,0,0,0,0,0,0,0,0,0,0,0,0,0,0,0,0,0,0,0,0,0,0,0,0,0,0,0,0,0,0,0,0,0,0,0,0,0,0,0,0,0,0,0,0,0,0,0,0,0,0,0,0,0,0,0,0,0,0,0,0,0,0,0,0,0,0,0,0,0,0,0,0,0,0,0,0,0,0,0,0,0,0,0,0,0,0,0,0,0,0.159,0,0,0,0,0,0,0,0,0,0,0,0,0,0.323,0,0,0,0,0,0,0,0,0,0,0,0,0,0,0,0,0,0,0,0,0,0,0,0,0,0,0,0,0.22,0,0,0,0,0,0,0,0,0,0,0,0,0,0,0,0,0,0,0,0,0,0,0,0.167,0,0,0,0,0,0,0,0,0,0.193,0,0,0,0,0,0,0,0,0,0,0,0,0,0,0,0,0,0,0,0,0,0,0,0,0,0,0,0,0,0,0,0,0,0,0,0,0,0,0,0,0,0,0,0,0,0,0,0,0,0,0,0,0,0,0,0,0,0,0,0,0,0,0,0,0,0,0,0,0,0,0,0,0,0,0,0,0,0,0,0.256,0,0,0,0,0,0,0,0,0,0,0,0,0,0,0,0,0,0.158,0,0,0,0,0,0,0,0,0,0,0,0,0,0,0,0,0,0,0,0,0,0,0,0,0,0,0,0,0,0,0,0,0,0,0,0,0,0,0,0,0,0,0,0,0,0.28,0,0,0,0,0,0,0,0,0,0,0,0,0,0,0,0,0,0,0,0,0,0,0,0.992,0,0,0,0,0,0,0,0,0,0,0,0,0,0,0,0,0,0,0.36,0,0,0,0,0,0,0,0,0,0,0,0,0,0,0,0,0,0,0,0,0,0.201,0,0,0,0,0,0,0,0,0,0,0,0,0,0,0,0,0,0,0,0,0,0.233,0,0,0,0,0,0,0,0,0,0,0,0,0,0,0,0,0,0,0,0,0,0,0.276,0,0,0,0,0,0,0,0,0,0,0,0,0,0,0,0,0,0,0,0,0,0.193,0,0,0,0,0,0,0,0,0,0,0,0,0,0,0,0,0,0,0,0,0,0,0,0,0,0,0,0,0,0,0,0,0,0,0,0,0,0,0,0,0,0,0,0,0,0,0,0,0,0,0,0,0,0,0,0,0,0,0,0,0,0,0,0,0,0,0,0,0,0,0,0,0,0,0,0,0,0,0,0.33,0,0,0,0,0,0,0,0,0,0,0,0,0,0,0,0,0,0,0,0,0.288,0,0,0,0,0,0,0,0,0,0,0,0,0,0,0,0,0,0,0,0,0,0,0.321,0,0,0,0,0,0,0,0,0,0,0,0,0,0,0,0,0,0,0,0,0,0,0,0,0,0,0.519,0,0,0,0,0,0,0,0,0,0,0,0,0,0,0,0,0,0,0,0,0,0,0,0,0,0,0,0,0,0,0,0,0,0,0,0,0,0,0,0,0,0,0,0,0,0,0,0,0,0,0,0,0,0,0,0,0,0,0.216,0,0,0,0,0,0,0,0,0,0.809,0,0,0,0,0,0,0,0,0,0,0,0,0,0,0,0,0,0,0,0,0,0,0,0,0,0,0,0,0,0,0,0,0,0,0.183,0,0,0,0,0,0,0,0,0,0,0,0,0,0,0,0,0,0,0,0,0,0,0,0,0,0,0,0,0.234,0,0,0,0,0,0,0,0,0,0,0,0,0,0,0,0,0,0,0,0,0,0,0,0,0,0,0,0,0,0,0,0,0,0,0,0,0,0,0,0,0,0,0,0,0,0,0,0,0,0,0,0,0,0,0,0,0,0,0,0,0,0,0,0,0,0,0,0,0,0,0,0,0,0,0,0,0,0,0,0,0,0,0,0,0,0,0,0,0,0,0,0,0,0,0,0,0,0,0,0,0,0,0,0,0,0,0,0.151,0,0,0,0.153,0,0.195,0,0,0,0,0,0,0,0,0,0,0,0,0,0,0,0,0,0,0,0,0,0,0,0,0,0,0,0,0,0,0,0,0,0,0,0,0,0,0,0,0,0,0,0,0,0,0,0,0,0,0,0,0,0,0,0,0,0,0,0,0,0,0,0,0,0,0,0,0,0,0,0,0,0,0,0,0,0,0,0,0,0,0,0,0,0,0,0,0,0,0,0,0,0,0,0,0,0,0,0,0,0,0,0,0,0,0,0,0,0,0,0,0,0,0,0,0,0,0,0,0.151,0,0,0,0,0,0,0,0,0,0,0,0,0,0,0,0,0,0,0,0,0,0,0,0,0,0,0,0,0,0,0,0,0,0,0,0,0,0,0,0,0,0,0,0,0,0,0,0,0,0,0,0,0.536,0,0,0,0,0,0,0,0,0,0,0,0,0,0,0,0,0,0,0,0,0,0,0,0,0,0,0,0,0,0,0,0,0,0,0,0,0,0,0,0,0,0,0,0,0,0,0,0,0,0,0,0,0,0,0.546,0,0,0,0,0,0,0.169,0,0,0,0,0,0,0,0,0,0,0,0,0,0,0,0,0,0,0,0,0,0,0,0,0,0,0,0,0,0,0,0,0,0,0,0,0,0,0,0,0,0,0,0.252,0,0,0,0,0,0,0,0,0,0,0,0,0,0,0,0,0,0,0,0,0,0,0,0,0,0,0,0,0,0,0,0,0,0,0,0,0,0,0,0,0,0,0,0,0,0,0,0,0,0,0,0,0,0,0,0,0,0,0,0,0.288,0,0,0,0,0,0,0,0,0,0,0,0,0,0,0,0,0,0,0,0,0,0,0,0,0,0,0,0,0,0.233,0,0,0,0,0,0,0,0,0,0,0,0,0.164,0,0,0,0,0,0,0,0,0,0,0,0,0,0,0,0,0,0,0,0,0,0,0,0,0,0,0,0,0,0.219,0,0,0,0,0,0,0,0,0,0,0,0,0,0,0,0,0,0,0,0,0,0,0,0,0,0,0,0,0,0,0,0,0,0,0,0,0.327,0,0,0,0,0.438,0,0,0,0.695,0,0.263,0,0,0,0,0,0,0,0,0,0,0,0,0,0,0,0,0,0.218,0,0.485,0,0,0,0,0,0,0,0,0,0,0,0,0,0.39,0,0,0,0,0,0.339,0,0,0,0,0,0,0,0,0,0,0,0,0,0,0,0,0,0,0,0,0,0,0,0,0,0,0,0,0,0,0,0,0,0,0,0,0,0,0,0,0,0,0,0,0,0,0,0,0,0,0,0,0,0,0,0,0,0,0,0,0,0,0,0.283,0,0,0,0,0,0,0,0,0,0,0,0,0,0,0,0,0,0,0,0,0,0,0,0,0,0,0,0,0,0,0,0,0,0,0,0,0,0,0,0,0,0,0,0,0,0,0,0,0,0,0,0,0,0,0,0,0.515,0,0,0,0,0,0,0,0,0,0.654,0,0,0,0,0,0,0,0,0,0,0,0,0,0,0,0,0,0,0,0,0,0,0.258,0,0,0,0,0,0,0,0,0,0,0,0,0,0,0,0,0,0,0,0,0,0,0,0,0,0,0,0,0,0,0,0,0,0,0,0,0,0,0,0,0,0,0,0,0,0,0,0,0,0,0,0,0,0,0,0,0,0,0,0,0,0,0,0,0,0,0,0,0,0,0,0,0,0,0,0,0,0,0,0,0,0,0.21,0,0,0,0,0,0,0,0,0,0,0,0,0,0,0,0,0,0,0,0,0,0,0,0,0,0,0,0,0.161,0,0,0,0,0,0,0,0,0.289,0.177,0,0,0,0,0,0,0,0,0,0,0,0,0,0,0,0,0,0,0,0,0,0,0,0,0,0,0,0,0,0,0,0,0,0,0,0,0,0,0,0,0,0.577,0,0,0,0,0.578,0,0,0,0.562,0.206,0,0,0,0,0,0,0,0,0,0,0,0,0,0,0,0,0,0,0,0,0,0,0,0,0,0,0,0,0,0,0,0,0,0,0,0,0,0,0,0,0,0,0,0,0,0,0,0,0,0,0,0,0.404,0,0,0,0,0,0,0,0,0.182,0,0,0,0,0,0,0,0,0,0,0,0,0.293,0,0,0,0,0,0,0,0,0,0,0,0,0,0,0,0.663,0,0,0,0,0,0,0,0,0,0,0,0,0,0,0,0,0,0,0,0,0,0,0,0,0,0,0,0,0,0,0,0.182,0,0,0,0,0,0,0,0,0,0,0,0,0,0,0,0,0,0,0,0.203,0,0,0,0,0,0,0,0,0,0,0,0,0,0,0,0,0.196,0,0,0,0,0,0,0,0,0,0.194,0,0,0,0,0,0,0,0,0,0,0.974,0,0,0,0,0,0,0.322,0,0,0,0.629,0.396,0.446,0,0,0,0,0,0,0,0,0,0,0,0,0,0,0,0.413,0,0.423,0,0,0.619,0.849,0,0,0.177,0,0,0.879,0.778,0.859,0,0,0,0,0.398,0.354,0.998,0.786,0.62,0,0,0.392,0,0,0,0,0.994,0,0.244,0,0,0.338,0,0,0,0.266,0,0.348,0,0.9,0,0.511,0,0,0,0,0.999,0,0,0,0,0.792,0.558,0,0.971,0,0,0,0,0,0,0.333,0,0,0.456,0.387,0.993,0,0,0,0,0,0.796,0,0,0,0,0,0,0,0,0,0,0,0,0,0,0,0,0,0,0,0,0,0,0,0,0,0,0,0,0,0,0,0,0,0,0,0,0,0,0,0,0,0,0,0,0,0,0,0,0,0,0,0,0,0,0,0,0,0,0,0,0,0,0,0,0,0,0,0,0,0,0,0,0,0,0,0,0,0,0,0,0,0,0,0,0,0,0,0,0,0,0,0,0,0,0,0,0,0,0,0,0,0,0.199,0,0,0,0,0,0,0,0,0,0,0,0,0,0,0,0,0,0,0,0,0,0,0,0,0,0,0,0,0,0,0,0,0,0,0,0,0,0,0,0,0,0,0,0,0,0,0,0,0,0,0,0,0,0,0,0,0,0,0,0,0,0,0,0,0,0,0,0,0,0,0,0,0,0,0,0,0,0.354,0,0,0,0,0,0,0,0,0,0,0,0,0,0.286,0,0,0,0,0,0,0,0,0,0,0,0,0,0,0,0,0,0,0,0,0.163,0,0,0,0,0,0,0,0,0,0,0,0,0,0,0,0,0,0,0,0,0,0,0,0,0,0,0,0,0,0,0,0,0,0,0,0,0,0,0,0,0,0,0,0,0.197,0,0,0,0,0,0,0,0,0,0,0.287,0,0,0,0,0,0,0,0,0,0,0,0,0,0,0,0.404,0.161,0,0,0,0,0,0,0,0,0,0,0,0,0,0,0,0,0,0,0,0,0,0,0,0,0,0,0,0,0,0,0,0,0.22,0,0,0.269,0,0,0,0,0,0,0,0,0,0,0,0,0,0,0,0,0,0,0,0,0,0,0,0,0,0,0,0,0,0,0,0,0,0,0,0,0,0,0,0,0,0,0,0,0,0,0,0,0,0,0,0,0,0,0,0,0,0,0,0,0,0,0,0,0,0,0.216,0,0,0,0,0.392,0,0,0,0,0,0,0,0,0,0,0,0,0,0,0,0,0.274,0,0,0,0,0,0,0,0,0,0,0,0,0,0,0,0,0,0,0,0,0,0,0,0,0,0,0,0,0,0,0,0,0,0,0,0,0,0,0,0,0,0,0,0,0,0,0,0,0,0,0,0,0,0,0,0,0,0,0,0,0,0,0,0,0,0,0,0,0,0,0,0,0,0,0,0,0,0,0,0,0,0,0,0,0,0,0,0,0,0,0,0,0,0,0,0.67,0,0,0,0,0,0.194,0,0,0,0,0,0,0,0,0,0,0,0,0,0,0,0,0,0,0,0,0,0,0,0,0,0,0,0,0,0,0.237,0,0,0,0,0,0,0,0,0,0,0,0,0,0,0,0,0,0,0,0,0,0,0.548,0,0,0,0,0,0,0,0,0,0,0,0,0,0,0,0,0,0,0,0,0,0,0,0,0,0,0,0,0,0,0,0,0.224,0,0,0,0,0,0,0,0,0,0,0,0,0,0,0,0,0,0,0,0,0,0,0,0,0,0,0,0,0,0,0,0,0,0,0,0,0,0,0,0,0,0,0,0,0,0,0,0,0,0,0,0,0,0,0,0,0,0,0,0,0,0,0,0,0,0,0,0,0,0,0,0,0,0,0,0,0,0,0,0,0,0.334,0,0,0,0,0,0,0,0,0,0,0,0,0,0,0,0,0,0,0,0,0,0,0,0,0,0,0,0,0,0,0,0,0,0,0.178,0,0,0,0,0,0,0,0,0,0,0,0,0,0,0,0,0,0,0,0,0,0,0,0,0,0,0,0,0,0,0,0.182,0,0,0,0,0,0,0,0,0,0,0,0,0,0,0,0,0,0,0,0,0,0,0,0,0,0,0,0,0,0,0,0,0,0,0,0,0,0,0,0,0,0,0,0,0,0,0,0,0,0,0,0,0,0,0,0,0,0,0,0,0,0,0,0,0,0,0,0,0,0,0,0.229,0,0,0,0,0,0,0,0,0,0,0,0,0,0,0,0,0,0,0,0,0,0,0,0,0,0,0,0,0,0,0,0,0,0,0,0,0,0,0,0,0,0,0,0,0,0,0,0,0,0,0,0,0,0,0,0,0,0,0,0,0,0,0.605,0,0,0,0,0,0,0,0,0,0,0,0,0,0,0,0,0,0,0,0,0,0,0,0,0,0,0,0,0,0,0,0,0,0,0,0,0,0,0.53,0,0,0,0,0,0,0,0,0,0,0.227,0,0,0,0,0,0,0,0,0,0,0,0,0,0,0,0,0,0,0,0,0,0,0,0,0,0,0,0,0,0,0,0,0,0,0,0,0,0,0,0,0,0,0,0,0,0,0,0,0,0,0,0,0,0,0,0,0,0,0,0,0,0,0,0,0,0,0,0,0,0,0,0,0,0,0,0,0,0,0,0,0,0,0,0,0,0,0,0,0,0,0.194,0,0,0,0.186,0,0,0,0,0,0,0,0,0,0,0,0,0,0,0,0,0,0,0,0,0,0,0,0,0,0,0,0,0,0,0,0,0,0,0,0,0,0,0,0,0,0,0,0,0,0,0,0,0,0,0,0,0,0,0,0,0.53,0,0,0,0,0,0,0,0,0,0,0,0,0,0,0,0,0,0,0,0.257,0,0,0,0,0,0,0,0,0,0,0,0,0,0,0,0,0,0,0,0,0,0,0,0,0,0,0,0,0,0,0,0,0,0,0,0,0,0,0,0,0,0,0,0,0,0,0,0,0,0,0,0,0,0,0,0,0,0,0,0,0,0,0.219,0,0,0,0,0,0,0,0,0,0,0,0,0,0,0,0,0,0,0.342,0,0,0,0,0,0,0,0,0,0,0,0,0,0,0,0,0,0,0,0,0.201,0,0,0,0,0,0,0,0,0,0,0,0,0,0,0,0,0,0,0,0,0,0.194,0,0,0,0,0,0,0,0,0,0,0,0,0,0,0,0,0,0,0,0,0,0,0,0,0,0,0,0,0,0,0,0,0,0,0,0,0,0,0,0,0,0,0,0,0,0,0,0,0,0,0,0,0,0,0,0,0,0,0,0,0,0,0,0,0,0,0,0,0,0,0,0,0,0,0,0,0,0,0.195,0,0,0,0,0,0,0,0,0.79,0,0.216,0,0,0,0,0,0,0,0,0,0,0,0,0,0.178,0,0,0,0,0,0,0,0,0,0,0,0,0,0,0,0,0,0,0,0,0,0,0,0,0,0,0,0,0,0,0,0,0,0,0,0,0,0,0,0.216,0,0,0,0,0,0,0,0,0,0,0,0,0,0,0,0,0,0,0,0,0,0,0,0,0,0,0,0,0,0,0,0,0,0,0,0,0,0,0,0,0,0,0,0,0,0,0,0,0,0,0,0,0,0,0,0,0,0,0,0,0,0,0,0,0,0,0,0,0,0,0,0,0,0,0,0,0,0,0,0,0,0,0,0,0,0,0,0,0,0,0,0,0,0,0,0,0,0,0,0,0,0,0,0,0,0,0,0,0,0,0,0,0,0,0,0,0,0,0,0,0,0,0,0,0,0,0,0,0,0,0.161,0,0,0,0,0,0,0,0,0,0,0,0,0,0,0,0,0,0,0,0,0,0,0,0,0,0,0,0.759,0,0,0,0,0,0,0,0,0,0,0,0,0,0,0,0,0,0,0,0,0,0,0,0,0,0,0,0,0,0,0,0,0,0,0,0,0.377,0,0.66,0,0,0,0,0,0,0,0,0,0,0,0,0,0,0,0,0,0,0,0,0,0,0,0.355,0,0,0,0,0.244,0.227,0,0,0,0,0,0,0,0,0,0,0,0,0,0,0,0,0,0,0,0,0,0,0.68,0,0,0,0,0,0,0,0.759,0,0,0,0,0.997,0,0,0,0,0.373,0,0,0.233,0,0,0,0.459,0,0,0,0,0,0,0,0,0,0,0,0,0,0,0,0,0,0,0,0,0,0,0,0,0,0,0,0,0,0,0,0.269,0,0,0,0,0,0,0,0,0,0.312,0,0,0.166,0,0,0.228,0,0.195,0,0,0,0,0,0,0,0.357,0,0,0,0,0,0,0,0,0,0,0,0,0,0,0,0,0,0,0,0,0,0,0,0,0,0,0,0,0,0,0,0,0,0,0,0,0,0,0,0,0,0,0,0,0,0,0,0,0,0,0,0,0,0,0,0,0,0,0,0,0,0,0,0,0,0,0,0,0,0,0,0,0,0,0,0,0,0,0,0,0,0,0,0,0,0,0,0,0.339,0,0,0,0,0,0,0,0,0,0,0,0,0,0.283,0,0,0,0,0,0,0,0,0,0,0,0,0,0,0,0,0,0,0,0,0,0,0,0,0,0,0,0,0,0,0.27,0,0,0,0,0,0,0,0,0,0.45,0,0,0,0,0,0,0,0,0,0,0,0,0,0,0,0,0,0,0,0,0,0,0,0,0,0,0,0.733,0,0.201,0,0,0,0,0,0,0,0,0,0,0,0,0,0,0,0,0,0,0,0,0,0,0,0,0,0,0,0,0,0,0,0,0,0,0,0,0,0,0,0,0,0,0,0,0,0,0,0,0,0,0,0,0.151,0,0,0,0,0,0,0,0,0,0,0,0,0,0,0,0,0,0,0,0,0,0,0,0,0,0,0,0,0,0,0,0,0,0,0,0,0,0,0,0,0,0,0,0,0,0,0,0,0,0,0,0,0,0,0.212,0,0,0,0,0,0,0,0,0,0,0,0,0.335,0,0,0,0,0,0,0,0,0,0.182,0.196,0,0,0,0,0,0,0.151,0,0,0,0,0,0,0,0,0,0,0,0,0,0,0,0,0,0.449,0,0
856610,0,0,0,0,0,0,0.614,0,0,0,0.193,0,0,0,0,0,0,0,0.209,0.331,0,0,0,0,0.166,0,0.454,0,0,0,0,0,0,0,0,0,0,0,0,0,0,0.159,0,0,0,0,0,0.441,0,0,0,0.999,0,0,0,0,0,0,0,0,0,0,0.601,0,0.161,0.237,0.356,0.207,0,0,0.849,0,0,0,0,0,0,0,0,0.196,0,0,0,0,0,0.39,0.202,0,0,0,0,0,0.288,0,0,0.999,0.589,0,0,0,0,0.169,0.308,0,0,0,0,0,0,0.219,0,0,0,0,0,0,0.154,0,0.201,0.926,0,0,0.345,0,0,0.229,0,0.695,0,0,0,0,0,0,0,0,0,0,0.464,0.214,0.999,0,0.353,0,0,0,0,0,0,0,0.49,0,0,0,0,0.914,0,0,0,0,0,0,0,0,0,0,0,0,0,0.29,0,0,0,0,0,0,0,0,0,0,0,0,0,0,0,0,0,0.311,0.186,0.244,0,0,0,0.194,0,0.309,0,0,0,0,0,0.163,0,0.79,0,0,0.999,0,0,0.291,0.151,0,0.29,0.665,0.989,0,0,0.481,0,0,0.999,0,0,0.243,0.197,0,0.257,0,0.409,0.975,0,0,0.994,0,0.628,0.463,0.744,0,0,0.216,0,0,0.233,0.467,0.439,0,0,0.504,0,0,0.173,0,0.167,0,0,0,0,0,0,0,0,0,0,0.186,0.991,0,0,0.226,0,0,0.299,0,0,0.175,0,0.995,0,0.225,0.16,0,0,0,0.944,0,0.193,0.573,0,0.958,0.391,0.478,0,0,0,0,0,0.374,0,0.269,0,0,0.999,0,0,0.415,0,0,0.232,0,0,0.999,0,0.568,0,0.274,0.998,0.193,0,0,0,0.908,0,0,0.151,0.99,0,0.284,0.294,0,0,0.984,0,0.752,0,0.427,0,0,0,0,0,0,0,0,0,0.203,0,0.221,0.486,0,0,0,0.993,0,0,0.185,0.196,0,0.163,0,0,0.269,0,0.193,0,0,0,0,0.491,0.171,0.989,0.999,0.581,0.964,0,0,0,0,0.999,0,0,0,0,0,0,0.999,0,0,0,0,0,0.348,0,0.15,0,0.256,0,0,0.999,0,0.902,0,0.31,0,0,0,0.387,0.906,0,0,0.195,0.974,0.171,0,0,0.172,0.258,0.344,0.173,0,0,0,0.19,0,0,0.389,0,0.999,0,0,0.16,0,0.292,0,0.512,0,0.317,0,0,0.218,0.415,0,0,0,0,0,0,0,0,0,0.194,0,0.999,0,0.558,0.31,0,0,0,0.899,0,0.276,0,0,0.174,0,0,0.276,0,0,0,0,0,0,0.167,0,0,0.199,0,0,0,0.9,0.98,0.212,0,0,0,0.379,0,0,0,0.205,0,0.987,0,0,0,0,0,0.924,0,0.257,0.205,0,0,0,0,0,0,0.287,0,0.447,0,0,0.185,0.256,0.285,0.308,0.999,0.309,0,0,0.229,0,0,0,0.353,0.344,0,0.539,0,0.247,0,0,0,0,0.174,0,0.947,0,0,0,0.252,0,0,0.258,0.203,0,0,0,0.342,0.299,0.211,0,0,0,0,0,0,0,0.232,0,0,0,0.157,0.232,0,0.342,0.253,0,0,0,0,0.279,0,0.259,0,0.175,0,0.195,0,0,0,0,0,0,0.392,0.912,0,0.501,0.329,0,0,0,0,0.244,0,0,0,0,0,0.207,0,0.151,0.321,0.34,0,0.29,0,0.275,0,0,0.18,0.193,0,0.229,0,0,0,0.982,0,0,0,0,0.403,0,0.9,0.909,0,0,0,0,0.361,0.192,0,0.154,0.689,0,0.156,0,0,0,0,0,0,0,0,0,0,0.262,0,0,0,0,0,0,0.715,0,0,0,0.183,0.811,0,0,0,0,0,0,0.307,0.403,0,0.161,0,0,0,0.245,0,0,0,0,0.22,0,0,0.8,0,0,0,0,0.945,0.166,0.155,0.196,0.196,0.152,0,0,0,0,0,0,0,0.309,0,0.187,0,0.16,0,0,0.335,0.479,0,0.249,0,0.158,0,0.154,0,0,0.421,0.996,0.999,0,0,0,0,0,0,0.288,0,0,0,0.999,0,0,0,0.239,0,0.999,0,0,0,0.173,0,0.345,0.481,0,0,0.409,0.334,0.206,0.197,0,0.999,0,0.921,0,0,0,0.343,0,0.387,0,0,0,0,0,0,0,0.16,0.388,0,0,0.266,0.173,0.21,0.216,0,0,0.322,0,0,0,0.233,0.993,0,0.952,0,0.915,0,0.234,0.478,0,0.382,0.177,0,0,0,0,0,0,0,0,0,0,0.173,0,0.279,0,0,0,0.339,0,0,0,0.185,0,0.877,0,0.177,0,0.42,0.184,0,0,0,0,0.338,0,0,0,0,0,0,0,0,0,0,0.177,0,0.999,0,0.307,0,0.271,0,0,0,0.217,0,0.465,0,0.167,0,0.177,0,0.228,0.267,0.155,0,0.628,0,0.159,0,0,0,0,0,0,0.17,0.999,0.228,0,0,0,0,0,0,0.345,0,0,0,0,0.238,0,0.999,0,0,0.398,0,0,0.996,0,0,0,0,0,0,0,0,0.601,0.331,0,0,0,0.935,0.741,0,0,0,0,0.159,0.983,0,0.999,0,0,0,0,0.442,0,0.433,0,0.999,0,0,0.218,0.186,0.445,0,0.999,0,0.918,0.53,0.999,0,0.774,0,0,0,0,0,0,0,0,0,0.3,0,0,0.156,0.239,0.997,0,0.963,0.999,0,0.173,0.374,0,0,0,0,0.998,0,0.162,0,0,0.184,0.994,0,0,0.445,0.205,0,0.999,0,0,0,0,0,0,0,0.456,0,0,0.19,0,0,0,0.153,0,0,0,0,0.293,0.456,0,0,0,0,0,0,0,0,0,0,0,0.22,0,0,0,0,0,0,0,0,0,0,0,0,0,0,0,0,0.271,0,0,0,0,0,0,0,0.174,0,0,0,0,0,0.999,0,0.238,0.226,0,0,0,0,0,0,0.999,0,0,0,0,0,0,0,0,0,0,0,0.907,0.91,0,0,0,0,0,0,0,0,0,0,0,0,0,0,0.397,0,0,0,0,0,0,0,0,0,0,0,0,0,0,0,0,0,0,0,0,0,0,0,0,0,0,0,0,0,0,0,0.2,0,0,0.999,0,0,0,0,0,0,0.314,0,0.905,0,0,0,0,0.189,0.442,0,0,0,0,0.193,0,0,0,0,0,0,0,0.999,0,0,0.182,0,0,0,0,0,0,0,0.999,0,0,0,0,0,0,0,0,0.999,0.452,0.848,0,0,0,0.155,0,0,0,0.347,0,0,0,0,0,0,0,0,0,0,0,0,0,0,0.241,0,0,0,0,0,0,0.153,0,0.286,0,0,0.999,0,0,0.24,0,0,0,0,0,0,0,0,0,0,0,0,0.999,0.907,0,0.98,0,0,0,0,0,0.662,0,0.833,0.297,0,0,0,0.214,0,0,0,0.242,0,0,0,0.487,0,0,0,0,0.193,0.283,0,0,0.537,0,0.179,0,0,0,0.155,0.999,0,0,0,0.278,0,0.448,0,0,0,0,0,0,0,0,0,0,0,0,0,0,0,0,0,0,0.445,0,0,0,0,0,0,0.999,0,0.999,0,0,0,0.35,0,0.514,0,0,0,0,0,0,0,0,0,0,0,0,0,0,0,0,0.193,0,0,0,0,0,0,0.155,0,0,0,0,0,0,0,0.994,0,0,0,0,0,0,0,0,0,0,0,0,0.923,0,0.494,0,0,0.565,0.461,0,0,0,0,0,0,0,0,0,0,0.2,0,0,0,0,0,0,0,0,0,0,0,0,0,0,0,0,0.999,0,0,0.299,0,0,0,0,0,0,0,0,0,0,0.291,0,0,0.929,0,0,0,0,0,0,0,0,0,0.402,0,0,0,0,0,0,0,0,0.252,0,0,0,0.269,0.208,0,0.798,0.378,0,0,0,0,0,0,0.457,0.351,0,0,0,0,0,0,0,0,0,0,0,0,0,0,0,0,0,0,0,0,0,0,0,0.719,0,0,0,0,0,0,0,0,0,0.173,0,0,0,0,0,0,0,0,0,0,0,0,0.167,0.333,0,0,0.999,0,0,0,0,0,0,0,0,0,0,0,0,0,0,0.901,0,0,0,0,0,0,0,0,0.297,0,0.157,0,0,0,0.228,0,0.169,0,0,0,0,0,0.28,0,0,0,0.187,0.179,0,0,0,0,0,0,0,0,0,0,0.284,0,0,0,0,0,0.448,0.211,0,0,0,0.162,0,0,0,0,0,0,0,0,0,0,0,0,0.307,0,0.163,0,0,0,0,0,0,0,0,0,0,0,0,0.439,0,0,0,0.161,0,0,0,0,0,0,0,0.16,0,0,0,0,0,0,0,0,0,0,0,0,0,0.307,0,0,0,0,0,0,0,0,0.229,0,0,0.271,0,0,0,0,0,0,0,0,0,0,0,0,0,0,0,0.218,0,0.927,0,0.806,0,0,0.178,0.999,0,0,0.246,0,0.254,0,0,0,0,0.194,0,0.365,0.213,0,0.928,0,0,0,0,0,0.196,0,0.274,0,0,0.418,0,0,0,0,0.903,0,0.61,0,0,0,0.292,0,0,0,0,0.999,0.298,0.157,0.22,0.999,0.234,0,0.907,0.153,0,0,0,0.86,0.195,0.15,0.999,0,0.995,0.901,0,0.199,0.991,0,0,0.179,0,0,0.196,0,0.241,0,0.291,0,0,0,0,0,0.919,0,0,0.171,0,0.999,0,0,0,0,0,0,0,0,0,0.992,0,0,0,0.258,0.648,0,0,0.901,0,0,0.439,0,0,0,0,0,0,0.991,0,0,0,0.999,0.212,0.612,0,0,0.171,0.234,0,0,0,0.999,0,0,0,0.989,0.291,0,0.323,0.269,0,0,0.166,0.292,0.151,0,0,0,0.28,0.82,0,0,0.235,0,0,0,0,0,0.999,0,0,0.711,0,0,0.927,0,0,0,0.196,0.996,0.989,0.809,0,0.999,0,0.198,0,0,0.215,0,0.177,0,0.942,0.356,0,0,0.215,0.99,0.256,0.162,0.269,0.236,0,0.99,0.991,0.905,0,0.914,0.724,0,0,0,0.9,0.906,0,0,0,0.349,0,0,0.345,0,0,0,0,0.996,0,0.979,0,0,0.99,0,0.992,0.727,0.161,0,0.751,0,0.294,0.684,0,0,0.185,0,0.168,0.233,0,0,0,0,0,0,0,0,0,0,0,0,0,0,0,0.207,0,0,0,0,0,0,0,0,0,0,0.474,0,0,0.268,0.268,0,0.311,0,0,0,0,0,0,0.214,0,0,0,0,0,0,0.999,0,0,0,0,0,0,0,0,0,0,0,0,0,0,0,0,0,0,0,0,0,0,0,0,0,0,0,0,0,0,0,0,0,0,0,0,0,0,0,0,0,0,0,0,0,0,0.178,0,0,0.917,0,0.29,0,0,0,0.203,0,0.195,0,0,0,0,0,0,0,0,0,0.239,0,0,0,0,0.994,0,0,0,0,0,0,0,0,0,0,0.196,0,0,0,0.904,0.184,0,0,0,0,0,0,0,0,0,0,0,0,0,0.897,0,0.238,0,0,0,0,0,0,0,0,0,0,0,0,0.901,0,0,0,0,0.2,0,0,0,0,0,0,0.835,0,0,0,0,0,0.254,0,0,0,0,0,0.276,0,0,0,0,0,0,0,0,0,0,0,0,0,0,0,0.183,0,0,0.152,0,0,0,0,0,0,0,0,0,0.842,0.166,0,0.999,0,0,0,0,0,0,0,0,0,0,0.159,0,0,0,0,0,0,0,0,0,0,0,0,0,0,0,0,0,0,0.179,0,0,0,0,0,0,0,0,0.234,0,0.544,0,0,0,0,0,0,0,0,0,0,0.185,0,0,0.191,0,0,0,0,0,0,0.309,0,0,0,0,0.999,0.305,0,0,0,0,0,0.799,0,0.193,0,0,0,0,0,0,0,0,0,0,0,0,0,0,0.153,0.21,0,0,0,0,0,0,0,0,0,0,0,0,0,0,0,0,0,0,0,0,0,0.999,0,0,0.209,0,0,0.999,0,0,0,0,0.999,0,0,0,0,0,0,0.39,0.18,0,0,0,0,0,0,0,0,0,0,0,0,0.22,0,0.891,0.191,0,0,0,0,0,0,0,0,0.156,0.47,0.999,0,0,0.218,0.784,0,0,0,0,0,0,0,0,0,0,0,0,0,0,0,0.177,0,0,0,0,0,0,0.234,0,0.518,0,0,0,0,0.266,0,0.198,0,0,0,0.26,0,0,0,0,0.179,0,0,0,0.36,0,0,0,0,0,0,0,0,0,0,0,0,0.677,0,0,0,0,0.439,0.916,0,0.233,0,0.198,0,0,0,0,0,0,0.999,0,0,0,0,0,0,0,0.26,0,0.317,0,0,0,0,0.933,0.765,0,0,0,0.156,0,0,0,0,0,0,0.211,0.457,0,0,0.209,0.225,0,0,0,0.309,0,0.346,0.898,0.206,0.304,0,0,0,0,0,0,0,0,0,0,0,0,0,0,0,0,0.999,0,0,0.999,0,0,0,0,0,0.22,0,0,0,0,0,0,0,0,0,0,0,0,0,0,0,0,0,0,0,0,0,0,0,0,0,0,0,0,0,0.29,0,0,0,0,0,0.177,0,0,0,0,0,0,0,0,0,0,0,0,0,0,0,0,0,0,0,0,0,0,0,0,0,0,0,0.155,0,0,0,0,0,0,0,0,0,0,0,0,0,0,0,0,0.204,0,0,0,0,0,0,0,0,0,0,0,0,0,0,0,0,0,0,0,0,0,0,0,0,0,0,0,0.207,0,0,0,0,0,0.707,0.265,0,0,0,0,0,0,0,0,0,0,0,0,0,0.172,0,0,0.229,0,0,0,0,0,0,0.359,0,0,0,0,0,0,0.171,0,0,0,0,0,0,0,0,0,0,0,0.999,0,0,0,0,0,0,0,0,0,0,0,0,0,0,0,0.309,0,0,0,0,0,0.201,0,0,0,0,0,0,0,0.268,0,0.309,0,0,0.674,0,0.309,0,0,0,0,0,0.907,0,0,0,0,0.991,0,0,0,0,0,0,0,0,0,0,0,0,0,0,0,0,0,0,0,0,0,0,0,0,0,0,0,0,0,0,0,0.226,0,0,0,0,0.408,0.902,0,0,0,0,0,0,0,0,0,0,0,0,0,0,0,0,0.228,0,0,0,0,0,0,0,0,0,0,0,0,0,0,0,0,0,0,0,0.16,0,0,0.163,0,0,0.162,0,0,0,0.272,0,0,0,0.4,0,0,0,0,0,0,0,0,0,0,0,0,0.153,0,0,0,0,0,0,0,0,0.317,0,0,0,0,0.805,0,0,0,0,0,0.152,0,0,0,0,0.191,0,0,0,0.976,0.826,0.999,0.773,0.302,0,0.288,0,0.999,0.999,0.999,0,0,0.999,0.182,0.309,0.275,0.999,0.96,0.402,0.999,0,0,0,0.368,0.173,0.172,0.999,0.641,0.999,0.456,0,0.999,0.161,0,0.331,0,0,0.791,0.999,0,0.999,0,0.908,0,0,0,0.999,0.999,0.375,0.931,0.988,0.173,0.567,0.203,0.592,0.782,0.199,0.979,0,0.386,0.999,0.999,0.999,0.999,0.825,0.999,0.999,0.183,0.997,0.999,0.913,0.999,0.995,0,0,0.805,0,0,0,0.999,0.999,0,0.999,0.999,0.999,0.261,0.823,0.999,0.174,0.805,0.853,0.293,0.999,0,0.723,0.158,0.999,0.999,0.618,0.812,0,0,0.999,0,0.999,0.999,0.804,0.999,0.999,0,0,0.999,0.952,0.998,0,0.999,0.999,0.809,0.999,0.808,0,0.268,0,0.999,0.999,0.804,0.831,0.199,0.901,0.995,0.266,0.999,0,0.905,0,0.999,0.858,0.264,0,0,0,0.999,0.999,0,0,0.674,0.999,0,0,0.999,0,0,0.634,0.999,0.999,0.411,0.944,0,0.999,0.186,0.815,0.999,0,0.639,0.998,0.999,0.651,0,0.999,0.999,0.184,0.916,0.344,0.291,0,0.909,0.158,0,0,0.99,0.9,0,0.782,0.403,0.717,0,0,0.927,0.999,0.999,0.999,0.375,0,0,0.999,0.999,0,0.19,0.999,0,0.999,0.999,0,0.999,0.176,0,0.999,0,0.999,0.309,0,0.999,0.999,0.999,0.177,0.851,0.999,0,0.909,0,0,0.999,0.209,0.999,0,0,0.999,0,0.991,0,0,0,0,0,0,0.901,0,0,0,0.992,0.185,0,0,0.911,0.176,0.285,0.993,0,0,0,0.191,0.898,0.244,0,0,0,0,0,0,0,0,0,0,0.9,0,0,0,0,0.151,0.9,0.999,0,0,0,0,0,0,0,0,0,0,0,0.979,0.99,0,0.614,0,0.989,0,0,0,0,0,0,0.29,0,0,0.37,0.656,0,0,0.213,0,0,0.989,0,0,0,0,0,0,0,0.803,0,0.922,0,0.9,0,0.987,0.802,0,0,0,0.276,0,0.225,0,0.177,0,0,0,0,0,0,0,0,0,0,0,0,0,0,0.209,0,0,0,0,0,0,0,0.246,0,0,0,0,0,0,0,0,0,0.173,0,0,0,0,0,0,0,0,0,0,0,0,0,0.177,0,0.152,0,0,0,0,0,0,0,0,0,0,0,0,0,0,0,0,0,0,0,0,0,0,0,0,0.254,0,0,0,0,0,0.317,0,0,0,0,0,0,0,0,0,0,0,0,0,0,0,0,0,0,0,0,0,0,0,0,0,0,0,0,0,0,0,0,0,0.274,0,0,0.167,0,0,0,0,0,0,0,0,0,0,0,0,0,0,0.217,0,0.204,0.319,0,0,0,0.98,0.309,0.236,0,0.908,0,0,0,0.902,0.591,0.934,0,0.893,0,0,0,0,0,0.956,0.443,0.244,0,0,0,0,0,0,0,0,0,0.161,0,0,0,0,0,0,0,0.181,0,0.159,0,0,0,0,0,0,0,0,0,0,0,0,0,0,0,0,0,0,0,0,0,0,0,0,0,0,0,0,0,0,0,0,0,0,0,0,0,0,0,0,0,0,0,0,0,0,0,0,0,0,0,0,0,0,0,0,0,0,0,0,0,0,0,0,0,0,0,0,0,0,0,0,0,0,0,0,0,0,0,0,0,0,0,0,0,0.426,0,0,0,0,0,0,0,0,0,0,0,0,0,0,0,0,0,0,0,0,0,0,0,0.22,0,0,0,0,0,0,0,0,0,0,0,0,0,0,0,0,0,0,0,0,0,0,0,0,0,0,0,0,0,0,0,0,0,0,0,0,0,0,0,0,0,0,0,0,0,0,0,0,0,0,0,0,0.211,0,0,0,0,0,0,0,0,0,0,0,0,0,0,0,0,0,0,0,0,0,0,0,0,0,0,0,0,0,0,0,0,0,0,0,0,0,0,0,0,0,0,0,0,0,0,0.151,0,0,0,0,0,0,0,0,0,0,0,0,0,0,0,0,0,0,0.328,0,0.167,0,0.191,0,0,0,0,0,0,0,0,0,0,0,0,0,0,0,0,0,0,0.187,0.219,0,0,0,0,0,0,0,0,0.178,0,0,0,0,0.43,0,0,0,0.905,0,0,0,0,0,0,0,0,0,0,0,0,0,0,0,0,0,0,0,0,0.462,0,0,0,0,0,0.24,0,0,0.152,0,0,0,0,0,0,0,0,0,0,0,0,0,0,0,0,0,0,0,0,0,0,0,0,0,0,0,0,0,0,0,0,0,0,0,0.193,0,0,0,0,0,0,0,0.39,0,0,0,0,0,0,0,0,0,0,0,0,0,0,0,0,0,0,0,0,0,0,0,0,0,0,0,0,0,0,0,0,0,0,0,0,0,0.152,0,0,0,0,0,0,0,0,0,0,0,0,0,0,0,0,0,0,0.264,0,0,0,0,0,0,0,0,0,0,0,0.306,0,0,0,0.216,0,0,0,0,0,0,0,0,0,0,0,0,0,0,0,0,0.218,0,0,0,0,0,0,0,0.163,0,0,0,0,0,0,0,0,0,0,0,0,0,0,0,0,0,0,0,0,0,0,0,0,0,0,0,0,0,0,0,0,0,0.238,0.854,0,0,0,0,0.173,0.903,0,0,0,0.986,0,0,0,0,0,0,0,0,0,0,0.901,0,0,0,0,0,0,0,0,0,0,0.171,0,0,0,0,0,0,0,0.533,0,0,0,0,0,0,0,0,0,0,0,0,0,0,0.162,0,0,0,0,0,0,0,0,0,0.167,0,0,0,0,0,0,0,0,0,0,0,0,0,0,0,0,0,0,0,0,0,0,0,0,0,0,0,0,0,0,0,0,0,0,0,0,0,0,0,0,0,0,0,0,0,0,0,0,0,0,0,0,0,0,0,0,0,0,0,0,0,0,0,0,0,0,0,0,0,0,0,0,0,0,0,0,0,0,0,0,0,0.174,0,0,0.197,0,0,0,0.188,0,0,0,0,0,0,0,0.204,0,0,0,0,0,0,0,0,0,0,0,0,0,0,0,0,0,0,0,0,0,0,0,0,0,0,0,0,0,0,0,0,0,0,0,0,0,0,0,0,0,0,0,0,0,0,0,0,0,0,0,0,0,0,0.202,0,0,0,0,0,0.191,0,0,0,0,0,0,0,0,0,0,0,0,0,0,0,0,0,0,0,0,0,0,0,0,0,0,0,0,0,0,0,0.257,0,0,0,0.207,0,0,0.376,0,0,0,0,0.175,0,0,0,0,0,0,0,0,0,0,0,0,0,0,0,0,0,0.169,0,0,0,0,0,0,0.272,0,0,0,0,0,0.209,0,0,0,0,0.159,0.173,0,0,0,0,0,0,0.271,0,0.288,0,0,0,0,0,0,0,0,0,0,0,0,0,0,0,0,0,0,0,0,0,0,0,0,0,0,0,0,0,0,0,0,0,0,0,0,0,0,0,0,0,0,0,0,0,0,0,0,0,0,0.252,0,0,0,0.246,0,0,0,0,0,0,0,0,0,0,0,0,0.202,0,0,0,0,0,0,0,0,0,0,0,0,0,0,0,0,0,0,0,0,0,0,0,0,0,0,0,0,0,0,0,0,0,0,0,0,0,0,0,0,0,0,0,0,0,0,0,0,0,0,0,0,0,0,0,0,0,0,0,0,0,0,0,0,0,0,0,0,0.309,0,0,0,0,0,0,0,0.214,0,0,0,0,0,0,0,0,0,0,0,0,0,0,0,0.316,0,0,0,0,0,0,0,0,0,0,0,0,0,0,0,0,0,0,0,0,0,0,0,0,0,0,0,0,0,0,0,0,0,0,0,0,0,0,0,0,0,0,0,0,0.265,0,0,0,0,0,0,0,0,0,0,0,0,0,0,0,0,0,0.182,0,0,0,0,0,0,0,0,0,0,0.347,0,0,0,0,0,0,0,0,0,0,0,0,0,0,0,0,0,0,0,0
853586,0,0,0,0,0.926,0,0,0,0,0,0,0,0,0,0,0,0,0,0,0,0,0,0,0,0,0,0,0,0,0,0,0,0,0,0,0,0,0,0,0,0,0,0,0,0,0,0,0,0,0,0,0,0,0,0,0,0,0,0,0,0,0,0,0,0,0,0,0,0,0,0.199,0,0,0,0,0,0,0,0,0,0,0,0,0,0,0,0,0,0,0,0,0,0,0,0,0,0,0,0,0,0,0,0,0,0,0,0,0,0,0,0,0,0,0,0,0,0,0,0,0,0,0,0,0,0,0,0,0,0,0,0,0,0,0,0,0,0,0,0,0,0,0,0,0,0,0,0,0,0,0,0,0,0,0,0,0,0,0,0,0,0,0,0,0,0,0,0,0,0,0,0,0,0.216,0,0,0,0,0,0,0,0,0,0,0,0,0,0,0,0,0,0,0,0,0,0,0,0.596,0,0,0,0,0,0,0,0,0,0,0,0,0,0.878,0,0,0,0,0.986,0,0,0,0,0,0,0.189,0.65,0,0,0,0,0,0,0,0,0,0,0,0,0,0,0,0,0,0,0,0,0,0,0,0,0,0,0,0,0,0,0,0,0,0,0,0,0,0.191,0,0,0,0,0,0,0,0,0.159,0,0,0,0,0,0,0,0,0.181,0,0,0,0,0,0,0,0,0,0,0,0,0,0,0,0,0,0,0,0,0,0,0,0,0,0,0,0,0,0,0,0,0,0,0,0,0.591,0,0,0,0,0,0,0,0,0,0,0,0,0,0,0,0,0,0,0,0,0,0,0,0,0,0.309,0.168,0,0,0,0,0.213,0,0,0,0,0.477,0,0,0,0,0,0.285,0,0,0,0,0,0,0,0,0,0,0.161,0,0,0,0,0,0,0,0,0,0,0,0,0,0,0,0,0,0,0.168,0,0,0,0,0,0.712,0,0.161,0,0,0,0,0.15,0,0,0,0,0,0,0,0,0,0,0,0,0,0,0.309,0,0,0,0,0.291,0,0,0,0,0,0,0,0,0,0,0,0,0,0.167,0,0,0,0.303,0,0,0,0,0,0,0,0.155,0.313,0,0,0,0,0,0,0,0,0,0,0,0,0.211,0,0,0,0,0,0,0,0,0,0,0,0.198,0,0,0.191,0,0,0,0,0,0,0,0,0.728,0,0,0,0,0.399,0,0,0,0.972,0,0,0,0,0.16,0,0,0,0,0,0,0,0.647,0,0.155,0.191,0,0,0,0,0,0,0,0,0,0,0,0,0,0.16,0,0,0,0,0,0,0.906,0,0,0,0,0,0,0,0,0,0.792,0,0,0,0,0,0,0,0,0,0,0,0,0,0,0,0,0,0,0,0,0,0,0,0,0,0,0,0,0,0,0,0,0,0,0,0,0.416,0,0,0,0,0,0,0,0,0,0,0.693,0,0,0,0,0,0,0.214,0,0,0,0,0,0,0,0,0,0,0,0,0,0,0,0,0,0,0,0,0.152,0,0.267,0,0,0,0,0,0,0,0,0,0,0,0,0,0,0.295,0.191,0,0,0,0,0,0,0.196,0,0,0,0,0,0,0,0,0,0,0,0.168,0,0,0,0,0.223,0,0,0,0.192,0,0,0,0,0,0,0,0,0,0,0,0,0,0,0,0,0,0.155,0,0,0,0,0,0,0,0,0,0,0,0,0,0,0,0,0,0,0,0,0,0,0,0,0,0,0,0,0,0,0,0,0,0,0,0,0,0.266,0.201,0,0,0,0,0,0,0,0.26,0,0.235,0,0,0.641,0,0,0,0,0,0,0.161,0,0.181,0,0,0,0.224,0,0.303,0,0,0,0,0.168,0,0,0,0,0,0,0,0,0,0,0,0,0,0,0,0,0,0,0,0,0,0.181,0,0,0,0,0,0,0,0,0,0,0,0,0,0,0,0,0,0,0,0,0,0,0,0,0,0.161,0,0,0.181,0,0,0,0,0.643,0,0,0,0,0.603,0,0,0,0,0,0,0.195,0,0.697,0,0,0,0,0,0,0,0,0.98,0,0,0,0,0,0,0,0,0,0,0,0,0,0,0,0,0,0,0,0,0,0,0,0,0,0,0,0,0,0,0,0,0,0,0,0,0,0,0,0,0,0,0,0,0,0,0.963,0,0,0,0.173,0,0,0,0,0,0,0,0,0,0,0.226,0,0,0,0,0,0,0.198,0,0,0,0,0,0.154,0,0,0,0,0,0,0,0,0,0,0,0,0,0,0,0,0,0,0,0,0,0,0.26,0,0,0,0,0,0,0,0.307,0,0,0.608,0,0,0,0,0,0,0,0,0,0,0,0,0,0,0,0,0,0,0,0,0,0.211,0,0,0,0.599,0,0,0,0,0,0,0,0,0,0,0,0,0,0,0,0,0,0,0,0,0,0,0,0,0,0,0,0,0,0,0,0,0,0,0,0,0,0,0,0,0,0,0,0,0,0,0,0,0,0,0,0,0,0,0,0,0,0,0,0,0,0,0,0,0,0,0,0,0,0,0,0,0,0,0,0,0,0,0.6,0,0,0,0,0,0,0,0,0,0,0,0,0,0,0,0,0,0,0,0,0,0,0,0,0,0,0,0,0,0,0,0,0,0,0,0,0,0,0,0,0,0,0,0,0,0,0,0,0,0,0,0,0,0,0,0,0,0,0,0,0,0,0,0,0,0,0,0,0,0,0,0,0,0,0,0,0,0,0,0,0,0,0,0,0,0,0,0,0,0,0,0,0,0,0,0,0,0,0,0,0,0,0,0,0,0,0.612,0,0,0,0,0,0,0,0,0,0,0,0,0,0,0,0,0,0.195,0,0,0,0,0,0,0,0,0,0,0,0,0,0,0,0,0,0,0,0,0,0,0,0.186,0,0,0,0,0,0,0,0,0,0,0,0,0,0,0,0,0,0,0,0,0,0,0,0,0.191,0,0,0,0,0,0,0,0,0,0,0,0,0,0,0,0,0,0,0,0,0,0,0,0,0.447,0,0,0,0,0,0,0,0,0,0,0,0,0,0,0,0,0,0,0.256,0,0,0,0,0,0,0,0,0,0,0,0,0,0,0,0,0,0,0,0,0,0,0,0,0,0,0,0,0,0,0,0,0,0,0,0,0,0,0,0,0,0,0,0,0,0,0,0.172,0,0,0,0,0,0,0,0,0,0.398,0,0,0,0,0,0,0,0,0,0,0,0,0,0,0,0,0,0,0,0,0,0,0,0,0,0,0,0,0,0,0,0,0,0,0,0,0,0,0,0,0,0,0,0,0,0,0,0,0,0,0,0,0,0,0,0,0,0,0,0,0,0,0,0,0,0,0,0,0,0,0,0,0,0,0,0,0,0,0,0,0,0,0,0,0,0,0,0,0,0,0,0,0,0,0,0,0,0,0,0,0,0,0,0,0,0,0,0,0,0,0.173,0,0,0,0,0,0,0,0,0,0,0,0,0,0,0,0,0,0,0,0,0,0,0,0,0,0,0,0,0,0,0,0,0,0,0,0,0,0,0,0,0,0,0,0,0,0,0,0,0,0,0,0,0,0,0,0,0,0,0,0,0,0,0,0,0,0,0,0,0,0,0,0,0,0,0.201,0,0,0,0,0,0,0,0,0,0,0,0,0,0,0,0,0,0,0,0,0,0,0,0,0,0,0.16,0,0,0,0,0,0,0,0,0.952,0,0,0,0,0,0,0,0,0,0,0,0,0,0,0,0,0,0,0,0,0,0,0,0,0,0,0,0,0,0,0,0,0,0,0,0,0,0,0,0,0,0,0,0,0,0,0,0,0,0,0,0,0,0,0,0,0,0,0,0,0,0,0,0,0,0,0,0,0,0,0,0,0,0,0,0,0,0.15,0,0,0,0,0,0.213,0,0,0,0,0,0,0,0,0,0,0.507,0,0,0,0,0,0,0,0,0,0,0,0,0,0,0,0,0,0.156,0,0,0,0,0,0,0,0,0.187,0,0,0,0.156,0,0,0,0,0,0,0,0,0,0,0,0,0,0,0,0,0,0,0,0,0,0.974,0,0,0,0,0,0,0,0,0,0,0,0,0,0,0,0,0,0,0.637,0,0,0,0,0,0,0,0,0.157,0,0,0,0,0,0,0,0,0,0,0,0,0,0,0,0,0,0,0.494,0,0,0,0,0,0,0,0.191,0,0,0,0,0.195,0.942,0,0,0,0,0,0,0,0,0,0,0,0,0,0,0.196,0,0,0,0,0.911,0,0,0,0,0,0,0,0,0,0,0,0,0,0,0.358,0,0,0,0,0,0,0,0,0,0,0,0,0,0,0,0,0,0,0,0,0,0,0,0,0,0,0,0,0,0,0,0,0,0,0,0,0,0,0,0,0,0,0,0,0,0,0,0,0,0,0,0,0.63,0,0,0,0,0,0,0,0,0,0,0.17,0,0,0,0,0,0,0,0,0,0,0,0,0,0,0.173,0,0,0,0,0,0,0,0,0.16,0,0,0,0,0,0,0,0,0,0,0,0,0,0,0,0,0,0,0,0.183,0,0,0,0.641,0,0,0.827,0,0,0,0,0,0,0,0,0,0,0,0.175,0,0,0,0,0,0.535,0,0,0,0,0,0,0,0,0,0,0,0,0,0,0,0,0,0,0,0,0,0,0,0,0,0,0,0,0,0,0,0,0,0,0,0,0,0,0,0.186,0,0,0,0,0,0,0.183,0,0,0,0,0,0,0,0,0,0,0,0,0,0,0,0,0,0,0,0,0,0,0,0,0,0,0.228,0,0,0,0,0,0,0,0,0.159,0,0,0.169,0,0,0,0,0,0,0,0,0,0,0.191,0,0,0,0,0,0,0,0,0,0,0,0,0.386,0,0.193,0,0,0.309,0,0,0,0,0,0,0,0,0,0,0,0,0,0.81,0.852,0,0,0,0,0,0,0.169,0,0,0,0,0.169,0,0,0,0,0.161,0,0,0,0,0.646,0,0,0,0,0,0,0,0,0,0,0,0,0,0,0,0,0,0,0,0,0,0,0,0,0,0,0,0,0.284,0,0,0,0,0,0,0,0.379,0,0,0,0.398,0,0,0,0,0,0,0,0,0,0,0,0,0.248,0,0,0,0,0,0,0,0,0,0,0,0,0,0,0,0,0,0,0,0,0,0,0,0,0,0,0,0,0,0,0,0,0,0,0,0,0,0,0,0,0,0.251,0,0,0.252,0,0,0,0,0,0,0,0,0,0,0,0,0,0,0,0,0,0,0,0,0,0,0,0,0,0,0,0,0,0,0,0,0,0,0,0,0,0,0,0,0,0,0,0,0,0,0,0,0,0,0,0,0,0,0,0,0,0,0,0,0,0,0,0.267,0,0,0,0.161,0,0,0,0,0.589,0.982,0,0,0,0,0,0.161,0,0,0,0,0,0,0,0,0,0,0,0,0,0,0,0,0,0,0,0,0,0.229,0,0,0,0,0,0,0,0,0,0,0,0,0,0,0.253,0,0,0,0,0,0,0,0,0,0,0,0.21,0,0,0.238,0,0.33,0.192,0,0,0,0,0,0,0,0,0,0,0,0,0,0,0,0,0,0,0,0,0,0,0,0,0,0,0,0,0,0.933,0,0,0,0,0.807,0,0,0,0,0,0,0,0,0,0,0,0,0,0,0,0,0,0,0,0,0,0,0,0,0,0,0,0,0,0,0,0,0,0,0,0,0,0,0,0,0,0,0,0,0,0,0,0,0.229,0,0,0,0,0,0,0,0,0,0,0,0,0,0,0,0,0,0,0,0,0,0,0,0,0,0,0,0,0,0,0,0,0,0,0,0,0,0,0,0,0,0,0,0,0,0,0,0,0,0,0,0,0,0,0,0,0,0,0,0,0,0,0,0,0,0,0,0,0,0,0,0,0,0,0,0,0,0,0,0,0,0,0,0,0,0,0,0,0,0,0,0,0,0,0,0,0,0,0,0,0,0,0,0,0,0,0,0,0,0,0.226,0,0,0,0,0,0,0,0,0,0,0,0.886,0,0,0,0,0,0,0,0,0,0,0,0,0,0,0,0,0,0,0,0,0,0,0,0,0,0,0,0,0,0,0,0,0,0,0,0,0,0,0,0,0,0,0,0,0,0,0,0,0,0,0,0,0,0.195,0,0,0,0,0,0,0,0,0,0,0,0,0,0,0,0,0,0,0,0,0,0,0,0,0,0,0,0,0,0,0,0,0,0,0,0,0,0,0,0,0,0,0,0,0,0,0,0,0,0,0,0,0,0,0,0,0,0,0,0,0,0,0,0,0,0,0,0,0,0,0,0,0,0,0,0,0,0,0,0,0,0,0,0,0,0,0,0,0,0,0,0,0,0,0,0,0,0,0,0,0,0,0,0,0,0,0,0.195,0,0,0,0,0,0.644,0,0,0,0,0,0,0,0,0,0,0,0,0,0,0,0,0,0,0,0,0,0,0,0,0,0,0,0.195,0,0,0,0,0,0,0,0,0,0,0,0,0,0,0,0,0,0,0,0,0.212,0,0,0,0,0,0,0,0,0,0,0,0,0,0,0,0,0,0,0,0,0,0,0,0,0,0.667,0,0,0,0,0,0.194,0,0,0,0,0,0,0,0,0,0,0,0,0,0,0,0,0.164,0,0,0,0,0,0,0,0,0.173,0,0,0,0.65,0,0,0,0,0,0,0,0,0,0,0,0,0,0,0,0,0,0,0,0,0,0,0,0,0,0,0,0,0.192,0,0,0,0,0,0,0,0.197,0,0,0,0,0,0,0,0,0,0,0,0,0,0,0,0,0,0,0,0,0,0,0,0,0,0,0,0,0.173,0,0,0,0,0,0,0,0,0,0,0,0,0,0,0,0,0,0,0,0,0,0,0,0,0,0,0,0,0,0,0,0,0,0,0,0,0,0,0,0,0,0,0,0,0,0,0,0,0,0,0,0,0,0.309,0.204,0,0,0.169,0,0,0,0,0,0,0,0,0,0,0,0,0,0,0,0,0,0,0,0,0,0,0,0,0,0,0,0,0,0,0,0,0,0,0,0,0,0,0,0,0,0,0,0,0,0,0,0.647,0,0,0,0.338,0,0,0,0,0,0,0,0,0,0,0,0,0,0,0,0,0,0,0,0,0.524,0,0,0,0,0.29,0,0,0,0,0,0,0,0,0,0,0,0,0,0,0,0,0,0,0,0,0,0,0,0,0,0,0,0,0,0,0,0.38,0,0,0.239,0,0,0,0.271,0,0,0,0,0.507,0,0,0,0,0,0,0,0,0,0,0,0.173,0,0,0,0.163,0,0,0,0,0,0,0,0,0,0,0,0,0.309,0,0,0,0.155,0,0.453,0,0,0,0,0,0,0,0,0,0,0,0.154,0,0,0.238,0.154,0,0,0,0,0,0.161,0,0,0,0,0,0,0.264,0,0,0,0.241,0,0,0,0,0,0,0,0,0,0,0,0,0,0,0,0,0,0,0,0,0.32,0.237,0,0,0,0.161,0,0,0,0,0,0,0,0,0,0,0,0,0,0,0,0,0,0,0,0,0,0,0,0,0,0,0,0,0,0,0,0,0,0,0,0,0,0,0,0,0,0,0,0,0,0,0,0.171,0,0,0,0,0,0,0,0,0,0,0,0,0,0,0,0,0,0,0,0,0,0,0,0,0,0,0,0,0,0,0,0,0,0,0.202,0,0,0.997,0,0,0,0,0,0,0,0,0,0,0.388,0,0,0,0,0,0,0,0,0,0,0,0,0,0,0,0,0,0,0,0,0,0,0,0,0,0,0,0,0,0,0,0,0,0,0,0,0,0,0,0,0,0,0,0.39,0,0,0,0,0,0,0,0,0,0,0,0,0,0,0,0.995,0,0,0,0.152,0,0,0,0,0,0,0,0,0,0.254,0.154,0.171,0.62,0,0,0,0,0,0,0,0,0,0,0.199,0,0,0,0,0,0,0,0,0,0,0,0,0,0.297,0,0,0,0,0.22,0,0,0,0,0,0,0,0,0.832,0,0,0,0.34,0,0,0,0,0,0,0,0,0,0,0,0,0,0,0,0,0,0,0,0,0,0,0,0,0,0,0,0,0,0,0,0,0,0,0,0,0,0,0,0,0,0,0,0,0,0,0,0,0,0,0,0,0,0,0,0,0,0,0,0,0,0.238,0,0,0,0,0,0,0,0,0,0,0,0,0,0,0,0,0,0,0,0,0,0,0,0,0,0.654,0,0,0.424,0,0,0,0,0,0,0,0,0,0,0,0,0,0,0,0,0,0,0,0,0,0.379,0,0,0,0,0,0,0,0,0,0,0,0,0,0,0,0,0,0,0,0,0,0,0,0,0,0,0,0,0,0,0,0,0,0,0.175,0,0,0,0,0,0,0,0,0,0,0,0,0,0,0,0,0,0,0,0,0,0,0,0,0,0,0,0,0,0,0.229,0,0,0,0,0,0,0,0,0,0,0,0,0,0,0,0,0,0,0,0,0,0.538,0,0,0,0,0,0,0,0,0,0,0,0,0,0,0,0,0,0,0,0,0,0,0,0,0,0,0,0,0,0,0,0,0,0,0,0,0,0,0,0,0,0,0,0,0,0,0,0,0,0,0.209,0,0,0,0,0,0,0,0,0,0.469,0,0,0,0,0,0,0,0,0,0,0,0,0,0,0,0.159,0.152,0,0,0,0,0,0,0,0.173,0,0,0,0,0,0,0,0,0,0,0.173,0,0,0,0,0.2,0,0,0,0,0,0,0,0,0,0,0,0,0,0,0,0,0,0,0,0,0,0,0,0.197,0,0,0,0,0,0,0,0,0,0,0,0,0.469,0,0,0,0,0,0,0,0,0,0,0,0,0,0,0,0,0,0,0,0,0,0,0,0,0,0.284,0,0,0,0,0,0,0,0,0,0,0,0,0,0,0,0,0,0,0,0,0,0,0,0,0,0,0,0,0,0,0,0,0,0,0,0,0,0,0,0,0,0,0,0,0,0,0,0.43,0,0,0,0,0,0,0,0,0,0,0,0,0,0,0,0,0,0,0,0,0,0,0,0,0,0,0,0,0,0,0,0,0,0,0,0,0.538,0,0,0,0,0,0,0,0,0,0,0,0,0,0,0,0,0,0,0,0,0,0,0,0,0,0,0,0,0,0,0,0,0,0,0,0,0,0,0,0,0,0,0.192,0,0,0,0,0,0,0,0,0,0,0,0,0,0.173,0,0,0,0,0,0,0,0,0,0,0,0,0,0.297,0,0,0,0,0,0,0,0,0,0,0,0,0,0,0,0,0,0,0,0,0,0,0,0,0,0,0,0,0,0,0,0,0,0,0,0,0,0,0,0,0,0,0,0,0,0,0,0,0,0,0,0,0.231,0,0,0,0,0,0,0,0,0,0,0,0,0,0,0,0,0,0,0,0,0,0,0,0,0,0,0,0,0,0,0,0,0,0,0,0,0,0,0,0,0,0,0,0,0,0.291,0,0,0,0,0,0,0,0,0,0,0,0,0,0,0,0,0,0,0,0,0,0,0,0,0,0,0,0,0,0,0,0,0,0,0,0,0,0,0,0,0,0,0,0,0,0,0,0,0,0,0,0,0,0,0,0,0,0,0.313,0,0,0,0,0,0,0.351,0,0,0,0,0,0,0,0,0,0,0,0,0,0,0,0,0,0,0,0,0,0,0,0,0,0,0,0,0,0,0,0,0,0,0,0,0,0,0,0,0,0,0,0,0,0.297,0,0,0,0,0,0,0,0,0,0,0,0,0,0,0,0,0,0,0,0,0,0,0,0,0,0,0,0,0,0,0,0,0,0,0,0,0,0,0,0,0,0,0,0,0.21,0,0,0,0,0,0,0,0,0,0,0,0,0,0,0,0,0,0,0,0,0,0,0,0,0,0,0,0.212,0,0,0,0,0,0,0.381,0,0,0,0,0,0,0,0,0,0,0,0.467,0,0.695,0,0,0,0,0,0,0,0,0,0.379,0,0.485,0,0,0,0,0,0,0,0,0,0,0,0,0,0,0,0,0.351,0.446,0,0,0,0,0,0,0,0,0,0,0,0,0,0,0,0,0,0,0,0,0,0,0,0,0,0,0,0,0,0,0,0,0,0,0,0,0,0,0,0,0,0,0,0,0,0,0,0,0,0,0,0,0,0,0,0,0,0,0,0,0,0,0,0,0,0
852135,0,0.252,0.186,0,0,0,0.31,0.277,0.263,0,0,0,0,0,0.623,0,0.232,0,0,0,0,0,0,0,0,0,0,0,0,0,0,0,0.272,0,0.157,0,0,0,0,0,0,0,0,0,0,0.169,0,0,0,0,0.165,0.175,0,0,0,0,0,0,0.218,0,0,0,0,0,0,0,0,0,0,0,0.175,0,0,0,0,0,0,0,0.226,0,0.456,0,0,0,0,0.279,0.183,0,0,0,0,0,0,0.17,0,0,0.273,0.305,0.814,0,0,0,0,0.231,0,0.269,0.288,0,0,0,0,0,0,0,0.162,0,0,0,0,0,0,0,0,0,0,0.247,0,0,0,0,0.205,0,0,0,0,0,0,0,0,0,0,0,0,0,0,0.303,0,0,0,0,0,0,0,0.281,0,0,0,0,0,0,0,0,0,0.162,0.814,0,0,0,0.237,0,0,0,0,0,0,0,0.337,0.292,0,0.196,0.31,0,0,0.22,0,0,0,0,0,0,0,0,0,0,0,0,0,0,0.34,0,0,0,0,0,0,0,0,0,0,0,0,0,0,0.308,0,0,0,0,0,0,0.191,0,0,0,0,0,0,0,0,0,0,0,0,0,0,0,0,0,0,0,0,0,0,0,0,0,0,0,0,0,0,0,0,0,0,0,0,0,0,0,0,0,0,0,0,0,0,0,0,0,0,0,0,0,0,0,0,0,0,0,0,0.232,0,0,0,0,0,0,0,0,0,0,0,0,0,0,0,0,0,0,0,0,0,0,0,0,0,0,0,0,0,0,0,0,0,0,0,0,0,0,0,0,0,0,0,0,0,0,0,0,0,0,0,0,0,0.184,0,0,0,0,0,0,0,0,0,0,0,0,0,0,0,0,0,0,0.349,0,0,0,0,0,0,0,0,0,0,0,0,0,0,0,0.167,0,0,0,0,0,0,0,0,0,0,0,0,0,0.268,0,0,0,0,0,0,0,0,0,0,0,0,0,0.384,0,0,0,0,0,0,0,0,0,0,0,0,0,0,0,0,0,0,0,0,0,0,0,0.19,0,0,0,0,0,0,0,0,0,0.172,0,0,0,0,0,0,0,0,0.192,0,0,0,0.162,0,0,0,0,0,0,0,0,0,0,0,0.401,0,0,0,0,0,0,0,0,0,0,0,0,0,0,0,0,0,0,0,0,0,0.384,0,0,0,0,0,0,0,0,0,0,0,0,0,0,0,0,0,0,0,0,0,0,0,0.153,0,0,0,0,0,0,0,0,0,0,0,0,0,0,0,0,0,0,0,0,0,0,0,0.173,0,0,0,0,0,0,0,0,0,0,0.179,0,0,0,0,0,0,0,0,0,0,0,0,0,0,0,0,0,0.245,0.424,0,0,0,0,0,0,0,0,0,0,0,0,0,0,0,0,0,0,0,0,0,0,0,0,0.431,0,0.19,0,0,0,0,0,0,0,0.158,0,0,0,0,0,0,0,0,0,0,0,0,0,0,0,0,0,0,0,0,0,0,0,0,0,0,0,0,0,0,0,0.384,0,0,0,0.225,0,0,0,0,0,0,0,0,0,0,0,0,0,0,0,0,0,0,0,0,0,0,0,0,0,0,0,0,0,0,0,0,0,0,0,0,0,0,0,0,0,0,0,0,0,0,0,0,0,0,0,0,0,0,0,0,0.354,0,0,0,0,0,0,0,0,0,0.317,0,0.19,0,0,0,0,0,0,0,0,0,0,0,0,0.481,0.382,0,0,0,0,0,0,0,0,0,0,0,0,0,0,0,0,0,0,0,0,0,0,0,0,0,0.447,0,0,0,0,0,0,0,0,0,0,0,0,0,0,0.384,0,0,0,0,0,0,0,0,0,0,0,0,0,0,0,0,0,0,0,0,0,0,0,0,0,0,0,0,0,0,0,0,0,0,0,0,0,0,0,0,0,0,0,0,0,0,0,0,0,0,0,0,0,0,0,0,0,0,0,0,0,0,0,0,0,0,0,0,0,0,0,0,0,0,0,0,0,0,0,0,0,0,0,0,0,0,0,0,0,0,0,0,0.252,0,0,0,0,0,0,0,0,0,0,0,0,0,0,0,0,0,0,0,0,0,0,0,0,0,0,0,0,0,0,0,0,0,0,0,0,0,0,0,0,0,0,0,0,0,0,0,0,0,0,0,0,0,0.192,0,0,0,0,0,0,0.173,0,0.179,0,0,0,0,0,0,0,0,0,0,0,0,0,0,0,0,0,0,0,0,0,0,0,0,0,0,0,0,0,0,0,0,0,0.429,0,0,0,0,0,0,0,0,0,0,0,0.187,0,0,0,0,0,0,0,0,0,0,0,0,0.301,0,0,0,0,0,0,0.503,0,0.654,0,0,0.36,0,0,0,0.707,0,0,0,0.253,0,0,0,0,0,0,0,0,0.503,0,0,0,0,0,0,0,0,0,0,0,0.184,0,0,0,0,0,0,0,0,0,0.164,0,0,0,0,0,0,0,0,0,0.172,0,0,0.406,0,0,0,0.258,0,0,0,0,0,0,0,0,0,0,0,0,0,0,0,0,0,0.564,0,0,0,0.544,0,0,0,0,0.434,0,0,0,0,0,0,0,0,0,0,0,0.188,0,0,0,0,0,0,0,0,0,0,0.204,0,0,0,0,0,0,0,0,0,0,0,0,0,0,0,0.243,0,0.243,0,0,0,0,0,0,0,0,0.415,0.188,0,0,0,0,0.212,0,0,0,0,0.321,0,0,0,0,0,0.193,0,0,0,0,0,0,0,0,0,0,0,0.247,0,0.204,0,0,0,0,0,0,0.272,0,0,0,0,0,0,0,0.394,0,0,0.24,0,0,0.172,0,0,0,0,0,0,0,0,0.213,0,0.152,0,0,0.24,0,0,0,0,0,0,0,0,0,0,0,0.184,0,0.371,0,0,0,0,0,0,0,0,0,0,0.284,0,0,0,0,0,0,0.543,0,0,0.172,0,0,0,0.17,0,0.198,0,0,0,0.37,0,0,0,0,0,0,0,0,0,0,0,0,0,0.172,0,0,0,0.184,0,0,0,0,0,0,0,0,0,0,0,0,0,0,0,0,0,0,0,0,0,0.407,0,0,0,0,0,0,0,0,0,0,0,0,0,0,0,0,0,0,0.18,0,0,0,0,0,0,0,0,0,0,0,0,0.18,0,0,0,0,0,0.519,0,0,0,0,0,0.37,0,0,0,0,0,0,0,0,0,0,0,0,0.184,0,0,0,0,0.237,0,0,0,0,0,0,0.207,0,0,0,0,0,0,0,0,0,0,0,0,0,0,0,0,0,0,0,0.448,0,0,0,0,0.403,0.346,0,0.219,0,0,0,0,0,0.203,0,0,0,0,0,0,0,0,0,0,0,0,0.175,0,0.184,0.224,0,0,0,0,0,0,0,0,0,0,0.481,0.413,0,0,0,0,0,0,0,0,0,0.276,0,0,0,0,0,0,0,0,0,0.237,0,0.188,0,0,0,0,0,0,0,0,0,0.432,0,0,0,0,0,0,0,0,0,0,0,0,0,0,0,0,0,0.391,0,0,0,0,0,0,0,0,0,0,0,0,0,0,0,0,0,0,0,0,0.198,0,0,0,0,0.21,0,0,0,0,0,0,0,0.328,0,0.213,0,0,0,0,0,0.338,0,0.264,0,0,0.248,0,0.179,0,0,0,0,0.645,0.185,0.16,0,0.263,0,0.188,0,0,0,0,0,0,0,0,0.189,0,0,0,0.198,0,0.31,0,0,0,0,0,0,0,0,0,0,0,0,0,0,0,0,0,0,0.204,0,0.257,0.535,0,0,0,0,0,0,0,0,0,0,0,0,0,0,0,0.447,0,0,0,0,0,0,0,0,0,0,0,0,0,0,0,0,0,0,0,0,0,0,0,0,0,0.404,0,0,0,0,0,0,0,0,0,0,0,0,0,0,0,0,0,0,0,0,0,0,0,0,0,0,0,0,0,0,0,0,0,0,0,0,0,0,0,0,0,0,0,0,0,0,0,0,0,0,0,0,0,0,0,0,0,0,0,0,0,0,0,0,0,0,0,0,0,0,0,0,0,0,0,0,0,0,0,0,0,0,0,0,0,0,0,0,0,0,0,0,0,0,0,0,0,0,0.279,0,0,0,0,0,0.187,0,0,0,0,0,0,0,0,0,0,0,0,0,0,0,0,0,0,0,0,0,0.194,0,0,0,0,0,0,0.28,0,0,0,0,0,0,0,0,0,0,0,0,0,0,0,0,0,0,0,0,0,0,0,0,0,0,0,0,0,0,0,0,0,0,0,0,0.198,0,0,0,0,0,0,0,0,0,0,0,0,0,0,0,0,0,0,0,0,0,0,0,0,0,0,0,0,0,0,0,0,0,0,0,0,0,0,0,0,0,0,0,0,0,0,0,0,0,0,0,0,0,0,0,0,0,0,0.445,0,0,0,0,0,0,0,0,0,0,0,0,0,0,0,0,0.187,0,0,0,0,0,0,0,0,0,0,0,0,0,0,0,0,0,0,0,0,0,0,0,0,0,0,0,0,0,0,0,0,0,0,0,0,0,0,0,0,0,0,0,0,0,0,0,0,0,0,0.288,0,0,0,0,0,0,0.33,0,0,0,0,0,0,0,0,0,0,0,0.576,0,0,0,0,0,0,0,0,0,0,0,0,0,0,0,0,0,0,0,0,0,0.22,0,0,0,0,0,0,0,0,0,0,0,0,0,0,0,0,0.189,0,0,0,0,0,0,0,0.39,0,0,0,0,0.163,0,0,0,0,0,0,0,0,0,0,0,0,0,0,0,0,0,0,0,0,0.301,0,0,0,0,0,0,0,0,0,0,0,0,0,0,0,0,0,0,0,0,0,0,0,0,0,0,0,0,0,0,0,0,0,0,0,0,0,0,0,0,0,0,0,0,0,0,0,0.383,0,0,0,0,0,0,0,0,0.315,0,0,0,0,0,0,0,0,0,0,0,0,0,0,0,0,0.606,0,0,0,0,0,0,0,0,0,0,0,0,0,0,0,0,0,0,0,0,0,0,0,0,0,0,0,0,0,0,0,0,0,0,0,0,0,0,0,0,0,0,0,0,0,0,0,0,0,0,0,0,0,0,0,0,0,0,0,0,0,0,0,0,0,0,0,0,0.153,0,0,0,0,0,0,0,0,0,0,0,0,0,0,0,0,0,0,0,0,0,0,0,0,0,0,0,0,0,0,0,0,0,0,0,0,0,0,0,0,0,0,0,0,0,0,0,0,0,0,0,0,0,0,0,0,0,0,0,0,0,0,0,0,0,0,0,0,0,0,0,0,0,0,0,0,0,0,0,0,0.215,0,0,0,0,0,0,0,0,0,0,0,0,0,0,0,0,0,0,0,0,0,0,0,0,0,0,0,0,0,0,0,0,0,0,0,0,0,0,0,0,0,0,0,0,0,0,0,0,0,0,0,0,0,0,0,0,0,0,0.197,0,0,0,0,0,0,0,0,0.284,0,0,0,0,0,0,0,0,0,0,0,0,0,0,0,0,0,0,0,0,0,0,0.342,0,0,0,0,0,0,0,0,0,0,0,0,0,0,0,0,0,0,0,0,0,0,0,0,0,0,0,0,0,0,0,0,0.245,0.191,0,0,0,0,0,0,0,0,0,0,0,0,0,0,0,0,0,0,0.195,0.29,0,0,0,0,0,0,0,0,0,0,0,0,0,0,0,0,0,0,0,0,0,0,0,0,0,0,0,0,0.297,0,0,0,0,0,0,0,0,0,0,0,0,0,0,0,0,0,0,0,0,0,0,0,0.455,0,0,0,0,0,0,0,0,0,0,0,0,0,0,0,0.27,0,0,0,0,0,0,0,0,0,0,0,0,0,0,0,0,0,0,0,0,0,0,0,0,0,0,0,0,0,0,0,0,0,0,0,0,0.208,0,0,0,0,0,0,0.454,0,0,0,0,0,0,0,0.252,0,0,0,0,0,0,0,0,0,0,0,0,0,0,0,0,0,0,0.283,0,0,0,0,0,0,0,0,0,0,0,0,0,0,0,0,0,0,0,0,0,0,0,0,0,0,0,0,0,0,0,0,0,0,0,0,0,0.184,0,0,0,0,0,0,0,0,0,0,0,0,0,0,0,0,0,0,0,0,0,0,0,0,0,0,0,0,0,0,0,0,0,0,0,0,0,0,0,0,0,0,0,0,0,0,0,0,0,0,0,0,0,0,0,0,0,0,0,0,0,0,0,0,0,0,0,0,0,0,0.162,0,0,0,0,0,0,0,0,0,0,0,0,0,0,0,0,0,0,0,0,0,0,0,0,0,0,0,0,0,0,0,0,0,0,0,0,0,0,0,0,0,0,0,0,0,0,0,0,0,0,0,0,0,0,0,0,0,0,0,0,0,0,0,0,0,0,0,0.24,0,0,0,0,0,0,0,0,0,0,0,0,0,0,0,0,0,0,0,0,0,0.187,0,0,0,0,0,0,0,0,0,0,0,0,0,0,0,0,0,0,0,0,0,0,0,0,0,0,0,0,0,0,0,0.151,0,0,0,0,0.25,0,0,0,0,0,0,0,0,0,0,0,0,0,0,0,0,0,0,0,0,0,0,0,0,0,0,0,0,0,0,0,0,0,0,0,0,0,0,0,0,0,0,0,0,0,0,0,0,0,0,0,0,0,0,0,0,0,0,0,0,0,0,0,0,0,0.353,0,0,0,0,0,0,0,0,0,0,0,0,0,0,0,0,0,0,0,0,0,0,0,0,0,0,0,0,0,0,0,0,0.197,0,0,0,0,0,0,0,0,0,0,0,0,0,0,0,0,0,0,0,0,0,0,0,0,0,0,0,0,0,0,0,0,0,0,0,0,0,0,0,0,0,0,0,0,0,0,0,0,0,0,0,0,0,0,0,0,0,0,0,0,0,0,0,0,0,0,0,0,0,0,0,0,0,0,0,0,0,0,0,0,0,0,0,0,0,0,0,0,0,0,0,0,0,0,0.292,0,0,0,0,0,0,0,0,0,0,0,0,0.307,0,0,0,0,0,0,0,0,0,0,0,0,0,0,0,0,0,0,0,0,0,0,0,0,0,0,0.212,0,0.226,0,0,0,0,0,0,0,0,0,0,0,0,0,0,0,0,0,0,0,0,0,0,0,0,0,0,0,0,0,0,0,0,0,0,0,0,0,0,0,0,0,0,0,0,0,0,0,0,0,0,0,0,0,0,0,0,0,0,0,0,0.335,0,0,0,0,0,0,0,0,0,0,0,0,0,0,0,0,0,0,0,0.226,0,0,0,0,0,0,0,0,0,0,0,0,0,0,0,0,0,0,0,0,0,0,0,0,0,0,0,0,0,0,0,0,0,0,0,0,0,0,0,0,0,0,0,0,0,0,0,0,0,0,0,0,0,0,0,0,0,0,0,0,0,0,0,0,0,0,0.42,0,0,0,0,0,0,0,0,0,0,0,0,0,0,0,0,0,0,0,0,0,0,0,0,0,0,0,0,0,0,0,0,0,0,0,0,0,0,0,0,0,0,0,0,0,0,0,0,0,0,0,0.191,0,0,0,0,0,0,0,0,0,0,0,0,0,0,0,0,0,0,0,0,0,0,0,0,0,0,0,0,0,0,0,0,0,0,0,0,0,0,0,0,0,0,0,0,0,0,0,0,0,0,0,0,0,0,0,0,0,0,0,0,0,0,0,0,0,0,0,0,0,0,0,0,0,0,0,0,0,0,0,0,0,0,0,0,0,0,0,0,0,0,0,0,0,0,0,0,0,0,0,0,0,0,0,0,0,0,0.617,0,0,0,0,0,0,0,0,0,0,0,0,0,0,0,0,0,0,0,0,0,0,0.454,0,0,0,0,0,0,0,0,0,0,0,0,0,0,0,0,0,0,0,0,0,0,0,0,0,0,0,0,0,0,0,0,0,0,0,0,0,0,0,0,0,0,0.157,0,0,0,0,0,0,0,0,0,0,0,0,0,0,0,0,0,0,0,0,0,0,0,0,0,0,0,0,0,0,0,0,0,0,0,0,0,0,0,0,0,0,0,0,0,0,0,0,0,0,0,0,0,0,0,0,0,0,0,0,0,0,0,0,0,0,0,0,0,0,0.392,0,0,0,0,0,0,0,0,0,0,0,0,0,0,0,0,0,0,0,0,0,0,0,0,0,0,0,0,0,0,0,0,0,0,0,0,0,0,0,0,0,0,0,0,0,0,0,0,0,0.406,0,0,0,0,0.501,0,0,0,0,0,0,0,0,0,0,0,0,0,0,0,0,0.288,0,0,0,0,0,0,0,0,0,0,0,0,0,0,0,0,0,0,0,0,0,0,0,0,0,0,0,0,0,0,0,0,0,0,0,0,0,0,0,0,0,0,0,0,0,0,0,0,0,0,0,0,0,0,0,0,0,0,0,0,0,0,0,0,0,0,0,0,0,0,0,0.682,0,0,0,0,0,0,0,0,0,0,0,0,0,0,0,0,0,0,0,0,0,0.396,0,0,0,0,0,0,0,0,0,0,0,0,0,0,0,0,0,0,0,0,0,0,0,0,0.309,0.536,0,0,0,0,0,0.514,0,0.483,0,0,0,0,0,0,0,0,0,0,0,0,0.323,0,0,0,0,0,0,0,0,0,0,0,0,0.168,0,0,0,0,0,0,0,0,0,0,0,0,0,0,0,0,0,0,0,0,0,0,0,0,0,0,0,0,0,0,0,0,0,0,0,0,0,0,0,0,0,0,0,0,0,0,0,0,0,0,0,0,0.947,0,0,0,0,0,0,0,0,0,0,0,0,0,0,0,0,0,0,0,0,0,0,0,0,0,0,0,0,0,0,0,0,0,0,0,0,0,0,0,0,0,0,0,0,0,0,0,0,0,0,0,0,0,0,0,0,0,0,0,0,0,0,0,0,0,0,0,0,0,0,0,0,0,0,0,0,0,0,0,0,0.263,0,0,0,0,0,0,0,0,0,0,0,0,0,0,0,0,0,0,0,0,0,0,0,0,0,0,0.374,0,0,0,0,0,0,0,0,0,0,0,0,0,0,0,0,0,0,0,0,0,0,0,0,0,0,0,0,0,0,0,0,0,0,0,0,0,0,0,0.212,0,0.212,0.17,0,0,0,0,0,0,0,0,0,0,0,0,0,0,0,0,0,0,0,0,0.56,0,0,0,0,0,0,0,0,0,0,0,0,0,0,0,0,0,0,0,0,0,0,0,0,0,0,0,0,0,0,0,0,0,0,0,0,0,0,0,0,0,0,0,0,0,0,0,0,0,0,0,0.527,0,0,0,0,0,0,0,0.271,0,0,0,0,0,0,0,0.372,0,0,0,0,0,0.543,0,0,0,0,0,0,0,0,0,0,0,0,0.358,0,0,0,0,0,0,0,0,0,0,0,0,0,0,0,0,0,0,0,0,0,0,0,0,0,0,0,0,0,0,0,0,0,0,0,0,0,0,0,0,0,0,0,0,0,0,0,0,0,0,0,0,0,0,0,0,0,0,0,0.481,0,0,0.215,0,0,0,0,0,0,0,0,0,0,0,0,0,0,0,0.511,0,0,0,0,0,0,0,0,0,0,0,0,0,0,0,0,0,0,0,0,0,0,0,0,0,0,0,0,0,0,0,0,0,0,0,0,0,0,0,0,0,0,0,0,0,0,0,0,0,0,0,0,0,0,0,0,0,0,0,0,0,0,0,0,0,0,0,0,0,0,0,0,0,0,0,0,0,0,0,0,0,0,0,0,0,0,0.228,0,0,0,0,0,0,0,0,0,0,0,0,0,0,0,0,0,0,0,0,0,0,0,0,0,0,0,0,0.297,0,0,0,0,0,0,0,0,0,0,0,0,0,0,0,0,0,0,0,0,0,0,0,0,0,0,0,0,0,0,0,0,0,0,0,0,0,0,0,0,0,0,0,0,0,0,0,0,0,0,0,0,0,0,0,0,0,0,0,0,0,0,0,0,0,0,0,0,0,0,0,0,0,0,0,0,0,0,0,0,0,0,0,0,0,0,0,0,0,0,0,0,0,0,0,0,0,0,0,0,0,0,0,0,0,0,0,0,0,0,0.56,0,0,0,0,0,0,0,0.323,0,0,0,0,0,0,0,0,0,0,0,0,0,0,0,0,0,0,0.208,0,0,0,0,0
856852,0,0,0,0,0,0,0.164,0,0,0,0,0,0,0,0,0,0,0,0,0,0,0,0,0,0,0,0,0,0,0,0,0,0,0,0,0,0,0,0,0,0,0,0,0,0,0,0,0,0,0,0.24,0,0,0,0,0,0,0,0,0,0,0,0.584,0,0,0,0,0,0,0,0.445,0,0,0,0,0,0,0,0,0,0,0,0,0.183,0,0,0,0,0,0,0,0,0,0,0,0,0,0,0,0,0,0,0,0,0,0,0,0,0,0,0,0,0,0,0.288,0,0,0,0,0,0,0,0,0,0,0,0,0,0,0,0,0.295,0,0,0,0,0,0,0,0,0,0,0,0,0,0.448,0,0,0,0,0,0,0,0,0,0,0.207,0,0,0.212,0,0,0,0,0,0,0,0,0,0,0,0,0,0,0,0,0.325,0,0,0,0,0,0,0.445,0,0,0,0,0,0,0,0.33,0,0,0,0,0,0,0.276,0,0.175,0.636,0,0,0,0,0,0,0,0,0,0.654,0,0,0,0,0,0,0,0,0,0,0.349,0,0,0.9,0,0.818,0,0,0,0,0,0,0,0.228,0,0,0,0,0,0,0,0,0,0,0,0.257,0,0.351,0,0.304,0,0,0,0,0,0.269,0,0.989,0,0,0,0.796,0,0,0,0,0,0,0,0.254,0,0,0,0,0.271,0,0,0,0,0,0,0,0,0,0,0,0.185,0,0,0,0,0,0,0,0,0.48,0,0,0,0,0.536,0,0,0,0,0,0.907,0,0,0,0,0,0,0,0,0,0,0,0.908,0,0,0,0,0,0,0.319,0,0,0,0.366,0,0,0,0,0,0,0.351,0.242,0,0,0,0,0,0,0.296,0,0,0,0,0,0,0,0,0,0,0,0,0,0.227,0,0,0,0,0,0,0,0,0,0.258,0,0,0,0,0,0,0,0,0,0,0,0,0,0,0,0,0,0,0.721,0,0,0,0,0,0,0,0,0,0.905,0,0,0.192,0,0,0,0,0,0,0,0.284,0,0,0,0.829,0,0,0,0,0.351,0,0,0,0,0,0,0,0,0,0,0,0,0.723,0,0.38,0,0,0,0,0,0,0,0,0,0,0.551,0,0,0,0,0,0,0,0.709,0,0,0,0,0,0,0,0,0,0,0,0.9,0,0,0.9,0,0,0,0,0,0,0,0,0,0,0,0,0,0,0,0,0,0,0,0,0,0.9,0,0,0,0.431,0,0.904,0,0.208,0,0,0,0,0,0,0,0.869,0.304,0,0,0,0,0,0.153,0,0,0,0,0,0.596,0,0,0,0,0,0,0,0.916,0.191,0,0,0.27,0,0,0,0,0,0,0,0,0,0,0,0,0,0,0,0,0,0,0,0,0,0.934,0.633,0,0.9,0,0,0,0,0,0,0,0,0,0,0,0,0,0,0,0,0,0,0,0,0,0,0,0,0,0,0,0,0,0,0,0.288,0,0,0.493,0,0,0,0,0,0,0,0,0,0,0.248,0,0.25,0,0,0,0,0,0.9,0,0,0,0,0,0,0,0,0,0,0,0,0,0,0,0,0,0.935,0,0,0,0,0,0,0.539,0,0,0,0,0.152,0,0,0,0,0,0,0,0,0,0.195,0,0,0,0,0,0,0.343,0,0,0,0,0,0,0,0,0,0,0,0,0,0.292,0.201,0,0,0,0.809,0,0.9,0,0,0,0,0,0,0,0,0,0.429,0.904,0,0,0.171,0,0,0,0.39,0,0,0,0,0,0,0,0,0,0,0,0,0,0,0,0,0,0,0,0,0,0,0,0,0,0.864,0,0,0,0.643,0,0.161,0,0,0,0,0,0,0,0,0,0,0,0.367,0,0,0,0,0,0.19,0,0,0,0,0,0,0,0.786,0,0,0,0,0,0,0,0,0,0,0,0,0,0,0.548,0,0,0,0.553,0.48,0,0,0,0.193,0,0,0,0,0,0.904,0,0,0,0,0,0.159,0,0,0.151,0,0,0,0,0,0,0,0,0,0,0,0,0,0,0,0,0,0,0,0,0,0,0,0.28,0,0,0,0,0.239,0,0,0,0.181,0.267,0.215,0,0,0,0,0,0,0,0,0,0,0,0,0,0,0.903,0,0.373,0,0,0,0,0,0.61,0.29,0,0.811,0,0,0,0,0,0,0,0,0,0,0,0,0,0,0,0,0,0,0,0,0,0,0,0,0,0,0,0,0.172,0,0,0,0,0,0,0,0,0,0,0,0,0,0,0,0,0,0.558,0,0,0,0,0,0,0,0,0,0,0,0.196,0,0,0,0,0.224,0,0,0,0.191,0,0.391,0,0,0,0,0.301,0,0,0,0,0,0,0,0,0,0,0.729,0,0,0,0,0,0,0.595,0,0,0,0,0,0,0.556,0,0,0,0,0,0,0,0,0,0,0,0,0,0,0,0,0,0,0,0,0,0,0,0,0,0,0.199,0,0,0,0,0,0,0,0,0,0,0,0,0,0,0,0,0,0,0,0.296,0.24,0,0,0,0,0,0,0,0.732,0,0,0,0,0,0,0,0,0,0,0,0.393,0,0,0,0,0.232,0,0.18,0,0,0,0,0,0,0,0,0,0,0,0,0,0,0,0,0,0,0,0.398,0.591,0,0,0,0,0.377,0,0,0.288,0,0,0,0,0,0,0,0.394,0,0,0,0,0,0,0,0,0,0,0,0,0,0,0.441,0.603,0,0.748,0,0,0,0,0,0,0,0,0,0,0,0,0,0,0,0,0,0,0,0,0,0,0,0,0,0,0,0,0,0.191,0,0,0,0,0,0.369,0,0.551,0.912,0,0,0,0,0,0,0,0,0,0,0,0,0,0,0,0.161,0,0,0.199,0,0,0,0,0,0,0,0.515,0,0,0,0,0,0,0,0.208,0,0.734,0,0,0,0.239,0.183,0,0,0,0,0,0,0,0,0,0,0,0,0,0,0,0,0,0.196,0,0,0,0,0,0,0,0,0,0,0,0,0,0.671,0,0,0,0,0,0,0,0,0,0,0,0,0,0,0,0.733,0.39,0.343,0,0,0,0,0,0,0,0.319,0,0,0.589,0,0,0,0,0,0,0.908,0,0,0.624,0,0,0,0,0,0,0,0,0,0,0,0,0,0,0,0,0,0,0,0,0,0,0,0.445,0,0,0,0,0,0,0,0,0.201,0,0,0,0,0,0.257,0,0,0,0,0.551,0,0,0,0.55,0.22,0,0,0,0,0,0,0,0.597,0.9,0,0,0,0,0,0,0.263,0,0,0,0,0,0.307,0,0,0,0,0,0,0,0,0,0.156,0,0,0,0,0,0,0,0,0.305,0.551,0,0,0,0,0,0,0.56,0,0,0,0,0,0,0,0.902,0,0,0.204,0,0,0,0,0,0,0,0.161,0,0,0.194,0,0,0,0,0,0,0,0,0,0,0,0,0,0,0,0,0,0,0,0,0,0,0,0,0,0,0,0,0,0,0,0,0,0,0,0,0,0,0,0,0,0,0,0.25,0.902,0,0,0.904,0.267,0,0,0,0.197,0,0,0,0,0,0,0,0,0,0,0,0,0,0.565,0,0,0,0,0,0,0,0,0,0,0.201,0,0,0,0.335,0,0.159,0,0,0,0,0.9,0.296,0,0.9,0.306,0,0,0,0,0,0,0,0,0,0,0,0,0,0,0,0,0,0,0,0,0,0,0,0.199,0,0,0,0,0,0.166,0,0,0,0,0,0,0,0,0,0,0.671,0,0,0,0.197,0,0,0,0.721,0,0.199,0,0,0,0,0,0,0,0,0,0,0,0,0,0.48,0,0,0,0,0,0,0,0,0,0,0,0.589,0,0,0,0,0,0,0,0,0,0,0.998,0,0,0,0,0,0.311,0,0,0,0.378,0,0.579,0,0,0,0,0,0,0,0,0,0,0,0,0,0,0,0,0,0,0,0,0,0,0,0,0,0,0,0,0,0,0,0,0,0,0,0,0,0,0,0,0,0,0,0,0,0,0,0,0,0.556,0,0,0,0,0,0,0,0,0,0,0,0.378,0,0,0,0,0,0,0,0,0,0,0,0,0,0,0.153,0,0,0,0,0,0,0,0,0,0,0.905,0,0,0,0,0,0,0,0,0,0,0,0,0.161,0,0,0.304,0,0,0,0,0,0,0,0,0,0,0,0,0.9,0,0,0,0,0.584,0,0,0,0,0,0,0,0,0,0,0,0,0,0,0,0,0,0,0,0,0,0,0,0,0,0,0,0,0,0,0,0,0,0,0,0,0,0,0,0,0,0,0,0.17,0,0,0,0,0,0,0,0,0,0,0,0,0,0,0,0,0,0,0,0,0,0,0,0,0,0,0,0,0,0,0,0.336,0,0,0,0,0,0,0,0,0,0,0,0,0,0,0,0.233,0,0,0,0.626,0,0,0,0,0,0,0,0,0,0,0,0,0,0,0,0,0,0,0,0,0,0,0,0,0,0,0,0,0,0,0,0,0,0,0,0,0,0,0,0,0,0,0,0,0,0,0,0,0,0,0,0,0,0,0,0,0,0,0,0,0,0,0,0,0,0,0,0,0,0,0,0,0,0,0,0,0,0.718,0,0,0,0,0,0,0,0,0,0,0,0,0,0,0,0,0,0,0,0,0,0,0,0,0,0,0,0,0,0,0,0,0,0,0,0,0,0,0,0,0,0,0,0,0,0,0,0,0,0,0,0,0,0,0,0,0,0,0,0,0,0,0,0,0,0,0,0,0,0,0,0,0,0,0,0,0,0,0.157,0,0,0,0,0,0,0,0,0,0,0,0,0.158,0,0,0,0,0,0,0,0,0,0,0,0,0,0,0,0,0,0,0,0,0,0,0,0,0,0,0,0,0,0,0,0,0,0,0,0,0,0,0,0,0,0,0,0,0,0,0,0,0,0,0,0,0,0,0,0,0,0,0,0,0,0,0,0,0,0.161,0,0,0,0,0,0,0,0,0,0,0,0,0,0,0,0,0,0,0,0,0,0,0,0,0,0,0,0,0,0,0,0,0,0,0,0,0,0.305,0,0,0,0.377,0,0,0,0,0,0.285,0.285,0,0,0,0,0,0,0,0,0,0,0,0,0,0,0.546,0,0,0,0,0,0,0,0,0,0,0,0,0,0,0,0.157,0,0,0,0,0.538,0,0,0,0,0,0,0.287,0,0,0,0,0,0,0,0,0,0,0.9,0.292,0,0,0,0,0,0,0,0,0,0,0,0,0,0,0,0,0.333,0,0,0,0,0.497,0,0,0,0,0,0,0,0,0,0,0,0,0,0,0,0,0,0.192,0,0,0,0,0,0,0,0,0,0,0,0,0,0,0,0.276,0,0,0,0,0,0,0,0,0,0,0,0,0,0.256,0,0,0,0,0,0,0,0,0,0,0,0,0,0,0,0,0,0,0,0,0,0,0,0,0,0,0,0,0,0,0,0,0,0,0,0,0,0,0,0,0,0,0,0,0,0,0,0,0,0,0,0,0,0,0,0,0,0,0,0,0,0,0,0,0,0,0,0,0,0,0,0,0,0,0,0,0,0,0,0,0,0,0,0,0,0,0,0,0,0,0,0,0,0,0,0,0,0,0,0,0,0,0,0,0,0,0,0,0,0,0,0,0,0,0,0,0,0,0,0,0,0,0,0,0,0,0,0,0,0,0,0.268,0,0,0,0,0,0,0,0,0,0,0,0,0,0,0,0,0.209,0,0,0,0,0,0,0,0,0,0.18,0,0,0,0,0,0,0,0,0,0,0,0,0,0,0,0,0,0,0,0,0,0,0,0,0,0,0,0,0,0,0,0,0,0.457,0.901,0,0,0,0,0,0,0,0,0,0,0,0.9,0,0,0,0,0.18,0,0,0,0,0,0,0,0,0,0,0,0.302,0,0,0,0,0,0.9,0,0,0,0,0,0,0,0,0,0,0,0,0,0,0,0,0,0,0,0,0,0,0,0,0,0,0,0,0,0,0,0,0,0,0,0,0,0,0,0.296,0,0,0,0,0.551,0,0.22,0,0.288,0,0,0,0,0,0,0,0,0,0,0,0,0,0,0,0,0,0,0,0,0,0,0,0,0,0,0,0,0,0,0,0,0,0,0,0,0,0,0,0,0,0,0,0,0,0,0,0,0,0,0,0,0,0,0,0,0,0,0,0,0,0,0,0,0,0.179,0,0,0,0,0,0,0,0,0,0,0,0,0,0,0,0,0,0,0,0,0,0,0,0,0,0,0.317,0,0,0,0,0,0.261,0,0,0.217,0,0,0,0,0,0,0,0,0,0,0,0,0,0,0,0,0,0,0,0,0,0.653,0,0,0,0,0,0.218,0,0,0,0.643,0,0,0,0,0,0,0,0.179,0,0,0,0,0,0.24,0,0,0,0,0,0,0,0.72,0,0,0,0,0,0,0,0,0,0,0,0,0,0,0,0.902,0,0,0,0,0,0,0.196,0,0,0,0,0,0,0,0,0,0,0,0,0,0.402,0,0,0,0,0,0,0,0,0,0,0,0,0,0,0,0,0,0.31,0,0,0,0,0,0.302,0,0,0.288,0,0.324,0,0,0,0,0,0,0,0,0,0,0,0,0,0.245,0,0,0,0,0,0,0,0,0,0.178,0.199,0,0,0,0,0.297,0.9,0,0,0,0,0,0,0,0,0,0,0,0,0.232,0,0,0,0,0,0,0,0,0,0,0,0,0,0,0,0,0,0,0,0,0,0,0,0,0,0,0,0,0,0,0,0,0,0,0,0,0,0,0,0,0,0,0,0,0,0,0,0,0,0,0,0,0,0,0,0,0,0.288,0,0,0,0,0,0,0,0,0,0,0,0,0,0,0,0,0,0,0.171,0,0,0,0,0,0,0,0,0,0.546,0,0,0,0,0,0,0,0,0,0,0,0,0,0,0,0,0,0,0,0,0,0,0,0,0,0,0,0,0,0,0,0,0,0,0,0,0,0,0,0,0,0,0,0,0,0,0,0,0,0,0,0,0,0,0,0,0,0,0,0,0,0,0,0,0,0,0,0,0,0,0,0,0,0,0,0,0,0,0,0,0,0,0,0,0,0,0,0,0,0,0,0,0,0,0,0,0,0,0,0,0,0,0,0,0,0,0,0,0,0,0,0,0,0,0,0,0,0,0,0,0,0,0,0,0,0,0,0,0,0,0,0,0,0,0,0,0,0,0,0,0,0,0,0,0,0,0,0,0,0,0,0,0,0,0,0,0,0,0,0,0,0,0,0,0,0,0,0,0,0,0,0,0,0,0,0,0,0,0.906,0,0,0,0,0,0,0,0,0,0.753,0,0,0,0,0,0,0,0,0.559,0,0,0,0,0,0,0,0,0,0,0,0,0,0,0,0,0,0,0,0,0.271,0,0,0,0,0,0,0,0,0,0,0,0.218,0,0,0,0.445,0,0,0,0,0,0,0,0,0,0,0,0,0,0,0,0,0,0,0,0,0,0,0,0,0.193,0,0,0,0,0,0,0,0,0,0,0,0,0,0,0,0,0,0,0,0,0,0,0,0,0,0,0,0,0,0,0,0,0,0,0,0,0,0,0,0,0,0,0,0,0,0,0,0,0,0,0,0,0,0,0,0,0,0,0,0,0,0,0,0,0,0,0,0,0,0,0,0,0,0,0,0,0,0,0.724,0,0,0,0,0,0,0,0,0,0,0,0,0,0,0,0,0,0,0,0,0,0,0,0,0,0,0,0,0,0,0,0,0,0,0,0,0,0,0,0,0,0,0,0,0,0,0,0,0,0,0,0,0,0,0.446,0,0.314,0,0,0,0,0,0,0,0,0,0,0,0,0,0,0,0,0,0,0,0,0,0,0,0,0,0,0,0,0,0,0,0,0,0,0,0,0,0,0,0,0,0,0,0,0,0,0,0,0,0,0,0,0,0,0,0,0,0,0,0,0,0,0,0,0,0,0,0,0,0,0,0,0,0,0,0,0,0,0,0,0,0,0,0,0,0,0,0,0,0,0,0,0,0,0,0,0,0,0,0,0,0,0,0,0,0,0,0,0,0,0,0,0,0,0,0,0,0,0,0,0,0,0,0,0,0,0,0,0,0,0,0,0,0,0,0,0,0,0,0,0,0,0,0,0,0,0,0,0,0,0,0,0,0,0,0,0,0,0,0,0,0,0,0,0,0,0,0,0,0,0,0,0,0,0,0,0,0,0,0,0,0.682,0,0.292,0,0,0,0,0,0,0,0,0.206,0,0,0,0,0,0,0,0,0,0,0,0,0,0,0,0,0,0,0,0,0,0,0,0,0,0,0,0,0,0,0,0,0,0,0,0,0,0,0,0,0,0,0,0,0,0,0,0,0,0,0,0,0,0,0,0,0,0,0,0.773,0,0,0,0,0,0,0,0,0,0,0,0,0,0,0,0,0,0,0,0,0,0,0,0,0,0,0,0,0,0.218,0,0,0,0,0,0.191,0,0,0,0,0,0,0,0,0,0,0,0,0,0,0,0,0,0,0,0,0,0,0,0,0,0,0,0,0,0,0,0,0,0,0,0,0,0,0,0,0,0,0,0,0,0,0,0,0,0,0,0.9,0,0,0,0,0,0,0,0,0,0,0,0,0,0,0,0,0,0,0,0,0,0,0,0,0,0,0,0,0,0,0,0,0,0,0,0,0,0,0,0,0,0,0,0,0,0,0,0,0,0,0,0,0,0,0,0,0,0,0,0,0,0,0.901,0,0,0,0,0,0,0,0,0.9,0,0,0,0,0,0.199,0,0,0,0.9,0,0,0,0,0,0,0,0,0,0,0,0,0,0,0,0,0,0.352,0,0,0,0,0,0,0,0,0,0,0,0,0,0,0,0,0,0,0,0,0,0,0,0,0,0,0,0,0,0,0,0,0,0,0,0,0,0,0,0,0,0,0,0,0,0,0,0,0,0,0,0,0,0,0,0,0,0,0,0,0,0,0,0.586,0,0,0,0,0,0,0,0,0,0,0,0,0,0,0,0.319,0,0,0,0,0,0,0,0,0,0,0,0,0,0,0,0,0,0,0,0,0,0,0,0,0,0,0,0,0,0,0,0,0,0,0,0,0,0,0,0,0,0,0,0,0,0,0,0,0,0,0,0,0,0,0,0,0,0,0,0,0,0,0,0,0,0,0,0,0,0,0,0.731,0,0,0,0,0,0,0,0,0,0,0,0,0,0,0,0,0,0,0,0,0,0,0,0,0,0,0,0,0,0,0,0,0.9,0,0,0,0,0,0,0,0,0,0,0,0,0,0,0,0,0,0,0,0,0,0,0,0,0,0,0,0,0,0,0,0,0,0,0,0,0,0,0,0,0,0,0,0,0,0,0,0,0,0,0,0,0,0,0,0,0,0,0,0,0,0,0,0,0,0,0,0,0,0,0,0,0,0,0,0,0,0,0.447,0,0,0.196,0,0,0,0,0,0,0.447,0,0.171,0,0,0,0,0,0,0,0,0,0,0,0,0,0,0.9,0,0,0,0.68,0,0,0,0,0,0,0,0,0,0,0,0.551,0,0,0,0,0,0,0,0,0,0,0,0,0.901,0,0,0,0,0,0,0,0,0,0,0,0,0,0,0,0,0,0,0,0,0,0,0.255,0,0,0,0.385,0,0,0.99,0,0,0,0,0,0,0,0,0,0,0,0,0,0,0,0,0,0,0,0,0,0.54,0,0,0,0.9,0,0,0,0,0,0.413,0,0,0,0,0,0,0,0,0,0,0,0,0,0,0,0,0,0,0,0,0,0,0,0,0,0,0.901,0.271,0.459,0,0.9,0.319,0,0.904,0.174,0,0.192,0.617,0,0,0.901,0,0,0,0,0.9,0,0,0,0,0,0,0,0,0,0,0,0,0,0,0,0.476,0,0,0,0,0,0,0,0,0,0,0,0,0,0,0,0,0,0,0,0,0,0,0,0,0,0,0,0,0,0,0,0.907,0,0,0,0,0,0,0,0,0,0,0,0,0,0,0,0,0,0,0,0,0,0,0.443,0,0,0,0,0,0,0,0,0,0,0,0,0,0,0,0,0,0,0,0,0,0,0,0,0,0,0,0,0,0,0,0,0,0,0,0,0,0,0,0,0,0,0,0,0,0,0,0,0,0,0,0,0,0,0,0,0,0,0,0,0,0,0,0,0,0,0,0,0,0,0,0.297,0,0,0,0,0,0,0,0,0,0,0,0,0,0,0,0,0,0,0,0,0,0,0,0,0,0,0,0,0,0,0,0,0,0,0,0,0,0,0,0,0,0,0,0,0,0,0,0,0,0,0.218,0,0,0,0,0,0,0
850750,0,0,0,0,0,0,0,0,0,0,0,0,0,0,0,0,0,0,0,0.172,0,0,0,0,0,0,0,0,0,0,0,0,0,0,0,0,0,0,0,0,0,0,0,0,0,0,0,0,0,0,0,0.999,0,0,0,0,0,0,0,0,0.178,0,0,0,0,0,0,0,0,0,0,0.169,0,0,0,0.239,0,0,0,0,0,0,0,0,0,0,0,0,0,0,0.243,0,0,0,0,0.999,0.17,0,0,0,0,0,0,0,0,0,0,0,0,0,0,0,0,0,0,0,0,0,0,0,0,0,0.216,0,0,0,0,0.93,0,0,0,0,0,0,0,0.169,0,0,0,0.239,0.999,0,0,0,0,0,0,0,0,0,0,0,0,0,0,0.903,0,0,0,0,0,0,0,0,0,0,0,0,0,0.171,0,0,0,0,0,0,0,0,0,0,0,0.239,0,0,0,0,0,0,0,0.34,0,0,0,0.205,0,0.212,0,0,0,0,0,0,0.273,0.83,0,0,0.999,0,0,0,0,0,0,0.295,0,0,0,0,0,0,0.999,0,0,0.834,0,0,0,0,0,0,0,0,0.999,0,0.621,0,0.164,0,0,0,0,0,0,0.41,0.33,0,0,0,0,0,0,0,0,0,0,0,0,0,0,0,0,0,0,0,0.263,0,0,0,0,0,0,0,0,0,0,0.956,0,0.254,0.205,0,0,0,0.884,0,0,0,0,0.924,0.581,0.28,0,0,0,0,0,0,0,0.811,0.175,0,0.999,0,0,0,0,0,0.293,0,0,0.999,0,0,0,0,0.958,0,0,0,0,0.155,0,0,0,0.161,0,0.216,0,0,0,0.883,0,0,0,0,0,0,0,0,0,0,0,0,0,0,0,0,0,0,0,0,0,0,0,0,0.272,0,0,0,0,0.413,0,0,0,0,0,0.195,0.347,0.219,0,0.999,0.255,0.772,0,0,0,0,0.999,0,0,0,0,0,0,0.999,0.195,0,0,0,0,0,0,0,0,0,0,0,0.999,0,0.214,0,0.225,0,0,0,0,0,0,0,0,0.262,0,0,0,0,0,0.349,0,0,0.183,0,0,0,0,0,0,0.308,0,0,0.217,0,0.288,0,0,0,0,0,0,0,0,0,0,0,0,0,0,0,0,0,0,0,0.998,0,0.56,0.29,0,0,0,0.185,0,0.189,0,0,0,0,0,0,0,0,0,0,0,0,0,0.999,0,0,0,0,0,0.173,0,0,0,0,0,0.321,0,0,0,0,0,0.919,0,0,0,0,0,0.904,0,0,0,0,0,0,0,0,0,0,0.815,0,0,0,0,0,0,0,0.999,0.305,0,0,0,0,0,0,0,0.195,0,0,0,0,0,0,0,0,0,0,0.908,0,0,0,0.171,0,0,0,0,0,0,0,0,0.217,0,0,0.174,0,0,0,0,0,0.192,0,0,0,0,0,0,0.305,0,0,0,0,0,0,0,0,0,0.16,0.164,0,0,0,0,0,0,0,0,0.908,0,0,0,0,0.239,0,0,0,0,0,0,0,0,0,0,0,0,0,0,0,0,0.195,0,0,0,0,0,0,0,0.187,0,0,0,0,0,0,0,0,0.235,0.901,0,0,0,0,0,0,0,0,0.54,0,0,0,0,0,0,0,0.445,0,0,0,0,0,0,0,0,0,0,0,0,0,0,0,0.191,0.244,0,0,0,0,0,0,0,0,0,0.309,0,0,0,0,0,0,0,0,0,0,0,0.82,0,0,0,0,0.321,0,0,0,0,0,0,0,0,0,0,0,0,0,0,0,0,0.372,0,0,0.312,0.399,0,0.162,0,0,0,0,0,0,0,0.391,0.999,0,0,0,0,0,0,0.338,0,0,0,0.999,0,0,0,0.977,0,0.322,0,0,0,0,0,0.22,0,0,0,0,0,0,0,0,0.999,0,0.762,0,0,0,0,0,0,0,0,0,0,0,0,0,0.157,0,0,0,0,0.825,0,0,0,0,0.155,0,0,0,0,0,0,0.361,0,0.827,0,0,0,0,0,0,0,0,0,0,0,0,0,0.19,0,0,0,0,0,0,0,0,0,0,0,0,0,0,0.698,0,0,0,0,0.185,0,0,0,0,0,0,0,0,0,0,0,0,0,0,0,0.205,0,0.999,0,0.248,0,0,0,0,0,0,0,0,0,0,0,0,0,0,0,0,0,0,0,0,0,0,0,0,0,0,0,0.999,0,0,0,0,0,0,0,0.622,0,0,0,0,0,0,0.999,0,0,0.266,0,0,0.333,0,0,0,0,0,0,0,0,0,0.195,0,0,0,0,0.159,0,0,0,0,0,0.981,0,0.998,0,0,0,0,0.45,0,0,0,0.999,0,0,0,0,0.441,0,0.999,0,0.931,0.197,0.999,0,0,0,0,0,0,0,0,0,0,0,0,0,0,0,0,0.991,0,0.911,0.999,0,0.158,0,0,0,0,0,0.715,0,0,0,0,0.158,0.211,0,0,0,0.218,0,0.999,0,0,0,0,0,0,0,0,0,0,0.203,0,0,0,0,0,0,0,0,0,0,0,0,0,0,0,0,0,0,0,0,0,0,0,0,0,0,0,0,0,0,0,0,0,0,0,0,0,0,0,0,0,0,0,0,0,0,0,0,0,0,0,0,0.999,0.29,0,0,0,0,0,0,0,0,0.999,0,0,0,0,0,0,0,0.88,0,0,0,0.169,0.903,0,0,0,0,0,0,0,0,0,0,0,0,0,0,0,0,0,0,0,0,0,0,0,0,0,0,0,0,0,0,0,0.889,0,0,0,0,0,0,0,0,0,0,0,0,0,0,0,0,0,0.999,0,0,0,0,0,0,0,0,0.86,0,0,0,0,0,0,0,0,0,0,0,0,0,0,0,0,0,0,0.999,0,0,0,0,0,0,0,0,0,0,0.999,0,0,0,0,0,0,0,0,0.999,0.407,0.27,0,0,0,0,0,0,0,0.174,0,0,0,0,0,0,0,0,0,0,0,0,0,0,0,0,0,0,0,0,0,0.153,0,0,0,0,0.999,0,0,0,0,0,0,0,0,0,0,0,0,0,0,0,0.999,0.169,0,0.436,0,0,0,0.173,0,0.551,0,0.985,0,0,0,0,0,0,0,0,0,0,0,0,0,0,0,0,0,0,0,0,0,0,0,0.169,0,0,0,0,0.999,0,0,0,0,0,0.443,0,0,0,0,0,0,0,0,0,0.916,0,0,0,0,0,0,0,0.267,0.441,0.228,0,0,0,0,0,0.999,0,0.999,0,0,0,0,0,0,0,0,0,0,0,0,0,0,0,0,0,0,0,0,0,0,0,0,0,0,0,0,0,0.281,0,0,0,0,0,0,0,0.161,0,0,0,0,0,0,0,0,0,0,0,0,0.817,0,0,0,0,0,0.399,0,0,0,0,0,0,0,0,0,0,0,0,0,0,0,0,0,0,0,0,0,0,0,0,0,0,0,0.999,0,0,0,0,0,0,0.265,0,0,0,0,0,0,0,0,0,0.194,0,0,0,0,0,0,0,0,0,0,0,0,0,0,0,0,0,0,0,0,0,0,0.183,0.173,0,0.817,0,0,0.198,0,0,0,0,0.457,0,0,0,0,0,0,0,0,0,0,0,0,0,0,0,0,0,0,0,0,0,0,0,0,0.177,0,0,0,0,0,0,0,0,0,0,0,0,0,0,0,0,0,0,0,0,0,0,0,0,0,0,0.999,0,0,0,0,0,0,0,0,0,0,0,0,0,0,0,0,0,0,0,0,0,0,0,0,0,0,0,0,0,0,0,0.268,0.199,0,0,0,0,0,0,0.362,0,0,0,0.37,0,0,0,0,0,0,0,0,0,0,0,0,0,0,0,0,0,0,0,0,0,0,0,0,0,0,0,0,0,0,0,0,0,0,0,0,0,0,0,0,0,0,0,0,0,0,0,0,0.727,0,0,0,0,0,0,0,0,0,0,0,0,0,0,0,0,0,0,0,0,0,0,0,0,0,0,0,0,0,0,0,0,0,0,0.169,0,0,0,0,0,0,0,0,0,0,0,0,0,0,0,0,0,0,0.828,0,0.204,0,0.817,0,0,0,0.999,0,0.816,0,0,0.824,0.534,0,0.213,0,0.242,0,0.173,0.981,0,0,0,0,0.801,0,0,0,0,0,0,0.206,0.832,0,0,0,0,0,0,0,0,0,0,0,0,0.229,0,0,0.999,0.151,0.817,0,0.999,0,0,0,0,0,0,0,0,0,0,0.999,0,0.193,0,0.156,0,0,0,0,0,0,0,0,0,0.18,0,0,0,0,0,0,0,0.825,0,0,0.17,0,0.999,0,0,0,0,0,0,0,0,0,0,0.193,0,0,0,0.577,0.842,0,0,0,0,0.433,0,0,0,0,0,0,0,0,0,0,0.999,0.204,0.263,0,0,0,0,0,0,0,0.999,0,0,0,0,0,0,0,0,0.438,0,0,0.197,0,0,0,0,0.292,0.8,0,0,0,0,0,0,0,0,0.999,0.166,0.811,0.575,0,0,0.824,0,0,0.817,0.184,0,0,0.961,0,0.999,0,0.292,0,0,0.8,0,0.72,0,0.827,0.24,0.239,0,0,0.219,0.469,0,0.221,0,0,0,0.174,0,0,0.901,0,0,0,0,0,0.905,0,0,0,0.856,0,0,0.802,0,0,0,0,0.166,0,0,0,0,0,0,0,0,0,0,0,0,0.208,0.186,0,0,0,0,0.183,0,0.802,0,0,0.253,0,0,0,0,0,0,0,0,0,0,0,0,0.292,0,0,0,0,0,0,0,0,0,0,0,0,0,0,0,0,0,0,0,0,0.169,0,0.161,0,0,0,0,0,0,0.999,0,0,0,0,0,0,0,0,0,0,0.153,0,0,0,0,0,0,0,0,0,0,0,0,0,0,0,0,0,0,0,0,0,0,0,0,0,0,0,0,0,0,0,0,0,0,0,0,0,0,0.913,0,0,0,0,0,0,0,0,0,0,0,0,0,0,0,0,0,0,0.151,0,0,0,0.575,0,0,0,0,0,0,0,0,0,0,0,0,0,0,0,0,0,0,0,0,0,0,0,0,0,0,0,0,0,0,0,0,0,0,0,0,0,0,0,0.237,0,0,0,0,0,0,0,0,0,0,0,0,0,0,0,0,0,0,0,0,0,0,0,0,0,0,0,0,0,0,0,0,0,0,0,0,0,0,0,0,0,0,0,0,0,0,0,0,0,0,0,0,0,0,0,0,0,0.955,0,0,0.997,0,0,0,0,0,0,0,0,0,0,0,0,0,0,0,0,0,0,0,0,0,0,0,0,0,0,0,0,0,0,0,0,0,0,0,0,0,0,0.16,0,0,0,0,0,0,0,0,0,0,0.173,0,0,0,0,0,0,0,0,0,0,0.288,0.305,0,0,0,0,0.999,0,0,0,0,0,0,0.783,0,0,0,0,0,0,0,0,0,0,0,0,0,0,0,0,0,0,0.161,0,0,0,0,0,0,0,0,0,0,0,0,0,0,0,0,0,0,0,0,0.999,0,0,0.176,0,0,0.999,0,0,0,0,0.999,0,0,0,0,0,0,0,0.226,0.851,0.154,0,0,0,0,0,0,0,0,0,0,0,0,0.904,0,0,0,0.908,0.53,0,0,0,0.277,0,0,0.999,0,0,0,0.725,0,0,0,0,0,0,0,0,0,0,0,0,0,0,0,0,0,0,0,0,0,0,0.16,0,0.226,0,0,0,0,0,0,0,0,0,0,0.183,0,0,0,0,0,0,0,0,0,0,0,0,0,0,0,0,0,0,0,0,0,0.287,0,0,0,0,0.371,0.152,0,0,0,0,0,0,0,0,0,0,0.999,0,0,0,0,0,0,0,0.183,0,0.15,0,0,0,0,0.915,0.552,0,0,0,0,0,0,0,0,0,0,0,0,0,0,0,0,0,0,0,0,0,0.307,0.822,0,0,0,0,0,0,0,0,0,0,0,0,0,0.196,0,0,0,0.294,0.999,0,0,0.999,0,0,0,0,0,0,0,0,0,0,0,0,0,0,0,0,0,0,0,0,0,0,0,0,0,0,0,0,0,0,0,0,0,0,0,0,0,0,0,0,0,0,0,0,0,0,0,0,0,0,0,0,0,0.169,0,0.169,0,0,0,0,0,0,0,0,0,0,0,0,0,0,0,0,0,0.169,0,0,0,0,0,0,0,0.169,0,0,0,0,0,0,0,0,0,0,0,0,0,0,0,0,0,0,0,0,0,0,0,0,0,0,0,0,0,0,0,0,0,0,0,0,0,0,0.579,0,0,0,0,0,0,0,0,0.195,0,0,0.169,0,0,0,0,0,0.213,0,0,0,0,0,0,0,0,0,0,0,0,0,0,0,0.225,0.254,0,0,0.169,0,0,0,0,0,0.999,0,0,0,0,0,0,0,0,0,0,0,0,0,0,0,0,0,0,0,0,0,0,0,0,0,0,0,0,0,0,0,0,0,0,0.549,0,0,0,0,0,0,0,0,0,0,0,0,0.358,0,0,0,0,0,0,0,0,0,0,0,0,0,0,0,0,0,0,0,0,0,0,0,0,0,0,0,0,0,0,0,0.275,0,0,0,0,0,0.814,0,0,0,0,0,0,0,0,0,0,0,0,0,0,0,0,0,0,0,0,0,0,0,0,0,0,0,0,0,0,0,0,0,0,0,0,0,0,0,0,0,0,0,0,0,0,0,0,0,0,0,0,0,0,0.153,0.208,0,0,0,0,0,0,0,0,0,0,0,0,0,0,0,0,0,0,0,0.204,0,0.8,0,0,0,0,0,0,0,0,0,0,0,0,0,0,0.702,0.81,0.999,0.678,0,0.689,0.538,0,0.999,0.994,0.999,0.806,0,0.999,0.821,0,0,0.999,0.219,0.872,0.999,0,0,0,0,0.199,0,0.999,0.414,0.999,0.809,0,0.999,0,0,0.256,0,0.819,0.786,0.999,0.232,0.999,0.822,0.895,0,0,0,0.999,0.999,0.184,0.863,0.17,0.861,0.495,0,0.551,0.691,0.266,0.922,0,0.241,0.999,0.999,0.998,0.999,0.981,0.999,0.999,0.256,0.373,0.999,0.772,0.999,0.212,0,0,0.783,0,0,0,0.999,0.999,0,0.999,0.999,0,0.459,0,0.999,0,0.641,0.806,0.493,0.999,0,0.628,0,0.999,0.999,0,0.981,0.3,0,0.999,0,0.999,0.999,0.772,0.999,0.999,0,0,0.999,0.953,0.984,0.15,0.999,0.999,0.781,0.999,0.886,0,0.336,0,0.999,0.998,0.758,0.837,0,0,0.938,0,0.999,0,0.78,0,0.999,0.846,0.349,0.293,0,0,0.999,0.999,0,0,0.54,0.999,0.959,0,0.999,0,0.155,0.71,0.999,0.999,0.207,0.99,0,0.999,0,0.757,0.999,0,0.733,0.999,0.999,0,0.801,0.999,0.999,0.251,0,0.282,0.196,0,0,0,0,0.193,0.675,0.661,0.177,0.678,0.425,0.789,0,0.811,0.91,0.999,0.999,0.999,0.857,0,0,0.999,0.999,0.802,0.204,0.999,0,0.999,0.999,0.237,0.999,0.821,0.393,0.999,0,0.999,0.315,0,0.995,0.999,0.999,0,0.841,0.999,0.2,0.909,0,0,0.999,0.219,0.999,0.803,0,0.999,0,0,0,0,0,0,0,0,0,0,0.238,0,0,0,0,0,0,0,0,0,0.232,0,0,0.156,0,0,0,0,0,0,0,0,0,0,0,0,0,0.354,0,0,0,0,0,0.999,0,0,0.196,0,0,0,0,0,0,0,0,0.276,0,0,0,0,0,0,0,0,0,0,0,0,0,0,0,0,0,0,0,0,0.23,0,0,0,0,0,0,0,0,0,0,0,0,0,0,0,0,0,0,0,0,0,0,0,0,0,0,0,0,0,0,0,0,0,0,0,0,0,0,0.15,0,0,0,0,0,0,0,0.264,0,0,0,0,0,0,0,0,0,0,0,0,0,0,0,0,0,0,0,0,0,0,0,0,0,0,0,0,0,0,0.267,0,0,0,0,0,0,0,0,0,0,0,0,0,0,0,0,0,0,0,0,0,0,0,0,0,0,0,0,0,0,0,0,0,0,0.169,0,0,0,0,0,0,0,0,0,0,0,0,0,0,0,0,0,0,0,0,0,0,0,0,0,0,0,0,0,0,0,0,0,0,0,0,0,0,0,0,0,0,0,0,0,0,0,0,0,0.197,0.305,0,0,0.901,0,0,0,0.905,0,0,0,0.882,0,0,0,0,0,0,0.161,0,0,0.357,0,0,0,0,0,0,0,0,0,0,0,0,0,0,0,0,0,0,0,0,0,0,0,0,0,0,0,0,0,0,0,0,0,0,0,0,0,0,0,0,0,0,0,0,0,0,0,0,0,0,0.167,0,0,0,0,0,0,0,0,0,0,0,0,0,0,0,0,0,0,0,0,0,0,0,0.178,0,0,0,0,0,0,0,0,0.169,0,0,0,0,0,0,0,0,0,0,0,0,0,0,0,0,0,0,0,0,0,0,0,0,0,0.169,0,0,0,0,0,0,0,0,0,0,0,0,0.171,0,0,0,0,0,0,0,0,0,0,0,0,0,0,0,0,0,0,0,0,0,0,0,0,0,0,0,0.478,0,0,0,0,0.394,0,0,0,0,0,0,0,0,0,0,0,0,0,0,0,0,0,0,0.403,0,0,0,0,0,0,0,0,0,0,0,0,0,0,0.226,0,0,0.36,0,0,0,0,0,0,0.193,0,0,0,0,0,0,0,0,0,0,0,0,0,0,0,0,0,0,0,0,0,0,0,0,0,0,0,0,0,0,0,0,0,0.165,0,0,0,0,0,0,0,0,0,0,0,0,0,0,0,0,0,0,0,0,0,0,0,0,0,0,0,0,0,0,0,0,0,0,0,0,0,0,0.332,0,0,0,0,0,0,0,0,0,0,0,0,0,0,0,0,0,0,0,0,0,0,0,0,0,0,0,0,0,0,0,0,0,0,0,0,0,0,0,0,0,0,0,0,0,0,0,0,0,0,0,0,0,0,0,0,0,0,0,0,0,0,0,0,0,0,0,0,0,0,0,0,0,0,0,0,0,0,0,0,0,0,0,0,0,0,0,0,0,0,0,0,0,0,0,0,0,0,0,0,0,0,0,0,0,0,0,0,0,0,0,0,0,0,0,0,0,0,0,0,0,0,0,0,0,0,0,0,0,0,0,0,0,0,0,0,0,0,0,0,0,0,0,0,0,0,0,0,0,0,0,0,0,0,0,0,0,0,0,0,0,0,0,0,0,0,0,0,0,0,0,0,0,0,0,0,0,0,0,0,0,0,0,0,0,0,0,0,0,0,0,0,0,0,0,0,0,0,0,0,0,0,0,0,0,0,0,0,0,0,0,0,0,0,0,0,0,0,0,0,0,0,0,0,0,0,0,0,0,0.29,0,0,0,0.194,0,0,0.191,0,0,0,0,0,0,0,0,0,0,0,0,0,0,0,0,0,0,0.323,0,0,0,0,0,0,0,0,0,0,0,0,0,0,0,0,0,0,0,0,0,0,0,0,0.331,0,0,0,0,0,0,0,0,0,0,0,0,0,0,0,0.238,0,0,0,0,0,0,0,0,0,0,0,0,0,0,0,0,0,0,0,0,0,0,0,0,0,0,0,0,0,0,0,0,0,0,0,0,0,0,0,0,0,0,0,0,0,0,0,0,0,0,0,0,0,0,0,0,0,0,0,0,0,0,0,0,0,0,0,0,0,0,0,0,0,0,0,0,0,0,0,0,0.43,0,0,0,0,0,0,0,0,0,0,0,0,0,0,0,0,0,0,0,0,0,0,0,0,0,0,0,0,0,0,0,0,0,0,0,0,0,0,0,0,0,0,0,0,0,0,0,0,0,0,0,0,0,0,0,0,0.195,0,0,0,0,0.169,0,0,0,0,0,0,0.375,0,0,0,0,0,0,0,0,0,0,0,0,0,0,0,0,0,0,0,0,0,0,0,0,0,0,0,0,0,0,0,0,0,0,0,0,0,0,0,0,0,0,0,0,0,0.189,0,0,0,0,0,0,0,0,0,0,0,0,0,0,0,0,0,0,0,0,0,0,0,0,0,0,0,0,0,0,0,0,0,0.175,0,0,0,0,0,0,0,0,0,0,0,0,0,0,0,0,0,0,0,0,0,0,0,0,0,0,0,0,0,0,0,0,0,0,0,0,0,0,0,0,0,0,0,0,0,0,0,0,0,0,0,0,0,0,0,0,0,0,0,0,0,0,0,0,0,0,0,0,0,0,0,0,0,0,0,0,0,0,0,0,0,0,0,0,0,0,0,0,0,0,0,0,0,0,0,0,0,0,0,0,0,0,0,0,0,0,0,0,0,0,0,0,0,0,0,0,0,0,0,0,0,0,0,0,0,0,0,0,0,0,0,0,0,0,0,0,0,0,0,0,0,0,0,0,0,0,0,0,0,0,0.226,0,0,0,0,0,0,0,0,0,0,0,0,0,0,0,0,0,0,0,0,0.396,0,0,0,0,0,0,0,0,0,0,0,0,0,0,0.375,0,0,0,0,0,0,0,0,0,0,0,0,0,0,0,0,0,0,0,0,0,0,0,0,0,0,0,0,0,0,0,0,0,0,0,0,0,0,0,0,0,0,0,0,0,0,0,0,0,0,0,0,0,0,0,0.165,0,0,0,0,0,0,0,0,0,0,0,0,0,0,0,0,0,0,0,0,0
853465,0.341,0.195,0.243,0,0,0,0.676,0,0,0,0,0,0,0,0.189,0.211,0,0,0.433,0.484,0,0,0,0,0.296,0.41,0.944,0,0,0,0,0,0.212,0,0.459,0,0.169,0.212,0,0.284,0,0,0,0,0,0.368,0,0.604,0,0,0,0.311,0,0.159,0.212,0,0.245,0,0.198,0,0.19,0,0.197,0,0.288,0,0.396,0.165,0,0,0.99,0.645,0,0,0.254,0.248,0.527,0,0,0,0,0,0,0,0,0.67,0,0.224,0,0,0.25,0,0.972,0.223,0.161,0.197,0.684,0.172,0.446,0,0.247,0.154,0.192,0,0,0,0.172,0,0,0,0,0,0,0.258,0,0,0,0,0,0,0,0.223,0.261,0,0,0.191,0,0.203,0,0,0,0.189,0,0,0,0.186,0,0.325,0.919,0.15,0.829,0,0.887,0.307,0.221,0,0,0,0,0,0.854,0,0,0,0,0.315,0,0,0,0.433,0,0,0,0.456,0.361,0,0,0,0,0.318,0,0.437,0.212,0,0,0,0,0.28,0,0.342,0,0.259,0.412,0.18,0.471,0,0.929,0,0.412,0.441,0.351,0,0.228,0.398,0,0.872,0.383,0,0,0.244,0,0.256,0,0,0.319,0.167,0.236,0.169,0,0.336,0,0,0.416,0.177,0,0.389,0,0.696,0.335,0,0.56,0.173,0.203,0,0,0,0.647,0,0.716,0.854,0.367,0,0.151,0.222,0.494,0.753,0.995,0,0.241,0,0,0,0,0.365,0.348,0,0.248,0.213,0,0.361,0.41,0.155,0.697,0.308,0.352,0,0,0,0,0,0.176,0,0,0.576,0,0,0,0.279,0,0.416,0,0,0.246,0,0,0.565,0,0.228,0.259,0.217,0,0.167,0.504,0,0.177,0.993,0,0.199,0.729,0.273,0,0,0,0,0,0.999,0,0,0,0.379,0.167,0.635,0,0.688,0,0,0.57,0.308,0,0.313,0,0,0.453,0.242,0.631,0,0.171,0.582,0,0,0,0.338,0,0,0.254,0,0.369,0.288,0.33,0,0,0.95,0,0,0.476,0,0,0,0.432,0.294,0,0,0.174,0.628,0,0.654,0.753,0.264,0.346,0,0,0,0.152,0.36,0.321,0.369,0.418,0,0,0.363,0,0.526,0,0.189,0,0.175,0.474,0.477,0,0.202,0.768,0.414,0.346,0.281,0,0,0.356,0,0.386,0.661,0,0,0.229,0.632,0,0,0.327,0.193,0,0.565,0.369,0,0,0,0.165,0.191,0.255,0.159,0.253,0,0.316,0.371,0.167,0.376,0.999,0,0,0,0.335,0.981,0.777,0,0,0,0.516,0.204,0.312,0.191,0.211,0,0.161,0,0.187,0.311,0.194,0,0.172,0.398,0.259,0.405,0.315,0.32,0.37,0,0.726,0.229,0.229,0.203,0.826,0.202,0.336,0,0,0,0.206,0.371,0.175,0.258,0.172,0,0.736,0.192,0.419,0.222,0.163,0.422,0.29,0,0,0,0,0.307,0.684,0.175,0,0,0,0.163,0,0.175,0.453,0,0,0.774,0.182,0,0.392,0.155,0.276,0.219,0,0,0,0.892,0.219,0.823,0,0,0.192,0.82,0,0,0.157,0,0.277,0.214,0,0.479,0,0.952,0.151,0.178,0.608,0.195,0,0,0.17,0.355,0.4,0,0,0,0.167,0,0.28,0.375,0.833,0,0,0,0.218,0.187,0,0,0,0.151,0,0.168,0.187,0.159,0.361,0,0,0.565,0.175,0,0.44,0.37,0.503,0,0.999,0,0.179,0.23,0.269,0,0.191,0,0.994,0.375,0.393,0.175,0.199,0,0,0,0,0.28,0.539,0.367,0,0,0,0.169,0,0.336,0.226,0.311,0,0,0,0.479,0,0.778,0.825,0.301,0.184,0,0,0,0.453,0,0.153,0,0.427,0.292,0,0.267,0,0,0.305,0.189,0.191,0.62,0.199,0,0,0.485,0,0.248,0.643,0.205,0.392,0.434,0,0.176,0,0.226,0,0,0,0,0,0.169,0.214,0.309,0.34,0.294,0.417,0,0.247,0,0.373,0,0.273,0.301,0.225,0,0.27,0.369,0,0.239,0.229,0.756,0.191,0.201,0.381,0.564,0.61,0.175,0,0.182,0,0.467,0.672,0.292,0,0.947,0.384,0,0,0.186,0.554,0.34,0.996,0.235,0.285,0,0.576,0,0.314,0.258,0.179,0,0.783,0.494,0.279,0,0.262,0.271,0,0,0,0.427,0,0,0,0,0,0.17,0,0,0.183,0,0,0,0,0.238,0,0.171,0.693,0.501,0,0,0,0,0,0.455,0,0.283,0,0.21,0,0.373,0.321,0.249,0.184,0.25,0,0.168,0,0,0,0.375,0,0,0.32,0.28,0.594,0.201,0.285,0,0,0,0,0.204,0,0.233,0.353,0.77,0.254,0.18,0,0,0.169,0,0,0.393,0.176,0,0,0.171,0.682,0.209,0,0.672,0.314,0.357,0.449,0.176,0.257,0.448,0.33,0,0.225,0.292,0,0.211,0.764,0,0,0.18,0.279,0,0.276,0,0.365,0.699,0.161,0,0.386,0,0.238,0.542,0.481,0.425,0.553,0.313,0,0.278,0.473,0,0,0.757,0.255,0,0,0.347,0.633,0,0.211,0.81,0.659,0.171,0.198,0,0.454,0,0,0.157,0,0.173,0,0.277,0.399,0.222,0,0.152,0.353,0,0.168,0,0,0,0.27,0.567,0.505,0.172,0.897,0.228,0,0,0,0.167,0,0.321,0,0,0,0,0,0,0,0,0.475,0.259,0,0.335,0,0.245,0.215,0.467,0,0,0,0.226,0.234,0.67,0,0.383,0.403,0,0,0.317,0.27,0.35,0.208,0.197,0.175,0.173,0.201,0,0.528,0,0.176,0.453,0.514,0.186,0,0.175,0.232,0.206,0.407,0,0.192,0.38,0,0.239,0.288,0,0,0.307,0,0,0,0.838,0,0,0,0,0,0,0.749,0,0.467,0,0.531,0,0,0.222,0.323,0,0,0.945,0,0,0.24,0,0.529,0.3,0.278,0.81,0,0,0,0.209,0,0.635,0.634,0.307,0.447,0.2,0,0.48,0,0,0,0.351,0.445,0,0.168,0.702,0,0,0,0.151,0.346,0.329,0,0.285,0.392,0,0,0.949,0,0.737,0.475,0,0,0.188,0.379,0.806,0.19,0.165,0.185,0,0,0.271,0.286,0.464,0,0.253,0,0,0.179,0.3,0.275,0,0.792,0.188,0,0.563,0.283,0,0,0,0,0,0,0,0,0,0,0,0,0,0,0,0.203,0,0,0,0,0,0,0,0,0,0.266,0,0,0,0,0.171,0.612,0,0,0,0,0,0,0.203,0,0.203,0,0,0,0.173,0,0,0.176,0.308,0,0,0,0,0,0,0,0.303,0,0.203,0,0,0,0.373,0,0,0,0,0,0.154,0.277,0.183,0,0.322,0,0,0.311,0,0,0,0,0,0,0.161,0,0,0.454,0,0.456,0,0.228,0.574,0,0.44,0,0,0,0,0,0,0,0.794,0,0,0,0,0,0,0,0,0,0.179,0,0,0,0,0.276,0,0,0,0,0,0,0,0,0,0,0.234,0,0.21,0,0.21,0.172,0.465,0,0,0,0,0,0,0,0,0,0.166,0,0,0,0,0.151,0,0.696,0.364,0,0,0,0,0,0,0.229,0,0.183,0,0,0,0.242,0,0,0.208,0,0.521,0,0,0.354,0,0,0,0,0,0.309,0.168,0,0,0.216,0,0.15,0.186,0.22,0,0,0,0.45,0,0,0,0.319,0,0,0,0,0,0.174,0.327,0,0.59,0,0.179,0.244,0,0,0,0,0,0.155,0,0,0,0.455,0,0,0,0.172,0,0.181,0,0,0.244,0,0,0.191,0.191,0,0.186,0,0,0,0,0,0,0,0,0,0,0,0,0,0,0.339,0.218,0,0.544,0,0,0,0,0,0,0,0.403,0.154,0,0,0.272,0.154,0,0,0,0.283,0,0,0.183,0.907,0,0,0,0,0.179,0,0.431,0,0,0,0,0.194,0,0,0,0,0,0,0,0,0.233,0,0,0,0,0.478,0,0.237,0,0.379,0,0,0.188,0,0,0,0,0,0.307,0.238,0.428,0.193,0,0,0.357,0,0.853,0,0,0,0.296,0,0.239,0,0,0,0,0,0.236,0,0.333,0,0,0,0,0,0,0,0,0,0,0,0.371,0,0,0,0,0,0.159,0,0,0,0.228,0,0,0,0,0,0,0,0,0.437,0,0.587,0,0,0,0.162,0,0,0,0,0.173,0,0,0,0,0.159,0,0.698,0.22,0.663,0,0,0,0.272,0.459,0,0,0,0.229,0.158,0,0,0,0.587,0,0,0.264,0,0,0,0,0,0,0,0,0,0,0.419,0,0,0.484,0.293,0,0,0.179,0,0,0,0,0.218,0,0,0,0.226,0,0,0,0,0.162,0.158,0,0,0,0.279,0.232,0,0.251,0.702,0.452,0.189,0,0,0,0.151,0,0.689,0,0,0,0,0,0,0,0,0,0,0,0.195,0,0,0,0,0,0.243,0,0,0,0,0,0.223,0,0,0,0,0,0,0,0,0,0,0,0,0,0,0,0,0,0,0.443,0,0.218,0,0,0.605,0.353,0,0.267,0,0,0,0,0,0,0,0,0.316,0.493,0,0,0,0,0,0,0,0,0,0,0.189,0.299,0,0,0,0.163,0,0,0,0.249,0,0.239,0,0,0,0,0,0.265,0,0,0,0,0.315,0,0,0.218,0,0.234,0,0,0,0,0,0.489,0.288,0,0,0,0,0,0.182,0,0.19,0,0.797,0,0,0,0,0,0,0,0,0,0,0,0,0,0,0,0.619,0,0,0,0,0.188,0.532,0,0,0.25,0,0,0.273,0,0,0,0,0,0,0,0,0.277,0,0,0,0,0,0,0,0,0,0.196,0,0,0,0,0,0,0,0,0,0,0,0.475,0,0,0,0.242,0,0,0,0,0,0,0,0,0,0,0,0,0,0,0.167,0,0,0.196,0,0,0.156,0,0,0,0,0.23,0,0,0,0,0,0.155,0,0,0,0,0,0,0,0,0,0,0,0,0,0,0,0.391,0,0,0,0,0,0,0,0,0,0,0,0.18,0.288,0,0,0,0,0,0,0,0.427,0.219,0,0,0.295,0,0,0,0,0,0,0,0,0,0,0.247,0,0,0,0,0.284,0,0,0,0.244,0,0,0.217,0,0,0,0.188,0,0,0,0,0,0,0.182,0,0,0,0.216,0,0,0,0,0,0,0,0,0,0,0,0,0,0,0.253,0,0,0,0,0,0.273,0,0,0,0.199,0,0,0,0,0,0,0.16,0,0.185,0,0,0,0,0,0,0,0,0.156,0.18,0.194,0,0.19,0,0,0.165,0.195,0,0,0.19,0,0,0,0,0,0,0,0,0.312,0,0,0,0,0,0,0,0,0,0.168,0,0,0,0,0,0,0,0,0.188,0,0.294,0,0.432,0,0,0,0,0,0.164,0,0,0,0,0.277,0,0,0.32,0,0,0.249,0,0,0,0.182,0.209,0,0,0,0.157,0,0.23,0,0,0,0,0.191,0.267,0,0,0,0,0,0.22,0,0,0,0,0,0,0,0,0,0.219,0,0,0.276,0,0,0,0,0,0,0,0,0,0,0,0.165,0,0,0,0.497,0,0.271,0.323,0,0,0.306,0.305,0.51,0.15,0,0,0.564,0.228,0,0.151,0.645,0,0.584,0.769,0,0,0,0,0.154,0,0,0.339,0,0,0,0.571,0.454,0,0.634,0.163,0,0,0,0,0.186,0,0,0,0,0.204,0,0.154,0,0.253,0.475,0.18,0,0,0.354,0,0,0.434,0,0.16,0,0,0.645,0,0,0.294,0,0,0,0,0.348,0.193,0,0,0,0.518,0,0,0,0.152,0.438,0,0,0.38,0,0.998,0.263,0,0,0,0.377,0,0.256,0,0,0,0.466,0,0.536,0.254,0.307,0.189,0,0.451,0.456,0.214,0,0,0.151,0.186,0,0,0.151,0.203,0.264,0.53,0,0.309,0.252,0,0.521,0,0.342,0.177,0,0,0,0.342,0,0,0,0,0.217,0.312,0.427,0,0,0,0,0,0.441,0,0,0.684,0.392,0.317,0,0,0.442,0,0.165,0,0.992,0,0,0.183,0,0.559,0.295,0,0,0.497,0,0,0,0,0,0.319,0,0,0.468,0.454,0,0.415,0,0.496,0,0,0,0.29,0,0,0,0.251,0,0,0,0,0,0.195,0.183,0.167,0.621,0,0.896,0.175,0,0,0.177,0.933,0.32,0.155,0.615,0,0,0.389,0,0.759,0,0,0,0,0,0.314,0,0,0,0,0,0,0,0,0,0,0,0,0,0,0,0,0,0,0,0,0,0.229,0,0,0,0,0,0,0,0,0,0,0,0.15,0,0,0,0,0.193,0,0,0,0.274,0,0,0,0,0,0,0.201,0.299,0,0,0,0,0,0,0,0,0,0,0,0,0,0,0.154,0,0,0,0,0,0,0.262,0,0,0,0,0,0,0,0,0,0,0,0,0,0,0,0,0,0.201,0.152,0,0,0,0,0,0,0,0,0,0,0.153,0,0,0,0,0,0,0,0,0,0.166,0,0,0.185,0,0,0.372,0,0,0,0,0.441,0,0,0,0.201,0,0,0.843,0,0,0,0,0,0.25,0,0,0.303,0,0,0,0,0,0,0,0.476,0,0,0,0,0.307,0.305,0,0,0,0.36,0.262,0.241,0.159,0,0.173,0.247,0,0,0,0.452,0,0,0,0.277,0,0,0,0,0,0.218,0,0,0.568,0,0,0.255,0,0,0.218,0.552,0,0.184,0.198,0,0.813,0.231,0,0.187,0.21,0,0.26,0,0,0,0,0,0,0,0,0,0,0.789,0.159,0,0.378,0,0,0.159,0,0,0,0.239,0.609,0,0,0,0,0.273,0,0,0.362,0,0.232,0,0,0,0.342,0,0,0.273,0,0,0,0.277,0.218,0,0,0.338,0.353,0.354,0,0,0,0,0,0.164,0,0,0,0.199,0,0.195,0,0,0.218,0,0.362,0.201,0.189,0.493,0.218,0,0,0,0,0.51,0,0.189,0.351,0.256,0.286,0,0,0,0,0,0,0,0,0,0,0,0,0,0,0,0,0,0,0,0.292,0,0,0,0.284,0,0,0,0,0,0,0,0,0,0,0.217,0,0,0,0,0,0,0,0,0,0,0,0,0,0,0,0,0,0,0,0,0,0,0,0,0,0,0,0,0,0,0,0,0,0,0,0.21,0,0.204,0,0,0,0,0,0,0,0,0,0,0,0,0,0,0,0,0,0,0,0,0,0.377,0,0,0,0.156,0,0,0,0,0,0,0,0.197,0.179,0,0.277,0,0,0,0,0.208,0,0,0,0,0.286,0,0,0,0,0,0,0,0,0,0,0,0,0,0,0,0,0,0,0,0,0,0,0,0.154,0.477,0,0,0,0,0,0,0,0,0,0,0.169,0,0,0.564,0.503,0,0,0,0,0,0.182,0,0,0,0,0,0,0,0,0.203,0,0,0.181,0,0.209,0,0,0,0,0,0,0,0,0,0,0,0,0,0.73,0.464,0,0,0,0,0,0,0,0,0,0,0,0,0,0,0,0,0,0,0,0,0,0,0,0,0.22,0,0.174,0,0,0,0,0.367,0,0,0,0,0,0,0,0,0,0,0.159,0.213,0,0.151,0,0,0,0,0,0,0,0,0,0,0,0,0,0,0,0,0,0,0,0.493,0,0,0,0.17,0,0,0,0,0.293,0,0,0,0,0,0,0,0,0,0,0,0,0.167,0,0.172,0,0,0.387,0,0,0,0,0,0,0,0,0,0,0.468,0,0,0,0,0,0,0.541,0,0.16,0,0,0,0,0,0,0,0,0,0,0,0,0,0,0,0,0,0,0,0,0,0,0,0,0,0,0,0,0,0,0.176,0,0,0,0,0.197,0,0.242,0,0.156,0,0,0,0.318,0,0.153,0,0,0,0,0,0.183,0,0,0,0.258,0,0,0.257,0,0,0.516,0,0.317,0,0.165,0,0,0.176,0,0,0,0,0,0,0.423,0,0.367,0,0.992,0,0.361,0,0,0.212,0,0,0,0.473,0.179,0.158,0,0,0.153,0.522,0,0.182,0,0.267,0,0,0,0,0.16,0,0.189,0,0,0,0,0.235,0.162,0,0,0,0.151,0.422,0.18,0,0.338,0,0.5,0.429,0,0.153,0.218,0.155,0,0,0,0,0.22,0.159,0,0,0.578,0.166,0,0.25,0.162,0,0,0,0.237,0,0,0.181,0,0.222,0,0,0,0.257,0.226,0,0,0,0,0,0.312,0.172,0,0,0.213,0,0,0,0,0.377,0,0,0,0,0.215,0.198,0.153,0,0,0,0,0,0.167,0.215,0.167,0,0,0,0,0.33,0,0,0,0.227,0,0,0,0,0.292,0,0,0,0.176,0.497,0,0,0,0,0,0,0,0.201,0,0.322,0.476,0,0,0.203,0,0,0.3,0,0.303,0,0,0.637,0.315,0,0.356,0.2,0,0,0,0,0,0,0,0.381,0,0.188,0,0,0.248,0,0.269,0,0,0.218,0,0,0,0.497,0.566,0,0,0,0.323,0.374,0,0,0.406,0,0,0.38,0.24,0,0,0,0.173,0,0.223,0,0.331,0.165,0,0,0,0.159,0.155,0,0.355,0,0.343,0.368,0,0.278,0,0.255,0,0.226,0,0,0,0,0,0,0,0,0,0,0,0,0,0,0,0,0,0,0,0,0,0.196,0.284,0,0,0,0.29,0,0,0,0,0,0,0,0,0,0,0.284,0,0,0,0,0.154,0,0,0,0,0,0,0,0,0,0.178,0,0,0,0,0,0,0,0,0,0,0,0,0.451,0,0,0,0,0,0,0.288,0,0,0,0,0,0,0,0.226,0,0,0,0,0,0,0,0,0.163,0,0.218,0.178,0,0.81,0.254,0,0.283,0.236,0.73,0.156,0.323,0.156,0,0.171,0,0.401,0,0,0.15,0,0,0.745,0,0,0,0,0,0.346,0,0,0.486,0.323,0,0,0,0,0.461,0,0,0,0.218,0.182,0,0.253,0.354,0.227,0.381,0.47,0.525,0,0.757,0,0,0,0,0,0,0,0,0,0.328,0.471,0.399,0,0,0,0.194,0,0.446,0,0.287,0.296,0,0,0,0,0,0,0.233,0,0,0.255,0,0.853,0.356,0,0,0,0,0.419,0.22,0,0.192,0.395,0,0.593,0,0.327,0.427,0.156,0,0,0,0,0,0,0,0,0,0,0,0,0,0.153,0,0,0,0,0,0,0,0,0,0,0,0,0,0,0,0,0,0,0,0,0,0.209,0,0,0,0,0,0.324,0,0,0,0,0.171,0.223,0,0.216,0,0,0,0,0,0.175,0,0,0,0,0,0.253,0.245,0.169,0.28,0,0,0,0,0,0,0,0,0,0,0,0,0,0,0,0,0.203,0,0,0,0.519,0,0,0,0.167,0,0,0,0.227,0,0,0,0,0.48,0,0,0,0,0,0,0.166,0,0,0,0,0,0,0,0,0,0,0,0,0,0,0,0.173,0,0,0,0,0,0,0.169,0,0,0.158,0,0,0,0,0,0,0,0,0,0,0,0,0.78,0,0,0,0,0,0,0,0,0,0,0,0,0,0.654,0,0.175,0,0.345,0,0.183,0,0.212,0,0,0.192,0.23,0,0,0,0,0,0,0,0,0,0.207,0,0,0.171,0,0,0,0.177,0,0,0,0,0,0.218,0,0,0,0,0,0,0.238,0,0,0.177,0,0,0.278,0,0,0,0,0,0.171,0.152,0,0,0,0.382,0.183,0,0.199,0,0.182,0,0,0,0,0.311,0,0.298,0,0,0,0,0,0,0.239,0.353,0,0,0,0,0,0.321,0,0,0,0.298,0,0,0,0,0.296,0,0,0.209,0,0,0.176,0,0,0,0,0,0,0,0,0,0,0,0.191,0,0.223,0,0,0,0.353,0,0.491,0,0,0,0.181,0,0,0,0,0,0.216,0,0.347,0.265,0.182,0.267,0,0,0,0,0,0.365,0,0,0,0,0,0,0.217,0,0,0,0.229,0.27,0.25,0.282,0,0,0.292,0.292,0,0.189,0,0,0,0.184,0,0,0,0,0.275,0,0,0.196,0,0,0.622,0.169,0,0,0,0,0,0,0,0,0,0,0,0,0,0,0,0,0,0,0,0,0.171,0,0,0,0,0,0,0,0,0,0,0.57,0,0,0,0,0,0,0,0,0,0,0,0,0,0,0,0,0,0.172,0,0,0,0,0.181,0.153,0,0,0,0,0,0.342,0,0,0,0,0,0.18,0,0,0.188,0,0,0,0,0,0.45,0,0,0,0,0,0,0,0,0,0,0.183,0,0,0,0,0,0.199,0,0,0,0,0,0,0,0,0,0,0.232,0,0,0,0,0,0,0.169,0,0.27,0,0,0,0,0,0,0.286,0.161,0,0,0,0,0,0,0.173,0,0,0,0,0,0,0,0,0,0,0,0.173,0,0,0,0,0,0.175,0,0,0,0,0,0,0,0,0,0,0.199,0,0,0,0,0,0,0,0,0,0,0.256,0,0,0,0,0,0,0.314,0,0.158,0,0.281,0,0,0,0,0.193,0,0,0,0,0,0,0,0,0.188,0,0,0,0.176,0,0,0,0.158,0,0.158,0,0,0.422,0,0.366,0,0,0,0,0,0.288,0,0,0,0,0,0,0,0,0,0,0,0,0,0,0.176,0,0,0,0,0,0,0,0,0.194,0,0,0,0,0,0,0,0,0,0,0,0,0.326,0,0.2,0,0,0,0,0,0,0,0,0,0,0,0,0,0,0,0,0,0.241,0,0.228,0,0,0,0.218,0,0,0,0,0,0,0,0,0,0,0,0,0,0,0,0,0,0.411,0,0,0,0,0,0,0,0.201,0,0,0,0,0,0,0,0,0,0,0,0,0,0,0,0,0,0,0,0,0,0,0,0,0,0,0,0,0,0,0,0,0,0,0,0,0,0,0,0.159,0,0.159,0,0,0,0,0.29,0,0,0,0,0,0,0,0,0,0,0,0.183,0,0,0,0,0,0,0,0,0,0,0,0.206,0,0,0,0,0,0,0,0,0.158,0,0,0,0,0,0,0,0,0,0,0,0,0,0,0,0,0,0,0,0,0,0,0,0,0,0,0,0,0,0,0,0,0,0,0,0,0,0,0,0,0,0,0,0,0,0,0,0,0,0,0.263,0,0,0,0,0,0,0,0,0,0,0,0,0,0,0,0,0,0,0,0,0,0,0,0,0,0,0,0,0,0,0,0,0,0,0,0,0,0,0,0,0,0,0,0,0,0,0,0,0,0,0,0,0,0,0,0,0,0,0,0,0,0,0,0,0.176,0.286,0,0,0,0.175,0,0,0,0,0.368,0,0,0,0,0,0,0,0.292,0,0,0,0,0,0,0,0,0.228,0.181,0,0,0,0,0,0,0,0.289,0,0.229,0,0,0,0,0,0,0,0.284,0,0,0,0,0,0,0,0,0,0,0,0,0,0,0,0,0,0,0,0,0,0,0,0,0,0,0,0,0,0,0,0,0,0,0,0,0,0,0,0,0,0,0,0,0,0,0,0,0,0.194,0,0,0,0,0,0,0,0,0,0,0,0,0,0.156,0,0,0,0,0,0,0.165,0,0,0,0,0,0,0,0,0,0,0,0,0,0,0,0,0,0,0,0,0,0,0,0,0,0,0,0,0,0.169,0,0,0,0,0,0,0,0,0,0,0,0,0,0,0,0,0,0,0,0,0,0,0,0,0,0,0,0,0,0,0,0.155,0,0,0,0,0,0,0,0,0,0,0,0,0,0,0,0,0,0,0.277,0,0,0,0,0.3,0,0,0,0,0,0,0,0,0,0,0,0,0,0,0,0,0,0,0,0,0,0,0,0,0,0,0,0,0,0,0,0,0,0,0,0,0.209,0,0,0,0,0,0,0,0,0,0,0,0,0,0,0,0,0,0,0,0,0,0,0,0,0,0,0,0,0,0,0,0,0,0,0,0,0,0,0,0.183,0,0,0,0,0,0,0,0,0,0,0,0,0
854549,0,0,0,0,0,0,0.599,0,0,0.157,0,0,0,0,0,0,0,0,0,0,0,0,0,0,0,0,0,0,0,0,0,0,0.201,0,0,0,0,0,0,0,0,0.276,0,0,0,0,0,0,0,0,0,0,0,0,0,0.248,0,0.16,0,0,0,0,0,0,0.302,0,0,0.597,0,0.245,0.895,0,0,0,0.326,0,0,0,0,0,0,0,0.305,0,0,0,0,0,0,0,0,0,0.265,0,0,0,0.157,0,0.237,0,0,0.45,0,0,0,0,0,0,0,0,0,0,0,0,0.235,0,0,0,0,0,0,0,0,0,0,0.77,0,0,0,0,0,0,0,0,0,0.189,0,0,0,0,0,0,0,0,0,0,0,0,0,0.377,0.276,0,0,0,0,0,0,0,0,0,0,0,0,0.208,0.158,0,0,0,0,0,0,0,0,0,0,0,0,0,0,0,0,0,0,0,0,0,0,0,0,0,0,0,0,0,0.234,0,0,0,0,0,0,0,0,0,0,0,0,0,0,0.173,0,0,0,0,0,0,0,0,0,0,0,0,0,0,0,0,0.187,0,0,0,0,0,0,0,0,0,0.266,0,0,0,0,0,0,0,0,0,0,0,0,0,0,0,0.92,0.282,0,0,0,0,0,0,0,0,0,0,0,0,0,0,0,0,0,0,0,0,0,0,0,0,0,0,0,0,0,0,0,0,0,0,0,0.226,0,0,0,0,0,0,0,0,0,0,0,0,0,0,0,0,0,0,0,0,0,0,0,0.554,0,0,0,0,0,0,0,0,0,0,0,0,0,0,0,0,0,0,0,0,0,0,0,0,0,0,0,0,0,0.168,0,0,0,0,0,0,0,0,0,0,0.483,0,0,0,0,0,0,0,0,0,0,0,0,0,0,0,0,0.208,0,0,0,0,0,0,0,0,0,0,0,0,0,0,0,0,0,0,0,0,0,0,0,0,0,0,0,0,0,0,0,0,0.227,0,0,0,0,0,0,0,0,0,0,0,0,0,0,0,0,0,0,0,0,0,0,0,0,0,0,0,0,0,0,0,0,0,0.332,0,0,0,0,0,0,0,0,0,0,0,0,0,0,0,0,0,0,0,0,0,0,0,0,0,0,0,0,0,0,0,0,0,0,0,0,0,0,0,0,0,0,0,0,0,0,0.561,0,0,0,0,0,0,0,0,0,0,0,0,0,0,0,0,0,0.344,0,0,0,0,0,0,0,0,0,0,0,0,0,0,0,0,0,0,0,0,0,0,0,0,0,0,0,0,0,0,0,0,0,0.9,0,0,0.271,0,0,0,0,0,0,0,0.267,0,0,0,0,0,0,0,0,0,0,0,0,0,0,0,0,0,0,0,0,0,0,0,0,0,0,0,0,0,0,0,0,0,0,0,0,0,0,0,0,0,0,0,0.151,0,0,0,0,0,0,0.226,0,0,0,0,0,0,0,0,0,0,0,0,0,0,0,0,0,0,0,0,0,0,0,0,0,0,0,0,0,0,0,0,0,0.423,0,0,0,0.245,0,0,0,0,0,0,0,0,0,0,0,0,0,0,0,0,0.288,0,0,0,0,0,0,0,0,0,0,0,0,0,0,0,0,0,0,0,0,0,0,0,0,0,0,0,0,0,0,0,0,0,0,0,0,0,0,0,0,0,0,0,0,0,0,0,0,0,0,0,0,0,0,0,0,0,0,0,0,0,0,0,0,0,0,0,0,0,0,0,0,0,0,0,0,0,0,0,0,0,0,0,0,0,0,0,0,0,0,0,0,0,0,0,0,0,0,0,0,0,0,0,0,0,0,0,0,0,0.906,0,0,0,0,0,0,0,0,0,0,0,0.159,0,0,0,0,0,0,0,0,0,0,0,0,0,0,0.267,0,0,0,0,0,0,0,0,0,0,0,0,0,0,0,0,0,0,0,0,0,0,0,0,0,0,0,0,0,0,0,0,0,0,0,0,0,0,0,0,0,0,0,0,0,0,0,0,0,0,0.216,0,0,0,0,0,0,0.442,0,0,0,0,0,0,0.9,0,0,0,0,0,0,0,0,0.162,0,0,0,0,0,0,0,0,0,0,0,0,0,0,0,0,0,0,0,0.561,0,0,0,0,0,0,0,0,0,0,0,0.902,0,0.48,0,0,0,0,0,0,0,0,0,0,0,0,0,0,0,0,0,0,0,0,0,0,0,0,0,0,0,0,0,0,0,0,0,0.277,0,0,0,0,0,0,0,0.273,0,0,0,0,0.288,0.194,0,0,0,0,0,0,0,0,0,0,0,0,0,0,0,0,0,0,0,0,0,0,0,0,0,0,0,0,0,0,0,0,0,0,0,0,0,0,0,0,0,0,0,0,0,0,0,0,0,0,0.91,0,0,0,0,0,0,0,0,0,0,0,0,0,0,0,0,0,0,0,0,0,0,0,0,0,0,0,0,0,0,0,0,0,0,0,0,0,0.154,0,0,0,0,0,0,0,0,0,0,0,0,0,0,0,0,0,0,0,0,0,0,0,0,0,0,0,0,0,0,0,0,0,0,0,0,0,0,0,0,0,0,0,0,0,0,0,0,0,0,0,0,0,0,0,0,0,0,0,0,0,0,0,0,0,0,0,0,0,0,0,0,0,0,0,0,0,0,0,0,0,0,0,0,0,0,0,0,0,0,0,0,0,0,0,0,0,0,0,0,0.314,0,0,0,0,0,0,0.442,0,0,0,0,0,0,0,0,0,0,0,0,0,0,0,0,0,0,0,0,0,0,0,0,0.214,0,0,0,0,0,0.48,0,0,0,0,0,0.169,0,0,0,0,0,0.178,0.537,0,0,0,0,0,0,0,0,0,0,0,0,0,0,0,0,0,0,0,0,0,0,0,0,0,0,0.179,0,0,0,0,0,0,0,0,0,0,0,0,0,0,0,0,0,0,0,0,0,0,0,0,0,0,0,0,0.157,0,0,0,0,0,0,0,0,0,0,0,0,0,0,0,0,0,0,0,0,0,0,0,0.537,0,0,0,0,0,0,0,0,0,0,0,0,0,0,0,0,0,0,0,0,0,0,0,0,0,0,0,0,0,0,0,0,0,0,0,0,0,0,0,0,0,0,0,0,0,0,0,0,0,0,0,0,0,0,0,0,0,0,0,0,0,0,0,0,0,0,0,0,0,0,0,0,0,0,0,0,0,0,0,0,0,0,0,0,0,0,0,0,0,0,0.288,0,0,0,0,0,0,0,0,0,0,0,0,0,0,0,0,0,0,0,0.656,0,0,0,0,0,0,0,0,0,0,0,0,0,0,0,0,0,0,0,0,0,0,0,0,0,0,0,0.458,0,0,0,0,0,0,0,0,0,0,0,0,0,0,0,0.288,0,0,0,0,0,0,0,0,0,0,0,0,0,0,0,0,0,0,0,0,0,0,0,0,0,0.179,0,0,0,0,0,0,0,0,0,0,0,0,0,0,0,0,0,0,0,0,0,0,0,0,0,0,0,0,0,0,0,0,0,0,0,0,0,0,0,0,0,0,0,0,0,0.178,0,0,0,0,0,0.16,0,0,0,0,0,0,0,0,0,0,0,0,0,0,0,0,0,0,0,0,0,0,0,0.19,0,0,0,0,0,0,0,0,0,0,0,0,0,0,0,0,0,0,0,0,0,0,0,0,0,0,0.905,0,0,0,0,0,0,0,0,0,0,0,0,0,0,0,0,0,0,0,0,0,0,0,0.229,0,0,0,0,0,0.262,0,0,0,0,0,0,0,0,0,0,0,0,0.848,0,0,0,0,0,0,0,0,0,0,0,0,0,0.174,0,0,0,0,0,0.428,0,0,0,0,0,0,0,0,0,0,0,0,0,0,0,0,0,0,0,0,0,0,0.355,0,0,0,0,0,0,0,0,0,0,0,0,0,0,0,0,0.45,0,0,0,0,0,0,0,0,0,0,0,0,0,0,0,0,0,0,0,0,0,0,0,0,0,0,0,0,0,0,0,0,0,0,0,0,0,0,0,0.862,0,0,0,0,0,0,0,0,0,0,0,0,0,0,0,0,0,0.169,0,0,0,0,0,0,0,0,0,0,0,0,0,0,0,0,0,0,0,0,0,0,0,0,0,0,0,0,0,0,0,0,0,0,0,0,0,0,0,0,0,0,0,0,0,0,0,0,0,0,0,0,0,0,0,0,0,0,0,0,0,0,0,0,0,0,0,0,0,0,0,0,0,0,0,0,0,0,0,0,0,0,0,0,0,0,0,0,0,0,0,0,0.928,0,0,0,0,0,0,0,0,0,0,0,0.338,0,0,0,0,0,0,0,0,0,0,0.213,0,0,0,0,0,0,0,0,0,0,0,0,0,0,0,0,0,0,0,0,0,0,0,0,0,0,0,0,0,0,0,0,0,0,0,0,0,0,0,0,0,0,0,0,0,0,0,0,0,0,0,0,0,0.241,0,0,0,0,0,0,0,0,0,0,0,0,0,0,0,0,0,0,0,0,0,0,0,0,0,0,0,0,0,0.313,0,0,0,0,0,0,0,0,0,0,0,0,0,0,0,0,0,0,0,0,0,0,0,0,0,0.19,0.901,0,0,0,0,0,0,0,0,0,0,0,0,0,0,0,0,0,0,0,0,0,0,0.901,0,0,0,0,0,0,0,0,0,0,0,0,0,0,0,0,0,0.247,0,0,0,0,0,0,0,0,0,0,0,0,0,0,0,0,0,0,0,0.318,0,0,0,0,0,0,0,0,0,0,0,0.232,0,0,0,0,0,0,0,0,0,0,0,0.247,0,0.177,0,0,0,0,0,0,0,0,0,0,0,0,0,0,0,0,0,0,0,0,0,0,0,0,0,0,0,0,0,0.467,0,0,0,0,0,0,0,0,0,0,0,0,0,0,0,0,0,0.29,0,0,0,0,0,0,0,0,0,0,0,0,0,0,0,0,0,0,0,0,0,0,0,0,0,0,0,0,0,0,0,0,0,0,0,0,0,0,0,0,0,0,0.637,0,0,0.17,0,0,0,0,0,0,0,0,0,0,0,0,0,0,0,0,0,0,0,0,0,0,0,0,0,0,0,0,0,0,0,0,0,0,0,0,0,0,0,0,0,0,0,0,0,0,0,0,0,0,0,0,0,0,0,0,0,0,0,0,0,0,0,0,0,0,0,0,0,0,0,0,0,0,0,0,0,0,0,0,0,0,0,0,0,0,0,0,0,0,0,0,0,0,0,0,0,0,0,0,0,0,0,0,0,0,0,0,0,0,0,0,0,0,0,0,0,0,0,0,0,0,0,0,0,0,0,0,0,0,0,0,0,0,0,0,0,0.901,0,0,0,0,0,0,0,0,0.908,0,0,0,0,0,0,0,0,0,0,0,0,0,0,0,0,0,0.974,0,0,0,0,0,0,0,0,0,0,0,0,0,0,0,0,0,0,0,0,0,0,0,0,0,0,0,0,0,0,0,0,0,0,0,0,0,0,0,0,0,0,0,0,0,0,0,0,0,0,0,0,0,0,0,0,0,0,0,0,0,0,0,0,0,0.531,0,0,0,0,0,0,0,0,0,0,0,0,0,0,0,0,0,0,0,0,0,0,0,0,0,0,0,0,0,0,0,0,0,0,0,0,0,0,0,0,0,0,0,0,0,0,0,0,0,0,0,0,0,0,0,0,0.623,0,0,0,0,0,0,0,0,0,0,0,0.9,0,0,0.152,0,0.168,0,0.236,0,0,0.165,0.403,0,0.236,0,0,0,0.62,0,0,0,0,0,0.614,0,0,0,0.72,0.7,0,0.192,0,0,0.483,0.484,0,0.887,0.692,0,0.554,0,0,0.617,0,0,0,0,0,0,0,0,0,0.653,0.406,0,0,0,0.203,0,0,0,0.682,0,0,0,0,0,0,0,0,0,0,0,0,0,0,0,0,0,0,0,0,0,0.187,0,0,0.387,0,0,0,0,0.626,0,0,0,0.856,0,0,0.46,0,0.417,0.182,0,0,0,0,0,0,0,0.649,0,0,0,0,0,0,0,0,0,0,0,0,0,0,0,0,0.61,0,0.61,0,0,0.867,0,0,0,0,0,0.211,0.537,0,0.462,0,0,0,0,0,0,0,0,0,0,0,0,0,0,0,0,0,0,0,0,0,0,0,0,0,0,0.198,0,0,0,0,0,0,0,0,0,0,0,0,0,0,0,0,0,0,0,0,0,0,0,0,0,0,0,0,0,0,0,0,0,0,0,0,0,0,0,0,0,0,0,0.904,0,0,0.185,0,0,0.155,0,0,0,0,0,0,0,0,0,0,0,0,0,0,0,0,0,0,0,0,0.696,0,0,0,0,0,0,0,0,0,0,0,0,0,0,0,0,0,0,0,0,0,0,0,0,0,0,0,0,0,0,0,0,0,0,0,0,0,0,0,0,0,0,0,0,0,0,0,0,0,0,0,0,0,0,0,0,0,0,0,0,0,0,0,0,0,0,0,0,0,0.245,0,0,0,0,0,0,0,0,0,0,0,0,0,0,0,0.267,0,0,0,0,0,0,0,0,0.158,0,0,0,0,0,0,0,0,0,0,0,0,0,0,0,0,0,0,0,0,0,0,0,0,0,0,0,0,0,0,0,0,0,0,0,0,0,0,0,0,0,0,0,0,0,0,0,0,0,0,0,0,0,0,0,0,0,0,0,0,0,0,0,0,0,0,0,0,0,0,0,0,0,0,0,0,0,0,0,0,0,0,0,0,0,0,0,0,0,0,0,0,0,0,0,0,0,0,0,0,0,0,0,0,0,0,0,0,0,0,0,0,0,0,0,0,0,0,0,0,0,0,0,0,0,0,0,0,0,0,0,0,0,0,0,0,0,0,0,0,0,0,0,0,0,0,0,0.208,0,0,0,0,0,0,0,0,0,0,0,0,0,0,0,0,0.154,0,0.311,0,0,0,0,0,0.277,0,0,0,0,0,0,0,0,0,0,0,0,0,0,0,0,0,0,0,0.349,0,0,0,0,0,0,0.257,0.901,0,0,0,0,0,0,0,0,0,0,0,0,0,0,0,0,0,0,0,0,0,0,0,0,0,0,0,0,0,0,0,0,0,0,0,0,0,0,0,0,0,0,0,0,0,0,0,0,0,0,0,0,0,0,0,0,0,0,0,0,0,0,0,0,0,0.345,0,0,0,0,0,0,0,0,0,0,0,0,0,0.257,0,0,0,0,0,0,0,0,0,0,0,0,0,0.267,0,0,0,0,0,0,0,0,0,0,0,0,0,0,0,0,0,0,0,0,0,0,0,0,0,0,0,0,0,0,0,0,0,0,0,0,0,0,0,0,0,0,0,0.158,0.262,0.185,0.267,0,0,0,0,0.178,0,0,0,0,0,0,0,0.262,0,0,0,0,0,0,0,0.262,0,0,0,0,0,0,0,0,0,0,0,0,0,0,0,0,0,0,0,0,0,0,0,0.253,0,0,0,0,0,0,0,0,0,0,0,0,0,0,0,0,0,0,0,0,0,0,0,0,0,0,0,0,0,0,0,0,0,0,0,0,0,0,0,0,0,0,0,0,0,0.223,0,0,0,0,0.262,0,0,0,0,0,0,0,0,0,0,0,0,0,0,0,0,0,0,0,0,0,0,0,0,0,0,0,0,0,0,0,0,0,0,0,0,0,0,0,0,0,0,0,0,0,0,0,0,0,0,0,0,0,0,0,0,0,0,0,0,0,0,0,0,0,0,0,0,0,0,0,0.338,0,0,0,0,0,0,0,0,0,0,0,0,0,0,0,0,0,0,0,0,0,0,0,0,0,0,0,0,0,0,0,0,0,0,0,0,0,0,0,0,0,0.239,0,0,0,0,0,0,0,0,0,0,0,0,0,0,0,0,0,0,0,0,0,0,0,0,0,0,0,0,0,0,0,0,0,0,0,0,0,0,0,0.319,0,0,0,0,0,0,0,0,0,0,0,0,0,0,0,0,0,0,0,0,0,0,0,0,0,0,0,0,0,0,0,0,0,0,0,0,0,0,0,0,0,0,0,0.152,0,0,0,0,0,0,0,0,0,0,0,0,0,0,0,0,0,0,0,0,0,0,0,0,0,0,0,0,0,0,0,0,0,0,0,0,0,0,0,0,0,0,0,0,0,0,0,0,0,0,0,0,0,0,0,0,0,0,0,0,0,0,0,0,0,0,0,0,0,0,0,0,0,0,0,0,0,0,0,0,0,0,0,0,0,0,0,0,0,0,0,0,0,0,0,0,0,0,0,0,0,0,0,0,0,0,0,0,0,0,0,0,0,0,0,0,0,0,0,0,0,0,0,0,0,0,0,0,0,0,0,0,0,0,0,0,0,0,0,0,0,0,0,0,0,0,0,0,0,0,0,0,0,0,0,0,0,0,0.335,0,0,0,0,0,0,0,0,0,0,0.902,0,0,0,0,0,0,0,0,0,0,0,0,0,0,0.15,0,0,0,0,0,0,0,0,0,0,0,0,0,0,0,0,0,0,0.749,0,0,0,0,0.191,0,0,0,0,0,0,0,0,0,0,0,0,0,0,0,0,0,0,0,0,0,0,0,0,0,0,0,0,0,0,0,0,0,0,0,0.9,0,0.9,0,0,0,0,0,0,0,0,0,0,0,0,0,0,0,0,0,0,0,0,0,0,0,0,0,0,0,0,0,0,0,0,0,0,0,0,0,0,0,0,0,0,0,0,0,0,0,0,0,0,0,0.426,0,0,0,0,0,0,0,0,0,0,0,0,0,0,0,0,0,0,0,0,0,0,0,0,0,0,0,0,0,0,0,0,0,0,0,0,0,0,0,0,0,0,0,0,0,0,0,0,0,0,0,0,0,0,0,0,0,0,0,0,0,0,0,0,0,0,0,0,0,0,0,0,0,0,0,0,0,0,0,0,0,0.319,0,0,0,0,0,0,0,0,0,0,0,0,0,0,0,0,0,0,0,0,0.154,0,0,0,0,0,0,0,0,0,0,0,0,0,0,0,0,0,0,0,0.171,0,0,0,0,0,0,0,0,0,0,0,0,0,0,0,0,0,0,0,0,0,0,0,0,0,0,0,0,0,0,0,0,0,0,0,0,0,0,0,0,0,0,0,0,0,0,0,0,0,0,0,0,0,0,0,0,0,0,0,0,0,0.154,0,0,0,0,0,0,0,0,0,0,0,0,0,0,0.273,0,0,0,0,0,0,0,0,0,0,0,0,0,0,0,0,0,0,0,0,0,0,0,0,0,0,0,0,0,0,0,0,0,0,0,0,0,0,0,0,0,0,0,0,0,0,0,0,0,0,0,0,0,0,0,0,0,0,0,0,0,0,0,0,0,0,0,0,0,0,0,0,0,0,0,0,0,0,0,0,0,0,0,0,0,0,0,0,0,0,0,0,0,0,0,0,0,0,0,0,0,0,0,0,0,0,0,0,0,0,0,0,0,0,0,0,0,0,0,0,0,0,0,0,0,0,0,0,0,0,0,0,0,0,0,0,0,0,0,0,0,0,0,0,0,0,0,0,0,0,0,0,0,0,0,0,0,0,0,0,0,0,0,0,0,0,0,0,0,0,0,0,0,0,0,0,0,0,0,0,0,0,0,0,0,0,0,0,0,0,0,0,0,0,0,0,0,0,0,0,0,0,0.273,0,0,0,0,0,0,0,0,0,0,0,0,0,0,0,0,0,0,0,0,0,0,0,0,0,0,0,0,0,0,0,0,0,0,0,0,0,0,0,0,0,0,0,0,0,0,0,0,0,0,0,0,0,0,0,0,0,0,0,0,0,0,0,0,0,0,0,0,0,0,0,0,0,0,0,0,0,0,0,0,0,0,0,0,0,0.297,0,0,0,0,0,0,0,0,0,0,0,0,0,0,0,0,0,0,0,0,0,0,0,0,0,0,0,0,0,0,0,0,0,0,0,0,0,0,0,0,0,0,0,0,0,0,0,0,0,0,0,0,0,0,0,0,0,0,0,0,0,0,0,0,0,0,0,0,0,0.401,0,0,0,0,0,0,0,0,0,0,0,0,0,0,0,0,0,0,0,0,0,0,0,0,0,0
854307,0.228,0.24,0,0,0,0,0.215,0.193,0,0,0,0,0,0,0,0.192,0.523,0,0.622,0,0,0,0,0,0,0,0.567,0,0,0,0,0,0.17,0,0.744,0,0.232,0.175,0,0,0,0,0,0,0,0.585,0,0,0,0,0,0,0,0,0.175,0,0,0,0,0,0,0,0,0,0,0,0,0,0,0,0.159,0,0,0,0.165,0.406,0,0,0.882,0,0,0,0,0,0,0.172,0,0,0.181,0,0,0,0,0,0,0,0,0,0.675,0,0.232,0,0.401,0,0,0.545,0,0,0,0,0,0,0,0,0,0,0,0,0.332,0,0,0,0,0,0,0,0,0,0,0,0,0.163,0,0,0.239,0,0,0.183,0.579,0,0,0,0.347,0,0,0.306,0,0,0,0,0,0,0,0,0,0,0.287,0,0,0,0,0.194,0,0.22,0,0,0,0,0,0.189,0,0,0,0,0,0,0.293,0.178,0,0,0,0.488,0,0,0,0,0,0,0,0,0,0,0,0,0,0.311,0,0,0,0,0,0.159,0.282,0,0,0,0,0,0,0.336,0,0.199,0.188,0,0,0,0,0,0,0,0,0,0,0,0,0,0,0,0,0,0,0,0,0,0,0,0,0,0,0,0,0,0,0.356,0,0,0,0.863,0,0,0,0,0,0,0,0,0.21,0,0,0,0,0,0,0,0,0,0,0,0,0,0,0,0,0,0,0,0,0,0,0,0,0,0.366,0,0,0,0,0,0.303,0,0,0,0,0,0,0,0,0,0,0,0,0.241,0,0,0,0,0,0,0,0,0,0,0,0,0,0.22,0,0,0.326,0,0,0,0,0,0.158,0,0,0,0,0,0,0,0,0,0,0.403,0,0,0,0,0,0,0,0,0,0.366,0,0,0,0,0,0,0,0,0.154,0,0,0,0,0,0,0,0,0,0,0,0,0,0,0,0.229,0.169,0,0,0,0,0,0,0,0,0,0,0,0,0,0,0,0,0,0.248,0,0,0,0,0,0,0,0,0,0,0,0,0,0,0,0.376,0,0,0,0,0,0,0,0.401,0,0,0,0,0,0,0,0,0,0.231,0,0,0,0,0,0,0,0,0,0,0,0,0,0.597,0,0.418,0,0,0,0,0,0,0,0.151,0,0,0,0,0.366,0.352,0,0.257,0,0,0,0,0,0,0,0,0.616,0,0,0,0,0,0,0,0,0,0,0,0,0,0,0,0,0,0.68,0,0,0,0,0,0,0,0,0,0,0,0,0,0,0,0,0,0,0,0,0,0,0,0,0,0,0,0,0,0,0,0,0,0,0,0,0,0,0,0,0,0,0,0,0.251,0,0,0,0,0,0,0,0,0,0,0,0,0,0,0,0,0,0,0,0,0,0,0,0,0,0,0,0,0,0.468,0,0,0,0,0,0,0,0,0,0,0,0,0,0,0,0,0,0,0,0,0,0,0.201,0,0,0,0,0,0,0,0,0,0,0,0,0.413,0,0,0,0,0,0,0,0,0,0,0,0,0,0,0,0,0,0,0,0,0,0,0,0.303,0,0,0.256,0,0,0,0,0,0,0,0.17,0,0,0,0,0.187,0,0,0,0.344,0,0,0,0,0.328,0,0,0,0,0,0,0.709,0,0,0,0,0,0,0,0,0,0,0,0,0,0,0,0,0,0,0,0,0,0,0,0,0.27,0,0,0,0,0,0,0,0,0,0,0,0,0,0,0,0,0,0,0,0,0,0,0,0,0,0,0,0,0,0,0,0,0,0,0,0.398,0,0,0,0,0,0,0,0,0,0,0,0,0,0,0,0,0,0,0,0,0,0,0,0,0,0,0,0,0,0.166,0,0,0,0,0,0,0,0,0,0,0,0,0,0,0,0,0,0,0,0,0,0,0,0,0,0,0.223,0,0,0,0,0,0,0,0,0,0,0,0,0.365,0,0,0,0,0,0,0,0,0,0.165,0,0,0,0,0,0,0,0,0,0,0,0,0,0.389,0,0,0,0,0,0,0,0,0,0,0,0,0,0,0,0,0,0,0,0,0,0,0,0,0,0,0,0,0,0,0,0,0,0,0,0,0,0,0,0,0,0,0,0,0,0,0,0,0,0,0,0,0,0,0,0,0,0,0,0,0,0,0,0,0,0,0,0,0,0,0,0,0,0,0,0,0,0,0,0,0,0,0.371,0,0,0,0,0,0,0,0,0,0,0,0,0,0,0,0,0,0,0,0,0.227,0,0,0,0,0,0,0,0,0.245,0,0,0,0,0,0.427,0,0,0.155,0,0,0,0,0,0,0,0,0,0,0,0,0,0,0,0,0,0,0,0,0.647,0,0,0,0,0,0,0,0,0,0,0,0,0,0,0.219,0,0,0,0,0,0,0,0,0,0,0,0,0,0,0,0.38,0,0,0.38,0,0,0,0,0,0,0,0,0,0,0,0,0,0,0,0,0,0,0,0,0,0,0,0,0,0,0,0,0,0,0.692,0,0,0,0,0,0,0,0,0,0,0,0,0,0,0.621,0,0,0,0,0,0.219,0,0,0,0,0,0,0,0,0,0,0,0,0.708,0,0,0,0,0,0,0.175,0,0.27,0,0,0,0,0.24,0,0.547,0,0,0,0,0,0.183,0,0,0,0,0,0,0,0,0,0,0,0,0,0,0,0,0,0,0,0,0,0.223,0,0.825,0,0,0,0,0,0,0,0,0,0,0,0.558,0,0,0,0,0,0,0.161,0,0,0,0,0.297,0,0,0,0.428,0.264,0,0,0,0,0,0,0,0,0,0,0,0,0.171,0,0,0,0,0,0,0,0,0,0,0,0.227,0,0,0,0,0.18,0.258,0,0,0,0,0,0,0,0,0,0,0,0,0,0,0,0,0,0,0.246,0,0,0,0,0,0.193,0,0.48,0,0,0,0,0,0.187,0,0,0.171,0,0,0,0,0,0,0,0,0,0.209,0,0,0,0,0.261,0.916,0.163,0,0,0,0,0,0.464,0,0,0,0,0,0,0,0,0,0,0.843,0,0,0,0,0,0,0.176,0,0,0,0,0.392,0,0,0,0,0,0,0,0,0,0,0.618,0,0.168,0,0,0.203,0,0,0,0,0,0,0,0,0.233,0,0,0,0.232,0,0,0,0,0.165,0,0,0,0,0.218,0,0.207,0,0,0,0.224,0,0,0,0,0,0,0,0,0,0,0,0,0,0,0,0,0,0,0.173,0,0,0,0,0,0,0,0,0,0,0,0,0,0.157,0,0,0,0,0,0,0,0,0,0,0,0,0.161,0,0,0,0,0,0,0,0,0,0.947,0,0,0,0.216,0,0,0,0.76,0.737,0,0,0,0,0,0,0,0,0,0.345,0,0.18,0,0.321,0,0,0,0,0.295,0,0,0,0,0,0,0,0,0.162,0.233,0.655,0.218,0,0,0,0,0,0,0,0.167,0.194,0,0,0,0.626,0,0.514,0,0,0,0,0,0,0,0.17,0,0,0,0,0,0,0,0.177,0,0,0.319,0,0,0,0,0.188,0,0,0,0,0,0,0,0,0.23,0.488,0,0,0,0,0.243,0,0,0,0,0,0,0.401,0,0,0,0,0,0,0,0,0,0,0.846,0,0,0,0.163,0,0,0,0,0,0,0,0,0,0,0,0,0,0,0,0,0,0,0,0,0,0,0,0.229,0,0,0,0,0,0,0,0,0,0,0,0.16,0,0,0,0,0,0.653,0,0,0,0.173,0,0,0,0.348,0,0,0,0,0.231,0,0,0,0,0,0,0,0,0,0,0.273,0,0,0,0,0,0,0,0,0,0,0,0,0,0.273,0,0.173,0,0,0,0,0,0,0,0,0,0,0,0,0,0,0,0,0,0,0,0,0,0,0,0.199,0,0,0,0,0,0,0,0,0,0,0,0,0,0,0,0,0,0,0,0,0,0,0,0,0,0.164,0,0,0,0,0,0,0,0,0,0,0,0,0,0,0,0,0,0,0,0,0,0,0.224,0,0,0,0,0,0,0,0,0,0,0,0,0.519,0,0,0,0,0,0,0,0,0,0,0,0,0,0,0,0,0,0,0,0,0,0,0,0,0,0,0,0,0,0,0,0,0,0,0,0.486,0,0,0,0,0,0,0,0,0,0,0,0,0,0,0,0,0,0,0,0,0,0,0,0,0,0,0,0,0,0,0,0,0,0,0,0,0,0,0,0,0,0,0,0,0,0,0,0,0,0,0.284,0,0,0,0,0,0,0,0,0,0,0,0,0,0,0,0,0,0,0,0,0,0,0,0,0,0,0,0,0,0,0,0,0,0,0,0,0,0,0,0,0,0,0,0,0,0,0,0,0,0,0,0,0,0,0,0,0,0,0,0,0,0,0,0,0,0,0,0,0,0,0,0,0,0,0,0,0,0,0,0,0,0,0,0,0,0,0,0,0,0,0,0,0,0,0,0,0,0,0,0,0,0,0,0,0,0,0,0,0,0,0,0,0,0,0,0,0,0,0,0,0,0,0,0,0,0,0,0,0,0,0,0,0,0,0,0,0,0,0,0,0,0,0,0,0,0,0,0,0,0,0,0,0.191,0,0,0,0,0,0,0,0,0,0,0,0,0,0,0,0,0,0,0,0,0,0,0,0,0,0.514,0,0,0,0,0,0,0,0,0,0,0,0,0,0,0,0,0,0,0,0,0,0,0,0,0,0,0,0,0,0,0,0,0,0,0,0,0,0,0,0.252,0,0,0,0,0,0,0,0,0,0,0,0,0,0,0,0,0,0,0,0,0,0,0,0,0,0,0,0,0,0,0,0,0,0,0,0,0,0,0,0,0,0,0,0.24,0,0,0,0,0,0,0,0,0,0,0,0.324,0,0,0,0,0,0,0.192,0,0,0,0,0,0,0,0,0,0,0,0,0,0,0,0,0,0,0.334,0,0,0,0,0,0,0,0,0,0,0,0,0,0,0,0,0,0,0,0,0,0,0,0,0,0,0,0,0,0,0,0,0,0,0,0,0,0,0,0,0,0,0,0,0,0,0,0,0,0,0,0,0,0,0,0,0,0,0,0,0,0,0,0,0,0,0,0,0,0,0,0,0,0,0,0,0,0,0,0,0,0,0,0,0,0,0,0,0,0,0,0,0,0.198,0,0,0,0,0,0,0,0,0,0,0,0,0,0,0,0,0,0,0,0,0,0,0,0,0,0,0,0,0,0.197,0,0.197,0,0,0,0.301,0,0,0,0,0,0.197,0,0.244,0,0,0,0.449,0,0,0,0,0,0,0,0,0,0,0,0,0,0,0,0,0,0.191,0.244,0,0,0,0,0,0,0,0.301,0.16,0,0,0,0,0,0,0.311,0,0,0,0,0,0,0,0,0,0.244,0,0,0,0,0,0,0,0,0,0,0,0,0,0,0,0,0,0,0,0,0,0,0,0,0,0.257,0,0,0,0,0,0,0,0,0,0,0,0,0,0,0,0,0,0,0,0,0,0,0,0,0,0,0,0,0,0,0,0,0,0,0,0,0,0,0,0,0,0,0,0,0,0,0,0,0,0.267,0,0,0,0,0,0,0,0,0,0,0,0,0,0,0,0,0,0,0,0,0,0,0,0,0,0,0,0,0,0.171,0,0,0,0,0,0,0.389,0,0,0,0,0,0,0,0,0,0,0,0,0,0,0,0,0,0,0,0,0,0,0,0,0,0,0,0,0,0,0,0,0,0,0,0.389,0,0,0,0,0,0,0,0,0,0,0,0,0,0,0,0,0,0,0,0,0,0,0,0,0,0,0,0,0,0,0,0,0,0,0,0,0,0,0,0,0,0,0,0,0,0,0,0,0,0,0.157,0,0,0,0,0,0,0,0,0,0,0,0,0,0,0,0,0,0,0,0,0,0,0,0,0,0,0,0,0,0,0,0.351,0,0,0,0,0,0,0,0,0,0,0,0,0,0,0,0,0,0,0,0,0,0,0,0,0,0,0,0,0,0,0,0,0,0,0,0,0,0,0,0,0,0,0,0,0.538,0,0,0,0.19,0,0,0,0,0,0,0,0,0,0,0.305,0,0,0,0,0,0,0.153,0,0,0,0,0,0,0,0,0,0,0,0,0,0,0,0,0,0,0,0,0,0,0,0,0.151,0,0,0,0,0,0,0,0,0,0,0,0,0,0,0,0,0,0,0,0,0,0,0,0,0,0,0,0,0,0,0,0,0,0,0,0,0.154,0,0,0,0,0,0,0,0,0,0,0,0,0,0,0,0,0,0,0,0,0.18,0,0,0,0,0,0,0,0,0,0,0,0,0,0,0,0,0,0,0,0,0,0,0,0,0,0.194,0,0,0,0,0,0,0,0,0,0,0,0,0,0,0,0,0,0,0,0,0,0.49,0,0,0,0,0,0,0,0.175,0,0,0,0,0,0,0,0,0,0,0,0,0,0,0,0,0.167,0.18,0,0,0,0,0,0,0,0,0,0,0,0,0.169,0,0,0,0,0,0,0,0,0,0,0,0,0,0,0,0,0,0,0,0,0,0,0,0,0,0,0,0,0,0,0,0,0,0,0,0,0,0,0,0,0,0,0,0,0,0,0,0,0,0,0,0,0,0,0,0,0,0,0,0,0,0,0,0,0,0,0,0,0,0,0,0,0,0,0,0,0,0,0,0,0,0,0,0,0,0,0,0,0,0,0,0,0,0,0,0,0,0,0,0,0,0,0.854,0,0,0,0,0,0,0,0,0,0,0,0,0,0,0,0,0,0,0,0,0,0,0,0,0,0,0,0,0,0,0,0,0,0,0,0,0,0,0,0,0,0,0,0,0,0,0,0,0,0,0,0,0,0,0,0.189,0,0,0,0,0,0,0,0,0,0,0,0,0,0,0,0,0,0,0,0,0,0,0,0,0,0,0,0,0,0,0,0,0,0,0,0,0,0.684,0,0,0,0,0,0,0.155,0,0,0,0,0,0,0,0,0,0,0,0,0,0,0,0,0,0,0,0,0,0,0,0,0,0,0,0,0,0,0.401,0,0,0,0.169,0,0,0,0,0,0,0,0,0,0,0,0,0,0,0,0,0,0,0,0,0,0,0,0,0,0,0,0,0,0,0,0,0,0,0,0,0,0,0,0,0,0,0,0,0,0,0,0,0,0,0,0,0,0,0,0,0,0,0,0,0,0.653,0,0,0,0,0,0,0,0,0,0,0,0,0,0,0.191,0,0,0,0,0,0,0,0,0,0,0,0,0,0,0,0,0,0,0,0,0,0,0,0,0,0,0,0,0,0,0,0,0,0,0,0,0,0,0,0,0,0,0.339,0,0,0,0,0,0,0,0,0,0,0,0,0,0,0,0,0,0,0,0,0.197,0,0,0,0,0,0,0,0,0,0,0,0,0,0,0,0,0,0,0,0,0,0,0,0,0,0,0,0,0,0,0,0,0,0,0,0,0,0,0.296,0,0.297,0,0,0,0,0,0,0,0,0,0,0,0,0,0,0,0,0,0,0,0,0,0,0,0,0,0,0,0,0,0,0,0,0,0,0,0,0,0,0,0,0,0,0,0,0,0,0,0,0,0,0,0,0,0,0,0,0,0,0,0,0,0,0,0,0,0,0,0,0,0,0,0,0,0,0,0,0,0,0,0,0,0,0,0,0,0,0,0,0,0,0,0,0,0,0,0,0,0,0,0.167,0,0,0,0,0,0,0,0,0,0,0,0,0,0,0,0,0,0,0,0,0,0,0,0,0,0,0,0,0,0,0,0,0,0,0,0,0,0.199,0,0,0,0,0,0,0,0,0,0,0,0,0,0,0,0,0,0,0,0.228,0,0,0.445,0,0,0,0,0,0,0,0,0.229,0,0,0,0,0,0,0,0,0,0,0,0,0,0,0,0,0,0,0,0,0,0,0,0,0,0,0,0,0,0,0.203,0,0,0,0,0,0,0,0,0,0,0,0,0,0,0,0,0,0,0,0,0,0,0,0,0,0,0,0,0,0,0,0,0,0,0,0,0,0,0,0,0,0,0,0,0.239,0,0,0,0,0,0,0,0,0,0,0.22,0,0,0,0,0.165,0,0,0,0.276,0,0,0,0,0,0,0,0,0,0,0,0,0,0,0,0,0,0,0,0,0,0,0,0,0.405,0,0.203,0,0,0,0,0,0,0,0,0,0,0,0,0,0,0,0,0,0,0,0,0,0,0,0,0,0,0,0,0,0,0,0,0,0,0,0,0,0,0,0,0,0,0,0,0,0,0,0,0,0,0,0,0,0,0,0,0,0,0,0,0,0,0,0,0,0,0,0,0,0,0,0,0,0,0,0.276,0,0,0,0,0,0.158,0,0,0,0,0,0,0,0,0,0,0,0,0,0,0,0,0,0,0,0,0,0,0,0,0,0,0,0.844,0,0,0,0,0,0.22,0,0,0,0,0,0,0,0,0,0,0.214,0,0,0,0,0,0,0,0,0,0,0,0,0,0,0,0,0,0,0,0,0,0,0,0,0,0,0,0,0,0,0,0,0,0,0,0,0,0,0,0,0,0,0,0,0.16,0,0,0,0,0,0,0,0,0,0,0,0,0,0,0,0,0,0,0,0,0,0,0,0,0,0,0,0,0,0,0,0,0,0,0,0,0,0,0.342,0,0,0,0,0,0,0,0,0,0,0,0,0,0,0,0,0,0,0,0,0.155,0,0,0,0,0,0,0,0,0,0,0,0,0,0,0,0,0,0,0,0,0,0,0,0,0,0,0,0,0,0,0,0,0,0,0,0,0,0,0,0,0,0,0,0,0,0,0,0,0,0,0,0,0,0,0,0,0,0,0,0,0,0.177,0,0,0,0,0,0,0,0,0,0,0,0,0,0.209,0,0.309,0,0,0,0,0,0,0,0,0,0,0,0,0,0,0,0,0,0,0,0,0,0,0,0,0,0,0,0,0,0,0,0,0,0,0,0,0,0,0,0,0,0,0,0.16,0,0,0,0,0,0,0,0,0,0,0,0,0,0,0,0,0,0,0,0,0.227,0,0,0,0.218,0,0,0,0,0,0,0,0,0,0,0,0,0,0,0,0,0,0,0,0,0,0,0,0,0,0,0,0,0,0,0.456,0,0,0,0,0,0,0,0,0,0,0,0,0,0,0,0.235,0,0,0,0,0,0,0,0,0,0,0,0,0,0,0.229,0,0,0,0,0,0,0,0,0,0,0,0,0,0,0,0,0,0,0,0,0,0,0,0,0,0,0,0,0,0,0,0,0,0,0,0,0,0,0,0,0,0,0,0,0,0,0,0,0,0,0,0,0,0,0,0,0,0,0,0,0,0,0,0,0,0,0,0,0,0,0,0,0,0,0,0,0,0,0,0,0.155,0,0.206,0.394,0,0,0,0,0,0,0,0,0.255,0,0,0,0,0,0,0,0,0,0,0,0,0,0,0,0,0,0,0,0,0,0,0,0.178,0,0,0,0,0,0,0,0.297,0,0,0,0,0,0,0,0,0,0,0,0,0,0,0,0,0,0,0,0,0,0,0,0,0,0,0,0,0,0,0,0,0,0,0,0,0,0,0,0,0,0,0,0,0,0,0,0,0,0,0,0,0,0,0,0,0,0,0,0,0,0,0,0,0,0,0,0,0,0,0,0,0,0,0,0,0,0,0,0.191,0,0.227,0,0,0,0,0,0,0.213,0,0,0,0,0,0,0,0,0,0,0,0,0,0,0,0,0,0,0,0,0,0,0,0,0,0,0,0,0,0,0,0,0,0,0,0,0,0,0,0,0,0,0,0,0,0,0,0,0,0,0,0,0,0,0,0,0,0,0,0,0,0,0,0,0,0,0,0,0,0,0,0,0,0,0,0,0,0,0,0,0,0,0,0,0,0,0,0,0,0,0,0,0,0,0,0,0,0,0,0,0,0,0,0,0,0,0,0,0,0,0,0.181,0,0,0,0,0,0,0,0,0,0,0,0,0,0,0,0,0,0,0,0,0,0,0,0,0,0,0,0,0,0,0,0,0,0,0,0,0.286,0,0,0.304,0,0,0,0,0,0,0,0,0,0,0,0,0,0.424,0.196,0,0,0,0,0,0,0,0,0,0,0,0,0,0.205,0,0,0,0,0,0,0,0,0,0,0,0,0,0,0,0,0,0,0,0,0,0,0,0,0,0,0,0,0,0,0,0,0,0,0,0,0,0,0,0,0,0,0,0,0,0,0,0,0,0,0,0.374,0.862,0,0,0,0,0,0,0.317,0
852489,0,0,0,0,0,0,0,0,0,0,0,0,0,0,0,0,0,0,0.297,0,0,0,0,0,0,0,0,0,0,0,0,0,0,0,0,0,0,0,0,0,0,0,0,0,0,0,0,0,0,0,0,0.999,0,0,0,0,0,0,0,0,0,0,0,0,0,0,0,0,0,0,0,0,0,0,0,0,0,0,0,0,0,0,0,0,0,0,0,0,0,0,0,0,0,0,0,0.999,0,0,0,0,0,0,0,0,0,0,0,0,0,0,0,0,0,0,0,0,0,0,0,0,0,0,0.18,0,0,0,0,0.937,0,0,0,0,0,0,0,0,0,0,0,0,0.999,0,0,0,0,0,0,0,0,0,0,0,0,0,0,0.9,0,0,0,0,0,0,0,0,0,0,0,0,0,0,0,0,0,0,0,0,0,0,0,0,0,0,0,0,0,0,0,0,0,0.183,0,0,0,0.171,0,0,0,0,0,0,0,0,0,0.797,0,0,0.999,0,0,0,0,0,0,0,0,0,0,0,0,0,0.999,0,0,0.864,0,0,0,0,0,0.895,0,0,0.999,0,0.308,0,0,0,0,0.207,0,0,0,0.185,0.384,0,0,0,0,0,0,0,0,0,0,0,0,0,0,0,0,0,0,0,0.337,0,0,0,0,0,0,0,0,0,0,0.983,0,0,0.171,0,0,0,0.858,0,0.17,0.554,0,0.926,0,0.291,0,0,0,0,0,0.171,0,0.803,0,0,0.999,0,0,0,0,0,0,0,0,0.999,0,0,0,0,0.985,0.165,0,0,0,0,0,0,0,0,0,0.174,0,0,0,0.834,0,0,0,0.168,0,0,0,0,0,0,0,0,0,0.235,0,0,0,0,0,0,0,0,0,0,0,0,0,0,0,0.283,0,0,0,0,0,0,0.25,0,0,0.999,0,0.738,0,0,0,0,0.999,0,0,0,0,0,0,0.999,0,0,0,0,0,0,0,0,0,0,0,0,0.999,0,0.646,0,0.156,0,0,0,0.338,0,0,0,0,0.914,0,0,0,0,0,0.247,0,0,0,0,0.182,0,0,0,0,0.299,0,0,0.171,0.622,0,0,0,0,0,0,0,0,0,0,0,0,0,0,0,0,0,0,0,0,0.999,0,0.411,0.205,0,0,0,0.237,0,0.22,0,0,0,0,0,0,0,0,0,0,0,0,0,0.999,0,0,0,0,0,0.647,0,0,0,0,0,0,0,0,0,0,0,0.912,0,0,0,0,0,0.903,0,0,0,0,0,0,0,0,0,0,0.807,0,0,0,0.175,0,0.27,0,0.999,0.277,0,0,0,0,0,0,0,0.192,0,0,0,0,0,0,0,0,0,0,0.91,0,0,0,0.329,0,0,0,0,0,0,0,0,0.2,0,0,0,0,0,0,0,0,0,0,0,0,0,0,0,0.304,0,0,0,0,0,0,0,0,0,0,0,0,0,0,0,0,0,0,0,0.923,0,0,0,0,0,0,0,0,0,0,0,0,0,0,0,0,0,0,0,0,0,0.619,0,0,0,0,0,0,0,0,0,0,0,0,0,0,0,0,0.373,0.901,0,0,0,0,0,0,0,0.304,0.623,0,0,0,0,0,0,0,0,0,0,0,0,0,0,0,0,0,0,0,0,0,0,0,0.216,0,0,0,0,0,0,0,0,0,0,0,0,0,0,0,0,0,0,0,0,0,0,0.797,0,0,0,0,0.288,0.189,0,0,0,0,0,0,0,0,0,0,0,0,0,0.198,0,0,0,0,0.251,0.446,0,0.198,0,0,0,0,0,0,0.182,0.388,0.999,0.26,0,0,0,0,0,0.272,0,0,0,0.999,0,0,0,0.536,0,0.536,0,0,0,0,0,0.215,0,0,0,0,0,0.202,0,0,0.999,0,0.644,0,0,0,0,0,0,0,0,0,0,0,0,0,0,0,0,0,0,0.844,0,0,0,0,0.153,0,0,0,0,0,0,0.584,0,0.827,0,0,0.174,0,0,0,0,0,0,0,0,0,0,0,0,0,0,0,0,0,0,0,0,0,0,0,0,0,0.856,0,0,0,0.501,0,0.39,0,0.167,0,0,0,0,0,0,0,0,0,0,0,0,0.171,0,0.999,0,0.301,0,0,0,0,0,0,0,0,0,0,0,0,0,0.364,0,0,0,0.511,0,0,0,0,0,0,0,0,0,0.999,0.207,0,0,0,0,0,0,0,0.299,0,0,0,0.166,0,0.999,0,0,0,0,0,0,0,0,0,0,0,0.298,0,0,0.179,0.187,0,0,0,0.509,0,0,0,0,0,0,0.98,0,0.998,0,0,0,0,0.268,0,0.184,0,0.999,0,0,0,0,0.398,0,0.999,0,0.924,0.649,0.999,0,0,0,0,0,0,0,0,0,0,0,0,0,0,0,0,0.993,0,0.935,0.999,0,0,0,0,0,0,0,0.726,0,0,0,0,0.192,0.667,0,0,0,0.265,0,0.999,0,0,0,0,0,0,0,0,0,0,0.328,0,0,0,0,0,0,0,0,0,0,0,0,0,0,0.188,0,0,0,0,0,0,0,0,0,0,0,0,0,0,0,0,0,0,0,0,0,0,0,0,0,0,0,0,0,0,0,0,0,0,0,0,0,0.999,0,0,0,0,0,0,0,0,0,0.999,0,0,0,0,0,0,0,0,0,0,0,0,0.905,0,0,0,0,0,0,0,0,0,0,0,0,0,0,0,0.307,0,0,0,0,0,0,0,0,0,0,0,0,0,0,0,0,0,0,0,0,0,0,0,0,0,0,0,0,0,0,0,0,0,0.999,0,0,0,0,0,0,0.162,0,0.906,0,0,0,0,0,0,0,0,0,0,0,0,0,0,0,0,0,0,0.999,0,0,0,0,0,0,0,0,0,0,0.999,0,0,0,0,0,0,0,0,0.999,0.421,0,0,0,0,0,0,0,0,0.206,0,0,0,0,0,0,0,0,0,0,0,0,0,0,0,0,0,0,0,0,0,0,0,0,0,0,0.999,0,0,0.158,0,0,0,0,0,0,0,0,0,0,0,0,0.999,0,0,0.237,0,0,0,0.347,0,0.65,0,0.984,0,0,0,0,0.181,0,0,0,0,0,0,0,0,0,0,0,0,0,0,0,0,0,0,0,0,0,0,0,0.999,0,0,0,0,0,0.442,0,0,0,0,0,0,0,0,0,0.816,0,0,0,0,0,0,0,0,0.394,0,0,0,0,0,0,0.999,0,0.999,0,0,0,0,0,0,0,0,0,0,0,0,0,0,0,0,0,0,0,0,0,0,0,0,0,0,0,0,0,0,0,0,0,0,0,0,0,0.262,0,0,0,0,0,0,0,0,0,0,0,0,0.848,0,0,0,0,0,0.434,0,0,0,0,0,0,0,0,0,0,0,0,0,0,0,0,0,0,0,0,0,0,0,0,0,0,0,0.999,0,0,0,0,0,0,0,0,0,0,0,0,0,0.253,0,0,0.282,0,0,0,0,0,0,0,0,0,0.229,0,0,0,0,0,0,0,0,0,0,0,0,0.368,0,0,0.82,0,0,0,0,0,0,0,0.442,0,0,0,0,0,0,0,0,0,0,0,0,0,0,0,0,0,0,0,0,0,0,0,0,0,0,0,0,0,0,0,0,0,0,0,0,0,0,0,0,0,0,0,0,0,0,0,0,0,0,0,0.999,0,0,0,0,0,0,0,0,0,0,0,0,0,0,0,0,0,0,0,0,0,0,0,0.32,0,0,0,0,0,0,0,0.202,0,0,0,0,0,0.173,0,0,0,0,0,0,0,0,0,0,0,0,0,0,0,0,0,0,0,0,0,0,0,0,0,0,0,0,0,0,0,0,0,0,0,0,0,0,0,0,0,0,0,0,0,0,0,0,0,0,0,0,0,0,0.384,0,0,0,0,0,0,0,0,0,0,0,0,0,0,0,0,0,0,0,0,0.272,0,0,0,0,0,0,0,0,0,0,0,0,0,0,0,0,0,0,0,0,0,0,0,0,0,0,0,0,0,0,0,0,0.841,0,0.427,0,0.803,0,0,0,0.999,0,0.81,0.168,0,0.827,0.308,0,0,0,0.183,0,0,0.98,0,0,0,0,0.807,0,0.152,0,0,0.15,0,0,0.822,0,0,0,0,0.325,0,0,0,0,0,0,0,0,0,0.157,0.999,0.219,0.821,0,0.999,0,0,0,0,0,0,0,0,0.195,0,0.999,0,0.195,0,0,0,0,0,0,0,0,0,0,0,0.217,0,0.168,0,0,0.16,0,0,0.824,0,0,0.258,0,0.999,0,0,0,0,0,0,0,0,0,0,0,0,0,0,0.579,0.853,0,0,0,0,0.426,0,0,0,0,0,0,0,0,0,0,0.999,0.398,0.203,0,0,0,0,0,0.211,0,0.999,0,0,0,0,0.157,0,0.313,0,0,0,0,0.205,0,0,0,0,0,0.8,0,0,0.171,0,0,0,0,0,0.999,0,0.803,0.706,0,0,0.832,0.432,0,0.809,0.402,0.176,0,0.953,0,0.999,0,0,0,0,0.809,0,0,0,0.829,0.299,0,0.219,0,0,0,0,0,0.15,0,0,0.258,0,0,0.907,0,0,0,0,0,0.902,0,0,0,0.919,0,0,0.83,0,0,0,0,0,0,0,0,0,0,0,0.195,0,0,0,0,0,0.189,0,0,0,0.161,0.255,0.171,0,0.803,0.186,0,0,0,0,0,0,0,0,0,0,0,0,0,0,0,0,0,0,0,0,0,0,0,0,0.183,0,0,0.268,0,0,0,0,0,0,0,0,0,0,0,0,0,0,0,0,0.999,0,0,0,0,0,0,0,0,0,0,0.164,0,0,0,0,0,0,0,0,0,0,0,0,0,0,0,0,0.212,0,0,0,0,0,0,0,0,0,0,0,0,0,0,0,0,0,0,0.15,0,0,0.912,0,0.164,0,0,0,0,0,0,0,0,0,0,0,0,0,0,0,0,0,0,0,0,0.748,0,0,0,0,0,0,0,0,0,0,0,0,0,0,0,0.167,0,0,0,0,0,0,0,0,0,0,0,0,0,0,0,0,0,0,0,0,0,0,0,0,0.225,0,0,0,0,0,0,0,0,0,0,0,0,0,0,0,0,0,0.174,0,0,0,0,0,0,0,0,0,0,0,0,0,0,0,0,0,0,0,0,0,0,0,0,0,0,0,0,0,0,0,0,0,0,0,0,0,0,0.967,0,0,0.998,0,0,0,0,0,0,0,0,0,0,0,0,0,0,0,0,0,0,0,0,0,0,0,0,0.312,0,0,0,0,0,0,0.4,0,0,0,0,0,0,0.239,0,0,0,0,0,0,0,0,0,0,0.359,0,0.195,0,0,0,0,0,0,0,0,0.161,0.277,0,0,0,0,0.999,0,0,0,0,0,0,0.785,0,0,0,0,0,0,0,0,0,0,0,0,0,0,0,0,0,0.16,0,0,0,0,0,0,0,0,0,0,0,0,0,0,0,0,0,0,0,0,0,0.999,0,0,0,0,0,0.999,0,0,0,0,0.999,0,0,0,0,0,0,0,0.264,0.688,0,0,0,0,0,0,0,0,0,0,0,0,0,0.907,0,0,0,0.908,0,0,0,0,0,0,0.385,0.999,0,0,0,0.784,0,0,0,0,0,0,0,0,0,0,0,0,0,0,0,0,0,0,0,0,0,0,0.239,0,0.294,0,0,0,0,0,0,0,0,0,0,0.368,0,0,0,0,0,0,0,0,0,0,0,0,0,0,0,0,0,0,0,0,0,0.389,0,0,0,0,0.384,0,0,0,0,0,0,0.311,0,0,0,0,0.999,0,0,0,0,0,0.179,0,0.368,0,0,0,0,0.179,0,0.916,0.331,0,0,0,0,0,0,0,0,0,0,0,0.385,0,0,0,0,0,0,0,0,0,0,0.871,0,0,0,0,0,0,0,0,0,0,0,0,0,0,0,0,0,0,0.999,0.31,0,0.999,0,0,0,0,0,0,0.161,0,0,0,0,0,0,0,0,0,0,0,0,0,0,0,0,0,0,0,0,0,0,0,0,0,0,0,0,0,0,0,0,0,0,0,0,0,0,0,0,0,0,0,0,0,0,0,0,0,0,0,0,0,0,0,0,0,0,0,0,0,0,0,0,0,0,0,0,0,0,0,0,0,0,0,0,0,0,0,0,0,0,0,0,0,0,0,0,0,0,0,0,0,0,0,0,0,0,0,0,0,0,0,0,0,0,0,0,0,0,0,0,0,0.668,0,0,0,0,0,0,0,0,0,0,0,0,0,0,0,0,0,0,0,0,0,0,0,0,0,0,0,0,0,0,0,0,0,0,0,0,0,0,0,0,0,0,0,0.999,0,0,0,0,0,0,0,0,0,0,0,0,0,0,0,0,0,0,0,0,0,0,0,0,0,0,0,0,0,0.268,0,0,0,0,0.623,0,0,0,0,0,0,0,0,0,0,0,0,0.691,0,0,0,0,0,0,0,0,0,0,0,0,0,0,0,0,0,0,0,0,0,0,0,0,0,0,0,0,0,0,0,0.311,0,0,0,0,0,0.894,0,0,0,0,0,0,0,0,0,0,0,0,0,0,0,0,0,0,0,0,0,0,0,0,0,0,0,0,0,0,0,0,0,0,0,0,0,0,0,0.384,0,0,0,0,0,0,0,0,0,0,0,0,0,0,0.191,0,0,0,0,0,0,0,0,0,0,0,0.314,0,0,0,0,0,0,0,0,0,0,0.8,0,0,0,0,0,0,0,0,0,0,0,0,0,0,0.969,0.827,0.999,0.797,0,0.264,0,0,0.999,0.995,0.999,0.826,0.617,0.999,0.824,0.218,0,0.999,0,0.89,0.999,0,0,0.173,0.204,0,0.153,0.999,0.342,0.999,0.803,0,0.999,0,0,0.186,0,0.811,0.784,0.999,0.596,0.999,0.813,0.894,0.16,0,0,0.999,0.999,0.247,0.964,0.207,0.85,0.759,0,0.566,0.797,0,0.919,0,0.249,0.999,0.999,0.998,0.999,0.981,0.999,0.999,0.232,0.247,0.999,0.777,0.999,0.217,0,0.248,0.811,0,0,0,0.999,0.999,0,0.999,0.999,0.999,0,0,0.999,0,0.783,0.838,0.277,0.999,0,0.693,0,0.999,0.999,0,0.981,0,0,0.999,0,0.999,0.999,0.801,0.999,0.999,0,0,0.999,0.963,0.996,0,0.999,0.999,0.781,0.999,0.898,0,0.299,0,0.999,0.998,0.795,0.822,0,0,0.931,0,0.999,0,0.78,0,0.999,0.836,0.317,0,0,0,0.999,0.999,0,0.259,0.629,0.999,0.811,0,0.999,0,0,0.569,0,0.999,0.218,0.994,0,0.999,0.194,0.794,0.999,0,0.786,0.999,0.999,0.199,0.8,0.999,0.999,0.226,0.213,0.261,0.237,0,0,0,0,0.251,0.452,0.659,0,0.74,0.307,0.83,0,0.812,0.957,0.999,0.999,0.999,0.858,0,0,0.999,0.999,0.803,0.256,0.999,0,0.999,0.999,0.185,0.999,0.814,0,0.999,0,0.999,0,0,0.991,0.999,0.999,0,0.828,0.999,0,0.835,0,0,0.999,0,0.999,0.807,0.275,0.999,0,0,0,0,0,0,0,0,0,0,0.165,0,0,0,0,0,0,0.211,0,0,0,0,0,0.182,0,0.17,0,0,0,0,0,0,0,0,0,0,0,0,0,0,0,0,0,0.999,0,0,0,0,0,0,0,0,0.31,0,0,0,0.163,0,0.203,0,0,0,0,0,0,0,0,0.29,0,0,0,0,0,0,0,0,0,0,0,0,0,0,0,0,0,0,0,0,0,0,0,0,0,0,0,0,0.203,0,0,0,0,0,0,0,0,0,0,0,0,0,0.212,0,0,0,0,0.247,0,0,0,0,0,0,0,0,0,0,0,0,0,0,0,0,0,0,0,0,0,0,0,0,0,0,0,0,0,0,0,0,0,0,0,0,0,0,0,0,0,0,0,0,0,0,0,0,0,0,0,0,0,0,0,0,0,0,0,0,0,0,0,0,0,0,0,0,0,0,0,0,0,0,0,0,0,0,0,0,0,0,0,0,0,0,0,0,0,0,0,0,0,0,0,0,0,0,0,0,0,0,0,0,0.223,0,0,0,0,0,0,0,0,0,0,0,0,0,0,0,0,0,0,0,0.277,0.21,0,0.901,0,0,0,0.897,0,0,0,0.691,0,0,0,0,0,0,0.191,0.403,0,0,0,0,0,0,0,0,0,0,0,0,0,0,0,0,0,0,0,0,0.684,0,0,0,0,0,0,0,0,0,0,0,0,0,0,0,0,0,0,0,0,0,0,0,0,0,0,0,0,0,0,0,0,0,0,0,0,0,0,0,0,0,0,0,0,0,0,0,0,0,0,0,0,0,0,0,0,0,0,0,0,0,0,0,0,0,0,0,0,0,0,0,0,0,0,0,0,0,0,0,0,0,0,0,0,0,0,0,0,0,0,0,0,0,0,0,0,0,0,0,0,0,0,0,0,0,0,0,0,0,0,0,0,0,0,0,0,0,0,0,0,0,0,0,0,0,0,0,0,0,0,0,0,0,0,0,0,0,0,0,0,0,0,0,0,0,0,0,0,0,0,0,0,0,0,0,0,0,0,0,0,0,0,0,0,0,0,0,0,0,0,0,0,0,0,0,0,0,0.334,0,0,0,0,0,0,0,0,0,0,0,0,0,0.195,0,0,0,0,0,0,0,0,0,0,0,0,0,0,0,0,0,0,0,0,0,0,0,0,0,0,0,0,0,0,0,0,0,0,0,0.28,0,0,0,0,0,0,0,0,0,0,0,0,0,0,0,0,0,0,0,0,0,0,0,0,0,0,0,0,0,0,0,0,0,0,0,0,0,0,0,0,0,0,0,0,0,0,0,0,0,0,0,0,0,0,0,0,0,0,0,0,0,0,0,0,0,0,0,0,0,0,0,0,0,0,0,0,0,0,0,0,0,0,0,0,0,0,0,0,0,0,0,0,0,0,0,0,0,0,0,0,0,0,0,0,0,0,0,0,0,0,0,0,0,0,0,0,0,0,0,0,0,0,0,0,0,0,0,0,0,0,0,0,0,0,0,0,0,0,0,0,0,0,0,0,0,0,0,0,0,0,0,0,0,0,0,0,0,0,0,0,0,0,0,0,0,0,0,0,0,0,0,0,0,0,0,0,0,0,0,0,0,0,0,0,0,0,0,0,0,0,0,0,0,0,0,0,0,0,0,0,0,0,0.154,0,0,0.179,0,0,0,0,0,0,0,0,0,0,0,0,0,0,0,0,0,0,0,0,0.161,0,0,0,0,0,0,0,0,0,0,0,0,0,0,0,0,0,0,0,0.633,0.194,0,0.157,0,0,0,0,0,0.214,0,0,0,0,0,0,0,0.171,0,0,0,0,0,0,0,0,0,0,0,0,0.152,0,0,0,0,0,0,0,0,0,0,0,0,0,0,0.187,0,0,0,0,0,0,0,0,0,0,0,0.173,0,0,0,0,0,0,0,0,0,0,0,0,0,0,0,0,0,0,0,0,0,0,0,0,0.209,0.228,0,0,0,0,0,0,0,0,0,0,0,0,0,0,0,0,0,0,0,0,0,0,0,0,0,0,0,0,0,0,0,0,0,0,0,0,0,0,0,0,0,0,0,0,0,0,0,0,0,0,0,0,0,0,0,0,0,0,0,0,0,0,0,0,0,0,0,0,0,0,0,0,0,0,0,0,0,0,0,0,0,0,0,0,0,0,0,0,0,0,0,0,0,0,0,0,0,0,0,0,0,0.275,0,0,0,0,0,0,0,0,0,0,0,0,0,0,0,0,0,0,0,0,0,0,0,0,0,0,0,0,0,0,0,0,0,0,0,0,0,0,0,0,0,0,0,0,0,0,0,0,0,0,0,0,0,0,0,0,0,0,0,0,0,0,0,0,0,0,0,0,0,0,0,0,0,0,0,0.207,0,0,0,0,0,0,0,0,0,0,0,0,0,0,0,0,0,0,0,0,0,0,0,0,0,0,0,0,0,0,0,0,0,0,0,0,0,0,0,0,0,0,0,0,0.239,0,0,0,0,0,0,0,0,0,0,0,0,0,0,0,0,0,0,0,0,0,0,0,0,0,0,0,0,0,0,0,0,0,0,0,0,0,0,0,0,0,0,0,0,0,0,0,0,0,0,0,0,0,0,0,0,0,0,0,0,0,0,0,0,0,0,0,0,0,0,0,0,0,0,0,0,0,0,0,0,0,0,0,0,0,0,0,0,0,0,0,0,0,0,0,0,0,0,0,0,0,0,0,0,0,0,0,0,0,0,0,0,0,0,0,0,0,0,0,0,0,0,0,0,0,0,0,0,0,0,0,0,0,0,0,0,0,0,0,0,0,0,0,0,0,0,0,0,0,0,0,0,0,0,0,0,0,0,0,0,0,0,0,0,0,0,0.546,0,0,0,0,0,0,0,0,0,0,0,0,0,0,0,0,0,0,0,0,0,0,0,0,0,0,0,0,0,0,0,0,0,0,0,0,0,0,0,0,0,0,0,0,0,0,0,0,0,0,0,0,0,0,0,0,0,0,0,0,0,0,0,0,0,0,0,0,0,0,0,0,0,0,0,0,0,0,0,0,0,0,0,0,0,0,0,0,0,0,0,0,0,0,0,0,0
852008,0,0,0,0,0,0,0,0,0,0,0,0,0,0,0,0,0,0,0,0,0,0,0,0,0,0,0,0,0,0,0,0,0,0,0,0,0,0,0,0,0,0,0,0,0,0,0,0,0,0.171,0,0,0,0,0,0.297,0,0,0,0,0,0,0,0,0,0,0,0,0,0,0.202,0,0,0,0,0.183,0,0,0,0,0,0,0,0,0,0,0,0,0,0,0,0,0,0,0,0,0,0,0,0,0,0,0,0,0,0,0,0,0,0,0,0,0,0,0,0,0,0,0,0,0,0,0,0,0,0,0,0.678,0,0,0,0,0.241,0,0,0,0,0,0,0,0,0.156,0,0,0,0,0,0,0,0,0,0,0,0,0,0,0,0,0,0,0,0,0,0,0,0,0,0,0,0.371,0,0,0,0,0,0,0,0,0,0,0,0,0,0,0,0,0,0,0,0,0,0,0,0,0,0.22,0.786,0,0,0.227,0,0,0.182,0,0,0.388,0,0,0,0,0,0,0,0,0.217,0,0,0,0,0,0,0,0.173,0.469,0,0,0,0,0,0,0.367,0,0.199,0,0.964,0,0.333,0,0,0,0,0,0,0.173,0,0,0,0,0,0,0,0,0,0,0,0.21,0,0,0,0,0,0,0,0,0.237,0,0,0,0.915,0,0,0,0,0,0,0,0,0,0,0,0,0,0,0,0,0,0,0,0,0,0,0,0,0,0,0,0,0,0,0,0,0.205,0,0,0,0,0,0,0,0,0,0.171,0,0,0,0,0,0,0,0,0,0.231,0.152,0,0,0,0,0,0.996,0.179,0,0,0,0,0,0,0,0,0,0,0,0,0,0.981,0,0,0,0,0,0,0.204,0,0,0.15,0,0,0,0,0,0,0,0,0,0,0,0,0,0,0,0,0.232,0,0,0,0,0,0,0,0,0,0,0,0.248,0.236,0,0,0.29,0,0,0.208,0,0,0,0,0.969,0,0,0,0,0,0,0,0,0,0,0,0,0,0,0,0,0,0,0,0,0.952,0.161,0,0,0,0,0,0.473,0,0,0.193,0,0,0,0,0,0,0,0,0,0,0,0,0,0,0,0,0,0.972,0,0,0,0,0,0,0.156,0,0,0,0,0,0,0,0,0,0,0.984,0,0,0,0,0.246,0,0,0,0,0,0,0.154,0,0.574,0,0,0,0,0,0,0,0.167,0,0,0,0,0,0,0,0,0,0,0,0,0,0,0,0,0.481,0,0,0,0,0,0,0,0,0,0,0,0.881,0,0.514,0,0,0,0,0,0,0,0,0.153,0,0.43,0,0,0,0,0,0,0,0,0.504,0,0,0,0,0,0,0,0,0,0.165,0,0,0,0,0.204,0,0.959,0,0,0,0.218,0,0,0.171,0.305,0,0,0,0,0,0,0.657,0,0,0,0,0,0.218,0,0,0.193,0,0,0.246,0.151,0,0,0,0,0,0,0,0,0,0,0,0,0,0.157,0,0,0,0,0,0,0,0,0,0,0,0,0,0,0,0,0,0,0,0,0,0.198,0,0,0,0,0,0,0,0,0,0,0,0,0,0,0,0.402,0.277,0,0,0,0,0,0,0,0,0,0,0,0,0,0,0,0,0,0,0,0,0,0.374,0.16,0,0,0.275,0.804,0,0,0,0,0,0,0,0,0,0,0,0,0,0,0,0,0,0,0,0,0,0,0,0,0,0,0,0.159,0,0,0,0,0,0,0,0,0,0,0,0,0.212,0,0,0,0,0,0.151,0,0,0,0,0,0,0,0,0,0,0.21,0,0,0,0,0,0,0,0.165,0,0,0,0,0,0,0,0,0,0,0,0,0,0,0,0.163,0.539,0.239,0,0,0,0.228,0,0,0,0,0,0,0.16,0,0,0.914,0,0,0,0,0,0,0,0,0,0,0,0,0,0.48,0.204,0,0,0,0.737,0,0,0,0,0,0,0,0,0.304,0,0,0,0,0,0,0.198,0,0,0,0.195,0,0,0,0,0.91,0.163,0.392,0,0,0,0,0,0,0,0,0.955,0,0,0,0.19,0,0,0,0,0,0,0,0,0.158,0,0,0,0,0,0,0,0,0,0,0,0,0,0.922,0,0.587,0,0,0,0,0,0,0.171,0,0,0,0,0,0,0,0,0.597,0,0,0,0,0,0,0.392,0,0,0.171,0,0,0,0,0,0,0.278,0,0,0,0,0,0,0,0,0,0,0,0,0,0,0,0,0,0.196,0,0.379,0,0,0,0.95,0,0,0,0.246,0,0,0,0,0,0,0,0,0,0,0,0,0,0,0,0,0.467,0.154,0,0,0,0,0,0,0,0.15,0,0,0.171,0,0.375,0,0,0,0,0,0,0,0,0,0,0,0,0,0,0.209,0,0,0,0,0,0,0,0,0,0,0.205,0,0,0,0,0.161,0,0,0,0,0,0,0,0,0,0,0,0,0,0,0,0,0,0,0,0,0,0,0,0,0,0,0,0,0,0,0,0,0,0,0,0,0,0,0,0,0,0.158,0,0,0,0,0,0,0,0.966,0,0,0,0,0,0,0,0,0,0,0,0,0,0.291,0,0,0,0,0.489,0,0,0,0,0,0,0,0,0,0,0,0,0,0,0,0,0,0,0,0,0,0,0,0,0,0,0,0,0,0,0,0,0,0,0,0,0,0,0,0,0,0,0,0.171,0,0,0,0,0,0,0,0,0,0,0,0,0,0,0,0,0,0,0,0,0,0,0,0,0,0,0,0,0,0,0,0,0,0,0.194,0,0,0,0,0,0,0,0,0,0,0,0,0,0,0,0,0,0,0,0,0,0,0,0,0,0,0,0,0,0,0,0,0,0,0,0,0,0,0,0,0,0,0,0,0,0,0,0,0,0,0,0,0,0,0,0,0,0,0,0,0,0,0,0,0,0,0,0,0,0,0,0,0,0,0,0.19,0,0,0.237,0,0,0,0,0.433,0,0,0,0,0,0,0,0,0.586,0,0,0,0,0,0,0,0,0,0,0,0,0,0,0.264,0,0.169,0,0,0,0,0,0,0,0.171,0,0,0,0,0,0,0,0,0,0,0,0,0,0,0,0,0,0,0,0,0,0,0,0,0,0,0,0,0,0,0,0,0,0,0.279,0,0,0,0,0,0,0.268,0,0,0,0,0,0,0,0,0,0,0,0,0,0,0,0,0,0,0,0,0,0,0.193,0,0,0,0,0,0,0,0,0,0,0,0,0,0,0,0,0,0,0,0,0,0,0,0,0,0.333,0,0,0,0,0,0,0,0.193,0,0,0,0,0,0,0,0,0,0,0,0,0,0,0,0,0.62,0,0,0,0,0,0,0,0,0,0,0,0,0,0,0,0,0,0,0,0,0,0,0,0,0,0,0,0,0,0,0,0,0,0,0,0,0,0,0,0,0,0,0,0,0,0,0,0,0,0,0,0,0,0,0,0,0,0,0,0,0,0,0,0,0,0,0,0,0,0,0,0,0,0,0,0,0,0,0,0,0,0,0,0,0,0,0,0,0,0,0,0,0,0,0,0,0,0,0,0,0,0,0,0,0,0,0,0,0,0,0,0,0,0,0,0,0,0,0,0,0,0.964,0,0,0,0,0,0,0,0,0,0,0,0,0,0,0,0,0,0,0,0,0,0,0,0,0,0,0,0,0,0,0,0,0,0,0.244,0,0,0,0,0,0,0,0,0,0,0,0,0,0,0,0,0,0,0,0,0,0,0,0,0,0,0,0,0,0,0,0,0,0,0,0,0,0,0,0,0,0,0,0,0,0,0,0,0,0,0,0,0,0,0,0,0,0,0,0.15,0,0,0,0,0,0,0,0,0,0,0,0,0,0,0,0,0,0,0,0,0,0,0,0,0,0,0,0,0,0,0,0,0,0,0,0,0,0,0,0,0,0,0,0,0,0,0,0,0,0,0,0,0,0,0.186,0,0,0,0,0,0,0.156,0,0.242,0,0,0,0.249,0,0,0,0,0,0,0,0,0,0,0,0.202,0.205,0,0,0,0,0.162,0,0,0.588,0,0,0,0,0.204,0,0,0,0.245,0,0,0,0,0,0.203,0,0.192,0.184,0,0,0.609,0,0,0,0,0,0,0,0,0,0,0,0.238,0,0.221,0,0,0,0,0,0,0,0,0.173,0.282,0,0.188,0,0,0.729,0,0,0.163,0,0,0.238,0,0,0,0,0,0,0,0,0,0,0,0.47,0,0,0,0,0,0.171,0,0,0.247,0,0,0.34,0,0,0,0,0,0.2,0.485,0,0,0,0.235,0,0.234,0,0,0.611,0,0,0,0,0,0,0,0,0,0,0,0.19,0.164,0,0,0.157,0.358,0,0,0,0.611,0,0,0,0,0,0,0,0,0.171,0,0,0.171,0,0,0,0.251,0,0,0.203,0,0,0.194,0.484,0,0,0,0,0,0,0,0,0.171,0.39,0.245,0,0,0,0,0.246,0,0.243,0.263,0.152,0,0.156,0,0.246,0,0,0.203,0,0,0,0,0,0,0,0,0.267,0,0,0.165,0.161,0,0,0,0,0,0,0,0,0.169,0,0,0.173,0,0,0.25,0,0.236,0,0,0,0.206,0.186,0,0,0,0,0,0,0,0,0,0,0,0,0,0,0,0,0,0,0,0,0,0,0,0,0,0.453,0,0.973,0.396,0,0.9,0,0,0,0,0,0,0,0,0,0,0,0,0,0,0,0,0,0,0,0.158,0,0,0,0,0,0,0.972,0,0.468,0,0.207,0.227,0,0,0,0.173,0,0,0,0.9,0,0,0,0,0,0,0,0,0,0.9,0,0,0,0,0,0,0,0,0,0,0,0,0,0,0,0,0,0,0,0,0,0,0,0.242,0,0,0,0,0,0,0.189,0,0,0,0,0,0.195,0,0,0,0.171,0,0,0,0,0,0,0,0.292,0,0,0,0,0,0,0.238,0,0,0,0,0,0,0,0,0,0,0,0,0,0,0,0,0,0,0,0,0,0,0,0,0,0,0,0,0,0,0,0,0,0,0,0,0,0,0,0,0,0,0,0.406,0,0,0,0,0,0,0,0,0,0,0,0,0.314,0,0,0,0,0,0,0,0.171,0,0,0,0,0,0,0,0,0,0,0,0,0,0,0,0,0,0.294,0,0,0.238,0,0,0,0,0,0,0,0,0,0,0,0,0,0,0,0,0,0,0,0,0,0,0,0,0,0,0.315,0,0,0,0,0,0,0,0,0,0,0,0,0,0,0,0,0,0,0,0,0,0,0,0,0,0,0,0,0,0,0,0,0,0,0,0,0,0,0,0,0,0,0,0,0,0,0,0,0,0,0,0.175,0,0,0,0,0,0,0,0,0,0,0,0,0,0,0,0,0,0,0,0,0,0,0,0,0,0,0,0,0,0,0,0,0,0,0,0,0,0,0,0,0,0,0,0,0,0,0,0,0,0,0,0,0,0,0,0,0,0,0,0,0,0,0,0,0,0,0,0,0,0,0,0,0,0,0,0,0,0,0,0,0,0,0,0,0,0,0,0,0,0,0,0,0,0,0,0,0,0,0,0,0,0,0,0,0,0,0,0.182,0,0,0,0,0,0,0,0,0,0,0,0,0,0,0,0,0,0,0,0,0,0,0,0,0,0,0,0,0,0,0,0,0,0,0,0,0,0,0.239,0,0,0,0,0,0,0,0,0,0,0,0,0,0,0,0,0,0,0,0,0,0,0,0,0,0,0,0,0,0,0,0.173,0,0,0,0,0,0,0,0,0,0,0,0,0,0,0,0,0,0,0,0,0,0,0,0,0,0,0,0,0,0,0,0,0,0,0,0,0,0,0,0,0,0,0,0,0,0,0,0,0,0,0.33,0,0,0,0,0,0,0,0,0,0,0,0,0,0,0,0,0,0,0,0,0,0,0,0,0,0,0,0,0,0,0,0,0,0,0,0,0,0,0,0,0,0,0,0,0,0,0,0,0,0,0,0,0,0,0,0,0,0,0,0,0,0,0,0,0,0,0,0,0,0,0,0,0,0,0,0,0,0,0,0,0,0,0,0,0,0,0,0,0,0,0,0,0,0,0,0,0,0,0,0,0,0,0,0,0,0,0,0,0,0,0,0.301,0,0,0,0,0,0,0,0,0,0,0,0,0,0,0,0,0,0,0,0,0,0,0,0,0,0,0,0,0,0,0,0,0,0,0,0,0,0,0,0,0,0,0,0,0,0,0,0,0,0,0,0,0,0,0,0,0,0,0,0,0,0,0,0,0,0,0,0,0,0,0,0,0,0,0,0,0,0,0,0,0,0,0,0,0,0,0,0.173,0,0,0,0,0,0,0,0,0,0,0,0,0,0,0,0,0,0,0,0,0,0,0,0,0,0.176,0,0,0,0,0,0,0.203,0,0,0,0,0,0,0,0,0,0,0,0,0,0,0,0,0,0,0,0,0,0,0,0,0,0,0,0.219,0,0,0,0,0,0,0,0,0,0,0,0,0,0,0,0,0,0,0,0,0,0,0,0,0,0,0,0,0,0,0,0,0,0.194,0,0.226,0,0,0,0,0,0,0,0,0,0,0,0,0,0,0,0,0,0,0,0,0,0,0,0,0,0,0,0,0,0,0,0,0,0,0,0,0,0,0,0,0,0,0.237,0,0,0,0,0,0,0,0,0.265,0,0,0,0,0,0.15,0,0,0.218,0,0,0,0,0,0,0,0,0,0,0,0.737,0,0.244,0,0,0,0,0.231,0,0,0,0,0,0.238,0,0.297,0,0.407,0,0,0,0,0,0,0,0,0,0,0,0,0,0,0,0,0.319,0,0,0,0,0,0,0,0,0,0,0,0,0,0,0,0,0,0,0,0,0,0,0,0,0,0,0,0,0,0,0,0,0,0,0,0,0,0,0,0,0,0,0,0,0,0,0,0,0,0,0,0,0,0,0,0,0,0,0,0,0,0,0,0,0,0,0.205,0,0,0,0,0,0,0,0,0,0,0,0.334,0,0,0,0.229,0,0,0.163,0,0.319,0,0,0,0,0,0,0,0.173,0.158,0,0,0,0,0,0,0,0,0,0,0,0,0.15,0.213,0,0.173,0,0,0,0,0.264,0,0,0,0,0.623,0.288,0,0,0,0,0,0,0,0,0,0,0,0.296,0,0,0,0,0,0,0.172,0,0.21,0,0,0,0,0,0,0,0,0,0,0.17,0.514,0,0,0.246,0,0,0,0,0,0,0,0,0,0,0,0,0,0,0.239,0.235,0,0.202,0.192,0,0.226,0,0,0,0,0,0,0,0,0,0,0,0,0,0,0,0,0,0,0,0,0,0,0,0,0,0,0,0,0,0.511,0,0,0,0.238,0,0,0.24,0.184,0,0,0,0,0,0,0,0,0,0.303,0,0,0.197,0,0,0,0.171,0,0.235,0,0,0,0,0,0,0,0,0,0,0,0,0.204,0,0,0,0,0,0,0,0,0,0.155,0,0,0,0,0,0,0,0,0,0,0,0,0,0,0,0,0,0,0,0,0,0,0,0,0,0,0,0,0,0.401,0,0,0,0,0,0,0,0,0,0,0,0,0,0,0,0,0,0,0,0,0,0,0,0,0,0,0,0,0,0,0,0,0,0,0,0,0,0,0,0,0,0,0,0,0,0,0,0,0,0,0,0,0,0,0,0,0,0,0,0,0,0,0,0,0,0,0,0,0,0,0,0,0,0,0,0,0,0,0,0,0,0,0,0,0,0,0,0,0,0,0,0,0,0,0,0,0,0,0,0,0,0,0,0,0,0,0,0,0,0,0,0,0,0,0,0,0,0,0,0,0,0,0,0,0,0,0,0,0,0,0,0,0,0,0,0,0,0,0,0,0,0,0,0,0,0,0,0,0,0,0,0,0,0,0,0,0,0,0,0,0,0,0,0,0,0,0.171,0,0,0.19,0,0,0,0,0,0,0,0,0,0,0,0,0,0,0,0,0,0,0,0,0,0,0,0,0,0,0,0,0,0,0,0,0,0,0,0,0,0,0,0,0,0,0,0,0,0,0,0,0,0,0,0,0,0,0,0,0,0,0,0,0,0,0,0,0,0,0,0,0,0,0,0,0,0,0,0,0,0,0,0,0,0,0,0,0,0,0,0,0,0,0,0,0,0,0,0,0,0,0,0,0,0,0,0,0,0,0,0,0,0,0.275,0,0,0,0,0,0,0,0,0,0,0,0,0,0,0,0,0,0,0,0.189,0,0,0,0,0,0,0,0,0,0.515,0,0,0,0,0,0,0,0,0,0,0,0,0,0,0,0,0,0,0,0,0,0,0,0,0,0,0,0,0,0,0,0,0,0,0.225,0,0,0,0.378,0,0,0.333,0,0,0,0,0.165,0,0,0,0,0,0,0,0,0,0,0,0,0,0,0.537,0,0,0,0,0,0,0,0,0,0,0.394,0,0,0,0,0,0,0,0,0,0,0,0,0,0,0,0,0,0,0,0,0,0,0,0,0,0,0,0,0,0,0,0,0,0.156,0,0,0,0,0,0,0,0,0,0,0,0,0,0,0,0,0,0,0,0,0,0,0,0,0,0,0,0,0,0,0,0,0,0,0,0,0,0,0,0,0,0,0,0,0,0,0,0,0,0,0,0,0,0,0,0,0,0,0,0.556,0,0,0,0,0,0,0,0,0,0,0,0,0,0,0,0,0,0,0,0,0,0,0,0,0,0,0,0,0,0,0,0,0,0,0,0,0,0,0,0,0,0,0,0,0,0,0,0,0,0,0,0,0,0,0,0,0,0,0,0,0,0,0,0,0,0,0,0,0,0,0,0,0,0,0,0,0,0,0.166,0,0,0,0,0,0,0,0,0,0,0.166,0,0,0,0,0,0,0,0,0,0,0,0,0,0,0,0,0.157,0,0,0,0,0,0,0,0,0,0,0,0,0,0,0,0,0,0,0,0,0,0,0,0,0,0,0,0,0,0,0,0,0,0,0,0,0,0,0,0,0,0,0,0,0,0,0,0,0,0.183,0,0,0,0,0,0,0,0,0,0,0,0,0,0,0,0,0,0,0,0,0,0,0,0,0,0,0,0,0,0,0,0.238,0,0,0,0,0,0,0,0,0.15,0,0,0,0,0,0,0,0,0,0,0,0,0,0,0,0,0,0,0,0,0,0,0,0,0,0,0,0,0,0,0,0,0,0,0,0,0,0,0,0,0,0,0,0,0,0,0,0,0,0,0,0,0,0,0,0,0,0,0,0,0,0,0,0,0,0,0,0,0,0,0,0,0,0,0,0,0,0,0,0,0,0,0,0,0,0,0,0,0,0,0,0,0,0,0,0,0,0,0,0,0,0,0,0,0,0,0,0.194,0,0,0,0,0,0,0,0,0,0,0,0,0,0,0,0,0,0,0,0,0,0,0,0,0,0,0,0,0,0,0,0,0,0,0,0,0,0,0,0,0,0,0,0,0,0,0,0,0,0,0,0,0,0,0,0,0,0,0,0,0,0,0,0,0,0,0,0,0,0,0,0,0,0,0,0,0,0,0,0,0,0,0,0,0,0,0,0,0,0,0,0,0,0,0,0,0,0,0,0,0,0,0,0,0,0,0,0,0,0,0,0,0,0,0,0,0,0,0,0,0,0,0,0,0,0,0,0,0,0,0,0,0,0,0,0,0,0,0,0,0,0,0,0,0,0,0,0,0,0,0,0,0,0,0,0,0,0,0,0,0,0,0,0,0,0,0,0.154,0,0,0,0,0,0,0,0,0,0,0,0,0,0,0,0,0,0,0,0,0,0,0,0,0,0,0,0,0,0,0,0,0,0,0,0,0,0,0,0,0,0,0,0,0,0,0,0,0,0,0,0,0,0,0,0,0,0,0,0,0,0,0,0,0,0,0,0,0,0,0,0,0,0,0,0,0,0,0.154,0,0,0,0,0,0,0,0,0,0,0,0,0,0,0,0,0,0.341,0,0,0,0,0,0,0,0,0,0,0,0,0,0,0,0,0,0,0,0,0,0,0,0,0,0,0,0,0,0,0,0,0,0,0,0,0,0,0,0,0,0,0,0,0,0,0,0,0,0,0,0,0,0.28,0,0,0,0,0,0,0,0,0,0,0,0,0,0,0,0,0,0,0,0,0,0,0,0,0,0,0,0,0,0,0,0,0,0,0,0,0,0,0,0,0,0,0,0,0,0,0,0,0,0,0,0,0,0,0,0,0,0,0,0,0,0,0,0,0,0,0,0,0,0,0,0,0,0,0,0,0,0,0,0,0,0,0,0,0,0,0,0,0,0
851834,0,0.315,0.776,0.296,0,0,0.318,0,0,0,0,0,0,0,0.4,0.188,0.284,0,0,0,0,0,0,0,0.205,0,0.172,0,0,0,0,0,0.267,0,0.24,0,0,0,0,0,0,0.183,0,0,0,0.317,0,0.192,0.408,0,0.161,0,0,0,0,0,0,0,0.31,0,0.295,0.178,0.311,0.538,0.295,0,0.352,0.196,0,0,0,0,0,0,0,0.231,0,0,0.311,0,0.339,0,0,0,0,0.392,0,0,0,0,0,0,0,0.194,0.203,0,0,0.378,0.292,0,0,0,0.348,0.193,0.173,0.289,0.572,0,0,0,0,0,0,0,0,0,0,0.277,0,0,0,0.195,0.176,0,0,0,0,0,0,0,0,0,0,0,0,0,0,0,0.172,0,0,0.161,0,0,0,0.296,0,0,0,0,0.222,0,0,0,0,0.276,0,0,0,0,0,0,0,0.273,0.292,0,0,0,0,0,0,0,0,0,0,0,0,0.335,0,0.351,0,0.225,0,0,0,0,0,0,0.168,0,0.299,0,0,0,0,0,0,0,0,0,0,0,0,0,0,0,0,0,0,0,0,0,0,0,0,0,0,0,0,0,0,0,0,0,0,0,0,0,0,0,0,0,0,0,0,0,0,0,0,0,0,0,0,0,0,0,0,0,0,0,0,0,0,0,0,0,0,0,0,0,0,0,0,0.158,0,0,0,0,0,0,0,0,0,0,0,0,0.205,0,0,0,0,0,0,0,0,0,0,0,0.251,0,0,0,0,0,0,0,0,0,0,0,0,0,0.23,0,0,0,0.161,0,0,0,0,0,0,0.219,0,0,0,0,0,0,0,0,0,0,0,0,0,0,0,0,0,0,0,0,0,0.272,0,0,0.168,0,0,0,0.22,0,0,0,0,0,0,0.159,0,0,0,0,0,0.339,0.161,0,0,0,0,0,0,0,0,0,0.151,0,0,0,0,0,0.248,0,0,0,0,0.15,0,0,0,0,0,0,0,0,0,0,0.267,0.28,0,0,0,0,0,0,0,0,0,0,0,0,0,0,0,0,0,0,0,0,0,0,0,0,0,0,0,0,0,0,0,0,0,0,0,0,0,0,0,0,0,0,0.193,0,0,0,0,0.211,0,0,0,0.219,0,0,0,0.339,0,0,0,0,0,0,0,0,0.215,0,0,0,0,0,0,0,0,0,0,0.15,0,0,0,0,0,0,0,0,0,0,0,0,0,0,0,0,0,0,0,0,0,0,0,0,0,0,0,0,0,0,0,0,0,0,0,0,0,0,0,0,0,0.202,0,0,0,0,0,0,0,0,0,0,0,0,0,0,0,0,0,0,0,0.265,0,0,0,0,0,0,0,0,0,0,0,0.252,0,0,0,0,0,0.251,0,0,0,0,0,0,0.151,0,0,0,0.219,0.452,0,0,0,0,0,0,0.854,0,0.179,0,0,0,0,0,0,0,0,0,0,0,0,0,0,0,0,0,0,0.271,0,0,0,0,0,0,0,0,0,0,0,0,0,0,0,0,0,0.258,0,0,0,0,0,0,0,0,0,0,0,0,0,0,0,0,0,0,0,0,0,0,0,0,0.285,0.359,0.268,0,0.227,0,0,0,0,0,0,0,0,0,0,0.29,0,0,0,0,0,0,0,0,0,0,0,0,0,0,0,0,0,0,0,0,0,0,0,0,0,0.186,0,0,0.199,0,0,0,0,0,0,0,0,0,0,0,0,0,0,0,0,0,0,0,0,0,0,0,0,0,0,0,0,0,0,0,0.155,0,0,0,0,0,0,0.294,0,0,0,0,0,0,0,0,0,0,0.202,0,0,0,0,0,0,0,0,0,0,0,0,0,0,0,0,0,0,0,0,0,0,0,0,0,0,0,0,0,0,0,0,0,0,0,0,0.194,0,0,0,0,0,0,0,0.172,0,0,0,0,0,0,0,0,0.159,0,0,0,0,0,0,0,0,0,0,0,0,0,0,0,0,0,0,0,0,0,0,0,0,0,0,0,0,0,0,0,0,0,0,0,0,0,0,0,0,0,0,0,0,0,0,0,0,0,0,0,0,0.343,0,0,0,0,0,0,0,0,0,0,0,0,0,0,0,0.359,0,0,0,0,0,0.193,0.229,0,0,0,0,0,0,0,0,0,0,0,0,0,0.171,0,0,0,0,0,0,0,0,0,0,0,0,0,0,0,0,0.194,0,0,0,0,0,0,0,0,0,0,0,0.2,0,0,0,0.228,0,0,0,0,0,0,0,0,0,0,0,0,0,0,0,0,0,0,0,0,0,0,0.315,0,0,0,0,0,0,0,0,0,0,0,0,0.202,0,0,0,0,0,0,0.448,0,0,0,0,0,0,0,0,0,0,0,0,0,0,0,0,0,0,0,0,0,0,0,0,0,0,0,0,0,0,0,0,0,0,0,0,0.379,0.385,0,0,0,0,0,0,0.357,0,0,0,0,0,0,0,0,0,0,0,0,0,0,0,0,0,0,0,0,0.192,0,0,0,0,0,0,0,0,0,0,0,0,0,0.354,0.205,0,0,0,0.191,0.167,0,0,0,0,0.215,0,0,0,0,0,0,0,0,0,0.306,0,0,0,0,0,0,0,0,0.161,0,0.275,0,0,0.295,0,0,0.172,0,0.615,0,0,0,0,0,0.155,0,0,0.206,0.228,0,0.201,0,0,0,0,0,0,0,0,0,0.202,0.263,0.227,0,0,0,0,0,0,0.199,0.228,0,0,0,0,0,0,0.237,0,0.385,0,0,0,0,0,0,0,0,0.39,0.201,0,0,0.236,0,0,0,0.207,0,0,0,0.205,0,0,0,0,0.201,0.796,0,0.219,0,0,0,0,0,0,0,0,0.24,0,0.263,0,0,0,0,0,0,0.403,0.161,0,0,0,0,0,0,0,0,0,0.201,0,0,0.155,0,0,0,0,0,0.155,0,0.335,0.226,0,0,0,0.253,0.26,0.171,0,0,0,0,0.166,0,0.199,0,0,0,0.192,0,0,0,0.198,0,0,0,0,0,0,0,0,0.297,0,0,0,0,0,0,0.23,0,0,0.193,0,0,0,0.211,0,0.2,0,0,0,0,0.258,0,0.229,0,0,0,0,0,0,0,0.209,0,0,0,0.2,0,0,0.236,0,0,0,0,0,0,0,0,0.176,0,0,0,0,0.177,0,0,0,0.198,0,0,0,0.682,0,0,0,0,0,0.166,0,0,0,0,0,0,0,0,0,0.382,0.315,0,0.195,0,0,0.216,0,0,0,0,0,0,0,0,0.183,0.195,0,0,0,0,0.236,0.232,0,0,0,0,0,0,0,0,0,0,0.191,0,0,0,0,0,0,0,0.236,0,0,0,0,0,0,0.315,0,0,0.392,0,0.342,0,0,0,0,0,0,0,0,0,0,0.199,0,0.165,0,0,0,0,0,0,0.195,0,0,0,0,0.371,0,0,0.268,0,0,0,0,0,0.517,0,0.538,0,0,0.252,0,0.198,0,0,0,0,0,0,0,0.192,0,0.177,0.601,0,0,0,0.191,0,0.251,0,0,0,0.355,0,0,0,0,0.299,0,0,0,0.166,0.395,0,0,0,0,0,0,0,0,0,0,0,0.201,0,0,0.177,0,0,0,0,0,0,0,0.252,0,0,0,0,0,0,0,0,0,0,0,0,0,0,0,0.165,0,0,0,0,0,0,0,0,0,0,0,0,0,0,0,0,0,0,0,0,0,0.2,0,0,0,0,0.24,0,0,0,0.302,0,0,0,0,0,0.226,0,0,0.22,0,0,0,0,0,0,0,0.244,0,0,0,0,0,0,0.193,0,0,0,0.216,0,0.201,0,0,0,0.331,0,0,0,0,0,0,0,0,0.2,0,0.195,0,0,0,0,0,0,0,0,0,0,0,0,0,0,0.199,0,0,0,0.263,0,0.315,0,0,0,0,0,0,0,0,0,0,0,0,0,0,0,0,0.577,0,0,0,0,0,0,0,0,0,0,0,0,0,0,0,0,0,0,0,0,0,0,0,0,0,0.38,0,0,0,0,0,0,0,0,0,0,0,0,0,0,0,0.187,0,0,0,0,0,0,0.161,0,0,0,0,0,0,0,0,0,0,0,0,0,0,0,0,0,0,0,0,0,0,0,0,0,0,0,0,0,0,0.272,0,0,0,0,0,0,0,0,0,0,0,0,0,0,0,0,0,0,0.192,0,0,0,0,0,0,0,0,0,0,0,0,0.206,0,0,0,0,0,0,0,0,0,0,0,0,0.167,0,0,0,0,0,0.235,0.22,0,0,0,0,0,0,0,0,0,0,0.214,0,0,0,0,0,0,0,0.29,0,0,0,0,0,0,0,0,0,0,0,0,0,0,0,0,0,0,0,0,0,0,0,0,0,0,0,0,0,0,0,0,0,0,0,0,0,0,0,0,0,0,0,0,0,0,0,0,0,0,0,0,0,0,0,0,0,0,0,0,0,0,0,0,0,0,0,0,0,0,0,0,0,0,0,0,0,0,0,0,0,0,0,0,0,0,0,0,0,0,0,0,0,0,0,0,0.394,0,0,0,0,0,0,0,0,0,0,0,0,0,0,0,0,0,0,0,0,0,0,0,0,0,0,0,0,0,0,0,0,0,0,0,0,0,0,0,0,0,0,0,0,0,0,0,0,0,0,0,0,0,0,0,0,0,0,0,0,0,0,0,0,0,0,0,0,0,0,0,0,0,0,0,0,0,0,0,0,0,0,0,0,0,0,0,0,0,0,0,0,0,0,0,0,0,0,0,0,0,0,0,0,0,0.358,0,0,0.38,0,0,0,0,0,0,0,0,0,0,0,0,0,0,0,0,0,0,0,0,0,0,0,0,0,0,0,0.155,0,0,0,0,0,0,0,0,0,0,0,0,0,0,0,0,0,0,0,0,0,0,0,0,0,0,0,0,0,0,0.333,0,0,0,0,0.22,0,0,0,0,0,0,0,0,0,0,0,0,0,0,0,0.155,0,0,0,0,0,0,0,0,0,0,0,0,0,0,0,0,0,0,0.194,0,0,0,0,0,0,0,0,0,0,0,0,0.155,0,0,0,0.337,0,0,0,0,0,0,0,0,0,0,0,0,0,0,0,0,0.569,0,0,0,0,0,0,0,0,0,0.194,0,0,0,0.157,0,0,0,0,0,0,0,0,0,0,0,0,0,0,0,0,0,0,0,0.273,0,0,0,0,0,0,0,0,0,0,0,0,0,0,0,0,0,0,0,0,0,0,0,0,0,0,0,0,0,0,0,0,0,0,0,0,0.161,0,0,0,0,0,0,0,0,0,0,0,0,0.172,0,0.172,0,0,0,0,0,0,0,0,0,0,0,0,0,0,0,0,0,0,0,0,0,0,0,0,0,0,0,0,0,0,0,0,0,0,0.154,0,0,0,0,0,0,0,0,0,0,0,0,0,0,0,0,0,0,0,0,0,0,0,0,0,0,0,0,0,0,0,0,0,0,0,0,0,0,0,0,0,0,0,0,0,0,0,0,0,0,0,0.21,0,0,0,0,0,0,0,0,0,0,0,0,0,0,0,0,0,0,0,0,0,0,0,0,0.225,0,0,0,0,0,0,0,0,0,0,0.529,0.188,0,0,0,0,0,0,0,0.389,0,0,0,0,0,0,0,0,0,0,0,0,0,0,0,0,0,0,0,0,0,0,0.314,0,0,0.288,0,0,0,0,0,0,0,0,0,0,0,0,0,0,0,0,0,0,0,0,0,0,0,0,0,0,0,0,0,0.408,0,0,0,0,0,0,0,0.452,0,0,0,0,0,0,0,0,0,0,0,0,0,0,0,0,0,0,0,0,0,0,0,0,0,0,0,0,0.272,0,0,0,0.339,0,0,0,0,0,0,0,0,0,0,0.196,0,0,0,0,0,0,0,0,0,0,0,0,0,0,0,0,0,0,0,0,0,0,0.164,0,0,0.309,0,0,0,0,0,0.16,0,0,0,0,0,0,0.315,0,0,0,0,0,0,0,0,0,0,0,0,0,0,0,0,0,0,0,0,0,0,0,0,0,0,0,0,0,0,0,0,0,0.168,0,0,0,0,0,0,0,0,0,0,0,0,0,0,0,0,0,0,0,0,0,0,0,0,0,0,0,0,0,0,0,0,0,0,0,0,0,0,0,0,0,0,0,0,0,0,0,0,0,0,0,0,0,0,0,0,0,0,0.432,0,0,0,0,0,0,0,0,0,0,0,0,0,0,0.191,0,0.211,0,0,0,0,0,0,0,0,0,0,0,0,0,0,0,0,0,0,0,0,0,0,0,0,0,0,0,0,0,0,0,0,0,0,0.201,0,0,0,0,0,0,0,0,0,0,0,0,0.465,0,0,0,0,0,0,0,0.161,0,0,0,0,0,0,0,0,0,0,0,0,0,0,0,0,0,0,0,0,0,0,0,0.161,0,0.166,0,0,0,0,0,0,0,0,0,0,0,0,0,0.161,0,0.164,0,0,0,0,0,0,0,0.22,0,0,0,0,0,0,0,0,0,0,0,0,0.161,0,0,0,0,0,0,0,0,0,0.161,0,0,0,0,0,0,0,0,0,0.189,0,0,0,0,0,0,0,0,0,0,0,0,0.161,0,0,0.418,0,0,0,0,0,0,0,0,0,0,0,0,0,0,0,0,0,0,0,0,0,0,0.277,0,0,0,0,0,0,0.154,0,0,0,0,0,0,0,0,0,0,0.295,0,0,0,0,0,0,0,0,0,0,0,0,0,0,0,0,0,0,0,0,0,0,0,0.161,0,0,0,0,0,0,0,0,0,0,0,0,0,0,0,0,0,0,0,0,0,0,0,0,0,0,0,0,0,0,0,0,0,0,0,0,0,0,0,0,0,0,0,0,0,0,0,0,0,0,0,0,0,0,0,0.34,0,0,0,0,0,0,0,0,0,0,0,0,0,0,0,0,0,0,0.167,0,0,0,0,0,0,0,0,0,0,0,0,0,0,0,0,0,0,0,0,0,0,0,0,0,0,0,0,0,0,0,0,0,0,0.161,0,0,0,0.161,0,0,0,0,0,0,0,0,0,0,0,0,0,0,0,0,0,0,0,0,0,0,0,0,0,0,0,0,0,0,0,0,0,0,0,0,0,0,0,0,0,0,0,0,0,0,0,0,0,0,0,0,0,0,0,0,0,0,0,0,0,0,0,0,0.55,0,0,0,0,0,0,0,0,0,0,0,0,0,0,0,0,0,0,0,0,0,0,0,0,0,0,0,0,0.22,0,0,0,0,0,0.429,0,0,0,0,0,0,0,0,0,0,0.392,0,0,0,0,0,0,0,0,0,0.183,0,0,0,0,0,0,0,0,0.315,0,0,0,0,0,0,0,0,0,0.173,0,0.315,0,0,0,0,0,0,0,0.315,0,0,0,0,0,0,0,0,0,0,0.173,0,0,0.188,0,0,0,0,0,0,0,0,0,0,0,0,0,0,0,0,0,0,0,0,0,0,0.274,0,0,0,0,0,0,0,0,0,0,0,0,0,0,0,0,0,0,0,0,0,0,0,0,0,0,0,0,0,0,0,0,0.171,0,0,0,0,0,0,0,0,0,0,0,0,0,0,0,0,0,0,0,0,0,0,0.164,0,0,0,0,0,0,0,0,0,0,0,0,0,0,0,0,0,0,0,0,0,0,0,0,0,0,0,0,0,0,0,0,0,0,0,0,0,0,0,0,0,0,0,0,0,0,0,0.189,0,0,0,0,0,0,0,0,0,0,0,0,0,0,0,0,0,0,0,0,0,0,0,0,0,0,0,0,0,0,0,0,0,0,0,0,0,0,0,0,0,0,0,0,0,0,0,0,0,0,0,0,0,0,0,0,0,0,0,0,0,0,0,0,0,0,0,0,0,0,0,0,0,0,0,0,0,0,0,0,0,0,0,0,0,0,0,0,0,0,0,0,0,0,0,0,0,0,0,0,0,0,0,0,0,0,0,0,0,0,0,0,0,0.473,0,0,0,0,0,0,0,0,0,0,0,0,0,0,0,0,0,0,0,0,0,0,0,0,0,0,0,0,0,0,0,0,0,0,0,0,0,0,0,0,0,0,0,0,0,0,0,0,0,0.214,0,0,0,0,0,0,0,0,0,0,0,0,0,0,0,0,0,0,0,0,0,0,0,0,0,0,0,0,0,0.173,0,0,0,0,0,0,0,0,0,0,0,0,0,0,0,0,0,0,0,0,0,0,0,0,0,0,0,0,0,0,0,0,0,0,0,0,0,0,0,0,0,0,0,0,0,0,0,0,0,0,0,0,0,0,0,0,0.165,0,0,0,0,0,0,0,0,0,0,0,0,0,0,0,0,0,0,0,0,0,0,0,0,0,0,0,0,0,0.373,0,0,0,0,0,0,0,0,0,0,0,0,0,0,0,0.183,0,0,0,0,0,0,0,0,0,0,0,0,0,0,0,0,0,0,0,0,0,0,0,0,0,0,0,0,0,0,0,0,0,0,0,0,0,0,0,0,0.183,0,0,0.196,0,0,0,0,0,0,0,0,0,0.218,0,0,0,0,0,0,0,0,0,0,0,0,0,0,0,0,0,0,0,0,0,0,0,0,0,0,0,0,0,0,0,0,0,0,0,0,0,0,0,0,0,0,0,0,0,0,0,0,0,0,0,0,0,0,0,0,0,0,0,0,0,0,0,0,0,0,0,0,0,0,0,0,0,0,0,0,0,0,0,0,0,0,0,0,0,0,0,0,0,0,0.318,0.474,0,0,0,0,0,0.396,0,0.392,0,0,0.2,0,0,0,0,0,0,0,0,0,0,0,0,0,0,0,0,0,0,0,0,0,0,0.157,0,0,0,0,0,0,0,0,0,0,0.193,0,0,0,0,0,0,0,0,0,0,0,0,0,0,0,0,0,0,0,0,0,0,0,0,0,0,0,0,0,0,0,0,0,0,0,0,0,0,0,0,0,0.347,0,0,0,0,0,0,0,0,0,0,0.418,0,0,0,0,0,0,0,0,0,0,0,0,0,0,0,0,0,0,0,0,0,0,0,0,0,0,0,0,0,0,0,0,0,0,0,0,0,0,0,0,0,0,0,0,0,0,0,0,0,0,0,0,0,0,0,0,0,0,0,0,0,0,0,0,0,0,0,0,0,0,0,0,0,0,0,0,0,0,0,0.198,0,0,0,0,0,0,0,0,0,0,0,0,0,0,0,0,0,0,0,0,0,0,0,0,0,0,0,0,0,0,0.202,0,0,0,0,0,0,0,0,0,0,0,0,0,0,0,0,0,0,0.81,0,0,0,0,0,0,0,0,0.246,0,0,0,0,0,0,0,0,0,0,0,0,0,0,0,0,0,0,0,0,0,0,0,0,0,0,0,0,0,0,0,0,0,0,0,0,0,0,0,0,0,0,0,0,0,0,0,0,0,0.351,0,0,0,0,0,0,0,0,0,0,0,0,0,0,0,0,0,0.396,0,0.22,0.157,0,0,0,0,0,0,0,0,0,0,0.424,0,0,0.153,0,0,0,0,0.307,0,0.27,0,0,0,0.241,0,0,0,0,0,0,0,0,0,0,0,0,0,0,0,0,0,0,0,0,0,0,0,0,0,0,0,0,0.198,0,0,0,0,0,0,0,0,0,0,0,0.535,0,0,0,0,0,0,0,0,0,0,0,0,0,0,0,0,0,0,0,0,0,0.179,0,0,0,0,0,0,0,0,0,0.488,0,0,0,0,0,0,0,0,0,0,0,0,0,0,0.242,0,0,0,0,0,0,0,0,0,0,0,0,0,0,0,0,0,0,0,0,0,0,0,0,0,0,0,0,0,0,0,0,0,0,0,0,0,0,0,0,0,0,0,0,0,0,0,0,0,0,0,0,0,0,0,0,0,0,0.169,0,0,0,0,0,0,0,0,0,0,0,0,0,0,0,0,0,0,0,0,0,0,0,0,0,0,0,0,0,0.509,0,0,0,0,0,0,0,0,0,0,0,0,0,0,0,0,0,0.215,0,0,0,0,0,0,0,0,0,0,0,0,0,0,0,0,0,0,0,0,0,0,0,0,0,0.39,0,0,0.159,0,0,0,0,0,0,0,0,0.696,0,0.196,0,0,0,0,0,0,0,0,0,0,0,0,0,0,0,0,0,0,0,0,0,0,0,0,0,0,0,0,0,0,0,0,0.48,0,0,0,0,0,0,0,0,0,0,0,0,0,0,0,0,0,0,0,0,0,0,0,0,0,0,0,0,0,0,0,0,0,0,0,0,0,0,0,0,0,0,0,0,0,0,0,0,0,0,0,0,0,0,0,0,0,0,0,0,0,0,0,0,0,0,0,0,0,0,0,0,0,0,0,0,0,0,0,0,0,0,0
852802,0.187,0,0,0,0,0,0.307,0,0,0,0,0,0,0,0,0,0,0,0,0.507,0,0,0,0,0,0,0,0,0,0,0,0,0,0,0,0,0,0,0,0,0,0,0,0,0,0,0,0,0,0.919,0.895,0.334,0,0,0,0.208,0,0,0,0,0,0.171,0,0,0,0,0,0,0,0,0,0,0,0,0,0.308,0,0,0,0,0,0,0,0,0,0,0.197,0,0,0,0,0,0,0,0,0,0,0,0.79,0,0,0,0,0,0,0,0,0,0,0,0,0,0,0,0,0,0,0.341,0.204,0.918,0,0,0.889,0,0,0,0,0.999,0,0,0,0,0.359,0,0,0,0,0,0,0,0.346,0.999,0,0,0,0,0,0,0,0,0.159,0,0,0.15,0,0,0,0,0,0,0,0,0,0,0,0,0,0,0,0.943,0,0,0,0,0,0,0,0,0,0,0,0,0,0,0,0,0,0,0,0.912,0.936,0,0,0,0,0.23,0.269,0,0,0,0,0,0.404,0,0,0,0.308,0,0,0,0,0,0,0,0.932,0,0.557,0,0,0,0.92,0,0,0.998,0,0,0,0,0.254,0.189,0.157,0,0,0,0.841,0.249,0,0,0,0,0,0,0,0.899,0.326,0,0,0,0.443,0,0,0,0,0,0,0,0,0,0,0,0,0,0,0,0.771,0,0,0,0.268,0,0.194,0,0,0,0,0.354,0,0.336,0,0,0,0,0.363,0,0.179,0,0,0.648,0,0.152,0,0,0,0,0,0,0,0.567,0,0,0.917,0,0,0.931,0,0.473,0,0,0,0.283,0,0,0,0.202,0.323,0,0.245,0,0,0.997,0,0,0,0.768,0,0.338,0,0,0.935,0.612,0,0.172,0,0.936,0,0,0,0,0.168,0,0,0,0,0.163,0.225,0,0,0,0,0,0.976,0,0,0.691,0.208,0,0,0,0,0,0.253,0,0,0,0,0.263,0,0,0.974,0,0,0.193,0,0,0,0,0,0,0,0,0,0,0.257,0.249,0,0,0,0,0.229,0,0.164,0.206,0,0,0,0,0,0,0.181,0,0.187,0,0,0,0,0,0,0,0.198,0.265,0,0,0,0,0,0.622,0.281,0,0,0,0,0,0,0.223,0,0.995,0,0.193,0,0.279,0,0,0,0,0,0,0.277,0,0,0,0,0.219,0.243,0,0.157,0,0,0,0,0,0.204,0,0.293,0.2,0,0,0,0,0,0,0,0,0,0,0,0,0,0,0,0,0,0,0,0.234,0,0.188,0,0,0,0,0.921,0,0,0,0.368,0,0,0,0,0,0,0.952,0,0,0.155,0,0,0.438,0.91,0,0,0,0,0,0,0,0,0,0.958,0,0.235,0,0,0,0,0,0.254,0,0,0,0,0,0,0,0,0.918,0,0,0,0,0,0,0,0,0,0,0,0,0.204,0,0,0,0,0,0,0.202,0,0,0.204,0.189,0,0,0,0,0.284,0,0,0,0,0,0.819,0,0,0,0,0.178,0,0.157,0,0,0,0,0,0,0,0,0.22,0,0,0,0,0,0.225,0,0,0,0,0,0,0,0.152,0,0,0,0,0,0.365,0.235,0,0,0.156,0,0.185,0,0,0.173,0,0,0,0,0,0.244,0.184,0,0.986,0,0,0.965,0,0,0.233,0.497,0.286,0,0,0,0,0.173,0,0,0,0,0.233,0.25,0,0,0.15,0,0,0,0,0.186,0,0,0,0,0,0,0,0,0,0,0,0,0,0,0,0,0.793,0.991,0,0,0,0,0,0,0,0,0,0,0,0,0.202,0.2,0,0,0,0,0,0,0,0,0,0,0,0,0.994,0,0,0,0,0,0,0,0,0,0,0,0,0,0.188,0,0,0,0.236,0,0.49,0.158,0,0,0,0,0,0.611,0,0,0.193,0.998,0.298,0,0,0,0,0,0,0,0,0,0.164,0.277,0.173,0,0,0,0,0.574,0,0,0,0,0,0.16,0,0,0,0,0,0,0.162,0,0.29,0,0.228,0,0,0.265,0.302,0,0,0,0,0,0,0,0,0,0,0,0,0,0.182,0.999,0,0.177,0.752,0,0,0,0,0,0,0.934,0,0.455,0,0.995,0,0,0,0,0,0.204,0,0,0,0,0,0,0,0,0,0,0,0,0.179,0,0,0.179,0.276,0,0,0,0.188,0,0.261,0,0.32,0,0,0.278,0,0,0,0,0.72,0,0.197,0,0,0.767,0,0.161,0,0,0,0,0,0.906,0,0.274,0,0,0,0,0,0,0.173,0,0.999,0,0,0,0,0.29,0,0,0,0,0,0,0,0,0,0,0,0,0,0.463,0.201,0,0,0,0,0,0,0,0,0.168,0,0,0,0,0.288,0,0,0,0,0,0.975,0,0,0,0,0,0,0,0,0,0.304,0.22,0.195,0,0.987,0.172,0,0.727,0,0,0.204,0.926,0,0.243,0,0,0.162,0,0.909,0,0,0.185,0.281,0,0,0,0,0,0,0.283,0,0,0,0.302,0,0,0,0,0,0,0,0,0,0,0,0.262,0,0,0,0,0.4,0,0.302,0.354,0,0.186,0,0.202,0,0,0,0.993,0,0,0,0,0.356,0.471,0,0,0,0,0,0.219,0,0,0,0,0,0,0,0,0,0,0,0,0,0,0,0,0,0,0,0,0,0,0,0,0,0,0,0,0,0,0,0,0,0,0,0,0,0,0,0,0,0,0,0,0.173,0,0,0,0,0.204,0,0,0,0.308,0,0,0.92,0.257,0,0.205,0,0,0,0.32,0,0,0.233,0.195,0,0,0,0.202,0.978,0.314,0,0,0.192,0.176,0,0,0,0,0,0,0.224,0,0.492,0,0,0,0,0,0,0.179,0,0.383,0,0.217,0,0,0,0,0.264,0,0,0.845,0.176,0,0.175,0,0,0,0,0.962,0,0,0,0,0.528,0,0,0.202,0,0.188,0,0,0,0,0.463,0,0,0,0,0.677,0,0,0.906,0,0,0,0,0.257,0,0,0,0.224,0,0,0,0.335,0,0,0,0,0,0,0,0.219,0,0,0.202,0,0,0,0.601,0.726,0,0,0,0,0,0,0,0.217,0,0.234,0,0,0,0.22,0,0,0,0,0.541,0,0.198,0,0,0.219,0.19,0,0,0,0.429,0,0,0,0.152,0,0,0,0,0,0.554,0,0.458,0,0,0,0,0,0,0,0.202,0.275,0.936,0,0,0.607,0,0.224,0,0,0.945,0.351,0,0.246,0,0.237,0,0.307,0,0,0,0,0,0.229,0,0,0,0,0,0,0.24,0,0,0,0.999,0,0.72,0,0,0.539,0,0,0,0,0,0,0,0,0,0,0,0,0,0,0.303,0,0,0.251,0,0,0,0,0,0,0,0,0.175,0.82,0,0,0,0,0,0,0,0,0,0,0,0.993,0,0,0.62,0,0.296,0,0,0.251,0,0,0,0,0,0,0,0.907,0,0,0.161,0,0,0,0.153,0,0,0.16,0,0,0,0.196,0,0,0,0,0.202,0,0,0,0,0,0.184,0,0,0,0.187,0,0,0,0,0,0,0,0,0.303,0,0.714,0.373,0,0.237,0.641,0,0,0,0,0,0,0,0,0,0,0,0,0,0,0.402,0,0,0,0,0,0.243,0,0,0,0,0.186,0,0,0.213,0.157,0.315,0,0,0,0,0,0,0,0,0,0,0,0.344,0,0,0,0,0,0,0.251,0,0,0,0,0,0,0.168,0,0,0,0,0,0,0,0,0,0,0,0,0,0,0,0,0,0,0,0,0,0.331,0,0.151,0,0.182,0,0,0,0,0.211,0.657,0,0.219,0.24,0,0.151,0.22,0,0.161,0,0,0,0,0,0.205,0,0,0,0,0,0.244,0,0,0.244,0.237,0.933,0,0,0,0.151,0,0,0,0,0,0,0,0,0.168,0,0.158,0,0,0.227,0,0,0,0,0,0,0,0,0,0.438,0,0,0,0.275,0,0.151,0,0,0,0,0,0.16,0,0,0,0.399,0,0,0,0,0,0.16,0,0,0,0.627,0.157,0.271,0,0,0,0.211,0,0,0,0.383,0.219,0,0,0,0,0.257,0,0.324,0,0,0,0,0,0,0,0,0,0,0.244,0,0.326,0,0,0,0,0,0,0.196,0,0.238,0.202,0,0,0,0,0,0,0,0,0,0,0,0,0,0,0,0,0,0,0,0,0,0,0,0,0,0,0,0,0,0.419,0,0,0,0,0,0,0,0,0,0,0,0,0.272,0,0,0,0,0.229,0,0.237,0,0,0,0,0,0,0,0,0,0,0,0,0,0,0,0,0,0,0,0,0,0.22,0,0,0,0,0,0,0,0,0,0,0,0.999,0,0.177,0,0.586,0.937,0.204,0.985,0,0.999,0.992,0,0,0.999,0,0,0,0.204,0.277,0,0,0.931,0,0.937,0,0.996,0.993,0,0.387,0,0.401,0.839,0,0,0.999,0.33,0,0,0,0.976,0.999,0,0.246,0.696,0.343,0,0,0.957,0,0.999,0.19,0.975,0.999,0,0,0.999,0,0.994,0,0,0,0.985,0.672,0.28,0,0.154,0,0.992,0.978,0.946,0.279,0.994,0,0.375,0,0,0,0,0.931,0.998,0.159,0.171,0.159,0.256,0.941,0,0,0.998,0,0,0.98,0.3,0,0,0.311,0,0,0,0.987,0,0,0,0.993,0.994,0,0.325,0,0.269,0.975,0,0.984,0.99,0,0.364,0.908,0,0.253,0.638,0,0,0.911,0.933,0,0,0,0.993,0,0.893,0.985,0,0,0.165,0.484,0,0,0,0,0,0.983,0.199,0,0.507,0,0.209,0,0.251,0,0.99,0,0,0,0.987,0,0.184,0,0,0,0,0,0,0.733,0,0.331,0.992,0.657,0,0,0.996,0,0,0.972,0.928,0.9,0.978,0.999,0.248,0.165,0,0,0,0.235,0.935,0.847,0.953,0,0.999,0.244,0.469,0.463,0.971,0.993,0.197,0,0.916,0.506,0,0.989,0.843,0.997,0.532,0.681,0.997,0,0,0,0.385,0.685,0,0,0,0.999,0,0,0.999,0.613,0.993,0.217,0.63,0.992,0.295,0.991,0,0.279,0.992,0,0.435,0.996,0,0.399,0.999,0,0.583,0.412,0,0.24,0.996,0.291,0.5,0,0.998,0.246,0,0,0,0,0,0.66,0.368,0.429,0,0,0.153,0,0,0,0,0.892,0,0,0,0.922,0,0,0,0,0,0,0,0,0,0,0,0,0,0,0,0,0,0,0,0,0,0.312,0,0,0.224,0,0,0,0,0,0,0,0.283,0,0,0,0,0,0.215,0,0,0,0.488,0,0,0,0,0,0,0,0.161,0,0.183,0,0,0,0,0,0,0.198,0,0,0,0,0,0,0,0,0,0,0,0,0,0,0.555,0,0.194,0,0,0,0.707,0,0,0,0,0,0,0,0,0,0,0,0,0.931,0,0.37,0,0.875,0,0,0,0,0,0,0,0,0,0,0,0,0,0,0.955,0,0,0,0,0,0,0,0,0,0,0,0,0,0.334,0,0,0.362,0,0,0,0,0.159,0,0,0.549,0,0,0,0,0,0,0,0,0,0,0,0,0,0,0,0,0,0,0.319,0,0,0,0,0,0,0,0,0,0,0,0.307,0.868,0,0,0,0,0,0,0,0,0.159,0,0,0,0,0,0,0,0,0,0,0,0,0,0,0,0,0.994,0,0,0.215,0,0,0,0,0,0.162,0,0,0.216,0,0,0.279,0,0,0.182,0,0,0,0,0,0,0,0,0,0,0.158,0,0,0,0,0,0,0,0,0,0,0,0,0.285,0,0,0.304,0,0,0,0,0,0,0,0.92,0,0,0,0,0,0,0,0,0,0,0.184,0,0.258,0,0.197,0,0.164,0,0,0,0,0,0,0,0,0,0,0,0,0,0,0,0.157,0,0,0,0.151,0,0,0,0,0,0,0,0,0,0,0,0,0,0,0,0,0,0,0,0.215,0,0,0,0,0,0,0.91,0,0,0,0,0.19,0,0,0,0,0,0.284,0,0,0,0,0.252,0,0,0,0,0,0,0,0,0,0,0,0,0,0,0,0,0,0.268,0,0,0,0,0,0,0,0,0,0.475,0,0.285,0,0,0,0,0,0,0.195,0,0,0,0,0,0,0,0,0,0,0.355,0,0.284,0,0,0,0,0,0,0.285,0,0.345,0,0,0,0,0,0,0,0,0,0,0,0,0,0,0,0,0,0,0,0,0,0,0,0,0,0,0,0,0,0,0,0,0.355,0,0,0.977,0.956,0.345,0.939,0,0.179,0,0,0,0,0,0.158,0,0,0.36,0.249,0,0,0,0,0,0,0,0,0,0,0,0,0,0.179,0.314,0,0.216,0,0.688,0,0,0,0,0,0,0.179,0,0,0,0,0.514,0,0,0,0,0,0,0,0,0.356,0.22,0,0,0,0,0,0,0,0,0,0,0,0,0,0,0,0.241,0,0,0.174,0,0.303,0,0,0,0,0,0.258,0,0,0,0,0,0,0,0,0,0,0,0,0,0,0,0,0,0,0,0,0,0,0,0,0,0,0,0,0,0,0,0,0,0,0,0,0,0,0,0,0,0,0,0,0,0,0,0,0,0,0,0,0,0,0,0,0,0,0,0,0,0,0,0,0,0,0,0,0,0,0,0,0,0,0,0,0,0,0,0,0,0,0,0,0,0,0,0,0,0,0,0,0,0,0,0,0,0,0,0,0,0,0,0,0,0,0,0,0,0,0,0,0.995,0,0,0,0,0,0,0,0,0,0,0,0,0,0,0,0,0,0,0,0,0,0,0,0,0.184,0,0,0,0,0,0,0,0,0,0,0,0.287,0,0,0,0,0,0,0.154,0,0,0,0,0,0,0,0,0,0,0,0,0,0,0,0,0,0,0,0,0,0,0,0,0,0,0,0,0.459,0,0,0,0,0,0,0.264,0,0,0,0,0,0.322,0.155,0.947,0,0,0,0.329,0,0,0,0,0,0,0,0,0,0,0.351,0.22,0,0,0,0,0,0,0,0,0.194,0.646,0,0.18,0.271,0.336,0,0.241,0.784,0.416,0,0.409,0,0,0,0,0,0,0,0,0,0,0,0,0.442,0,0.358,0,0,0,0.22,0,0,0,0,0,0,0,0,0,0.264,0.38,0,0,0,0.153,0,0.29,0,0,0,0,0,0,0,0,0,0,0,0,0,0,0.161,0.22,0,0,0,0,0.329,0,0.222,0.439,0.696,0,0.287,0,0.243,0,0,0,0,0,0,0,0.368,0,0,0.792,0,0.188,0,0,0,0,0,0,0,0,0,0,0,0.356,0,0,0.297,0.331,0,0,0,0,0,0,0.189,0,0.419,0.746,0.24,0,0.238,0,0.936,0.175,0.917,0.206,0.999,0,0.848,0.918,0,0.951,0.237,0.22,0,0.94,0.204,0,0.171,0,0.931,0,0.998,0.911,0,0,0.209,0.928,0,0.998,0,0.18,0,0.412,0.859,0,0.933,0,0,0.265,0.924,0,0,0.842,0.997,0.157,0.662,0,0,0,0,0,0.2,0.172,0.283,0.208,0.229,0,0.22,0.919,0,0.985,0,0,0.919,0.992,0,0.653,0,0,0,0,0.199,0,0,0,0,0,0,0.274,0.933,0,0,0,0,0.322,0,0.179,0,0.185,0,0.91,0,0.178,0,0.236,0.647,0.201,0.318,0,0,0.186,0,0,0,0.159,0.152,0,0.928,0.274,0.232,0.385,0.855,0,0,0.934,0.277,0,0,0.223,0,0.954,0.199,0.22,0.291,0.169,0,0.22,0,0,0,0.831,0.289,0,0.157,0,0.24,0,0,0.323,0.999,0,0.245,0.245,0,0.33,0,0,0.219,0.995,0,0.19,0,0.155,0.193,0,0,0.908,0.193,0,0.998,0,0.918,0,0.37,0,0.237,0,0.899,0,0,0.202,0.405,0,0,0.363,0.36,0,0.216,0.971,0.194,0.178,0.224,0.255,0.998,0.985,0,0,0.238,0.303,0,0,0,0.224,0,0,0.91,0.999,0.283,0.917,0,0.178,0,0,0.165,0.231,0.237,0,0.299,0,0.934,0.234,0.193,0,0.258,0.279,0,0.998,0.236,0.26,0,0.875,0.76,0.311,0,0,0,0.235,0.994,0,0.177,0.658,0.98,0,0,0,0.992,0.904,0,0.78,0.596,0.472,0.988,0.32,0.989,0.497,0.211,0.93,0,0.294,0,0.429,0,0,0,0,0.947,0,0,0.183,0.669,0.199,0.857,0.908,0.159,0.601,0,0,0,0,0.602,0,0.916,0,0,0.68,0.991,0,0.728,0.903,0.987,0.25,0.62,0.677,0,0.227,0,0,0,0,0.991,0,0,0,0.315,0,0.156,0.96,0,0.935,0,0,0.869,0,0.958,0.976,0,0.867,0.243,0.234,0,0.931,0.913,0,0,0,0,0,0,0,0.204,0,0.186,0,0,0,0,0,0,0,0,0,0,0,0,0,0,0,0,0,0,0,0,0,0,0,0,0.286,0,0,0.164,0,0,0,0,0,0,0,0,0,0,0,0,0,0,0.229,0.211,0.204,0,0,0,0,0.237,0,0,0,0,0,0,0.256,0.229,0,0,0,0,0,0,0,0.229,0,0,0,0.166,0,0.451,0,0,0,0,0,0,0.215,0,0,0,0,0,0,0,0,0,0,0,0,0,0,0,0,0,0,0,0,0,0,0,0,0,0,0.255,0,0,0,0,0,0,0,0,0,0,0,0,0,0,0,0,0,0,0,0,0,0,0,0,0,0,0,0.239,0.323,0,0.7,0,0.261,0,0.411,0.218,0,0,0,0,0,0,0.158,0,0,0.292,0,0,0.26,0,0,0,0,0,0,0,0,0,0,0,0,0,0,0,0,0,0.891,0,0,0,0,0.26,0,0,0,0,0,0,0,0,0,0,0,0,0,0,0,0,0,0,0,0,0,0,0,0,0,0,0,0,0,0,0,0.221,0,0.702,0,0,0,0,0,0,0,0,0,0,0,0,0.697,0,0,0,0,0,0,0,0,0,0,0,0,0.207,0,0,0,0,0,0,0,0.281,0.309,0,0,0,0,0,0,0,0,0,0,0,0,0.263,0,0,0,0,0,0,0,0,0,0,0,0,0,0.237,0,0,0,0,0,0,0.161,0,0,0,0,0,0,0,0,0,0,0,0,0,0,0,0,0,0,0,0,0,0,0,0,0,0,0,0,0,0,0,0,0,0,0,0,0,0,0,0,0,0,0,0,0,0,0,0,0,0,0,0.161,0,0,0,0,0,0.222,0,0,0,0,0,0,0,0,0,0,0,0,0,0,0,0,0,0,0,0,0,0,0,0,0,0,0,0,0,0,0,0,0,0,0,0,0,0,0,0,0.201,0,0,0,0,0,0,0,0,0,0,0,0,0.292,0,0,0,0,0,0,0,0,0,0,0,0,0,0,0,0,0,0,0,0,0,0,0,0,0,0,0,0,0,0,0,0,0,0,0,0,0,0,0,0,0.292,0,0,0,0,0,0,0,0,0,0,0,0,0,0.92,0,0,0,0,0,0,0,0,0,0,0,0,0,0,0,0,0,0,0.191,0,0,0.155,0,0,0,0,0.173,0,0,0,0,0.656,0,0,0,0,0,0,0,0,0,0,0,0,0,0,0,0,0,0,0,0,0,0,0,0,0,0,0,0,0,0,0,0,0,0.214,0,0,0,0,0,0,0,0,0,0,0,0.196,0,0,0,0,0,0,0,0,0,0,0,0,0,0,0,0.282,0,0,0,0,0,0,0,0,0,0,0,0,0,0,0,0,0,0,0,0,0,0,0,0,0,0,0,0,0,0,0,0,0,0,0,0,0,0,0,0,0,0,0,0,0,0,0,0,0,0,0,0,0,0,0,0.185,0,0,0,0,0,0,0,0,0,0,0,0,0,0.329,0,0,0,0,0,0,0.158,0,0,0,0,0,0,0,0,0,0,0,0,0,0,0.174,0,0,0,0,0,0,0,0,0.3,0,0,0,0,0,0,0,0.38,0.299,0,0,0.406,0,0,0,0,0,0.42,0.287,0,0.279,0.946,0,0.307,0,0,0.321,0,0.254,0,0,0,0.546,0,0,0,0.244,0,0,0.169,0,0,0,0.243,0.171,0,0,0,0,0.288,0,0,0.247,0.807,0.205,0.25,0,0,0,0,0,0,0,0,0,0,0.24,0,0,0,0,0,0.281,0,0,0,0,0.285,0,0,0,0,0,0.19,0,0,0,0.301,0,0,0,0.293,0,0,0,0,0,0,0,0,0.191,0,0,0,0,0,0,0,0,0,0,0,0,0,0,0,0,0,0,0,0,0,0,0,0,0,0,0,0,0,0.3,0,0.3,0,0,0,0,0.163,0,0,0,0,0,0,0,0,0,0,0,0,0,0,0,0,0,0,0,0.211,0.277,0,0,0,0,0,0.652,0,0,0.156,0,0,0,0,0,0,0,0,0,0,0,0,0,0,0,0,0,0.19,0,0,0,0,0.153,0,0.281,0,0,0,0,0,0,0,0,0,0,0,0,0,0,0,0,0,0,0,0,0,0,0,0,0,0,0,0,0,0,0,0,0,0,0,0,0,0,0,0,0,0,0,0,0.481,0,0,0,0,0,0,0,0,0,0,0,0,0,0,0,0,0,0,0,0,0,0,0,0,0,0,0.225,0.157,0,0.266,0.225,0.288,0,0,0,0,0,0,0,0,0,0.227,0,0.175,0,0.289,0,0.161,0,0.161,0,0,0,0,0,0,0,0,0,0,0,0,0,0,0,0,0,0,0,0,0,0,0,0,0,0,0,0,0,0,0,0,0,0,0,0,0,0,0,0,0,0,0,0,0.291,0,0.254,0,0,0,0,0,0,0,0,0,0,0,0,0,0,0,0.285,0,0,0,0,0,0,0,0,0,0,0,0,0,0,0,0,0,0,0,0,0,0,0,0,0,0,0,0,0,0,0,0,0,0,0,0,0,0,0,0,0,0,0,0,0,0,0,0,0,0,0,0,0,0,0.263,0,0,0,0,0,0,0,0,0,0,0,0,0,0,0,0,0,0,0,0,0,0,0,0,0,0,0,0,0,0,0,0,0,0,0,0,0,0,0,0,0,0.161,0,0,0,0.282,0,0,0,0,0,0,0.236,0,0,0,0.396,0,0,0,0,0,0,0,0,0,0,0,0,0.158,0,0,0,0,0,0,0,0,0,0.29,0,0,0,0,0.193,0,0,0,0.187,0,0,0,0,0,0,0,0,0,0,0,0.277,0,0,0,0,0,0,0,0,0,0,0,0,0,0,0,0,0,0,0,0,0,0,0,0,0,0,0,0,0,0.166,0,0,0.167,0,0,0,0,0,0,0,0,0,0,0,0,0,0,0,0,0,0,0,0,0,0,0,0,0,0,0,0,0.161,0.22,0,0,0,0,0,0,0.161,0.256,0,0
852009,0,0,0,0,0,0,0,0,0,0,0,0,0,0,0,0.194,0,0,0,0,0,0,0,0,0,0,0,0,0,0,0,0,0,0,0,0,0,0,0,0,0,0,0,0,0,0,0,0,0,0,0,0,0,0,0,0,0,0,0,0,0,0,0,0,0,0,0,0,0,0,0,0,0,0,0,0,0,0,0,0,0,0,0,0,0,0,0,0,0,0,0,0,0.322,0,0,0,0,0,0,0,0,0,0,0,0,0,0,0,0,0,0,0,0,0,0,0,0,0,0,0,0,0,0,0,0,0,0,0,0,0,0,0,0,0,0,0,0,0,0,0,0,0,0,0,0,0,0,0,0,0,0,0,0,0,0,0,0,0,0,0,0,0,0,0,0,0,0,0,0,0,0,0,0,0,0,0,0,0,0,0,0,0,0,0,0,0,0,0,0,0,0,0,0,0,0,0,0,0,0,0,0,0,0,0,0,0.187,0,0,0,0,0,0,0,0,0,0,0,0,0,0,0,0,0,0,0,0,0,0,0,0,0,0,0,0,0,0,0,0,0,0,0,0,0,0,0,0,0,0,0,0,0,0,0,0.151,0,0,0,0,0,0,0,0.307,0,0,0,0,0,0,0.317,0,0,0,0,0,0,0,0,0,0,0,0,0,0,0,0,0,0,0,0.977,0,0,0,0,0,0,0,0,0,0,0.66,0,0.904,0,0,0,0,0,0,0,0,0,0,0,0,0,0,0,0,0,0,0,0,0.367,0,0,0,0,0,0.577,0,0,0,0,0,0,0,0,0,0,0,0,0.465,0.211,0,0,0,0,0.161,0,0,0,0,0,0,0,0,0,0,0,0,0,0,0,0,0.156,0,0,0.288,0,0,0.626,0,0,0,0,0,0,0,0,0.159,0.367,0.156,0,0,0,0,0,0,0,0,0.194,0,0,0,0,0,0,0,0,0,0,0,0,0,0,0,0,0,0,0,0,0,0,0,0,0,0,0,0,0.367,0,0,0,0,0,0,0,0,0,0,0,0,0,0,0,0,0,0,0,0,0,0.333,0,0.509,0,0,0,0,0,0,0,0,0,0,0.169,0,0,0,0,0,0,0.238,0,0,0,0,0,0,0,0,0,0,0,0,0,0,0,0,0,0,0,0,0,0.187,0,0,0,0,0,0,0,0,0,0,0,0.183,0,0,0,0,0,0,0,0,0,0,0,0,0,0,0,0.686,0.234,0,0,0,0,0,0,0,0,0,0,0,0,0,0,0,0.367,0,0,0,0,0,0.83,0,0,0.986,0,0,0.173,0,0.183,0,0,0,0,0,0,0,0,0,0,0,0,0.262,0,0,0,0,0,0,0,0,0,0,0.558,0,0.219,0,0,0,0.262,0,0,0,0,0,0,0,0.906,0,0,0,0,0,0.368,0,0,0,0,0,0,0,0,0,0,0,0,0,0,0,0,0,0,0,0,0,0.381,0,0,0,0,0,0,0,0,0,0.235,0,0,0,0,0,0,0,0,0,0,0,0,0,0,0,0,0,0,0.151,0,0,0,0,0,0,0,0,0.231,0,0,0,0.41,0,0.641,0,0,0,0.83,0,0.189,0,0,0,0,0,0,0,0,0,0,0,0,0,0,0,0,0,0,0,0,0,0,0,0,0,0,0,0.167,0,0,0,0,0,0,0,0,0,0.443,0,0,0,0,0,0,0,0,0,0,0,0,0,0,0.368,0,0,0,0,0,0,0,0,0,0,0,0,0,0,0,0,0,0,0,0,0,0,0.183,0,0,0,0,0,0,0.354,0,0.554,0,0,0,0.25,0,0,0,0,0,0,0,0,0,0.473,0,0,0,0,0,0,0,0,0,0,0,0,0,0,0,0,0,0,0.304,0,0,0,0,0,0,0,0,0,0,0.201,0,0,0.185,0,0,0,0,0,0,0,0,0,0,0,0.199,0,0,0,0,0,0,0,0,0,0,0,0,0,0.603,0,0,0,0,0,0,0,0,0,0,0,0,0,0,0,0,0,0,0,0,0,0,0.473,0,0.172,0,0,0,0,0,0,0,0,0,0,0,0,0,0,0,0,0,0,0,0,0,0,0,0,0,0,0,0,0,0,0,0.578,0,0,0,0,0,0,0,0,0,0,0,0,0,0,0,0,0,0,0,0,0,0,0,0,0,0.253,0,0,0,0,0,0,0,0,0,0,0,0,0,0,0,0,0,0.9,0,0,0,0,0,0,0,0.36,0,0,0,0,0,0,0,0,0,0,0,0,0,0,0,0,0,0,0.343,0.157,0,0,0,0,0,0,0,0,0,0,0,0,0,0,0,0,0,0,0,0,0,0,0,0,0,0,0,0,0,0,0,0,0,0,0,0,0,0,0,0,0,0,0,0,0,0,0,0,0,0,0,0,0,0,0,0,0,0,0.921,0,0,0,0,0,0,0,0,0,0.985,0,0,0,0,0,0,0,0,0,0,0,0,0,0,0,0,0,0,0,0,0,0,0,0,0,0,0,0,0,0,0,0,0,0,0,0,0,0,0,0,0,0,0,0,0,0,0,0,0,0,0,0,0,0,0,0,0,0,0,0,0,0,0,0,0,0,0,0,0,0,0,0,0,0,0,0,0,0,0,0,0,0,0,0,0,0,0,0,0,0,0,0,0,0,0,0,0,0,0,0,0,0,0,0,0,0,0,0,0,0,0,0.258,0,0,0,0,0,0,0,0,0,0,0,0,0,0,0,0,0,0,0,0,0,0,0,0,0,0,0,0,0,0,0,0,0,0,0,0,0,0,0,0,0,0,0,0,0,0,0,0,0,0,0,0,0,0,0,0,0,0,0,0,0,0,0,0,0,0,0,0,0,0,0,0,0,0,0,0,0,0,0,0,0,0,0,0,0,0,0,0,0,0,0,0,0,0,0,0,0,0,0,0,0,0,0,0,0,0,0,0,0,0,0,0,0,0,0,0,0,0,0,0,0,0,0,0,0,0,0,0,0,0,0,0,0,0,0,0,0,0,0,0,0,0,0,0.159,0,0.96,0,0.36,0,0,0,0,0,0,0,0,0,0,0,0,0,0,0,0,0,0,0,0,0,0,0,0,0,0,0,0,0,0,0,0,0,0,0,0,0,0,0,0,0,0,0,0,0,0,0,0,0,0,0,0,0,0,0,0,0,0,0,0,0,0,0,0,0,0,0,0,0,0,0,0,0,0,0,0,0,0,0,0.19,0,0,0,0.9,0,0,0,0,0,0,0,0,0,0,0,0,0,0,0,0,0,0,0,0,0,0,0,0,0,0,0,0,0,0,0,0,0,0,0,0,0,0,0,0,0,0,0,0,0,0,0,0,0,0,0,0.171,0,0,0,0,0,0,0,0.177,0,0,0,0,0,0,0,0,0,0,0,0,0,0,0,0,0,0,0,0,0,0,0,0,0,0,0,0,0,0,0,0,0,0,0,0,0,0,0,0,0,0,0,0,0,0,0,0,0,0,0,0,0,0,0,0,0,0,0,0,0,0,0,0,0,0,0,0,0,0,0,0,0,0,0,0,0,0,0,0,0,0,0,0,0,0,0,0,0,0,0,0,0,0,0,0,0,0,0,0,0,0,0,0,0,0,0,0,0,0,0,0,0,0,0.194,0,0.493,0,0,0,0,0,0,0,0,0,0,0,0,0,0,0,0,0,0,0,0,0,0,0,0,0,0,0,0,0,0,0,0,0,0,0,0,0,0,0,0,0,0,0,0,0,0,0,0,0,0,0,0.45,0,0,0,0,0,0,0,0,0,0,0,0,0,0,0,0,0,0,0,0,0,0,0,0,0,0,0,0,0,0,0,0,0,0,0,0,0,0,0,0,0,0,0,0,0,0,0,0,0,0,0,0,0,0,0,0,0,0,0,0,0,0,0,0,0,0,0,0,0,0,0,0,0,0,0,0,0,0,0,0,0,0,0,0,0,0,0,0,0,0,0,0,0,0,0,0,0,0,0,0,0,0,0,0,0,0,0,0,0,0,0,0,0,0,0,0,0,0,0,0,0,0,0,0,0,0,0,0,0,0,0,0,0,0,0,0,0,0,0,0,0,0,0,0,0,0,0,0,0,0,0,0,0,0,0,0.165,0,0,0,0,0,0,0,0,0,0,0,0,0,0,0,0,0,0,0,0,0,0,0,0,0,0,0,0,0,0,0,0,0,0,0,0,0,0,0,0,0,0,0,0,0,0,0,0,0,0,0,0,0,0,0,0,0,0,0,0,0,0,0,0,0,0,0,0,0,0.165,0,0,0,0,0,0,0,0,0,0,0,0,0,0,0,0,0,0,0,0,0,0,0,0,0,0,0,0,0,0,0,0,0,0,0,0,0,0,0.19,0,0,0,0,0,0,0,0,0,0,0,0,0.994,0,0,0,0,0,0,0,0.258,0,0,0,0,0,0,0.987,0,0.996,0.176,0,0,0,0.227,0,0,0,0,0,0,0,0,0,0,0,0,0,0,0,0,0,0.98,0,0,0,0,0,0,0.891,0,0,0,0.158,0.949,0,0,0,0,0,0,0,0,0,0,0,0,0.964,0,0,0,0,0.272,0,0,0,0,0,0,0,0,0,0,0.151,0,0,0,0,0,0,0,0,0,0,0,0,0,0,0,0,0,0,0,0,0,0,0,0.179,0,0,0,0,0,0,0,0,0,0,0,0,0,0,0,0,0.167,0,0,0,0,0,0,0,0,0.191,0,0,0,0,0,0,0,0,0,0,0,0,0,0.642,0,0,0,0,0,0,0.389,0,0,0.15,0,0,0.933,0,0,0,0,0,0,0,0,0,0,0,0.934,0,0,0,0,0.224,0,0,0,0,0,0,0,0,0,0.2,0,0,0,0,0.397,0,0,0,0,0,0,0.414,0,0.167,0,0,0,0,0,0,0,0,0,0,0,0,0,0,0,0,0,0,0,0,0,0,0,0,0,0,0,0,0,0,0,0,0,0,0,0,0,0,0,0,0,0,0,0,0,0,0,0,0,0,0,0,0,0,0,0,0,0,0,0,0,0,0,0,0,0,0,0,0,0,0,0,0,0,0,0,0,0,0,0,0,0,0,0,0,0,0,0,0,0,0,0,0,0,0,0,0,0,0,0,0,0,0,0,0,0,0,0,0,0,0,0,0,0,0,0,0,0,0,0,0,0,0,0,0,0,0,0,0,0,0,0,0,0,0,0,0,0,0,0,0,0,0,0,0,0,0,0,0,0,0,0,0,0,0,0,0,0,0,0,0,0,0,0,0,0,0,0,0,0,0,0,0,0,0,0,0,0,0,0,0.182,0,0,0.174,0,0,0,0,0,0,0,0,0,0,0,0.171,0,0,0,0,0,0,0,0,0,0,0,0,0,0,0,0,0,0,0,0.448,0,0,0,0.171,0,0,0,0,0.477,0,0,0,0.169,0,0.169,0,0,0,0,0,0,0,0,0,0,0.274,0,0,0,0,0,0,0,0,0,0,0,0,0.788,0,0,0,0,0,0,0,0,0,0,0,0,0,0,0,0,0,0,0,0,0,0,0,0,0,0,0,0,0,0,0,0,0,0,0,0,0,0,0,0,0,0,0,0,0,0,0,0,0,0,0,0,0,0,0,0,0,0,0,0,0,0,0,0,0,0,0,0,0,0,0,0,0,0,0,0,0,0,0,0,0,0,0,0,0,0,0,0,0,0,0,0,0,0,0,0,0,0,0,0,0,0,0,0,0,0,0,0,0,0,0,0,0,0,0,0,0,0,0,0,0,0,0,0,0,0,0,0,0,0,0,0,0,0,0,0,0,0,0,0,0,0,0,0,0,0,0,0,0,0,0,0,0,0,0,0,0,0,0,0,0,0,0,0,0,0,0,0,0,0,0,0,0,0,0,0,0,0,0,0,0,0,0,0,0,0,0,0,0,0,0,0,0,0,0,0,0,0,0,0,0,0,0,0,0,0,0,0,0,0,0,0,0,0,0,0,0,0,0,0,0,0,0,0,0,0,0,0,0,0,0,0,0,0,0,0,0,0,0,0,0,0,0,0,0,0,0,0,0,0,0,0,0,0,0,0,0,0,0,0,0,0,0,0,0,0,0,0,0,0,0,0,0,0,0,0,0,0,0,0,0,0,0,0,0,0,0,0,0,0,0,0,0,0,0,0,0,0,0,0,0,0,0,0,0,0,0,0,0,0,0,0,0,0,0,0,0,0,0,0,0,0,0,0,0,0,0,0,0,0,0,0,0,0,0,0,0.922,0,0,0,0,0,0,0,0,0,0,0,0,0,0,0,0,0,0,0,0,0,0,0,0,0,0,0,0,0,0,0,0,0,0,0,0,0,0,0,0,0,0,0,0,0,0,0,0,0,0,0,0,0,0,0,0,0,0,0,0,0,0,0,0,0,0,0,0,0.167,0,0,0,0,0,0,0,0,0,0,0,0,0,0,0,0,0,0,0,0,0,0,0,0,0,0,0,0,0,0,0,0,0,0,0,0,0,0,0,0,0,0,0,0,0,0,0,0,0,0,0,0,0,0,0,0,0,0,0,0,0,0,0,0,0,0,0,0,0,0,0,0,0,0,0,0,0,0,0,0,0,0,0,0,0,0,0,0,0,0,0,0,0,0,0,0,0,0,0,0,0,0,0,0,0,0,0,0,0,0,0,0,0,0,0,0,0,0,0,0,0,0,0,0,0,0,0,0,0,0,0,0,0,0,0,0,0,0,0,0,0,0,0,0,0,0,0,0,0,0,0,0,0,0,0,0,0,0,0,0,0,0,0,0,0,0,0,0,0,0,0,0,0,0,0,0,0,0,0,0,0,0,0,0,0,0,0,0,0,0,0,0,0,0,0,0,0,0,0,0,0,0,0,0,0,0,0,0,0,0,0,0,0,0,0,0,0,0,0,0,0,0,0,0,0,0,0,0,0,0,0,0,0,0,0,0,0,0,0,0,0,0,0,0,0,0,0,0,0,0,0,0,0,0,0,0,0,0,0,0,0,0,0,0,0,0,0,0,0,0,0,0,0,0,0,0,0,0.788,0,0,0,0,0,0,0,0,0,0,0,0,0,0,0,0,0,0,0,0,0,0,0,0,0,0,0,0,0,0,0,0,0,0,0,0,0,0,0,0,0,0,0,0,0,0,0,0,0,0,0,0,0,0,0,0,0,0,0,0,0,0,0,0,0,0,0,0,0,0,0,0,0,0,0,0,0,0,0,0,0,0,0,0,0,0,0,0,0,0,0,0,0,0,0,0,0,0,0,0,0,0,0,0,0,0,0,0,0,0,0,0,0.164,0,0,0,0,0,0,0,0,0,0,0,0,0,0,0,0,0,0,0.191,0,0,0,0,0,0.151,0,0,0,0,0,0,0,0,0,0,0,0,0,0,0,0,0,0,0,0,0,0,0,0,0,0,0,0,0,0,0,0,0,0,0,0,0,0,0,0,0,0,0,0,0,0,0,0,0,0,0,0,0,0.179,0,0,0,0,0,0,0,0,0,0,0,0,0,0.179,0,0,0,0,0,0,0,0,0,0,0,0,0,0,0,0,0,0,0,0,0,0,0,0,0,0,0,0,0,0,0,0.276,0,0,0,0,0,0,0,0,0,0,0,0,0,0,0,0,0,0,0,0,0,0,0,0,0,0,0,0,0,0,0,0,0,0,0,0,0,0,0,0,0,0,0,0,0,0,0,0,0,0,0,0,0,0,0,0,0,0,0,0,0,0,0,0,0,0,0,0.191,0,0,0,0,0.288,0,0,0,0,0,0,0,0,0,0,0,0,0,0,0,0,0,0,0,0,0,0,0,0,0,0,0,0,0,0,0,0,0,0,0,0,0,0,0,0,0,0,0,0,0,0,0,0,0,0,0,0,0,0,0,0,0,0,0,0,0,0,0,0,0,0,0,0,0,0,0,0,0,0,0,0,0,0,0,0,0.297,0,0,0,0,0,0,0,0,0,0,0,0,0,0,0,0,0,0,0,0,0,0,0,0,0,0,0,0,0,0,0,0.665,0,0,0,0,0,0,0,0,0,0,0,0,0,0,0,0,0,0.218,0,0,0,0,0,0,0,0,0,0,0,0,0.194,0,0,0,0,0,0,0,0,0,0,0,0,0,0,0,0,0,0,0,0,0,0,0,0,0,0,0,0,0,0,0,0,0,0,0,0,0,0,0,0,0,0,0,0,0,0,0,0,0,0,0,0,0.191,0,0,0,0,0,0,0,0,0,0,0,0,0,0,0,0,0,0,0,0,0,0,0,0,0,0,0,0,0,0,0,0,0,0,0,0,0,0,0,0,0,0,0,0,0,0,0,0,0,0,0,0,0,0,0,0,0,0,0,0,0,0,0,0,0,0,0,0,0,0,0,0,0,0.191,0,0,0,0,0,0,0,0.158,0,0,0,0,0,0,0,0,0,0,0,0,0,0,0,0,0,0,0,0,0,0,0,0,0,0,0,0,0,0,0,0,0,0,0,0,0,0,0,0,0,0,0.191,0,0.198,0,0,0,0,0,0.191,0,0,0,0,0.198,0,0,0,0,0,0,0,0.933,0,0.179,0,0,0,0,0,0,0.429,0.392,0,0,0,0,0,0,0,0,0,0,0,0,0.201,0,0,0,0,0,0,0,0,0,0,0,0,0.165,0,0,0.989,0,0,0,0,0,0,0,0,0,0,0,0,0,0,0,0,0,0,0,0,0,0,0,0,0,0,0,0,0,0,0,0,0,0,0,0,0,0,0,0,0,0,0,0,0,0,0,0,0,0,0,0,0,0,0,0,0,0,0.165,0,0,0,0.165,0,0,0,0,0,0,0,0,0,0,0,0,0,0,0,0,0,0,0,0,0,0,0,0,0,0,0,0,0,0,0,0,0,0,0,0,0.323,0,0,0,0,0,0,0,0,0,0,0,0,0,0,0.514,0,0,0,0,0,0,0,0,0,0.531,0,0,0,0,0,0,0,0,0,0,0,0,0,0,0,0,0,0,0,0,0,0,0,0,0,0,0,0,0,0,0,0,0,0,0,0,0,0,0,0,0,0,0,0,0,0,0,0,0,0,0,0,0,0,0,0,0,0,0,0,0,0,0,0,0,0,0,0.173,0,0,0,0,0,0,0,0,0,0,0,0,0,0,0,0,0,0,0,0,0,0,0,0,0,0,0,0,0,0,0,0,0,0,0,0,0,0,0,0,0,0,0,0,0,0,0,0,0,0,0,0,0,0,0,0,0,0,0,0,0,0,0,0,0,0,0,0,0,0,0,0,0,0,0,0,0,0,0,0,0,0,0,0,0,0,0,0,0,0,0,0.179,0,0,0,0,0,0,0,0,0,0,0,0,0,0,0,0,0,0,0,0,0,0,0,0,0,0,0,0,0,0,0,0,0,0,0,0,0,0,0,0,0,0,0,0,0,0,0,0,0,0,0,0,0,0,0,0,0,0,0,0,0,0,0,0,0,0,0,0,0,0,0,0,0,0,0,0,0,0,0,0,0,0,0,0,0,0,0,0,0,0,0,0,0,0,0,0,0,0,0,0,0,0,0,0,0,0,0,0,0,0,0,0,0,0,0,0,0,0,0,0,0,0,0,0,0,0,0,0,0,0,0,0,0,0,0,0,0,0,0,0,0,0,0,0,0,0,0,0,0,0,0,0,0,0,0,0,0,0.803,0,0,0,0,0,0,0,0,0,0,0,0,0,0,0,0,0,0,0,0,0,0,0,0,0,0,0,0,0,0,0,0,0,0,0,0,0,0,0,0,0,0,0,0,0.284,0,0,0,0,0,0,0,0,0,0,0,0,0,0,0,0,0,0,0,0,0,0,0,0,0,0,0,0,0,0,0,0,0,0,0,0,0,0,0,0,0,0,0,0,0,0,0,0,0,0,0,0,0,0,0,0,0,0,0,0,0,0,0,0,0,0,0,0,0,0,0,0,0,0,0,0,0,0,0,0,0,0,0,0,0,0,0,0,0,0
852925,0.16,0.176,0,0,0,0,0.175,0,0,0,0,0,0,0,0,0,0,0,0,0,0,0,0,0,0.186,0,0,0,0.288,0,0,0,0,0,0,0,0.27,0,0,0,0,0,0,0,0,0,0,0.537,0,0,0,0,0,0,0,0,0,0,0,0,0.18,0,0,0,0,0,0.522,0.262,0,0,0.192,0,0,0,0.151,0,0.716,0.483,0,0,0.288,0.156,0,0.178,0,0.18,0.245,0.67,0,0,0,0,0.202,0,0.176,0,0,0.18,0,0,0.27,0,0.241,0,0,0,0.18,0,0,0,0.168,0,0,0,0,0,0.39,0,0,0,0,0,0,0,0,0,0,0,0,0,0,0,0,0,0,0,0,0,0,0,0,0,0.266,0,0,0,0,0,0,0,0.192,0,0,0,0,0,0,0,0,0,0,0,0,0,0,0.171,0,0,0,0,0,0,0,0,0,0,0,0,0,0,0,0,0,0,0.162,0,0,0,0,0,0,0,0,0,0,0,0,0.796,0,0,0,0,0,0,0,0,0,0,0,0,0,0,0,0,0,0,0,0,0,0,0,0,0,0,0,0,0,0,0,0,0,0,0,0,0,0,0.232,0,0,0,0.226,0,0,0.249,0,0,0,0,0,0,0,0,0.243,0,0.33,0,0,0,0.159,0,0,0,0,0,0,0,0,0.151,0,0,0,0,0,0,0,0,0,0,0,0,0,0,0.249,0.189,0,0,0,0,0,0,0,0,0,0,0,0,0,0,0,0,0,0,0,0,0,0,0,0,0,0,0.323,0,0,0,0,0,0.315,0,0,0,0,0,0,0,0,0,0,0,0,0,0,0,0,0,0.451,0,0,0,0,0,0,0,0,0,0,0.273,0,0.15,0,0,0,0,0,0,0,0,0,0,0,0.256,0,0,0,0,0,0,0.154,0,0,0,0,0,0,0.238,0,0,0,0,0,0,0,0,0,0,0,0,0,0.232,0,0,0,0,0,0,0.229,0,0,0,0,0,0,0,0,0,0.173,0,0,0,0,0,0,0,0.203,0,0,0,0,0,0,0,0,0,0,0,0,0,0,0,0,0,0,0,0,0,0,0,0,0,0,0,0,0,0,0,0.278,0,0,0,0,0,0,0,0.249,0,0,0,0,0,0,0,0.597,0,0.186,0,0,0,0,0,0,0,0,0,0.434,0,0,0,0,0,0,0,0,0,0,0,0,0,0.463,0,0.292,0,0,0,0,0,0,0,0,0,0,0,0,0,0,0,0.335,0,0,0,0,0,0,0,0.307,0,0,0,0,0,0,0,0,0,0,0,0,0,0,0,0,0.213,0,0,0.463,0,0,0,0,0.292,0,0,0,0,0,0,0,0,0,0,0.26,0,0,0,0,0,0,0,0,0,0,0,0,0,0,0,0,0,0,0,0,0,0.45,0,0,0.297,0,0,0,0,0,0,0,0,0,0,0,0,0,0,0,0,0,0,0,0.249,0.187,0,0,0,0,0,0.194,0,0,0,0,0,0,0,0,0.153,0,0,0,0,0,0,0,0,0,0,0,0,0,0,0,0,0,0,0,0,0,0,0,0.153,0,0,0,0,0,0,0,0,0,0,0,0,0,0,0.249,0,0,0,0,0,0.349,0,0,0,0,0,0,0,0.21,0.176,0,0,0,0.516,0,0,0,0,0,0,0,0.288,0,0,0,0.177,0,0,0,0,0,0,0,0,0,0,0,0,0,0,0,0.428,0,0.598,0,0,0,0,0,0.229,0,0,0,0,0.312,0.18,0,0,0,0,0,0,0,0,0,0,0,0,0,0,0,0,0,0,0,0,0,0,0.805,0,0,0,0,0,0,0,0,0,0,0,0,0,0,0,0,0,0,0,0,0,0,0,0,0,0,0,0,0,0,0,0.429,0,0,0,0,0,0,0,0.536,0,0,0.626,0,0,0,0,0.249,0,0,0,0,0,0.165,0,0,0,0,0,0,0,0,0,0,0,0,0,0,0,0,0,0,0,0,0,0,0,0,0,0,0,0,0,0,0,0,0,0,0,0,0,0,0,0,0,0,0,0,0,0,0,0.162,0,0,0,0,0,0,0.166,0,0,0,0,0,0,0,0,0.163,0,0,0,0,0,0,0,0,0,0,0,0.481,0,0,0.156,0.152,0,0,0,0,0,0,0,0,0,0,0,0,0,0,0,0,0,0.18,0,0,0,0,0,0,0,0,0,0,0,0,0,0,0.162,0,0,0,0,0,0,0,0,0,0,0,0,0.256,0,0,0,0,0,0,0.309,0,0,0,0.249,0,0,0,0,0,0,0,0,0.163,0.22,0,0,0.282,0,0,0,0,0.16,0,0,0,0,0,0,0,0,0,0,0,0,0,0,0,0,0,0,0,0,0,0.203,0,0,0,0,0,0,0,0,0.256,0,0,0,0,0,0,0,0,0.222,0.378,0.175,0,0.228,0,0,0,0,0,0,0,0,0,0,0,0,0.18,0.307,0,0,0,0.153,0,0,0,0,0,0.22,0,0,0,0,0,0,0,0.152,0,0.226,0,0,0,0,0,0,0,0,0,0,0,0,0,0,0,0,0,0,0,0,0,0,0.464,0,0,0,0,0,0,0,0,0,0,0,0,0,0,0.163,0,0,0.337,0,0,0,0,0,0,0,0,0,0,0,0,0.522,0,0,0,0,0,0,0,0,0,0,0,0,0,0,0,0,0,0,0,0,0,0,0,0,0,0,0,0,0,0.194,0.15,0,0.191,0,0,0,0,0,0,0,0,0,0,0,0,0,0,0,0,0,0,0,0,0,0,0,0,0,0,0.213,0,0.23,0,0,0,0,0,0,0,0,0,0,0,0,0,0,0,0,0,0,0,0,0,0,0,0,0,0,0,0,0,0,0,0,0,0,0,0,0,0,0.23,0.313,0,0,0,0,0.48,0,0,0,0,0,0,0,0,0,0,0,0,0,0,0,0,0,0,0.288,0,0,0,0.308,0,0,0,0,0,0,0,0,0,0,0,0,0,0,0,0,0,0,0,0,0,0,0,0,0,0,0,0,0,0,0,0,0,0,0,0,0,0,0.588,0,0,0,0,0,0,0,0,0,0,0,0,0,0.195,0,0,0,0,0,0,0,0,0,0,0,0,0,0,0,0,0,0,0,0,0,0,0,0,0,0,0,0,0,0,0,0,0.583,0,0,0,0,0,0,0,0,0,0,0,0,0,0,0,0,0,0,0,0,0,0,0,0,0,0,0,0,0,0,0,0,0,0,0,0,0,0,0,0,0,0,0,0,0,0,0,0,0,0,0,0,0,0,0,0,0,0,0,0,0,0,0,0,0,0,0,0,0,0,0,0,0,0,0,0,0,0,0,0,0,0,0,0,0,0,0,0,0,0,0,0,0.16,0,0,0,0.157,0,0,0,0,0,0,0,0,0.316,0,0,0,0,0.254,0,0,0,0,0,0,0,0,0,0,0,0.68,0,0,0,0,0,0,0,0.554,0,0,0,0,0,0,0,0,0,0,0,0,0,0,0,0,0,0,0,0,0,0,0,0,0,0,0,0,0,0,0,0,0,0,0.305,0,0,0,0,0,0,0,0.208,0,0,0,0,0,0,0,0,0,0,0,0,0,0,0,0,0,0.314,0.25,0,0,0,0,0,0,0,0,0,0,0,0,0,0,0,0,0,0,0,0,0,0,0,0,0.277,0,0,0,0,0.254,0,0,0,0,0,0,0,0,0,0,0,0,0,0,0,0,0,0,0,0.656,0,0,0,0,0,0,0,0,0,0,0,0,0,0,0,0,0,0,0,0,0,0,0.151,0,0,0,0,0,0,0,0,0,0,0.177,0,0,0,0,0,0,0.586,0,0,0,0,0,0,0,0,0,0,0,0.278,0,0.192,0,0,0,0,0,0,0,0,0,0,0.497,0,0,0,0.383,0,0,0,0,0.217,0,0.163,0,0,0,0,0.61,0,0,0,0,0,0,0,0,0,0,0,0,0,0,0,0,0,0,0,0,0,0,0,0.213,0,0,0,0,0,0,0,0,0,0,0,0,0,0,0,0.156,0,0,0,0,0,0,0,0,0,0,0,0,0,0,0,0,0,0,0,0,0,0,0,0,0,0,0,0.188,0,0,0,0,0,0,0,0,0,0,0,0,0,0,0,0,0,0,0,0,0,0,0,0,0,0,0,0,0,0,0,0,0,0,0,0,0,0,0,0,0,0,0,0,0,0,0,0,0,0,0,0,0,0,0,0,0,0,0.167,0,0,0,0,0,0,0,0,0,0,0,0,0,0,0,0,0,0,0,0,0,0,0,0,0,0,0,0,0,0,0,0.223,0,0.297,0,0,0,0,0,0,0,0,0,0,0,0,0,0,0,0,0,0,0,0,0,0,0,0,0,0,0,0,0,0,0,0,0,0.17,0,0,0,0,0,0,0,0,0,0,0,0,0,0,0,0,0,0,0,0,0,0,0,0,0,0,0,0,0,0,0,0,0,0,0,0,0,0,0,0,0,0,0,0,0,0,0,0,0,0,0.163,0.322,0,0,0,0,0,0,0,0,0,0,0,0,0,0.195,0,0,0,0,0,0,0,0,0,0,0,0,0,0,0,0,0,0,0,0,0,0,0,0,0,0,0,0,0,0,0,0,0,0,0,0,0,0,0,0,0.272,0,0,0,0,0,0,0,0,0,0,0,0,0,0,0,0,0,0,0,0,0,0,0,0,0,0,0.636,0,0,0,0,0,0,0,0.174,0,0,0,0,0,0,0.22,0,0,0,0.198,0,0.492,0,0,0,0,0.254,0.159,0,0,0,0,0,0,0,0,0.199,0,0,0,0,0,0,0,0,0,0,0,0,0.402,0,0,0,0.429,0.383,0,0,0,0,0,0,0,0,0,0,0,0,0,0,0,0,0,0,0,0.154,0,0,0,0,0.272,0,0.153,0,0,0,0.286,0,0,0.519,0,0,0,0,0,0,0.435,0,0,0,0,0,0,0,0,0,0,0,0,0,0,0,0,0,0,0,0,0,0,0,0,0,0,0,0,0,0,0,0.735,0.195,0,0,0,0,0,0,0,0,0,0,0,0,0,0,0,0.365,0,0,0,0,0,0,0,0,0,0,0,0,0.207,0,0,0,0,0,0,0.713,0,0,0,0,0.309,0,0,0,0,0,0,0,0,0,0,0,0,0,0,0.263,0,0,0,0,0,0,0,0,0,0,0,0,0,0,0,0,0,0,0,0,0,0,0.348,0,0,0,0,0,0,0,0,0,0,0,0,0,0,0,0,0,0,0,0,0,0.205,0,0.191,0,0,0,0,0,0,0,0,0.195,0,0,0,0,0,0.301,0,0,0,0,0,0,0,0,0,0,0,0,0,0,0.963,0,0,0,0,0,0,0,0,0,0,0,0,0,0,0,0,0,0,0,0,0,0.775,0,0,0,0,0,0,0,0,0,0,0,0,0,0,0,0,0.234,0.24,0,0,0,0,0.329,0,0,0,0,0,0,0,0,0,0,0,0,0,0,0,0,0,0,0,0,0,0.161,0,0,0,0,0,0.152,0,0,0,0,0,0,0.161,0,0.196,0,0,0,0,0.43,0,0,0.217,0,0,0,0,0,0,0,0,0,0,0,0,0,0,0,0,0,0,0.173,0,0,0,0,0,0,0,0,0,0,0,0,0,0,0,0,0,0,0,0,0,0,0,0,0.175,0,0,0,0.349,0,0,0,0.201,0,0,0,0,0,0,0,0,0,0,0,0,0,0,0,0,0,0,0,0,0,0.273,0,0,0,0,0,0,0,0,0,0,0,0,0,0,0,0,0,0.355,0.335,0,0,0,0,0,0,0,0,0,0,0,0,0,0,0,0,0,0,0,0,0,0,0,0,0,0,0,0,0,0.271,0.436,0,0,0,0,0,0,0,0,0,0,0,0.553,0,0,0,0,0,0,0,0,0,0.223,0.436,0,0,0,0,0,0.288,0,0,0,0,0,0,0,0,0,0,0,0,0,0,0.193,0,0,0,0,0,0,0,0,0,0,0,0,0,0,0.188,0,0,0,0,0,0,0,0,0,0,0,0,0,0,0,0,0,0,0,0,0,0,0,0,0,0,0,0,0,0,0.416,0,0,0,0,0,0,0.199,0.38,0,0,0,0,0,0,0,0,0,0,0,0,0.27,0,0,0,0,0,0,0,0,0,0,0,0,0,0,0,0,0,0,0,0,0,0,0,0,0,0.39,0,0,0,0,0,0,0,0,0,0,0,0,0,0,0,0,0,0,0,0,0,0,0,0,0,0,0,0,0,0,0,0,0,0,0,0,0,0,0,0,0,0,0,0,0,0,0,0,0,0,0,0,0,0,0,0,0,0,0,0,0,0,0,0,0,0,0,0,0,0,0,0,0,0,0,0,0,0,0,0,0,0,0,0,0,0,0,0,0,0,0,0,0,0,0,0,0,0,0,0,0,0,0,0,0,0,0,0,0,0,0,0,0,0,0,0,0,0,0,0,0,0,0,0,0,0,0,0,0,0,0,0,0,0,0,0,0,0,0,0,0,0,0,0,0,0,0,0,0,0,0,0,0,0,0,0,0,0,0,0,0,0,0,0,0,0,0,0,0,0,0,0,0,0,0,0,0,0,0,0,0,0,0,0,0,0,0,0,0,0.159,0,0,0,0,0,0,0,0,0.193,0,0,0,0,0,0,0,0,0,0.203,0,0,0,0,0,0,0,0,0,0,0,0,0,0,0,0,0,0,0,0,0.33,0,0,0,0,0,0,0,0,0,0,0,0,0,0,0,0,0,0,0.203,0,0,0,0,0,0,0,0,0,0,0,0,0,0,0,0,0,0,0,0,0,0,0,0,0,0,0,0,0,0,0,0,0,0,0,0,0,0.282,0,0,0,0,0,0,0,0,0,0,0,0,0,0,0,0,0,0,0,0,0.203,0,0,0,0,0,0,0,0,0,0,0,0,0,0,0,0,0,0,0,0,0,0,0,0,0,0,0,0,0.202,0,0,0,0,0,0,0,0,0,0,0.204,0,0,0,0,0,0,0,0,0,0,0,0,0,0,0,0,0,0,0,0,0,0,0,0,0,0,0,0,0,0,0,0,0,0,0,0,0,0,0,0,0,0,0,0.151,0,0,0,0,0,0.258,0,0,0,0,0.219,0,0,0,0.457,0,0,0,0,0,0,0,0,0,0,0,0,0,0,0,0,0,0,0,0,0,0,0,0,0,0,0,0,0,0,0,0,0,0,0,0,0,0,0,0,0,0,0,0,0,0,0,0,0,0,0,0,0,0,0,0,0,0.153,0,0,0,0,0,0,0,0,0,0,0,0,0,0,0,0,0,0,0,0,0,0,0,0,0,0,0,0,0,0,0,0,0,0,0.273,0,0,0,0,0,0.152,0,0,0,0,0,0,0,0,0,0,0,0,0,0,0,0,0,0,0,0,0.322,0,0,0,0,0,0,0,0,0,0,0.154,0,0,0,0,0,0,0,0,0,0,0.157,0,0.564,0,0,0,0,0.161,0,0.221,0,0,0,0,0,0,0,0,0,0,0,0,0,0.169,0,0,0,0,0,0,0,0,0,0,0,0,0,0,0,0,0,0.292,0.19,0,0,0,0.187,0.339,0,0,0.446,0,0,0,0.344,0.694,0,0.302,0.464,0.412,0.155,0,0,0.279,0,0,0,0,0,0.31,0,0.31,0,0,0.25,0,0.703,0,0,0,0,0,0,0,0,0,0,0,0,0,0,0,0,0,0,0,0,0,0,0,0,0,0,0,0,0,0,0,0,0,0,0,0,0,0,0,0,0,0,0,0.275,0,0,0,0.307,0,0,0,0,0,0,0,0,0,0,0.206,0,0,0,0,0.445,0,0,0,0,0,0,0,0,0,0,0,0,0,0,0,0,0,0,0,0,0,0,0,0,0.196,0,0,0,0,0,0,0,0,0,0,0,0,0,0,0,0,0,0,0,0,0.165,0,0,0,0,0.193,0,0,0,0,0.264,0,0,0,0,0,0,0,0,0,0,0,0,0,0,0,0,0,0,0,0,0,0,0,0,0,0,0,0,0.297,0,0,0,0,0,0,0,0.744,0,0,0,0,0.15,0,0,0,0,0,0,0,0,0,0,0,0,0,0,0,0,0,0,0,0,0,0,0,0,0,0,0,0.161,0,0,0,0,0,0,0,0,0,0,0,0.553,0,0,0,0,0,0,0,0.23,0,0,0,0,0,0,0,0,0,0,0,0,0,0,0,0,0,0,0,0,0,0,0,0,0,0,0,0,0,0,0,0,0,0,0,0,0,0,0,0,0.309,0,0,0,0,0,0,0,0.536,0,0.93,0,0,0,0,0.428,0,0,0,0,0,0,0,0,0,0,0,0,0,0,0.325,0,0,0,0.271,0,0,0,0,0,0,0,0,0.158,0,0,0,0,0,0,0,0,0,0,0,0,0,0,0,0,0,0,0,0,0,0,0,0,0,0,0,0,0,0,0,0,0,0,0,0,0,0,0,0,0.306,0,0.175,0,0,0,0,0,0,0,0,0,0,0,0,0,0,0,0,0,0,0,0,0,0,0,0,0,0,0,0,0,0,0,0,0.408,0,0,0,0,0,0,0.235,0,0,0,0,0,0,0,0,0,0,0,0,0.154,0,0,0,0,0,0,0,0,0,0,0,0,0,0,0,0,0,0,0,0,0,0,0,0,0,0,0,0,0,0,0,0,0,0,0,0,0,0,0,0,0,0,0,0,0,0,0,0,0,0.304,0,0,0,0,0,0,0,0,0,0,0,0,0,0,0,0,0,0,0,0,0,0,0,0,0,0,0.197,0,0,0,0,0,0,0,0,0,0,0,0,0.313,0,0,0,0,0,0,0.192,0,0,0,0,0,0,0,0.93,0,0,0,0.29,0,0,0,0,0,0,0,0,0,0,0,0,0,0,0,0.192,0,0,0,0,0,0,0,0,0,0,0,0,0,0,0,0,0,0,0,0,0,0,0,0,0,0,0,0,0,0,0,0,0,0,0,0,0,0,0,0.159,0,0,0,0,0,0,0,0,0,0,0,0,0,0,0,0,0,0.382,0,0,0,0,0,0,0,0,0,0,0,0,0,0,0,0,0,0,0,0,0,0,0,0.154,0,0,0,0,0,0,0,0,0,0,0,0,0,0,0,0,0,0,0,0,0,0,0,0,0,0,0,0,0,0,0,0,0,0,0,0,0,0,0,0,0,0,0,0,0,0,0,0,0,0,0,0,0,0,0.263,0,0,0,0,0,0.23,0,0,0,0,0,0,0,0,0,0,0.195,0,0,0,0,0,0,0,0,0,0,0,0,0,0,0,0,0,0,0.205,0,0,0,0,0,0.213,0,0,0,0,0,0,0,0,0,0,0,0,0,0,0.21,0,0,0.537,0,0.158,0,0.245,0,0,0,0,0,0,0.344,0,0,0,0,0,0,0,0,0,0,0,0,0,0,0,0,0,0,0,0,0,0,0,0,0,0,0,0,0,0,0,0,0,0,0,0,0,0,0,0,0,0,0,0,0,0,0,0,0,0,0,0,0,0,0,0,0,0,0,0,0,0,0,0,0,0,0,0,0,0,0,0,0,0,0,0,0,0,0,0,0,0,0,0,0,0,0,0,0,0,0,0,0,0,0,0,0,0,0,0,0,0,0,0,0,0,0,0,0,0,0,0,0,0,0,0,0,0,0,0,0,0,0,0,0,0,0,0,0,0.201,0,0,0,0,0,0,0.719,0,0,0,0,0,0,0.29,0.205,0,0.447,0,0,0,0,0,0,0,0,0,0,0,0,0,0,0,0,0,0,0,0,0,0.193,0,0,0,0,0,0,0,0,0,0,0,0,0,0,0,0,0,0,0,0,0,0,0,0,0,0,0,0,0,0,0,0,0,0,0,0,0,0,0,0.201,0,0,0,0,0,0,0,0,0,0,0,0,0,0,0,0,0,0,0,0,0,0,0,0,0,0,0,0,0,0,0,0,0,0,0,0,0,0,0,0,0,0,0,0,0,0,0,0,0,0,0,0,0,0,0,0,0,0,0,0,0,0,0,0,0,0,0,0,0,0,0,0,0,0,0,0,0,0,0,0,0,0,0,0,0.199,0,0,0,0,0,0,0,0,0,0,0,0,0,0,0,0,0,0,0,0,0,0,0,0,0,0,0,0,0,0,0,0,0,0,0,0,0,0,0,0,0,0,0,0,0,0,0,0,0.431,0,0,0,0,0,0,0,0,0,0,0,0,0,0,0,0,0,0,0,0,0,0,0,0,0,0,0,0
852804,0,0,0,0,0,0,0,0,0,0,0,0,0,0,0,0,0,0,0,0.15,0,0,0,0,0,0,0.158,0,0.154,0,0,0,0,0,0,0,0,0,0,0,0,0,0,0,0,0,0,0,0,0,0,0.999,0,0,0,0,0,0,0,0,0,0,0.622,0,0,0,0,0,0,0,0.279,0,0,0,0,0,0,0,0,0,0,0,0,0,0,0,0.237,0,0,0,0,0.284,0,0,0.165,0.999,0,0,0,0,0,0,0,0,0,0,0,0,0,0.266,0,0,0,0,0,0,0,0.228,0.189,0.154,0,0,0.244,0,0,0,0,0.986,0,0,0,0,0,0,0,0,0,0,0.158,0,0.999,0.921,0.165,0,0,0,0,0,0,0,0,0,0,0,0,0.906,0,0,0,0,0,0,0,0,0,0,0,0,0,0,0,0,0,0,0,0,0,0,0,0,0,0,0,0,0,0,0,0,0,0.661,0.22,0,0,0,0,0.225,0,0,0,0,0,0,0,0.303,0,0.254,0.999,0,0,0.215,0.194,0,0,0.453,0,0,0.249,0.161,0,0,0.999,0,0.217,0.99,0,0,0,0,0,0.693,0.226,0,0.998,0,0.325,0,0.176,0,0.153,0,0,0,0,0.304,0.478,0.305,0,0,0,0,0,0,0,0,0.154,0,0,0,0,0,0.299,0,0,0,0.361,0,0,0,0,0,0.179,0,0,0,0.161,0.994,0,0.295,0,0,0,0,0.809,0,0,0.442,0,0.935,0,0.304,0,0,0,0,0,0.175,0,0.842,0,0,0.999,0,0,0.904,0,0,0,0.202,0,0.999,0,0,0,0,0.995,0.215,0,0,0,0.159,0,0,0.196,0.171,0,0.303,0.166,0,0.197,0.611,0,0,0.404,0.903,0.216,0,0,0,0,0,0.155,0,0,0.316,0,0.18,0,0,0,0,0.383,0,0,0,0,0,0,0,0,0.274,0,0,0,0,0,0,0,0,0.227,0.999,0.271,0.894,0,0,0,0,0.999,0,0,0,0,0,0,0.999,0,0,0,0,0,0.173,0.374,0,0,0,0,0,0.999,0,0.648,0,0.287,0,0,0,0.211,0,0,0,0,0.737,0,0,0,0,0,0.585,0.235,0,0,0,0,0,0,0.27,0,0.593,0.184,0,0,0,0.203,0,0,0,0,0,0.193,0,0.244,0,0,0,0,0,0,0,0,0,0,0,0.999,0,0.301,0.258,0,0,0,0.584,0,0,0,0,0,0,0,0,0,0.222,0,0,0,0,0,0.999,0,0.229,0,0,0,0.408,0,0,0,0,0.199,0,0,0,0,0,0,0.972,0,0,0,0,0,0.907,0.902,0,0.195,0,0,0,0,0,0,0,0.826,0,0,0,0,0,0,0,0.999,0,0,0,0,0,0,0,0,0.296,0.821,0,0,0,0,0,0,0,0.217,0,0.662,0,0.161,0,0.238,0,0,0,0,0,0,0,0.169,0.237,0.156,0,0,0,0,0,0,0,0,0,0,0,0,0,0,0,0.18,0.163,0,0,0,0,0,0,0,0.316,0,0,0,0,0,0,0,0,0.27,0.562,0,0,0.154,0,0.52,0,0,0.216,0,0,0,0.433,0,0.162,0,0,0,0.175,0,0.256,0,0.262,0,0,0,0,0,0,0,0,0.227,0.77,0,0,0,0,0,0,0.655,0.901,0,0,0,0,0,0,0,0,0.545,0,0,0,0,0,0,0.184,0.394,0.192,0.303,0,0,0.167,0,0,0,0,0,0,0,0,0,0,0.173,0.251,0,0,0,0,0,0,0,0,0,0,0,0,0,0,0,0,0,0,0,0,0,0.303,0,0,0,0,0.443,0.256,0,0,0,0,0,0,0.401,0,0,0,0,0,0,0.184,0,0,0,0,0.231,0.446,0,0.27,0,0.191,0,0,0,0,0.178,0.441,0.999,0,0,0,0,0,0,0.54,0,0,0,0.999,0,0,0,0.204,0,0.775,0,0,0,0,0,0.212,0,0,0,0,0,0.217,0,0,0.999,0,0.317,0,0,0.365,0.214,0,0,0,0,0,0,0,0,0,0,0.161,0,0,0,0.986,0,0.211,0,0,0.381,0,0,0,0.18,0.186,0,0.351,0,0.987,0,0,0.164,0,0.157,0,0,0,0,0,0,0,0,0,0,0,0.212,0,0,0,0,0,0,0,0,0,0.203,0,0.755,0,0.293,0,0.381,0,0,0,0,0,0.326,0,0.173,0,0,0,0,0,0,0,0,0,0,0.999,0,0.232,0.681,0,0,0,0,0,0,0,0.913,0,0,0,0,0,0,0,0,0.648,0,0,0,0,0,0,0,0,0,0.997,0,0,0,0,0,0,0,0.616,0,0,0,0,0.161,0,0.999,0,0,0,0,0,0.167,0,0,0,0,0,0,0,0,0.263,0.243,0,0,0,0.207,0,0,0,0,0,0.161,0.988,0,0.998,0,0,0,0,0.464,0,0.158,0.166,0.999,0,0,0.18,0,0.448,0,0.999,0,0.507,0.657,0.999,0,0.165,0,0,0,0,0,0,0.203,0,0,0.249,0,0,0,0,0.962,0,0.932,0.999,0,0.203,0,0,0,0,0,0.762,0,0.524,0,0,0.287,0.869,0,0,0,0.186,0,0.999,0,0,0,0,0,0,0,0,0,0,0.173,0,0,0,0,0,0,0,0,0,0,0,0,0,0,0,0,0,0,0,0,0,0,0,0,0,0,0,0,0,0,0,0,0,0,0,0,0,0,0,0,0,0,0,0,0,0,0,0,0,0,0,0,0.997,0,0,0,0,0,0,0,0,0.256,0.999,0,0,0,0,0,0,0,0,0,0,0,0,0.903,0,0,0,0,0,0,0,0,0,0,0,0,0,0,0,0,0,0,0,0,0,0,0,0,0,0,0.947,0,0,0,0,0,0,0,0,0,0,0,0,0,0,0,0,0,0,0,0,0,0,0.999,0,0,0,0,0,0,0.215,0,0.895,0,0,0,0,0.171,0,0,0,0,0,0,0,0,0,0,0,0,0,0.999,0,0,0,0,0,0,0,0,0,0,0.999,0,0,0,0,0,0,0,0,0.999,0.38,0.273,0,0,0,0,0,0,0,0.304,0,0,0,0,0,0,0,0,0,0,0,0,0,0,0.168,0,0,0,0,0,0,0.275,0,0,0,0,0.999,0.155,0,0.338,0.315,0,0,0.216,0,0,0,0,0,0,0,0,0.999,0,0,0.215,0,0,0,0,0,0.451,0,0.997,0.311,0,0,0,0,0,0,0,0,0,0,0,0,0,0,0,0,0,0,0,0,0,0,0,0,0,0,0,0.999,0,0,0,0.173,0,0.55,0,0,0,0,0,0,0,0,0,0.98,0,0,0,0,0,0,0,0,0.448,0,0,0,0,0,0,0.999,0,0.999,0,0,0,0.153,0,0,0,0,0,0,0,0,0,0,0,0,0,0,0,0,0,0,0,0,0,0,0,0,0,0.221,0,0,0,0,0,0,0,0.463,0.179,0,0,0,0,0,0,0,0,0,0,0,0.441,0,0,0,0,0,0.38,0,0,0,0,0,0,0,0,0,0,0.221,0,0,0.397,0,0,0,0,0,0,0,0,0,0,0,0,0,0.999,0,0,0,0,0,0,0,0,0,0,0,0,0,0.339,0,0,0.656,0,0,0,0,0,0,0,0,0,0.203,0,0,0,0,0,0,0,0,0,0,0,0,0.383,0,0,0.44,0,0,0,0,0,0,0,0.55,0,0,0,0,0,0,0,0,0,0,0,0,0,0,0,0,0,0,0,0.949,0,0,0,0,0.223,0,0,0,0,0,0,0,0,0,0,0,0,0,0,0,0,0,0,0,0,0,0,0.226,0,0,0,0.999,0,0,0,0,0,0,0,0,0,0,0.436,0,0,0,0,0,0,0,0,0,0,0,0,0,0,0.315,0,0,0,0,0,0.175,0,0,0,0.173,0,0.175,0,0,0,0,0,0,0,0,0,0,0,0,0,0,0,0.216,0,0,0,0,0,0.153,0,0,0,0,0,0,0,0,0,0,0,0,0,0,0,0,0,0,0,0,0,0,0,0,0,0,0.307,0,0,0,0,0,0.478,0,0,0,0,0,0,0,0,0,0,0,0,0,0,0,0,0,0,0,0,0,0,0,0,0,0,0,0,0,0,0,0,0,0,0,0,0,0,0,0,0,0,0,0,0,0,0,0,0,0,0,0,0,0.986,0,0.27,0,0.814,0,0,0.919,0.999,0.981,0.982,0.282,0,0.995,0,0,0,0,0.224,0,0.535,0.984,0.153,0,0,0.307,0.811,0,0.185,0,0,0.222,0,0,0.984,0,0,0,0,0,0.923,0,0,0,0,0,0,0.982,0,0.917,0.999,0.46,0.987,0,0.999,0.946,0,0,0,0,0,0.907,0.289,0,0,0.999,0,0.235,0,0,0,0.163,0,0.339,0,0,0,0,0,0.384,0,0.269,0,0,0.15,0,0,0.987,0,0,0.27,0,0.999,0,0,0,0,0,0.261,0,0,0,0.221,0.238,0,0,0,0.436,0.985,0,0,0,0,0.512,0,0,0,0,0,0,0,0,0,0,0.999,0.317,0.239,0,0.904,0,0.936,0,0.183,0,0.999,0,0,0,0,0.27,0,0,0.206,0,0,0,0.446,0.418,0.218,0,0,0.257,0.801,0.598,0.179,0.203,0,0,0,0,0,0.999,0,0.872,0.546,0,0,0.986,0,0,0.982,0.424,0.231,0.258,0.995,0,0.999,0,0.488,0,0.169,0.982,0.156,0.69,0,0.987,0.284,0.363,0,0.385,0.193,0.171,0,0.204,0.218,0,0.232,0.297,0.185,0,0.924,0.77,0,0,0.738,0,0.901,0,0,0,0.991,0,0,0.989,0,0.926,0.182,0,0,0,0.15,0,0,0.154,0,0.246,0.92,0,0.374,0.942,0,0.341,0,0,0,0.302,0,0.159,0,0.985,0,0,0,0,0,0.253,0,0,0,0,0,0.272,0,0,0,0,0.172,0,0,0.245,0.902,0,0,0,0,0.198,0,0,0,0,0,0,0,0,0,0,0,0.237,0,0,0,0,0,0,0,0.999,0,0,0,0,0,0,0,0.315,0,0,0,0,0,0,0,0,0,0,0,0,0,0,0,0,0,0,0,0,0,0,0,0,0,0,0,0,0,0,0,0,0,0,0,0,0,0,0,0,0,0.927,0.238,0.303,0,0,0,0.205,0,0,0,0,0,0,0,0,0,0,0,0,0.157,0,0,0,0.708,0,0.574,0,0,0,0,0,0,0,0,0,0,0,0,0.222,0,0,0,0,0,0,0,0,0,0,0,0,0,0.467,0,0,0.79,0,0,0,0,0.248,0,0,0,0.314,0,0,0,0,0,0,0,0,0,0.238,0,0,0,0,0,0.188,0,0,0,0,0,0,0,0,0,0,0.698,0,0,0,0,0,0,0,0,0,0,0,0,0,0,0,0,0,0,0,0,0,0,0,0,0,0,0,0,0,0.992,0,0,0.992,0.157,0,0,0,0,0.269,0,0,0.227,0,0,0,0,0,0,0,0,0,0,0,0,0,0,0,0,0,0,0,0,0,0,0,0,0,0,0,0,0,0.195,0,0,0,0,0,0,0,0,0,0,0.19,0,0,0,0,0,0,0,0,0,0,0.195,0,0,0,0,0,0.999,0,0,0,0,0,0,0.691,0,0,0,0,0,0,0,0,0,0,0,0,0,0,0,0,0,0,0,0,0,0,0,0,0,0,0,0,0,0,0,0,0,0,0,0,0,0,0,0.999,0,0,0,0.153,0,0.999,0,0,0,0,0.999,0,0,0,0,0,0,0,0.158,0.495,0,0,0,0,0,0,0,0,0,0,0,0,0,0,0,0,0,0.498,0.511,0,0,0,0,0.198,0.307,0.999,0,0,0,0.573,0,0,0,0,0,0,0,0,0,0,0,0,0,0,0,0.264,0,0,0,0,0,0,0.195,0,0.404,0,0,0,0,0,0,0.26,0,0,0,0.383,0,0,0,0,0.179,0,0,0,0,0,0,0,0,0,0,0,0,0,0,0,0,0.43,0,0,0.917,0,0.478,0.355,0,0,0,0,0,0.282,0,0,0,0,0.999,0,0,0,0,0,0,0,0.383,0,0,0,0,0,0,0.912,0.667,0,0,0,0,0,0,0,0,0,0,0,0.372,0,0,0.203,0.27,0,0,0,0,0,0,0.3,0,0.264,0,0,0,0,0,0,0,0,0,0,0,0,0,0,0,0,0.999,0,0,0.999,0,0,0,0,0,0,0,0,0,0,0,0,0,0,0,0,0,0,0,0,0,0,0,0,0,0,0,0.163,0,0,0,0,0,0,0,0,0,0,0,0,0,0,0,0,0,0,0,0,0,0,0,0,0,0,0,0,0,0,0,0,0,0,0,0,0,0,0,0,0,0,0,0,0,0,0,0,0,0,0,0,0.165,0,0,0,0,0,0,0,0,0,0,0,0,0,0,0,0,0,0,0,0,0,0,0,0.172,0,0,0,0,0,0,0,0,0,0,0,0,0,0,0,0.767,0,0,0,0,0,0,0,0,0,0,0,0,0,0,0,0,0,0,0,0,0,0,0,0,0,0,0,0,0,0,0,0,0,0,0,0,0,0,0,0,0,0,0,0.999,0,0,0,0,0,0,0,0,0,0,0,0,0,0,0,0,0,0,0,0,0,0,0,0,0,0,0,0,0.194,0,0,0,0,0,0.545,0,0,0,0,0,0,0,0,0.221,0,0,0,0.908,0,0,0,0,0,0,0,0,0,0,0,0,0,0,0,0,0,0,0,0,0,0,0,0,0,0,0,0.151,0,0,0,0.189,0,0,0,0,0,0.196,0,0.266,0,0,0,0,0,0,0,0,0,0,0,0,0,0,0,0,0,0,0,0,0,0,0,0,0,0,0,0,0,0,0,0.276,0,0,0,0,0,0.194,0,0,0,0,0,0,0,0,0,0,0.289,0,0,0,0.162,0,0,0,0,0,0,0,0,0,0,0,0.248,0,0,0,0,0,0,0,0,0,0,0.805,0,0,0,0,0,0,0,0,0,0,0,0,0,0,0.943,0.756,0.999,0.608,0.287,0.162,0,0,0.999,0.998,0,0.819,0.699,0.999,0.99,0.153,0.73,0.999,0.187,0.991,0.999,0,0.258,0.913,0.213,0.248,0.229,0.999,0.384,0.999,0.986,0,0.999,0,0.9,0.266,0,0.985,0.598,0.999,0.241,0.999,0.813,0.914,0.906,0,0.198,0.999,0.999,0.345,0.952,0.321,0.982,0.426,0.205,0.417,0.608,0,0.91,0,0.343,0.999,0.999,0.999,0.999,0.98,0.999,0.999,0.179,0.224,0.999,0.608,0.999,0.223,0.181,0.829,0.608,0,0,0.171,0.999,0.999,0,0.999,0.999,0.999,0.163,0.246,0.999,0.259,0.608,0.756,0.31,0.999,0.166,0,0.202,0.999,0.999,0.234,0.98,0,0.706,0.999,0.836,0.999,0.999,0.604,0.999,0.999,0.505,0,0.998,0.917,0.999,0,0.999,0.999,0.681,0.999,0.861,0.186,0.244,0.592,0.999,0.995,0.606,0.818,0,0.915,0.972,0,0.999,0.682,0.608,0,0.998,0.756,0.173,0,0,0,0.999,0.999,0,0,0.545,0.999,0.998,0.687,0.999,0.677,0.304,0.625,0.999,0.999,0.236,0.987,0,0.999,0,0.608,0.999,0,0.542,0.994,0.999,0.289,0.985,0.999,0.999,0,0.206,0.289,0.177,0,0.724,0.162,0,0,0.24,0.636,0,0.608,0,0.501,0.742,0.979,0.943,0.999,0.999,0.999,0.988,0.9,0,0.999,0.999,0.813,0,0.999,0,0.999,0.999,0,0.999,0.987,0,0.999,0.181,0.999,0.864,0,0.987,0.999,0.999,0,0.756,0.999,0.905,0.526,0,0,0.999,0,0.999,0.984,0,0.999,0,0.189,0,0.177,0,0,0,0,0,0,0,0,0.19,0,0.164,0,0.183,0.215,0,0,0,0,0,0.172,0,0.219,0.247,0,0,0,0,0,0,0,0,0,0.191,0,0,0,0,0.506,0,0.999,0,0,0,0,0,0,0,0,0,0,0,0.331,0.339,0,0,0.173,0.179,0,0,0.279,0,0,0,0.361,0,0,0.172,0,0,0,0,0,0,0.239,0,0,0,0,0.173,0,0.228,0,0,0,0,0,0,0,0,0,0,0,0.214,0,0.18,0,0,0,0,0,0,0,0,0,0,0,0,0,0,0,0,0,0,0,0,0,0,0,0,0,0,0,0,0,0.16,0,0,0,0,0,0,0,0,0,0,0,0,0,0,0,0,0,0,0,0,0,0,0,0,0,0,0,0,0,0,0,0,0,0,0,0,0,0,0,0,0,0,0,0,0,0,0,0,0,0,0,0,0,0,0,0.22,0,0,0,0,0,0,0,0,0,0,0.459,0,0,0,0,0,0,0,0,0,0,0,0,0,0,0,0.281,0,0,0,0,0,0,0,0,0,0,0,0,0,0,0,0,0,0,0,0,0,0,0,0.319,0,0,0,0.202,0,0.197,0,0.909,0,0,0,0.379,0,0.162,0,0,0,0,0,0,0,0.597,0.222,0.208,0,0.155,0,0,0,0,0,0,0,0,0,0,0,0,0,0,0,0,0,0,0,0,0,0,0,0,0,0,0,0,0,0,0,0,0,0,0,0,0,0,0,0,0,0,0,0,0,0,0,0,0,0,0,0,0,0,0,0,0,0,0,0,0,0,0,0,0,0,0,0,0,0,0,0,0,0,0.177,0,0,0,0,0,0,0,0,0,0,0,0,0,0,0,0,0,0,0,0,0,0,0,0,0,0,0,0,0,0,0,0,0,0,0,0,0,0,0,0,0,0,0,0,0,0,0,0,0,0,0,0,0.426,0,0,0,0,0,0,0,0,0,0,0,0,0,0,0,0,0,0,0,0,0,0,0,0,0,0,0,0,0,0,0,0,0,0,0.154,0,0,0,0,0,0,0,0,0,0,0,0,0,0,0,0,0,0,0,0,0,0,0,0,0,0,0,0,0,0,0,0,0,0,0,0,0,0,0,0,0,0,0,0,0,0,0,0,0,0,0,0,0,0,0,0,0,0.252,0,0,0,0,0,0,0,0,0,0.159,0,0,0,0,0,0,0,0,0,0,0,0,0,0,0,0,0,0,0,0,0,0,0,0,0,0,0,0,0,0,0,0,0,0,0,0,0,0,0.186,0,0,0,0,0,0,0,0,0,0,0,0,0,0,0,0,0,0,0,0,0,0,0,0,0,0,0,0,0,0,0,0,0,0,0,0,0,0,0,0,0,0,0,0,0,0.245,0,0,0,0,0,0,0,0,0,0,0,0,0,0,0,0,0,0,0,0,0,0,0,0,0,0,0,0,0,0,0,0,0,0,0,0,0,0,0.331,0,0.239,0,0,0,0,0,0.183,0,0,0,0,0,0,0,0,0,0,0,0,0,0,0.158,0,0,0,0,0,0,0,0,0,0,0,0,0,0,0,0,0,0,0,0,0,0,0,0,0,0,0,0,0,0,0,0,0,0,0,0,0,0,0,0,0,0,0,0,0,0,0,0,0,0,0,0,0,0,0,0,0,0,0,0,0,0,0,0,0,0,0,0,0,0,0,0,0.161,0,0.177,0,0,0.281,0,0,0,0,0,0.164,0,0,0,0,0,0,0,0,0,0,0,0,0,0,0,0,0,0,0,0,0,0,0,0,0,0,0,0,0,0,0,0,0,0.185,0,0,0,0,0,0,0.264,0,0,0.408,0,0,0,0,0,0.229,0,0,0,0,0,0,0,0,0,0,0.351,0,0,0,0,0,0,0,0,0,0,0,0,0,0,0,0.21,0,0,0,0,0,0,0,0,0,0,0,0,0,0,0.276,0,0,0,0,0,0,0,0,0,0,0,0,0,0,0.165,0,0,0,0,0,0,0.166,0,0,0,0,0,0,0,0,0,0,0,0,0,0,0.195,0,0.249,0,0,0,0.244,0,0,0,0,0,0,0.195,0,0,0,0,0,0,0,0,0,0,0,0,0,0,0,0,0,0,0,0,0,0,0,0,0,0,0,0,0,0,0,0,0,0,0,0,0.336,0.151,0.33,0,0,0,0,0,0,0,0,0.524,0,0,0,0,0,0,0,0,0,0,0,0,0,0,0,0,0,0,0,0,0,0,0,0,0,0,0.206,0,0,0,0,0,0,0,0,0,0,0,0,0,0,0,0,0,0,0,0,0,0,0,0,0,0,0,0,0,0,0,0,0,0,0,0,0,0,0,0,0,0,0,0,0,0,0,0,0,0,0,0,0,0,0,0,0,0,0,0,0,0,0,0,0,0,0,0,0,0,0,0,0,0,0,0.207,0,0,0.177,0,0,0,0,0,0,0,0.197,0,0,0,0.245,0,0.245,0,0,0,0,0,0,0,0,0,0,0,0,0,0,0,0,0,0,0,0,0,0,0,0,0,0,0,0,0,0,0,0,0,0,0,0,0,0,0,0,0,0,0,0,0,0,0,0,0,0,0,0,0,0,0,0,0,0,0,0,0,0,0,0,0,0,0,0,0,0,0,0,0,0,0,0,0,0,0,0,0,0,0,0,0,0,0,0,0.275,0,0,0,0,0,0,0,0,0,0,0,0,0,0,0,0,0,0,0,0,0,0,0,0,0,0,0,0,0,0,0,0,0,0,0,0,0,0,0,0,0,0,0,0,0,0,0,0,0,0,0,0,0,0,0,0.585,0,0,0,0,0,0,0,0,0,0,0,0,0,0,0,0,0,0,0,0,0,0,0,0,0,0,0,0,0,0,0,0,0,0,0,0,0,0,0,0,0,0,0,0,0,0.155,0,0,0,0,0,0,0,0,0,0,0,0,0,0,0,0,0,0,0,0,0,0,0,0,0,0,0,0,0,0,0,0,0,0,0,0,0,0,0,0,0,0.151,0,0,0,0,0,0,0,0,0,0,0,0,0,0,0,0,0,0,0,0,0,0.272,0,0,0,0,0,0,0,0,0,0,0,0,0,0,0,0,0,0,0,0,0,0,0,0,0,0,0,0,0,0,0,0.373,0,0,0,0,0
850747,0,0,0,0,0.284,0,0,0,0,0,0,0,0,0,0,0,0,0,0.315,0,0,0,0,0,0,0.283,0.163,0,0,0.87,0,0,0,0,0,0,0,0,0,0,0,0,0,0.151,0,0.288,0,0,0,0,0,0,0,0,0,0.159,0.237,0,0,0,0,0,0,0,0,0,0,0,0,0,0.233,0,0,0,0,0,0,0,0,0,0,0,0,0,0,0,0,0,0,0,0.16,0.585,0.417,0,0,0,0.199,0,0.249,0,0,0,0,0,0,0,0,0,0,0,0,0,0,0,0,0,0,0.589,0,0,0,0,0,0,0,0,0,0.219,0,0,0,0,0,0,0,0.29,0.552,0,0.193,0,0,0,0,0.441,0.233,0,0,0.205,0,0,0,0,0,0,0,0,0,0,0,0,0.239,0,0,0,0.166,0,0,0,0,0,0,0,0,0,0,0,0,0,0.848,0,0,0,0.5,0,0.441,0,0.484,0,0,0.259,0.172,0,0,0.166,0,0,0.966,0,0,0,0,0.226,0.913,0,0,0.821,0,0.364,0,0.234,0,0,0.217,0,0,0.339,0,0,0,0.252,0.244,0.95,0.403,0,0,0,0,0,0,0.184,0,0,0,0.151,0.55,0,0.538,0.252,0.283,0,0.215,0,0,0.174,0.182,0,0.38,0,0.34,0,0.248,0,0,0.28,0,0,0.175,0,0,0,0.367,0.189,0.223,0,0,0,0,0.189,0.276,0.154,0,0.219,0.196,0,0,0.263,0,0.211,0.166,0.215,0,0,0.29,0.176,0,0.535,0.315,0.241,0,0,0,0,0,0,0,0.496,0,0,0,0.29,0.338,0,0,0,0,0,0.208,0.334,0,0,0,0,0.399,0,0.341,0.44,0.353,0.56,0,0,0,0.498,0.296,0,0.212,0,0,0,0.369,0,0,0,0.349,0,0.519,0,0,0,0,0,0,0,0.779,0.532,0,0.287,0,0.999,0.487,0,0,0,0.154,0.456,0,0.226,0.208,0,0,0.457,0,0.721,0,0.27,0.391,0,0,0.211,0,0,0.286,0.215,0,0.162,0,0.998,0.157,0,0.239,0.351,0,0.15,0,0.159,0,0,0,0,0,0.284,0.225,0,0,0,0.999,0.999,0,0.474,0,0,0.443,0.311,0.467,0.158,0.647,0,0,0,0.336,0.305,0,0,0.176,0,0,0.214,0.434,0.426,0.306,0,0.15,0,0.263,0.401,0,0,0,0,0.166,0.163,0,0.397,0,0,0,0,0.39,0.153,0,0,0,0,0,0.208,0.319,0.226,0.22,0,0.335,0,0,0,0.335,0.176,0,0.163,0.174,0,0,0,0.269,0.776,0.286,0.251,0,0,0.352,0.933,0,0.251,0.319,0,0,0,0,0.214,0.186,0,0.374,0,0,0,0,0.969,0.985,0,0,0,0,0,0,0,0,0,0.18,0,0,0,0,0,0.315,0.198,0.52,0,0,0,0,0,0.551,0.252,0.188,0,0.978,0,0.964,0.504,0,0,0.235,0,0.183,0,0,0.311,0.163,0.315,0.382,0,0,0.333,0.169,0,0,0,0.457,0,0.25,0.174,0.195,0,0.739,0,0,0,0.653,0,0.29,0,0.489,0.546,0,0.988,0,0,0.166,0.208,0,0.157,0,0.217,0,0,0,0,0,0,0.422,0.938,0,0,0,0,0.208,0,0.282,0.236,0.211,0,0.35,0,0,0,0.15,0,0,0.403,0,0.294,0,0.902,0.412,0,0,0.239,0,0,0,0.273,0,0,0.377,0,0,0.299,0,0,0.153,0,0.285,0,0,0,0,0,0,0.938,0,0.285,0.97,0,0,0,0.2,0,0.621,0,0,0,0,0.226,0,0.974,0,0,0,0,0.601,0.205,0.692,0.251,0,0.289,0,0.345,0.301,0,0,0.377,0.323,0,0,0.159,0,0.154,0.353,0.225,0.235,0,0.304,0,0.405,0,0,0.208,0.688,0,0.467,0,0,0.225,0,0,0,0.256,0,0,0,0,0,0,0,0,0.352,0,0,0,0.195,0.219,0,0,0.579,0.334,0,0,0.342,0,0,0,0,0.449,0.214,0.192,0,0,0.181,0.158,0.211,0,0,0.186,0,0,0,0.367,0,0,0.437,0,0.264,0.394,0.238,0.166,0,0.351,0,0.39,0,0,0,0,0.995,0.331,0,0,0,0,0.158,0,0,0,0,0.309,0,0,0,0,0.159,0.259,0,0,0,0,0,0,0.225,0,0,0.334,0.407,0,0,0.305,0,0.179,0.263,0,0.947,0,0,0,0.173,0,0.986,0.413,0,0.157,0.301,0.255,0,0,0.194,0,0,0,0.258,0,0,0,0,0,0.253,0.212,0.396,0,0,0,0.589,0,0.187,0.306,0,0.289,0.228,0.419,0.218,0.177,0,0,0.177,0,0,0,0.214,0,0.203,0.411,0.29,0,0.335,0.211,0,0,0,0,0,0.15,0,0,0,0,0,0,0.358,0.187,0.448,0.166,0,0,0,0.334,0.279,0.975,0,0,0,0,0,0,0,0,0.449,0,0,0.168,0,0,0,0.953,0.977,0.495,0,0,0,0,0.482,0.411,0,0.229,0.551,0.692,0.245,0.37,0.303,0,0.438,0.259,0,0,0.236,0.195,0.323,0,0,0,0,0,0,0,0,0,0,0,0.583,0,0.39,0,0.767,0,0.239,0.432,0,0,0.318,0,0,0,0,0,0.361,0.252,0.406,0,0,0,0.153,0,0,0,0,0.999,0,0,0,0.23,0,0,0,0,0.19,0,0.174,0,0.322,0.367,0.154,0,0.249,0.375,0,0.571,0.162,0.271,0,0.635,0.255,0.355,0,0,0,0,0,0.332,0,0.361,0,0.446,0,0.952,0.165,0,0,0,0,0.176,0.331,0,0.256,0,0,0.434,0,0.161,0.162,0,0,0,0,0,0,0,0,0,0,0,0,0,0,0,0,0.153,0,0,0.258,0,0,0,0,0,0,0,0,0,0,0,0,0,0,0,0,0,0,0,0,0,0,0.162,0.233,0.416,0,0,0,0,0,0,0,0,0,0,0,0,0,0,0,0,0,0,0.167,0,0,0,0,0.229,0,0,0,0,0,0,0,0.329,0,0,0,0,0,0,0,0,0,0,0.25,0,0,0.436,0,0.211,0,0,0,0.174,0,0,0,0,0,0,0,0.201,0.162,0,0,0,0,0,0,0,0,0,0,0,0,0,0,0,0,0,0,0,0,0.154,0,0.294,0,0.233,0,0,0.19,0,0,0,0,0,0,0,0.227,0,0,0,0,0,0,0,0.255,0,0,0.192,0,0,0,0.43,0,0,0,0,0,0.153,0,0,0,0,0,0,0,0,0,0,0,0,0,0,0,0,0,0,0.235,0,0,0,0,0,0,0,0,0,0,0,0.29,0.151,0,0,0,0,0.167,0,0,0,0,0,0,0,0.153,0,0,0,0,0,0,0,0,0,0,0,0,0.2,0,0,0.157,0.224,0,0,0.348,0,0,0,0,0,0,0,0,0,0,0,0,0,0,0,0,0,0.223,0,0,0.45,0,0,0,0,0,0,0,0,0,0,0,0,0,0,0,0,0,0,0,0,0,0,0.199,0,0,0,0,0,0,0,0,0.948,0,0,0,0,0,0,0.312,0,0,0,0,0,0,0,0,0,0.25,0,0.414,0,0,0,0,0,0,0.153,0,0.175,0,0,0,0,0,0,0,0,0.164,0,0,0,0,0,0,0,0,0,0,0,0,0,0,0,0,0,0,0,0,0,0.159,0,0,0,0,0,0,0,0,0,0,0,0,0,0,0,0,0,0,0,0,0,0.164,0,0.533,0,0,0,0,0,0,0,0,0.164,0,0,0,0,0.517,0,0,0,0.249,0.164,0,0,0,0,0,0,0,0,0,0,0,0,0,0,0,0,0,0,0,0,0,0,0.199,0,0,0,0.841,0,0,0.17,0.181,0,0,0,0,0.288,0,0,0,0,0,0,0,0,0,0,0,0,0,0,0,0,0,0,0,0,0,0,0,0,0,0,0.25,0,0,0,0,0,0,0,0,0,0,0,0,0,0,0,0,0,0,0,0,0,0,0,0,0,0,0,0,0,0,0,0,0,0,0,0,0,0,0,0,0,0,0,0,0.348,0,0,0,0,0.865,0.316,0,0,0,0,0,0.193,0,0,0,0,0,0,0,0,0,0,0,0,0,0,0,0,0,0,0,0,0,0,0,0,0,0,0,0.152,0,0,0,0,0,0,0,0,0,0,0,0,0,0,0,0,0,0,0,0,0,0.348,0,0,0.169,0,0,0,0,0,0,0.281,0.292,0,0,0,0,0,0,0,0,0,0,0,0,0,0,0,0.304,0,0,0,0,0,0.169,0,0,0,0,0,0.23,0,0,0,0,0,0,0,0,0,0,0,0,0,0,0,0,0,0,0,0,0,0,0.205,0,0,0,0,0,0,0,0,0,0,0,0.157,0,0,0,0,0,0.19,0,0,0,0,0,0,0,0,0,0,0,0,0,0,0,0,0,0,0,0,0,0,0,0.422,0,0,0,0,0,0,0,0,0,0,0.238,0,0,0,0,0,0,0,0,0,0,0.189,0,0,0,0,0,0,0,0,0,0,0,0,0,0,0,0,0,0.263,0,0,0,0,0,0,0.641,0,0,0,0,0,0,0,0,0,0,0,0.15,0,0,0,0.542,0,0,0.169,0,0,0,0.309,0,0,0,0,0,0,0,0.162,0,0,0.196,0,0,0,0,0,0,0,0,0,0,0,0,0,0,0.196,0,0,0,0,0,0.182,0,0,0.17,0,0,0,0,0,0.238,0,0,0,0.248,0,0,0,0.157,0,0,0,0,0.189,0.468,0,0,0.384,0,0,0.249,0.243,0.315,0,0.228,0,0,0,0.181,0,0,0.205,0,0,0,0,0,0,0,0,0,0,0.168,0,0,0,0,0,0,0,0,0,0.283,0,0,0,0,0,0,0,0,0,0,0,0,0,0,0.225,0,0,0.348,0,0,0,0,0,0,0,0,0,0,0,0.24,0,0.151,0,0,0,0,0,0.256,0,0,0,0,0,0,0,0,0,0,0,0,0,0,0,0.225,0,0,0.246,0,0,0,0,0,0,0,0,0,0,0,0,0,0.41,0,0.314,0,0.164,0,0.173,0,0.164,0.159,0.242,0,0,0,0.249,0,0,0.172,0.46,0.152,0.465,0.173,0,0,0,0,0,0,0,0.208,0,0.199,0,0.223,0.881,0.279,0.172,0,0,0,0,0.243,0.192,0,0.279,0,0,0.195,0,0.171,0,0,0.164,0.996,0,0,0,0,0,0.204,0,0,0,0,0.439,0,0,0.205,0.213,0,0,0,0,0,0,0,0.177,0.266,0,0,0,0,0,0,0,0,0,0.274,0.311,0,0,0,0.425,0,0,0,0,0,0,0,0.23,0,0.436,0.173,0,0.293,0.25,0.281,0,0,0,0.153,0,0,0,0.268,0,0.152,0,0,0,0,0.564,0.279,0.315,0.246,0,0,0,0,0,0,0,0,0,0.739,0.187,0,0,0,0,0,0.548,0,0.313,0.511,0.365,0,0,0,0,0,0.24,0,0.495,0,0.578,0,0,0.188,0.282,0,0,0,0,0,0,0,0,0.453,0,0.175,0.314,0.197,0,0.741,0,0.381,0,0,0,0.203,0,0,0,0,0,0,0.163,0.163,0,0,0,0.248,0,0,0.448,0.962,0,0,0,0.476,0,0,0,0,0.392,0.33,0,0.412,0,0,0,0,0,0.446,0,0,0,0,0,0,0,0,0,0,0,0,0,0,0,0,0,0,0,0,0,0,0,0,0,0,0,0,0,0,0,0,0,0,0,0,0,0.177,0,0,0,0,0.297,0,0,0,0,0,0,0.172,0,0,0,0.162,0,0,0,0,0,0,0,0.262,0,0,0,0.162,0,0.157,0,0,0,0,0.25,0,0,0,0,0.396,0,0,0,0.2,0.15,0.287,0,0,0,0,0,0,0.512,0.194,0,0,0,0,0,0,0,0,0,0,0,0,0,0,0,0,0,0,0,0,0.162,0,0,0,0.153,0,0,0,0.155,0,0.158,0,0,0,0,0,0,0.302,0,0,0,0,0,0,0,0,0,0,0,0,0,0,0,0,0,0.277,0.428,0,0,0.158,0,0,0,0,0,0,0.19,0.18,0,0,0.191,0.202,0,0,0.307,0.388,0,0.211,0,0,0,0,0,0,0,0,0,0,0.203,0.281,0.201,0,0,0.177,0,0,0.233,0.16,0,0,0.349,0.179,0.19,0,0.486,0,0,0,0,0.436,0,0.168,0,0.311,0.233,0,0,0,0.297,0,0.225,0,0.875,0.297,0.21,0.253,0.352,0,0.191,0,0,0,0,0.202,0,0,0.243,0,0,0,0.221,0,0.645,0,0,0.282,0,0,0,0,0,0,0,0,0.372,0.33,0,0,0,0,0,0,0,0,0,0,0,0.18,0,0,0,0,0.216,0.326,0.16,0.261,0.309,0,0,0,0,0.234,0,0.366,0,0,0,0,0,0,0,0,0,0,0,0,0,0,0,0,0,0,0,0,0,0,0,0.203,0,0,0,0,0,0,0,0.153,0,0,0,0,0.269,0.307,0,0,0,0,0,0,0,0,0,0,0,0,0,0,0,0,0,0,0,0,0,0.235,0,0,0,0,0,0,0,0,0,0,0.163,0,0,0.153,0,0.281,0.199,0,0.199,0.19,0,0,0,0,0,0,0,0,0.281,0,0,0,0,0,0,0,0,0,0,0,0,0,0,0,0,0,0,0,0,0,0,0,0,0,0.168,0,0,0,0,0,0,0,0,0.187,0,0.195,0,0.177,0,0,0,0,0,0,0,0,0,0,0,0,0,0,0,0,0,0,0,0.316,0,0,0,0,0,0,0,0,0,0,0,0,0,0,0,0,0,0,0,0,0.277,0,0,0,0,0,0,0,0,0,0,0,0,0,0,0,0,0,0,0,0,0,0,0,0,0,0,0,0,0,0,0,0,0,0,0,0,0,0,0,0,0,0,0,0,0,0,0,0,0,0,0,0,0,0,0,0,0,0,0,0,0,0,0,0,0,0,0,0,0,0,0,0,0,0,0,0,0,0,0,0,0,0,0,0,0,0,0,0,0,0,0,0,0,0,0,0,0,0,0,0,0,0,0,0,0,0,0,0,0,0,0,0,0,0,0,0,0,0,0,0,0,0,0,0,0,0,0,0,0,0,0,0,0.314,0,0,0,0,0,0,0,0,0,0,0,0,0,0,0,0,0,0,0,0,0,0,0,0,0.154,0,0,0,0,0,0,0,0,0,0,0,0,0,0,0,0,0,0,0,0,0,0,0,0.183,0,0,0,0,0,0,0,0,0,0,0.166,0,0,0,0,0,0.263,0,0,0.156,0,0.326,0,0.282,0,0.226,0,0,0,0,0.404,0,0.153,0,0,0,0,0.502,0,0.356,0,0.453,0,0,0.263,0,0,0,0,0,0,0,0,0.205,0,0,0,0,0.181,0,0,0,0,0,0.366,0,0,0,0,0,0.196,0.157,0,0,0,0.648,0.325,0,0,0,0,0,0.316,0,0,0,0,0,0,0.172,0,0,0.985,0.203,0,0,0.182,0,0,0,0,0,0,0,0.172,0,0,0.277,0,0.359,0,0,0,0,0,0,0,0,0,0.269,0,0,0,0.157,0,0.16,0,0,0.178,0,0,0,0,0,0,0,0,0,0,0,0,0,0.289,0,0,0,0,0,0,0.196,0,0,0,0,0,0,0,0,0,0,0,0,0,0,0.415,0,0.204,0,0.157,0,0,0,0.163,0.499,0,0,0.316,0.153,0,0.173,0,0.321,0,0,0.195,0,0,0,0.202,0.223,0,0,0,0,0,0,0.15,0,0.26,0.276,0,0.403,0,0,0,0,0,0,0,0,0,0,0,0,0,0,0.341,0,0,0,0,0,0.316,0.241,0,0.232,0,0,0,0,0,0.214,0.182,0,0,0,0.947,0,0,0.217,0,0,0,0,0,0,0,0,0,0,0,0,0,0,0,0,0,0,0,0,0,0,0,0,0,0,0,0,0,0,0,0,0,0,0,0,0,0,0,0,0,0,0,0,0,0,0.175,0,0,0,0,0,0,0,0,0,0,0.229,0,0,0,0,0,0,0,0,0,0.215,0,0,0,0,0,0,0,0,0.214,0,0,0,0,0,0,0,0,0,0,0,0,0,0,0,0,0,0,0,0,0,0,0,0,0.206,0.196,0.212,0.397,0,0,0,0.161,0.459,0.301,0,0,0.457,0,0,0.211,0,0.365,0,0.412,0.563,0,0.163,0,0,0,0.255,0.471,0.942,0,0.52,0,0,0,0.537,0.339,0,0,0,0,0.256,0,0,0.251,0.424,0.164,0.177,0,0,0.212,0.308,0,0,0,0,0.325,0,0,0,0,0.201,0.305,0,0,0,0,0,0,0,0.938,0,0.238,0.202,0,0,0,0,0.262,0,0,0,0.391,0.413,0.299,0,0,0,0.67,0.487,0,0.3,0,0.776,0,0.273,0,0.235,0.469,0.459,0,0,0,0,0,0,0,0,0,0,0,0,0,0,0,0,0,0,0,0,0,0,0,0,0,0,0,0,0,0,0,0,0,0,0,0,0,0,0,0,0,0,0,0,0,0,0,0.201,0,0.311,0,0,0.275,0,0,0,0,0,0,0,0,0.392,0.184,0.333,0.208,0,0,0,0,0,0.214,0,0,0,0,0,0,0,0,0,0,0.284,0,0,0,0.241,0,0,0,0,0,0,0,0,0,0,0,0,0.672,0,0,0,0,0,0,0.352,0,0,0,0,0,0,0,0.235,0,0,0,0,0,0,0,0,0,0,0,0,0,0,0,0.297,0,0,0,0,0,0,0,0,0,0,0,0,0,0,0,0,0,0,0.245,0,0,0,0,0,0,0,0,0,0,0,0,0,0,0,0,0,0,0,0,0,0,0,0,0,0,0,0,0,0,0,0,0,0,0,0,0,0,0,0.203,0,0,0.153,0,0,0,0,0.986,0,0,0,0,0,0,0,0,0.2,0,0,0,0,0,0.807,0,0,0,0,0,0,0,0,0,0,0,0,0,0,0,0.318,0,0.322,0,0,0.157,0,0,0,0.664,0.312,0,0,0,0,0,0,0,0,0,0.266,0,0,0,0,0,0.403,0,0.276,0,0,0,0,0,0,0.165,0,0,0,0,0,0,0,0,0,0,0,0,0,0,0,0.246,0,0,0,0,0,0,0,0,0,0,0,0,0,0,0,0,0.373,0,0,0.154,0,0,0.18,0,0,0,0,0,0,0,0,0,0,0,0.239,0,0,0,0,0,0,0,0,0,0,0,0,0.154,0,0.269,0,0,0.42,0,0,0.196,0,0.154,0,0,0.154,0,0,0,0,0,0,0,0,0,0,0,0,0,0,0,0,0,0,0,0,0,0,0,0.203,0,0,0,0.246,0,0,0,0,0,0,0,0.173,0,0,0,0,0.188,0,0,0,0,0,0,0,0,0,0,0,0,0,0,0,0,0.339,0,0,0,0,0,0,0,0,0.28,0,0,0.16,0,0,0.28,0,0,0,0,0,0,0,0,0,0,0,0.335,0,0,0,0,0,0,0,0,0.181,0,0,0,0,0,0,0.173,0,0,0,0,0.38,0,0.193,0,0,0,0,0,0,0,0,0,0.167,0.339,0,0,0,0,0,0,0,0,0.439,0,0,0,0,0,0,0,0,0,0,0,0,0,0,0,0,0,0,0,0,0,0.537,0,0.502,0,0,0,0,0,0.268,0,0,0,0.216,0,0,0.535,0,0,0,0,0,0,0.282,0,0.281,0.176,0.378,0,0.242,0.22,0,0.228,0.205,0.319,0.223,0,0.303,0.366,0.22,0.205,0.348,0.236,0.196,0.163,0,0.191,0,0.203,0.265,0.186,0.265,0.251,0.167,0.28,0.24,0.312,0.483,0,0.185,0.299,0.205,0.179,0.428,0,0,0,0,0,0,0,0,0,0,0,0,0,0,0,0,0,0,0,0,0,0,0,0,0,0,0,0,0,0,0,0,0,0,0,0,0,0,0,0,0,0,0,0,0,0,0,0,0,0,0,0,0,0,0,0,0,0,0,0,0,0,0.175,0,0,0,0,0,0,0,0,0,0,0,0,0,0,0,0,0,0,0,0,0,0,0,0,0,0,0,0,0,0,0,0,0,0,0,0,0,0,0,0,0.191,0,0,0,0,0,0,0,0,0,0,0,0,0,0,0,0,0,0,0,0,0,0,0,0,0,0,0,0,0,0,0,0,0,0,0,0,0,0,0,0,0,0,0,0,0,0,0,0,0,0,0,0,0,0,0,0.22,0,0,0,0,0,0,0,0,0,0,0,0,0,0,0,0,0,0,0,0,0,0,0,0,0,0,0,0,0,0,0,0,0,0,0,0,0,0,0,0,0,0,0,0,0,0,0,0,0,0,0,0,0,0,0,0,0,0,0,0,0,0,0,0,0,0,0,0,0,0,0,0,0,0,0,0,0,0,0,0,0,0,0,0,0,0,0,0,0,0,0,0,0,0,0,0,0,0,0,0,0,0,0,0,0,0,0,0,0,0,0,0,0,0,0,0,0,0,0,0,0,0,0,0,0,0,0,0,0,0,0,0,0,0,0,0,0,0,0,0,0,0,0,0,0,0,0,0,0,0,0,0,0,0,0,0,0,0,0,0,0,0,0,0,0,0,0,0,0,0,0,0,0,0,0,0,0,0,0,0,0,0,0,0,0.165,0,0,0,0,0,0,0,0,0,0,0,0,0,0,0,0,0,0,0,0,0,0,0,0,0,0,0,0,0,0,0,0,0,0,0,0,0,0,0,0,0,0,0,0,0,0,0,0,0,0,0,0,0,0,0,0,0,0,0,0,0,0,0,0,0,0,0,0,0,0,0,0,0,0,0,0,0.17,0,0,0,0,0,0,0,0,0,0,0,0,0,0,0,0,0,0,0,0,0,0,0.224,0,0,0,0,0,0,0,0,0,0,0,0,0,0,0,0,0,0,0,0,0,0,0,0,0,0,0,0,0,0,0,0,0,0,0,0,0,0,0,0,0,0,0,0,0,0,0,0,0,0,0,0,0,0,0,0,0,0,0,0,0,0,0,0,0,0,0,0,0,0,0.273,0,0,0,0.165,0,0,0,0,0,0,0,0,0,0,0,0,0,0,0,0,0,0,0,0,0,0,0,0,0,0,0,0,0,0,0,0,0,0,0,0,0,0,0,0,0,0,0,0,0,0,0,0,0,0,0,0,0,0,0.448,0,0
852803,0,0,0,0,0,0,0,0,0,0,0,0,0,0,0,0,0.165,0,0,0,0,0,0,0,0,0,0.151,0,0,0,0,0,0,0,0,0,0,0,0,0,0,0,0,0.271,0,0,0,0,0,0,0,0,0,0,0,0,0,0,0,0,0,0,0,0,0,0,0,0.156,0,0,0,0,0,0,0,0,0,0,0,0,0,0,0,0,0,0,0,0,0,0,0,0,0,0,0,0,0,0,0,0,0,0,0,0,0,0,0,0,0.288,0,0,0,0,0,0,0,0,0,0,0,0,0,0,0,0,0,0,0,0,0.159,0,0,0,0,0,0,0,0,0.168,0,0,0,0,0,0,0,0,0,0,0,0,0,0,0,0,0,0,0,0.197,0,0,0,0.228,0,0,0,0,0.154,0,0,0.201,0,0.207,0,0,0,0,0,0,0,0,0,0.194,0,0,0,0,0,0,0,0,0,0,0,0,0,0,0,0,0,0,0,0,0,0,0,0,0,0,0,0,0,0,0,0,0,0,0,0,0,0,0,0,0,0,0,0,0,0,0,0,0,0,0,0,0,0,0,0,0.311,0,0,0,0.156,0,0,0,0,0,0,0,0,0,0.189,0,0.363,0,0,0,0,0,0.285,0,0,0,0,0,0,0.27,0,0,0,0,0,0,0.347,0,0,0,0,0,0,0,0,0,0,0.599,0,0,0,0,0,0,0,0,0,0,0,0,0,0,0,0,0,0,0,0,0,0,0,0.171,0,0,0,0.347,0,0,0,0,0,0,0,0,0,0,0,0,0,0,0,0,0,0,0,0,0,0,0,0,0,0,0.454,0,0,0,0,0,0,0,0,0,0,0.179,0,0,0.152,0,0,0,0,0,0.207,0.217,0,0,0,0,0,0,0,0.285,0,0,0.398,0,0,0,0,0,0,0,0,0.307,0,0,0.255,0,0,0,0,0,0,0,0,0,0,0,0,0,0,0,0,0,0,0,0,0,0,0,0,0,0,0,0,0,0,0,0,0,0,0,0,0,0,0,0,0,0,0,0,0,0,0,0,0,0,0,0,0,0,0,0,0,0,0,0,0,0,0,0,0,0,0,0,0,0,0,0,0,0,0.402,0,0,0,0,0,0,0,0,0,0,0,0,0,0,0,0,0,0,0,0,0.183,0,0,0,0,0.335,0,0,0,0,0,0,0,0,0,0,0,0,0,0,0,0,0,0,0,0,0,0,0,0,0,0,0,0,0,0,0,0,0,0,0,0,0,0,0.367,0,0,0,0,0,0,0,0,0,0,0,0,0,0,0,0,0,0.447,0,0,0,0,0,0,0,0,0,0,0,0,0,0,0,0,0,0,0,0,0,0,0.153,0,0,0,0,0,0,0,0,0,0,0,0,0,0,0,0,0,0,0,0,0,0,0.835,0,0,0,0,0,0,0,0,0,0,0,0,0,0,0,0,0,0,0,0,0,0,0,0,0,0,0,0,0,0,0,0,0,0,0,0,0,0,0,0,0,0,0,0,0.205,0,0,0,0,0,0,0,0,0,0.315,0,0.241,0,0.341,0,0,0,0,0,0,0,0,0,0,0,0,0,0,0,0,0,0,0,0.153,0,0,0,0,0,0,0,0,0,0,0,0,0,0,0,0,0,0,0,0,0,0,0,0,0,0,0,0,0,0,0,0,0,0,0,0,0,0,0,0.187,0,0,0,0,0,0,0,0,0,0,0,0,0,0,0,0,0,0,0,0,0,0,0,0.157,0,0,0,0,0,0,0,0.382,0,0,0,0,0,0,0,0,0,0,0.522,0,0,0,0,0,0,0,0,0,0,0,0,0,0,0.159,0,0,0,0,0,0,0,0,0,0,0,0,0,0,0,0,0,0,0,0,0,0,0,0,0,0,0,0,0,0,0,0,0,0,0,0,0,0,0,0,0,0,0,0,0,0,0.267,0,0,0,0,0,0,0,0,0,0,0,0,0,0,0,0,0,0,0,0,0,0,0,0,0,0,0,0,0,0,0.269,0,0,0,0,0,0,0,0,0,0,0,0,0,0,0,0,0,0,0,0,0,0,0,0,0,0,0.251,0,0.484,0,0,0,0,0,0,0,0,0,0,0.521,0,0,0,0,0,0,0,0,0,0,0,0.249,0,0,0.166,0,0,0,0,0,0,0,0,0,0,0,0,0,0,0,0,0,0,0,0,0,0,0,0,0,0,0,0,0,0,0,0,0.244,0,0,0,0,0,0,0,0,0,0,0,0,0,0,0,0,0,0,0,0,0,0,0,0,0,0,0,0,0,0,0,0,0,0,0,0,0,0,0,0.194,0,0,0,0,0,0,0,0,0,0,0,0,0,0,0,0,0,0,0,0,0,0,0,0,0,0,0,0,0,0,0,0,0,0.253,0,0,0,0,0,0,0,0,0,0,0,0,0,0,0,0,0,0,0,0,0,0,0,0,0,0,0,0,0,0,0,0,0,0,0,0.194,0,0,0,0,0,0,0,0,0,0,0,0,0,0,0.218,0,0,0,0,0,0,0,0,0,0,0,0,0,0,0,0,0,0,0,0,0,0,0,0,0,0,0,0.165,0,0,0,0,0,0,0,0,0,0,0,0.445,0.669,0,0,0.479,0,0.923,0.54,0,0.613,0,0,0,0,0,0,0,0,0,0,0,0,0,0,0,0,0,0,0,0,0,0,0,0,0,0,0.311,0,0,0,0,0,0,0,0,0,0,0,0,0,0,0,0,0,0,0,0,0,0,0,0,0,0,0,0,0,0,0,0,0,0.282,0,0,0,0,0,0,0.388,0,0,0,0,0,0,0,0,0,0,0,0,0,0,0,0,0,0,0,0.55,0,0,0,0,0,0,0,0.646,0,0,0,0,0,0,0,0,0,0,0,0,0,0,0,0,0,0,0,0,0,0,0,0,0,0,0,0,0,0,0,0,0,0,0,0,0,0,0,0,0,0,0,0,0,0,0,0,0,0,0,0,0,0.68,0,0,0,0,0.444,0,0,0,0,0,0,0,0,0,0,0,0,0,0,0.39,0,0,0,0,0,0,0,0,0,0,0,0,0,0,0,0,0,0,0,0,0,0,0,0,0,0,0,0,0,0,0,0,0,0,0,0,0,0,0,0,0,0,0,0,0,0,0,0,0,0,0,0,0,0,0,0,0,0,0,0,0,0,0,0,0,0,0,0,0,0,0,0,0,0,0,0,0,0,0,0,0,0,0,0,0,0,0,0,0,0,0,0,0,0,0,0,0,0,0,0,0,0,0,0,0,0.46,0,0,0,0,0,0,0,0,0,0,0,0,0,0,0,0,0,0,0,0,0,0,0,0,0,0,0,0,0,0,0,0,0,0,0,0,0,0,0,0,0,0,0,0,0,0,0,0,0,0,0,0,0,0.192,0,0,0,0,0,0,0,0,0,0,0,0,0,0,0,0,0,0,0,0,0,0,0,0,0,0,0,0,0,0,0,0,0,0,0,0,0,0,0,0,0,0,0,0,0,0,0,0,0,0,0,0,0,0,0,0,0,0,0,0,0,0,0,0,0,0,0,0,0,0,0,0,0,0,0,0,0,0,0,0,0,0,0,0,0,0,0,0,0,0,0,0,0,0.642,0,0,0,0,0,0,0,0,0,0,0,0,0,0,0,0,0,0,0,0,0,0.282,0,0,0,0,0,0,0,0,0,0,0,0,0,0,0,0,0,0,0,0,0,0,0,0,0,0,0,0,0,0,0,0,0,0,0,0,0,0,0,0,0,0,0,0,0,0,0,0,0,0,0,0,0,0,0,0,0,0,0,0,0,0,0,0,0,0,0.197,0,0,0,0,0,0,0,0,0,0,0,0,0,0,0,0,0,0,0.176,0,0,0,0,0,0,0,0,0,0,0,0,0,0,0,0,0,0,0,0,0,0,0,0,0,0,0,0,0,0,0,0,0,0,0,0,0,0,0,0,0,0,0,0,0,0,0,0,0,0,0,0,0,0,0,0,0,0.169,0,0,0,0,0,0,0,0,0,0,0,0,0,0,0,0,0,0,0,0,0,0,0,0,0,0,0,0,0,0,0,0,0,0,0,0,0,0,0,0,0,0,0,0,0,0,0,0,0,0,0,0,0,0,0,0,0,0,0,0,0,0,0,0,0,0,0,0,0,0,0,0,0,0,0,0,0.206,0,0,0,0,0,0,0,0,0,0,0,0,0.202,0,0,0,0,0,0,0,0,0,0,0,0,0,0,0,0,0,0,0,0,0,0,0,0,0,0,0,0,0,0,0,0,0,0,0,0,0,0,0,0,0,0,0,0,0,0,0,0,0,0,0,0,0,0,0,0,0,0,0,0,0,0,0,0,0,0,0,0,0,0,0,0,0,0,0.538,0,0,0,0.402,0,0,0,0,0,0,0,0,0,0,0,0,0,0,0,0,0,0,0,0,0,0,0,0,0,0,0,0,0,0,0,0,0,0,0,0,0,0,0.227,0,0,0.274,0,0,0,0,0,0,0,0,0,0,0,0,0,0,0,0,0,0,0,0,0.21,0,0,0,0,0,0,0,0,0,0,0,0,0,0,0,0,0,0,0,0.458,0,0,0,0,0,0,0,0,0,0,0,0,0,0.396,0,0,0.182,0,0,0,0,0,0,0,0,0,0,0,0,0,0,0,0,0,0,0,0,0,0,0,0,0,0,0,0,0,0,0,0,0,0,0,0,0,0,0,0,0,0,0,0,0,0,0,0,0,0,0,0,0,0,0,0,0,0,0,0,0,0,0,0,0,0,0,0,0,0,0,0,0,0,0,0,0.495,0,0,0,0,0,0,0,0,0,0,0,0.297,0,0,0,0,0,0,0,0,0,0,0,0,0,0,0,0,0,0,0,0,0,0,0,0,0,0.413,0,0,0,0,0,0,0,0,0,0,0,0,0,0,0,0,0,0,0,0,0,0,0,0,0,0,0,0,0,0,0,0,0,0,0,0,0,0,0,0,0,0,0,0,0,0,0,0,0,0,0,0,0,0,0,0,0,0,0,0,0,0,0,0,0,0,0,0.221,0,0,0,0,0,0,0,0,0,0,0,0,0,0,0,0,0,0,0,0,0,0,0,0,0,0,0,0,0,0,0,0,0,0,0,0,0,0,0,0,0,0,0,0,0,0,0,0,0,0,0,0,0,0,0,0,0,0,0,0,0,0,0,0,0,0,0,0.217,0,0,0,0,0,0,0,0,0,0.211,0,0.23,0,0,0,0,0,0,0,0,0,0,0,0,0,0,0,0,0,0,0,0,0,0,0,0,0,0,0,0,0,0,0,0,0,0,0,0,0,0,0,0,0,0,0,0,0,0,0,0,0,0,0,0,0,0,0,0,0,0,0,0.174,0,0,0,0,0,0,0,0,0,0,0,0,0,0,0,0,0,0,0,0,0,0,0,0,0,0,0,0,0,0,0,0,0,0,0,0,0,0,0,0,0,0,0,0,0,0,0,0,0,0,0,0,0,0,0,0,0,0,0,0,0,0,0,0,0,0,0,0,0,0,0,0,0,0,0,0,0,0,0,0,0,0,0,0,0,0,0,0,0,0,0,0,0,0,0,0.343,0,0.203,0,0,0,0,0,0,0,0,0,0,0,0,0,0,0,0,0,0,0,0,0,0,0,0.26,0,0,0,0,0,0,0.171,0,0,0,0,0,0.17,0,0,0,0,0,0,0,0,0,0,0,0,0,0,0,0,0,0,0,0,0,0,0,0,0,0,0,0,0,0,0,0,0,0,0,0,0,0,0,0,0,0,0,0,0,0.162,0,0,0,0,0,0,0,0,0,0,0,0,0,0,0,0,0,0,0,0,0,0,0,0,0,0,0,0,0,0,0,0,0,0,0,0,0,0,0,0,0,0,0,0,0.222,0,0,0,0,0,0,0,0,0,0,0,0,0.176,0,0,0,0,0,0,0,0,0,0,0,0,0,0,0,0,0,0,0,0,0,0,0,0,0,0,0,0,0.267,0,0,0,0,0,0,0,0,0,0,0,0,0,0,0,0,0,0.185,0,0,0,0,0,0,0,0,0,0,0,0,0.195,0,0,0,0,0,0,0,0,0,0,0,0,0,0,0,0,0,0,0,0,0,0,0,0,0,0,0,0,0,0,0,0,0,0,0,0,0,0,0,0,0,0,0,0,0,0,0,0,0,0,0,0,0,0,0,0,0,0,0,0,0,0,0,0,0,0,0,0,0,0,0,0,0,0,0,0,0,0,0,0,0,0,0,0,0,0,0,0,0,0,0,0,0,0,0,0,0,0,0,0,0,0,0,0,0,0,0,0,0,0,0,0,0,0,0,0,0,0,0,0,0,0,0,0,0,0,0,0,0,0,0,0,0.17,0,0,0,0,0,0,0,0,0,0,0,0,0,0,0,0,0,0,0,0,0,0,0,0,0,0,0,0,0,0,0,0,0,0,0,0.258,0,0,0,0,0,0,0,0,0,0,0,0,0,0,0,0,0,0,0,0,0,0,0,0,0,0,0,0,0,0,0,0,0,0,0,0,0,0,0,0,0,0,0,0,0,0,0,0,0,0,0,0,0,0,0,0,0,0,0,0,0,0,0,0,0,0,0,0,0,0,0,0,0,0,0,0,0,0,0,0,0,0,0,0,0,0,0,0,0,0,0,0,0,0,0,0,0,0,0,0,0,0,0,0,0,0,0,0,0,0,0,0,0,0,0,0,0,0,0,0,0,0,0,0,0,0,0,0,0,0,0,0,0,0,0,0,0,0,0,0,0,0,0,0,0,0,0,0,0,0,0,0,0,0,0,0,0,0,0,0,0,0,0,0,0,0,0,0.152,0,0,0,0,0,0,0,0,0,0,0,0,0,0,0,0,0,0,0,0,0,0,0,0,0,0,0,0,0,0,0,0,0,0,0,0,0,0,0,0,0,0,0,0,0,0,0,0,0,0,0,0,0,0,0,0,0,0,0,0,0,0,0,0,0,0,0,0,0,0,0,0,0,0,0,0,0,0,0,0,0,0,0,0,0,0,0,0,0,0,0,0,0,0,0,0,0,0.256,0,0,0,0,0,0,0,0.224,0,0,0,0,0,0,0,0,0,0,0,0,0,0,0,0,0,0,0,0,0,0,0,0,0,0,0,0,0,0,0,0,0,0,0,0,0,0,0,0,0,0,0,0,0,0,0,0,0,0,0,0,0,0,0,0,0,0,0,0,0,0,0,0,0,0,0,0.176,0,0,0,0,0,0,0,0,0,0.162,0,0,0,0,0.445,0,0,0.287,0,0,0,0,0,0,0,0.476,0,0,0,0,0,0,0,0,0,0,0,0.258,0,0,0,0,0,0,0,0,0,0,0,0,0.483,0,0,0,0,0,0,0,0,0,0,0,0,0,0,0,0,0,0,0,0,0,0,0,0,0,0,0,0,0,0,0,0.561,0.217,0,0,0,0,0,0,0,0,0,0,0,0,0,0,0,0,0,0,0,0,0,0,0,0,0,0,0,0,0,0,0,0,0,0,0,0,0,0,0,0,0,0,0.536,0.297,0,0,0,0,0,0,0,0,0,0,0.357,0,0,0,0,0,0,0,0,0.314,0,0.239,0.196,0,0,0,0,0,0,0.189,0,0,0,0.211,0.481,0,0,0,0.722,0,0.262,0,0,0,0,0,0,0,0,0,0,0,0,0,0,0,0,0,0,0,0,0,0,0,0,0,0,0,0.166,0,0,0,0,0,0,0,0,0,0,0,0,0,0,0,0,0.298,0,0,0,0,0,0,0,0,0,0,0,0,0,0,0,0,0,0,0,0,0,0,0,0,0.86,0.229,0,0.199,0,0,0,0,0,0,0,0,0,0,0,0,0,0,0.274,0,0,0,0,0,0,0,0,0,0,0,0,0,0,0,0,0,0,0,0,0,0,0,0,0,0,0,0,0,0,0,0,0,0,0,0,0,0,0,0,0,0,0,0,0,0,0,0,0,0.192,0,0,0,0,0,0,0,0,0,0,0,0,0,0,0,0,0,0,0,0,0,0,0,0,0,0,0,0,0,0,0,0,0,0,0.201,0.4,0,0,0,0,0,0.562,0,0,0,0,0,0,0,0,0,0,0,0,0,0,0,0,0,0,0,0,0,0,0,0,0,0,0,0,0,0,0,0,0,0,0,0,0,0,0,0,0,0,0,0.207,0,0,0,0,0,0,0,0,0,0,0,0,0,0,0,0,0,0,0.394,0,0,0,0,0,0.23,0,0,0,0,0,0,0,0,0,0,0,0,0,0,0,0,0,0.238,0,0,0,0,0,0,0,0,0,0,0,0,0,0,0,0,0,0,0,0,0,0,0.538,0,0,0,0,0,0,0,0,0,0,0,0,0,0,0,0,0,0,0,0,0,0,0,0,0,0,0,0,0,0,0,0,0,0,0,0,0,0,0,0,0,0,0,0,0,0,0,0,0,0,0,0,0,0,0,0,0,0.166,0,0.394,0,0,0,0,0,0,0,0,0,0,0,0,0.158,0,0,0,0,0,0,0,0,0,0,0,0,0,0,0,0,0,0,0,0,0,0,0,0,0.274,0,0,0.36,0,0,0,0.215,0,0,0,0,0,0,0,0,0,0.379,0,0,0.399,0,0,0,0.635,0,0,0,0,0,0,0,0,0,0,0,0,0.571,0,0,0,0,0,0,0,0,0,0,0,0,0,0,0,0,0,0,0,0,0,0,0,0,0,0,0,0,0,0,0,0,0,0,0,0,0,0,0,0,0,0,0,0,0,0,0,0,0,0,0,0,0,0,0,0,0,0,0,0,0,0,0.163,0,0,0,0,0,0,0,0,0,0,0,0,0,0,0,0,0,0.343,0,0,0,0,0,0,0,0,0,0,0,0,0,0,0,0,0,0,0,0,0,0,0,0,0,0,0,0,0,0,0,0,0,0.342,0.374,0,0.189,0,0,0,0,0,0,0,0,0,0,0,0,0,0,0,0,0,0,0,0,0,0,0,0,0,0.564,0,0,0,0,0,0,0,0,0,0,0,0,0,0,0,0,0,0,0,0,0,0,0,0,0,0,0,0.4,0,0,0,0,0,0,0,0,0,0,0,0,0,0,0,0,0,0,0,0,0,0,0,0.196,0,0,0,0,0,0,0,0,0,0,0,0,0,0.448,0,0,0,0,0,0,0,0,0,0,0.632,0,0,0,0,0,0,0,0,0.422,0,0,0,0,0,0,0,0,0,0,0,0,0,0,0,0,0,0,0,0,0,0,0,0,0,0,0,0,0,0,0,0,0,0,0,0,0,0,0,0,0,0,0,0,0,0,0,0,0,0,0,0,0,0,0,0,0,0,0,0,0,0,0,0,0,0,0,0,0,0,0,0,0,0,0,0,0,0,0.372,0,0,0,0,0,0,0,0,0,0,0,0,0,0,0,0,0,0,0,0,0,0,0,0,0,0,0,0,0,0,0,0,0,0,0,0,0,0,0,0,0,0.454,0,0,0,0.277,0.706,0.723,0.679,0,0,0,0,0,0,0,0,0,0,0,0,0,0,0,0,0,0,0,0,0,0,0,0,0,0,0,0,0,0,0,0,0,0,0,0,0,0,0,0,0,0,0,0,0,0,0,0,0,0,0,0,0,0,0,0,0,0,0,0,0,0,0,0,0,0,0,0,0,0,0,0,0,0,0,0,0,0,0,0,0,0,0,0,0,0,0,0,0,0,0,0,0,0,0,0,0,0,0,0,0,0,0,0,0.27,0,0,0,0,0,0,0,0,0,0,0,0,0,0,0,0,0,0,0,0,0,0,0,0,0,0,0,0,0,0,0,0,0,0,0,0,0,0,0,0,0.659,0,0.448,0.449,0,0,0,0,0,0,0,0,0,0,0,0,0,0,0,0,0,0,0,0,0,0,0,0,0,0,0,0,0,0,0,0,0,0,0,0,0,0,0,0,0.299,0.221,0,0.194,0,0,0,0,0,0,0,0.159,0,0.215,0,0,0,0.448,0,0,0,0,0,0,0,0,0,0,0,0,0,0,0,0,0
851835,0,0,0,0,0,0,0,0,0,0,0,0,0,0,0,0,0,0,0,0,0,0,0,0,0,0,0,0,0,0,0,0,0,0,0,0,0,0,0,0,0,0,0,0,0,0,0,0,0,0,0,0,0,0,0,0,0,0,0,0,0,0,0,0,0,0,0,0,0,0,0,0,0,0,0,0,0,0,0,0,0,0,0,0,0,0,0,0,0,0,0,0,0.81,0,0,0,0,0,0,0,0,0,0,0,0,0,0,0,0,0,0,0,0,0,0,0,0,0,0,0,0,0,0,0,0,0,0,0,0,0,0,0,0,0,0,0,0,0,0,0,0,0,0,0,0,0,0,0,0,0,0,0,0,0,0,0,0,0,0,0,0,0,0,0,0,0,0,0,0,0,0,0,0,0,0,0,0,0,0,0,0,0,0,0,0,0,0.324,0,0,0,0,0,0,0,0,0,0,0,0,0,0,0,0,0,0,0,0,0,0,0,0,0,0,0,0,0,0,0,0,0,0,0,0,0,0,0,0,0,0,0,0,0,0,0,0,0,0.301,0,0,0.227,0,0,0,0,0,0,0,0,0,0,0,0,0,0,0,0.196,0,0,0,0,0,0,0,0,0,0,0,0,0,0,0,0,0,0,0,0,0,0,0,0,0,0,0,0,0,0.217,0,0,0,0,0,0,0,0,0,0,0,0,0,0,0,0,0,0,0,0,0,0,0,0,0,0,0,0,0,0,0,0.226,0.182,0,0,0,0,0,0,0,0,0,0,0,0,0,0,0,0.187,0,0,0,0,0,0,0,0,0.337,0,0,0,0,0,0,0,0,0,0,0,0,0,0,0,0,0,0,0,0,0,0,0,0,0,0,0,0,0,0,0,0,0,0,0,0.226,0,0,0,0,0,0,0,0,0,0,0,0,0,0,0,0,0,0,0,0,0,0,0,0,0,0,0,0,0,0,0,0,0,0,0,0,0,0.153,0,0,0,0,0,0,0,0,0,0,0.309,0,0,0,0,0,0,0,0,0,0,0.155,0,0,0,0,0.311,0,0,0,0,0,0,0,0,0,0,0,0,0,0,0,0,0,0,0,0,0,0,0,0,0,0,0,0,0,0,0,0,0,0,0,0,0,0,0.211,0,0,0,0,0,0,0,0,0,0,0,0,0,0,0,0,0,0,0,0,0,0,0,0,0,0,0,0,0,0,0,0.55,0,0,0,0,0,0,0,0,0,0,0,0,0,0,0.166,0,0,0.194,0.539,0,0,0,0,0,0.252,0,0,0,0.306,0,0,0,0.169,0,0,0,0,0,0,0,0,0,0,0,0,0,0,0,0,0,0.243,0.192,0,0,0,0,0,0,0,0,0,0,0,0,0,0,0,0,0,0,0,0,0,0,0,0,0,0,0.311,0,0,0,0,0,0.196,0,0,0,0,0,0,0,0,0,0,0,0,0,0,0,0,0,0,0,0,0,0,0,0,0,0,0,0,0,0,0,0,0,0,0,0,0,0,0,0,0,0,0,0.254,0,0,0,0,0,0,0,0,0,0.317,0,0,0,0.784,0,0,0,0,0,0,0,0,0,0,0,0,0,0,0,0,0,0,0,0,0,0,0,0,0,0,0,0,0,0,0,0,0.231,0.156,0,0,0,0,0,0,0,0,0,0,0,0,0,0,0,0,0,0,0,0,0,0,0,0,0,0,0,0,0,0,0,0,0,0,0,0,0,0,0,0,0,0,0,0,0,0,0,0,0,0,0,0,0,0,0,0,0,0,0.158,0,0,0,0,0,0,0.473,0,0,0.703,0,0,0,0,0,0,0,0,0,0,0,0,0,0,0.525,0,0,0,0,0,0,0,0,0,0,0,0,0,0,0.24,0,0,0,0,0,0,0,0,0,0,0,0,0,0,0,0,0,0,0,0,0,0,0,0.195,0,0,0.263,0,0,0,0,0,0,0,0,0,0,0,0,0,0,0,0,0,0,0,0,0,0,0,0,0,0,0,0,0,0,0,0,0,0,0,0,0,0,0,0,0,0,0,0,0,0,0,0,0,0,0,0,0,0,0,0,0,0,0,0,0,0,0,0,0,0,0,0,0,0,0,0,0,0,0,0,0,0,0,0,0,0,0,0,0,0,0,0,0,0,0,0,0,0,0.156,0,0,0,0,0,0,0,0,0,0,0,0,0,0,0.284,0,0,0,0,0.284,0,0,0,0.252,0,0,0,0,0,0.313,0,0,0,0,0,0,0,0,0,0,0,0,0,0,0,0,0,0,0,0,0,0,0,0,0,0.191,0,0,0,0,0,0,0,0,0,0,0,0,0,0,0,0,0,0,0,0,0,0,0,0,0,0,0,0,0,0,0,0,0,0,0.338,0,0,0.218,0,0,0,0,0,0,0,0,0,0,0,0,0,0,0,0,0,0,0,0,0,0,0,0,0,0,0,0,0,0,0,0,0,0.606,0,0,0,0,0,0,0,0,0,0,0,0,0,0,0,0,0,0,0,0,0,0,0,0,0,0,0,0,0,0,0,0,0,0,0,0,0,0,0,0,0,0,0.277,0,0,0,0,0,0,0,0,0,0,0,0,0,0,0,0,0,0,0,0,0,0,0,0.173,0,0,0,0,0,0,0,0,0,0,0,0,0,0,0,0,0,0,0,0,0,0,0,0,0,0,0,0,0,0,0,0,0,0,0,0,0,0,0,0,0,0,0,0,0,0.191,0,0,0.559,0,0,0,0,0,0,0,0,0,0,0,0,0,0,0,0,0,0,0,0,0,0,0,0,0,0,0,0,0,0,0,0,0,0,0,0,0,0,0,0,0,0,0,0,0,0,0,0,0,0,0,0,0,0,0,0,0,0,0,0,0,0,0,0,0,0,0,0,0,0,0,0,0,0,0,0,0.169,0,0,0,0,0,0,0,0,0,0,0,0,0,0,0,0,0,0,0,0,0.443,0,0,0,0,0,0,0,0,0,0,0,0,0,0,0,0,0.229,0,0,0,0,0,0,0,0,0,0,0,0,0,0,0,0,0,0,0.22,0,0,0,0,0,0,0,0,0,0,0,0.539,0,0,0,0,0,0,0,0,0,0,0,0.337,0,0,0,0,0,0,0,0.429,0,0,0,0,0,0,0,0,0,0,0,0,0,0,0.429,0,0,0,0,0,0,0,0,0,0,0,0,0,0,0,0,0,0,0,0,0,0,0,0,0,0,0,0,0,0,0,0,0.529,0,0,0,0,0,0,0,0,0,0,0,0,0,0,0,0,0,0,0,0,0,0,0,0,0,0,0,0,0,0,0,0,0,0,0,0,0,0,0,0,0,0,0,0,0,0,0,0,0,0,0,0,0,0,0,0,0,0,0,0,0,0,0,0,0,0,0,0,0,0.152,0,0,0,0,0,0,0,0,0,0,0,0,0,0,0,0,0,0,0,0,0,0,0,0,0,0,0,0,0,0,0,0,0,0,0,0,0,0.22,0,0,0,0,0,0,0,0,0,0,0,0,0,0,0,0,0,0,0,0,0,0,0,0,0,0,0,0,0,0,0,0,0,0,0,0,0,0,0,0,0,0,0,0,0,0,0,0,0,0,0,0,0,0,0,0,0.392,0,0,0,0,0,0,0,0,0,0,0,0,0,0,0,0,0,0,0,0,0,0,0,0,0,0,0,0,0,0,0,0,0,0,0,0,0,0,0,0,0,0,0,0,0,0,0,0,0,0,0,0,0,0,0,0,0,0,0,0,0,0,0,0,0,0,0,0,0,0,0,0,0,0,0,0,0,0,0,0,0,0,0,0,0,0,0,0,0,0,0,0,0,0,0,0,0,0,0,0,0,0,0,0,0,0,0,0,0,0,0,0,0,0,0,0,0,0.351,0,0,0,0,0,0,0,0,0,0,0,0,0,0,0,0,0.496,0,0,0,0,0,0,0,0,0,0,0,0,0,0,0,0,0,0,0,0,0.193,0,0,0,0,0,0,0,0,0,0,0,0,0,0,0,0,0,0,0,0,0,0,0,0,0,0,0,0,0,0,0,0,0,0,0,0,0,0,0,0,0,0,0,0,0,0,0,0,0,0,0,0,0,0,0,0,0,0,0,0,0,0,0,0,0,0,0,0,0,0,0,0,0,0,0,0,0,0,0,0,0,0,0,0,0,0,0,0,0,0,0,0,0,0,0,0,0,0,0,0,0,0,0,0,0,0,0,0,0,0,0,0,0,0.258,0,0,0,0,0,0,0,0,0,0,0,0,0,0,0,0,0,0,0,0,0,0,0,0,0,0,0,0.213,0,0,0,0,0,0,0,0,0,0,0,0,0,0,0,0,0,0,0,0,0,0,0,0,0,0,0,0,0,0,0.189,0,0,0,0,0,0,0,0,0,0,0,0.621,0,0,0,0,0,0,0.261,0,0,0,0,0,0,0,0,0,0,0,0.994,0.25,0,0.186,0,0,0,0,0,0.255,0,0,0,0,0,0,0,0,0,0.535,0,0,0,0,0,0,0,0,0,0,0,0,0,0,0,0,0,0,0,0,0,0,0,0,0.292,0,0,0,0,0.61,0,0,0,0,0,0,0,0,0,0,0,0,0,0.183,0,0,0,0,0,0,0,0,0.189,0,0.261,0,0,0,0,0,0,0,0,0.3,0.24,0,0,0,0,0.168,0,0,0,0,0,0,0,0,0,0,0,0,0,0,0,0,0,0,0,0,0,0,0,0,0.307,0,0.336,0,0,0,0,0.446,0,0,0,0,0,0,0.538,0,0,0,0,0,0,0,0,0,0,0,0,0,0.426,0.174,0,0,0,0,0,0,0,0,0,0,0,0,0,0,0,0.243,0,0,0,0.532,0,0,0,0,0.286,0,0,0,0,0,0,0,0,0,0,0,0,0,0,0,0,0,0,0,0,0,0,0,0,0,0,0,0,0,0,0,0,0,0,0,0,0,0,0,0,0,0,0,0,0,0,0,0,0,0,0,0,0,0,0,0,0,0,0,0,0,0,0,0,0,0,0,0,0,0,0,0,0,0,0,0,0,0,0,0,0,0,0,0,0,0,0,0,0,0,0,0,0,0,0,0,0,0,0,0,0,0,0,0,0,0,0,0,0,0,0,0,0,0,0,0,0,0,0.241,0,0,0,0,0,0,0,0,0,0,0,0,0,0,0,0,0,0,0,0,0,0,0,0,0,0,0,0,0,0,0,0,0,0,0,0,0,0,0,0,0,0,0,0,0,0,0,0,0,0,0,0,0,0,0,0,0,0,0,0,0,0.432,0,0,0,0,0.192,0,0,0,0,0,0,0,0,0,0.429,0,0,0,0,0,0,0,0,0,0,0,0.705,0,0,0,0,0,0,0,0,0,0,0,0.429,0,0,0,0,0,0,0,0,0,0,0,0,0,0,0,0,0,0,0,0,0,0,0,0,0,0,0,0,0,0,0,0,0,0,0,0,0,0,0,0,0,0,0,0,0,0,0,0,0,0,0,0,0,0,0,0,0,0,0,0,0,0,0,0,0,0,0,0,0,0,0,0,0,0,0,0,0,0,0,0,0,0,0,0,0,0,0,0,0,0,0,0,0,0,0,0,0,0,0,0,0,0,0,0,0,0.48,0,0,0,0,0,0,0,0,0,0,0,0,0,0,0,0,0,0,0,0,0,0,0,0,0,0,0,0,0,0,0,0,0,0,0,0,0,0,0,0,0,0,0,0,0,0,0,0,0,0,0,0,0,0,0,0,0,0,0,0,0,0,0,0,0,0,0,0,0,0,0,0,0,0,0,0,0,0,0,0,0,0,0,0,0,0,0,0,0,0,0,0,0,0,0,0,0,0,0,0,0,0,0,0,0,0,0,0,0,0,0,0.299,0,0,0,0,0,0,0,0,0,0,0,0,0,0,0.633,0,0,0,0,0,0,0,0,0,0,0,0,0,0,0,0,0,0,0,0,0,0,0,0,0,0,0,0,0,0,0,0,0,0,0,0,0,0,0,0,0,0,0,0,0,0,0,0,0,0,0,0,0,0,0,0.231,0,0,0,0,0,0,0,0,0,0,0,0,0,0,0,0,0,0,0,0,0,0,0,0,0,0,0,0,0,0,0,0,0,0,0,0,0,0,0,0,0,0,0,0,0,0,0,0,0,0,0,0,0,0,0,0,0,0,0,0,0,0,0,0,0,0,0,0,0,0,0,0,0,0,0,0,0,0,0.623,0,0,0,0,0,0,0,0,0,0,0,0,0,0,0,0,0,0,0,0,0,0,0,0,0,0,0,0,0,0,0,0,0,0,0,0,0,0,0,0,0,0,0,0,0,0,0,0,0,0,0,0,0,0,0,0,0,0,0,0,0,0,0,0,0,0,0,0,0,0,0,0,0,0,0,0,0,0,0,0,0,0,0,0,0,0,0,0,0,0,0,0,0.158,0,0.193,0,0,0,0,0,0,0,0,0,0,0,0,0,0,0,0,0,0,0,0,0,0,0,0,0,0,0,0,0,0,0,0,0,0,0,0,0,0,0,0,0,0,0,0,0,0,0,0,0,0,0,0,0,0,0,0,0,0,0,0,0,0,0,0,0,0,0.163,0.152,0,0,0,0,0,0,0,0,0,0,0,0,0,0,0,0,0,0,0,0,0,0,0,0,0,0,0,0,0,0,0,0,0,0,0,0,0,0,0,0,0,0,0,0,0,0,0,0,0,0,0,0,0,0,0,0,0,0,0,0,0,0,0,0,0,0,0,0,0,0,0.173,0,0,0,0,0,0,0,0,0,0,0,0,0,0,0,0,0,0,0,0.192,0,0,0,0,0,0,0,0,0,0,0,0,0,0,0,0,0,0,0,0,0,0,0,0,0,0,0,0,0,0,0,0,0,0,0,0,0,0,0,0,0,0,0,0,0,0,0,0,0,0,0,0,0,0,0,0,0,0,0,0,0,0,0,0,0,0,0,0,0,0,0,0,0,0,0,0,0,0,0,0,0,0,0,0,0,0,0,0,0,0,0,0,0,0,0,0,0,0,0,0,0,0,0,0,0,0,0,0,0,0,0,0,0,0,0,0,0,0,0,0,0,0,0,0.272,0,0,0,0,0,0,0,0,0,0,0,0,0,0,0,0,0,0,0.238,0,0,0,0,0.437,0.195,0,0,0,0,0,0,0,0,0,0,0,0,0,0,0,0.347,0,0,0,0,0,0,0,0,0,0,0,0,0,0,0,0,0,0,0,0,0.248,0,0,0.448,0.291,0,0,0,0,0,0,0,0,0,0,0.995,0,0,0.274,0,0.248,0,0,0,0,0.652,0,0.175,0,0,0,0,0,0,0,0,0.323,0,0,0,0,0,0,0.155,0,0,0,0.377,0.248,0,0,0,0,0,0,0,0.15,0,0,0,0,0,0,0,0,0,0,0,0,0,0,0,0,0,0,0,0,0,0,0,0,0,0,0,0,0,0,0,0,0,0,0,0,0,0,0,0,0,0,0,0,0,0,0.623,0,0,0,0,0,0,0,0,0,0,0,0,0,0.734,0,0,0,0,0,0,0,0,0,0,0,0,0,0,0,0,0,0,0,0,0,0,0,0,0,0,0,0,0,0,0,0,0,0,0,0,0.32,0,0,0,0,0.15,0,0,0,0,0,0,0,0,0,0,0,0.173,0,0,0,0,0,0,0,0,0,0,0,0,0,0,0,0,0,0,0,0,0,0,0,0,0,0,0,0,0,0,0,0,0,0,0,0,0,0,0,0,0,0,0.187,0,0,0,0,0,0,0,0,0,0,0,0,0,0,0,0,0,0,0,0,0,0.291,0,0,0,0,0,0,0,0,0,0,0,0,0,0,0,0,0,0,0,0,0,0,0,0.969,0,0,0,0,0,0.273,0,0,0,0,0,0,0,0,0,0,0,0,0,0,0,0,0,0,0,0,0,0,0,0,0.161,0,0,0,0,0,0,0,0,0,0,0,0,0,0,0,0,0,0,0,0,0.959,0,0,0,0,0,0,0,0,0,0,0,0,0,0,0,0,0,0,0,0.216,0,0,0,0.949,0,0,0,0,0,0,0,0,0,0,0,0,0,0,0,0,0,0,0,0,0,0,0,0,0,0,0,0,0,0,0,0,0,0,0,0,0,0,0,0,0.378,0,0,0,0,0,0,0,0,0,0,0,0,0,0,0,0,0,0,0,0,0,0,0,0,0,0,0,0,0,0,0,0,0,0,0,0,0,0,0,0.269,0,0,0,0.216,0,0,0,0,0,0,0,0,0.256,0,0,0,0,0,0,0,0,0,0,0,0,0,0,0,0,0,0,0,0,0,0,0,0,0,0,0,0.161,0,0,0,0,0,0,0,0,0,0,0,0,0,0,0,0,0,0,0,0,0,0,0,0,0,0,0,0,0.582,0,0,0,0,0,0,0,0,0,0,0,0,0,0,0,0,0,0.299,0,0,0,0,0,0,0,0,0,0,0,0,0,0,0,0,0,0,0,0,0,0,0,0,0,0,0,0,0,0,0,0,0,0,0,0,0,0,0,0,0.346,0,0,0,0,0,0,0,0,0,0,0.328,0,0,0,0,0,0,0,0,0,0.261,0,0,0,0,0,0,0,0,0.167,0,0,0,0,0,0,0,0,0,0,0,0.207,0,0,0,0.228,0.172,0,0,0,0,0,0,0,0,0,0,0.618,0,0,0,0,0,0,0,0,0,0,0,0,0,0,0,0,0,0,0,0,0,0,0,0,0,0,0,0,0,0,0,0,0,0,0,0,0,0,0,0,0,0,0,0,0,0,0,0,0,0,0,0,0,0,0,0,0,0,0,0,0,0,0,0,0,0,0,0,0,0,0,0,0,0,0,0,0,0,0,0,0,0,0,0,0,0,0,0,0,0,0,0,0,0,0,0.406,0,0,0,0,0,0,0,0,0,0,0,0,0,0,0,0,0,0,0,0,0,0,0.182,0,0.182,0,0.182,0,0,0,0,0,0,0,0,0,0,0,0,0,0,0,0,0,0,0,0,0,0,0,0,0,0,0,0,0,0,0,0,0,0,0,0,0,0,0,0,0,0,0,0,0,0,0,0,0,0,0,0,0,0,0,0,0,0,0,0,0,0,0,0,0,0,0,0,0,0,0,0,0,0,0,0,0,0.195,0,0,0,0,0,0,0,0,0,0,0,0,0,0,0,0,0,0,0,0,0,0,0,0,0,0,0,0,0,0,0,0,0,0,0,0,0,0,0,0,0,0,0,0,0,0,0,0,0,0,0,0,0,0,0,0,0,0,0.203,0,0,0,0,0,0,0,0,0,0,0,0,0,0,0,0,0,0,0,0,0,0,0,0,0,0,0,0,0.217,0.949,0,0,0,0,0,0,0,0,0,0,0,0,0,0,0,0,0.309,0,0,0,0,0,0,0,0,0,0,0,0,0,0,0,0,0,0,0,0,0,0,0,0,0,0,0,0,0,0,0,0,0,0,0,0,0,0,0,0,0,0,0.449,0,0,0,0,0,0,0,0,0,0,0,0,0,0,0,0,0,0,0,0,0,0,0,0,0,0,0,0,0,0,0,0,0,0,0,0,0,0,0,0,0,0,0,0,0,0,0,0,0,0,0,0,0,0,0,0,0,0,0,0,0,0,0,0,0,0,0,0,0,0,0,0,0,0,0,0,0,0,0,0,0,0,0,0,0,0,0,0,0,0,0,0,0,0,0,0,0,0,0,0,0,0,0,0,0,0,0,0,0,0,0,0,0,0,0,0,0,0,0,0.317,0,0,0,0,0,0,0,0,0,0,0,0,0,0,0,0,0,0,0,0,0,0,0,0,0,0,0,0,0,0,0,0,0,0,0,0,0,0,0,0,0,0,0,0,0,0,0,0,0,0,0,0,0,0,0,0,0,0,0,0,0,0,0,0,0,0,0,0,0,0,0,0,0,0,0,0,0,0,0,0,0,0,0,0,0,0,0,0,0,0,0,0,0,0,0,0,0,0,0,0,0,0,0,0,0,0,0,0
856060,0,0,0,0,0,0,0,0,0,0,0,0,0,0.429,0,0,0,0,0,0.239,0,0,0,0,0,0,0,0,0,0,0,0,0,0,0,0,0,0,0,0,0,0.173,0,0,0,0,0,0.167,0,0,0.298,0,0,0,0,0,0,0,0,0,0,0.995,0.167,0,0.167,0,0,0.167,0,0,0,0,0,0,0,0,0,0,0,0,0,0,0,0,0,0,0,0,0,0,0,0,0,0,0,0,0,0,0,0,0,0,0,0,0,0,0,0,0,0,0,0,0.198,0,0,0,0,0,0,0,0,0,0,0,0,0,0,0,0,0,0.218,0,0,0,0,0,0,0,0,0,0,0,0,0,0,0,0,0,0,0,0.197,0,0,0,0,0.245,0,0,0,0,0,0,0,0,0,0,0,0,0,0,0,0,0,0,0,0,0,0,0,0,0,0,0,0,0,0,0,0,0,0,0,0,0,0,0,0.691,0,0,0,0,0,0.625,0,0,0,0,0,0,0,0,0,0.195,0,0,0,0,0,0,0,0,0,0,0,0,0,0,0,0,0,0,0,0,0,0,0.61,0,0,0,0,0,0,0,0,0,0,0,0,0,0,0,0,0,0,0,0,0,0.159,0,0,0,0,0,0,0,0,0,0,0.552,0,0,0,0,0,0.972,0,0,0,0,0,0,0,0.998,0,0,0,0,0,0,0.192,0,0,0,0,0,0,0,0,0,0,0,0,0.157,0,0,0,0,0,0,0,0,0,0.25,0,0,0,0,0,0,0,0,0,0,0,0,0,0.161,0,0,0,0,0,0.643,0,0.15,0,0,0,0,0.516,0,0,0,0,0,0,0,0,0,0,0,0,0,0,0.36,0,0,0,0,0,0,0,0,0,0,0,0.41,0,0,0,0,0,0,0,0,0,0,0,0,0,0,0,0,0,0,0,0,0,0,0,0,0,0,0,0,0,0,0,0,0,0,0,0,0,0,0,0,0,0.354,0,0,0,0,0,0,0,0,0,0,0,0,0,0,0,0.441,0,0,0,0,0,0.398,0,0,0.225,0,0,0,0,0,0,0,0,0,0,0,0,0,0,0,0,0,0,0,0,0.174,0,0,0,0,0,0,0,0,0,0,0,0,0,0,0,0,0,0,0,0,0.994,0,0,0,0,0,0,0,0,0,0,0,0,0,0,0,0,0,0,0,0,0,0,0,0.221,0.369,0,0,0,0,0,0,0,0,0,0,0,0,0,0,0,0,0,0,0,0,0.179,0,0,0,0,0,0,0,0,0,0,0,0,0,0,0,0,0,0,0,0,0,0,0,0,0,0,0,0,0,0,0,0,0,0,0,0,0,0,0,0,0,0,0,0,0,0,0,0,0,0,0.996,0,0,0,0,0,0,0,0,0,0,0,0,0.369,0,0,0,0,0,0,0,0,0,0,0,0,0,0,0,0,0,0,0,0,0,0,0,0,0,0,0,0,0.368,0,0,0,0,0,0,0,0,0,0,0,0,0,0,0,0,0,0,0,0,0,0,0.551,0,0,0,0,0,0,0,0,0,0,0,0,0,0,0,0,0,0,0,0,0,0,0,0,0,0,0,0,0,0,0,0,0,0,0,0,0,0,0,0,0,0,0,0,0,0,0,0,0,0,0,0,0,0,0,0,0,0,0,0.165,0,0,0,0,0,0,0,0,0,0,0,0,0,0,0,0,0,0,0,0.317,0,0,0,0,0,0,0,0,0,0,0,0,0,0,0,0,0,0,0,0,0,0,0,0.181,0,0,0,0,0.835,0,0.192,0,0,0,0,0,0.171,0,0,0,0,0,0,0,0,0,0,0,0,0,0,0,0,0,0,0,0,0,0,0.192,0,0,0,0,0,0,0,0,0,0,0,0.39,0,0,0,0,0,0,0,0,0,0,0,0,0,0,0,0,0,0,0,0,0,0,0,0,0,0,0,0,0.427,0,0,0,0,0,0,0,0,0,0,0,0.268,0,0,0,0,0,0,0,0,0,0,0,0,0,0,0,0.196,0,0.835,0,0,0,0,0,0,0,0,0,0,0,0,0,0,0,0,0,0,0,0,0,0,0,0,0,0,0,0,0,0,0,0,0,0,0,0.171,0,0,0,0,0,0,0,0,0.444,0,0,0,0,0.307,0,0,0.208,0,0,0.61,0,0,0,0,0,0,0,0,0,0,0,0,0,0,0.393,0,0,0,0,0,0,0,0,0,0,0,0,0,0,0,0,0,0,0,0,0,0,0,0,0,0,0,0,0,0,0,0,0,0,0,0,0,0,0,0,0,0,0,0.153,0,0,0,0,0,0,0,0,0,0,0,0,0,0,0,0,0,0,0,0,0,0,0,0,0,0,0,0,0,0,0,0,0,0,0,0,0,0,0,0,0,0,0,0,0.299,0,0,0,0,0.169,0,0,0,0,0,0,0,0,0,0,0,0,0,0,0.342,0.185,0,0,0,0,0,0,0,0,0,0,0,0,0,0,0,0,0,0,0,0,0,0.194,0.991,0,0,0.199,0.156,0,0,0.208,0,0,0,0,0,0,0,0,0,0,0,0,0.189,0,0,0,0,0,0,0,0,0,0,0,0.246,0,0,0,0,0,0,0,0,0,0,0,0,0,0.181,0,0,0.195,0,0,0,0,0,0,0,0,0,0,0.246,0,0,0,0,0,0,0,0,0,0,0,0,0,0,0,0,0,0,0,0,0,0,0,0,0,0,0,0,0,0,0,0,0,0,0,0,0,0.181,0,0,0,0,0,0,0,0,0,0,0.26,0,0,0,0.185,0,0,0,0,0,0,0,0,0,0,0,0,0.246,0,0,0,0,0,0,0,0.999,0,0,0,0,0,0,0.996,0,0.151,0,0,0,0,0,0,0,0.153,0,0,0.44,0,0,0,0,0,0,0,0.185,0,0,0,0.671,0,0,0,0,0,0,0,0,0.377,0.227,0,0,0,0,0,0,0,0,0,0.185,0,0,0,0,0,0,0,0,0,0.301,0,0,0,0,0,0,0,0,0,0,0,0,0,0,0,0,0,0,0,0,0,0,0,0,0,0,0,0.246,0,0.181,0,0,0,0,0,0,0,0,0,0.151,0,0,0,0,0.169,0,0,0,0,0,0,0,0,0,0,0,0,0,0,0,0,0,0,0,0,0,0,0,0.999,0,0,0,0,0,0,0,0,0.246,0.212,0,0,0,0.169,0,0.653,0.999,0,0,0,0.191,0,0,0,0,0,0,0,0.594,0,0.181,0,0,0,0,0,0,0,0,0,0,0,0,0,0.196,0,0,0.999,0,0,0,0,0,0,0,0,0,0,0,0,0,0,0,0,0,0,0,0,0,0,0,0,0.312,0,0,0,0,0,0,0,0,0.998,0.169,0,0,0.181,0,0,0.845,0,0,0,0.195,0,0,0,0,0.562,0,0,0,0,0,0,0,0,0,0.199,0,0,0.216,0,0.201,0,0,0,0,0,0,0,0,0,0,0,0.517,0.999,0,0,0,0,0,0,0,0,0,0,0,0,0,0,0,0,0,0,0,0,0,0,0,0,0,0,0,0,0,0,0,0.677,0,0,0,0,0,0,0,0,0,0,0,0,0,0,0,0,0,0.593,0,0,0,0,0,0.185,0,0,0,0,0,0,0,0,0,0,0,0,0,0,0,0,0.181,0,0,0,0,0,0,0,0,0,0,0,0,0,0,0,0,0,0,0,0,0,0.599,0,0.607,0,0,0.181,0,0,0,0.181,0,0,0,0,0,0,0,0,0,0,0,0,0,0,0,0,0,0,0,0,0,0,0,0,0,0,0,0,0,0,0,0,0,0,0,0,0,0,0,0,0,0,0,0,0,0,0,0,0,0,0,0.309,0,0,0,0,0,0,0,0,0,0,0,0,0,0.54,0,0,0,0,0,0,0,0,0,0,0,0,0,0,0,0,0,0,0,0,0,0,0,0,0,0,0,0,0,0,0,0,0,0,0,0,0,0,0,0,0,0,0,0,0,0,0,0,0,0,0,0,0,0,0,0,0,0,0,0,0,0,0,0,0.996,0,0,0,0,0,0,0,0,0,0,0,0,0,0,0,0,0,0,0,0,0,0,0,0,0,0,0,0,0.998,0,0,0,0,0,0,0,0,0.739,0,0,0,0,0,0,0,0,0,0,0,0,0,0,0,0,0,0,0,0,0,0,0,0,0,0,0,0,0,0,0,0,0,0,0,0,0,0,0,0,0,0,0,0,0,0,0,0,0,0,0,0,0,0,0.354,0,0,0,0,0,0,0,0,0,0,0,0,0,0,0,0,0,0,0,0,0,0,0,0,0,0.622,0,0,0,0,0,0,0,0,0,0,0,0,0,0,0,0,0,0,0,0,0,0,0,0,0,0,0,0,0,0,0,0,0,0,0,0,0,0,0,0,0,0,0,0,0,0,0,0,0,0,0,0,0,0,0,0,0,0,0,0,0,0,0,0,0,0,0,0,0,0,0,0,0,0,0,0,0,0.288,0,0,0,0,0,0,0,0,0,0,0,0,0,0,0,0,0,0,0,0,0.156,0,0,0,0,0,0,0,0,0,0,0,0,0,0.999,0,0,0,0,0,0,0,0,0,0,0,0,0,0,0,0,0,0,0,0,0,0,0.169,0,0,0,0,0,0,0,0,0,0,0,0,0,0,0,0,0,0,0,0,0,0,0,0,0,0,0,0,0,0,0,0,0,0,0,0,0,0,0,0,0,0,0,0,0,0,0,0,0,0,0,0.9,0,0,0,0,0,0,0,0,0,0,0,0,0,0,0,0.156,0,0,0,0,0,0,0,0,0,0,0,0,0,0,0,0,0,0,0,0,0,0,0,0,0,0,0,0,0,0,0,0,0,0,0,0,0,0,0,0,0,0,0,0,0,0,0,0,0,0,0,0,0,0,0,0,0,0,0,0,0,0,0,0,0,0,0,0,0,0,0,0,0,0,0,0,0,0,0,0,0,0,0,0,0,0,0,0,0,0,0,0,0,0,0,0,0,0,0,0,0,0,0,0,0,0,0.497,0,0,0,0,0,0,0,0,0,0,0,0,0,0,0,0,0,0,0,0,0,0,0,0,0,0,0,0,0,0,0,0,0,0,0,0,0,0,0,0,0,0,0,0,0,0,0,0,0,0,0,0,0,0,0,0,0,0,0,0,0,0,0,0,0,0,0,0,0,0,0,0,0,0,0,0,0,0,0,0,0,0,0,0,0,0,0,0,0,0,0,0,0,0,0,0,0,0,0,0,0,0,0,0,0,0,0,0,0,0,0,0,0,0,0,0,0,0,0,0,0,0,0,0,0,0,0,0,0,0,0,0,0,0,0,0,0,0,0,0,0,0,0,0,0,0,0,0,0,0,0,0,0,0,0,0,0,0,0,0,0,0,0,0,0,0,0,0,0,0,0,0,0,0,0,0,0,0,0,0,0,0,0,0,0,0,0,0,0,0,0,0,0,0,0,0,0,0,0,0,0,0,0,0,0,0,0,0,0,0.26,0,0,0,0,0,0,0,0,0,0,0,0,0,0,0,0,0,0,0,0,0,0,0,0,0,0,0,0,0,0,0,0,0,0,0,0,0,0,0,0,0,0,0,0,0,0,0,0,0,0,0,0,0,0,0,0,0,0,0,0,0,0,0,0,0,0,0,0,0,0,0,0,0,0,0,0,0,0,0,0,0,0,0,0,0,0,0,0,0,0,0,0,0.169,0,0,0,0,0,0,0,0,0,0,0,0,0,0,0,0,0,0,0,0,0,0,0,0,0,0.441,0,0,0,0,0,0,0,0,0,0,0,0,0,0,0,0,0,0,0,0,0,0,0,0,0,0,0,0,0,0,0,0,0,0,0,0,0,0,0,0,0,0,0,0,0,0,0,0,0,0.19,0,0,0,0,0,0,0,0,0,0,0,0,0,0,0,0,0,0,0,0,0,0,0,0,0,0,0,0,0,0,0,0,0,0,0,0,0.366,0,0,0,0,0,0,0,0,0,0,0,0,0,0,0,0,0,0,0,0,0,0,0,0,0,0,0,0,0,0,0,0,0,0,0,0,0,0,0,0,0,0,0,0,0,0,0,0.337,0,0,0,0,0,0,0,0,0,0,0,0,0,0,0,0,0,0,0,0,0,0,0,0,0,0,0,0,0.999,0,0,0,0,0,0.153,0,0,0,0,0,0,0,0.161,0,0,0,0,0,0,0.305,0,0,0,0,0,0,0,0,0,0,0,0,0,0,0,0,0,0,0,0,0,0,0,0,0,0,0,0,0,0,0,0,0,0,0,0,0,0,0,0,0,0,0,0,0,0,0,0,0,0,0,0.862,0,0,0,0,0,0,0,0,0,0,0,0,0,0,0,0,0,0,0,0,0,0,0,0,0,0,0,0,0,0,0,0,0,0,0,0,0,0,0,0,0,0,0,0,0,0,0,0,0,0,0,0,0,0,0,0,0,0,0,0,0,0,0,0,0,0,0,0,0,0,0,0,0,0,0,0,0,0,0,0,0,0,0,0,0,0,0,0,0,0,0,0,0,0,0,0,0,0,0,0,0,0,0,0,0,0,0,0,0,0,0,0,0,0,0,0,0,0,0,0,0,0,0,0,0,0,0,0,0,0,0,0,0,0,0,0,0,0,0,0,0,0,0,0,0,0,0,0,0,0,0,0,0,0,0,0,0,0,0,0,0,0,0,0,0,0,0,0,0,0,0,0,0,0,0,0,0,0,0,0,0,0,0,0,0,0,0,0,0,0,0,0,0,0,0,0,0,0,0,0,0,0,0,0,0,0,0,0,0,0,0,0,0,0,0,0,0,0,0,0,0,0,0,0,0,0,0,0,0,0,0,0,0,0,0,0,0,0,0,0,0,0,0,0,0,0,0,0,0,0,0,0,0,0,0,0,0,0,0,0,0,0,0,0,0,0,0,0,0,0,0,0,0,0,0,0,0,0,0.23,0,0,0,0,0,0,0,0,0,0,0,0,0,0,0,0,0,0,0,0,0,0,0,0,0,0,0,0,0,0,0,0,0,0,0,0,0,0,0,0,0,0,0,0,0,0,0,0,0,0,0,0,0,0,0,0,0,0,0,0,0,0,0,0,0,0,0,0.656,0,0,0,0,0,0,0,0,0,0,0,0,0,0,0,0,0,0,0,0,0,0,0,0,0,0,0,0,0,0,0,0,0,0,0,0,0,0,0,0,0,0,0,0,0,0,0,0,0,0,0,0,0,0,0,0,0,0,0,0,0,0,0,0,0,0,0,0,0,0,0,0,0,0,0,0,0,0,0,0,0,0,0,0,0,0,0,0,0,0,0,0,0,0,0,0,0,0,0,0,0,0,0,0,0,0,0,0,0,0,0,0,0,0,0,0,0,0,0,0,0,0,0,0,0,0,0,0,0,0,0,0,0,0,0,0,0,0,0,0,0,0,0,0,0,0,0,0,0,0,0,0,0,0,0,0,0,0,0,0,0,0,0,0,0,0,0,0,0,0,0,0,0,0,0,0,0,0.204,0,0,0,0,0,0,0,0,0,0,0,0,0,0,0,0,0.196,0,0,0,0,0,0,0,0,0,0,0,0,0,0,0,0,0,0,0,0,0,0.274,0,0,0,0,0,0,0,0,0,0,0,0,0.354,0,0,0,0,0,0,0,0,0,0,0,0,0,0,0,0,0,0,0,0,0,0,0,0,0,0,0,0,0,0,0,0,0,0,0,0,0,0,0,0,0,0,0,0,0,0,0,0,0,0,0,0,0,0,0,0,0,0,0,0,0,0,0,0,0,0,0,0,0,0,0,0,0,0,0,0,0,0.231,0,0,0,0,0,0,0,0,0,0,0,0,0,0,0,0,0,0,0,0,0,0,0,0,0,0,0,0,0,0,0,0,0,0,0,0,0,0,0,0,0,0,0,0,0,0,0,0,0,0,0,0,0,0,0,0,0,0,0,0.187,0,0,0,0,0,0,0,0,0,0,0,0,0,0,0,0,0,0,0,0,0,0,0,0,0,0,0,0,0,0,0,0,0,0,0,0,0,0,0,0,0,0,0,0,0,0,0,0,0,0,0,0,0,0,0,0,0,0,0,0,0,0,0,0,0,0,0,0,0,0,0,0,0,0,0,0,0,0,0,0,0,0.986,0,0,0,0,0,0.54,0,0,0,0,0,0,0,0,0,0,0,0,0,0,0,0,0,0,0,0.351,0,0,0,0,0,0,0,0,0,0,0,0,0,0,0,0,0,0,0,0,0,0,0,0,0,0,0,0,0,0,0,0,0,0,0,0,0,0,0,0,0,0,0,0,0,0,0,0,0,0,0,0,0,0,0,0,0,0,0,0,0,0,0,0,0,0,0,0,0,0,0,0,0,0,0,0,0,0,0,0,0,0,0,0,0,0,0,0,0,0,0,0,0,0,0,0,0,0,0,0,0,0,0,0,0,0,0,0,0,0,0,0,0,0,0,0,0,0,0,0,0,0,0,0,0,0,0,0,0,0,0,0,0,0,0.169,0,0,0,0,0,0,0,0,0,0,0,0,0,0,0,0,0,0,0,0,0,0,0,0,0,0,0,0,0,0,0,0,0,0,0,0,0,0,0,0,0,0,0,0,0.17,0,0,0,0,0,0,0,0,0,0,0,0,0,0,0,0,0,0,0,0,0,0.161,0,0,0,0,0.195,0,0,0,0,0,0,0,0,0,0,0,0,0,0,0,0,0,0,0.229,0,0,0,0,0,0,0,0,0,0,0,0,0,0,0,0,0,0,0,0,0,0,0,0,0,0,0,0,0,0,0,0,0,0.169,0,0,0,0,0,0,0,0,0,0,0,0,0,0,0,0.321,0,0,0,0,0,0,0,0,0,0,0,0,0,0,0,0,0,0,0,0,0,0,0,0,0,0,0,0,0,0,0,0,0,0,0,0,0,0,0,0,0,0,0,0,0,0,0,0,0,0,0,0,0,0,0,0,0,0,0,0,0,0,0,0,0,0,0,0,0,0,0,0,0,0,0,0,0,0,0,0,0,0,0,0,0,0,0,0,0,0,0,0,0,0.225,0,0,0,0,0,0,0,0,0,0,0,0,0,0,0,0,0,0,0,0,0,0,0,0,0,0,0.354,0,0,0,0,0,0,0,0,0,0,0,0,0,0,0,0,0,0,0,0,0,0,0,0,0,0,0,0,0,0,0,0,0,0,0,0,0,0,0,0,0,0,0,0,0.309,0,0,0,0,0,0,0,0,0,0,0,0,0,0,0,0,0,0,0,0,0,0,0,0,0,0,0,0,0,0,0,0,0,0,0,0,0,0,0,0,0,0,0,0,0,0,0,0,0,0,0,0,0,0,0,0,0,0,0,0,0,0,0,0,0,0,0,0,0,0,0,0,0,0,0,0,0,0,0,0,0,0,0,0,0,0,0,0,0,0,0,0,0,0,0,0,0,0,0,0,0,0,0,0,0,0,0,0,0,0,0,0,0,0,0,0,0,0,0,0,0,0,0,0,0,0,0,0,0,0,0,0,0,0,0,0,0,0,0,0,0,0,0,0,0,0,0,0,0,0,0,0,0.274,0,0,0,0,0,0,0,0,0,0,0,0,0,0,0,0,0,0,0,0,0,0,0,0,0,0,0,0,0,0,0,0,0,0,0,0,0,0,0,0,0,0,0,0,0,0,0,0,0,0,0,0,0,0,0,0,0,0,0,0,0,0,0,0,0,0,0,0,0,0,0,0,0,0,0,0,0,0,0,0,0,0,0,0,0,0,0,0,0,0,0,0,0,0,0,0,0,0,0,0,0,0,0,0,0,0,0,0,0,0,0,0,0,0,0,0,0,0,0,0,0,0,0,0,0,0,0,0,0,0,0,0,0,0,0.15,0,0,0,0,0,0,0,0,0,0,0,0,0,0,0,0,0,0,0,0,0,0,0,0,0,0,0,0,0,0,0.161,0,0,0,0,0,0,0,0,0,0,0,0.999,0,0,0,0,0
855091,0,0,0,0,0,0,0,0,0,0,0,0,0,0,0,0,0,0,0,0,0,0,0,0,0,0,0,0,0,0,0,0,0,0,0,0,0.302,0,0,0,0,0,0,0,0,0,0,0,0,0,0,0,0,0,0,0,0,0,0,0,0,0,0.781,0,0,0,0,0,0,0,0,0,0,0,0,0,0,0,0,0,0,0,0,0,0,0,0,0,0.6,0,0,0,0.536,0,0,0,0,0,0,0,0.302,0,0,0,0,0,0,0,0,0,0,0,0,0,0,0,0,0,0.598,0,0,0,0,0,0,0,0,0,0,0,0,0,0,0,0,0,0.845,0,0,0,0,0,0,0,0,0,0,0,0,0,0,0,0,0,0,0,0.254,0,0,0,0.161,0,0,0,0,0,0,0,0,0,0,0,0,0,0,0,0,0,0,0,0,0,0,0,0,0,0,0,0,0,0,0,0,0,0,0,0,0,0,0,0,0.604,0,0,0,0,0,0,0,0,0,0,0,0,0,0,0.27,0.551,0,0,0.54,0,0.222,0,0,0,0,0,0,0,0,0,0,0,0,0.839,0,0,0,0,0,0,0,0,0,0,0,0,0,0,0,0,0,0,0,0,0.221,0,0,0,0,0,0,0,0,0,0.234,0,0,0,0,0,0,0,0,0,0,0,0,0,0,0.202,0,0,0,0,0,0,0.783,0,0,0,0,0,0,0,0,0,0,0,0,0,0,0,0,0,0,0,0,0,0,0,0,0,0,0,0,0,0,0,0,0,0,0,0,0,0,0,0,0,0,0.471,0,0,0,0,0,0,0,0,0,0,0,0,0,0,0.822,0,0,0,0,0,0,0,0,0,0,0,0,0,0.163,0,0,0,0,0,0,0,0,0,0,0,0,0,0,0,0,0,0,0,0,0,0,0,0,0,0,0,0,0,0,0,0,0,0,0,0,0,0,0,0,0,0.177,0,0,0,0,0,0,0,0,0,0,0,0,0,0,0,0,0,0,0,0,0,0,0,0,0.199,0,0.459,0,0,0,0,0,0,0,0.304,0,0,0,0,0.959,0,0,0,0,0,0,0,0,0,0,0,0,0,0,0,0,0,0,0,0,0,0.298,0,0,0,0,0,0,0,0,0,0,0,0,0,0,0,0,0,0,0,0,0,0,0,0,0,0,0,0.585,0,0,0,0,0,0,0,0,0,0,0,0,0,0,0,0,0,0,0,0,0,0,0,0,0,0,0,0,0,0,0,0,0,0,0,0.175,0,0,0,0,0,0,0,0,0,0,0,0,0,0,0,0,0,0,0,0,0,0,0,0,0,0,0,0,0,0,0,0,0,0,0,0,0,0,0,0,0,0,0,0,0,0,0.496,0,0,0,0,0.7,0,0,0,0,0,0,0,0,0,0,0,0,0,0,0,0,0,0,0,0,0,0,0,0,0,0,0,0,0,0,0.178,0.25,0,0,0,0,0,0,0,0,0,0,0,0,0,0,0,0,0,0,0,0,0,0,0,0,0,0,0,0,0,0,0,0,0,0,0,0,0,0,0,0.195,0,0,0,0,0,0,0,0,0,0,0,0,0,0,0,0,0,0,0,0,0,0,0,0,0,0,0,0,0,0,0,0,0,0,0.334,0,0.173,0,0,0,0,0.179,0,0,0,0,0,0,0,0,0,0,0,0,0,0,0,0,0,0,0,0,0,0,0,0.536,0,0,0,0,0,0,0,0,0,0,0,0,0,0,0,0,0,0,0,0,0,0,0,0,0,0,0.449,0,0,0,0,0,0,0,0.242,0,0,0,0,0,0,0,0,0,0,0,0,0,0,0,0,0.179,0,0,0,0,0,0,0,0,0,0,0,0,0,0,0,0,0,0.798,0,0,0,0,0,0,0,0,0,0,0,0,0,0,0,0,0,0,0,0,0,0,0,0,0,0,0,0,0.219,0,0,0,0,0.173,0,0,0,0,0,0,0.289,0,0.551,0,0,0,0,0,0,0,0,0,0,0,0,0,0.55,0.337,0.45,0,0,0,0,0,0,0,0,0,0,0,0,0,0,0,0,0,0,0,0,0,0,0,0,0,0,0,0,0,0.277,0,0,0,0,0,0,0,0,0,0,0,0,0,0,0,0,0,0,0,0,0,0,0,0,0,0.261,0,0,0,0,0,0,0,0,0,0,0,0,0.199,0,0.798,0,0,0,0,0,0,0,0,0,0,0,0,0,0,0,0,0,0,0,0.171,0,0,0,0,0,0,0,0,0,0,0,0,0.339,0,0,0,0,0.44,0,0,0,0,0,0,0,0,0,0,0,0,0,0,0,0,0,0,0,0,0,0,0,0,0,0,0,0,0,0,0,0,0,0,0,0,0,0,0,0,0,0,0,0,0,0,0,0,0,0,0,0,0,0,0,0,0,0,0,0,0,0,0,0,0,0,0,0,0,0,0.195,0,0,0,0,0,0,0,0,0,0,0,0,0,0,0,0,0,0,0,0,0.19,0,0,0.258,0,0,0,0,0,0,0,0.203,0,0,0,0,0,0.232,0,0,0,0,0,0,0,0,0,0,0,0,0,0,0,0,0,0,0,0,0,0,0,0,0,0,0,0,0,0,0,0,0,0,0,0,0,0,0,0,0,0,0,0,0,0,0,0,0,0,0,0,0,0,0,0,0,0,0,0,0,0.493,0,0,0,0,0,0,0,0,0,0,0,0,0,0,0,0,0,0,0,0,0,0,0.551,0,0,0,0,0,0,0,0,0,0,0,0,0,0,0,0,0,0,0,0,0,0,0,0,0,0.191,0,0,0,0,0,0,0,0,0,0,0,0,0,0,0,0,0,0,0,0,0,0,0,0,0,0,0,0,0,0,0,0,0,0,0,0,0,0,0,0,0,0,0,0,0,0,0,0,0,0.333,0,0,0,0.284,0,0,0,0,0,0,0,0,0,0,0,0,0,0,0,0.172,0,0,0,0,0,0,0,0,0,0,0,0,0,0,0,0,0,0,0,0,0,0,0,0,0,0,0,0,0,0,0,0,0.372,0,0.302,0,0,0,0,0,0,0,0,0,0,0,0,0,0,0,0,0,0,0,0,0,0,0,0,0,0,0,0,0,0,0.323,0,0,0,0,0,0,0,0,0,0,0,0,0,0,0.19,0.211,0,0,0,0,0,0,0,0,0.27,0,0,0,0,0,0,0,0.395,0,0,0,0,0,0,0,0,0,0,0,0,0,0,0,0,0,0,0,0,0,0,0,0,0,0,0,0,0,0,0.481,0,0,0,0,0,0,0.193,0,0,0,0,0.274,0,0,0,0,0,0,0,0,0,0,0,0,0,0,0,0,0,0,0,0,0,0,0,0,0,0,0,0,0,0,0,0,0,0,0,0,0,0,0,0,0,0,0,0,0,0,0,0,0,0,0,0,0,0,0,0,0,0,0,0,0,0,0,0.309,0,0,0,0,0,0,0,0,0,0,0,0,0,0,0,0,0,0,0,0,0,0,0,0,0,0,0,0,0,0,0,0,0,0,0,0,0,0,0,0,0,0,0,0,0,0,0,0.195,0,0,0,0,0,0,0,0,0,0,0,0,0,0,0,0,0,0,0,0,0,0,0,0,0,0,0,0,0,0,0,0,0,0,0,0,0,0,0,0,0,0,0,0,0,0,0,0,0,0,0,0,0,0,0,0,0,0,0,0,0,0,0,0,0,0,0,0,0,0,0,0,0,0,0,0,0,0,0,0,0,0,0,0,0,0,0,0,0,0,0,0,0,0,0,0,0,0,0,0,0,0,0,0,0,0,0,0,0,0,0,0,0,0,0,0,0,0,0,0,0,0,0,0,0,0,0,0,0,0,0,0,0,0.163,0,0,0,0,0,0,0,0,0,0,0,0,0,0,0,0,0,0,0,0,0,0,0,0,0,0,0,0,0,0,0,0,0,0,0,0,0,0,0,0,0,0,0,0,0,0,0,0,0,0,0,0,0,0,0,0,0,0,0,0,0,0,0,0,0,0,0,0,0,0,0,0,0,0,0,0,0,0,0,0,0,0.336,0,0.979,0,0,0,0,0,0,0,0,0,0,0,0,0,0,0,0,0,0,0,0,0,0,0,0,0,0,0,0,0,0,0,0,0,0,0,0,0,0,0,0,0,0,0.225,0,0,0,0.3,0,0,0,0,0,0,0,0,0,0,0,0,0,0,0.405,0,0,0,0,0,0,0,0,0,0,0,0.22,0,0,0,0,0,0,0,0,0,0,0,0,0,0,0,0,0,0,0,0,0,0,0,0,0,0,0,0,0,0,0,0.238,0,0,0,0,0,0,0,0,0,0,0.396,0,0,0,0,0,0,0,0,0,0,0,0,0,0,0,0,0,0,0,0,0,0,0,0,0,0,0,0,0,0,0,0,0,0,0,0,0,0,0,0,0,0,0,0,0,0,0,0,0,0,0,0,0,0,0,0,0,0,0,0,0,0,0,0,0,0,0,0,0,0.683,0,0,0,0,0,0,0,0,0.189,0,0,0,0,0,0,0,0,0,0,0,0,0,0,0,0,0,0,0,0,0,0,0,0,0,0,0,0,0,0,0,0,0,0,0,0,0,0,0,0,0,0,0,0,0,0,0,0,0,0,0,0,0,0,0,0,0,0,0,0,0,0,0,0,0,0,0,0,0,0,0,0,0,0,0,0,0,0,0,0,0,0,0,0,0,0,0,0,0,0,0,0,0,0,0,0,0,0,0,0,0,0,0,0,0,0,0,0,0,0,0,0,0,0,0,0,0,0,0,0,0,0,0,0,0,0,0,0,0,0,0,0,0,0,0,0,0,0,0,0,0,0,0,0,0,0,0,0,0,0,0,0,0,0,0,0,0,0,0,0,0,0,0,0,0,0,0,0,0,0,0,0,0,0,0,0,0,0,0,0,0,0,0,0,0,0,0,0,0,0,0,0,0,0,0,0,0,0,0,0,0,0,0,0,0,0,0,0,0,0,0,0,0,0,0,0,0,0,0,0,0,0,0,0,0,0,0,0,0,0,0,0,0,0,0,0,0,0,0,0,0,0,0,0,0,0,0,0,0,0,0,0,0,0,0,0,0,0,0,0,0,0,0,0,0,0,0,0,0,0,0,0,0,0,0,0,0,0,0,0,0,0,0,0,0,0,0,0,0,0,0,0,0.382,0,0,0,0,0,0,0,0,0,0,0,0,0,0,0,0,0,0,0,0,0,0,0,0,0,0,0,0,0,0,0,0,0,0,0,0,0,0,0,0,0,0,0,0,0,0,0,0,0,0,0,0,0,0,0,0,0,0,0,0,0,0,0,0,0,0,0,0,0,0,0,0,0,0,0,0,0,0,0,0,0,0,0,0,0,0,0,0,0,0,0,0,0,0,0,0,0,0,0,0,0,0,0,0,0,0,0,0,0,0,0,0,0,0,0,0,0,0,0,0,0,0,0,0,0,0,0,0,0,0,0,0,0,0,0,0,0,0,0,0,0,0,0,0,0,0,0,0,0,0,0,0,0,0,0,0,0,0,0,0,0,0,0,0,0,0,0,0,0,0,0,0,0,0,0,0,0,0,0,0,0,0,0,0,0,0,0,0,0,0,0,0,0,0,0,0,0,0,0,0,0,0,0,0,0,0,0,0,0,0,0,0,0,0,0,0,0,0,0,0,0.229,0,0,0,0,0,0.197,0,0,0,0,0,0,0,0,0,0,0,0,0,0,0,0,0,0,0,0,0,0,0,0,0,0,0,0,0,0,0,0,0,0,0,0,0,0,0,0,0,0,0,0.197,0,0,0,0,0,0,0,0,0,0,0,0,0,0,0,0,0,0,0,0,0,0,0,0,0,0,0,0,0,0,0,0,0,0,0,0,0,0,0,0,0,0,0,0,0,0,0,0,0,0,0,0,0,0,0,0,0,0,0,0,0,0,0,0.179,0,0,0,0,0,0,0,0,0,0,0,0,0,0,0,0,0,0,0,0,0,0,0,0,0,0,0.179,0,0,0,0,0,0,0,0,0,0,0,0,0,0,0,0,0,0,0,0,0,0,0,0,0.668,0,0,0,0,0,0,0,0,0,0,0,0,0,0,0,0,0.313,0,0,0,0,0,0,0,0,0,0,0,0,0,0,0,0,0,0,0,0,0,0,0,0,0,0,0,0,0,0,0,0,0,0,0,0,0,0,0,0,0,0,0,0,0,0,0,0,0,0,0,0,0,0,0,0,0,0,0,0,0,0,0,0,0,0,0,0,0,0,0,0,0,0,0,0,0,0,0,0,0,0,0,0,0,0,0,0,0,0,0,0,0.907,0,0,0,0,0,0,0,0,0,0,0,0.414,0,0,0,0,0,0,0,0,0,0,0,0,0,0,0,0,0,0,0,0,0,0,0,0,0,0,0,0,0,0,0,0,0,0,0,0,0,0,0,0,0,0,0,0,0,0,0,0,0,0,0.964,0,0,0,0,0,0,0.199,0,0,0,0,0,0,0,0,0,0,0,0,0,0,0,0,0,0,0,0,0,0,0,0,0,0,0,0,0,0,0,0,0.959,0,0,0,0,0,0,0,0,0,0,0,0,0,0,0,0,0,0,0,0,0,0,0.192,0,0,0,0,0,0,0,0,0,0,0,0,0,0,0,0,0,0.154,0,0,0,0.217,0,0,0,0,0,0,0,0,0,0,0,0,0,0,0,0,0,0,0,0,0,0,0,0,0,0,0,0,0,0,0,0,0,0,0,0,0,0,0,0,0,0,0,0,0,0,0,0,0,0,0,0,0,0.199,0,0,0,0.177,0,0,0,0,0,0,0,0,0,0,0,0,0,0,0,0,0,0,0,0,0,0,0,0,0,0.787,0,0,0,0,0,0,0.187,0,0,0,0,0,0,0,0,0,0,0,0,0,0,0,0,0,0,0,0,0,0,0,0,0,0,0,0,0,0,0,0,0,0,0,0,0,0.302,0,0,0,0,0,0,0,0,0.445,0,0.307,0,0,0,0,0,0,0.276,0,0,0,0,0.376,0,0,0,0,0,0,0,0,0,0,0,0,0,0,0,0.163,0,0,0,0,0,0,0,0,0,0,0,0,0,0,0,0,0,0,0,0,0,0,0,0,0,0,0,0,0,0,0,0,0,0,0,0,0,0,0,0,0,0,0,0,0,0,0,0,0,0,0,0,0,0,0,0,0,0,0,0,0,0,0,0,0,0,0,0,0,0,0,0,0,0,0,0,0,0,0,0,0,0,0,0,0,0,0,0,0,0,0,0,0,0,0,0,0,0,0,0,0,0,0,0,0,0,0,0,0,0,0,0,0,0,0,0,0,0,0,0,0,0.955,0,0,0,0,0,0,0,0,0,0,0,0,0,0,0,0,0,0,0,0,0,0,0,0,0,0,0,0,0,0,0,0,0,0,0,0,0,0,0,0,0,0,0,0,0,0,0,0,0,0,0,0,0,0,0,0,0,0,0.571,0,0,0,0,0,0,0,0,0,0,0,0,0,0,0,0,0,0,0,0,0,0,0,0,0,0,0,0,0,0,0,0,0,0,0,0,0,0,0,0,0,0,0,0,0,0,0,0,0,0,0,0,0,0,0,0,0,0,0,0,0,0,0,0,0,0,0,0,0,0,0,0,0,0,0,0,0,0,0,0,0,0,0,0,0,0,0,0,0,0,0,0,0,0,0,0,0,0,0,0,0,0,0,0,0,0,0,0,0,0,0,0,0.319,0,0,0,0,0,0,0,0,0,0,0,0,0,0,0,0,0,0,0,0,0,0,0,0,0,0,0,0,0,0,0,0,0,0,0,0,0,0,0,0,0,0,0,0,0,0,0,0,0,0,0,0,0,0,0,0,0,0,0,0,0,0,0,0,0,0,0,0,0.298,0,0.888,0,0,0,0,0,0,0,0,0,0,0,0,0,0,0,0,0,0,0,0,0,0,0,0,0,0,0,0,0,0,0,0,0,0,0,0,0,0,0,0,0,0,0,0,0,0,0,0,0,0,0,0,0,0,0,0,0,0,0,0,0,0,0,0,0,0,0,0,0,0,0,0,0,0,0,0,0,0,0,0,0,0,0,0,0,0,0,0,0,0,0,0,0,0,0,0,0,0,0,0,0,0,0,0,0,0,0,0,0,0,0,0,0,0,0,0,0,0,0,0,0,0,0,0,0,0,0,0,0,0,0,0,0,0,0,0,0,0,0,0,0,0,0,0,0,0,0,0,0,0,0,0,0,0,0,0,0,0,0,0,0,0,0,0,0,0,0,0,0,0,0,0,0,0,0,0,0,0,0,0,0,0,0,0,0,0,0,0,0,0,0,0,0,0,0,0,0,0,0,0,0,0,0,0,0,0,0,0,0,0,0,0,0,0,0,0,0,0,0,0,0,0,0,0,0,0,0,0,0,0,0,0,0,0,0,0,0,0,0,0,0,0,0,0,0,0,0,0,0,0,0,0,0,0,0,0,0,0,0,0,0,0,0,0,0,0,0,0,0,0,0,0,0,0,0,0,0,0,0,0,0,0,0,0,0,0,0,0,0,0,0,0,0,0,0,0,0,0,0,0,0,0,0,0,0,0,0,0,0,0,0,0,0,0,0,0,0,0,0,0,0,0,0,0,0,0,0,0,0,0,0,0,0,0,0,0,0,0,0.191,0,0,0,0,0,0,0,0,0,0,0,0,0,0,0,0,0,0,0,0,0,0,0,0,0,0,0,0,0,0,0,0,0,0,0,0,0,0,0,0,0,0,0,0,0,0,0,0,0,0.209,0,0,0,0,0,0.513,0,0,0,0,0,0,0,0,0,0,0,0,0,0,0,0,0,0,0,0,0,0,0,0,0,0,0,0,0,0,0,0,0,0,0,0,0,0,0,0,0,0,0,0,0,0,0,0,0,0.239,0,0,0,0,0,0,0,0,0,0,0,0,0,0,0,0,0,0.246,0,0,0,0,0,0,0,0,0,0,0,0,0,0,0,0,0,0,0,0,0,0,0,0,0,0,0,0,0,0.394,0,0,0,0,0,0,0,0,0,0,0,0,0,0,0,0,0,0,0,0,0,0,0,0,0,0,0,0,0,0,0,0,0,0,0,0,0,0,0,0,0,0,0,0,0,0,0,0,0,0,0,0,0,0,0,0,0,0,0,0,0,0,0,0,0,0,0,0,0,0,0,0,0,0,0,0,0,0,0,0,0,0,0,0,0,0,0,0,0,0,0,0,0,0,0,0,0,0,0,0,0,0,0,0,0,0,0,0,0,0,0,0,0,0,0.201,0,0,0,0,0,0,0,0,0,0,0,0,0,0,0,0,0,0,0,0,0,0,0,0,0,0,0,0,0,0,0,0,0,0,0,0,0,0,0,0,0,0,0,0,0,0,0,0,0,0,0,0,0,0,0,0,0,0,0,0,0,0,0,0,0,0,0,0,0,0,0,0,0,0,0,0,0,0,0,0,0,0,0,0,0,0,0,0,0,0,0,0,0,0,0,0,0,0,0,0,0,0,0,0,0,0,0,0,0,0,0,0,0,0,0,0,0,0,0,0,0,0,0,0,0,0,0,0,0,0,0,0,0,0,0,0,0,0,0,0,0,0,0,0,0,0,0,0,0,0,0,0,0,0,0,0,0,0,0,0,0,0,0,0,0,0,0,0,0,0,0,0,0,0,0,0,0,0,0,0,0,0,0,0,0,0,0,0,0,0,0,0,0,0,0,0,0,0,0,0,0,0,0,0,0,0,0,0,0,0,0,0,0,0,0,0,0,0,0,0,0,0,0.196,0,0,0,0,0,0,0,0,0,0,0,0,0,0,0,0,0.278,0,0,0,0,0,0,0,0,0,0,0,0,0,0,0,0,0.171,0,0,0,0,0,0,0,0,0,0,0,0,0,0,0,0,0,0,0,0,0,0,0,0
853590,0,0.216,0,0,0,0,0,0,0,0,0,0,0,0,0,0,0,0,0,0,0,0,0,0,0.195,0,0,0,0,0,0,0,0,0,0,0,0,0,0,0,0,0,0,0,0,0,0,0,0.644,0,0,0,0,0,0,0,0,0,0,0,0.154,0,0,0,0,0,0,0,0,0,0,0,0,0,0,0,0,0,0,0,0,0,0,0,0,0.154,0,0,0,0,0,0,0,0,0,0,0,0,0,0,0,0,0,0,0,0,0,0,0,0,0,0,0,0,0,0,0,0,0,0,0,0.16,0,0,0,0,0,0,0,0,0,0,0,0,0,0,0,0,0,0,0,0,0,0,0,0,0,0,0,0,0,0,0,0,0,0,0,0,0,0,0,0,0,0,0,0,0,0,0,0,0,0,0,0,0,0,0,0,0,0,0,0,0,0,0,0,0,0,0,0,0,0,0,0,0,0,0,0,0,0,0,0,0,0,0,0,0,0,0,0,0,0,0,0,0,0,0,0,0,0,0,0,0,0,0,0,0,0,0,0,0,0,0,0,0,0,0,0,0,0,0,0,0,0,0,0,0,0,0,0,0,0,0,0,0,0,0,0,0,0,0,0,0,0,0,0,0,0,0,0,0,0,0,0,0,0,0,0,0,0,0,0,0,0,0,0,0,0,0,0,0,0,0,0,0,0,0,0,0,0,0,0,0,0,0.228,0,0,0,0,0,0,0,0,0,0,0,0,0,0,0,0,0,0,0,0,0,0,0,0,0,0,0.23,0,0,0,0,0.175,0,0,0,0,0,0,0,0.215,0,0,0,0,0,0,0,0,0,0,0,0,0,0,0,0,0,0,0.189,0,0,0,0,0,0,0,0,0,0,0,0,0,0,0,0,0,0,0,0,0,0,0,0,0,0,0,0,0,0,0,0,0,0,0,0,0,0,0,0,0,0,0,0,0,0,0,0,0,0.15,0,0,0.176,0,0,0,0,0,0,0,0,0,0,0,0,0,0,0,0,0,0,0,0,0,0,0,0,0,0,0,0,0,0,0,0,0,0,0,0,0,0.172,0,0,0,0,0,0,0,0,0,0,0,0,0,0,0,0,0,0,0,0,0,0,0,0,0,0,0.226,0,0,0,0.301,0,0,0.171,0,0,0,0,0,0,0,0,0,0.334,0,0,0,0,0,0,0,0,0,0,0,0,0,0,0,0,0,0,0,0,0,0,0,0,0,0,0,0,0,0,0,0,0,0,0,0,0,0,0,0,0,0,0,0,0,0,0,0,0,0,0,0,0,0,0,0,0,0,0,0,0,0,0,0,0,0,0,0,0,0,0,0,0,0,0,0,0,0,0,0,0,0,0,0,0,0,0,0,0,0,0,0,0,0.179,0,0,0,0,0,0,0,0,0,0,0,0,0,0,0,0,0,0,0,0,0,0,0,0,0,0,0,0,0,0,0,0,0,0,0,0,0,0,0,0,0,0,0,0,0,0,0,0,0,0,0,0,0,0,0,0,0,0,0,0,0,0,0,0,0,0,0,0.279,0,0,0,0,0,0,0,0,0,0,0,0,0,0,0,0,0,0,0,0,0,0,0,0,0,0,0,0,0.309,0,0,0,0,0,0,0,0,0,0,0,0,0,0,0,0,0,0,0,0,0,0,0,0,0,0,0,0,0,0,0,0,0,0,0,0.167,0,0,0,0,0,0,0,0,0,0,0,0,0,0,0,0,0,0,0,0,0,0,0,0,0,0,0,0,0,0,0,0,0,0,0,0,0,0,0,0,0,0,0,0,0,0,0,0,0,0,0,0,0,0,0,0,0,0,0,0,0,0,0,0,0,0,0,0,0,0,0,0,0,0,0,0,0,0,0,0,0,0,0,0,0,0,0,0,0,0,0,0,0,0,0,0,0,0,0,0,0,0,0,0,0,0,0,0,0,0,0,0,0.492,0,0,0,0,0,0,0,0,0,0,0,0,0,0,0,0,0,0,0,0,0,0,0,0,0,0,0,0,0,0,0,0,0,0,0,0,0,0,0,0,0,0,0,0,0,0,0,0,0,0,0,0,0,0,0,0,0,0,0,0,0,0,0,0,0.23,0,0,0,0,0,0,0,0,0,0,0,0,0,0.538,0,0,0,0,0,0,0,0,0,0,0,0,0,0,0,0,0,0,0,0,0,0,0,0,0,0,0,0.233,0,0,0,0.203,0,0,0,0,0.179,0,0,0,0,0,0,0,0,0,0,0,0,0.216,0,0,0,0,0,0,0,0,0,0,0,0,0,0,0,0,0,0,0,0,0,0,0,0,0,0,0,0,0,0,0,0,0,0,0,0,0,0,0,0,0,0,0,0,0,0,0,0,0,0,0,0,0,0,0,0,0,0,0,0,0,0,0,0,0,0,0,0,0,0,0,0,0,0,0,0,0,0,0,0,0,0,0,0,0,0,0,0,0,0,0,0,0,0,0,0,0,0,0,0,0,0,0,0,0,0,0,0,0,0,0,0,0,0,0,0,0,0,0,0,0,0,0,0,0,0,0,0,0,0,0,0,0,0,0,0,0,0,0,0,0,0,0,0,0,0,0,0,0,0,0,0,0,0,0,0,0,0,0,0,0,0,0,0,0,0,0,0,0,0,0,0,0,0,0,0,0,0,0,0,0,0,0,0,0,0,0,0,0,0,0,0,0,0,0,0,0,0,0,0,0,0,0,0,0,0,0,0,0,0,0,0,0,0,0,0,0,0,0,0,0,0,0,0,0,0,0,0,0,0,0,0,0,0,0,0,0,0,0,0,0,0,0,0,0,0,0,0,0,0,0,0,0,0,0,0,0,0,0,0,0,0,0,0,0,0,0,0.69,0,0,0,0,0,0,0,0,0,0,0,0,0,0,0,0,0,0,0,0,0,0,0,0,0,0,0,0,0,0,0,0,0,0.353,0,0,0,0,0,0,0,0,0,0,0,0,0,0,0.23,0,0,0,0,0,0,0,0,0,0,0,0,0,0,0,0,0,0,0,0,0,0,0,0,0,0,0,0,0,0,0,0,0,0,0,0,0,0,0,0,0,0,0,0,0,0,0,0,0,0,0,0,0,0,0,0,0,0,0,0,0,0,0,0,0,0,0,0,0,0,0,0,0,0,0,0,0,0,0,0,0,0,0,0,0,0,0,0,0,0,0,0,0,0,0,0,0,0,0,0.166,0,0,0,0,0,0,0,0,0,0.61,0,0,0,0,0,0,0,0,0,0,0,0,0,0,0,0,0,0,0,0,0,0,0,0,0,0,0,0,0,0,0,0,0,0,0,0,0,0,0,0,0,0,0,0,0,0,0,0,0.198,0,0,0,0,0,0,0,0,0,0,0,0,0,0,0,0,0,0,0,0,0,0,0,0,0,0,0,0,0,0,0,0,0,0,0,0,0,0,0,0,0,0,0,0,0,0,0,0,0,0,0,0,0,0.159,0,0,0,0,0,0,0,0,0,0,0,0,0,0,0,0,0,0,0,0,0,0,0,0,0,0,0,0,0,0,0,0,0,0,0.203,0,0,0,0,0,0,0,0,0,0,0,0,0,0,0,0,0,0,0,0,0,0,0,0,0,0,0,0,0,0,0,0,0,0,0,0,0,0,0,0,0,0,0,0,0,0.184,0,0,0,0,0,0,0,0,0,0,0,0,0,0,0,0,0,0,0,0,0,0.301,0,0,0,0,0,0,0,0,0,0,0,0,0,0,0,0,0,0,0,0,0,0,0,0,0,0,0,0,0,0,0,0,0,0,0,0,0,0,0,0,0,0,0,0,0,0,0,0,0,0,0,0,0,0,0,0,0,0,0,0,0,0,0,0,0,0,0,0,0,0,0,0,0,0,0,0,0,0,0,0,0,0,0,0,0,0,0,0,0,0,0,0,0,0,0,0,0,0,0,0,0,0,0,0,0,0,0,0,0,0,0,0,0,0,0,0,0,0,0,0,0,0,0,0,0,0,0,0,0,0,0,0,0,0,0,0,0,0,0,0,0,0,0,0,0,0,0,0,0,0,0,0,0,0,0,0,0,0,0,0,0,0,0,0,0,0,0,0,0,0,0,0,0,0,0,0,0,0,0,0,0,0,0,0,0,0,0,0,0,0,0,0,0,0,0,0,0,0,0,0,0,0,0,0,0,0,0,0,0,0,0,0,0,0,0,0,0,0,0,0.162,0,0,0,0,0,0,0,0,0,0,0,0,0,0,0,0,0,0,0,0,0,0,0,0,0,0,0,0,0,0,0.543,0,0,0,0,0,0,0,0,0,0,0.202,0,0,0,0,0,0,0,0.612,0,0,0,0,0,0,0,0,0,0,0,0,0,0,0,0,0,0,0,0,0,0,0,0,0,0,0,0,0,0,0,0,0,0,0,0,0,0,0,0,0,0,0,0,0,0.187,0,0,0,0,0,0,0,0,0,0,0,0,0,0,0,0,0,0,0,0,0,0,0,0,0,0.193,0,0,0,0,0,0,0,0,0,0,0,0,0,0,0,0,0,0,0,0,0,0,0,0,0,0,0,0,0,0,0,0,0,0,0,0,0,0,0,0,0,0,0,0,0,0,0,0,0,0,0,0.167,0,0,0,0,0,0,0,0,0,0.205,0,0,0,0,0,0,0,0,0,0,0,0,0,0,0,0,0,0,0,0,0,0.226,0,0,0,0,0,0.184,0,0,0,0,0,0,0,0,0,0,0,0,0,0,0,0,0,0,0,0,0,0,0,0,0,0,0,0,0,0,0,0,0,0,0,0,0,0,0,0,0,0,0,0,0,0,0,0,0,0,0,0,0,0,0,0,0,0,0,0,0,0,0,0,0,0,0,0,0,0,0,0.198,0,0,0,0,0,0,0,0,0,0,0,0,0,0,0,0,0,0,0,0,0,0,0,0,0,0,0,0,0,0,0,0,0,0,0,0,0,0,0,0,0,0,0,0,0,0,0,0,0,0,0,0,0,0,0,0,0,0,0,0,0,0,0,0,0,0.512,0,0,0,0,0,0,0,0,0,0,0,0,0,0,0,0,0,0,0,0,0,0,0,0,0,0.165,0,0,0,0,0,0,0,0,0,0,0,0,0,0,0,0,0,0,0,0,0,0,0,0,0,0,0,0,0,0,0,0,0,0,0,0,0,0,0,0,0,0,0,0,0,0,0,0,0,0,0,0,0,0,0,0,0,0,0,0,0,0,0,0,0,0,0,0,0,0,0,0,0,0,0,0,0,0,0,0,0,0,0,0,0,0,0,0,0,0,0,0,0,0,0,0,0,0,0,0,0,0,0,0,0,0,0,0,0,0,0,0,0,0,0,0,0,0,0,0,0,0,0,0,0,0,0,0,0,0,0,0,0,0,0,0,0,0,0,0,0,0,0,0,0,0,0,0,0.189,0,0,0,0,0,0,0,0,0,0,0,0,0,0,0,0,0,0,0,0,0,0,0,0,0,0,0,0,0,0,0,0,0,0,0,0,0,0,0,0,0,0,0,0,0,0,0,0,0,0,0,0,0,0,0,0,0.271,0,0,0,0,0,0,0,0,0,0,0,0,0.522,0,0,0,0,0.175,0,0,0,0,0,0,0,0,0,0,0,0,0,0,0,0,0,0,0,0,0,0,0,0,0,0,0,0,0,0,0,0.251,0,0,0.175,0,0,0.252,0,0,0,0,0,0,0,0,0,0,0,0,0,0,0,0,0,0,0,0,0,0,0,0.173,0,0,0,0,0,0,0,0,0,0,0,0,0,0,0,0,0.266,0,0,0,0,0,0,0,0,0,0,0,0,0.243,0,0,0,0,0,0,0,0,0,0,0,0,0,0,0,0,0,0,0.245,0,0,0,0,0,0,0,0,0.642,0,0,0,0,0,0,0,0,0,0,0,0,0,0,0,0,0,0,0,0,0,0,0,0,0,0,0,0,0,0.184,0,0,0,0,0,0,0,0,0,0,0,0,0,0,0,0,0,0,0,0,0,0,0.237,0,0,0,0,0,0,0,0,0,0,0,0,0,0,0,0,0,0,0,0,0,0,0,0,0,0,0,0,0,0,0,0,0,0,0,0,0,0,0,0,0,0,0,0,0,0,0,0,0,0,0,0,0,0,0,0,0,0,0,0,0,0,0,0,0,0,0,0,0,0,0,0,0,0,0,0,0,0,0,0,0,0,0,0,0,0,0,0,0,0,0,0,0,0,0,0,0,0,0,0,0,0,0,0,0,0,0,0,0,0,0,0,0,0,0,0,0,0,0,0,0,0,0,0,0,0,0,0,0,0,0,0,0,0,0,0,0,0,0,0,0,0,0,0,0,0,0,0,0,0,0,0,0,0.238,0,0,0,0,0,0,0,0,0,0,0,0,0,0,0,0,0,0,0,0,0,0,0,0,0,0,0,0,0,0,0,0,0,0,0,0,0,0,0,0,0,0,0,0,0,0,0,0,0,0,0,0,0,0,0.192,0,0,0,0,0,0,0,0,0,0,0,0,0,0,0,0,0,0,0,0,0,0,0,0,0,0,0,0,0,0,0,0,0,0,0,0,0,0,0,0,0,0,0,0,0,0,0,0,0,0,0,0,0,0,0,0,0,0,0,0,0,0,0,0,0,0,0,0,0,0,0,0,0,0,0,0,0,0,0,0,0,0,0,0,0,0,0,0,0,0,0,0,0,0,0,0,0,0,0,0,0,0,0,0,0,0,0,0,0,0,0,0,0,0,0,0,0,0,0,0,0,0,0,0,0,0,0,0,0,0,0,0,0,0,0,0.151,0,0,0,0,0,0,0,0,0,0,0,0,0,0,0,0,0,0,0,0,0,0,0,0,0,0,0,0,0,0,0,0,0,0,0,0,0,0,0,0,0,0,0,0,0,0,0,0,0,0,0,0,0,0,0,0,0,0,0,0,0,0,0,0,0,0,0,0,0,0,0,0,0,0,0,0,0,0,0,0,0,0,0,0,0,0,0,0,0,0,0,0,0,0,0,0,0,0,0,0,0,0,0,0,0,0,0,0,0,0,0,0,0,0,0,0,0,0,0,0,0,0,0,0,0,0,0,0,0,0,0,0,0,0,0,0,0,0,0,0,0,0,0,0,0,0,0,0,0,0,0,0,0,0,0,0,0,0,0,0,0,0,0,0,0,0,0,0,0,0,0,0,0,0,0,0,0,0,0,0,0,0,0,0,0,0,0,0,0,0,0,0,0,0,0,0,0,0,0,0,0,0,0,0,0,0,0,0,0,0,0,0,0,0,0,0,0,0,0,0,0,0,0,0,0,0,0,0,0,0,0,0,0,0,0,0,0,0,0,0,0,0,0,0,0.194,0,0,0,0,0,0,0,0,0,0,0,0,0,0,0,0,0,0,0,0,0.325,0,0,0,0,0,0,0,0,0,0,0,0,0,0,0,0,0,0,0,0,0,0,0,0,0,0,0,0,0,0,0,0,0,0,0,0,0,0,0,0,0,0,0,0,0,0,0,0,0,0,0,0,0,0,0,0,0,0,0,0,0,0,0,0,0,0,0,0,0,0,0,0,0,0,0,0,0,0,0,0,0,0,0,0,0,0,0,0,0,0,0,0,0,0,0,0,0,0,0,0,0,0,0,0,0,0,0,0,0,0,0,0,0,0,0,0,0,0,0,0,0,0,0,0,0,0,0,0,0,0,0,0,0,0,0,0,0,0,0,0,0,0,0,0,0,0,0,0,0,0,0,0,0,0,0,0,0,0,0,0,0,0,0,0,0,0,0.332,0,0,0,0,0,0,0,0,0,0,0,0,0,0,0,0,0,0,0,0,0,0,0,0,0,0,0,0,0,0,0,0,0,0,0,0,0,0,0,0,0,0,0,0,0,0,0,0,0,0,0,0,0,0,0,0,0,0,0,0,0,0,0,0,0,0,0,0,0,0,0,0,0,0,0,0,0,0,0,0,0,0,0,0,0,0,0,0,0,0,0,0,0,0,0,0,0,0,0,0,0,0,0,0,0,0,0,0,0,0,0,0,0,0,0,0,0,0,0,0,0.256,0,0,0,0,0,0,0,0,0,0,0,0,0,0,0,0,0,0,0,0,0,0,0,0,0,0,0,0,0,0,0,0,0,0,0,0,0,0,0,0,0,0,0,0,0,0,0,0,0,0,0,0,0,0,0,0,0,0,0,0,0,0,0,0,0,0,0,0,0,0,0,0,0,0,0.273,0,0,0,0,0,0,0,0.173,0,0,0,0,0,0,0,0,0,0,0,0,0,0,0,0,0,0,0,0,0,0,0,0,0,0,0,0,0,0,0,0,0,0,0,0,0,0,0,0,0,0,0,0,0,0,0,0,0,0,0,0,0,0.191,0,0,0,0,0,0,0,0,0,0,0,0,0,0,0,0,0,0,0,0,0,0,0,0,0,0,0,0,0,0,0,0,0,0,0,0,0,0,0,0,0,0,0,0,0,0,0,0,0,0.198,0,0,0,0,0,0,0,0,0,0,0,0,0,0,0,0,0,0,0,0,0,0,0,0,0,0,0,0,0,0,0,0,0,0,0,0,0,0,0,0,0,0,0,0,0,0,0,0,0,0,0,0,0,0,0,0,0,0,0,0,0,0,0,0,0,0,0,0,0,0,0,0,0,0,0,0,0,0,0.228,0,0,0,0,0,0,0,0,0,0,0,0,0,0,0,0,0,0,0,0,0,0,0,0,0,0,0,0,0,0,0,0,0,0,0,0,0,0,0,0,0,0,0,0,0,0,0,0,0,0,0,0,0,0,0,0,0,0,0,0,0,0,0,0,0,0,0,0,0,0,0,0,0,0,0,0,0,0,0,0,0,0,0,0,0,0,0,0,0,0,0,0.262,0,0,0,0,0,0,0,0,0,0,0,0,0,0,0,0,0,0,0,0,0,0,0,0,0,0,0,0,0,0,0,0,0,0.173,0,0,0,0,0,0,0,0,0,0,0,0,0,0.181,0,0,0,0,0,0,0,0,0,0,0,0,0,0,0,0,0,0,0,0,0,0,0,0,0,0,0,0,0,0,0,0,0,0,0,0,0,0,0,0,0,0,0,0,0,0,0,0,0,0,0,0,0,0,0,0,0,0,0,0,0,0,0,0,0,0,0,0,0,0.193,0,0,0,0,0,0,0,0,0,0,0,0,0,0,0,0,0,0,0.176,0,0,0,0,0,0,0,0,0,0,0,0,0,0,0,0,0,0,0,0,0,0,0,0,0,0.681,0,0,0,0,0,0,0,0,0,0,0,0,0,0,0,0,0,0,0,0,0,0,0,0,0,0,0,0,0,0,0,0,0,0,0,0,0.198,0,0,0,0,0,0,0,0,0,0,0,0,0,0,0,0,0,0,0,0.286,0,0,0,0,0,0,0.228,0,0.168,0,0,0,0,0,0,0,0,0,0,0,0.447,0,0,0,0,0,0,0,0,0,0,0,0,0,0,0,0,0,0,0,0,0,0,0,0.166,0,0,0.172,0,0,0,0,0,0,0,0,0,0.184,0,0,0,0,0,0,0.16,0,0,0,0,0,0,0,0,0,0,0,0,0,0,0,0,0.258,0,0,0,0,0,0,0,0,0,0,0,0,0,0,0,0,0,0,0,0,0,0,0,0,0,0,0,0,0,0,0,0,0,0,0,0,0,0,0,0,0,0,0,0,0,0,0,0.279,0,0,0,0,0,0,0,0,0,0.298,0,0,0,0,0,0,0,0,0,0,0,0,0,0,0,0,0,0,0,0,0,0,0,0,0,0,0,0,0,0,0,0,0,0,0,0,0,0,0,0,0,0,0,0,0,0,0,0,0,0,0,0,0,0,0,0,0,0,0,0,0,0,0,0
852380,0,0,0,0,0,0,0,0,0,0.208,0,0,0,0,0,0,0,0,0,0.165,0,0,0,0,0,0,0,0,0,0,0,0,0,0,0.247,0,0,0,0,0,0,0,0,0,0,0,0,0,0,0,0,0.317,0,0,0,0.214,0.454,0,0,0,0,0,0,0,0,0,0,0,0,0,0.572,0,0,0,0,0,0,0,0,0,0,0,0,0,0,0,0.275,0,0.168,0,0,0,0,0,0,0.173,0,0,0,0,0,0,0,0,0,0,0,0,0,0,0.196,0,0,0,0,0,0,0,0.186,0,0,0,0,0,0,0,0,0,0,0,0,0,0,0,0,0,0,0,0,0,0.284,0,0,0,0,0,0,0,0,0,0,0,0,0,0,0,0,0,0,0,0,0,0,0,0,0,0,0,0,0,0,0,0,0,0,0,0,0,0,0,0,0,0,0,0.257,0,0.218,0,0,0,0,0,0,0,0,0,0,0,0,0,0,0.283,0.236,0,0.392,0,0.434,0.271,0,0.288,0,0,0,0.211,0,0,0,0,0,0,0.532,0,0,0,0,0,0.327,0,0,0.361,0,0,0.393,0,0.177,0,0.302,0,0,0,0,0,0,0,0,0,0,0.187,0,0,0,0,0,0,0,0,0,0,0,0,0,0,0,0,0,0,0,0,0,0,0,0,0,0,0,0.259,0,0,0,0.325,0,0,0,0.204,0,0.163,0,0,0.193,0,0,0,0,0,0,0,0,0,0,0,0.349,0.184,0,0,0,0,0,0,0,0.382,0,0,0,0,0.259,0.238,0,0.525,0,0,0,0,0,0,0.184,0,0,0,0,0.295,0,0,0,0,0,0,0,0,0,0,0,0,0,0,0.255,0.152,0,0,0,0,0,0,0,0.212,0,0,0,0,0,0,0,0,0,0,0,0,0,0,0,0,0.25,0.616,0,0,0,0,0,0,0,0.2,0,0,0,0.202,0,0.19,0,0,0,0,0,0,0,0,0,0,0,0,0.15,0,0.163,0,0,0,0,0,0,0,0,0.445,0,0.374,0,0,0,0,0,0,0,0,0,0,0,0,0,0.209,0,0,0,0,0,0,0,0,0,0,0,0,0,0,0,0,0,0,0,0,0,0,0,0.157,0.26,0,0.165,0,0,0,0.195,0,0,0.177,0,0,0.391,0,0,0,0,0,0,0,0,0,0,0.26,0,0,0.231,0,0.376,0.152,0,0,0,0.218,0.356,0.203,0,0,0,0,0,0,0,0,0,0,0,0,0,0,0,0,0,0,0,0,0,0,0,0,0,0,0,0.186,0,0,0.345,0,0,0,0,0,0,0,0,0,0,0,0,0,0,0,0,0,0,0,0,0,0.175,0.156,0.178,0,0,0,0,0,0,0,0,0,0.41,0,0,0,0,0,0,0,0,0,0,0,0.218,0,0,0,0,0,0,0,0,0,0,0,0.186,0,0,0,0,0,0.184,0,0,0,0,0,0,0,0,0,0,0,0,0,0,0,0,0,0,0,0,0,0,0,0.241,0.201,0,0,0,0,0,0,0,0,0,0,0,0,0,0,0.25,0,0,0,0.164,0,0,0,0,0,0,0,0,0.511,0.245,0,0,0,0,0,0,0,0,0.176,0,0,0,0,0,0,0,0,0,0,0.28,0,0,0,0,0,0,0,0,0,0,0.405,0,0,0,0,0,0,0,0,0,0.189,0,0,0,0,0,0,0,0.189,0,0,0,0.203,0,0,0,0.192,0,0.189,0,0,0,0,0,0,0,0.214,0,0,0,0,0,0,0,0.548,0,0,0,0,0,0,0,0.244,0.339,0.179,0,0,0,0,0,0,0,0,0,0.356,0,0,0.344,0,0,0.173,0,0,0,0,0,0.163,0,0.351,0,0,0,0.49,0,0,0.422,0,0.214,0,0,0,0,0,0,0,0,0,0,0,0,0,0,0,0,0,0,0,0,0,0,0,0.227,0,0,0.162,0,0,0,0,0,0,0,0,0,0,0,0.176,0,0,0,0,0,0,0,0,0,0,0,0,0.406,0.408,0,0,0,0,0,0,0,0,0.23,0.382,0,0,0.163,0,0,0,0.392,0,0,0,0,0,0,0,0,0,0,0,0.286,0,0,0.189,0,0,0,0,0,0,0,0,0,0,0,0.255,0.287,0,0,0.176,0,0,0,0,0,0,0,0,0.163,0,0,0.309,0.502,0.383,0,0,0,0,0,0,0,0,0,0,0,0,0,0,0.206,0,0.449,0.26,0,0,0,0,0,0,0,0,0.18,0,0,0,0,0,0,0,0,0,0,0,0,0,0.186,0,0,0.345,0,0,0,0,0,0.184,0,0,0.589,0,0,0.158,0,0,0,0.309,0,0,0,0.356,0,0.338,0,0,0,0,0,0,0,0,0,0.169,0,0,0,0,0,0,0.156,0.401,0.171,0,0,0,0,0,0,0,0,0.319,0,0,0,0,0,0,0,0.153,0.188,0.202,0,0,0,0,0,0,0,0,0,0,0,0,0,0,0,0,0.176,0,0,0,0,0,0,0,0,0,0.195,0.155,0,0,0,0,0,0.166,0.156,0,0,0,0,0.153,0,0.151,0,0,0,0,0,0,0,0,0,0,0,0,0.521,0,0,0,0,0,0,0,0,0.273,0,0,0,0,0,0,0,0,0,0.323,0,0,0,0,0,0,0,0,0,0,0,0,0,0,0.151,0,0,0,0,0,0,0,0.211,0,0,0,0,0,0,0,0,0,0.367,0,0,0,0,0,0,0,0,0,0,0,0.667,0,0,0,0,0,0,0,0,0,0,0.175,0,0.175,0,0,0,0,0,0,0,0,0,0,0,0,0,0.322,0,0,0,0,0,0,0,0,0,0,0,0,0,0,0,0,0,0,0.293,0,0,0,0,0,0,0,0.255,0,0.376,0,0.25,0,0,0,0,0,0,0,0.293,0,0.25,0,0,0,0,0.211,0,0.179,0,0,0,0,0,0,0,0,0,0,0,0,0,0.315,0,0,0,0,0,0,0,0,0,0,0,0,0,0,0,0,0,0,0,0,0.358,0,0,0,0,0.163,0,0,0,0.428,0.212,0,0,0,0,0,0,0,0.276,0,0,0.94,0,0,0,0,0,0,0,0,0,0,0,0,0.61,0,0,0,0,0,0,0,0,0,0,0,0,0,0,0,0,0,0,0,0,0,0,0,0,0,0,0,0,0,0,0,0,0,0,0,0,0,0,0.231,0,0,0,0,0,0,0,0.175,0,0,0,0,0,0,0,0,0,0,0,0,0,0,0,0,0,0,0,0,0,0,0,0,0,0,0,0,0,0,0,0,0,0,0,0,0,0,0,0,0,0,0,0,0,0,0,0,0,0,0,0,0,0,0,0,0,0,0,0,0,0.189,0.263,0,0,0,0,0,0,0.323,0,0,0,0,0,0,0.184,0,0,0,0,0,0,0,0,0,0.544,0,0,0,0,0,0,0.228,0,0,0.307,0,0,0,0,0,0,0,0,0,0,0,0,0,0,0,0,0,0,0,0,0,0,0,0,0,0,0,0,0.203,0.81,0,0,0,0,0,0.225,0,0,0,0,0,0,0,0,0,0,0,0,0,0,0,0,0,0,0,0,0,0,0,0.257,0,0,0,0,0,0.186,0,0,0,0,0,0.172,0,0,0,0,0,0,0,0,0,0,0,0,0.288,0,0,0,0,0,0,0,0.272,0,0,0,0,0,0,0,0,0,0,0.242,0,0,0,0.364,0,0,0,0,0,0,0,0,0,0,0,0,0,0,0.288,0,0,0,0,0,0,0,0,0,0,0,0,0,0,0.279,0,0,0,0.269,0,0,0,0,0.358,0,0,0,0.211,0,0,0,0,0,0,0,0,0,0,0,0,0,0,0,0,0,0,0,0,0,0.254,0,0,0,0,0,0,0.24,0,0,0,0.175,0,0,0,0,0,0,0,0,0,0,0,0,0,0,0,0,0,0,0,0,0,0,0,0,0,0,0,0,0,0,0,0,0.233,0,0,0,0,0,0,0,0,0,0,0,0,0,0,0,0,0,0,0,0,0,0,0,0,0,0,0,0.489,0,0,0.404,0,0,0,0,0,0,0,0,0,0,0,0,0,0,0,0,0,0,0,0,0,0,0.338,0,0,0,0,0,0,0,0,0,0,0,0,0,0,0,0,0,0,0,0,0,0,0.296,0,0,0,0,0,0,0,0,0,0,0.311,0,0,0,0,0,0,0,0,0,0,0,0,0,0.261,0,0,0,0,0,0,0,0,0,0,0,0,0,0,0,0,0,0,0,0,0,0,0,0,0,0,0,0.152,0,0,0,0,0,0,0,0.16,0,0,0,0,0,0,0,0,0.222,0,0,0,0,0,0,0,0,0,0,0,0,0,0,0,0,0,0,0,0,0,0,0,0.216,0,0,0,0,0,0.392,0,0,0,0,0,0,0,0,0,0,0,0.179,0,0,0,0,0,0,0,0,0,0.296,0,0,0,0,0,0,0,0,0,0,0,0,0,0,0,0,0,0,0,0,0,0,0,0,0,0,0,0,0,0,0,0,0,0,0,0,0,0,0,0,0,0,0,0,0,0,0,0.292,0,0,0,0,0,0,0,0,0,0,0,0,0,0,0,0,0,0,0,0,0,0,0,0,0,0.266,0.211,0,0,0.33,0,0,0,0,0,0,0,0,0,0,0.243,0.195,0,0,0,0.262,0,0,0,0,0,0,0,0,0,0,0.165,0,0,0,0.417,0,0,0,0,0,0,0,0,0,0,0,0,0,0.198,0,0,0.229,0,0.309,0,0,0,0,0,0,0,0,0,0,0,0,0,0,0,0,0,0,0,0,0,0,0,0,0,0,0,0,0,0,0,0,0,0.175,0,0,0,0,0,0,0,0,0.307,0,0,0,0,0,0,0,0,0.581,0,0,0,0,0,0,0,0,0,0,0,0,0,0,0,0,0,0,0,0.151,0,0,0,0,0,0,0,0,0,0,0.767,0,0,0.287,0,0,0,0,0,0,0,0,0.238,0,0,0,0,0,0,0,0,0.179,0,0,0.197,0,0,0,0,0.223,0,0,0,0.5,0,0.65,0,0.375,0,0,0,0,0,0,0,0,0,0,0,0,0,0,0,0,0,0,0,0,0.514,0,0,0.173,0,0,0,0,0,0,0,0.251,0,0,0,0,0,0,0,0,0,0,0,0,0,0,0,0,0,0,0,0,0,0,0,0,0,0,0,0,0,0,0,0,0,0,0,0,0,0,0,0,0,0,0,0,0,0,0,0,0,0,0,0,0,0,0,0,0,0,0,0,0,0,0,0.181,0,0,0,0,0,0.173,0,0,0,0.181,0,0,0,0,0,0,0,0,0,0,0,0,0,0,0,0,0,0,0,0,0,0.759,0,0,0,0,0,0,0,0,0,0,0,0,0,0,0,0,0,0,0,0,0.173,0,0,0,0,0,0.351,0,0,0,0,0,0,0,0,0,0,0,0,0,0,0,0,0,0,0,0,0,0,0,0,0,0,0,0,0,0,0,0,0,0,0,0,0,0,0,0.315,0,0,0,0.249,0,0,0,0,0,0.234,0,0,0,0,0,0,0,0,0,0,0,0,0,0,0,0,0,0,0,0,0,0,0,0.593,0,0.672,0,0,0,0,0,0,0,0,0.768,0,0,0,0.529,0,0,0,0,0,0,0,0,0,0,0,0,0,0,0,0,0,0,0,0,0.413,0,0,0,0,0,0,0,0,0.315,0,0,0.194,0,0,0,0,0,0,0.204,0,0,0,0,0,0,0,0,0,0,0,0,0,0,0,0,0.282,0,0,0,0,0,0,0,0,0,0,0,0,0.77,0,0,0,0,0,0,0,0,0,0,0,0,0,0,0,0,0,0.198,0,0,0.315,0,0,0,0,0,0,0,0,0,0,0,0,0,0,0,0,0,0,0,0,0,0,0,0,0,0,0,0,0,0,0,0,0,0,0,0,0,0,0,0,0,0,0,0,0,0,0,0,0,0,0,0,0,0,0,0,0,0,0,0,0,0,0,0,0,0,0,0.169,0,0,0,0,0,0,0,0,0,0,0.171,0.212,0,0,0,0,0,0,0,0.637,0.171,0,0,0,0,0,0.191,0,0,0,0,0,0,0,0,0,0,0,0,0,0,0,0,0,0,0,0,0,0,0,0,0,0.228,0,0,0,0,0,0.361,0,0,0,0,0,0,0,0,0,0,0,0,0.445,0,0,0,0,0,0,0,0,0,0,0,0,0,0,0,0,0,0,0,0,0,0,0,0,0,0,0,0,0,0,0,0,0,0,0,0,0,0,0,0,0,0,0.36,0,0,0,0,0,0,0,0,0,0,0,0,0,0,0,0,0.245,0,0,0,0,0,0,0,0,0,0.223,0.208,0,0,0,0,0,0,0,0,0,0,0,0,0,0,0,0,0,0,0,0,0,0,0,0,0,0,0,0,0,0,0,0.236,0,0,0,0,0,0,0,0,0,0,0,0,0,0,0,0,0,0.208,0,0,0,0,0,0,0,0,0,0,0,0,0,0,0,0,0,0,0,0,0,0,0,0,0,0,0,0,0,0,0,0,0,0,0,0,0,0,0,0,0.27,0,0,0,0,0,0,0,0,0,0,0,0,0,0,0,0,0,0,0,0,0,0,0,0.49,0,0,0,0,0,0,0,0,0,0.309,0,0.697,0,0,0,0,0,0.156,0,0,0.179,0,0,0,0,0.28,0,0.383,0,0,0.401,0,0,0,0.347,0,0,0,0,0.222,0,0,0,0,0.364,0,0,0,0,0,0,0,0,0,0,0,0,0,0.427,0,0,0,0,0,0,0.324,0,0.228,0,0,0,0,0,0,0,0,0,0,0,0.173,0.432,0.57,0,0.198,0.662,0.382,0,0.345,0.258,0,0,0.313,0,0.269,0,0,0,0.173,0,0,0,0.37,0.183,0,0,0,0.23,0,0,0,0.349,0,0.268,0,0.349,0,0,0,0.261,0,0,0.295,0.396,0.206,0.195,0,0.327,0,0.238,0.368,0.553,0.183,0,0,0.323,0.262,0.416,0.341,0,0.395,0,0.173,0.324,0.271,0.205,0.26,0,0,0,0,0,0,0,0,0,0,0,0,0,0,0.368,0,0,0.245,0.213,0,0,0,0,0,0.292,0.368,0,0,0.368,0,0,0,0.226,0.347,0,0.877,0,0.315,0,0,0.318,0.317,0.507,0,0,0.22,0,0,0,0,0,0,0.599,0,0,0,0,0,0,0.209,0.327,0.323,0.432,0,0,0,0,0.203,0,0,0,0,0,0,0,0.249,0,0,0.662,0.274,0.404,0,0,0.312,0.401,0.312,0,0.201,0,0,0,0,0,0,0,0,0,0.235,0.317,0,0,0,0,0,0,0,0,0,0,0,0,0,0,0,0,0,0.154,0,0,0,0,0,0,0,0.237,0,0,0,0,0,0,0,0,0,0,0,0,0,0,0,0,0,0.175,0,0,0,0,0,0,0,0.179,0,0,0,0,0,0,0,0,0,0,0,0,0,0,0,0,0,0,0,0,0,0,0,0.179,0,0,0,0,0,0,0,0,0,0,0,0,0,0,0,0,0,0,0,0,0,0,0.387,0,0,0,0,0.266,0,0,0,0,0,0,0,0.26,0.345,0,0,0,0,0,0,0,0,0,0,0,0.371,0,0,0.815,0.373,0,0,0,0,0.486,0,0,0,0,0,0,0.288,0,0.457,0,0,0,0,0,0,0.23,0,0.194,0,0,0,0,0,0,0,0.295,0,0,0,0,0.396,0,0,0,0.157,0,0,0.322,0,0,0,0,0,0.26,0,0,0,0.188,0,0,0,0,0,0,0,0,0,0,0,0,0,0.413,0,0,0,0,0,0,0,0,0,0,0,0,0,0,0,0,0,0,0,0,0,0,0,0,0.195,0,0,0,0,0,0,0,0,0,0,0,0,0,0,0,0.203,0.269,0,0,0,0,0,0,0,0,0,0,0,0,0,0,0,0,0,0,0,0,0,0.194,0,0.204,0,0,0,0,0,0,0,0.296,0,0,0.237,0,0.151,0,0,0,0,0,0,0,0,0,0.198,0,0,0,0,0,0,0,0,0,0,0,0,0,0,0,0,0,0,0,0,0,0,0,0,0,0,0,0,0,0,0,0,0,0,0,0,0.194,0,0,0,0,0,0,0,0,0,0,0,0,0,0,0,0,0,0,0,0,0,0,0,0,0,0,0,0,0,0,0,0,0,0.192,0,0,0,0,0,0,0,0,0,0,0,0,0,0,0,0,0,0,0.381,0,0,0,0,0,0,0,0,0,0,0.245,0,0.205,0,0,0,0.31,0,0,0,0,0,0,0,0,0,0,0,0,0,0,0,0,0,0,0,0,0,0,0,0,0,0,0,0,0,0,0,0,0,0,0,0,0,0,0,0.262,0,0,0,0,0,0,0,0,0,0,0,0,0,0.228,0,0,0,0,0,0,0,0,0,0,0,0,0,0.154,0,0,0,0,0,0,0,0,0,0,0,0,0,0,0,0,0,0,0,0,0,0,0,0,0,0,0,0,0,0,0,0,0,0,0,0,0,0,0,0,0,0,0,0.247,0,0,0,0,0,0,0,0,0,0,0,0,0,0,0,0,0,0,0,0,0,0,0,0,0,0,0,0,0,0.223,0,0,0,0,0,0,0,0,0,0,0,0,0,0,0,0,0,0,0,0,0,0,0,0,0,0,0,0,0,0,0,0.58,0,0,0,0,0,0,0.479,0,0,0,0,0,0.227,0,0,0,0.198,0.238,0,0,0,0,0,0.339,0,0,0,0,0,0,0,0,0,0,0,0,0,0,0,0,0,0,0,0.229,0,0,0,0,0,0,0.479,0,0,0,0.516,0,0,0,0,0,0,0,0.202,0,0,0,0,0,0,0,0,0,0,0,0,0,0,0,0,0,0,0,0,0,0,0,0,0,0,0,0,0,0,0,0,0,0,0,0,0,0,0,0,0,0,0,0,0,0,0,0,0,0,0,0,0,0,0,0,0,0,0,0,0,0,0,0,0,0,0,0,0,0,0.151,0,0,0.175,0,0,0,0,0,0,0,0,0,0,0,0,0,0,0,0,0,0.22,0,0,0,0,0,0,0,0,0,0,0,0,0,0,0,0,0,0,0,0,0,0,0,0,0,0,0,0,0,0,0,0,0,0,0,0,0,0,0,0,0,0,0.152,0,0,0,0,0,0,0,0,0,0,0,0,0,0,0,0,0,0,0,0,0,0,0,0,0,0,0,0,0,0,0,0.259,0,0,0,0,0,0.193,0,0,0,0,0,0,0,0,0,0,0,0,0,0,0.157,0,0,0,0,0,0,0,0,0.163,0,0,0.483,0,0,0,0,0,0,0,0,0,0,0,0,0,0,0,0,0,0,0,0,0,0,0,0,0.176,0,0,0,0,0,0,0,0,0,0,0,0,0,0,0,0,0,0,0,0,0,0,0,0,0,0,0,0,0,0,0,0,0,0,0,0,0,0,0,0,0,0,0,0,0,0,0,0,0,0,0,0,0,0,0,0,0,0,0,0,0,0,0,0.585,0,0,0,0,0,0,0,0,0,0,0,0,0,0,0,0,0,0,0,0,0,0,0,0,0,0,0,0,0,0,0,0,0,0,0,0,0,0,0,0,0,0,0,0,0,0,0,0,0,0,0,0,0,0,0.245,0,0,0,0,0,0,0,0,0,0,0,0,0,0,0,0,0.181,0.192,0,0,0,0,0,0,0,0,0,0,0,0,0,0,0,0,0,0,0,0,0,0,0,0,0,0,0,0,0,0,0,0,0,0,0.205,0,0,0,0,0,0,0,0,0,0,0,0,0,0,0,0,0,0,0,0,0,0,0,0,0,0,0,0.171,0,0,0,0,0,0,0.154,0,0,0,0,0,0,0,0,0,0,0,0,0,0,0,0,0,0,0,0.194,0,0,0,0,0,0,0,0,0,0,0,0,0,0,0,0.267,0,0,0,0,0,0,0,0,0,0,0,0,0,0,0,0,0,0,0,0,0,0,0,0,0,0,0,0,0,0,0,0,0,0,0,0,0,0,0,0,0,0,0,0,0,0,0,0,0,0,0,0.265,0,0,0,0,0.169,0,0,0,0,0,0.297,0,0,0,0,0,0,0,0,0,0,0,0,0,0,0,0,0,0,0,0,0,0,0,0,0,0,0,0,0,0,0,0,0,0,0,0,0,0,0,0,0,0,0,0,0,0,0,0,0,0,0,0,0,0,0,0,0,0,0,0,0,0,0,0,0,0,0,0,0,0,0,0,0,0,0,0,0.205,0,0,0,0,0,0,0,0,0,0,0,0,0,0,0,0,0,0.289,0,0,0,0,0,0,0,0,0.358,0,0,0,0,0,0,0,0,0,0,0,0,0,0,0,0,0,0,0,0.247,0,0,0,0,0,0,0,0,0,0,0,0,0,0,0,0,0,0,0,0,0.272,0,0,0,0,0,0,0,0,0,0,0,0,0,0,0,0,0,0,0,0,0
856741,0.18,0.188,0.286,0.233,0,0,0,0.487,0.218,0.157,0.2,0.188,0,0,0,0.888,0.874,0,0.558,0,0,0,0,0,0.197,0,0.45,0,0.508,0,0,0,0.24,0.163,0.999,0,0,0,0.236,0,0,0,0,0,0.284,0.718,0,0.245,0,0,0.186,0,0,0.289,0,0,0,0.335,0.214,0,0.207,0,0,0,0.173,0.172,0,0.307,0.918,0,0.202,0.924,0,0.226,0,0.962,0.572,0,0.951,0,0.225,0,0,0.268,0,0.205,0,0,0.433,0,0.402,0,0,0.272,0.188,0,0.937,0.199,0.226,0.345,0,0,0.93,0,0,0.913,0.199,0.159,0,0,0,0,0,0,0,0,0,0,0.642,0,0,0.284,0,0,0,0,0,0,0,0,0,0,0,0,0,0.931,0,0.364,0.457,0.458,0,0,0.225,0,0,0.63,0,0,0,0,0,0,0,0.412,0,0.38,0,0,0.268,0.666,0,0,0.197,0.722,0.236,0,0,0,0,0,0,0.719,0,0,0,0.901,0,0.475,0,0.211,0.381,0.977,0,0,0,0,0,0,0,0,0,0,0,0,0.519,0,0,0,0,0,0,0,0,0,0,0.229,0,0,0,0,0,0,0.463,0,0,0,0,0,0,0,0,0,0,0,0,0,0,0,0,0,0,0,0,0,0,0,0,0,0,0.223,0,0,0,0,0,0,0,0.428,0,0,0,0,0.252,0,0,0,0,0,0,0,0,0,0,0,0,0,0,0,0,0,0,0,0,0,0,0,0,0,0,0,0,0,0,0,0,0,0,0,0.696,0,0,0,0,0,0,0,0,0,0,0,0,0.192,0,0,0,0,0.55,0,0,0,0,0,0,0,0,0,0,0,0,0,0,0,0,0,0.475,0,0,0,0,0,0,0,0,0,0,0,0,0,0,0.231,0,0,0,0.174,0,0.17,0,0,0,0,0,0,0,0,0.171,0.251,0,0,0.368,0,0,0,0,0,0,0,0.325,0,0,0,0.184,0,0.274,0.316,0,0,0,0,0,0,0,0,0,0,0,0,0,0,0,0,0,0,0.38,0,0,0,0,0,0,0,0,0,0,0,0,0,0,0,0,0,0,0,0,0,0,0,0,0,0,0,0,0.161,0,0,0,0,0,0,0,0,0.188,0,0,0,0,0,0,0,0.228,0.195,0,0.344,0,0.238,0,0.389,0.409,0,0,0,0,0,0.182,0,0.187,0,0,0,0,0,0,0,0.254,0,0,0,0,0,0,0,0,0,0,0,0,0,0,0,0,0,0,0,0,0,0,0.304,0,0,0.389,0.35,0,0,0.801,0,0,0,0,0,0,0.273,0,0,0,0,0,0,0,0,0,0,0,0,0,0,0,0,0,0,0,0,0,0,0,0,0,0,0.252,0,0,0,0,0,0,0.224,0,0,0,0,0,0,0,0,0,0.229,0,0.395,0,0,0,0,0,0,0.278,0,0,0,0,0.947,0,0,0,0,0,0,0,0,0,0,0,0,0,0,0,0.746,0.589,0.9,0,0,0,0,0.186,0,0.172,0,0,0,0,0,0,0,0,0,0,0.28,0,0,0,0,0,0,0,0,0,0.223,0,0,0,0,0,0,0,0,0,0,0,0,0,0,0,0,0,0,0,0,0,0,0,0,0.39,0.321,0,0,0,0.199,0,0,0,0,0,0,0,0,0,0,0,0,0,0,0,0.358,0,0,0,0,0,0,0,0,0,0,0,0,0.174,0,0.33,0.224,0,0,0,0,0,0,0,0,0.279,0.224,0,0,0,0,0,0,0,0.224,0,0.157,0.154,0.9,0,0,0,0,0,0.224,0,0,0.596,0,0,0,0,0,0,0,0,0,0,0,0,0,0,0,0,0,0,0,0,0,0,0,0,0,0,0,0,0,0,0,0,0,0,0,0.91,0,0,0,0,0,0,0,0.336,0,0,0,0,0,0,0,0,0,0,0,0,0,0,0,0,0.222,0,0,0,0,0,0,0,0,0,0,0,0,0,0,0,0,0,0,0,0,0,0.19,0,0,0,0,0,0,0,0.15,0,0,0.258,0,0,0,0,0,0,0,0,0,0,0,0,0,0,0,0,0,0,0,0,0,0,0,0,0,0,0,0,0,0,0,0,0,0,0,0,0,0,0,0,0,0,0,0,0,0,0,0,0.222,0,0,0,0,0,0,0,0,0,0,0,0,0,0,0,0,0,0,0,0,0,0,0,0,0,0,0.307,0,0,0,0,0,0,0,0,0,0,0,0,0,0,0,0,0,0,0.304,0,0,0,0,0,0,0,0,0,0,0,0,0,0,0,0,0,0,0,0,0,0,0,0,0,0,0,0,0,0,0,0.2,0,0,0,0,0,0,0,0.238,0,0,0,0,0,0,0,0,0,0,0,0,0.95,0,0,0,0,0,0,0.166,0,0,0,0,0,0,0,0,0,0,0,0,0,0,0,0,0,0,0,0,0,0,0,0,0,0,0.153,0,0,0.236,0,0,0.957,0.224,0,0,0,0.235,0.25,0,0,0,0,0,0.236,0.218,0.224,0,0,0,0,0,0.15,0.25,0,0,0,0,0,0,0.223,0,0,0,0,0,0,0,0,0,0,0,0,0.254,0,0,0,0.349,0,0,0,0,0,0,0,0.201,0,0,0,0,0,0,0,0,0,0,0,0,0,0,0.392,0,0,0,0,0,0,0,0,0.165,0,0.304,0,0,0,0,0.783,0,0,0,0,0.217,0,0,0,0,0.267,0,0,0,0,0,0,0,0,0.226,0,0,0,0.199,0,0,0,0.154,0,0,0.33,0,0,0,0,0.182,0,0,0,0,0,0,0,0,0,0,0,0,0,0,0,0,0,0,0,0,0,0,0.565,0,0.674,0,0,0,0,0,0,0,0.826,0,0,0,0,0,0,0.241,0.316,0.313,0,0.174,0,0.199,0,0,0,0,0,0,0,0,0.195,0,0,0,0,0,0,0,0,0,0,0,0,0,0,0.443,0,0,0.212,0,0,0,0,0,0,0,0.184,0.305,0,0,0,0,0,0,0,0,0,0.194,0,0,0,0,0.285,0,0,0,0,0,0,0,0,0.186,0.398,0.309,0,0,0,0,0.304,0,0,0.167,0.338,0,0,0,0,0,0,0,0.471,0,0,0,0,0,0.17,0,0,0,0,0,0,0,0,0,0,0,0,0,0,0.227,0.926,0,0,0,0,0,0,0,0,0,0.815,0,0,0,0,0,0,0,0,0.803,0.252,0,0,0.228,0,0,0,0,0,0,0,0,0,0,0,0,0.181,0,0,0,0,0.362,0,0,0,0,0,0,0,0,0,0,0,0,0,0,0,0.206,0.152,0,0,0,0,0,0,0,0,0,0,0,0,0,0.307,0,0,0,0.355,0,0,0,0,0,0,0.261,0,0,0,0,0.164,0,0.199,0.619,0,0,0,0,0,0,0,0.417,0.471,0,0,0,0,0,0,0,0,0,0,0,0,0,0.29,0,0.327,0,0,0,0,0,0,0,0.943,0.194,0,0,0,0.227,0,0,0,0,0,0,0,0,0,0,0.518,0,0,0,0,0,0,0,0,0,0,0,0.216,0,0,0,0,0,0,0,0,0,0,0,0,0,0,0.199,0,0,0,0,0,0,0,0.195,0,0,0,0,0,0,0,0,0,0,0,0,0,0.519,0.16,0,0,0,0.186,0,0,0,0,0,0,0,0,0,0,0,0.283,0,0,0,0,0,0,0,0,0,0,0,0,0,0.193,0,0,0,0,0,0,0,0,0,0,0.182,0,0,0,0,0.179,0,0,0,0,0,0,0,0.766,0,0,0,0,0.183,0,0,0,0,0,0,0,0.152,0.227,0,0,0,0,0,0,0,0,0,0,0,0,0,0,0,0,0,0,0,0,0,0,0,0,0,0,0,0,0,0,0,0,0,0.173,0,0.199,0,0.199,0.211,0,0,0,0,0,0,0,0,0,0,0,0,0,0,0,0.237,0,0,0,0,0,0,0,0.27,0,0,0.15,0,0,0,0,0,0,0,0,0,0,0,0,0,0,0.238,0,0,0,0,0,0,0,0,0,0.202,0,0,0,0,0,0.275,0,0,0,0,0.27,0,0.32,0,0,0,0,0,0,0,0,0,0,0,0,0,0,0,0,0,0,0,0,0,0,0,0,0,0,0,0,0,0,0,0,0,0,0,0,0,0,0,0,0,0,0,0,0,0,0,0,0.177,0,0,0,0,0,0,0,0,0,0,0,0,0,0,0,0,0,0,0,0,0,0,0.631,0,0,0,0,0,0,0,0,0,0,0,0,0,0,0,0,0,0,0,0,0,0,0,0,0,0,0,0,0,0,0,0,0,0,0,0,0,0,0.527,0,0,0,0,0,0,0,0,0,0,0,0,0,0,0,0,0,0,0,0,0,0,0,0,0,0,0,0,0,0,0,0,0,0,0,0,0,0,0,0,0.195,0,0,0,0,0,0,0,0,0,0,0,0,0,0,0,0,0,0,0.193,0,0,0,0,0,0.599,0,0,0,0,0,0,0,0,0,0,0,0,0,0,0,0.684,0,0,0,0,0,0,0.442,0,0.229,0,0,0,0,0,0,0,0,0,0,0,0,0,0,0,0,0,0.196,0,0,0.185,0,0,0,0,0,0,0,0,0,0,0,0,0,0,0,0,0,0,0,0,0,0,0,0,0,0,0,0,0,0,0,0,0,0,0,0,0,0,0,0,0.151,0,0,0,0,0,0,0,0,0,0,0,0,0.297,0.447,0.934,0,0,0,0,0,0,0,0,0.293,0,0,0,0,0.415,0.254,0,0,0,0,0,0,0,0,0,0,0,0,0,0,0,0,0,0,0,0,0,0,0,0,0.916,0,0,0,0,0,0,0,0,0,0,0,0,0,0,0,0,0.162,0,0,0,0,0,0,0.173,0,0,0,0,0,0,0,0,0,0,0,0,0,0,0,0,0,0,0,0,0,0,0,0.246,0,0.296,0,0,0.309,0,0,0,0,0.266,0,0,0,0,0,0,0,0,0,0.267,0,0,0,0,0,0,0,0,0.203,0,0,0,0,0.183,0,0,0,0,0,0,0,0,0,0,0,0,0,0,0,0,0,0,0,0,0,0,0.234,0,0,0,0,0,0,0,0,0,0,0,0,0,0,0,0,0,0,0,0,0,0,0,0.658,0,0,0,0,0,0,0,0,0,0,0,0,0,0,0,0,0,0.193,0,0,0.377,0,0,0,0.984,0,0,0,0,0,0,0,0,0,0,0,0,0,0,0,0,0,0,0,0,0,0,0,0,0,0,0,0,0,0,0,0,0,0,0,0,0,0,0,0,0.259,0.171,0,0,0,0,0,0.208,0,0.613,0,0,0,0,0,0,0,0,0,0,0,0,0,0,0,0,0,0,0,0.227,0,0,0,0,0,0,0,0,0,0,0,0,0,0,0,0,0,0.202,0,0,0,0,0,0,0,0,0,0,0,0,0,0,0,0,0,0,0,0,0,0,0,0,0,0,0,0,0,0,0,0,0,0,0,0,0,0,0,0,0,0,0,0,0,0,0,0,0,0,0,0,0,0,0,0,0,0,0,0,0,0,0,0,0,0.384,0,0,0,0,0,0,0,0,0,0.179,0,0,0,0,0,0.179,0,0,0,0,0.384,0,0,0,0,0,0,0,0,0,0,0,0,0,0,0,0,0,0,0,0,0,0,0,0.26,0,0,0,0,0,0,0,0.159,0,0,0,0,0,0,0,0,0,0,0,0,0,0,0,0,0.227,0,0,0,0,0,0,0,0.996,0,0,0,0,0,0,0,0,0,0,0,0,0,0,0,0,0,0,0,0,0,0,0,0,0,0,0,0,0,0,0.179,0,0,0,0,0,0,0,0,0.238,0,0,0,0,0,0,0,0,0.222,0,0,0,0,0,0,0,0,0.16,0,0,0,0,0,0,0,0,0,0,0,0,0,0,0,0,0,0,0,0,0,0,0,0,0,0,0,0,0,0.204,0,0,0,0,0,0,0,0,0,0,0,0,0,0.325,0,0,0,0.321,0,0.178,0,0,0,0,0,0.223,0,0,0,0,0,0.693,0,0.927,0,0,0.159,0,0,0,0,0,0,0,0,0,0,0,0,0,0,0.286,0,0,0,0,0,0,0,0.275,0,0,0.195,0,0,0,0,0.204,0,0.382,0,0.957,0,0,0,0,0,0,0,0,0,0,0,0,0,0,0,0,0,0.246,0,0,0,0,0,0.168,0.181,0,0,0,0,0,0.198,0.163,0,0,0,0,0.333,0,0.275,0,0,0,0,0,0,0,0,0,0,0,0,0,0,0,0,0.263,0.701,0,0,0,0,0.215,0,0,0.277,0,0,0,0,0,0,0,0,0,0,0,0,0,0,0,0,0,0,0,0,0,0,0,0,0,0,0,0,0,0,0,0,0.398,0,0,0,0,0.34,0,0,0,0,0,0,0,0,0,0,0,0,0,0,0,0,0,0,0,0,0,0.345,0,0,0,0,0,0,0,0,0,0,0,0,0,0,0,0,0,0,0,0,0,0,0,0,0,0,0,0.777,0.502,0,0,0,0,0,0,0,0,0,0,0,0,0,0,0,0,0.33,0,0,0,0,0,0,0,0,0,0,0,0,0,0,0,0,0.913,0,0,0,0,0,0,0,0,0,0,0,0,0,0,0,0,0,0,0,0,0,0,0,0,0,0,0,0,0,0,0,0,0,0,0,0,0,0,0,0,0,0,0,0,0,0,0,0,0,0,0.165,0.307,0,0,0,0,0,0,0,0,0.179,0.194,0,0,0,0.154,0,0,0,0,0,0,0,0,0,0,0,0,0,0,0,0,0,0,0,0,0,0,0,0,0,0,0,0,0,0,0,0,0,0,0,0,0,0,0,0,0,0,0,0,0,0,0,0,0,0,0,0,0,0,0,0,0,0,0,0,0,0,0,0,0,0,0,0,0,0,0,0,0,0,0,0,0,0,0,0,0,0,0,0,0,0,0,0,0,0,0,0,0,0,0,0,0,0,0,0,0,0,0,0,0,0,0,0,0.192,0,0,0,0,0,0,0,0,0,0,0,0,0,0,0,0,0,0,0,0,0,0,0,0,0,0,0,0,0,0,0,0,0,0,0,0,0,0,0.258,0,0,0,0,0,0,0,0,0,0,0,0,0,0,0,0,0,0,0,0,0,0,0,0,0,0,0,0,0,0,0,0,0,0,0,0,0,0,0,0,0,0,0,0,0,0,0,0,0,0,0,0,0,0,0,0,0,0,0,0,0,0,0,0,0,0.197,0,0,0,0,0,0,0.185,0,0,0,0,0,0,0.197,0.248,0.267,0,0,0,0,0,0,0,0,0,0,0,0,0,0,0.178,0,0,0,0,0,0,0,0,0,0,0,0,0,0,0,0,0,0,0,0,0,0,0,0,0.275,0,0,0,0,0,0,0,0,0,0,0.298,0,0,0,0,0,0,0,0,0,0,0,0,0,0,0,0,0,0,0,0,0,0,0.189,0.207,0,0,0,0,0.248,0,0,0,0,0,0,0,0.165,0,0.15,0,0,0,0,0,0,0,0,0,0,0,0,0,0,0,0,0,0,0,0,0,0,0,0,0,0,0,0,0,0,0,0,0,0,0,0,0.18,0,0.172,0,0,0,0,0,0,0,0,0,0.397,0,0,0,0,0.217,0,0,0,0,0,0,0,0,0,0,0,0,0,0,0,0,0,0,0,0,0,0,0,0,0,0,0,0,0.201,0,0,0,0,0,0,0,0,0,0,0,0,0,0,0,0,0,0,0.582,0,0,0,0,0,0,0,0,0,0,0,0,0,0,0,0,0,0,0,0,0,0,0,0,0.158,0,0,0,0.159,0,0,0,0.202,0.198,0.201,0,0,0,0,0,0,0,0,0,0,0,0,0,0,0,0,0,0,0,0,0,0,0,0,0,0,0,0,0,0,0,0,0,0,0,0,0,0,0,0.211,0,0,0,0,0,0,0,0,0,0,0,0,0,0,0,0,0,0,0,0,0,0,0.207,0,0,0.539,0,0,0,0.224,0,0,0,0,0.271,0,0,0,0,0,0,0.18,0.201,0,0.797,0,0,0,0,0,0.197,0,0,0,0,0,0,0,0,0,0,0,0.448,0,0,0,0,0,0,0,0,0,0.304,0,0,0,0,0,0,0,0,0,0,0,0,0,0,0,0,0.842,0,0,0,0.258,0,0,0,0,0,0,0,0,0,0,0,0,0,0,0,0,0,0,0,0,0,0,0,0.179,0,0,0,0,0,0,0,0,0,0.999,0,0,0,0,0,0,0,0,0,0,0,0,0,0,0,0,0,0,0,0.321,0,0,0,0,0,0,0,0,0,0,0,0,0,0,0,0,0,0,0,0,0,0,0,0,0,0,0,0,0,0,0,0,0,0,0,0,0,0,0,0,0,0,0,0,0,0,0,0.165,0,0,0,0,0,0,0,0,0,0,0,0,0,0,0,0,0,0,0,0,0,0,0,0,0,0,0,0,0.304,0,0,0,0,0,0.904,0,0,0,0,0.191,0,0,0,0,0,0,0,0,0,0,0.165,0,0,0,0.61,0,0.192,0,0.198,0.169,0,0,0,0,0,0,0,0,0.33,0,0,0,0,0,0,0.197,0,0,0,0,0,0,0,0,0,0,0,0,0,0,0,0,0,0,0,0,0,0,0,0,0,0,0,0,0,0,0,0,0,0.861,0,0,0,0,0,0.199,0,0,0,0,0,0,0,0,0,0,0,0,0,0,0,0,0,0,0,0,0,0,0,0,0,0,0,0,0,0,0,0,0,0,0,0,0,0,0,0,0,0,0,0,0,0,0,0,0,0,0,0,0,0,0,0,0,0,0,0,0,0,0,0,0,0.204,0,0,0,0,0,0,0,0,0,0,0,0,0,0,0,0,0,0,0,0,0,0,0,0,0,0,0,0,0,0.197,0,0,0,0,0,0,0,0,0,0,0,0,0,0,0,0,0,0,0,0,0,0.668,0,0,0,0,0,0,0,0,0,0,0,0,0,0,0,0,0,0,0,0,0,0,0,0,0,0,0,0,0,0,0,0,0,0,0.231,0,0,0,0,0,0,0,0,0,0,0,0,0,0,0,0,0,0,0,0,0,0,0,0,0,0,0,0,0,0,0,0,0,0,0,0,0,0,0,0,0,0,0,0,0,0,0,0,0,0,0,0,0,0,0,0,0,0,0,0,0,0,0,0,0.195,0,0,0,0,0,0,0,0,0,0,0,0,0,0,0,0,0.405,0,0,0,0.202,0.586,0,0,0,0,0,0,0,0,0,0,0,0,0.716,0,0,0,0,0,0,0,0,0,0,0,0,0,0.272,0,0,0,0,0,0,0.197,0,0.213,0,0.155,0,0,0,0,0,0.214,0,0,0,0,0,0,0,0,0,0.191,0,0,0,0,0,0,0,0,0,0,0,0,0,0,0,0,0,0,0,0,0,0,0,0,0,0,0,0,0,0,0,0,0,0,0,0,0,0,0,0,0,0,0,0,0,0,0,0,0,0,0,0,0,0,0,0,0,0.154,0,0,0,0,0,0,0,0,0,0,0,0,0,0,0,0.155,0,0,0,0,0,0,0.298,0,0,0,0,0,0,0,0,0,0.298,0,0,0,0.275,0,0,0,0,0,0,0,0,0,0,0,0,0,0,0,0,0,0,0,0,0,0,0,0,0,0,0,0,0,0,0,0,0,0,0,0,0,0,0,0,0,0,0.24,0,0,0,0,0,0,0,0,0,0,0,0,0,0,0,0,0,0,0.349,0,0,0,0,0,0,0,0,0,0,0,0,0,0,0,0,0,0,0,0,0,0,0,0,0,0,0,0,0,0,0,0,0,0,0,0,0,0,0,0.207,0,0,0,0,0,0,0,0,0,0,0,0,0,0,0,0,0,0,0,0,0,0.321,0,0,0,0,0,0,0,0,0,0,0,0,0,0,0,0,0,0,0,0,0,0,0,0,0,0,0,0,0,0,0,0,0,0,0,0,0,0,0,0,0.182,0,0,0,0,0,0,0,0,0,0,0,0,0,0,0,0,0,0,0,0,0,0,0,0,0,0,0,0,0,0,0,0,0,0,0,0,0,0.162,0,0,0,0,0,0,0,0,0.833,0,0.757,0,0,0,0,0,0,0.61,0,0,0,0,0,0,0,0,0,0,0,0,0,0,0,0,0,0,0,0,0,0,0,0,0,0,0,0,0,0,0,0,0.171,0,0,0,0,0,0,0,0,0,0,0,0,0,0,0,0,0,0,0,0,0,0,0,0,0.165,0,0,0,0,0,0,0,0,0,0,0,0,0,0,0,0,0,0,0,0,0,0,0,0,0,0.305,0,0,0,0,0,0,0,0,0,0,0,0,0,0,0,0,0,0,0,0,0,0,0,0,0,0,0,0,0,0,0,0,0,0,0,0,0,0.483,0,0,0,0,0,0,0,0
855652,0,0,0,0,0,0,0.213,0,0,0,0,0,0,0,0,0,0,0,0,0,0,0,0,0,0,0,0,0,0,0,0,0,0,0.151,0,0,0,0.163,0.154,0,0,0,0,0,0,0,0,0,0,0,0.677,0,0,0,0.163,0,0,0,0,0,0,0,0,0,0,0,0,0,0.151,0,0,0,0,0,0,0,0,0,0,0,0,0,0,0,0,0,0,0,0,0,0,0,0,0,0,0,0,0,0,0,0,0,0,0,0,0,0,0,0,0,0,0,0,0,0,0,0,0,0,0,0,0,0,0,0,0,0.445,0.183,0,0,0,0,0,0,0,0,0,0,0,0,0,0,0,0,0,0,0,0.158,0,0,0,0,0,0,0,0,0,0,0,0,0,0,0,0,0,0,0,0,0,0.164,0,0,0,0,0,0,0,0,0,0,0,0,0.173,0.566,0,0.26,0,0,0,0.384,0.451,0.151,0,0,0,0,0.158,0,0,0.733,0.711,0,0,0,0,0,0.237,0,0,0,0,0.254,0,0,0,0,0,0,0.514,0,0.181,0,0,0,0,0,0,0,0,0,0.403,0,0,0,0.231,0,0.203,0,0,0.209,0,0.161,0,0,0.197,0,0,0.168,0.286,0.599,0,0.275,0,0,0,0,0,0,0,0,0.206,0.152,0.437,0.233,0,0,0,0.445,0,0.444,0,0,0,0,0,0.195,0.486,0,0,0,0,0,0,0,0.897,0,0.374,0,0.153,0,0,0,0.228,0,0,0,0.176,0,0,0.185,0.215,0.197,0,0,0,0,0,0.212,0,0.19,0,0,0,0.193,0.195,0,0.287,0,0,0,0,0,0,0,0,0.199,0,0.48,0.168,0,0,0.173,0.184,0,0.257,0,0,0,0,0.208,0,0,0,0.267,0,0,0,0,0,0,0,0,0,0,0,0,0,0,0,0,0.947,0,0,0,0,0,0,0,0,0,0.672,0,0.263,0,0,0,0.259,0.25,0,0,0,0,0.171,0.304,0,0.167,0.667,0,0,0.752,0,0,0,0,0,0.201,0,0.201,0,0,0.212,0.371,0.96,0.576,0.344,0.173,0,0,0,0,0,0,0,0,0.694,0,0.216,0,0.68,0,0,0,0.706,0,0,0,0.182,0.713,0,0,0,0,0.226,0,0.157,0,0.391,0,0,0,0,0.169,0,0,0,0,0,0,0,0,0,0.167,0,0,0,0.371,0.191,0,0,0,0,0.188,0,0,0,0.256,0,0,0,0,0.157,0.164,0,0,0,0,0.561,0,0,0,0,0.651,0,0.499,0.175,0,0,0.458,0,0,0,0,0,0,0.992,0,0,0.165,0,0,0.414,0.604,0,0.191,0,0,0.819,0.177,0,0,0,0,0,0,0.281,0,0,0.183,0.217,0,0.174,0.691,0,0.179,0,0.414,0.15,0.217,0.432,0.178,0.196,0,0,0,0.273,0,0.161,0,0,0,0.408,0.161,0,0,0,0,0.197,0,0.283,0.256,0,0,0,0,0.713,0,0.182,0,0,0.748,0,0,0,0,0,0.183,0,0.403,0,0,0,0,0,0,0,0.183,0,0,0,0,0,0,0.157,0,0,0.419,0,0.578,0,0,0.163,0,0,0,0,0,0,0.183,0,0,0.284,0,0.658,0,0.449,0,0,0,0,0,0,0,0,0,0,0,0.299,0.177,0.924,0,0,0,0.161,0,0,0,0,0,0,0,0,0,0.171,0,0.166,0,0.199,0,0.234,0,0.269,0,0,0,0,0,0,0,0,0,0,0.447,0,0.421,0.203,0.448,0.189,0.277,0,0,0,0,0,0,0.507,0,0,0.175,0,0,0,0,0,0,0,0,0,0.283,0.202,0,0.161,0,0,0,0.152,0,0.359,0.183,0,0.652,0.309,0,0,0,0.184,0,0,0,0,0,0,0,0.173,0,0.451,0.498,0,0,0,0,0,0,0,0.173,0,0,0,0,0.248,0,0.224,0.164,0,0.189,0,0.196,0.178,0,0.99,0,0.211,0.337,0,0,0,0,0,0,0.284,0,0,0.501,0,0,0,0,0.836,0.258,0.897,0,0.237,0,0,0,0.47,0.555,0,0,0.373,0,0,0.457,0.309,0,0,0.202,0,0.173,0,0.248,0.895,0,0.165,0.85,0,0,0.258,0.236,0,0,0,0,0,0,0.169,0,0,0.361,0,0,0.202,0.283,0.533,0.933,0.177,0,0,0.626,0,0.685,0.294,0.249,0.38,0,0,0,0,0,0.944,0,0,0,0,0,0.181,0,0.183,0,0,0,0.583,0,0.915,0,0,0.684,0,0,0,0.179,0,0,0.155,0,0,0,0,0.23,0,0,0.204,0.303,0.173,0,0,0.463,0.309,0,0,0,0,0,0,0,0,0,0,0,0,0,0,0,0,0,0,0.188,0,0.217,0,0,0,0,0,0.173,0,0.404,0,0.897,0,0.238,0,0,0,0,0.15,0,0.583,0,0,0,0.821,0,0.255,0,0,0,0,0,0,0.156,0.306,0.276,0.492,0.173,0,0,0.32,0.967,0,0.183,0,0,0,0,0,0.761,0.241,0.172,0,0.536,0.199,0.764,0,0,0.355,0,0,0.22,0.239,0,0,0,0,0.203,0,0,0,0.251,0,0,0.429,0.173,0.197,0,0,0,0.172,0,0,0,0,0,0,0.206,0,0,0,0.197,0,0,0.445,0,0,0,0.35,0,0,0,0.219,0.191,0,0.306,0,0.156,0,0.154,0,0,0,0,0,0,0,0,0,0,0,0,0,0,0.154,0,0,0,0,0,0,0,0,0,0,0,0,0,0,0,0,0,0,0,0,0,0.353,0,0,0,0,0,0,0,0.161,0,0,0,0,0,0,0,0,0,0,0,0,0,0,0,0.175,0,0.206,0,0.167,0,0,0.193,0,0,0,0,0.897,0,0.21,0,0,0,0,0,0,0,0,0,0,0,0,0,0,0.898,0,0,0,0.28,0,0,0.192,0,0,0,0,0.189,0,0,0,0,0.429,0,0,0,0,0,0.252,0,0,0,0,0.175,0,0,0,0,0,0,0,0,0,0,0,0.542,0,0,0.381,0,0,0,0,0,0,0,0,0.167,0,0,0,0,0,0,0,0.168,0,0,0,0,0,0,0.193,0,0,0,0.19,0,0,0,0,0,0,0,0,0,0,0,0,0,0,0,0,0,0,0.567,0.19,0,0,0,0,0,0,0,0,0,0,0,0,0,0,0,0.919,0,0,0,0,0,0,0,0,0.308,0,0,0,0,0,0,0,0,0,0,0,0,0,0,0,0,0,0,0.248,0,0,0.213,0,0,0,0,0,0,0,0,0,0.214,0,0,0.161,0,0,0,0,0.248,0,0,0,0.159,0,0,0,0,0,0,0,0.77,0,0,0,0,0,0,0,0,0,0,0,0,0,0,0,0,0,0.36,0,0,0,0,0,0,0,0,0,0,0,0,0,0,0,0,0,0,0.304,0,0,0,0,0,0,0,0,0,0,0.201,0,0,0,0,0,0,0,0,0,0,0,0,0,0,0,0,0,0,0,0,0,0,0.238,0,0,0,0,0,0,0,0,0,0,0,0.497,0,0,0,0,0,0,0,0.309,0,0,0,0,0,0,0,0,0,0,0,0.169,0,0,0,0,0,0,0,0,0,0,0,0,0,0.216,0,0,0,0,0,0,0,0,0,0,0,0,0,0,0,0,0,0,0.157,0,0,0,0,0,0,0,0.206,0,0,0,0,0,0,0,0,0,0,0,0,0,0,0,0,0,0,0,0,0,0,0,0,0,0,0.45,0,0,0,0,0,0,0,0,0,0,0.167,0,0,0,0,0,0,0,0,0,0.222,0,0,0,0,0,0.192,0,0,0,0,0.343,0,0.931,0,0,0,0,0,0,0,0,0,0,0,0,0,0.272,0,0,0,0,0,0,0,0,0,0,0.191,0,0,0,0,0.454,0,0,0,0,0,0,0,0,0.167,0.22,0,0,0,0,0,0,0,0,0,0,0,0,0,0,0,0,0,0,0.18,0.21,0.18,0,0,0,0.219,0,0,0,0,0,0.354,0,0,0,0,0,0,0,0,0,0,0,0,0,0,0.513,0.248,0,0,0,0,0,0,0,0,0.193,0,0,0.191,0,0,0,0,0,0.269,0,0.167,0,0,0,0,0,0,0,0,0,0,0,0,0,0,0,0,0,0,0.195,0,0,0,0,0,0,0,0,0.177,0,0,0,0,0,0,0,0,0,0,0,0,0,0,0,0,0.152,0,0,0,0,0,0,0,0,0,0,0.666,0,0,0,0,0,0,0,0,0,0,0,0,0,0,0,0,0,0,0.173,0,0,0,0,0.187,0,0,0,0,0,0.192,0,0,0,0,0.21,0,0,0.206,0,0,0,0,0,0,0.317,0,0.219,0.15,0,0.65,0,0,0,0,0,0,0,0,0,0,0,0,0,0,0,0,0,0,0,0,0.237,0,0,0,0.187,0,0,0,0,0.181,0,0,0,0,0,0.181,0.157,0,0,0.173,0.197,0,0,0,0.177,0,0.192,0,0,0,0,0,0,0,0,0,0,0,0,0,0,0,0,0,0,0,0,0,0,0,0,0,0,0,0,0,0,0,0,0.195,0,0.233,0,0,0.292,0,0,0,0,0,0,0,0,0,0,0.171,0,0,0,0,0,0.885,0.232,0,0,0,0,0,0,0.166,0.257,0,0.251,0,0,0.488,0,0,0,0.158,0,0,0.201,0,0,0,0,0,0,0,0,0,0,0,0,0,0,0,0,0,0,0,0.237,0,0,0,0,0,0,0.173,0,0,0,0,0,0,0,0,0,0,0,0,0,0,0,0,0,0,0,0,0.484,0,0,0,0,0,0,0,0,0.206,0,0,0.18,0,0,0,0,0,0,0,0,0,0,0,0,0,0,0.248,0,0,0,0.165,0,0,0,0,0.187,0,0,0,0,0,0,0,0,0,0,0,0,0,0,0,0,0,0,0,0,0,0,0,0,0.174,0,0,0,0,0,0,0,0.152,0,0,0,0,0,0,0,0,0,0.195,0,0,0.181,0,0.152,0,0,0,0,0.318,0.183,0,0.938,0,0,0,0,0,0,0,0,0,0,0,0,0,0,0,0.402,0,0.169,0,0,0,0,0,0,0.171,0,0,0,0,0,0,0,0,0,0,0,0.155,0,0,0,0.391,0,0.167,0,0,0,0,0,0,0,0.177,0,0,0,0,0,0,0,0,0,0,0,0,0.198,0,0,0,0,0,0,0,0.167,0.161,0,0,0,0,0,0,0.296,0,0.156,0,0,0,0,0,0,0,0,0,0,0.543,0.46,0,0,0,0,0,0,0.167,0.3,0.449,0,0,0.18,0,0,0,0,0,0,0,0,0,0,0,0.201,0,0,0,0,0,0,0,0.181,0,0,0,0,0,0,0.268,0.319,0,0,0,0,0,0,0,0.191,0,0,0,0,0.178,0,0,0,0,0,0,0,0,0,0,0,0,0,0,0,0,0.2,0,0,0,0,0,0,0,0,0,0,0,0,0,0,0,0,0,0,0,0,0,0,0.195,0,0,0,0,0,0,0,0,0,0,0,0,0,0,0,0,0,0.261,0,0,0,0,0,0.225,0,0,0,0,0,0.173,0,0.173,0,0,0,0.173,0,0.183,0,0,0,0.173,0,0.343,0.178,0,0,0,0,0.161,0,0,0,0,0,0,0,0.158,0,0,0,0,0,0,0,0,0.562,0,0,0,0,0,0,0,0.173,0,0,0,0,0,0,0,0.173,0,0,0,0,0,0,0,0,0,0,0.167,0,0,0,0,0,0,0.184,0,0,0,0,0,0.191,0,0,0,0,0,0,0,0,0,0,0.349,0.173,0,0,0,0,0,0,0,0,0,0,0,0,0,0,0,0,0.18,0,0,0,0.18,0,0,0,0.18,0.186,0,0,0,0.987,0.191,0,0,0,0,0,0,0.439,0,0.162,0,0,0,0,0,0,0,0,0,0,0,0,0,0,0,0,0,0,0,0,0,0,0,0.162,0,0,0,0,0.178,0,0.374,0,0,0.178,0,0,0,0,0,0,0,0,0,0.211,0,0,0,0,0,0,0,0,0.189,0.187,0,0.18,0,0,0,0,0,0,0,0,0,0.495,0,0,0,0,0,0.187,0,0,0,0,0,0.159,0,0,0,0,0,0.192,0,0,0,0,0,0.589,0,0,0,0,0,0,0,0,0,0,0,0.229,0,0,0,0.337,0.152,0,0,0,0,0,0,0,0,0,0.17,0.217,0,0,0,0,0,0,0,0,0,0,0,0,0,0,0,0,0,0,0,0,0,0.227,0,0,0,0,0,0,0,0,0,0,0,0,0,0,0,0,0,0,0,0,0,0,0,0,0,0,0,0,0,0.155,0,0,0,0,0,0,0,0,0,0,0,0,0.217,0,0,0,0,0,0,0,0,0,0,0,0,0,0,0,0,0,0,0,0,0,0,0,0,0,0,0,0,0,0,0,0,0,0,0,0,0,0,0.171,0,0,0,0,0,0,0,0,0,0,0,0,0,0,0,0,0,0,0,0,0,0,0,0,0,0,0,0,0,0,0,0,0,0,0,0,0,0,0,0,0,0,0,0,0,0,0,0,0,0,0,0,0.64,0,0,0,0,0,0,0,0,0,0,0,0,0,0,0,0,0,0,0,0,0,0.254,0,0,0,0,0,0,0,0,0,0.805,0,0.704,0,0,0,0,0,0,0,0.166,0,0.318,0,0,0,0,0,0,0,0,0,0.167,0,0,0,0,0,0,0,0,0,0,0,0.193,0,0,0,0,0,0,0,0,0,0,0.244,0,0,0.274,0,0,0,0,0,0,0,0,0,0.594,0,0.512,0,0,0.21,0.897,0,0,0,0,0.639,0,0,0,0,0,0,0,0,0.855,0,0,0,0,0,0,0,0.568,0,0,0,0,0,0.151,0,0,0,0.847,0,0,0,0,0,0.211,0,0,0.896,0,0,0.611,0.527,0.353,0,0,0,0.157,0,0,0,0,0,0,0,0,0,0.208,0,0,0,0,0.269,0,0,0,0,0,0,0,0,0,0,0.559,0,0,0,0.911,0,0.455,0,0.379,0.338,0,0,0,0,0,0.18,0,0.254,0.333,0.301,0,0,0.19,0,0.217,0,0,0,0,0.169,0,0,0,0,0,0,0,0.187,0.283,0,0,0,0,0.18,0,0,0,0,0.186,0,0,0,0.195,0,0,0,0,0,0,0,0,0,0,0.342,0,0,0.191,0,0,0,0.259,0,0,0,0,0.186,0,0,0.34,0,0,0.194,0,0.161,0,0.165,0.169,0.167,0,0,0.167,0.216,0.217,0,0.285,0.195,0,0,0,0,0,0,0.169,0,0.169,0.209,0,0,0.342,0.217,0,0,0,0,0,0,0,0,0.312,0,0,0,0,0,0.194,0,0,0,0,0,0,0.167,0,0,0.237,0,0,0,0,0,0.237,0.209,0,0,0.191,0,0,0,0.192,0,0,0.232,0,0.191,0,0,0,0,0,0,0.166,0,0,0,0,0.192,0,0.19,0,0,0,0.217,0,0,0,0.211,0,0,0,0,0.17,0,0,0.225,0,0,0.173,0,0,0,0,0,0,0,0,0,0.153,0,0,0,0.422,0,0,0,0.167,0,0,0,0,0.236,0.285,0.811,0,0,0,0.186,0,0,0,0.206,0,0.194,0,0,0.261,0,0.166,0,0.186,0,0.209,0.195,0,0,0,0.216,0.184,0,0.259,0,0,0,0,0,0,0.173,0,0,0,0.2,0,0,0,0,0,0,0,0,0,0,0,0,0,0,0,0,0,0.185,0.226,0,0,0,0,0,0,0,0,0,0,0,0,0,0,0,0,0.201,0,0,0,0,0.158,0,0,0,0,0.198,0,0,0,0,0.171,0,0,0,0,0,0,0.159,0.194,0,0,0,0,0,0,0,0,0,0,0,0,0,0,0,0,0,0,0,0,0,0,0,0,0,0,0,0,0,0,0,0,0,0.283,0,0,0,0,0,0,0,0,0,0,0,0,0.169,0,0,0,0,0,0,0,0,0,0,0,0,0,0,0,0,0,0,0,0.191,0,0,0,0,0,0,0,0,0,0,0,0,0,0.283,0,0,0,0,0,0,0.163,0,0,0,0,0,0,0,0,0,0,0,0,0,0,0.165,0,0,0,0,0,0,0,0,0,0,0,0,0,0,0,0,0,0,0,0,0,0,0,0,0,0.254,0,0,0,0,0,0,0,0,0,0,0,0,0,0,0,0,0,0,0,0,0,0,0,0,0,0,0,0.164,0,0,0,0,0,0,0,0,0.169,0,0,0,0.15,0,0.617,0,0.183,0,0,0,0.191,0,0,0,0,0,0,0.183,0,0,0,0,0,0,0.161,0,0,0,0,0,0,0,0,0,0,0,0,0,0,0,0,0,0,0,0.217,0.156,0,0,0,0,0,0,0,0,0,0,0,0,0,0,0,0.153,0,0,0,0,0,0,0.163,0,0,0,0,0,0,0,0,0,0,0,0,0,0,0,0,0.182,0.153,0,0,0,0,0,0,0,0,0,0,0,0,0,0,0,0,0,0,0,0,0,0,0,0,0,0,0,0,0.449,0,0,0,0,0,0,0,0,0,0.182,0,0,0,0,0,0,0,0,0.167,0,0.171,0,0,0,0,0,0,0,0,0,0,0,0,0,0,0,0,0,0,0,0,0,0,0.171,0,0,0,0.239,0,0,0,0,0,0,0.995,0,0,0,0,0,0,0,0,0,0,0,0,0,0,0,0,0,0,0,0,0,0,0,0,0.178,0,0,0,0.177,0,0,0,0.187,0,0,0,0,0,0,0,0.171,0,0,0,0,0,0,0.217,0,0,0,0,0,0,0,0,0,0,0,0,0,0,0,0,0,0,0,0.885,0,0,0.197,0,0.153,0,0,0,0,0,0,0,0.153,0,0,0,0,0,0.163,0.152,0,0,0.169,0,0,0,0,0.764,0,0,0,0,0,0,0,0,0,0,0,0,0.153,0,0,0,0,0.45,0,0,0,0,0,0,0,0,0,0,0,0,0,0,0,0,0,0.168,0,0,0,0,0,0,0,0,0,0,0,0,0,0,0,0,0,0,0,0,0,0.158,0,0,0,0,0,0.197,0,0,0,0,0,0,0,0,0,0,0,0,0,0,0,0,0,0,0,0,0.61,0,0,0,0,0,0,0,0,0,0,0,0,0,0,0,0,0,0,0,0,0,0,0,0,0,0,0,0,0,0,0,0,0,0,0,0,0,0,0,0,0,0,0,0,0.173,0,0,0,0,0,0,0,0,0,0,0,0,0,0,0,0,0,0,0,0,0,0,0,0,0,0,0,0,0,0,0,0,0,0.188,0,0,0,0,0,0,0,0.238,0,0,0,0,0,0,0,0,0,0,0,0,0,0,0,0,0,0,0,0,0,0,0,0,0,0,0,0,0,0,0,0,0,0,0,0,0,0,0.178,0,0,0.179,0,0,0.248,0,0.181,0,0,0,0.152,0,0.214,0.152,0.185,0,0.191,0,0,0,0,0,0.178,0,0,0,0,0,0.175,0,0,0.191,0,0,0,0,0,0,0,0,0.173,0,0,0,0,0,0,0,0,0.161,0,0,0,0,0,0,0,0.307,0,0.209,0,0,0,0,0,0,0,0,0,0,0,0,0.151,0,0,0,0,0,0,0,0.169,0,0,0,0,0,0,0.152,0,0,0,0,0,0,0,0,0,0,0,0,0,0,0,0,0,0,0,0,0,0,0,0,0,0,0,0,0,0,0,0,0,0,0.187,0,0.209,0,0,0,0,0,0,0,0,0.189,0,0,0,0,0,0,0,0,0,0,0,0,0,0,0,0,0,0,0,0,0,0,0,0,0,0,0,0,0,0,0,0,0,0,0,0,0,0,0,0,0,0.19,0,0,0,0,0,0,0,0,0,0,0,0,0,0,0,0,0,0,0,0,0,0,0.215,0,0,0,0,0,0,0,0,0,0,0,0,0,0,0,0,0,0,0,0,0,0,0,0,0,0.155,0,0,0,0,0,0,0,0,0,0,0,0,0,0,0,0,0,0,0,0,0,0,0,0,0,0,0.187,0,0,0,0.643,0,0,0,0,0,0,0,0,0,0,0,0,0,0,0,0,0,0,0,0,0,0,0,0,0,0,0,0,0,0,0,0,0,0,0,0,0,0,0,0,0,0.153,0,0,0,0.153,0.153,0,0,0,0,0,0,0,0,0,0,0,0,0,0,0,0.206,0,0.206,0,0,0,0,0,0,0,0,0,0,0,0,0,0,0,0,0,0,0,0,0,0,0,0,0,0,0,0,0,0,0,0.234,0,0,0,0,0,0,0,0,0,0,0,0,0,0,0,0,0,0,0,0,0,0,0,0,0,0,0,0,0,0,0,0,0,0,0,0,0,0,0,0,0.154,0,0.61,0,0,0,0,0,0.173,0,0.165,0,0,0,0,0,0,0,0,0,0,0,0,0,0,0,0,0,0,0,0,0,0,0,0,0,0,0,0,0,0,0,0,0,0,0,0,0,0,0,0,0,0,0,0,0,0,0,0,0,0,0,0,0,0,0,0,0,0,0,0,0,0,0,0,0,0,0,0,0,0,0,0,0,0,0,0,0,0,0,0,0,0,0,0,0,0,0,0,0,0,0,0,0,0,0,0,0,0,0,0,0,0,0,0,0,0,0,0,0,0,0,0,0,0,0,0,0,0,0,0,0,0,0,0,0,0,0,0,0,0,0,0,0,0,0,0,0,0,0,0,0,0,0,0,0,0,0,0,0,0,0,0,0,0.173,0,0,0,0,0,0,0,0,0,0,0,0,0,0,0,0,0,0,0,0,0,0,0,0,0,0,0,0,0,0,0,0,0,0,0,0,0,0,0,0,0.173,0,0,0,0,0,0,0,0,0,0,0,0,0,0
853353,0,0.164,0,0,0,0,0.872,0,0,0,0,0,0,0,0,0,0,0,0,0,0,0,0,0,0.167,0,0.185,0,0,0,0,0,0,0,0,0,0,0.154,0,0,0,0,0,0,0,0,0,0.18,0,0,0.664,0,0,0,0.154,0,0,0,0,0,0.227,0.266,0.94,0,0,0,0,0,0,0,0,0,0,0,0,0,0.188,0,0,0,0.218,0,0,0,0,0.164,0,0,0,0,0,0,0,0,0.164,0,0,0.193,0,0,0,0,0,0,0,0,0.166,0,0,0,0,0,0.31,0,0,0,0,0,0,0,0,0,0,0,0,0.26,0,0,0,0,0,0,0,0,0,0,0,0,0.199,0,0.179,0,0,0,0,0,0,0,0,0,0,0,0,0,0,0.183,0,0,0,0,0,0,0,0,0,0,0,0,0,0,0,0,0,0,0,0,0,0,0,0,0,0,0,0.829,0,0.539,0,0,0.44,0.294,0,0.584,0.925,0,0,0,0.155,0,0,0.781,0.693,0,0,0,0,0.194,0,0,0,0,0,0.529,0.254,0,0,0,0,0,0.289,0,0,0,0.713,0,0,0,0,0.374,0,0,0.166,0,0,0,0.169,0,0,0.22,0,0,0,0,0,0,0,0,0,0,0,0.797,0,0.978,0,0,0,0,0,0.691,0,0.858,0.166,0,0.265,0.952,0,0.176,0,0.166,0,0.325,0,0.356,0,0.397,0,0,0.956,0,0,0,0,0,0,0,0.781,0.154,0.15,0.295,0,0,0,0,0,0.199,0,0,0.527,0.307,0,0.238,0.162,0.531,0,0.291,0,0,0.296,0.248,0,0,0,0,0,0.374,0,0.175,0.165,0,0,0,0.805,0.165,0.194,0,0.242,0,0,0.819,0,0,0,0.363,0,0,0,0,0,0,0.983,0.788,0,0,0.213,0,0,0,0,0,0.271,0,0,0,0.367,0,0,0.209,0,0,0.229,0.383,0.419,0,0,0,0,0.224,0,0,0,0,0.594,0,0,0,0,0,0,0,0,0,0,0,0,0,0,0.161,0.773,0,0,0.997,0.331,0,0,0.989,0.154,0,0,0.179,0,0,0.248,0.195,0.988,0.685,0,0,0.322,0,0,0,0,0,0,0,0.991,0,0,0,0.188,0.29,0,0,0.262,0.467,0,0,0,0,0,0,0,0,0,0,0.836,0,0,0,0,0,0.175,0,0,0,0.163,0.209,0,0,0,0.621,0,0,0,0.92,0,0.585,0.264,0,0,0,0,0,0,0,0,0,0,0.163,0,0,0,0,0,0,0,0,0.464,0,0,0,0,0.613,0,0,0,0.154,0,0.548,0.29,0,0,0,0,0,0.939,0,0,0.215,0,0.237,0,0.415,0,0,0,0,0.997,0.948,0,0,0,0,0.171,0,0.247,0.171,0.192,0.162,0.153,0.445,0,0.876,0,0,0,0,0,0,0,0,0.246,0.34,0,0,0.166,0,0.247,0,0,0.246,0.17,0,0,0,0,0,0.191,0,0,0.171,0,0.154,0,0.929,0,0,0,0,0.17,0.753,0,0,0.213,0.349,0.451,0.162,0,0.166,0,0,0,0,0,0,0,0,0,0,0,0,0,0,0,0,0.267,0.327,0.291,0.489,0.375,0,0.325,0.929,0,0,0,0,0,0.283,0,0,0,0.191,0.909,0.249,0.953,0,0.177,0,0.194,0,0,0,0,0.192,0.161,0,0,0,0,0,0,0.643,0.398,0,0,0,0.193,0,0,0.209,0.45,0.278,0,0,0,0.537,0.544,0,0.543,0,0.846,0.249,0,0,0,0,0,0,0,0,0,0.596,0,0.397,0,0.601,0.159,0.839,0,0,0,0,0,0,0.318,0,0,0.218,0,0,0,0,0,0,0,0,0.784,0.297,0,0,0,0,0,0,0,0,0.346,0,0.63,0,0.16,0,0.298,0,0,0,0.446,0,0,0,0,0,0.703,0,0,0.82,0,0,0.16,0,0,0.32,0,0,0,0,0,0,0,0,0.192,0.192,0.233,0,0.271,0.207,0.921,0.318,0.702,0,0.411,0.16,0,0,0,0,0,0,0.353,0,0,0,0.514,0,0.232,0.524,0.959,0.154,0,0.175,0,0,0,0.275,0.982,0,0,0,0.22,0.332,0,0,0.58,0,0,0,0,0,0,0,0.423,0,0.193,0.757,0.951,0,0.177,0.322,0.617,0,0,0,0,0,0.219,0,0,0.417,0.357,0,0.402,0,0.463,0.797,0,0,0,0,0,0.156,0.448,0.192,0.177,0,0,0,0,0,0.54,0,0,0,0,0,0,0.294,0.161,0,0.154,0,0,0.591,0.221,0,0,0.822,0,0,0.867,0,0,0.926,0,0,0,0,0,0,0,0,0.151,0,0.154,0,0,0.829,0.237,0.367,0,0,0,0,0,0.475,0.724,0,0,0.2,0.166,0,0,0,0,0.923,0,0,0,0,0,0,0,0.205,0.159,0,0.161,0.294,0,0.757,0.633,0,0.389,0,0,0,0,0,0.908,0,0,0,0.572,0,0,0,0,0,0,0,0,0,0.45,0.895,0,0.365,0,0,0.328,0.789,0,0.283,0,0.229,0,0.335,0,0.51,0,0,0.373,0.169,0,0.874,0,0,0,0,0,0,0,0,0,0,0.161,0,0.177,0,0,0,0,0.172,0.982,0.154,0.648,0,0.194,0,0,0,0,0,0,0,0,0.166,0,0,0,0.191,0,0,0.151,0,0,0,0.16,0,0,0,0.41,0,0,0,0,0,0,0,0,0,0,0,0,0,0,0.205,0,0,0,0,0,0,0,0,0,0,0,0,0,0,0,0,0,0,0,0,0,0,0,0,0,0,0.444,0,0,0,0,0.159,0,0,0,0,0,0,0,0,0,0,0,0,0,0,0,0,0,0,0,0,0,0,0.312,0.466,0.378,0.171,0,0,0,0,0,0,0.249,0,0,0,0,0,0,0,0,0,0,0,0,0,0,0,0,0.371,0,0,0.258,0.173,0,0,0,0,0,0,0,0.173,0.188,0,0,0,0,0,0.181,0,0,0,0.649,0,0,0,0,0.224,0,0,0,0,0,0.162,0,0.231,0,0.231,0,0,0,0,0,0,0,0,0,0,0,0,0.198,0,0,0,0,0,0,0,0,0,0,0,0,0,0,0,0,0,0,0,0,0,0,0.225,0,0,0,0,0,0,0,0,0,0,0.535,0,0,0,0.311,0,0,0,0,0,0.15,0,0,0.257,0.262,0,0,0,0,0,0,0.191,0.209,0,0,0,0,0,0,0,0.215,0,0,0,0.263,0,0,0,0,0,0,0,0,0,0,0,0.281,0.388,0,0,0,0,0,0.172,0,0,0,0,0,0,0,0,0,0,0,0,0,0,0.162,0,0,0,0,0,0,0,0,0,0,0,0,0.446,0,0.163,0,0,0.197,0,0,0,0,0,0,0,0,0,0,0.217,0,0,0,0,0,0,0,0.218,0,0,0.24,0.397,0.665,0,0,0,0,0,0.247,0,0,0,0.216,0,0.169,0,0,0,0,0,0,0,0,0,0.155,0,0,0,0,0,0,0,0,0,0,0,0,0.343,0,0,0,0,0,0,0,0,0,0,0.289,0,0,0,0.253,0,0,0,0,0,0,0,0.486,0,0,0,0,0,0.722,0,0.446,0,0,0,0,0,0,0,0.473,0,0,0,0,0,0,0.285,0,0,0,0,0.291,0,0,0,0.159,0.188,0,0,0.447,0,0.676,0,0,0,0,0,0.205,0,0,0,0.25,0,0,0.316,0.309,0.195,0,0.198,0,0,0,0.274,0,0,0,0,0,0,0,0,0,0,0,0,0,0,0,0,0.205,0.205,0,0,0,0,0,0,0.205,0.198,0,0.551,0,0,0,0,0,0,0,0,0,0.344,0,0,0,0,0,0,0,0.168,0,0,0,0,0.205,0,0,0,0,0,0,0,0,0,0.803,0,0,0,0,0,0,0,0.294,0.205,0,0,0,0,0.159,0,0,0,0,0,0,0,0,0,0,0.161,0,0,0,0,0.435,0,0,0,0,0,0,0,0,0.388,0,0,0,0,0,0,0,0,0,0,0,0,0.376,0,0,0,0,0,0,0.168,0,0.228,0,0,0.152,0.229,0,0,0,0,0,0,0,0,0,0.209,0.557,0,0,0,0,0,0,0,0,0,0.732,0.248,0,0,0,0.677,0,0,0,0,0,0,0,0.811,0.28,0.205,0,0,0,0.171,0,0,0,0.891,0,0.436,0,0.289,0,0,0,0,0,0,0,0,0,0,0,0,0,0,0,0,0,0,0,0,0,0.151,0,0,0,0,0,0,0,0,0,0,0,0,0,0,0,0,0,0,0,0,0,0,0,0,0,0,0,0,0,0,0,0.163,0,0,0,0,0,0,0,0,0,0,0,0,0,0,0,0,0,0,0,0,0,0,0,0,0,0.167,0.184,0,0,0,0,0,0,0,0,0,0,0,0,0,0,0,0,0,0,0,0,0,0,0,0,0,0,0,0,0,0,0,0,0,0,0,0,0.331,0,0.443,0,0,0,0,0,0,0,0,0,0,0,0,0,0,0,0,0,0,0,0.167,0,0.256,0,0,0,0,0,0,0,0,0,0,0,0,0,0,0,0,0.162,0,0,0,0,0,0,0,0,0.21,0,0,0,0,0,0.162,0,0,0,0,0,0,0,0.168,0,0,0,0,0,0,0,0,0,0,0,0,0,0.868,0.284,0,0,0,0,0,0,0,0,0.226,0,0,0,0,0,0,0.311,0,0,0.571,0,0,0,0,0,0,0,0,0,0,0,0,0,0,0,0,0,0.347,0,0,0,0,0,0,0,0,0,0.218,0,0,0,0,0,0.167,0,0,0.315,0,0,0.388,0,0,0,0,0,0,0,0,0,0.362,0,0,0,0,0.184,0,0,0,0,0,0,0,0.227,0,0,0,0,0,0,0,0,0,0,0,0,0,0,0.395,0.331,0,0,0,0,0.206,0,0,0,0,0,0,0,0,0,0,0,0,0,0,0,0,0,0,0,0,0,0.177,0,0,0.186,0,0,0,0.163,0,0,0,0,0,0,0.209,0,0,0,0,0,0,0,0,0.197,0,0,0,0,0.218,0,0,0,0.161,0,0,0,0,0,0.225,0.223,0,0.2,0,0,0,0,0,0,0,0,0,0,0,0.155,0.36,0,0,0,0,0,0,0,0,0.307,0,0,0.171,0,0,0.193,0,0,0,0,0,0,0,0,0,0,0,0,0,0,0,0,0,0,0,0,0,0,0,0,0,0,0,0,0,0,0,0,0,0,0,0.237,0,0,0,0,0,0.194,0,0.2,0,0.158,0,0,0.307,0,0,0.529,0,0.15,0,0,0,0,0,0,0,0,0,0,0.23,0,0,0,0,0,0,0,0.2,0,0,0,0,0.161,0,0,0,0,0,0.191,0,0,0,0,0,0.152,0,0,0,0,0,0,0,0.154,0,0,0,0,0,0,0.169,0,0,0,0,0,0,0,0,0,0,0,0,0.154,0,0,0,0,0,0,0.24,0,0,0,0,0,0,0,0,0,0,0.173,0,0.205,0.151,0,0,0,0,0,0,0,0,0,0,0,0,0,0,0,0,0,0,0,0,0,0,0,0,0,0,0,0,0,0,0,0,0,0,0,0,0,0,0,0,0,0,0,0,0,0,0.162,0.197,0,0,0,0,0,0,0,0,0,0.162,0,0,0,0,0,0,0.186,0,0,0,0,0.247,0,0,0,0,0,0,0,0,0,0,0,0,0,0,0,0,0,0,0,0,0,0,0,0,0,0,0,0,0,0,0,0,0,0,0,0,0,0,0.205,0,0,0,0,0,0,0,0.205,0,0,0,0,0,0,0,0,0.164,0,0,0,0,0,0,0,0,0,0,0,0.633,0,0,0,0,0,0,0.185,0,0,0,0,0,0,0,0,0,0,0,0,0.206,0,0,0,0,0,0,0,0,0,0,0.215,0,0.219,0,0,0.428,0,0,0.279,0,0,0.157,0,0,0,0,0,0,0,0,0,0,0,0,0.167,0.164,0.539,0,0,0,0,0,0,0,0,0,0.288,0,0,0,0,0.21,0,0,0,0,0,0,0,0,0,0,0,0.268,0,0,0,0,0,0,0,0,0,0.288,0,0,0,0.47,0,0,0,0,0,0,0,0,0,0,0.16,0.268,0,0,0,0,0.468,0,0,0,0,0,0,0,0,0,0.318,0,0,0,0,0,0.268,0,0,0,0,0,0,0,0,0.205,0,0,0,0,0,0,0.316,0,0,0,0.492,0,0,0,0,0,0,0,0.153,0.457,0,0,0,0,0,0,0,0,0,0,0,0,0,0,0,0,0,0,0,0,0.486,0,0,0,0,0,0,0,0,0,0,0,0,0,0,0,0,0,0,0,0,0,0,0,0,0,0,0,0,0,0,0,0,0,0,0,0,0,0,0,0,0,0,0,0,0,0,0,0,0,0,0,0,0,0,0,0,0,0,0,0,0,0,0,0,0,0,0.155,0,0,0,0,0,0,0,0,0,0,0,0,0,0,0.241,0,0,0,0,0,0,0.227,0,0,0,0,0,0,0,0,0,0,0,0,0,0,0,0,0,0,0,0.173,0,0,0,0,0.198,0,0,0,0,0,0,0,0,0.269,0,0,0,0,0,0,0,0,0,0,0,0,0,0,0,0,0,0,0,0,0,0,0,0,0,0,0,0,0,0,0,0,0,0.38,0,0,0,0,0,0,0,0,0,0.35,0,0.231,0,0,0,0,0,0,0,0,0,0.989,0,0.279,0,0,0,0,0,0,0,0.851,0,0,0,0,0,0,0,0,0,0,0,0,0,0,0,0,0,0,0,0,0,0,0,0,0,0,0,0,0,0,0,0,0,0,0,0.325,0,0,0,0,0,0.324,0,0,0,0.639,0,0,0,0,0,0,0,0,0.588,0.591,0,0,0,0,0,0,0,0.947,0,0.218,0,0,0,0,0,0.2,0,0.663,0,0,0,0,0,0.2,0,0,0.838,0,0,0,0.197,0.712,0,0,0,0,0.21,0,0,0,0,0,0,0,0,0.724,0,0,0,0,0.486,0,0,0,0,0,0,0,0,0.906,0,0.889,0,0,0,0.184,0,0.205,0,0,0.238,0,0,0,0,0,0,0,0,0.346,0,0,0,0,0,0,0,0,0,0,0,0,0,0,0,0,0,0,0,0,0,0.185,0,0,0,0,0,0,0,0,0,0,0,0,0,0,0,0,0.226,0,0,0,0,0,0.159,0,0,0,0,0,0.162,0,0,0,0,0,0,0,0,0,0,0,0,0,0,0,0,0,0,0,0,0,0.159,0.153,0,0,0,0,0,0,0,0,0,0,0,0,0,0,0,0.159,0,0,0,0,0,0,0,0,0,0,0,0,0,0,0,0.318,0,0,0,0,0,0,0,0,0,0,0,0,0,0,0,0,0,0,0,0.317,0,0,0,0,0,0,0,0,0,0,0,0,0,0,0,0,0,0,0,0,0,0,0,0,0,0,0,0,0,0,0,0,0,0,0,0,0,0,0,0,0,0,0,0,0,0,0,0.218,0,0,0,0,0,0,0,0,0,0,0,0,0,0,0,0,0,0,0,0,0,0,0,0,0,0,0,0,0,0,0,0.167,0,0,0,0,0,0,0,0,0,0,0.287,0,0,0,0,0,0,0,0,0,0,0,0,0,0.205,0,0,0,0,0,0,0,0,0,0,0,0,0,0,0,0.159,0,0,0,0,0,0,0,0,0,0,0,0,0,0,0,0,0,0,0,0,0,0,0,0,0,0,0,0,0,0.343,0,0,0,0,0,0,0,0,0.205,0,0,0,0,0,0,0,0,0,0,0,0,0,0,0,0.586,0,0,0,0,0,0,0,0,0,0,0,0,0,0,0,0,0,0,0,0,0.193,0,0,0,0,0,0,0,0,0,0,0,0,0,0,0,0,0,0,0,0,0.161,0,0,0,0,0,0,0,0,0,0,0,0,0,0,0,0,0,0,0,0,0,0,0,0,0,0,0,0,0,0,0,0,0,0,0,0,0,0,0,0,0,0,0,0,0,0,0,0,0,0.167,0,0,0,0,0,0,0,0,0,0,0,0,0,0,0,0,0,0,0,0,0,0,0,0,0.186,0,0,0,0,0,0,0,0,0,0,0,0,0,0,0,0,0,0,0,0,0,0,0,0,0,0,0,0,0,0,0,0,0,0,0,0,0,0,0,0,0,0,0,0,0.162,0,0,0,0,0,0,0,0,0,0,0.162,0,0,0,0,0,0.288,0,0,0,0,0,0,0,0,0,0,0,0,0,0,0,0,0,0,0,0,0,0,0,0,0.152,0,0,0,0,0,0,0,0,0.28,0.177,0,0,0,0,0,0,0,0,0,0,0,0,0,0,0,0,0,0,0,0,0,0,0,0,0,0,0,0,0,0,0,0,0,0,0,0,0,0,0,0,0,0,0,0,0,0,0,0,0,0,0,0,0,0,0,0,0,0.254,0,0,0,0,0,0,0,0,0,0,0,0,0,0,0,0,0,0.585,0,0,0,0,0,0,0,0,0,0,0,0,0,0.262,0,0,0,0,0,0,0,0,0,0,0,0,0,0,0,0,0.928,0,0,0.187,0,0.229,0,0,0,0,0,0,0,0,0,0,0,0,0,0.17,0,0,0,0,0,0.211,0,0.24,0,0,0.186,0,0,0,0,0,0,0,0.892,0,0,0,0,0,0,0.24,0,0,0,0,0.724,0,0,0,0.93,0,0,0,0,0,0.237,0,0,0,0,0,0,0,0,0,0,0,0,0,0,0,0,0,0,0.163,0,0,0.396,0,0,0,0,0,0,0,0,0,0.205,0,0,0,0,0,0,0,0,0,0,0,0,0,0,0,0,0.699,0,0,0,0,0,0,0,0,0,0,0,0,0,0,0,0,0,0,0,0,0.284,0,0,0,0,0,0,0,0,0,0,0,0,0,0,0,0,0,0,0,0,0,0,0,0,0,0,0,0,0,0,0,0,0,0,0,0,0,0,0,0,0,0,0,0,0,0,0,0,0,0,0,0,0,0,0,0,0,0,0,0,0,0,0,0,0.239,0,0.28,0,0,0,0,0,0,0,0,0,0,0,0,0,0,0,0,0,0,0,0,0,0,0,0,0,0,0,0,0,0,0,0,0,0,0,0,0,0,0,0,0,0,0,0,0,0,0,0,0,0,0,0,0,0,0,0,0,0,0,0,0,0,0,0,0,0.497,0,0,0,0,0,0,0,0,0,0.159,0,0,0,0,0,0,0,0,0.611,0,0,0,0,0,0,0,0.839,0,0,0,0,0,0,0,0,0,0,0.806,0,0,0,0,0,0,0,0,0,0,0,0.226,0,0,0,0,0,0,0,0,0,0,0,0,0,0,0.238,0,0,0,0,0,0,0,0,0,0,0,0,0,0.154,0,0,0,0,0,0,0,0,0,0.218,0,0,0,0,0,0,0,0,0,0,0,0,0,0,0,0,0.206,0,0.21,0,0,0.504,0,0,0.205,0,0,0,0,0,0,0,0,0,0,0,0,0,0,0,0,0.171,0,0,0,0,0,0,0,0,0,0,0,0,0,0,0,0,0,0,0,0,0,0,0,0,0,0,0,0,0,0,0,0,0,0,0,0,0,0,0,0,0,0,0,0,0,0,0.159,0,0,0,0,0,0,0,0,0,0,0,0,0,0,0,0,0,0,0,0,0,0,0,0,0,0,0,0,0,0,0,0,0,0,0,0,0,0,0,0,0,0,0,0,0,0,0,0,0,0,0,0,0,0,0,0,0,0,0,0.28,0,0,0,0,0,0,0,0,0,0,0,0,0,0,0,0,0,0.347,0,0,0,0,0.205,0,0,0,0,0,0,0,0,0,0.443,0,0,0,0,0,0,0,0,0,0,0,0,0,0,0,0,0,0,0,0,0,0,0,0,0,0,0,0,0,0,0,0,0,0,0,0,0,0,0,0,0,0,0,0,0,0,0,0,0,0,0,0,0,0,0,0,0,0.711,0,0,0,0.284,0,0,0,0,0,0,0,0,0,0,0,0,0.205,0,0,0,0,0,0,0,0,0,0,0,0,0,0,0,0,0,0,0,0,0,0,0,0,0,0,0,0,0,0,0,0,0,0,0,0,0,0,0,0,0,0,0,0,0,0,0,0,0,0,0,0,0,0,0,0,0,0,0,0.379,0,0,0,0,0,0,0,0,0,0,0,0,0,0,0,0,0,0,0,0,0,0,0,0,0,0,0,0,0,0,0,0,0,0,0,0,0,0.311,0.237,0,0,0.572,0,0,0,0.296,0.556,0.526,0,0,0,0,0,0,0,0,0,0,0,0,0,0,0,0,0,0,0,0,0,0,0,0,0,0,0,0,0,0,0,0,0,0,0,0,0,0,0,0,0.205,0,0,0,0,0,0,0,0,0,0,0,0,0,0,0,0,0,0,0,0,0,0,0,0,0,0,0,0.205,0,0,0,0,0,0,0,0,0,0,0,0,0,0,0,0,0,0,0,0,0,0,0,0,0,0,0,0,0,0,0,0,0,0,0,0,0,0,0.157,0,0,0,0,0,0,0,0,0,0,0,0,0,0,0,0,0.21,0,0,0,0,0,0,0.283,0,0,0,0,0,0,0,0,0,0,0,0,0,0,0,0,0,0,0,0,0,0.163,0,0,0,0,0,0,0,0.237,0,0,0,0,0,0,0,0,0,0,0,0,0,0,0,0,0,0,0,0.295,0,0,0,0.163,0,0,0,0,0,0,0,0,0.163,0,0,0,0,0,0,0,0,0,0,0,0,0,1
853595,0,0,0,0,0,0,0,0,0.174,0.175,0,0,0,0,0,0,0,0,0,0,0,0,0.22,0,0,0,0,0,0,0,0,0.363,0,0,0,0,0,0,0,0,0,0,0,0,0,0,0,0,0,0,0,0,0,0,0,0,0,0,0,0,0,0,0,0,0,0,0,0,0,0,0,0,0,0,0,0,0,0,0,0,0,0,0,0,0,0,0,0,0,0,0,0,0,0,0,0,0,0,0,0,0,0,0,0,0,0,0,0,0,0.194,0,0.219,0,0,0,0,0,0,0,0,0,0,0,0,0.474,0,0,0,0,0,0,0,0,0,0,0,0,0,0,0,0,0,0.406,0,0,0,0,0,0,0,0,0,0,0,0.199,0,0,0,0,0,0,0,0,0.16,0,0,0,0.199,0,0,0,0,0,0,0,0,0,0,0,0,0,0,0,0,0,0,0,0,0,0,0,0,0,0,0,0,0,0,0,0,0,0,0,0,0,0,0,0,0,0,0,0,0,0,0,0,0,0,0,0,0.644,0.183,0,0,0,0,0,0,0,0,0,0,0,0,0,0,0,0,0,0,0,0,0,0,0,0,0,0,0,0,0,0,0.401,0,0,0,0,0,0,0,0,0,0,0,0,0,0,0,0,0,0,0,0,0,0,0,0,0,0,0,0,0,0,0,0,0,0,0,0,0,0,0,0,0,0,0,0,0,0,0,0,0,0,0,0,0,0,0,0,0,0,0,0,0,0,0,0,0,0,0,0,0,0,0,0,0,0,0,0,0,0,0,0,0,0,0,0,0,0,0,0,0,0,0,0,0,0,0,0,0,0,0,0,0,0,0,0,0,0,0,0,0,0,0,0,0,0,0,0,0,0,0,0.175,0,0,0,0,0,0,0,0,0,0,0,0,0,0,0,0,0,0,0,0,0,0,0,0,0,0,0,0,0,0,0,0,0,0,0,0,0,0,0,0,0.22,0,0,0,0,0,0,0,0,0,0,0,0,0,0,0,0,0,0,0,0.151,0,0,0,0,0,0.156,0,0,0,0,0,0,0,0,0,0,0,0,0,0,0,0,0,0,0,0,0,0,0,0,0,0,0,0,0,0,0,0,0,0,0,0,0,0,0,0,0,0,0,0,0.157,0,0,0,0,0,0,0,0,0,0,0,0,0,0,0,0,0,0,0,0,0,0,0,0,0,0,0,0,0,0,0,0,0,0,0,0,0,0,0,0,0,0,0,0,0.429,0,0,0,0,0,0,0.659,0,0,0,0,0,0,0,0,0,0,0.249,0,0,0,0,0,0,0,0,0,0,0,0,0,0,0,0,0.665,0,0,0,0,0,0,0,0,0,0,0,0,0,0,0,0,0,0,0,0,0,0,0,0,0,0,0,0,0,0,0,0,0,0,0,0,0,0,0,0,0,0,0,0,0,0,0,0,0,0,0,0,0,0,0,0,0,0,0,0,0,0,0,0,0,0,0,0,0,0,0,0,0,0,0,0,0,0,0,0,0,0,0,0,0,0,0,0,0,0,0,0,0,0,0,0,0,0,0,0,0,0,0,0,0,0,0,0,0,0,0,0,0,0,0,0,0,0,0,0,0,0,0,0,0,0,0,0.323,0,0,0.365,0,0.234,0,0,0,0,0,0,0,0,0,0,0,0,0,0,0,0,0,0,0,0,0,0,0,0,0,0,0,0,0,0,0,0,0.157,0,0,0,0,0.26,0,0,0,0,0,0,0,0,0,0,0,0,0,0,0,0,0,0,0,0,0,0,0,0,0,0,0,0,0,0,0.183,0,0,0,0,0,0,0,0,0,0,0,0,0,0,0,0,0,0,0,0,0,0,0,0,0,0,0,0.203,0,0,0,0,0,0,0,0,0,0,0,0,0,0,0.177,0.677,0,0,0,0.241,0,0,0,0,0,0,0,0,0,0,0,0,0,0,0,0,0,0,0,0,0,0,0,0.403,0,0,0,0,0.232,0,0,0,0,0,0,0,0.192,0,0,0,0,0,0,0,0,0,0,0,0.664,0,0,0,0,0,0,0,0,0,0,0,0,0,0,0,0,0,0,0,0,0,0,0,0,0,0,0,0,0,0,0,0,0,0,0,0,0,0,0,0,0,0,0,0,0,0,0,0,0,0.359,0,0,0,0,0,0,0,0,0,0,0,0,0,0,0,0,0,0,0,0,0,0,0,0,0,0,0,0,0,0,0,0,0,0,0,0.699,0,0,0,0,0,0,0.305,0,0,0,0,0,0,0,0,0,0,0,0,0,0,0,0,0,0,0,0,0,0,0,0,0,0.158,0,0,0,0,0,0,0,0,0,0,0,0,0,0,0,0.33,0,0,0,0,0,0.269,0,0,0,0,0,0,0.366,0,0.359,0,0,0,0,0,0,0,0,0,0,0,0,0,0,0,0,0,0,0,0,0,0,0,0,0,0,0,0,0,0,0,0,0,0,0,0,0,0,0,0,0.322,0,0,0,0,0,0,0,0,0,0,0,0,0,0,0,0,0,0,0,0,0,0,0.662,0,0,0,0,0,0,0,0,0,0,0,0,0,0,0,0,0,0,0,0,0,0,0,0,0,0,0,0,0.22,0,0,0,0,0,0.449,0,0,0,0,0,0,0,0,0,0,0,0,0,0,0,0,0,0,0,0,0,0,0,0,0,0,0,0,0,0,0,0,0,0,0,0,0,0,0,0,0.229,0,0,0,0.431,0,0,0,0,0,0,0,0,0,0,0,0,0,0,0,0,0,0,0,0,0,0,0,0,0,0,0,0,0,0,0,0,0,0,0,0,0,0,0,0,0,0,0,0,0,0,0,0,0,0,0,0,0,0,0,0,0,0,0,0,0,0,0,0,0,0,0,0,0,0,0,0,0,0,0,0,0,0,0,0,0,0,0,0,0,0.295,0,0,0,0,0,0,0,0,0,0,0,0,0,0,0,0,0,0,0,0,0,0,0,0,0,0,0,0,0,0,0,0,0,0,0,0,0,0,0,0,0,0,0,0,0,0,0,0,0,0,0,0,0,0,0,0,0,0,0,0,0,0,0,0,0,0,0,0,0,0,0,0,0.27,0,0,0,0,0.236,0,0,0,0,0,0,0,0,0,0,0,0,0,0,0,0,0,0,0,0,0,0,0,0,0,0,0,0,0,0,0,0,0,0,0,0,0,0,0,0,0,0,0,0,0,0,0,0,0,0,0,0,0,0,0,0,0,0,0,0,0,0,0,0,0,0,0,0,0,0,0.482,0,0,0,0,0.898,0,0,0,0,0,0,0,0,0,0,0,0,0,0,0,0,0,0,0,0,0,0,0,0,0,0,0,0,0,0,0,0,0,0,0,0,0,0,0,0,0,0,0,0,0,0,0,0,0,0,0,0,0,0,0,0,0,0,0,0,0,0,0,0,0,0,0,0,0,0,0,0,0,0,0,0,0,0,0,0,0,0,0.192,0,0,0,0,0,0,0,0,0,0.527,0,0,0,0,0,0,0,0,0,0,0,0,0,0,0,0,0,0,0,0,0,0,0,0,0,0,0,0,0,0,0,0,0,0,0,0,0,0,0,0,0,0,0,0,0,0,0,0,0,0,0,0,0,0,0,0,0,0,0,0,0,0,0,0,0,0,0,0,0.282,0,0,0,0,0,0,0,0,0,0,0,0,0.548,0,0,0.637,0,0,0,0,0,0,0.311,0,0.212,0,0,0,0,0,0,0,0,0,0,0,0,0,0,0,0,0,0,0,0,0,0,0,0,0,0,0.268,0,0,0,0,0,0,0,0,0.236,0,0,0,0,0,0,0,0,0,0.173,0,0,0,0,0,0,0,0,0,0.219,0,0.173,0,0,0,0,0,0,0,0,0,0,0,0,0,0,0,0,0,0,0,0,0,0,0,0,0,0,0,0,0,0,0,0,0,0,0,0,0,0,0,0,0,0,0,0,0,0,0,0,0,0,0,0,0,0,0,0,0,0,0,0,0,0,0,0,0,0,0,0,0,0,0,0,0,0,0,0,0,0,0,0,0,0,0,0,0,0,0,0,0,0,0,0,0,0,0,0,0,0.219,0,0,0,0,0,0,0,0,0,0,0,0,0,0,0,0,0,0,0,0,0,0,0,0,0,0,0,0.198,0,0,0,0,0,0,0.38,0,0,0,0,0,0,0,0,0,0,0,0,0,0,0,0,0,0,0,0,0,0,0,0,0,0,0,0,0,0,0,0,0,0,0,0,0,0,0,0.236,0,0,0.157,0,0,0,0,0,0,0,0,0,0,0,0,0,0,0,0,0,0,0,0,0,0,0,0,0,0,0,0,0,0,0,0,0,0,0,0,0,0,0,0,0,0,0,0,0,0,0,0,0,0,0,0,0,0,0,0,0,0,0,0,0,0.309,0,0,0,0,0,0,0,0,0.183,0.185,0,0,0,0,0,0,0,0,0,0,0,0,0,0,0,0,0,0,0,0,0,0,0,0,0,0,0,0,0,0,0,0,0,0,0,0,0,0,0,0,0,0,0,0,0,0,0.43,0,0,0,0.486,0,0,0,0,0,0,0,0,0,0,0,0,0,0,0,0,0,0,0,0,0,0,0,0,0,0,0,0,0,0,0,0.194,0,0,0,0,0,0,0,0,0,0,0,0,0,0,0,0,0,0,0,0,0,0,0,0,0,0,0,0,0,0,0,0,0,0,0,0,0,0,0,0,0,0,0,0,0,0,0,0.218,0,0,0,0,0,0,0,0,0,0,0,0,0,0,0,0,0,0,0,0,0,0,0,0,0,0,0,0,0,0,0,0,0,0,0,0,0,0,0,0,0,0,0,0,0,0,0,0,0,0,0,0,0,0,0,0,0,0,0,0,0,0,0,0,0,0,0,0,0,0,0,0,0,0,0,0,0,0,0,0,0,0,0,0,0,0,0,0,0,0,0,0,0,0.199,0,0,0,0,0,0,0,0.15,0,0,0,0,0,0,0.46,0,0.198,0.172,0.671,0,0,0,0,0,0,0,0,0,0,0,0.543,0,0,0,0,0.267,0.195,0,0.271,0,0,0,0.847,0,0,0,0,0,0.518,0,0.496,0,0,0.313,0,0,0,0,0.577,0,0,0,0.482,0,0.196,0,0.964,0.222,0,0.273,0,0.29,0.482,0,0,0,0,0.379,0.257,0,0.371,0,0.229,0,0.446,0,0,0.82,0,0.39,0,0,0,0.373,0,0.61,0,0,0,0,0,0.406,0,0,0,0.985,0.205,0,0,0,0,0.203,0,0.467,0,0.309,0,0,0,0,0.431,0,0,0,0,0,0,0,0,0,0,0,0,0,0,0,0,0,0,0,0,0,0,0,0,0,0,0,0,0,0,0,0,0,0,0,0,0,0,0,0,0,0,0,0,0,0,0,0,0,0,0,0,0,0,0,0,0,0,0,0,0,0,0,0,0,0,0,0,0,0,0,0,0,0,0,0,0,0,0,0,0,0,0,0,0,0,0,0,0,0,0,0,0,0,0,0,0,0,0,0,0,0,0,0,0,0,0,0,0,0,0,0,0,0,0,0,0,0,0.431,0,0,0,0,0,0,0,0,0,0,0,0,0,0,0,0,0,0,0,0,0,0,0,0,0,0,0,0,0,0,0,0,0,0,0,0,0,0,0,0,0,0,0,0,0,0,0,0,0,0,0,0,0,0,0,0,0,0,0,0,0,0,0,0,0,0,0,0,0,0,0,0,0,0,0,0,0,0,0,0,0,0,0,0,0,0,0,0,0,0,0,0,0,0,0,0,0,0,0,0,0,0,0,0,0,0,0,0,0,0.224,0,0.23,0,0,0,0,0,0,0,0,0,0,0,0,0,0,0,0,0,0,0,0,0,0,0.22,0,0,0,0.276,0,0,0,0,0,0,0.177,0,0,0,0,0,0,0,0,0,0,0,0.207,0,0,0,0,0,0,0,0,0,0,0,0,0,0,0,0,0,0,0,0,0,0,0,0,0,0,0,0,0,0,0,0,0,0,0.279,0,0,0,0,0,0,0,0,0,0,0.202,0,0,0,0,0,0,0,0,0,0,0,0,0,0,0,0,0,0,0,0,0,0,0,0,0,0,0,0,0,0,0,0,0,0,0,0,0,0,0,0,0,0,0,0,0,0,0,0,0,0,0,0,0,0,0,0,0,0,0,0,0,0,0,0,0,0,0,0,0,0,0,0,0,0,0,0,0,0,0,0,0,0,0,0,0,0,0,0,0,0,0,0,0,0,0,0,0,0,0,0,0,0,0,0,0,0,0,0,0,0,0,0,0,0,0,0,0,0,0,0,0,0,0,0,0,0,0,0,0,0,0,0,0,0.246,0,0,0,0,0,0,0,0,0,0,0,0,0,0,0,0,0,0,0,0,0,0,0,0,0,0,0,0,0,0,0,0,0,0,0,0,0,0,0,0,0,0,0,0,0,0,0,0,0,0,0,0,0,0,0,0,0,0,0,0,0,0,0,0,0,0,0,0,0,0,0,0,0,0,0,0,0,0,0,0,0,0,0,0,0,0,0,0,0,0,0,0,0,0,0,0,0,0,0,0,0,0,0,0,0,0,0,0,0,0,0,0,0,0,0,0,0,0,0,0,0,0,0,0,0,0,0,0,0,0,0,0,0,0,0,0,0,0,0,0,0,0,0,0,0,0,0,0,0,0,0,0,0,0,0,0,0,0,0.22,0,0,0,0,0,0,0,0,0,0,0,0,0,0,0,0,0,0,0,0,0,0,0,0,0,0,0,0,0,0,0,0,0,0,0,0,0,0,0,0,0,0,0,0,0,0,0,0,0.236,0,0,0,0,0,0,0,0,0,0,0,0,0,0,0,0,0,0,0,0,0,0,0,0,0,0,0,0,0,0,0,0,0,0,0,0,0,0,0,0,0,0,0,0,0,0,0,0,0,0,0,0,0,0,0,0,0,0,0,0,0,0,0,0,0,0,0,0,0,0,0,0,0,0,0,0,0,0,0,0,0,0,0,0,0,0,0,0,0.231,0,0,0,0,0,0,0,0,0,0,0,0,0,0,0,0,0,0,0,0,0,0,0,0,0,0,0,0,0,0,0,0.193,0,0,0,0,0,0,0,0,0,0,0,0,0,0,0,0,0,0,0,0,0,0,0,0,0,0,0,0,0,0,0,0,0,0,0,0,0,0,0,0,0,0,0,0,0,0,0,0,0,0,0,0,0,0,0,0,0.242,0,0,0,0,0,0,0,0,0.289,0,0,0,0,0,0.311,0,0,0,0,0,0,0,0,0,0,0,0,0,0,0.311,0,0,0,0,0,0,0,0.311,0,0,0,0,0,0,0,0,0,0,0,0,0,0.197,0,0,0,0,0,0,0,0,0,0,0,0,0,0,0,0,0,0,0,0,0,0,0,0,0,0,0,0,0,0,0,0,0,0,0,0,0,0,0,0,0,0,0,0,0,0.273,0,0,0,0,0,0,0,0,0,0,0,0,0,0,0.157,0,0,0,0,0,0,0,0,0,0,0,0,0,0.314,0,0,0,0,0,0,0,0,0,0,0.536,0,0,0,0,0,0,0,0,0,0,0,0,0,0,0,0,0,0,0,0,0,0,0,0,0,0,0,0,0,0,0,0,0,0,0,0,0,0,0,0,0,0,0,0,0,0,0,0,0,0,0,0,0,0,0,0,0,0,0,0,0,0,0,0,0,0,0,0,0,0,0,0,0,0,0,0,0,0,0,0,0,0,0,0,0,0,0,0,0,0,0,0,0,0,0,0,0,0.952,0,0,0,0,0,0,0,0,0,0,0,0,0,0,0,0,0,0,0,0,0,0,0.9,0,0,0,0,0,0,0,0,0,0,0,0,0,0,0,0,0,0,0,0,0,0,0,0,0,0,0,0,0,0,0,0,0,0,0,0,0,0,0,0,0,0,0,0,0.313,0,0,0,0,0,0,0,0,0,0,0,0,0,0,0,0,0,0,0,0,0,0,0,0,0,0,0,0,0,0,0,0,0,0,0,0,0,0,0.295,0,0,0,0,0.309,0,0,0,0,0,0,0,0,0,0.199,0,0,0,0,0,0,0,0,0,0,0,0,0,0,0,0,0,0,0,0,0,0,0,0,0,0,0,0,0,0,0,0,0,0,0,0,0,0,0,0,0,0,0,0,0,0.248,0,0,0,0,0,0,0,0,0,0,0,0,0,0,0,0,0,0,0.313,0,0,0,0,0,0,0,0,0,0,0,0,0,0,0,0,0,0,0,0,0,0,0,0,0,0,0,0,0,0,0,0,0,0,0,0,0,0,0,0.426,0,0,0,0,0,0,0,0,0.414,0,0,0,0,0,0,0,0,0,0,0,0,0,0,0,0.511,0,0,0,0,0,0,0,0,0,0,0,0,0,0,0,0,0,0,0,0,0,0,0,0,0,0,0,0,0,0,0,0,0,0,0,0,0,0,0,0,0,0,0,0,0,0,0,0,0,0,0,0,0,0,0,0,0,0,0,0,0,0,0,0,0,0,0,0,0,0,0,0,0,0,0,0,0,0,0,0,0,0,0,0,0,0,0,0,0,0,0,0,0,0,0,0,0,0,0,0,0,0,0,0,0,0,0,0,0,0,0,0,0,0,0,0,0,0,0.675,0,0,0,0,0,0,0,0,0,0,0,0,0,0,0,0,0,0,0,0,0,0.232,0,0,0,0,0,0,0,0,0,0,0,0,0,0,0,0,0,0,0,0,0,0,0,0,0,0,0,0,0,0,0,0,0,0,0,0,0,0,0,0,0,0,0,0,0,0,0,0,0,0,0,0,0,0,0,0,0,0,0,0,0,0,0,0,0,0,0,0,0,0,0,0,0,0,0,0,0,0,0,0,0,0,0,0,0,0,0,0,0,0,0,0,0,0,0,0,0,0,0,0,0,0,0,0,0,0,0,0,0,0,0,0,0,0,0,0,0,0,0.662,0,0,0,0,0,0,0,0,0,0,0,0,0,0,0,0,0,0,0,0,0,0,0,0,0,0,0,0,0,0,0,0,0,0,0,0,0,0.338,0,0,0,0,0,0.749,0,0,0,0,0,0,0,0,0,0,0,0,0,0,0,0,0,0,0,0,0,0,0,0,0,0,0,0,0,0,0,0,0,0,0.48,0,0,0,0,0,0,0,0.502,0,0,0,0,0,0,0,0,0.197,0,0,0,0,0,0,0,0.182,0,0.426,0,0,0,0,0,0,0,0,0,0,0,0,0,0,0,0,0,0,0,0,0,0,0,0,0,0,0,0,0,0,0,0,0,0,0,0.252,0,0,0,0,0,0,0,0,0,0,0,0,0,0,0,0,0,0,0,0,0,0.47,0,0,0,0,0,0,0,0,0,0,0,0,0,0,0,0,0,0,0,0,0,0,0,0,0,0,0,0,0,0,0,0,0,0,0,0.23,0,0,0,0,0,0,0,0,0,0,0,0.312,0,0,0,0,0.691,0,0,0,0,0,0,0,0,0,0,0,0,0,0,0,0,0,0,0,0,0,0,0,0,0,0,0,0,0,0,0.595,0,0,0,0,0,0,0,0,0,0,0,0,0,0.331,0,0,0,0,0,0,0,0,0,0,0,0,0,0,0,0,0,0,0,0,0,0.356,0,0,0,0,0.335,0,0,0,0,0,0,0,0,0,0,0,0,0,0,0,0,0,0,0,0,0,0,0,0,0,0,0,0,0,0,0,0,0,0,0,0,0,0,0,0,0,0,0,0,0,0,0,0,0,0,0,0,0,0,0,0,0,0,0,0,0,0,0,0,0,0,0,0,0,0,0,0,0,0,0,0,0,0,0,0,0,0,0,0,0,0,0,0,0,0,0,0,0,0,0,0,0,0,0,0,0,0,0,0,0,0,0,0,0,0,0,0,0,0,0,0,0,0,0,0,0,0,0,0,0,0,0,0,0,0,0,0,0,0,0,0,0,0,0,0,0,0,0,0,0,0,0,0,0,0,0,0,0,0,0,0.997,0,0
851172,0.411,0,0,0,0,0,0,0,0,0,0,0,0,0,0,0,0,0,0.833,0,0,0,0,0,0,0,0.156,0,0,0,0,0,0,0,0,0,0,0,0,0,0,0,0,0,0.256,0,0,0,0,0,0,0,0,0,0,0,0,0,0,0,0,0,0,0,0,0,0,0,0,0,0,0,0,0,0,0,0,0,0,0,0,0,0,0,0,0,0,0,0.61,0,0,0,0,0,0,0,0,0,0,0,0,0,0,0,0,0,0,0.483,0,0,0,0,0,0,0,0,0,0,0.633,0,0,0,0,0,0,0,0,0,0,0,0,0,0,0,0.539,0,0,0,0.154,0,0,0,0.195,0,0,0,0,0,0,0,0,0,0,0,0,0.219,0,0,0,0.196,0,0,0,0,0,0,0,0,0,0,0,0,0,0,0,0,0.169,0,0,0,0,0,0,0,0,0,0,0,0,0,0,0,0,0,0,0.34,0,0,0,0,0,0,0.625,0,0,0.25,0,0,0,0,0.554,0,0,0,0,0,0,0,0,0,0,0,0,0,0,0,0,0,0,0,0,0,0,0.786,0,0,0.173,0,0,0.198,0,0,0,0,0,0,0,0,0,0,0,0,0,0,0,0,0,0,0,0,0,0,0,0,0,0,0,0.236,0,0,0,0,0,0,0,0,0,0,0,0,0,0,0,0,0,0,0,0,0,0,0.194,0,0,0,0.45,0,0,0,0,0,0,0,0,0,0,0,0,0,0,0,0,0.169,0.756,0,0,0,0,0,0.482,0,0,0,0,0,0,0,0,0,0,0,0,0,0,0,0,0.331,0,0,0,0,0,0,0,0,0,0,0,0,0,0,0,0,0,0.338,0,0,0,0,0,0,0,0,0,0,0,0,0,0,0,0,0.39,0,0,0,0,0,0,0,0,0,0,0,0,0,0,0,0,0,0,0,0,0,0,0,0,0,0,0,0,0,0,0,0,0,0,0,0,0,0,0,0,0,0,0,0,0,0,0.924,0,0,0,0,0,0,0,0,0,0,0,0,0,0,0,0,0,0.195,0,0,0,0,0,0,0,0,0.159,0,0,0.515,0,0,0,0,0,0,0,0,0,0,0,0,0,0,0,0,0.445,0,0,0,0,0,0,0,0,0,0,0,0,0,0,0,0,0,0,0,0,0,0.165,0,0,0,0,0,0,0,0,0,0,0,0,0,0,0,0,0,0,0,0,0,0,0,0,0,0,0,0,0.698,0,0,0,0,0.309,0,0,0,0,0,0,0,0,0,0,0,0,0,0,0,0,0,0,0,0,0,0,0.182,0,0,0,0,0,0.786,0,0,0.194,0,0,0,0,0,0,0,0,0,0,0,0,0.295,0,0,0,0,0,0,0,0.443,0,0,0,0,0,0,0,0,0,0,0,0,0,0,0,0,0,0,0,0,0,0,0,0,0,0,0,0,0,0.347,0,0,0,0,0,0,0,0,0,0.68,0,0.448,0,0,0,0,0,0,0,0.191,0,0,0,0,0,0,0,0,0,0,0,0,0.196,0,0.196,0,0,0,0,0,0,0,0,0,0,0,0,0,0,0,0,0,0,0,0,0,0,0,0,0.194,0.234,0,0,0,0,0,0,0,0,0.173,0,0,0,0,0,0,0,0,0,0,0,0,0,0,0,0,0,0,0,0,0,0,0,0,0,0,0,0.171,0,0,0,0,0,0,0,0,0,0,0,0,0.333,0,0,0,0,0,0,0,0,0,0,0,0,0,0,0,0,0,0,0,0,0,0.191,0,0,0,0.61,0,0,0,0,0,0,0,0,0,0,0,0,0,0,0,0,0,0,0,0,0,0,0,0,0,0,0,0,0,0,0,0,0,0,0,0,0,0,0,0,0,0,0,0.284,0,0,0,0,0,0.974,0,0,0,0,0.61,0,0,0.878,0,0,0,0,0,0,0,0,0,0,0,0,0,0,0,0,0.376,0,0,0,0,0,0,0,0,0,0,0,0.538,0,0,0,0,0,0,0,0,0,0,0,0,0,0,0,0,0,0,0,0,0,0,0,0,0,0,0,0,0,0,0,0.258,0,0,0,0,0.219,0,0.219,0,0,0,0,0.229,0,0,0,0,0.298,0,0,0,0,0,0,0,0,0,0,0,0,0,0,0,0,0,0,0,0,0,0,0,0,0,0,0,0.512,0,0,0,0,0,0,0,0,0,0.338,0,0,0,0,0,0,0,0,0,0,0.553,0,0,0,0,0,0,0,0,0,0,0,0,0,0,0,0,0,0,0,0,0,0,0,0,0,0,0,0,0,0.554,0,0,0,0,0,0,0.695,0,0,0,0,0,0,0,0,0,0,0,0,0,0,0,0,0,0,0,0,0,0,0,0.343,0,0,0,0,0,0,0,0,0,0,0,0,0,0,0,0,0,0,0,0,0,0,0,0,0,0,0,0,0,0,0,0,0,0,0,0.22,0,0,0,0,0,0,0,0,0,0,0,0,0,0,0,0,0,0,0,0,0,0,0,0.163,0,0,0,0,0,0.68,0,0,0.535,0,0,0,0,0,0,0,0,0,0,0,0,0,0,0,0,0,0,0,0,0,0,0,0,0,0.355,0,0,0,0,0,0,0,0.572,0,0,0.539,0,0,0,0,0.482,0.373,0,0,0,0,0,0,0,0,0,0,0,0,0,0,0,0.159,0,0,0,0,0,0.229,0,0,0,0,0.203,0,0,0,0,0,0,0,0,0.155,0.227,0,0,0,0,0.216,0,0,0,0,0,0.394,0,0,0.446,0,0,0,0,0,0,0,0,0,0.161,0,0,0,0,0,0,0,0,0,0,0.633,0,0,0,0,0,0,0,0,0,0,0,0,0.208,0,0,0,0,0,0,0,0.164,0,0,0,0,0,0,0,0,0,0,0.41,0,0.26,0,0,0,0,0,0,0,0,0,0.229,0,0,0,0,0,0,0,0,0,0,0,0,0,0,0,0,0,0.33,0,0.235,0,0,0,0,0,0,0,0,0,0,0,0,0,0,0,0,0,0,0,0,0.459,0,0.514,0,0,0,0.739,0,0,0,0.152,0,0,0,0,0,0.227,0,0.61,0.483,0,0,0,0,0,0,0,0.22,0,0,0,0,0.161,0,0,0,0,0,0,0,0,0,0.481,0,0,0,0,0,0,0,0.638,0,0,0,0,0,0,0,0,0,0,0,0,0,0,0.416,0,0,0,0,0,0,0,0,0,0,0,0,0,0,0,0,0.191,0,0,0,0,0,0.309,0,0,0.276,0,0,0,0,0,0,0,0,0,0,0,0,0,0.37,0,0.165,0,0,0,0,0,0,0,0,0,0,0,0,0,0,0,0,0,0.652,0,0,0,0,0,0,0,0,0,0.19,0,0,0,0,0,0,0,0,0,0,0,0,0,0,0,0.45,0,0,0,0,0,0,0,0,0,0,0,0,0.392,0,0,0,0,0,0,0,0,0,0,0,0,0,0.155,0,0,0,0,0,0,0,0,0,0,0,0,0,0,0,0,0.217,0,0,0,0,0,0,0,0,0,0,0.375,0,0,0,0,0,0,0.193,0,0,0,0,0.398,0,0,0,0,0,0,0,0,0,0,0,0,0,0.226,0,0,0,0,0,0.237,0,0,0,0,0,0,0,0,0,0,0,0.226,0.254,0,0,0,0,0,0,0,0,0,0.786,0,0,0,0,0,0,0,0,0,0,0,0,0,0,0,0,0,0,0,0,0,0,0,0,0,0.227,0,0,0,0,0,0,0,0,0,0,0,0,0,0,0,0,0,0,0,0.531,0,0,0,0,0,0,0,0,0,0,0,0,0,0,0,0,0,0,0,0,0,0,0,0,0,0,0,0,0,0,0,0,0,0,0,0,0,0,0,0,0,0,0,0,0,0,0,0,0,0,0,0,0,0,0,0,0,0,0,0,0,0,0,0,0,0,0,0,0,0,0,0,0,0,0,0,0,0,0,0,0,0,0,0,0,0,0,0,0,0,0,0,0,0,0,0,0,0,0,0,0,0,0,0,0,0,0,0,0.481,0,0,0,0,0,0,0,0,0,0,0,0,0,0,0,0,0,0,0,0,0.39,0,0,0,0,0,0,0,0,0,0,0,0,0,0,0,0,0,0,0,0,0.612,0,0,0,0,0,0,0,0,0,0,0,0,0,0,0,0,0,0,0,0,0,0.171,0,0,0,0,0,0,0,0,0,0,0,0,0,0,0,0,0,0,0.217,0,0,0.194,0,0,0,0.37,0,0,0,0,0,0,0,0,0,0,0,0,0,0,0,0,0,0,0,0,0,0,0,0,0,0,0,0,0,0,0,0,0,0,0,0,0,0,0,0,0,0,0,0,0,0,0,0,0.29,0,0,0,0,0,0,0,0,0,0,0,0.276,0.288,0,0,0,0,0,0,0,0,0,0,0,0,0,0,0,0,0,0.171,0,0,0,0,0,0,0,0,0,0,0,0,0,0,0,0,0,0,0,0,0,0,0,0,0,0,0,0,0,0,0,0,0,0,0,0,0,0,0,0,0,0,0,0,0,0,0,0,0,0,0,0,0,0,0,0,0,0,0,0,0,0,0,0,0,0,0,0,0,0,0,0,0,0,0,0,0,0,0,0,0,0,0,0,0,0,0,0,0,0,0,0,0,0,0,0,0,0,0,0,0,0,0,0,0,0,0.338,0,0,0,0,0,0,0,0,0,0,0,0,0,0,0,0,0,0,0,0,0,0,0,0,0,0,0,0,0,0,0,0,0,0,0,0,0,0,0,0,0,0,0,0,0,0,0,0,0,0,0.295,0,0,0,0,0,0,0,0,0,0,0,0,0,0,0,0,0,0,0,0,0,0,0.195,0,0,0,0,0,0,0,0,0,0,0,0,0,0.194,0,0,0,0,0,0,0,0,0,0,0,0,0,0,0,0,0,0,0,0,0,0,0,0,0,0,0,0,0,0,0,0,0,0,0,0,0,0,0,0,0,0,0,0,0,0,0,0,0,0,0,0,0,0,0,0,0,0,0,0,0,0,0,0,0,0,0,0,0.252,0,0,0,0,0,0,0,0,0,0.376,0,0,0,0,0,0,0,0,0,0,0,0,0,0,0,0,0,0,0,0,0,0,0,0,0,0,0,0,0,0,0,0,0,0,0,0,0,0,0,0,0.3,0,0,0,0,0,0,0,0,0,0,0,0,0,0,0,0,0,0,0,0,0,0,0,0,0,0,0,0,0,0,0,0,0,0,0,0,0,0,0,0,0,0,0,0,0,0,0,0,0,0,0,0,0,0,0,0,0,0,0,0,0,0,0,0,0,0,0,0,0,0,0,0,0,0,0.477,0,0,0,0,0,0,0,0,0,0,0,0,0,0,0,0,0,0,0,0,0,0,0,0,0,0,0,0,0,0,0,0,0,0,0,0,0,0,0,0,0,0,0,0,0,0,0,0,0,0,0,0,0,0,0,0,0,0,0,0,0,0,0,0,0,0,0,0,0,0,0,0,0,0,0,0,0,0,0,0,0,0,0,0,0,0,0,0,0,0,0,0,0,0,0,0,0,0,0,0.21,0,0,0,0,0,0,0,0,0,0,0,0,0,0,0,0,0,0,0,0,0,0,0,0,0,0,0,0,0,0,0,0,0,0,0,0,0,0,0,0,0,0,0,0,0,0,0,0,0,0,0,0,0,0,0,0,0,0,0,0,0,0,0,0,0,0,0,0,0,0,0,0,0,0,0,0,0,0,0,0,0,0,0,0,0,0,0,0,0,0,0,0,0,0,0,0,0,0,0,0,0,0,0,0,0,0,0,0,0,0,0,0,0,0,0,0,0,0,0,0,0,0,0,0,0,0,0,0,0,0,0,0,0,0,0,0,0.226,0,0,0,0,0,0,0,0,0,0,0,0,0,0,0,0,0,0,0,0,0,0,0,0,0,0,0,0,0,0,0,0,0,0,0,0,0,0,0,0,0,0,0,0,0,0,0,0,0,0,0,0,0,0,0,0,0,0,0,0,0,0,0,0,0,0,0,0,0,0,0,0,0,0,0,0,0,0,0,0,0,0,0,0,0,0,0,0,0,0,0,0,0,0,0,0,0,0,0,0,0,0,0,0,0,0,0,0,0,0,0,0,0,0,0,0,0,0,0,0,0,0,0,0,0,0,0,0,0,0,0,0,0,0,0,0,0,0,0,0,0,0,0,0,0,0,0,0,0,0,0,0,0,0,0,0,0,0,0,0,0,0,0,0,0,0,0,0,0,0,0,0,0,0,0,0,0,0,0,0,0,0,0,0,0,0,0,0,0,0,0,0,0,0,0,0,0,0,0,0,0,0,0,0,0,0,0,0,0,0,0,0,0,0,0,0,0,0.293,0,0,0,0,0,0,0,0,0,0,0.177,0,0,0,0,0,0,0,0,0,0,0,0,0,0,0,0,0,0,0,0,0,0,0,0,0,0,0,0,0,0,0,0,0,0,0,0,0,0,0,0,0,0,0,0,0,0,0,0,0,0,0,0,0,0,0,0,0,0,0,0,0,0,0,0,0,0,0,0,0,0,0,0,0,0,0,0,0,0,0,0,0,0,0,0,0,0,0,0,0,0,0,0,0,0,0,0,0,0,0,0,0,0,0,0,0,0,0,0,0,0,0,0,0,0.171,0,0,0,0,0,0,0,0,0,0,0,0,0,0,0,0,0,0,0,0,0,0,0,0,0,0,0,0,0,0,0,0,0,0,0,0,0,0,0,0,0,0,0,0.355,0,0,0,0,0,0,0,0,0,0,0,0,0,0,0,0,0,0,0,0,0,0,0,0,0,0,0,0,0,0,0,0,0,0,0,0,0,0,0,0,0,0,0,0,0,0,0,0,0,0,0,0,0,0,0,0,0,0,0,0,0,0,0,0,0,0,0,0,0,0,0,0,0,0,0,0,0,0,0,0,0,0,0,0,0,0,0,0,0,0,0,0,0,0,0,0,0,0,0,0,0,0,0,0,0,0,0,0,0.271,0,0,0,0,0,0,0,0,0,0,0,0,0,0,0,0,0,0,0,0,0,0,0,0,0,0,0,0,0,0,0,0,0,0,0,0,0,0,0,0,0,0,0,0,0,0,0,0,0,0,0,0,0,0,0,0,0,0,0,0,0,0,0,0,0,0.196,0,0,0,0,0.297,0,0,0,0,0,0,0,0,0,0,0.219,0,0.171,0,0,0,0,0,0,0,0,0,0,0,0,0,0,0,0,0,0,0,0,0,0,0,0,0,0,0,0,0,0,0,0,0,0,0,0,0,0,0,0,0,0,0,0,0,0,0,0,0,0,0.483,0,0,0,0,0,0,0,0,0,0,0,0,0,0,0,0,0,0,0.237,0,0,0,0,0,0.315,0,0,0,0,0,0,0,0,0,0.38,0.659,0,0,0,0,0,0,0,0,0,0,0,0,0,0,0,0,0,0,0,0,0,0,0,0,0,0,0,0,0,0,0,0,0,0,0,0,0,0,0,0,0,0,0,0,0,0,0,0,0,0,0,0,0,0,0,0,0,0,0,0,0,0,0,0,0,0,0,0,0,0,0,0,0,0,0,0,0,0,0,0,0,0,0,0,0,0,0,0,0,0,0,0,0,0,0,0,0,0,0,0,0,0,0,0,0,0,0,0,0,0,0.216,0,0,0,0,0,0,0,0.226,0,0,0,0,0,0,0,0,0,0,0,0,0,0,0,0,0,0,0,0,0,0,0,0,0.193,0,0,0,0,0,0,0,0,0,0,0,0,0.163,0,0,0,0,0,0,0,0,0,0,0,0,0,0,0,0,0,0,0,0,0,0,0,0,0,0,0,0,0,0,0,0,0,0,0,0,0,0,0,0,0,0,0,0,0,0,0,0,0,0,0,0,0,0,0,0,0.219,0,0,0,0,0,0,0,0,0,0,0,0,0,0,0,0,0,0,0,0,0,0,0,0,0,0,0,0,0,0.169,0,0,0,0,0,0,0,0,0,0,0,0,0,0,0,0,0,0,0,0,0,0,0,0,0,0,0,0,0,0,0,0,0,0,0,0,0,0,0,0,0,0,0,0,0,0,0,0,0,0,0,0,0,0,0,0,0,0,0,0,0,0,0,0,0,0,0,0.339,0,0,0,0,0,0,0,0.156,0,0,0,0,0,0,0,0,0,0,0,0,0,0,0,0,0,0.22,0,0,0,0,0.787,0,0,0,0,0,0,0,0,0,0,0,0,0,0,0,0,0,0,0,0,0,0,0,0,0,0,0,0,0,0,0,0,0,0,0,0,0,0.481,0,0,0,0,0,0,0,0,0,0,0,0,0,0,0,0,0,0,0,0,0.373,0,0,0,0,0,0,0,0,0,0,0,0,0,0,0,0,0,0,0,0,0,0,0,0,0,0,0,0,0,0,0,0,0,0,0,0,0,0,0,0,0,0,0,0,0,0,0,0,0,0,0,0,0,0,0,0,0,0,0,0,0,0,0,0,0,0,0,0,0,0,0,0,0,0,0,0,0.171,0,0,0,0,0,0,0,0,0,0,0,0,0,0,0,0,0,0,0,0,0,0,0,0,0,0,0,0,0,0,0,0,0,0,0,0,0,0,0,0,0,0,0,0,0,0,0,0,0,0,0,0,0,0,0,0,0,0,0,0,0,0,0,0,0,0,0,0,0,0,0,0,0,0,0,0,0,0,0,0,0,0,0,0,0,0,0,0,0,0,0,0,0,0,0,0,0,0,0,0,0,0,0,0,0,0,0,0,0,0,0,0,0,0,0,0,0,0,0,0,0,0,0,0,0,0,0,0,0,0,0,0,0,0,0,0,0,0,0,0,0,0,0,0,0,0,0,0,0,0,0,0,0,0,0,0,0,0,0,0,0,0,0,0,0,0,0,0,0,0,0,0,0,0,0,0,0,0,0,0,0,0,0,0,0,0,0,0,0.197,0,0,0,0,0,0,0,0,0,0,0,0,0,0,0,0,0,0,0,0,0,0,0,0,0,0,0,0,0,0,0,0,0,0,0,0,0,0,0,0,0,0,0,0,0,0,0,0,0,0,0,0,0,0,0,0,0,0,0,0,0,0,0,0,0,0,0,0,0,0,0,0,0.196,0.228,0,0,0,0,0.169,0,0,0,0,0,0,0,0,0,0,0,0,0,0,0.213,0,0,0,0,0.444,0,0,0,0,0,0,0,0,0,0,0,0,0,0,0,0,0,0,0,0.744,0,0,0,0,0,0,0,0,0,0,0,0,0,0,0,0,0,0,0,0,0,0,0,0,0,0,0,0,0,0,0,0,0,0,0,0,0,0,0,0,0,0,0,0,0,0,0,0,0,0,0,0,0,0,0,0,0,0,0,0,0,0,0,0,0,0,0.195,0,0,0,0,0,0,0,0,0,0,0,0,0,0,0,0,0,0,0,0,0,0,0,0,0,0,0,0,0,0,0,0,0,0.539,0,0,0,0,0,0,0,0,0,0,0,0,0,0,0,0,0,0,0,0,0,0,0,0,0,0,0,0,0.256,0,0,0,0,0,0,0,0,0,0,0,0.198,0,0,0,0,0,0,0,0,0,0,0,0,0,0,0,0,0,0,0,0,0,0,0,0,0,0,0,0.169,0,0,0,0,0,0,0,0,0,0,0,0,0,0,0,0,0,0,0,0,0,0,0,0,0,0,0,0,0,0,0,0,0,0,0,0,0,0,0,0,0,0,0,0,0,0,0,0,0,0,0,0,0,0,0,0,0.225,0,0,0,0,0,0,0,0,0,0,0,0,0,0,0,0.22,0.794,0,0,0,0,0,0,0,0,0,0,0,0,0,0,0,0,0,0,0,0,0,0.258,0,0,0,0,0,0,0,0,0,0.445,0.196,0,0,0,0,0,0,0,0,0,0,0,0,0,0,0,0,0,0.611,0,0,0,0,0,0.288,0,0,0,0,0,0,0,0,0,0,0,0,0,0,0,0,0,0,0.536,0,0,0.258,0,0,0,0,0,0,0,0,0,0,0.781,0.658,0,0.21,0,0,0,0,0.332,0,0,0.54,0,0,0,0,0,0,0
855651,0,0,0,0,0,0,0,0,0,0,0,0,0,0,0,0,0,0,0,0,0,0,0,0,0,0,0.163,0,0,0,0,0,0,0,0,0,0,0,0,0,0,0,0,0,0,0,0,0,0,0,0,0.179,0,0,0,0,0.162,0,0,0,0,0,0,0,0,0,0,0,0,0,0.157,0,0.392,0,0,0,0,0,0,0.297,0,0,0,0,0,0,0,0,0,0,0,0,0.152,0,0,0,0,0,0,0,0,0,0,0,0,0,0,0.151,0,0,0,0,0,0,0,0,0,0,0,0,0,0,0,0,0,0,0,0.697,0,0,0,0.34,0,0,0,0,0,0,0.163,0,0.179,0.196,0.15,0,0.161,0,0,0,0,0,0,0,0,0,0,0,0,0,0,0,0,0,0,0,0,0,0,0,0,0.265,0,0,0,0,0,0,0,0,0,0,0,0,0,0,0,0.226,0,0,0,0.248,0,0,0,0,0,0,0.16,0,0,0.615,0,0,0,0,0,0,0.258,0.178,0,0.167,0,0,0.168,0.594,0,0,0.209,0,0,0,0.455,0,0,0.334,0,0,0,0,0.336,0.489,0.422,0,0,0,0.637,0,0,0,0,0,0,0,0,0.15,0.301,0,0,0,0.174,0,0,0,0,0,0,0,0,0,0.345,0,0.929,0.151,0.159,0,0.175,0.398,0,0.286,0,0,0,0,0,0,0,0.407,0,0.161,0,0,0,0,0.15,0.186,0,0,0,0,0,0,0,0,0,0,0,0,0,0,0,0.236,0.338,0,0,0,0,0,0,0.905,0,0.366,0,0,0,0,0.407,0.331,0,0.358,0,0,0,0.234,0.218,0.243,0.168,0.17,0,0,0,0,0,0,0.398,0,0.196,0,0,0,0,0,0,0,0.179,0.404,0,0.157,0,0,0.207,0,0.197,0,0,0.286,0,0.217,0,0,0,0.347,0,0.16,0,0,0.156,0,0,0.172,0.214,0,0.195,0.822,0,0,0,0,0.209,0,0,0.335,0,0,0,0.254,0,0.202,0.226,0,0,0,0.24,0,0,0,0.386,0,0,0.331,0.663,0,0.899,0.297,0,0,0.2,0,0,0,0,0.472,0,0,0.297,0,0,0.223,0.798,0,0.172,0,0.208,0,0.17,0,0,0.309,0.235,0,0,0,0,0,0,0,0.212,0,0.96,0,0,0,0,0,0,0,0,0.223,0,0,0,0,0.246,0,0.164,0,0,0,0.229,0.547,0,0,0,0.265,0.211,0.26,0,0,0.154,0.296,0,0.26,0.287,0,0,0.246,0,0.223,0,0,0.217,0.529,0,0,0,0.24,0.155,0,0.174,0.226,0,0,0,0.636,0,0,0,0,0,0,0,0,0.262,0,0,0.319,0.152,0,0,0,0,0,0,0.17,0.25,0,0.348,0.217,0.181,0,0,0,0.152,0,0,0.337,0,0.262,0.223,0,0,0,0,0,0.174,0,0.181,0,0.243,0.242,0.218,0,0.316,0,0.192,0.378,0,0,0.186,0,0.623,0,0.307,0.386,0,0,0,0,0,0,0,0.264,0,0,0.159,0,0,0.201,0.318,0.41,0,0,0,0,0,0.81,0,0.273,0.161,0,0.154,0.153,0,0,0,0,0,0.372,0,0.208,0,0,0.453,0,0,0.164,0,0,0,0.354,0,0,0.161,0,0,0.776,0,0.421,0,0,0,0,0,0,0,0,0,0,0.442,0.286,0.205,0,0,0,0,0,0.654,0,0,0,0,0.217,0,0,0,0,0,0,0.179,0,0.183,0.26,0.235,0.982,0,0.293,0.212,0,0,0,0,0,0,0,0,0,0,0,0,0,0,0.203,0,0,0,0.156,0.245,0,0,0,0,0,0,0,0,0,0,0,0,0,0,0,0,0,0,0,0,0,0.242,0.618,0,0,0.291,0.343,0,0,0.345,0,0,0,0,0,0.223,0.169,0,0.186,0,0,0.161,0,0.158,0,0,0,0,0,0,0,0,0.602,0.439,0.282,0,0,0,0,0,0.916,0,0,0,0.189,0.155,0.943,0,0,0,0.647,0,0,0,0.188,0,0.181,0,0.184,0,0,0,0.189,0,0,0.258,0,0.897,0,0,0.225,0.447,0,0.203,0,0,0.29,0,0,0,0,0,0,0,0,0,0,0,0.285,0,0,0.23,0.232,0,0,0.15,0.325,0,0,0.402,0.185,0,0,0.175,0,0.178,0,0.287,0.232,0,0,0,0,0,0.172,0,0,0,0.198,0.233,0,0,0.196,0,0,0,0,0.223,0,0.456,0,0.574,0,0,0.161,0,0,0,0,0.202,0,0,0,0,0.153,0,0,0,0,0,0,0,0.285,0,0,0.52,0.696,0.636,0,0.491,0,0.333,0,0,0,0.216,0,0.322,0,0,0,0,0.209,0,0,0,0,0,0,0,0,0,0.282,0.185,0.26,0.212,0,0.231,0,0.168,0.248,0,0,0,0,0.407,0,0.183,0,0.171,0,0,0,0,0,0,0,0.197,0,0.341,0,0.16,0.207,0.223,0,0.278,0,0.367,0,0,0.191,0,0,0.218,0.314,0.35,0.181,0.152,0,0,0,0,0,0,0,0.351,0,0,0.15,0,0,0,0.36,0.167,0,0.19,0.189,0,0,0,0,0,0,0,0.196,0.222,0.36,0,0,0.172,0,0,0,0,0,0.652,0.279,0,0.826,0,0.163,0,0.188,0,0.646,0,0.222,0,0.164,0.937,0.527,0,0,0,0,0,0.254,0,0,0,0,0,0,0,0,0,0,0,0,0,0,0,0,0,0,0,0,0,0,0,0,0,0,0,0,0,0,0,0,0,0,0,0,0,0,0,0,0,0,0,0,0,0.173,0,0,0.309,0,0,0,0,0,0,0,0,0,0,0,0.22,0,0,0,0,0,0,0,0.226,0.167,0,0,0,0.165,0,0,0,0,0,0,0,0,0,0,0,0,0.173,0,0,0,0,0,0,0,0,0,0,0.548,0,0,0,0.219,0,0,0,0.371,0.271,0,0,0,0,0,0,0,0.297,0,0,0,0,0,0,0,0,0,0,0,0,0.179,0,0,0,0,0,0,0,0,0,0,0,0,0,0,0,0.176,0,0.374,0,0,0,0,0,0,0,0,0,0,0,0,0,0,0,0,0,0,0.195,0,0,0,0,0,0,0,0,0,0,0.276,0,0,0,0,0,0,0,0.151,0.228,0.182,0.669,0,0,0,0,0,0,0,0.946,0,0,0,0,0,0,0,0,0,0,0,0,0,0,0.19,0,0,0,0,0,0,0,0,0,0,0,0.25,0,0,0,0,0,0,0.166,0,0,0,0,0,0,0,0,0.177,0,0,0.183,0,0,0,0,0,0.99,0,0,0.232,0,0,0,0,0,0,0,0,0,0,0,0,0,0,0,0,0.57,0.338,0,0,0,0,0,0,0,0,0.225,0,0,0,0,0.219,0,0,0,0,0,0,0,0,0,0,0,0,0,0,0,0,0.213,0,0,0,0,0,0,0,0,0,0,0,0,0,0,0,0,0,0,0,0,0,0,0,0,0,0,0,0,0,0,0,0,0,0,0,0,0,0,0,0,0.302,0,0,0,0,0,0,0,0,0,0.667,0,0,0,0,0,0,0,0,0,0,0,0,0,0,0,0,0,0,0,0,0,0,0,0.178,0,0,0,0,0,0.24,0,0,0.192,0,0,0,0,0,0,0,0,0,0,0,0,0,0.61,0,0,0,0,0,0,0,0,0,0,0,0,0,0,0,0,0.186,0.359,0,0,0,0,0,0,0,0,0.203,0,0,0,0,0,0,0,0,0,0,0,0,0,0,0.176,0,0,0,0,0.226,0,0,0,0,0,0,0,0,0,0,0,0,0,0,0,0,0,0,0,0,0,0,0,0,0,0,0,0,0.534,0,0,0,0,0,0,0,0,0,0.488,0,0,0,0.165,0,0,0,0,0,0,0,0,0,0,0,0,0,0,0,0,0,0,0.226,0,0,0,0,0,0,0,0,0,0,0,0,0.621,0,0,0,0,0,0,0.186,0,0,0,0.154,0,0.198,0,0,0,0,0,0.213,0,0,0,0,0,0,0,0,0,0,0,0,0,0,0.31,0.166,0,0,0,0,0,0,0,0,0,0,0,0,0,0,0,0,0,0,0,0,0,0,0,0.252,0,0,0,0,0,0,0,0,0,0,0,0,0,0,0.328,0,0.242,0,0,0,0,0,0,0,0,0,0.217,0,0,0,0,0,0,0,0,0,0,0,0,0,0,0,0.242,0,0,0.189,0,0,0,0,0,0,0,0.242,0,0,0,0,0,0,0,0,0,0,0,0,0,0,0.311,0,0.361,0,0,0,0,0.246,0.199,0,0,0,0,0,0,0,0.208,0,0,0,0,0.187,0.169,0,0,0.222,0,0.213,0,0,0,0.21,0,0,0,0,0,0,0,0.204,0.744,0,0,0,0,0,0,0.208,0,0,0.173,0.24,0.193,0,0.177,0.199,0,0,0,0,0,0,0.175,0,0,0,0,0.248,0,0.586,0,0,0,0,0.426,0,0,0,0,0.209,0.186,0.944,0,0,0,0,0,0.256,0,0,0,0,0.53,0,0,0,0.221,0,0,0,0,0,0.495,0,0,0,0,0.988,0,0,0,0,0,0.252,0,0.356,0,0,0,0,0,0,0,0,0,0.187,0.977,0,0,0,0,0,0,0,0,0,0,0,0.223,0.967,0,0,0.898,0.917,0,0,0.843,0.21,0,0.221,0,0,0,0.188,0.232,0,0,0,0,0,0,0,0.344,0.198,0.804,0,0,0.197,0,0,0,0.198,0,0.201,0.607,0,0.177,0,0,0,0.163,0,0,0.191,0,0.277,0,0,0,0.175,0,0,0.202,0,0.21,0,0.349,0.195,0,0.153,0,0,0,0,0.515,0,0,0,0,0,0,0,0,0.197,0,0,0.202,0,0.196,0,0,0,0.189,0,0,0.203,0,0,0.24,0.192,0,0.95,0,0,0,0,0,0,0,0.214,0,0,0,0,0,0.806,0,0,0.152,0,0,0.166,0,0,0.174,0,0,0,0,0,0,0,0,0,0,0.216,0,0,0,0,0,0,0,0,0,0,0,0,0,0.155,0,0,0,0,0,0.177,0,0.172,0,0,0,0,0,0,0,0,0,0,0,0,0,0,0,0,0,0,0,0,0.227,0,0,0,0.167,0.267,0,0,0,0,0,0,0,0,0,0,0,0.169,0,0,0,0,0.247,0,0,0,0,0.184,0,0.946,0,0,0,0,0,0,0,0,0,0.167,0,0,0,0,0,0,0,0,0,0,0.254,0.223,0.157,0,0,0,0,0,0.25,0,0,0,0,0,0,0,0,0.19,0,0,0,0,0,0,0,0,0,0,0,0.348,0,0.16,0.657,0,0.17,0,0,0,0,0,0.313,0.353,0,0.245,0,0,0,0.173,0,0,0,0,0,0,0,0,0.186,0.192,0,0,0,0,0.323,0,0,0,0,0,0,0,0,0,0.682,0,0,0,0,0,0,0.17,0,0,0,0,0,0,0,0,0,0,0,0,0,0.194,0,0,0,0,0,0,0,0,0,0,0,0,0,0,0,0,0,0,0,0,0,0,0,0,0,0,0,0,0.53,0,0,0,0,0,0,0,0,0,0,0,0,0,0,0,0,0,0,0,0,0,0,0,0,0,0,0.297,0,0,0.249,0,0,0,0,0,0,0,0,0,0.239,0,0,0,0,0,0.265,0,0.153,0,0,0,0,0.243,0,0,0,0,0.183,0,0,0,0.21,0,0,0,0,0,0,0,0,0.154,0,0,0,0,0,0.165,0,0.197,0,0,0,0,0,0,0,0,0,0,0,0,0,0.264,0,0,0.15,0,0,0,0,0,0,0,0.215,0,0,0,0,0,0,0,0,0,0,0,0,0,0,0,0,0,0,0,0,0,0,0,0,0,0,0,0,0,0,0,0,0,0.188,0.566,0,0,0.177,0.51,0,0,0,0,0,0,0,0,0,0,0,0,0,0,0,0.168,0,0,0,0.15,0,0,0,0,0.334,0,0,0,0,0,0.272,0,0.179,0,0,0,0,0,0,0,0.242,0,0,0,0,0,0,0,0,0,0,0,0,0,0,0,0,0.338,0,0.347,0,0,0.252,0,0.392,0.233,0,0,0,0,0,0.271,0.246,0,0.566,0,0,0,0,0,0,0,0,0,0,0,0.231,0,0,0,0.285,0,0,0.241,0,0,0,0,0,0,0,0.268,0.323,0,0,0.961,0.198,0,0,0,0,0,0,0.188,0,0,0,0,0,0,0.165,0,0,0,0,0,0,0,0,0,0,0,0,0,0,0.253,0,0,0,0,0,0,0,0,0,0,0,0,0,0,0,0,0,0,0,0,0,0,0,0,0,0,0,0,0,0,0,0,0,0,0,0,0,0,0,0,0,0,0,0,0,0,0,0,0,0,0,0,0,0,0,0,0,0,0,0,0,0.242,0,0.231,0.242,0,0,0,0,0,0,0,0,0,0,0,0,0,0,0,0.297,0,0,0,0,0,0,0,0,0,0,0,0.546,0,0,0,0,0,0,0,0,0,0,0,0.288,0,0,0,0,0,0,0,0,0,0,0,0,0,0.193,0,0.217,0,0,0,0,0,0,0,0,0,0,0,0,0,0,0,0,0.153,0,0,0,0,0,0,0,0,0,0,0,0,0,0,0,0,0,0,0,0,0.193,0,0,0,0,0,0,0,0,0,0,0,0,0,0,0,0.189,0.192,0,0,0,0,0,0,0,0,0,0,0,0,0,0,0,0,0,0,0,0,0,0,0,0,0,0,0,0,0,0,0,0,0,0,0,0,0.394,0,0,0,0,0,0,0,0,0,0,0,0,0,0,0,0,0,0,0,0,0,0,0,0,0,0,0,0,0,0,0,0,0,0,0,0,0,0,0,0,0,0,0,0,0,0,0,0,0,0,0,0,0,0,0,0,0,0,0,0,0,0.248,0,0,0.207,0,0,0,0,0,0,0,0,0,0,0,0,0,0,0,0,0,0,0,0,0,0,0,0.192,0,0,0,0,0,0,0,0.153,0,0,0,0,0,0,0,0,0,0,0,0,0,0.313,0,0,0,0,0,0,0,0.43,0,0,0,0,0,0,0,0,0,0,0,0,0.161,0,0.256,0.222,0,0,0,0.298,0,0.282,0,0,0.173,0.173,0,0,0.199,0,0,0.173,0,0,0,0.685,0,0.716,0,0.183,0.168,0,0,0,0,0.414,0.449,0,0,0.226,0,0,0.175,0,0.304,0,0,0.284,0.175,0,0.809,0.305,0.177,0,0,0,0.914,0.31,0.378,0,0,0.866,0.291,0.192,0.264,0,0,0,0.273,0,0,0.161,0.313,0.363,0.24,0,0,0.253,0,0,0,0.253,0,0,0.24,0,0,0,0,0.363,0,0.346,0.293,0,0.189,0.819,0.561,0,0.189,0.175,0.196,0,0,0.363,0,0.434,0,0.183,0.326,0,0.201,0.452,0,0.161,0.464,0,0,0,0.316,0.223,0.175,0.302,0,0,0,0.192,0,0.261,0.329,0.378,0,0.319,0,0,0.369,0.291,0,0,0.339,0,0,0,0,0.24,0.168,0,0,0.184,0.348,0.206,0.411,0.173,0.269,0,0.266,0.168,0,0.925,0.282,0.162,0,0.535,0.496,0.199,0,0.327,0,0.253,0.378,0,0.262,0.223,0,0,0.173,0.955,0,0,0,0,0,0.245,0.822,0,0.223,0,0,0.239,0,0.387,0.201,0.316,0.264,0.208,0,0,0.301,0.253,0,0,0,0,0.291,0.173,0,0,0.192,0,0.273,0,0.175,0,0,0.272,0.173,0.272,0,0.307,0,0,0,0,0,0.215,0,0.209,0,0,0.223,0,0,0,0,0,0,0,0.192,0,0,0,0,0.173,0,0,0,0,0,0,0,0.188,0,0,0.177,0,0.173,0,0,0,0,0,0,0,0,0,0,0,0,0,0,0,0,0,0,0,0,0,0,0,0,0,0,0,0,0,0,0,0,0,0,0.237,0,0.209,0,0.152,0,0,0,0,0,0,0,0,0,0,0,0,0,0,0,0,0,0,0,0,0,0,0,0,0,0,0,0,0,0,0,0.374,0,0,0,0,0.412,0,0,0,0,0,0,0,0,0.292,0,0,0,0,0.818,0,0,0,0,0,0,0,0.17,0,0,0,0.238,0,0,0.207,0,0,0,0,0,0,0,0,0,0,0.278,0,0,0,0,0.156,0,0.194,0,0,0,0,0,0.808,0,0,0,0,0,0,0,0,0,0,0,0,0,0,0,0,0.3,0,0,0,0,0,0,0,0,0,0.235,0.28,0,0,0.22,0.335,0,0,0,0,0,0,0,0,0,0,0,0,0,0,0,0,0,0,0,0,0,0,0,0,0,0,0,0,0,0,0,0,0,0,0,0,0,0,0,0,0,0,0,0,0,0,0,0,0,0,0,0,0,0,0.224,0,0,0.223,0,0,0,0.319,0.614,0,0,0,0,0,0,0,0.218,0.309,0,0,0.255,0,0,0,0,0,0,0,0.231,0,0,0,0,0,0,0,0,0,0,0,0,0,0,0,0,0,0,0,0,0,0,0,0,0,0,0,0,0,0,0,0,0.248,0,0.208,0,0,0,0,0,0,0,0.252,0,0,0,0,0,0,0,0,0,0,0,0,0,0,0.239,0,0,0,0.333,0.512,0,0,0,0,0.29,0,0,0,0,0,0,0,0,0,0,0,0,0,0,0,0.409,0,0,0,0,0,0,0,0,0,0,0,0,0,0,0,0,0,0,0.39,0,0,0,0,0,0,0,0,0,0,0,0,0,0,0,0,0,0,0,0,0,0,0,0,0,0.674,0,0,0,0.167,0,0,0,0,0,0.187,0,0,0,0,0,0,0,0,0,0,0,0,0,0,0,0.839,0,0,0,0,0.153,0,0,0,0,0,0,0,0,0,0,0,0,0,0,0,0,0,0,0,0,0,0,0,0,0,0,0,0,0,0.236,0,0,0,0,0,0,0,0,0,0,0,0,0,0,0,0.161,0,0,0,0,0,0,0,0,0,0,0,0,0,0.189,0,0,0,0,0,0,0,0,0,0,0,0,0,0,0,0,0,0,0,0,0,0,0,0,0,0,0,0,0,0,0,0,0,0,0,0.23,0,0,0,0,0,0,0.213,0,0,0,0,0,0,0,0,0,0,0,0,0,0,0,0,0,0,0,0,0,0,0,0,0,0,0,0.262,0,0,0,0.161,0.208,0,0,0,0,0,0,0,0,0,0,0,0,0,0,0,0,0,0,0,0,0,0,0,0,0,0,0,0,0,0,0,0,0,0,0,0,0,0,0,0,0,0,0,0,0,0,0,0,0,0,0.191,0,0,0,0,0.156,0,0,0.24,0,0,0,0,0.231,0.15,0,0,0,0,0,0,0.515,0,0,0.154,0,0,0.16,0,0,0,0,0,0,0,0,0,0,0,0,0,0,0,0,0,0,0,0,0,0,0,0,0,0,0,0,0,0,0,0,0,0,0,0.21,0,0,0,0,0,0,0,0,0,0,0,0,0,0.164,0,0,0,0,0,0.222,0,0,0,0,0,0,0,0,0,0,0,0,0.916,0,0,0,0,0.901,0,0,0.657,0,0,0,0,0,0,0,0,0,0,0,0,0,0,0,0,0,0,0,0,0,0.217,0.248,0.151,0,0,0,0,0,0,0,0,0,0.15,0,0,0.177,0,0,0,0,0.309,0,0,0,0,0,0,0,0,0,0,0,0,0,0,0,0,0,0.188,0,0,0,0,0,0,0,0,0.226,0,0,0,0,0,0.191,0,0,0,0,0,0,0,0,0.219,0,0,0.258,0,0,0,0,0,0,0,0,0,0,0,0,0,0,0,0,0,0,0,0,0,0,0,0,0,0,0,0,0,0,0,0,0,0,0,0,0,0,0.213,0,0,0,0,0,0,0,0,0,0,0,0,0,0,0,0,0,0,0,0,0,0,0,0,0,0,0,0,0,0,0,0,0,0,0,0,0,0,0,0,0,0,0,0,0,0,0,0,0,0,0,0,0,0,0,0.403,0,0,0.244,0,0.201,0,0,0,0,0,0,0,0,0,0,0,0,0,0,0,0,0.242,0,0,0,0,0,0,0,0,0,0,0.242,0,0,0,0,0,0,0,0,0,0,0,0,0,0,0,0,0,0,0,0,0,0,0,0,0,0,0,0,0,0,0,0,0,0,0,0,0,0,0,0,0,0,0,0,0,0,0,0,0,0,0,0,0,0,0,0,0,0,0,0,0,0,0,0,0,0,0,0,0,0,0,0,0,0,0,0,0,0,0,0,0,0,0.394,0,0,0,0,0.197,0,0,0,0,0,0,0.188,0.187,0.173,0.187,0,0,0,0,0,0,0,0,0,0,0,0,0,0,0,0,0,0,0,0,0,0,0,0,0,0,0,0,0,0,0,0,0,0,0,0,0,0,0,0,0,0,0,0,0,0.202,0,0,0,0,0.458,0.314,0,0,0,0,0.196,0,0,0,0,0,0,0,0,0,0,0,0,0,0,0,0,0,0.198,0,0,0,0,0,0,0,0,0,0,0,0,0,0,0,0,0,0,0,0,0,0,0,0,0,0,0,0,0,0,0,0,0,0,0,0,0,0,0,0,0,0,0,0,0,0,0,0,0,0,0.309,0,0,0,0.167,0,0,0,0,0,0,0,0,0,0,0,0,0,0,0,0,0,0,0,0,0,0,0,0,0,0,0,0,0,0,0,0,0,0,0,0,0,0,0,0,0,0,0,0,0,0,0,0,0,0,0,0,0,0,0,0,0,0,0,0.155,0,0,0,0,0,0,0,0,0,0,0,0,0,0,0,0,0,0,0,0,0,0,0,0,0,0,0,0,0,0,0,0,0,0.404,0,0,0,0,0,0,0,0,0,0,0,0,0,0,0,0,0,0,0,0,0,0,0,0,0,0,0,0,0,0,0,0,0,0,0,0,0,0,0,0,0.192,0,0,0,0,0,0,0,0,0,0,0,0,0,0,0,0,0,0,0,0,0,0,0,0,0,0,0
853230,0,0,0,0,0.649,0,0,0,0,0,0,0,0,0,0.602,0,0,0,0.689,0,0,0,0,0,0.196,0,0,0,0,0,0,0,0,0,0,0,0,0,0,0,0,0,0,0,0,0,0,0,0,0,0,0.156,0,0,0,0,0,0,0,0,0,0,0,0,0,0,0.205,0,0,0,0.155,0,0,0,0,0,0,0,0,0,0,0,0,0,0,0,0,0,0,0,0,0,0.624,0,0,0,0,0,0,0,0,0.181,0,0,0,0,0,0,0,0,0,0,0,0,0,0.378,0,0,0,0,0,0,0.187,0,0,0,0,0.278,0,0,0,0,0,0,0,0,0.17,0,0,0,0,0,0,0.409,0,0,0,0,0,0.182,0,0,0,0,0.227,0,0,0,0,0,0,0,0.211,0,0,0,0,0,0,0,0,0,0.151,0,0,0,0,0,0,0,0,0,0.395,0,0.979,0,0.272,0,0,0.157,0,0,0,0,0,0,0.372,0,0,0,0,0,0,0,0,0.253,0.198,0,0,0,0.177,0,0.22,0,0,0.316,0,0,0,0,0,0,0,0.179,0,0,0,0,0,0,0.305,0.957,0,0.437,0.268,0,0.375,0,0.267,0,0,0,0,0.155,0,0,0.274,0,0.214,0,0,0,0,0.194,0,0,0,0,0.197,0,0,0,0.183,0,0,0,0,0.445,0,0,0.173,0,0.346,0,0,0.204,0,0,0,0.328,0,0,0.204,0,0,0.458,0,0,0,0,0,0.211,0,0,0,0.327,0,0,0,0.432,0,0,0,0,0,0,0.245,0,0,0,0,0,0.46,0,0.204,0.392,0,0.674,0,0.19,0,0.206,0.232,0,0.499,0,0,0,0.164,0,0,0,0,0,0.344,0,0,0,0,0,0,0,0,0,0.222,0.208,0,0,0,0,0.167,0,0,0.998,0.281,0,0.277,0,0,0.27,0,0.2,0,0,0,0,0,0,0.275,0,0,0.415,0,0,0,0,0,0,0.277,0.746,0,0,0,0,0,0.333,0,0,0,0,0,0.265,0,0,0.201,0,0,0.302,0,0,0,0.195,0,0,0.425,0,0,0,0.266,0,0,0.398,0,0,0,0.368,0.218,0.277,0.213,0,0,0,0,0.273,0,0.224,0,0,0.202,0,0,0.336,0,0,0,0,0.212,0,0,0,0,0,0,0,0.19,0,0,0,0.461,0,0,0,0.187,0,0,0.265,0.199,0,0,0,0.202,0,0.407,0,0,0,0.199,0,0,0,0.252,0,0,0,0,0,0.177,0,0.992,0,0,0,0,0.48,0.316,0,0,0,0,0.216,0,0.223,0,0,0,0.18,0,0,0,0,0.258,0,0.457,0.157,0,0,0,0,0,0,0.201,0,0.426,0,0,0.74,0,0,0,0,0,0,0,0.184,0.162,0.419,0,0,0,0,0,0,0.339,0,0.156,0,0,0,0.206,0,0.531,0,0.261,0,0,0,0,0,0.509,0.818,0,0.201,0,0,0,0,0,0,0,0,0,0,0,0,0,0,0.178,0.287,0,0,0,0,0,0.408,0.297,0,0.205,0,0,0.4,0.153,0.299,0,0,0,0,0,0.221,0,0,0,0,0.18,0,0,0,0,0,0,0,0,0,0,0,0,0.361,0,0,0.224,0,0,0,0,0,0,0.188,0.175,0.24,0,0,0,0,0,0,0,0,0,0,0,0,0,0,0,0,0,0,0.318,0,0.537,0,0,0.237,0,0.261,0.531,0,0,0.456,0.304,0,0,0,0,0,0.237,0,0.153,0,0.288,0.164,0.307,0,0.198,0,0.417,0.197,0,0,0,0,0,0,0,0.92,0,0,0,0,0,0.197,0,0,0.449,0,0,0,0.173,0,0,0,0.151,0.624,0,0,0,0,0,0,0,0.313,0,0.745,0,0,0,0,0.162,0,0,0.39,0,0,0,0,0,0,0,0.359,0,0.165,0,0,0,0,0,0.184,0,0,0,0,0.243,0,0,0,0.173,0.173,0.959,0,0,0,0,0,0,0,0,0,0,0.197,0,0,0.198,0,0,0,0,0,0,0,0.32,0,0,0,0,0,0.326,0,0.421,0,0,0,0,0.176,0.201,0,0,0,0.26,0.213,0,0,0.15,0,0,0,0,0.185,0,0,0,0,0.437,0,0,0,0,0,0.393,0,0.214,0.154,0,0.279,0.27,0.476,0,0.4,0,0.171,0,0,0,0,0,0,0,0.981,0.271,0,0.5,0.158,0,0,0,0,0,0,0,0,0,0,0.276,0,0,0,0.976,0,0,0,0,0,0,0,0,0,0,0,0,0,0,0,0.973,0,0,0.9,0,0,0,0.191,0.221,0,0,0,0.39,0,0,0.203,0.394,0,0.267,0.196,0.992,0.424,0.152,0,0,0,0,0,0,0,0.251,0.231,0,0,0,0,0,0,0.282,0,0,0,0.284,0,0,0,0.161,0,0.172,0,0,0,0.365,0,0,0.257,0,0,0.341,0,0,0.16,0,0,0.342,0,0,0,0,0.367,0,0,0,0,0,0,0,0,0,0,0,0,0.171,0.399,0,0,0.504,0,0,0,0,0,0,0.483,0.192,0.208,0,0,0,0,0,0,0,0,0.18,0.584,0,0.355,0.191,0.202,0,0,0,0,0.164,0,0.346,0,0,0,0,0,0.38,0.212,0,0,0,0,0,0,0,0,0,0,0,0,0,0,0,0,0,0,0,0,0,0,0,0,0,0,0,0,0,0,0,0,0,0,0,0,0,0,0,0,0,0,0.319,0,0,0,0,0,0,0,0,0,0,0,0,0,0,0,0,0,0,0,0,0,0,0,0,0.162,0,0,0,0.906,0,0,0,0,0,0,0,0,0,0,0,0,0,0,0.216,0,0,0.824,0,0,0,0,0,0,0,0,0,0,0,0,0,0.276,0,0,0,0,0,0,0,0,0,0,0,0,0,0,0,0,0,0,0,0,0,0,0,0.199,0,0.187,0,0,0,0.538,0,0,0,0,0,0,0,0,0,0,0,0,0,0,0.344,0,0,0,0,0,0,0,0,0,0,0,0,0,0,0,0,0,0,0,0,0,0,0,0,0,0,0,0,0,0,0,0.443,0,0,0,0,0,0,0,0,0,0,0,0.252,0,0,0,0,0,0,0,0,0,0,0,0,0,0,0,0,0,0,0,0,0,0.176,0,0,0,0,0,0,0,0.371,0,0,0,0.185,0,0,0,0,0,0,0,0,0,0,0,0,0,0,0,0,0,0,0,0,0.762,0,0,0,0,0,0,0,0,0,0,0,0,0,0,0,0,0,0,0,0,0,0,0,0,0,0,0,0,0,0,0,0.152,0,0,0,0,0,0,0,0,0,0,0,0,0,0,0,0,0.152,0,0,0,0,0,0.279,0,0,0,0,0,0,0.906,0,0,0,0,0,0,0,0.173,0,0,0,0,0,0,0,0,0,0,0,0.155,0,0,0,0,0,0,0,0.204,0,0,0,0.216,0,0,0,0,0,0,0,0,0,0,0,0,0,0,0,0,0,0,0.904,0,0,0,0,0,0,0,0,0,0,0,0,0,0,0,0,0,0,0,0,0,0,0,0,0,0,0,0,0,0,0,0,0,0,0,0,0,0,0,0,0,0,0,0.25,0,0,0,0.254,0,0,0,0,0,0,0,0,0,0,0,0,0,0,0,0,0,0,0,0,0,0,0,0,0,0.408,0,0,0.904,0,0,0,0,0,0,0,0,0,0,0.319,0,0,0,0,0,0,0,0,0,0,0,0,0,0,0,0,0,0,0,0,0,0,0,0,0,0,0,0,0,0,0,0,0,0,0,0,0,0,0,0,0.819,0,0,0,0,0,0.218,0,0,0,0,0,0,0,0,0,0,0,0,0.171,0,0,0,0,0,0,0,0,0,0,0,0,0,0,0,0,0,0,0,0,0,0,0,0,0,0,0.161,0,0,0,0,0,0,0,0,0,0,0,0.456,0,0,0,0.185,0,0,0,0,0,0,0,0,0,0,0.41,0,0,0,0,0,0,0,0,0.284,0.194,0,0,0,0,0,0.199,0,0,0,0,0,0.173,0,0,0,0,0,0.277,0,0,0,0,0,0,0,0,0,0,0,0,0,0,0,0,0,0,0,0,0,0,0,0,0,0,0,0,0,0,0,0,0,0,0,0,0,0,0,0,0,0,0,0,0,0,0,0,0,0,0,0,0,0.174,0,0,0,0,0,0,0,0,0,0,0,0,0.269,0,0.662,0,0,0,0,0,0,0.226,0,0,0.186,0.281,0,0,0,0,0.186,0,0,0.169,0,0,0,0,0.171,0.248,0,0,0.156,0,0,0,0,0,0,0,0.295,0.182,0,0,0.191,0,0,0,0,0,0,0,0,0,0,0,0,0.179,0.204,0,0.191,0,0,0.293,0.254,0,0,0.171,0.346,0,0,0,0,0.165,0,0,0.219,0,0,0,0,0,0,0,0,0,0,0,0,0,0,0.186,0.171,0,0,0,0,0,0,0.207,0.306,0,0,0,0,0,0,0,0,0,0,0.201,0,0,0.283,0.25,0,0.172,0,0.256,0,0,0,0,0,0.294,0,0,0.223,0,0,0,0.155,0,0,0,0.164,0.185,0,0,0.154,0,0,0,0,0.239,0,0,0,0,0,0,0.218,0.256,0,0,0.201,0,0,0,0,0,0,0.199,0,0,0.445,0,0,0,0,0,0.207,0,0.214,0,0,0,0.19,0.223,0,0,0,0,0,0.181,0.18,0.231,0,0,0,0,0,0,0,0,0,0,0,0.192,0,0.222,0.209,0,0,0,0,0.155,0,0.156,0,0,0.22,0,0,0,0,0,0.218,0,0.192,0,0,0,0.168,0,0,0,0,0,0,0,0,0,0,0,0,0,0,0.799,0.261,0,0,0.455,0,0,0,0,0.219,0,0,0,0.643,0,0,0.292,0,0,0,0,0,0,0,0.363,0,0,0,0.599,0.785,0,0.225,0,0.448,0,0,0,0,0,0.161,0,0,0,0,0,0,0.171,0,0,0,0,0,0,0,0.875,0,0,0,0,0.642,0,0,0,0,0,0,0,0,0,0,0,0,0.227,0,0.902,0,0,0,0,0,0.506,0,0.193,0.177,0,0,0,0.189,0.666,0,0,0,0,0.17,0,0.718,0,0.246,0.39,0,0.272,0.216,0.191,0,0.239,0,0.688,0,0,0.194,0,0,0.362,0,0,0,0,0.968,0,0,0,0,0,0,0,0,0,0,0,0,0.34,0.342,0,0,0,0,0,0.378,0,0,0.388,0.176,0,0,0.349,0,0,0,0,0.526,0,0,0,0,0.466,0,0,0,0,0,0,0,0,0,0.271,0,0,0.17,0.334,0,0.306,0,0.834,0,0,0,0,0,0,0,0.167,0,0,0,0,0,0,0,0.321,0,0,0.331,0.402,0,0,0,0.43,0,0.2,0,0,0.201,0.378,0,0.421,0,0,0,0,0,0.356,0,0,0,0,0,0.166,0,0,0,0,0,0,0,0,0,0,0,0,0,0,0,0,0,0,0,0,0,0,0,0,0,0,0,0,0,0,0,0,0,0,0,0,0,0,0,0,0,0,0,0.156,0.194,0,0,0,0,0,0,0,0,0,0,0,0,0,0,0,0,0,0,0,0,0,0,0,0,0,0.196,0.27,0.194,0,0,0,0,0.155,0,0,0,0,0,0.16,0,0.22,0,0,0,0,0,0,0,0,0,0,0,0,0,0,0,0,0,0,0,0,0,0,0,0,0,0,0,0,0,0,0,0,0,0,0.196,0.295,0,0,0,0,0,0,0,0,0,0,0,0,0,0,0,0,0,0,0,0,0,0,0,0,0.234,0,0,0,0,0,0.166,0,0,0,0,0,0,0,0,0,0.577,0,0,0,0,0,0,0,0,0,0,0,0.813,0,0,0,0,0,0,0.304,0,0,0,0,0.371,0.176,0.216,0,0.449,0,0.242,0,0.256,0,0,0.226,0,0,0,0,0,0,0,0,0.55,0.22,0,0,0,0.181,0.204,0,0.326,0,0,0,0,0,0,0,0.17,0,0,0,0,0,0,0,0,0.169,0,0,0,0,0,0,0,0.295,0.367,0,0,0,0,0,0.58,0,0,0,0,0.172,0,0.304,0,0,0,0,0,0,0,0.655,0,0,0,0,0,0,0,0,0,0.167,0,0,0,0,0,0,0,0,0,0,0,0,0.153,0,0,0,0,0,0,0,0,0,0,0,0,0.203,0,0,0,0,0,0,0,0.212,0,0.422,0,0,0,0,0,0,0,0,0,0,0,0,0,0,0,0,0,0,0,0,0,0,0,0,0,0,0,0,0,0,0,0,0,0,0,0,0,0.176,0,0,0,0,0,0,0,0,0,0,0,0,0,0,0,0,0,0,0,0,0,0,0,0,0,0,0,0,0,0,0,0,0,0,0,0,0,0.285,0,0,0,0,0,0,0,0,0,0,0,0.171,0,0,0,0,0,0,0,0,0,0,0,0,0,0,0,0,0,0.175,0,0,0,0,0,0,0,0,0,0,0,0,0,0,0,0,0,0,0.272,0,0,0,0,0,0,0,0,0,0,0,0,0,0,0,0,0,0,0,0,0,0,0,0,0,0,0,0,0,0,0,0,0,0,0,0,0,0,0,0,0,0,0,0,0,0,0,0,0,0,0,0,0,0,0,0,0,0,0,0,0,0.241,0,0,0,0,0,0,0,0,0,0,0,0,0,0,0,0,0.159,0,0,0,0,0,0,0,0,0,0,0,0.292,0,0,0,0,0,0,0,0,0,0,0.168,0,0,0,0,0,0,0,0,0,0,0,0,0,0,0,0,0,0,0,0,0.562,0,0,0,0,0,0,0,0,0,0,0,0,0,0,0,0,0,0,0,0,0,0,0.335,0,0,0,0,0,0,0,0,0,0,0,0,0,0,0,0,0,0,0,0,0,0,0,0,0,0,0,0,0,0,0,0,0,0,0,0,0,0,0,0,0,0,0,0,0,0,0,0,0,0,0,0,0,0,0,0,0,0,0,0,0,0,0,0,0,0.15,0,0,0,0,0,0,0.323,0,0,0,0,0,0,0.479,0,0.222,0,0,0,0,0,0,0,0,0,0,0.273,0,0,0,0,0,0,0,0,0,0,0,0,0,0,0,0,0.173,0,0,0,0,0,0,0,0.237,0,0,0,0,0,0,0,0,0,0,0,0,0,0,0,0,0,0,0,0,0,0,0,0,0,0,0,0,0,0,0,0,0,0,0,0,0,0,0,0,0,0,0,0.304,0,0,0,0,0,0,0,0,0,0,0,0.34,0,0,0,0.272,0,0,0,0,0,0,0,0,0,0,0,0,0.196,0,0,0,0,0,0,0,0,0,0,0,0,0.696,0,0.164,0,0,0,0,0,0,0,0.174,0,0.267,0,0,0,0,0.22,0,0,0,0,0,0,0,0,0,0,0,0,0,0,0,0,0,0.36,0,0,0,0,0,0,0,0,0,0,0.24,0,0,0,0,0,0,0,0,0,0,0,0,0,0,0,0,0,0,0,0,0,0,0,0.197,0,0,0,0,0.346,0,0,0,0.152,0,0,0,0,0.155,0,0.162,0,0,0,0.168,0,0,0,0,0,0,0,0,0.171,0,0,0,0,0,0,0,0,0,0,0,0,0,0,0,0,0,0,0,0,0,0,0,0,0,0,0,0,0,0,0,0,0,0,0,0,0.16,0,0,0,0,0,0.189,0,0,0,0,0,0,0,0,0,0,0,0,0,0,0,0,0.172,0,0.161,0.155,0,0,0,0,0,0.297,0,0,0,0,0,0,0,0,0,0,0.222,0.674,0.208,0,0.39,0.264,0.496,0.191,0,0,0.434,0.573,0.281,0,0,0,0.217,0,0,0,0,0.198,0,0,0,0,0,0.477,0.227,0.307,0.395,0.804,0.278,0,0,0,0.902,0,0,0,0,0.282,0,0.188,0.342,0.282,0.166,0,0,0,0,0,0.397,0,0,0,0.231,0,0,0,0,0.359,0,0,0.157,0,0,0.414,0,0,0.32,0,0,0,0.309,0,0,0.402,0.153,0,0,0,0,0.828,0.397,0,0.276,0,0.171,0.22,0,0,0,0.356,0,0.285,0,0.356,0.827,0,0,0,0.276,0,0,0,0,0,0,0,0,0,0,0,0,0,0,0,0,0,0,0,0,0,0,0,0,0,0,0,0,0,0,0,0,0,0,0,0,0,0,0,0,0,0,0,0,0,0,0,0,0,0,0,0,0,0,0,0,0,0,0,0.667,0,0.406,0,0,0,0,0,0,0,0,0,0.283,0,0,0,0.187,0,0,0,0.216,0.215,0,0.306,0,0,0,0,0,0,0,0,0,0,0,0,0.478,0,0,0.162,0,0,0,0,0,0,0,0,0,0,0,0,0,0,0,0,0,0,0,0,0,0,0,0,0.152,0,0,0,0.196,0.228,0,0,0,0,0.231,0,0,0,0,0,0.41,0,0.15,0.383,0,0,0,0,0,0,0,0.228,0,0,0.409,0,0,0,0,0.337,0.16,0,0,0,0.193,0.571,0,0,0,0,0,0.184,0,0,0,0.152,0,0,0.354,0.316,0,0,0,0,0,0,0.259,0,0,0,0,0,0.164,0,0,0,0,0,0,0,0,0,0,0.249,0.429,0,0,0,0,0,0,0,0.257,0,0,0.167,0,0,0,0,0,0.281,0,0.182,0,0,0,0.313,0,0,0,0,0.317,0,0.192,0.442,0,0,0,0,0,0,0,0,0,0.296,0.174,0,0,0,0,0,0.171,0,0,0,0.188,0,0,0,0,0,0,0,0,0,0,0,0,0,0,0,0,0,0,0,0.356,0.19,0,0,0.331,0,0,0,0,0,0,0,0.378,0,0.264,0.2,0,0.156,0,0,0,0,0,0,0,0,0,0,0,0,0,0,0,0,0,0,0,0,0.181,0,0,0,0,0,0,0,0,0,0,0,0.257,0,0,0.381,0,0,0.192,0,0,0,0,0,0,0,0,0,0,0,0,0,0,0,0,0,0,0,0.276,0,0,0,0,0,0,0,0.378,0,0.374,0,0,0.375,0,0,0.15,0,0,0,0,0.327,0,0,0,0.23,0,0,0,0.206,0,0,0,0,0.156,0,0,0.257,0,0,0,0,0,0.315,0,0,0,0,0,0,0,0,0,0.217,0,0,0,0,0,0,0,0.299,0,0,0,0.195,0,0,0,0,0,0.309,0.177,0,0,0,0,0.181,0,0.311,0,0.384,0,0,0,0,0,0,0.168,0,0,0,0,0,0,0,0,0,0,0,0,0,0,0,0,0,0,0,0,0,0,0,0,0,0,0.161,0,0,0,0,0,0,0,0,0.207,0,0,0,0,0.172,0,0,0,0,0,0,0,0,0,0,0,0,0,0,0,0,0,0,0.44,0,0.338,0.298,0,0,0,0,0,0,0,0,0,0,0,0.366,0,0.338,0,0,0,0,0,0.491,0,0,0,0.172,0,0,0,0,0,0.15,0,0,0,0,0,0,0,0,0,0,0,0,0,0.239,0,0.273,0,0,0,0,0,0,0,0,0,0,0,0,0,0,0,0,0,0,0,0,0,0,0,0,0,0,0,0,0,0,0,0,0,0,0,0,0,0,0,0,0,0,0,0,0,0,0,0,0,0,0,0,0,0,0.193,0,0,0,0,0,0,0,0,0,0,0,0,0,0,0,0,0,0,0,0,0,0,0,0,0,0,0,0,0,0,0,0,0,0,0,0,0,0,0,0,0,0,0.241,0,0,0,0,0,0,0,0,0,0,0,0,0,0,0,0,0,0,0,0.165,0,0.176,0,0.165,0,0,0,0,0,0,0,0,0,0,0,0,0,0,0.241,0,0.41,0,0,0,0,0,0,0.334,0,0,0,0,0,0,0,0.305,0.195,0,0,0,0,0,0,0,0,0,0,0,0,0,0,0,0,0,0,0,0,0,0,0,0,0,0,0,0,0,0,0,0,0,0,0,0,0,0,0,0,0,0,0,0,0,0,0,0,0,0,0,0,0,0,0,0,0,0,0,0,0,0,0,0,0,0,0,0,0,0,0,0,0,0,0,0,0,0,0.152,0,0,0,0,0,0,0,0,0,0,0,0,0,0,0.544,0,0,0,0,0,0,0,0,0,0,0,0,0,0,0,0,0,0,0,0,0,0,0,0,0,0,0,0,0,0,0,0,0,0,0,0,0,0.23,0,0.286,0,0,0,0,0,0,0,0,0,0,0,0,0,0.52,0.342,0,0,0,0,0,0,0,0,0,0,0,0,0,0,0,0.22,0,0,0,0,0,0,0,0,0,0,0,0.234,0,0,0,0,0,0,0,0,0,0,0,0.46,0,0,0,0,0,0,0,0,0,0,0,0,0,0,0,0,0,0,0,0,0,0,0,0,0,0,0,0,0,0,0,0,0,0,0,0,0,0,0,0,0,0,0,0,0,0,0,0,0,0,0,0,0,0,0.309,0,0,0,0,0,0,0,0,0,0,0,0,0,0,0,0,0,0,0,0,0.174,0,0,0,0,0,0,0,0.22,0,0,0,0,0,0,0,0,0,0,0,0,0,0,0,0,0,0,0,0.368,0,0,0,0,0,0,0,0,0,0,0,0,0,0,0,0,0,0,0,0,0,0,0,0,0,0,0,0,0,0,0,0,0.162,0,0,0,0,0,0,0,0,0,0,0,0,0,0,0,0,0,0,0,0,0,0.234,0,0,0,0,0,0,0,0,0,0,0,0,0,0,0,0,0,0,0,0,0,0,0,0,0,0,0,0,0,0,0,0,0,0,0,0,0,0,0,0,0,0,0,0,0,0,0,0,0,0,0,0,0,0,0,0,0,0,0,0,0,0,0,0,0,0,0,0,0,0,0,0,0,0
856067,0.516,0,0,0,0,0,0,0,0,0,0,0,0,0,0,0,0,0,0,0,0,0,0.337,0,0,0,0,0,0,0,0,0,0,0,0,0,0,0,0,0,0,0,0,0,0,0,0,0.203,0,0,0,0,0,0,0,0.179,0,0,0,0,0,0,0,0,0.172,0,0,0,0,0,0,0,0,0,0,0,0.213,0,0,0,0,0,0,0.18,0,0,0,0.164,0,0,0,0,0.332,0,0,0,0,0,0,0,0,0,0,0,0,0,0,0,0,0,0,0,0,0,0,0,0,0,0,0,0,0,0,0,0,0,0,0,0,0,0,0,0.151,0,0,0,0.162,0,0,0,0,0,0,0,0,0,0,0,0,0,0,0,0,0,0,0,0,0,0,0,0.154,0,0,0,0,0,0,0,0,0,0,0,0,0,0,0,0,0,0,0,0,0,0,0.163,0,0.156,0,0,0,0.277,0,0,0.317,0,0,0,0.289,0,0,0,0,0,0,0,0,0.505,0.256,0,0,0,0,0,0.211,0.28,0,0.171,0.309,0,0,0,0.277,0,0,0,0,0,0,0,0.231,0,0.249,0.186,0,0.341,0.479,0,0.165,0,0.346,0,0,0,0.195,0,0.286,0,0,0,0.257,0,0.224,0,0,0,0,0,0,0,0,0,0.916,0.165,0.369,0,0,0.709,0,0.171,0,0,0,0,0,0,0,0.293,0,0,0,0.205,0,0,0,0.223,0,0.259,0,0,0.186,0,0,0,0,0,0,0,0,0,0,0.161,0.459,0.186,0,0,0,0,0,0.941,0,0.23,0,0,0.172,0,0.293,0,0.774,0,0,0,0,0.25,0.593,0.199,0.224,0,0.328,0.35,0,0,0,0,0.4,0,0.237,0,0,0,0,0,0,0,0.169,0,0.173,0,0,0,0.198,0,0,0,0,0,0,0.205,0,0,0,0.355,0,0.314,0,0,0.212,0,0,0,0,0,0.174,0.331,0,0.199,0,0,0.25,0,0,0,0,0.212,0,0.15,0,0.727,0.163,0,0,0.223,0.35,0,0,0,0.201,0,0,0.191,0.237,0,0.934,0.207,0.158,0,0.153,0,0,0,0,0.162,0,0.17,0.244,0,0,0.24,0.965,0.322,0,0,0,0,0,0,0,0.241,0,0,0,0,0,0.172,0,0,0,0,0.959,0,0,0.158,0,0,0.359,0,0,0.205,0,0,0.309,0,0.269,0.182,0,0,0,0,0,0.234,0,0.167,0,0.275,0,0.197,0,0,0.298,0.209,0,0.197,0.158,0,0,0.269,0,0.24,0.351,0,0.392,0.237,0,0,0,0.315,0.29,0,0,0.156,0,0,0,0,0,0,0,0,0,0,0,0,0.376,0.181,0.163,0,0,0,0,0,0,0,0.309,0.237,0,0,0.213,0.313,0,0,0,0,0,0,0,0.299,0,0.376,0,0,0.241,0,0.167,0,0,0,0.227,0,0.252,0.468,0.35,0,0,0,0,0.288,0,0,0,0,0,0,0,0.201,0,0,0,0,0,0,0,0,0,0,0.21,0,0,0,0,0.249,0,0,0,0,0,0,0,0,0,0,0.298,0,0.191,0,0,0,0,0.45,0,0,0,0,0.401,0,0,0,0,0,0,0.533,0,0,0,0,0,0.436,0.152,0.194,0,0,0.385,0,0,0,0.279,0,0,0,0.176,0.484,0.231,0,0,0,0.205,0,0.237,0,0,0,0,0.205,0,0,0,0,0.16,0,0.215,0,0.154,0.197,0.171,0.934,0,0,0,0,0,0,0,0,0,0,0,0,0.165,0.223,0.212,0,0,0,0.406,0,0,0.207,0.32,0.254,0,0,0,0,0,0,0,0.196,0,0,0,0,0,0,0,0,0.309,0,0,0,0,0,0,0,0.362,0,0,0.412,0.372,0,0,0,0,0,0.24,0.326,0,0,0,0,0,0,0.341,0.314,0,0,0,0.19,0,0,0,0,0.475,0.338,0,0,0,0,0,0.943,0,0,0,0,0.29,0.934,0,0,0,0,0.186,0,0,0,0.151,0.239,0,0.173,0,0,0,0.24,0,0,0.256,0,0.237,0,0.305,0.311,0,0,0.164,0,0,0.307,0,0.185,0,0,0,0,0,0,0,0,0,0.489,0,0,0.253,0.272,0,0,0,0.188,0,0,0.585,0.183,0,0,0,0,0.197,0,0,0,0,0,0,0,0.186,0,0,0,0.153,0.418,0,0.172,0,0,0,0,0,0,0.24,0,0.327,0,0.426,0,0.259,0,0,0,0,0,0,0.159,0.275,0,0,0,0,0,0.476,0,0,0,0,0.221,0,0,0,0.424,0.159,0,0.192,0,0.425,0,0,0,0,0,0,0,0,0,0,0.237,0.16,0.165,0,0,0,0,0,0,0,0.206,0.185,0.197,0.176,0,0.171,0,0.32,0.274,0,0,0,0.18,0.236,0,0,0,0,0,0.152,0,0,0,0,0,0,0,0.751,0,0.314,0.173,0.24,0,0,0,0.302,0,0,0.187,0,0,0.35,0.345,0.342,0,0,0,0.196,0,0,0.186,0,0.195,0.218,0.159,0,0,0,0,0,0.229,0.153,0,0,0,0,0.165,0,0,0,0,0,0.169,0.399,0.159,0,0,0.504,0.183,0,0,0,0,0,0.261,0,0.648,0.654,0.186,0,0,0.166,0,0,0,0,0.244,0.921,0,0,0,0,0.196,0,0.15,0,0,0,0,0,0,0,0,0,0,0,0,0,0,0,0,0,0,0,0,0,0,0,0,0,0,0,0,0,0,0,0,0,0,0,0,0,0,0,0,0,0,0,0,0,0.397,0,0,0.221,0,0,0,0,0,0.161,0,0,0,0,0.286,0,0,0,0,0,0,0,0,0,0,0,0,0,0,0,0,0,0,0,0,0,0,0,0,0,0,0.215,0,0,0,0,0,0,0,0,0,0,0.661,0,0.378,0,0.213,0,0,0,0,0.211,0,0,0,0,0,0,0,0,0,0,0,0,0,0,0,0,0,0,0,0,0.283,0,0,0,0,0,0,0,0.154,0,0,0,0,0,0,0,0,0.192,0.335,0,0,0,0,0,0.443,0,0,0,0,0,0,0,0,0,0,0,0,0.197,0,0,0,0,0,0,0,0,0,0,0,0,0,0,0,0,0,0.184,0,0.197,0,0.269,0,0,0,0,0,0,0,0.931,0,0,0,0,0,0,0,0,0,0.153,0,0,0.211,0,0,0,0,0,0,0,0,0,0,0,0,0.168,0,0,0,0,0.329,0,0,0.204,0,0,0,0,0,0,0,0,0,0,0,0,0,0,0,0,0,0.865,0,0,0.223,0,0,0,0,0,0,0,0,0,0,0,0,0,0,0,0,0,0,0,0,0,0,0,0,0,0,0.241,0,0,0.22,0,0,0,0,0,0,0,0.261,0,0,0,0,0,0,0,0,0,0,0.256,0,0.165,0,0,0,0,0,0,0,0,0.37,0,0,0,0,0,0,0,0,0,0,0,0,0,0,0,0,0,0,0,0,0,0,0,0,0,0,0,0,0,0,0,0,0,0,0,0,0,0,0,0.201,0,0,0,0,0,0,0,0,0,0,0,0,0,0,0.462,0,0,0,0,0,0,0,0,0,0,0,0,0,0.17,0.211,0,0,0.329,0,0,0,0.186,0,0,0,0,0,0,0,0,0,0,0,0,0,0,0.192,0,0,0,0,0.348,0,0.684,0,0,0,0,0,0.264,0,0,0,0,0,0,0,0,0,0,0,0.183,0,0,0,0,0,0,0,0,0,0,0,0,0,0,0,0,0,0,0,0,0.15,0,0,0,0,0,0,0,0,0,0,0.173,0,0,0,0,0,0,0,0,0,0,0,0,0,0.237,0,0,0,0,0,0,0.15,0,0,0,0,0,0,0,0,0,0,0,0.361,0,0,0,0,0,0,0,0,0,0,0,0,0,0,0,0,0,0,0,0,0,0,0,0.176,0,0,0,0,0,0,0,0,0,0.222,0,0,0,0,0,0,0,0,0,0,0,0,0,0,0,0,0,0,0,0,0,0,0,0,0,0,0,0.204,0,0,0,0,0,0,0,0,0,0,0.177,0,0,0,0,0,0,0,0,0,0,0,0,0.27,0,0,0.174,0,0,0,0,0,0,0,0,0,0,0,0.564,0,0,0,0,0,0,0,0,0,0.173,0,0,0,0,0,0,0,0,0,0,0,0,0,0,0,0,0,0,0,0,0,0,0,0,0,0,0,0,0,0,0,0,0,0,0,0,0,0,0,0,0,0,0,0,0,0,0,0,0,0,0.196,0,0,0,0.898,0,0.201,0,0,0.157,0,0,0,0,0,0,0,0,0,0,0,0,0,0,0,0,0,0,0,0,0,0,0,0,0.292,0,0,0,0,0,0,0,0,0,0.35,0,0,0.27,0,0,0,0,0,0,0,0,0,0,0,0,0,0,0.523,0.182,0,0,0.192,0.265,0,0,0,0.252,0,0,0.896,0,0,0,0,0,0,0,0,0,0,0.484,0,0.226,0,0.241,0,0.318,0,0,0,0.291,0,0,0,0,0.838,0,0,0,0,0,0.252,0,0.76,0,0.312,0,0,0,0,0,0,0,0,0.874,0,0,0,0,0,0,0,0,0,0.194,0.235,0,0.987,0,0,0,0.909,0.202,0,0.764,0,0,0.243,0,0,0,0,0,0,0,0,0,0,0,0,0,0,0.151,0,0,0,0,0,0,0,0,0,0.241,0.173,0.27,0,0,0,0,0,0,0.199,0,0,0,0,0,0.329,0,0,0.224,0,0,0,0.173,0.197,0.173,0,0,0,0,0,0.275,0,0,0,0,0.172,0,0,0,0,0,0,0,0,0,0,0,0,0,0,0,0.203,0,0,0.35,0.163,0,0.949,0,0,0,0,0,0,0,0,0,0,0,0,0,0.765,0,0.273,0,0,0.356,0.22,0,0.309,0,0,0,0,0,0.169,0,0,0,0,0.194,0.205,0,0,0,0,0,0,0,0,0,0,0,0.202,0,0.226,0,0,0,0,0,0,0,0,0,0,0,0,0,0,0.185,0,0.173,0,0,0.159,0.169,0,0,0,0.342,0,0,0,0,0,0,0,0,0,0,0,0,0,0,0,0,0,0,0,0,0,0,0,0,0,0,0,0,0,0,0,0,0.944,0.231,0,0,0.162,0,0,0,0,0,0,0,0,0,0,0,0,0,0,0,0,0.15,0,0.355,0,0,0,0,0,0,0,0,0,0,0.153,0,0,0,0,0,0,0.273,0,0,0,0,0,0,0,0,0.386,0,0.375,0.461,0,0,0,0,0.288,0,0,0,0.192,0,0,0,0,0,0,0,0,0,0,0,0,0,0,0,0,0,0.273,0,0,0,0,0,0,0,0,0,0,0,0,0.526,0,0,0,0,0,0,0,0,0,0,0.345,0.174,0,0,0,0,0,0,0,0,0,0,0,0,0,0,0,0,0,0.188,0,0,0,0,0,0,0,0,0,0,0,0,0,0,0,0,0,0,0,0.304,0,0,0,0,0,0,0,0,0,0,0,0,0,0,0,0,0,0,0,0,0,0,0,0,0,0,0,0,0.32,0.298,0,0,0,0,0,0,0,0,0,0,0,0.152,0,0,0,0.152,0,0,0,0,0,0,0.252,0,0,0,0,0,0,0,0.271,0.481,0,0,0,0,0,0,0,0,0,0,0,0,0,0,0,0,0,0,0,0,0,0,0,0,0,0,0,0.296,0,0,0.152,0,0,0,0,0,0,0,0,0,0,0.293,0,0,0,0,0,0.188,0,0,0.182,0,0,0,0,0,0,0,0,0,0,0,0,0,0,0.187,0,0,0,0,0,0,0,0,0.186,0,0.2,0,0,0,0.549,0,0,0,0,0.224,0,0.153,0,0.158,0,0,0,0,0,0,0,0,0,0,0.167,0,0,0,0,0,0,0,0,0,0,0,0,0.28,0,0,0,0,0,0,0,0,0,0,0,0,0,0,0,0,0,0,0.153,0,0.153,0,0,0.177,0,0,0,0,0,0.394,0,0,0,0,0,0,0,0,0.287,0.196,0,0.2,0,0,0,0,0,0,0,0,0.15,0,0,0.399,0,0,0,0.196,0,0,0,0,0,0,0.23,0,0,0,0.211,0.424,0,0,0.906,0,0,0,0,0,0,0,0,0,0,0,0,0,0,0,0,0,0,0,0,0,0,0,0,0,0,0,0,0,0.307,0,0,0,0,0,0,0,0,0,0,0,0,0,0,0,0,0,0,0,0,0,0,0,0.153,0,0,0,0,0,0,0,0,0,0,0,0,0,0,0,0,0,0,0,0,0,0,0,0,0,0.158,0,0,0,0,0,0,0,0,0,0,0,0,0,0,0,0.235,0,0,0,0,0,0,0,0,0,0,0,0,0,0,0,0,0,0,0,0,0,0,0,0,0.191,0,0,0,0,0,0,0,0,0,0,0,0,0,0,0,0,0,0,0,0,0,0,0,0,0,0,0,0,0,0,0.22,0,0,0,0,0,0,0,0,0,0,0,0,0,0,0,0,0,0,0,0,0,0,0,0,0,0,0,0,0,0,0,0,0,0,0,0,0,0,0,0,0,0,0,0,0,0,0,0,0,0,0,0,0,0,0,0,0,0,0,0,0,0,0,0,0,0,0,0,0,0,0,0,0,0,0.175,0,0,0.16,0,0,0,0,0,0,0,0,0,0,0,0,0.238,0,0,0,0,0,0,0,0,0,0,0,0,0,0,0,0,0,0,0,0,0,0,0,0,0,0,0,0,0,0,0,0,0,0,0.186,0,0,0,0,0,0,0,0,0,0,0,0,0,0,0,0,0,0,0,0,0,0,0,0,0,0,0,0,0,0,0.273,0,0,0,0,0,0,0,0,0,0,0,0,0,0,0,0,0,0,0,0,0,0,0,0,0,0,0,0,0.317,0,0,0,0,0.188,0,0,0.347,0,0,0,0,0,0,0,0.207,0,0,0,0,0,0,0,0.24,0,0,0,0,0,0,0,0,0,0,0,0,0.303,0,0,0,0,0,0,0.231,0,0.206,0,0,0,0,0,0,0,0,0,0,0,0,0,0,0,0.806,0,0,0.303,0,0,0,0,0.211,0,0,0,0.159,0.182,0,0,0,0.237,0,0,0,0,0,0.952,0.45,0,0,0,0.162,0.895,0.295,0.288,0,0,0.895,0.273,0,0,0.16,0,0,0.341,0,0,0,0.371,0.211,0,0,0,0.307,0.17,0,0,0,0.159,0,0.295,0,0,0,0,0.187,0,0.235,0.223,0,0,0.937,0.206,0,0,0,0,0,0,0.333,0,0.27,0,0,0.152,0,0,0.16,0,0,0.268,0,0,0,0.295,0.238,0,0.301,0,0,0,0,0,0.27,0.231,0.288,0,0.317,0,0,0.346,0.317,0,0,0.28,0,0,0,0,0.274,0,0,0,0.163,0.294,0,0.338,0,0.197,0,0.22,0,0,0.956,0.206,0,0,0,0.424,0,0,0.268,0,0.307,0.288,0,0.326,0.238,0,0.159,0.228,0.933,0,0,0,0,0,0,0.331,0,0.241,0,0,0.246,0,0.294,0,0.295,0,0,0,0,0.245,0,0,0,0,0,0.273,0,0,0,0,0,0.341,0,0,0,0,0.332,0,0.332,0,0.326,0.159,0,0,0,0.17,0.293,0,0.25,0,0,0.238,0,0,0,0,0,0,0,0.179,0.719,0,0,0,0,0,0,0,0,0,0,0,0,0,0,0,0,0,0,0,0,0,0,0,0,0,0,0,0,0,0,0,0,0,0,0.37,0,0,0,0,0,0,0,0,0,0,0,0,0,0,0,0,0,0,0,0,0,0,0,0,0,0,0,0,0,0,0,0,0,0,0,0,0,0,0,0,0,0,0,0,0,0,0,0,0,0,0,0,0,0,0.208,0,0,0.189,0,0.356,0,0,0,0.19,0,0,0,0,0,0,0,0.815,0,0,0,0,0,0,0,0,0.179,0,0,0,0,0,0,0,0,0,0,0,0,0,0,0,0,0.23,0,0,0,0,0,0,0,0,0,0,0,0,0.976,0,0,0,0,0,0,0,0,0,0,0,0,0,0,0,0.186,0,0,0,0,0,0,0,0,0,0.179,0,0,0,0,0,0,0,0,0,0.226,0,0,0,0,0.204,0,0,0,0,0,0,0,0,0,0,0,0,0,0,0,0,0,0,0,0,0,0,0,0,0,0,0,0.239,0,0,0,0,0,0,0,0,0,0,0,0,0,0,0,0,0,0,0,0,0.171,0,0,0,0,0,0,0,0,0,0.176,0,0.161,0,0.221,0,0,0,0,0,0,0,0,0,0,0.474,0,0,0,0,0,0,0,0,0.262,0,0,0,0.285,0,0,0,0,0,0,0,0,0,0,0,0,0,0,0,0,0,0,0,0.306,0,0,0,0,0,0,0,0,0,0,0,0,0,0,0.177,0,0,0,0,0,0,0,0,0,0,0,0,0,0,0,0,0,0,0,0,0,0,0,0,0,0,0,0,0,0,0,0,0,0,0,0,0,0,0,0,0,0,0,0,0,0,0,0,0,0,0,0,0,0,0,0,0,0,0,0,0,0.175,0,0,0,0,0,0.575,0,0,0,0,0,0,0,0.198,0,0,0,0,0.29,0,0,0,0,0,0,0,0,0,0,0,0,0,0,0,0.167,0,0,0,0,0,0,0,0,0,0.977,0,0.24,0,0,0,0,0,0,0,0,0,0,0,0,0,0,0,0,0,0.24,0,0,0,0,0,0,0,0.231,0,0,0,0,0,0,0.714,0,0,0,0,0,0,0,0,0,0,0,0,0,0,0,0.161,0,0,0,0,0,0,0,0,0,0,0,0,0,0,0,0,0.15,0,0,0,0,0,0,0,0,0,0,0,0,0,0,0,0,0,0,0,0,0,0,0,0,0,0,0,0,0,0,0,0,0,0,0,0,0,0,0,0,0,0,0,0,0,0,0,0,0,0,0,0,0,0,0,0,0,0,0,0,0,0,0,0,0,0.271,0,0,0,0,0,0.161,0,0,0,0,0,0,0,0,0,0,0,0,0,0,0,0,0,0,0,0,0,0,0,0.301,0,0,0,0,0,0.238,0,0,0,0,0,0,0,0,0,0,0,0,0,0,0,0,0,0,0,0,0,0,0,0,0,0,0,0,0,0,0,0,0.546,0,0,0,0,0,0,0,0,0,0.211,0,0,0,0,0,0,0,0.196,0,0,0,0,0,0,0,0,0,0,0,0,0,0,0,0,0,0,0,0,0,0,0,0,0,0,0.307,0,0,0,0,0,0,0,0,0,0,0,0,0,0,0,0,0,0,0,0,0,0,0,0,0,0,0,0,0,0,0,0,0,0,0,0,0,0,0.171,0.961,0,0,0,0,0.954,0,0,0.62,0,0.212,0.516,0,0,0.15,0,0,0,0,0,0,0,0.257,0.161,0.257,0,0,0,0,0.157,0,0,0,0,0,0.201,0,0,0,0,0,0,0,0,0,0,0,0,0,0,0.221,0,0,0,0,0,0.19,0,0,0,0,0,0,0,0,0,0,0,0,0,0,0,0,0,0,0,0,0,0,0,0,0,0,0,0,0,0,0,0,0,0,0,0,0,0,0,0.151,0,0,0,0,0,0,0,0,0,0,0,0,0,0,0,0,0,0,0,0,0,0,0,0,0,0,0,0,0,0,0,0,0,0,0,0,0,0,0,0,0,0,0,0,0,0,0,0,0,0,0,0,0,0,0,0,0,0,0,0,0,0,0,0,0,0,0,0,0,0,0,0,0,0,0,0,0,0,0,0.174,0,0,0,0,0,0,0,0,0,0,0,0,0,0,0,0,0,0,0,0,0,0,0,0,0,0,0,0,0,0,0,0,0,0,0,0,0,0,0,0,0,0,0,0,0,0,0,0,0.239,0,0,0,0,0,0,0,0,0,0,0,0,0,0,0,0,0,0,0,0,0,0,0,0,0,0,0,0,0,0,0.392,0,0,0,0,0,0,0,0,0,0,0,0,0,0,0,0,0,0,0,0,0,0,0,0,0,0,0,0,0,0,0,0,0,0,0,0,0,0,0,0,0,0.154,0,0,0,0.154,0.154,0,0,0,0,0,0,0,0,0,0,0,0,0,0,0,0,0,0,0,0,0,0,0,0,0,0,0,0,0,0,0,0,0,0,0,0,0,0,0,0,0,0,0,0,0,0,0,0,0,0,0,0,0,0,0,0,0,0,0,0,0,0,0,0.46,0,0,0,0,0,0,0,0,0,0,0,0,0,0,0,0,0,0,0,0,0,0,0,0,0.165,0,0,0,0,0,0,0,0,0,0,0,0,0,0,0,0,0,0,0,0,0,0,0,0,0,0,0,0,0,0,0,0,0,0,0,0,0,0,0,0,0,0.196,0,0,0,0,0,0,0,0,0,0,0,0,0,0,0,0,0,0,0,0,0,0,0,0,0,0,0,0,0,0,0,0,0,0,0,0,0,0,0,0.175,0,0,0,0,0,0,0,0,0,0,0,0,0,0,0,0,0,0,0,0,0,0,0,0,0,0,0,0,0,0,0,0,0,0,0,0,0,0,0,0,0,0,0,0,0,0,0,0,0,0,0,0,0,0,0,0,0,0,0,0,0,0,0,0,0,0,0,0,0,0,0,0,0,0,0,0,0,0,0,0,0,0,0,0,0,0,0,0,0.539,0,0,0,0,0,0,0,0,0,0,0,0,0,0,0,0,0,0,0,0,0,0,0,0,0.167,0.177,0,0,0,0,0,0,0,0,0,0,0,0,0,0,0,0,0,0,0,0,0,0,0,0
855898,0.161,0.301,0.167,0,0.246,0,0.376,0.349,0.219,0,0.683,0,0.315,0.305,0.333,0.349,0.98,0,0.347,0,0,0,0,0.21,0.227,0,0.421,0.151,0,0,0,0,0.852,0,0.998,0,0,0,0,0.26,0,0,0.168,0,0.416,0.359,0,0.185,0,0,0,0,0,0,0,0,0,0.223,0.289,0,0.377,0.22,0.399,0,0.433,0.279,0.213,0.237,0.622,0,0.469,0,0,0,0,0.991,0.164,0,0,0,0.349,0.377,0,0.183,0,0.628,0,0,0.978,0,0.163,0,0,0.268,0.229,0,0.422,0.494,0.554,0.246,0,0,0.999,0,0.247,0.996,0.475,0,0,0,0,0,0.255,0,0,0,0,0.169,0.977,0,0,0.217,0,0,0,0,0,0,0,0,0,0.335,0,0,0.22,0.223,0,0,0.426,0.214,0,0,0,0,0,0.341,0,0,0.485,0,0.397,0,0,0.608,0,0.498,0,0,0,0.639,0,0,0,0.335,0.639,0,0,0,0,0,0,0.639,0,0,0,0,0,0.478,0,0,0.932,0.992,0,0,0,0,0,0,0.252,0,0,0,0,0,0.207,0,0,0,0,0,0,0,0,0,0,0.165,0,0,0,0,0,0,0.418,0,0,0,0,0,0,0,0,0,0,0,0,0,0.293,0,0,0,0,0,0,0,0,0,0,0,0,0,0,0,0,0,0,0,0,0.472,0,0,0,0,0,0,0,0,0,0,0,0,0,0,0,0,0,0,0,0,0,0,0,0,0,0,0.312,0,0,0,0,0,0,0,0,0,0,0.659,0,0.551,0,0,0,0,0,0,0,0,0,0,0,0,0,0,0,0,0,0,0,0.234,0,0,0,0.251,0,0.277,0,0.216,0,0,0,0,0,0,0,0,0.302,0,0,0,0,0,0,0,0,0,0,0,0,0,0,0.203,0,0,0,0,0,0.604,0,0,0,0,0,0,0,0,0,0.244,0,0,0,0,0,0,0,0,0,0.171,0.187,0,0,0,0.445,0,0.32,0,0,0,0,0,0.288,0,0,0,0,0,0,0,0,0,0,0,0.2,0,0,0,0,0,0,0,0,0,0,0,0,0,0.193,0,0,0,0.193,0,0,0,0,0,0,0,0,0,0,0,0,0,0,0.194,0,0,0,0,0,0,0.156,0,0.602,0,0,0,0,0.21,0,0,0,0.179,0,0,0,0.46,0.206,0,0,0,0,0,0,0,0.352,0,0,0,0,0,0,0,0.203,0,0.394,0,0,0,0.171,0,0,0,0,0,0,0,0,0.153,0,0,0,0,0.335,0,0,0,0,0,0,0.31,0,0,0.749,0,0,0,0,0,0,0.198,0.477,0,0,0,0,0,0,0,0,0,0,0,0,0,0,0,0,0,0,0,0.296,0,0,0,0,0.557,0.169,0,0,0,0,0,0,0,0,0,0,0,0,0,0,0,0,0.202,0,0.357,0,0,0,0,0,0,0.179,0,0,0,0,0.515,0,0,0,0,0.205,0,0,0.245,0,0,0,0.626,0,0,0,0,0.428,0,0,0,0,0,0,0,0,0,0.362,0,0.321,0,0,0.782,0,0,0.169,0.596,0,0,0,0,0,0.197,0.335,0,0,0.181,0,0.556,0,0,0,0,0,0,0,0,0,0,0,0,0,0,0,0,0,0,0,0,0,0.207,0.49,0.723,0,0,0,0.279,0,0,0,0.212,0,0,0,0,0,0,0,0,0,0,0,0.598,0,0,0,0,0,0,0,0,0,0,0,0,0,0,0,0,0,0.217,0.325,0.205,0,0,0,0,0,0,0,0,0,0,0,0,0,0,0,0,0,0,0,0,0,0,0,0,0,0,0,0,0,0,0,0,0,0,0,0,0,0,0,0,0,0,0,0,0.28,0,0,0,0.533,0,0,0,0,0,0,0,0,0.161,0,0,0,0,0,0,0,0,0,0.923,0,0,0.199,0,0,0,0,0.291,0,0,0,0.206,0,0,0,0,0,0,0,0,0,0.374,0,0,0,0,0,0,0,0.264,0,0,0,0,0,0,0,0,0,0,0,0.301,0,0,0,0.158,0,0,0,0,0,0,0.357,0,0,0,0.23,0,0,0,0,0,0,0,0,0,0,0,0,0,0,0.228,0,0,0,0,0,0,0,0,0.649,0,0,0,0,0,0,0,0,0,0,0,0,0,0,0,0,0,0,0,0,0,0,0,0,0,0,0.285,0,0.272,0,0.178,0,0,0,0,0,0,0.228,0,0,0,0,0,0.297,0,0,0.221,0.377,0,0,0,0,0.219,0,0,0,0.202,0.183,0,0.338,0,0,0,0,0,0,0,0,0.277,0,0,0,0.221,0,0,0.167,0,0,0,0,0.185,0,0,0,0,0,0,0,0,0.246,0,0,0,0,0,0,0,0,0,0,0,0,0,0.216,0,0,0.459,0,0,0.196,0,0,0,0,0,0,0,0,0,0.199,0,0,0,0.347,0,0,0.22,0,0.174,0,0.249,0,0,0,0,0.607,0,0,0,0,0,0,0,0,0,0,0,0.219,0,0.684,0,0,0,0,0,0,0,0,0,0.56,0,0.225,0.24,0,0,0,0,0,0,0,0,0,0,0,0,0,0,0,0,0,0,0,0.25,0.22,0,0,0,0,0,0,0,0,0,0.79,0,0,0.189,0,0,0,0,0,0,0,0.158,0,0,0.275,0,0,0,0,0.269,0,0.221,0,0,0.196,0.286,0,0,0,0,0.189,0,0,0.188,0.625,0,0,0,0,0,0,0,0,0.599,0,0.404,0,0,0.28,0,0.499,0,0,0,0,0,0,0,0.171,0.221,0.266,0.294,0.15,0.237,0.15,0,0,0,0,0,0,0,0,0,0,0,0,0.227,0,0.275,0.546,0,0.232,0,0,0,0,0,0,0,0,0,0.555,0,0,0,0,0,0.171,0.227,0,0.15,0,0,0.53,0,0,0,0.568,0,0.393,0.592,0,0,0,0,0,0.155,0.193,0,0,0.662,0,0,0,0,0.475,0.168,0,0.418,0,0,0.178,0,0,0,0,0,0,0,0.457,0,0,0,0,0,0,0,0,0.177,0,0,0,0,0,0,0,0,0,0,0,0.587,0,0.4,0,0,0.216,0.686,0,0,0,0,0.225,0,0.21,0,0,0,0,0,0,0,0.648,0,0,0,0,0,0,0.241,0,0.398,0.797,0,0,0,0,0,0.37,0.268,0,0,0.219,0,0,0,0,0.218,0,0,0.484,0,0.154,0,0,0,0,0,0,0,0,0,0.222,0.291,0,0,0,0,0,0,0.164,0,0,0,0,0,0,0,0.388,0,0,0,0.19,0,0.272,0,0,0.204,0,0,0,0.442,0.345,0,0,0.408,0,0.225,0,0,0,0,0,0,0,0,0,0,0.165,0,0,0,0,0.741,0,0,0,0,0,0,0,0,0.217,0,0,0,0,0.222,0,0,0.172,0,0,0.221,0,0,0,0,0,0,0,0,0.185,0.167,0,0,0,0,0.318,0,0,0.221,0,0,0,0.517,0,0.221,0,0.191,0.183,0,0.242,0.869,0,0,0.236,0.268,0,0,0,0.756,0.686,0.19,0,0,0,0.221,0,0,0,0,0.198,0,0,0.343,0,0,0,0,0,0,0,0,0.199,0.264,0.214,0,0,0,0.227,0.478,0,0,0,0,0.472,0.259,0,0,0,0,0.777,0,0,0,0.166,0,0.161,0,0,0,0.36,0,0,0,0,0,0,0.592,0,0.225,0.29,0,0.506,0.298,0,0,0,0,0.355,0,0,0,0.15,0,0,0.522,0,0,0,0.173,0,0,0.311,0,0,0,0,0,0,0.882,0.456,0,0,0,0,0,0,0,0,0.48,0,0,0,0.445,0,0,0.769,0,0,0,0,0,0.179,0,0,0,0,0,0,0.154,0.16,0.218,0,0,0,0,0.25,0,0,0.469,0,0.227,0,0,0,0,0.577,0.209,0,0,0,0,0,0,0,0,0,0,0,0.279,0,0,0,0.281,0,0,0,0.316,0.743,0,0.165,0,0.196,0,0.331,0,0.265,0,0,0.386,0,0,0.221,0.283,0,0,0,0.221,0,0,0,0.157,0,0,0,0,0,0,0,0,0,0,0,0,0,0,0.249,0.258,0,0,0,0,0,0,0,0,0,0.182,0,0,0,0,0,0.344,0.477,0,0,0,0,0,0,0,0,0,0,0,0,0,0,0,0,0,0,0,0,0,0,0,0,0.379,0,0,0,0,0,0,0,0,0,0,0,0,0,0,0,0.223,0,0,0,0.193,0,0,0.804,0,0,0,0,0,0,0,0,0,0,0,0,0.951,0,0,0,0,0,0,0,0,0,0,0,0,0,0,0,0,0,0,0,0,0,0,0,0,0,0,0,0,0,0,0,0,0,0,0,0,0,0,0,0,0,0,0,0,0,0,0,0,0,0,0,0.666,0,0,0,0,0,0,0,0,0,0,0.271,0,0,0,0,0,0,0,0,0,0,0,0,0,0,0,0,0,0,0,0,0,0,0,0,0,0.18,0,0,0,0,0,0,0,0,0.314,0,0,0,0,0,0,0,0,0,0,0,0,0,0,0,0,0,0,0,0,0,0,0,0,0,0,0,0,0,0,0,0,0,0,0,0,0,0,0,0,0,0,0,0,0,0,0,0,0,0,0,0,0,0,0,0,0,0,0,0,0,0,0,0,0,0,0,0,0,0,0,0,0,0,0,0,0,0,0,0,0,0,0,0,0,0,0,0,0,0,0,0,0,0,0,0,0,0,0,0,0.161,0,0,0,0,0,0,0,0,0,0,0,0,0,0,0,0,0,0,0,0,0,0,0,0,0.236,0,0,0,0,0,0,0,0,0,0,0,0,0,0,0,0,0,0,0,0,0,0,0,0,0,0,0,0,0.268,0,0,0,0,0,0,0.284,0,0.168,0,0,0.539,0.852,0,0,0.15,0,0,0,0.195,0,0,0,0,0,0.563,0.38,0.179,0,0,0,0,0.608,0,0,0,0,0.245,0,0,0.18,0,0,0,0,0,0.6,0,0,0.229,0.866,0.265,0.978,0,0.167,0,0,0,0,0,0.323,0,0,0.728,0,0,0.252,0.619,0,0,0,0.307,0.275,0,0.153,0.173,0,0,0,0,0,0,0,0,0,0,0,0,0,0,0,0,0,0,0,0.158,0,0,0,0,0.351,0,0.18,0,0,0,0,0.235,0,0,0,0,0,0,0,0.307,0,0,0,0,0.221,0,0.312,0,0,0,0,0,0.173,0,0,0.151,0,0,0,0,0,0,0,0,0.235,0,0,0,0,0,0,0,0,0,0,0,0,0,0,0,0,0.364,0,0,0,0,0,0,0,0,0,0,0.22,0,0,0,0,0,0.33,0,0,0,0,0,0,0.171,0,0,0.235,0,0,0,0,0,0,0,0.645,0,0,0.191,0,0,0,0.274,0,0,0,0,0,0,0.379,0.179,0,0,0,0,0,0,0,0,0,0.172,0,0,0,0,0.189,0,0,0,0,0,0,0,0,0,0,0,0,0,0,0,0,0,0,0,0,0,0,0,0,0,0.513,0,0,0,0,0,0,0,0,0,0,0,0,0,0,0,0,0,0.318,0,0,0,0,0,0,0,0,0,0,0,0,0,0,0,0,0,0,0,0,0,0,0,0,0,0,0,0,0,0,0,0,0,0,0,0,0,0,0,0,0,0,0,0,0,0,0,0,0,0,0,0,0,0,0,0,0,0,0,0,0,0,0,0,0,0,0,0,0,0,0,0,0,0,0,0,0,0,0,0,0,0,0,0,0,0,0,0,0,0,0,0,0,0,0,0,0,0,0,0,0,0,0,0,0,0.156,0,0,0,0,0,0,0,0,0,0,0.362,0.233,0,0,0,0,0.911,0,0,0.312,0,0,0,0,0,0,0,0.252,0,0,0,0,0,0,0,0.186,0,0,0,0,0.156,0,0.426,0,0,0,0,0,0,0,0,0,0,0,0,0,0,0,0,0,0,0,0,0,0.162,0.647,0,0,0,0,0,0,0,0,0,0.163,0,0,0,0,0.503,0,0,0,0,0,0,0,0,0,0,0,0,0,0,0.912,0,0,0,0,0,0,0,0,0,0,0,0,0,0,0,0.168,0.211,0,0,0,0,0,0,0,0,0,0,0.503,0,0,0,0,0,0,0,0,0,0,0,0,0,0,0,0,0.151,0,0,0,0,0,0,0,0,0,0,0.343,0.279,0,0,0,0,0,0,0,0,0,0,0,0,0,0,0,0,0,0,0,0,0,0,0,0.252,0,0.268,0,0,0,0.462,0,0,0,0,0,0,0,0,0,0,0,0,0,0,0,0,0,0.226,0,0,0,0,0.183,0.673,0,0,0,0,0,0.406,0,0,0,0,0.261,0,0,0,0.191,0,0,0,0.614,0.214,0,0,0,0,0,0,0,0,0,0.543,0,0,0,0,0,0,0.752,0,0,0,0,0,0,0,0,0,0,0,0,0,0,0.279,0.226,0,0,0,0,0,0,0,0,0,0,0.165,0,0,0,0,0,0,0,0,0,0,0,0.796,0,0,0,0,0,0,0.205,0,0.171,0,0,0,0,0,0,0,0,0,0,0,0,0,0,0,0,0,0,0,0,0,0,0,0,0,0,0,0,0.174,0,0,0,0.645,0,0,0,0,0,0,0,0,0,0.172,0,0,0,0,0.296,0,0,0,0,0,0,0,0,0,0,0,0,0,0,0,0,0,0,0.27,0,0,0,0,0,0,0.175,0,0,0,0,0,0.297,0,0,0.283,0,0,0,0.834,0,0,0,0,0,0,0,0,0,0.604,0,0,0,0,0,0,0.17,0,0,0,0,0,0.184,0,0,0,0.307,0,0,0,0,0,0,0,0.15,0.211,0,0,0,0,0,0,0,0,0,0,0.197,0,0,0,0,0,0,0,0,0,0,0,0,0,0,0,0,0,0,0,0,0,0.226,0,0,0,0,0,0,0,0.163,0,0.39,0,0,0,0,0,0.173,0,0,0,0,0,0,0,0,0,0,0,0,0,0,0,0,0,0,0,0,0,0,0,0,0,0,0,0,0,0,0,0,0.186,0,0,0.155,0,0,0,0,0,0,0,0,0,0,0,0,0,0,0,0,0,0,0,0,0.446,0,0,0,0,0,0,0,0,0,0,0,0.155,0,0,0,0,0,0,0,0,0,0,0,0,0,0,0,0,0,0,0,0,0,0.768,0,0,0,0,0,0,0,0,0,0,0,0,0,0,0,0,0,0,0,0,0,0,0,0,0,0,0,0,0,0,0,0,0,0,0,0,0,0,0,0,0,0,0,0,0,0,0,0,0,0,0.186,0.182,0,0,0,0,0,0,0,0.731,0,0,0,0,0,0,0,0,0,0,0,0,0.198,0,0,0,0,0,0,0,0,0,0,0,0,0,0,0,0,0,0,0,0.581,0,0,0,0,0,0,0,0,0,0,0,0,0,0,0,0,0,0,0,0,0,0,0,0,0,0,0,0.156,0,0,0,0,0,0,0,0,0,0,0.815,0,0,0,0,0,0,0,0,0,0,0,0,0,0,0.206,0,0,0,0,0,0,0,0.55,0,0,0,0,0,0,0,0.211,0.966,0,0,0,0,0,0,0,0,0,0,0,0,0,0,0,0,0.419,0,0,0,0,0,0,0,0,0,0,0,0,0,0,0,0,0.165,0,0.458,0,0,0,0,0,0,0,0,0,0,0,0,0,0,0,0,0,0,0,0.181,0,0,0,0,0,0,0,0,0,0,0,0,0,0,0,0,0,0,0,0,0,0,0.285,0,0,0,0,0,0,0,0.171,0,0,0.182,0,0,0.159,0,0,0,0,0,0,0,0,0,0,0.319,0,0,0.938,0,0,0,0,0.156,0.195,0,0,0,0,0,0.593,0,0,0,0,0,0,0,0,0,0,0,0,0,0,0,0,0,0,0,0,0,0,0,0,0,0,0.209,0,0,0,0.339,0,0,0,0,0,0,0,0,0,0.204,0,0.9,0,0,0,0,0,0.363,0,0,0,0,0,0,0,0,0.172,0,0,0,0,0,0.336,0,0,0,0,0,0,0,0,0,0,0,0,0,0,0,0,0,0,0,0,0,0,0,0,0,0,0,0,0,0,0,0,0,0,0,0,0,0,0,0,0,0,0,0,0.185,0,0,0.313,0,0,0,0.196,0,0,0,0,0,0,0,0,0,0,0,0,0,0,0,0,0,0,0,0,0,0.266,0,0,0,0,0,0,0,0,0,0.392,0,0,0,0,0,0,0,0,0,0,0.611,0,0,0.24,0,0,0.292,0,0,0,0,0,0.222,0,0,0,0,0,0,0.339,0,0,0,0,0,0,0,0,0,0,0,0,0,0,0,0,0,0,0,0,0,0,0,0,0,0,0.301,0,0,0,0,0.576,0.186,0,0,0,0,0,0,0,0,0,0,0,0,0,0,0,0.251,0,0,0,0,0,0,0,0,0,0,0,0,0.177,0,0,0,0,0,0.392,0,0,0,0,0,0,0,0,0,0,0.228,0,0,0,0,0.246,0,0,0,0,0.84,0,0,0,0,0,0,0,0,0,0,0,0,0,0.237,0,0,0,0,0,0,0.176,0,0,0,0,0,0,0,0,0,0,0,0.82,0,0,0,0,0,0,0,0,0,0,0,0.153,0.389,0,0,0,0.171,0,0,0,0.541,0.159,0,0,0,0,0,0,0,0,0,0,0.176,0,0,0.178,0,0,0,0,0,0,0,0,0,0,0,0,0,0,0,0,0,0,0.266,0,0,0,0,0,0,0,0,0.226,0,0,0,0,0,0,0,0,0,0,0,0,0,0.204,0,0,0,0,0,0,0,0,0,0.205,0,0.793,0,0,0,0,0,0,0,0,0,0,0,0.414,0,0.666,0,0,0,0,0,0.25,0,0.217,0,0.269,0,0,0,0.315,0,0,0,0,0,0.173,0,0,0,0,0,0.327,0,0,0,0,0.183,0.171,0,0,0.173,0.341,0.353,0.309,0,0,0,0,0,0,0,0,0,0.611,0,0,0.238,0.205,0.253,0.157,0,0,0.203,0,0,0.263,0.267,0.919,0.181,0,0,0,0,0,0.228,0.156,0,0,0,0,0,0.68,0,0,0.245,0.213,0.161,0.165,0,0.171,0,0,0.269,0.221,0,0,0,0,0.188,0,0.244,0.447,0.161,0,0,0.238,0,0,0,0,0,0,0,0,0,0.287,0,0,0,0,0,0.326,0,0,0,0,0,0,0,0,0.173,0,0,0,0,0,0,0,0,0,0,0.199,0,0,0,0,0,0,0,0,0,0,0,0,0,0,0,0,0,0,0,0,0,0,0,0,0.244,0,0,0,0,0,0,0,0,0,0,0,0,0,0.309,0,0,0.813,0,0,0,0,0,0,0,0,0,0,0,0,0,0,0,0,0,0,0,0,0,0,0,0,0,0,0,0,0,0,0,0,0,0,0,0,0,0,0,0,0,0,0,0,0,0,0,0,0,0,0,0,0,0,0,0,0,0,0,0,0,0,0,0,0,0,0,0,0,0,0,0,0,0,0,0,0,0,0,0,0,0,0,0,0,0,0.178,0,0,0,0,0,0,0,0,0,0,0,0,0.231,0,0,0,0.651,0,0,0,0,0.598,0,0,0,0,0,0,0,0,0,0,0,0,0.696,0,0,0,0.173,0.288,0,0,0,0.544,0,0,0,0,0,0,0,0,0,0,0,0,0,0.156,0.616,0,0.48,0,0,0,0,0.16,0,0,0,0,0,0,0.203,0,0,0.252,0,0,0,0,0,0,0,0,0,0,0,0,0,0,0,0,0,0,0,0,0,0,0,0,0,0,0,0,0,0,0,0,0,0,0,0,0.255,0,0,0,0,0,0,0,0.202,0,0,0,0,0,0,0,0,0,0,0.298,0,0,0,0,0,0,0,0,0,0,0,0,0.188,0,0,0,0,0,0,0,0,0,0,0,0.292,0,0.666,0,0,0,0,0,0.152,0,0.205,0,0,0,0,0,0,0,0.155,0,0,0,0,0,0.173,0,0.58,0,0,0,0,0,0,0,0.227,0,0,0,0,0,0,0,0,0,0,0,0,0,0,0,0,0,0,0,0,0,0,0,0,0,0,0,0,0,0,0,0,0,0,0,0,0,0,0,0,0,0,0,0.164,0,0,0,0,0,0,0,0,0,0,0,0,0,0,0,0,0,0,0,0,0,0,0,0.173,0,0.155,0.228,0,0.159,0,0,0,0,0,0,0,0,0,0,0,0,0,0,0,0,0,0.209,0,0,0,0,0,0,0,0,0.204,0,0,0.153,0,0,0,0,0,0,0,0,0,0,0,0,0,0,0,0,0,0,0,0,0,0,0,0,0,0,0,0,0,0,0,0,0,0,0,0,0,0,0,0,0,0,0,0,0.78,0,0,0,0,0.379,0.231,0,0,0,0,0,0,0,0,0,0,0,0,0,0,0,0,0,0,0,0,0.275,0,0,0,0.239,0.482,0,0.263,0.246,0.161,0.687,0.399,0,0,0,0,0,0,0,0,0,0,0,0,0,0,0,0,0,0.694,0,0,0,0,0,0,0,0,0,0,0,0,0,0,0,0,0,0,0,0,0,0,0.248,0,0,0,0,0,0,0,0,0,0,0.919,0,0,0,0,0,0,0,0,0,0,0,0,0,0,0,0,0,0,0,0,0.186,0,0,0,0,0,0,0,0,0,0,0,0,0,0,0,0,0,0,0,0,0,0,0,0,0,0,0,0.29,0,0,0.552,0,0,0,0,0,0,0,0,0,0,0,0,0.237,0,0,0.252,0,0,0.15,0,0,0,0,0,0,0,0,0,0,0,0,0.244,0.724,0,0,0,0,0,0,0.242,0
854203,0.332,0,0,0,0,0,0.392,0.22,0,0,0,0,0,0,0,0,0,0,0.424,0,0,0,0,0,0,0,0.214,0,0,0,0,0,0,0,0,0,0,0,0,0,0,0,0,0,0,0,0,0,0,0,0.995,0,0,0,0,0,0,0,0,0,0,0.48,0,0,0,0,0,0,0,0,0,0,0,0,0,0,0,0,0,0,0,0,0,0,0,0,0,0,0.17,0,0,0,0,0,0,0,0,0,0.219,0,0,0,0,0,0.27,0,0,0,0,0,0,0,0,0,0,0,0,0,0.163,0,0,0,0,0,0,0,0,0,0,0,0,0,0,0,0.152,0,0,0,0.216,0,0,0,0,0,0,0,0.319,0,0,0,0,0,0,0,0,0,0.817,0,0,0,0,0,0,0,0.183,0,0,0,0,0,0,0.229,0,0,0,0,0.39,0,0,0,0,0.2,0,0.519,0,0,0,0,0,0,0,0.193,0,0,0,0.337,0,0,0,0,0.397,0.3,0.583,0,0,0,0,0,0,0.208,0,0.528,0,0,0,0,0,0.275,0,0,0,0,0,0,0,0,0,0,0,0,0,0,0,0,0,0.744,0,0,0,0,0,0,0,0,0,0,0,0,0,0.19,0,0.17,0,0,0.606,0,0.315,0,0,0.179,0.21,0,0,0,0,0,0,0,0,0,0,0,0,0.763,0,0,0,0,0,0,0,0,0,0,0.339,0,0,0,0,0,0,0,0,0,0.693,0,0.384,0,0,0,0,0,0,0,0,0.214,0,0.175,0,0,0.197,0.553,0,0.634,0,0,0,0,0.258,0,0,0,0,0,0,0,0,0.203,0,0,0,0.888,0,0,0,0.521,0,0,0,0,0,0,0,0,0,0,0.651,0,0,0,0,0,0,0,0,0,0,0,0,0,0,0,0,0,0,0,0,0,0,0,0.159,0,0,0,0,0,0,0,0,0,0,0,0,0,0,0,0.153,0,0,0,0,0,0,0.266,0,0,0,0,0,0,0.313,0,0.191,0,0,0,0,0,0,0,0,0,0,0,0.394,0,0,0,0.174,0,0.227,0,0,0,0,0,0,0.173,0,0.34,0,0,0,0,0,0.252,0,0.302,0.222,0,0,0,0,0,0,0,0,0.639,0,0,0,0,0,0,0,0.173,0,0,0,0,0,0,0,0,0.317,0,0,0,0,0,0.159,0,0,0,0.169,0,0,0,0,0,0,0,0,0,0,0.196,0,0,0,0,0,0.28,0,0,0.189,0,0.2,0.205,0,0,0,0,0,0,0,0,0,0,0,0,0,0,0,0,0,0,0,0,0,0,0,0,0,0,0,0,0,0,0.27,0,0,0.95,0,0,0,0,0,0,0,0,0,0,0,0,0,0.195,0,0,0,0,0,0,0,0,0,0,0,0.317,0.173,0.173,0,0,0,0,0,0,0,0,0,0,0,0.239,0,0,0,0,0,0,0,0,0,0,0,0,0,0,0,0,0.158,0,0,0,0,0,0,0,0,0,0,0,0,0,0,0,0,0,0,0.156,0.332,0,0,0,0,0,0,0,0,0,0,0.199,0,0,0.461,0,0,0,0,0,0,0,0,0,0,0,0,0,0.232,0,0,0,0,0,0.159,0,0,0.517,0,0,0,0.557,0,0,0,0,0,0,0,0,0,0,0,0,0,0,0,0,0,0,0,0,0,0,0.276,0,0,0,0,0,0,0,0,0,0,0,0,0.212,0,0,0,0,0,0,0,0,0,0,0,0,0,0,0,0,0,0,0,0,0,0,0,0,0,0,0,0,0,0,0,0,0,0.219,0,0,0,0,0,0,0.529,0,0.512,0,0,0,0,0,0,0,0,0,0.645,0,0.226,0,0,0,0,0.838,0,0,0.154,0,0,0,0,0,0,0,0,0,0,0.92,0,0,0,0,0,0,0,0,0,0,0.226,0,0,0.313,0,0,0,0.177,0,0,0,0,0,0,0.175,0,0,0,0.819,0,0,0,0,0.21,0,0.396,0,0,0,0.173,0.238,0,0,0,0,0,0,0,0.474,0.2,0,0,0,0,0,0,0,0.781,0,0,0,0,0.263,0,0,0,0,0,0,0,0,0.283,0,0,0,0,0,0,0,0,0,0,0,0,0,0.153,0,0.562,0,0,0,0,0,0,0.201,0.259,0,0.199,0,0,0,0,0,0.253,0,0,0,0,0,0,0,0,0,0,0,0,0.258,0.264,0,0,0,0,0,0,0,0.196,0,0,0,0,0.188,0,0,0,0.219,0.274,0,0,0,0,0,0,0,0.749,0,0,0.17,0.438,0,0,0,0.15,0,0,0,0.21,0,0,0.677,0,0,0,0,0,0,0.346,0,0,0,0,0.188,0,0,0,0,0,0,0,0,0,0,0,0.177,0,0,0,0,0,0,0,0,0,0,0,0,0,0.643,0,0,0,0,0,0,0,0,0,0,0,0,0,0,0,0,0,0,0,0,0,0,0,0,0,0,0,0,0,0,0,0,0,0,0,0,0,0,0,0,0,0,0,0,0,0,0,0,0,0,0,0,0,0,0,0,0,0,0,0,0,0,0,0,0,0,0,0,0,0.577,0,0,0.274,0,0,0,0,0,0,0,0.331,0,0,0,0,0,0,0,0,0,0,0.237,0,0.183,0.199,0,0,0,0,0,0,0,0,0,0,0,0,0,0.203,0,0,0.392,0,0,0,0,0,0,0,0,0,0,0,0,0,0.331,0,0,0,0,0.579,0,0.219,0.889,0.309,0.51,0,0,0.762,0,0,0,0,0,0.183,0,0.183,0,0,0,0,0,0.345,0,0,0,0,0,0.284,0,0,0,0.618,0,0,0,0,0,0,0,0,0,0,0,0,0,0,0.692,0,0,0,0,0,0.379,0,0,0,0,0.336,0,0,0,0,0,0,0,0,0,0,0,0,0.362,0.153,0.387,0,0,0.22,0,0.16,0,0,0,0,0,0.227,0,0,0,0,0,0.247,0,0,0,0,0,0.233,0,0,0,0,0,0,0,0,0.233,0,0,0,0,0.166,0,0.175,0.168,0.578,0,0,0.254,0,0,0,0,0,0,0,0,0,0,0,0.918,0.26,0.533,0,0,0,0,0,0,0,0,0,0,0.225,0,0.184,0,0,0.233,0,0,0,0,0,0,0,0,0,0,0.966,0,0.202,0,0,0,0.257,0,0,0,0,0,0.211,0,0,0.17,0.311,0.6,0.198,0,0,0,0,0,0,0,0,0,0.373,0.164,0.383,0,0,0,0.248,0,0,0,0,0.284,0,0,0,0,0,0,0,0,0,0,0,0,0,0,0,0,0.194,0.241,0,0,0.344,0.386,0,0.253,0,0.237,0,0.235,0,0,0,0.193,0,0.181,0,0.685,0,0,0,0,0.182,0,0,0.457,0,0,0,0,0,0,0,0,0.191,0,0.356,0,0,0,0.257,0,0.248,0.232,0,0.48,0,0,0,0.242,0,0.244,0.647,0.814,0,0,0,0.82,0,0,0.304,0,0,0.239,0,0.442,0,0,0,0,0,0,0.301,0,0.952,0,0,0.26,0,0,0,0,0,0,0,0.235,0,0,0,0,0,0,0,0,0,0,0,0.279,0.437,0,0,0,0,0.742,0,0,0.608,0,0,0,0,0,0,0,0.356,0,0.492,0,0,0,0.209,0,0,0,0,0.252,0,0,0.439,0.477,0,0,0.783,0.241,0,0.232,0,0,0.232,0,0,0,0,0,0,0,0,0,0,0.758,0,0.199,0,0.235,0.209,0,0,0,0,0.2,0,0,0,0,0,0,0,0,0,0,0.619,0,0.372,0,0,0,0,0,0,0,0,0,0,0.236,0.173,0,0,0.168,0,0.343,0.227,0,0,0,0.72,0,0,0.38,0.196,0.198,0,0,0.224,0.482,0,0,0,0,0,0,0,0.212,0,0,0,0,0.152,0,0,0,0,0.267,0.168,0,0,0,0.226,0,0,0,0,0,0,0,0,0,0,0,0,0.351,0.506,0.982,0,0,0,0,0.175,0.152,0.191,0,0.331,0,0,0,0,0,0,0,0,0,0,0.203,0,0,0,0,0,0,0,0,0,0,0,0,0,0,0,0,0,0,0,0,0,0,0,0,0,0,0,0,0,0,0,0,0,0,0,0,0,0,0,0,0,0,0,0,0,0,0,0,0,0,0,0,0,0,0,0,0,0,0,0,0,0,0,0,0,0,0,0,0,0,0,0,0,0,0,0,0,0,0,0,0,0,0,0,0,0,0,0,0,0,0.232,0,0,0.173,0,0,0,0,0,0,0,0,0,0,0,0,0.33,0,0,0,0,0,0,0,0,0,0,0,0,0,0,0,0,0,0,0,0,0,0,0,0,0,0,0,0,0,0,0,0,0,0,0,0,0,0,0,0,0,0,0,0,0,0,0,0,0,0,0,0,0,0,0,0,0,0,0,0,0,0,0.157,0,0,0,0,0,0,0,0,0,0,0,0,0,0.157,0,0,0,0,0,0,0,0,0,0,0,0,0,0,0.19,0,0,0,0,0,0,0,0,0,0,0,0,0,0,0,0,0,0,0,0,0,0,0,0,0,0,0,0,0,0,0,0,0,0,0,0,0,0,0,0,0,0,0,0.229,0.492,0.15,0,0,0,0,0,0,0,0,0,0,0.175,0,0,0,0,0,0,0,0,0.173,0,0,0,0,0,0,0,0,0,0,0,0,0,0,0,0.186,0,0,0,0,0,0,0,0,0,0,0,0,0,0,0,0,0,0,0,0,0,0,0,0,0,0,0,0,0,0,0,0,0.164,0,0,0,0,0,0,0,0,0,0,0,0,0,0,0,0,0,0,0,0,0,0,0,0,0,0,0,0.15,0,0,0,0,0,0,0,0,0,0,0,0,0,0,0,0,0,0,0,0,0,0,0,0,0,0,0,0,0,0,0,0,0,0,0,0.152,0,0,0,0,0,0,0,0,0,0,0,0,0,0,0.178,0,0,0,0,0,0,0,0,0,0,0,0,0,0,0,0,0.175,0,0,0,0,0,0,0,0,0,0,0,0,0,0,0.171,0,0,0,0,0.186,0,0,0,0,0,0.354,0,0,0,0,0,0,0,0,0,0,0,0,0,0,0,0,0,0,0,0,0,0,0,0,0,0.152,0,0,0,0,0,0,0,0,0,0,0,0,0,0,0,0,0,0,0,0,0.171,0,0,0,0,0,0,0,0,0,0,0,0,0,0,0,0,0,0,0,0,0,0,0,0,0,0,0,0,0,0,0,0,0,0,0,0,0,0,0,0,0,0,0.193,0,0,0,0,0,0,0,0,0,0,0,0,0,0,0.309,0,0,0,0,0,0,0,0,0,0,0,0,0,0,0,0,0,0,0,0,0,0,0,0,0,0,0,0,0,0,0,0,0,0,0,0,0,0,0.292,0,0,0,0,0,0,0,0,0,0,0,0,0,0,0,0,0,0,0,0,0,0,0,0,0,0,0,0,0,0,0,0,0,0,0,0,0,0,0,0,0,0,0,0,0,0,0,0,0,0,0,0,0,0,0.199,0,0,0,0,0,0,0,0,0,0,0,0,0,0,0,0,0,0,0,0.197,0,0,0,0,0,0,0,0,0,0,0,0,0,0,0,0,0,0,0,0,0,0,0,0,0,0,0,0.168,0,0,0,0,0,0,0,0.166,0,0,0,0,0,0,0,0,0,0,0,0,0,0,0,0,0,0,0,0,0,0,0,0,0,0,0,0,0,0,0,0,0,0,0,0,0,0,0,0,0,0,0,0,0,0,0,0.157,0.217,0,0,0,0,0,0,0,0,0,0,0,0,0,0,0,0,0,0,0,0,0,0,0,0,0,0,0,0,0,0,0,0,0.255,0,0,0,0,0,0,0,0,0,0,0,0,0,0,0,0,0,0,0,0,0,0,0,0.197,0,0,0,0,0,0,0,0,0,0,0,0,0,0,0,0,0,0,0,0,0,0,0,0,0,0,0,0,0.209,0,0,0,0,0,0,0,0,0,0.236,0,0,0,0,0,0,0,0,0,0,0,0,0,0,0,0,0,0,0,0,0,0,0.215,0,0,0,0,0,0,0,0,0,0,0,0,0,0,0,0,0,0,0,0,0,0.209,0,0,0,0,0,0,0,0,0,0,0,0,0,0,0,0.186,0,0,0,0,0,0,0,0,0,0,0,0,0,0,0,0,0,0,0,0,0,0,0,0,0,0,0,0,0,0,0,0,0,0,0,0,0,0,0,0,0,0,0,0,0,0,0,0,0,0,0,0,0,0,0,0,0,0,0,0,0,0,0,0,0,0,0,0,0,0,0,0,0,0,0,0,0,0,0,0,0,0,0,0,0,0,0.372,0,0,0,0,0,0,0,0,0,0,0,0,0,0,0,0,0,0,0,0,0.181,0,0,0,0,0,0,0,0,0.165,0,0,0,0,0,0,0.204,0,0,0,0,0.201,0,0.258,0,0.165,0,0,0,0,0,0,0,0,0,0,0,0,0,0,0,0,0,0,0,0,0,0,0,0,0,0,0,0,0,0.269,0.214,0,0,0,0,0,0.25,0,0,0,0,0,0.19,0,0,0,0,0,0,0,0,0,0,0.208,0,0,0,0,0,0,0,0,0,0.999,0,0,0,0,0.183,0,0,0,0,0,0.185,0,0,0,0.343,0,0,0.184,0,0,0,0.239,0,0,0,0,0,0,0,0,0,0.307,0.447,0,0,0,0,0,0,0,0,0,0,0,0,0,0,0,0.355,0,0,0,0,0,0,0,0,0,0,0,0,0,0,0,0,0,0,0,0,0,0,0,0,0,0,0,0,0,0,0,0,0,0,0,0,0,0,0,0.174,0,0,0,0,0,0,0,0,0,0,0,0.26,0,0,0,0,0,0,0,0,0,0,0,0.599,0,0,0,0,0,0,0,0,0.201,0,0,0,0,0,0,0,0,0,0,0,0,0,0,0,0,0,0,0,0,0,0,0,0,0,0,0,0,0,0,0,0,0,0,0,0,0,0,0,0,0,0,0,0,0,0,0,0,0,0,0,0,0,0,0,0,0,0,0,0,0,0,0,0,0,0,0,0,0,0,0,0,0,0,0,0,0,0,0,0,0.198,0,0,0,0,0,0,0,0,0,0,0,0,0,0,0,0,0,0,0,0,0,0,0,0,0,0,0,0,0,0,0,0,0.229,0,0,0,0,0,0,0,0,0,0,0,0,0,0,0,0,0,0,0,0,0,0,0,0,0,0,0,0,0.61,0,0,0,0,0,0,0,0,0,0,0,0,0,0,0,0,0,0,0,0,0,0,0,0,0.156,0,0,0,0,0,0,0,0,0,0,0,0,0,0,0,0,0,0,0,0,0,0,0,0,0,0,0,0,0,0,0,0,0,0,0,0,0,0,0,0,0,0,0,0.61,0,0,0,0.187,0,0,0,0,0,0,0,0,0,0,0,0,0,0,0,0,0,0,0,0,0.187,0,0,0,0,0,0.151,0,0,0,0,0,0,0,0,0,0,0,0,0,0,0,0,0,0,0,0,0,0,0,0,0,0,0,0,0,0,0,0,0,0,0,0,0,0,0,0,0,0,0,0,0,0,0,0,0,0,0,0,0,0,0,0,0,0,0,0,0,0,0,0,0,0,0,0,0,0,0,0,0,0,0,0.191,0,0,0,0,0,0,0,0,0,0,0,0,0,0,0,0,0,0,0,0,0,0,0,0,0,0,0,0,0,0,0,0,0,0,0,0,0,0,0,0,0,0,0,0,0,0,0,0,0,0,0,0,0,0,0,0,0,0,0,0,0,0,0,0,0,0,0,0,0,0,0,0,0,0,0,0,0,0,0,0,0,0,0,0,0,0,0,0,0,0,0,0,0,0,0,0,0,0,0,0,0,0,0,0,0,0,0,0,0,0,0,0,0,0,0,0,0,0,0,0,0,0,0,0,0,0,0,0,0,0,0,0,0,0,0,0,0,0,0,0,0,0,0,0,0,0,0,0,0,0,0,0,0,0,0,0,0,0,0,0,0,0,0,0,0,0,0.537,0,0,0,0,0,0,0,0,0,0,0,0,0,0,0,0,0,0,0,0,0,0,0,0,0,0,0,0,0,0,0,0,0,0,0,0,0,0,0,0,0,0,0,0,0,0,0,0,0,0,0,0,0,0,0,0,0,0,0,0,0,0,0,0.229,0.173,0,0,0,0,0,0,0,0,0,0,0,0,0,0,0,0,0,0,0,0,0,0,0,0,0,0,0,0,0,0,0,0,0,0,0,0.173,0,0,0,0,0,0.208,0,0,0,0,0,0,0,0,0,0,0,0,0,0,0,0.215,0,0,0,0,0,0,0,0,0.231,0,0,0,0,0,0,0,0,0,0,0,0,0,0,0,0,0,0,0,0,0,0,0,0,0,0,0,0,0,0,0,0,0,0,0,0,0,0,0,0,0,0,0,0,0,0,0,0,0,0,0,0,0,0,0,0,0,0,0,0,0,0,0,0,0,0,0,0,0,0,0,0,0,0,0,0,0,0,0,0,0,0,0,0,0,0,0,0,0.297,0,0,0,0,0,0,0,0,0,0,0,0,0,0,0,0,0,0,0,0,0,0,0,0,0,0,0,0,0,0,0,0,0,0,0,0,0,0,0.176,0,0,0,0,0,0,0,0,0,0,0,0,0,0,0,0,0,0,0,0,0,0,0,0,0,0,0,0,0,0,0,0,0,0,0,0,0,0,0,0,0,0,0,0,0,0,0,0,0,0,0,0,0,0,0,0,0,0,0,0,0,0,0,0,0,0,0,0,0,0,0,0,0,0,0,0,0,0,0,0,0,0,0,0,0,0,0,0,0,0,0.693,0,0,0,0,0,0.196,0,0,0,0,0,0,0,0,0,0,0,0,0,0,0,0,0,0,0,0,0,0,0,0,0,0,0,0,0,0,0,0,0,0,0,0,0,0,0,0,0,0,0.153,0,0,0,0,0,0,0,0,0,0,0,0,0,0,0,0,0,0,0,0,0,0,0,0,0,0,0,0,0,0,0,0,0,0,0,0,0,0,0,0,0,0,0.157,0,0,0,0,0,0,0,0,0,0,0,0,0,0,0,0,0,0,0,0,0,0,0,0,0,0,0,0,0,0,0,0,0,0,0,0,0,0,0,0,0,0,0,0,0,0,0.252,0,0,0,0,0,0,0,0,0.288,0,0,0,0,0,0,0,0,0,0,0,0,0,0,0.584,0,0,0,0,0,0,0.252,0,0,0,0,0,0,0,0,0,0,0,0,0,0,0.39,0,0,0,0,0,0,0,0,0,0,0,0,0,0,0,0,0,0,0,0,0,0,0,0,0,0.198,0,0,0.201,0,0,0,0,0,0,0,0,0,0,0,0,0,0,0,0,0,0,0,0,0,0,0,0,0,0,0,0,0,0,0,0,0,0.185,0,0,0,0,0,0,0,0,0,0,0,0.223,0,0,0,0,0,0,0,0,0,0,0,0,0,0,0,0,0,0,0,0.309,0,0,0,0,0,0,0,0,0,0,0,0,0,0,0,0,0,0,0,0,0,0,0.185,0,0,0,0,0,0,0,0,0,0,0,0,0,0,0,0,0,0,0,0,0,0,0,0,0,0,0,0,0,0,0,0,0,0,0,0,0,0,0,0,0,0,0,0,0,0,0,0.15,0,0,0,0,0,0,0,0,0,0,0.293,0,0,0,0,0,0,0.165,0.185,0,0,0,0,0,0,0,0,0,0,0,0,0,0,0,0,0,0,0,0,0,0,0,0,0,0,0,0,0,0,0,0,0,0,0,0,0.451,0,0,0,0,0,0,0,0,0,0,0,0,0,0,0,0,0,0,0,0,0,0,0,0,0,0,0,0,0,0,0,0,0,0,0,0,0.183,0,0.212,0,0,0,0,0,0.177,0,0.193,0,0,0,0,0,0,0,0,0,0,0,0,0,0,0,0,0,0,0,0,0,0,0,0,0,0,0,0.999,0,0,0,0,0,0,0,0,0,0,0,0,0,0,0,0,0,0,0,0,0,0,0,0,0,0,0,0,0,0,0,0,0,0,0,0,0,0,0,0,0,0,0,0,0,0,0,0.298,0,0,0,0,0,0,0,0,0,0,0,0,0,0,0,0,0,0.373,0,0,0,0,0,0,0,0,0,0,0,0,0,0,0,0,0,0,0,0,0,0,0,0,0,0,0,0,0,0,0,0,0,0,0,0,0,0,0,0,0,0,0,0,0,0,0,0,0,0,0,0,0,0,0,0,0,0,0,0,0,0,0,0,0,0,0,0,0,0,0,0,0,0,0,0,0,0,0,0,0.181,0,0,0,0.195,0,0,0,0,0,0,0,0,0,0,0,0,0,0,0.398,0,0,0,0,0,0,0,0,0
855655,0,0,0,0,0,0.446,0,0,0,0,0,0,0,0,0,0,0,0,0,0,0,0,0,0,0,0,0,0,0,0,0,0,0,0,0,0,0,0,0,0,0,0,0,0,0,0,0,0,0,0,0,0.999,0,0,0,0,0,0,0,0,0,0,0.249,0,0,0,0,0,0,0,0.297,0,0,0,0.166,0,0,0,0,0,0,0,0,0,0,0,0,0,0,0,0,0,0,0,0,0.999,0,0,0,0,0,0,0,0,0,0,0,0,0,0,0,0,0,0,0,0,0,0.33,0,0,0,0,0.442,0,0,0,0,0.918,0,0,0,0,0,0,0,0,0.179,0,0,0,0.998,0.261,0,0,0,0,0,0,0,0,0,0,0,0,0,0.901,0,0,0,0,0,0,0,0,0,0,0,0,0,0,0,0,0,0,0,0,0,0,0.155,0,0,0,0,0,0,0,0,0,0.268,0.706,0.323,0,0,0.25,0,0.246,0,0,0,0,0,0,0,0.558,0,0.329,0.999,0,0,0,0,0,0,0.219,0,0.373,0,0,0,0,0.999,0,0.285,0.379,0,0,0,0,0.483,0.764,0,0,0.998,0,0.632,0,0.563,0.218,0,0,0,0.157,0,0.294,0.514,0,0,0,0,0,0,0,0,0,0,0,0,0,0.279,0,0.251,0,0,0,0.22,0.176,0,0,0,0,0.256,0,0,0,0,0.95,0,0.181,0.25,0,0,0,0.896,0,0,0.465,0,0.932,0,0.431,0,0,0,0,0,0.173,0,0.151,0,0.156,0.999,0,0,0,0,0,0.197,0.401,0,0.999,0,0,0,0,0.957,0.219,0,0.189,0,0,0,0,0.182,0,0,0.186,0,0,0,0.63,0,0,0.573,0,0.56,0,0,0,0,0,0,0,0,0.35,0,0.17,0,0,0,0,0,0,0,0.173,0,0,0,0,0,0.503,0,0.152,0,0,0,0.296,0.169,0,0,0.999,0,0.786,0,0,0,0.308,0.999,0,0,0,0,0,0,0.998,0,0.229,0,0,0,0.184,0.388,0,0,0,0,0,0.999,0,0.379,0,0.523,0,0.174,0,0.437,0,0,0,0,0.811,0,0,0,0,0,0.288,0.28,0,0,0,0.162,0,0,0.187,0,0.331,0.165,0,0.25,0,0.173,0,0,0,0,0,0.266,0,0,0,0,0,0,0,0.152,0,0,0,0,0,0.993,0,0.316,0,0,0,0,0.422,0,0,0.181,0.22,0.212,0,0,0,0,0,0,0,0.197,0,0,0.999,0,0,0,0,0,0.923,0,0,0,0.223,0,0,0,0,0,0,0,0.207,0,0,0,0.179,0,0.909,0,0,0.277,0,0,0,0,0,0,0,0.259,0,0,0,0,0,0.545,0.174,0.999,0.265,0,0,0,0,0,0,0,0.424,0.911,0,0,0,0,0,0,0,0.281,0,0.724,0,0.163,0,0.165,0.157,0.362,0.15,0,0,0,0,0.184,0.471,0,0,0,0,0,0,0,0,0,0,0,0,0,0,0,0.286,0,0,0,0,0,0,0,0,0,0.23,0,0,0,0,0,0,0,0,0,0.783,0,0,0,0,0.798,0,0,0.202,0,0,0,0.451,0,0.26,0.159,0,0,0.263,0,0.151,0,0.246,0.182,0,0,0,0,0,0,0.151,0.34,0.902,0,0,0,0,0,0,0.746,0.901,0,0,0,0,0,0,0,0,0.606,0,0,0,0.366,0,0,0.364,0,0.219,0.291,0,0,0.177,0,0,0,0,0,0,0.538,0.184,0,0,0.287,0,0.167,0,0,0,0,0.15,0,0,0,0,0,0,0,0.258,0,0.15,0,0,0,0,0.157,0.558,0,0.15,0,0,0.323,0.206,0,0,0,0,0,0.15,0.573,0,0,0,0,0,0,0.198,0,0,0.323,0,0.287,0.34,0.185,0.31,0,0,0,0,0,0,0.161,0.37,0.999,0.179,0,0,0,0,0,0.441,0,0,0,0.997,0.15,0,0,0.237,0.362,0.962,0,0,0,0,0,0.306,0,0.299,0,0,0,0.281,0,0,0.999,0,0.332,0,0.184,0.54,0,0,0.197,0,0,0,0,0,0,0,0,0,0,0,0.15,0.204,0,0.314,0,0,0.325,0.156,0,0,0.162,0,0,0.932,0.194,0.37,0,0,0,0,0,0.184,0,0,0,0,0,0,0,0,0,0.19,0,0,0.182,0,0,0,0,0,0,0,0,0,0.837,0,0,0,0.379,0.159,0,0,0,0,0.2,0,0,0,0,0,0,0,0,0,0,0.25,0,0.999,0,0.287,0.922,0,0,0,0,0,0,0,0,0.172,0,0,0,0,0,0,0,0.655,0,0,0,0,0,0,0,0,0,0.999,0.381,0,0,0,0,0,0.168,0.652,0,0,0,0,0,0,0.999,0,0,0,0,0,0.17,0,0,0,0.2,0,0.227,0,0,0.417,0.259,0,0,0,0.261,0,0,0,0,0,0.163,0.943,0.254,0.998,0,0,0.158,0,0.666,0,0,0.279,0.999,0,0,0.162,0.198,0.55,0,0.999,0,0.61,0.501,0.999,0.181,0.578,0,0,0,0.215,0,0,0.289,0.175,0,0.153,0.182,0,0,0,0.974,0,0.922,0.999,0,0.314,0,0,0,0,0,0.851,0,0,0,0,0.358,0.98,0,0,0,0.177,0,0.999,0,0,0,0,0,0,0,0,0,0,0.171,0,0,0,0,0,0,0,0,0,0,0,0,0,0,0,0,0,0,0,0,0,0,0,0,0,0,0,0,0,0,0,0,0,0,0,0,0,0.23,0,0,0,0.61,0,0,0,0,0,0,0,0,0,0,0.999,0.161,0,0,0,0,0,0,0,0,0.999,0,0,0,0,0,0,0,0,0,0,0,0,0.904,0,0,0,0,0.183,0,0,0,0,0,0.173,0.296,0,0,0,0,0,0,0,0.303,0,0,0,0,0,0,0,0,0,0,0,0,0,0,0,0,0,0,0,0,0,0,0,0,0,0,0,0,0,0.999,0,0,0,0,0,0,0.183,0,0.916,0,0,0,0,0,0,0,0,0,0,0,0,0,0,0,0,0,0,0.998,0,0,0,0,0,0,0,0,0,0,0.999,0,0,0,0.24,0,0,0,0,0.999,0.34,0.425,0,0,0,0,0,0,0,0.667,0,0,0,0,0,0,0,0,0,0.161,0,0,0,0,0,0.26,0,0,0,0,0,0,0,0,0,0,0.999,0,0,0.217,0.274,0,0,0.267,0,0,0,0,0,0,0,0,0.999,0,0,0.252,0,0,0,0,0,0.756,0,0.895,0.267,0,0,0,0.456,0,0,0,0,0,0,0,0,0,0,0,0,0,0,0,0,0,0,0,0,0.215,0,0.169,0.999,0,0,0,0.161,0,0.392,0,0,0,0,0,0,0,0,0,0,0,0,0,0,0.199,0,0.161,0,0.369,0,0,0,0,0,0,0.999,0,0.999,0,0,0,0,0,0,0,0,0,0,0,0,0,0,0,0,0,0,0,0,0,0,0,0,0,0,0.392,0,0,0,0,0,0,0,0,0,0,0.944,0,0,0,0,0,0,0,0,0,0,0,0,0.5,0,0,0,0,0,0.34,0,0,0,0,0,0,0,0,0,0,0.303,0,0,0.274,0,0,0,0,0,0,0,0,0,0,0,0,0,0.999,0,0,0,0,0,0,0,0,0,0,0,0,0,0.298,0,0,0.557,0,0,0,0,0,0,0,0,0,0.228,0,0,0,0,0,0,0,0,0,0,0,0,0.173,0,0,0.398,0,0,0,0,0,0,0,0.391,0,0,0,0,0,0,0,0,0,0,0,0,0,0,0,0,0,0,0,0,0,0,0,0,0.218,0,0,0,0,0,0,0,0,0,0,0,0,0,0,0,0,0,0,0,0,0,0,0,0,0,0,0.999,0,0,0,0,0,0,0.2,0,0,0,0,0,0,0,0,0,0,0,0,0,0,0,0,0,0,0,0,0,0,0,0,0.413,0,0,0,0,0,0,0,0,0,0.336,0,0,0,0,0,0,0,0,0,0,0,0.267,0,0,0,0,0,0.371,0.151,0.157,0,0,0,0,0,0,0,0,0,0,0,0,0,0,0,0,0,0,0.171,0,0,0,0,0,0,0,0,0,0,0,0.514,0,0,0,0,0,0,0,0,0,0,0,0,0,0,0,0,0,0,0,0,0,0,0,0,0,0,0,0,0,0,0,0,0,0,0,0,0,0,0,0,0,0.24,0,0,0,0,0,0,0,0,0,0,0,0.216,0,0.958,0,0,0,0,0,0.999,0,0,0.253,0,0.189,0,0,0.393,0,0.216,0,0,0.908,0,0,0,0,0,0,0.153,0,0,0.163,0,0,0.151,0,0,0,0,0,0,0.269,0,0,0.393,0,0,0.355,0,0,0.999,0.512,0.336,0,0.998,0.279,0.203,0,0,0,0,0,0,0,0,0.999,0,0.163,0,0,0,0,0,0,0.279,0,0,0,0,0.288,0,0.23,0,0,0,0,0,0.33,0,0,0.319,0,0.999,0,0,0,0,0,0,0,0,0,0,0.229,0,0,0,0.534,0,0,0,0.164,0,0.534,0,0.331,0,0,0,0,0,0,0,0,0.999,0.255,0.254,0,0,0,0.199,0,0,0,0.999,0,0,0,0,0.357,0,0,0,0.176,0,0,0.327,0,0.781,0,0,0,0,0,0.382,0,0,0,0,0,0,0.999,0,0,0.608,0,0,0.351,0,0,0,0.191,0,0,0.788,0,0.999,0,0.162,0,0,0,0,0.158,0,0.233,0.481,0.341,0,0.329,0,0,0,0.202,0.152,0,0,0.928,0,0,0.928,0,0,0,0.923,0,0.909,0,0,0,0.5,0,0.191,0.404,0,0,0.165,0,0,0,0,0,0,0,0,0.92,0.258,0,0.388,0.388,0,0.224,0,0,0,0.207,0.367,0.314,0,0.337,0,0,0,0,0,0.388,0,0,0,0,0,0,0,0,0,0,0,0,0,0,0,0,0,0,0,0.886,0,0,0,0,0,0,0,0,0,0,0,0,0.279,0.213,0,0,0,0.184,0,0.999,0,0,0,0,0,0,0,0,0,0,0,0,0,0,0.157,0,0,0,0,0,0,0,0.152,0,0,0,0,0.25,0,0.246,0,0,0,0,0,0,0,0,0,0,0,0.238,0,0,0,0,0,0.311,0,0.913,0,0.328,0,0,0,0,0,0,0,0,0,0,0,0,0,0,0,0,0.211,0,0.282,0,0.63,0,0.82,0,0,0,0,0,0,0,0,0.151,0,0,0,0,0,0,0,0,0,0,0,0,0,0,0,0,0,0.309,0,0.236,0.884,0,0,0,0,0,0,0,0,0.279,0,0,0,0,0,0,0,0,0,0,0,0,0,0,0.405,0,0,0.179,0,0,0,0,0,0,0,0,0.906,0,0,0,0,0,0,0.158,0.158,0,0,0,0,0,0,0,0,0,0,0,0,0,0,0,0,0.19,0,0,0.208,0,0.788,0,0,0.985,0,0,0,0,0,0,0,0,0,0,0,0,0,0,0,0,0,0,0,0,0,0,0,0,0,0,0,0,0,0,0.198,0,0,0,0.193,0,0,0,0.275,0,0,0,0,0,0,0,0.219,0,0,0.196,0,0,0,0,0,0,0,0,0,0,0,0.265,0,0,0,0,0.999,0,0,0,0,0,0,0.74,0,0,0,0,0,0,0,0,0,0,0,0,0,0,0,0,0,0.155,0,0,0,0,0,0,0,0,0,0,0,0,0,0,0,0,0,0,0,0,0,0.999,0,0,0,0,0,0.999,0,0,0,0,0.999,0,0,0,0,0,0.161,0,0,0,0,0,0,0,0,0,0,0,0,0,0,0,0,0,0,0,0,0,0,0,0,0,0,0,0.168,0.999,0,0,0,0.715,0,0,0,0.186,0,0,0,0,0,0,0,0,0,0,0,0,0,0,0.152,0,0,0,0.275,0,0.39,0,0,0,0,0,0,0.2,0,0,0,0.173,0,0,0,0,0.203,0,0.152,0,0,0,0,0,0,0,0,0,0,0,0,0,0,0.491,0,0,0,0,0.514,0.211,0,0.182,0,0,0.399,0.311,0,0,0,0,0.999,0,0,0,0,0,0,0,0.173,0,0,0,0.185,0,0,0.912,0.588,0,0,0,0,0,0,0,0,0,0,0.182,0.336,0,0,0,0,0,0,0,0,0,0.316,0.195,0,0,0.24,0,0,0,0.387,0,0,0,0,0,0,0,0,0,0,0,0.999,0,0,0.999,0,0,0,0,0,0,0,0,0,0,0,0,0,0,0,0,0,0,0,0,0,0,0,0,0,0,0,0,0,0,0,0,0,0,0,0,0,0,0,0,0,0,0,0,0,0,0,0,0,0.163,0.371,0,0,0,0,0,0.371,0,0,0,0,0,0,0,0,0,0,0,0,0,0,0,0,0,0,0,0,0,0,0,0,0,0,0,0,0,0,0,0,0,0,0,0,0,0,0,0,0,0,0,0.351,0,0,0,0,0,0,0,0,0,0,0,0,0,0,0,0,0,0,0,0.612,0,0,0,0,0,0,0,0,0,0,0,0,0,0,0,0,0,0,0,0,0,0,0,0,0,0,0,0,0,0,0,0,0,0,0,0,0,0,0,0,0,0,0,0.999,0,0,0,0,0,0,0,0,0,0,0,0,0,0,0,0,0,0.183,0,0,0,0,0,0,0,0,0,0,0,0,0,0,0,0,0.606,0.241,0,0,0,0,0,0,0,0,0,0,0,0.983,0,0,0,0,0,0,0,0,0,0,0,0.24,0,0,0,0,0,0,0,0,0,0,0,0,0,0.28,0,0.24,0.174,0,0,0.273,0,0,0.317,0,0,0,0,0,0,0,0,0,0,0,0,0,0,0,0.24,0,0,0,0,0,0,0,0,0,0.241,0,0,0,0,0,0,0,0,0,0,0,0,0,0,0,0,0,0,0,0,0,0,0.24,0,0,0,0,0,0,0,0,0,0,0,0,0,0,0,0,0,0,0,0,0.263,0,0,0,0,0,0,0,0,0,0,0,0,0,0,0,0,0,0.208,0,0,0,0,0,0,0,0.744,0.837,0.999,0,0.167,0.161,0.166,0,0.999,0.984,0.999,0,0.261,0.999,0.249,0.27,0,0.999,0,0.585,0.999,0.24,0.579,0,0.255,0,0.187,0.999,0.291,0.999,0,0,0.999,0,0.923,0.293,0.155,0,0.711,0.999,0.233,0.999,0,0.921,0,0.27,0,0.999,0.999,0.372,0.939,0.165,0,0.648,0,0.671,0.716,0.15,0.674,0,0.348,0.996,0.999,0.999,0.999,0.98,0.998,0.999,0.26,0.223,0.999,0.716,0.999,0,0.169,0,0.716,0,0,0,0,0.999,0,0.997,0.999,0.999,0,0.172,0.999,0.169,0.716,0.836,0.29,0.999,0.207,0.608,0,0.999,0.999,0,0.98,0,0.85,0.999,0.922,0.999,0.998,0.715,0.999,0.999,0.725,0,0.998,0.764,0.996,0,0.999,0.999,0.715,0.999,0.863,0,0.303,0,0.999,0.997,0.716,0.836,0.15,0.257,0.948,0.24,0.999,0.922,0.716,0.24,0.988,0.837,0.204,0,0,0,0.999,0.999,0,0,0.606,0.999,0.809,0.916,0.999,0.911,0.214,0.558,0.999,0.998,0.332,0.985,0,0.999,0,0.716,0.999,0,0.716,0.996,0.999,0.612,0,0.999,0.999,0.219,0.24,0.307,0.4,0,0,0,0,0.173,0.989,0.69,0,0.697,0.335,0.72,0.917,0,0.955,0.999,0.999,0.999,0.302,0,0,0.999,0.998,0,0.261,0.999,0,0.999,0.999,0,0.999,0.162,0,0.999,0.169,0.999,0.904,0,0.993,0.999,0.999,0,0.837,0.999,0,0.717,0,0,0.999,0,0.998,0.346,0,0.999,0,0,0,0,0,0,0,0,0,0,0,0,0,0,0,0,0,0.159,0,0,0,0,0,0.168,0,0.183,0,0,0,0,0,0,0,0,0,0,0,0,0,0,0,0.163,0,0.999,0,0,0,0,0,0,0,0,0,0,0,0,0,0,0,0,0,0,0,0,0,0,0,0.29,0,0,0,0,0,0,0,0,0,0,0,0,0,0,0,0,0,0,0,0,0,0,0,0,0,0,0,0,0.263,0,0.312,0,0.184,0,0,0,0,0,0,0.179,0,0,0.324,0,0,0,0,0.169,0,0,0,0,0,0,0,0,0.2,0,0,0,0,0,0,0,0,0.181,0,0,0,0,0,0,0,0.212,0,0,0,0,0,0.184,0,0,0,0,0,0,0.152,0,0,0,0,0,0,0,0,0,0,0,0,0,0,0.161,0,0.276,0,0,0,0,0,0,0,0,0.2,0.324,0,0,0,0,0,0,0,0,0,0,0,0,0,0.296,0,0,0,0,0,0,0,0,0,0,0,0,0,0,0,0,0.163,0.179,0,0,0.163,0,0,0,0,0,0,0,0,0,0,0,0,0,0,0,0,0,0,0,0.229,0,0,0,0.265,0,0,0.915,0,0,0,0,0.39,0.905,0.237,0.523,0,0,0,0,0.429,0,0.342,0.649,0,0,0,0,0,0,0,0,0,0,0,0.156,0,0,0,0,0,0.152,0,0,0,0,0,0,0,0,0,0,0,0.235,0.161,0,0,0,0,0.182,0,0,0,0,0,0,0,0,0,0,0,0,0,0,0,0,0,0,0,0,0,0,0,0,0,0,0,0,0,0,0,0.617,0,0,0,0,0,0,0,0,0,0,0,0,0,0,0.152,0,0,0,0,0,0,0,0,0,0,0.354,0,0,0,0,0,0,0,0,0,0,0,0,0.437,0,0,0,0,0,0,0,0,0,0,0,0,0,0,0,0,0,0,0,0,0,0,0,0,0,0,0,0,0,0,0,0,0,0,0,0,0,0,0,0,0,0,0,0.191,0,0,0,0,0,0,0,0,0,0,0,0,0,0.252,0,0,0,0,0,0,0,0,0,0,0,0,0,0,0,0,0,0,0,0,0,0,0,0.201,0,0.221,0,0,0,0,0,0,0,0,0.284,0,0,0,0,0,0,0,0,0,0,0,0,0,0,0,0,0,0,0,0,0,0,0,0,0,0,0,0,0,0,0,0,0,0,0,0.17,0,0,0,0,0,0,0,0,0,0,0,0,0,0,0.153,0,0,0,0,0,0,0,0,0,0,0,0,0,0,0,0,0,0,0,0,0,0,0,0,0,0.17,0,0,0,0,0,0,0,0,0,0,0,0,0,0,0,0,0,0,0,0,0,0,0,0,0,0,0,0,0,0,0,0,0,0,0,0,0,0,0,0,0,0,0,0,0,0,0,0,0,0,0,0,0,0,0,0,0,0,0,0,0,0,0,0,0,0,0,0,0,0,0,0,0,0,0,0,0,0,0,0,0,0,0,0,0,0,0,0,0.297,0,0,0,0,0,0,0,0,0,0,0,0,0,0,0,0,0,0.389,0,0,0,0,0,0,0,0,0,0,0,0,0,0,0,0,0,0,0,0,0,0,0,0,0,0,0,0,0,0,0,0,0,0,0,0,0,0,0,0,0,0,0,0,0,0.181,0,0.359,0,0,0,0,0,0,0,0,0.181,0,0,0,0,0,0,0,0,0,0,0,0.288,0,0.183,0,0,0,0,0,0,0,0,0,0,0,0,0.182,0,0,0,0,0,0,0,0,0,0,0,0,0,0,0,0,0,0,0,0,0.198,0,0,0,0,0,0,0,0,0,0,0,0,0,0.23,0,0.374,0,0.645,0,0,0,0,0,0,0,0,0,0,0,0,0.276,0,0,0,0,0,0,0,0,0,0,0,0,0,0,0,0,0,0,0,0,0,0,0,0,0,0,0,0,0,0,0,0,0,0,0,0,0,0,0,0,0,0,0,0,0,0,0,0,0,0,0,0,0,0,0,0,0,0,0,0,0,0,0,0,0,0,0,0,0,0,0,0,0,0,0,0,0,0,0,0,0,0,0,0,0,0,0,0,0,0,0,0,0,0,0,0,0,0,0,0,0,0,0,0,0,0,0,0,0,0,0,0,0,0,0,0,0,0,0,0,0,0,0,0.455,0,0,0,0,0,0,0,0,0,0,0.45,0,0,0,0,0,0,0,0,0,0,0,0,0,0,0,0,0,0,0,0,0,0,0,0,0,0,0,0,0,0,0,0,0,0,0,0,0,0,0,0,0,0,0,0,0,0,0,0,0,0,0,0,0,0,0,0,0,0,0,0,0,0,0,0,0,0,0.227,0,0,0,0,0,0,0,0,0,0,0,0,0,0,0,0,0,0,0,0,0,0,0,0,0,0,0,0,0,0.28,0.451,0,0,0,0.207,0.393,0.275,0.177,0,0,0,0,0.196,0,0,0,0,0,0,0,0,0,0,0,0,0,0,0,0,0,0,0,0,0,0,0,0,0,0,0,0,0,0,0,0,0,0,0,0,0,0,0,0,0,0,0,0,0,0,0,0,0,0,0,0,0,0,0,0,0,0,0,0,0,0,0,0,0,0,0,0,0,0,0,0,0,0,0,0,0,0,0,0.163,0,0,0,0,0,0,0,0,0,0,0,0,0,0,0,0,0,0,0,0,0,0,0,0,0,0,0,0,0,0,0,0,0,0,0,0,0,0,0,0,0,0,0,0,0,0,0,0,0,0,0,0,0,0,0,0,0,0,0,0,0,0,0,0.163,0,0,0,0,0,0,0,0,0,0,0,0,0,0,0,0,0,0,0,0,0,0,0,0,0,0,0,0,0,0,0,0,0,0,0,0,0,0,0,0,0,0,0,0,0,0,0,0,0,0,0,0,0,0,0,0,0.322,0,0,0,0,0,0,0,0,0,0,0,0,0,0,0,0,0,0,0,0,0,0,0,0,0,0,0,0,0,0,0,0,0,0,0,0,0,0,0,0,0,0,0,0,0,0,0,0,0,0,0,0,0,0,0,0,0,0,0,0,0,0,0,0,0,0,0,0,0,0,0,0,0,0,0,0,0,0,0,0,0,0,0,0,0,0,0,0,0,0,0,0,0,0,0,0,0,0,0,0
852026,0,0.22,0,0,0,0,0,0,0,0,0,0,0,0,0,0,0,0,0,0,0,0,0,0,0,0,0,0,0,0,0,0,0,0,0,0,0,0,0,0,0,0,0,0.275,0,0,0,0,0,0,0,0.999,0,0,0,0,0,0,0,0,0,0,0.618,0,0.318,0,0,0,0,0,0,0,0,0,0.175,0,0,0,0,0,0,0,0,0,0,0,0,0,0,0,0,0,0,0,0,0.999,0,0,0,0,0,0,0,0,0,0,0,0,0,0,0,0,0,0,0,0,0,0,0,0,0,0,0.332,0,0,0,0,0.954,0,0,0,0,0,0,0,0,0,0,0,0.218,0.999,0.213,0,0,0,0,0,0,0,0,0,0,0,0,0,0.323,0,0,0,0,0,0,0,0,0,0,0,0,0,0,0,0,0,0,0,0,0,0,0,0,0,0,0,0,0,0,0,0,0,0.64,0.324,0,0,0.197,0,0,0,0,0,0,0,0,0.163,0.786,0,0,0.999,0,0,0,0,0,0,0.629,0,0,0,0,0,0,0.999,0,0,0.232,0,0,0,0,0,0.925,0.162,0,0.999,0,0.332,0,0.163,0.421,0,0.255,0,0,0,0.289,0.515,0,0,0,0,0,0.161,0,0,0,0.191,0,0,0,0,0,0.275,0,0,0,0.198,0,0,0,0,0,0,0,0,0,0,0.99,0,0,0.197,0,0,0,0.834,0,0,0.403,0,0.301,0,0.596,0,0,0,0,0,0.296,0,0,0,0,0.999,0,0,0,0,0,0,0.626,0,0.999,0,0,0,0,0.99,0,0,0,0,0.414,0,0,0,0,0.168,0.161,0,0,0,0.865,0,0,0.359,0,0.374,0,0,0,0,0,0,0,0,0.206,0,0,0,0,0,0,0,0,0,0,0,0.239,0,0,0,0.398,0.247,0,0,0,0,0.337,0.271,0,0,0.999,0.181,0.934,0,0,0,0,0.999,0,0,0.164,0,0,0,0.996,0,0,0,0,0,0.159,0.403,0,0,0,0,0.194,0.999,0,0.663,0,0.703,0,0.247,0,0.406,0,0,0,0,0.928,0,0,0,0.352,0,0.209,0.201,0,0,0,0,0,0,0,0,0.258,0.173,0,0.197,0,0,0,0,0,0,0,0,0,0,0,0,0,0.296,0,0,0.231,0,0,0,0,0.999,0,0.384,0,0,0,0,0.712,0,0,0,0.176,0,0,0,0,0,0,0,0,0,0,0,0.999,0,0,0,0,0,0.61,0,0,0,0,0,0,0,0,0,0,0,0.984,0,0,0,0,0,0.544,0,0,0.244,0,0,0,0,0,0,0,0,0,0,0,0,0,0.199,0.188,0.999,0.27,0,0,0,0,0,0,0,0.391,0.921,0,0,0,0,0,0,0,0.267,0,0.954,0,0,0,0.296,0,0,0,0.183,0,0,0,0,0,0,0,0,0,0,0,0,0,0,0,0,0,0,0,0,0.27,0,0,0,0,0,0,0,0,0.207,0.21,0,0,0,0,0,0,0,0,0,0.913,0,0,0.206,0,0.76,0,0,0,0,0,0.23,0.467,0,0.527,0,0,0,0,0,0,0,0,0.194,0,0,0,0,0,0,0,0,0.759,0,0,0.265,0,0,0,0.662,0.366,0,0,0,0.239,0,0,0,0.16,0.607,0,0,0,0,0,0,0,0,0.348,0,0,0,0.157,0,0,0,0,0,0,0,0.159,0,0,0.15,0,0,0,0,0,0,0,0,0,0,0,0,0,0,0,0,0,0,0,0,0,0,0.786,0,0,0,0,0.265,0.23,0,0,0.458,0,0,0,0.359,0,0,0,0,0,0,0,0,0,0.324,0,0.227,0.392,0,0.273,0,0,0,0,0,0,0,0.28,0.999,0,0.161,0,0,0,0,0.361,0,0,0,0.999,0,0.234,0,0.229,0,0.683,0,0,0,0,0,0.252,0,0,0,0,0,0.267,0,0,0.999,0,0.665,0,0.159,0.362,0,0.155,0,0,0,0,0,0,0,0,0,0,0,0,0,0.843,0,0.313,0,0,0.335,0,0,0,0,0,0,0.297,0.158,0.195,0,0,0.173,0,0,0,0,0,0,0,0,0,0,0,0,0,0,0,0,0,0,0,0,0,0,0,0,0,0.837,0,0.266,0,0.347,0,0,0,0,0.311,0,0,0,0,0,0,0,0,0,0,0,0.197,0.627,0.999,0,0.27,0.884,0.177,0.155,0,0,0,0.165,0,0,0,0,0,0,0,0,0,0,0.264,0,0,0,0,0,0,0,0,0,0.999,0.348,0,0,0,0,0,0,0.6,0,0,0,0,0,0,0.999,0,0,0,0,0,0,0,0,0,0.242,0,0,0,0.158,0.479,0.195,0,0,0,0.388,0,0,0,0,0,0,0.528,0,0.998,0,0,0,0,0.355,0,0,0.218,0.999,0,0,0,0.237,0.443,0,0.999,0.163,0.972,0.162,0.999,0,0.154,0,0,0,0,0,0,0.285,0.189,0,0,0,0,0,0,0.931,0,0.422,0.999,0,0.317,0,0.24,0,0,0,0.791,0,0,0,0,0.299,0.648,0,0,0,0.16,0,0.998,0,0,0,0,0,0,0,0,0,0,0.891,0,0,0.22,0.761,0,0,0,0,0,0.353,0,0,0,0,0,0,0,0,0,0,0,0,0,0,0,0,0.196,0,0,0,0,0,0,0,0,0,0,0.282,0,0,0,0,0,0,0,0,0.161,0,0,0,0,0,0.999,0,0,0,0,0,0,0,0,0,0.999,0,0,0,0,0,0,0,0,0,0,0,0,0,0,0,0,0,0,0,0,0,0,0,0,0.329,0,0,0,0,0,0,0,0.222,0,0,0,0,0,0,0.445,0,0,0,0,0.201,0,0,0,0,0,0,0,0,0,0,0,0,0,0,0,0,0,0.999,0,0,0,0,0,0.22,0.239,0,0.916,0,0,0,0,0,0,0,0.219,0,0,0,0,0,0,0,0,0,0,0.999,0,0,0,0,0,0,0,0,0,0,0.999,0,0,0,0.213,0,0,0,0,0.999,0.392,0.628,0,0,0,0,0,0,0,0.504,0,0.189,0,0,0,0,0,0,0,0,0,0,0,0,0.248,0,0,0,0,0,0,0,0,0,0,0,0.999,0,0,0.153,0.429,0,0,0.224,0,0,0,0,0,0.173,0,0,0.999,0,0,0,0,0,0,0,0,0.485,0,0.985,0.229,0,0,0,0,0,0,0,0,0,0,0,0,0,0,0,0,0,0,0,0,0,0,0,0,0,0,0,0.999,0,0,0,0.15,0,0.449,0,0,0,0,0,0,0.151,0,0,0,0,0,0,0,0.209,0,0,0,0.538,0,0,0,0,0,0,0.999,0,0.999,0,0.178,0,0,0,0,0,0,0,0,0,0,0,0,0,0,0,0,0,0,0,0,0,0,0,0,0,0,0,0,0,0,0,0,0,0,0,0.692,0.152,0,0,0,0,0,0,0,0,0,0,0,0.775,0,0,0,0,0,0.392,0,0,0,0,0,0,0,0,0,0,0.222,0,0,0.429,0,0,0,0,0,0,0,0,0,0,0,0,0,0.999,0,0,0,0,0,0,0,0,0,0,0,0,0,0.303,0,0,0.408,0,0,0,0,0,0,0,0,0,0.343,0,0,0,0,0,0,0,0,0,0,0,0,0.173,0,0,0.775,0,0,0,0,0,0,0,0.445,0,0,0,0,0,0,0,0,0,0,0.169,0,0,0,0,0,0,0,0,0,0,0,0,0,0.254,0,0,0,0,0,0,0,0,0,0.233,0,0,0,0,0,0,0,0,0,0,0,0,0,0,0,0,0.999,0,0,0,0,0,0,0,0,0,0,0,0,0,0,0,0,0,0,0,0,0,0,0.292,0.309,0,0.218,0,0,0,0,0,0.324,0,0,0,0,0,0.216,0,0,0,0,0,0,0,0,0,0,0,0,0,0,0,0.224,0,0,0,0,0,0.401,0,0,0,0,0,0,0,0,0,0,0,0,0,0,0,0,0,0,0,0,0,0,0,0,0,0,0,0,0,0,0,0,0.515,0,0,0,0,0,0,0,0,0,0,0,0,0,0,0,0,0,0,0,0,0,0,0,0,0,0,0,0,0,0,0,0,0,0,0,0,0,0,0,0,0,0.222,0,0,0,0,0,0,0,0,0,0,0,0.214,0,0.265,0,0,0,0,0,0.999,0,0,0.265,0,0.201,0.32,0,0.419,0,0.493,0,0,0.949,0,0,0,0,0,0,0,0,0,0.218,0,0,0.23,0,0,0,0,0,0.164,0,0,0,0,0.258,0,0,0,0,0.999,0.468,0.208,0,0.999,0.281,0,0,0,0,0,0,0,0,0,0.999,0,0,0,0,0,0,0,0,0,0,0,0,0,0.186,0,0.292,0,0,0.386,0,0,0,0,0,0.309,0,0.999,0,0,0,0,0,0,0,0.168,0.159,0.334,0,0,0,0,0.485,0.154,0.152,0,0,0,0.577,0,0.28,0,0,0,0,0,0.791,0,0,0.999,0.206,0.253,0,0,0,0.164,0,0,0,0.997,0,0,0,0,0.226,0,0,0.152,0.176,0,0,0.312,0,0,0,0,0.182,0.171,0.26,0.335,0.157,0,0,0,0,0,0.999,0,0.812,0.607,0,0,0.178,0,0,0.191,0.522,0,0,0.979,0,0.999,0,0,0,0,0.826,0,0,0,0.382,0.341,0,0,0.429,0,0.218,0,0.175,0.369,0,0,0,0,0,0,0.208,0,0,0.917,0,0,0,0,0,0.31,0,0,0.185,0,0,0.17,0,0,0,0,0.173,0.704,0,0,0.231,0,0,0.403,0.287,0,0.258,0,0,0,0,0,0,0.26,0,0,0,0,0,0,0.295,0,0,0,0,0,0,0,0,0,0,0.205,0,0,0,0,0,0,0,0,0.896,0,0,0.244,0,0,0,0,0,0,0,0,0,0,0,0,0,0,0,0,0.999,0,0,0,0,0,0,0,0,0,0,0,0,0,0,0,0,0,0,0,0,0,0,0,0,0,0,0,0.216,0,0,0,0,0,0.171,0,0,0,0,0,0,0,0,0,0,0,0,0,0,0,0.174,0,0.171,0,0,0,0,0,0,0,0,0,0,0,0,0,0,0,0,0,0,0,0,0.624,0,0.752,0,0,0,0,0,0,0,0,0,0,0,0,0,0,0,0,0,0,0,0,0,0,0,0,0,0,0.405,0,0,0.906,0,0,0,0,0,0,0,0,0,0,0,0,0.151,0,0,0,0,0,0,0,0,0,0,0,0.233,0,0,0,0,0,0,0,0,0,0,0.852,0,0,0,0,0,0,0,0,0,0,0,0,0,0,0,0,0,0,0,0,0,0,0,0,0,0,0,0,0,0.732,0,0,0.998,0,0,0,0,0,0,0,0,0,0,0,0.192,0,0,0,0,0,0,0,0,0,0,0,0,0,0,0,0,0,0.201,0,0,0,0,0,0,0,0,0,0,0,0,0,0,0,0,0,0,0,0.279,0,0,0,0,0.191,0,0,0,0,0,0,0.27,0,0,0,0,0,0,0,0.195,0,0,0,0.891,0,0.161,0,0,0,0,0,0,0,0,0,0.297,0,0,0,0.151,0,0,0,0,0,0,0,0,0,0.297,0,0,0,0,0,0,0,0,0,0.171,0,0,0,0.999,0,0,0,0.225,0,0.999,0,0,0,0,0.999,0,0,0,0,0,0,0,0,0.781,0,0,0,0,0,0.169,0,0,0,0,0,0,0,0.931,0,0,0,0.91,0,0,0,0,0,0,0.418,0.998,0,0,0,0.685,0,0,0,0,0,0,0,0,0,0,0,0,0,0.433,0,0,0,0,0,0,0,0,0,0,0.356,0,0,0,0,0,0,0,0,0,0,0.173,0,0,0,0,0.163,0,0,0,0,0,0,0,0,0,0,0,0,0,0,0,0,0.399,0,0,0,0,0.515,0.159,0,0,0,0,0,0.156,0,0,0,0,0.999,0,0,0,0,0,0.209,0,0.173,0,0.231,0,0,0,0,0.91,0.275,0,0,0,0,0,0,0,0,0,0,0,0.666,0,0,0.226,0,0,0,0,0,0,0.281,0.741,0,0,0.213,0,0,0,0.438,0,0,0,0,0,0,0,0,0,0,0,0.999,0,0,0.999,0,0,0,0,0,0,0,0,0,0,0,0.196,0,0,0,0,0,0,0,0,0,0,0,0,0,0,0,0,0,0,0,0,0,0,0,0,0,0,0,0,0,0,0,0,0,0,0.191,0,0,0,0.286,0,0,0,0,0,0.286,0,0,0,0,0,0,0,0,0,0,0,0,0,0,0,0,0,0,0,0,0,0,0,0,0,0,0,0,0,0,0,0,0,0,0,0,0,0,0,0,0,0,0,0.29,0,0,0,0,0,0,0,0,0,0,0,0,0,0,0,0,0,0,0,0.756,0,0,0,0,0,0,0,0,0,0,0,0,0,0,0,0,0,0,0,0,0.153,0,0,0,0,0,0,0,0,0,0,0,0,0,0,0,0.493,0,0,0,0,0,0,0.999,0,0,0,0,0,0,0,0,0,0,0,0,0,0,0,0,0,0,0,0.15,0,0,0,0,0,0,0,0,0,0.244,0,0,0,0,0.607,0.214,0,0,0,0,0,0.198,0,0,0,0,0,0.903,0,0,0,0.347,0,0,0,0,0,0,0,0.213,0,0,0,0,0,0,0,0,0,0,0,0,0,0.173,0,0.213,0,0,0.237,0.186,0,0,0.153,0.168,0,0.902,0.194,0.173,0,0,0,0,0,0,0,0,0,0,0.213,0,0,0,0,0,0,0,0,0,0.214,0,0,0,0,0,0,0,0,0,0,0,0,0,0,0,0,0.217,0,0,0,0.151,0,0.213,0,0,0,0,0,0,0,0,0,0,0,0,0,0,0,0,0,0,0,0,0,0,0,0,0,0,0,0,0,0.359,0,0.345,0,0,0,0,0,0,0,0,0,0,0,0,0.167,0,0.974,0.837,0.999,0.715,0,0.205,0,0,0.999,0.995,0.999,0.361,0,0.999,0.239,0.292,0.275,0.999,0,0.94,0.993,0.213,0.344,0.257,0.207,0.153,0.389,0.998,0.613,0.999,0,0.206,0.996,0,0.917,0.171,0.173,0,0.711,0.999,0.59,0.999,0.842,0.916,0,0,0,0.999,0.999,0.309,0.936,0.186,0.721,0.647,0,0.485,0.716,0,0.893,0,0.329,0.999,0.999,0.998,0.999,0.981,0.994,0.999,0.205,0.245,0.999,0.716,0.999,0,0,0,0.716,0,0,0,0.999,0.999,0,0.998,0.996,0.999,0.639,0,0.999,0.192,0.716,0.837,0.301,0.999,0.222,0.604,0,0.999,0.999,0,0.98,0,0.809,0.999,0.919,0.999,0.999,0.355,0.999,0.999,0.721,0,0.999,0.926,0.998,0.222,0.999,0.999,0.716,0.999,0.864,0,0.255,0,0.999,0.995,0.716,0.795,0,0,0.313,0.213,0.999,0.915,0.716,0.213,0.999,0.837,0,0,0,0,0.999,0.999,0,0,0.607,0.999,0,0.882,0.999,0.8,0,0.559,0.999,0.999,0.229,0.996,0,0.999,0,0.725,0.999,0,0.508,0.997,0.999,0.623,0,0.999,0.999,0.261,0,0.197,0.188,0,0,0,0.157,0,0.891,0.899,0,0.716,0.371,0.729,0.907,0,0.971,0.999,0.999,0.999,0.306,0,0,0.999,0.999,0,0,0.998,0,0.999,0.999,0,0.999,0,0.183,0.999,0,0.999,0.884,0,0.99,0.999,0.999,0,0.837,0.999,0.204,0.91,0,0,0.999,0.291,0.999,0,0.159,0.999,0,0,0,0.27,0,0.222,0,0,0,0,0.332,0,0.271,0,0,0,0,0,0,0,0,0,0,0,0,0.233,0,0,0,0,0,0.206,0,0,0,0,0,0,0,0,0,0,0,0.999,0,0,0,0,0,0,0,0,0,0,0,0,0,0,0,0,0,0,0,0.227,0,0,0,0.29,0,0,0,0,0,0,0,0,0,0,0,0,0,0,0,0,0,0,0.222,0,0,0,0.228,0,0,0,0,0,0.157,0,0,0,0,0,0,0,0,0,0,0,0,0,0.218,0,0,0.202,0,0,0,0,0,0,0,0,0,0.261,0,0.181,0,0,0,0,0,0,0,0,0,0,0,0,0,0,0,0,0,0,0,0,0,0,0,0,0,0,0,0,0,0,0,0.158,0,0,0,0,0,0,0,0,0,0,0,0,0,0,0.215,0,0,0,0,0,0,0,0,0,0,0,0,0,0,0,0,0,0.202,0,0,0,0,0,0,0,0,0,0,0,0,0,0,0,0,0,0,0,0,0,0,0,0,0.445,0,0,0,0,0,0,0,0,0,0,0,0,0,0,0,0,0,0,0.236,0,0,0,0,0,0.27,0,0,0,0,0,0,0.893,0.393,0,0,0.68,0,0.311,0,0,0.33,0,0.358,0.375,0,0.463,0,0,0,0,0,0,0,0,0,0,0,0,0,0,0,0,0,0,0,0,0,0.159,0,0,0,0,0,0,0.166,0,0,0,0,0,0,0,0,0,0,0,0,0,0,0,0,0,0,0,0,0,0,0,0,0,0,0,0,0,0,0,0,0,0,0,0,0.456,0,0,0,0,0,0,0,0,0,0,0,0,0,0,0,0,0,0,0,0,0,0,0,0,0,0.312,0,0,0,0,0,0,0,0,0,0,0,0.195,0,0,0,0,0,0,0,0,0,0,0,0,0,0,0,0,0,0,0,0,0,0,0,0,0,0,0,0,0,0,0,0,0,0,0,0,0,0,0,0,0,0,0,0,0,0,0.173,0,0,0,0,0,0,0,0,0,0,0,0.207,0.269,0,0,0,0,0,0,0,0,0,0,0.433,0,0,0.27,0,0,0.158,0,0,0,0,0,0,0,0,0,0,0,0,0,0,0,0,0.228,0,0.161,0,0,0,0,0,0,0,0,0,0,0,0,0,0,0,0,0,0,0,0,0,0,0,0,0.225,0,0,0,0,0,0,0,0,0,0,0,0,0,0,0,0,0,0,0,0,0,0,0,0,0,0,0,0,0,0,0,0.352,0,0,0,0,0,0,0,0,0,0,0,0,0,0.36,0,0.532,0,0,0,0,0,0,0,0,0,0,0,0,0,0,0,0,0,0,0,0,0,0,0,0,0,0,0,0,0,0,0,0,0,0,0,0,0,0,0,0,0,0,0,0,0,0,0,0,0,0,0,0,0,0,0,0,0,0,0,0,0,0,0,0,0,0,0,0,0,0,0,0,0,0,0,0,0,0,0,0,0,0,0,0,0,0,0,0,0,0,0,0,0,0,0,0,0,0,0,0,0,0,0,0,0,0,0,0,0.349,0,0,0,0,0,0,0,0,0,0,0,0,0,0,0,0,0,0,0,0,0,0,0,0,0,0,0,0,0,0,0,0,0,0,0,0.174,0,0,0,0,0,0,0,0,0,0,0,0.353,0,0,0,0,0,0,0,0,0,0,0,0,0,0,0,0,0,0,0,0,0.226,0,0.206,0,0,0.18,0,0,0,0,0,0,0,0.911,0,0,0,0,0,0,0,0,0,0,0,0,0,0,0,0,0,0,0,0,0,0,0,0,0,0,0,0.236,0,0,0,0,0,0,0,0,0.282,0,0.187,0,0,0,0.236,0,0,0,0,0,0,0,0,0,0,0,0,0,0,0,0,0,0,0,0,0,0,0,0,0,0,0,0,0,0,0,0,0,0,0,0,0,0,0,0,0,0,0,0.168,0,0,0,0,0,0,0,0,0,0,0,0,0,0,0,0,0,0,0,0,0,0,0,0,0,0,0,0,0,0,0,0,0,0,0,0,0,0,0,0,0,0,0,0,0,0,0,0,0,0,0,0,0,0,0.151,0,0,0,0,0,0,0,0,0,0,0,0,0,0,0,0,0,0,0,0,0,0,0,0,0,0,0,0,0,0,0,0,0,0,0,0.353,0,0,0,0,0.258,0,0,0,0,0.521,0,0,0,0,0,0,0,0,0,0,0,0,0.191,0,0,0,0,0,0,0,0,0,0.262,0,0,0,0.5,0,0,0,0,0,0,0,0,0,0,0,0,0,0,0,0,0,0,0,0,0,0,0,0,0,0,0,0,0,0,0,0,0,0,0,0,0,0,0,0,0,0,0,0,0,0,0,0.256,0,0,0,0,0,0,0,0,0,0,0,0.276,0,0,0,0,0,0,0,0,0,0,0.173,0.422,0,0,0,0,0.545,0.307,0,0,0,0,0,0,0,0,0,0,0,0,0,0,0,0,0,0,0,0,0,0,0,0,0,0,0,0,0,0,0,0,0,0,0,0,0,0,0,0,0,0,0,0,0,0,0,0,0,0,0.158,0,0,0,0,0,0,0,0.213,0,0,0,0,0,0,0,0,0,0,0,0,0,0,0,0.194,0,0,0,0,0,0,0,0,0,0,0,0,0,0,0,0,0,0.275,0,0,0,0,0,0,0,0,0,0,0,0,0,0,0,0,0,0,0,0,0,0,0.307,0.196,0,0.336,0,0,0,0,0,0,0,0,0,0,0,0,0,0,0,0,0,0,0,0,0,0,0,0,0,0,0,0,0,0,0,0,0,0,0,0,0,0,0,0,0,0,0,0,0,0,0,0,0,0,0,0,0,0,0,0,0,0,0,0,0,0,0,0,0,0,0,0,0,0,0,0,0,0,0.194,0,0,0,0,0,0,0,0,0,0,0,0,0,0,0,0,0,0,0,0,0,0,0,0,0,0,0,0,0,0,0,0,0,0,0,0.504,0,0,0,0,0,0,0,0,0,0,0,0,0,0,0,0,0,0,0,0,0,0,0,0,0,0,0,0,0,0,0,0,0,0,0,0,0,0,0,0,0,0,0,0,0,0,0,0,0,0,0,0,0,0,0,0,0,0,0,0,0,0,0,0,0,0,0,0,0,0,0,0,0,0,0,0,0
851058,0,0,0,0,0,0,0,0,0,0,0,0,0,0,0,0,0,0,0,0,0,0,0,0,0,0,0,0,0,0,0,0,0,0,0,0,0,0,0,0,0,0,0,0,0,0,0,0,0,0,0,0.999,0,0,0,0,0,0,0,0,0,0,0,0,0,0.242,0,0,0,0,0.394,0,0,0,0,0,0,0,0,0,0,0,0,0,0,0,0,0,0,0,0,0,0,0,0,0.999,0,0,0,0,0,0.171,0,0,0,0,0,0,0,0,0,0,0,0,0,0,0,0.42,0,0,0,0,0.385,0,0,0,0,0.928,0,0,0,0,0,0,0,0,0,0,0,0,0.999,0.463,0,0,0,0,0,0,0,0,0,0,0,0,0,0.911,0,0,0,0,0,0,0,0,0,0,0,0,0,0,0,0,0,0,0,0,0,0,0,0,0,0,0,0,0,0,0,0,0.231,0.765,0.304,0,0,0.218,0,0,0,0,0,0,0,0,0,0.964,0,0,0.999,0,0,0.248,0,0,0,0.18,0,0,0.168,0,0,0,0.999,0.191,0.184,0.945,0,0,0,0,0,0.861,0,0,0.999,0,0.37,0.153,0.391,0,0,0,0,0,0,0.264,0.574,0,0,0,0,0,0,0,0,0,0,0,0,0,0,0,0,0,0,0.241,0.326,0,0,0,0,0,0.168,0,0,0,0,0.967,0,0,0.199,0,0,0,0.95,0,0,0.637,0,0.927,0,0.233,0,0,0,0,0,0,0.237,0.806,0,0,0.999,0,0,0.238,0,0,0,0.336,0,0.999,0,0,0,0,0.972,0.155,0,0,0,0,0,0,0,0,0,0.228,0,0,0.169,0.837,0,0.153,0.545,0,0.416,0,0,0,0,0,0,0,0,0.387,0,0,0,0,0,0,0,0,0,0,0,0,0,0,0,0.73,0,0,0,0,0,0.313,0.321,0,0,0.999,0.199,0.702,0,0,0,0,0.999,0,0,0,0,0,0,0.999,0,0,0,0,0,0.386,0.457,0.174,0,0,0,0,0.999,0.206,0.299,0,0.379,0,0,0,0.213,0,0,0,0,0.886,0,0,0,0,0,0.177,0.156,0,0,0,0,0,0,0,0,0.353,0.223,0,0.199,0,0,0,0,0,0,0,0,0,0,0,0,0,0,0,0,0,0,0,0,0,0.998,0,0.692,0,0,0,0,0.224,0,0,0,0,0,0,0,0,0,0.328,0,0,0.186,0,0,0.999,0,0,0,0,0,0.49,0,0,0,0,0,0,0,0,0,0,0,0.923,0,0,0,0,0,0.912,0,0,0,0,0,0.178,0,0,0,0,0.9,0,0,0,0,0.175,0.206,0.228,0.999,0.299,0,0,0,0,0,0,0,0.287,0.928,0,0,0,0,0,0,0,0.569,0,0.979,0.35,0.161,0,0.391,0,0,0,0,0,0,0,0.208,0.167,0,0,0,0,0,0,0,0,0,0,0,0,0,0,0,0.341,0,0,0,0,0,0,0,0,0,0.179,0,0,0,0,0,0.243,0,0,0,0.929,0,0,0,0,0.725,0,0,0,0,0,0,0.643,0,0,0,0,0,0,0,0,0,0,0,0,0,0,0.168,0,0,0,0.314,0.936,0,0,0,0,0,0,0.316,0.901,0,0,0,0,0,0,0,0,0.777,0,0,0,0,0,0,0,0,0.213,0.157,0,0,0.171,0,0,0,0,0,0,0.388,0.176,0,0,0,0,0.159,0,0,0,0,0,0,0,0,0,0,0,0,0,0,0,0,0,0,0,0,0.832,0,0,0,0,0.339,0.272,0,0,0,0,0,0,0.545,0,0,0,0,0,0,0,0,0,0.299,0,0.307,0.397,0,0.176,0,0,0,0,0,0,0,0.541,0.999,0,0,0,0,0,0,0.422,0,0,0,0.999,0,0,0,0.179,0,0.295,0,0,0,0,0,0.335,0,0,0,0,0,0.569,0,0,0.999,0,0.266,0,0.176,0.452,0,0.198,0,0,0,0,0,0,0,0,0.191,0,0,0,0,0.888,0,0.322,0,0,0.589,0,0,0,0,0,0,0.511,0,0.868,0,0,0.169,0.346,0,0.208,0,0,0,0,0,0,0,0,0,0,0,0,0,0,0,0,0,0,0,0,0,0,0.877,0,0.298,0,0.554,0.183,0,0,0,0,0,0,0.168,0,0,0,0,0,0,0,0,0.199,0,0.999,0,0.361,0.866,0,0,0,0,0,0,0.17,0.397,0,0,0,0,0,0,0,0,0.295,0,0,0,0,0,0,0,0,0,0.999,0,0,0,0,0,0,0,0.74,0,0,0,0,0,0,0.999,0,0,0,0,0,0,0,0,0,0,0,0,0,0,0,0.21,0,0,0,0.228,0.22,0,0,0,0,0.161,0.996,0,0.998,0,0,0,0,0.206,0,0.193,0.174,0.999,0,0,0,0,0.443,0,0.999,0,0.986,0.201,0.999,0,0.441,0,0,0,0,0,0.315,0.202,0.2,0,0,0,0,0,0,0.992,0,0.973,0.999,0,0.178,0,0,0,0,0,0.816,0,0,0,0,0.173,0.352,0,0,0,0.151,0,0.999,0,0,0,0,0,0,0,0.456,0,0,0,0,0,0,0,0,0,0,0,0,0.456,0,0,0,0,0,0,0,0,0,0,0,0,0,0,0,0,0,0,0,0,0,0,0,0,0,0,0,0,0,0,0,0,0,0,0,0,0,0,0,0,0,0,0.999,0,0,0,0,0,0,0,0,0.33,0.999,0,0,0,0,0,0,0,0,0,0,0,0,0.911,0,0,0,0,0,0,0,0,0,0,0,0.313,0,0,0,0,0,0,0,0.163,0,0,0,0,0,0.158,0.15,0,0.161,0,0,0,0,0,0,0,0,0,0,0,0,0,0,0,0,0,0.521,0,0,0.999,0,0,0,0,0,0,0,0,0.943,0,0,0,0,0,0,0,0,0,0,0.158,0,0,0.192,0,0,0,0,0.999,0,0,0,0,0,0,0,0,0,0,0.999,0,0,0,0.241,0,0,0.157,0,0.999,0.422,0.38,0,0,0,0,0,0,0,0.226,0,0,0,0,0,0,0,0,0,0,0,0,0,0,0,0,0,0,0,0,0,0,0,0,0,0,0.999,0,0,0.267,0.425,0,0,0.229,0.191,0,0,0,0,0,0,0,0.999,0,0,0.488,0,0,0,0.17,0,0.571,0,0.993,0.23,0,0,0,0,0,0,0,0,0,0,0,0,0,0,0,0,0,0,0,0,0,0,0,0,0,0,0,0.999,0,0,0,0.262,0,0.449,0,0,0,0,0,0,0,0,0,0.805,0,0,0,0,0.206,0,0,0,0.443,0,0,0,0,0,0,0.999,0,0.999,0,0,0,0,0,0,0,0,0,0,0,0,0,0,0,0,0,0,0,0,0,0,0,0,0,0,0,0,0,0,0,0,0,0,0,0,0,0.462,0.191,0,0,0,0,0,0,0,0,0,0,0,0.831,0,0,0,0,0,0.397,0,0,0,0,0,0,0,0,0,0,0.175,0,0,0.432,0,0,0,0,0,0,0,0,0,0,0,0,0,0.999,0,0,0,0,0,0,0,0,0,0,0,0,0,0.172,0,0,0.167,0,0,0,0,0,0,0,0,0,0,0,0,0,0,0,0,0,0,0,0,0,0,0,0,0,0.825,0,0,0,0,0,0.173,0,0.447,0,0,0,0,0,0,0,0,0,0,0,0,0,0,0,0,0,0,0,0,0,0,0,0,0.222,0,0,0,0,0,0,0,0,0,0,0,0,0,0,0,0,0,0,0,0,0,0,0,0,0,0,0.999,0,0,0,0,0,0,0,0,0,0,0.431,0,0,0,0,0,0,0,0,0,0,0,0,0,0,0,0,0,0,0,0,0.449,0,0,0,0,0,0.181,0,0,0,0,0,0,0,0,0,0,0,0,0,0,0,0.23,0,0,0,0,0,0.322,0,0,0,0,0,0,0,0,0,0,0,0,0,0,0,0,0,0,0,0,0,0,0,0,0,0,0,0,0,0,0,0,0.567,0,0,0,0,0,0,0,0,0,0,0,0,0,0,0,0,0,0,0,0.387,0,0,0,0,0,0,0,0,0,0,0,0,0,0,0,0,0,0,0,0,0,0.241,0,0,0,0,0,0,0,0,0,0,0,0.88,0,0.326,0,0.802,0,0,0,0.999,0.819,0.809,0.215,0,0.825,0.647,0,0.51,0,0.617,0,0,0.983,0,0,0,0.229,0.838,0,0,0,0,0,0.168,0,0.892,0,0,0,0,0,0.204,0.242,0,0.156,0,0.396,0,0.8,0,0.204,0.999,0.563,0.851,0,0.999,0.187,0,0,0,0,0,0,0,0,0,0.999,0,0.208,0,0,0.154,0.162,0,0,0,0,0,0,0,0.174,0,0.185,0,0,0,0,0,0.903,0,0,0.379,0,0.999,0,0,0,0,0,0.201,0,0.15,0,0.309,0.208,0.173,0,0,0.571,0.807,0,0,0.16,0,0.594,0,0,0,0,0,0,0,0,0,0,0.999,0.158,0.364,0,0.161,0,0.284,0,0,0,0.999,0,0,0,0,0,0,0,0.293,0,0,0,0.275,0,0.258,0,0,0.211,0.802,0,0.364,0,0,0,0,0,0,0.999,0,0.825,0.756,0,0,0.85,0,0,0.8,0,0,0,0.972,0,0.999,0,0.3,0,0,0.838,0,0.205,0,0.861,0.328,0,0,0.473,0,0,0,0.239,0,0,0,0.236,0,0,0.902,0.227,0,0,0.937,0,0.917,0,0,0,0.9,0,0,0.873,0,0,0.152,0,0,0,0,0,0,0,0,0.225,0.158,0,0.457,0,0,0.334,0,0,0,0.204,0,0.291,0,0.806,0,0,0,0,0,0.238,0,0,0,0,0,0,0,0,0,0,0,0.179,0,0,0,0,0,0,0,0.605,0,0,0.249,0,0,0,0,0,0,0,0,0,0,0,0,0,0,0,0,0.999,0.243,0,0,0,0,0,0,0.207,0,0,0,0,0,0,0,0,0,0,0,0,0,0,0,0,0,0,0,0.646,0,0,0,0,0,0.195,0,0,0,0,0,0,0,0,0,0,0,0,0.196,0,0,0.916,0,0.198,0,0,0,0.169,0,0.168,0,0,0,0,0,0,0,0,0,0,0,0,0,0,0.756,0,0.776,0,0,0,0,0,0,0,0,0,0,0,0,0.221,0,0,0,0,0.249,0,0,0,0,0,0,0,0,0.521,0,0,0.904,0,0,0,0,0,0,0,0.214,0,0,0,0,0,0,0,0,0,0,0,0,0,0,0,0.181,0.21,0,0.202,0,0,0,0,0,0,0,0,0.896,0,0,0,0,0,0,0,0,0,0,0,0,0,0,0,0,0,0,0,0,0,0,0.159,0,0,0.209,0.172,0,0,0.984,0,0,0.999,0,0,0.307,0,0,0,0,0,0,0,0,0,0,0,0,0,0,0,0,0,0,0,0,0,0,0,0,0,0,0,0,0,0,0,0,0,0,0,0.211,0,0,0,0,0,0,0,0,0,0,0.222,0,0,0,0,0,0,0,0,0,0,0.202,0.299,0,0,0.237,0,0.999,0,0,0,0,0,0,0.987,0,0,0,0,0,0,0,0,0,0,0,0,0,0,0,0,0,0,0,0,0,0,0,0,0,0,0,0,0,0,0,0,0,0,0,0,0,0,0,0.999,0,0,0,0,0,0.999,0,0,0,0,0,0,0,0,0,0,0,0,0.328,0.884,0,0,0,0,0,0,0,0,0,0,0,0,0,0.906,0,0,0,0.911,0,0,0,0,0,0.196,0.361,0.999,0,0,0,0.835,0,0,0,0,0,0,0,0,0,0,0,0,0,0,0,0.2,0,0,0,0,0,0,0.211,0,0.443,0,0,0,0,0,0,0,0,0,0,0,0,0,0,0,0,0,0,0,0,0,0,0,0,0,0,0,0,0,0,0,0,0.586,0,0,0.224,0,0.567,0.291,0,0,0,0,0,0,0,0,0,0,0.999,0,0.171,0,0,0,0,0,0,0,0,0,0,0.158,0,0.816,0.314,0,0,0,0,0,0,0,0,0,0,0,0.694,0,0,0,0.191,0,0,0,0,0,0.288,0.867,0,0.396,0.241,0,0,0,0.467,0,0,0,0,0,0,0,0,0,0,0,0.999,0,0.175,0.999,0,0,0,0,0,0,0,0,0,0,0,0,0,0,0,0,0,0,0,0,0,0,0,0,0,0,0,0,0,0,0.256,0,0,0,0,0,0,0,0,0,0,0,0,0,0,0,0,0,0,0,0.299,0,0,0,0,0,0.29,0,0,0,0,0,0,0,0,0,0,0,0,0,0,0,0,0,0,0,0,0,0,0,0,0,0,0,0,0,0,0,0,0,0.161,0,0,0,0,0,0,0,0,0,0.326,0,0,0,0,0,0,0,0,0,0,0,0,0,0,0,0,0,0,0,0.735,0,0,0,0,0,0,0,0,0,0,0,0,0,0,0,0,0,0,0,0,0,0,0,0,0,0,0,0,0,0,0,0,0,0,0,0,0,0,0,0,0,0,0,0.999,0,0,0,0,0,0,0,0,0,0,0,0,0,0,0,0,0,0,0,0,0,0,0,0,0,0,0,0,0,0.249,0,0.215,0,0,0.756,0.241,0,0,0,0,0,0,0,0,0,0,0,0.709,0,0,0,0,0,0,0,0,0,0,0,0.241,0,0,0,0,0,0,0,0,0,0,0,0,0,0,0,0.243,0,0,0,0.351,0,0,0,0.215,0,0.856,0,0.21,0,0,0,0,0,0,0,0,0,0,0.241,0,0,0,0,0,0,0,0,0,0.241,0,0,0,0,0,0,0,0,0,0,0,0,0,0,0,0,0.204,0,0,0,0,0,0.241,0,0,0,0,0,0,0,0,0.193,0,0,0,0,0,0,0,0,0,0,0,0.206,0,0,0,0.461,0,0,0,0,0,0,0.802,0,0,0,0,0.226,0,0,0,0,0,0,0,0,0,0.891,0.877,0.999,0.893,0.19,0.362,0,0,0.999,0.999,0.999,0.803,0.298,0.999,0.822,0.241,0,0.999,0.192,0.934,0.999,0.241,0.677,0,0.259,0.26,0.196,0.999,0.289,0.999,0.865,0.238,0.999,0.165,0.956,0.284,0.203,0.832,0.837,0.999,0.487,0.999,0.815,0.91,0,0,0,0.999,0.999,0.271,0.915,0.203,0.869,0.504,0.169,0.544,0.837,0,0.92,0,0.322,0.998,0.999,0.998,0.999,0.984,0.999,0.999,0,0.253,0.999,0.837,0.999,0,0.173,0.8,0.837,0,0,0,0.999,0.999,0,0.999,0.999,0.999,0.198,0.167,0.999,0.173,0.837,0.877,0.33,0.999,0.154,0.755,0,0.999,0.999,0,0.981,0,0.87,0.999,0.938,0.999,0.999,0.837,0.999,0.999,0.754,0,0.999,0.953,0.998,0.228,0.999,0.999,0.842,0.999,0.921,0.196,0,0,0.999,0.998,0.837,0.857,0,0,0.971,0.246,0.999,0.926,0.837,0.241,0.999,0.877,0.238,0,0,0.197,0.999,0.999,0,0,0.756,0.999,0.975,0.912,0.999,0.871,0.193,0.677,0.999,0.999,0.233,0.998,0,0.999,0,0.837,0.999,0,0.765,0.999,0.999,0.235,0.871,0.999,0.999,0.188,0,0.176,0.193,0,0,0,0,0.211,0.786,0.621,0.307,0.837,0.317,0.798,0.927,0.819,0.943,0.999,0.999,0.999,0.886,0,0,0.999,0.999,0.803,0.235,0.999,0,0.999,0.999,0,0.999,0.907,0,0.999,0.173,0.999,0.946,0,0.997,0.999,0.999,0,0.877,0.999,0,0.908,0,0,0.997,0,0.999,0.832,0,0.999,0,0.591,0,0.197,0,0,0,0,0.297,0,0.502,0,0,0,0,0,0,0,0,0,0,0,0,0.316,0,0.208,0.371,0,0,0,0,0,0,0,0,0,0,0,0,0,0,0,0,0.999,0.429,0,0,0.195,0,0,0,0,0.443,0,0,0,0.164,0,0,0,0,0,0,0.315,0.294,0,0,0,0,0,0,0,0,0,0,0,0,0.193,0,0,0,0,0,0,0,0,0,0,0,0.331,0,0,0,0,0,0,0,0,0,0,0.208,0,0,0,0,0,0,0,0,0,0.646,0,0,0,0,0.192,0,0,0,0,0,0,0,0,0,0,0,0,0,0,0,0,0,0,0,0,0,0,0,0,0,0,0,0,0,0,0,0.208,0,0,0,0,0,0,0,0,0,0,0,0,0,0,0,0,0,0,0,0,0,0,0,0,0,0,0,0,0,0,0,0,0,0,0,0,0,0,0,0,0,0,0,0,0,0,0,0,0,0,0,0,0,0,0,0,0,0,0,0,0,0,0,0,0,0,0,0,0,0,0,0,0,0,0,0,0,0,0,0,0,0,0,0,0,0,0.159,0,0,0,0,0.205,0.299,0,0,0.907,0,0,0,0.907,0.504,0,0.327,0.861,0,0.311,0,0,0.372,0,0.222,0.489,0,0.197,0,0,0,0,0,0,0,0,0,0,0,0,0,0,0,0,0,0,0,0,0,0,0,0,0.15,0,0,0,0,0,0,0,0,0,0,0,0,0,0,0,0,0,0,0,0,0,0,0,0,0,0,0,0,0,0,0,0,0,0,0,0,0,0,0,0,0.567,0,0,0,0,0,0,0,0,0,0,0,0,0,0,0,0,0,0,0,0,0,0,0,0,0,0.341,0,0,0,0,0,0,0,0,0,0,0,0,0,0,0,0,0,0,0,0.172,0,0,0,0,0,0,0,0,0,0,0,0,0,0,0,0,0,0,0,0,0,0,0,0,0,0,0,0,0,0,0,0,0,0,0,0,0,0,0.211,0,0,0,0,0,0,0,0,0,0,0,0,0,0.165,0,0,0,0,0,0,0,0.239,0,0,0,0,0,0,0,0,0,0,0,0,0,0,0,0,0,0,0,0,0,0,0,0,0,0,0,0,0,0,0,0,0,0,0,0,0,0,0,0,0,0,0,0,0,0,0,0,0,0,0,0,0,0,0,0,0,0,0,0,0,0,0,0,0,0,0,0,0,0,0,0,0,0,0,0,0,0,0,0.171,0,0,0,0,0,0,0,0,0,0,0,0,0,0,0,0,0,0,0,0,0,0,0,0,0,0,0,0,0,0,0,0,0,0,0,0,0,0,0,0,0,0,0,0,0,0,0,0,0,0,0,0,0,0,0,0,0,0,0,0,0,0,0,0,0,0,0,0,0,0,0,0,0,0,0,0,0,0,0,0,0,0,0,0,0,0,0,0,0,0,0,0,0,0,0,0,0,0,0,0,0,0,0,0,0,0,0,0,0,0,0,0,0,0,0,0,0,0,0,0,0,0,0,0,0,0,0,0,0.3,0,0,0,0,0,0,0,0,0,0,0,0,0,0,0,0,0,0,0,0,0,0,0,0,0,0,0,0,0,0,0,0,0,0,0,0,0,0,0,0,0,0,0,0,0,0,0,0.353,0,0,0,0,0,0,0,0,0,0,0,0,0,0,0,0,0,0,0,0,0,0,0,0,0,0.238,0,0,0,0,0,0,0,0,0,0,0,0,0,0,0,0,0,0,0,0.191,0,0,0,0,0,0,0,0,0,0,0,0,0,0,0,0,0,0,0.202,0,0,0,0,0,0,0,0.205,0,0,0.195,0.173,0,0,0,0,0,0,0,0,0.202,0,0,0,0,0,0,0,0,0,0,0,0,0,0,0,0,0,0,0,0.262,0.155,0,0.17,0,0,0,0,0,0,0,0,0,0,0,0.296,0,0,0,0,0,0,0,0,0,0,0,0,0,0,0,0,0,0,0,0,0,0,0,0,0,0,0,0.203,0,0,0,0,0,0,0,0,0,0,0,0,0,0,0,0,0,0,0,0,0,0,0,0,0,0,0.359,0,0,0,0,0,0,0,0,0,0,0,0,0,0,0,0,0,0,0,0,0,0,0,0,0,0,0,0,0,0.15,0,0,0,0,0,0.548,0.213,0,0,0.509,0,0,0,0,0,0.287,0,0,0,0,0,0,0,0,0,0,0,0,0,0,0,0,0,0,0,0,0,0,0,0,0,0,0.5,0,0,0,0,0,0,0,0,0,0,0,0,0,0,0,0,0,0,0,0,0,0,0,0,0,0,0,0,0,0,0,0,0,0,0,0,0,0,0,0,0,0,0,0,0,0,0,0,0,0,0,0,0,0,0,0,0,0,0,0,0,0,0,0,0,0,0,0,0,0.172,0,0.552,0,0.172,0.178,0,0.559,0.513,0,0,0,0,0,0,0,0,0,0,0,0,0,0,0,0,0,0,0,0,0,0,0,0,0,0,0,0,0,0,0,0,0,0,0,0,0,0,0,0,0,0,0,0,0,0,0,0,0,0,0,0,0,0,0,0,0,0,0,0,0,0,0,0,0,0,0,0,0,0,0,0,0,0,0,0,0,0,0,0,0,0,0,0,0,0,0,0,0,0,0,0,0,0,0,0,0,0,0,0,0,0,0,0,0,0,0,0,0,0,0,0,0,0,0,0,0,0,0,0,0,0,0,0,0,0,0,0,0,0,0,0,0,0,0,0,0,0,0,0,0,0,0,0,0,0,0,0,0,0,0,0,0,0,0,0,0,0,0,0,0,0,0,0,0,0,0,0,0,0,0,0,0,0,0,0,0,0,0,0,0,0,0,0,0,0,0,0,0,0,0,0,0,0,0,0,0,0,0,0,0,0,0,0,0,0,0,0,0,0,0,0,0,0,0,0,0,0,0,0,0,0.191,0,0,0,0,0,0,0,0,0,0,0,0,0,0,0,0,0,0,0,0,0,0,0,0,0,0,0,0,0,0,0,0,0,0,0,0,0,0,0,0,0,0,0,0,0,0,0,0,0,0,0,0,0,0,0,0,0,0,0,0,0,0,0,0,0,0,0,0,0,0,0,0,0,0,0,0,0,0,0,0,0,0,0,0,0
854444,0,0,0,0.243,0,0,0,0,0,0,0,0,0,0,0,0.449,0,0,0,0,0.185,0,0,0,0,0,0,0,0,0.329,0,0,0,0,0,0,0,0,0,0,0,0.173,0.575,0,0,0,0,0.244,0.62,0,0,0,0,0,0,0,0,0,0,0.32,0,0,0,0,0,0,0.194,0.484,0,0.194,0.345,0,0,0.546,0,0,0,0.776,0,0,0,0,0.194,0.259,0,0,0.463,0.999,0,0,0,0,0,0,0,0,0,0,0.156,0,0.3,0,0,0,0,0,0,0,0.221,0.377,0.156,0,0,0,0.184,0,0,0,0,0,0,0,0,0,0,0,0,0.17,0,0.153,0,0,0,0,0,0.153,0,0,0,0,0,0,0.377,0,0,0,0,0,0,0,0.233,0,0.352,0,0,0.499,0,0,0,0,0,0,0,0,0,0.184,0,0.495,0,0,0,0,0,0,0,0,0,0,0,0,0,0,0,0,0,0.195,0,0,0,0,0,0,0,0,0.354,0,0,0,0,0,0,0,0,0.22,0,0,0,0,0,0,0,0.193,0,0,0,0,0,0,0,0,0,0,0,0,0,0,0.487,0.189,0,0,0,0,0,0,0,0,0,0,0,0.475,0,0,0,0,0,0,0,0,0,0,0,0,0.152,0,0.215,0.188,0,0,0,0,0,0,0,0,0,0,0,0,0,0,0,0,0,0,0,0,0,0,0,0,0,0,0,0,0,0.26,0,0,0,0,0,0,0,0,0,0,0,0,0,0,0,0,0,0,0,0,0.183,0,0,0,0,0,0,0,0.171,0,0,0,0,0,0,0,0,0,0,0,0.546,0.368,0,0,0,0,0,0,0,0,0,0,0,0,0,0,0,0,0,0,0,0,0,0,0,0,0,0,0,0,0,0.223,0,0,0,0,0.364,0,0,0,0.242,0.263,0,0,0.339,0,0,0,0,0,0,0,0,0,0,0,0,0,0,0,0,0,0,0,0,0,0,0,0,0,0,0,0,0,0,0.788,0,0,0.589,0,0,0,0,0,0,0,0,0,0,0,0,0,0,0,0,0,0,0.191,0,0,0,0,0,0,0.798,0,0,0,0,0,0,0,0.324,0.336,0,0,0,0,0,0,0.594,0,0,0,0,0,0,0,0,0,0,0,0,0,0,0,0,0,0,0,0,0,0,0,0,0,0.261,0.177,0,0,0,0,0,0,0,0.399,0,0,0,0,0,0,0,0,0,0,0.168,0,0,0,0,0,0,0,0,0,0,0,0,0,0,0,0,0,0,0,0,0,0,0,0,0,0,0,0,0,0.187,0,0,0,0,0,0,0,0,0,0,0,0,0,0.553,0,0,0,0.215,0,0,0,0,0,0,0,0.18,0,0,0,0,0,0,0,0,0,0.448,0,0,0,0.174,0,0,0,0,0,0.214,0,0,0,0,0,0,0.18,0,0,0,0,0,0,0,0,0.39,0,0,0,0,0,0.165,0,0,0,0,0.199,0,0,0,0,0.222,0.195,0,0,0,0,0,0,0,0,0,0,0,0,0,0,0,0,0,0,0,0,0,0,0,0,0.213,0,0.18,0,0,0,0,0,0,0,0,0,0,0,0,0,0,0.723,0,0,0,0,0.338,0,0,0,0.747,0,0,0,0,0,0,0,0,0,0,0,0,0,0,0,0,0.999,0,0,0,0.607,0,0,0,0,0,0,0,0,0,0,0,0,0,0.211,0,0,0,0,0,0,0,0.426,0,0,0.486,0,0,0,0,0,0,0,0,0.552,0,0.846,0,0,0,0,0,0.454,0,0,0,0.661,0.155,0,0,0,0,0,0,0,0,0,0,0,0,0,0,0,0,0,0,0,0,0,0,0,0,0,0,0.9,0,0,0,0.162,0,0,0,0,0,0,0,0,0,0.171,0,0,0,0,0,0,0,0,0,0,0,0,0,0.371,0.903,0,0,0,0,0,0.311,0,0,0,0,0.226,0,0,0,0,0,0,0,0,0,0,0,0,0,0,0,0,0,0,0,0,0,0,0,0,0,0,0,0,0,0,0.278,0,0,0,0,0,0,0,0,0,0,0,0,0,0,0,0,0,0.157,0,0.703,0,0,0,0,0,0.222,0,0,0,0,0,0,0,0,0.159,0,0.336,0.692,0,0,0.296,0,0,0,0,0,0,0,0,0,0.165,0,0,0,0,0.165,0,0,0,0,0,0,0,0,0,0,0,0,0,0,0,0,0,0,0,0.69,0,0,0,0,0,0,0,0,0,0,0,0,0,0,0,0,0,0,0,0,0,0,0,0,0,0,0,0,0,0,0,0,0,0,0.195,0,0,0,0,0.798,0,0,0,0,0,0,0,0,0,0,0,0,0,0,0.616,0,0,0.309,0,0.178,0,0,0,0,0,0,0,0,0,0,0,0,0,0,0,0,0,0,0,0,0,0,0,0,0,0,0,0,0,0,0,0,0,0,0,0,0,0,0,0,0,0,0,0,0,0,0,0,0,0.368,0,0,0,0,0,0,0,0,0,0,0,0,0,0,0,0,0.171,0,0,0,0,0,0,0,0,0,0.267,0.195,0,0,0,0,0,0,0,0,0,0.193,0,0,0.904,0,0,0,0,0,0,0,0,0,0,0,0,0,0,0,0,0,0,0,0,0,0,0,0,0,0,0,0.15,0,0,0,0,0,0,0,0,0,0,0,0,0,0,0,0,0,0,0,0,0,0,0,0,0,0,0,0,0,0,0,0,0,0,0,0,0,0,0,0,0,0,0,0,0,0,0,0,0,0,0,0,0,0,0,0,0,0,0,0,0,0,0,0,0,0,0,0,0,0,0,0,0,0,0,0,0,0,0,0,0,0,0,0.524,0,0,0,0,0,0,0,0,0,0,0,0,0,0,0,0,0,0,0,0,0,0,0,0,0,0,0,0,0,0,0,0,0,0,0,0,0,0,0,0,0,0,0,0,0,0,0,0,0,0,0,0,0,0,0,0,0,0,0,0,0,0,0,0.848,0,0,0.301,0.173,0,0,0,0,0,0,0,0,0,0,0,0,0,0,0,0.238,0,0,0,0,0.176,0,0,0,0,0,0,0,0,0,0,0,0,0,0.161,0,0,0,0,0,0,0,0,0,0,0,0,0,0,0,0.222,0,0,0,0,0,0,0,0,0,0,0,0,0.157,0,0.312,0,0,0,0,0,0,0,0,0,0,0,0,0,0,0,0,0,0,0,0,0,0.213,0,0,0,0,0,0,0,0,0,0,0,0,0,0,0,0,0,0,0,0,0.897,0,0,0,0,0,0.319,0,0,0,0,0,0,0,0,0,0,0.203,0,0,0,0,0,0,0,0,0,0,0,0,0,0,0,0,0,0,0,0,0,0,0,0,0,0,0,0,0,0,0,0,0,0,0,0,0,0,0,0,0,0,0,0,0,0,0,0,0,0,0,0,0,0,0,0.586,0,0,0,0.743,0.59,0,0,0,0,0,0,0,0,0,0,0,0,0,0,0,0,0,0,0,0,0,0,0,0,0,0,0,0,0,0,0,0,0,0,0,0,0,0,0,0,0,0,0.429,0,0,0,0,0,0,0,0,0,0,0,0,0,0,0,0,0,0,0,0,0,0,0,0.277,0,0,0,0,0,0,0,0,0,0,0.307,0,0,0.232,0,0,0,0,0,0,0,0,0,0,0,0,0,0,0,0,0.26,0,0,0,0.227,0,0,0,0,0,0,0,0,0,0,0,0,0,0,0,0,0.282,0.17,0,0,0,0,0,0,0,0,0,0,0,0,0,0,0,0,0,0,0,0,0,0.88,0,0,0,0,0.233,0,0.232,0,0,0,0.382,0,0,0.261,0,0,0,0,0,0,0,0,0,0,0.228,0,0.363,0,0,0,0,0,0,0,0.239,0,0,0,0,0,0,0,0,0.167,0,0.37,0,0.319,0,0,0,0,0.163,0,0.258,0.22,0,0,0,0.466,0.708,0,0,0,0.178,0,0,0,0,0,0,0,0,0,0,0,0,0,0,0.276,0,0,0,0.303,0,0,0,0.151,0,0,0,0,0,0,0,0,0,0,0,0,0,0,0,0,0,0,0,0,0,0,0,0,0,0.205,0,0,0,0,0,0,0,0,0,0.724,0,0,0,0,0,0,0,0,0,0,0,0,0,0,0,0,0,0,0,0,0,0,0,0,0,0.219,0,0,0,0,0,0,0,0,0,0,0,0,0,0,0,0,0,0,0,0,0,0,0,0,0,0,0,0,0,0,0,0,0,0,0,0,0,0,0,0,0,0,0,0,0,0,0,0,0,0,0,0,0,0.355,0,0,0,0.163,0,0,0,0,0,0,0,0,0,0,0,0,0.219,0.219,0.297,0,0,0,0,0,0.999,0,0,0,0.862,0,0,0,0,0,0,0,0,0,0,0,0,0,0,0,0,0,0,0.202,0,0,0,0,0,0,0.243,0,0,0,0,0,0,0,0,0,0,0,0,0.403,0,0,0,0.18,0,0,0,0,0,0,0,0,0,0,0,0,0.222,0,0,0,0,0,0,0,0,0,0,0,0,0,0,0,0,0,0,0.181,0,0,0,0,0,0,0,0,0,0,0,0,0,0,0.323,0,0,0,0,0,0,0,0,0,0,0,0,0,0,0,0,0,0,0.153,0,0,0,0,0,0,0,0,0,0,0,0,0,0,0,0,0,0,0,0,0,0,0.63,0,0,0,0,0,0,0.182,0,0,0,0,0,0,0,0.515,0,0,0,0,0.185,0,0.305,0.616,0.197,0,0,0,0,0,0,0,0,0,0,0,0,0,0,0,0,0,0,0.188,0,0,0,0,0,0,0,0,0,0,0,0,0,0,0,0,0,0,0,0,0,0,0.305,0,0,0,0,0,0,0,0.221,0,0.203,0,0,0,0,0,0,0.186,0,0.311,0.781,0,0,0,0,0,0,0,0,0,0,0,0.202,0,0,0,0,0,0,0,0,0,0,0,0,0,0,0,0,0,0,0,0,0,0,0,0,0,0,0,0,0,0,0,0,0,0.154,0.154,0,0,0,0,0,0,0,0,0,0,0,0,0,0,0,0,0,0.163,0,0,0,0,0,0,0,0,0,0.179,0.3,0,0,0,0,0,0,0,0,0,0,0,0,0,0,0,0,0,0,0,0,0,0,0,0,0,0,0,0,0,0,0,0,0,0.159,0,0,0,0,0,0,0,0,0,0,0,0,0,0.198,0,0.165,0,0,0,0,0,0,0,0,0,0,0,0,0,0,0,0,0.158,0,0,0,0,0,0,0,0,0,0,0,0,0,0,0,0,0,0.214,0,0,0,0,0,0,0,0,0,0,0,0,0,0,0,0,0,0,0.284,0,0,0,0,0,0,0,0,0,0,0,0,0,0,0,0,0,0.182,0,0,0,0,0.155,0.164,0,0,0,0,0,0,0,0,0,0,0,0.205,0,0.219,0,0,0,0,0.229,0,0,0,0,0.649,0,0,0,0,0,0,0,0,0,0,0,0,0,0,0.351,0,0,0,0,0,0.286,0,0,0,0,0,0,0,0,0,0,0,0,0,0,0,0,0.198,0,0,0,0,0,0,0.311,0,0,0,0.196,0,0,0,0.215,0,0,0,0,0,0,0,0,0,0,0,0,0,0,0,0,0,0,0,0,0,0,0,0,0.179,0,0,0,0,0,0,0,0,0,0,0,0,0,0,0,0,0,0,0,0,0.238,0,0,0.197,0,0,0,0,0.167,0,0,0,0,0,0,0,0,0,0,0.788,0.263,0,0.286,0,0,0,0,0,0,0,0,0,0,0,0,0.154,0,0,0,0,0,0,0,0,0,0,0,0,0,0,0,0,0,0,0,0,0,0,0,0,0,0,0,0,0,0,0,0,0,0,0,0,0,0,0,0,0,0,0,0,0,0,0,0,0,0,0.414,0,0.169,0,0,0,0,0,0,0.273,0,0.194,0,0,0,0,0,0.194,0.482,0,0,0,0,0.177,0,0,0,0,0,0,0,0,0.999,0,0,0,0,0.153,0.191,0,0,0.211,0,0.256,0.92,0,0.427,0.225,0.191,0,0,0,0,0,0,0,0,0.389,0.399,0.484,0,0.159,0,0,0.237,0,0,0,0,0,0.286,0,0.204,0,0,0,0,0.999,0,0,0,0.32,0,0.293,0,0.22,0.325,0,0,0,0.746,0,0,0.169,0,0.21,0,0,0,0.331,0.178,0,0,0,0,0,0,0,0,0.456,0,0.999,0,0,0,0.455,0,0.191,0,0.207,0,0,0.24,0,0,0.163,0.607,0,0,0,0,0,0,0,0,0,0.338,0.427,0,0,0.172,0,0,0,0,0.194,0.202,0,0,0,0,0,0,0,0,0,0.861,0,0,0,0,0,0,0,0.325,0,0,0.209,0,0,0,0,0,0,0,0,0,0,0,0,0,0,0.258,0,0,0,0,0,0,0.199,0,0,0,0.159,0,0.924,0,0,0,0,0,0,0,0,0,0.199,0,0,0.168,0,0,0.976,0.192,0,0,0,0,0,0,0,0,0,0,0,0,0,0,0,0,0,0,0,0,0,0,0,0,0,0,0,0,0,0,0,0,0,0.481,0,0,0,0,0,0,0,0,0,0,0,0,0,0,0,0,0,0,0,0,0,0,0,0,0,0,0,0,0,0,0,0,0,0,0,0,0,0,0,0,0,0,0,0,0,0,0,0,0,0,0,0,0.229,0,0,0,0,0,0,0,0,0,0,0,0,0,0,0,0,0,0,0,0,0,0,0,0.158,0,0.83,0.209,0.186,0.189,0.197,0,0,0,0,0,0,0,0,0,0,0,0,0,0,0,0,0.268,0,0,0,0,0,0,0,0,0,0,0,0,0,0,0,0,0,0,0,0,0,0,0,0,0,0,0.171,0,0,0,0.999,0,0,0,0,0.674,0,0,0.22,0.268,0,0,0,0,0,0.999,0,0,0,0,0,0.196,0.999,0,0.167,0,0,0,0,0,0,0,0,0,0,0,0,0.997,0,0,0,0,0,0,0,0,0,0.999,0,0,0,0,0,0,0,0,0,0,0,0,0,0,0,0.247,0,0,0,0,0.29,0,0,0.999,0,0,0,0,0,0,0,0,0,0,0.176,0,0,0,0,0,0,0.733,0,0,0,0,0,0,0,0,0.17,0,0,0,0,0,0,0,0,0,0,0,0.276,0,0,0,0,0,0,0,0,0,0,0.277,0.319,0,0,0,0,0,0,0,0,0,0,0,0.998,0,0,0,0,0,0,0,0,0,0,0,0,0,0,0,0,0,0,0,0,0,0,0.17,0,0,0,0,0,0,0,0,0,0,0,0,0,0,0,0,0,0,0,0.275,0,0,0,0,0,0,0,0,0,0,0,0,0.317,0,0,0,0,0,0,0,0,0,0,0,0,0,0,0,0,0,0,0,0,0,0,0,0,0,0,0,0,0,0,0,0,0,0,0,0,0,0,0,0,0,0,0,0,0.17,0,0,0,0,0,0,0,0,0,0,0,0,0,0,0,0,0,0,0,0,0,0,0,0,0,0,0,0,0,0,0,0,0,0.151,0,0,0,0,0,0,0,0,0,0,0,0,0,0,0,0,0,0,0,0,0,0,0,0,0,0,0,0,0,0,0.202,0,0,0,0,0.362,0,0,0.151,0,0,0,0,0,0,0,0,0,0,0,0,0,0,0,0,0.759,0,0,0,0,0,0,0,0,0,0,0,0,0,0,0,0,0,0,0,0,0,0,0,0.52,0,0.25,0,0,0,0.207,0.941,0,0.458,0,0.219,0,0,0,0.209,0,0.364,0.53,0,0,0,0.16,0,0,0,0,0,0.187,0.502,0,0.402,0.33,0.234,0.481,0,0.288,0,0,0,0,0,0,0,0,0,0,0,0,0,0,0,0,0,0,0,0.152,0,0,0,0,0,0,0,0.743,0,0.821,0,0,0.26,0,0,0,0,0,0,0,0,0,0,0,0,0,0,0,0,0,0,0,0,0,0,0,0,0,0,0,0,0,0,0,0,0,0,0,0,0,0,0,0,0,0,0,0,0,0,0,0,0,0,0,0,0,0,0,0,0.367,0,0,0,0,0,0,0,0,0,0,0,0,0,0,0,0,0,0.175,0,0,0,0,0,0,0,0.223,0,0,0,0.178,0.72,0,0,0,0,0,0,0,0,0,0,0,0,0,0,0,0,0.668,0,0,0,0,0,0.318,0,0,0,0,0,0,0.291,0,0,0,0,0,0.209,0,0,0,0,0,0.22,0,0,0,0,0,0,0,0,0,0,0,0,0,0.153,0,0,0.46,0,0,0.155,0,0,0,0.384,0,0,0.639,0,0,0,0,0,0.39,0,0,0,0,0,0,0,0,0,0,0,0,0,0,0,0,0,0,0,0,0,0,0,0,0,0,0,0,0,0,0,0,0,0.722,0,0,0,0,0,0,0,0,0,0,0,0,0,0,0,0,0,0,0,0,0,0,0,0,0.175,0,0,0,0,0,0,0,0,0,0,0,0.24,0,0,0,0,0,0,0,0,0,0,0,0,0,0.325,0,0,0,0,0,0,0,0,0,0,0,0,0,0,0,0,0,0,0,0,0,0.207,0,0,0,0,0,0,0.98,0,0,0,0,0,0,0,0,0,0,0,0.169,0,0.208,0,0,0,0,0,0,0,0,0,0,0.159,0,0,0,0,0.152,0.205,0,0,0,0,0,0,0,0,0,0,0.724,0,0,0,0,0,0,0,0,0,0,0,0,0,0,0,0,0,0,0,0,0,0,0,0,0,0,0,0,0.729,0,0,0,0,0,0,0,0,0,0,0,0,0,0,0,0.728,0,0,0,0,0,0,0,0,0,0,0,0,0,0,0,0,0,0,0,0,0,0,0,0,0,0,0,0,0,0,0,0,0,0,0,0,0,0.194,0.22,0,0,0,0.31,0,0,0,0,0,0,0,0,0,0,0,0,0,0,0,0,0,0,0,0,0,0,0,0.227,0,0,0,0,0,0,0,0,0.175,0,0,0.175,0,0,0,0,0,0,0,0,0,0,0,0,0,0,0,0,0,0,0,0,0,0,0,0,0,0,0,0,0,0,0,0,0,0,0,0,0.155,0,0,0,0,0,0,0,0,0,0,0,0,0,0,0.151,0,0,0,0,0,0,0,0,0.182,0,0,0,0,0,0,0,0,0,0,0,0,0,0,0,0,0,0,0,0,0,0,0,0,0,0,0,0,0,0,0,0,0,0,0,0,0.15,0,0,0,0,0,0,0,0,0.212,0,0,0,0,0,0,0,0,0,0,0,0,0,0,0,0,0,0,0,0,0,0,0,0,0,0,0,0,0,0,0,0,0,0,0.195,0,0,0,0,0,0,0,0,0,0,0,0,0,0,0,0.994,0,0,0,0,0,0,0,0,0,0,0,0,0,0,0,0,0,0.195,0,0.259,0,0.191,0,0,0,0,0,0,0,0,0,0,0,0,0,0.641,0,0,0,0,0,0,0,0,0,0,0,0,0.724,0,0,0,0,0,0,0,0,0.19,0,0.152,0,0,0,0,0,0,0,0,0,0,0,0,0,0.153,0,0,0,0,0,0,0,0,0,0,0,0,0,0,0.163,0,0,0,0,0,0,0,0,0,0,0,0,0,0,0,0,0.547,0.198,0,0,0,0,0,0,0,0,0,0,0,0,0,0,0,0,0,0,0,0.53,0,0,0,0,0,0,0,0,0,0,0,0,0.536,0,0,0,0,0,0,0.254,0,0,0,0,0,0,0,0,0,0,0,0,0,0,0,0,0,0,0,0,0,0,0,0.168,0,0.429,0.508,0,0,0.472,0,0,0,0,0,0,0,0,0,0,0,0,0,0,0,0,0,0,0,0,0,0,0,0,0,0,0,0,0,0,0,0,0,0,0,0,0.179,0.362,0,0,0,0,0,0,0.372,0,0,0,0,0.16,0,0,0,0,0,0,0,0,0,0.208,0,0.54,0,0,0,0,0,0,0,0,0,0,0,0,0,0,0,0,0,0,0,0,0,0.401,0,0.484,0,0,0,0,0,0,0,0.198,0,0,0.789,0,0,0,0,0,0,0,0,0,0,0,0,0,0,0,0,0,0,0,0,0,0,0,0,0,0.154,0,0,0,0,0,0,0,0,0,0.236,0,0,0,0,0,0,0,0,0,0,0,0,0,0,0,0,0,0,0,0,0,0,0,0,0,0,0,0,0,0,0,0.296,0,0,0,0,0.72,0,0,0,0,0,0,0,0,0,0,0,0,0,0,0,0,0,0,0,0,0,0,0,0,0,0,0,0,0,0,0,0,0,0,0,0,0,0,0,0,0,0,0,0,0,0,0,0,0,0,0,0,0,0.76,0,0,0,0.231,0,0,0,0,0,0.209,0,0,0,0,0,0,0,0,0,0,0,0.697,0,0,0,0,0,0,0,0,0,0,0,0,0,0,0,0,0,0,0,0,0.229,0,0.194,0,0,0,0,0,0,0,0,0,0,0,0,0,0
853349,0,0,0,0,0,0,0,0,0.901,0,0,0,0,0,0,0,0,0,0,0,0,0,0,0,0,0,0,0,0,0,0,0,0,0,0,0,0,0,0,0,0,0,0,0,0,0,0,0,0,0,0,0,0,0,0,0,0,0,0,0,0,0,0,0,0,0,0,0,0,0,0,0,0,0,0,0,0,0,0,0,0,0,0,0,0,0,0,0,0,0,0,0,0,0,0,0,0,0,0,0,0,0,0,0,0,0,0,0,0,0,0,0,0,0,0,0,0,0,0,0,0,0,0,0,0,0,0,0,0,0,0,0,0,0,0,0,0,0,0,0,0,0,0,0,0,0,0,0,0,0,0,0,0,0,0,0,0,0,0,0,0,0,0,0,0,0,0,0,0,0,0,0,0,0,0,0,0,0,0,0,0,0,0,0,0,0,0,0,0,0,0,0,0,0,0,0,0,0,0,0,0,0,0,0,0,0,0,0,0,0,0,0,0,0,0,0,0,0,0,0,0,0,0,0,0,0,0,0,0,0,0,0,0,0,0,0,0,0,0,0,0,0,0,0,0,0,0,0,0,0,0,0,0,0,0,0,0,0,0.8,0,0,0,0,0,0,0,0.297,0,0,0,0.175,0,0,0,0,0,0,0,0,0,0,0,0,0,0,0,0,0,0,0,0,0,0,0,0,0,0,0,0,0,0,0,0,0,0,0,0,0,0,0,0,0,0,0,0,0,0,0,0,0,0,0,0,0,0,0,0,0,0,0,0,0,0,0,0,0,0,0,0,0,0,0,0,0,0,0,0,0,0,0,0,0,0,0,0,0,0,0,0,0.237,0,0,0,0.167,0,0,0,0,0,0,0,0,0,0,0,0,0,0,0,0,0,0,0,0,0,0,0,0,0,0,0,0,0,0,0,0,0,0,0,0,0,0,0,0,0,0,0,0,0,0,0,0,0,0,0,0,0,0,0,0,0,0,0,0,0,0,0,0,0,0,0,0,0,0,0,0,0.437,0,0,0,0,0,0,0,0,0,0,0,0,0,0,0,0,0,0,0,0,0,0,0,0,0,0,0,0,0,0,0,0,0,0,0,0,0,0,0,0,0,0,0,0,0,0,0,0,0,0,0,0,0,0,0,0,0,0,0,0,0,0,0,0,0,0,0,0,0,0,0,0,0,0,0,0,0,0,0,0,0,0,0,0,0,0,0,0,0,0.928,0,0,0,0,0,0,0,0,0,0,0,0,0,0,0,0,0,0,0,0,0.481,0,0,0,0,0,0,0,0,0,0,0,0,0,0,0,0,0,0,0,0,0,0,0,0,0,0,0,0,0,0,0,0,0,0,0,0,0,0,0,0,0,0,0,0,0,0,0,0,0,0,0,0,0,0,0,0,0,0,0,0,0,0,0,0,0,0,0,0,0,0,0,0,0,0,0,0,0,0,0,0,0,0,0,0,0,0,0,0,0,0,0,0,0,0,0,0,0,0,0,0,0,0,0,0,0,0,0,0,0,0,0,0,0,0,0,0,0,0,0,0,0,0,0,0,0,0,0,0,0,0,0,0,0,0,0,0,0,0,0,0,0,0,0,0,0,0,0,0,0,0,0,0,0,0,0,0,0.817,0,0,0,0,0,0,0,0,0,0,0,0,0,0,0,0,0,0,0,0,0,0,0,0,0,0,0.491,0,0,0,0,0,0,0,0,0,0,0,0,0,0,0,0,0,0,0,0,0,0,0,0,0,0,0,0,0,0,0,0,0,0,0,0,0,0,0,0,0,0,0,0,0,0,0,0,0,0,0,0,0,0,0,0,0,0,0,0,0,0,0,0,0,0,0,0,0,0,0,0,0,0.632,0,0,0,0,0,0,0,0,0.879,0.208,0,0,0,0,0,0,0,0,0,0,0,0,0,0,0,0,0,0,0,0,0,0,0,0,0.93,0,0,0,0,0,0,0,0,0,0,0,0,0,0,0,0,0,0.309,0,0,0,0,0,0,0,0,0,0,0,0,0,0,0,0,0,0,0,0,0,0,0,0,0,0,0,0,0,0,0,0,0,0,0,0,0,0,0,0,0,0,0,0,0,0,0,0,0,0,0,0,0,0,0,0,0,0.254,0,0,0,0,0,0,0,0,0,0,0,0,0,0,0,0,0,0,0,0,0,0,0,0,0,0,0,0,0,0,0,0,0,0,0,0,0,0,0,0,0,0,0,0,0,0,0.339,0,0,0,0,0,0,0,0,0,0,0,0,0,0,0,0,0,0,0,0,0,0,0,0,0,0,0,0,0,0,0,0,0,0,0,0,0,0,0,0,0,0,0,0,0,0,0,0,0,0,0,0,0,0,0,0,0,0,0,0,0,0,0,0,0,0,0,0,0,0,0,0,0,0,0,0,0,0,0,0,0,0,0,0,0,0,0,0,0,0,0,0,0,0,0,0,0,0,0,0,0,0,0,0,0,0,0,0,0,0,0,0.68,0,0,0,0,0,0,0,0,0,0,0,0,0,0,0,0,0,0,0,0,0,0,0,0,0,0,0,0,0,0,0.224,0,0,0,0,0,0,0,0,0,0,0.968,0,0,0,0,0,0,0,0,0,0,0,0,0,0,0,0,0,0,0,0,0,0,0,0,0,0,0,0,0,0,0,0,0,0,0,0,0,0,0,0,0,0,0,0,0,0,0,0,0,0,0,0,0,0,0,0,0,0,0,0,0,0,0,0,0,0,0,0,0,0,0,0,0,0,0,0,0,0,0,0,0,0,0,0,0,0,0,0,0,0,0,0,0,0,0,0,0,0,0,0,0,0,0,0,0,0,0,0,0,0,0,0,0.613,0,0,0,0,0,0,0,0,0,0,0,0,0,0,0,0,0,0,0,0,0,0,0,0,0,0.29,0,0,0,0,0,0,0,0,0,0,0,0,0,0,0,0,0,0,0,0,0,0,0,0,0,0,0,0,0,0,0,0,0,0,0,0,0,0,0,0,0,0,0,0,0,0,0,0,0,0,0,0,0,0,0.444,0,0,0,0,0,0,0,0,0,0,0,0,0,0,0,0,0,0,0,0,0,0,0,0,0,0,0,0,0,0,0,0,0,0.191,0,0,0,0,0,0,0,0,0,0,0,0,0,0,0,0,0,0,0,0,0,0,0,0,0,0,0,0,0,0,0,0,0,0,0,0,0,0,0,0,0,0,0,0,0,0,0,0,0,0,0,0,0,0,0,0,0,0,0,0,0,0,0,0,0,0,0,0,0,0,0,0,0,0,0,0,0,0,0,0,0,0,0,0,0,0,0,0,0,0,0.338,0,0,0.445,0,0,0,0,0,0,0,0,0,0,0,0,0,0,0,0,0,0,0,0,0,0,0,0,0,0,0,0,0,0,0,0,0,0,0,0,0,0,0,0,0,0,0,0,0,0,0,0,0,0,0,0,0,0,0,0,0,0,0,0,0,0,0,0,0,0,0,0,0,0,0,0,0,0,0,0,0,0,0,0,0,0,0,0,0,0,0,0,0,0,0.353,0,0,0,0,0,0,0,0,0,0,0,0,0,0,0,0,0,0,0,0,0,0,0,0,0,0,0,0,0,0,0,0,0,0.157,0,0,0,0,0,0,0,0,0,0,0,0,0,0,0,0,0,0,0,0,0,0,0,0,0,0,0,0,0,0,0,0,0,0,0,0,0,0,0,0,0,0,0,0,0,0,0,0,0,0,0,0,0,0,0,0,0,0,0,0,0,0.339,0,0,0.403,0,0,0,0,0.863,0,0,0,0,0,0,0,0,0,0,0,0,0,0,0,0,0,0,0,0,0,0,0,0,0,0,0,0,0,0,0,0,0,0,0,0,0,0,0,0,0,0,0,0,0,0,0,0,0,0,0,0,0,0,0,0,0,0,0,0,0,0,0,0,0,0,0,0,0,0,0,0,0,0,0,0,0,0,0,0,0,0,0,0,0,0,0,0,0,0,0,0,0,0,0,0,0,0,0,0,0,0,0,0,0,0,0,0.373,0,0,0,0,0,0,0,0,0,0.338,0,0,0,0,0,0,0,0,0,0,0,0,0,0,0,0,0,0,0,0.809,0,0,0,0,0,0,0,0,0,0.8,0,0,0,0,0,0,0,0,0,0.297,0,0,0,0,0,0,0,0,0,0,0,0,0,0,0,0,0,0,0,0,0,0,0,0,0,0,0,0,0,0.846,0,0,0,0,0,0,0,0,0,0,0.534,0,0,0,0,0,0,0,0,0,0,0,0,0,0,0,0,0,0,0,0,0,0,0,0,0,0,0,0,0,0,0,0,0,0,0,0.372,0,0,0,0,0,0,0.923,0,0,0,0,0,0,0,0,0,0,0,0,0,0,0,0,0,0,0,0,0,0,0,0,0,0,0,0,0,0,0,0,0,0,0,0,0,0,0,0,0,0,0,0,0,0,0,0,0,0,0,0,0,0,0,0,0,0,0,0,0,0.944,0,0,0,0,0,0,0,0,0,0,0,0,0,0,0,0,0,0,0,0,0,0,0,0,0,0,0,0,0,0,0,0,0,0,0,0,0,0,0,0,0,0,0,0,0,0,0,0,0,0,0,0,0,0,0,0,0,0,0,0,0,0,0,0,0,0,0.359,0,0,0,0,0,0,0,0,0,0,0,0,0,0,0,0,0,0,0,0,0,0,0,0,0,0,0,0,0,0,0,0,0,0,0,0,0,0,0.825,0,0,0,0,0,0,0,0,0,0,0,0,0,0,0,0,0,0.513,0,0,0,0,0,0,0,0,0,0,0,0,0,0,0,0,0,0,0,0,0,0,0,0,0,0,0,0,0,0,0,0,0,0,0,0,0,0.167,0,0,0,0,0,0,0,0,0,0,0,0,0,0,0,0,0,0,0,0,0,0,0,0,0,0,0,0,0,0,0,0,0,0,0,0,0,0,0,0,0,0,0,0,0,0,0,0,0,0,0,0,0,0,0,0,0,0,0,0,0,0,0,0,0,0,0,0,0,0,0,0,0,0,0.196,0,0,0,0,0,0,0,0,0,0,0,0,0,0,0,0,0,0,0,0,0,0.338,0,0,0,0,0,0,0,0,0,0,0,0,0,0,0,0,0,0,0,0,0,0,0,0,0,0,0,0,0,0,0,0,0,0,0,0,0,0,0,0,0,0,0,0.934,0,0,0,0,0,0,0,0,0,0,0,0,0,0,0,0,0,0,0,0,0,0,0,0,0,0,0,0,0,0,0,0,0,0,0,0,0,0,0,0,0,0,0,0,0,0,0,0,0,0,0,0,0,0,0,0,0,0,0,0,0,0,0,0,0,0,0,0,0,0,0,0,0,0,0,0,0,0,0,0,0,0,0,0,0,0,0,0,0,0,0,0,0,0,0,0,0,0,0,0,0,0,0,0,0,0,0,0,0,0,0,0,0,0,0,0,0,0,0,0,0,0,0,0,0,0,0,0,0,0,0,0,0,0,0,0,0,0,0,0,0,0,0,0,0,0,0,0,0,0,0,0,0,0,0,0,0,0,0,0,0,0,0,0,0,0,0,0,0,0,0,0,0,0,0,0,0,0,0,0,0,0,0,0,0,0,0,0,0,0,0,0,0,0,0,0,0,0,0,0,0,0,0,0,0,0,0,0,0,0,0,0,0,0,0,0,0,0,0,0,0,0,0,0,0,0,0,0,0,0,0,0,0,0,0,0,0.843,0,0,0,0,0,0,0,0,0,0,0,0,0,0,0,0,0,0,0,0,0,0,0,0,0,0,0,0,0,0,0,0,0,0,0,0,0,0,0,0,0,0,0,0.274,0,0,0,0,0,0,0,0,0,0,0,0,0,0,0,0,0,0,0,0,0,0,0,0,0,0,0,0,0,0,0,0,0,0,0,0,0,0,0,0,0,0,0,0,0,0,0,0,0,0,0,0,0,0,0,0,0,0,0,0,0,0,0,0,0,0,0,0,0,0,0,0,0,0,0,0,0,0,0,0,0,0,0,0,0,0,0,0,0,0,0,0,0,0,0,0,0,0,0,0,0,0,0,0,0,0,0,0,0,0,0,0,0,0,0,0,0,0,0,0,0,0,0,0,0,0,0,0,0,0.359,0,0,0,0,0,0,0,0,0,0,0,0,0,0,0,0,0,0,0,0,0,0,0,0,0,0,0,0,0,0,0,0,0,0,0,0,0,0,0,0,0,0,0,0,0,0,0,0,0,0,0,0,0,0,0,0,0,0,0,0,0,0,0,0,0,0,0,0,0,0.827,0,0.844,0,0,0,0,0,0.37,0.336,0,0,0,0,0,0,0,0,0,0,0,0,0,0,0,0,0,0,0,0,0,0.356,0,0.96,0,0,0,0.844,0,0,0,0,0.889,0,0,0,0,0,0,0,0,0,0,0,0,0.841,0,0,0,0,0.223,0,0,0,0,0,0,0,0,0.349,0.955,0,0,0,0,0.873,0,0,0,0,0,0,0,0,0,0,0,0,0,0.827,0.834,0,0,0.39,0.929,0,0,0,0,0,0,0.918,0,0.48,0.374,0,0.175,0,0.445,0,0,0,0,0,0,0,0,0,0,0.922,0,0.265,0,0,0,0.82,0.927,0,0.394,0,0,0,0.821,0.842,0,0,0.931,0,0,0,0,0,0,0,0,0.846,0,0,0.865,0,0.899,0,0.831,0,0,0,0,0,0,0,0.908,0,0,0,0,0,0,0,0,0,0.173,0,0,0,0,0,0,0,0,0,0,0,0,0,0,0.841,0,0.817,0.4,0,0,0,0,0,0,0,0,0,0,0,0.237,0,0,0,0,0,0,0,0.359,0.8,0,0,0,0,0,0.815,0,0,0,0,0,0,0,0,0,0,0,0,0,0,0,0,0,0,0,0,0,0,0,0,0,0,0,0,0,0,0,0,0,0,0,0,0,0,0,0,0,0,0,0,0,0,0,0,0,0,0,0,0.515,0,0,0,0,0,0,0,0,0,0,0,0,0,0.457,0,0,0,0,0,0,0,0,0,0,0,0,0,0,0,0,0,0,0,0,0,0,0,0,0,0,0,0,0,0,0,0,0,0,0,0,0,0,0,0,0,0,0.253,0,0,0,0,0,0,0,0,0,0,0,0,0,0,0,0,0,0,0,0,0,0,0,0,0,0,0,0,0,0,0,0,0,0,0,0,0,0,0,0,0,0,0.841,0,0,0,0,0,0,0,0,0,0,0,0,0,0,0,0,0,0.305,0,0,0,0,0,0,0,0,0,0,0,0,0,0,0,0,0,0,0,0,0,0.918,0,0,0,0,0,0,0,0,0,0,0,0,0,0,0,0,0,0,0,0,0,0,0,0,0,0,0,0,0,0,0,0,0,0,0,0,0,0,0,0,0,0,0,0,0,0,0,0,0,0,0,0,0,0,0,0,0,0,0,0,0,0,0,0,0,0,0.833,0,0,0,0,0,0,0,0.809,0.61,0,0,0,0,0,0,0,0,0,0,0,0,0,0.433,0,0,0,0,0,0,0,0,0,0,0,0,0,0,0,0,0,0,0,0,0,0,0,0,0,0,0.302,0,0,0,0,0,0,0,0,0,0,0,0,0,0,0,0,0,0,0,0,0,0,0,0,0,0,0,0,0.821,0,0,0,0,0.539,0,0,0,0,0,0,0,0,0,0.374,0,0,0,0,0,0,0,0,0,0,0.989,0,0,0,0,0,0,0,0,0,0,0,0,0,0,0,0,0,0,0,0,0,0,0,0,0,0,0,0,0,0,0,0,0,0,0,0,0,0,0,0,0,0,0,0,0,0,0,0,0,0,0,0,0,0,0,0,0,0,0,0,0,0,0,0,0,0,0,0,0,0,0,0,0,0,0,0,0,0,0,0,0,0,0,0,0,0,0,0,0,0,0,0,0,0,0,0,0,0,0,0,0,0,0,0,0,0,0,0.396,0,0,0,0,0,0,0,0,0,0,0,0,0,0,0,0,0,0,0,0,0,0,0,0,0,0,0,0,0,0,0,0,0,0,0,0,0,0,0,0,0,0,0,0,0,0,0,0,0,0,0,0,0,0,0,0,0,0,0,0,0,0,0,0,0,0,0,0,0,0,0,0,0,0,0,0,0,0,0,0,0,0,0,0,0,0,0,0,0,0,0,0,0,0,0,0,0,0,0,0,0,0,0,0,0,0,0,0,0,0,0,0,0,0,0,0,0,0,0,0,0,0,0,0,0,0,0,0,0,0,0,0,0,0,0,0,0,0,0,0,0,0,0,0,0,0,0,0,0,0,0,0,0,0,0,0,0,0,0,0,0,0,0,0,0,0,0,0,0,0,0.237,0,0,0,0,0,0,0,0,0,0,0.816,0,0,0,0,0,0,0,0,0,0,0,0,0,0,0,0,0,0,0,0,0,0,0,0,0,0,0,0,0,0,0,0,0,0,0,0,0,0,0,0,0,0,0,0,0,0,0,0.261,0,0,0,0,0,0,0,0,0,0,0,0,0,0,0,0,0,0,0,0,0,0,0,0,0,0,0,0,0,0,0,0,0,0,0,0,0,0,0,0,0,0,0,0,0,0,0,0,0,0,0,0,0,0,0,0,0,0,0,0,0,0,0,0.806,0,0,0,0,0,0,0,0,0,0,0,0.538,0,0,0,0,0,0.481,0,0.276,0,0,0,0,0,0.841,0,0,0,0,0,0,0,0,0,0,0.938,0,0,0,0,0,0,0,0,0,0,0,0,0,0,0,0,0.445,0,0,0,0,0,0,0,0,0,0,0,0,0,0,0,0,0,0,0,0,0,0,0,0,0,0,0,0,0,0,0,0,0,0,0,0,0,0,0,0,0,0,0,0,0,0.422,0,0,0,0,0,0,0,0,0,0,0,0,0,0,0,0,0,0,0,0,0,0,0,0,0,0,0,0,0,0,0,0,0,0,0,0,0,0,0,0,0,0,0,0,0,0,0,0.831,0,0,0,0,0,0,0,0,0,0,0,0,0,0,0,0,0,0,0,0,0,0,0,0,0,0,0,0,0,0,0,0,0,0,0,0,0,0,0,0,0,0,0,0,0,0,0,0,0,0,0,0,0.833,0,0,0,0,0,0,0,0,0,0,0,0,0,0,0,0,0,0,0,0,0,0,0,0,0,0,0,0,0,0,0,0,0,0,0,0,0,0,0,0,0,0,0,0,0,0,0,0,0,0,0,0,0,0,0,0.819,0,0,0,0,0.827,0.935,0,0,0,0,0,0,0,0,0,0,0,0,0.514,0,0,0,0,0,0,0,0,0,0,0,0,0,0.841,0,0,0,0,0,0,0,0,0,0,0,0,0,0,0,0,0,0,0,0,0,0,0,0,0,0,0,0,0,0,0,0,0,0.817,0,0,0.168,0,0,0,0,0,0,0,0,0,0,0,0,0,0,0,0,0,0,0,0,0,0,0,0,0,0,0,0,0,0,0,0,0,0,0,0,0,0,0,0,0,0,0,0,0,0,0,0,0,0,0,0,0,0,0,0,0,0,0,0,0,0,0,0,0,0,0,0,0,0,0,0,0,0,0,0,0.446,0,0,0,0,0,0,0.34,0,0,0,0,0,0,0,0,0,0,0,0,0,0,0,0,0,0,0,0,0.841,0,0,0,0,0,0,0,0,0,0,0,0,0,0,0,0,0,0.246,0,0,0,0,0,0,0,0,0,0,0,0,0,0,0,0,0,0,0,0,0,0,0.847,0,0,0,0,0.809,0,0,0,0,0,0,0,0,0,0,0,0,0,0,0,0,0,0,0,0,0,0,0,0.923,0,0,0,0.836,0,0,0,0,0,0,0,0,0,0,0,0,0,0.864,0,0,0,0,0,0,0,0,0,0,0,0,0,0,0,0,0,0,0,0,0,0,0,0,0,0,0,0,0,0,0,0,0,0,0,0,0,0,0,0,0,0,0,0,0,0.8,0,0,0,0
851169,0,0,0,0,0,0,0,0,0,0,0,0,0,0,0,0,0,0,0.307,0,0,0,0,0,0,0,0.275,0,0,0,0,0,0,0,0,0,0,0,0,0,0,0,0,0,0,0,0,0,0,0,0,0.999,0,0,0,0,0,0,0,0,0,0,0,0,0,0,0,0,0,0,0,0,0,0,0,0,0,0,0,0,0,0,0.158,0,0,0,0,0,0,0,0,0,0,0,0,0.999,0,0,0,0,0,0,0,0,0,0,0,0,0,0,0,0,0,0,0,0,0,0,0,0,0,0,0.344,0,0,0,0,0.921,0,0,0,0,0,0,0,0,0,0,0.275,0,0.998,0,0,0,0,0,0,0,0,0,0,0,0,0,0,0.901,0,0,0,0,0,0,0,0,0,0,0,0,0,0,0,0,0,0,0,0,0,0,0,0,0,0,0,0,0,0,0,0,0,0.324,0,0,0,0.16,0,0,0,0,0,0,0,0,0,0.405,0,0,0.999,0,0,0.165,0,0,0,0.466,0,0,0.336,0,0,0,0.999,0,0,0.286,0,0,0,0,0,0.737,0,0,0.999,0,0.672,0,0,0,0,0,0,0,0,0.313,0.332,0,0,0,0,0,0,0,0.162,0,0,0,0,0,0,0,0,0,0,0,0.48,0,0,0,0,0,0,0,0,0,0,0.966,0,0,0.16,0.168,0,0,0.854,0.352,0,0.381,0,0.924,0,0.39,0,0,0,0,0,0,0,0.206,0,0,0.999,0,0,0,0,0,0,0,0,0.999,0,0,0,0,0.975,0.15,0,0,0,0,0,0,0,0.266,0,0.218,0,0,0,0.778,0,0,0,0,0,0.164,0,0,0,0,0,0,0,0.187,0,0.156,0.183,0,0,0,0,0,0,0,0,0,0,0,0,0,0,0.175,0,0,0,0,0.241,0,0,0.999,0,0.982,0,0,0,0,0.999,0,0,0,0,0,0,0.999,0,0,0,0,0,0,0,0.204,0,0,0,0,0.999,0,0.892,0,0.219,0.247,0,0,0,0,0,0,0,0.773,0,0.319,0,0,0,0.299,0.172,0,0,0,0,0,0,0,0,0.604,0,0,0.16,0,0,0,0,0,0,0,0,0.286,0.312,0,0,0.199,0,0.195,0,0,0,0,0,0,0.994,0,0.221,0,0,0,0,0.771,0,0,0,0,0,0,0,0,0,0,0,0,0,0,0,0.999,0,0.157,0,0,0,0.891,0,0,0,0,0.234,0,0,0,0,0,0,0.649,0,0,0,0,0,0.91,0,0,0,0,0,0,0,0,0,0,0,0,0,0,0,0,0.262,0.192,0.999,0.269,0,0,0,0,0,0,0,0.424,0,0,0,0,0,0,0,0,0,0,0.554,0,0,0,0,0,0,0,0.218,0,0,0,0,0.286,0,0,0,0,0,0,0,0,0,0,0,0,0,0,0,0.278,0.211,0,0,0,0,0,0,0,0,0.208,0,0,0,0,0,0,0,0,0,0.583,0,0,0,0,0,0,0,0.186,0,0,0,0.304,0,0.19,0,0,0,0,0,0,0,0,0,0,0,0,0,0,0,0,0,0.214,0,0,0,0,0,0,0.889,0.901,0,0,0,0,0,0,0,0,0.445,0,0,0,0,0,0,0,0,0.179,0,0,0,0,0,0,0,0,0,0,0,0,0,0,0.165,0.165,0,0,0,0,0,0,0,0,0,0,0,0,0,0,0,0,0,0,0,0,0,0.405,0,0,0,0,0.364,0.218,0,0,0,0,0,0,0,0,0,0,0,0,0,0,0,0,0,0,0.246,0.335,0,0,0,0,0,0,0,0,0.166,0.773,0.999,0,0,0,0,0,0,0.607,0,0,0,0.998,0,0,0,0.356,0,0.737,0,0,0,0,0,0.24,0,0,0,0,0.161,0.198,0,0,0.999,0,0.654,0,0,0,0,0.28,0,0,0,0,0,0,0,0,0,0.18,0,0,0,0.459,0,0,0,0,0.201,0.524,0,0,0,0.57,0,0.259,0,0.254,0,0,0,0,0,0,0,0,0,0,0,0,0,0,0,0,0,0,0.228,0,0,0,0,0,0,0,0,0,0.532,0,0,0,0.306,0,0,0,0,0,0,0,0,0,0,0,0,0,0,0,0,0.16,0,0.999,0,0.602,0,0,0,0,0,0,0,0,0.429,0,0,0,0,0,0,0,0,0.376,0,0,0,0,0,0,0,0,0,0.999,0.337,0,0,0,0,0,0,0.169,0,0,0,0,0,0,0.999,0,0,0,0,0,0.264,0,0,0,0,0,0.193,0,0,0.526,0.288,0.199,0,0,0.192,0,0,0.181,0,0,0,0.94,0,0.999,0,0,0,0,0.3,0,0,0,0.999,0,0,0,0,0.449,0,0.999,0,0.715,0.225,0.999,0,0,0,0,0,0,0,0,0,0,0,0.173,0,0,0,0,0.972,0,0.933,0.999,0,0.225,0,0,0,0,0,0.872,0,0.371,0,0,0.247,0.893,0,0,0,0,0,0.999,0,0,0,0,0,0,0,0,0,0,0,0,0,0,0,0,0,0,0,0,0,0,0,0,0,0,0.162,0,0,0,0,0,0,0,0,0,0.164,0,0,0,0,0,0,0,0,0,0,0,0,0,0,0,0,0,0,0,0,0,0,0,0,0,0,0.999,0,0,0.22,0,0,0,0,0,0.173,0.999,0,0,0,0,0,0,0,0,0.181,0,0,0,0.906,0,0,0,0,0,0,0,0,0,0,0,0,0,0,0,0.24,0,0,0,0,0,0,0,0,0,0,0.18,0,0,0,0,0,0,0,0,0,0,0,0,0,0,0,0,0,0,0,0,0,0,0.999,0,0,0,0,0.199,0,0.218,0,0.922,0,0,0,0,0,0,0,0,0,0,0,0.199,0,0,0,0,0,0,0.999,0,0,0,0,0,0,0,0,0,0,0.999,0,0,0,0,0,0,0,0,0.999,0.335,0.219,0,0,0.199,0,0,0,0,0.365,0,0,0,0,0,0,0,0,0,0,0,0,0,0,0.209,0,0,0,0,0,0,0.262,0,0.164,0,0,0.999,0,0,0.251,0,0,0,0,0,0,0,0,0,0,0,0,0,0,0,0.5,0,0,0,0,0,0.43,0,0.82,0,0,0,0,0,0,0,0,0,0,0,0,0,0,0,0,0,0,0,0,0.164,0,0,0,0,0,0,0,0.999,0,0,0,0.357,0,0.443,0,0,0,0,0,0,0,0,0,0,0,0,0,0,0,0,0,0,0.441,0,0,0,0,0,0,0.999,0,0.999,0,0,0,0,0,0,0,0,0,0,0,0,0,0,0,0,0,0,0,0,0,0,0,0,0,0,0,0,0,0,0,0,0,0,0,0.215,0.164,0.627,0,0,0,0,0,0,0,0,0,0,0,0,0.798,0,0,0,0,0,0.335,0,0,0,0,0,0,0,0,0,0,0,0,0,0,0,0,0,0,0,0.164,0,0,0,0,0,0.189,0,0.998,0,0,0,0,0,0,0,0,0,0,0,0,0.164,0.253,0,0,0.228,0,0,0,0,0,0,0,0,0,0.26,0,0,0,0,0,0,0,0,0,0,0,0,0.595,0,0,0.46,0,0,0,0,0.199,0,0,0.442,0,0,0,0,0,0,0,0,0,0,0,0,0,0,0,0,0,0,0,0,0,0,0,0,0.26,0,0,0,0,0,0,0,0,0,0.154,0,0,0,0,0,0,0,0,0,0,0,0,0.189,0,0,0,0.999,0,0,0,0,0,0,0,0,0,0,0,0,0,0,0,0,0,0,0,0,0,0,0,0.407,0,0,0,0,0,0.152,0,0.549,0.199,0,0,0,0,0.407,0,0,0,0,0,0,0,0,0,0,0,0,0,0,0,0,0,0,0,0,0,0.471,0,0,0,0,0,0,0,0,0,0,0,0,0,0,0,0,0,0,0,0,0,0,0,0,0,0,0,0,0,0,0,0,0.332,0,0,0,0,0,0,0,0,0,0,0,0,0,0,0,0,0,0,0,0.242,0,0,0,0,0,0,0,0,0,0,0,0,0,0,0,0,0,0,0,0,0,0,0,0,0,0,0,0,0,0,0,0,0,0.893,0,0.442,0,0,0.178,0,0.165,0.999,0,0.668,0.177,0,0.264,0.261,0,0.183,0,0.227,0,0.265,0.918,0,0,0,0.223,0,0,0,0,0,0.32,0,0,0.178,0,0,0,0,0.184,0.236,0,0,0,0.163,0.173,0,0.459,0,0.238,0.999,0.365,0.227,0,0.998,0.309,0,0,0,0,0,0,0,0,0,0.999,0,0.211,0,0,0,0.174,0,0,0,0,0,0,0.166,0.368,0,0.204,0,0,0,0,0,0.332,0,0,0.294,0,0.999,0,0,0,0,0,0,0,0.154,0,0,0.237,0,0,0.198,0.394,0.176,0,0,0,0,0.36,0.206,0,0,0,0,0,0,0,0,0,0.999,0.357,0.257,0,0.264,0,0.229,0,0,0,0.999,0,0,0.446,0,0,0,0,0,0,0,0,0.337,0.244,0,0,0,0.192,0,0,0.166,0.235,0,0,0,0,0,0.999,0,0.182,0.453,0,0,0.33,0,0,0,0.284,0,0,0.622,0,0.999,0,0,0,0,0,0.168,0.152,0,0.327,0.358,0,0,0.186,0.169,0,0,0.237,0.422,0,0,0.372,0.177,0,0.912,0.21,0,0,0.292,0,0.905,0,0,0,0.383,0,0,0.27,0,0,0,0,0,0,0,0,0,0.181,0,0.342,0,0,0,0.502,0,0.292,0.166,0,0,0.518,0.282,0,0.155,0,0,0,0,0,0,0,0,0,0,0,0,0,0,0,0,0,0,0,0,0,0,0,0,0,0,0.286,0,0,0.208,0,0,0,0,0,0,0,0,0,0,0,0,0,0,0,0,0.999,0,0,0,0,0,0,0,0,0,0,0,0,0,0,0,0,0,0,0,0,0,0,0,0,0,0,0,0,0,0,0,0,0,0,0,0,0,0,0,0,0,0,0,0,0,0,0,0,0,0.915,0,0.185,0,0,0,0,0,0.184,0,0,0,0,0,0,0.203,0,0,0,0.275,0,0,0,0.516,0,0,0,0.198,0,0,0,0,0,0,0,0,0,0,0,0,0,0,0,0,0,0,0.208,0,0,0,0,0,0,0,0,0.307,0,0,0,0,0,0,0,0,0,0,0,0,0,0.198,0,0,0,0,0,0,0,0,0,0,0,0,0.245,0.212,0,0,0,0,0,0,0,0,0,0,0,0,0,0,0,0,0,0,0,0,0,0,0,0,0,0,0,0,0,0,0,0,0,0,0,0,0,0.573,0,0,0.99,0,0,0,0,0,0.175,0,0,0,0,0.261,0,0,0,0,0,0,0,0,0,0,0,0,0,0,0,0,0,0,0.208,0,0,0,0,0,0,0,0,0.168,0,0,0,0,0,0,0,0,0,0,0.177,0,0,0,0.167,0,0.151,0.428,0,0,0,0,0.269,0,0,0,0,0.999,0,0,0,0,0,0,0.396,0,0,0,0,0,0,0,0,0,0,0,0,0,0,0.193,0,0,0,0,0,0,0,0,0,0,0,0,0,0,0,0,0,0,0,0,0,0,0,0,0.999,0,0,0,0,0,0.999,0,0,0,0,0.999,0,0,0,0,0,0,0,0.243,0.438,0,0,0,0,0,0,0,0,0,0,0,0,0,0.577,0.217,0,0,0.516,0,0,0,0,0,0,0.35,0.999,0,0,0,0.457,0,0,0,0,0,0,0,0,0,0,0,0,0,0,0,0.162,0,0,0,0,0,0,0.168,0,0.801,0,0,0,0,0,0,0,0,0,0,0.417,0,0,0,0,0,0,0,0,0,0,0,0,0,0,0,0,0,0,0,0,0,0.751,0,0,0.562,0,0.332,0.236,0,0.228,0,0,0,0.298,0,0,0,0,0.999,0,0,0,0,0,0,0,0.428,0,0,0,0,0,0,0.917,0.361,0,0,0,0,0,0,0,0,0,0,0.228,0.224,0,0,0,0,0,0,0,0,0,0.288,0.35,0,0.162,0,0,0,0,0,0,0,0,0,0,0,0,0,0,0,0,0.999,0,0,0.999,0,0,0,0,0,0,0,0,0,0,0,0,0,0,0,0,0,0,0,0,0,0,0,0,0,0,0,0,0,0,0,0,0,0,0,0,0,0,0,0,0,0,0,0,0,0,0,0,0,0,0.16,0,0,0,0,0,0.229,0,0,0,0,0,0,0,0,0,0,0,0,0,0,0,0,0,0,0,0,0,0,0,0,0,0,0,0,0,0,0,0,0,0,0,0,0,0,0,0,0,0,0,0.163,0,0,0,0,0,0,0,0,0,0,0,0,0,0.27,0,0,0,0,0,0.561,0,0,0,0,0,0,0,0,0,0,0,0,0,0,0,0,0,0,0,0,0,0,0,0,0,0,0,0,0,0,0,0,0,0,0,0,0,0,0,0,0.214,0,0,0.999,0,0,0,0,0,0,0,0,0,0,0,0,0,0,0,0,0,0,0,0,0,0,0,0,0,0,0,0,0,0.208,0,0,0,0,0.445,0,0,0,0,0,0,0,0,0,0,0,0,0.92,0,0,0,0,0,0,0,0,0,0,0,0,0,0,0,0,0,0,0,0,0,0,0,0,0,0,0,0,0,0,0,0.275,0,0,0.603,0,0,0.208,0,0,0,0,0,0,0,0,0,0,0,0,0,0,0,0,0,0,0,0.261,0,0,0,0,0,0,0,0,0,0,0,0,0,0,0,0,0,0,0,0,0,0,0,0,0,0,0,0,0,0,0,0,0,0,0.235,0,0,0,0,0,0,0,0,0,0.152,0,0.264,0,0,0,0,0,0,0,0,0,0,0,0,0,0,0,0,0,0,0,0,0,0,0,0,0,0.901,0.631,0.999,0.502,0.217,0.193,0,0,0.999,0.988,0.999,0.151,0.272,0.999,0.252,0.271,0,0.999,0,0.854,0.999,0,0,0.237,0,0.319,0,0.999,0.419,0.999,0.641,0,0.999,0,0.187,0.72,0,0.193,0.505,0.999,0.386,0.999,0.176,0.939,0.161,0,0,0.998,0.999,0.249,0.952,0.165,0,0.603,0,0.394,0.51,0,0.9,0,0.332,0.998,0.999,0.999,0.999,0.905,0.999,0.999,0,0.214,0.999,0.488,0.999,0.166,0,0,0.515,0,0,0,0.999,0.999,0,0.996,0.998,0.999,0.229,0.231,0.999,0,0.477,0.534,0.29,0.999,0,0.473,0,0.999,0.999,0,0.906,0,0,0.999,0,0.999,0.999,0.465,0.999,0.999,0,0,0.999,0.498,0.997,0,0.999,0.999,0.549,0.999,0.754,0,0,0,0.999,0.998,0.488,0.507,0,0,0.929,0,0.999,0,0.515,0,0.997,0.6,0.183,0,0,0.174,0.999,0.999,0,0,0.505,0.999,0.214,0,0.999,0,0.172,0.445,0.999,0.999,0.27,0.983,0,0.999,0,0.514,0.999,0,0.469,0.998,0.999,0.7,0,0.999,0.999,0,0.181,0.24,0.24,0,0,0,0,0,0.678,0.939,0,0.428,0.37,0.781,0,0,0.944,0.999,0.999,0.999,0.439,0,0,0.999,0.999,0,0.182,0.999,0,0.999,0.999,0,0.999,0.199,0.192,0.999,0,0.999,0.198,0,0.995,0.999,0.999,0.27,0.579,0.999,0.299,0.502,0,0,0.999,0,0.999,0.15,0,0.999,0,0,0,0,0,0,0,0.161,0.186,0,0.218,0,0,0,0,0,0,0,0,0,0.187,0,0,0.191,0,0.262,0,0,0,0,0,0,0,0,0,0,0,0,0,0,0,0.157,0,0.999,0.448,0,0,0,0,0,0,0,0.174,0,0,0,0.232,0,0,0,0,0,0,0.323,0,0,0,0.29,0,0,0,0,0,0,0,0,0,0,0,0,0,0,0,0,0,0,0,0,0,0,0,0,0,0,0,0,0.236,0,0,0,0,0,0,0,0,0,0,0,0,0,0.174,0,0,0,0,0.193,0,0,0,0,0,0,0,0.326,0,0,0,0,0,0,0,0,0,0,0,0,0,0,0,0,0,0,0,0,0,0,0,0,0,0,0,0,0,0,0.22,0,0,0,0,0,0,0,0,0,0,0,0,0,0,0,0,0.265,0,0,0,0,0,0,0,0,0,0,0,0,0,0,0,0,0,0,0,0,0,0,0,0,0,0,0,0,0,0,0,0,0,0,0,0,0,0,0,0,0,0,0,0,0,0,0,0,0,0,0,0,0,0,0,0,0,0,0,0,0,0,0.176,0,0,0.159,0,0,0.307,0.353,0,0.906,0,0,0,0.521,0.298,0,0,0.281,0,0,0,0,0,0.176,0.285,0.517,0,0,0,0,0,0,0,0,0,0,0,0,0,0,0,0,0,0,0,0,0,0,0,0,0,0,0,0,0,0,0,0,0,0,0,0,0,0,0,0,0,0,0,0,0,0,0,0,0,0,0,0,0,0,0,0,0,0,0,0,0,0,0,0,0,0,0,0,0,0,0,0,0,0,0,0,0,0,0,0,0,0,0,0,0,0,0,0,0,0,0,0,0,0,0,0,0,0,0,0,0,0,0,0,0,0.272,0,0,0,0,0,0,0,0,0,0,0,0,0,0,0,0,0,0,0,0,0,0,0,0,0,0,0,0,0,0,0,0,0,0,0.22,0,0,0,0,0,0,0,0,0,0,0,0,0,0,0,0,0,0,0,0,0,0,0,0.152,0,0,0,0,0,0,0,0,0,0,0,0,0,0,0,0,0,0,0,0,0,0,0,0,0,0,0,0,0,0,0,0,0,0,0,0,0,0,0,0,0,0,0,0,0,0,0,0,0,0,0,0,0,0,0,0,0,0,0,0,0.196,0,0,0,0,0,0,0,0,0,0,0,0,0,0,0,0,0,0,0,0,0,0,0.28,0,0,0,0,0,0,0,0,0,0,0,0,0,0,0,0,0,0,0,0,0,0,0,0.218,0,0,0,0,0,0,0,0,0,0,0,0,0,0,0,0,0,0,0,0,0,0,0,0,0,0,0,0,0,0,0,0,0,0,0,0,0,0,0.173,0,0,0,0,0,0,0,0,0,0,0,0,0,0,0,0,0,0,0,0,0,0,0,0,0,0,0,0,0,0,0,0,0,0,0,0,0,0,0,0.459,0,0,0,0,0,0,0,0,0,0,0,0,0,0,0,0,0,0,0,0,0,0,0,0,0,0,0,0,0,0,0,0,0,0,0,0,0,0,0,0,0,0,0,0,0,0,0,0,0,0,0,0,0,0,0,0,0,0,0,0,0,0,0,0,0,0,0,0,0,0,0,0,0,0,0,0,0,0,0,0,0,0,0,0,0,0,0,0,0,0,0,0,0,0,0,0,0,0,0,0,0,0,0.175,0,0,0,0,0.165,0,0,0,0,0,0,0,0,0,0,0,0,0,0,0,0,0,0,0,0,0,0,0,0,0,0,0,0,0,0,0,0,0,0,0.153,0,0.171,0,0,0,0,0,0,0,0,0,0,0,0,0,0,0,0,0,0,0,0,0,0,0,0.152,0,0,0,0,0,0,0,0,0,0,0,0,0,0,0,0,0,0,0,0,0,0,0,0,0,0,0,0,0,0,0,0,0,0,0,0,0,0,0,0,0,0,0,0,0,0,0,0,0,0,0,0,0,0,0.152,0,0,0,0,0,0,0,0,0,0,0,0,0,0,0,0,0,0,0,0,0,0,0,0,0,0,0,0,0,0,0,0,0,0,0,0,0,0,0,0,0,0,0,0,0,0,0,0,0,0,0,0,0,0,0,0,0,0,0,0,0,0,0,0,0,0,0,0.273,0,0,0,0.167,0,0,0,0,0,0.277,0,0,0,0,0,0,0,0,0,0,0,0,0,0,0,0,0,0,0,0,0,0,0,0,0,0,0.228,0,0,0,0,0,0,0,0,0,0,0,0,0,0,0,0,0,0,0,0,0,0,0,0,0,0,0,0,0,0,0,0,0,0,0,0,0,0,0,0,0,0,0,0,0,0,0,0,0,0,0,0,0,0,0,0,0,0,0,0,0,0,0,0,0,0,0,0,0,0,0,0,0,0,0,0.207,0.429,0.189,0.239,0,0,0,0,0,0,0,0,0,0,0,0,0,0,0,0,0,0,0,0,0,0,0,0,0,0,0,0,0,0,0,0,0,0,0,0,0,0,0,0,0,0.173,0,0,0,0,0,0,0,0,0,0,0,0,0.186,0,0,0,0,0,0,0,0,0,0,0,0,0,0,0,0,0,0,0,0,0,0,0,0,0,0,0,0,0,0,0,0,0,0,0,0,0,0,0,0,0,0,0,0,0,0,0,0,0,0,0,0,0,0,0,0,0,0,0,0,0,0,0,0,0,0,0,0,0,0,0.27,0,0,0.281,0,0,0,0,0,0,0,0,0,0,0,0,0,0,0,0,0,0,0,0,0,0,0,0,0,0,0,0,0,0,0,0,0,0,0,0,0,0,0,0,0,0,0,0,0,0,0,0,0,0,0,0,0,0,0,0,0,0,0,0,0,0,0,0,0,0,0,0,0,0,0,0,0,0,0,0,0,0,0,0,0,0,0,0,0,0,0,0,0,0,0,0,0,0,0,0,0,0,0,0,0,0,0,0,0,0,0,0,0,0,0,0,0,0,0,0,0,0,0,0,0,0,0,0,0,0,0,0,0,0,0,0,0,0,0,0,0,0,0,0,0,0,0,0,0,0.27,0,0,0,0,0,0,0,0,0,0,0,0,0,0,0,0,0,0,0,0,0,0,0,0,0,0,0,0,0,0,0
855648,0,0,0.481,0.78,0,0,0,0,0,0,0,0,0,0,0,0.197,0,0,0.192,0,0,0,0,0,0,0,0.165,0,0,0,0,0,0,0,0.547,0,0,0,0,0,0,0,0,0,0,0,0,0,0.649,0,0,0,0,0,0,0,0,0.689,0,0,0,0,0,0,0.54,0,0,0,0,0,0.227,0,0,0,0.169,0,0,0.197,0,0,0,0,0,0,0,0,0,0,0,0,0,0,0,0,0,0,0,0,0.942,0,0,0,0,0,0,0.219,0,0.958,0,0,0,0,0,0,0,0,0,0,0,0,0,0,0,0,0,0,0,0,0,0,0,0,0,0,0,0,0,0,0.214,0,0,0,0,0,0,0.272,0,0,0,0,0,0,0,0,0,0.76,0,0,0,0,0,0,0,0,0.774,0,0,0,0,0,0,0,0,0,0,0,0,0,0,0,0,0.258,0,0,0,0,0,0,0,0,0,0,0,0,0,0,0,0,0,0,0,0,0,0,0,0,0,0,0,0,0,0,0.553,0,0,0,0,0,0,0,0,0,0,0,0,0,0,0,0,0,0,0,0,0,0,0,0,0,0,0,0,0,0,0,0,0,0,0,0,0,0,0,0,0,0,0,0,0,0,0,0,0,0,0,0,0,0,0,0,0,0,0,0,0,0,0,0,0,0,0,0,0,0,0,0,0,0,0,0,0,0,0,0,0,0,0,0,0,0,0,0,0,0,0,0,0,0.183,0,0,0,0,0,0.394,0,0,0,0,0,0,0,0,0,0,0,0,0,0,0,0,0,0,0,0,0,0,0,0,0,0,0,0,0,0,0,0,0.557,0,0,0,0,0,0,0,0.171,0,0,0,0,0,0,0,0,0,0,0,0,0,0,0,0,0,0,0.444,0,0,0,0,0,0,0,0,0,0,0,0,0,0,0,0,0,0,0,0,0,0,0,0,0.15,0,0,0,0,0,0,0,0,0,0,0,0,0,0,0,0,0,0,0,0,0,0,0,0,0,0,0,0,0,0,0,0.353,0,0,0,0,0,0,0,0,0,0,0,0,0,0,0,0,0,0,0,0,0,0,0,0,0,0,0,0,0,0.193,0,0,0,0,0,0,0,0,0,0,0,0,0,0,0,0,0,0,0,0,0,0,0,0,0,0,0,0,0,0,0,0,0,0,0,0,0,0,0,0,0,0,0,0,0,0,0,0,0,0,0,0,0,0,0,0,0,0,0,0,0,0,0,0,0,0,0,0,0,0,0,0,0,0,0,0,0,0,0,0,0,0,0,0.785,0,0.551,0,0,0,0,0,0,0,0,0,0,0,0,0,0,0,0,0,0,0,0,0,0,0,0,0,0.203,0,0.581,0,0,0,0,0,0,0,0,0,0,0,0,0,0,0.297,0,0,0,0,0.549,0,0,0,0,0,0,0,0,0,0.202,0,0,0,0,0,0,0,0,0,0,0,0,0,0,0,0,0,0,0,0,0,0,0,0,0,0,0,0,0,0,0,0,0,0,0,0,0,0,0,0,0,0,0.151,0,0,0,0,0,0,0,0,0,0,0,0,0,0,0,0,0,0.49,0,0,0,0,0,0,0,0,0,0,0,0,0,0,0,0,0,0,0,0,0,0,0,0,0,0,0,0,0,0,0,0,0,0,0,0,0,0,0,0,0,0,0,0,0,0,0,0,0,0,0,0,0,0,0.481,0,0,0,0,0,0,0,0,0,0,0,0,0,0,0,0,0.409,0,0,0,0.736,0,0,0,0,0.353,0,0,0,0,0,0,0,0,0,0,0,0,0,0,0,0,0,0,0,0,0,0.445,0,0,0,0,0,0,0,0,0,0,0,0,0,0,0,0,0,0,0,0,0.607,0,0,0,0,0,0,0,0,0,0,0,0,0,0,0,0,0,0,0,0,0,0,0,0,0.396,0,0.332,0,0,0,0,0,0,0,0,0,0,0,0,0,0,0,0,0,0,0.215,0,0,0,0,0,0,0,0,0,0,0,0,0,0,0,0.697,0,0,0.55,0,0,0,0,0,0,0,0,0,0,0,0,0,0,0,0,0.359,0,0,0,0,0,0,0,0,0,0,0,0,0,0,0,0,0,0,0,0,0,0,0.482,0,0,0,0,0,0,0,0,0,0,0,0,0,0.34,0,0,0,0,0,0,0,0,0,0,0,0,0,0,0,0,0,0,0,0,0,0,0,0,0,0,0,0,0,0,0,0,0,0,0,0,0,0,0,0,0,0,0,0,0,0,0.194,0,0,0,0,0,0,0,0,0,0,0,0,0,0,0,0,0,0,0,0,0,0,0,0,0,0,0,0,0,0,0,0,0,0,0,0,0,0,0,0,0,0,0,0,0,0,0,0,0,0,0,0,0,0,0,0,0,0,0,0,0,0,0,0,0,0,0,0,0.845,0,0,0,0,0,0,0,0,0,0,0.258,0,0,0,0,0,0,0,0,0.196,0,0,0,0,0,0,0,0,0.392,0,0,0,0,0,0,0,0,0,0,0,0,0,0,0,0,0,0,0,0,0,0,0,0,0,0,0,0,0,0,0,0,0,0,0,0,0,0,0,0,0,0,0,0,0,0,0,0,0,0,0,0,0,0,0,0,0,0,0,0,0,0,0,0,0,0,0.193,0,0,0.153,0,0,0,0,0,0,0,0,0,0,0,0,0,0,0,0,0,0,0,0,0,0,0,0,0,0,0,0,0,0,0,0,0,0,0,0,0,0,0,0,0,0,0,0,0,0,0,0,0,0,0.446,0,0,0,0,0,0,0,0,0,0,0,0,0.552,0,0,0.336,0,0,0,0,0,0,0,0,0,0,0,0,0,0,0,0,0,0,0,0,0,0,0,0,0.219,0,0,0,0,0,0,0,0,0,0,0,0,0,0,0,0,0,0,0,0,0,0,0,0,0,0,0,0,0,0,0,0,0,0.195,0,0,0,0,0,0.194,0,0,0,0,0,0,0,0,0,0,0,0,0,0,0,0,0,0,0,0,0,0,0,0,0,0,0,0,0,0,0,0,0,0,0,0,0,0,0,0,0.22,0,0,0,0,0.551,0,0,0,0.229,0,0,0,0,0,0,0,0,0,0,0,0,0,0,0,0,0,0,0,0,0,0,0,0,0,0,0,0,0,0,0.29,0,0,0,0,0,0,0,0,0,0,0,0,0,0,0,0,0,0,0,0,0,0,0,0,0,0,0,0,0,0,0,0,0,0,0,0,0,0,0,0,0,0,0,0,0,0,0,0,0,0,0,0,0,0,0,0,0,0,0,0,0,0,0,0,0,0,0,0,0,0,0,0,0,0,0,0,0,0,0,0,0,0,0,0,0,0,0,0,0,0,0,0,0,0,0,0,0,0,0,0,0,0,0,0,0,0,0,0,0,0,0,0,0,0,0,0,0,0,0,0,0,0,0,0,0,0,0,0,0.435,0,0,0,0,0,0,0,0,0,0,0,0,0,0,0,0.445,0,0,0,0,0,0,0,0,0,0,0,0,0,0,0,0,0,0,0,0,0,0,0,0,0,0,0,0,0,0,0,0,0.309,0,0,0,0,0,0,0,0,0,0,0,0,0,0,0,0,0,0,0,0,0,0,0,0,0,0,0,0,0,0,0,0,0.472,0,0,0,0,0,0,0,0,0,0,0,0,0,0,0,0,0,0,0,0,0,0,0,0,0,0,0,0,0,0,0,0,0,0,0,0,0,0,0,0,0,0,0,0,0,0,0,0,0,0,0.196,0,0,0,0,0,0,0,0,0,0,0,0,0,0,0,0,0,0,0.258,0,0,0,0,0,0,0,0,0,0,0,0,0.39,0,0,0,0,0,0,0,0,0,0,0,0,0,0,0,0,0,0,0.166,0.26,0,0,0,0,0,0,0,0,0,0,0,0,0,0,0,0,0,0,0,0,0,0,0,0,0,0,0,0,0.171,0,0,0,0,0,0,0,0,0,0,0,0,0,0,0,0,0,0,0,0,0,0,0,0,0,0,0,0,0,0,0,0,0,0,0,0.325,0,0,0,0,0,0,0,0,0,0,0,0,0,0,0,0,0,0,0,0,0,0,0,0,0,0,0,0,0,0,0,0,0,0,0,0,0,0,0,0,0,0,0,0.289,0,0,0,0,0,0,0,0,0,0,0,0,0,0,0,0,0,0,0.296,0,0,0,0,0,0,0,0,0,0,0,0,0,0,0,0,0,0,0,0,0,0,0,0,0,0,0,0,0,0,0,0,0,0,0,0,0,0,0,0,0,0,0,0,0,0,0,0,0.152,0,0,0,0,0,0,0,0,0,0,0,0,0,0,0,0.15,0,0,0,0,0,0,0,0,0,0,0,0,0,0,0,0,0.294,0,0,0,0,0,0,0,0,0,0,0.581,0,0,0,0,0,0,0,0,0,0,0,0,0,0,0,0,0,0,0,0,0,0,0,0,0,0,0,0,0,0,0,0,0,0,0,0,0,0,0,0,0,0,0,0,0,0,0,0,0,0,0,0,0,0,0,0,0,0,0,0,0,0,0,0,0,0,0,0,0,0,0,0.551,0,0,0,0,0,0,0,0,0,0,0,0,0,0,0,0,0,0,0,0,0,0,0,0,0,0,0,0,0,0,0,0,0,0,0,0,0,0,0,0,0,0.973,0,0,0,0,0,0,0,0,0,0,0,0,0,0,0,0,0,0,0,0,0.15,0,0,0,0,0,0,0,0,0,0,0,0,0,0,0,0,0,0,0,0,0,0,0,0,0,0,0,0,0,0,0,0,0,0,0,0,0,0,0,0,0,0,0,0,0,0,0.163,0,0,0,0,0,0,0,0,0,0,0,0,0,0,0,0,0,0,0,0,0,0,0,0,0,0,0,0,0,0,0,0,0,0,0,0,0,0,0,0,0,0,0,0,0,0,0,0,0,0,0,0,0,0,0,0,0,0,0,0,0,0,0,0,0,0,0,0,0,0,0,0,0,0,0,0,0,0,0,0,0,0,0,0,0,0,0,0,0,0,0,0,0,0,0,0,0,0,0,0,0,0,0,0,0,0,0,0,0,0,0,0,0,0,0,0,0,0,0,0,0,0,0,0,0,0,0,0,0,0,0,0,0,0,0,0,0,0,0,0,0,0,0,0,0,0,0,0,0,0,0,0,0,0,0,0,0,0,0,0,0,0,0,0,0,0,0,0,0,0,0,0,0,0,0,0,0,0,0,0,0,0,0,0,0,0,0,0,0,0,0,0,0,0,0,0,0,0,0,0,0,0,0,0,0,0,0,0,0,0,0,0,0,0,0,0,0,0,0,0,0,0,0,0,0,0,0,0,0,0,0,0,0,0,0,0,0,0,0,0,0,0,0,0,0,0,0,0,0,0,0,0,0,0,0,0,0,0,0,0,0,0.48,0,0,0,0,0,0,0,0,0,0,0,0,0,0,0,0,0,0,0,0,0,0,0,0,0,0,0,0,0,0,0,0,0,0,0,0,0,0,0,0,0,0,0,0,0,0,0,0,0,0,0,0,0,0,0,0,0,0,0,0,0,0,0,0,0,0,0,0,0,0,0,0,0,0,0,0,0,0,0,0,0,0,0,0,0,0,0,0,0,0,0,0,0,0,0,0,0,0,0,0,0,0,0,0,0,0,0,0,0,0,0,0,0,0,0,0,0,0,0,0,0,0,0,0.218,0,0,0,0,0,0,0,0,0,0,0,0,0,0.595,0,0,0,0,0,0,0,0,0,0,0,0,0,0,0,0,0,0,0,0,0,0,0,0,0,0,0,0,0,0,0,0,0,0,0,0,0,0,0,0,0,0,0,0,0,0,0,0,0,0,0,0,0,0,0,0,0,0,0,0,0,0,0,0,0,0,0,0,0,0,0,0,0,0,0,0,0,0,0,0,0,0,0,0,0,0,0,0,0,0,0,0,0,0,0,0,0,0,0,0,0,0,0,0,0,0,0,0,0,0,0,0,0,0.461,0,0,0,0,0,0,0,0,0,0,0,0,0,0,0,0,0,0,0,0,0,0,0,0,0,0,0,0,0,0,0,0,0,0,0,0,0,0.194,0,0,0,0,0,0,0,0,0,0,0,0,0,0,0,0,0,0,0,0.157,0,0,0,0,0,0,0,0,0,0,0,0,0,0,0,0,0,0,0,0,0,0,0,0,0,0,0,0,0,0,0,0,0,0,0,0,0,0,0,0,0,0,0,0,0,0,0,0,0,0,0,0,0,0,0,0,0,0,0,0,0,0,0,0,0,0,0,0,0,0,0,0,0,0,0,0,0,0,0,0,0,0,0,0,0,0,0,0,0,0,0,0,0,0,0,0,0,0,0,0,0,0,0,0,0,0,0,0,0,0,0,0,0,0,0,0,0,0,0.165,0,0,0,0,0,0,0,0,0,0,0,0,0,0,0,0,0,0,0,0,0,0,0,0,0,0,0,0,0,0,0,0,0,0,0,0,0,0,0.195,0,0,0,0,0,0,0,0,0,0,0,0,0,0,0,0,0,0,0,0,0,0,0,0,0,0,0,0,0,0,0,0,0,0,0,0,0,0,0,0,0,0,0,0,0,0,0,0,0,0,0,0,0,0,0,0,0,0,0,0,0,0,0,0,0,0,0,0,0,0,0,0,0,0,0,0,0,0,0,0,0,0,0,0,0,0,0,0,0,0,0,0,0,0,0,0,0,0,0,0.208,0,0,0,0,0,0,0,0,0,0,0,0,0,0,0,0,0,0,0,0,0,0,0,0,0,0,0,0,0,0,0,0,0,0,0,0,0,0,0,0.169,0,0,0,0,0,0,0,0,0,0,0,0,0,0,0,0,0,0,0,0,0,0,0,0,0,0,0,0,0,0,0,0,0,0,0,0,0,0,0,0,0,0,0,0,0,0,0,0,0,0,0,0,0,0,0,0,0,0,0,0,0,0,0,0,0,0,0,0,0,0,0,0,0,0,0,0,0,0,0,0,0,0,0,0,0,0,0,0,0,0,0,0,0,0,0,0,0,0,0,0,0,0,0,0,0,0,0,0,0,0,0,0,0,0,0.481,0,0,0,0,0,0,0,0,0,0,0,0,0,0,0,0,0,0,0,0,0,0,0,0,0,0,0,0,0,0,0,0,0,0,0,0,0.195,0,0,0,0,0,0,0,0,0,0,0,0,0,0,0,0,0,0,0,0,0,0,0,0,0,0,0,0,0,0,0,0,0,0,0,0,0,0,0,0,0,0,0,0,0,0,0,0,0,0,0,0,0,0,0,0,0,0,0,0,0.196,0,0,0,0,0,0,0,0,0,0,0,0,0,0,0,0,0,0,0,0,0.167,0,0,0,0,0,0,0,0,0,0,0,0,0,0,0,0,0,0,0,0,0,0,0,0,0,0,0,0,0,0,0,0,0,0,0,0,0,0,0,0,0,0,0,0,0,0,0,0,0,0.788,0,0,0,0,0,0,0,0,0,0,0,0,0,0,0,0,0,0,0,0,0,0,0,0,0,0,0,0,0,0,0,0,0,0,0,0,0,0,0,0,0,0,0,0,0,0,0,0,0,0,0,0,0,0,0,0,0,0,0,0,0,0,0,0,0,0,0,0,0,0,0,0,0,0,0,0,0,0,0,0,0,0,0,0,0,0,0,0,0,0,0,0,0,0,0,0,0,0,0,0,0,0.206,0,0,0,0,0,0,0,0,0,0,0,0,0,0,0,0,0,0,0,0,0,0,0,0,0,0,0,0,0,0,0,0,0,0,0,0,0,0,0,0,0,0,0,0,0,0,0,0,0,0,0,0,0,0,0,0,0,0,0,0,0,0,0,0,0,0,0,0.193,0,0,0,0,0,0,0,0,0,0,0,0,0,0,0,0,0,0,0,0,0,0,0,0,0,0,0,0,0,0,0,0,0,0,0,0,0,0,0,0,0,0,0,0,0,0,0,0,0,0,0,0,0,0,0,0,0,0,0,0,0,0,0,0,0,0,0,0,0,0,0.481,0,0,0,0,0,0,0,0,0,0,0,0,0,0,0.445,0,0,0,0,0,0,0,0,0,0,0.173,0,0,0,0,0,0,0,0,0,0,0,0,0,0,0,0,0,0,0,0,0,0,0,0,0,0,0,0,0,0,0,0,0,0,0,0,0,0,0,0,0,0,0,0,0,0,0,0,0,0,0,0,0,0,0,0,0,0,0,0,0,0,0,0,0,0,0,0,0,0,0,0,0,0,0,0,0,0,0,0,0,0,0,0,0,0,0,0,0,0,0,0,0,0,0,0,0,0,0,0,0,0,0,0,0,0,0,0,0,0,0,0,0,0,0,0,0,0,0,0,0,0,0,0,0,0,0,0,0,0,0,0,0,0,0,0,0,0,0,0,0,0,0,0,0,0,0,0,0,0,0,0,0,0,0,0,0,0,0,0,0,0,0,0,0,0,0,0,0,0,0,0,0,0,0,0,0,0,0,0,0,0,0,0,0,0,0,0,0,0,0,0,0,0,0,0,0,0,0,0,0,0,0,0,0,0,0,0,0,0,0,0,0,0,0,0,0,0,0,0,0,0,0,0,0,0,0,0,0,0,0,0,0,0,0,0,0,0,0,0,0,0,0,0,0,0,0,0,0,0,0,0,0,0,0,0,0,0,0,0,0,0,0,0,0.228,0,0,0,0,0,0,0,0,0,0,0,0,0,0,0,0,0,0.951,0,0,0,0,0,0,0,0,0,0,0,0,0,0,0,0,0,0,0,0,0,0,0,0,0,0,0,0,0,0,0,0,0,0,0,0,0,0,0,0,0,0,0,0,0,0,0,0,0,0,0,0,0,0,0,0,0,0,0,0,0,0,0,0.252,0,0,0,0,0,0,0,0,0,0,0,0,0,0,0,0,0,0,0,0,0,0,0,0,0,0,0,0,0,0,0,0,0,0,0,0,0,0,0,0,0,0,0,0,0,0,0,0,0,0,0,0,0,0,0,0,0,0,0,0,0,0,0,0,0,0,0,0,0,0.29,0,0,0,0,0,0,0,0.315,0,0,0,0.254,0,0,0,0,0.163,0,0,0,0,0,0,0,0,0,0,0,0,0,0,0,0,0,0,0,0,0,0,0,0,0,0,0,0,0,0,0,0,0,0,0,0,0,0.194,0,0,0,0,0,0,0,0,0,0,0,0,0,0,0,0,0,0,0,0,0,0,0,0,0,0,0,0,0,0,0,0,0,0,0,0,0,0,0,0,0,0,0,0,0,0,0,0,0,0,0,0,0,0,0,0,0,0,0,0,0,0,0,0,0,0,0,0,0,0,0,0.553,0,0,0,0,0,0,0,0,0,0,0,0,0,0,0,0,0,0,0,0,0,0,0,0,0,0,0,0,0,0,0,0,0,0,0,0,0,0,0,0,0,0,0,0,0,0,0,0,0,0,0,0,0,0,0,0,0,0,0,0,0,0,0,0,0,0,0,0,0,0,0,0,0,0,0,0,0,0,0,0,0,0,0,0,0,0,0.553,0,0,0,0,0,0,0,0,0,0,0,0,0,0,0,0,0,0,0,0,0,0,0,0,0,0,0,0,0,0,0,0,0,0,0,0,0,0,0,0,0,0,0,0,0,0,0,0,0,0,0,0,0,0,0,0,0,0,0,0,0,0,0,0,0,0,0,0,0,0,0,0,0,0,0,0,0,0,0,0,0,0,0,0,0,0,0,0,0,0,0,0,0,0.298,0.297,0,0,0,0,0,0.228,0,0,0,0,0,0,0,0,0,0,0,0,0,0,0,0,0,0,0,0,0,0,0,0.19,0,0,0,0,0,0,0,0,0,0,0,0,0,0,0,0,0,0,0,0,0,0,0,0,0,0,0,0,0,0,0,0,0,0,0,0,0,0,0,0,0,0,0,0,0
850873,0.465,0,0,0,0,0,0,0,0,0,0,0,0,0,0,0,0,0,0.194,0,0,0,0,0,0,0,0,0,0,0.293,0,0,0,0,0,0,0,0,0,0,0,0,0,0,0,0.302,0,0,0,0,0,0,0,0,0,0,0,0,0,0,0,0,0.91,0,0,0,0,0,0,0,0,0,0,0,0,0,0,0,0,0,0,0,0,0,0,0,0,0,0.207,0,0,0,0,0,0,0,0,0,0,0,0,0,0,0,0,0,0,0.158,0,0,0.293,0,0,0,0,0,0,0,0.305,0,0,0,0,0,0,0,0,0,0,0,0,0,0,0,0,0,0,0,0,0,0,0,0.217,0,0,0,0.292,0,0,0,0.208,0,0,0,0,0,0,0,0,0,0,0,0,0,0.293,0,0,0,0,0,0,0,0,0,0,0,0,0,0,0,0,0,0,0,0,0,0,0,0,0,0,0,0,0,0,0,0.196,0,0,0,0,0,0.27,0,0,0,0,0,0,0.189,0,0,0,0,0,0,0,0,0,0,0,0,0,0,0,0,0,0,0,0,0,0,0,0,0,0.506,0,0,0,0,0,0,0,0.249,0,0.309,0,0.922,0,0,0,0,0,0,0,0,0,0,0,0,0,0,0,0,0,0,0,0,0,0,0,0,0,0,0,0,0,0,0,0.226,0,0,0.367,0,0,0,0,0.196,0.555,0,0,0,0,0,0,0,0,0,0,0,0,0,0,0,0,0.165,0.597,0,0,0,0,0.557,0,0,0,0,0,0,0.301,0,0,0,0,0,0,0,0,0,0,0,0,0.445,0,0,0,0.586,0,0,0.16,0,0,0,0,0,0,0.281,0.749,0,0,0,0,0,0,0,0,0,0,0,0,0,0,0,0,0,0,0,0,0,0,0,0,0,0,0,0,0,0,0,0,0,0,0,0,0,0,0,0,0,0,0,0,0,0,0,0,0,0.455,0,0,0,0,0,0.296,0,0,0,0,0,0,0,0,0,0,0,0.41,0,0,0,0.76,0,0,0,0.258,0,0,0,0,0,0,0,0,0,0,0,0,0,0,0.174,0,0,0,0.441,0,0,0,0,0,0.4,0,0.483,0,0,0.449,0,0,0,0,0,0,0,0,0,0,0,0.305,0,0,0.224,0,0,0,0,0,0,0.568,0,0,0,0,0,0,0,0,0,0,0,0,0,0,0,0,0,0,0,0.202,0,0,0,0,0,0,0,0,0,0,0,0,0.167,0,0,0.67,0,0,0,0,0,0,0,0,0,0,0,0,0,0,0.168,0,0,0,0,0,0,0,0,0,0,0,0,0,0,0,0,0,0,0,0,0,0,0,0,0,0,0,0,0.291,0,0,0,0,0,0,0,0,0,0,0,0,0,0,0,0,0,0,0.59,0,0,0,0,0,0,0,0,0,0,0,0,0,0,0,0,0,0,0,0.338,0,0,0,0,0,0,0,0,0,0,0.199,0,0,0,0,0,0,0,0,0,0,0,0,0,0,0,0,0,0,0,0,0,0,0,0,0,0,0,0,0,0,0,0,0,0,0,0,0,0,0,0,0.235,0,0,0,0.942,0,0,0,0,0,0,0,0,0,0,0,0,0,0,0,0,0,0.897,0,0,0,0,0.209,0,0,0,0,0,0,0,0,0,0,0,0,0,0,0,0,0,0,0,0,0,0,0,0,0,0,0,0,0,0,0,0,0,0,0.371,0,0,0,0,0,0.62,0.163,0.203,0,0,0,0,0,0,0,0,0,0,0.317,0,0,0,0,0,0,0,0,0,0,0,0,0,0.323,0,0,0,0,0,0,0,0,0,0,0,0,0,0,0,0,0,0,0,0,0,0,0,0,0,0,0,0,0,0,0,0.198,0,0,0,0,0,0,0,0.256,0,0,0,0.204,0,0,0,0,0,0,0,0.186,0,0,0,0,0,0,0.68,0,0,0,0,0.194,0,0,0,0.591,0,0,0,0,0,0,0,0,0,0,0,0,0.337,0,0,0,0,0,0,0,0,0,0.417,0,0,0,0,0,0,0,0,0,0,0,0,0,0.894,0,0,0,0,0,0,0,0,0,0,0,0,0,0,0,0,0,0,0.199,0,0,0,0,0,0,0,0,0,0,0,0,0,0,0,0,0,0,0,0,0,0,0,0,0,0,0,0,0,0,0,0,0,0,0.441,0,0,0,0,0,0,0,0,0,0,0,0,0,0,0,0,0,0,0,0,0,0,0.205,0.267,0,0,0.276,0,0,0,0,0,0,0,0,0,0,0,0,0,0,0,0.96,0,0,0,0,0,0,0,0,0,0,0,0,0,0,0,0,0,0,0,0,0,0,0,0,0,0.299,0,0,0,0,0,0,0,0,0,0,0,0,0.239,0,0,0,0,0,0,0,0,0,0,0,0.39,0,0,0.203,0,0,0,0,0,0,0,0,0,0,0,0.292,0,0,0,0,0,0,0,0,0,0,0,0,0,0.429,0,0,0,0,0,0,0.17,0,0,0,0,0,0,0,0.207,0,0,0,0,0,0,0,0,0.394,0,0,0,0,0,0,0,0,0.437,0,0,0,0,0,0,0,0,0,0,0,0,0.721,0,0,0,0,0,0.302,0,0,0,0,0,0,0,0,0,0,0,0,0,0.316,0.224,0,0,0.159,0,0,0,0,0,0.15,0,0,0.263,0,0.263,0,0,0,0,0,0,0,0,0,0.302,0,0,0.789,0,0,0,0.588,0,0,0.156,0.172,0,0,0.298,0,0.302,0.158,0,0,0,0.313,0,0,0,0,0,0.26,0,0,0,0,0.565,0,0,0.698,0,0,0,0.152,0,0,0,0,0.408,0,0,0.717,0.302,0,0,0,0,0,0,0,0,0.18,0,0,0,0,0,0,0,0,0.202,0,0,0,0.159,0,0,0,0,0,0,0.292,0,0,0,0,0,0,0,0,0,0,0,0,0,0.19,0,0,0,0,0,0,0.159,0,0,0,0,0,0,0,0,0,0,0,0,0,0,0,0,0,0,0,0,0,0.201,0.553,0.25,0,0,0,0.561,0,0.292,0,0,0,0,0.307,0,0,0,0,0,0,0,0.16,0,0,0.191,0,0,0,0,0.174,0,0,0.196,0.323,0,0,0,0,0,0,0.877,0.195,0.823,0,0,0,0,0,0,0.354,0,0,0,0,0,0,0,0,0,0,0,0.892,0,0,0,0,0,0,0,0.195,0,0,0.245,0.645,0,0.264,0,0,0,0,0.489,0,0,0.239,0,0,0,0.591,0,0,0,0,0,0,0,0,0,0,0,0,0,0,0,0,0,0,0.436,0,0,0,0.272,0.263,0,0,0,0.332,0,0,0,0,0,0,0,0.57,0,0,0,0.612,0,0,0,0,0,0,0,0,0,0,0,0,0,0,0.242,0,0,0,0,0,0.292,0,0.201,0,0,0,0,0.798,0.781,0,0,0,0,0,0,0,0,0,0,0.319,0,0,0,0,0,0.484,0.698,0,0.26,0,0,0,0,0,0,0.315,0,0,0.296,0,0,0,0,0,0,0,0,0,0,0,0,0,0,0,0,0,0,0,0,0,0.15,0,0.277,0.537,0,0,0,0,0,0.359,0,0,0,0,0,0.428,0,0,0,0,0.719,0.307,0,0,0,0,0,0,0,0.307,0,0,0.512,0.198,0.181,0,0,0,0,0,0,0,0,0,0,0,0,0.449,0,0,0,0,0,0.232,0,0,0,0,0,0.212,0.199,0,0,0.302,0,0.193,0,0,0.208,0,0,0,0,0,0,0.436,0,0,0,0,0,0,0,0.361,0,0,0,0,0.7,0,0,0,0,0,0,0,0,0,0,0,0,0,0,0,0,0,0.211,0,0,0,0,0,0,0,0,0,0,0,0,0,0,0,0,0,0,0,0,0,0,0,0,0,0,0,0,0,0,0,0,0,0,0,0,0,0,0,0,0,0,0,0,0,0,0,0,0,0,0,0,0,0,0,0,0,0,0,0,0,0,0,0,0,0,0,0,0,0,0,0,0,0,0,0,0,0,0,0,0,0,0,0,0,0,0,0,0,0,0,0,0,0,0,0,0,0,0,0,0,0,0,0.658,0,0,0,0,0,0.238,0,0.359,0.26,0,0,0,0,0,0,0,0,0,0,0,0,0,0,0,0,0,0,0,0,0,0,0,0,0,0,0,0,0,0,0,0,0,0,0,0,0,0,0,0,0,0,0.304,0,0,0,0,0,0,0,0,0,0,0,0,0,0,0,0,0,0.216,0,0,0,0,0,0,0.275,0,0,0,0,0,0,0,0,0,0,0,0,0,0,0,0,0,0.171,0.194,0.243,0,0,0,0,0.804,0,0,0,0,0,0,0,0,0,0,0,0,0,0,0,0,0,0,0,0,0,0,0,0,0,0,0,0,0,0,0,0,0,0,0,0,0,0,0,0,0,0,0,0,0,0,0,0,0,0,0,0,0,0,0,0,0,0,0,0,0,0,0,0,0,0,0,0,0,0,0,0,0,0,0,0,0,0,0,0,0,0,0.245,0,0,0,0.196,0,0.196,0,0,0.247,0,0,0,0,0,0,0,0,0,0,0,0,0,0,0,0,0,0,0,0,0,0,0,0,0,0,0,0,0,0,0,0,0,0,0,0,0,0,0,0.304,0,0,0,0,0,0,0,0,0,0,0,0,0,0,0,0,0,0,0,0,0,0,0,0,0,0,0,0,0,0,0,0,0,0,0,0,0,0.789,0,0,0,0,0,0,0,0,0,0,0,0,0,0,0,0,0,0,0,0,0,0,0,0,0,0,0,0,0,0,0,0,0,0,0,0,0,0,0,0,0,0,0,0,0,0,0,0,0,0,0,0,0,0,0,0,0,0,0,0,0,0,0,0,0,0,0.191,0,0,0,0,0,0,0,0,0,0,0,0,0,0,0,0,0,0,0,0,0,0,0,0,0,0,0,0,0,0,0,0,0,0,0,0,0,0,0,0,0,0,0,0,0,0,0,0,0,0,0,0,0,0,0,0,0,0,0,0,0,0,0,0,0,0,0,0,0,0,0,0,0,0,0,0,0,0,0,0,0,0,0,0,0,0,0,0,0,0,0,0,0,0,0,0,0,0,0,0,0,0,0,0,0,0,0,0,0,0,0,0,0,0,0,0,0,0,0,0,0,0,0,0.359,0.195,0.192,0,0,0,0,0,0,0,0,0,0,0,0,0,0,0,0,0,0,0,0,0,0,0,0,0,0,0,0,0,0,0,0,0,0,0,0,0,0,0,0,0,0,0,0,0,0,0,0,0,0,0,0,0,0,0,0,0,0,0,0,0,0,0,0,0,0,0,0,0,0,0,0,0,0,0,0,0,0.229,0,0,0,0,0,0,0,0,0,0.191,0,0,0,0,0,0,0,0,0,0,0,0,0,0,0,0,0,0,0,0,0,0,0,0,0,0,0,0,0,0,0,0,0,0,0,0,0,0,0,0,0,0,0,0,0,0,0,0,0,0,0,0,0,0,0,0,0,0,0,0.192,0,0,0,0,0,0,0,0,0,0,0,0,0,0,0,0,0,0,0,0,0,0,0,0,0,0,0,0,0,0,0,0,0,0,0,0,0,0,0,0,0,0,0.221,0,0,0,0,0,0,0,0,0,0,0,0,0,0,0,0,0,0,0,0,0,0,0,0,0,0,0,0,0,0,0,0,0,0.161,0,0.199,0,0,0,0,0,0,0,0,0,0,0,0,0,0,0,0,0,0,0,0,0,0.245,0,0,0,0.193,0.275,0,0,0,0,0,0,0,0,0,0,0,0,0,0,0,0,0,0,0,0,0,0,0,0,0,0,0,0,0,0.198,0,0,0,0,0,0,0,0,0,0,0,0,0,0,0,0,0,0,0,0,0,0,0,0,0,0,0,0,0,0,0,0,0,0,0,0,0,0,0,0,0,0,0,0,0,0,0,0,0,0,0,0,0,0,0,0,0,0,0,0,0,0,0,0,0,0,0,0,0,0,0,0,0,0,0,0,0,0,0,0,0,0,0,0,0,0,0,0,0,0,0,0,0,0,0,0,0,0,0,0,0,0,0,0,0,0,0,0,0,0,0,0,0,0,0,0,0,0,0,0,0,0,0,0,0,0.157,0,0,0,0,0,0,0,0,0,0,0,0,0,0,0,0,0,0,0,0,0,0,0,0,0,0,0,0,0,0,0,0,0,0,0,0,0,0,0,0,0,0,0,0,0,0,0,0,0,0,0,0,0,0,0,0,0,0,0,0,0,0,0,0,0,0,0,0,0,0,0,0,0,0,0,0,0,0,0,0,0,0,0,0,0,0,0,0,0,0,0,0,0,0.374,0,0,0,0,0,0,0,0,0,0.294,0,0,0,0,0,0,0,0,0,0,0,0,0,0,0,0,0,0,0,0,0,0,0.159,0,0,0,0,0,0,0,0,0,0,0,0,0,0,0,0,0,0,0,0,0,0,0,0,0,0,0,0,0,0,0,0,0,0,0,0,0,0,0,0,0,0,0,0,0,0,0,0,0,0,0,0,0,0,0,0,0,0,0,0,0,0,0,0,0,0,0,0,0,0,0,0,0,0,0,0,0,0,0,0,0,0,0,0,0,0,0,0,0,0,0,0,0,0,0,0,0,0,0,0,0,0,0,0,0,0,0,0,0,0,0,0,0,0,0,0,0,0,0,0,0,0,0,0,0,0,0,0,0,0,0,0,0,0,0,0,0,0,0,0,0,0,0,0,0.165,0,0,0,0,0,0,0,0,0,0,0,0.253,0,0,0,0,0,0,0,0,0,0,0,0,0,0,0,0,0,0,0,0,0,0,0,0,0,0,0,0,0,0,0,0,0,0,0,0,0,0,0,0,0.25,0,0,0,0,0,0,0,0,0,0,0,0,0,0,0,0,0,0,0,0,0,0,0,0,0,0,0,0,0,0,0,0,0,0,0,0,0,0,0,0,0,0,0,0,0,0,0,0,0,0,0,0,0,0,0,0,0,0,0,0,0,0,0,0,0,0,0,0,0,0,0,0,0,0,0,0,0,0.263,0,0,0,0,0,0,0,0,0,0,0,0,0,0,0,0,0,0,0,0,0,0,0,0,0,0,0,0,0,0,0,0,0,0,0.394,0,0,0,0,0,0,0,0,0,0,0,0,0,0,0,0,0,0,0,0,0,0,0,0,0,0,0,0,0,0,0,0,0,0,0,0,0,0,0,0,0,0,0,0,0,0,0,0,0,0,0,0,0,0,0,0,0,0,0,0,0,0,0,0,0,0,0,0,0,0,0,0,0,0,0,0,0,0,0,0,0,0,0,0,0,0,0,0,0,0,0,0,0,0,0,0,0,0,0,0,0,0,0,0,0,0,0,0,0,0,0,0,0,0,0,0,0,0,0,0.176,0,0,0,0,0,0,0,0,0,0,0,0,0,0,0.282,0,0,0,0,0,0,0,0,0,0,0,0,0,0,0,0,0,0,0,0,0,0,0,0,0,0,0,0,0,0,0,0,0.154,0,0,0,0,0,0,0,0,0,0,0,0,0,0,0,0,0,0,0,0,0,0,0,0,0,0,0,0,0,0,0,0,0,0,0,0,0,0,0,0,0,0,0,0,0,0,0,0,0,0,0,0,0,0,0,0,0,0,0,0,0,0,0,0,0,0,0,0,0,0,0,0,0,0,0,0,0,0,0,0,0,0,0,0,0,0,0,0,0,0,0,0,0,0,0,0,0,0,0,0,0,0,0,0,0,0,0,0,0,0,0,0,0,0,0,0,0,0,0,0,0,0,0,0,0,0,0,0,0,0,0,0,0,0,0,0,0,0,0,0,0,0,0,0,0,0,0,0,0,0,0,0,0,0,0,0,0,0,0,0,0,0,0,0,0,0,0,0,0,0,0,0,0,0,0,0,0,0,0,0,0,0,0,0,0,0,0,0,0,0,0,0,0,0,0,0,0,0,0,0,0,0,0,0,0,0,0,0,0,0,0,0,0,0,0,0,0,0,0,0,0,0,0,0,0.293,0,0,0,0,0,0,0,0,0,0,0,0,0,0,0,0,0,0,0,0,0,0,0,0,0,0,0.222,0,0,0,0,0,0,0,0,0,0,0,0,0,0,0,0,0,0,0,0,0,0,0,0,0,0,0,0,0,0,0,0,0,0,0,0,0,0,0,0,0,0,0,0,0.161,0,0,0,0,0,0,0,0,0,0,0,0,0,0,0,0,0,0,0,0,0,0,0,0,0,0,0,0,0,0,0,0,0,0,0,0,0,0,0,0,0,0,0,0,0,0,0,0,0,0,0,0,0,0,0,0,0,0.196,0,0,0,0,0,0.239,0,0,0,0,0,0,0,0,0,0,0,0,0,0.195,0,0,0,0,0,0,0,0,0,0,0,0,0,0,0,0,0,0,0,0,0,0,0,0,0,0,0,0,0,0,0,0,0,0,0,0,0,0,0,0,0,0,0,0,0,0,0,0,0,0,0,0,0,0,0,0,0,0,0,0,0,0,0,0,0,0,0,0,0,0,0,0,0,0,0,0,0,0,0,0,0,0,0,0,0,0,0,0,0,0,0,0,0,0,0.239,0,0,0,0,0,0,0,0.454,0,0,0,0,0,0,0,0,0,0,0,0,0,0,0,0,0,0,0,0,0,0,0,0,0,0,0,0,0,0,0,0,0,0,0,0,0,0.169,0,0,0,0,0,0,0,0,0,0,0,0,0,0,0,0,0,0,0,0,0,0,0,0,0,0,0,0,0,0,0,0,0,0,0,0,0,0,0,0,0,0,0,0,0,0,0,0,0,0,0,0,0,0,0,0,0,0,0,0,0,0,0,0,0,0,0,0,0,0,0,0,0,0,0,0,0,0,0,0,0,0,0,0,0,0,0,0,0,0,0,0,0,0,0,0,0,0,0,0,0,0,0,0,0,0,0,0,0,0,0,0,0,0,0,0,0,0,0,0,0,0,0,0,0,0.233,0,0,0,0,0,0,0,0,0,0,0,0,0,0,0,0,0,0,0,0,0,0,0,0,0,0,0,0,0,0,0,0,0,0,0,0,0,0,0,0,0,0,0,0,0,0,0,0,0,0,0,0,0,0,0,0,0,0,0,0,0,0,0,0,0,0,0,0,0,0,0,0,0,0,0,0,0,0,0,0,0,0,0,0,0,0,0,0,0,0,0,0,0,0,0,0,0,0,0,0,0,0,0,0,0,0,0,0,0,0,0.197,0,0,0,0,0,0,0,0,0,0,0,0.276,0,0,0,0,0,0,0,0,0,0,0,0,0,0,0,0,0,0,0,0,0,0.151,0,0,0,0,0,0,0,0,0,0,0,0,0,0,0,0,0,0,0,0,0,0,0,0,0,0,0,0,0,0,0,0,0,0,0,0,0,0,0,0,0,0,0,0,0,0,0,0,0,0,0,0,0,0,0,0,0,0,0,0,0,0,0,0,0,0,0,0,0,0,0,0,0,0,0,0,0,0,0,0,0,0,0,0,0,0,0,0,0,0,0,0,0,0,0,0,0,0,0,0,0,0,0,0,0,0,0,0,0,0,0,0,0,0,0,0,0,0,0,0,0,0,0,0,0,0,0,0,0,0,0,0,0,0,0,0,0,0,0,0,0,0,0,0,0,0,0,0,0,0,0,0,0,0,0,0,0,0,0,0,0,0,0,0,0,0,0,0,0,0,0,0,0,0,0,0,0,0,0,0,0,0,0,0,0,0,0,0,0,0,0,0,0,0,0,0,0,0,0,0,0,0,0,0,0,0,0,0,0,0.685,0,0,0,0,0,0,0,0,0,0,0,0,0,0,0,0,0,0,0,0,0,0,0,0,0,0,0,0,0,0,0,0,0,0,0,0.256,0,0,0,0,0,0,0,0,0,0,0,0,0,0,0,0,0,0,0,0,0,0,0,0,0,0.194,0,0,0,0,0,0,0,0,0,0,0,0,0,0,0,0,0,0,0,0,0,0,0,0,0,0,0.546,0,0,0,0,0,0,0,0,0,0,0,0,0,0,0,0,0,0,0,0,0,0,0,0,0,0,0,0,0,0,0,0,0,0,0,0,0,0,0,0,0,0,0,0,0,0,0,0,0,0,0,0,0,0,0,0
856737,0,0.163,0,0,0.386,0,0,0,0,0.208,0,0,0.265,0,0.344,0,0,0,0.235,0.196,0.156,0,0,0.265,0.156,0,0.478,0,0,0,0,0,0,0,0,0,0,0,0,0,0,0,0,0,0,0,0,0,0,0,0,0,0,0,0,0,0.351,0,0,0.152,0.151,0,0,0,0,0,0,0,0,0,0,0,0,0,0,0,0.655,0,0,0,0,0,0,0,0,0.151,0,0,0,0,0,0,0,0,0.163,0,0,0.151,0,0,0,0,0,0.22,0,0,0.151,0,0.152,0,0,0,0,0,0,0,0,0,0,0,0.373,0,0,0.389,0,0,0,0,0,0,0,0,0,0,0,0,0,0,0.476,0,0.176,0,0,0,0.332,0.17,0,0,0,0,0,0,0,0,0,0,0,0,0,0,0,0,0,0,0,0,0,0,0,0.239,0,0,0,0,0,0,0,0,0,0,0,0,0.152,0,0,0,0,0,0,0.179,0.189,0,0,0,0,0,0.2,0,0,0,0,0,0,0,0,0,0,0.185,0,0.158,0.497,0,0.329,0.172,0,0,0,0,0,0,0,0,0,0,0,0,0.575,0,0.323,0,0.176,0,0,0.374,0.351,0,0,0,0,0,0,0,0,0.198,0.152,0,0.263,0.3,0.231,0,0.163,0,0,0,0.727,0,0,0,0,0,0,0,0,0,0,0,0,0,0,0,0.571,0,0,0,0,0,0,0,0,0.35,0,0,0.208,0.793,0,0,0,0,0.59,0,0,0,0,0,0,0,0,0,0,0.292,0,0,0,0,0,0,0,0.451,0,0,0,0,0.171,0,0,0,0.185,0,0,0,0,0,0.183,0,0.467,0,0,0,0,0,0,0,0.37,0,0.328,0,0,0,0,0,0,0,0.321,0,0.313,0.199,0,0,0,0,0,0,0,0,0,0,0,0,0,0.398,0,0,0,0,0,0,0,0,0,0,0.156,0,0,0.181,0,0.157,0,0,0,0,0,0,0,0,0,0.207,0,0,0,0.152,0.342,0,0,0,0,0.233,0,0,0.202,0,0.319,0.659,0.258,0,0.328,0,0,0,0,0,0,0.446,0.967,0,0,0,0.393,0.162,0,0,0.235,0,0.337,0,0,0,0,0,0,0,0,0,0,0,0,0,0.283,0,0,0,0.16,0.159,0.232,0,0,0,0.181,0,0,0,0.161,0.224,0.198,0,0.218,0,0.6,0.177,0,0,0,0.25,0.478,0,0,0,0.154,0,0,0,0,0,0,0,0,0,0.284,0,0,0,0,0,0,0.436,0.211,0,0,0,0,0,0,0,0,0,0,0,0,0,0,0,0.212,0,0,0.234,0.351,0,0,0,0,0,0,0,0,0,0,0,0.172,0,0,0,0,0,0,0.158,0,0.212,0.237,0,0,0,0,0,0,0,0.216,0,0.184,0,0.488,0,0.227,0,0,0,0,0,0.175,0.72,0,0.317,0.976,0,0,0,0,0,0,0,0,0,0,0,0.632,0,0,0,0,0.176,0,0,0,0,0,0.32,0,0,0,0,0,0,0,0,0,0.253,0,0.423,0,0,0,0.207,0.558,0,0,0.198,0,0,0,0.638,0,0,0.334,0,0,0.304,0,0.56,0,0.221,0.183,0,0,0,0,0,0,0.154,0,0.152,0,0,0,0,0,0,0.164,0,0,0,0,0,0,0.173,0,0,0,0,0,0,0.368,0,0,0.218,0,0.379,0.332,0,0,0,0,0,0,0,0,0,0,0.152,0,0,0,0,0.25,0.237,0,0,0.321,0.417,0.15,0,0,0,0,0,0,0,0,0.275,0,0,0,0,0,0,0,0.275,0.153,0,0.15,0,0,0,0,0,0,0.275,0.281,0,0.585,0,0,0.15,0,0,0,0.247,0.189,0,0,0,0,0.4,0,0,0,0,0,0,0,0.274,0.247,0.15,0.268,0,0,0,0,0,0,0,0,0,0.211,0,0,0,0,0,0,0,0,0.559,0,0,0,0,0,0,0,0.167,0,0.16,0,0,0.463,0,0.152,0.483,0,0,0,0,0,0.241,0,0,0,0,0.497,0,0,0,0,0,0,0.299,0,0,0.296,0.29,0,0,0.241,0,0,0,0.271,0,0,0,0,0,0,0,0,0,0,0,0,0,0,0,0,0,0,0,0.733,0.439,0,0,0,0,0.501,0.439,0,0,0.297,0.288,0,0,0,0,0,0,0,0,0,0,0,0,0,0,0,0,0.171,0,0,0,0,0,0,0,0,0,0,0,0,0,0.336,0,0,0,0,0,0,0,0,0.242,0,0,0,0,0,0.614,0,0,0,0.296,0,0,0.251,0,0,0.208,0.171,0,0,0.187,0,0,0.228,0,0.52,0,0,0,0.456,0,0,0,0,0,0,0,0,0,0.15,0,0,0,0,0.159,0,0,0.307,0,0,0,0,0,0.619,0.24,0.227,0.174,0.26,0,0,0,0,0,0,0.16,0,0,0,0.198,0,0,0,0,0,0,0.251,0,0,0,0,0,0,0,0,0.202,0.254,0,0,0,0.183,0,0,0,0,0.188,0,0,0,0,0,0,0,0.227,0,0,0,0.924,0,0,0,0,0,0,0,0,0,0,0,0,0,0,0,0,0,0,0,0,0,0,0,0,0,0,0,0,0,0,0,0,0,0,0,0,0,0,0,0,0,0,0,0,0,0,0,0,0,0,0,0,0,0,0,0.237,0,0,0.156,0,0,0,0,0,0,0,0,0.167,0,0,0,0,0,0,0.152,0,0,0,0,0,0.242,0,0,0,0,0,0,0,0,0,0,0,0,0,0,0,0,0,0,0,0,0,0,0.193,0,0,0,0,0,0,0,0,0,0,0,0.15,0.586,0,0,0,0,0,0,0,0,0,0.185,0,0,0,0,0,0,0,0,0,0,0.213,0,0,0,0,0,0,0,0,0,0,0,0,0,0,0,0,0,0,0,0,0,0,0,0.163,0,0,0,0,0,0,0,0,0,0.156,0,0,0,0,0,0.304,0,0,0,0,0,0,0,0,0,0,0,0,0,0,0.248,0,0,0,0.163,0,0,0,0,0,0,0,0.198,0,0,0,0,0,0.18,0,0,0.2,0,0,0,0,0,0,0,0,0,0,0,0,0,0,0,0,0,0,0.32,0,0,0.17,0,0,0,0,0,0,0,0,0,0,0,0,0,0,0,0,0,0,0.157,0,0,0,0,0.581,0,0,0,0,0,0,0,0,0,0,0,0,0,0,0,0.186,0,0,0,0,0,0,0,0,0,0,0,0,0,0,0,0,0,0,0,0,0,0,0,0,0,0,0,0,0,0,0,0,0.184,0,0,0,0,0,0,0,0,0,0,0,0,0,0,0,0.584,0,0,0,0.511,0.187,0,0,0,0,0,0,0,0,0,0,0,0,0,0,0,0,0,0,0,0.737,0,0,0,0,0,0,0,0,0,0.274,0,0,0,0,0,0,0,0,0,0,0,0,0,0,0.166,0,0,0,0,0,0,0,0,0,0,0,0,0,0,0.887,0,0.3,0.17,0,0,0,0,0,0,0,0,0,0,0,0,0,0.233,0,0,0,0,0,0,0,0,0,0,0,0,0,0.18,0,0,0.157,0,0,0,0,0,0,0.61,0,0,0,0,0,0,0,0,0,0,0,0,0.157,0,0.311,0,0,0.173,0,0,0,0,0,0,0,0,0,0,0,0,0,0,0,0,0,0,0,0,0,0,0,0,0,0,0,0,0,0,0,0.196,0,0,0,0,0,0,0,0,0,0,0,0,0,0,0,0,0,0,0,0,0,0,0,0,0,0.173,0,0,0,0,0,0,0,0,0,0,0,0,0,0,0,0,0,0,0,0,0,0.335,0,0,0,0,0,0,0,0,0,0,0,0,0.156,0,0,0,0.208,0,0.167,0,0,0,0,0,0,0,0,0,0,0,0,0,0,0.224,0,0,0,0,0,0,0,0,0,0,0,0,0,0,0,0,0,0,0,0,0.189,0,0,0,0,0,0,0,0,0,0,0,0,0,0,0,0,0,0,0.415,0,0,0,0,0,0,0,0,0.174,0,0,0,0,0,0.168,0,0,0,0,0,0,0,0,0,0,0,0,0,0,0,0,0,0,0,0,0,0,0,0,0,0,0,0,0,0,0,0,0,0,0,0.152,0,0,0,0,0,0,0,0,0,0,0,0,0,0.164,0,0,0,0,0,0,0,0,0,0,0,0,0.263,0,0,0,0,0,0,0,0,0,0,0,0,0,0,0,0,0,0,0,0,0,0,0,0,0,0,0.172,0.286,0,0,0,0,0,0,0,0,0,0,0,0,0,0,0.152,0,0,0,0,0,0,0,0.483,0,0,0,0,0,0.219,0,0,0,0,0,0,0,0,0,0,0,0,0,0,0,0,0,0,0,0,0,0,0.383,0,0,0,0,0,0,0,0,0,0,0,0,0,0,0,0,0,0,0,0,0,0.207,0,0,0,0,0,0,0,0,0,0.46,0.165,0,0.221,0,0,0.244,0.424,0,0,0.156,0,0,0,0,0,0,0,0,0,0.182,0,0,0,0,0,0,0,0,0,0.552,0,0,0,0,0,0,0,0,0,0,0,0,0,0.286,0,0,0,0,0,0,0.286,0,0.17,0,0,0,0,0,0,0,0,0,0.15,0,0,0,0,0.25,0,0,0,0,0,0,0,0.255,0,0,0,0.156,0,0,0,0,0,0,0,0,0,0,0,0.172,0,0,0.182,0,0.234,0,0,0,0,0,0,0,0,0.194,0,0,0,0,0.165,0,0,0,0.863,0,0,0.181,0,0,0,0,0,0,0,0,0,0,0.171,0,0,0,0,0,0,0,0,0,0,0,0,0,0.169,0,0,0,0,0,0,0,0,0,0,0,0,0,0,0,0,0,0,0,0,0,0,0,0,0.406,0,0,0,0,0,0,0,0,0,0,0,0,0,0.229,0,0,0.159,0,0,0,0,0,0,0,0,0,0,0,0.198,0,0,0,0,0,0.31,0,0,0,0,0.226,0,0,0.243,0,0,0,0,0,0,0,0,0.41,0,0,0,0.329,0,0,0,0,0,0,0,0,0,0,0,0,0,0.208,0,0.165,0,0.186,0,0,0,0,0,0,0,0,0.786,0,0.271,0.655,0,0,0,0,0,0,0,0,0.42,0,0,0,0,0,0.189,0,0,0,0,0,0,0,0,0.171,0,0,0.165,0,0,0,0,0,0,0,0,0,0,0,0,0,0,0,0,0,0,0,0,0,0,0,0,0,0,0,0,0,0,0,0,0,0,0,0.159,0,0,0,0,0,0,0.18,0,0,0,0,0,0,0,0,0,0,0,0,0,0,0,0,0,0,0,0,0,0.42,0,0,0,0,0,0,0,0,0,0,0,0,0,0,0.182,0,0,0,0,0.167,0,0,0,0,0,0,0,0,0,0,0,0,0.377,0,0,0,0,0.241,0,0,0,0.495,0,0,0.195,0,0,0,0,0,0.184,0.623,0,0.641,0,0,0,0,0,0.285,0,0,0,0,0,0,0,0.563,0,0,0,0,0,0,0,0,0,0,0,0,0,0,0,0,0.629,0,0,0,0,0,0,0,0,0,0,0,0.159,0,0,0,0,0,0,0,0,0,0,0,0,0,0,0,0,0,0,0,0,0,0,0,0,0.647,0,0,0,0,0,0,0.194,0,0,0,0,0,0,0,0,0,0.883,0,0,0,0,0,0,0.714,0,0,0,0,0,0,0.259,0,0,0,0,0,0,0,0,0,0,0,0,0,0,0,0,0.181,0.291,0,0.376,0,0,0,0,0,0,0,0,0.322,0,0,0,0,0,0,0.249,0,0.94,0.315,0,0.225,0,0,0,0,0,0,0,0,0,0.481,0,0,0.505,0,0.152,0,0,0.281,0.27,0,0,0,0,0,0,0,0,0,0.197,0,0,0.153,0,0,0,0,0.188,0,0,0,0,0.161,0.194,0,0,0,0,0,0.488,0.256,0,0,0.219,0,0,0,0,0,0,0,0,0.195,0,0,0,0,0,0,0,0,0,0,0,0,0,0,0,0,0,0,0,0.202,0,0,0.15,0,0,0,0,0,0,0,0,0,0,0,0,0,0,0,0,0,0,0,0,0,0,0.151,0,0,0,0,0.224,0,0,0,0,0,0,0,0,0,0,0,0,0,0,0,0,0,0,0,0,0,0,0.238,0,0,0,0,0,0,0,0,0,0,0.151,0,0,0,0,0,0,0,0,0,0,0,0,0,0,0,0,0,0,0,0,0,0,0,0.67,0,0,0.556,0,0,0,0,0,0,0,0,0,0,0,0,0,0.245,0,0,0,0,0,0,0,0,0,0,0,0,0,0,0,0,0,0,0.205,0,0,0.613,0,0,0,0,0,0,0,0,0.204,0,0,0,0,0,0,0,0,0,0.17,0,0,0,0,0,0,0,0,0,0,0,0,0,0,0,0,0,0,0,0,0,0,0,0,0,0,0,0,0,0,0,0,0,0,0,0,0,0,0,0,0,0,0,0,0,0,0,0,0,0,0,0,0,0,0,0,0,0,0,0,0,0,0,0,0.62,0,0,0,0,0.187,0.233,0,0,0,0,0,0,0,0,0,0,0,0,0,0,0,0,0,0,0,0,0,0,0,0,0,0,0,0.159,0,0,0,0,0,0,0,0,0,0,0,0,0,0,0,0,0,0,0,0,0,0,0,0,0,0,0,0,0,0,0,0,0,0.165,0,0,0,0,0,0,0,0,0,0,0,0,0,0,0,0,0,0,0,0,0,0,0,0,0,0,0,0,0.31,0,0,0,0,0,0,0,0,0,0,0,0,0,0,0,0.192,0,0.222,0,0,0,0,0,0,0,0.172,0,0,0,0.558,0,0,0,0,0,0,0,0,0.419,0.184,0,0,0,0.185,0,0,0,0,0,0,0,0,0,0,0,0,0,0.562,0,0,0,0.286,0,0,0,0,0,0,0,0.167,0,0.198,0,0,0,0,0,0,0.451,0,0,0,0,0,0.159,0,0,0,0.319,0,0.307,0,0,0,0,0.164,0,0,0,0,0,0,0,0.568,0,0,0,0,0,0,0,0,0,0,0,0,0,0,0,0,0,0.265,0,0.16,0,0,0.177,0.17,0,0.389,0,0.192,0,0,0,0,0,0,0,0,0,0,0,0,0,0,0,0,0.158,0,0,0,0,0,0,0,0,0.634,0,0,0,0.285,0.234,0,0,0.16,0,0,0.261,0,0,0,0.402,0,0,0,0,0,0,0,0,0,0,0,0,0,0.856,0,0,0,0,0,0,0,0,0,0.425,0,0,0.158,0,0,0,0,0.15,0,0.349,0,0.234,0,0,0,0,0,0,0,0,0,0.493,0,0.211,0,0,0.218,0,0,0,0,0,0,0,0,0,0,0,0,0,0,0,0.159,0,0,0,0,0,0,0,0,0,0,0,0.347,0,0,0,0,0,0,0,0,0,0,0,0,0,0,0,0,0,0,0,0,0,0,0,0,0,0,0,0,0,0,0,0,0,0,0,0,0,0,0,0,0,0,0,0,0,0,0,0,0,0,0,0,0,0,0,0,0,0,0,0,0,0,0,0,0,0,0,0,0,0,0,0,0,0,0,0,0,0,0,0,0,0,0,0,0,0.159,0,0,0,0,0,0,0,0,0,0,0,0,0,0,0,0,0,0,0.151,0,0.176,0,0,0.736,0,0,0,0,0,0,0,0,0,0,0,0,0,0,0,0.829,0,0,0,0.203,0,0,0,0,0,0.169,0,0,0,0,0,0,0.83,0,0,0.153,0,0,0,0,0,0.384,0.283,0,0,0,0,0,0,0,0,0,0,0,0,0,0.315,0,0,0,0,0,0,0,0,0,0,0,0,0,0,0.157,0.427,0,0,0,0,0.184,0,0,0,0.2,0.197,0,0,0,0,0,0.203,0,0,0.164,0,0,0,0,0.15,0,0,0,0,0,0,0,0,0,0,0,0,0,0,0,0,0,0,0,0,0,0,0,0,0,0,0,0.171,0,0,0,0,0,0,0,0,0.179,0,0,0,0,0,0,0,0,0,0,0,0,0,0,0,0,0,0,0,0,0,0,0,0.239,0,0.156,0.192,0,0.258,0,0,0,0,0,0,0,0.405,0,0.552,0,0,0,0,0,0,0,0,0,0,0.828,0,0,0,0,0,0,0,0,0,0,0,0,0,0,0,0,0,0,0,0.196,0,0,0,0,0,0,0,0.22,0,0,0,0,0,0,0,0,0.534,0,0,0,0,0,0.271,0,0.155,0.638,0,0,0,0,0,0,0,0,0,0,0.195,0,0,0.265,0,0,0,0,0,0,0,0,0,0,0,0.386,0,0,0,0,0,0,0,0,0,0.492,0,0,0,0,0,0,0,0,0,0.323,0,0,0,0,0,0,0,0,0,0,0,0,0,0,0,0,0,0,0,0,0,0,0,0,0,0,0,0.224,0,0,0,0,0,0,0,0,0.56,0,0,0,0,0,0,0,0,0,0,0,0.232,0.204,0,0.176,0,0,0,0,0.368,0,0.154,0,0,0,0,0,0,0,0,0,0,0.176,0,0,0,0.18,0,0.507,0,0,0,0,0,0,0.229,0,0.267,0,0.194,0,0.194,0,0,0.396,0,0,0,0,0,0,0,0,0,0,0,0,0,0,0,0,0,0,0.23,0,0,0,0,0,0,0,0,0,0,0,0,0,0,0,0,0,0,0,0,0,0,0,0,0,0,0,0,0,0,0,0,0,0,0,0,0,0.24,0,0,0,0,0,0,0,0,0,0.308,0,0,0,0.426,0,0,0,0,0,0,0,0,0,0,0.218,0,0,0.311,0,0,0,0,0,0,0,0,0,0,0,0,0,0,0,0,0,0,0,0,0,0,0.302,0,0,0.249,0,0,0,0,0.187,0.241,0,0,0,0,0,0,0,0,0.152,0,0.432,0.235,0,0,0,0,0,0,0,0,0,0,0,0,0,0,0,0,0,0,0,0,0.37,0,0,0,0,0,0,0,0.42,0,0,0,0.245,0,0,0,0,0,0,0,0,0.262,0,0,0.346,0,0,0,0,0,0,0,0,0,0,0,0,0,0,0,0,0,0,0,0,0,0,0,0,0,0,0,0,0,0,0,0,0,0,0,0,0,0,0.269,0,0,0,0,0,0,0,0,0,0,0,0,0,0.176,0,0,0,0,0,0,0,0,0,0,0.438,0,0,0.195,0.189,0,0,0,0.245,0,0,0,0,0.159,0,0,0,0,0,0.239,0,0,0,0.177,0,0,0,0,0.394,0,0,0,0,0,0,0,0,0,0,0,0,0,0,0.165,0,0,0,0,0,0,0,0,0,0,0,0,0.153,0,0.156,0,0,0,0,0,0,0,0,0,0,0,0,0,0,0,0,0,0,0,0,0,0,0,0,0,0,0,0,0,0.396,0,0,0,0,0,0,0,0,0.15,0,0,0.165,0.214,0,0,0,0,0,0,0,0,0,0,0,0,0,0,0,0,0,0,0,0,0,0,0.213,0,0,0,0,0,0,0,0,0,0,0,0,0,0,0,0.497,0,0,0,0,0,0,0,0,0,0,0.731,0.444,0,0.212,0,0,0,0,0,0,0,0,0,0,0,0.171,0,0,0,0.295,0,0,0,0,0,0,0,0.272,0,0,0,0,0,0.225,0,0,0,0,0,0,0.385,0,0,0.303,0,0,0,0.339,0,0,0,0,0,0,0,0.696,0,0,0,0.317,0,0,0,0,0,0,0,0,0,0,0,0,0,0,0,0,0,0,0,0,0,0,0.171,0,0,0,0,0,0,0,0,0,0,0,0,0.394,0,0,0,0,0,0.68,0,0,0,0,0,0,0,0,0,0,0,0,0,0,0,0,0,0,0,0,0,0,0,0,0,0,0,0,0,0,0,0,0,0,0,0,0.212,0,0,0,0,0,0.86,0,0,0,0,0,0,0,0,0,0,0,0,0,0,0.212,0,0,0,0,0,0,0,0,0.378,0,0,0,0,0.453,0.226,0,0.414,0,0.407,0,0,0,0,0,0,0,0,0,0,0,0,0,0,0,0,0,0,0,0.156,0,0,0,0,0,0,0,0,0,0,0,0,0,0,0,0,0,0,0,0,0.388,0,0.194,0.475,0,0,0,0,0.276,0,0,0,0,0.206,0,0,0,0,0.406,0,0,0,0,0,0,0,0,0,0,0,0,0,0,0,0,0,0,0,0,0,0,0,0,0,0,0,0,0,0,0,0,0,0,0,0,0,0,0,0,0,0,0,0,0,0,0,0,0,0,0,0,0,0,0,0,0,0,0,0,0,0,0,0,0,0,0,0,0,0,0,0,0,0,0,0.436,0.218,0,0,0,0,0,0.196,0,0,0,0,0,0,0,0,0,0,0,0,0,0,0,0,0,0,0,0,0,0,0,0,0.522,0.322,0,0,0,0.365,0,0,0.358,0,0,0,0.213,0.966,0.62,0,0,0,0,0,0.892,0,0.285,0.225,0,0,0,0.188,0,0,0,0,0,0,0,0,0,0.297,0,0,0,0,0,0.168,0,0,0,0,0,0,0,0,0,0,0,0.683,0,0,0.161,0,0,0,0,0,0,0,0,0,0,0,0,0,0,0,0,0,0,0,0,0,0,0,0,0,0,0,0,0,0,0,0,0,0,0,0,0,0,0,0,0,0,0,0.234,0,0,0,0,0,0,0,0,0,0,0,0,0,0,0,0,0.343,0,0,0,0,0,0
852379,0,0,0,0,0,0,0,0,0,0,0,0,0,0,0,0,0,0,0,0,0,0,0,0,0,0,0,0,0,0,0,0,0,0,0,0,0,0,0,0,0,0,0,0,0,0,0.32,0,0,0,0,0.999,0,0,0,0,0,0.175,0,0,0,0,0,0,0,0.154,0,0,0,0,0.243,0,0,0,0,0,0,0,0,0,0,0,0,0,0,0,0,0,0,0,0,0,0,0,0,0.999,0,0,0.192,0,0,0,0,0,0,0,0,0,0,0,0,0,0,0,0,0,0,0,0,0,0,0,0.17,0,0.191,0,0,0.932,0,0,0.218,0,0,0,0,0,0,0,0,0,0.999,0,0.235,0,0,0,0,0,0,0,0,0.334,0,0,0,0.9,0,0,0,0,0,0,0,0,0.219,0,0,0.266,0,0.248,0,0,0,0,0,0,0,0,0,0,0,0,0,0.562,0,0,0,0,0,0.202,0,0,0,0,0,0.157,0,0,0,0,0,0,0,0.956,0,0,0.999,0,0,0,0,0,0,0.212,0,0,0,0,0,0,0.999,0,0,0.822,0,0,0,0,0,0.849,0,0,0.999,0,0.235,0,0.363,0,0,0.251,0,0,0,0.158,0.571,0,0,0,0,0,0,0,0.248,0,0,0,0,0,0,0,0,0,0,0,0.359,0,0,0,0,0.258,0,0,0,0,0,0.995,0,0,0,0,0,0,0.467,0,0.355,0.622,0,0.917,0,0.334,0,0,0,0,0,0,0.208,0.837,0,0,0.999,0,0,0.212,0,0.179,0,0,0,0.999,0,0,0,0,0.995,0,0,0,0,0,0,0,0.161,0,0,0.173,0,0,0,0.768,0,0,0,0,0,0,0,0,0,0,0,0,0,0.17,0,0,0,0,0,0,0,0,0,0,0,0,0,0,0,0,0,0,0,0.178,0,0,0,0,0,0.999,0,0.924,0,0,0,0,0.999,0,0,0,0,0.372,0,0.999,0,0,0,0,0,0.345,0,0,0,0,0,0,0.999,0,0.507,0,0,0,0,0,0.365,0,0,0,0,0.857,0,0,0.159,0.296,0,0.185,0,0,0,0,0.158,0,0,0,0,0.417,0,0,0,0,0.564,0,0,0,0,0,0,0,0,0,0,0,0,0,0,0,0,0,0,0,0.999,0,0.344,0.234,0,0,0,0.214,0,0.156,0,0.209,0,0,0,0,0,0,0,0,0,0,0,0.999,0,0,0,0,0,0.286,0,0,0,0,0.377,0,0,0,0,0,0,0.918,0,0,0,0,0,0.912,0,0,0,0,0,0,0,0,0,0,0.833,0,0,0,0,0,0.226,0,0.999,0,0,0,0,0,0,0,0,0.221,0.35,0,0,0,0,0,0,0,0,0,0.67,0,0,0.225,0.151,0,0,0.153,0.177,0,0,0,0,0.192,0,0,0,0,0,0,0,0,0,0,0,0,0,0,0,0,0,0,0,0,0,0,0,0,0,0.155,0,0,0,0,0,0,0,0,0.194,0.323,0,0,0,0,0,0,0,0,0,0,0,0.37,0,0.261,0,0,0,0,0,0.178,0,0.264,0,0,0,0,0,0,0,0,0,0,0,0,0,0,0,0,0.323,0.907,0,0.242,0,0,0,0,0,0,0.635,0,0,0,0,0,0,0,0,0,0,0,0,0,0,0,0,0,0,0,0.326,0,0,0,0.313,0,0,0,0,0,0,0,0,0,0,0,0,0,0,0,0,0,0.562,0,0,0,0,0.798,0,0,0,0,0.381,0,0,0,0,0,0,0,0,0,0,0,0,0,0,0,0,0,0,0,0.176,0.411,0,0.234,0,0,0,0,0,0,0.381,0.441,0.999,0,0,0,0,0,0,0,0,0,0,0.999,0,0,0,0.476,0,0.329,0,0,0,0,0,0,0,0,0,0.19,0,0,0,0,0.999,0,0.389,0,0,0,0,0,0,0,0,0,0,0,0,0,0,0,0,0,0,0.816,0,0,0,0,0.23,0,0,0,0,0,0,0.292,0,0.825,0,0,0.19,0,0,0,0,0,0,0,0,0,0,0,0,0,0,0,0,0,0,0,0,0,0,0,0,0,0.862,0,0.173,0,0.561,0,0,0,0,0,0,0,0,0,0,0,0,0,0,0,0,0,0,0.999,0,0.231,0,0,0,0,0,0,0,0,0,0,0,0,0,0,0,0.159,0,0.258,0,0,0,0,0,0,0,0,0,0.999,0,0,0,0,0,0,0.462,0,0,0,0,0,0,0,0.999,0,0,0,0,0,0,0,0,0,0,0,0,0,0,0.186,0,0,0,0,0.419,0,0,0,0,0,0,0.994,0,0.998,0,0,0,0,0.272,0.197,0,0,0.999,0,0,0,0.198,0.445,0,0.999,0,0.944,0.195,0.999,0,0.372,0,0,0,0,0,0,0,0.363,0,0,0,0,0,0,0.992,0,0.935,0.999,0,0,0,0,0,0,0,0.581,0,0,0,0.159,0,0.489,0,0,0,0,0,0.999,0,0,0,0,0,0,0,0,0,0,0.287,0,0,0,0,0,0,0,0,0,0,0,0,0,0,0,0.169,0,0,0,0,0,0,0,0,0,0,0,0,0,0,0,0,0,0,0,0,0,0,0,0,0,0,0,0,0,0,0,0,0,0,0,0,0.999,0,0,0,0,0,0,0,0,0,0.999,0,0,0,0,0,0,0,0,0,0,0,0,0.901,0,0,0,0,0,0,0,0,0,0,0,0,0,0,0,0,0,0,0,0,0,0,0,0,0,0,0,0,0,0,0,0,0,0,0,0,0,0,0,0,0,0,0,0,0,0,0,0,0,0.999,0,0,0,0,0,0.229,0.162,0,0.908,0.173,0,0,0,0,0,0,0,0,0,0,0,0,0,0,0,0,0,0.999,0,0,0,0,0,0,0,0,0,0,0.999,0,0,0,0,0,0,0,0,0.999,0.416,0.316,0,0,0,0,0,0,0,0.17,0,0.164,0,0,0,0,0,0,0,0,0,0,0,0,0,0,0,0,0,0,0.185,0,0,0,0,0,0.999,0,0,0.18,0,0,0,0,0,0,0,0,0,0,0,0,0.999,0,0,0.307,0,0,0,0,0,0.587,0.159,0.989,0,0,0,0,0,0,0,0,0,0,0,0,0,0,0,0,0,0,0,0,0,0,0,0,0,0,0,0,0.999,0,0,0,0.195,0,0.448,0,0,0,0,0,0,0,0,0,0.801,0,0,0,0,0,0,0,0,0.445,0,0,0,0,0,0,0.999,0,0.999,0,0,0,0,0,0,0,0,0,0,0,0,0,0,0,0,0,0,0,0,0,0,0.254,0,0,0,0,0,0,0.207,0,0,0,0,0,0,0,0.262,0.25,0,0,0,0,0,0,0,0,0,0,0,0.96,0,0,0,0,0,0.411,0,0,0,0,0,0,0,0,0,0,0,0,0,0,0,0.293,0,0,0,0,0,0,0,0,0,0,0,0.999,0,0,0,0,0,0,0,0,0,0,0,0,0,0.172,0,0,0.211,0,0,0,0,0,0,0,0,0,0,0,0,0,0,0.286,0,0,0,0,0,0,0,0.342,0,0,0.784,0,0,0,0,0,0,0,0.449,0,0,0,0,0,0,0,0,0,0,0,0,0,0,0,0,0,0,0,0.232,0,0,0,0,0.28,0,0,0,0,0,0,0,0,0,0,0,0,0,0,0,0,0,0,0,0,0,0,0,0,0,0,0.999,0,0,0,0,0,0,0,0,0,0,0,0.235,0,0,0,0,0,0,0,0,0,0,0,0,0,0,0,0,0,0,0,0.151,0,0,0,0,0,0.2,0,0,0,0,0,0,0,0,0,0,0,0,0,0,0,0.18,0,0,0,0,0,0.298,0,0,0,0,0,0,0,0,0,0,0,0,0,0,0,0,0,0,0,0,0,0,0,0,0,0,0,0,0,0,0,0,0.4,0,0,0,0,0,0,0,0,0,0,0,0,0,0,0,0,0,0,0,0,0,0,0,0,0,0,0,0,0,0,0,0,0,0,0,0,0,0,0,0,0,0,0,0,0,0,0,0,0,0,0,0,0,0.864,0,0.257,0.202,0.822,0,0,0.159,0.999,0,0.885,0,0,0.869,0.219,0,0,0,0.209,0,0,0.982,0,0,0,0,0.811,0.37,0,0,0,0,0,0,0.837,0,0,0,0,0,0,0,0,0,0,0.331,0,0,0,0,0.999,0.151,0.813,0,0.999,0.158,0,0,0,0,0,0,0,0,0,0.999,0,0.175,0,0,0,0,0,0.227,0,0,0,0,0,0.295,0,0,0,0,0,0,0,0.837,0,0,0,0,0.999,0,0,0,0,0,0,0,0.16,0,0,0,0,0,0,0.587,0.813,0,0.26,0,0,0.4,0,0,0,0,0.218,0,0,0,0,0,0.999,0,0.21,0,0,0,0,0,0,0,0.999,0,0.176,0,0,0.173,0,0,0,0,0,0.239,0.291,0,0,0,0.209,0.154,0.802,0,0,0,0,0,0,0,0,0.999,0,0.809,0.693,0.194,0,0.831,0,0,0.819,0,0,0,0.957,0,0.999,0,0,0,0,0.802,0,0.432,0,0.87,0.207,0.295,0,0,0,0,0,0.173,0,0,0,0.303,0,0,0.907,0.309,0,0.22,0,0,0.9,0,0,0,0.854,0,0,0.879,0,0.302,0,0,0,0,0,0.206,0,0,0,0.252,0,0,0,0.469,0,0.165,0,0,0,0.285,0,0.237,0,0.809,0,0,0,0,0,0,0.159,0,0,0,0,0,0,0,0,0,0,0,0,0,0,0,0,0,0,0.616,0,0,0.268,0,0,0,0,0,0,0,0,0,0,0,0,0,0.15,0.536,0,0.999,0,0,0,0,0,0,0,0.251,0,0,0,0,0,0,0,0,0,0,0,0,0,0,0,0,0,0,0,0,0,0,0,0,0,0.192,0,0,0,0,0,0,0,0,0,0,0,0,0,0,0,0.91,0,0,0,0,0,0.165,0,0,0,0,0,0,0,0,0,0,0,0,0,0,0,0,0.693,0,0,0,0,0,0,0,0,0,0,0,0,0,0,0,0,0,0,0,0,0,0,0,0,0,0,0,0,0,0,0,0.179,0,0,0,0,0,0.343,0,0,0,0,0,0,0,0,0,0,0,0,0,0,0,0,0,0,0.205,0,0,0,0,0,0,0,0,0,0,0,0,0,0,0,0,0,0,0,0,0,0,0,0,0,0,0,0,0,0,0,0,0.15,0,0,0,0,0,0,0,0.966,0,0,0.998,0,0,0,0,0,0,0,0,0,0,0,0,0,0,0,0,0,0,0,0,0,0,0,0,0,0,0,0,0,0,0,0,0,0,0,0,0,0,0,0,0,0,0,0,0,0,0,0,0,0,0,0,0,0,0,0,0,0,0,0,0,0,0,0,0,0,0.999,0,0,0.22,0,0,0,0.851,0,0.161,0,0,0,0,0,0,0,0,0,0.335,0,0,0,0.169,0,0,0,0,0,0,0,0,0,0.309,0,0,0,0,0,0,0,0,0,0,0,0,0,0.999,0,0,0,0,0,0,0,0,0,0,0.999,0,0,0,0,0.245,0,0,0.15,0,0,0,0.163,0,0,0.191,0,0,0,0,0,0,0,0.36,0,0,0,0.3,0,0,0,0,0,0,0.426,0.999,0,0,0,0.776,0,0,0,0,0,0,0,0,0,0,0.39,0,0,0,0,0,0,0,0,0,0,0,0,0,0.335,0,0,0,0,0,0,0,0,0,0,0.249,0,0,0,0,0,0,0,0,0,0,0,0,0,0,0,0,0,0,0,0,0,0.322,0,0.151,0,0,0.4,0.15,0,0,0,0,0,0,0,0,0,0,0.999,0,0,0,0,0,0,0,0.351,0,0,0,0,0,0,0.904,0.279,0,0,0,0,0,0,0,0,0,0,0,0,0,0,0,0,0,0,0,0,0,0.285,0.869,0,0,0,0,0,0,0,0,0,0,0,0,0,0,0,0,0,0.177,0.999,0,0,0.999,0,0,0,0,0,0,0,0,0,0,0,0,0,0,0,0,0,0,0,0,0,0,0,0,0,0.499,0,0,0,0,0,0,0,0,0,0,0,0,0,0,0,0,0,0,0,0,0,0,0,0,0,0,0,0,0,0,0,0,0,0,0,0,0,0,0,0,0,0,0,0,0,0,0,0,0,0,0,0,0,0,0,0,0,0,0,0,0,0,0,0,0,0,0,0,0,0,0,0,0,0,0,0,0,0,0,0,0,0,0,0,0,0,0,0,0,0,0,0,0,0,0.621,0,0,0,0,0,0,0.215,0,0,0,0,0,0,0,0,0,0,0,0,0,0.286,0,0,0,0.243,0,0,0,0,0,0.218,0,0,0,0,0,0,0,0,0,0.207,0,0,0.999,0,0,0,0,0,0,0,0,0,0,0,0,0,0,0,0,0,0,0,0,0,0,0,0,0,0,0,0,0,0.268,0,0.154,0,0,0.635,0,0,0,0,0,0,0,0,0,0,0,0,0.682,0,0,0,0,0,0,0,0,0,0,0,0,0,0,0,0,0,0,0,0,0,0,0,0,0,0,0,0,0.177,0,0,0.176,0,0,0,0,0,0.902,0,0,0,0,0,0,0,0,0,0,0,0,0,0,0,0,0,0,0,0,0,0,0,0,0,0,0,0,0,0,0,0,0,0,0,0,0,0,0,0,0,0,0,0,0,0,0,0,0,0,0.247,0,0,0.153,0,0,0,0,0,0,0,0,0,0,0,0,0,0,0,0,0,0,0,0,0,0,0,0.819,0,0,0,0,0,0,0,0,0,0,0,0,0,0,0.943,0.837,0.999,0.779,0.221,0.154,0,0,0.999,0.998,0.999,0.806,0,0.999,0.838,0.163,0,0.999,0,0.905,0.999,0,0,0.157,0,0,0,0.999,0.361,0.999,0.848,0,0.999,0,0.306,0,0,0.822,0.845,0.999,0.23,0.999,0.803,0.902,0,0,0,0.999,0.999,0.233,0.93,0.192,0.817,0.693,0.165,0.587,0.807,0.153,0.913,0,0.182,0.999,0.999,0.999,0.999,0.981,0.999,0.999,0,0.305,0.999,0.825,0.999,0.201,0,0,0.832,0,0,0,0.999,0.999,0,0.999,0.999,0.999,0.196,0,0.999,0,0.803,0.875,0.277,0.999,0,0.755,0,0.999,0.999,0,0.98,0,0.298,0.999,0,0.999,0.999,0.812,0.999,0.999,0,0,0.999,0.934,0.997,0,0.999,0.999,0.786,0.999,0.941,0,0,0,0.999,0.997,0.817,0.887,0.153,0.191,0.936,0,0.999,0,0.828,0,0.999,0.863,0.536,0,0,0,0.999,0.999,0.164,0,0.653,0.999,0.979,0,0.999,0,0,0.74,0.999,0.999,0,0.996,0,0.999,0,0.819,0.999,0,0.625,0.998,0.999,0.66,0.8,0.999,0.999,0,0,0,0,0,0,0,0,0,0.892,0.912,0,0.751,0,0.749,0,0.812,0.952,0.999,0.999,0.999,0.853,0,0,0.999,0.999,0.802,0,0.999,0,0.999,0.999,0.265,0.999,0.843,0.179,0.999,0,0.999,0.307,0,0.991,0.999,0.999,0,0.879,0.999,0,0.308,0,0,0.999,0,0.999,0.825,0,0.999,0,0,0,0.487,0,0,0,0,0,0,0,0,0,0,0,0,0.192,0,0.234,0,0,0,0,0,0,0.25,0,0,0,0,0,0,0,0,0,0,0,0,0,0,0,0.323,0,0.999,0,0,0,0,0,0,0,0,0,0,0,0.229,0,0,0,0.171,0,0,0,0.278,0,0,0,0.29,0,0,0,0,0,0,0,0,0,0,0,0,0,0,0,0,0,0,0,0,0,0.225,0,0,0,0,0,0,0.151,0,0,0,0,0,0,0,0,0,0,0,0,0,0,0,0,0,0,0,0,0,0,0,0,0,0,0,0.165,0,0,0,0,0,0,0,0,0.205,0,0,0,0,0,0,0,0,0,0,0,0,0,0,0,0,0,0,0,0,0,0,0,0,0,0,0,0,0,0,0,0,0,0,0.201,0,0,0,0.48,0,0,0,0,0,0,0.391,0.165,0,0,0,0,0,0,0,0,0,0,0,0,0,0,0,0,0,0,0,0,0,0,0,0,0,0,0,0,0,0,0,0,0,0,0,0,0,0,0,0,0,0,0,0,0,0,0,0,0,0,0,0,0,0,0,0,0,0,0,0.224,0.193,0,0.901,0,0,0,0.595,0,0.26,0,0,0,0,0,0,0,0.408,0.186,0.241,0,0,0,0,0,0,0.196,0,0,0,0,0,0,0,0,0,0,0,0,0,0,0,0,0,0,0,0,0,0,0,0,0,0,0,0,0,0,0,0,0,0,0,0,0,0,0,0,0,0,0,0,0,0,0.22,0,0,0,0,0,0,0,0,0,0,0,0,0,0,0,0,0,0,0,0,0,0,0,0,0,0,0,0,0,0,0,0,0,0,0,0,0,0,0,0,0,0,0,0,0,0,0,0,0,0,0,0,0,0,0,0,0,0,0,0,0,0,0,0,0,0,0,0,0,0,0,0,0,0,0,0,0,0,0,0,0,0,0,0,0,0,0,0,0,0,0,0,0,0,0,0,0,0,0,0,0,0,0,0,0,0,0,0,0,0,0,0,0,0,0,0,0,0,0,0,0,0,0,0,0,0,0,0,0,0,0,0,0,0,0,0,0,0,0,0,0,0,0,0,0,0,0,0,0,0,0,0,0,0,0,0,0,0,0,0,0,0,0,0,0,0,0,0,0,0,0,0,0,0,0,0,0,0,0,0,0,0,0,0,0,0,0,0,0,0,0,0,0,0,0.29,0,0,0,0,0,0,0,0,0,0,0,0,0,0,0,0,0,0,0,0,0,0,0,0,0,0,0,0,0,0,0,0,0,0,0,0,0,0,0,0,0,0,0,0,0,0,0,0,0,0,0,0,0,0,0,0,0,0,0,0,0,0,0,0,0,0,0,0,0,0,0,0,0,0,0,0,0,0,0,0,0,0,0,0,0,0,0,0,0,0,0,0,0,0,0,0,0,0,0,0,0,0,0,0,0,0,0,0,0,0,0,0,0,0,0,0,0,0,0,0,0,0,0,0,0,0,0,0,0,0,0,0,0,0,0,0,0,0,0,0,0,0,0,0,0,0,0,0,0,0,0,0,0,0,0,0,0,0,0,0,0,0,0,0,0,0,0,0,0,0,0,0,0,0,0,0,0,0,0,0,0,0,0,0,0,0,0,0,0,0,0,0,0,0,0,0,0,0,0,0,0,0,0,0,0,0.283,0,0,0,0,0,0,0,0,0,0,0,0,0,0,0,0,0,0,0,0,0,0,0,0,0,0,0,0,0,0,0,0,0,0,0,0,0,0,0,0,0,0.185,0,0,0,0,0,0,0,0,0,0,0.385,0,0,0,0,0,0.25,0,0,0,0,0,0,0,0,0,0,0,0,0,0,0,0,0,0,0,0,0,0,0,0,0,0,0,0,0,0,0,0,0,0,0,0,0,0,0,0,0,0,0,0,0,0,0,0,0,0,0,0,0,0,0,0,0,0,0,0,0,0,0,0,0,0,0,0,0,0,0,0,0,0,0,0,0,0,0,0,0,0,0,0,0,0,0,0,0,0,0,0,0,0,0,0,0,0,0,0,0,0,0.158,0,0,0,0,0,0,0,0,0,0,0,0,0,0,0,0,0,0,0,0,0,0,0,0,0,0.338,0,0.204,0,0,0.262,0,0,0,0,0,0,0,0,0,0,0,0,0,0,0,0,0,0,0,0.309,0,0,0,0,0,0,0,0,0,0,0,0,0,0,0,0,0,0,0,0,0,0,0,0,0,0,0,0,0,0,0,0,0,0,0,0,0,0,0,0,0,0,0,0,0,0,0,0,0,0,0,0,0,0,0,0,0,0,0,0,0,0,0,0,0,0,0,0,0,0,0,0,0,0,0,0,0,0,0,0,0,0,0,0,0.329,0,0,0,0.222,0,0,0,0,0,0,0,0,0,0,0,0,0,0,0.207,0,0.191,0,0,0,0,0,0,0,0,0,0,0,0,0,0,0,0,0,0,0,0,0,0,0,0,0.227,0,0,0.241,0,0,0,0,0,0,0,0,0,0,0,0,0,0,0,0,0,0,0,0,0,0,0,0,0,0,0,0,0,0,0,0,0,0,0,0,0,0,0,0,0,0,0,0,0,0,0,0,0,0,0,0,0,0,0,0,0,0,0,0,0,0,0,0,0,0,0,0,0,0,0,0,0,0,0,0.359,0,0,0,0,0,0,0,0,0,0,0,0,0,0,0,0.164,0,0,0,0,0,0,0,0,0,0,0,0,0,0,0,0,0,0,0,0,0,0,0,0,0,0.405,0,0,0,0,0,0,0,0,0,0,0,0,0,0,0,0,0,0,0,0,0,0,0,0,0,0,0,0,0,0,0,0,0,0,0,0,0,0,0,0,0,0,0,0,0,0,0,0,0,0,0,0,0,0,0,0,0,0,0,0,0,0,0,0,0.422,0,0,0,0,0,0,0,0,0,0,0,0,0,0,0,0,0,0,0,0,0,0,0,0,0,0,0.252,0,0,0,0,0,0,0,0,0,0,0,0,0,0,0,0,0,0,0,0,0,0,0,0,0,0,0,0,0,0,0,0,0,0,0,0,0,0,0,0,0,0.339,0,0,0,0,0,0,0,0,0,0,0.194,0
850631,0,0,0,0,0,0,0,0,0,0,0,0.213,0,0,0,0,0,0,0,0,0,0,0,0,0,0,0,0,0,0,0,0,0,0,0,0,0,0,0,0,0,0,0,0,0,0,0,0,0,0,0,0,0,0,0,0,0,0,0,0,0,0,0,0,0,0,0,0,0,0,0,0,0,0,0.297,0,0,0,0,0,0,0,0,0,0,0,0,0,0.365,0,0,0,0,0,0,0,0,0,0,0,0,0,0,0,0,0,0,0,0,0,0,0,0,0,0,0,0,0,0.267,0,0,0,0,0,0,0,0,0,0,0,0,0,0,0,0,0,0,0,0,0,0,0,0,0,0,0,0,0,0,0,0,0,0,0,0,0,0,0,0,0,0,0,0.383,0,0,0,0,0,0,0.229,0,0,0,0,0,0,0,0,0,0,0,0,0,0,0,0,0,0,0,0,0,0,0,0,0,0,0,0,0,0,0,0,0,0,0,0,0,0,0,0,0,0,0,0,0,0,0,0,0,0,0,0,0,0,0,0,0,0,0,0,0,0,0,0,0,0,0,0,0,0.622,0,0,0,0,0,0,0,0,0,0,0,0,0,0,0,0.829,0,0,0,0,0,0,0,0,0,0,0,0,0,0,0,0,0,0,0,0,0,0,0,0,0,0,0,0,0,0,0,0,0,0,0,0,0.212,0,0.698,0,0,0,0,0,0,0,0,0,0,0,0,0,0,0,0,0,0,0,0,0,0,0,0.664,0,0,0.342,0,0,0,0,0,0,0,0,0,0,0,0,0,0,0,0,0,0,0,0.257,0,0,0,0,0,0,0,0,0,0,0,0,0,0,0,0,0,0,0,0,0.945,0.17,0,0,0,0,0,0,0,0,0,0,0,0,0,0,0,0,0,0,0.195,0,0,0,0,0,0,0,0,0,0,0,0,0,0,0,0,0,0,0,0,0,0,0,0,0,0,0,0,0,0,0.164,0,0,0,0,0,0,0,0,0,0,0,0,0,0,0.159,0,0,0,0,0,0,0,0,0,0,0,0,0,0,0,0,0,0,0,0,0,0,0,0,0,0,0,0,0,0,0,0,0,0,0,0,0,0,0,0,0,0,0,0,0,0,0,0,0,0,0,0,0,0,0,0,0,0,0,0,0,0,0,0,0,0,0,0,0,0,0,0,0,0,0,0,0,0,0,0,0,0,0,0,0,0,0,0,0,0,0,0,0,0,0,0,0,0,0,0,0,0,0,0,0,0,0,0,0,0,0,0,0,0,0,0,0,0,0,0,0,0,0,0,0,0,0,0,0,0,0,0,0,0,0,0,0,0,0,0,0,0,0,0,0,0,0,0,0,0.151,0,0,0,0,0,0,0,0,0,0,0,0,0,0,0,0,0,0,0,0,0,0,0,0,0,0,0,0,0,0,0,0,0,0,0,0,0,0,0,0,0,0,0,0,0,0,0,0,0,0,0,0,0,0,0,0,0,0,0,0,0,0,0,0,0,0,0,0,0,0,0,0,0,0,0,0,0,0,0,0,0,0,0,0,0,0,0,0,0,0,0,0,0,0,0,0,0,0,0,0,0,0,0,0,0,0,0,0,0,0,0,0.165,0,0,0,0,0,0,0,0.464,0,0.154,0,0,0,0,0,0,0,0,0,0,0,0,0,0,0,0,0,0,0,0,0,0,0,0,0,0,0,0,0,0,0,0,0,0,0,0,0,0,0,0,0,0,0,0,0,0,0,0,0,0,0,0,0,0,0,0,0,0,0,0,0,0,0,0,0,0,0,0,0,0,0,0,0,0,0.194,0,0,0,0,0,0,0,0,0,0,0,0,0,0,0,0,0,0,0,0,0,0,0,0,0,0,0,0,0,0,0,0,0,0,0,0,0,0,0,0,0,0,0,0,0,0,0,0,0,0,0,0,0,0,0,0,0,0,0,0.195,0,0,0,0,0,0.162,0,0,0,0,0,0,0,0,0,0,0,0,0,0,0,0,0,0,0,0,0,0,0,0,0,0,0,0,0,0,0,0.357,0,0,0,0,0.186,0,0,0,0,0,0,0,0,0,0,0,0,0,0,0,0,0,0,0,0.229,0,0,0,0,0,0.698,0,0,0,0,0,0,0,0,0,0,0,0,0,0,0,0,0,0,0.157,0,0,0.216,0,0,0,0,0,0,0,0,0,0,0,0,0,0,0,0,0,0,0,0,0,0,0.19,0,0,0,0,0,0,0,0,0,0,0,0,0,0,0,0,0,0,0,0,0,0,0.156,0,0,0,0,0,0,0,0,0,0,0,0,0,0,0,0,0,0,0,0,0,0,0,0,0,0,0,0,0,0,0,0,0,0.411,0,0,0,0,0,0,0,0,0,0,0,0,0,0,0,0,0,0,0,0,0,0,0,0,0,0,0,0,0,0,0,0,0,0,0,0,0,0,0,0,0,0,0,0,0,0,0,0,0,0,0.194,0,0,0,0,0,0,0.282,0,0,0,0,0,0,0,0,0,0,0,0,0,0,0,0,0,0,0,0,0,0,0,0,0.154,0,0,0,0,0,0,0.159,0,0,0,0,0,0,0.176,0,0,0.193,0,0,0,0.273,0,0,0,0,0.201,0,0,0,0,0,0,0,0,0,0,0,0,0,0,0,0,0,0,0,0,0,0,0,0.225,0,0,0,0,0,0,0,0,0,0,0,0,0,0,0,0,0,0,0,0.351,0,0,0,0,0,0,0,0.248,0,0,0,0,0,0,0,0,0,0,0,0,0,0,0,0,0,0,0,0,0,0,0,0,0,0,0,0,0,0,0.208,0,0,0,0,0,0,0.453,0,0,0,0,0,0,0,0,0,0,0,0,0,0,0,0,0,0,0,0,0,0,0,0,0,0,0,0,0,0,0,0,0,0,0,0,0,0,0,0,0,0,0,0,0,0,0,0,0,0,0,0,0,0,0,0,0,0,0,0,0,0,0,0,0,0,0,0,0,0,0,0,0,0.169,0,0,0,0,0,0,0,0,0,0,0,0,0,0,0,0,0,0,0,0,0,0,0,0,0,0,0,0,0,0,0,0,0.151,0,0.232,0,0,0,0,0,0,0,0,0,0,0,0,0,0,0,0,0,0,0,0,0,0,0,0,0,0,0,0,0.179,0,0,0,0,0,0,0,0,0,0,0,0,0,0,0.206,0,0,0,0,0,0,0,0,0,0,0,0,0,0,0,0,0,0,0,0,0,0,0,0,0,0,0,0,0,0,0,0,0,0,0,0,0,0,0,0,0,0,0,0,0,0,0,0,0,0,0,0,0,0,0,0.169,0,0,0,0,0,0,0,0,0,0,0,0,0,0,0,0,0,0.219,0,0,0,0,0,0,0,0,0,0,0,0,0,0,0,0,0,0,0,0,0,0,0,0,0,0,0,0,0,0,0,0,0,0,0,0,0,0,0,0,0,0,0,0,0,0,0,0,0,0,0,0,0,0,0,0,0,0,0,0,0,0,0.473,0,0,0,0,0,0,0,0,0,0,0,0,0,0,0,0,0,0,0,0,0,0,0,0,0,0,0,0,0,0,0,0,0,0,0,0,0,0,0,0,0,0,0,0,0,0,0,0,0,0,0,0,0,0,0,0,0,0,0,0,0,0,0,0,0,0,0,0,0,0,0,0,0,0,0,0,0,0,0,0,0,0,0.332,0,0,0,0,0,0,0,0,0,0,0,0,0,0,0,0,0,0,0,0,0,0,0,0,0,0,0,0.203,0,0,0,0,0,0,0,0,0,0,0,0,0,0,0,0,0,0,0,0,0,0,0,0,0,0,0,0,0,0,0,0,0,0,0,0,0,0,0,0,0,0,0,0,0,0,0,0.184,0,0,0,0,0,0,0,0,0,0,0,0,0,0,0,0,0.31,0,0,0,0,0,0,0,0,0,0,0,0,0.218,0,0,0,0,0,0,0,0,0,0,0,0,0,0,0,0,0,0,0,0,0,0,0,0,0,0,0,0,0.258,0,0,0,0,0,0.259,0,0,0,0,0,0,0,0,0,0,0,0,0,0,0,0,0,0,0,0,0,0,0,0,0,0,0,0,0,0,0,0,0,0,0,0,0,0,0,0,0,0,0,0,0,0,0,0,0,0.234,0,0,0,0,0,0,0,0,0,0,0,0,0,0,0,0,0,0,0,0,0,0,0,0,0,0,0,0,0,0,0,0,0,0,0,0,0,0,0,0,0,0,0,0,0,0,0,0,0,0,0,0,0,0,0,0,0,0,0,0,0,0,0,0.286,0,0,0,0,0,0,0,0,0,0,0,0,0,0,0,0,0,0,0,0,0,0,0,0,0,0,0,0,0,0,0,0,0,0,0,0,0,0,0,0,0,0.206,0,0,0,0,0,0,0,0,0,0,0,0,0,0,0,0,0,0,0,0,0,0,0,0,0,0,0,0,0,0,0,0,0.332,0,0.173,0,0,0,0,0,0,0,0,0,0.384,0,0,0,0,0,0,0,0,0,0,0,0,0,0,0,0,0,0,0,0,0,0,0,0,0,0,0,0,0,0,0,0,0,0,0,0,0,0,0,0,0,0,0,0,0,0,0,0,0,0,0,0,0,0,0,0,0,0,0,0,0,0,0,0,0,0,0,0,0,0,0,0,0,0,0,0,0,0,0,0,0,0,0,0,0,0,0,0,0,0,0,0,0,0,0,0,0,0,0,0.227,0,0,0,0,0,0,0,0,0,0,0,0,0,0,0,0,0,0,0,0,0,0,0,0,0,0.188,0,0,0,0,0,0,0,0.433,0,0,0,0,0,0,0,0,0,0,0,0,0.332,0,0,0,0.304,0,0.188,0,0,0,0,0,0,0,0,0,0,0,0,0,0,0,0,0,0,0,0,0,0,0,0,0,0,0,0,0,0,0,0,0,0.198,0,0,0,0,0,0,0,0,0.157,0,0,0,0,0,0,0,0,0,0,0,0.241,0,0,0,0,0,0,0,0,0,0,0,0,0,0,0,0,0,0,0,0.197,0,0,0,0,0,0,0,0,0,0,0,0,0,0,0,0,0,0,0,0,0,0,0,0,0,0,0,0,0,0,0,0,0,0,0,0,0,0,0,0,0,0,0,0,0,0,0,0,0,0,0,0,0,0,0,0,0,0,0,0,0,0,0,0,0,0,0,0,0,0,0,0,0,0,0,0,0,0.261,0,0,0,0,0,0,0,0,0,0,0,0,0,0,0,0,0,0,0,0,0,0,0,0,0,0,0.175,0,0,0,0,0,0,0,0,0,0,0.168,0,0,0,0,0,0,0,0,0,0,0,0,0,0,0,0,0,0,0,0,0,0,0,0,0,0,0,0,0,0,0,0,0,0,0,0.238,0,0,0,0,0,0,0,0,0,0,0,0,0,0,0,0,0,0,0,0,0,0,0.175,0,0,0,0,0,0,0,0,0,0,0,0,0,0,0,0,0,0,0,0,0,0,0,0,0,0,0,0,0,0,0,0,0,0,0,0,0,0,0,0,0,0,0,0,0.25,0,0,0,0,0,0,0,0,0,0,0,0,0.32,0,0,0,0,0,0,0,0,0.22,0,0,0.188,0,0,0,0,0,0,0,0,0,0,0,0,0.171,0,0,0,0,0,0,0,0,0,0,0,0,0,0,0,0,0,0,0.181,0,0,0,0,0,0,0,0,0.276,0,0,0,0,0,0,0,0,0,0,0,0,0,0,0,0,0,0,0,0,0,0,0,0,0,0,0,0,0,0,0,0,0,0,0,0,0,0,0,0,0.229,0,0,0,0,0,0,0,0,0,0,0,0,0,0,0,0,0,0,0,0,0.158,0,0,0,0,0,0,0,0,0,0,0,0,0,0,0,0,0,0,0,0,0,0,0,0,0,0,0,0,0,0,0.319,0,0,0,0,0,0.262,0,0,0,0,0,0,0,0.163,0,0,0,0,0,0,0,0.194,0,0,0,0,0,0,0,0,0,0,0,0,0,0.196,0,0,0,0,0,0,0,0,0,0,0,0,0,0,0,0,0,0.336,0,0.15,0,0,0,0,0,0,0,0,0,0,0,0.689,0,0,0,0,0,0,0,0,0,0,0,0,0,0,0,0,0,0.219,0,0,0,0,0,0,0,0,0,0,0,0,0.206,0,0,0,0,0,0,0.161,0,0,0,0,0,0,0,0,0,0,0,0,0,0,0,0,0,0.163,0,0,0.212,0,0,0,0,0,0,0.225,0,0,0,0,0,0,0,0,0,0,0,0,0,0,0,0,0,0,0,0,0,0,0,0,0,0,0,0.248,0,0,0,0,0,0,0,0,0,0,0,0,0,0,0,0,0,0,0,0,0,0,0,0,0,0,0,0,0,0,0,0,0,0,0,0,0,0,0,0,0,0,0,0,0,0,0,0,0,0,0,0,0,0,0,0,0,0,0,0,0,0,0,0,0,0,0,0,0,0,0,0,0,0,0,0,0,0,0,0,0,0,0,0,0,0,0,0,0,0,0,0,0,0,0,0,0,0,0,0,0,0,0,0,0,0,0,0,0,0,0,0,0,0,0,0,0,0,0,0,0.168,0,0,0,0,0,0,0,0,0,0,0,0,0,0,0,0,0,0,0,0,0,0,0,0,0,0,0,0,0,0,0,0,0,0,0,0,0,0,0,0,0,0,0,0,0,0,0,0,0,0,0,0,0,0,0,0,0,0,0,0,0,0,0,0,0,0,0,0,0,0,0,0,0,0,0,0,0,0,0,0,0,0,0,0,0,0,0,0,0,0,0,0,0,0,0,0,0,0,0,0,0,0,0,0,0,0,0,0,0,0,0,0,0,0,0,0,0,0,0,0,0,0,0,0,0,0,0,0,0,0,0,0,0,0,0,0,0,0,0,0,0,0,0.314,0,0,0,0,0,0,0,0,0,0,0,0,0,0,0,0,0,0,0,0,0,0,0,0,0,0.482,0,0,0,0,0,0,0,0,0,0,0,0,0,0,0,0,0,0,0,0,0,0,0,0.155,0,0,0,0,0,0,0,0,0,0,0,0,0,0,0,0,0,0,0.329,0,0,0,0,0,0,0,0.872,0,0,0,0,0,0,0,0,0,0,0,0,0,0,0,0,0,0,0,0,0,0,0,0,0,0,0,0,0,0,0,0,0,0,0,0,0,0,0,0.671,0,0,0,0,0,0,0,0,0,0,0,0,0,0,0,0,0,0,0,0,0,0,0,0,0,0,0,0,0,0,0,0,0,0,0,0,0,0,0,0.273,0,0,0,0,0.438,0,0,0,0,0,0,0,0,0,0,0,0,0,0,0,0,0,0.176,0.207,0,0,0,0,0,0,0,0,0,0,0,0,0,0,0,0,0,0,0,0,0,0,0,0,0,0,0,0,0,0,0,0,0,0,0,0,0,0,0,0,0,0,0,0,0.167,0,0.624,0.303,0,0.311,0,0,0,0,0,0,0,0,0,0,0,0,0,0,0,0,0,0,0,0,0,0,0,0,0,0,0,0,0,0,0,0,0,0,0,0,0,0,0,0,0,0,0,0,0,0,0,0,0,0,0,0,0,0,0,0,0,0.301,0,0,0.305,0,0,0,0,0,0,0.151,0,0,0,0,0,0,0,0.925,0.224,0.551,0,0.202,0.362,0,0.3,0,0,0,0,0,0.336,0,0,0,0,0,0,0,0,0,0,0,0,0,0.585,0,0,0,0,0,0,0,0,0,0,0,0,0,0,0,0,0,0,0,0,0,0,0,0,0,0,0,0,0,0,0,0.249,0.158,0,0.19,0,0,0,0,0,0,0,0,0,0,0,0.298,0,0.445,0,0,0,0.4,0.198,0,0,0,0,0,0,0,0,0,0,0,0,0,0,0,0,0.392,0,0,0,0.195,0,0,0,0,0,0,0.275,0,0,0,0,0,0,0,0,0,0.903,0,0,0,0,0,0,0,0,0,0,0,0,0,0,0.218,0,0,0,0,0,0,0,0,0.186,0,0,0,0,0,0,0,0,0,0,0,0,0,0,0.378,0,0,0,0,0,0,0,0,0,0,0,0,0,0,0.275,0,0,0,0,0,0,0,0,0,0,0,0,0,0,0,0,0,0,0,0,0.563,0,0,0,0,0,0,0,0,0,0,0,0,0,0,0.538,0,0,0,0,0,0,0,0,0,0,0,0,0,0,0,0,0,0,0,0,0,0,0,0,0,0,0,0,0.194,0,0,0,0,0,0,0,0,0,0,0,0,0,0,0,0,0,0.205,0,0,0,0,0,0,0,0,0,0,0.179,0,0,0,0,0,0,0,0,0,0,0,0,0,0,0,0,0,0,0,0,0,0,0,0,0,0.161,0,0,0,0,0,0,0,0,0,0,0,0.194,0,0,0,0,0,0,0,0,0,0,0,0,0,0,0,0,0,0,0,0,0,0,0,0,0,0,0,0,0,0,0,0.335,0,0,0,0,0,0,0,0,0,0.17,0,0,0.373,0,0,0,0,0.322,0,0,0,0,0,0,0.351,0,0.292,0.348,0,0.161,0,0,0.183,0,0,0.188,0,0,0.681,0,0,0,0,0,0,0,0,0,0,0,0,0,0,0,0,0,0,0,0,0,0,0,0,0,0,0,0,0,0,0,0,0,0,0.229,0,0,0,0,0,0,0,0,0,0,0,0,0,0,0,0,0,0,0,0,0,0,0,0,0,0,0,0,0,0,0,0,0,0,0,0,0,0,0,0,0,0,0,0,0,0,0,0,0,0,0,0,0,0,0,0,0,0,0,0,0,0,0,0,0,0,0,0,0,0,0,0,0,0,0,0,0,0,0,0,0,0,0,0,0,0,0,0,0,0,0,0,0,0,0.293,0,0,0,0,0,0,0.393,0,0,0,0,0,0,0,0,0,0,0,0,0,0,0,0,0,0,0,0,0,0,0,0,0,0,0,0.197,0,0,0,0,0,0.22,0,0,0.272,0,0,0,0,0,0,0,0,0,0,0,0,0,0.216,0,0,0,0,0,0,0.296,0,0.655,0,0,0,0,0,0,0,0,0,0,0,0,0,0,0,0,0,0,0,0,0,0,0,0,0,0,0,0,0,0,0,0,0,0,0,0,0,0,0,0,0,0,0,0,0,0,0,0,0,0.256,0,0,0,0,0,0,0,0,0,0,0,0,0,0,0,0,0,0,0,0,0,0,0,0,0,0,0,0,0,0.158,0,0,0,0,0,0,0,0,0.195,0,0,0,0,0.299,0,0,0,0,0,0,0.313,0,0,0,0.214,0,0,0,0,0,0,0.175,0,0,0,0,0,0,0,0,0,0,0,0,0,0,0,0,0,0,0,0,0,0,0,0,0,0,0,0,0,0,0,0,0,0,0,0,0,0,0,0,0,0,0,0.334,0,0,0,0,0,0,0,0,0,0,0,0,0,0,0,0,0,0,0,0,0,0,0,0,0,0,0,0,0,0,0,0,0,0,0,0,0,0,0,0,0,0,0,0,0,0,0,0,0,0,0,0,0,0.374,0,0,0.446,0,0,0,0,0,0,0,0,0,0,0,0,0,0,0,0,0,0,0,0,0,0,0,0,0,0,0,0,0,0,0,0,0,0,0,0,0,0,0,0,0,0,0,0.286,0,0,0,0,0,0,0,0,0,0,0,0,0,0,0,0,0,0,0,0,0,0,0,0,0,0,0,0,0,0,0,0,0,0,0,0,0,0,0,0.273,0,0,0,0,0,0,0,0,0,0,0,0.195,0,0,0,0,0,0,0,0,0,0,0,0,0,0,0,0,0,0,0,0,0,0,0,0,0,0,0,0,0,0,0,0,0,0,0,0,0,0,0,0,0,0,0,0,0,0,0,0,0,0,0,0,0,0.425,0,0,0,0,0,0,0,0,0,0,0,0,0,0,0,0,0,0,0,0,0,0,0,0,0,0,0,0,0,0,0,0,0,0,0,0,0,0,0,0,0,0.883,0,0,0.639,0.29,0,0,0,0,0,0,0,0,0,0,0.266,0,0,0,0,0,0,0,0,0,0,0.539,0,0,0,0,0,0,0,0,0,1
851843,0.648,0.198,0.184,0,0.456,0,0,0,0,0,0,0,0,0.216,0,0.197,0,0,0.343,0,0,0,0,0,0.198,0.928,0.727,0,0,0,0.226,0,0.364,0,0.371,0,0.264,0,0,0,0,0,0,0,0,0.252,0,0,0,0,0,0,0,0,0,0.227,0.252,0,0,0,0.598,0,0,0,0,0,0.197,0,0,0,0.658,0,0,0,0,0.321,0.639,0,0,0,0.195,0,0,0,0,0.501,0,0,0.402,0,0.161,0,0.754,0,0.198,0,0.194,0.374,0,0,0.258,0,0.314,0,0,0,0.374,0,0,0,0,0,0,0,0,0,0,0,0.403,0,0,0,0,0,0,0,0,0,0,0,0,0,0,0,0,0,0,0.338,0.727,0.161,0,0,0.59,0.578,0.217,0.412,0,0,0,0,0.54,0,0,0,0,0.199,0,0.21,0,0.472,0,0,0,0.227,0,0,0,0,0,0,0,0.43,0.417,0,0,0,0,0,0,0.424,0,0.281,0.225,0,0.74,0,0.497,0,0,0.29,0,0,0,0.35,0,0,0.179,0,0,0,0,0.217,0,0,0,0,0,0.236,0.35,0.253,0,0,0.424,0,0,0.154,0,0,0,0,0,0,0,0,0,0,0.281,0,0,0.454,0.25,0,0,0.359,0,0,0.51,0,0,0,0.69,0,0,0.252,0,0,0,0,0,0,0,0,0.644,0.811,0.208,0,0,0,0.202,0,0.262,0,0,0,0,0,0,0.37,0,0.273,0,0,0,0,0,0.307,0,0,0.326,0,0,0,0.252,0.17,0,0.265,0,0,0.457,0,0,0,0,0,0,0.563,0,0.252,0,0.241,0,0.257,0,0.22,0,0,0.897,0,0,0,0,0,0.222,0.24,0.307,0,0,0.397,0.892,0,0,0,0,0,0.488,0,0.236,0,0,0,0,0.165,0.191,0,0.412,0.157,0,0,0,0,0,0,0,0,0,0.27,0,0.194,0.307,0,0,0,0,0.25,0.193,0,0.868,0,0,0.446,0,0.156,0,0.198,0.225,0,0,0,0,0,0.481,0.278,0,0.245,0,0,0,0.193,0.894,0.499,0,0.225,0,0,0,0.188,0,0,0,0.215,0.215,0,0,0,0.193,0.243,0,0,0,0,0,0,0.521,0,0.596,0.152,0,0,0,0.476,0,0,0,0,0,0,0.191,0.239,0,0,0,0,0,0.299,0.297,0,0,0,0.455,0,0.183,0.306,0,0,0,0,0,0,0.257,0.361,0.237,0.292,0,0,0,0.182,0.194,0,0,0,0,0.71,0.295,0,0.278,0.507,0,0,0,0,0.155,0.346,0.994,0,0,0.193,0,0,0,0,0,0,0,0,0,0,0,0.222,0,0,0,0,0,0.367,0,0,0,0,0,0.242,0,0,0,0,0,0.626,0,0,0,0.343,0,0,0.362,0,0,0.194,0,0,0,0,0,0,0,0,0.193,0.191,0,0,0,0,0.203,0,0.229,0,0,0,0,0,0,0,0,0,0,0.634,0.193,0,0.252,0,0.277,0,0.678,0,0.431,0.541,0,0.182,0.231,0,0.323,0.307,0,0.193,0,0,0,0,0,0.753,0,0,0,0,0.258,0,0,0,0,0.25,0,0.309,0.95,0,0,0.992,0.725,0,0,0,0,0.279,0,0,0,0,0.213,0,0,0.444,0,0,0.307,0,0,0.299,0,0,0,0,0,0,0.262,0.454,0,0,0,0,0,0,0,0,0,0,0,0,0,0,0,0,0.195,0,0.267,0,0,0,0,0,0.376,0,0,0,0,0,0,0.236,0,0,0,0.84,0.183,0,0,0,0,0.165,0.196,0,0.155,0.178,0.312,0,0,0,0.559,0.232,0.46,0.215,0,0,0.25,0,0.373,0,0.971,0.216,0.544,0.282,0.463,0,0,0,0,0,0,0,0,0.25,0,0,0,0.976,0,0,0,0.25,0,0,0,0,0,0,0.537,0.773,0,0.25,0.191,0,0,0,0,0.456,0,0,0,0,0,0,0,0,0,0,0,0,0,0,0,0,0,0,0,0.275,0.565,0,0.903,0.192,0,0,0,0,0,0,0,0,0,0,0.531,0,0,0.318,0,0,0,0,0,0,0,0.241,0,0.193,0,0.237,0,0,0,0,0.215,0,0,0,0.391,0,0,0,0,0,0.86,0,0,0,0,0,0,0,0,0.355,0,0.168,0.204,0.238,0,0,0.527,0,0,0,0,0,0,0,0,0,0.154,0.16,0.312,0,0,0,0,0,0,0,0,0,0,0.246,0.325,0,0,0.96,0,0,0,0,0,0,0,0.615,0,0,0.198,0,0,0,0,0,0,0,0,0,0,0,0,0,0,0.242,0.556,0.299,0,0,0,0,0,0.312,0,0,0,0,0,0.241,0,0.445,0.739,0,0,0,0,0,0.321,0.34,0.263,0.174,0.155,0,0.507,0,0,0.558,0.747,0,0,0,0.176,0.235,0.204,0,0,0.29,0,0,0.302,0,0.378,0.249,0,0,0,0,0,0,0,0.608,0,0,0.42,0,0.295,0,0.156,0,0,0.3,0.273,0,0.309,0.165,0,0,0,0,0.323,0,0,0,0,0,0,0,0,0.259,0,0,0,0,0,0.3,0,0,0,0,0,0,0,0,0,0.456,0,0.216,0.371,0.246,0,0,0,0,0,0.425,0,0,0,0.195,0,0,0.157,0.154,0,0.278,0,0,0,0.427,0,0,0,0,0,0,0,0,0,0,0,0,0.204,0,0.721,0.242,0,0,0,0,0,0,0,0,0,0,0,0,0,0,0.186,0,0,0,0,0,0,0,0,0,0.213,0,0.922,0,0.948,0.385,0,0,0,0,0,0,0,0.197,0,0.197,0,0,0,0.383,0,0,0,0.204,0,0,0,0,0,0,0,0,0,0,0,0,0,0,0,0,0,0,0,0.557,0,0.24,0,0.912,0,0,0,0,0,0,0,0,0,0.564,0,0,0,0,0.965,0,0.364,0,0.311,0,0,0,0,0,0,0,0,0.467,0,0,0,0,0,0,0,0.203,0,0,0.909,0,0,0,0,0,0,0,0,0,0,0,0,0,0,0,0,0,0,0,0.293,0,0,0,0,0,0,0,0,0,0,0,0.515,0,0,0,0,0,0.386,0,0,0,0,0,0,0.153,0,0,0.24,0,0,0,0,0,0,0.163,0,0.292,0,0,0.765,0,0,0,0,0,0.301,0,0,0,0.631,0,0,0,0,0,0,0,0,0,0,0,0,0,0,0,0,0,0,0,0,0.45,0,0,0,0,0,0,0,0,0,0,0,0,0,0.527,0,0,0,0,0.244,0,0,0,0,0,0.188,0,0,0.168,0,0,0,0,0,0,0,0,0,0,0.245,0,0,0,0,0,0,0.226,0,0,0,0,0,0,0.15,0,0,0,0,0,0.196,0,0,0,0,0,0,0,0.311,0,0,0,0,0,0,0,0,0,0,0,0,0,0,0,0,0.196,0,0,0,0.364,0,0,0,0,0,0,0,0,0,0,0,0,0,0,0,0,0,0,0,0.904,0.165,0,0,0,0,0.429,0,0,0,0,0,0,0,0,0,0,0,0,0,0,0,0,0,0,0,0,0,0,0,0.162,0,0.241,0,0,0,0,0,0,0,0,0,0,0,0,0,0,0,0,0,0,0.926,0,0.426,0,0,0,0,0,0,0,0,0,0,0,0,0,0,0,0,0,0,0,0,0,0.434,0,0,0,0,0,0,0,0,0,0,0,0,0,0,0.194,0,0,0,0,0,0,0,0,0.174,0,0,0,0,0,0,0,0,0,0,0,0.258,0,0,0,0,0,0,0,0,0,0,0,0.309,0.301,0,0,0.309,0.179,0.264,0,0,0,0,0,0.274,0.309,0,0,0,0,0,0,0,0,0,0,0,0,0,0.24,0,0,0,0,0.157,0,0,0,0,0.36,0,0,0,0,0,0,0.781,0,0,0,0,0,0.307,0,0,0,0,0,0,0,0.163,0,0,0,0,0,0,0,0,0.309,0,0,0,0,0,0,0,0,0.185,0,0,0,0,0,0.234,0,0,0,0,0,0,0.236,0,0,0,0,0,0.266,0,0,0.158,0,0,0.542,0,0,0,0,0,0.156,0,0,0,0,0,0,0,0.359,0,0,0,0.198,0,0,0,0,0,0.187,0,0,0.24,0.904,0.193,0,0,0,0,0,0,0,0,0.21,0,0,0,0,0,0,0.465,0,0,0.164,0,0.381,0.701,0,0,0,0,0,0.154,0,0,0,0,0,0,0,0,0.24,0,0,0,0,0.413,0,0,0,0,0.364,0,0,0.307,0,0,0,0,0,0,0,0,0,0,0,0,0,0,0,0,0,0,0,0,0,0,0,0,0,0,0,0,0,0,0,0,0,0,0,0,0,0,0,0,0,0,0,0,0,0,0,0,0,0,0,0,0,0,0,0,0,0,0,0,0,0,0,0,0,0,0,0,0,0,0,0,0,0,0,0,0,0,0,0,0,0,0.215,0,0.179,0,0,0,0,0,0,0,0,0,0,0,0,0,0,0,0.367,0,0,0,0,0.249,0,0,0.307,0,0,0,0.201,0,0,0,0,0,0,0,0,0,0,0,0,0,0,0,0,0,0,0,0,0,0,0,0,0,0,0,0,0,0,0,0,0,0,0,0,0,0,0,0,0,0,0,0,0,0,0,0,0,0,0,0,0,0,0,0,0,0,0,0,0,0,0,0,0,0,0,0,0,0,0,0,0,0,0.162,0,0,0,0,0,0,0,0,0,0,0,0,0,0,0,0,0,0,0,0,0,0,0,0,0,0,0,0,0,0,0,0,0,0,0,0,0,0,0.191,0,0,0,0,0,0,0,0,0,0,0,0,0,0,0,0,0.322,0,0,0,0,0,0,0.15,0,0,0,0,0.48,0,0,0,0.215,0,0.396,0,0,0,0,0,0,0,0,0,0,0,0,0,0,0,0,0,0,0,0,0,0,0,0,0.475,0,0.736,0,0,0,0.264,0,0.419,0,0.567,0.21,0,0,0,0.273,0,0,0,0.55,0,0,0,0.315,0.333,0,0.2,0,0.173,0,0,0.221,0.304,0,0,0,0,0.154,0,0.248,0,0.216,0.442,0.952,0,0,0,0.302,0,0,0,0,0,0,0.255,0,0,0,0,0,0,0.19,0,0.405,0,0,0,0.211,0,0,0.67,0,0.373,0,0,0.724,0,0.54,0,0,0,0,0,0,0,0.215,0,0.6,0.192,0,0.952,0.63,0.619,0,0.17,0.955,0,0.755,0,0,0,0.261,0,0,0.671,0,0.262,0.957,0,0.983,0,0.81,0.84,0.177,0,0,0,0,0,0.705,0,0,0,0,0.938,0,0.455,0.25,0,0,0,0,0.309,0,0,0.309,0.309,0.162,0,0.448,0.429,0,0,0,0.466,0.61,0,0.374,0,0.427,0,0,0,0.231,0,0.399,0,0,0,0.428,0,0,0,0.509,0.29,0.643,0,0.413,0,0.468,0.298,0,0,0,0,0,0,0.176,0.293,0.259,0.285,0.228,0,0,0.429,0.231,0.537,0.273,0.151,0,0,0.524,0,0.319,0,0,0.203,0.994,0.839,0.384,0,0,0,0.173,0,0,0,0,0,0,0,0,0,0,0,0,0,0,0,0,0,0,0,0.266,0,0,0,0,0,0,0,0,0,0,0,0,0,0,0,0,0,0,0.156,0,0,0,0,0,0.203,0,0,0,0,0,0,0,0,0,0,0,0,0.195,0,0,0,0,0,0.175,0,0,0,0,0,0,0,0,0,0,0,0,0,0,0,0,0,0,0,0,0,0.205,0,0,0,0,0.272,0.175,0,0.261,0,0,0,0,0,0,0,0,0,0,0,0,0,0,0,0,0,0,0,0,0,0,0,0,0,0,0,0,0.301,0,0,0,0,0,0,0.375,0,0,0.266,0,0,0,0,0.515,0,0.196,0,0,0,0.154,0.25,0,0,0,0,0.54,0,0.191,0,0,0,0,0,0.309,0,0,0,0.231,0,0,0,0.231,0,0,0,0.293,0.187,0,0.376,0,0,0,0.162,0,0,0.234,0,0,0.927,0,0.237,0.249,0,0,0.234,0,0,0.189,0.304,0.277,0,0.438,0,0,0.394,0,0,0,0,0,0,0,0,0,0,0,0.234,0.292,0,0,0.928,0,0,0,0,0,0,0,0,0.234,0,0,0,0,0,0,0.325,0,0,0.355,0,0,0.193,0,0,0,0,0.309,0.906,0,0.234,0,0,0,0.202,0,0.309,0,0,0,0,0,0,0,0,0,0,0,0.598,0,0.249,0.409,0.325,0,0.198,0.596,0.201,0,0,0,0,0,0.234,0.213,0,0,0,0,0,0,0,0,0,0,0,0,0,0,0,0,0,0,0,0,0,0,0,0,0,0,0,0,0,0,0,0,0,0,0,0,0.21,0,0,0,0,0,0,0,0,0,0,0.9,0,0,0,0,0,0,0,0,0,0,0,0.374,0,0,0,0,0,0,0,0.158,0.231,0.25,0,0,0,0.161,0,0,0,0,0,0.161,0,0,0,0,0,0,0,0,0,0,0,0.238,0,0,0,0,0,0.332,0,0,0,0,0,0,0,0,0,0,0,0,0,0,0,0,0,0,0,0,0,0,0,0,0,0.18,0,0,0,0,0,0,0,0,0,0,0,0,0,0,0,0,0,0,0,0,0,0,0,0.15,0,0.256,0,0,0,0,0,0,0,0,0,0,0,0.328,0.2,0,0,0,0,0,0,0,0,0,0,0,0,0,0,0,0.198,0,0,0,0.159,0,0,0,0,0,0,0,0,0,0,0,0,0,0,0,0,0,0,0.202,0,0,0,0.301,0,0,0,0,0,0,0,0,0,0,0,0,0,0,0,0,0.47,0,0,0,0.163,0,0,0,0,0,0,0,0,0,0,0,0,0,0,0,0,0,0,0,0,0,0,0,0,0,0,0,0,0,0.175,0,0,0,0,0,0,0,0,0.202,0,0,0,0,0,0,0,0,0,0,0,0,0,0,0,0,0,0,0,0,0,0,0,0,0,0,0,0,0,0,0,0,0,0,0,0.387,0,0,0,0.204,0,0,0.338,0,0.194,0,0,0,0,0,0,0,0,0,0,0,0,0,0,0,0,0,0,0,0,0,0,0,0,0,0,0,0,0,0,0,0,0,0,0,0,0,0,0,0,0,0,0,0,0,0,0,0,0,0,0,0,0,0,0,0,0,0,0,0,0,0,0,0,0,0,0,0,0,0,0,0,0,0,0,0,0,0,0,0.222,0,0,0,0,0,0,0,0,0.805,0.157,0,0,0,0,0,0,0,0,0,0,0,0,0,0,0,0.159,0,0,0,0,0,0,0.701,0,0,0,0,0,0,0,0,0,0,0,0,0,0,0,0,0,0,0,0,0,0,0,0,0,0,0,0,0,0,0,0,0,0,0,0.171,0,0,0,0.171,0,0,0,0,0,0,0,0,0,0,0,0,0,0,0,0,0,0,0,0,0,0,0,0,0,0,0,0,0,0,0.57,0,0,0,0,0,0,0,0,0,0,0.195,0,0,0,0,0,0,0,0,0,0,0,0,0,0,0,0,0,0,0.903,0,0,0,0,0,0,0,0,0.235,0,0,0,0,0,0,0,0.158,0,0,0,0,0,0.278,0,0,0,0,0,0,0,0,0,0,0,0,0,0,0,0,0,0,0,0,0,0,0,0,0,0,0,0,0,0,0,0,0,0,0.157,0,0,0,0,0,0,0,0,0,0,0,0,0,0,0,0,0,0,0,0,0.159,0,0,0,0.856,0,0,0,0,0,0,0,0,0,0,0,0,0,0,0,0,0,0,0,0,0,0,0,0,0,0,0,0,0,0,0,0,0,0,0,0,0,0,0,0.163,0.262,0,0,0,0,0,0,0,0,0,0,0,0,0,0,0,0,0,0,0,0,0,0,0,0,0,0.274,0,0,0,0,0,0,0,0,0,0,0,0,0,0,0,0,0,0.195,0,0.16,0,0,0.499,0,0.176,0.584,0,0,0,0,0,0.755,0,0,0,0.192,0,0.984,0,0.432,0,0.392,0,0.189,0,0.486,0.704,0.255,0.186,0,0,0,0.171,0.331,0.175,0,0.312,0,0,0,0.508,0,0.573,0.757,0.186,0,0.16,0.2,0,0,0,0,0,0,0.45,0.24,0.92,0.307,0.216,0,0.444,0,0.445,0.174,0.302,0,0,0,0,0.38,0,0,0,0,0.186,0,0,0,0,0,0.508,0,0.365,0,0.203,0.568,0.254,0,0,0.333,0.451,0.871,0,0.758,0.326,0.983,0,0,0,0.979,0,0,0,0,0,0,0,0,0,0,0,0,0,0,0,0,0,0,0,0,0,0,0,0,0,0,0,0,0,0,0,0,0.24,0.169,0,0,0,0,0,0,0,0,0,0,0,0.291,0,0,0,0,0,0,0,0,0,0,0,0,0,0.451,0,0,0,0.191,0,0,0.152,0,0,0.306,0,0.901,0,0,0.99,0.364,0,0,0.253,0,0.194,0.893,0.228,0.433,0.334,0.193,0.949,0,0,0.194,0,0,0,0,0.976,0.174,0,0,0.205,0,0,0,0,0,0,0,0,0,0.305,0.353,0.199,0,0,0,0,0,0,0.242,0,0.169,0,0.279,0,0,0,0,0,0.173,0,0,0,0,0,0,0,0,0,0,0,0,0.178,0.196,0.433,0,0.386,0.212,0,0,0,0,0,0,0,0,0,0.279,0.833,0,0.175,0,0.325,0,0.238,0,0,0,0,0,0,0.541,0,0,0,0,0,0,0.555,0,0,0.607,0.439,0,0,0.643,0,0,0.324,0,0,0.715,0.421,0,0,0,0,0.312,0,0,0,0.186,0,0.614,0.167,0,0,0,0.245,0.912,0.401,0,0.169,0.194,0,0.365,0.271,0,0,0,0.549,0,0,0,0,0,0,0.862,0,0,0,0,0,0.255,0,0,0,0,0,0,0,0.231,0.196,0,0,0.792,0.398,0,0.297,0,0,0,0,0.193,0,0,0,0.15,0,0,0,0,0,0,0,0.287,0.285,0,0.209,0.293,0.278,0,0,0,0,0,0,0,0.176,0,0,0,0,0,0,0,0.451,0,0,0,0.19,0.236,0,0.32,0,0,0,0,0,0,0,0,0,0,0,0,0,0,0,0,0,0,0,0,0.169,0,0,0.3,0,0,0,0.279,0,0,0.275,0,0.256,0,0,0.15,0,0,0,0,0.256,0,0,0,0,0,0,0,0,0,0,0,0,0,0,0,0,0,0,0,0,0,0,0,0.204,0,0.258,0.198,0,0,0,0,0,0,0,0,0,0,0,0,0,0,0,0,0,0,0,0.243,0,0,0,0.218,0,0.262,0.217,0.928,0,0,0.406,0,0,0.371,0,0,0,0,0,0.323,0.22,0,0,0,0,0.424,0,0,0.194,0,0.244,0,0.267,0.262,0.255,0,0,0,0,0,0,0,0,0,0.15,0,0,0,0.607,0,0,0,0,0,0,0,0,0,0,0,0,0,0,0,0.238,0,0,0,0,0,0,0,0,0,0,0,0,0,0,0,0,0,0,0.201,0,0,0,0,0,0,0,0,0,0,0,0.166,0,0,0,0,0,0,0,0,0,0,0,0,0,0,0,0.309,0,0.191,0,0,0,0,0.315,0,0,0,0,0,0,0,0,0,0,0.199,0,0,0.258,0,0,0,0,0,0.294,0,0,0,0.443,0,0,0.226,0,0,0,0,0,0,0.198,0.237,0,0.237,0,0,0,0,0,0,0,0.19,0,0.158,0,0.498,0,0,0,0,0,0,0,0,0,0,0,0,0,0,0,0,0,0,0,0.238,0,0,0,0,0,0,0,0,0,0,0,0,0,0,0,0,0,0,0,0,0,0,0,0,0,0,0,0,0,0,0,0,0,0,0,0,0,0.191,0.638,0,0,0.191,0.165,0,0,0,0,0,0,0,0,0,0,0,0,0,0,0,0,0.467,0,0,0,0,0,0.319,0,0.37,0,0,0,0,0.406,0,0.168,0,0,0.183,0,0,0,0,0,0,0,0,0,0,0,0,0,0,0,0,0,0,0,0.171,0.231,0.171,0,0.171,0,0,0,0,0,0,0.29,0,0,0,0,0.194,0,0,0,0,0,0,0,0,0,0,0,0,0,0,0,0,0,0,0,0,0,0,0,0,0,0,0,0,0,0,0,0,0.194,0,0,0,0,0,0,0,0,0,0,0,0,0,0.226,0,0,0,0,0,0,0,0,0,0,0,0,0,0.312,0,0,0,0,0,0,0,0.332,0,0,0,0,0,0,0,0,0,0,0,0,0,0,0,0,0,0,0,0,0,0,0,0,0,0,0,0,0,0,0,0,0,0,0.24,0,0,0,0,0,0,0,0,0,0,0,0,0,0,0,0,0,0,0,0,0,0,0,0,0,0,0,0,0,0,0,0,0,0,0,0,0,0,0,0,0,0,0,0,0,0,0,0,0,0,0,0,0,0,0,0.195,0,0,0,0,0,0,0,0,0,0.205,0,0,0,0.618,0,0,0.194,0.251,0,0,0,0,0,0,0,0,0,0,0,0,0,0,0,0,0,0,0,0,0,0,0,0,0,0,0,0,0,0.165,0,0,0,0,0.207,0,0,0,0,0,0,0,0,0,0,0,0,0,0,0,0,0,0,0,0,0,0,0,0,0,0,0,0,0,0,0.612,0,0,0,0,0,0,0,0,0,0,0,0,0,0,0,0,0,0,0,0,0,0,0,0,0,0,0,0,0,0,0,0,0,0,0,0.165,0,0,0,0,0.253,0,0,0.182,0,0,0,0,0,0,0,0,0,0,0,0,0,0,0,0,0,0,0,0,0,0,0,0,0,0.204,0,0,0.171,0,0,0,0,0,0,0,0,0,0,0.171,0.171,0,0,0,0,0,0,0,0,0,0,0,0,0,0,0,0,0,0,0,0,0.318,0,0,0.195,0,0,0,0,0,0.169,0,0,0,0,0,0,0,0,0,0,0,0,0.167,0,0,0,0,0,0,0,0,0,0,0,0,0,0,0,0,0,0,0,0,0,0,0,0,0,0,0,0,0,0,0,0,0,0,0.397,0,0,0,0,0,0,0,0,0,0.226,0,0,0,0,0,0,0,0,0,0,0,0,0.201,0,0,0,0,0,0,0,0,0,0.154,0,0.215,0
853226,0,0,0,0,0,0,0,0,0,0,0,0,0,0,0,0,0,0,0,0,0.661,0,0,0,0,0,0,0.161,0,0,0,0,0,0,0,0,0,0,0,0,0,0,0,0,0,0,0,0,0,0,0,0,0,0,0,0,0,0,0,0.803,0,0,0,0,0,0,0,0.193,0,0.193,0.412,0,0,0,0,0,0,0.207,0,0,0,0,0.161,0,0,0,0,0,0,0,0,0,0,0,0,0,0,0,0,0,0,0.15,0,0,0,0,0,0,0.764,0,0,0,0,0,0,0,0,0,0,0,0,0,0,0,0.181,0,0,0,0.276,0,0,0,0,0,0,0,0,0,0,0,0,0,0,0,0,0,0,0,0,0.173,0,0.539,0,0,0,0,0,0,0,0,0,0,0,0,0,0,0,0.321,0,0,0.473,0,0,0,0,0,0,0,0,0,0,0,0,0,0,0,0,0,0.363,0,0,0,0,0,0.232,0,0,0,0,0,0,0,0.273,0.159,0,0,0,0,0,0,0,0,0,0,0,0,0,0,0,0,0,0,0,0,0,0,0.161,0,0,0,0,0,0,0,0,0,0,0,0,0,0,0,0,0,0,0,0,0,0,0,0,0,0,0,0,0,0,0,0,0,0,0,0,0,0,0,0,0,0,0,0,0,0,0,0,0,0,0,0,0,0,0,0,0.186,0,0,0,0,0,0,0,0,0,0,0.29,0,0,0,0,0,0,0,0,0,0,0,0,0,0,0,0,0,0,0,0,0,0,0,0,0,0.152,0,0,0,0,0,0.231,0,0.234,0,0,0.161,0,0,0,0,0,0,0,0,0,0,0,0,0.927,0,0,0,0,0,0,0,0,0,0,0,0,0,0,0,0,0,0.237,0,0,0,0.309,0,0,0,0,0,0,0,0,0,0,0,0,0,0,0.449,0,0,0.218,0,0,0,0,0,0,0,0,0,0,0,0,0,0,0,0,0,0,0,0,0,0,0,0,0,0,0,0,0,0,0,0,0,0,0,0,0,0,0,0,0,0,0,0,0,0.185,0,0,0,0,0,0,0,0,0,0,0,0,0,0,0,0,0,0,0,0,0,0,0,0,0,0,0,0,0,0,0,0,0,0,0,0,0,0,0,0,0,0,0,0,0,0,0,0,0,0,0,0,0,0,0,0,0,0.196,0,0,0,0,0,0,0,0,0,0,0,0,0,0,0,0,0,0,0,0,0,0,0,0,0,0,0,0,0,0,0,0,0,0,0,0,0,0,0,0,0.153,0,0,0,0,0,0,0,0,0,0,0,0,0,0,0,0,0,0,0,0,0,0,0,0.177,0,0,0,0,0,0,0,0,0.166,0,0,0,0,0,0,0,0,0,0,0,0,0,0,0,0,0,0,0,0,0,0,0,0,0,0,0,0,0,0,0,0,0,0,0,0,0,0,0,0,0,0,0,0,0,0,0,0,0,0,0,0,0,0,0,0,0,0,0,0,0,0,0,0,0,0,0,0,0,0,0,0,0,0,0,0,0,0,0,0,0,0,0,0,0,0,0,0,0,0,0,0,0,0,0,0,0,0,0,0,0,0,0,0,0,0,0,0,0,0,0,0,0,0,0,0,0,0,0.159,0,0,0,0,0,0,0.198,0,0,0,0,0,0,0.5,0,0,0,0,0,0,0,0,0,0,0,0.232,0,0,0,0,0,0,0,0,0,0,0,0,0,0,0,0,0,0,0,0,0,0,0,0,0,0,0,0,0,0,0,0,0,0,0,0,0,0,0,0,0,0,0,0,0,0,0,0,0,0,0,0,0,0,0,0,0,0,0,0,0,0,0,0,0,0,0,0,0,0,0,0,0,0,0,0,0,0,0,0,0,0,0,0,0,0,0,0,0,0,0,0,0,0,0,0,0,0,0,0,0,0,0,0,0,0,0,0,0,0,0,0,0,0,0,0,0,0,0,0,0,0,0,0,0,0,0,0,0,0,0.333,0,0,0,0,0.171,0,0,0,0,0,0,0,0,0,0.958,0,0,0,0,0,0,0,0,0,0,0,0,0,0,0,0,0,0,0,0,0,0,0,0,0,0,0,0,0,0,0,0,0,0,0,0,0,0,0,0,0,0,0,0,0,0,0,0,0,0,0.29,0,0,0,0,0,0,0,0,0,0,0,0,0,0,0,0,0,0,0,0,0,0,0,0,0,0,0,0,0,0,0,0,0,0,0,0,0,0,0,0,0,0,0,0,0.155,0,0,0,0,0.338,0,0,0,0.276,0,0,0,0,0,0,0,0,0,0,0,0,0,0,0,0,0,0,0,0,0,0,0,0,0,0,0,0,0,0,0,0,0,0,0,0,0.339,0,0,0,0,0.15,0.615,0,0,0,0,0.309,0,0.447,0,0.192,0,0,0,0,0.276,0,0,0,0,0,0,0,0.196,0,0,0,0,0,0,0,0,0,0,0,0,0,0,0.288,0,0,0,0,0,0,0.245,0,0,0,0.593,0,0,0,0,0,0,0,0,0,0,0,0,0,0,0.413,0,0,0,0,0,0,0,0,0,0,0,0,0,0,0,0,0,0,0,0,0,0,0,0,0,0.881,0,0,0,0,0,0,0,0,0,0,0,0.29,0,0,0,0,0,0,0,0,0,0,0,0,0,0,0,0,0,0,0,0,0.191,0,0,0,0,0,0,0,0,0,0,0,0,0,0.316,0,0.336,0,0,0,0,0,0,0,0,0,0,0,0,0,0,0,0,0,0.232,0.203,0,0,0,0,0,0,0,0,0,0,0,0,0,0,0,0,0,0,0,0,0,0,0,0,0,0,0,0,0,0.154,0,0,0,0,0,0,0,0,0,0,0,0,0,0,0,0,0,0,0,0,0,0,0,0,0,0,0,0,0,0,0,0,0,0,0,0,0,0,0,0,0,0,0,0,0,0,0,0,0,0,0,0,0,0,0,0,0,0.181,0,0,0,0,0,0.157,0,0,0,0,0,0,0,0,0,0,0,0,0,0,0,0.406,0.333,0,0,0,0.275,0,0,0,0,0,0,0,0,0,0,0.556,0,0,0,0,0,0,0,0,0,0,0,0,0,0,0,0,0,0,0,0,0,0.226,0,0,0,0,0,0,0,0.298,0,0,0,0,0,0,0,0,0,0,0,0,0,0,0,0,0,0,0,0.322,0,0,0,0,0,0.232,0,0,0,0,0,0,0,0,0,0,0,0,0,0,0,0,0,0,0,0,0,0,0,0,0,0,0,0,0,0,0,0,0,0,0.275,0,0,0,0,0,0,0,0,0,0,0,0,0,0,0,0,0,0,0,0,0,0,0,0,0.405,0,0,0,0,0,0,0.638,0,0,0,0.298,0,0,0,0,0,0,0,0,0,0,0,0,0,0,0,0,0,0,0,0,0,0,0,0,0,0,0,0,0,0,0,0,0,0,0,0,0,0,0,0,0,0,0,0,0,0,0,0,0,0,0,0,0,0,0,0,0,0,0,0,0,0,0,0,0,0,0,0,0,0,0,0,0,0.969,0,0,0,0,0.352,0,0,0,0,0,0,0,0,0,0,0,0,0,0,0,0,0,0,0.288,0,0,0,0,0,0,0,0,0,0,0,0,0,0,0,0,0,0,0,0,0,0,0,0,0,0,0,0.396,0,0,0,0,0,0,0,0,0,0,0,0,0,0,0,0,0.173,0,0,0,0,0.166,0,0,0,0.192,0,0,0,0.183,0.447,0.512,0,0,0,0,0.425,0.193,0,0,0,0,0.179,0,0,0,0,0,0,0,0,0,0,0,0,0,0,0,0,0,0.558,0,0,0,0.528,0.582,0,0,0,0,0,0.921,0,0,0,0.93,0.457,0.957,0,0,0,0,0,0,0,0,0,0,0,0,0,0,0,0,0,0,0,0,0,0,0,0,0,0,0,0,0,0,0,0,0,0,0,0,0,0,0,0,0,0,0,0,0,0,0,0,0,0,0,0,0,0,0,0,0,0,0,0,0,0,0.395,0,0,0,0,0,0.181,0,0,0,0,0,0,0,0,0,0,0.226,0,0,0,0,0,0,0,0,0,0,0,0,0,0,0,0,0,0,0,0,0,0,0,0,0,0,0,0,0,0,0.152,0,0,0,0.357,0,0,0,0,0,0.203,0,0,0,0,0,0,0,0,0,0,0,0,0,0,0,0,0,0,0,0,0,0,0,0,0,0,0.206,0,0,0,0,0,0,0,0,0,0,0,0.187,0,0,0.228,0,0,0,0,0,0,0,0,0,0,0,0,0,0,0,0,0,0,0,0,0,0,0,0,0,0,0,0.769,0,0,0,0,0,0,0.333,0,0,0,0,0,0,0,0,0,0,0,0,0,0.574,0,0,0,0,0,0,0,0,0,0,0,0,0,0,0,0,0,0,0,0,0,0,0,0,0,0,0,0,0,0,0,0,0,0,0.602,0,0,0,0,0,0,0,0,0,0,0,0,0,0,0,0,0,0,0,0,0,0,0,0,0,0,0,0,0,0,0,0,0,0,0,0,0,0,0,0,0,0,0,0,0,0,0,0,0,0,0,0,0,0,0,0,0,0,0,0,0,0,0,0,0,0,0,0,0,0,0,0.444,0,0,0,0,0,0,0,0.798,0,0,0,0,0,0,0.975,0,0,0,0,0,0,0,0,0,0,0,0,0,0,0,0,0,0,0,0,0,0,0,0,0,0,0,0,0,0.203,0,0,0,0,0,0,0,0,0,0,0,0,0,0,0,0,0,0,0,0,0,0,0,0,0,0,0,0,0,0,0,0,0,0,0.309,0,0,0,0,0,0,0,0,0,0,0,0,0,0,0,0,0,0,0,0,0,0,0,0,0,0,0,0,0,0,0,0,0,0,0.525,0,0,0,0,0,0,0,0,0,0,0,0,0,0,0,0,0,0,0,0,0,0,0,0,0,0.161,0,0,0,0,0,0,0,0,0,0,0,0,0,0,0,0,0,0.625,0,0.161,0,0,0,0,0,0,0,0,0,0,0,0,0,0,0.337,0,0,0,0.336,0,0,0,0,0,0,0,0,0,0,0,0,0,0,0,0,0,0,0,0,0,0,0,0,0,0,0,0,0,0,0,0,0,0,0,0,0,0,0,0,0,0,0,0,0,0,0,0,0,0,0,0,0,0,0,0,0,0,0,0,0,0,0,0,0,0,0,0,0,0,0,0,0,0,0,0,0,0,0,0,0,0,0,0,0,0.39,0,0,0.288,0,0,0,0,0,0,0,0,0,0,0,0,0,0,0,0,0,0.195,0,0,0,0,0,0,0,0,0,0,0,0.602,0,0,0,0,0,0,0,0,0,0,0,0,0,0,0,0,0,0,0.32,0,0.486,0,0,0,0,0,0,0,0,0,0,0,0,0,0,0,0,0,0,0,0,0,0,0,0.453,0,0,0,0,0,0,0,0,0,0,0,0,0,0,0,0,0,0,0,0,0,0,0,0,0,0,0,0,0,0,0,0,0,0,0,0,0,0,0,0,0,0,0,0,0,0,0,0,0,0,0,0,0,0,0,0,0,0,0,0,0,0,0,0,0,0,0,0,0,0,0,0,0.6,0,0,0,0,0,0,0,0,0.307,0,0,0,0,0,0,0,0,0,0,0,0,0,0,0,0,0,0,0,0,0,0,0,0,0,0,0.235,0,0,0,0,0,0,0,0,0,0,0,0,0,0,0,0,0,0,0,0,0,0.15,0,0,0,0,0,0,0,0,0,0,0,0,0,0,0,0,0.174,0.353,0,0.394,0,0,0,0,0,0,0,0.171,0.225,0,0,0,0,0,0,0,0,0.981,0,0,0,0.603,0,0,0,0,0,0,0,0.942,0,0.439,0.283,0,0.487,0,0,0,0,0,0,0,0,0,0,0,0,0,0,0.162,0,0,0,0,0.308,0,0.157,0,0,0,0.226,0,0,0,0,0,0,0,0,0.327,0,0,0,0,0.161,0,0,0,0.531,0,0.907,0,0,0,0,0,0,0,0.905,0,0,0,0,0,0,0,0,0,0,0,0,0,0,0,0,0,0.494,0,0,0.291,0.351,0,0,0,0,0,0,0,0,0,0,0,0,0.232,0.282,0.438,0,0,0,0.209,0,0.256,0,0,0.536,0.242,0,0,0.805,0,0,0,0,0,0,0,0,0,0,0,0,0,0,0,0,0,0,0,0,0,0,0,0,0,0,0,0,0,0.377,0,0,0,0,0,0,0,0,0.622,0,0,0,0,0,0.479,0,0,0,0,0,0,0,0,0,0,0,0,0,0,0,0,0,0,0,0,0,0,0,0,0,0,0,0,0,0,0,0,0,0,0,0,0,0,0,0,0,0,0,0,0,0,0,0,0,0,0,0,0.247,0,0.268,0,0,0,0,0,0,0,0,0,0,0,0,0,0,0,0,0,0,0,0,0,0.311,0,0,0,0,0,0,0,0,0,0,0,0,0,0,0,0,0,0,0,0,0,0,0,0,0,0,0,0,0,0,0,0,0,0,0,0,0,0,0,0,0,0,0,0,0,0,0,0,0,0,0,0,0,0,0,0,0,0,0,0,0,0,0,0,0,0,0,0,0,0,0,0,0,0,0,0,0,0,0,0,0,0,0,0,0,0,0,0,0,0,0,0,0,0,0,0,0,0,0,0,0,0,0,0,0,0,0,0,0,0,0,0,0,0,0,0,0,0,0,0.155,0,0,0,0,0,0,0,0,0,0,0,0,0,0,0,0,0,0,0,0,0,0,0,0,0,0,0,0,0,0,0,0,0,0,0,0,0,0,0,0,0,0,0,0,0,0,0,0,0,0,0,0,0,0,0,0,0,0,0,0,0,0,0,0,0,0,0,0,0,0,0,0,0,0,0,0,0,0,0,0,0,0,0,0,0,0,0,0,0,0,0,0,0,0,0,0,0,0,0,0,0,0,0,0,0.184,0,0,0,0,0,0,0,0,0,0,0,0,0,0,0,0,0,0,0,0,0,0,0,0,0,0,0,0,0,0,0,0,0,0,0,0,0,0,0,0,0,0,0,0,0,0,0,0,0,0,0,0,0,0,0,0,0,0,0,0,0,0,0,0,0,0,0,0,0,0,0,0.206,0,0,0,0,0,0,0,0,0,0,0,0,0,0,0,0,0,0,0,0,0,0,0,0,0,0,0,0,0,0,0,0,0,0,0,0,0,0,0,0,0,0,0,0,0,0,0,0,0,0,0,0,0,0,0.24,0,0,0,0,0,0,0,0,0,0,0,0,0,0,0,0,0,0,0,0,0,0,0,0,0,0,0,0,0,0,0,0,0,0,0,0,0,0,0,0,0,0,0,0,0,0,0,0,0,0,0,0,0,0,0,0,0,0,0,0,0,0,0,0,0,0,0,0,0,0,0,0,0,0,0,0,0,0,0,0,0,0,0,0,0,0.355,0,0,0,0,0,0,0,0,0,0,0,0,0,0,0,0,0,0,0,0,0,0,0,0.186,0.182,0.163,0.514,0,0,0,0,0.682,0.545,0.194,0.229,0,0.317,0,0,0,0,0,0.192,0,0.169,0,0.159,0,0,0,0,0.214,0,0.151,0,0,0,0,0,0,0.297,0,0,0,0,0,0,0,0,0,0,0,0,0.351,0,0,0,0,0,0,0,0,0,0,0,0,0,0,0,0,0,0,0,0,0,0,0,0.4,0,0,0,0,0,0,0,0,0,0,0,0.591,0,0,0,0,0,0,0,0,0,0,0,0,0,0,0,0,0,0,0,0,0,0,0,0.196,0,0,0,0,0,0,0,0,0,0,0,0,0,0,0,0,0,0,0,0,0,0,0,0,0,0,0,0,0,0,0,0,0,0,0,0,0,0,0,0,0,0,0,0,0,0,0,0,0,0,0,0,0.195,0,0,0.396,0,0,0,0,0,0.435,0,0,0,0,0,0,0,0,0,0,0,0,0,0,0,0,0,0,0,0,0,0,0,0,0,0,0,0,0.26,0,0,0,0,0,0,0,0,0,0,0,0,0,0,0,0,0,0,0,0,0,0,0,0,0,0,0,0,0,0,0,0,0,0,0,0,0.229,0,0,0,0,0,0,0,0,0,0,0,0,0,0,0,0,0,0,0,0,0,0,0,0,0,0,0,0,0,0.228,0,0,0,0,0,0,0,0,0,0,0,0,0,0,0.691,0,0,0,0,0,0,0,0,0,0,0,0,0,0,0,0,0,0,0,0,0,0,0,0,0,0,0,0,0,0,0,0,0,0,0,0,0,0,0,0,0,0,0,0,0,0,0,0,0,0,0,0,0,0,0.162,0.171,0,0,0,0,0,0,0,0,0,0,0,0,0,0,0,0,0,0,0,0,0,0,0,0,0,0,0,0,0,0,0,0,0,0,0,0,0,0,0,0,0,0,0,0,0,0,0,0,0,0,0,0,0,0,0,0,0,0,0,0,0,0,0,0,0,0,0,0,0,0,0,0,0,0,0,0,0,0,0,0,0,0,0,0,0,0,0,0,0,0,0,0,0,0,0,0,0,0,0,0,0,0,0,0,0,0,0,0,0,0,0,0,0.313,0,0,0,0,0,0,0,0,0,0,0,0,0,0,0,0.191,0,0,0,0,0,0,0,0,0,0,0,0,0,0,0,0,0,0,0,0,0,0,0,0,0,0.79,0,0,0,0,0,0,0,0,0,0,0,0,0,0,0,0,0,0,0,0,0,0,0,0,0,0,0,0,0,0,0,0,0,0,0,0,0,0,0,0,0,0,0,0,0,0,0,0,0,0,0,0,0,0,0,0,0,0,0,0,0,0.473,0,0,0,0,0,0,0,0,0,0,0,0.549,0,0,0,0,0,0,0,0,0,0,0,0,0,0,0,0,0,0,0,0,0,0,0,0,0,0,0,0,0,0,0,0,0,0,0,0,0,0,0,0,0,0,0,0,0,0,0,0,0,0,0,0,0,0,0,0,0,0,0,0,0,0,0,0,0,0,0,0,0,0,0,0,0,0,0,0,0,0,0,0,0,0,0,0,0,0,0,0,0,0,0,0,0,0,0,0,0,0,0,0.394,0,0,0,0,0,0,0,0,0,0,0,0,0,0,0,0,0,0,0,0,0,0.576,0,0,0,0,0,0,0,0,0,0,0,0,0,0,0,0,0,0,0,0,0,0,0,0,0,0,0,0,0,0,0,0,0.946,0.298,0,0,0,0,0,0,0,0.332,0,0,0,0,0,0,0,0,0,0,0,0,0,0,0,0,0,0,0,0.339,0,0,0,0,0,0,0,0,0,0,0.26,0,0,0,0,0,0.316,0,0,0,0,0,0,0,0,0,0,0,0,0,0,0,0,0,0,0,0.29,0,0,0,0,0,0,0,0,0,0,0,0,0,0,0,0,0,0,0,0,0,0,0,0,0,0,0,0,0,0,0,0,0,0,0,0,0,0,0,0,0,0,0,0,0,0,0.394,0.154,0,0,0,0.249,0,0,0,0,0.161,0,0,0,0,0,0.179,0,0,0.218,0,0,0,0,0,0,0,0,0,0.64,0,0.957,0,0,0,0,0,0,0,0.193,0,0,0,0,0,0,0,0,0,0,0,0,0,0,0,0,0,0,0,0,0,0,0,0,0,0.584,0,0,0,0,0,0,0,0,0,0,0,0,0,0,0,0,0,0,0,0,0,0,0,0,0,0,0,0,0.302,0,0,0,0,0,0,0,0,0.159,0,0,0,0,0,0,0,0,0,0,0,0,0,0,0,0,0,0,0,0,0,0,0,0,0,0,0,0,0,0,0,0,0,0,0,0,0,0,0,0,0,0,0,0,0,0,0,0,0,0,0,0,0,0,0,0,0,0,0,0,0,0,0,0,0,0,0,0,0,0,0,0,0,0,0,0,0,0,0,0,0,0,0,0,0,0,0,0,0,0,0,0,0,0,0,0,0,0,0,0,0,0,0,0,0,0,0,0,0.277,0,0,0,0,0,0,0,0,0,0,0,0,0,0,0,0,0,0,0,0.481,0,0,0,0,0,0,0,0,0,0,0,0,0,0,0,0,0,0,0,0.171,0,0,0,0,0,0,0,0.323,0,0,0,0,0,0,0,0,0,0,0,0,0,0.334,0,0,0,0,0,0,0,0,0,0,0,0
851724,0.501,0.16,0,0,0,0,0.991,0,0.257,0.195,0,0,0,0,0,0,0.23,0,0.501,0,0,0,0,0,0.16,0,0,0,0,0,0,0,0.473,0,0,0,0,0,0,0,0,0,0,0,0,0,0,0,0,0,0,0,0,0,0,0,0,0,0,0,0.16,0.259,0,0,0,0,0.201,0,0,0,0.223,0,0,0,0,0,0,0,0.251,0,0,0.9,0,0,0.227,0.16,0,0,0.5,0.234,0,0,0,0,0.16,0,0.501,0.16,0.219,0,0,0,0,0.274,0,0.233,0.16,0.37,0,0,0,0,0.901,0,0,0,0,0,0.224,0,0,0.299,0,0,0,0,0,0,0,0,0.641,0,0,0,0.227,0.489,0,0,0,0,0,0,0,0,0,0.158,0,0,0,0,0.158,0,0.168,0.163,0,0,0.301,0,0,0.453,0,0,0,0,0.175,0,0,0,0,0,0,0.353,0,0,0,0.197,0.394,0,0,0,0,0,0,0.153,0,0,0,0,0.396,0,0.19,0,0,0,0,0.91,0,0.449,0.81,0,0,0,0.959,0,0,0,0,0,0,0,0,0,0,0,0,0,0,0.181,0.929,0,0,0,0,0,0,0,0,0.166,0,0.153,0,0,0,0,0.168,0.259,0,0,0,0,0,0,0.985,0,0,0.159,0,0.205,0,0,0,0.186,0,0,0,0,0,0,0,0.186,0,0,0,0.217,0,0,0.539,0,0,0,0,0,0,0.241,0.906,0,0,0,0,0,0,0,0,0,0,0,0,0,0,0,0,0,0,0,0.355,0,0,0,0,0,0,0.295,0,0.209,0,0,0,0,0,0,0,0,0,0.99,0,0.174,0,0,0.4,0,0,0,0,0,0,0,0,0,0,0,0,0.393,0,0,0,0.876,0,0,0.193,0,0,0,0,0,0,0,0.412,0,0,0.845,0,0,0,0,0.194,0,0,0,0.444,0,0,0,0,0.172,0,0,0,0,0,0,0.192,0,0,0,0,0,0,0,0,0,0.367,0,0,0,0,0,0,0,0,0,0,0,0,0.203,0,0,0,0,0,0,0,0,0.17,0,0,0,0,0,0.169,0.153,0,0,0,0.156,0,0,0,0,0.37,0,0,0,0,0,0,0,0,0.213,0,0.298,0,0,0.977,0,0,0.256,0,0.61,0,0,0,0.54,0,0,0,0,0,0.986,0,0,0,0,0,0.297,0,0,0,0,0,0,0,0,0,0,0.222,0.167,0,0,0,0,0,0,0,0.568,0.9,0,0,0,0,0,0,0,0,0,0,0,0,0,0.392,0,0,0,0,0,0,0,0,0,0,0,0,0.568,0,0,0,0,0,0.165,0,0,0,0,0,0,0.551,0,0.228,0,0,0,0.294,0,0,0,0,0,0,0,0,0,0,0,0,0,0,0,0,0,0,0.322,0,0,0,0,0,0.79,0,0,0,0,0,0,0,0,0,0,0,0.276,0,0,0,0,0,0,0,0,0,0,0,0,0,0.41,0,0,0,0,0,0.446,0,0,0,0,0,0,0.379,0,0,0,0.155,0,0,0,0.379,0,0,0,0,0,0,0,0.214,0,0,0,0,0,0,0,0,0,0,0,0,0.396,0,0,0,0,0,0.764,0,0,0.151,0,0,0,0,0.178,0.167,0,0,0.559,0,0,0,0,0.559,0,0,0,0,0,0.928,0,0,0,0,0,0,0.227,0.613,0,0,0,0,0.332,0,0,0,0,0,0,0,0,0,0,0,0,0,0,0,0,0.882,0,0,0,0.191,0,0,0,0,0,0,0,0,0.738,0,0,0,0,0,0,0,0,0,0,0,0,0,0,0,0,0,0,0.19,0,0,0.2,0,0,0,0.994,0.772,0.171,0,0,0,0,0,0,0,0,0.165,0.553,0.446,0,0,0,0,0,0,0,0,0,0,0,0,0.472,0,0,0.216,0,0,0,0,0,0,0,0.168,0,0,0,0,0,0,0,0,0,0,0,0,0,0,0,0,0,0,0,0,0,0,0,0,0.173,0,0,0,0,0,0,0,0,0,0,0.19,0,0,0.195,0.167,0,0.194,0,0,0,0,0.39,0.209,0,0,0.29,0,0,0,0,0,0,0,0,0.154,0.442,0,0,0,0,0,0,0,0,0,0,0,0,0,0,0,0,0,0.554,0,0,0,0.162,0,0,0,0,0,0,0,0,0,0,0,0,0,0,0,0,0,0,0,0,0.155,0.188,0,0,0,0.551,0,0,0,0,0,0.196,0.722,0,0.454,0,0,0,0,0,0,0,0,0.905,0.211,0.215,0,0,0,0,0,0,0,0,0,0.3,0,0,0,0,0,0.543,0,0,0,0,0,0.203,0,0,0,0,0,0,0,0.565,0,0,0,0.182,0,0,0,0.17,0,0,0.158,0,0,0,0.172,0,0,0.489,0.169,0,0,0,0,0,0,0,0,0.165,0,0.151,0.191,0,0,0,0,0,0,0,0.242,0,0,0,0,0,0,0,0,0,0,0,0,0,0,0,0,0,0,0,0,0,0,0,0,0,0,0,0,0,0,0,0,0.338,0,0,0,0,0,0,0,0,0,0,0,0,0,0,0,0,0,0,0,0,0,0,0,0,0,0,0,0,0.19,0,0,0,0,0,0,0,0,0,0,0,0,0,0,0,0,0,0,0.15,0,0,0,0,0,0,0,0,0,0.157,0,0,0,0,0,0.904,0,0.41,0.412,0,0.177,0.21,0,0,0,0,0,0.254,0,0.28,0,0,0,0,0.223,0,0,0.167,0.403,0,0.187,0,0,0.153,0.229,0,0.199,0,0,0,0,0,0,0.197,0,0.164,0.165,0,0,0,0,0.195,0.189,0,0.538,0.75,0,0.262,0.199,0.158,0,0,0,0,0,0,0,0,0,0,0,0,0,0.4,0,0.199,0,0,0.384,0,0,0.464,0,0.607,0,0,0,0.199,0.252,0,0,0.199,0,0,0.968,0,0.89,0,0,0.168,0,0,0.379,0,0,0,0,0,0.169,0,0,0,0,0,0,0.335,0,0.171,0,0.197,0,0.375,0,0.199,0,0.187,0,0,0,0,0,0,0,0,0,0.17,0,0,0,0.181,0,0,0,0.179,0,0.266,0.228,0.645,0.484,0,0,0,0.19,0,0.904,0,0,0.155,0,0.226,0.278,0,0.286,0,0.308,0.726,0.576,0,0.311,0.224,0,0,0,0,0,0.916,0,0,0.32,0.904,0,0,0,0.269,0.911,0,0,0,0,0,0,0,0,0.178,0,0,0.437,0,0,0,0,0,0,0.232,0,0,0,0.366,0.384,0.167,0,0.271,0.191,0,0,0,0,0,0,0.197,0,0.214,0.19,0.34,0.593,0.233,0,0.159,0,0,0,0,0,0,0,0.47,0.29,0.167,0,0.232,0,0.301,0,0,0.186,0.465,0.16,0,0,0.934,0.41,0,0,0.199,0,0,0,0,0,0,0,0,0.269,0,0.394,0,0,0.375,0.195,0,0.168,0.309,0.178,0,0.29,0.155,0,0,0,0,0,0,0.94,0,0,0,0,0.164,0,0,0,0,0,0,0,0,0.274,0.192,0,0,0,0.965,0.197,0,0,0.176,0,0.28,0.557,0.158,0.698,0,0,0,0,0,0.907,0,0.666,0,0,0.622,0.904,0,0,0,0,0.497,0.532,0,0,0,0,0.438,0,0,0,0.158,0,0,0,0,0.575,0.19,0,0,0,0,0,0,0.258,0.218,0,0,0,0,0,0,0,0,0.287,0,0,0,0,0,0,0,0.962,0,0,0.281,0,0.274,0,0,0.164,0,0.199,0.331,0.204,0.748,0,0,0,0,0,0,0,0,0.178,0,0,0,0,0,0.77,0.226,0.793,0,0,0.171,0,0.22,0,0.894,0,0.365,0,0.513,0,0,0.391,0,0.303,0,0,0,0.175,0.191,0,0.279,0,0,0.154,0,0,0,0,0,0.558,0,0.927,0,0,0.961,0.198,0.226,0.21,0,0,0.199,0.169,0,0,0,0,0,0,0.761,0,0.167,0,0.182,0,0,0.553,0,0,0,0,0,0,0,0,0.9,0.199,0,0.572,0,0,0,0,0,0,0,0,0,0.192,0.267,0.157,0,0.161,0,0,0,0,0.286,0,0,0,0.187,0,0,0,0,0.55,0,0,0,0,0,0,0,0.425,0,0.323,0,0,0,0,0,0,0.155,0,0,0,0,0,0.196,0,0,0,0,0,0,0,0,0,0,0,0,0.19,0,0,0,0,0,0,0,0,0,0,0,0,0.248,0,0,0,0,0,0,0,0,0,0,0,0,0,0,0,0,0,0.219,0,0,0,0,0,0,0,0,0,0,0,0,0.152,0,0,0,0,0,0,0,0,0,0,0,0,0,0,0,0,0,0,0,0,0,0,0,0,0,0,0,0,0,0,0,0,0,0,0,0,0,0,0,0,0.409,0,0,0,0.195,0,0,0,0,0,0,0.287,0,0,0,0,0.489,0,0,0,0,0,0.901,0,0,0,0,0.16,0,0,0,0,0,0,0,0,0,0,0,0,0,0,0,0,0,0,0,0,0,0,0,0,0,0,0,0,0,0,0,0.155,0,0,0,0,0,0,0,0,0,0,0,0,0,0,0,0,0,0,0,0,0,0.181,0,0,0,0,0,0,0,0,0,0,0.153,0,0,0,0,0,0,0,0,0,0,0,0,0,0,0,0,0,0,0,0,0,0,0,0,0,0,0,0,0,0,0,0,0,0,0,0,0,0,0,0,0,0,0,0,0,0,0,0,0,0,0,0,0,0,0,0,0,0,0,0,0,0,0,0,0,0,0,0,0,0,0,0,0,0,0,0,0,0,0,0,0,0,0,0,0,0,0,0,0,0,0,0,0,0,0,0,0,0,0.903,0,0,0,0,0,0,0,0,0.901,0,0,0,0,0,0,0,0,0,0.191,0,0,0,0,0,0,0,0,0,0,0,0,0,0,0,0,0,0,0,0,0,0,0,0,0,0,0,0,0,0,0,0,0,0,0.346,0,0,0,0,0,0,0,0,0.21,0,0,0,0,0,0,0,0,0,0,0,0,0,0,0,0,0,0,0,0,0,0,0,0,0,0,0,0,0,0,0,0,0.364,0.341,0,0,0,0,0,0,0,0,0,0,0,0,0,0.192,0,0,0,0,0,0,0,0,0,0,0,0,0,0,0,0,0,0.186,0,0,0,0,0,0,0,0,0,0,0,0,0,0.774,0,0,0,0,0,0,0,0,0.167,0,0,0,0,0,0,0,0,0,0,0,0,0,0,0,0,0,0,0,0,0,0,0,0,0,0,0.171,0,0,0,0,0,0,0,0,0,0.191,0,0,0,0,0,0,0,0,0,0,0,0,0,0,0,0,0,0,0,0,0,0,0,0,0,0,0.216,0,0,0,0,0,0,0,0,0,0,0,0,0,0,0,0,0,0,0,0,0,0,0,0.159,0,0,0,0.902,0,0,0,0.163,0,0,0.192,0,0,0,0.465,0,0,0,0.542,0,0,0,0.74,0,0,0,0,0,0,0,0.59,0,0,0,0,0,0,0,0,0.296,0,0,0.185,0,0,0,0,0,0.229,0,0,0,0,0,0,0,0,0,0,0,0,0,0,0,0,0,0,0,0,0,0,0,0,0,0,0,0,0,0,0,0,0,0,0,0,0,0,0,0,0,0,0,0,0,0,0,0,0,0,0,0,0,0,0.288,0,0,0,0,0,0,0,0,0,0,0,0,0,0,0,0,0,0,0,0,0,0,0,0,0,0,0,0,0,0,0,0,0,0,0,0,0,0,0,0,0,0.565,0,0,0,0,0,0,0,0,0,0,0,0,0,0,0,0,0,0,0,0,0,0,0,0,0.242,0,0,0,0,0.224,0,0,0,0,0,0,0,0.195,0,0,0,0,0,0,0,0,0,0,0,0,0,0,0,0,0,0,0,0,0,0,0,0,0,0,0,0,0,0,0,0,0,0,0,0,0,0,0,0,0,0,0,0,0.171,0,0,0,0,0,0,0,0,0,0,0,0,0,0,0,0,0,0,0,0.207,0,0,0,0,0,0.168,0,0,0,0.172,0,0,0,0,0,0,0,0,0.172,0,0,0.239,0,0,0,0,0,0,0.586,0,0.163,0,0,0,0,0,0,0,0,0,0,0,0,0,0,0,0,0,0,0,0,0,0,0,0,0,0,0,0,0.209,0,0,0,0,0.213,0,0,0,0,0,0,0,0,0,0,0,0,0,0,0,0,0,0,0,0,0,0,0,0,0,0,0,0,0,0,0,0,0,0,0,0,0,0,0,0,0,0,0,0,0,0.188,0,0,0,0,0,0,0,0,0,0,0,0,0,0,0,0,0,0,0,0,0,0,0,0,0,0,0,0,0,0,0,0,0,0,0,0,0,0,0,0,0,0,0,0,0,0,0,0,0,0,0,0,0.207,0,0,0,0,0,0,0,0,0,0,0,0,0,0,0,0,0,0,0,0,0,0,0,0,0,0,0,0,0,0,0,0,0,0,0.155,0,0,0,0,0.167,0,0.159,0,0,0,0,0,0,0,0,0,0,0,0,0,0,0,0.165,0,0,0,0,0,0,0,0,0,0,0,0,0,0,0,0,0,0,0.16,0,0,0,0.172,0,0,0,0,0,0,0,0.16,0,0,0,0,0,0,0,0,0,0,0.376,0,0,0,0,0.15,0,0,0,0,0,0,0,0,0,0,0,0,0,0,0,0.368,0,0.9,0,0,0,0,0,0,0,0,0,0,0,0,0,0,0,0.16,0,0,0,0,0,0,0,0,0,0,0,0,0,0,0,0,0,0.191,0,0,0,0,0,0,0,0,0,0,0,0.225,0,0,0,0,0,0,0.196,0,0,0,0,0,0,0,0,0,0,0,0,0,0,0,0,0,0,0,0,0,0.169,0,0,0,0,0.199,0,0,0,0,0,0,0,0,0,0,0,0,0,0,0,0,0,0,0,0,0,0,0,0,0,0,0,0,0,0,0,0,0,0,0,0,0,0,0,0,0,0,0,0,0,0,0,0,0,0,0,0.183,0,0,0,0,0,0.47,0,0,0,0,0,0,0,0,0,0,0,0,0,0,0,0,0,0,0,0,0,0,0,0,0,0,0,0.198,0,0,0,0,0,0,0,0,0,0,0,0,0,0,0,0,0,0,0,0,0,0,0,0,0,0,0,0,0,0,0,0,0,0,0,0,0,0,0,0,0,0,0,0,0,0,0,0,0,0,0,0,0,0,0,0,0,0,0,0,0,0,0,0,0,0,0,0,0,0,0,0.199,0,0.372,0,0,0,0,0,0,0,0,0,0,0.911,0,0,0,0,0,0,0,0,0.197,0,0,0.167,0,0,0,0,0,0,0,0,0,0,0.906,0,0,0,0.9,0,0,0,0,0,0,0,0,0,0,0,0,0,0,0,0,0,0,0,0,0,0,0,0,0,0,0,0.198,0,0,0,0,0,0,0,0,0,0,0,0,0,0.25,0,0,0,0,0,0,0,0,0,0,0,0,0,0,0,0,0,0,0,0,0,0.333,0,0,0,0,0,0,0,0,0,0,0,0,0,0,0,0,0,0,0,0,0,0,0.61,0,0,0,0,0,0,0,0,0,0,0,0,0,0,0,0,0,0,0,0,0,0,0,0,0,0,0,0,0,0,0,0,0,0,0,0,0,0,0,0,0,0,0,0,0,0,0,0,0,0,0,0,0,0,0,0,0,0,0,0,0,0,0,0,0,0,0,0,0,0,0,0,0,0.183,0,0,0,0,0,0,0,0,0,0,0,0,0,0,0,0,0,0,0,0,0,0,0,0,0,0,0,0,0,0,0,0.183,0,0,0,0,0,0.537,0,0,0,0,0,0,0,0,0,0,0,0,0,0,0,0,0,0,0,0,0,0,0,0,0,0,0,0,0,0,0,0,0,0.156,0,0,0,0,0,0,0,0,0,0,0,0,0,0,0,0,0,0,0,0,0,0,0,0,0,0,0,0,0,0,0,0,0,0,0,0,0,0,0,0,0,0,0,0,0,0,0,0,0,0,0,0,0,0,0,0,0,0,0,0,0,0,0,0,0,0.9,0,0,0,0,0,0,0,0,0,0,0,0,0,0,0,0,0,0,0,0,0,0,0,0,0,0,0,0,0,0,0,0,0,0,0,0,0,0,0,0,0,0,0,0,0,0,0,0,0,0,0,0,0,0,0.229,0,0,0,0,0,0,0,0,0,0,0,0,0,0,0,0,0,0,0,0,0,0,0,0,0,0,0,0,0,0,0,0,0,0,0,0,0,0,0,0,0,0,0,0,0,0,0,0,0,0,0,0,0,0,0,0,0,0,0,0,0,0,0,0,0,0,0,0,0,0,0,0,0,0,0,0,0,0,0,0,0,0,0,0,0,0,0,0,0,0,0,0,0,0,0,0,0,0,0,0,0,0,0,0,0,0,0,0,0,0,0,0,0,0,0,0,0,0,0,0,0,0,0,0,0,0,0,0,0,0,0,0,0,0,0,0,0,0.161,0,0,0,0,0,0,0,0,0,0,0,0,0,0,0,0,0,0,0,0,0,0,0,0,0,0,0,0,0,0,0,0,0,0,0,0,0.962,0,0,0,0,0,0,0,0,0,0,0,0,0,0,0,0,0.311,0,0.819,0,0,0,0,0.97,0,0,0,0,0,0,0,0,0,0,0,0,0,0,0.25,0,0.265,0,0,0.165,0,0,0,0,0,0,0,0,0,0,0,0,0,0,0,0,0,0,0,0,0,0,0.906,0,0,0,0,0,0,0,0,0,0,0,0,0,0,0,0,0,0,0,0,0,0,0,0,0,0,0,0,0,0,0,0,0,0,0,0,0,0,0,0,0,0,0,0,0,0,0,0,0,0,0,0,0,0,0,0,0,0,0,0,0,0,0,0,0,0,0,0,0,0,0,0,0,0,0,0,0,0,0,0,0,0,0,0,0,0,0,0,0,0,0,0,0,0,0,0,0,0,0,0,0,0,0,0,0,0,0,0,0,0.185,0,0,0,0,0,0.229,0,0,0,0,0,0,0,0,0.161,0,0,0,0,0,0,0,0,0,0,0,0,0,0,0,0,0,0,0,0,0,0,0,0,0,0,0,0,0,0,0,0,0,0,0,0,0,0,0,0,0,0,0,0,0,0,0,0,0,0,0,0,0,0,0,0.564,0,0.399,0,0,0,0,0,0,0,0,0,0,0,0,0,0,0,0,0,0,0,0,0,0,0,0,0,0,0,0,0,0,0,0,0,0,0,0,0,0,0,0.918,0,0,0,0,0,0.231,0,0,0,0,0,0,0,0,0,0,0,0,0,0,0,0,0,0,0,0,0,0,0,0,0,0,0,0,0,0.275,0,0,0,0.921,0,0,0,0,0,0,0,0,0,0,0,0,0,0,0,0,0,0,0,0,0,0,0,0,0,0,0,0,0,0.9,0,0,0,0,0,0,0,0.402,0,0,0,0,0,0,0,0,0,0,0,0,0,0,0,0,0,0,0,0,0,0,0,0,0,0,0,0,0,0,0.226,0,0.284,0,0,0,0,0,0,0,0,0,0,0,0,0,0,0,0,0,0,0.52,0,0,0,0,0,0,0,0,0,0,0,0,0,0,0,0,0,0,0,0,0,0,0,0,0,0,0,0,0,0.642,0.158,0,0,0,0,0,0,0,0,0,0,0,0,0,0,0,0,0.304,0,0,0,0.248,0,0,0,0,0,0,0,0,0,0,0,0,0,0,0,0,0,0.241,0,0,0,0.596,0,0,0,0,0,0,0,0,0,0,0,0,0,0,0,0,0,0,0,0,0,0,0,0,0,0,0,0,0,0,0,0,0,0,0,0,0,0,0,0,0,0,0,0,0,0,0,0,0,0,0,0,0,0,0,0,0,0,0,0,0,0,0,0,0,0,0.643,0,0,0,0,0,0,0,0,0,0,0,0,0,0,0,0,0,0,0,0,0,0,0,0,0,0,0,0,0,0,0,0,0,0.365,0,0,0,0,0,0,0,0,0,0,0,0,0,0,0,0,0,0,0,0,0,0,0,0,0,0,0,0,0,0,0.159,0,0,0,0,0,0,0,0,0,0,0,0,0,0,0,0,0,0,0,0,0,0,0,0,0,0,0,0,0,0,0,0,0,0,0,0,0,0,0,0,0,0,0,0,0,0,0,0,0,0,0,0,0,0,0.19,0,0,0,0,0,0,0,0,0,0,0,0,0,0,0,0,0,0,0,0.22,0,0,0,0.226,0,0,0,0.219,0,0,0,0,0,0,0,0,0,0,0,0,0,0,0,0,0,0,0,0,0,0,0,0,0,0,0.445,0.294,0,0,0,0,0,0,0.655,0,0,0,0,0,0,0,0,0,0.551,0,0,0,0,0,0,0,0,0,0,0,0,0,0,0,0,0,0,0,0,0,0,0,0,0,0,0,0,0,0.436,0,0,0,0.276,0,0,0,0,0,0.161,0,0,0,0,0.2,0,0,0,0,0,0,0,0,0,0,0,0,0,0,0,0,0,0,0,0,0,0,0,0,0,0,0,0,0,0,0,0,0,0,0,0,0,0,0,0,0,0,0,0,0,0
850877,0,0.168,0,0,0,0,0.153,0.184,0,0,0,0,0,0,0,0,0,0,0,0.162,0,0,0,0,0.204,0.175,0.275,0,0,0.16,0,0,0,0,0,0,0,0,0,0,0,0,0,0,0,0,0,0,0,0,0,0,0,0,0,0,0,0,0,0,0.196,0,0,0,0,0,0,0,0,0,0.153,0,0,0,0.351,0,0.277,0,0,0,0,0,0,0,0,0.174,0.195,0,0.159,0,0,0,0,0,0.278,0,0,0.174,0.287,0,0.21,0,0,0,0,0,0.262,0,0,0,0,0,0,0,0,0,0,0,0.205,0,0,0,0.263,0,0,0,0,0.27,0,0,0,0,0.244,0,0,0,0,0,0.299,0,0.175,0.188,0.421,0,0,0,0,0,0,0,0.33,0,0,0,0,0,0,0,0,0.157,0,0,0.211,0,0.287,0,0,0,0,0.231,0,0,0,0,0,0,0,0,0.607,0,0,0,0.362,0,0.215,0,0.329,0,0.185,0.314,0.194,0,0,0,0,0,0.167,0,0,0,0,0,0.169,0,0,0,0,0.392,0,0,0.21,0,0.329,0.327,0,0.299,0,0,0,0.19,0.289,0.244,0,0,0,0,0,0,0,0,0.721,0.168,0.17,0.297,0.496,0.587,0.522,0,0,0,0,0,0,0.279,0,0,0.257,0,0,0,0,0,0.204,0,0,0,0,0,0,0,0.185,0.177,0.224,0.212,0.338,0.15,0,0.242,0,0.158,0,0,0,0,0,0.523,0,0.179,0,0,0,0,0.42,0.161,0,0.377,0.282,0.225,0,0.315,0,0,0,0,0,0.413,0,0,0,0.154,0.183,0,0,0.298,0,0,0.304,0.276,0,0.218,0,0,0.419,0,0.549,0.302,0.2,0.188,0,0,0,0.411,0.23,0,0.338,0,0.648,0,0.526,0.219,0,0,0,0,0.595,0,0,0,0,0,0,0,0.341,0.432,0,0.337,0,0.385,0.23,0,0,0,0,0.177,0.229,0.22,0.244,0,0,0.152,0,0,0,0.207,0,0,0,0.18,0,0.157,0.194,0.394,0,0.34,0,0.235,0,0,0.35,0.188,0,0,0,0.154,0,0.259,0,0,0,0.26,0.278,0.178,0,0,0.371,0.501,0,0.336,0.325,0,0.338,0,0.35,0,0.636,0,0,0,0.634,0,0,0,0,0,0.276,0.437,0.402,0.195,0.273,0,0.172,0,0,0,0.193,0.153,0.187,0,0.152,0.406,0.16,0.248,0,0,0,0,0.222,0,0.181,0,0,0,0,0,0.341,0.186,0,0,0.347,0,0.178,0,0.301,0,0,0.204,0,0,0,0,0.254,0.378,0.21,0.162,0,0,0.811,0.351,0,0.162,0,0,0,0.193,0,0.237,0.381,0,0.154,0.329,0,0,0,0.364,0.484,0.248,0,0,0,0,0,0.216,0,0,0.184,0,0,0,0,0,0,0,0.492,0.191,0,0,0,0,0,0.19,0.281,0,0.472,0.226,0.35,0.311,0.261,0,0.163,0,0,0,0,0.278,0,0.664,0.311,0,0,0,0,0,0,0,0.196,0,0.276,0,0.336,0,0.645,0,0,0.16,0.571,0,0.266,0,0.209,0.52,0,0.231,0,0,0,0,0,0,0.227,0,0,0,0,0,0.154,0,0.795,0.525,0,0,0,0,0,0.348,0.247,0.199,0.262,0,0.202,0,0,0,0,0,0.23,0.455,0,0,0,0,0.422,0.351,0,0.262,0,0,0,0.337,0,0.212,0.541,0,0,0.267,0.27,0,0,0,0.344,0,0,0,0,0,0,0.563,0.186,0.405,0,0,0,0,0,0,0.345,0,0,0,0,0.186,0,0.2,0,0,0,0,0.688,0,0.247,0.162,0,0.261,0,0,0.19,0,0,0.21,0.366,0,0,0,0,0.158,0.526,0.227,0,0,0.23,0,0.504,0,0,0,0.502,0,0.305,0,0,0.155,0.71,0,0,0.285,0,0,0,0,0,0,0,0,0.323,0,0.515,0,0.255,0.209,0,0,0.563,0.188,0,0,0,0,0,0,0,0.334,0.183,0,0,0,0.194,0,0.249,0,0,0,0,0,0,0,0,0,0,0.172,0.291,0.375,0.308,0.361,0,0,0,0.276,0,0,0,0.182,0.386,0.454,0,0,0,0,0,0,0,0,0,0,0,0,0,0.151,0,0.196,0,0,0,0,0.332,0,0.227,0,0,0.266,0.551,0,0,0.329,0,0.261,0.152,0,0.319,0.153,0,0,0,0,0.208,0.613,0,0,0.241,0.154,0,0.158,0.228,0,0,0.158,0.189,0,0.22,0.288,0,0,0.28,0.169,0.165,0,0,0.656,0.273,0,0,0.292,0,0.198,0,0.258,0.276,0,0,0.684,0,0,0,0,0.247,0,0.205,0.257,0.499,0,0.276,0.179,0,0,0,0,0.472,0,0,0,0,0,0,0,0,0,0.241,0,0,0,0,0.33,0.186,0.313,0,0.514,0,0,0.237,0.151,0,0,0.333,0,0,0,0,0.174,0,0.153,0.763,0.778,0,0,0.219,0,0,0.162,0,0,0.281,0.19,0.15,0.193,0,0,0.268,0.246,0,0,0,0.618,0.402,0.202,0,0,0.15,0.205,0.27,0,0,0,0,0,0.672,0,0.413,0,0.993,0.163,0.412,0,0,0,0.41,0,0,0,0,0,0.37,0.338,0.19,0.262,0,0,0.164,0,0,0,0,0.589,0.254,0,0,0.228,0,0,0,0.25,0,0,0.163,0.164,0.163,0.526,0,0,0.192,0.15,0,0,0.563,0.155,0,0.652,0.315,0,0,0,0,0,0.157,0.366,0,0.394,0.565,0,0,0.749,0.171,0.46,0,0,0,0,0.54,0,0,0,0,0,0,0.165,0.229,0.234,0,0,0,0,0,0,0,0,0,0,0,0,0,0,0,0,0,0.316,0,0,0,0,0,0,0.204,0,0,0,0,0,0,0.26,0,0,0,0,0,0,0,0,0,0,0.323,0,0,0,0.152,0,0,0,0,0,0,0,0,0,0,0,0,0,0,0,0,0,0,0,0,0.176,0,0,0,0,0,0,0,0,0,0,0,0,0,0,0,0,0,0,0.261,0,0,0.304,0,0,0,0,0,0.192,0,0,0,0,0,0,0,0.217,0.162,0,0,0,0,0,0,0,0,0,0,0.547,0,0,0.3,0,0,0,0,0,0,0,0,0.286,0,0.238,0.294,0,0.476,0,0,0,0,0,0,0,0,0.222,0,0.311,0,0,0,0,0.323,0,0,0,0,0,0,0,0,0,0,0,0,0.244,0.189,0,0,0,0,0,0,0,0,0,0,0,0,0,0,0.188,0,0,0,0,0,0,0.343,0,0,0,0,0,0,0,0.442,0,0,0,0,0,0,0,0,0,0,0,0,0,0.244,0,0,0,0,0,0,0,0,0,0,0,0,0.15,0.18,0,0.207,0,0,0,0.212,0,0.392,0,0,0,0,0,0,0.175,0,0,0.157,0,0,0,0,0,0.285,0,0,0.259,0,0,0,0,0,0,0,0,0,0,0,0,0,0,0,0,0,0,0,0,0,0,0,0,0,0,0,0,0,0,0,0.173,0,0,0.258,0,0,0,0,0,0,0,0,0,0,0,0,0,0.248,0,0,0,0,0,0,0,0,0,0,0,0,0,0,0,0,0,0,0,0,0,0,0,0,0,0,0,0,0,0,0,0,0,0,0.617,0,0,0,0,0,0,0,0,0,0,0,0,0,0,0,0.175,0,0,0,0,0,0,0,0,0,0,0.442,0,0.339,0,0.178,0,0,0,0,0,0.156,0,0,0,0,0,0,0,0.461,0.162,0,0,0,0,0,0,0,0,0,0.297,0,0,0,0,0,0.233,0.348,0,0,0,0,0,0,0,0.3,0,0.167,0,0.572,0,0.996,0,0,0,0.661,0,0,0,0,0,0,0,0,0,0,0,0,0,0,0,0,0,0,0,0,0,0.172,0,0,0,0,0,0,0,0,0,0.258,0,0,0,0,0,0,0,0,0,0,0,0,0,0,0,0,0,0,0,0,0,0,0,0,0,0.375,0,0,0,0,0,0,0,0,0,0,0,0,0,0,0,0,0,0,0.168,0,0,0,0,0.181,0.644,0,0.186,0,0,0,0,0,0,0,0,0,0,0,0,0,0,0,0,0,0,0,0,0,0,0,0,0,0,0,0,0,0.155,0,0.179,0,0,0,0,0,0,0,0,0,0,0,0,0,0,0,0,0,0,0,0,0,0.212,0,0,0,0,0.627,0.22,0,0.426,0,0,0.361,0,0,0,0,0,0,0,0,0.187,0,0,0,0,0,0,0.419,0.448,0,0,0,0,0,0,0.256,0,0,0,0,0,0,0,0,0,0,0,0,0,0,0,0,0,0,0,0,0,0,0,0.185,0.201,0,0,0,0,0,0,0,0,0.568,0,0,0,0,0,0,0,0.566,0,0,0,0.252,0,0,0,0,0,0,0,0,0,0,0.18,0,0,0,0,0.232,0,0,0.177,0,0,0,0.16,0,0.322,0.173,0,0,0,0,0,0.211,0,0,0,0,0,0,0,0,0,0,0.419,0,0.251,0,0,0,0,0,0,0,0,0,0,0,0,0,0,0,0,0,0.309,0.167,0,0.23,0,0,0,0,0,0,0,0,0,0,0,0,0.566,0,0.2,0,0,0,0.233,0.444,0,0,0,0,0,0,0.286,0,0,0,0,0,0,0,0,0.225,0,0.276,0,0,0,0,0,0,0,0,0,0,0,0,0,0,0.374,0,0,0,0,0,0,0,0.169,0,0.39,0,0,0,0.301,0,0,0.153,0,0.359,0,0.239,0.194,0,0,0,0,0,0.247,0,0,0,0.251,0,0,0.314,0.431,0,0,0.26,0.253,0,0,0,0.24,0,0.205,0,0.15,0,0,0,0,0,0,0,0,0,0,0,0.199,0.283,0,0,0,0,0,0.23,0,0.277,0,0.248,0,0,0.228,0,0.392,0,0,0,0,0,0.157,0,0.173,0.366,0,0.248,0,0,0.182,0,0,0.218,0,0,0,0.28,0,0,0,0,0,0,0,0,0,0,0,0.433,0,0.309,0,0,0,0,0,0,0,0,0,0.234,0,0,0.455,0,0,0,0,0,0,0,0,0,0,0,0,0,0.294,0,0,0,0.202,0,0,0,0,0.204,0.169,0,0,0,0.273,0,0,0,0.193,0.275,0.405,0.209,0,0,0,0,0,0,0,0,0,0,0,0,0.28,0,0,0,0,0,0,0.422,0,0.279,0,0,0.288,0,0,0,0,0,0,0,0.303,0,0,0,0,0.275,0,0.216,0,0,0.188,0,0,0,0.535,0,0,0,0,0,0,0,0.307,0.282,0,0,0.336,0,0.173,0.9,0,0,0,0.172,0,0,0,0,0.266,0,0,0,0,0,0.168,0.163,0.177,0,0,0.187,0,0.312,0.156,0,0.197,0,0,0,0,0,0,0.284,0.263,0.18,0,0,0,0.159,0,0.398,0.154,0,0,0,0,0,0,0.169,0,0.248,0,0.555,0.203,0,0,0,0,0,0.31,0,0.296,0.382,0.579,0.224,0,0,0.277,0,0.31,0,0.291,0,0,0.207,0,0.274,0,0,0,0,0,0,0,0.196,0,0.307,0,0,0.183,0,0,0.155,0.162,0.311,0,0,0,0.154,0,0,0,0.335,0,0,0.204,0.204,0,0,0.224,0.184,0.277,0,0,0.546,0,0,0,0,0,0,0,0,0,0,0,0.161,0,0,0,0,0,0.355,0,0,0,0,0.191,0,0,0,0,0.587,0,0,0,0,0,0,0,0,0,0,0,0,0,0,0,0,0,0,0,0,0,0,0,0,0,0,0,0,0,0,0,0,0,0,0,0,0.188,0,0,0,0,0,0,0,0,0,0,0,0,0,0,0.616,0,0,0,0,0,0,0,0,0,0,0.252,0,0,0,0,0,0,0,0,0,0,0.864,0,0,0,0,0,0.327,0.376,0.243,0,0,0,0,0,0,0,0,0,0,0,0,0,0,0,0,0,0,0,0,0,0,0,0.266,0.244,0,0,0,0.416,0.159,0,0,0,0,0,0,0,0,0,0,0,0,0,0,0,0,0,0,0,0,0,0,0,0,0,0,0,0,0,0,0,0,0,0,0,0.256,0.321,0,0,0,0.17,0,0,0,0,0.383,0.171,0.274,0,0,0.188,0,0.151,0,0,0,0,0,0,0,0.173,0,0.151,0,0,0.171,0.395,0,0,0,0,0,0.208,0,0.203,0,0,0,0,0,0,0,0,0,0.358,0,0,0,0,0.538,0.599,0,0.15,0,0.15,0.339,0.323,0,0.237,0,0.151,0,0,0,0,0,0.276,0,0,0,0,0,0,0,0,0.277,0,0,0,0,0,0,0.151,0,0.196,0,0,0,0,0,0,0.238,0,0.354,0,0,0.151,0,0,0,0,0,0.276,0.298,0,0,0.22,0,0,0,0,0,0,0,0,0,0.15,0.205,0,0,0,0,0,0,0,0,0.153,0,0,0,0,0,0,0,0,0,0,0.163,0,0,0,0,0,0,0,0.251,0,0,0,0,0.573,0.257,0,0,0,0,0,0,0,0,0,0,0,0,0,0,0,0,0,0,0,0,0,0,0,0,0,0,0,0,0,0,0,0,0,0,0,0,0,0.249,0,0,0,0.507,0,0,0,0,0,0,0,0,0.194,0,0,0,0,0,0,0,0,0,0,0,0,0,0,0,0,0,0,0,0,0,0,0,0,0,0,0,0,0,0,0,0,0,0,0,0,0,0,0.307,0,0,0,0,0,0,0,0,0,0,0,0,0,0,0,0.161,0,0,0,0,0,0,0,0,0,0,0,0,0,0,0,0,0,0,0,0,0,0.189,0,0,0,0,0,0.196,0.76,0,0,0,0,0,0,0,0,0,0,0,0,0,0,0,0,0,0,0,0,0,0,0,0,0,0,0,0,0,0,0,0,0,0,0,0,0,0,0.199,0,0,0,0,0,0,0,0,0,0,0.224,0.188,0,0,0,0,0.183,0,0,0,0,0,0,0,0,0,0,0,0,0.17,0,0,0,0,0,0.222,0,0,0,0,0,0,0,0,0,0,0,0,0,0,0.156,0.192,0,0,0,0,0,0,0,0,0,0,0,0,0,0,0,0.609,0,0,0,0,0,0,0.246,0,0,0,0,0,0,0,0,0,0.188,0,0,0.178,0,0,0,0,0,0,0,0,0.264,0,0,0,0.168,0,0,0,0,0,0,0.192,0,0,0,0,0,0,0,0,0,0,0,0,0,0,0,0,0,0,0,0,0,0,0,0,0,0,0,0,0,0,0,0,0,0,0,0,0,0,0,0,0,0,0,0,0,0,0.574,0,0,0,0.169,0,0,0,0.575,0,0,0,0,0.183,0,0.188,0,0,0,0,0.178,0.188,0,0.154,0.422,0,0.404,0.157,0,0,0,0,0,0,0,0.391,0,0,0,0,0,0.201,0,0.165,0,0,0,0,0.159,0.342,0,0,0.245,0,0,0.276,0,0,0,0.331,0.268,0,0,0,0.254,0,0,0.249,0,0,0,0,0,0,0,0,0,0.421,0.163,0,0.152,0,0,0.166,0,0,0,0,0.155,0,0,0,0,0.233,0.301,0,0,0,0,0,0,0,0,0,0.241,0,0,0,0,0,0.175,0,0,0.561,0,0,0,0.351,0,0.293,0,0,0,0,0,0,0.212,0.29,0,0,0,0.191,0,0.154,0,0.188,0,0.221,0,0,0,0,0.249,0,0,0,0,0.164,0,0,0,0.163,0,0,0,0,0.403,0.314,0,0,0,0,0,0,0.556,0,0.191,0,0,0.199,0,0,0,0,0.282,0,0,0,0,0,0,0,0.458,0,0,0,0.156,0,0,0,0.311,0.17,0,0.22,0.497,0.539,0.171,0,0,0,0,0.169,0,0,0,0,0,0.16,0,0,0.232,0,0,0.154,0.235,0,0,0,0,0,0,0.31,0,0,0,0,0,0.235,0,0,0,0,0.207,0,0,0,0,0,0,0,0,0,0,0,0,0,0,0,0,0,0,0,0,0,0,0,0,0,0,0,0,0,0,0,0,0,0,0,0,0.155,0,0,0,0,0,0,0,0,0,0,0,0,0,0,0,0,0,0,0,0.194,0,0,0,0,0,0,0,0,0,0.331,0,0,0,0,0.15,0,0,0,0,0,0,0,0,0,0,0,0,0,0,0,0,0,0,0,0,0,0,0.163,0.169,0.174,0,0,0.174,0,0,0.174,0,0,0.535,0,0,0,0,0,0,0,0.529,0,0,0,0,0,0,0.395,0.175,0,0.675,0,0,0,0,0,0,0.181,0,0.204,0,0,0,0,0,0,0,0,0,0.169,0,0,0,0,0,0.907,0,0,0,0,0,0.2,0,0,0,0,0.175,0.204,0,0.998,0,0,0.154,0,0,0,0,0,0,0,0,0.171,0,0,0,0,0,0,0.162,0,0,0.2,0.28,0,0,0,0,0,0,0,0,0,0,0,0,0,0,0,0,0,0,0,0,0,0,0,0,0,0,0,0,0,0,0,0,0,0,0,0,0,0,0,0,0,0.228,0,0,0,0,0,0,0,0,0,0,0,0.404,0,0,0,0,0,0,0,0,0,0,0,0,0,0.179,0,0,0,0,0,0,0,0,0,0,0,0,0,0,0,0,0,0,0,0.194,0.424,0,0,0.42,0,0,0,0,0,0,0,0,0,0,0,0,0.181,0,0,0,0,0,0,0.236,0,0,0,0,0,0,0,0,0,0,0,0,0,0,0,0,0,0,0,0,0,0,0,0,0,0,0,0,0,0,0,0,0,0,0,0,0,0.175,0,0,0,0,0,0,0,0,0,0.154,0,0,0,0,0,0,0,0,0.176,0,0.204,0,0,0,0,0,0,0,0,0,0.201,0,0,0,0,0,0,0,0,0,0,0.169,0,0,0.516,0,0,0.27,0,0,0,0,0.332,0,0,0,0,0,0,0,0,0.286,0.153,0,0,0,0,0.397,0.344,0,0,0,0,0.323,0.204,0,0,0.185,0,0.26,0,0,0,0.289,0,0.296,0,0.194,0,0,0,0,0.378,0,0,0,0,0,0,0,0,0,0,0.245,0,0,0,0,0,0,0,0.206,0,0,0,0,0,0,0.169,0,0,0,0,0,0,0,0.205,0,0,0,0,0,0,0,0.157,0,0,0,0,0.24,0,0,0,0.313,0,0,0,0,0,0.175,0,0.153,0,0,0,0,0,0,0,0,0,0,0,0,0,0,0,0,0,0.254,0,0,0,0,0,0,0,0,0,0,0,0,0.185,0,0,0,0,0,0,0,0.151,0,0,0,0,0,0,0,0,0,0,0,0,0,0,0,0,0,0,0,0,0,0,0,0,0,0,0,0,0.194,0,0,0,0.157,0,0,0,0,0,0,0.198,0,0,0.252,0,0,0,0,0,0,0,0,0,0,0,0,0,0,0,0,0,0,0,0,0,0,0.195,0,0,0,0,0,0,0,0,0,0,0.48,0,0,0,0,0,0,0,0,0,0,0,0,0,0,0,0,0,0,0,0,0,0,0,0,0,0,0.169,0,0,0,0,0,0,0,0,0,0,0,0,0,0,0,0,0,0,0.402,0,0,0,0,0,0,0,0,0,0,0,0,0,0,0,0,0,0,0,0,0,0,0,0,0.151,0,0,0,0,0,0,0,0.229,0,0,0,0,0,0,0,0,0,0,0,0,0,0,0,0,0,0,0,0,0,0,0,0.392,0,0,0,0.429,0,0.28,0,0,0.198,0,0.972,0,0.971,0.167,0,0.226,0,0.219,0.255,0,0,0.194,0,0.203,0,0.345,0,0,0,0,0,0,0,0.952,0,0.227,0.418,0,0,0,0,0,0,0,0,0,0,0,0,0,0.152,0,0,0,0,0,0,0,0,0,0,0.227,0,0,0,0,0,0,0,0,0,0,0,0,0,0,0,0,0,0,0,0,0,0,0,0,0,0,0,0,0,0,0.439,0,0,0,0.263,0,0,0,0,0,0,0,0,0,0,0,0,0,0,0,0.156,0,0,0,0,0,0,0,0,0,0,0,0,0,0,0,0,0,0,0.181,0,0,0,0,0,0,0,0,0,0,0.28,0,0,0,0,0,0,0.258,0,0,0,0,0,0,0,0,0,0,0,0,0,0,0,0,0,0,0,0,0,0,0,0,0.214,0,0,0,0,0,0,0,0,0,0,0,0,0,0.197,0,0,0,0,0,0,0,0,0,0,0,0,0,0,0,0,0,0,0,0,0,0,0,0,0,0,0,0,0,0,0,0,0,0,0,0,0,0,0,0,0,0,0,0,0,0,0,0,0,0,0,0,0,0,0,0,0,0,0,0,0,0,0,0,0,0,0,0,0,0,0,0,0,0,0,0,0,0,0,0.309,0.212,0,0,0,0.547,0.169,0,0,0,0,0,0,0,0,0,0,0,0,0,0,0,0,0,0,0,0,0,0,0,0,0,0,0,0,0,0,0,0,0.392,0,0,0,0,0,0,0,0,0,0,0.204,0,0,0,0,0,0.154,0,0,0,0,0,0,0,0,0,0,0,0,0,0,0,0,0,0,0,0,0,0,0,0,0,0,0,0,0,0,0,0,0,0,0,0,0,0.207,0,0,0,0,0,0,0,0,0,0,0,0,0,0,0,0,0,0,0,0,0,0,0,0,0.2,0.461,0.282,0,0,0,0,0,0,0,0,0,0,0,0,0,0,0,0,0,0,0,0,0,0,0,0,0,0,0,0,0,0,0,0,0,0,0,0,0,0,0,0,0,0,0,0,0,0,0.198,0,0,0,0,0,0,0,0,0,0,0.196,0,0,0,0,0,0.153,0,0,0,0,0,0,0,0,0,0,0,0,0,0,0,0,0,0,0,0,0,0,0,0,0,0,0,0,0,0,0,0,0.499,0,0,0,0,0,0,0,0.236,0,0,0,0,0,0,0,0,0,0,0,0,0,0,0.157,0,0,0,0,0,0,0,0,0.491,0,0,0,0,0,0,0,0,0,0,0,0,0,0,0,0,0.194,0,0,0,0,0,0,0,0,0,0,0,0,0,0,0,0,0,0,0,0,0.378,0,0,0,0,0,0,0,0,0,0,0,0,0,0,0,0,0,0,0,0,0,0,0,0.773,0,0,0,0,0,0,0,0.154,0,0,0,0,0.228,0,0,0,0,0,0,0,0,0,0.228,0,0,0,0,0,0,0,0,0,0
850756,0,0,0,0,0,0,0,0,0.243,0,0,0,0,0,0,0,0,0,0,0,0,0,0,0,0,0,0,0,0,0,0,0,0,0,0,0,0,0,0,0,0,0,0,0,0,0,0,0,0.155,0.185,0,0,0,0,0,0,0,0,0,0,0,0,0,0,0,0,0,0,0,0,0,0,0,0,0,0,0,0,0,0,0,0,0,0,0,0,0,0,0,0,0,0,0,0,0,0,0,0,0,0,0,0,0,0,0,0,0,0,0,0,0,0.219,0,0,0,0,0,0,0,0,0,0,0.21,0,0,0,0,0,0,0,0,0,0,0,0,0,0,0,0,0,0,0.21,0,0,0,0,0,0,0,0,0,0,0,0,0,0,0,0,0,0,0,0,0,0,0,0,0,0,0,0,0,0,0,0,0,0,0,0,0.32,0,0,0,0,0,0,0,0,0,0,0.178,0,0,0,0,0,0,0,0,0,0,0,0,0,0,0,0,0,0,0,0,0,0,0,0,0,0,0.275,0,0,0,0,0,0,0,0,0,0,0,0,0,0.2,0,0.157,0,0,0,0,0,0.246,0,0,0,0,0,0.191,0,0.686,0,0.498,0,0,0,0,0,0,0,0,0,0,0,0,0,0,0,0,0.792,0,0,0,0,0.228,0,0,0,0,0,0,0,0,0.206,0,0,0,0.222,0,0,0,0,0,0,0,0,0,0,0,0,0,0,0,0,0,0,0,0,0,0,0,0,0,0,0,0,0,0,0,0,0,0,0,0,0,0,0.17,0,0,0,0,0,0,0,0,0,0,0,0,0,0,0.152,0,0,0,0,0,0,0.188,0,0,0,0,0,0.173,0,0,0,0,0,0,0,0,0.224,0,0,0,0,0,0,0,0,0.168,0,0,0,0,0,0,0,0,0,0,0,0,0,0,0,0,0.437,0,0,0,0,0,0,0,0,0,0,0,0,0,0,0,0.958,0,0,0,0,0,0,0,0,0,0.501,0.266,0,0,0,0,0,0,0,0,0,0,0,0,0,0.312,0,0,0,0,0,0,0,0,0,0.206,0,0,0,0,0,0,0,0,0,0,0,0,0,0,0,0,0,0,0,0,0,0,0,0,0,0,0,0,0,0,0.348,0,0,0.167,0,0,0,0,0,0,0,0.235,0,0,0,0,0,0,0,0,0.234,0,0,0,0,0,0.394,0,0,0,0,0,0,0,0,0,0,0.206,0,0,0,0,0,0,0,0,0,0,0,0,0,0,0,0,0,0,0,0,0,0,0,0,0,0,0,0,0,0,0,0,0.455,0.271,0,0,0,0,0,0,0,0,0,0,0,0,0,0,0,0,0,0,0,0,0,0.29,0,0,0,0,0,0.224,0.2,0,0,0,0,0,0,0,0,0,0,0,0,0,0,0,0,0,0,0,0,0,0,0,0,0,0,0,0,0,0.572,0,0,0,0,0,0,0,0,0,0,0.17,0,0,0,0.219,0,0,0,0,0,0,0,0,0,0,0,0,0,0,0.207,0,0,0,0,0,0,0,0,0,0,0,0,0,0,0,0.54,0,0,0,0,0,0,0,0,0,0,0,0.315,0,0,0,0,0,0,0,0.586,0,0.826,0,0,0,0,0,0,0,0,0,0.573,0,0,0,0,0,0,0,0.56,0,0,0,0,0,0,0,0,0,0.636,0,0,0,0,0,0,0,0.235,0,0,0.287,0,0,0,0,0.832,0,0,0,0,0,0,0,0,0,0,0,0,0,0,0,0,0,0,0,0,0,0,0,0,0,0,0,0,0,0,0,0,0,0,0,0,0,0,0,0,0,0,0,0,0,0.468,0,0,0,0,0,0,0.315,0,0,0,0,0,0,0,0,0,0,0,0,0,0,0,0,0,0,0,0,0,0,0,0,0,0,0,0,0,0,0,0,0,0,0,0,0,0,0,0,0.309,0,0.206,0,0,0,0,0,0,0,0,0.464,0,0,0,0,0,0,0,0,0,0,0,0,0,0,0,0,0,0.349,0,0,0,0,0,0,0,0.167,0,0,0,0,0,0,0,0,0,0,0,0,0,0,0,0,0,0,0,0,0,0,0,0,0,0.554,0,0,0,0,0,0,0,0,0.215,0,0,0.17,0,0,0,0,0,0,0,0,0,0,0.564,0,0,0,0,0,0,0,0,0,0,0,0,0.161,0,0,0,0,0,0.204,0,0,0,0,0,0,0,0,0,0,0,0,0,0,0,0,0,0,0,0,0,0,0,0,0,0,0,0,0,0,0,0,0,0,0,0.17,0,0,0,0,0,0,0,0,0,0,0,0,0.173,0,0,0,0,0,0.285,0,0,0,0,0,0,0,0,0,0,0,0,0,0,0.191,0,0.326,0,0,0,0,0,0,0,0,0,0,0,0,0.398,0,0,0,0,0,0,0,0,0,0,0,0,0,0,0,0,0,0,0,0,0,0,0,0,0,0,0,0,0,0,0,0,0,0,0,0.284,0,0,0,0,0,0,0,0,0,0,0,0,0,0,0.439,0,0,0,0,0,0,0,0,0,0,0,0,0,0,0,0,0,0,0,0,0,0,0,0,0.624,0,0,0,0,0,0,0,0,0.622,0,0,0,0,0,0,0,0,0,0,0,0,0,0,0,0,0,0,0,0,0,0,0,0,0,0,0,0,0,0,0,0,0,0,0,0,0,0,0,0,0,0,0,0,0,0,0,0,0,0,0,0,0,0,0,0,0,0,0,0,0,0,0,0,0,0,0,0,0,0,0,0,0.21,0,0,0,0,0,0,0,0,0,0,0,0,0,0,0,0,0,0,0,0,0,0,0,0,0,0,0,0,0,0.157,0,0.202,0.309,0,0,0,0,0,0,0,0,0,0,0.558,0.157,0,0,0,0,0,0,0,0,0,0,0,0,0,0,0,0,0,0,0,0,0,0,0,0,0.442,0.202,0,0,0,0,0,0,0,0,0.153,0,0,0,0,0,0,0,0,0,0,0,0,0,0,0,0,0,0,0,0,0,0,0,0,0,0,0,0,0,0,0,0,0,0,0,0,0,0.322,0,0,0,0,0,0,0,0,0,0,0,0,0,0,0,0,0,0,0,0,0,0,0,0,0,0,0,0,0,0,0,0,0,0,0,0,0,0,0,0,0,0.393,0,0,0,0,0,0,0,0,0,0.15,0,0,0.23,0,0,0,0,0,0,0,0,0,0,0,0.274,0,0,0,0,0,0,0,0,0.153,0,0,0,0,0,0.621,0,0,0,0,0,0,0,0,0,0,0,0,0,0,0,0,0,0,0,0,0,0,0,0.21,0,0,0.311,0,0,0,0,0,0,0,0,0,0,0,0,0.199,0,0,0,0,0,0,0.159,0,0,0,0,0.309,0,0.199,0,0,0,0,0,0,0,0,0,0,0,0,0,0,0,0,0,0,0,0,0,0,0.208,0,0,0,0,0,0,0,0,0,0,0,0,0.224,0,0,0,0,0,0,0,0,0,0,0,0,0,0,0,0,0,0,0,0,0,0,0,0,0,0,0,0,0.267,0,0,0,0,0,0,0,0,0,0,0,0,0,0,0,0,0,0,0,0,0,0.214,0,0,0,0,0,0,0,0,0,0,0,0,0,0,0,0,0,0,0,0,0,0,0,0,0,0,0,0,0,0,0,0.177,0,0,0,0,0,0,0,0,0,0,0,0,0,0,0,0,0,0,0,0,0,0,0,0,0,0,0,0,0,0,0,0,0,0,0,0,0,0,0,0.565,0,0,0,0,0,0,0,0,0,0,0,0,0,0,0,0,0,0,0,0,0,0,0,0,0,0,0,0,0,0,0,0,0,0,0,0,0,0,0,0,0,0.21,0,0,0,0,0,0,0,0,0,0,0,0,0,0,0,0,0,0,0,0,0,0,0.21,0,0,0.603,0,0,0,0,0,0,0,0,0,0,0.23,0,0.15,0,0,0,0,0,0,0,0,0,0,0,0.166,0.188,0,0,0.154,0,0,0,0,0,0.18,0,0,0.165,0,0,0,0.311,0,0,0,0,0,0,0,0,0,0,0,0,0,0,0,0,0,0,0.171,0,0,0,0,0,0,0,0,0,0,0,0,0,0,0.21,0,0,0,0,0,0,0,0.205,0,0,0,0,0.206,0.29,0,0,0,0,0.154,0,0,0,0,0,0,0,0.306,0,0,0,0,0,0,0.157,0,0,0,0,0,0.157,0,0,0,0,0,0.157,0.924,0,0,0,0,0.481,0,0.201,0,0,0.173,0.247,0,0,0,0,0,0.177,0,0,0,0,0,0,0,0.164,0.188,0,0,0,0.189,0,0,0,0,0,0,0,0,0,0,0,0,0.203,0,0,0.305,0,0,0,0,0,0,0,0,0,0,0,0,0.188,0,0,0,0,0,0,0,0.407,0,0,0.192,0,0,0,0,0,0,0,0,0,0,0,0,0.181,0,0,0.229,0,0,0,0,0,0,0,0,0,0,0,0.193,0,0,0,0,0.157,0,0,0,0,0.445,0,0,0,0,0,0,0,0,0,0,0,0.218,0,0.261,0,0,0,0,0,0,0,0,0,0,0,0,0,0,0,0,0,0,0,0,0,0,0,0.878,0,0,0,0,0,0,0,0,0,0,0,0,0,0,0,0,0,0,0,0,0,0,0,0,0,0,0,0,0,0,0,0,0,0,0.17,0.258,0,0,0,0,0,0,0,0,0,0,0,0,0,0,0,0.157,0,0,0,0,0,0,0,0,0,0,0,0,0,0,0,0,0,0,0,0,0.196,0,0,0,0.562,0,0,0,0,0,0,0,0,0,0,0,0,0,0,0,0,0,0,0,0,0,0,0,0,0,0,0.534,0,0,0.32,0.157,0,0,0,0,0,0,0,0,0,0,0,0,0,0,0,0,0,0,0,0,0,0,0,0,0,0,0,0,0,0.22,0,0,0,0,0,0,0,0,0,0,0,0,0,0,0,0,0,0,0,0,0,0,0,0,0,0,0,0,0,0,0,0.195,0,0,0,0,0,0,0,0,0,0,0,0,0,0,0,0,0,0,0,0,0.218,0,0,0,0,0,0,0,0.227,0,0,0,0,0,0,0,0,0,0,0,0,0,0,0,0,0,0,0,0,0,0,0,0,0,0,0,0,0,0,0,0,0,0,0,0,0,0.394,0,0,0.195,0.379,0,0,0,0,0,0,0,0,0,0,0,0,0.299,0.201,0.29,0,0,0,0,0,0,0,0,0,0,0,0,0,0,0,0,0,0,0,0,0,0,0,0,0,0,0,0,0,0,0,0,0.396,0,0,0,0,0,0,0,0,0.196,0,0,0,0,0.227,0,0.237,0,0,0,0,0,0,0.819,0,0,0,0,0,0,0,0,0,0,0,0,0,0,0.195,0,0,0,0,0,0,0.221,0,0,0,0.231,0,0.485,0,0,0,0,0.155,0,0,0,0,0,0,0,0,0,0,0,0,0,0,0,0,0,0,0,0.166,0,0,0,0,0,0,0,0,0,0,0,0,0,0,0,0,0,0,0,0,0,0,0,0,0.344,0.165,0,0,0,0,0,0,0,0,0,0.163,0,0.488,0.233,0,0,0,0,0,0,0,0,0,0,0,0,0,0,0,0,0,0,0,0,0,0,0.35,0,0,0,0,0,0,0,0,0,0.249,0,0,0,0,0,0,0,0,0,0.634,0,0,0,0,0,0,0,0,0,0.21,0,0,0,0,0,0,0,0,0,0,0,0,0,0,0,0,0,0,0,0,0,0,0,0,0,0,0,0,0,0,0,0,0,0,0,0,0,0,0,0,0,0,0,0,0,0,0,0,0,0,0,0,0,0,0,0,0,0,0,0,0,0,0,0,0,0,0,0,0,0,0,0,0,0,0,0,0,0,0,0,0,0,0,0,0,0,0,0,0,0,0,0,0,0,0,0,0,0,0,0,0,0,0,0,0,0,0,0,0.334,0,0,0,0,0,0,0,0,0,0,0,0,0,0,0,0,0,0,0,0,0,0,0,0,0,0,0,0,0,0,0,0,0,0,0,0,0,0,0,0,0.186,0,0,0,0,0,0,0.225,0,0,0,0,0,0,0,0,0,0,0,0,0,0,0,0,0,0,0,0,0,0,0,0,0,0,0,0,0,0,0,0,0,0,0,0,0,0,0,0.213,0,0,0,0,0.495,0,0,0,0,0,0,0,0,0,0,0,0,0,0,0,0,0,0.21,0,0,0,0.171,0,0,0,0,0,0,0,0,0,0,0,0,0,0,0,0,0,0,0,0.21,0,0.309,0,0,0,0,0,0,0,0,0,0,0,0,0,0.335,0,0,0,0,0,0,0,0,0,0,0,0,0,0,0,0,0,0,0,0,0,0,0.21,0,0,0,0,0,0,0,0,0,0.21,0.473,0,0,0,0,0,0,0,0.245,0,0,0,0,0,0,0,0,0,0,0,0,0,0.294,0,0,0,0,0,0,0,0,0,0,0,0,0.15,0,0,0,0,0,0,0,0,0,0,0,0,0,0,0,0,0,0,0,0,0,0,0,0,0,0,0,0,0,0,0,0,0,0,0,0,0,0,0,0,0.283,0,0,0,0,0,0,0,0,0,0,0,0,0,0.21,0.397,0,0,0,0,0,0,0,0,0,0,0,0,0,0,0,0.448,0,0,0,0,0,0,0,0,0,0.216,0,0,0,0,0,0,0.307,0,0,0,0,0,0,0,0,0,0,0,0,0.192,0,0,0,0,0,0.187,0,0,0,0,0,0,0,0,0,0,0,0,0,0,0.194,0,0.16,0,0,0,0,0,0,0,0,0,0,0,0,0.192,0.216,0,0.293,0,0,0.338,0,0,0,0,0,0,0,0,0,0,0,0,0,0,0,0,0,0,0,0,0.21,0,0,0.429,0.21,0,0,0,0,0,0,0,0,0,0,0.161,0,0,0,0,0,0,0.258,0,0,0,0,0,0,0,0,0,0,0,0,0,0,0,0,0,0,0,0,0,0,0,0,0,0,0,0,0,0,0,0,0.604,0,0,0,0,0,0,0,0,0,0,0,0,0,0,0,0,0,0,0,0,0,0.194,0,0.165,0,0,0,0,0,0.539,0,0,0,0,0,0,0,0,0,0,0,0,0,0,0,0,0,0,0,0.199,0,0,0,0,0,0,0,0,0,0,0,0,0,0,0,0,0,0,0,0,0,0,0,0,0,0.181,0,0,0,0,0,0,0,0,0,0,0,0,0,0,0,0,0,0,0,0.192,0,0,0,0,0,0.159,0,0,0,0,0,0,0,0,0,0,0,0,0,0,0,0,0.602,0,0,0,0,0,0,0,0,0,0,0,0,0,0,0,0,0,0,0,0,0.557,0,0,0,0,0,0,0,0,0,0,0,0,0,0,0,0,0,0,0,0,0,0,0,0,0,0,0,0,0.546,0,0,0,0.392,0,0.159,0,0,0.153,0,0,0,0,0,0,0,0,0,0,0,0,0,0,0,0,0.15,0,0,0,0,0,0,0,0,0,0,0,0,0,0,0,0,0,0.571,0.213,0,0,0,0.194,0,0,0,0.423,0,0,0,0,0,0,0,0,0,0,0,0,0,0,0.18,0,0,0,0,0,0,0,0,0,0,0,0,0,0,0,0,0,0,0,0,0,0,0,0,0,0,0,0,0,0,0,0,0,0,0,0,0,0,0,0,0,0,0,0,0,0,0,0,0,0,0,0,0,0,0,0.309,0,0,0,0,0.297,0,0,0.482,0,0.25,0,0,0,0,0,0,0,0,0,0,0,0,0,0,0,0,0,0,0,0,0,0,0,0,0,0,0,0,0,0,0,0,0,0,0,0,0.531,0,0,0,0,0,0.499,0,0,0,0,0,0,0,0,0,0,0,0,0,0,0,0,0,0,0,0,0.473,0,0.371,0.778,0.537,0.827,0.394,0.481,0.556,0,0,0,0.908,0,0,0.16,0,0,0,0,0,0,0,0,0,0,0,0,0,0.767,0,0.162,0,0.402,0,0,0,0,0,0.816,0,0,0,0,0,0,0,0,0,0,0,0,0,0,0,0,0,0,0,0,0,0,0,0,0,0,0,0,0,0,0,0,0,0,0,0,0,0,0,0,0,0,0,0,0,0.219,0.503,0,0,0,0,0,0,0,0,0,0,0,0,0,0,0,0,0,0,0,0,0,0,0,0,0,0,0.193,0,0,0,0,0,0,0,0,0,0,0,0,0,0,0,0,0,0,0,0,0,0,0,0.574,0,0,0,0,0,0,0,0,0,0,0,0,0,0,0,0,0,0,0,0,0,0,0,0,0,0,0,0,0,0,0,0,0,0,0,0,0,0,0,0,0.271,0,0,0,0,0,0,0,0,0,0,0,0,0,0.488,0,0,0,0,0,0,0,0,0,0,0,0,0,0,0,0,0,0,0,0,0,0,0,0,0,0,0,0,0,0,0,0,0,0,0,0,0,0,0,0,0,0,0,0,0,0,0,0.432,0,0,0.315,0.15,0,0.338,0,0,0,0,0,0,0,0,0,0,0.274,0,0.355,0,0,0.93,0,0,0,0,0,0,0.847,0,0,0,0,0,0,0,0,0,0,0,0,0.349,0,0.222,0.552,0,0,0,0,0,0,0,0,0,0.245,0,0,0,0,0,0,0,0.435,0.225,0,0,0,0,0,0,0,0.825,0,0,0,0,0,0,0,0,0,0,0,0,0,0,0,0,0,0,0,0,0,0,0,0,0,0,0.166,0,0,0,0,0,0,0,0,0,0,0,0,0,0,0.151,0,0,0,0,0,0,0,0,0,0,0,0,0,0,0,0,0,0,0,0,0,0,0,0,0,0,0,0,0,0,0,0,0.582,0,0,0,0,0.271,0,0,0,0,0,0.435,0,0,0,0,0,0,0,0,0,0,0.237,0,0.237,0,0,0,0,0,0.29,0,0,0,0,0,0,0,0,0,0,0,0,0.538,0,0,0,0,0,0,0,0,0,0,0,0,0,0,0,0,0,0,0,0,0,0,0,0,0,0,0,0,0,0,0,0,0,0,0,0,0,0,0,0.337,0.463,0,0,0,0,0,0,0,0,0,0,0,0,0,0,0,0,0,0,0,0,0,0,0,0,0,0,0,0,0,0,0,0,0,0,0,0,0,0,0,0,0,0,0,0,0,0,0,0,0,0,0,0,0,0.685,0,0,0,0.285,0.373,0,0,0,0,0,0,0,0,0,0,0,0,0,0,0,0,0,0,0,0,0,0,0,0,0,0,0,0,0,0,0,0,0,0,0,0,0,0,0,0.245,0,0,0,0,0,0,0,0,0.28,0,0,0.204,0,0,0,0,0,0,0,0,0,0,0,0,0,0,0,0,0,0,0,0,0,0,0,0,0,0,0,0,0,0,0,0,0,0,0,0,0,0,0,0,0,0,0,0,0,0,0,0,0,0,0,0,0,0,0,0,0,0,0,0,0,0,0,0,0,0,0,0,0,0,0,0,0,0,0,0,0,0,0,0,0,0,0,0,0,0.949,0,0,0,0,0,0,0,0,0,0,0.333,0,0,0,0,0,0,0,0,0,0,0,0,0.329,0,0,0,0,0,0,0,0,0,0,0,0,0,0.425,0,0,0,0,0,0,0,0,0,0,0,0,0,0,0,0,0.275,0,0,0,0,0,0,0,0,0,0,0,0,0,0,0,0,0,0,0,0,0,0,0,0,0,0,0,0,0,0,0,0,0,0,0,0,0,0,0,0,0,0,0,0,0,0,0,0,0,0,0,0,0,0,0,0,0,0,0,0,0,0,0,0,0,0,0,0,0,0,0,0,0,0,0,0,0,0,0,0,0,0,0,0,0,0,0,0,0,0,0,0,0,0,0,0,0,0.82,0,0,0,0,0,0,0,0,0,0,0,0,0.572,0,0,0,0,0,0,0,0,0,0,0,0,0,0,0,0,0,0,0,0,0,0,0,0,0,0,0,0,0,0,0,0,0,0,0,0,0,0,0,0.713,0,0.955,0,0,0,0,0,0,0.571,0,0,0,0.731,0.48,0.571,0.223,0,0,0,0,0,0,0,0,0,0,0.203,0,0,0,0,0,0,0,0,0,0,0,0,0,0,0,0,0,0,0,0,0,0,0,0,0,0,0,0,0,0,0,0,0,0,0.336,0.685,0.22,0,0,0,0,0,0,0,0,0,0,0,0,0,0,0,0,0,0,0,0,0,0,0,0,0,0,0,0,0,0,0,0,0,0,0.394,0,0,0,0,0,0,0,0,0,0,0,0,0,0,0,0,0,0,0,0,0,0,0.68,0,0,0,0
856739,0,0,0.893,0,0,0,0.266,0,0,0,0.611,0.833,0.838,0,0,0.871,0,0.214,0,0,0.248,0,0.199,0.949,0,0,0.206,0,0,0.943,0,0,0.48,0,0.165,0.537,0.884,0.836,0,0,0.23,0,0.356,0,0.212,0,0.517,0.242,0,0,0,0,0,0,0.76,0,0,0.185,0,0,0,0,0,0,0.332,0.196,0.189,0.181,0,0.285,0.455,0,0,0,0,0,0.94,0,0,0.178,0,0,0,0,0,0.163,0.268,0,0,0,0,0,0,0.545,0,0,0,0.152,0,0,0.885,0,0,0.548,0,0,0,0.392,0,0,0.801,0.333,0,0,0,0.423,0,0,0,0,0,0,0,0,0,0,0,0,0,0.818,0,0,0.229,0,0,0,0.372,0,0.205,0,0,0,0.259,0,0,0,0,0,0,0,0,0,0,0,0.715,0.816,0,0,0.664,0,0,0,0,0.423,0,0,0.506,0,0,0,0,0,0,0,0.535,0,0,0,0.868,0,0,0,0,0,0,0,0,0,0,0,0,0,0,0,0,0,0,0,0,0,0,0,0,0,0.653,0,0,0,0,0,0,0,0,0.248,0,0,0,0,0,0,0,0,0,0,0,0,0.665,0,0,0,0,0,0,0,0,0,0,0,0,0,0,0,0,0,0,0,0,0,0,0,0,0,0,0,0.201,0,0,0,0,0,0,0.158,0,0,0,0,0,0,0,0,0,0,0,0,0,0,0,0,0,0,0,0,0,0,0,0,0,0,0,0,0,0,0,0,0,0,0,0,0,0,0,0,0,0,0,0,0,0,0,0,0,0,0,0,0,0,0,0,0,0,0,0,0,0,0,0,0.359,0,0,0,0,0,0,0,0,0,0,0,0,0.489,0,0,0,0,0,0,0,0,0,0,0,0,0,0,0,0,0,0,0,0,0,0,0,0,0,0,0,0,0,0,0.214,0,0.335,0.613,0,0,0,0,0,0,0,0,0,0,0,0,0,0,0,0,0,0,0,0,0,0,0,0,0.248,0,0,0,0,0,0,0,0,0.226,0,0,0,0,0,0,0,0,0,0,0,0,0,0,0,0,0,0,0,0,0,0,0.615,0,0,0,0,0,0,0,0,0,0,0,0,0,0,0,0,0,0,0,0,0,0,0,0,0,0,0,0,0,0,0,0.16,0,0,0,0,0,0,0,0,0,0,0,0,0,0,0,0,0.248,0,0,0,0,0,0,0.428,0,0,0,0,0,0,0,0,0,0,0,0,0,0,0,0,0,0,0,0,0,0,0,0,0,0,0,0,0,0,0,0,0,0,0,0,0,0,0,0,0,0,0,0,0,0.307,0,0,0,0,0,0.764,0,0,0,0,0,0,0,0,0,0,0,0.259,0,0,0,0,0,0,0.833,0,0,0,0,0,0,0,0,0.179,0,0,0,0,0,0,0,0,0,0,0,0,0,0,0,0,0,0,0,0,0,0,0,0,0,0,0,0,0,0,0,0,0,0,0,0,0,0,0,0,0,0,0,0,0,0,0,0,0,0,0,0,0,0,0,0,0,0.248,0,0,0,0,0,0,0,0,0,0,0,0,0,0,0,0,0,0,0,0,0,0,0,0,0,0,0,0,0,0,0.309,0,0,0,0,0,0,0,0,0,0,0,0,0,0,0,0,0,0,0,0,0,0,0,0,0,0,0,0,0,0,0,0,0,0,0,0,0,0,0,0,0,0,0,0,0,0,0,0,0,0,0,0,0,0,0,0,0,0,0,0,0,0,0,0,0,0,0,0,0,0,0,0,0,0,0,0,0,0,0,0,0,0,0,0,0,0,0,0,0,0,0.377,0,0,0,0,0,0.248,0,0,0,0,0,0,0,0,0,0,0,0,0,0,0,0,0,0,0,0,0,0,0,0,0,0,0,0,0,0,0,0,0,0,0,0,0,0,0,0,0,0,0,0,0,0,0,0,0,0,0,0,0,0,0,0,0,0,0,0,0,0,0,0,0,0,0,0,0,0,0,0,0,0,0,0,0,0,0.376,0,0,0,0,0,0,0,0,0,0,0,0,0,0.432,0,0,0,0,0.153,0,0,0,0,0.47,0.291,0,0,0,0,0,0,0,0,0.684,0.193,0,0,0,0,0,0,0,0,0,0,0,0,0,0,0,0,0,0.2,0,0,0,0,0,0,0,0,0.191,0,0,0,0,0,0,0,0,0,0,0,0,0,0,0.896,0,0,0,0,0,0,0,0,0,0,0,0,0,0,0,0,0,0,0,0,0,0,0,0,0,0,0,0,0,0,0,0,0,0,0,0,0,0,0,0,0,0,0.248,0,0,0,0,0,0,0,0,0,0,0,0,0,0,0,0,0,0,0,0,0,0,0,0,0,0,0,0,0,0,0,0,0,0,0,0,0,0.157,0,0,0,0,0,0,0,0,0,0,0,0,0,0,0.33,0,0,0,0,0,0,0,0,0,0,0,0,0,0,0.445,0,0,0,0.178,0,0,0,0,0,0,0,0,0,0,0,0,0,0,0,0,0,0,0,0,0,0,0,0,0,0,0,0,0,0,0,0,0,0,0,0,0.208,0,0,0,0.311,0,0,0,0,0,0,0,0,0,0,0,0,0,0,0,0,0,0,0,0,0,0,0,0,0,0,0.199,0,0,0.216,0,0,0,0,0,0,0,0,0,0,0,0.169,0,0,0,0,0,0,0,0,0,0,0,0,0,0,0,0,0,0,0,0,0,0,0,0,0,0,0,0,0,0,0.296,0,0,0,0,0,0,0,0,0,0,0,0,0,0,0,0,0,0,0,0,0.248,0,0,0,0,0,0,0,0,0,0,0,0,0,0,0,0,0,0,0,0,0,0,0,0,0,0,0,0,0.194,0,0,0,0,0,0,0,0,0,0,0,0,0,0,0,0,0,0,0,0,0,0,0,0,0,0,0,0,0,0,0,0,0,0,0,0,0,0,0,0.194,0,0,0,0,0,0,0,0,0,0,0,0,0,0,0,0,0,0.217,0,0,0,0,0,0,0,0,0,0,0,0,0,0,0,0,0.151,0,0,0,0,0,0,0,0,0,0,0,0,0,0,0,0,0,0,0,0,0,0,0,0,0,0,0,0,0,0,0,0,0,0,0,0,0,0,0,0,0,0.485,0,0,0,0,0,0,0,0,0,0,0,0,0,0,0,0,0,0,0,0,0,0,0,0,0,0,0,0,0,0,0,0,0,0,0,0,0,0,0,0,0,0,0,0,0,0,0,0,0,0,0,0,0,0,0,0.162,0,0,0,0,0,0,0,0.328,0,0,0.739,0,0,0,0,0,0,0,0,0,0,0,0,0,0,0.441,0,0,0,0,0,0,0,0,0,0,0,0,0,0,0,0,0,0,0,0,0,0,0,0,0,0.17,0,0,0,0,0,0,0,0,0,0,0,0,0,0,0,0,0,0,0,0.209,0,0,0,0,0,0,0,0,0,0,0,0.248,0,0,0,0,0,0,0,0,0,0,0,0,0,0,0,0,0,0,0,0,0,0,0,0,0,0,0,0,0,0,0,0,0,0,0,0,0,0,0,0,0,0,0,0,0,0,0,0,0,0,0.194,0,0,0,0,0,0,0,0,0,0,0,0,0,0,0,0,0,0,0,0,0,0,0,0,0,0,0,0,0,0,0,0,0,0,0,0,0,0,0,0,0,0,0,0,0,0,0,0,0,0,0,0.405,0,0,0,0,0.238,0,0,0,0,0,0.252,0,0,0,0,0,0,0,0.199,0,0.165,0.167,0,0,0,0,0,0,0,0,0,0,0,0,0,0,0,0,0,0,0,0,0,0,0,0,0,0,0,0,0,0,0,0,0,0,0,0,0,0,0,0,0,0,0,0,0,0,0,0,0,0,0,0,0,0,0,0,0,0,0,0,0,0,0,0,0,0,0,0,0.588,0,0.204,0,0,0,0,0,0,0,0,0,0.171,0,0,0,0.325,0,0,0,0,0,0,0,0,0,0,0,0,0,0,0,0,0,0,0,0,0,0,0,0,0,0,0,0,0,0,0,0,0,0,0,0,0,0,0,0,0,0,0,0,0,0,0,0,0,0,0,0.281,0,0,0,0,0,0,0,0,0,0,0,0,0,0,0,0,0,0,0,0,0,0,0,0,0,0,0,0,0,0,0,0,0,0,0,0,0,0,0,0,0,0,0,0.235,0,0,0,0,0,0,0,0,0,0,0,0,0,0,0.448,0,0,0.182,0,0,0,0,0.288,0,0,0,0,0,0,0,0,0,0,0,0,0,0,0,0,0,0,0,0,0,0,0,0,0,0,0,0,0,0,0,0,0,0,0,0,0,0,0,0,0,0,0,0,0,0,0,0,0,0,0,0,0,0,0,0.152,0,0,0,0,0,0,0,0,0,0,0,0,0,0,0,0,0,0,0,0,0,0.301,0,0,0,0,0,0.186,0,0,0,0,0,0,0,0,0,0,0,0,0,0,0,0,0,0,0,0,0,0,0,0,0,0,0,0,0,0,0.185,0,0,0,0,0,0,0,0,0,0,0,0,0,0,0,0,0,0,0.252,0,0,0,0,0,0,0,0,0,0,0,0,0.445,0,0,0,0,0,0,0,0,0,0,0,0,0,0,0,0,0,0,0,0.261,0,0,0,0,0,0,0,0,0,0,0.315,0,0,0,0,0,0,0,0,0,0,0,0,0,0,0,0,0,0.21,0,0,0,0,0,0,0,0,0,0.247,0,0,0,0,0,0,0,0,0,0,0,0,0,0,0,0,0,0,0,0,0,0,0,0,0,0,0,0,0,0,0,0,0,0,0,0,0,0,0,0,0,0,0,0,0,0,0,0,0,0,0,0,0,0,0,0,0,0,0,0,0,0,0,0,0,0,0,0,0,0,0,0,0,0,0,0,0,0,0,0.171,0,0,0,0,0,0,0,0,0,0,0,0,0,0,0,0,0,0,0,0,0,0,0,0,0,0,0,0,0,0,0,0,0,0.196,0,0,0,0,0,0,0,0,0,0,0,0,0,0,0,0,0,0,0,0,0,0.491,0,0,0,0,0,0,0,0,0,0,0,0,0,0,0,0,0,0,0,0,0,0,0,0,0,0,0,0,0,0,0,0,0,0,0,0,0,0,0,0,0,0,0,0,0,0.29,0,0,0,0,0,0,0,0,0,0,0,0,0,0.309,0,0,0,0,0,0,0,0.498,0,0,0,0,0.216,0,0,0,0,0,0,0,0,0,0,0,0.588,0,0,0.484,0,0,0,0,0,0.23,0,0,0,0,0,0.447,0,0,0,0,0,0,0,0,0,0,0.171,0,0,0,0,0,0,0,0,0,0,0,0,0,0,0,0,0,0,0,0,0.3,0,0,0,0,0,0,0,0,0,0,0,0,0,0,0,0,0,0,0,0,0,0,0,0.202,0,0,0,0,0,0.337,0,0,0,0.61,0,0,0,0,0,0,0,0,0,0,0,0,0,0,0,0,0,0,0,0,0,0,0,0,0,0,0,0,0,0,0,0,0,0,0,0,0,0,0,0,0,0.36,0,0,0,0,0,0,0,0,0,0,0,0,0,0,0,0,0,0,0.325,0,0,0,0,0,0,0,0,0,0,0,0,0,0,0,0,0,0,0,0,0,0,0,0,0,0,0,0,0,0,0,0,0,0,0,0,0,0,0,0,0,0,0,0,0,0,0,0,0,0,0,0,0,0,0,0,0,0.222,0,0,0,0,0,0,0,0,0,0.438,0.193,0,0,0,0,0.362,0,0,0,0,0,0,0,0.296,0.651,0,0.17,0,0,0.482,0,0,0,0,0,0,0,0,0,0,0,0,0,0.297,0.188,0,0,0,0,0,0,0,0,0,0,0,0,0,0,0,0,0,0,0,0,0,0.326,0,0,0,0,0,0,0,0,0,0,0,0,0,0.619,0,0,0,0,0,0,0,0,0,0,0,0,0,0,0,0,0,0,0,0,0,0,0,0,0,0,0,0,0,0.219,0,0,0,0,0,0.26,0,0,0,0,0,0,0,0,0,0,0,0,0,0,0,0,0,0,0,0,0,0,0,0,0,0,0,0.309,0,0,0,0,0,0.23,0,0,0,0,0.775,0,0,0,0,0,0,0,0,0,0.209,0,0,0,0,0,0,0,0,0,0,0,0,0,0,0,0,0,0,0,0,0,0,0,0,0,0,0,0,0,0,0,0,0,0,0,0,0.151,0.256,0,0,0,0,0,0,0,0,0,0,0,0,0,0,0,0,0,0,0,0,0,0,0,0,0,0,0,0,0,0,0,0,0,0,0,0,0,0,0,0,0,0,0,0,0,0,0,0,0,0,0,0,0,0,0,0,0,0,0,0,0,0,0,0,0,0,0,0.509,0,0,0,0,0,0,0,0,0,0,0,0,0,0,0,0,0,0,0,0,0,0,0,0,0,0,0,0,0,0,0.161,0,0,0,0,0,0,0,0,0,0,0,0,0,0,0,0,0,0,0,0,0,0,0,0,0,0,0,0,0,0,0,0,0,0,0,0,0,0,0,0,0,0,0,0,0,0,0,0,0,0,0,0,0,0,0,0,0,0,0,0,0,0,0,0,0,0,0,0,0,0,0,0,0,0,0,0,0,0,0,0,0,0,0,0,0,0,0,0,0,0,0,0,0,0,0,0,0,0,0,0,0,0,0,0,0,0,0,0,0,0,0,0,0,0,0,0,0,0,0,0,0,0,0,0,0,0,0,0,0,0,0,0,0,0,0,0,0,0,0,0,0,0,0,0,0,0,0,0,0,0,0,0,0,0,0,0,0,0,0,0,0,0,0,0,0,0,0,0,0,0,0,0,0,0,0,0,0,0,0,0,0,0,0,0,0,0,0,0,0,0,0,0,0,0,0,0,0,0,0,0,0,0,0,0,0,0,0,0,0,0,0,0,0,0,0,0,0,0,0,0,0,0,0,0,0,0,0,0,0,0,0,0,0,0,0,0,0,0,0,0,0,0,0,0,0,0,0,0,0,0,0,0,0,0,0.615,0,0,0,0,0,0,0,0,0,0,0,0,0,0,0,0,0,0,0,0,0,0,0,0,0,0,0,0,0,0,0,0,0,0,0,0,0,0,0,0,0,0,0,0,0,0.615,0,0,0,0,0,0,0,0,0,0,0,0,0,0,0,0,0,0,0,0,0,0,0,0,0,0,0,0.179,0,0,0,0,0,0,0,0,0,0,0,0,0,0,0,0,0,0,0,0,0,0,0,0,0,0,0,0,0,0,0,0,0,0,0,0,0,0,0,0,0,0,0.221,0.257,0,0,0,0,0,0,0.474,0,0,0.252,0,0,0,0,0,0,0,0,0,0,0,0,0,0,0,0,0,0.406,0,0,0,0,0,0,0,0,0,0,0,0,0,0,0,0,0,0,0,0,0,0,0,0,0,0,0,0,0,0,0,0,0,0,0,0,0,0,0,0,0,0,0.698,0,0,0,0,0,0,0,0,0,0,0,0,0,0,0,0,0,0,0.261,0,0,0,0,0,0,0,0,0,0,0,0,0,0,0,0,0,0,0,0,0,0,0,0,0,0,0,0,0,0,0,0,0,0,0,0,0,0,0,0,0,0,0,0,0,0,0.2,0,0,0,0,0,0,0.161,0,0,0,0,0,0,0,0,0,0,0.291,0,0,0,0,0,0.258,0,0,0,0,0,0,0,0,0,0,0,0,0,0,0,0,0,0,0,0,0,0,0.155,0,0,0,0,0,0,0,0,0,0,0,0,0,0,0,0,0,0,0,0,0,0.538,0.773,0,0,0,0,0,0,0,0.199,0,0,0,0,0,0,0,0,0.177,0,0,0,0,0,0,0,0,0,0,0,0.214,0,0,0,0,0,0,0,0,0,0,0.513,0,0,0,0,0,0,0,0,0,0,0,0,0.195,0,0,0,0,0,0,0,0,0,0,0,0,0,0,0,0.19,0,0,0,0.256,0,0,0,0,0,0,0,0,0,0,0,0,0,0,0,0,0,0,0,0,0,0,0.188,0,0,0,0,0,0,0,0,0,0,0,0,0,0,0,0,0,0,0,0,0,0,0,0,0,0,0,0,0,0,0,0,0,0.244,0,0,0,0,0,0.239,0,0,0,0,0.175,0,0,0,0,0,0,0,0,0,0,0,0,0,0,0,0,0,0,0,0,0,0,0,0,0,0,0,0,0,0,0,0,0,0,0,0,0,0,0,0,0,0,0,0,0,0,0,0,0,0,0,0,0,0,0,0,0,0,0,0,0,0,0,0,0,0,0,0,0,0,0,0,0,0,0,0,0,0,0,0,0,0,0,0,0,0,0,0,0.175,0.213,0,0,0,0,0,0,0,0,0,0,0,0,0,0,0,0,0,0,0,0,0,0,0,0,0,0,0,0,0,0,0,0,0,0,0,0,0,0,0,0,0,0,0,0,0,0,0,0,0,0,0,0,0,0,0,0,0,0,0,0,0,0,0,0,0,0,0,0,0,0,0,0,0,0,0,0,0,0,0,0,0,0,0,0,0,0,0,0,0,0,0,0,0,0,0,0,0,0,0,0,0,0,0,0,0,0.19,0,0,0,0,0,0,0,0,0,0,0,0,0,0,0,0,0,0,0,0,0,0,0,0,0,0,0,0,0,0,0,0,0,0,0,0,0,0,0,0,0,0,0,0,0,0,0,0,0,0,0,0,0,0,0,0,0,0,0,0,0,0,0,0,0,0,0,0,0,0,0,0,0,0,0,0,0,0,0,0,0,0,0,0,0,0,0,0,0,0,0,0,0,0,0,0,0,0.22,0,0,0,0.226,0,0,0,0,0,0,0,0,0,0,0,0,0,0,0,0,0,0,0,0,0,0.159,0,0,0,0,0,0,0,0,0,0,0,0.287,0,0,0,0,0,0,0,0,0,0,0,0,0,0,0,0,0,0,0,0,0.235,0,0,0,0,0,0,0,0,0,0,0,0,0,0,0,0,0,0,0,0,0,0,0,0,0,0,0,0,0.279,0,0,0,0,0,0,0,0,0,0,0,0,0,0,0,0,0.231,0.258,0,0,0,0,0,0.234,0,0,0,0,0,0,0,0,0,0,0,0,0,0,0,0,0,0,0,0,0,0,0,0,0,0,0,0,0,0,0,0,0,0,0,0.595,0,0,0,0,0.541,0,0.217,0,0,0.238,0,0,0,0,0,0,0.22,0,0,0,0,0,0,0,0,0.585,0,0,0,0,0,0,0.665,0,0,0,0,0,0,0,0,0,0,0,0,0,0,0,0,0,0,0,0,0,0,0,0,0,0,0,0,0,0.309,0,0,0,0,0,0,0,0,0,0,0,0,0,0,0,0,0,0,0,0,0,0,0,0,0,0,0,0,0,0,0,0,0,0,0,0,0,0,0,0,0,0,0,0,0,0,0,0,0,0,0,0,0,0,0.54,0.671,0,0,0,0,0,0,0,0,0,0,0,0,0,0,0,0,0,0,0,0,0,0,0,0,0,0,0,0,0,0,0,0,0,0,0,0,0,0,0,0,0,0,0,0,0,0,0,0,0,0,0,0,0,0,0,0,0,0,0,0,0,0.157,0,0,0,0,0,0,0,0,0,0,0,0,0,0,0,0.266,0,0,0,0,0,0,0,0,0,0,0,0,0,0.339,0,0,0,0,0,0,0,0.413,0,0,0,0,0,0,0,0,0,0,0,0,0,0,0,0,0,0,0,0,0,0,0,0,0,0,0,0,0,0.197,0,0,0,0,0,0,0,0,0,0,0,0,0,0,0,0,0,0,0,0,0,0,0,0,0,0,0,0,0,0,0,0,0,0,0,0,0,0,0,0,0,0,0,0,0,0,0,0,0,0,0,0,0,0,0,0,0,0,0,0,0,0,0,0,0,0,0,0,0,0,0,0,0,0,0,0,0,0,0,0,0,0,0,0,0,0,0,0,0,0,0,0,0,0,0,0,0,0,0,0,0,0,0,0,0,0,0,0,0,0,0,0,0,0,0,0,0,0,0,0,0,0,0.175,0.331,0,0,0,0,0,0,0,0,0,0,0,0,0,0,0,0,0,0,0.196,0,0,0,0,0,0,0,0,0,0,0,0,0,0,0,1
850519,0,0,0,0,0,0,0,0,0.198,0,0,0,0,0,0,0,0,0,0,0,0,0,0,0,0.538,0,0,0,0,0,0,0,0,0,0,0,0,0,0,0,0,0,0,0,0,0,0.268,0,0,0,0,0,0,0,0,0,0,0,0,0,0,0,0,0,0,0,0,0,0,0,0,0,0,0,0,0,0,0,0,0,0,0,0,0,0,0,0,0,0,0,0,0,0,0,0,0,0,0,0,0,0,0,0,0,0,0,0,0,0,0.445,0,0,0,0,0,0,0,0,0,0,0,0,0,0,0.605,0,0,0,0,0,0,0,0,0,0,0,0,0,0,0,0,0,0.254,0.183,0,0,0,0,0,0,0,0,0,0,0,0,0,0,0,0,0,0,0,0,0,0,0,0,0,0,0,0,0,0,0,0,0,0,0,0.186,0,0,0,0,0,0,0,0,0,0,0,0,0,0,0,0,0,0,0,0,0,0,0,0,0,0,0,0,0,0,0,0,0,0,0,0,0,0,0,0,0,0,0,0,0,0,0,0,0,0,0,0,0,0,0,0,0,0,0,0.484,0,0,0,0,0,0,0,0,0,0,0,0,0,0,0,0,0,0,0,0,0,0,0,0,0,0,0,0,0,0,0,0,0,0,0,0,0,0,0,0,0,0,0,0,0,0,0,0,0,0,0,0.268,0,0,0,0,0,0,0,0,0,0,0,0,0,0,0,0,0,0,0,0,0,0,0,0,0,0,0,0,0,0,0,0,0,0,0.199,0,0,0,0,0,0,0,0,0,0,0,0,0,0,0,0,0,0,0,0,0,0,0,0,0,0,0,0,0,0,0,0,0,0,0,0,0,0,0,0.209,0,0,0,0,0,0.221,0,0,0,0,0,0,0,0,0,0,0,0,0,0,0,0,0.179,0,0,0,0,0,0,0,0,0,0,0,0,0,0,0,0,0,0,0,0,0,0,0,0,0,0,0,0,0,0,0,0,0,0,0,0,0,0,0,0,0.297,0,0,0,0,0,0,0,0,0,0,0,0,0.165,0,0,0,0,0,0,0,0,0,0,0,0,0,0,0,0,0,0,0,0,0,0,0,0,0,0,0,0,0,0,0,0,0,0,0,0,0,0,0,0,0,0,0,0,0,0,0,0,0,0,0,0,0,0,0,0,0,0,0,0,0,0,0.206,0,0,0,0,0,0,0,0,0,0,0,0,0,0,0,0,0,0,0,0,0,0,0,0,0,0,0,0,0,0.386,0,0,0,0,0,0,0,0,0,0,0,0,0,0,0,0,0,0,0,0,0,0,0,0,0,0,0,0,0,0,0,0,0,0,0,0,0,0,0,0,0,0,0,0,0,0,0,0,0,0,0,0,0,0,0,0,0,0,0,0,0,0,0,0,0,0.242,0,0,0,0.223,0,0,0,0,0,0,0,0,0,0,0,0,0,0,0,0,0,0,0,0,0,0.216,0,0,0,0,0,0,0,0,0,0,0,0,0,0,0,0,0,0,0,0,0,0,0,0,0,0,0,0,0,0,0,0,0,0,0,0,0,0,0,0,0,0,0,0,0,0,0,0,0,0.227,0,0,0,0,0,0,0,0,0,0,0,0,0,0,0,0,0.395,0,0,0,0,0,0,0,0,0,0,0,0,0,0,0,0,0,0,0,0.38,0,0,0,0,0,0,0,0,0,0,0,0,0,0,0,0,0,0,0,0,0,0,0,0,0,0,0,0,0,0,0,0,0,0,0,0,0,0,0,0,0,0,0,0,0,0,0,0,0,0,0,0,0,0,0,0,0,0,0,0.445,0,0,0,0,0,0,0,0,0,0,0,0,0,0,0,0,0,0,0,0,0,0,0,0,0,0,0,0,0,0,0,0,0,0,0,0,0,0,0,0,0,0,0,0,0,0,0,0,0,0,0,0,0,0,0,0,0,0,0,0,0.222,0,0.445,0,0,0,0,0,0,0,0,0,0,0,0,0,0,0,0,0,0,0,0,0,0,0,0,0,0,0,0,0,0,0,0,0,0,0,0,0,0,0,0,0,0,0,0,0,0,0,0,0,0,0.309,0,0,0,0,0.151,0,0,0,0,0,0,0,0,0,0,0,0,0,0,0,0,0,0,0,0,0,0,0,0,0,0,0,0,0,0,0,0,0,0,0,0,0,0,0,0,0,0,0,0,0,0,0,0,0,0,0,0,0,0,0.199,0,0,0,0,0,0,0,0,0,0,0,0,0,0,0,0,0,0,0,0,0,0,0,0,0,0,0,0,0,0,0,0,0,0,0,0,0,0,0,0,0,0,0,0,0,0.193,0,0,0,0,0,0,0,0,0,0,0,0,0,0,0,0,0,0.682,0,0,0,0,0,0,0,0,0,0,0,0,0,0,0,0,0,0,0,0,0,0,0,0,0,0,0,0,0,0,0,0,0,0,0,0,0,0,0,0,0,0,0,0,0,0,0,0,0,0,0,0,0,0,0,0,0,0,0,0,0,0,0,0,0,0,0,0,0,0,0,0,0,0,0,0,0,0,0,0,0,0,0,0,0,0,0,0,0,0,0,0,0.23,0,0,0,0.209,0,0,0,0,0,0,0,0,0,0,0,0,0,0,0,0.268,0,0,0,0,0,0,0,0,0,0,0,0,0.201,0,0,0,0.202,0,0,0,0,0,0,0,0,0,0,0,0,0,0,0,0,0,0,0,0,0,0,0,0,0,0,0,0,0,0,0,0,0,0,0,0,0,0,0,0,0,0,0,0,0,0,0,0,0,0,0,0,0,0,0,0,0,0,0,0,0,0,0,0,0,0,0,0,0,0,0,0,0,0,0,0.157,0,0,0,0,0,0,0,0,0,0,0,0,0,0,0,0,0,0,0,0,0,0,0,0,0,0,0,0,0,0,0,0,0,0,0,0,0,0,0,0,0,0,0,0,0,0,0,0,0,0,0,0,0,0,0,0,0,0,0,0,0,0,0,0,0,0,0.536,0,0,0,0,0,0,0,0,0,0,0,0,0,0,0,0,0,0,0,0,0,0,0,0,0,0,0,0,0,0,0,0,0,0,0,0,0,0,0,0,0,0,0,0,0,0,0,0,0,0,0,0,0,0,0,0,0,0,0,0,0,0,0,0,0,0,0,0,0,0,0,0,0,0,0,0,0,0,0,0,0,0,0,0,0,0,0,0,0,0,0,0,0,0,0,0,0,0,0,0,0,0,0,0,0,0,0,0,0,0,0,0,0,0,0,0,0,0,0,0,0,0,0,0,0,0,0,0,0,0,0,0,0,0,0,0,0,0,0,0,0,0,0,0,0,0,0,0,0,0,0,0,0,0,0,0,0,0,0,0,0,0,0,0,0,0,0.288,0,0,0,0,0,0,0,0,0,0,0,0.157,0,0,0,0,0,0,0,0,0,0,0,0,0,0,0,0,0,0,0,0,0,0,0,0,0,0,0,0,0,0,0,0,0,0,0,0,0,0,0,0,0,0,0,0,0,0,0,0,0,0,0,0.157,0,0,0,0,0,0,0,0,0,0,0,0,0,0,0,0,0,0,0,0,0,0,0,0,0,0,0,0,0,0,0,0,0,0,0,0,0,0,0,0,0,0,0,0,0,0.514,0,0,0,0,0,0.192,0,0,0.333,0,0.196,0,0,0,0,0.203,0.242,0,0,0,0,0.223,0,0,0,0,0,0,0,0,0,0,0,0,0,0.198,0,0,0,0,0,0,0,0,0,0,0,0,0,0,0,0.193,0,0,0,0,0,0,0,0,0,0,0,0,0,0,0.581,0,0,0,0,0,0,0,0.345,0,0,0,0,0,0,0,0,0.171,0,0,0,0,0,0,0,0,0,0,0,0,0,0,0,0,0,0,0,0,0,0,0,0,0,0,0,0,0,0,0,0,0,0,0,0,0,0,0,0,0,0,0,0,0,0,0,0,0,0,0,0,0,0,0,0,0,0,0,0,0,0,0,0,0,0,0,0,0,0,0,0,0,0,0,0,0,0,0,0,0,0,0,0,0,0,0,0,0,0.912,0,0,0,0,0,0,0,0,0,0,0,0,0,0,0,0,0,0,0,0,0.288,0,0,0,0,0,0,0,0,0,0,0,0,0,0,0.345,0,0.468,0,0,0,0,0,0,0,0,0,0,0,0,0,0,0,0,0,0,0,0,0,0,0,0,0,0,0,0,0,0,0,0,0,0,0,0,0,0.216,0,0,0,0,0,0,0,0,0,0,0,0,0,0,0,0,0,0,0,0,0,0,0,0,0,0,0,0,0,0,0,0,0,0,0,0,0,0,0,0,0,0,0,0,0,0,0,0,0,0,0,0,0,0,0,0,0,0,0,0,0,0,0,0,0,0,0,0,0.171,0,0,0,0,0,0,0,0.912,0,0,0,0,0,0,0,0,0,0,0,0,0,0,0,0,0,0,0,0,0,0,0.36,0,0,0,0,0,0,0,0,0,0,0,0,0,0,0,0,0,0,0,0,0,0,0,0,0,0,0,0,0,0.162,0,0,0,0,0,0,0,0,0,0,0,0,0,0,0,0,0,0,0,0,0,0,0,0,0,0,0,0,0,0,0,0,0,0,0,0,0,0,0,0,0,0.183,0,0,0,0,0,0,0,0,0,0,0,0,0,0,0,0,0,0,0,0,0,0,0,0,0,0,0,0,0,0,0,0,0,0,0,0,0,0,0,0,0,0,0,0,0,0,0,0,0,0,0,0,0,0,0,0,0,0,0,0,0,0,0,0,0,0,0,0,0,0,0,0,0,0,0,0,0,0,0,0,0,0,0,0,0,0,0,0,0,0,0,0,0,0,0,0,0,0,0,0.195,0,0,0,0,0,0,0,0,0,0,0,0.199,0,0,0,0,0,0,0,0,0,0,0,0,0,0,0,0,0,0,0,0,0,0,0,0,0,0.205,0,0,0,0,0,0,0,0,0,0,0.606,0,0,0,0,0,0,0,0,0,0,0,0,0,0,0,0,0,0.307,0,0,0,0,0.226,0,0,0,0.203,0,0,0,0.446,0.218,0,0,0,0,0,0.537,0,0,0,0,0,0,0,0,0,0,0.212,0,0,0,0,0,0.297,0,0,0,0.428,0.193,0,0,0,0.284,0,0,0,0,0,0,0.258,0,0,0,0.558,0,0,0,0,0,0,0,0,0.197,0,0,0.297,0,0.201,0,0,0,0,0,0,0,0,0,0,0,0,0,0,0,0,0,0,0,0,0.205,0,0,0,0,0,0,0,0,0,0,0,0,0,0,0,0,0,0,0,0,0,0,0,0,0,0,0,0,0,0,0,0.49,0,0,0,0,0,0,0,0,0,0,0,0,0,0,0,0,0,0,0,0,0,0,0,0,0,0,0,0,0,0,0,0,0,0,0,0,0,0,0,0,0,0,0,0,0,0,0,0,0,0,0,0,0,0,0,0,0,0,0,0,0,0,0,0,0,0,0,0,0,0,0,0,0,0,0,0,0,0,0,0,0,0,0,0,0,0,0,0,0,0,0,0,0,0,0,0,0,0,0,0,0,0,0,0,0,0,0,0.537,0,0,0,0,0,0,0,0,0,0,0,0,0,0,0,0,0,0,0,0,0,0,0,0,0.317,0,0.204,0.317,0,0,0,0.214,0,0,0.363,0,0,0,0,0,0,0,0,0,0,0,0,0,0,0,0,0,0,0,0,0,0,0,0,0,0.22,0,0,0,0,0,0,0,0.22,0,0,0,0,0,0,0,0,0,0,0.151,0,0,0,0,0,0,0,0,0,0,0.22,0,0,0,0,0,0,0,0,0,0,0,0,0,0,0,0,0,0,0,0,0,0,0,0,0,0,0,0,0,0,0,0,0,0,0,0,0,0,0,0,0,0,0,0,0,0,0,0,0,0,0,0,0,0,0,0,0,0,0,0,0,0,0,0,0,0,0,0,0,0.478,0,0,0,0,0,0,0,0.536,0,0,0.583,0,0,0,0,0,0,0,0,0.254,0,0,0,0,0,0,0,0,0.21,0,0,0,0,0,0,0,0,0,0,0,0,0,0,0,0,0,0,0,0,0,0,0,0,0,0,0,0,0,0,0,0,0,0,0,0,0,0,0.243,0,0,0,0,0,0,0,0,0,0,0,0,0,0,0,0,0,0,0,0,0,0,0,0,0,0,0,0,0,0,0,0,0,0,0,0,0,0,0,0,0,0,0,0,0,0,0,0,0,0,0.229,0,0,0,0,0,0,0,0,0,0,0,0,0,0,0,0,0,0,0,0,0,0,0,0.348,0,0,0,0,0,0,0,0,0,0,0,0,0,0,0,0,0,0,0,0,0,0,0,0,0,0,0,0,0,0,0,0,0,0,0,0,0,0,0,0,0,0,0,0,0,0,0,0,0,0,0,0,0,0,0,0,0,0,0,0,0,0,0,0,0,0,0,0,0,0,0,0,0,0,0,0,0,0,0,0,0,0,0,0,0,0,0,0,0,0,0,0,0,0,0,0,0,0,0,0,0,0,0,0,0,0,0,0,0,0,0,0.22,0,0,0,0,0,0,0,0,0,0,0,0,0,0,0,0,0,0,0,0,0,0,0,0,0,0,0,0,0,0,0,0,0,0,0,0,0,0,0,0,0,0,0,0,0,0,0,0,0,0,0,0,0,0,0,0,0,0,0,0,0,0,0,0,0,0,0,0,0,0,0,0,0,0,0,0,0,0,0,0,0,0,0,0,0,0,0,0,0,0,0,0,0,0,0,0,0,0,0,0,0,0,0,0,0,0,0,0,0,0,0,0,0,0,0,0,0,0,0,0,0,0,0,0,0,0,0,0,0,0,0,0,0,0,0,0,0,0,0,0,0,0,0,0,0,0,0,0,0.64,0,0,0,0,0,0,0,0,0,0,0,0,0,0,0,0,0,0,0,0,0,0,0,0,0,0,0,0,0,0,0,0,0,0,0,0,0,0,0,0,0,0,0,0,0,0,0,0,0,0,0,0,0,0,0,0,0,0,0,0,0,0,0,0,0,0,0,0,0,0,0,0,0,0,0,0,0,0,0,0,0,0,0,0,0,0,0,0,0,0,0,0,0,0,0,0,0,0,0,0,0,0,0,0,0,0,0,0,0,0,0,0,0,0,0,0,0,0,0,0,0,0,0,0,0,0,0,0,0,0,0,0,0,0,0,0,0,0,0,0,0,0,0,0,0,0,0,0,0,0,0,0,0,0.307,0.269,0,0,0,0,0,0,0,0,0,0,0,0,0,0,0,0,0,0,0,0,0,0,0,0,0,0,0,0,0,0,0,0,0,0,0,0,0,0,0,0,0,0,0,0,0,0,0,0,0,0,0.197,0,0,0,0.22,0,0,0,0.892,0,0,0,0.222,0,0.902,0,0,0,0,0,0,0,0.607,0,0,0,0,0,0,0,0,0,0,0,0,0,0,0,0,0,0,0,0,0,0,0,0,0,0,0,0,0,0,0,0,0,0,0.282,0,0,0,0,0,0,0,0,0,0,0,0,0,0,0,0,0,0,0,0,0,0,0,0,0,0.191,0,0,0,0,0,0,0,0,0,0,0,0,0,0,0,0,0,0,0,0,0,0,0.219,0,0,0,0,0,0,0,0,0,0,0,0,0,0,0,0,0,0,0,0,0,0,0,0,0,0,0,0,0,0,0,0,0,0,0,0,0,0,0,0,0,0,0,0,0,0,0,0,0,0,0,0,0,0,0,0,0,0,0,0,0,0,0,0,0,0,0,0,0,0,0,0,0,0,0,0,0.496,0.186,0,0,0,0,0,0,0,0,0,0,0,0,0,0,0,0,0.186,0,0,0,0,0,0,0,0,0,0,0,0.186,0,0,0,0,0,0,0,0,0,0,0,0,0,0,0.243,0,0,0,0,0,0,0,0,0,0,0,0,0,0,0,0,0,0,0,0,0,0,0,0,0,0,0,0,0,0.186,0.186,0,0,0.186,0,0,0,0,0,0.268,0,0,0,0,0,0,0,0,0,0,0,0.208,0,0,0,0,0,0.428,0,0,0,0,0,0,0,0,0,0,0,0.352,0,0,0,0,0,0,0.268,0,0,0,0,0,0,0,0,0,0,0,0,0,0,0,0,0,0,0,0,0,0,0,0,0,0,0,0,0,0,0,0,0,0,0,0,0,0,0,0,0,0,0,0,0,0,0,0,0,0,0,0,0,0,0,0,0,0,0,0,0,0,0,0,0,0,0,0,0,0,0,0,0,0.19,0,0,0,0,0,0,0,0,0,0,0,0,0,0,0,0,0,0,0,0,0,0,0,0,0,0,0,0,0,0,0,0,0.165,0,0,0,0,0,0,0,0,0,0,0,0,0,0,0,0,0,0,0,0,0,0,0,0,0,0,0,0,0,0,0,0,0,0,0,0,0,0,0,0,0,0,0,0,0,0,0,0,0,0,0,0,0,0,0,0,0,0,0,0,0,0,0,0,0,0,0,0,0,0,0,0,0,0,0,0,0,0,0,0,0,0,0,0,0,0,0,0,0,0,0,0,0,0,0,0,0,0,0,0,0.167,0,0,0,0,0,0,0.173,0,0.339,0,0,0,0,0,0,0,0,0,0,0,0,0,0,0,0,0,0,0,0,0,0,0,0,0,0,0,0,0,0,0.201,0,0,0,0,0,0,0,0,0,0,0,0.224,0,0,0,0,0,0,0,0,0,0,0,0,0,0,0,0,0,0,0,0,0,0,0,0,0.254,0,0,0,0,0,0,0,0,0,0,0,0,0.191,0.191,0,0,0,0,0,0,0.281,0,0,0,0.276,0,0,0,0,0,0.276,0,0,0,0,0,0,0,0,0,0,0,0,0,0,0,0,0,0,0,0,0,0,0,0,0,0,0,0,0,0,0,0,0,0,0,0,0,0,0,0,0,0,0.157,0,0,0,0,0,0,0,0,0,0,0,0,0,0,0.916,0,0.154,0,0,0,0,0,0.206,0,0,0,0,0,0,0,0,0,0,0,0,0,0,0,0,0,0,0,0,0,0,0,0.199,0,0.786,0,0,0,0,0,0.554,0,0,0,0,0,0,0,0,0,0,0,0,0,0,0,0,0,0,0,0,0,0,0,0.554,0,0,0,0,0,0,0,0.198,0,0,0,0,0,0,0,0,0,0,0,0,0,0,0,0,0,0,0,0,0,0.599,0,0,0,0,0,0,0,0,0,0,0,0,0,0,0,0,0,0,0,0,0,0,0,0,0,0,0,0,0,0,0,0,0,0,0,0,0,0,0,0,0,0,0,0,0,0,0,0,0,0,0,0,0,0,0,0,0,0,0,0,0,0,0.454,0,0,0,0,0,0,0,0,0,0,0,0,0,0,0,0,0,0,0,0,0,0,0,0,0,0,0,0,0,0,0,0,0,0,0,0,0,0,0,0,0,0,0,0,0,0.268,0,0,0,0,0,0,0,0.188,0,0,0,0,0,0.916,0.229,0,0,0,0,0,0,0,0,0,0,0,0,0,0,0,0,0,0,0,0,0,0,0.448,0,0,0,0,0,0,0,0,0,0,0,0,0,0,0,0,0,0,0,0,0,0.22,0,0,0,0,0,0,0,0.218,0,0.478,0,0,0,0,0,0.66,0,0.657,0,0,0,0,0,0,0,0,0,0,0,0,0,0,0,0,0,0,0,0,0,0,0,0,0,0,0,0,0,0,0,0,0,0,0,0,0,0,0,0,0,0,0,0,0,0,0,0,0,0,0,0,0.305,0,0,0,0,0,0,0,0,0,0,0,0,0,0,0,0,0,0,0,0,0,0,0,0,0,0,0,0,0,0,0,0,0,0,0,0,0,0,0,0,0,0,0,0,0,0,0,0,0,0,0,0,0,0,0,0,0,0,0,0,0,0,0,0,0,0,0,0,0,0,0,0,0,0,0,0,0,0.708,0,0,0,0,0,0,0,0.638,0,0,0,0,0,0,0,0,0,0,0,0,0,0,0,0,0,0,0,0
851729,0,0,0,0,0,0,0,0.23,0.22,0,0,0,0,0,0,0.904,0,0,0,0.549,0,0,0,0,0,0,0,0,0,0,0,0,0.3,0,0,0,0,0,0,0,0,0,0,0,0,0.168,0,0,0,0,0,0,0,0,0,0,0,0,0,0,0,0,0,0,0,0,0,0,0,0,0,0,0,0,0,0.215,0,0,0,0,0,0,0,0,0,0,0,0,0,0,0.201,0,0,0.904,0,0,0,0,0.915,0,0,0,0,0,0,0,0,0,0,0,0,0,0,0,0,0,0,0.564,0,0,0,0.904,0,0,0,0,0,0,0,0,0,0,0,0,0,0,0,0,0,0.201,0,0,0,0,0,0,0,0,0,0,0,0,0,0,0,0,0.162,0,0,0,0,0,0,0,0.915,0,0,0,0,0.197,0,0,0,0,0,0,0,0.214,0,0.246,0.197,0.215,0,0,0,0,0,0,0,0,0,0,0,0,0,0,0,0,0.244,0,0,0,0,0,0,0,0,0,0,0,0,0,0,0,0,0,0,0,0,0,0,0,0,0,0,0,0,0,0,0.213,0,0,0.173,0,0,0,0.226,0,0,0,0,0,0,0,0.173,0,0,0,0,0,0,0,0,0,0,0,0,0,0,0,0,0,0,0,0.283,0,0,0,0,0,0,0,0,0,0,0.224,0,0,0,0,0,0,0,0,0,0,0,0,0,0,0,0,0,0,0,0.267,0,0.319,0,0,0,0,0,0.332,0,0,0.252,0,0,0,0,0,0,0,0.224,0,0,0,0,0,0,0,0,0,0,0,0,0,0,0,0,0,0,0,0,0,0,0,0,0,0,0,0,0,0,0,0,0,0,0,0,0,0,0,0,0.16,0.252,0,0,0.198,0,0,0,0,0,0,0,0,0,0.21,0,0,0,0,0,0,0,0,0.193,0,0,0,0,0,0,0,0,0,0.21,0,0,0,0,0,0,0,0,0,0,0,0,0,0,0,0,0,0,0,0,0.213,0,0,0,0.46,0,0,0,0,0,0,0,0,0,0,0,0,0,0,0,0,0,0,0.213,0,0,0,0,0,0,0,0,0.25,0,0,0,0,0,0,0,0,0,0,0,0,0,0,0,0,0,0,0,0,0,0,0,0,0,0,0,0,0,0,0,0,0,0,0,0,0,0,0,0,0,0,0,0,0,0,0,0,0,0,0.248,0,0,0.294,0,0,0,0,0,0,0,0.585,0,0,0,0,0,0,0,0,0,0,0,0,0,0,0,0,0,0,0,0,0,0,0,0,0,0,0,0,0,0,0,0,0,0.232,0,0,0,0,0,0,0,0,0,0,0.213,0,0,0,0,0,0,0,0,0.3,0,0,0,0,0,0,0,0.373,0,0,0,0,0.237,0,0,0,0,0,0,0,0,0,0,0,0,0,0,0.267,0,0,0,0,0,0,0,0,0,0,0,0,0,0,0,0,0,0,0,0,0,0,0,0,0,0,0,0,0,0,0,0,0,0,0,0,0,0,0,0.204,0,0,0,0.16,0,0,0,0,0.204,0,0,0,0,0,0,0,0,0,0,0,0,0.196,0,0,0,0,0,0,0.226,0,0,0,0,0,0,0,0,0,0,0,0,0,0,0,0,0,0,0,0,0,0,0,0,0,0,0,0,0,0,0.277,0,0,0,0,0,0,0,0,0,0,0,0,0,0,0,0,0,0,0,0,0,0,0,0,0,0.208,0,0,0,0,0,0,0,0,0,0,0,0,0,0,0,0,0,0,0,0,0,0,0,0,0,0,0,0,0,0,0,0,0,0,0,0,0,0,0,0,0,0,0,0,0,0,0,0,0,0,0,0,0,0,0,0,0,0,0,0,0,0,0,0,0,0,0,0,0,0,0,0,0,0,0,0,0,0,0,0.213,0,0,0,0,0,0,0,0,0,0,0,0,0,0,0,0,0.313,0,0,0,0,0,0,0,0,0,0,0,0,0,0,0,0,0,0,0,0,0,0,0,0,0,0,0,0,0,0,0,0,0,0,0,0,0,0,0,0,0.157,0,0,0,0,0,0,0,0,0,0,0,0,0,0,0,0,0,0,0,0,0,0,0,0,0,0,0,0,0,0,0,0,0,0,0,0,0,0,0,0,0,0,0,0,0,0,0,0,0,0.267,0,0,0,0,0,0,0,0,0,0,0,0,0,0,0,0,0,0,0,0,0.252,0,0,0,0,0,0,0,0,0,0,0,0,0.226,0,0,0,0,0,0,0,0,0,0,0,0,0,0,0,0,0.168,0,0,0,0,0,0,0,0,0,0,0,0,0,0,0,0,0,0,0,0,0,0,0,0,0,0,0,0,0,0,0,0,0,0,0,0,0,0,0,0,0,0,0,0,0,0,0.199,0,0,0,0,0,0,0,0,0,0,0,0,0,0,0,0,0,0,0,0,0,0,0,0,0,0,0,0,0,0,0.27,0,0,0,0,0,0,0.21,0,0,0,0,0,0,0,0,0,0,0,0,0,0,0,0,0,0,0,0,0,0,0,0,0,0,0.3,0,0,0,0,0,0,0,0,0,0,0,0,0,0,0,0,0,0,0,0,0,0,0.226,0,0,0,0,0,0,0,0,0,0,0,0,0,0,0,0.221,0,0.221,0,0.206,0,0,0,0,0,0,0,0,0,0,0,0,0,0,0,0,0,0,0,0,0,0,0,0,0,0,0,0,0,0,0,0,0,0,0,0,0.166,0.172,0,0,0,0,0,0,0,0,0,0,0,0,0,0,0,0,0,0,0,0,0.193,0,0,0.178,0,0,0,0,0,0,0,0,0,0,0,0,0,0,0,0,0,0,0,0,0,0,0,0,0.187,0,0,0,0,0,0,0,0,0,0,0,0,0.196,0,0,0,0,0,0,0,0.213,0,0,0,0,0.189,0,0,0,0,0,0.195,0,0,0,0,0,0,0,0,0,0,0,0,0.187,0,0,0,0,0,0.172,0,0.187,0,0,0,0,0,0,0,0,0,0,0,0,0,0,0,0,0,0.3,0,0,0,0,0,0,0,0,0,0,0,0,0,0,0,0,0,0,0,0,0,0,0,0,0.204,0,0,0,0,0,0,0,0,0,0,0,0,0.205,0,0,0,0.153,0,0,0,0,0,0,0.162,0,0,0,0,0,0,0,0,0,0,0,0,0,0,0,0,0,0,0,0.187,0,0,0,0,0,0,0,0,0,0,0,0,0,0,0,0,0,0,0,0.205,0,0,0,0,0,0,0,0,0,0,0.353,0,0,0,0,0,0,0,0.4,0,0,0,0,0,0,0,0,0,0,0,0,0.239,0,0,0.296,0.162,0,0,0,0,0,0,0,0,0,0,0,0,0,0,0,0.205,0,0,0,0,0,0,0,0,0.219,0,0,0,0,0,0,0,0,0,0,0,0,0,0,0,0,0,0,0,0,0,0,0,0,0,0,0,0,0,0,0,0,0,0,0,0,0,0,0,0,0,0,0,0,0,0,0,0,0,0,0,0,0,0,0,0,0,0,0,0,0,0,0,0,0,0,0,0,0,0,0,0,0,0,0,0,0,0,0,0,0,0,0,0,0.206,0,0,0,0.189,0,0,0,0,0,0,0,0,0.227,0,0,0,0,0,0,0.163,0.205,0,0.153,0,0,0,0,0,0,0,0.164,0,0,0,0,0,0,0,0,0.317,0,0.172,0,0,0,0,0,0,0,0,0,0,0,0,0,0,0,0,0.3,0,0,0,0,0,0,0.169,0,0,0,0,0,0,0,0,0,0,0,0,0,0,0,0,0,0,0.3,0,0,0,0,0,0,0,0,0,0,0,0,0,0,0,0,0,0,0,0,0,0,0.186,0,0,0,0,0,0,0,0,0,0,0,0.27,0.248,0,0,0,0,0,0,0,0,0,0,0,0,0,0,0,0,0,0,0,0,0,0,0,0,0.426,0,0.201,0,0,0,0,0.304,0,0.466,0,0,0,0,0,0,0,0,0,0,0,0,0,0,0,0,0,0,0,0,0,0,0,0,0,0.229,0,0,0,0,0,0,0,0,0.358,0,0,0,0,0,0,0,0,0,0,0,0,0.154,0,0,0,0,0,0,0,0,0.179,0,0,0,0,0,0,0,0,0,0,0,0,0,0,0.185,0,0,0,0,0,0.169,0,0,0,0,0,0,0,0,0,0,0.173,0,0,0,0,0,0,0,0,0,0,0.307,0,0,0,0,0,0,0,0,0,0,0,0,0,0,0,0,0,0,0,0,0,0,0,0,0,0,0,0,0,0,0,0,0,0,0,0,0,0,0,0,0,0,0,0,0,0,0,0,0,0.158,0,0,0,0,0,0,0,0,0,0,0,0,0,0,0,0,0,0,0,0,0,0,0,0,0,0,0,0,0,0,0,0,0,0,0,0,0,0,0,0,0,0,0,0.238,0,0,0,0,0,0,0,0,0,0,0.197,0,0,0,0.175,0,0,0,0,0,0,0,0,0,0,0,0,0,0,0,0,0,0,0,0,0,0,0,0,0,0,0,0,0,0,0,0,0,0,0,0,0,0.21,0,0,0,0,0,0,0,0,0,0,0,0,0,0.18,0,0,0,0,0,0,0,0,0,0,0,0,0,0,0,0,0,0,0,0,0,0,0,0,0,0,0,0.175,0,0,0,0,0,0,0,0,0,0.167,0,0,0,0,0,0,0,0,0,0,0,0,0,0,0,0,0,0,0,0,0.168,0,0.204,0,0,0,0,0,0,0,0,0,0,0,0,0,0,0,0,0,0,0.175,0,0,0,0,0,0,0,0,0,0,0,0,0,0,0,0,0,0,0,0,0,0,0,0,0,0,0,0,0,0.216,0,0.175,0,0,0.167,0.168,0,0,0,0,0,0,0,0,0,0,0,0,0,0,0,0,0,0,0,0,0,0,0,0,0,0,0,0,0,0,0,0,0,0,0,0,0,0,0,0,0,0,0,0,0,0,0,0,0,0,0,0,0,0,0,0,0,0,0,0,0,0,0,0,0,0,0,0,0,0,0,0.201,0,0,0,0,0,0,0,0,0,0,0,0,0,0,0,0,0,0,0.177,0,0,0,0,0,0,0,0,0,0,0,0,0,0,0,0,0,0,0,0,0,0,0.222,0,0,0,0,0,0,0,0,0,0,0,0,0,0,0,0,0,0,0,0,0,0,0,0,0,0,0,0,0,0,0,0,0,0,0,0,0,0,0,0,0,0,0,0,0,0,0.222,0,0,0,0,0,0,0,0,0,0,0,0,0,0,0,0,0,0,0,0,0.429,0,0,0,0,0,0,0,0,0,0,0,0,0,0,0,0,0,0,0,0,0,0,0.182,0.178,0,0,0,0,0,0,0,0,0,0,0,0,0,0,0,0,0,0,0,0,0.182,0,0,0,0,0.9,0,0,0,0,0,0,0,0,0,0,0,0,0,0,0,0,0,0,0,0,0,0,0,0.435,0,0,0,0,0,0,0,0,0,0,0,0,0,0,0,0,0.16,0.189,0,0,0,0,0,0,0,0,0,0,0,0,0,0,0,0.257,0,0,0,0,0,0,0,0,0,0,0,0,0,0,0,0,0,0,0,0,0.9,0,0,0,0,0,0,0,0,0,0,0,0,0,0.178,0,0.182,0,0,0,0,0,0,0,0,0,0,0,0,0,0,0,0,0,0,0,0,0,0,0,0,0,0,0,0,0,0,0.172,0,0,0,0,0,0,0,0,0,0,0,0,0,0,0,0,0.424,0,0,0,0,0,0,0,0,0,0,0,0,0,0,0,0,0,0,0,0,0,0,0,0,0,0,0,0,0,0,0,0,0,0,0,0,0,0,0,0,0,0,0,0,0,0,0,0,0,0,0,0,0,0,0,0,0,0,0,0,0,0,0,0,0,0,0,0,0,0,0,0,0,0,0,0,0,0,0.225,0,0,0,0,0,0,0,0,0,0,0,0,0,0,0.268,0,0,0,0,0,0.226,0,0,0,0,0,0,0,0,0,0,0,0,0,0,0.226,0,0,0,0,0,0,0,0,0,0,0,0,0,0,0,0,0,0,0,0,0,0,0,0,0,0,0,0,0,0,0,0,0,0,0,0,0,0,0,0,0,0,0,0,0,0,0,0,0,0,0,0,0,0,0,0,0,0,0,0,0,0,0,0.781,0,0,0,0,0,0,0,0,0,0,0,0,0,0,0,0,0,0,0,0,0,0.278,0,0,0,0,0,0,0,0,0,0,0,0,0,0,0,0.231,0,0,0,0,0,0,0,0,0,0,0,0,0,0,0,0,0,0,0.186,0,0,0,0,0,0,0,0,0,0,0,0,0,0,0,0,0,0,0,0,0,0,0,0,0,0,0,0,0,0,0,0,0,0,0,0,0,0,0,0,0,0,0,0,0,0,0,0,0,0,0,0,0,0,0,0,0,0,0,0,0,0,0,0,0,0,0,0,0,0,0,0,0,0,0,0,0,0,0,0,0,0,0,0,0,0,0,0,0,0,0,0,0,0,0,0,0,0,0,0,0,0,0,0.213,0,0,0,0,0,0,0,0,0,0,0,0,0,0,0.273,0,0,0,0,0,0,0,0,0,0,0.223,0,0,0,0,0.267,0,0,0,0,0,0,0,0,0,0,0,0,0,0,0,0,0,0,0,0,0,0,0,0,0,0,0,0,0,0,0,0,0,0,0,0,0,0,0,0,0,0,0,0,0,0,0,0,0,0,0,0.196,0,0,0,0,0,0,0,0,0,0,0,0,0.199,0,0,0,0,0,0,0,0,0,0,0,0,0,0,0,0,0,0,0,0,0,0,0,0,0,0,0,0,0,0,0,0,0,0,0,0,0,0,0,0,0,0,0,0,0,0,0,0,0,0,0,0,0,0,0,0,0,0,0,0,0,0,0,0,0,0,0,0,0,0,0,0,0,0,0,0,0,0,0,0,0,0,0,0,0,0,0,0,0,0,0,0,0,0,0,0,0,0,0,0,0,0,0,0,0,0,0,0,0,0,0.185,0,0,0,0,0,0,0,0,0,0,0,0,0,0,0.417,0,0,0,0,0,0,0,0,0,0,0,0,0,0,0,0,0,0,0,0,0,0,0,0,0,0,0,0,0,0,0,0,0,0,0,0,0,0,0,0,0,0,0,0,0,0,0,0,0,0,0,0,0,0,0,0,0,0,0,0,0,0,0,0,0,0,0,0.948,0,0,0,0,0,0,0,0,0,0,0.196,0,0,0.213,0,0,0,0,0,0,0,0.306,0,0,0,0,0,0,0,0,0,0,0,0,0,0,0,0,0,0,0,0,0,0,0,0,0,0,0,0,0,0,0,0,0,0,0,0,0,0,0.213,0,0,0,0,0,0,0,0,0,0,0,0,0,0,0,0,0,0,0.218,0,0,0,0,0,0,0,0,0,0,0,0,0,0,0,0,0,0,0,0,0,0,0,0,0,0,0,0,0,0,0,0,0,0,0,0,0,0,0,0,0,0,0,0,0,0,0,0,0,0,0,0,0,0,0,0,0,0,0,0,0,0,0,0,0,0,0,0,0,0,0,0,0,0,0,0,0,0,0,0,0,0,0,0,0,0,0,0,0,0,0,0,0,0,0,0,0,0,0,0,0,0,0,0,0,0,0,0,0,0,0,0,0,0,0,0,0,0,0,0,0,0,0,0,0,0,0,0,0,0,0,0,0,0,0,0,0,0,0,0,0,0,0,0,0,0,0,0,0,0,0,0,0,0,0,0,0,0,0,0,0,0,0,0,0,0,0,0,0,0,0,0,0,0,0,0,0,0,0,0,0,0,0,0,0,0,0,0,0,0,0,0,0,0,0,0,0,0,0,0,0,0,0,0,0,0,0,0,0,0.165,0,0,0,0,0,0,0,0,0,0,0,0,0,0,0,0,0,0,0,0,0,0,0,0,0,0,0,0,0,0,0,0,0,0,0,0,0,0,0,0,0,0,0,0,0,0,0,0,0,0,0,0,0,0,0,0,0,0,0,0,0,0,0,0,0,0,0,0,0,0,0,0,0,0,0,0,0,0,0,0,0,0,0,0,0,0,0,0,0,0,0,0,0,0,0,0,0,0,0.221,0,0,0,0,0,0,0,0,0,0,0,0.196,0,0,0,0,0,0,0.27,0.154,0,0.221,0,0.244,0,0,0,0,0.197,0,0,0.196,0,0,0,0,0,0,0,0,0,0,0,0,0,0,0,0,0,0,0,0,0,0,0,0.196,0.267,0,0,0,0.154,0,0,0,0,0,0,0,0,0,0,0,0,0,0,0,0,0,0,0,0,0,0,0,0,0,0,0,0.221,0,0,0,0,0,0,0,0,0,0,0,0,0,0,0,0,0,0,0,0,0,0,0,0,0,0,0,0,0,0,0,0,0,0,0,0,0,0,0,0,0,0,0,0,0,0,0,0,0,0,0,0,0,0,0,0,0,0,0,0,0,0,0,0,0,0.305,0,0,0,0,0,0,0,0,0,0,0,0,0,0,0,0,0,0,0,0,0,0,0,0,0,0,0,0,0,0,0,0,0,0,0.179,0,0,0,0,0,0,0,0,0,0,0,0,0,0,0,0,0,0,0,0,0,0,0,0,0,0,0,0,0,0,0,0,0,0,0,0,0,0,0,0,0,0,0,0,0,0,0,0,0,0,0,0,0,0,0,0,0,0,0,0,0,0,0,0,0,0,0,0,0,0,0,0,0,0,0,0,0,0,0,0,0,0,0,0,0,0,0,0,0.266,0,0,0,0,0,0,0,0,0,0,0.183,0,0,0,0,0,0,0.228,0,0,0,0,0,0,0,0,0,0.163,0,0,0.27,0,0,0,0,0,0,0,0,0,0,0,0,0,0,0.197,0,0,0,0,0,0,0,0,0,0,0,0,0,0,0,0,0,0.487,0,0,0,0,0,0,0,0,0,0,0,0,0,0,0,0,0,0,0.228,0,0,0,0,0,0,0,0,0,0,0,0,0,0,0,0,0,0,0,0,0,0,0,0,0,0,0,0,0,0,0,0,0,0,0,0,0,0,0.246,0,0.271,0.189,0,0,0,0,0,0,0,0,0,0,0,0,0,0,0,0,0,0,0,0,0.181,0,0,0,0,0,0,0,0,0,0,0,0,0,0,0,0,0,0,0,0,0,0,0,0,0,0,0,0,0,0,0,0,0,0,0,0,0,0,0,0,0,0,0.246,0,0,0,0,0,0,0,0,0,0,0,0,0,0,0,0,0,0,0,0,0,0,0,0,0,0,0,0,0,0,0.268,0,0,0,0,0,0,0,0,0,0,0,0,0,0,0,0,0,0,0,0,0,0,0,0,0,0,0,0,0,0,0,0,0,0,0,0,0,0,0,0,0,0,0,0,0,0,0,0,0,0,0,0,0,0,0,0,0,0,0,0,0,0,0,0,0,0,0,0,0,0,0,0,0,0,0,0,0,0,0,0,0,0,0,0,0,0,0,0,0,0,0,0,0,0,0,0,0,0,0,0,0,0,0,0,0,0,0,0,0,0,0,0,0,0,0,0,0,0,0,0,0,0,0,0,0,0,0,0,0,0,0,0,0,0,0,0,0,0,0,0,0,0,0,0,0,0,0,0,0,0,0,0,0,0,0,0,0,0,0,0,0,0,0,0,0,0,0,0,0,0,0,0,0,0,0,0,0,0,0,0,0,0,0,0,0,0.171,0,0,0,0,0,0,0,0,0,0,0,0,0,0,0,0,0,0,0,0,0,0,0,0.197,0,0,0,0,0,0,0,0,0,0,0,0,0,0,0,0,0,0,0,0,0,0,0,0,0,0,0,0,0,0,0,0,0,0,0,0,0,0,0,0,0,0,0,0,0,0,0,0,0,0,0,0,0,0,0,0.379,0,0,0.173,0.252,0,0,0,0,0,0,0,0,0,0,0,0,0,0,0,0,0,0,0,0,0,0,0,0,0,0,0,0,0,0,0,0,0,0,0,0,0,0,0,0,0,0,0,0,0,0,0,0,0,0,0,0,0,0,0,0,0,0,0,0,0,0,0,0,0,0,0,0,0,0,0,0,0,0,0,0,0,0,0,0,0
